attr_1,attr_2,attr_3,attr_4,attr_5,attr_6,attr_7,attr_8,attr_9,attr_10,attr_11,attr_12,attr_13,attr_14,attr_15,attr_16,attr_17,attr_18,attr_19,attr_20,attr_21
7,20,4,0,1,0,3,1,0,2,1,1,1,5,0,1,0,7,8,11,1
5,22,0,1,1,0,3,0,0,0,1,1,1,0,0,1,0,6,2,11,1
10,18,4,0,1,0,3,0,0,2,1,1,1,7,0,1,0,5,11,9,1
11,18,4,0,1,3,3,0,1,0,1,1,1,0,2,3,0,6,2,13,0
12,20,4,1,1,0,3,1,0,2,1,1,1,8,2,1,0,6,7,12,1
14,18,4,1,1,0,3,3,0,0,1,1,1,0,2,7,0,6,8,9,1
0,13,4,0,0,0,3,0,0,15,0,0,1,0,0,0,5,0,0,2,0
3,18,4,0,1,4,3,3,1,11,1,1,1,5,0,3,0,4,10,4,1
8,15,0,0,1,0,3,3,0,8,1,1,1,7,0,1,0,6,4,7,1
0,18,4,1,1,0,3,3,0,2,1,1,1,0,0,1,0,2,2,3,1
6,13,4,0,1,0,3,0,0,2,1,1,1,0,0,1,5,0,0,0,0
2,15,4,0,1,0,3,0,0,2,1,1,1,0,0,1,0,6,8,12,1
1,15,2,0,1,0,3,0,0,16,1,1,1,0,0,1,5,2,0,2,0
9,19,4,1,1,4,3,0,1,12,1,1,1,5,0,1,0,6,7,10,1
12,18,4,1,1,0,3,0,0,5,1,1,1,7,2,0,5,0,0,0,1
15,19,4,1,1,0,3,3,0,12,1,1,1,0,2,2,0,6,6,10,1
7,17,4,0,1,0,3,0,0,0,1,1,1,7,0,0,5,0,0,0,1
14,23,0,1,1,4,3,0,1,0,1,1,1,0,2,1,0,8,11,11,0
11,15,4,0,1,0,3,3,0,16,1,1,1,0,2,0,5,0,0,0,1
0,18,4,0,1,0,3,0,0,2,1,1,1,0,0,3,2,4,0,4,1
6,20,0,1,1,0,3,1,0,0,1,1,1,0,0,1,0,1,1,6,1
12,20,0,1,1,0,3,3,0,1,1,1,1,8,2,0,5,0,0,0,1
15,22,0,0,1,0,3,0,0,1,1,1,1,0,2,1,1,9,0,11,1
9,20,0,1,1,3,3,2,1,1,1,1,1,8,0,1,0,3,6,10,1
8,21,4,1,1,0,3,1,0,2,1,1,1,8,0,1,0,4,6,3,1
5,18,4,1,1,0,3,0,0,10,1,1,1,8,0,1,0,6,10,6,0
2,17,4,1,1,0,3,1,0,2,1,1,1,8,0,1,0,7,2,12,1
12,18,4,0,1,0,3,0,0,0,1,1,1,5,2,7,0,6,3,13,1
13,19,0,0,1,0,3,0,0,0,1,1,1,0,2,1,0,6,4,14,1
14,23,2,0,1,0,2,1,0,5,1,1,1,0,2,6,0,8,4,13,1
11,20,0,1,1,0,3,1,0,1,1,1,1,0,2,1,0,3,4,14,0
11,11,0,0,1,0,3,0,0,15,1,1,1,7,2,1,2,9,0,0,1
3,18,4,1,0,0,3,0,0,16,1,1,0,0,0,1,5,2,0,4,0
6,20,4,0,1,0,3,0,0,11,1,1,1,5,0,4,0,6,6,12,0
3,15,0,1,1,4,3,0,1,1,1,1,1,7,0,1,0,6,2,8,1
5,12,4,0,1,2,3,3,0,2,1,1,1,8,0,1,0,6,5,12,1
0,18,4,1,1,0,3,0,0,2,1,1,1,7,0,1,0,6,3,9,1
6,19,4,0,1,0,3,0,0,2,1,1,1,0,0,1,0,6,6,11,1
15,18,4,0,1,3,3,0,1,2,1,1,1,0,2,1,0,6,2,5,1
0,16,4,0,1,0,3,0,0,2,1,1,1,5,0,9,2,0,0,0,1
6,20,4,1,1,4,3,0,1,2,1,1,1,0,0,1,0,1,2,5,0
7,18,4,0,1,0,3,1,0,11,1,1,1,0,0,1,2,0,0,0,1
13,18,0,0,1,4,3,0,1,1,1,1,1,5,2,5,0,6,2,10,1
7,20,4,0,1,0,3,0,0,2,1,1,1,0,0,1,0,7,2,13,1
6,19,4,0,1,0,3,0,0,2,1,1,1,0,0,1,0,6,0,9,1
2,19,4,1,1,4,3,3,1,0,1,1,1,0,0,1,0,3,6,3,1
2,18,4,0,1,4,3,0,1,4,1,1,1,0,0,1,0,1,4,1,0
6,19,4,1,1,0,3,3,0,2,1,1,1,5,0,0,5,0,0,2,1
15,15,2,1,1,0,3,3,0,2,1,1,1,0,2,1,0,6,6,8,1
7,18,4,0,1,0,3,0,0,0,1,1,1,0,0,1,1,9,0,11,1
5,18,4,1,1,0,3,0,0,11,1,1,1,0,0,2,0,1,1,4,0
6,20,4,0,1,0,3,0,0,2,1,1,1,0,0,4,0,6,8,12,1
4,16,4,0,1,0,3,0,0,15,1,1,1,4,0,1,5,5,0,3,1
6,18,4,1,1,0,3,0,0,0,1,1,1,7,0,1,0,2,2,4,1
1,13,4,1,1,0,3,0,0,11,1,1,1,0,0,1,5,4,0,2,1
6,19,4,0,1,0,3,1,0,0,1,1,1,0,0,1,0,8,3,12,0
7,15,4,0,1,0,3,0,0,0,1,1,1,0,0,1,0,6,3,5,1
13,20,4,0,1,0,3,1,0,0,1,1,1,0,2,1,0,9,2,14,1
7,15,4,1,1,4,3,0,1,0,1,1,1,0,0,1,0,4,4,1,0
4,16,4,0,1,0,3,3,0,15,1,1,1,4,0,1,5,3,0,1,0
0,18,4,1,1,0,3,0,0,2,1,1,1,0,0,0,5,0,0,0,1
15,19,4,0,1,0,3,0,0,12,1,1,1,0,2,3,0,6,10,3,0
4,15,2,0,1,0,3,1,0,0,1,1,1,0,0,1,0,6,1,8,1
5,15,4,1,1,0,3,3,0,11,1,1,1,0,0,1,0,6,1,6,1
7,20,4,1,1,0,3,0,0,2,1,1,1,5,0,3,0,1,4,2,1
12,19,0,1,1,3,3,3,1,1,1,1,1,1,2,1,0,3,8,8,1
6,20,4,1,1,0,3,1,0,0,1,1,1,7,0,1,0,6,8,11,0
5,20,4,0,1,0,1,0,0,0,1,1,1,0,0,5,0,8,2,10,1
14,8,4,1,1,4,3,3,1,11,1,1,1,0,2,1,5,0,0,4,1
14,22,4,0,1,4,3,0,1,0,1,1,1,5,0,2,0,7,3,14,1
2,18,4,1,0,0,3,0,0,2,1,1,1,7,0,1,5,2,0,4,1
13,15,0,0,1,4,3,0,1,1,1,1,1,0,2,1,0,8,2,11,0
0,18,4,0,1,0,3,0,0,16,1,1,1,1,0,1,0,4,1,2,1
14,19,0,1,1,0,3,1,0,1,1,1,1,4,2,3,0,5,7,10,1
0,18,4,1,1,0,3,1,0,2,1,1,1,5,0,0,5,0,0,1,1
4,20,4,0,1,0,3,0,0,0,1,1,1,0,0,0,5,0,0,0,1
4,15,4,0,1,0,3,0,0,0,1,1,1,7,0,1,0,6,3,9,1
15,21,0,1,1,4,3,0,1,1,1,1,1,0,2,1,0,6,7,12,1
3,14,4,1,0,0,3,1,0,2,1,1,0,8,0,0,5,0,0,5,1
8,15,0,0,1,3,1,0,1,0,1,1,1,8,0,1,0,6,10,10,1
4,20,4,1,1,0,3,0,0,2,1,1,1,8,0,1,0,6,4,9,1
11,16,4,0,1,0,3,0,0,2,1,1,1,5,2,1,0,9,10,14,1
6,19,4,1,1,0,3,0,0,12,1,1,1,0,0,0,5,0,0,0,1
3,15,4,0,1,0,3,3,0,2,1,1,1,0,0,1,5,0,0,0,1
2,14,4,0,1,4,3,0,1,2,1,1,1,0,0,1,2,2,0,5,1
2,17,4,0,1,0,3,0,0,15,1,1,1,0,0,0,5,0,0,0,0
7,20,4,0,1,0,3,0,0,2,1,1,1,0,0,2,0,6,2,9,1
14,14,0,0,1,4,3,0,1,0,1,1,1,5,2,0,5,0,0,0,1
13,21,0,0,1,4,3,3,1,1,1,1,1,0,2,1,0,9,10,14,1
12,15,4,0,0,0,3,1,0,0,1,1,0,0,2,1,0,3,3,6,1
5,12,0,0,1,4,3,3,1,1,1,1,1,7,0,1,0,6,4,5,1
10,15,4,0,1,0,3,0,0,2,1,1,1,0,0,1,0,6,3,9,1
10,20,4,1,1,3,3,0,1,0,1,1,1,0,0,2,0,6,4,10,0
0,15,4,0,1,3,3,3,1,3,1,1,1,0,0,1,0,2,2,6,1
15,20,4,0,1,0,3,1,0,11,1,1,1,0,2,1,2,6,0,14,1
14,14,0,1,1,0,3,0,0,9,1,1,1,0,2,1,5,2,0,1,1
8,15,0,0,1,0,3,0,0,8,1,1,1,7,0,4,2,6,0,10,1
15,23,0,1,1,0,3,0,0,0,1,1,1,0,2,1,0,8,11,13,1
12,20,0,1,1,3,3,0,1,1,1,1,1,7,2,5,4,6,4,11,0
15,23,0,0,1,0,3,0,0,0,1,1,1,0,2,2,0,8,8,13,0
4,18,4,1,1,0,3,0,0,0,1,1,1,0,0,1,0,4,2,5,0
5,18,4,0,1,0,3,1,0,0,1,1,1,0,0,2,0,4,2,6,0
8,20,4,1,1,0,3,0,0,11,1,1,1,7,0,1,0,6,3,10,1
4,18,4,0,1,0,3,0,0,2,1,1,1,0,0,6,0,3,4,2,1
7,19,4,0,1,0,3,0,0,2,1,1,1,0,0,3,0,6,4,9,0
12,15,0,1,1,0,3,3,0,1,1,1,1,0,2,1,5,0,0,0,1
9,13,4,0,1,0,3,3,0,14,1,1,1,0,0,1,0,6,4,13,1
11,13,4,1,1,2,3,0,1,0,1,1,1,5,2,6,0,1,4,2,1
10,20,0,0,1,0,3,0,0,1,1,1,1,7,0,1,0,6,6,11,1
11,18,0,0,1,0,3,0,0,1,1,1,1,0,2,1,0,4,2,7,1
10,14,0,1,1,0,3,3,0,15,1,1,1,7,0,1,5,0,0,0,1
1,19,4,0,1,0,3,3,0,11,1,1,1,0,0,1,0,6,6,6,0
12,20,4,0,1,0,3,0,0,2,1,1,1,0,2,1,0,8,11,12,1
15,21,0,1,1,4,3,0,1,1,1,1,1,0,2,0,5,0,0,0,1
14,21,0,1,1,4,3,0,1,1,1,1,1,0,2,6,0,6,0,13,0
14,21,0,1,1,4,3,0,1,1,1,1,1,5,2,0,5,0,0,0,0
13,15,4,0,0,0,3,0,0,2,1,1,0,7,2,1,0,6,6,9,1
15,9,4,0,0,0,3,1,0,12,1,0,1,5,2,2,0,8,0,4,0
14,22,4,0,1,4,3,3,1,0,1,0,1,5,0,2,0,6,0,11,1
2,18,4,0,1,0,3,1,0,2,1,1,1,0,0,1,0,1,2,4,1
10,12,4,0,1,2,3,0,0,2,1,1,1,0,0,1,0,6,3,12,1
6,15,4,0,1,0,1,3,0,14,1,1,1,0,0,1,0,6,8,10,1
5,18,4,0,1,0,3,0,0,11,1,1,1,1,0,1,0,8,10,4,1
1,18,4,1,1,0,3,0,0,14,1,1,1,0,0,1,0,2,6,2,1
15,18,4,0,1,0,3,0,0,0,1,1,1,8,2,3,0,6,2,9,1
13,11,2,0,0,4,3,0,1,15,1,1,1,0,2,1,5,6,0,2,1
11,21,0,0,1,4,3,0,1,0,1,1,1,5,2,1,0,6,10,14,1
8,18,4,0,1,0,3,3,0,11,1,1,1,0,0,1,0,8,6,8,1
7,11,4,0,1,0,3,0,0,11,1,1,1,0,0,6,0,6,3,10,1
12,18,4,0,1,0,3,0,0,11,1,1,1,1,2,1,5,0,0,1,1
4,12,4,1,0,4,3,0,1,16,1,1,1,5,0,0,5,0,0,4,0
3,20,4,1,1,0,3,1,0,0,1,1,1,0,0,1,0,1,8,5,1
4,20,4,1,1,0,3,0,0,11,1,1,1,8,0,1,0,6,3,9,0
6,20,4,0,1,0,3,0,0,14,1,1,1,0,0,1,0,2,0,6,1
4,20,4,1,1,0,3,0,0,0,1,1,1,7,0,0,5,0,0,0,1
3,18,4,1,1,4,3,3,1,0,1,1,1,5,0,1,5,6,0,2,0
9,21,0,0,1,0,3,0,0,0,1,1,1,0,0,1,0,6,4,13,1
8,20,0,1,1,0,3,0,0,0,1,1,1,0,0,2,0,8,8,13,1
5,20,4,0,1,2,3,3,0,2,1,1,1,7,0,4,0,2,10,3,1
15,20,0,0,1,0,3,3,0,10,1,1,1,0,2,1,0,9,0,13,1
1,14,4,0,1,4,3,3,1,2,1,1,1,0,0,1,0,6,5,5,1
12,15,0,0,1,0,3,0,0,0,1,1,1,7,2,1,0,6,6,11,1
7,18,4,0,1,0,3,1,0,2,1,1,1,8,0,1,0,6,6,10,1
10,18,4,0,1,0,3,0,0,2,1,1,1,1,0,1,0,6,4,11,1
4,17,4,0,1,0,3,1,0,2,1,1,1,0,0,1,0,6,2,5,1
2,18,4,1,1,0,3,0,0,2,1,1,1,0,0,1,0,4,2,4,1
12,15,0,1,1,4,3,0,1,1,1,1,1,7,2,1,5,0,0,0,1
6,20,4,1,1,3,3,0,1,11,1,1,1,5,0,1,5,2,0,5,0
8,21,4,1,1,0,3,2,0,0,1,1,1,0,0,9,2,2,0,1,1
0,18,4,1,1,0,3,1,0,7,1,1,1,0,0,1,0,2,11,3,1
9,15,4,0,1,0,3,3,0,12,1,1,1,0,0,1,0,6,7,9,0
2,18,4,0,1,3,3,0,1,2,1,1,1,5,0,0,5,0,0,0,1
7,15,4,0,1,0,3,3,0,2,1,1,1,0,0,0,5,0,0,0,1
7,15,0,0,1,0,3,0,0,2,1,1,1,0,0,3,1,9,0,10,0
5,12,3,0,1,0,3,0,0,0,1,1,1,7,0,1,0,6,4,4,1
5,15,4,0,1,4,3,0,1,0,1,1,1,5,0,0,5,0,0,0,0
6,20,0,1,1,0,3,1,0,0,1,1,1,8,0,1,0,6,6,13,0
14,20,4,1,1,0,3,0,0,2,1,1,1,0,2,2,0,4,1,10,1
0,18,4,0,1,0,3,3,0,11,1,1,1,0,0,1,0,3,4,5,0
1,18,4,1,1,0,3,1,0,11,1,1,1,0,0,1,5,5,0,5,1
15,18,0,1,1,0,3,3,0,0,1,1,1,7,2,0,5,0,0,0,1
13,20,0,1,1,3,3,1,1,0,1,1,1,8,2,1,0,8,6,10,1
4,17,4,0,1,3,3,0,1,2,1,1,1,0,0,1,0,6,3,12,1
5,20,0,1,1,1,3,2,1,9,1,1,1,0,0,2,0,2,10,0,0
2,20,4,1,1,2,3,1,0,0,1,1,1,0,0,1,0,5,3,14,0
7,4,0,0,1,4,3,1,1,11,1,1,1,7,0,3,0,7,5,0,1
8,19,4,0,1,0,3,1,0,12,1,1,1,0,0,1,5,0,0,0,0
9,15,0,1,1,4,3,3,1,1,1,1,1,7,0,1,0,6,6,8,1
11,20,0,1,1,4,3,0,1,1,1,1,1,5,2,0,5,0,0,0,1
14,14,0,1,1,0,3,0,0,0,1,1,1,0,2,0,5,0,0,0,1
13,15,4,0,1,4,3,0,1,15,1,1,1,5,2,1,5,0,0,0,1
13,21,4,1,1,0,3,3,0,1,1,1,1,0,2,8,5,0,0,0,1
4,18,4,1,1,0,3,0,0,11,1,1,1,2,0,1,0,6,4,6,0
14,15,0,1,1,4,3,0,1,1,1,1,1,0,2,1,0,6,6,12,1
14,17,0,0,1,0,3,0,0,0,1,1,1,1,2,4,2,6,0,10,1
15,23,0,0,1,0,3,3,0,1,1,1,1,0,2,1,0,6,8,13,0
1,18,4,1,1,4,3,0,1,11,1,1,1,5,0,0,5,0,0,0,0
8,18,0,1,1,0,3,0,0,0,1,1,1,7,0,1,0,8,4,6,1
9,20,4,1,1,0,3,0,0,2,1,1,1,7,0,1,0,6,10,8,1
3,15,4,0,1,0,3,0,0,2,1,1,1,0,0,1,0,4,1,5,1
3,15,0,1,1,0,3,3,0,2,1,1,1,7,0,0,5,0,0,0,1
15,20,0,1,1,4,3,0,1,1,1,1,1,5,2,0,5,0,0,0,1
11,19,4,0,1,0,1,1,0,0,1,1,1,8,2,5,5,6,0,10,1
15,18,0,1,0,0,1,1,0,1,1,0,1,8,2,4,5,0,0,2,1
9,20,4,1,1,0,3,0,0,2,1,1,1,0,0,1,0,6,5,14,1
12,19,4,1,1,0,3,3,0,2,1,1,1,0,2,6,0,4,0,2,1
9,17,4,0,1,4,3,0,1,2,1,1,1,0,0,1,0,6,6,8,1
7,15,4,1,1,0,3,0,0,2,1,1,1,0,0,0,5,0,0,0,1
13,20,0,1,1,4,3,0,1,1,1,1,1,0,2,1,5,0,0,0,1
13,21,4,1,1,0,3,1,0,0,1,1,1,5,2,1,0,9,6,14,1
7,18,0,1,1,0,3,0,0,2,1,1,1,1,0,0,5,0,0,0,1
4,15,4,0,1,4,3,0,1,2,1,1,1,0,0,1,0,1,6,6,1
4,20,4,0,1,0,3,1,0,2,1,1,1,8,0,1,0,6,2,11,0
0,18,4,1,1,0,3,0,0,2,1,1,1,7,0,1,0,1,4,2,1
11,20,4,1,1,0,3,0,0,0,1,1,1,7,2,3,0,8,11,11,1
12,20,4,1,1,0,3,1,0,0,1,1,1,8,2,1,0,6,3,12,1
13,22,4,0,1,3,3,3,1,5,1,1,1,0,2,1,0,9,9,14,1
5,20,0,1,0,0,3,0,0,1,1,1,1,0,2,5,5,0,0,0,1
14,20,4,1,0,0,3,3,0,0,1,1,0,1,2,1,0,6,3,5,1
6,18,4,0,1,0,1,0,0,0,1,1,1,0,0,5,0,6,8,10,0
2,18,4,0,1,0,3,3,0,4,1,1,1,0,0,1,0,4,3,9,1
8,20,0,0,1,0,3,1,0,0,1,1,1,5,0,1,2,0,0,0,1
15,20,0,1,1,0,3,1,0,0,1,1,1,0,2,4,0,6,4,13,1
2,18,4,0,0,0,3,0,0,2,1,1,1,7,0,1,0,2,4,2,1
8,15,4,1,1,0,3,3,0,2,1,1,1,0,0,1,0,6,8,6,1
5,18,4,1,1,0,3,0,0,0,1,1,1,1,0,1,0,3,3,4,1
3,15,4,0,1,0,3,0,0,0,1,1,1,0,0,1,0,6,1,9,1
15,20,0,1,1,0,3,1,0,2,1,1,1,0,2,3,2,6,0,5,1
8,20,4,0,1,0,3,1,0,0,1,1,1,1,0,4,0,6,6,11,1
11,8,0,0,1,4,3,0,1,4,1,1,1,0,2,0,5,0,0,1,1
14,21,0,1,1,0,3,0,0,0,1,1,1,0,2,1,0,6,1,13,0
9,17,4,0,1,0,3,0,0,2,1,1,1,1,0,1,0,6,8,11,1
12,13,4,0,1,0,3,0,0,15,1,1,1,7,2,0,5,0,0,0,1
6,17,4,0,1,0,3,0,0,2,1,1,1,0,0,1,0,6,8,12,1
2,15,4,0,1,0,3,3,0,2,1,1,1,8,0,1,2,2,0,5,1
6,18,4,1,1,0,3,1,0,2,1,1,1,0,0,0,5,0,0,4,1
15,18,0,0,1,3,3,1,1,0,1,1,1,0,2,1,5,6,0,3,1
1,18,4,1,1,0,3,0,0,2,1,1,1,1,0,1,0,1,1,1,1
4,20,4,0,1,0,3,1,0,11,1,1,1,0,0,1,0,4,3,13,1
15,20,0,1,1,4,3,0,1,1,1,1,1,5,2,0,5,0,0,0,1
9,18,1,1,1,0,3,1,0,4,1,1,1,0,0,4,0,9,2,9,1
11,17,0,1,1,4,3,0,1,8,1,1,1,5,2,1,0,3,3,8,0
10,20,4,1,1,0,3,0,0,2,1,1,1,0,0,1,0,4,3,4,1
2,15,4,1,1,0,3,0,0,2,1,1,1,7,0,0,5,0,0,0,1
10,15,4,0,1,3,3,3,1,2,1,1,1,8,0,1,0,5,2,3,1
5,20,4,1,1,4,3,0,1,9,1,1,1,0,0,1,0,6,2,3,1
15,19,4,0,0,0,1,3,0,9,0,1,1,4,2,1,0,9,8,10,1
1,18,4,0,1,0,0,3,0,16,1,1,1,0,0,5,3,5,9,7,0
0,18,4,1,1,0,3,0,0,2,1,1,1,7,0,1,0,6,2,6,1
13,20,0,1,1,4,3,0,1,1,1,1,1,0,2,1,0,4,7,6,1
10,14,4,0,1,0,3,3,0,12,1,1,1,0,0,1,0,8,5,12,0
2,17,4,0,1,2,3,3,0,2,1,1,1,5,0,1,5,0,0,0,1
0,17,4,1,1,0,3,0,0,2,1,1,1,7,0,3,0,2,4,4,1
9,18,4,1,1,0,3,0,0,0,1,1,1,0,0,1,5,0,0,0,0
5,15,4,0,1,0,3,0,0,2,1,1,1,0,0,0,5,0,0,0,1
6,20,4,1,1,3,3,0,1,11,1,1,1,0,0,1,0,6,8,5,1
4,18,4,0,1,0,3,0,0,9,1,1,1,0,0,1,0,6,8,12,1
0,13,4,0,1,0,3,0,0,15,1,1,1,0,0,0,5,0,0,0,1
9,15,0,1,1,3,3,0,1,0,1,1,1,0,0,3,0,6,8,6,1
6,9,4,0,0,4,3,1,1,12,1,1,1,7,0,9,2,0,0,0,1
0,18,4,1,1,0,3,0,0,16,1,1,1,5,0,0,5,0,0,0,0
13,18,4,1,1,0,3,0,0,12,1,1,1,0,2,3,0,6,2,12,1
1,18,4,0,1,0,3,0,0,2,1,1,1,0,0,2,0,2,3,2,1
3,15,4,0,1,3,3,0,1,2,1,1,1,5,0,1,0,6,4,10,1
14,19,4,0,1,0,3,1,0,2,1,1,1,0,2,1,0,6,5,11,1
12,16,0,0,1,4,3,0,1,1,1,1,1,7,2,1,0,7,1,11,1
15,9,0,0,0,0,3,1,0,12,1,1,0,7,2,0,5,0,0,0,0
1,15,4,0,0,0,3,0,0,2,1,1,0,0,0,0,5,0,0,0,1
5,20,0,1,1,0,3,0,0,1,1,1,1,0,0,1,0,6,6,6,1
4,19,4,1,1,0,3,0,0,2,1,1,1,0,0,1,0,6,3,6,1
7,20,0,1,1,0,3,1,0,0,1,1,1,8,0,1,0,6,0,9,1
0,15,4,1,1,0,3,0,0,2,1,1,1,0,0,0,5,0,0,2,1
14,15,4,0,1,0,3,3,0,0,1,1,1,7,2,0,5,0,0,5,1
5,15,4,1,1,0,3,0,0,10,1,1,1,7,0,4,0,6,5,3,1
10,20,0,1,1,0,3,0,0,1,1,1,1,0,0,3,1,6,0,10,0
1,15,4,0,0,0,3,1,0,2,1,1,0,0,0,1,0,3,3,3,0
0,18,4,0,1,0,3,0,0,2,1,1,1,0,0,0,5,0,0,0,1
10,19,0,1,1,0,3,0,0,8,1,1,1,0,0,1,0,3,3,11,1
5,17,4,0,1,0,0,1,0,16,1,1,1,0,0,5,3,9,2,6,1
15,18,4,1,1,0,3,3,0,4,1,1,1,7,2,1,0,4,6,9,1
15,17,0,1,1,0,3,3,0,1,1,1,1,0,2,1,0,6,8,8,1
8,18,4,0,1,0,3,0,0,2,1,1,1,0,0,1,0,6,4,11,1
12,17,0,1,1,0,3,1,0,1,1,1,1,0,2,6,1,4,0,10,1
3,19,4,0,1,0,3,1,0,16,1,1,1,5,0,0,5,0,0,0,1
7,20,4,0,1,4,3,1,1,0,1,1,1,0,0,1,0,9,10,14,0
0,18,4,1,1,0,3,0,0,16,1,1,1,0,0,1,0,6,8,5,1
4,21,4,0,1,0,3,0,0,0,1,1,1,0,0,2,0,9,3,12,0
1,15,4,0,1,3,3,0,1,16,1,1,1,5,0,1,5,1,0,4,0
6,18,4,1,1,0,3,1,0,0,1,1,1,8,0,1,0,1,2,7,1
14,23,0,1,1,4,3,0,1,1,1,1,1,5,2,1,0,6,5,14,1
10,19,4,1,1,0,3,0,0,11,1,1,1,0,0,1,0,6,4,11,1
7,18,4,0,1,0,3,0,0,2,1,1,1,0,0,1,0,6,3,9,1
13,13,4,0,1,0,3,0,0,15,1,1,1,0,2,1,5,6,0,9,1
1,18,4,0,1,4,3,0,1,2,1,1,1,8,0,1,0,1,3,2,1
11,10,4,0,1,0,0,0,0,16,1,1,1,0,2,5,3,8,3,8,0
12,21,0,1,1,0,3,1,0,0,1,1,1,0,2,1,0,6,6,14,1
8,20,4,1,0,0,3,1,0,2,1,1,0,0,0,1,0,3,5,8,1
6,20,4,1,1,0,3,1,0,2,1,1,1,0,0,1,0,6,11,11,1
0,18,4,0,1,0,3,3,0,5,1,1,1,0,0,1,0,1,3,6,1
12,23,4,1,1,0,3,0,0,5,0,1,1,5,2,1,0,6,8,11,1
15,20,4,1,1,3,3,0,1,2,1,1,1,5,2,1,0,4,2,4,1
6,20,4,1,1,0,3,1,0,11,1,1,1,0,0,2,0,6,3,10,0
0,18,4,1,1,0,3,0,0,2,1,1,1,0,0,0,5,0,0,0,1
1,15,4,1,1,0,3,0,0,16,1,1,1,0,0,1,0,6,1,6,1
0,15,4,1,1,0,3,2,0,2,1,1,1,0,0,1,0,2,10,1,1
7,15,4,0,1,0,3,0,0,14,1,1,1,7,0,1,0,6,8,8,1
6,21,4,1,1,0,3,0,0,11,1,1,1,5,0,1,0,6,8,14,1
8,18,4,0,1,0,3,0,0,0,1,1,1,7,0,4,0,6,4,7,1
6,15,0,1,1,4,3,0,1,1,1,1,1,5,0,1,1,4,0,6,0
5,20,4,1,1,2,3,1,0,2,1,1,1,8,0,4,0,5,10,12,1
10,18,4,1,1,0,3,1,0,5,1,1,1,0,0,1,0,6,3,6,1
0,18,4,0,1,0,3,0,0,16,1,1,1,1,0,0,5,0,0,4,1
0,15,4,1,1,4,3,0,1,2,1,1,1,5,0,0,5,0,0,0,0
9,18,0,1,1,0,3,0,0,4,1,1,1,0,0,1,0,6,8,7,1
13,21,0,0,1,4,3,0,1,0,1,1,1,0,2,1,0,9,8,14,1
9,18,4,1,1,4,3,0,1,0,1,1,1,5,0,1,0,7,3,12,1
13,19,4,1,1,0,3,3,0,12,1,1,1,0,2,1,0,3,9,11,0
3,18,0,1,1,0,3,1,0,2,1,1,1,8,0,2,0,2,2,5,1
15,22,4,0,1,0,3,0,0,0,1,1,1,0,2,3,0,7,2,13,1
13,20,0,0,1,3,3,0,1,1,1,1,1,0,2,1,0,6,6,10,1
12,18,4,1,1,0,3,0,0,0,1,1,1,0,2,2,0,9,6,11,1
8,15,3,0,1,0,3,0,0,0,1,1,1,0,0,6,0,7,0,3,0
9,21,4,0,1,0,3,3,0,0,1,1,1,0,0,1,0,9,6,14,1
12,15,0,1,1,4,3,0,1,1,1,1,1,0,2,0,5,0,0,0,1
15,19,4,0,1,0,3,3,0,2,1,1,1,0,2,1,0,6,8,6,1
3,15,4,1,1,0,3,0,0,2,1,1,1,7,0,1,0,6,3,5,1
9,20,4,1,1,0,3,1,0,2,1,1,1,0,0,1,0,6,6,12,1
1,18,4,0,1,0,3,0,0,11,1,1,1,7,0,1,5,2,0,2,1
7,20,4,1,1,3,3,0,1,0,1,1,1,5,0,2,0,6,4,12,1
14,15,0,1,1,4,3,0,1,1,1,1,1,0,2,0,5,0,0,0,1
5,20,0,0,1,0,3,1,0,2,1,1,1,8,0,1,0,4,6,6,1
2,15,4,0,1,0,3,1,0,0,1,1,1,8,0,1,0,7,4,12,0
3,15,4,1,1,0,3,1,0,12,1,1,1,0,0,1,0,5,2,5,0
0,15,4,0,1,0,3,1,0,2,1,1,1,8,0,9,2,0,0,0,0
12,18,4,0,1,0,3,0,0,2,1,1,1,7,2,1,0,6,6,8,1
3,15,4,1,1,0,3,1,0,2,1,1,1,7,0,1,0,1,4,2,1
4,15,4,0,1,0,3,3,0,2,1,1,1,7,0,1,0,4,6,9,1
3,20,4,0,1,0,3,0,0,2,1,1,1,5,0,1,0,6,4,9,1
9,20,0,1,1,0,3,0,0,1,1,1,1,5,0,1,0,8,10,13,1
0,15,4,1,0,0,3,0,0,2,1,1,0,0,0,1,5,0,0,0,0
6,21,4,0,1,0,3,0,0,11,1,1,1,5,0,1,0,6,2,13,1
5,15,4,0,1,0,3,3,0,15,1,1,1,1,0,0,5,0,0,0,0
9,18,4,1,1,0,3,0,0,11,1,1,1,8,0,1,0,7,7,7,0
13,20,0,1,1,4,3,1,1,1,1,1,1,0,2,5,0,6,4,10,1
13,20,0,1,1,0,3,0,0,1,1,1,1,0,2,2,0,2,1,3,1
7,18,4,0,1,0,3,1,0,5,1,1,1,0,0,1,2,6,0,8,1
4,15,4,0,1,4,3,0,1,0,1,1,1,0,0,1,0,6,2,3,1
15,21,0,0,1,4,0,0,1,0,1,1,1,0,2,5,3,6,9,14,1
7,20,4,0,1,0,3,2,0,0,1,1,1,0,0,1,0,6,6,14,0
1,17,4,0,1,0,3,0,0,7,1,1,1,2,0,9,2,3,1,5,1
12,15,0,1,1,4,3,0,1,0,1,1,1,0,2,1,0,4,4,6,1
12,16,4,0,1,0,3,0,0,2,1,1,1,0,2,1,0,7,2,10,0
6,13,4,0,1,0,3,0,0,7,1,1,1,0,0,1,5,0,0,6,1
12,18,0,0,1,4,3,0,1,9,1,1,1,5,2,1,0,6,3,10,1
12,16,0,1,1,0,3,0,0,0,1,1,1,0,2,1,0,7,2,10,1
5,18,4,0,1,0,3,0,0,2,1,1,1,0,0,1,0,5,10,2,1
9,15,0,0,1,0,3,0,0,2,1,1,1,5,0,1,0,6,5,7,1
1,18,4,0,1,0,3,1,0,2,1,1,1,0,0,1,5,6,0,2,1
7,21,4,0,1,0,3,3,0,7,1,1,1,0,0,2,0,6,11,9,1
3,15,4,0,1,0,0,0,0,16,1,1,1,0,0,5,3,9,1,6,0
0,18,4,1,1,0,3,1,0,10,1,1,1,0,0,1,0,9,0,1,0
4,19,4,1,1,0,3,1,0,0,1,1,1,0,0,1,0,6,5,12,1
3,17,4,0,1,3,3,0,1,2,1,1,1,7,0,1,0,6,6,6,1
11,18,4,1,1,3,3,3,1,2,1,1,1,5,2,1,0,3,2,5,0
15,20,4,0,1,3,3,0,1,0,1,1,1,5,2,1,0,6,8,14,1
2,14,4,0,1,0,3,3,0,2,1,1,1,5,0,1,0,2,7,6,1
15,15,0,1,1,4,3,0,1,1,1,1,1,0,2,0,5,0,0,4,1
2,15,4,1,1,0,3,3,0,0,1,1,1,0,0,9,2,3,0,0,1
11,20,0,1,1,0,1,1,0,1,1,1,1,0,2,1,0,6,3,12,1
0,17,4,1,1,0,3,0,0,16,1,1,1,0,0,0,5,0,0,0,0
0,18,4,1,1,0,3,0,0,2,1,1,1,0,0,0,5,0,0,0,1
8,13,4,0,1,0,3,0,0,2,1,1,1,0,0,1,5,4,0,4,1
2,18,4,1,1,0,3,1,0,0,1,1,1,8,0,1,0,5,1,6,1
0,17,4,1,1,0,3,0,0,16,1,1,1,7,0,0,5,0,0,0,0
1,19,4,1,1,0,3,0,0,2,1,1,1,0,0,0,5,0,0,0,1
2,16,4,0,1,0,3,1,0,2,1,1,1,8,0,1,5,2,0,4,1
13,21,0,0,1,2,0,0,0,0,1,1,1,5,2,5,0,9,6,14,0
14,8,0,0,1,4,3,0,1,16,1,1,1,0,2,1,5,0,0,1,0
3,18,4,0,1,0,3,3,0,2,1,1,1,0,0,1,0,4,1,4,1
0,13,4,0,1,0,3,0,0,2,1,1,1,7,0,1,5,0,0,0,1
7,20,4,1,1,0,3,1,0,2,1,1,1,0,0,1,1,4,0,5,1
10,17,4,1,1,0,3,1,0,0,1,1,1,7,0,1,2,4,0,8,0
9,18,0,0,1,0,3,0,0,1,1,1,1,7,0,0,5,0,0,0,1
7,15,0,1,1,0,3,1,0,1,1,1,1,0,0,1,0,6,3,11,1
15,20,0,1,1,0,3,3,0,0,1,1,1,0,2,2,0,6,2,14,1
6,18,0,1,1,3,3,0,1,2,1,1,1,8,0,1,0,6,6,9,1
7,15,4,0,1,0,3,0,0,14,1,1,1,1,0,1,0,6,6,10,1
14,18,0,0,1,0,3,0,0,1,1,1,1,0,2,1,0,6,2,12,1
8,19,4,1,1,0,3,0,0,0,1,1,1,0,0,1,0,5,8,10,1
0,18,4,1,1,0,3,0,0,16,1,1,1,1,0,0,5,0,0,0,0
6,20,4,0,1,0,3,0,0,2,1,1,1,7,0,1,0,6,11,11,1
4,18,4,1,1,0,3,3,0,2,1,1,1,0,0,1,5,0,0,0,1
6,11,4,0,0,0,3,0,0,15,1,1,1,0,0,1,5,0,0,0,1
13,15,4,0,0,0,3,1,0,0,1,1,0,0,2,1,5,0,0,1,1
14,15,4,0,1,3,3,0,1,2,1,1,1,5,2,1,0,6,4,13,1
14,20,0,0,1,0,3,0,0,0,1,1,1,5,2,1,0,6,4,12,0
1,18,4,1,1,0,3,0,0,16,1,1,1,1,0,1,5,6,0,6,0
5,17,4,0,1,0,3,0,0,0,1,1,1,0,0,1,0,6,2,6,0
5,15,4,1,0,0,3,1,0,2,1,1,1,0,0,1,0,5,4,2,1
0,15,4,1,1,3,3,0,1,2,1,1,1,0,0,1,0,2,2,4,1
12,20,4,1,1,4,3,3,1,11,1,1,1,0,2,0,5,0,0,0,1
0,15,4,1,1,0,3,0,0,0,1,1,1,0,0,1,1,4,0,2,1
15,23,0,1,1,0,3,3,0,1,1,1,1,0,2,2,5,6,0,14,1
11,22,4,1,1,3,3,1,1,0,1,1,1,8,2,1,0,6,6,11,1
10,18,4,1,1,3,3,0,1,2,1,1,1,5,0,7,1,3,0,2,1
15,18,0,1,1,4,3,0,1,0,1,1,1,0,2,6,0,8,0,9,1
14,18,0,0,1,0,3,1,0,1,1,1,1,0,2,1,0,6,5,6,1
3,19,4,0,1,0,3,0,0,2,1,1,1,0,0,1,5,6,0,3,1
11,15,4,0,1,0,3,1,0,11,1,1,1,0,2,1,0,9,4,11,0
7,20,0,1,1,0,3,0,0,1,1,1,1,0,0,1,0,6,10,13,0
8,15,4,0,1,4,3,0,1,4,1,1,1,5,0,1,0,5,6,4,1
5,15,4,1,1,0,3,3,0,5,1,1,1,7,0,1,2,2,0,4,1
7,17,4,1,1,0,3,1,0,4,1,1,1,0,0,1,2,0,0,0,1
7,18,4,0,1,0,3,0,0,2,1,1,1,5,0,1,0,6,4,8,0
9,18,0,0,1,0,3,1,0,0,1,1,1,0,0,6,5,1,0,1,0
10,18,4,0,1,0,3,0,0,2,1,1,1,0,0,1,0,3,7,7,1
7,18,4,1,1,0,3,1,0,12,1,1,1,7,0,1,0,4,10,8,1
15,21,0,0,1,0,3,3,0,1,1,1,1,0,2,1,0,6,8,14,1
2,18,4,0,1,4,3,3,1,9,1,1,1,8,0,1,0,6,6,7,1
9,19,4,0,1,0,3,3,0,2,1,1,1,8,0,1,0,6,10,8,1
9,18,0,1,1,0,3,1,0,1,1,1,1,0,0,1,1,9,0,11,1
9,18,4,1,1,0,3,3,0,0,1,1,1,0,0,1,0,5,7,8,1
10,16,0,0,1,0,3,0,0,10,1,1,1,0,0,1,5,6,0,4,1
3,20,4,0,1,0,3,1,0,0,1,1,1,0,0,4,0,1,1,4,1
13,21,4,1,1,0,3,1,0,0,1,1,1,5,2,1,0,8,4,14,1
7,17,4,0,1,0,3,0,0,11,1,1,1,0,0,1,0,8,3,13,1
0,18,4,0,1,0,3,0,0,4,1,1,1,7,0,1,0,4,3,7,1
2,18,0,1,1,4,3,3,1,1,1,1,1,7,2,1,0,1,2,6,1
8,20,0,1,1,3,3,0,1,1,1,1,1,0,0,1,0,2,2,5,1
13,15,0,1,1,0,3,0,0,1,1,1,1,0,2,1,0,6,3,11,1
9,13,0,0,1,2,3,0,1,0,1,1,1,1,0,1,0,3,4,7,0
10,20,4,0,1,0,3,1,0,2,1,1,1,0,0,1,0,8,11,12,1
10,20,4,1,1,0,3,0,0,0,1,1,1,0,0,1,0,6,7,7,0
0,17,4,0,0,0,3,1,0,2,1,1,0,0,0,0,5,0,0,0,1
10,18,0,0,1,0,3,1,0,2,1,1,1,0,0,1,0,6,10,8,1
11,20,4,1,1,0,3,3,0,0,1,1,1,8,2,2,0,6,10,13,1
7,17,4,0,1,0,3,3,0,0,1,1,1,7,0,1,0,6,8,9,1
13,20,0,1,1,4,3,0,1,0,1,1,1,5,2,1,0,6,3,13,1
3,13,4,0,1,0,3,0,0,15,1,1,1,0,0,0,5,0,0,0,1
0,17,4,0,1,0,3,0,0,9,1,1,1,0,0,1,0,1,8,1,1
9,19,4,0,1,0,3,1,0,12,1,1,1,0,0,1,0,6,4,13,1
14,15,0,0,1,0,3,3,0,1,1,1,1,7,2,6,5,0,0,0,1
14,23,0,0,1,0,3,3,0,1,1,1,1,5,2,1,0,6,6,14,1
5,18,4,1,1,0,3,1,0,11,1,1,1,0,0,0,5,0,0,0,1
12,20,4,1,1,0,3,0,0,2,1,1,1,0,2,1,1,7,0,10,1
15,21,0,1,1,3,3,0,1,1,1,1,1,0,2,1,0,6,5,9,1
10,20,4,1,1,0,3,1,0,0,1,1,1,0,0,1,0,7,5,14,0
6,20,4,1,1,4,3,3,1,0,1,1,1,5,0,1,0,6,5,2,1
11,15,0,0,1,4,3,0,1,1,1,1,1,0,2,1,0,6,3,8,1
1,17,4,0,1,0,3,1,0,2,1,1,1,0,0,0,5,0,0,0,1
12,15,0,1,1,4,3,0,1,13,1,1,1,8,2,2,0,8,4,11,0
14,18,0,1,1,0,3,0,0,1,1,1,1,7,2,1,0,6,3,12,1
15,19,0,0,1,0,3,0,0,0,1,1,1,7,2,4,0,6,10,14,1
14,19,0,0,1,0,3,1,0,0,1,1,1,0,2,1,0,7,11,14,1
4,15,4,0,1,0,3,0,0,2,1,1,1,0,0,1,0,6,3,4,1
10,20,4,0,1,0,3,3,0,11,1,1,1,0,0,1,0,6,8,10,1
8,21,4,1,1,0,3,1,0,0,1,1,1,8,0,1,0,5,3,13,0
11,17,0,1,1,0,3,0,0,0,1,1,1,0,2,1,5,6,0,4,1
1,19,4,0,1,0,3,1,0,2,1,1,1,0,0,1,0,4,4,4,1
14,18,4,0,1,0,3,3,0,2,1,1,1,0,2,1,0,6,4,13,1
10,8,3,1,1,4,3,0,1,2,1,1,1,0,0,1,5,0,0,4,1
2,22,4,1,1,4,3,0,1,0,1,1,1,7,0,1,0,9,2,7,1
14,15,0,0,1,0,3,0,0,8,1,1,1,0,2,1,0,6,11,11,1
10,20,0,0,1,3,3,1,1,0,1,1,1,5,0,1,0,6,3,14,1
8,15,4,0,1,0,3,1,0,7,1,1,1,0,0,1,0,6,4,9,1
2,15,4,0,1,3,3,0,1,2,1,1,1,0,0,1,0,7,2,7,1
9,14,4,0,1,3,3,0,1,0,1,1,1,7,0,1,0,6,5,10,1
14,20,0,0,1,3,3,0,1,1,1,1,1,0,2,1,0,4,2,7,1
13,20,0,0,1,3,3,3,1,9,1,1,1,0,2,1,0,6,11,14,1
13,19,0,1,1,0,3,1,0,1,1,1,1,0,2,7,0,6,10,9,1
10,15,0,0,1,0,0,1,0,0,1,1,1,0,0,5,3,9,11,12,1
8,20,2,1,1,0,3,0,0,11,1,1,1,0,0,3,5,0,0,0,0
10,19,4,1,1,0,3,3,0,12,1,1,1,0,0,1,0,8,11,12,1
11,17,4,0,1,0,3,0,0,0,1,1,1,0,2,1,0,8,4,10,1
12,20,4,1,1,0,3,3,0,2,1,1,1,0,2,1,0,4,1,6,1
13,21,4,0,1,0,3,0,0,4,1,1,1,5,2,1,0,6,6,12,1
2,18,4,0,1,0,3,0,0,2,1,1,1,7,0,1,0,2,1,2,1
8,20,4,1,0,0,3,0,0,2,1,1,0,5,0,1,5,0,0,1,1
0,18,4,0,1,0,3,0,0,0,1,1,1,7,0,1,0,4,6,6,1
10,19,0,0,1,4,3,0,1,2,1,1,1,0,0,1,0,8,6,12,1
5,17,4,0,1,0,3,1,0,16,1,1,1,0,0,6,0,2,6,2,1
14,19,0,0,0,0,3,1,0,8,1,1,0,0,2,1,0,6,0,7,1
12,15,2,0,1,0,3,1,0,0,1,1,1,0,2,1,0,6,8,10,1
7,20,4,0,1,0,3,1,0,2,1,1,1,5,0,4,5,1,0,2,0
8,15,4,0,1,0,3,3,0,2,1,1,1,0,0,0,5,0,0,3,1
5,20,4,0,1,4,3,0,1,11,1,1,1,0,0,1,0,6,3,6,1
4,18,4,1,1,0,3,0,0,0,1,1,1,7,0,1,0,4,1,8,0
6,18,4,0,1,0,3,0,0,2,1,1,1,5,0,0,5,0,0,0,1
14,15,4,1,1,0,3,1,0,0,1,1,1,7,2,6,0,8,3,11,1
14,20,0,1,1,0,3,0,0,0,1,1,1,0,2,2,0,6,4,9,0
6,20,4,0,1,0,3,1,0,12,1,1,1,0,0,1,0,6,1,13,0
3,18,0,0,1,0,3,0,0,1,1,1,1,0,0,7,1,4,0,1,1
4,15,4,0,1,4,3,0,1,0,1,1,1,5,0,1,0,7,11,5,0
8,17,4,1,1,0,3,0,0,7,1,1,1,0,0,0,5,0,0,0,1
10,20,4,1,1,0,3,3,0,0,1,1,1,0,0,1,0,8,6,9,1
9,18,4,0,1,0,3,0,0,14,1,1,1,0,0,7,0,6,8,9,1
8,19,4,1,1,0,3,0,0,2,1,1,1,0,0,3,5,0,0,0,1
1,15,4,0,1,0,3,1,0,2,1,1,1,0,0,1,0,9,4,8,1
13,20,4,0,1,0,3,0,0,0,1,1,1,0,2,1,0,6,6,12,1
15,18,0,1,1,0,3,0,0,0,1,1,1,0,2,0,5,0,0,0,1
8,19,2,1,1,3,3,0,1,7,1,1,1,0,0,1,0,6,1,9,1
8,16,4,0,1,3,3,0,1,2,1,1,1,7,0,1,0,6,6,7,1
12,23,0,1,1,0,3,0,0,8,1,1,1,0,2,4,0,6,11,3,1
0,18,4,0,1,4,3,0,1,5,1,1,1,7,0,1,0,2,3,6,1
12,17,0,1,1,0,3,0,0,1,1,1,1,0,2,6,0,6,6,13,1
6,15,4,0,0,0,3,0,0,2,1,1,0,0,0,0,5,0,0,0,1
0,17,4,1,1,0,3,1,0,16,1,1,1,8,0,1,5,0,0,0,0
4,20,4,0,1,0,3,3,0,14,1,1,1,4,0,3,0,9,8,14,1
13,18,4,0,1,0,3,3,0,5,1,1,1,5,2,1,5,0,0,0,1
15,18,4,0,1,0,3,1,0,2,1,1,1,0,2,1,0,6,2,9,1
11,18,4,1,1,0,3,0,0,0,1,1,1,0,2,1,0,6,3,8,1
8,21,0,1,1,0,3,0,0,1,1,1,1,0,0,1,0,6,4,9,0
4,18,4,1,1,0,3,3,0,10,1,1,1,5,0,0,5,0,0,0,0
2,15,4,0,1,0,0,0,0,16,1,1,1,0,0,5,3,7,0,6,0
6,20,4,1,1,0,3,1,0,0,1,1,1,0,0,3,0,6,0,11,1
1,18,4,0,1,0,3,0,0,2,1,1,1,0,0,1,0,2,3,5,1
8,15,4,0,1,4,3,0,1,2,1,1,1,0,0,1,0,6,1,6,1
10,20,4,1,1,0,3,0,0,0,1,1,1,1,0,1,0,5,10,14,1
6,18,4,0,1,4,3,0,1,2,1,1,1,7,0,1,0,4,11,6,1
4,20,0,1,1,0,3,0,0,4,1,1,1,0,0,4,0,1,10,1,1
12,15,4,0,1,0,3,0,0,2,1,1,1,0,2,1,0,6,8,8,1
4,20,4,1,1,0,3,3,0,11,1,1,1,1,0,1,0,3,3,3,0
10,19,4,0,1,0,0,0,0,16,1,1,1,1,0,5,3,9,2,7,1
15,18,0,0,1,0,3,0,0,1,1,1,1,0,2,1,0,5,2,3,1
2,18,4,1,1,0,3,1,0,16,1,1,1,0,0,1,0,6,1,2,1
10,20,4,0,1,0,3,0,0,15,1,1,1,0,0,7,5,6,0,2,0
11,22,4,0,1,0,3,1,0,7,1,1,1,8,2,1,0,9,6,10,1
14,20,0,0,1,0,3,3,0,1,1,1,1,0,2,1,0,6,3,9,1
13,12,4,0,1,0,3,0,0,15,1,1,1,1,2,1,5,0,0,1,1
7,17,0,1,1,0,3,3,0,1,1,1,1,0,0,1,0,6,6,10,1
6,11,4,1,1,4,3,0,1,11,1,1,1,0,0,1,0,6,1,10,1
13,21,0,1,1,4,3,0,1,1,1,1,1,5,2,1,1,6,0,11,0
6,19,4,0,1,3,3,0,1,2,1,1,1,5,0,0,5,0,0,0,1
13,11,4,0,1,0,3,3,0,11,1,1,1,0,2,1,0,9,10,14,1
11,19,4,0,1,0,3,1,0,0,1,1,1,5,2,7,2,1,0,5,1
2,17,4,0,1,0,3,0,0,9,1,1,1,0,0,1,0,9,2,8,1
6,20,0,1,1,0,3,1,0,0,1,1,1,0,0,1,0,6,6,13,1
13,19,0,1,1,0,3,0,0,2,1,1,1,7,2,1,0,6,3,10,1
14,20,0,1,1,4,3,0,1,1,1,1,1,5,2,0,5,0,0,0,1
15,15,0,1,1,4,3,0,1,1,1,1,1,7,2,6,0,8,2,10,0
4,18,4,0,1,0,3,0,0,2,1,1,1,5,0,1,5,0,0,3,1
7,21,4,1,1,2,3,0,0,2,1,1,1,5,0,4,0,2,8,6,0
4,19,4,1,1,0,3,0,0,2,1,1,1,1,0,1,0,3,1,5,1
6,20,4,1,1,0,3,1,0,2,1,1,1,0,0,1,0,6,3,12,1
2,19,4,0,1,0,3,1,0,2,1,1,1,0,0,7,0,5,11,5,1
10,15,0,0,1,3,3,0,1,8,1,1,1,7,0,1,0,6,1,8,1
3,20,0,0,1,0,3,3,0,1,1,1,1,7,0,1,5,6,0,3,1
4,17,4,1,1,0,3,0,0,2,1,1,1,0,0,1,0,2,8,5,1
14,21,4,0,1,0,3,0,0,9,1,1,1,5,2,1,0,6,5,9,1
5,18,4,0,1,2,3,1,0,2,1,1,1,5,0,1,5,0,0,11,1
13,11,4,0,1,4,3,0,1,15,1,1,1,7,2,0,5,0,0,0,1
3,19,4,1,1,3,3,3,1,16,1,1,1,0,0,1,5,1,0,2,0
7,19,4,1,1,3,3,0,0,2,1,1,1,0,0,7,0,6,5,11,1
5,20,4,1,1,0,3,0,0,2,1,1,1,5,0,3,0,6,6,6,1
14,20,0,1,1,0,3,1,0,0,1,1,1,0,2,1,0,6,3,13,1
9,19,4,0,1,0,3,1,0,0,1,1,1,0,0,1,0,8,11,12,1
9,19,4,0,1,0,3,0,0,2,1,1,1,0,0,3,0,6,11,11,1
10,20,0,0,1,0,3,3,0,1,1,1,1,0,0,1,0,7,5,11,0
1,18,4,0,1,0,3,0,0,11,1,1,1,5,0,1,2,1,0,2,0
7,19,0,1,1,0,3,0,0,1,1,1,1,7,0,3,1,8,0,11,1
0,15,4,1,1,0,3,0,0,16,1,1,1,0,0,2,5,1,0,3,1
8,20,4,0,1,0,3,0,0,0,1,1,1,7,0,1,0,4,4,4,1
8,8,3,0,1,0,0,3,0,7,1,1,1,0,0,0,5,0,5,4,1
7,18,4,0,1,0,3,0,0,0,1,1,1,0,0,1,0,6,2,10,1
7,20,0,0,1,3,3,2,1,5,1,1,1,0,0,1,0,6,3,8,0
3,15,4,1,1,0,3,0,0,12,1,1,1,7,0,1,0,7,2,9,0
6,18,4,1,1,0,3,0,0,2,1,1,1,7,0,1,0,6,1,11,1
9,20,4,0,1,0,3,3,0,2,1,1,1,0,0,1,0,6,3,11,1
11,20,4,0,1,0,3,0,0,2,1,1,1,5,2,1,0,6,6,14,1
9,20,4,1,1,0,3,0,0,0,1,1,1,0,0,1,0,6,3,6,1
8,17,0,0,0,0,3,0,0,8,1,1,0,0,0,0,5,0,0,0,1
15,20,0,0,1,4,3,0,1,1,1,1,1,0,2,1,0,6,10,13,1
3,14,0,0,1,0,3,0,1,9,1,1,1,5,0,6,1,6,0,5,0
7,15,0,1,1,0,3,0,0,2,1,1,1,8,0,1,5,6,0,2,1
12,20,0,0,1,0,3,1,0,0,1,1,1,0,2,1,0,7,2,13,1
3,20,4,1,1,0,3,2,0,0,1,1,1,0,0,1,0,6,9,14,1
13,21,0,1,1,4,3,3,1,0,1,1,1,0,2,4,0,1,2,7,0
5,19,4,1,1,0,3,0,0,2,1,1,1,0,0,0,5,0,0,0,1
13,20,0,0,1,0,3,3,0,1,1,1,1,0,2,1,0,6,4,13,1
1,19,4,1,1,0,3,0,0,0,1,1,1,7,0,1,0,6,3,13,1
4,12,2,0,1,4,3,0,1,7,1,1,1,7,0,1,0,6,11,9,1
1,15,4,1,1,0,3,0,0,0,1,1,1,0,0,1,2,0,0,0,1
6,20,0,1,1,0,3,3,0,11,1,1,1,5,0,1,0,1,3,11,0
7,15,4,1,1,0,3,0,0,12,1,1,1,7,0,1,1,6,0,6,1
2,20,4,1,1,0,3,1,0,16,1,1,1,0,0,1,0,8,1,11,1
3,18,4,1,1,0,3,0,0,2,1,1,1,7,0,1,0,2,2,5,1
11,21,0,0,1,0,3,1,0,0,1,1,1,0,2,1,0,6,4,14,1
4,20,4,0,1,0,3,3,0,11,1,1,1,1,0,3,0,6,2,6,0
15,20,0,1,1,0,3,3,0,1,1,1,1,0,2,3,0,9,1,4,1
11,17,4,0,1,0,3,3,0,0,1,1,1,7,2,1,0,4,4,13,1
12,15,0,1,1,0,3,0,0,0,1,1,1,0,2,1,0,6,5,9,0
8,18,4,1,1,0,3,0,0,0,1,1,1,0,0,1,0,6,6,8,1
5,20,4,1,1,0,3,0,0,2,1,1,1,7,0,2,0,6,4,7,1
15,15,0,0,1,0,1,3,0,0,1,1,1,0,2,1,0,4,3,8,0
2,15,4,0,1,3,3,0,1,2,1,1,1,7,0,1,0,3,8,4,1
11,20,4,0,1,0,3,1,0,0,1,1,1,0,2,4,2,1,0,2,1
5,17,4,1,1,0,3,1,0,0,1,1,1,1,0,1,0,3,2,7,1
15,22,4,1,1,0,3,1,0,0,1,1,1,8,2,3,0,6,6,13,1
6,20,4,1,1,0,3,0,0,9,1,1,1,0,0,4,0,6,5,10,1
13,15,0,0,1,3,3,0,1,0,1,1,1,5,2,1,0,6,7,5,1
2,20,4,0,1,0,3,1,0,0,1,1,1,0,0,3,0,5,5,4,1
10,15,4,0,1,4,3,0,1,14,1,1,1,0,0,1,0,4,2,7,0
1,18,2,1,1,0,3,0,0,14,1,1,1,7,0,1,0,6,10,7,1
9,17,4,0,1,4,3,0,1,9,1,1,1,5,0,1,0,6,3,10,1
12,13,4,0,1,0,3,0,0,15,1,1,1,0,2,1,5,0,0,0,0
9,18,4,0,1,0,3,0,0,2,1,1,1,0,0,6,5,0,0,0,1
5,20,4,1,1,0,3,1,0,11,1,1,1,8,0,4,5,1,0,2,0
10,18,0,1,1,0,3,3,0,0,1,1,1,0,0,2,0,2,2,8,0
4,18,4,1,1,0,3,0,0,2,1,1,1,0,0,1,0,6,3,7,1
12,22,0,1,1,0,3,0,0,2,1,1,1,0,2,1,0,6,8,10,1
11,15,0,0,1,3,3,0,1,0,1,1,1,0,2,1,0,8,1,12,1
14,20,0,1,1,4,3,0,1,1,1,1,1,5,2,1,2,0,0,0,1
13,20,4,1,1,0,3,0,0,0,1,1,1,0,2,3,0,6,10,13,1
10,20,0,1,1,3,3,0,1,1,1,1,1,5,0,1,0,8,8,13,1
13,17,0,0,1,4,3,3,1,8,1,1,1,5,2,1,0,2,3,8,1
12,20,4,1,1,1,3,0,0,11,1,1,1,2,0,2,0,4,3,4,0
10,19,4,0,1,0,3,1,0,0,1,1,1,0,0,1,0,6,10,14,0
8,0,4,1,1,4,3,3,1,0,1,1,1,0,0,1,0,6,4,8,1
11,20,4,0,1,0,3,1,0,0,1,1,1,0,2,7,0,9,5,14,1
8,11,3,1,0,4,3,0,1,8,1,1,0,7,1,0,5,0,0,0,1
5,18,4,0,1,0,3,0,0,15,1,1,1,7,0,1,5,0,0,0,0
12,20,4,0,1,1,3,3,0,14,1,1,1,0,2,7,0,5,10,6,0
11,15,0,0,1,0,1,0,0,0,1,1,1,0,2,1,0,8,11,11,0
9,20,0,1,1,0,3,3,0,1,1,1,1,0,0,3,0,6,4,13,1
15,18,4,1,1,0,3,1,0,10,1,1,1,8,2,1,0,6,11,3,0
15,15,4,0,1,0,3,3,0,15,1,1,1,0,2,1,2,6,0,8,1
13,15,4,0,1,0,3,0,0,15,1,1,1,1,2,1,5,0,0,1,0
1,15,4,0,1,4,3,0,1,0,1,1,1,7,0,1,0,1,3,3,0
6,20,4,1,1,2,3,3,0,2,1,1,1,0,0,1,0,5,8,7,1
7,20,4,0,1,0,3,0,0,0,1,1,1,0,0,2,0,7,11,10,0
2,15,0,1,1,0,3,2,0,8,1,1,1,0,0,1,0,6,3,7,1
8,20,4,0,1,0,3,3,0,0,1,1,1,7,0,1,0,8,3,12,1
5,18,4,0,0,0,3,0,0,2,1,1,1,0,0,1,0,2,4,2,1
13,15,0,1,1,0,3,0,0,0,1,1,1,5,2,2,0,6,6,12,1
10,20,0,0,1,0,3,0,0,1,1,1,1,0,0,1,0,6,10,14,1
3,20,4,1,1,0,3,3,0,2,1,1,1,8,0,1,0,2,3,5,0
5,15,4,1,1,0,3,3,0,2,1,1,1,1,0,1,0,6,10,6,1
7,15,4,0,1,3,3,0,1,2,1,1,1,5,0,0,5,0,0,4,0
6,21,4,0,1,0,3,0,0,11,1,1,1,0,0,1,0,6,3,13,0
2,15,4,0,1,4,3,1,1,2,1,1,1,0,0,1,0,6,6,3,1
14,18,4,0,1,0,3,1,0,0,1,1,1,0,2,1,0,6,8,14,1
1,17,4,0,1,0,3,0,0,2,1,1,1,1,0,0,5,0,0,0,1
11,20,0,0,1,0,3,1,0,2,1,1,1,0,2,1,1,6,0,11,1
15,20,2,1,1,0,3,1,0,12,1,1,1,0,2,1,5,6,0,2,1
8,20,4,0,1,0,3,1,0,0,1,1,1,0,0,1,0,6,1,6,0
10,20,0,1,1,0,3,0,0,1,1,1,1,0,0,1,1,6,0,11,0
11,20,0,1,1,0,3,0,0,1,1,1,1,0,2,1,0,6,11,14,1
12,20,0,0,1,0,3,0,0,1,1,1,1,0,2,6,5,0,0,0,1
0,15,4,1,1,0,3,0,0,2,1,1,1,0,0,0,5,0,0,1,1
7,20,4,1,1,0,3,3,0,2,1,1,1,0,0,3,0,6,6,6,1
11,20,0,0,1,3,3,0,1,1,1,1,1,5,2,1,0,3,6,14,1
3,15,4,0,1,4,3,0,1,14,1,1,1,0,0,0,5,0,0,0,1
11,18,0,1,1,0,3,1,0,0,1,1,1,0,2,1,2,4,0,3,1
15,20,0,1,1,4,3,0,1,1,1,1,1,8,2,2,0,6,0,9,1
10,21,0,1,1,4,3,0,1,1,1,1,1,5,0,2,0,6,2,14,1
7,15,4,1,0,0,3,0,0,2,1,0,1,5,0,1,0,6,11,4,0
11,21,4,0,1,4,3,0,1,12,1,1,1,5,2,1,0,6,8,14,1
15,18,0,1,1,3,3,3,1,0,1,1,1,0,2,1,0,6,4,5,1
5,14,0,1,1,0,3,1,0,0,1,1,1,8,0,1,0,5,2,4,1
5,17,4,0,1,0,3,1,0,7,1,1,1,8,0,1,0,3,3,5,0
5,14,4,0,1,0,3,1,0,0,1,1,1,0,0,1,0,5,1,6,1
9,15,4,1,1,0,3,0,0,2,1,1,1,7,0,1,0,3,4,6,1
5,21,4,1,1,0,3,1,0,0,1,1,1,0,0,2,0,2,2,3,0
12,22,0,1,1,0,3,0,0,0,1,1,1,0,2,2,0,7,2,13,1
4,15,4,0,1,4,3,0,1,9,1,1,1,0,0,0,5,0,0,4,0
5,15,4,0,1,4,3,0,1,2,1,1,1,7,0,1,0,6,8,6,1
1,18,4,1,1,0,3,0,0,11,1,1,1,5,0,1,0,1,1,3,1
2,14,0,0,1,0,3,0,0,16,1,1,1,0,0,9,2,3,0,5,0
8,18,4,0,1,0,3,0,0,2,1,1,1,5,0,1,5,0,0,1,1
8,18,4,1,1,0,3,3,0,2,1,1,1,7,0,1,0,6,6,8,1
5,20,4,1,1,0,3,1,0,0,1,1,1,1,0,5,0,9,4,9,1
11,18,4,0,1,0,3,1,0,11,1,1,1,2,2,6,0,6,7,14,1
4,15,4,1,1,4,3,0,1,2,1,1,1,1,0,1,0,3,2,5,1
1,18,4,0,1,0,3,0,0,2,1,1,1,0,0,0,5,0,0,0,1
4,15,4,0,1,0,3,3,0,2,1,1,1,0,0,1,0,1,2,4,1
15,20,4,0,1,0,3,1,0,12,1,1,1,8,2,1,0,7,1,13,1
4,15,4,0,1,0,3,0,0,14,1,1,1,0,0,1,0,6,3,13,0
7,15,0,1,1,4,3,0,1,9,1,1,1,7,0,4,0,6,5,7,0
5,17,4,0,1,0,3,1,0,2,1,1,1,0,0,1,0,5,5,9,1
3,18,4,0,1,0,3,3,0,2,1,1,1,0,0,1,0,6,4,10,1
3,18,4,0,1,0,3,1,0,0,1,1,1,0,0,0,5,0,0,2,1
10,20,4,0,1,0,3,1,0,12,1,1,1,0,0,6,0,6,3,13,1
9,13,0,1,1,0,3,0,0,8,1,1,1,7,0,1,5,0,0,0,1
10,18,0,0,1,0,3,0,0,0,1,1,1,7,0,0,5,0,0,0,1
2,18,0,0,1,0,3,0,0,8,1,1,1,0,0,1,0,3,2,3,1
6,18,0,0,1,0,3,0,0,1,1,1,1,7,0,1,0,3,5,11,1
14,19,0,1,1,0,3,0,0,0,1,1,1,5,2,1,5,0,0,0,1
12,16,4,0,1,0,3,1,0,2,1,1,1,0,2,1,0,6,2,7,1
9,20,4,0,1,0,3,0,0,0,1,1,1,5,0,1,0,6,8,13,1
13,18,0,1,1,4,3,3,1,1,1,1,1,5,2,1,5,0,0,0,0
2,18,4,1,1,0,3,3,0,2,1,1,1,1,0,0,5,0,0,0,1
9,15,4,1,1,0,3,0,0,11,1,1,1,0,0,1,5,6,0,7,0
10,18,4,0,1,0,3,0,0,2,1,1,1,0,0,1,0,6,2,7,1
6,15,4,0,1,0,3,0,0,2,1,1,1,0,0,4,0,6,5,7,1
13,15,4,0,1,0,3,0,0,0,1,1,1,0,2,7,0,9,3,8,1
8,20,4,1,1,0,3,3,0,0,1,1,1,0,0,1,5,0,0,0,1
6,13,4,0,1,0,3,0,0,15,1,1,1,0,0,1,5,0,0,0,0
4,22,4,0,1,0,3,0,0,0,1,1,1,0,0,1,0,6,6,10,0
11,20,0,1,1,0,3,0,0,0,1,1,1,0,2,1,0,7,3,13,1
8,18,4,0,1,0,3,1,0,12,1,1,1,0,0,6,0,4,5,7,1
5,18,3,1,1,0,3,0,0,0,1,1,1,6,0,1,0,5,10,9,1
5,17,4,0,1,0,3,0,0,0,1,1,1,7,0,1,0,4,2,5,0
7,15,4,1,1,0,3,0,0,2,1,1,1,7,0,0,5,0,0,0,1
14,14,0,0,1,4,3,0,1,0,1,1,1,0,2,1,0,8,1,12,1
12,20,2,1,1,1,3,0,1,9,1,1,1,1,2,1,0,5,1,6,1
12,21,0,1,1,4,3,0,1,1,1,1,1,5,2,0,5,0,0,0,1
1,18,4,1,1,0,3,1,0,2,1,1,1,8,0,1,5,1,0,2,1
1,15,4,0,1,0,3,0,0,2,1,1,1,0,0,1,5,0,0,0,1
13,21,4,1,1,0,3,0,0,9,1,1,1,5,2,1,0,1,10,14,1
12,15,0,0,1,4,3,0,1,0,1,1,1,8,2,1,0,6,6,6,1
9,18,4,0,1,0,3,3,0,2,1,1,1,0,0,3,0,2,8,6,1
6,20,0,0,1,0,3,0,0,4,1,1,1,0,0,1,0,6,10,9,1
8,16,0,1,1,4,3,0,1,1,1,1,1,7,0,1,0,6,6,7,1
7,15,4,0,1,0,3,0,0,2,1,1,1,0,0,1,2,0,0,0,1
1,15,4,1,1,0,3,0,0,0,1,1,1,0,0,1,0,8,4,13,0
7,15,4,1,1,0,3,0,0,2,1,1,1,7,0,0,5,0,0,0,1
13,15,0,0,1,0,3,1,0,1,1,1,1,0,2,1,0,1,8,4,1
12,17,4,1,1,0,3,0,0,2,1,1,1,7,2,1,0,6,2,8,1
13,17,0,0,1,0,3,0,0,1,1,1,1,5,2,1,0,6,8,11,1
10,20,4,1,1,0,3,1,0,12,1,1,1,0,0,2,0,6,11,12,1
9,18,0,1,1,0,3,0,0,8,1,1,1,5,0,1,0,6,1,6,1
1,18,4,0,1,4,3,0,1,11,1,1,1,5,0,0,5,0,0,0,0
12,19,0,1,1,0,3,0,0,8,1,1,1,5,2,1,0,3,4,8,1
5,20,4,1,1,0,3,1,0,2,1,1,1,8,0,1,0,2,7,5,1
8,18,4,1,1,0,3,0,0,12,1,1,1,7,0,1,0,6,7,9,1
9,18,4,0,1,0,3,3,0,12,1,1,1,0,0,1,2,2,0,4,1
1,15,4,0,1,0,3,0,0,12,1,1,1,1,0,1,0,2,6,5,1
8,20,0,0,1,0,3,1,0,1,1,1,1,0,0,1,0,6,4,8,1
10,20,0,1,1,0,3,0,0,0,1,1,1,0,0,3,1,6,0,10,1
4,18,4,0,1,0,1,1,0,16,1,1,1,0,0,5,3,6,0,1,0
6,15,4,0,1,4,3,0,1,2,1,1,1,5,0,1,0,6,10,14,1
15,22,4,0,1,3,3,0,1,0,1,1,1,0,2,1,0,7,6,14,1
5,20,0,0,1,3,3,0,1,2,1,1,1,5,0,1,5,0,0,0,1
13,19,4,0,1,0,3,3,0,12,1,1,1,0,2,1,0,9,6,11,0
8,18,4,1,1,0,3,0,0,0,1,1,1,0,0,1,0,6,1,9,0
14,15,0,0,1,4,3,0,1,8,1,1,1,7,2,1,0,7,4,10,1
4,18,4,0,1,0,3,0,0,2,1,1,1,0,0,0,5,0,0,0,1
1,18,2,1,1,3,3,0,1,16,1,1,1,5,0,1,5,2,0,2,1
8,19,0,1,1,4,3,0,1,0,1,1,1,0,0,1,0,8,8,11,1
8,20,4,1,1,4,3,0,1,2,1,1,1,5,0,1,0,2,4,5,1
1,15,4,0,1,0,3,3,0,2,1,1,1,1,0,9,2,3,0,1,1
5,18,4,0,1,0,3,3,0,0,1,1,1,1,0,1,0,3,3,6,1
7,20,0,0,1,0,3,0,0,1,1,1,1,5,0,1,0,8,7,10,1
14,20,4,0,1,0,3,0,0,2,1,1,1,0,2,2,0,6,8,7,1
5,21,0,0,1,0,3,0,0,0,1,1,1,0,0,2,0,6,1,3,1
0,15,4,1,1,0,3,0,0,2,1,1,1,0,0,1,0,6,2,9,1
6,20,4,0,1,0,3,1,0,14,1,1,1,0,0,1,0,8,6,10,1
10,20,4,0,1,0,3,1,0,15,1,1,1,0,0,7,2,7,0,9,1
13,20,0,0,1,0,0,0,0,0,1,1,1,5,2,4,0,8,6,14,1
5,18,4,0,1,0,1,1,0,0,1,1,1,0,2,5,2,0,0,6,0
10,20,4,0,1,0,3,1,0,2,1,1,1,5,0,1,0,6,11,12,1
3,19,4,0,1,0,3,1,0,0,1,1,1,0,0,0,5,0,0,0,1
6,20,4,0,1,0,3,0,0,2,1,1,1,0,0,1,0,6,8,13,1
0,18,4,1,1,0,3,1,0,16,1,1,1,0,0,1,5,2,0,3,1
13,20,4,1,1,3,3,0,0,11,1,1,1,0,2,3,0,6,2,11,1
1,15,4,1,1,0,3,0,0,2,1,1,1,0,0,1,0,3,6,4,1
15,15,0,1,1,4,3,0,1,1,1,1,1,0,2,0,5,0,0,0,1
1,15,4,1,1,0,3,0,0,9,1,1,1,0,0,2,5,1,0,1,0
2,17,4,0,1,0,3,0,0,2,1,1,1,5,0,1,0,1,3,2,1
2,18,4,0,1,0,3,0,0,2,1,1,1,0,0,0,5,0,0,0,1
13,15,0,1,1,4,3,0,1,1,1,1,1,7,2,1,0,6,5,7,1
1,18,4,1,1,0,3,0,0,2,1,1,1,0,0,0,0,1,8,12,1
4,20,4,0,1,0,3,1,0,2,1,1,1,0,0,6,0,3,5,3,1
8,13,0,1,1,0,3,3,0,8,1,1,1,7,0,0,5,0,0,0,1
14,20,0,1,1,0,3,1,0,0,1,1,1,0,2,2,5,6,0,0,1
0,13,4,1,1,0,3,3,0,10,1,1,1,8,0,0,5,0,0,0,1
7,20,0,0,1,0,3,1,0,0,1,1,1,0,0,2,0,9,11,14,0
11,19,0,1,1,4,3,0,1,8,1,1,1,5,2,0,5,0,0,0,1
8,20,4,0,1,0,3,3,0,2,1,1,1,0,0,1,0,7,3,13,1
9,20,0,1,1,0,3,0,0,0,1,1,1,0,0,1,0,9,1,11,0
9,21,0,1,1,0,3,1,0,1,1,1,1,0,0,2,0,6,11,11,0
8,17,4,1,1,0,3,3,0,7,1,1,1,0,0,1,0,3,4,3,1
8,20,4,1,0,0,3,1,0,0,1,1,1,0,0,5,0,6,9,13,0
4,20,0,0,1,0,3,0,0,0,1,1,1,0,0,1,0,9,7,12,1
3,18,4,0,1,0,3,3,0,11,1,1,1,0,0,6,0,1,4,5,0
10,14,0,1,1,0,3,0,0,0,1,1,1,0,0,3,0,6,7,12,0
7,21,4,0,1,0,3,0,0,0,1,1,1,0,0,1,0,7,8,14,0
8,15,4,0,1,0,3,3,0,2,1,1,1,1,0,1,0,3,1,3,1
6,20,4,1,1,4,3,0,1,0,1,1,1,5,0,1,0,6,4,12,0
8,16,4,0,1,3,3,0,1,0,1,1,1,0,0,9,2,0,0,0,1
5,20,4,0,1,0,3,0,0,11,1,1,1,5,0,1,2,6,0,5,0
8,20,4,1,1,3,3,3,1,2,1,1,1,5,0,1,0,5,1,6,1
15,15,0,0,1,4,3,0,1,1,1,1,1,5,2,1,0,7,6,3,1
8,16,4,0,1,0,3,0,0,2,1,1,1,5,0,0,5,0,0,1,1
8,19,4,0,1,0,3,0,0,2,1,1,1,0,0,1,0,6,11,8,1
10,20,0,0,1,0,3,0,0,0,1,1,1,0,0,5,0,9,4,2,1
15,9,0,0,1,4,3,1,1,9,1,1,1,7,2,2,0,6,10,8,1
12,21,0,0,1,0,3,1,0,0,1,1,1,8,2,6,0,6,6,14,1
5,20,4,0,1,0,3,1,0,2,1,1,1,0,0,1,0,6,6,8,1
9,15,4,1,1,0,3,3,0,2,1,1,1,0,0,1,0,6,3,6,1
10,20,4,1,1,0,3,0,0,14,1,1,1,1,0,3,0,6,4,12,1
8,20,4,1,1,0,3,1,0,2,1,1,1,0,0,2,0,3,1,9,1
2,18,4,0,1,0,3,3,0,2,1,1,1,0,0,0,5,0,0,4,1
4,19,0,0,1,0,3,0,0,0,1,1,1,0,0,1,0,6,8,12,1
10,21,0,0,1,0,3,0,0,0,1,1,1,0,0,6,0,8,6,14,1
13,0,4,0,0,0,3,0,0,15,1,1,0,7,2,0,5,0,0,8,1
5,15,4,0,1,0,3,0,0,2,1,1,1,7,0,0,5,0,0,0,1
6,20,4,1,1,0,3,0,0,2,1,1,1,0,0,1,0,6,8,9,1
7,15,4,0,1,0,3,1,0,7,1,1,1,0,0,1,0,5,6,6,0
9,7,0,0,0,0,3,0,1,9,1,0,0,8,0,6,0,3,0,7,1
12,15,4,1,1,0,3,3,0,2,1,1,1,0,2,0,5,0,0,0,1
13,19,0,0,1,0,3,0,0,1,1,1,1,0,2,1,0,8,2,14,1
10,18,0,1,1,0,3,0,0,0,1,1,1,2,0,6,0,6,7,9,1
5,18,4,1,1,0,3,3,0,0,1,1,1,0,0,1,0,4,1,9,1
0,15,4,1,1,0,3,0,0,16,1,1,1,5,0,0,5,0,0,0,0
15,10,0,0,1,4,3,3,1,0,1,1,1,0,2,6,0,8,7,10,1
12,17,0,1,1,4,3,0,1,1,1,1,1,0,2,1,0,6,4,9,0
9,18,0,1,1,0,3,0,0,8,1,1,1,0,0,3,0,6,3,11,1
14,20,0,1,1,3,3,0,1,0,1,1,1,5,2,1,0,6,8,12,1
11,21,0,0,1,4,3,0,1,0,1,1,1,0,2,1,0,8,8,14,1
14,15,4,0,1,4,3,3,1,14,1,1,1,0,2,1,0,6,0,2,1
2,17,4,1,0,0,3,1,0,2,1,1,0,0,0,1,5,2,0,2,1
11,21,0,1,1,3,3,0,1,0,1,1,1,5,2,1,2,6,0,6,1
1,15,4,0,1,0,3,0,0,2,1,1,1,0,0,1,0,6,11,5,1
1,18,4,0,1,0,3,0,0,16,1,1,1,0,0,1,5,1,0,2,0
4,16,4,1,1,0,3,0,0,3,1,1,1,1,0,0,5,0,0,0,1
0,18,4,0,1,0,3,1,0,16,1,1,1,8,0,1,5,1,0,2,0
7,20,4,0,1,0,3,3,0,5,1,1,1,0,0,1,0,6,10,9,1
12,20,4,1,1,3,3,0,1,0,1,1,1,5,2,1,0,6,8,12,1
11,20,0,0,1,4,3,0,1,0,1,1,1,5,2,1,0,8,10,14,0
5,20,4,0,1,3,3,0,1,2,1,1,1,5,0,1,0,6,5,6,1
7,18,4,1,1,0,3,0,0,5,1,1,1,0,0,1,0,6,2,5,1
10,21,4,0,1,0,3,0,0,0,1,1,1,5,0,1,0,6,2,14,1
2,15,4,0,1,4,3,0,1,10,1,1,1,5,0,1,0,6,4,3,0
6,11,4,1,1,4,3,0,1,0,1,1,1,0,0,1,0,1,3,2,1
1,18,4,0,1,0,3,1,0,16,1,1,1,0,0,1,5,0,0,0,0
9,20,4,1,1,0,3,1,0,0,1,1,1,8,0,3,0,6,4,12,0
9,20,0,1,1,0,3,0,0,1,1,1,1,0,0,1,0,7,1,13,0
0,18,4,0,1,0,3,3,0,2,1,1,1,0,0,1,5,0,0,0,1
0,18,4,0,1,0,1,1,0,10,1,1,1,8,0,1,0,9,7,4,0
12,17,4,0,1,0,3,1,0,0,1,1,1,8,2,1,0,6,3,9,1
11,11,4,1,0,0,3,0,0,4,0,1,0,0,2,1,2,0,0,0,1
9,20,4,0,1,0,3,0,0,2,1,1,1,5,0,4,0,8,5,11,1
10,18,4,1,1,4,3,0,1,12,1,1,1,5,0,1,0,7,10,9,0
14,20,4,1,1,2,2,3,0,3,1,1,1,1,2,1,0,6,8,13,1
14,19,0,1,1,3,3,0,1,0,1,1,1,0,2,1,5,6,0,11,1
15,21,4,0,0,0,3,1,0,0,0,1,0,0,2,1,0,6,10,13,1
4,14,4,0,1,3,3,3,1,3,1,1,1,0,0,1,0,2,2,5,1
13,20,0,1,1,0,3,1,0,0,1,1,1,0,2,3,0,4,3,6,1
15,15,0,1,1,0,3,0,0,1,1,1,1,0,2,0,5,0,0,0,1
10,20,2,0,1,0,3,0,0,0,1,1,1,5,0,3,0,6,6,12,0
7,8,0,0,1,4,3,1,1,16,1,1,1,0,0,1,5,6,0,3,1
1,15,4,0,1,4,3,0,1,16,1,1,1,0,0,1,5,6,0,3,0
0,8,3,0,1,0,2,0,0,2,1,1,1,0,0,1,0,1,2,6,1
5,15,4,0,1,0,3,0,0,2,1,1,1,8,0,1,0,5,2,7,0
10,1,4,0,1,4,3,0,1,15,1,1,1,0,0,3,5,6,0,0,0
8,20,0,1,1,0,3,0,0,1,1,1,1,0,0,1,1,9,0,13,0
4,19,4,1,1,0,3,0,0,2,1,1,1,4,0,3,0,8,7,11,1
0,22,4,1,1,0,3,0,0,7,1,1,1,7,0,0,5,0,0,0,1
13,20,4,1,1,3,3,0,1,9,1,1,1,0,2,1,0,6,2,7,1
5,17,4,0,1,0,3,0,0,12,1,1,1,0,2,1,0,6,11,6,0
6,12,4,0,1,4,3,0,1,12,1,1,1,0,0,1,5,0,0,4,1
13,19,2,0,1,0,3,1,0,0,1,1,1,0,2,3,0,6,1,6,0
8,16,4,1,1,0,3,0,0,5,1,1,1,7,0,1,0,1,9,3,0
6,18,4,0,1,0,3,1,0,12,1,1,1,0,0,1,0,4,2,14,0
2,18,0,1,1,4,3,0,1,8,1,1,1,5,0,0,5,0,0,0,1
14,20,4,0,0,0,2,0,0,0,1,1,0,1,2,5,4,6,4,5,0
4,15,4,1,1,0,3,0,0,10,1,1,1,8,0,1,0,9,0,8,0
10,21,4,1,1,0,3,1,0,0,1,0,1,0,0,7,0,8,11,12,0
12,15,0,0,1,0,3,0,0,15,1,1,1,7,2,1,5,0,0,0,1
7,15,4,0,1,3,3,1,0,11,1,1,1,0,0,2,0,9,2,11,1
1,18,4,0,1,0,3,0,0,2,1,1,1,0,0,1,0,6,6,8,1
8,15,4,0,1,3,3,0,1,7,1,1,1,0,0,1,0,6,1,9,1
9,15,0,1,1,4,3,3,1,1,1,1,1,0,0,1,5,0,0,0,1
12,17,0,1,1,0,3,3,0,1,1,1,1,0,2,2,0,6,5,10,1
1,18,4,1,1,0,3,1,0,2,1,1,1,8,0,1,0,2,6,5,1
7,18,4,0,1,0,3,1,0,5,1,1,1,0,0,2,0,9,4,6,1
7,20,4,1,1,0,3,1,0,0,1,1,1,0,0,5,0,6,4,9,1
3,17,0,1,1,3,3,3,1,8,1,1,1,5,0,1,0,3,6,5,1
1,15,4,1,1,0,3,0,0,2,1,1,1,7,0,1,2,3,0,2,1
4,19,4,0,1,0,3,0,0,2,1,1,1,0,0,3,0,3,3,3,1
0,17,4,1,1,0,3,0,0,16,1,1,1,1,0,0,5,0,0,0,0
3,20,4,1,1,0,3,1,0,0,1,1,1,0,0,1,0,5,1,8,0
4,18,4,0,1,0,3,0,0,2,1,1,1,0,0,0,5,0,0,0,1
11,15,4,0,0,3,3,0,1,0,1,1,0,5,2,1,0,2,1,4,1
12,20,4,1,1,0,3,0,0,0,1,1,1,7,2,0,5,0,0,0,1
11,18,2,0,1,0,1,0,0,0,1,1,1,0,2,1,0,6,7,12,0
0,18,4,0,1,0,3,0,0,16,1,1,1,7,0,0,5,0,0,0,0
14,0,0,1,1,4,3,0,1,1,1,1,1,7,2,0,5,0,0,0,1
13,20,4,1,1,0,3,3,0,11,1,1,1,5,2,1,0,1,6,5,1
4,18,4,1,1,0,3,0,0,2,1,1,1,1,0,0,5,0,0,5,1
9,20,4,1,1,4,3,0,1,11,1,1,1,5,0,1,5,0,0,0,0
5,15,4,1,1,0,3,0,0,2,1,1,1,8,0,1,0,6,4,6,1
11,15,4,1,1,0,3,0,0,10,1,1,1,8,2,1,0,8,3,10,1
15,15,4,0,1,3,3,1,1,0,1,1,1,0,2,6,5,0,0,2,1
5,20,4,1,1,0,3,1,0,0,1,1,1,0,0,1,5,6,0,4,0
4,21,4,0,1,0,3,0,0,14,1,1,1,0,0,1,0,2,0,2,0
0,15,4,0,1,4,3,0,1,9,1,1,1,5,0,0,5,0,0,0,1
7,18,4,0,1,0,3,3,0,7,1,1,1,0,0,1,0,5,2,9,0
12,20,0,1,1,0,3,0,0,1,1,1,1,7,2,1,2,0,0,0,1
8,20,4,1,1,0,3,0,0,0,1,1,1,0,0,3,0,5,3,6,0
6,13,4,0,1,0,3,0,0,15,1,1,1,0,0,0,5,0,0,0,0
2,17,0,1,1,0,3,1,0,1,1,1,1,0,2,0,5,0,0,0,0
7,19,4,0,1,0,3,0,0,2,1,1,1,7,0,3,0,6,7,5,1
3,15,4,0,1,0,3,0,0,15,1,1,1,7,0,1,5,6,0,8,0
4,12,4,0,1,0,3,0,0,15,1,1,1,1,0,0,5,0,0,0,1
12,20,0,0,1,0,3,1,0,2,1,1,1,0,2,1,0,6,11,6,1
15,19,0,1,1,0,3,0,0,1,1,1,1,0,2,1,5,0,0,2,1
4,18,4,1,1,0,3,3,0,2,1,1,1,0,0,1,0,1,8,1,1
1,15,4,0,1,0,3,0,0,2,1,1,1,0,0,1,0,6,1,5,1
11,15,4,0,1,0,3,0,0,12,1,1,1,7,2,1,0,6,4,4,1
3,18,0,1,1,0,3,1,0,1,1,1,1,0,0,1,0,1,1,2,1
15,18,2,1,1,4,3,0,1,0,1,1,1,0,2,1,0,5,8,6,1
4,15,4,0,1,0,3,0,0,10,1,1,1,5,0,1,0,6,8,8,1
1,18,4,1,1,0,3,1,0,16,1,1,1,0,0,7,3,3,0,6,0
9,13,4,0,1,0,3,0,0,0,1,1,1,0,0,1,0,2,1,6,1
9,20,4,0,0,0,3,0,0,2,1,1,0,0,0,2,0,3,6,8,1
11,20,4,0,0,0,3,0,0,15,1,1,0,1,2,1,5,0,0,0,0
7,18,4,1,1,4,3,0,1,2,1,1,1,5,0,1,0,1,6,5,1
11,22,0,1,1,0,3,0,0,1,1,1,1,0,2,1,1,6,0,11,0
9,18,0,1,1,0,3,3,0,1,1,1,1,0,0,1,0,3,8,11,0
14,20,4,0,1,0,2,0,0,2,1,1,1,1,2,5,0,6,6,7,1
6,15,4,0,0,0,2,1,0,6,1,1,0,8,0,6,0,1,2,3,1
4,19,4,1,1,0,3,1,0,0,1,1,1,8,0,1,0,6,1,8,1
2,15,4,1,1,0,3,0,0,9,1,1,1,8,0,1,0,6,2,8,1
4,15,4,0,1,0,3,1,0,7,1,1,1,0,0,1,0,3,3,3,1
4,20,4,1,1,0,3,0,0,11,1,1,1,0,0,1,0,2,4,4,0
2,15,4,1,1,2,3,0,0,3,1,1,1,0,0,1,0,2,1,6,1
15,13,4,0,1,0,3,0,0,15,1,1,1,0,2,0,5,0,0,0,1
11,20,4,1,0,0,3,0,0,12,1,1,0,0,2,0,5,0,0,0,1
6,21,4,0,1,0,3,3,0,11,1,1,1,8,0,1,0,7,0,13,0
4,15,4,0,0,0,3,3,0,2,1,1,0,0,0,0,5,0,0,0,1
11,18,4,0,1,0,3,0,0,14,1,1,1,7,2,1,0,6,1,10,1
15,20,4,0,1,0,3,1,0,2,1,1,1,0,2,0,5,0,0,0,1
11,18,2,1,1,0,3,0,0,0,1,1,1,0,2,1,0,9,4,9,0
7,19,4,1,1,0,3,0,0,2,1,1,1,0,0,1,0,4,6,5,1
9,0,4,1,1,0,3,0,0,12,1,1,1,0,0,1,0,3,4,7,1
2,17,0,1,0,3,3,0,1,8,1,1,0,0,0,0,5,0,0,0,1
8,20,0,0,1,0,3,1,0,1,1,1,1,0,0,1,0,6,5,12,0
6,20,4,0,1,0,3,0,0,2,1,1,1,5,0,0,5,0,0,0,1
12,19,0,0,1,0,3,0,0,0,1,1,1,0,2,1,0,6,6,6,0
7,15,0,0,1,4,3,0,1,0,1,1,1,0,0,1,0,8,4,9,1
1,18,4,1,1,0,3,0,0,2,1,1,1,0,0,0,5,0,0,0,1
8,18,4,1,1,0,3,0,0,2,1,1,1,7,0,1,0,6,6,5,1
13,19,0,0,1,2,0,0,0,0,1,1,1,5,2,5,0,8,6,12,0
4,15,4,0,1,0,3,0,0,2,1,1,1,0,0,0,5,0,0,0,1
15,20,4,1,1,0,3,0,0,0,1,1,1,5,2,3,0,6,10,13,1
13,12,2,0,1,0,3,0,0,0,1,1,1,7,2,1,0,6,11,13,0
6,20,4,0,1,0,3,3,0,11,1,1,1,0,0,1,0,5,4,10,1
3,20,4,1,1,0,3,1,0,2,1,1,1,0,0,1,0,3,4,5,1
11,11,4,0,1,0,3,2,0,11,1,1,1,0,2,1,0,9,10,10,1
7,20,0,1,1,0,3,1,0,1,1,1,1,8,0,1,0,6,6,13,1
13,18,0,0,1,3,3,0,1,1,1,1,1,5,2,1,0,6,7,10,1
2,18,4,1,1,0,3,0,0,2,1,1,1,7,0,1,0,1,2,2,1
4,16,4,0,1,0,3,0,0,3,1,1,1,0,0,1,0,7,7,13,1
10,19,4,0,1,0,3,0,0,2,1,1,1,5,0,1,0,1,3,5,1
15,11,0,0,1,4,3,0,1,1,1,1,1,0,2,1,2,0,0,0,1
6,20,4,0,0,0,3,3,0,3,1,1,1,0,0,1,0,1,2,2,1
9,5,4,1,1,3,3,0,1,2,1,1,1,0,0,1,1,6,0,4,1
3,19,4,0,1,0,3,0,0,2,1,1,1,0,0,1,0,3,4,4,1
9,21,4,0,1,0,3,0,0,2,1,1,1,0,0,2,0,6,3,8,0
8,15,0,0,1,0,3,0,0,2,1,1,1,0,0,1,5,0,0,0,1
9,18,4,1,1,0,3,0,0,2,1,1,1,0,0,1,0,6,7,8,1
9,20,4,1,1,0,3,0,0,2,1,1,1,0,0,2,0,6,3,9,1
4,19,4,0,1,0,3,0,0,2,1,1,1,0,0,0,5,0,0,0,1
0,15,4,1,1,0,3,0,0,16,1,1,1,0,0,1,5,6,0,2,1
4,20,4,1,1,0,3,0,0,2,1,1,1,0,0,1,0,6,4,9,1
13,20,4,0,1,0,3,1,0,0,1,1,1,0,2,1,0,7,5,14,0
7,18,4,0,1,0,3,0,0,2,1,1,1,0,0,1,0,6,8,8,1
10,18,0,0,1,0,3,0,0,1,1,1,1,7,0,1,0,7,8,14,1
5,22,4,1,1,2,3,1,0,2,1,1,1,0,0,7,0,5,6,8,1
7,18,4,1,1,0,3,0,0,11,1,1,1,0,0,1,0,1,2,5,0
15,18,0,0,1,0,3,0,0,0,1,1,1,7,2,1,0,6,3,10,1
3,18,0,1,1,4,3,1,1,0,1,1,1,0,0,4,5,9,0,3,0
1,14,4,0,1,0,3,0,0,2,1,1,1,8,0,1,0,1,3,6,1
12,15,0,0,1,0,3,0,0,0,1,1,1,0,2,1,0,7,7,10,1
9,15,0,1,1,0,3,0,0,1,1,1,1,7,0,1,0,6,1,9,1
4,15,2,0,1,0,3,0,0,7,1,1,1,0,0,3,0,6,4,6,0
6,15,4,0,1,0,3,1,0,2,1,1,1,0,0,1,0,5,2,6,1
2,18,4,1,1,0,3,0,0,2,1,1,1,0,0,1,2,2,0,5,1
7,20,4,0,1,0,3,3,0,0,1,1,1,0,0,1,0,6,10,14,1
15,21,4,1,1,0,3,0,0,0,1,1,1,0,2,1,0,9,4,14,1
6,14,4,0,1,0,3,0,0,12,1,1,1,0,0,1,0,5,3,5,0
1,18,4,0,1,0,3,3,0,0,1,1,1,0,0,3,0,1,1,4,0
2,15,4,0,0,4,3,1,1,15,1,0,1,0,0,1,5,6,0,2,1
10,20,4,0,1,0,3,1,0,2,1,1,1,5,0,1,0,3,6,14,1
9,0,0,0,1,4,3,0,1,1,1,1,1,1,0,1,0,6,3,6,1
6,20,0,1,1,4,3,0,1,1,1,1,1,5,0,2,0,1,11,6,1
12,15,4,0,1,3,3,0,1,9,1,1,1,5,2,1,0,6,4,10,1
2,15,4,0,1,0,3,0,0,16,1,1,1,0,0,1,0,6,1,2,0
8,15,4,1,1,4,3,0,1,2,1,1,1,7,0,1,0,6,8,8,1
11,19,4,1,1,0,3,1,0,2,1,1,1,0,2,0,5,0,0,0,1
3,15,4,1,1,0,3,2,0,2,1,1,1,6,0,0,5,0,0,3,0
14,15,4,0,1,0,3,3,0,0,1,1,1,0,2,1,0,6,0,14,0
1,17,4,0,1,0,3,0,0,2,1,1,1,7,0,1,0,4,5,6,1
11,18,4,1,1,0,3,1,0,0,1,1,1,0,2,1,0,4,1,9,0
15,20,0,1,1,0,3,3,0,1,1,1,1,0,2,3,0,6,10,11,1
8,18,4,0,1,0,3,2,0,0,1,1,1,7,0,1,0,6,3,10,1
13,20,4,1,1,0,3,1,0,12,1,1,1,0,2,1,0,6,6,13,0
10,18,0,0,1,0,3,1,0,1,1,1,1,0,0,7,0,9,11,14,1
14,15,0,1,1,3,3,0,1,0,1,1,1,0,2,1,0,4,3,7,1
12,18,0,1,1,0,3,0,0,8,1,1,1,7,2,0,5,0,0,3,1
10,15,4,0,1,0,0,0,0,12,1,1,1,0,0,5,3,9,11,12,1
14,22,0,0,1,0,3,0,0,0,1,1,1,0,2,1,0,9,8,14,1
3,19,4,0,1,0,3,0,0,16,1,1,1,5,0,1,0,1,2,2,0
11,15,0,0,1,4,3,0,1,0,1,1,1,0,2,2,5,4,0,2,1
11,20,4,1,1,0,3,0,0,11,1,1,1,0,2,1,0,9,6,12,1
9,18,0,1,1,4,3,0,1,1,1,1,1,0,0,6,0,6,6,9,1
3,18,4,1,1,0,3,1,0,2,1,1,1,0,0,1,5,3,0,3,1
15,19,0,1,1,0,3,0,0,1,1,1,1,0,2,0,5,0,0,0,1
6,20,0,0,1,0,3,0,0,0,1,1,1,0,0,1,0,9,6,14,1
15,20,0,1,1,0,3,1,0,0,1,1,1,0,2,1,0,6,5,14,1
7,13,4,0,1,0,3,0,0,2,1,1,1,1,0,0,5,0,0,5,1
11,14,4,0,0,0,3,0,0,15,1,1,0,1,2,0,5,0,0,0,1
11,15,4,1,1,3,3,1,1,10,1,1,1,8,2,1,0,6,3,10,0
1,18,4,0,1,0,3,1,0,7,1,1,1,0,0,1,2,2,0,4,1
15,20,2,1,1,4,3,0,1,0,1,1,1,7,2,1,0,7,1,5,1
2,19,4,0,1,0,3,0,0,16,1,1,1,0,0,1,0,2,1,3,1
12,20,0,1,1,3,3,0,1,1,1,1,1,5,2,1,5,0,0,0,1
12,20,0,1,1,0,3,1,0,0,1,1,1,0,2,1,0,7,8,12,1
15,22,4,0,1,0,3,0,0,7,1,1,1,8,2,1,0,9,6,12,1
3,19,4,0,1,4,3,0,1,2,1,1,1,5,0,1,0,1,8,5,0
13,20,0,1,1,2,3,1,0,1,1,1,1,8,2,7,5,0,0,0,1
11,14,4,1,1,0,3,0,0,12,1,1,1,0,2,1,2,6,0,5,0
1,13,4,1,1,0,3,3,0,0,1,1,1,0,0,9,2,0,0,13,1
13,15,0,0,1,4,3,0,1,8,1,1,1,0,2,1,0,6,1,8,1
9,20,4,1,1,0,3,0,0,2,1,1,1,5,0,2,0,6,0,7,1
0,15,4,0,1,4,3,3,1,6,1,1,1,7,0,3,0,6,2,6,1
8,20,4,1,1,0,3,1,0,11,1,1,1,8,0,2,0,7,11,7,1
9,20,4,1,1,3,3,0,1,12,1,1,1,0,0,2,0,7,2,13,0
2,15,4,1,1,0,3,0,0,2,1,1,1,7,0,1,2,0,0,0,1
9,17,0,0,1,0,3,0,0,1,1,1,1,0,0,2,5,0,0,0,0
10,12,4,0,1,0,3,0,0,15,1,1,1,7,0,1,2,0,0,9,1
2,22,4,1,1,0,3,1,0,0,1,1,1,0,0,2,0,7,0,0,1
9,20,0,0,1,0,0,0,0,0,1,1,1,0,0,5,3,8,9,14,0
15,15,0,1,1,0,3,3,0,1,1,1,1,0,2,1,0,8,10,10,1
11,20,4,0,1,0,3,0,0,0,1,1,1,0,2,1,0,6,0,11,0
15,20,0,1,1,0,3,0,0,1,1,1,1,0,2,3,0,6,8,12,0
5,20,4,1,1,0,3,0,0,9,1,1,1,0,0,1,0,6,11,8,0
15,15,4,0,1,0,3,1,0,2,1,1,1,0,2,1,0,6,3,5,1
3,15,4,0,1,0,0,0,0,16,1,1,1,0,0,5,3,9,1,6,0
9,20,4,1,1,0,3,3,0,2,1,1,1,0,0,1,0,6,8,7,1
11,20,4,1,1,0,3,0,0,0,1,1,1,7,2,2,5,1,0,7,0
5,12,4,0,1,4,3,0,1,7,1,1,1,0,0,1,2,0,0,0,1
11,20,4,1,1,0,3,3,0,12,1,1,1,5,2,1,2,6,0,10,1
0,15,4,1,1,4,3,0,1,9,1,1,1,8,0,1,0,6,3,9,0
3,20,4,0,1,0,3,3,0,2,1,1,1,5,0,1,0,6,6,11,1
4,20,4,1,1,0,3,1,0,16,1,1,1,0,0,1,0,2,8,8,1
9,10,4,0,1,2,3,0,0,12,1,1,1,0,0,1,0,6,8,8,1
3,17,3,0,1,0,3,0,0,1,1,1,1,0,2,1,0,1,8,6,1
9,20,4,0,1,4,3,3,1,11,1,1,1,5,0,1,0,7,6,12,0
0,15,4,0,1,0,3,3,0,9,1,1,1,0,0,0,5,0,0,0,1
10,19,0,0,1,0,3,1,0,0,1,1,1,0,0,4,0,6,5,10,1
12,18,0,0,1,0,3,0,0,0,1,1,1,7,2,1,0,7,2,8,1
6,15,4,1,1,0,3,0,0,2,1,1,1,7,0,9,2,0,0,0,1
0,15,4,1,1,0,3,0,0,2,1,1,1,0,0,0,5,0,0,0,1
13,20,0,1,1,0,3,0,0,1,1,1,1,0,2,1,1,8,0,13,1
0,15,4,0,0,3,3,0,1,3,1,0,1,0,0,1,5,4,0,2,1
0,18,4,1,1,0,3,0,0,2,1,1,1,0,0,0,5,0,0,0,1
4,20,4,0,1,0,3,0,0,2,1,1,1,5,0,1,0,6,9,9,1
8,20,4,1,1,0,3,0,0,0,1,1,1,0,0,1,0,7,9,13,0
6,15,4,1,1,0,3,0,0,2,1,1,1,7,0,1,0,6,6,11,1
13,20,0,1,1,3,3,0,1,0,1,1,1,0,2,1,0,8,10,13,1
4,20,4,0,1,0,3,0,0,2,1,1,1,0,0,3,0,9,10,9,1
14,20,4,0,1,0,3,3,0,11,1,1,1,0,2,1,0,7,11,14,0
15,22,0,1,1,0,3,1,0,0,1,1,1,0,2,3,0,9,6,14,0
15,20,2,0,1,0,3,0,0,0,1,1,1,0,2,3,0,9,6,12,1
9,15,0,0,1,4,3,0,1,14,1,1,1,0,0,1,5,0,0,0,1
6,19,4,0,1,3,3,0,1,0,1,1,1,5,0,1,0,6,4,10,1
3,18,0,1,1,0,3,0,0,9,1,1,1,5,0,0,5,0,0,0,1
2,15,4,0,1,4,3,0,1,4,1,1,1,5,0,0,5,0,0,4,1
13,14,0,0,1,0,3,1,0,2,1,1,1,8,2,7,0,2,1,5,1
8,18,3,1,1,0,3,0,0,0,1,1,1,0,0,1,0,7,6,9,1
14,21,4,1,1,0,3,3,0,0,1,1,1,0,2,0,5,0,0,13,1
8,19,4,1,1,0,3,1,0,9,1,1,1,0,0,3,0,6,5,4,1
4,18,4,0,1,0,3,3,0,2,1,1,1,0,0,1,2,3,0,4,1
8,19,0,1,1,4,3,0,1,0,1,1,1,7,0,1,0,6,3,10,0
13,22,0,1,1,2,3,1,0,1,1,1,1,0,2,7,1,9,0,14,1
14,20,4,0,1,0,3,0,0,2,1,1,1,5,2,1,0,7,5,14,1
0,17,4,1,1,0,3,0,0,2,1,1,1,0,0,1,0,3,10,1,1
7,18,0,1,1,0,3,0,0,0,1,1,1,1,0,1,0,6,1,7,1
9,14,4,0,1,0,3,0,0,2,1,1,1,7,0,1,0,6,7,8,1
13,21,0,1,1,4,3,0,1,1,1,1,1,5,2,0,5,0,0,0,1
15,15,0,1,1,0,3,3,0,1,1,1,1,7,2,1,2,2,0,3,0
7,20,0,0,1,0,3,1,0,1,1,1,1,0,0,1,0,9,2,4,1
5,15,4,0,1,0,3,0,0,2,1,1,1,0,0,1,0,6,1,3,1
10,20,0,0,1,0,3,0,0,0,1,1,1,0,0,1,0,6,5,12,0
11,20,4,0,1,0,3,1,0,11,1,1,1,5,2,3,0,6,10,13,1
11,20,0,0,1,0,3,0,0,1,1,1,1,0,2,1,0,6,8,12,1
5,15,4,0,1,0,3,1,0,12,1,1,1,0,0,1,2,8,0,2,0
13,18,0,0,1,0,3,0,0,0,1,1,1,5,2,7,0,5,0,9,1
11,23,0,1,1,0,3,0,0,1,1,1,1,5,2,1,0,6,8,14,0
12,13,4,0,1,0,3,1,0,2,1,1,1,0,2,1,0,6,6,13,1
4,18,4,0,1,0,3,0,0,2,1,1,1,0,0,1,0,6,10,9,1
3,18,4,1,1,0,3,1,0,0,1,1,1,8,0,0,5,0,0,5,0
14,19,0,1,1,0,3,1,0,1,1,1,1,0,2,1,0,6,6,10,1
1,18,4,0,1,0,3,1,0,11,1,1,1,0,0,3,5,1,0,1,0
9,18,0,0,1,4,3,0,1,1,1,1,1,5,0,7,5,0,0,0,1
2,15,4,0,1,0,0,0,0,16,1,1,1,0,0,5,3,2,2,6,0
4,15,4,0,1,0,3,1,0,4,1,1,1,7,0,5,3,3,1,1,1
14,20,4,0,1,4,3,0,1,0,1,1,1,5,2,1,0,6,4,14,0
11,20,0,1,1,0,3,1,0,0,1,1,1,0,2,1,0,6,11,13,1
9,18,4,1,0,0,3,0,0,2,1,1,0,0,0,2,5,0,0,0,1
10,15,4,1,1,0,3,0,0,2,1,1,1,0,0,1,0,4,3,5,1
15,0,4,1,0,0,1,1,0,0,0,0,1,0,2,0,5,0,0,2,1
11,18,4,0,1,4,3,0,1,10,1,1,1,5,2,1,0,6,8,11,1
9,20,4,1,1,0,3,1,0,14,1,1,1,5,0,1,0,6,6,9,1
14,20,0,1,1,0,3,0,0,1,1,1,1,0,2,2,0,6,2,12,1
1,15,2,1,1,0,3,0,0,7,1,1,1,0,0,1,0,2,4,2,1
10,21,4,1,1,0,3,0,0,12,1,1,1,5,0,1,0,6,5,13,1
9,15,4,0,1,0,0,0,0,11,1,1,1,0,0,5,3,2,5,6,1
8,18,0,1,1,0,3,0,0,1,1,1,1,0,0,1,0,3,4,3,1
2,15,4,1,1,0,3,1,0,16,1,1,1,0,0,4,5,1,0,2,0
5,21,0,1,1,3,3,2,1,1,1,1,1,0,0,0,5,0,0,0,0
5,20,4,0,1,0,0,1,0,16,1,1,1,0,0,5,3,5,0,6,1
7,20,4,0,1,0,3,0,0,0,1,1,1,5,0,1,0,7,10,9,1
9,19,4,0,1,0,3,0,0,12,1,1,1,0,0,1,0,6,3,13,0
0,18,4,1,1,0,3,3,0,2,1,1,1,0,0,0,5,0,0,0,1
6,15,4,0,1,0,3,3,0,12,1,1,1,0,0,1,0,4,2,5,1
9,20,0,1,1,0,3,0,0,0,1,1,1,0,0,1,0,6,4,13,1
11,21,0,1,1,0,3,1,0,1,1,1,1,8,2,2,0,4,1,13,0
8,18,4,0,1,0,3,0,0,11,1,1,1,7,0,1,0,6,4,11,0
2,18,4,0,1,0,3,0,0,0,1,1,1,0,0,1,0,1,3,2,1
13,23,0,1,1,2,3,1,0,1,1,1,1,8,2,8,5,0,0,0,1
2,13,4,0,1,0,3,0,0,2,1,1,1,7,0,6,5,2,0,3,1
10,20,0,1,1,0,3,3,0,1,1,1,1,0,0,3,0,6,5,14,1
6,20,4,1,1,0,3,0,0,0,1,1,1,1,0,1,0,3,4,4,1
7,20,4,1,1,0,3,1,0,11,1,1,1,0,0,1,0,6,6,6,1
9,21,0,0,1,0,3,1,0,0,1,1,1,0,0,4,0,6,4,13,0
6,20,4,1,1,4,3,0,1,11,1,1,1,5,0,0,5,0,0,0,0
11,15,4,1,1,0,3,0,0,2,1,1,1,7,2,1,0,6,8,10,1
2,15,4,0,1,0,3,1,0,16,1,1,1,0,0,4,0,2,1,2,1
11,17,0,1,1,3,3,0,1,1,1,1,1,0,2,1,0,6,2,10,1
3,20,4,1,1,0,3,1,0,2,1,1,1,0,0,1,0,6,6,10,1
4,18,0,1,1,0,3,3,0,2,1,1,1,1,0,1,0,6,8,5,1
10,20,4,0,1,0,3,0,0,2,1,1,1,0,0,1,0,3,5,14,1
5,20,4,1,0,0,3,3,0,2,1,1,1,5,0,0,5,0,0,0,1
7,15,4,0,1,0,0,1,0,16,1,1,1,0,0,5,3,6,1,4,1
7,19,4,0,1,0,3,0,0,2,1,1,1,0,0,0,5,0,0,0,1
5,20,4,0,1,0,3,0,0,5,1,1,1,0,0,1,0,9,10,13,1
6,13,4,0,1,0,3,0,0,15,1,1,1,1,0,0,5,0,0,0,1
3,18,4,0,1,0,3,3,0,14,1,1,1,1,0,1,0,6,8,9,0
12,18,4,1,1,0,3,1,0,0,1,1,1,0,2,1,0,8,3,12,0
7,22,4,1,1,0,3,3,0,7,1,1,1,0,0,1,0,6,3,8,1
2,19,4,1,1,0,3,0,0,2,1,1,1,0,0,1,0,1,6,2,1
6,18,4,0,1,0,3,1,0,7,1,1,1,8,0,1,0,1,6,5,1
6,17,4,0,1,0,3,0,0,2,1,1,1,0,0,1,0,6,11,8,1
8,21,4,1,1,0,3,0,0,12,1,1,1,0,2,3,0,6,11,6,0
14,20,4,1,1,0,3,1,0,0,1,1,1,0,2,2,0,6,3,12,1
9,18,4,0,1,0,3,3,0,2,1,1,1,1,0,1,0,6,6,9,1
1,17,4,1,0,0,3,1,0,2,0,1,0,0,0,0,5,0,0,5,1
12,17,0,1,1,0,3,0,0,1,1,1,1,5,2,1,0,6,6,12,0
14,23,0,0,1,3,3,0,1,0,1,1,1,5,2,1,0,6,9,14,1
0,18,4,1,1,0,3,1,0,11,1,1,1,0,0,1,0,1,2,2,1
13,18,4,1,1,0,3,3,0,12,1,1,1,0,2,1,0,6,7,7,0
12,15,4,0,1,0,3,3,0,12,1,1,1,0,2,1,0,6,2,8,0
8,20,4,1,1,0,3,3,0,11,1,1,1,0,0,3,0,4,0,6,0
10,20,0,1,1,3,3,0,1,1,1,1,1,5,0,1,5,0,0,0,0
10,0,4,0,1,4,3,0,1,5,1,1,1,5,0,1,2,3,0,3,1
14,15,4,0,1,0,3,0,0,5,1,1,1,7,2,1,0,6,10,9,1
14,15,4,0,1,0,3,2,0,0,1,1,1,0,2,7,0,6,10,7,1
7,3,4,0,1,4,3,3,1,12,1,1,1,7,0,6,0,6,10,12,1
4,18,4,1,1,0,3,0,0,11,1,1,1,7,0,1,0,2,10,3,0
14,18,4,1,1,0,3,0,0,0,1,1,1,0,2,1,0,2,5,4,1
6,21,4,1,1,0,3,0,0,0,1,1,1,0,0,1,1,6,0,11,0
3,19,4,1,1,0,3,3,0,2,1,1,1,7,0,1,0,4,6,8,1
1,15,4,0,1,3,3,0,1,2,1,1,1,5,0,1,0,2,4,4,1
6,18,0,1,1,4,3,0,1,1,1,1,1,0,0,5,0,6,6,3,0
6,14,4,0,0,0,3,1,0,2,1,1,0,0,0,1,5,1,0,3,1
8,20,4,0,1,0,3,1,0,2,1,1,1,0,0,1,0,8,11,13,1
4,20,0,1,1,4,3,0,1,1,1,1,1,0,0,1,5,0,0,0,1
10,15,0,1,1,0,3,0,0,1,1,1,1,0,0,1,0,6,8,7,1
6,21,0,0,1,0,3,0,0,1,1,1,1,0,0,1,0,4,11,14,0
8,15,0,1,0,4,3,0,1,1,1,1,1,5,0,0,5,0,0,0,0
14,20,0,1,1,4,3,0,1,0,1,1,1,7,2,1,0,6,6,12,1
4,18,4,1,1,0,3,0,0,2,1,1,1,0,0,1,0,2,3,3,1
7,20,4,0,1,0,3,0,0,2,1,1,1,0,0,2,0,1,11,6,1
12,2,0,0,1,3,3,0,1,3,1,1,1,7,2,0,2,0,0,6,1
15,19,0,0,1,0,3,1,0,1,1,1,1,8,2,6,0,6,0,9,0
7,6,4,1,1,2,3,0,0,12,1,1,1,8,0,9,2,0,0,0,0
11,20,4,1,1,0,3,0,0,2,1,1,1,0,2,1,0,6,8,13,1
0,16,4,0,1,0,3,1,0,2,1,1,1,0,0,9,2,1,0,1,1
14,15,4,1,1,0,3,3,0,2,1,1,1,7,2,1,5,0,0,0,1
11,16,4,1,1,4,3,0,1,16,1,1,1,5,0,1,0,5,0,4,1
14,15,0,1,1,4,3,0,1,8,1,1,1,0,2,0,5,0,0,0,1
11,20,0,1,1,0,3,0,0,1,1,1,1,0,2,1,0,7,3,13,1
6,18,0,1,1,4,3,0,1,2,1,1,1,8,0,1,0,6,9,6,1
6,15,4,0,1,0,3,0,0,2,1,1,1,0,0,1,0,6,6,11,1
11,20,0,0,1,0,3,1,0,1,1,1,1,0,2,1,0,3,6,11,1
0,18,4,1,1,0,3,0,0,16,1,1,1,0,0,1,0,6,4,6,1
3,20,4,1,1,0,3,0,0,12,1,1,1,0,0,2,0,3,6,6,1
0,16,4,0,1,0,3,1,0,16,1,1,1,0,0,1,5,6,0,2,0
1,15,4,0,1,4,3,0,1,2,1,1,1,5,0,1,0,5,2,7,1
12,20,4,0,1,0,3,0,0,0,1,1,1,8,2,3,0,6,10,13,1
15,20,0,1,0,0,3,1,0,0,1,1,0,0,2,1,0,6,6,5,1
15,18,4,0,1,0,3,1,0,12,1,1,1,7,2,1,0,7,8,5,1
10,15,0,1,1,0,1,1,0,0,1,1,1,8,0,5,0,6,4,7,1
3,20,4,1,1,0,3,1,0,0,1,1,1,0,0,1,0,8,6,4,1
7,13,4,0,1,0,3,0,0,0,1,1,1,1,0,1,0,5,3,13,1
8,15,4,1,1,0,3,1,0,0,1,1,1,0,0,1,5,0,0,0,1
6,18,4,0,1,0,3,0,0,0,1,1,1,0,0,2,0,9,0,9,0
13,23,0,0,1,4,3,0,1,1,1,1,1,5,2,1,0,8,4,14,1
0,13,4,1,0,0,3,0,0,9,1,1,1,0,0,0,5,0,0,0,1
8,15,4,0,0,0,3,0,0,7,1,0,0,0,0,0,5,0,0,3,1
8,20,4,1,1,0,3,0,0,2,1,1,1,0,0,1,0,6,11,13,1
10,19,0,0,1,0,3,3,0,0,1,1,1,0,0,1,0,6,4,8,1
9,20,4,1,1,0,3,1,0,16,1,1,1,0,0,1,5,8,0,7,1
8,15,4,1,1,0,3,0,0,2,1,1,1,0,0,1,0,5,5,7,1
7,18,4,1,1,0,3,2,0,2,1,1,1,1,0,1,0,6,10,10,1
11,18,0,1,1,4,3,0,1,0,1,1,1,7,2,1,5,2,0,2,0
4,15,4,1,1,0,3,0,0,14,1,1,1,0,0,1,0,4,2,4,0
7,16,0,1,1,0,3,0,0,0,1,1,1,0,0,1,5,3,0,3,1
8,3,4,1,0,3,1,3,1,12,1,0,1,7,2,3,0,6,11,7,1
11,15,4,0,1,0,3,0,0,0,1,1,1,0,2,1,0,5,2,2,1
8,20,4,1,1,0,3,1,0,11,1,1,1,0,0,1,0,6,8,12,0
3,15,4,1,0,0,3,0,0,11,1,0,1,5,0,1,5,6,0,4,0
3,19,4,0,1,0,3,1,0,2,1,1,1,0,0,3,0,3,5,4,1
11,20,0,0,1,4,3,0,1,0,1,1,1,7,2,1,0,6,5,11,1
3,18,0,0,1,0,3,1,0,1,1,1,1,0,0,1,2,0,0,0,0
11,20,4,1,1,4,3,0,1,0,1,1,1,7,2,1,0,6,6,9,0
3,13,4,0,1,0,3,0,0,2,1,1,1,7,0,1,5,0,0,4,1
6,20,4,0,1,0,3,0,0,2,1,1,1,5,0,1,0,6,11,13,0
0,14,4,0,1,4,3,3,1,14,1,1,1,5,0,0,5,0,0,0,0
3,15,4,1,1,0,3,1,0,16,1,1,1,0,0,1,0,6,4,8,1
1,14,4,0,0,0,3,0,0,2,1,1,0,0,0,1,0,2,2,4,1
10,21,4,0,1,0,3,0,0,0,1,1,1,0,0,1,0,9,7,13,1
1,19,4,1,1,0,3,1,0,16,1,1,1,0,0,1,5,1,0,5,0
11,20,0,1,1,0,3,0,0,0,1,1,1,1,2,0,5,0,0,0,1
3,17,4,0,1,0,3,1,0,0,1,1,1,0,0,1,0,5,6,3,1
0,18,4,1,1,0,3,1,0,9,1,1,1,7,0,2,0,1,0,1,1
4,15,4,1,1,0,3,0,0,2,1,1,1,0,0,1,0,1,4,2,1
10,15,0,0,1,0,3,0,0,9,1,1,1,7,0,1,0,6,8,10,1
0,15,0,1,1,0,3,3,0,8,1,1,1,7,0,1,1,6,0,1,1
6,20,0,1,1,0,3,0,0,1,1,1,1,0,0,1,0,6,3,12,0
14,14,0,0,1,0,3,0,0,0,1,1,1,0,2,3,0,6,8,5,1
4,17,4,0,1,0,3,1,0,15,1,1,1,8,0,1,5,6,0,2,0
2,18,4,0,1,0,3,3,0,2,1,1,1,0,0,1,0,9,8,5,1
0,15,4,1,1,0,3,0,0,3,1,1,1,0,0,6,5,2,0,2,1
9,20,4,1,1,0,3,0,0,0,1,1,1,5,0,3,0,7,2,13,1
11,18,4,1,1,0,3,0,0,0,1,1,1,0,2,2,0,6,5,7,1
5,20,4,1,1,0,3,1,0,0,1,1,1,0,0,1,0,6,6,3,1
6,21,4,0,1,0,3,3,0,5,1,1,1,0,0,1,0,9,2,14,1
11,17,4,1,0,0,3,1,0,7,1,0,0,8,0,6,0,2,5,4,1
1,15,4,1,1,0,3,0,0,0,1,1,1,0,0,1,5,5,0,3,0
10,20,4,1,1,0,3,3,0,0,1,1,1,5,0,3,2,0,0,0,1
9,15,4,1,1,0,3,1,0,5,1,1,1,0,0,1,0,6,2,6,1
6,18,4,0,1,0,3,1,0,11,1,1,1,0,0,1,0,5,6,10,0
5,18,4,1,1,0,1,3,0,10,1,1,1,0,2,1,0,9,11,6,1
0,15,4,0,1,0,3,0,0,5,1,1,1,0,0,6,0,1,5,2,0
15,15,0,1,1,4,3,0,1,1,1,1,1,7,2,0,5,0,0,0,1
13,18,4,0,1,0,3,3,0,2,1,1,1,1,2,1,0,6,8,14,1
2,18,4,1,1,0,3,0,0,2,1,1,1,0,0,0,5,0,0,0,1
14,18,4,0,1,0,3,0,0,2,1,1,1,7,2,1,0,6,10,7,1
15,21,4,0,1,3,3,0,1,0,1,1,1,5,2,1,0,6,6,9,1
14,18,0,1,1,0,3,3,0,8,1,1,1,0,2,1,0,6,0,9,1
9,18,0,1,1,4,3,0,1,8,1,1,1,5,0,0,5,0,0,0,1
2,15,4,0,0,0,3,0,0,2,1,0,1,0,0,1,2,1,0,2,1
8,21,0,1,1,0,3,2,0,0,1,1,1,7,0,1,0,6,6,10,1
11,4,0,0,0,3,1,1,1,8,0,0,1,0,0,4,0,7,5,11,1
8,20,4,1,1,0,3,0,0,0,1,1,1,0,0,1,0,6,4,11,0
0,15,4,1,1,0,3,0,0,11,1,1,1,5,0,1,0,6,3,3,0
3,13,4,1,1,0,3,3,0,2,1,1,1,0,0,0,5,0,0,3,1
12,20,4,0,1,0,3,1,0,0,1,1,1,0,2,1,0,3,1,11,1
1,18,4,1,1,0,3,0,0,2,1,1,1,0,0,1,0,4,5,7,1
9,19,4,1,1,0,3,0,0,12,1,1,1,1,0,1,5,0,0,0,1
10,17,4,1,1,0,3,3,0,0,1,1,1,5,0,3,0,6,4,12,0
7,6,0,1,1,4,3,0,1,16,1,1,1,8,0,9,2,0,0,0,0
5,20,4,1,1,4,3,0,1,0,1,1,1,5,0,1,0,5,2,6,1
6,15,4,1,1,0,3,0,0,2,1,1,1,0,0,1,0,5,3,8,1
6,15,4,0,1,0,3,0,0,10,1,1,1,0,0,1,0,6,1,3,0
14,18,4,1,1,0,3,0,0,0,1,1,1,0,2,1,0,4,5,6,1
7,10,4,1,1,4,3,0,1,2,1,1,1,0,0,1,0,1,3,1,1
15,20,0,0,1,3,3,0,1,1,1,1,1,5,2,1,0,6,11,12,1
4,20,4,1,1,0,3,0,0,2,1,1,1,0,0,1,0,3,5,5,1
7,15,4,0,1,0,3,0,0,2,1,1,1,0,0,6,0,5,2,6,1
6,18,0,0,1,0,3,0,0,1,1,1,1,1,0,5,0,6,8,6,0
13,18,4,0,1,0,3,1,0,0,1,1,1,0,2,1,0,6,4,10,0
3,20,4,0,1,0,3,0,0,2,1,1,1,0,0,1,0,6,6,14,1
10,15,4,0,1,0,3,0,0,2,1,1,1,0,0,1,0,3,1,9,1
10,17,4,0,0,0,3,0,0,0,1,0,0,0,0,6,5,0,0,4,1
8,18,4,1,1,0,3,0,0,11,1,1,1,2,0,2,0,7,1,13,1
0,17,4,0,1,3,3,0,1,16,1,1,1,0,0,1,5,6,0,0,0
9,18,0,1,1,0,3,1,0,0,1,1,1,8,0,3,5,0,0,0,1
14,20,0,0,1,0,3,0,0,0,1,1,1,0,2,1,1,4,0,13,1
2,15,4,1,1,0,3,1,0,12,1,1,1,0,0,1,0,3,4,3,1
8,20,4,0,1,0,3,1,0,0,1,1,1,0,0,1,0,6,8,13,0
6,20,4,1,1,0,3,0,0,3,1,1,1,1,0,2,0,6,8,13,1
5,15,4,0,1,0,3,0,0,2,1,1,1,0,0,1,0,6,8,6,1
8,15,0,1,1,0,3,0,0,7,1,1,1,0,0,1,5,0,0,0,1
4,20,4,1,1,0,3,0,0,2,1,1,1,0,0,1,5,2,0,4,1
15,15,0,0,1,0,3,0,0,1,1,1,1,0,2,1,0,6,1,4,1
10,15,0,0,1,0,0,0,0,0,1,1,1,7,0,5,3,6,3,12,1
13,21,0,0,1,0,3,0,0,1,1,1,1,5,2,7,1,6,0,13,1
9,9,0,0,0,0,3,1,0,2,1,1,1,7,0,9,2,0,0,0,1
1,18,4,0,1,0,3,1,0,2,1,1,1,0,0,0,5,0,0,0,1
1,18,4,1,1,0,3,1,0,2,1,1,1,0,0,1,0,3,3,6,1
10,21,4,1,1,0,3,1,0,0,1,1,1,5,0,1,0,4,7,13,0
8,22,4,1,1,0,3,1,0,11,1,1,1,0,0,1,0,9,8,13,1
14,15,4,0,1,0,3,3,0,0,1,1,1,7,2,1,0,6,5,8,1
5,12,3,1,1,0,3,3,0,9,1,1,1,8,0,1,0,6,8,9,1
12,21,0,0,1,4,3,3,1,1,1,1,1,5,2,1,0,6,4,14,1
14,20,4,0,1,0,3,1,0,2,1,1,1,0,2,1,0,6,4,11,1
0,18,4,1,1,0,3,0,0,0,1,1,1,0,0,1,5,1,0,1,1
0,17,4,0,1,0,3,0,0,2,1,1,1,0,0,0,5,0,0,0,1
12,18,0,1,1,0,3,3,0,0,1,1,1,0,2,4,0,6,4,8,1
13,21,0,1,1,0,3,0,0,0,1,1,1,0,2,2,0,7,2,13,1
6,15,4,0,1,0,3,0,0,12,1,1,1,0,0,1,0,6,1,13,1
14,15,0,1,0,0,3,3,0,1,1,1,1,4,2,1,0,8,8,14,1
14,15,4,1,1,0,3,0,0,0,1,1,1,7,2,1,0,6,6,4,1
2,18,4,1,1,0,3,0,0,2,1,1,1,5,0,0,5,0,0,0,1
6,9,4,0,0,0,3,1,0,12,1,0,1,1,0,9,2,0,0,0,1
6,20,4,0,1,0,3,1,0,2,1,1,1,0,0,1,0,5,5,12,1
6,20,4,0,1,0,3,3,0,5,1,1,1,5,0,1,0,8,2,12,1
0,17,4,0,1,0,3,3,0,2,1,1,1,0,0,1,0,1,2,2,1
8,21,4,1,1,0,3,1,0,0,1,1,1,5,0,0,5,0,0,13,1
10,16,4,0,0,0,3,1,0,0,1,0,0,0,0,6,5,1,0,2,0
13,15,4,0,0,0,3,0,0,15,1,1,0,0,2,0,5,0,0,1,0
7,15,4,0,1,4,3,1,0,11,1,1,1,0,0,7,0,6,5,14,1
6,20,4,0,1,0,3,0,0,2,1,1,1,0,0,4,0,6,5,12,0
0,15,4,1,1,0,3,0,0,16,1,1,1,0,0,0,5,0,0,0,0
14,18,4,0,0,0,3,2,0,0,1,0,1,0,2,1,5,0,0,2,1
6,20,4,1,1,0,3,3,0,0,1,1,1,0,0,2,0,1,3,11,1
15,18,0,0,1,3,3,0,1,0,1,1,1,7,2,1,0,7,4,10,1
3,15,4,1,1,0,3,0,0,2,1,1,1,0,0,0,5,0,0,0,1
4,12,2,0,1,0,3,0,0,7,1,1,1,2,0,1,2,0,0,5,1
11,23,0,0,0,0,3,1,0,0,0,1,1,5,2,0,5,0,5,13,0
12,19,0,1,1,0,3,0,0,1,1,1,1,0,2,1,0,6,3,11,1
6,20,4,1,1,0,3,0,0,2,1,1,1,5,0,1,0,3,8,14,1
9,21,0,1,1,0,3,1,0,1,1,1,1,0,0,3,2,0,0,0,0
6,18,4,1,1,0,3,0,0,2,1,1,1,0,0,0,5,0,0,0,1
7,20,0,1,1,0,3,0,0,1,1,1,1,0,0,0,5,0,0,0,0
6,18,4,1,1,0,3,0,0,2,1,1,1,7,0,0,5,0,0,2,1
14,20,0,1,1,4,3,0,1,1,1,1,1,5,2,0,5,0,0,0,1
15,18,4,0,1,4,3,0,1,9,1,1,1,0,2,1,0,6,2,5,1
3,18,4,0,1,0,3,3,0,14,1,1,1,0,0,0,5,0,0,0,1
5,19,4,0,1,0,3,0,0,0,1,1,1,0,0,1,0,6,6,5,0
8,15,4,1,1,0,3,1,0,2,1,1,1,0,0,1,0,6,4,2,1
14,19,0,0,1,0,3,1,0,1,1,1,1,0,2,6,0,6,0,10,0
3,18,4,0,1,4,3,0,1,2,1,1,1,7,0,1,0,5,6,10,1
4,19,4,1,1,0,3,3,0,2,1,1,1,0,0,1,0,2,2,5,1
13,15,0,1,1,0,3,0,0,1,1,1,1,0,2,1,0,6,10,12,1
11,11,4,0,1,0,3,0,0,11,1,1,1,0,2,1,0,9,3,10,1
3,15,0,0,1,0,3,0,0,1,1,1,1,7,0,1,0,9,6,4,1
5,12,4,0,1,0,3,0,0,7,1,1,1,0,0,1,0,6,11,9,1
9,19,4,1,1,0,3,0,0,11,1,1,1,0,0,0,5,0,0,0,1
5,20,4,0,1,3,3,0,1,11,1,1,1,5,0,1,0,9,11,12,0
13,19,4,1,1,0,3,1,0,2,1,1,1,0,2,2,0,6,2,10,1
8,16,4,0,1,0,3,2,0,5,1,1,1,0,0,1,0,6,3,10,1
4,18,4,0,1,0,3,3,0,12,1,1,1,0,0,1,5,0,0,0,1
11,15,0,1,1,4,3,0,1,0,1,1,1,0,2,1,0,8,2,10,1
13,20,4,1,1,0,3,0,0,12,1,1,1,7,2,3,0,6,7,12,0
1,18,4,0,1,0,3,3,0,2,1,1,1,0,0,1,5,0,0,0,1
10,10,4,1,1,3,3,0,1,5,1,1,1,7,0,5,3,3,10,8,0
10,20,4,0,1,0,3,1,0,9,1,1,1,0,0,1,0,7,8,14,1
11,15,4,1,1,0,3,1,0,12,1,1,1,0,2,1,0,6,8,11,1
4,15,4,0,1,0,3,0,0,2,1,1,1,0,0,1,0,6,4,9,1
15,19,4,0,1,3,3,0,1,12,1,1,1,0,2,1,2,0,0,8,1
1,18,4,1,1,0,3,0,0,2,1,1,1,5,0,1,5,0,0,0,1
13,15,0,1,1,0,3,0,0,0,1,1,1,5,2,1,0,8,2,11,1
8,0,3,0,1,0,3,0,0,0,1,1,1,0,0,6,0,6,4,11,1
11,21,4,1,1,4,3,3,1,2,1,1,1,5,2,2,0,6,0,9,1
12,20,0,0,1,0,3,1,0,0,1,1,1,0,2,1,0,6,8,14,0
2,15,4,1,1,0,3,3,0,2,1,1,1,7,0,1,0,3,2,6,1
14,11,0,1,1,4,3,0,1,1,1,1,1,0,2,0,5,0,0,0,1
15,9,0,0,1,0,3,0,0,9,1,1,1,8,0,2,0,4,1,4,1
7,3,0,1,0,3,3,3,1,3,1,0,1,7,0,6,5,6,0,1,1
15,15,0,1,1,0,3,3,0,9,1,1,1,0,2,0,5,0,0,0,1
9,20,4,1,1,0,3,1,0,2,1,1,1,5,0,1,5,2,0,3,0
5,11,4,0,1,2,3,0,1,0,1,1,1,0,0,6,0,5,3,6,1
1,18,4,1,1,0,3,0,0,14,1,1,1,0,0,0,5,0,0,0,1
5,18,4,1,1,0,3,1,0,10,1,1,1,0,0,1,0,6,7,10,1
8,21,4,1,1,0,3,0,0,0,1,1,1,5,0,1,0,8,8,14,0
11,20,4,0,1,0,3,1,0,7,1,1,1,0,2,1,0,6,8,12,1
12,20,0,1,1,0,3,1,0,0,1,1,1,0,2,1,0,7,11,12,0
2,17,4,0,1,0,3,3,0,2,1,1,1,0,0,1,5,3,0,1,1
10,21,0,0,1,4,3,0,1,0,1,1,1,0,0,1,0,6,6,14,0
1,13,4,0,1,4,3,0,1,16,1,1,1,1,0,6,5,1,0,2,0
7,8,0,0,1,4,3,0,1,16,1,1,1,0,0,1,1,6,0,6,1
7,20,0,1,1,0,3,0,0,1,1,1,1,7,0,1,0,6,10,10,1
15,20,4,0,1,0,3,0,0,15,1,1,1,0,2,1,5,6,0,10,1
1,15,4,0,1,0,3,0,0,2,1,1,1,7,0,1,0,2,3,4,1
4,15,4,0,1,0,3,3,0,0,1,1,1,7,0,1,0,6,6,9,1
2,14,4,0,0,4,3,3,1,16,1,1,0,5,0,0,5,0,0,4,0
14,17,0,0,1,0,3,0,0,1,1,1,1,0,2,2,0,7,8,12,1
5,15,4,0,1,0,3,0,0,12,1,1,1,7,0,1,0,6,11,5,1
10,20,0,0,1,0,3,1,0,11,1,1,1,8,0,1,0,6,6,13,1
4,20,4,1,1,0,3,1,0,0,1,1,1,0,0,1,0,9,3,8,1
14,18,0,1,1,0,3,0,0,0,1,1,1,0,2,1,0,4,4,10,1
10,21,4,0,1,4,3,0,1,0,1,1,1,0,0,1,0,6,5,14,0
8,15,0,1,1,0,3,0,0,2,1,1,1,0,0,6,0,6,2,8,1
8,21,4,0,1,4,3,0,1,5,1,1,1,0,0,2,0,8,3,8,0
5,20,4,1,0,0,3,1,0,2,1,1,0,0,0,5,0,6,5,2,1
1,15,4,1,1,0,3,0,0,2,1,1,1,0,0,1,0,2,2,4,0
13,21,4,1,1,3,3,0,1,0,1,1,1,5,2,1,0,6,8,14,1
13,21,0,1,1,4,3,0,1,1,1,1,1,5,2,0,5,0,0,0,1
1,18,2,1,1,0,3,0,0,0,1,1,1,0,0,1,5,6,0,7,1
11,19,4,0,1,4,3,0,1,16,1,1,1,5,0,2,5,4,0,1,0
2,18,4,1,1,0,3,3,0,2,1,1,1,0,0,0,5,0,0,0,1
5,17,4,0,1,0,3,0,0,2,1,1,1,1,0,1,0,6,2,6,1
4,18,4,1,1,0,1,1,0,11,1,1,1,0,2,3,0,6,7,7,1
2,18,4,0,1,0,3,0,0,2,1,1,1,5,0,1,0,6,7,9,1
11,18,0,0,1,0,3,0,0,0,1,1,1,7,2,1,0,6,3,11,0
4,20,4,1,1,0,3,0,0,11,1,1,1,5,0,4,5,6,0,4,1
2,18,4,0,1,4,3,0,1,2,1,1,1,0,0,9,2,0,0,0,1
1,15,4,0,1,0,3,3,0,2,1,1,1,0,0,2,0,1,3,1,1
1,14,4,0,0,0,3,0,0,15,1,1,0,0,0,0,5,0,0,0,0
11,20,0,1,1,0,3,1,0,0,1,1,1,0,2,2,0,6,4,10,0
3,20,4,1,1,0,3,1,0,0,1,1,1,0,0,1,0,1,3,2,1
3,18,4,1,1,0,3,3,0,2,1,1,1,0,0,0,5,0,0,0,1
12,21,4,0,1,0,3,0,0,0,1,1,1,5,2,2,0,6,3,14,1
1,18,4,0,1,0,3,0,0,2,1,1,1,7,0,1,0,6,10,8,1
13,20,0,1,1,0,3,1,0,0,1,1,1,0,2,5,0,6,2,7,1
5,17,4,0,1,0,3,0,0,2,1,1,1,0,0,1,0,2,4,4,1
10,16,4,0,1,0,3,0,0,15,1,1,1,7,0,0,5,0,0,0,0
13,18,0,1,1,0,3,1,0,1,1,1,1,0,2,1,0,2,3,4,1
5,17,4,1,1,0,3,3,0,12,1,1,1,0,2,1,5,0,0,0,0
5,20,4,1,1,0,3,1,0,0,1,1,1,0,0,1,2,1,0,2,1
14,20,4,1,1,0,3,1,0,12,1,1,1,8,2,6,1,9,0,12,0
12,15,0,0,1,4,3,0,1,1,1,1,1,8,2,1,0,6,8,12,0
14,20,0,0,1,0,3,1,0,0,1,1,1,0,2,1,0,9,1,14,1
14,23,0,1,1,0,3,0,0,0,1,1,1,0,2,1,0,6,4,7,1
3,15,4,0,0,0,3,3,0,16,1,1,0,7,0,1,0,5,2,5,1
1,18,4,0,1,4,3,3,1,16,1,1,1,5,0,1,1,2,0,2,1
15,20,0,1,1,0,3,0,0,0,1,1,1,5,2,1,0,3,5,14,1
2,22,4,1,1,0,3,0,0,0,1,1,1,0,0,1,0,9,2,14,0
2,15,4,0,1,4,3,1,1,5,1,1,1,0,0,1,0,3,10,4,1
11,21,4,0,1,4,3,0,1,0,1,1,1,5,2,1,0,6,4,13,0
2,18,4,1,1,0,3,1,0,2,1,1,1,7,0,1,0,3,4,2,1
15,20,0,1,0,0,3,0,0,0,1,0,0,5,2,1,4,6,0,13,0
12,18,0,0,1,0,3,0,0,2,1,1,1,7,2,1,0,6,2,8,1
15,17,4,0,1,0,3,0,0,0,1,1,1,1,2,1,0,6,1,13,1
13,20,4,0,1,3,3,0,1,11,1,1,1,5,2,1,0,6,10,14,1
9,18,0,1,1,0,3,0,0,1,1,1,1,0,0,0,5,0,0,0,0
13,20,0,1,1,2,3,1,0,1,1,1,1,0,2,1,0,5,9,14,1
6,15,4,0,1,4,3,0,1,2,1,1,1,7,0,1,0,6,6,5,1
14,20,4,1,1,0,3,0,0,0,1,1,1,0,2,1,0,8,3,12,0
9,18,4,0,1,0,3,0,0,2,1,1,1,7,0,1,0,6,6,8,1
8,18,4,0,1,0,3,2,0,5,1,1,1,0,0,1,5,3,0,1,1
13,20,4,0,1,3,3,3,1,0,1,1,1,5,2,3,0,9,4,14,1
13,20,4,1,1,3,3,0,1,0,1,1,1,5,2,1,1,8,0,7,1
15,17,3,0,1,0,3,0,0,2,1,1,1,0,2,6,0,4,8,6,1
14,15,4,0,1,0,3,1,0,0,1,1,1,7,2,1,0,5,1,10,1
10,21,0,1,1,0,3,1,0,0,1,1,1,0,0,1,0,6,5,9,0
2,15,0,1,1,0,3,0,0,1,1,1,1,0,0,0,5,0,0,0,1
14,18,4,1,1,0,3,1,0,0,1,1,1,0,2,1,0,4,4,8,1
5,18,4,1,1,0,3,0,0,0,1,1,1,7,0,1,0,6,10,8,1
1,18,4,0,1,0,3,0,0,2,1,1,1,0,0,1,0,1,1,1,0
12,20,0,1,1,0,3,1,0,1,1,1,1,0,2,2,0,7,3,11,0
15,19,4,0,1,4,3,0,1,2,1,1,1,5,2,2,0,4,2,12,1
7,18,4,1,1,0,3,3,0,2,1,1,1,0,0,4,0,5,6,6,1
9,20,4,0,1,0,3,1,0,0,1,1,1,0,0,4,0,6,1,11,0
7,16,4,0,1,4,3,0,1,0,1,1,1,7,0,1,0,1,2,4,1
6,18,4,1,1,0,3,3,0,14,1,1,1,1,0,1,0,4,6,7,1
7,15,4,0,1,0,3,0,0,2,1,1,1,0,0,1,0,4,10,7,1
9,20,0,0,1,4,3,0,1,0,1,1,1,0,0,1,0,6,8,11,1
2,18,4,0,1,0,3,1,0,16,1,1,1,0,0,1,0,6,10,2,1
12,15,0,0,1,0,3,0,0,1,1,1,1,7,2,1,0,6,1,11,1
12,15,0,1,1,0,3,1,0,9,1,1,1,0,2,0,5,0,0,0,1
2,15,4,1,1,3,3,0,1,2,1,1,1,5,0,1,5,0,0,0,1
13,21,0,1,1,4,3,0,1,1,1,1,1,5,2,0,5,0,0,0,0
1,15,4,0,1,0,3,3,0,2,1,1,1,7,0,1,0,5,1,5,1
4,15,4,1,1,0,3,0,0,2,1,1,1,1,0,3,0,3,4,5,1
11,20,0,0,1,4,3,3,1,0,1,1,1,0,2,1,0,6,0,14,1
15,13,4,0,1,0,3,0,0,15,1,1,1,1,2,1,5,0,0,0,1
13,20,4,0,1,0,3,3,0,0,1,1,1,5,2,1,0,8,8,14,1
15,19,0,0,1,3,3,0,1,1,1,1,1,0,2,3,0,6,10,12,1
5,20,4,1,1,0,3,1,0,12,1,1,1,8,0,4,5,2,0,2,1
0,15,4,0,1,2,3,3,0,2,1,1,1,0,0,9,2,0,0,0,1
2,15,0,1,1,0,3,0,0,8,1,1,1,7,0,1,0,3,6,5,1
3,20,4,0,1,0,3,1,0,2,1,1,1,0,0,1,0,6,4,9,1
10,21,0,1,1,4,3,0,1,1,1,1,1,5,0,1,0,6,5,14,1
8,17,3,0,1,0,2,0,0,0,1,1,1,0,2,6,0,1,9,6,1
14,14,4,0,0,0,3,2,0,0,1,1,0,7,2,1,5,6,0,3,1
11,15,4,0,1,0,0,0,0,16,1,1,1,0,2,5,3,9,1,8,0
12,20,4,1,1,0,3,0,0,0,1,1,1,7,2,1,0,6,6,13,0
6,13,4,0,1,0,3,1,0,7,1,1,1,0,0,1,5,0,0,0,1
11,15,4,1,1,0,3,1,0,2,1,1,1,8,2,1,0,6,4,13,1
9,21,4,0,1,0,3,0,0,0,1,1,1,0,0,0,5,0,0,0,1
0,15,4,1,1,0,3,0,0,16,1,1,1,7,0,3,5,1,0,1,1
8,15,4,0,1,0,3,0,0,7,1,1,1,1,0,1,5,0,0,4,1
0,18,4,1,1,4,3,0,1,14,1,1,1,0,0,1,5,0,0,0,1
12,15,4,0,1,0,1,0,0,0,1,1,1,0,2,5,0,6,4,10,0
11,20,4,1,1,4,3,0,1,12,1,1,1,5,2,1,0,2,3,6,1
13,12,4,1,0,0,3,0,0,0,1,1,0,0,2,1,5,0,0,4,1
3,18,4,1,1,0,3,1,0,0,1,1,1,5,0,1,5,0,0,2,1
9,20,4,1,1,3,3,0,1,0,1,1,1,5,0,1,0,6,6,12,0
8,13,4,0,1,0,3,0,0,7,1,1,1,1,0,0,5,0,0,7,1
10,20,4,1,1,3,3,3,1,11,1,1,1,0,0,1,0,4,2,14,0
11,18,4,0,1,0,3,1,0,15,1,1,1,8,0,4,5,6,0,4,0
1,19,4,0,1,0,3,0,0,2,1,1,1,0,0,0,5,0,0,0,1
2,15,4,0,1,4,3,0,1,7,1,1,1,7,0,1,0,6,6,6,1
3,20,4,0,1,0,3,0,0,4,1,1,1,0,0,6,0,1,6,1,1
10,21,0,1,1,3,3,0,1,0,1,1,1,5,0,1,0,6,6,14,1
9,15,4,0,1,4,3,1,1,11,1,1,1,0,0,4,0,1,6,4,0
14,14,4,0,1,0,3,0,0,2,1,1,1,5,2,1,0,6,8,12,1
7,19,4,0,1,0,3,3,0,0,1,1,1,1,0,1,0,6,3,10,1
3,15,4,0,1,0,3,1,0,2,1,1,1,5,0,1,0,8,4,11,1
13,21,0,1,1,4,3,0,1,1,1,1,1,5,2,1,0,6,2,14,1
10,20,4,1,1,0,3,0,0,0,1,1,1,0,0,1,0,8,2,12,1
12,18,4,1,1,3,3,0,1,2,1,1,1,8,2,1,5,0,0,0,1
3,15,4,0,0,0,3,0,0,2,1,1,0,0,0,1,5,0,0,3,1
4,20,4,0,1,0,3,0,0,3,1,1,1,0,0,1,0,9,7,13,0
2,18,4,0,1,0,3,0,0,2,1,1,1,0,0,2,0,6,6,7,1
9,18,4,0,1,0,3,0,0,2,1,1,1,7,0,1,0,6,5,9,1
11,20,4,1,1,0,3,0,0,2,1,1,1,0,2,3,0,6,3,5,1
12,15,3,1,1,0,3,0,0,0,1,1,1,0,2,1,0,6,2,4,0
8,1,4,1,1,4,3,3,1,0,1,1,1,5,0,3,0,6,3,11,1
10,15,4,0,1,0,3,0,0,15,1,1,1,7,0,0,5,0,0,0,0
15,21,0,0,1,4,3,0,1,0,1,1,1,5,2,1,0,7,9,14,0
11,20,4,1,1,0,3,3,0,11,1,1,1,0,2,1,0,6,6,12,1
0,18,4,1,1,0,3,0,0,16,1,1,1,0,0,0,5,0,0,0,0
14,17,2,1,1,4,3,1,1,0,1,1,1,0,2,1,0,7,8,12,1
14,21,4,1,1,0,3,1,0,0,1,1,1,8,2,4,2,0,0,0,1
15,20,4,0,1,3,3,0,1,11,1,1,1,0,2,1,0,7,7,9,1
10,18,0,1,1,4,3,0,1,8,1,1,1,7,0,1,0,6,1,8,1
9,15,4,1,1,3,3,0,1,2,1,1,1,7,0,1,0,6,4,6,1
11,18,0,0,1,0,3,1,0,0,1,1,1,0,2,1,0,7,3,9,1
0,18,4,0,1,3,3,0,1,11,1,1,1,0,0,1,5,4,0,2,0
6,15,4,0,1,0,3,0,0,2,1,1,1,5,0,1,0,5,3,7,1
15,15,0,1,1,0,3,0,0,0,1,1,1,0,2,1,0,6,1,10,1
15,21,0,1,1,4,3,0,1,1,1,1,1,0,2,1,0,6,6,9,0
4,17,4,1,1,0,3,0,0,2,1,1,1,7,0,1,0,2,3,5,1
9,18,0,1,1,0,3,3,0,1,1,1,1,8,0,7,0,1,3,9,1
7,19,4,1,1,0,3,0,0,2,1,1,1,0,0,1,0,8,1,12,1
3,18,4,1,1,0,3,0,0,9,1,1,1,0,0,1,0,2,2,4,1
8,17,0,0,1,0,3,1,0,0,1,1,1,0,0,0,5,0,0,0,0
8,15,4,1,1,0,3,0,0,2,1,1,1,0,0,1,0,6,3,5,1
0,18,4,1,1,0,3,1,0,2,1,1,1,8,0,0,5,0,0,0,1
11,8,0,1,1,4,3,0,1,11,1,1,1,7,2,1,0,1,4,3,1
2,18,4,0,1,4,3,3,1,11,1,1,1,5,0,0,5,0,0,0,0
8,21,0,1,1,0,3,1,0,0,1,1,1,0,0,1,1,9,0,13,0
8,20,4,1,1,0,3,0,0,11,1,1,1,5,0,1,0,4,6,13,1
2,20,4,1,1,0,3,1,0,2,1,1,1,0,0,1,0,1,2,2,1
3,17,4,0,1,0,3,0,0,9,1,1,1,0,0,2,0,9,3,7,0
5,15,4,0,1,0,3,0,0,7,1,1,1,0,0,1,0,6,2,3,1
1,15,4,0,1,0,3,3,0,2,1,1,1,0,0,1,0,6,2,2,1
4,15,2,1,1,0,3,1,0,7,1,1,1,0,0,6,0,9,6,7,1
0,19,4,1,1,0,3,0,0,2,1,1,1,0,0,1,5,0,0,0,1
0,18,4,1,1,4,3,1,1,16,1,1,1,0,0,1,5,6,0,3,1
11,16,0,1,1,0,3,3,0,1,1,1,1,0,2,1,5,0,0,2,1
10,18,4,0,1,0,3,0,0,11,1,1,1,0,0,1,0,8,8,14,0
3,15,4,1,1,0,3,0,0,11,1,1,1,0,0,1,0,6,1,6,1
8,17,4,0,0,0,3,1,0,15,1,1,0,0,0,1,5,9,0,1,1
7,15,4,0,1,0,3,0,0,2,1,1,1,0,0,1,5,0,0,0,1
0,17,4,1,1,0,3,0,0,2,1,1,1,7,0,1,2,2,0,2,1
2,18,4,0,1,0,3,1,0,2,1,1,1,0,0,9,2,0,0,0,1
10,20,0,0,1,0,3,3,0,0,1,1,1,0,0,1,0,6,3,13,1
7,19,4,1,1,0,3,0,0,7,1,1,1,0,0,1,0,5,10,3,1
6,14,4,0,1,0,3,0,0,12,1,1,1,0,0,1,0,6,4,14,0
8,19,4,1,1,0,3,0,0,7,1,1,1,0,0,1,5,0,0,4,1
1,15,4,1,1,0,3,1,0,2,1,1,1,0,0,1,0,6,6,6,1
4,15,4,1,1,4,3,0,1,0,1,1,1,0,0,1,0,6,4,5,0
7,15,0,1,1,0,3,0,0,0,1,1,1,0,0,1,0,6,4,10,0
15,18,0,0,1,4,3,0,1,1,1,1,1,5,2,1,0,6,11,14,1
3,17,4,0,1,0,3,0,0,0,1,1,1,0,0,1,0,9,8,8,1
3,20,4,1,0,0,3,0,0,2,1,1,0,5,0,1,1,3,0,4,1
9,15,4,1,1,0,3,0,0,2,1,1,1,0,0,1,0,6,6,7,1
3,19,4,1,1,0,3,0,0,16,1,1,1,0,0,1,5,6,0,2,1
13,11,3,0,1,0,3,0,0,15,1,1,1,0,2,0,5,0,0,0,0
9,20,4,0,1,3,3,0,1,0,1,1,1,5,0,1,0,6,3,7,0
0,19,4,1,1,0,3,0,0,2,1,1,1,0,0,1,0,1,2,2,1
9,20,4,1,1,0,3,0,0,12,1,1,1,7,0,1,0,7,6,11,1
14,20,4,0,1,0,3,3,0,2,1,1,1,7,2,1,0,6,3,12,1
7,18,4,0,1,4,3,0,1,11,1,1,1,0,0,1,0,1,3,2,0
5,20,4,1,1,0,3,0,0,2,1,1,1,5,0,1,0,6,8,10,1
9,20,4,0,1,4,3,0,1,9,1,1,1,5,0,1,0,6,11,8,0
15,17,4,0,1,0,3,0,0,2,1,1,1,7,2,1,0,6,2,8,1
3,18,4,0,1,0,3,0,0,2,1,1,1,1,0,1,0,3,2,4,1
4,21,4,0,1,0,3,3,0,2,1,1,1,0,0,6,0,1,0,4,1
12,20,0,0,1,0,3,1,0,1,1,1,1,0,2,2,0,7,10,12,1
13,20,0,1,1,3,3,0,1,0,1,1,1,5,2,1,0,6,4,14,1
4,16,4,1,1,0,3,2,0,10,1,1,1,4,0,1,5,9,0,1,1
12,20,4,0,1,0,3,0,0,0,1,1,1,0,2,1,0,6,4,13,1
10,20,0,0,1,0,3,3,0,0,1,1,1,0,0,1,0,9,11,14,1
13,19,4,0,1,0,3,1,0,2,1,1,1,0,2,1,0,2,5,6,1
3,15,4,0,1,0,3,0,0,11,1,1,1,5,0,1,0,4,8,6,0
4,18,4,0,1,4,3,0,1,16,1,1,1,5,0,1,0,7,6,2,1
6,20,4,0,1,4,3,0,1,5,1,1,1,5,0,2,0,1,2,6,1
14,21,0,0,1,0,3,3,0,1,1,1,1,5,2,1,0,2,2,14,1
11,17,4,0,1,0,3,1,0,2,1,1,1,8,2,1,0,6,6,12,1
15,18,4,0,1,0,3,0,0,11,1,1,1,7,2,1,0,7,7,10,1
3,18,4,1,1,0,3,0,0,2,1,1,1,5,0,1,0,5,2,5,1
11,19,0,0,1,0,3,1,0,1,1,1,1,0,2,1,0,6,5,12,1
0,13,4,0,1,0,3,0,0,2,1,1,1,0,0,1,0,2,2,6,1
1,18,4,1,1,0,3,0,0,2,1,1,1,7,0,0,5,0,0,0,1
0,15,4,1,1,0,3,0,0,2,1,1,1,0,0,1,0,1,3,6,0
5,17,4,0,1,0,3,1,0,12,1,1,1,0,0,1,0,7,2,11,0
12,20,4,0,1,0,3,0,0,2,1,1,1,1,0,4,0,5,5,4,1
1,18,4,1,1,0,3,0,0,2,1,1,1,5,0,1,0,4,3,9,1
5,19,0,1,1,0,3,0,0,0,1,1,1,0,0,1,5,3,0,3,1
13,11,0,0,1,0,3,0,0,4,1,1,1,0,2,1,0,9,8,14,1
10,20,4,0,1,0,3,3,0,11,1,1,1,0,0,1,0,6,3,12,1
3,17,4,0,1,0,3,3,0,2,1,1,1,7,0,1,0,9,2,5,1
6,20,4,0,1,0,3,0,0,0,1,1,1,5,0,1,0,6,3,14,0
8,1,4,1,0,4,3,3,1,15,1,1,0,5,0,0,5,0,0,0,1
14,20,4,1,1,0,3,0,0,2,1,1,1,7,2,1,2,6,0,2,1
12,21,4,1,1,0,3,1,0,12,1,1,1,5,2,1,0,6,7,12,1
9,20,0,0,1,0,3,3,0,1,1,1,1,0,0,1,0,3,5,11,1
9,19,0,0,1,0,0,3,0,1,1,1,0,7,1,5,3,9,7,12,1
14,15,0,0,1,0,3,3,0,0,1,1,1,0,2,6,0,2,10,8,1
1,18,4,1,1,0,3,0,0,2,1,1,1,0,0,1,5,6,0,5,0
2,15,4,0,1,4,3,0,1,2,1,1,1,0,0,1,0,2,4,2,1
5,20,4,0,1,0,3,0,0,2,1,1,1,1,0,6,0,6,10,4,1
5,8,4,0,0,2,3,3,1,3,1,0,0,0,0,1,0,3,4,3,1
10,18,0,1,1,4,3,0,1,1,1,1,1,5,0,1,0,1,3,7,1
9,20,4,0,1,0,3,1,0,2,1,1,1,5,0,1,0,6,0,11,0
0,12,4,1,1,0,3,0,0,5,1,1,1,0,0,1,0,1,2,5,1
0,18,4,1,1,0,3,0,0,2,1,1,1,5,0,0,5,0,0,0,1
0,18,4,0,1,0,3,1,0,5,1,1,1,8,0,1,0,1,2,3,1
13,21,0,1,1,4,3,0,1,1,1,1,1,5,2,0,5,0,0,0,1
12,20,0,0,1,0,3,0,0,0,1,1,1,0,2,1,0,6,5,12,0
1,18,4,0,1,0,3,1,0,0,1,1,1,0,0,1,0,6,4,5,1
10,17,4,0,1,0,3,3,0,2,1,1,1,7,0,3,0,7,1,12,1
14,18,2,0,1,0,3,1,0,0,1,1,1,0,2,1,0,9,1,14,1
11,19,0,0,1,0,3,1,0,1,1,1,1,0,2,1,2,2,0,4,1
4,19,4,1,1,0,3,0,0,2,1,1,1,0,0,2,0,8,2,7,1
4,20,4,0,1,0,3,1,0,2,1,1,1,0,0,1,0,6,4,5,1
10,20,0,1,1,0,3,0,0,1,1,1,1,0,0,7,0,6,3,9,1
13,18,2,1,1,0,3,0,0,0,1,1,1,0,2,1,0,6,6,7,1
0,15,4,0,1,0,3,3,0,2,1,1,1,0,0,1,0,2,2,3,1
12,20,0,1,1,3,3,2,1,1,1,1,1,7,2,5,4,6,4,11,0
10,21,4,1,1,0,3,1,0,0,1,1,1,0,0,2,0,6,4,12,1
0,15,4,1,1,0,3,0,0,16,1,1,1,0,0,0,5,0,0,0,0
13,19,0,0,1,0,3,0,0,0,1,1,1,0,2,3,0,6,7,12,1
9,20,4,1,1,0,3,1,0,0,1,1,1,0,0,3,0,6,0,9,0
3,20,0,1,1,0,3,0,0,1,1,1,1,0,0,1,5,0,0,0,0
2,15,4,1,1,0,3,0,0,11,1,1,1,0,0,4,2,1,0,2,1
13,15,4,1,1,0,3,3,0,12,1,1,1,0,2,1,2,0,0,6,1
15,19,4,0,1,0,3,0,0,2,1,1,1,7,2,0,5,0,0,0,1
3,15,4,0,1,4,3,0,1,9,1,1,1,7,0,1,0,4,3,5,1
0,17,4,0,1,0,3,0,0,2,1,1,1,0,0,1,0,6,5,6,1
14,18,0,0,1,0,3,1,0,1,1,1,1,0,2,0,5,0,0,0,1
12,20,4,1,1,0,3,3,0,11,1,1,1,0,2,4,5,0,0,0,1
7,20,4,1,1,4,3,3,1,5,1,1,1,5,0,1,0,6,2,6,1
0,17,4,0,1,0,3,1,0,16,1,1,1,0,0,1,5,4,0,2,0
0,15,4,1,1,0,3,0,0,16,1,1,1,7,0,0,5,0,0,0,0
14,15,4,0,1,0,3,0,0,12,1,1,1,0,2,1,0,7,2,7,1
7,15,4,0,1,0,3,0,0,2,1,1,1,0,0,2,0,6,4,8,1
10,15,4,0,1,0,3,0,0,2,1,1,1,0,0,1,0,7,5,7,1
9,20,4,1,1,0,3,0,0,0,1,1,1,0,0,1,0,6,3,14,1
15,13,4,0,1,0,3,0,0,15,1,1,1,1,2,0,5,0,0,0,1
0,18,4,1,1,0,3,0,0,11,1,1,1,0,0,3,0,4,7,5,1
15,22,0,1,1,0,3,1,0,0,1,1,1,0,2,3,0,6,4,12,1
7,18,4,1,0,0,3,0,0,16,1,1,0,0,0,1,5,0,0,5,1
14,20,4,1,1,0,3,0,0,0,1,1,1,0,2,1,0,7,5,14,1
12,15,4,0,1,3,3,0,1,2,1,1,1,8,0,6,0,4,5,8,1
12,18,4,1,1,0,3,3,0,0,1,1,1,5,2,1,5,0,0,0,1
11,15,4,0,1,0,3,0,0,12,1,1,1,0,2,0,5,0,0,0,1
10,19,0,0,1,3,3,0,1,0,1,1,1,5,0,1,0,8,2,7,1
15,20,0,0,1,0,3,0,0,0,1,1,1,0,2,1,0,8,6,14,1
3,18,4,1,1,0,3,1,0,0,1,1,1,0,0,5,0,6,4,9,0
11,21,0,1,1,0,3,3,0,1,1,1,1,0,2,1,0,7,5,12,1
9,18,4,0,1,0,3,1,0,5,1,1,1,0,0,1,0,6,3,6,1
15,18,0,1,1,4,3,0,1,2,1,1,1,0,2,0,5,0,0,0,1
0,18,4,0,1,0,3,1,0,4,1,1,1,0,0,1,0,4,6,2,1
7,20,4,1,1,0,3,1,0,2,1,1,1,5,0,3,0,6,6,12,1
0,17,4,0,0,0,3,0,0,2,1,1,0,0,0,1,0,2,3,4,1
4,19,4,1,1,0,3,1,0,2,1,1,1,0,0,1,0,4,10,2,1
11,20,0,0,1,0,3,1,0,0,1,1,1,0,2,1,0,6,5,14,0
7,15,4,1,1,4,3,0,1,2,1,1,1,5,0,0,5,0,0,0,1
7,22,4,0,1,0,3,0,0,0,1,1,1,1,0,1,0,9,6,13,1
5,15,4,1,1,0,3,1,0,2,1,1,1,0,0,1,0,6,1,8,1
0,15,4,1,1,4,3,0,1,9,1,1,1,5,0,0,5,0,0,0,1
7,17,0,1,1,0,3,1,0,0,1,1,1,0,0,2,0,4,6,9,1
15,15,4,1,1,3,3,0,1,2,1,1,1,7,2,1,0,6,4,9,1
14,13,4,1,1,0,3,0,0,0,1,1,1,7,2,0,5,0,0,0,1
12,18,0,1,1,0,3,0,0,1,1,1,1,0,2,7,1,9,0,9,1
10,20,4,1,1,0,3,3,0,0,1,1,1,0,0,3,0,6,5,10,1
2,19,4,0,1,0,3,3,0,2,1,1,1,0,0,1,0,2,2,6,1
1,18,4,1,1,0,3,3,0,2,1,1,1,1,0,9,2,0,0,0,1
11,14,4,0,1,0,3,0,0,2,1,1,1,7,2,1,2,0,0,0,1
8,13,0,1,0,0,3,0,0,1,1,1,1,0,2,1,5,0,0,6,1
8,20,4,0,1,0,3,3,0,11,1,1,1,0,0,1,0,6,0,9,0
2,15,4,0,1,4,3,0,1,0,1,1,1,0,0,7,0,9,10,14,0
7,20,4,0,1,0,3,1,0,2,1,1,1,0,0,1,0,6,6,12,0
5,18,4,1,1,0,3,0,0,10,1,1,1,0,0,1,0,6,7,10,1
14,20,0,0,1,0,3,0,0,0,1,1,1,5,2,1,0,6,3,13,1
5,18,4,1,1,0,3,0,0,2,1,1,1,7,0,1,0,6,8,5,1
7,20,4,0,1,0,3,0,0,0,1,1,1,5,0,1,0,9,4,14,1
11,8,0,1,1,0,3,2,0,11,1,1,1,0,2,1,0,6,4,12,1
13,19,4,1,1,0,3,0,0,15,1,1,1,7,2,0,5,0,0,0,1
2,16,4,0,1,0,3,0,0,15,1,1,1,0,0,0,5,0,0,2,1
11,18,0,1,1,0,3,0,0,0,1,1,1,0,2,4,5,1,0,3,1
0,18,4,0,0,0,3,0,0,2,1,1,0,0,0,0,5,0,0,0,1
6,19,4,1,1,0,3,1,0,0,1,1,1,8,0,1,0,4,8,5,1
8,18,4,1,1,0,3,0,0,2,1,1,1,0,0,1,0,6,6,8,1
9,15,0,1,1,0,3,3,0,2,1,1,1,7,0,1,0,8,3,11,1
9,20,4,0,1,0,3,1,0,5,1,1,1,0,0,1,2,6,0,6,1
8,18,4,1,1,0,3,3,0,5,1,1,1,0,0,0,5,0,0,0,1
7,18,4,0,1,0,3,3,0,5,1,1,1,0,0,1,0,6,2,10,1
14,0,4,1,1,4,3,0,1,9,1,1,1,7,2,0,5,0,0,0,1
5,17,4,0,1,0,3,1,0,5,1,1,1,0,0,6,0,6,8,11,1
13,20,4,1,0,0,3,1,0,0,1,1,0,0,2,2,5,2,0,3,0
11,20,4,0,1,0,3,1,0,0,1,1,1,0,2,1,0,6,3,11,0
9,20,0,1,1,0,3,1,0,0,1,1,1,0,0,1,5,6,0,3,0
1,19,4,0,1,0,3,0,0,11,1,1,1,5,0,1,0,4,2,5,0
0,15,4,1,1,0,3,0,0,4,1,1,1,0,0,3,0,1,8,1,1
2,15,4,1,1,0,3,0,0,12,1,1,1,0,0,3,0,3,4,4,1
9,18,4,1,0,0,3,0,0,2,0,0,1,5,0,4,0,2,9,11,1
12,18,4,0,1,0,3,0,0,0,1,1,1,0,2,1,0,6,8,11,1
7,15,0,0,1,0,3,1,0,2,1,1,1,0,0,1,0,4,0,8,1
14,6,0,0,1,0,3,0,0,0,1,1,1,7,2,1,0,6,8,7,1
3,21,4,0,1,0,3,1,0,16,1,1,1,0,0,1,0,2,5,4,0
4,15,4,1,1,0,3,1,0,2,1,1,1,0,0,1,5,0,0,0,1
8,20,4,1,1,0,3,0,0,2,1,1,1,0,0,3,0,6,6,9,1
9,18,4,1,1,0,3,0,0,2,1,1,1,0,0,2,0,6,3,10,1
0,15,4,0,1,0,3,3,0,11,1,1,1,5,0,1,0,6,2,6,1
4,20,4,0,1,3,3,0,1,2,1,1,1,5,0,1,0,2,4,5,1
1,15,0,0,1,4,3,0,1,2,1,1,1,6,0,3,0,5,1,3,1
13,15,0,1,1,0,3,0,0,1,1,1,1,0,2,1,0,6,3,11,1
12,15,4,0,1,3,3,0,1,2,1,1,1,0,2,1,0,4,6,5,1
7,19,4,1,1,4,3,0,1,12,1,1,1,5,0,1,0,3,5,11,1
3,17,3,1,1,0,2,3,0,2,1,1,1,0,2,1,0,8,4,6,1
15,18,0,0,1,0,3,0,0,0,1,1,1,7,2,1,0,6,2,10,1
2,16,4,0,0,0,3,0,0,2,1,1,0,0,0,1,5,1,0,2,1
15,18,0,0,1,0,3,0,0,0,1,1,1,0,2,1,0,8,8,7,1
2,15,4,0,1,4,3,0,1,2,1,1,1,7,0,1,0,6,6,7,1
11,8,0,0,1,4,3,0,1,0,1,1,1,0,2,1,0,6,2,4,0
6,18,4,1,1,0,3,1,0,0,1,1,1,0,0,1,0,6,11,13,1
11,18,4,0,1,0,3,0,0,0,1,1,1,0,2,1,0,6,6,6,1
0,15,4,0,1,0,3,3,0,7,1,1,1,0,0,0,5,0,0,0,1
0,18,4,0,1,0,3,1,0,2,1,1,1,0,0,9,2,0,0,0,1
3,20,4,1,1,0,3,1,0,12,1,1,1,0,0,1,0,7,8,9,0
0,18,4,1,1,0,3,0,0,2,1,1,1,0,0,9,2,0,0,0,1
6,15,4,0,1,0,3,3,0,11,1,1,1,5,0,1,5,0,0,11,1
11,21,4,1,1,4,3,0,1,0,1,1,1,5,2,2,0,6,6,9,0
11,21,4,0,1,0,3,3,0,2,1,1,1,5,2,2,0,6,0,8,1
4,15,4,0,1,3,3,0,1,9,1,1,1,7,0,1,0,6,6,8,1
10,17,4,0,1,0,3,1,0,2,1,1,1,0,0,4,5,0,0,0,1
15,15,4,0,1,0,3,3,0,2,1,1,1,0,2,1,0,5,8,6,1
3,18,4,0,1,0,3,0,0,2,1,1,1,0,0,6,0,6,6,2,1
3,18,4,0,1,0,3,3,0,5,1,1,1,0,0,1,2,3,0,2,1
10,20,4,1,1,0,3,1,0,12,1,1,1,0,0,1,0,5,8,6,1
9,18,4,0,1,0,3,0,0,2,1,1,1,7,0,0,5,0,0,0,1
0,15,4,1,1,0,3,3,0,2,1,1,1,7,0,1,0,3,8,5,1
13,20,4,0,1,0,3,1,0,15,1,1,1,8,2,1,5,7,0,2,1
8,18,4,0,1,0,3,0,0,2,1,1,1,1,0,3,0,1,8,1,1
6,18,4,0,1,0,3,1,0,12,1,1,1,0,0,1,0,6,2,8,1
8,1,4,0,1,4,2,3,1,5,1,1,1,0,0,6,0,6,3,11,1
5,17,4,1,1,0,3,1,0,11,1,1,1,0,2,1,0,6,11,6,1
5,20,4,0,1,0,3,0,0,2,1,1,1,0,0,0,5,0,0,0,1
6,11,0,0,1,4,3,0,1,1,1,1,1,0,0,1,0,6,10,14,1
10,19,0,1,1,0,3,1,0,1,1,1,1,0,0,1,0,6,2,8,0
0,18,4,0,1,0,3,0,0,16,1,1,1,0,0,1,0,1,2,3,0
14,20,0,1,1,0,3,0,0,0,1,1,1,0,2,1,0,6,5,11,1
15,18,0,1,1,0,1,1,0,0,1,1,1,0,2,1,0,6,8,12,1
11,18,0,0,1,0,3,3,0,1,1,1,1,0,2,1,2,6,0,8,1
7,19,0,1,1,0,3,3,0,0,1,1,1,0,0,1,0,6,10,13,0
1,17,4,1,1,0,3,0,0,16,1,1,1,0,0,1,5,2,0,2,0
0,18,4,1,1,0,3,1,0,9,1,1,1,0,0,3,0,4,3,5,1
10,20,4,1,1,0,3,0,0,0,1,1,1,7,0,1,0,4,4,5,1
0,15,4,1,1,0,3,3,0,2,1,1,1,0,0,1,0,3,3,5,1
7,18,0,0,1,0,3,1,0,1,1,1,1,0,0,1,0,6,10,10,1
13,13,4,0,0,0,3,0,0,15,1,1,0,1,2,1,5,0,0,0,1
15,15,0,0,1,0,3,2,0,0,1,1,1,0,2,1,0,6,6,12,1
10,18,4,0,1,0,3,0,0,2,1,1,1,0,0,7,0,7,8,9,1
13,15,0,1,1,3,3,0,1,1,1,1,1,8,2,1,0,6,6,7,1
7,20,4,1,1,0,3,1,0,0,1,1,1,0,0,1,2,0,0,0,1
3,15,4,0,1,0,3,3,0,2,1,1,1,7,0,1,0,3,2,6,1
14,15,0,1,1,0,3,0,0,1,1,1,1,0,2,0,5,0,0,0,1
14,20,0,1,1,0,3,0,0,1,1,1,1,5,2,1,0,6,4,14,1
0,18,4,0,1,0,3,1,0,2,1,1,1,0,0,0,5,0,0,0,1
7,15,4,1,1,0,3,3,0,2,1,1,1,0,0,0,5,0,0,0,1
11,21,0,0,1,0,3,1,0,1,1,1,1,0,2,4,0,6,4,13,1
12,15,4,0,1,0,3,0,0,15,1,1,1,0,2,0,5,0,0,0,1
14,15,4,0,1,0,3,0,0,0,1,1,1,7,2,0,5,0,0,7,1
1,15,4,1,1,0,3,0,0,2,1,1,1,1,0,0,5,0,0,4,1
1,0,4,1,0,0,3,1,0,0,0,0,1,3,0,4,0,7,4,2,1
9,20,4,0,1,0,3,1,0,0,1,1,1,8,0,1,0,8,4,13,0
9,18,0,1,1,0,3,0,0,1,1,1,1,0,0,0,5,0,0,0,1
3,17,4,0,1,0,3,0,0,2,1,1,1,7,0,2,0,2,4,5,1
8,15,4,0,1,0,3,0,0,5,1,1,1,0,0,1,0,3,1,5,1
3,18,0,0,1,4,3,0,1,8,1,1,1,5,0,0,5,0,0,0,1
15,21,0,1,1,0,3,0,0,1,1,1,1,0,2,2,0,7,2,13,1
7,17,4,1,0,0,3,0,0,0,1,1,0,1,2,5,5,0,0,6,1
14,13,4,0,1,0,3,0,0,2,1,1,1,1,2,1,0,6,6,13,1
5,18,4,0,1,0,3,0,0,2,1,1,1,0,0,6,0,6,6,10,1
6,15,4,1,1,4,3,0,1,10,1,1,1,0,0,0,5,0,0,0,0
13,20,0,1,1,0,0,3,0,0,1,1,1,0,2,5,5,8,0,9,1
12,17,4,0,1,0,3,0,0,15,1,1,1,7,2,4,5,0,0,2,1
10,20,4,0,1,0,3,0,0,2,1,1,1,5,0,1,0,6,0,13,1
9,18,4,1,1,4,3,0,1,2,1,1,1,5,0,0,5,0,0,0,1
13,12,4,0,1,4,3,0,1,5,1,1,1,5,2,1,0,3,2,5,1
2,16,4,0,1,0,3,0,0,15,1,1,1,0,0,0,5,0,0,0,0
11,15,4,0,1,4,3,0,1,12,1,1,1,5,2,1,0,6,11,5,1
9,18,4,0,1,4,3,0,1,0,1,1,1,7,0,1,5,0,0,0,0
4,15,4,0,1,0,3,3,0,0,1,1,1,0,0,1,0,8,4,7,1
11,16,4,0,1,2,3,3,1,2,1,1,1,0,2,1,0,1,4,2,1
3,21,4,1,1,4,3,0,1,0,1,1,1,5,0,2,0,6,5,7,1
7,15,0,1,1,0,3,1,0,1,1,1,1,0,0,1,0,4,11,6,0
4,15,0,1,1,0,3,0,0,2,1,1,1,0,0,6,5,0,0,0,1
5,20,4,0,1,0,3,0,0,2,1,1,1,1,0,4,0,1,3,3,0
11,15,4,0,1,0,0,0,0,16,1,1,1,1,2,5,3,6,1,8,0
6,20,4,1,1,0,3,0,0,12,1,1,1,0,0,1,0,5,0,6,0
5,20,4,1,1,0,3,0,0,2,1,1,1,8,0,1,0,6,6,6,1
3,15,4,0,1,0,3,0,0,2,1,1,1,7,0,1,0,6,4,10,1
10,21,0,1,1,4,3,0,1,1,1,1,1,5,0,0,5,0,0,0,1
13,21,0,0,1,4,3,0,1,14,1,1,1,5,2,1,0,2,6,12,1
11,20,4,1,1,0,3,0,0,11,1,1,1,0,2,1,0,7,8,12,1
1,14,4,0,1,0,3,0,0,2,1,1,1,0,0,1,0,2,5,3,1
13,20,0,1,1,0,3,0,0,1,1,1,1,0,2,1,0,6,6,13,1
3,20,4,1,1,0,3,0,0,11,1,1,1,0,0,1,5,6,0,2,0
4,17,0,1,1,0,3,0,0,0,1,1,1,0,0,0,5,0,0,0,1
7,20,4,1,1,0,3,1,0,2,1,1,1,0,0,1,0,4,10,5,1
2,19,4,0,1,0,3,0,0,0,1,1,1,0,0,0,5,0,0,0,0
9,20,4,1,1,0,3,0,0,11,1,1,1,0,0,1,0,6,10,13,1
0,18,4,1,1,0,3,0,0,16,1,1,1,0,0,0,5,0,0,0,0
11,16,0,0,1,0,3,3,0,3,1,1,1,8,2,1,0,6,1,10,1
5,17,4,0,1,0,3,1,0,9,1,1,1,0,0,1,0,2,5,1,1
10,18,2,0,1,0,3,0,0,0,1,1,1,0,0,1,0,6,8,9,1
7,21,4,0,1,0,3,1,0,0,1,1,1,0,0,1,0,8,4,12,0
1,18,4,1,1,0,3,3,0,2,1,1,1,0,0,1,5,0,0,0,1
7,6,0,0,1,0,3,3,0,7,1,1,1,8,0,1,0,6,11,10,1
12,15,0,0,1,4,3,0,1,1,1,1,1,0,2,0,5,0,0,0,1
14,18,4,1,1,0,3,0,0,2,1,1,1,0,2,1,0,6,8,8,1
14,20,2,1,1,3,3,1,1,2,1,1,1,0,2,1,5,2,0,7,0
0,17,4,1,1,0,3,0,0,8,1,1,1,0,0,1,1,3,0,1,0
4,15,4,0,1,0,3,0,0,2,1,1,1,0,0,1,0,9,6,9,1
13,18,4,0,1,3,3,0,1,0,1,1,1,7,2,3,0,6,6,11,1
9,15,0,1,1,0,3,0,0,0,1,1,1,7,0,1,0,6,2,10,1
8,20,4,1,1,0,3,0,0,0,1,1,1,0,0,1,0,6,8,9,1
8,20,4,0,1,0,3,3,0,0,1,1,1,0,0,2,0,6,1,9,1
10,19,4,1,1,0,3,0,0,2,1,1,1,0,0,1,0,6,3,5,1
0,18,4,1,1,0,3,0,0,16,1,1,1,0,0,0,5,0,0,0,0
9,20,4,0,1,0,3,0,0,2,1,1,1,0,0,1,0,7,3,13,1
4,18,4,0,1,0,3,3,0,2,1,1,1,0,0,6,0,2,8,8,1
15,23,0,1,1,3,3,0,1,0,1,1,1,0,2,1,0,8,11,14,1
5,20,4,1,1,0,3,3,0,2,1,1,1,5,0,2,0,1,11,3,1
11,18,4,0,1,0,3,0,0,0,1,1,1,0,2,1,0,9,6,11,0
0,17,4,1,1,0,3,1,0,0,1,1,1,0,0,1,5,1,0,2,1
9,15,4,1,1,0,3,0,0,2,1,1,1,1,0,0,5,0,0,0,1
13,11,4,0,0,0,3,0,0,15,1,1,0,0,2,1,5,0,0,0,0
7,18,4,0,1,0,3,3,0,2,1,1,1,0,0,1,0,2,3,4,0
15,18,4,0,1,0,3,3,0,0,1,1,1,0,2,1,0,6,3,9,1
6,15,4,0,1,0,3,0,0,2,1,1,1,0,0,1,0,6,10,8,1
13,15,0,0,1,4,0,0,1,0,1,1,1,5,2,5,0,8,6,12,1
14,15,4,0,0,0,3,0,0,0,1,1,0,0,2,5,2,9,0,5,0
6,20,4,1,1,0,3,0,0,12,1,1,1,0,0,2,0,6,3,12,1
9,20,4,0,1,0,3,0,0,0,1,1,1,7,0,1,0,6,2,11,1
10,21,4,1,1,0,3,1,0,5,1,1,1,0,0,2,0,8,11,11,1
1,18,4,1,1,0,3,0,0,16,1,1,1,0,0,0,5,0,0,0,1
6,15,4,0,1,0,3,0,0,2,1,1,1,0,0,1,0,4,10,7,1
1,18,4,1,1,0,3,0,0,0,1,1,1,0,0,1,0,6,4,13,1
10,15,4,0,1,0,3,1,0,0,1,1,1,0,0,4,5,0,0,6,1
4,18,4,0,1,0,3,1,0,2,1,1,1,0,0,1,0,4,2,5,1
15,18,4,1,1,0,3,3,0,10,1,1,1,8,2,1,0,9,0,8,1
12,21,0,0,1,4,3,0,1,0,1,1,1,5,2,2,0,6,8,14,1
8,20,0,1,1,0,3,0,0,1,1,1,1,0,0,1,5,0,0,0,1
9,20,4,0,1,0,3,0,0,0,1,1,1,0,0,1,0,6,4,12,1
10,20,4,1,1,0,3,1,0,0,1,1,1,0,0,0,5,0,0,0,1
1,18,4,0,1,0,3,1,0,2,1,1,1,0,0,1,0,4,5,8,1
0,18,4,1,1,0,3,3,0,16,1,1,1,7,0,1,0,9,0,6,1
13,20,0,1,1,0,3,0,0,1,1,1,1,5,2,3,1,4,0,4,1
5,20,4,1,1,4,3,0,1,11,1,1,1,5,0,1,0,6,10,13,0
6,15,4,1,1,0,3,0,0,2,1,1,1,1,0,1,5,0,0,1,1
5,20,4,0,1,0,3,1,0,2,1,1,1,0,0,7,0,6,10,9,1
10,8,4,0,1,4,3,0,1,11,1,0,1,0,0,4,0,6,4,12,0
14,8,0,0,1,4,3,3,1,0,1,1,1,0,2,0,5,0,0,0,1
2,18,4,0,1,0,3,1,0,7,1,1,1,8,0,1,5,0,0,0,0
5,15,4,0,1,0,3,1,0,2,1,1,1,7,0,1,0,6,3,9,1
12,15,4,0,1,0,3,1,0,2,1,1,1,0,2,1,0,6,3,9,1
15,15,0,0,1,0,3,3,0,2,1,1,1,7,2,1,0,4,1,5,1
0,15,4,1,1,0,3,0,0,7,1,1,1,0,0,1,0,3,6,6,1
9,18,0,0,1,4,3,0,1,2,1,1,1,0,0,1,5,0,0,0,1
4,15,4,0,1,0,3,3,0,2,1,1,1,0,0,1,0,6,2,6,1
2,16,4,1,1,0,3,3,0,3,1,1,1,0,0,1,0,2,2,5,1
7,15,4,0,1,0,3,0,0,7,1,1,1,7,0,1,0,6,11,7,1
14,15,0,0,1,0,3,3,0,1,1,1,1,0,2,1,0,5,8,13,1
1,18,4,0,1,0,3,0,0,2,1,1,1,5,0,1,0,4,3,5,1
6,20,4,1,1,0,3,0,0,0,1,1,1,5,0,1,0,3,5,14,0
11,15,4,1,1,4,3,3,1,2,1,1,1,0,2,1,0,2,3,5,1
1,18,4,1,1,0,3,0,0,2,1,1,1,0,0,0,5,0,0,0,1
2,16,4,0,1,0,3,1,0,0,1,1,1,8,0,1,0,3,6,5,0
14,20,0,0,1,0,3,0,0,0,1,1,1,5,2,1,0,6,9,14,0
4,20,4,0,1,0,3,0,0,2,1,1,1,0,0,1,2,6,0,6,1
4,18,4,1,1,0,3,0,0,2,1,1,1,7,0,0,5,0,0,0,1
4,15,4,1,1,0,3,1,0,0,1,1,1,0,0,1,0,7,1,11,1
3,18,4,0,1,0,3,3,0,12,1,1,1,5,0,1,0,6,9,9,1
9,15,4,0,1,0,3,1,0,0,1,1,1,5,0,1,2,6,0,8,0
12,16,1,0,0,0,3,0,0,3,1,1,0,2,2,1,5,9,7,5,1
1,18,4,0,1,0,3,3,0,2,1,1,1,0,0,1,0,5,2,8,1
11,21,0,1,1,4,3,0,1,1,1,1,1,5,2,0,5,0,0,0,1
11,20,0,1,1,0,3,0,0,0,1,1,1,5,2,3,0,6,2,13,1
3,20,0,1,1,0,3,1,0,1,1,1,1,0,0,2,0,6,4,14,1
12,15,4,0,1,0,3,0,0,2,1,1,1,0,2,1,0,6,2,3,1
14,20,4,1,1,3,3,0,1,2,1,1,1,0,2,1,0,6,3,11,1
12,15,4,0,1,0,3,0,0,12,1,1,1,0,2,1,0,7,3,11,1
15,15,0,1,1,4,3,0,1,0,1,1,1,7,2,6,5,0,0,0,1
15,15,0,1,1,3,3,0,1,1,1,1,1,0,2,0,5,0,0,0,1
4,15,2,1,1,0,3,3,0,7,1,1,1,0,0,0,5,0,0,7,1
1,14,4,0,1,4,3,0,1,2,1,1,1,5,0,0,5,0,0,0,1
1,18,4,1,1,0,3,0,0,2,1,1,1,0,0,1,0,6,3,3,1
15,21,0,0,1,0,3,0,0,1,1,1,1,0,2,1,0,6,4,13,1
0,18,4,1,1,0,3,0,0,2,1,1,1,0,0,1,0,2,2,4,1
5,18,4,1,1,0,3,0,0,0,1,1,1,0,0,5,0,9,4,11,1
3,15,4,0,1,0,3,1,0,2,1,1,1,0,0,1,2,0,0,0,1
7,19,4,0,1,0,3,0,0,2,1,1,1,0,0,3,0,6,5,10,1
3,21,4,0,1,0,3,0,0,9,1,1,1,0,0,1,2,6,0,3,1
0,18,4,0,1,0,3,1,0,11,1,1,1,8,0,1,0,1,0,1,0
1,18,4,1,1,0,3,1,0,2,1,1,1,0,0,4,2,1,0,2,1
3,18,4,1,1,0,3,3,0,2,1,1,1,0,0,1,0,5,2,3,1
9,18,4,0,1,4,3,0,1,11,1,1,1,0,0,1,0,9,6,10,1
10,18,0,0,1,4,3,0,1,1,1,1,1,0,0,1,0,6,3,9,1
0,18,4,0,1,0,3,0,0,14,1,1,1,0,0,1,0,6,3,9,0
4,17,4,0,1,0,3,3,0,2,1,1,1,0,0,1,0,1,1,3,1
6,18,0,1,1,0,3,1,0,0,1,1,1,0,0,0,5,0,0,0,1
2,16,4,1,1,3,3,0,1,11,1,1,1,0,0,1,0,7,4,4,1
1,18,4,1,1,0,3,0,0,16,1,1,1,5,0,0,5,0,0,0,1
15,0,0,0,1,4,3,0,1,1,1,1,1,1,2,6,0,6,3,6,1
3,7,4,0,0,0,3,0,0,2,1,0,1,5,0,9,2,0,0,14,1
10,20,4,0,1,4,3,3,1,5,1,1,1,5,0,1,0,3,6,14,1
6,20,4,0,1,3,3,0,1,0,1,1,1,5,0,1,0,6,3,14,1
8,16,3,0,1,0,3,0,0,2,1,1,1,7,0,1,0,3,5,4,1
5,17,4,0,0,0,3,1,0,15,1,1,0,8,0,0,5,0,0,0,0
15,17,0,0,1,4,3,0,1,1,1,1,1,5,2,1,0,6,1,5,1
9,20,4,1,1,0,3,3,0,14,1,1,1,0,0,3,0,6,4,6,1
10,20,4,1,1,0,3,0,0,12,1,1,1,0,0,1,0,6,6,9,1
7,18,4,1,1,0,3,3,0,2,1,1,1,0,0,9,2,0,0,0,1
5,14,4,0,1,4,3,0,1,2,1,1,1,7,0,1,0,6,10,8,1
9,15,4,1,1,0,3,1,0,11,1,1,1,0,0,1,0,6,8,11,1
15,21,4,1,1,4,3,0,1,0,1,1,1,7,2,1,0,6,8,8,1
15,20,4,0,1,0,3,1,0,15,1,1,1,0,2,4,5,6,0,2,0
2,17,4,0,1,0,3,3,0,15,1,1,1,7,0,1,5,0,0,0,1
3,15,4,0,1,0,3,0,0,0,1,1,1,5,0,1,0,4,3,5,1
0,18,4,0,1,0,3,1,0,2,1,1,1,5,0,1,0,4,3,3,1
3,14,4,1,1,4,3,0,1,14,1,1,1,0,0,7,0,2,8,6,0
14,18,4,0,1,0,3,1,0,2,1,1,1,0,2,1,0,9,4,11,1
15,20,0,1,1,0,3,0,0,1,1,1,1,0,2,1,0,7,11,14,0
9,20,0,1,1,0,3,0,0,1,1,1,1,0,0,1,0,6,4,13,1
5,21,0,0,1,0,1,1,0,1,1,1,1,0,2,5,0,9,4,6,0
10,18,4,1,1,0,3,0,0,2,1,1,1,2,0,1,0,6,3,9,1
13,20,4,1,1,3,3,3,1,0,1,1,1,0,2,1,0,3,7,14,1
5,21,4,1,1,0,3,1,0,0,1,1,1,0,0,3,0,6,2,13,0
15,20,0,0,1,0,3,0,0,1,1,1,1,5,2,3,0,6,8,12,1
3,18,4,1,1,0,3,0,0,2,1,1,1,5,0,1,0,1,3,2,1
13,18,4,0,1,0,3,0,0,15,1,1,1,5,2,1,5,6,0,2,0
11,17,4,0,1,0,3,1,0,0,1,1,1,0,2,1,0,6,1,11,0
10,18,4,1,1,4,3,0,1,0,1,1,1,7,0,1,0,6,2,9,1
7,15,4,0,1,0,3,1,0,2,1,1,1,8,0,1,0,6,10,8,1
7,20,4,1,1,0,3,0,0,11,1,1,1,5,0,2,0,6,8,13,0
10,16,0,0,1,4,3,1,1,1,1,1,1,0,0,1,0,6,10,8,0
10,20,4,1,1,0,3,3,0,11,1,1,1,0,0,1,0,9,8,14,1
13,20,4,1,1,0,3,1,0,2,1,1,1,0,2,1,0,2,10,5,1
11,16,0,0,1,0,3,0,0,2,1,1,1,5,2,1,0,6,3,13,1
4,18,4,1,1,0,3,1,0,11,1,1,1,2,0,6,5,6,7,5,1
6,20,4,1,1,3,3,3,1,2,1,1,1,5,0,1,0,6,3,10,1
3,18,4,0,1,0,3,0,0,2,1,1,1,5,0,1,0,6,2,5,1
9,19,4,0,1,0,3,0,0,0,1,1,1,5,0,1,0,6,8,12,0
13,15,0,0,1,0,3,0,0,1,1,1,1,0,2,1,1,6,0,12,0
10,20,4,0,1,0,3,1,0,0,1,1,1,0,0,1,0,4,4,13,1
3,20,4,1,1,0,3,3,0,2,1,1,1,5,0,0,5,0,0,0,1
11,21,4,0,1,4,3,0,1,0,1,1,1,0,2,2,0,6,4,14,0
15,15,0,0,1,0,1,0,0,1,1,1,1,5,2,1,0,3,7,8,1
10,17,4,0,0,0,3,0,0,2,1,1,0,7,0,0,5,0,0,5,1
13,20,0,0,1,0,3,0,0,0,1,1,1,5,2,1,0,6,10,13,1
4,18,4,0,1,0,3,0,0,2,1,1,1,0,0,1,5,0,0,3,1
12,22,0,1,1,0,3,0,0,0,1,1,1,0,2,2,0,9,6,13,1
13,15,4,0,1,0,3,0,0,15,1,1,1,0,0,2,5,6,0,1,0
14,11,0,1,1,4,3,0,1,1,1,1,1,0,2,1,5,0,0,0,1
11,21,0,1,1,0,3,3,0,0,1,1,1,5,2,2,0,6,1,13,0
15,20,4,0,1,0,3,0,0,12,1,1,1,0,2,1,0,7,2,12,1
14,20,0,0,1,0,3,3,0,1,1,1,1,0,2,1,0,6,5,9,0
1,18,4,0,1,0,3,0,0,2,1,1,1,0,0,1,0,2,4,3,1
6,18,4,0,1,0,3,0,0,12,1,1,1,0,0,6,5,0,0,0,0
9,20,0,1,1,0,3,3,0,1,1,1,1,0,0,1,0,6,6,14,1
11,15,4,0,1,4,3,0,1,2,1,1,1,7,2,6,0,6,6,7,1
2,15,4,1,1,0,3,0,0,4,1,1,1,7,0,0,5,0,0,0,1
3,18,4,0,1,0,3,3,0,14,1,1,1,5,0,1,0,6,3,10,1
9,19,0,1,1,0,3,1,0,0,1,1,1,0,0,0,5,0,0,0,0
5,17,0,1,1,0,3,3,0,8,1,1,1,0,0,1,0,6,11,8,1
14,19,4,0,1,0,3,0,0,2,1,1,1,7,2,6,0,6,6,10,1
5,18,4,0,1,2,3,3,1,2,1,1,1,5,0,6,0,1,4,2,1
13,21,0,1,1,0,3,0,0,0,1,1,1,0,2,1,0,6,4,8,1
10,15,4,0,1,0,3,3,0,14,1,1,1,0,0,1,0,6,4,10,1
3,18,4,1,1,0,3,3,0,2,1,1,1,1,0,0,5,0,0,0,1
1,18,4,0,1,0,3,0,0,16,1,1,1,0,0,1,5,1,0,4,1
4,19,4,1,1,0,3,1,0,11,1,1,1,0,0,1,0,9,6,10,0
6,15,4,0,1,0,3,0,0,14,1,1,1,0,0,1,0,6,6,2,1
15,19,4,0,1,0,3,0,0,2,1,1,1,0,2,1,0,6,3,5,1
12,23,2,1,1,0,3,3,0,0,1,1,1,0,2,2,0,6,6,7,1
7,20,4,1,1,0,3,1,0,0,1,1,1,0,0,1,0,6,8,11,1
15,11,0,0,1,0,3,0,0,1,1,1,1,0,2,6,0,9,8,6,1
2,22,4,0,1,3,3,1,1,7,1,1,1,0,0,1,0,9,6,14,1
11,20,4,0,1,0,3,0,0,12,1,1,1,0,2,4,0,6,5,10,1
15,18,0,1,1,0,3,0,0,1,1,1,1,0,2,1,0,5,10,9,1
1,18,4,0,1,0,3,3,0,11,1,1,1,0,0,1,2,2,0,4,1
11,16,0,0,1,0,3,1,0,1,1,1,1,0,2,1,0,7,1,13,1
15,17,0,0,1,3,3,0,1,1,1,1,1,7,2,1,0,6,8,10,1
9,0,3,1,1,4,3,0,1,9,1,1,1,6,0,0,5,2,0,3,1
10,21,4,0,1,0,3,3,0,11,1,1,1,5,0,2,0,6,4,14,1
5,15,4,1,1,0,3,0,0,2,1,1,1,0,0,0,5,0,0,0,0
15,22,4,1,1,3,3,0,1,0,1,1,1,8,2,1,0,6,9,11,0
8,18,4,1,1,0,3,0,0,12,1,1,1,0,0,1,0,6,6,8,1
11,20,0,0,1,0,3,1,0,1,1,1,1,0,2,1,0,6,3,12,0
1,18,4,1,1,0,3,1,0,2,1,1,1,0,0,0,5,0,0,0,1
13,15,0,1,1,0,3,0,0,0,1,1,1,7,2,1,0,6,6,6,1
8,15,4,0,0,0,3,3,0,2,1,1,0,0,0,0,5,0,0,0,1
6,20,4,1,1,0,3,0,0,3,1,1,1,0,0,1,0,9,2,13,1
3,19,4,0,1,0,3,0,0,2,1,1,1,5,0,0,5,0,0,0,1
14,21,0,1,1,4,3,1,1,1,1,1,1,0,2,1,0,6,5,11,1
2,15,4,1,1,0,3,0,0,0,1,1,1,7,0,1,0,7,1,3,1
7,19,4,1,1,0,3,1,0,2,1,1,1,0,0,0,5,0,0,0,0
3,15,4,1,1,0,3,0,0,2,1,1,1,0,0,1,2,1,0,3,1
11,14,4,0,1,0,3,0,0,0,1,1,1,5,2,1,0,6,10,14,1
14,15,4,0,1,0,3,0,0,2,1,1,1,1,0,6,0,2,3,4,1
9,20,4,0,1,3,3,0,1,2,1,1,1,5,0,1,0,6,7,9,1
4,15,4,0,1,0,3,0,0,2,1,1,1,0,0,1,0,4,10,6,1
1,18,4,1,1,0,3,1,0,0,1,1,1,8,0,2,0,1,2,5,0
15,15,4,1,1,0,3,0,0,0,1,1,1,7,2,1,0,6,3,4,1
0,17,4,0,1,0,3,0,0,8,1,1,1,5,0,3,0,1,6,1,1
8,15,0,1,1,0,3,1,0,0,1,1,1,0,0,1,0,6,1,9,1
8,15,4,0,1,0,3,1,0,0,1,1,1,5,0,1,0,4,6,8,1
2,20,4,1,1,0,3,3,0,2,1,1,1,0,0,1,0,4,3,4,1
13,15,0,1,1,0,3,3,0,5,1,1,1,0,2,1,0,8,4,10,1
7,16,0,1,1,0,3,1,0,1,1,1,1,0,0,1,5,6,0,4,0
11,17,4,0,1,0,3,0,0,11,1,1,1,5,2,1,0,6,3,10,0
2,18,4,1,1,0,3,1,0,11,1,1,1,0,0,0,5,0,0,0,0
8,18,4,1,1,0,3,0,0,5,1,1,1,0,0,1,0,6,11,8,1
8,17,0,0,1,0,3,1,0,1,1,1,1,0,0,1,0,6,4,9,1
7,16,4,0,1,0,3,0,0,2,1,1,1,0,0,1,0,7,10,5,1
12,20,4,0,1,0,3,0,0,11,1,1,1,0,2,4,0,8,10,12,0
14,19,0,0,1,0,3,1,0,0,1,1,1,0,2,1,0,6,5,14,1
6,18,4,0,1,0,3,0,0,2,1,1,1,0,0,1,0,5,0,9,1
5,17,4,0,1,2,3,3,0,2,1,1,1,0,0,1,0,4,4,3,1
2,18,4,0,1,0,3,1,0,2,1,1,1,0,0,1,0,6,10,11,0
13,17,4,0,1,0,3,3,0,2,1,1,1,1,2,0,5,0,0,10,1
12,21,4,0,1,0,3,0,0,0,1,1,1,5,2,1,0,8,4,8,1
11,10,4,0,1,4,3,0,1,14,1,1,1,0,2,0,5,0,0,0,1
8,18,4,0,1,0,3,1,0,7,1,1,1,8,0,1,0,3,1,9,1
14,20,4,0,1,0,3,0,0,9,1,1,1,1,2,1,0,6,8,7,1
12,20,0,1,1,0,3,0,0,2,1,1,1,8,2,1,5,6,0,6,1
0,15,4,1,1,0,3,0,0,9,1,1,1,1,0,9,2,3,0,1,1
1,15,4,1,1,0,3,0,0,10,1,1,1,0,0,1,0,6,5,10,0
15,18,0,1,1,0,3,2,0,1,1,1,1,0,2,1,5,4,0,4,1
14,20,4,1,1,4,3,0,1,11,1,1,1,0,2,1,0,6,4,9,0
6,19,4,1,1,0,3,0,0,2,1,1,1,0,0,8,0,6,3,11,1
0,17,4,1,1,0,3,0,0,2,1,1,1,5,0,1,2,2,0,2,1
10,17,2,1,1,0,3,3,0,0,1,1,1,0,0,1,0,6,2,10,0
10,20,4,1,1,0,3,0,0,12,1,1,1,0,0,3,2,0,0,0,0
9,15,0,1,1,0,3,0,0,1,1,1,1,0,0,0,5,0,0,0,1
3,20,4,0,1,0,3,0,0,2,1,1,1,0,0,0,5,0,0,0,1
12,17,4,1,1,0,3,0,0,11,1,1,1,0,2,1,0,6,3,10,1
7,20,4,1,1,0,3,0,0,14,1,1,1,5,0,1,0,6,4,9,1
12,21,4,1,1,0,3,0,0,0,1,1,1,5,2,4,0,6,10,13,1
14,18,2,1,1,4,3,3,1,2,1,1,1,0,2,1,0,6,6,6,1
15,15,0,0,1,4,3,0,1,1,1,1,1,7,2,1,0,6,5,6,1
14,23,0,1,1,3,3,0,1,5,1,1,1,5,2,1,0,8,6,13,1
3,15,4,1,1,0,3,1,0,2,1,1,1,0,0,1,0,1,4,4,1
14,20,0,0,1,3,3,0,1,1,1,1,1,5,2,1,0,6,3,11,1
0,18,4,1,1,1,2,3,0,11,1,1,1,0,0,1,0,4,3,6,0
11,15,4,0,1,0,3,0,0,0,1,1,1,0,2,2,0,6,6,12,0
14,18,4,1,1,0,3,1,0,12,1,1,1,0,2,6,5,0,0,0,1
6,15,4,1,1,0,3,3,0,2,1,1,1,7,0,0,5,0,0,0,1
8,18,4,1,1,0,3,0,0,2,1,1,1,0,0,1,0,5,6,8,1
3,18,4,1,1,4,3,0,1,2,1,1,1,7,0,1,0,3,8,6,1
14,20,0,0,1,4,3,0,1,0,1,1,1,5,2,1,0,6,3,14,1
8,20,4,1,1,4,3,3,1,0,1,1,1,0,0,1,0,6,4,12,0
8,15,4,0,1,0,3,0,0,2,1,1,1,0,0,1,0,6,3,6,1
2,18,4,1,1,0,3,3,0,2,1,1,1,5,0,0,5,0,0,3,1
12,20,0,0,1,0,3,0,0,0,1,1,1,1,2,1,0,6,3,14,1
9,15,4,0,1,0,3,3,0,9,1,1,1,0,0,1,0,9,5,8,0
12,18,4,0,1,0,3,3,0,0,1,1,1,5,2,1,0,3,8,3,0
4,18,4,1,1,3,3,0,1,2,1,1,1,5,0,0,5,0,0,0,1
3,18,4,0,1,0,3,0,0,2,1,1,1,7,0,0,5,0,0,0,1
5,20,4,0,1,0,3,0,0,0,1,1,1,5,0,1,0,6,8,13,0
10,19,4,1,1,0,3,1,0,0,1,1,1,7,0,1,0,6,4,10,1
15,23,3,1,1,0,3,0,0,0,1,1,1,6,2,0,5,0,0,3,0
9,20,4,0,1,0,3,0,0,2,1,1,1,0,0,1,0,6,4,13,1
3,15,4,0,0,0,3,0,0,16,1,1,0,0,0,0,5,0,0,3,0
2,18,4,1,1,0,3,0,0,2,1,1,1,0,0,0,5,0,0,0,1
6,20,4,1,1,0,3,0,0,3,1,1,1,1,0,2,0,6,1,13,1
4,21,4,0,1,3,3,0,1,2,1,1,1,5,0,1,0,4,5,4,0
11,20,4,0,1,0,3,0,0,0,1,1,1,0,2,1,0,7,3,12,1
8,16,3,0,1,0,3,0,0,0,1,1,1,0,0,1,0,7,0,8,0
10,15,4,0,1,0,3,0,0,15,1,1,1,1,0,0,5,0,0,1,0
3,18,4,0,1,0,3,1,0,2,1,1,1,7,0,1,0,6,4,9,1
12,20,2,1,1,0,3,3,0,5,1,1,1,0,2,1,0,6,10,9,1
7,15,4,0,1,0,0,0,0,16,1,1,1,0,0,5,3,6,1,9,0
14,18,0,0,1,0,3,0,0,0,1,1,1,0,2,1,0,6,1,13,1
5,18,4,0,1,0,3,3,0,11,1,1,1,0,2,1,0,6,11,9,1
1,18,4,1,1,0,3,0,0,2,1,1,1,7,0,1,0,1,4,2,1
1,17,4,1,1,0,3,0,0,2,1,1,1,0,0,1,0,6,6,7,1
13,18,4,1,1,0,3,3,0,11,1,1,1,1,2,1,0,6,3,5,0
2,15,4,1,0,0,3,0,0,2,1,1,1,0,0,0,5,0,0,4,1
12,17,0,0,1,0,3,0,0,8,1,1,1,0,2,3,5,1,0,1,1
12,18,4,0,1,0,3,0,0,2,1,1,1,0,2,1,0,6,6,9,1
0,18,4,1,1,0,3,0,0,2,1,1,1,0,0,0,5,0,0,0,1
2,17,4,1,1,0,3,1,0,2,1,1,1,0,0,6,0,1,2,2,1
2,18,4,0,1,0,3,1,0,0,1,1,1,0,0,1,0,6,6,9,0
6,20,4,0,0,3,3,0,1,0,1,1,0,0,0,5,4,6,0,7,0
3,18,4,1,1,0,3,0,0,2,1,1,1,0,0,1,0,3,8,5,1
7,19,4,0,1,0,3,0,0,0,1,1,1,1,0,1,0,9,2,11,0
10,20,4,0,1,0,3,3,0,11,1,1,1,0,0,1,2,6,0,5,0
2,17,4,0,1,0,3,3,0,15,1,1,1,7,0,0,5,0,0,0,0
6,18,4,0,1,0,3,0,0,5,1,1,1,5,0,0,5,0,0,10,0
1,14,4,0,1,4,3,0,1,16,1,1,1,8,0,1,5,6,0,6,1
9,16,4,1,1,0,3,0,0,2,1,1,1,0,0,1,0,5,10,7,1
7,18,4,0,1,0,3,0,0,12,1,1,1,7,0,4,0,6,2,8,1
5,16,4,0,1,0,3,0,0,11,1,1,1,5,0,1,5,6,0,3,0
8,18,4,1,1,0,3,3,0,11,1,1,1,0,0,1,0,4,4,5,1
3,18,4,1,1,0,3,1,0,4,1,1,1,0,0,0,5,0,0,4,1
15,21,0,0,1,4,3,3,1,9,1,1,1,5,2,1,0,6,8,12,1
10,19,4,1,1,4,3,0,1,12,1,1,1,5,0,1,0,6,8,10,0
12,20,4,0,1,0,3,3,0,11,1,1,1,0,2,1,0,8,3,14,0
5,15,4,1,1,0,3,0,0,2,1,1,1,0,0,1,5,0,0,0,1
13,20,4,1,1,3,3,0,1,9,1,1,1,7,2,1,0,6,5,9,0
2,14,4,1,1,0,3,0,0,2,1,1,1,8,0,1,0,2,4,4,1
9,18,0,1,1,0,3,0,0,1,1,1,1,7,0,1,0,6,1,13,1
5,20,0,1,1,0,3,0,0,2,1,1,1,0,0,3,0,1,2,5,1
8,20,0,1,1,0,3,1,0,1,1,1,1,0,0,1,0,6,8,12,1
15,13,4,0,0,0,3,0,0,15,1,1,0,1,2,0,5,0,0,6,1
9,16,4,0,1,0,3,0,0,2,1,1,1,7,0,1,0,6,10,7,1
5,20,0,1,1,0,3,0,0,1,1,1,1,1,0,5,0,6,6,7,1
8,13,4,0,1,4,3,0,1,0,1,1,1,7,0,1,0,6,4,9,1
1,18,4,1,1,0,3,0,0,2,1,1,1,1,0,1,0,1,8,1,1
14,19,4,1,1,0,3,0,0,2,1,1,1,0,2,1,5,0,0,4,1
11,20,0,1,1,3,3,0,1,0,1,1,1,5,2,1,0,6,11,13,1
3,18,4,1,1,0,3,0,0,2,1,1,1,0,0,1,5,2,0,3,0
10,17,0,0,1,0,3,3,0,0,1,1,1,0,0,1,0,6,11,10,1
11,19,4,0,1,0,1,0,0,16,1,1,1,0,2,1,0,6,5,11,1
8,19,4,0,1,0,3,1,0,12,1,1,1,1,0,3,0,6,11,13,0
8,13,4,0,1,0,3,1,0,7,1,1,1,0,0,1,5,6,0,7,1
2,18,4,1,1,0,3,0,0,0,1,1,1,0,0,1,0,4,2,7,1
9,17,0,1,1,0,3,1,0,1,1,1,1,0,0,1,2,6,0,6,1
11,20,4,0,1,4,3,0,1,14,1,1,1,5,2,1,0,6,6,12,1
2,18,4,0,1,0,3,1,0,2,1,1,1,5,0,3,0,6,3,6,1
2,15,4,1,1,0,3,0,0,11,1,1,1,7,0,1,2,1,0,3,0
4,18,4,1,1,0,3,1,0,2,1,1,1,0,0,1,0,4,10,8,1
0,18,4,0,1,0,3,1,0,16,1,1,1,8,0,6,5,1,0,2,0
6,11,4,0,1,4,3,0,1,11,1,1,1,0,0,1,0,9,8,12,1
15,22,0,1,1,0,3,0,0,0,1,1,1,0,2,3,0,9,0,14,1
10,19,0,1,1,3,3,0,1,0,1,1,1,5,0,1,0,6,5,10,1
11,19,4,1,1,4,3,0,1,0,1,1,1,0,2,1,0,4,11,6,1
13,12,3,0,1,0,3,0,0,0,1,1,1,7,2,1,0,6,2,13,0
7,18,4,0,1,3,3,0,1,2,1,1,1,5,0,1,0,6,8,10,1
8,20,4,0,1,0,3,0,0,0,1,1,1,0,0,1,0,9,6,14,0
0,17,4,1,1,0,3,0,0,16,1,1,1,0,0,0,5,0,0,0,0
9,18,4,0,1,0,3,0,0,15,1,1,1,0,0,0,5,0,0,0,1
5,20,4,1,1,0,3,1,0,2,1,1,1,0,0,4,2,2,0,2,0
6,15,4,0,1,0,3,0,0,14,1,1,1,0,0,1,0,4,6,8,1
3,18,4,1,1,0,3,0,0,0,1,1,1,0,0,1,1,4,0,10,1
10,18,4,1,1,3,3,3,1,5,1,1,1,0,0,1,0,8,6,10,1
11,20,0,0,1,4,3,3,1,0,1,1,1,0,2,1,0,6,6,6,1
4,15,4,0,1,0,3,0,0,2,1,1,1,0,0,0,5,0,0,0,1
10,15,4,1,1,0,3,3,0,2,1,1,1,5,0,1,0,4,3,3,1
11,20,4,1,1,0,3,0,0,14,1,1,1,1,2,3,0,6,6,12,0
2,18,4,0,1,0,0,1,0,16,1,1,1,0,0,5,3,8,2,6,0
1,18,4,1,1,0,3,1,0,2,1,1,1,0,0,0,5,0,0,0,0
14,20,0,0,1,0,3,1,0,0,1,1,1,0,2,6,0,8,6,13,1
12,15,4,0,0,0,3,0,0,16,1,1,0,0,2,0,5,0,0,3,1
15,21,0,1,1,4,3,0,1,1,1,1,1,5,2,0,5,0,0,0,1
11,20,0,1,1,3,3,0,1,1,1,1,1,5,2,1,5,1,0,3,0
10,20,4,0,1,3,3,3,1,0,1,1,1,5,0,1,0,6,8,12,1
9,18,4,0,1,0,3,0,0,0,1,1,1,0,0,1,0,6,4,9,1
7,15,0,1,1,0,3,2,0,0,1,1,1,6,0,0,5,0,0,3,0
11,17,4,1,1,0,3,3,0,2,1,1,1,0,2,1,0,3,3,5,1
5,20,4,0,1,0,3,1,0,0,1,1,1,0,0,1,2,0,0,0,1
12,15,4,0,1,0,3,0,0,2,1,1,1,7,2,1,2,6,0,8,1
15,20,4,1,1,0,3,3,0,2,1,1,1,7,2,4,0,2,4,2,1
5,15,4,0,1,0,3,0,0,0,1,1,1,0,0,1,0,6,2,4,0
13,18,4,0,1,0,3,0,0,0,1,1,1,5,2,2,0,6,3,12,1
2,18,4,1,0,0,3,3,0,0,1,1,1,0,0,1,0,4,4,3,1
10,20,4,0,1,0,3,1,0,15,1,1,1,0,0,1,5,6,0,14,0
2,15,4,0,1,4,3,0,1,4,1,1,1,0,0,1,0,4,3,6,1
14,20,4,0,1,0,3,1,0,2,1,1,1,1,2,1,0,4,5,6,1
4,18,4,0,1,0,3,0,0,2,1,1,1,0,0,1,0,6,6,12,1
15,22,0,1,1,0,3,0,0,1,1,1,1,8,2,1,0,9,4,10,1
1,18,4,1,1,0,3,1,0,2,1,1,1,0,0,1,5,0,0,0,1
13,15,4,0,1,3,3,0,1,2,1,1,1,0,2,0,5,0,0,2,1
10,20,4,1,1,3,3,1,1,2,1,1,1,5,0,1,0,6,6,6,1
8,15,4,0,1,0,3,0,0,11,1,1,1,0,0,1,0,4,6,3,0
5,18,0,0,0,0,3,3,0,2,1,1,1,0,0,1,0,4,4,4,1
14,18,0,1,1,0,3,0,0,1,1,1,1,7,2,1,5,0,0,0,1
9,15,1,0,1,3,0,0,1,0,1,1,1,0,0,5,3,9,9,9,1
5,17,4,0,1,0,3,0,0,12,1,1,1,0,0,1,0,6,8,10,1
12,18,4,1,1,0,3,3,0,14,1,1,1,0,2,3,0,6,8,12,1
2,15,4,1,1,0,3,0,0,0,1,1,1,7,0,1,2,2,0,4,1
1,19,4,0,1,0,3,0,0,11,1,1,1,0,0,2,0,1,3,2,1
13,18,4,1,1,2,3,3,0,0,1,1,1,1,2,9,2,0,0,13,1
15,19,4,1,1,0,3,0,0,12,1,1,1,8,2,1,0,6,8,5,1
1,17,4,1,1,0,3,1,0,16,1,1,1,0,0,4,5,1,0,3,1
1,15,4,1,1,4,3,3,0,16,1,1,1,7,0,1,0,6,2,11,0
1,14,0,0,1,0,3,0,0,2,1,1,1,0,0,1,5,2,0,3,1
7,18,4,1,1,0,3,0,0,2,1,1,1,5,0,5,5,0,0,2,1
0,17,4,0,1,0,3,3,0,2,1,1,1,0,0,0,5,0,0,0,1
1,18,4,1,1,0,3,3,0,16,1,1,1,1,0,1,5,6,0,7,1
12,21,0,0,1,0,3,1,0,0,1,1,1,8,2,1,0,6,4,10,1
6,18,4,0,1,0,3,3,0,0,1,1,1,0,0,1,0,6,5,11,1
4,21,4,1,1,0,3,3,0,2,1,1,1,0,0,2,0,2,4,3,1
12,17,0,1,1,0,3,0,0,1,1,1,1,0,2,1,0,6,8,11,1
11,16,0,0,1,0,3,0,0,1,1,1,1,0,2,1,0,3,0,4,0
0,18,4,1,1,0,3,0,0,16,1,1,1,1,0,9,2,0,0,0,0
12,20,0,0,1,4,3,0,1,1,1,1,1,5,2,0,5,0,0,0,1
15,19,4,1,1,0,3,3,0,2,1,1,1,0,2,1,0,6,4,6,1
0,18,4,1,1,0,3,0,0,2,1,1,1,0,0,1,0,1,8,4,1
9,15,4,1,1,0,3,0,0,2,1,1,1,0,0,4,0,5,0,6,1
14,23,0,1,1,0,3,1,0,0,1,1,1,0,2,2,0,8,8,14,1
0,16,4,1,1,0,3,3,0,2,1,1,1,0,0,9,2,3,0,0,1
9,20,4,0,1,4,3,0,1,2,1,1,1,5,0,1,0,6,6,11,1
13,16,0,1,1,4,3,0,1,0,1,1,1,7,2,1,0,5,0,7,1
6,18,4,1,1,0,3,1,0,2,1,1,1,0,0,1,5,0,0,4,0
3,20,4,1,1,0,3,1,0,2,1,1,1,8,0,1,0,6,6,9,1
2,20,4,1,1,0,3,0,0,2,1,1,1,1,0,1,0,2,6,3,1
9,20,4,1,1,0,3,1,0,0,1,1,1,0,0,1,0,6,6,6,1
2,19,4,1,1,0,3,0,0,0,1,1,1,5,0,1,0,1,3,5,1
11,11,4,0,1,0,3,0,0,0,1,1,1,7,2,1,0,9,3,14,1
8,20,4,0,1,4,3,0,1,12,1,1,1,0,0,1,0,7,11,13,1
4,12,2,0,1,0,3,0,0,7,1,1,1,2,0,0,5,0,0,5,1
1,15,4,1,1,0,3,0,0,7,1,1,1,0,0,1,0,6,10,5,1
1,15,4,1,1,0,3,3,0,11,1,1,1,7,0,1,5,0,0,0,0
3,17,4,0,1,0,0,0,0,0,1,1,1,7,0,5,3,6,5,1,1
6,13,4,0,1,4,3,0,1,10,1,1,1,5,0,1,0,6,3,13,1
2,15,4,1,1,0,3,1,0,2,1,1,1,8,0,1,0,7,1,10,1
2,15,4,1,1,0,3,3,0,4,1,1,1,0,0,2,0,1,6,2,1
10,14,4,0,1,4,3,0,1,11,1,1,1,5,0,1,0,6,10,12,1
7,20,4,1,1,0,3,3,0,11,1,1,1,0,0,1,0,4,3,5,0
9,0,4,0,1,0,3,0,0,12,1,1,1,0,0,6,0,8,8,11,0
0,17,4,0,1,0,3,0,0,16,1,1,1,0,0,6,5,4,0,5,0
4,15,4,0,1,0,3,0,0,15,1,1,1,0,0,1,5,3,0,1,0
8,18,4,0,1,0,3,0,0,0,1,1,1,7,0,1,0,9,11,10,1
9,21,4,0,1,0,3,3,0,11,1,1,1,0,0,1,0,9,6,14,1
2,18,4,0,1,0,3,0,0,15,1,1,1,7,0,1,5,0,0,0,0
6,20,4,0,1,0,2,3,0,10,1,1,1,0,0,1,0,6,8,13,1
5,15,4,0,1,0,3,0,0,0,1,1,1,7,0,1,0,5,2,8,1
7,11,2,1,0,4,3,3,1,11,1,1,0,7,1,1,0,9,3,2,1
7,19,4,0,1,0,3,0,0,0,1,1,1,0,0,3,0,6,2,10,1
5,17,4,0,1,4,3,0,1,2,1,1,1,7,0,1,0,6,8,5,1
13,15,0,0,1,0,1,1,0,1,1,1,1,8,2,5,0,9,4,10,0
13,15,0,1,1,0,3,0,0,0,1,1,1,0,2,1,0,6,6,6,1
5,20,4,0,1,0,3,0,0,2,1,1,1,0,0,1,0,6,1,10,0
12,13,4,0,1,0,3,0,1,9,1,1,1,1,2,1,0,3,4,3,0
9,15,0,0,1,3,3,0,1,0,1,1,1,5,0,1,0,6,6,14,1
3,18,4,1,1,0,3,0,0,2,1,1,1,7,0,1,0,2,9,4,1
14,20,4,1,1,0,3,1,0,0,1,1,1,0,2,1,0,6,3,13,1
0,19,4,1,1,0,3,1,0,2,1,1,1,8,0,3,0,1,8,3,1
8,17,4,0,1,0,3,3,0,2,1,1,1,7,0,2,2,2,0,2,1
14,19,0,1,1,0,3,0,0,1,1,1,1,0,2,1,5,0,0,0,1
4,21,0,1,1,0,3,1,0,2,1,1,1,0,0,0,5,0,0,0,1
0,18,4,1,1,0,3,1,0,2,1,1,1,0,0,1,1,2,0,2,1
5,18,4,0,1,0,3,3,0,16,1,1,1,1,0,4,0,9,6,2,1
9,18,4,0,1,0,3,0,0,2,1,1,1,0,0,1,0,6,2,12,1
4,18,4,1,1,0,3,1,0,0,1,1,1,5,0,1,0,6,10,8,1
7,4,0,0,0,3,3,2,1,8,1,1,0,7,1,3,1,9,4,0,1
7,19,4,0,1,0,3,0,0,0,1,1,1,7,0,1,0,5,1,5,1
10,21,4,1,1,4,3,0,1,0,1,1,1,0,0,1,5,2,0,4,0
3,15,3,0,1,0,1,0,0,0,1,1,1,6,0,1,0,5,10,3,0
5,18,4,0,1,0,3,1,0,0,1,1,1,0,0,1,0,8,8,12,1
6,16,4,0,1,4,3,0,1,2,1,1,1,7,0,0,5,0,0,0,1
13,11,4,0,0,0,3,0,0,15,1,1,0,0,2,0,5,0,0,0,1
5,22,4,1,1,0,3,0,0,0,1,1,1,7,0,1,0,6,6,8,0
14,17,4,0,1,0,3,1,0,0,1,1,1,8,2,1,0,6,11,13,1
1,15,4,0,1,0,3,0,0,2,1,1,1,0,0,1,0,8,4,4,1
12,20,2,0,1,0,3,1,0,0,1,1,1,0,2,1,0,7,8,12,1
8,18,4,0,1,0,3,0,0,5,1,1,1,7,0,1,0,6,6,6,1
14,20,4,0,1,0,3,0,0,0,1,1,1,5,2,2,0,6,1,13,0
6,18,4,0,1,0,1,1,0,2,1,1,1,8,0,8,5,0,0,0,1
13,15,0,1,1,4,3,0,1,1,1,1,1,0,2,0,5,0,0,0,0
14,15,4,1,1,0,3,0,0,5,1,1,1,0,2,1,0,6,3,10,1
0,18,4,0,1,0,3,1,0,11,1,1,1,0,0,1,0,6,1,2,1
14,19,4,0,1,3,3,1,1,2,1,1,1,0,2,1,0,6,5,7,1
4,18,4,0,1,0,3,3,0,16,1,1,1,0,0,0,5,0,0,3,1
9,18,4,0,1,0,3,1,0,11,1,1,1,0,0,1,0,6,7,6,1
2,15,4,0,1,4,3,0,1,9,1,1,1,0,0,1,5,6,0,2,1
1,19,4,0,1,0,3,1,0,2,1,1,1,0,0,3,0,2,6,5,1
13,20,4,0,1,0,3,1,0,11,1,1,1,0,2,1,0,9,6,14,1
0,18,4,0,0,0,3,1,0,2,1,1,0,8,0,1,2,2,0,3,1
6,17,4,0,1,0,3,0,0,0,1,1,1,7,0,1,0,9,3,10,1
1,17,4,1,1,0,3,0,0,2,1,1,1,0,0,0,5,0,0,0,1
8,20,4,0,1,0,3,1,0,2,1,1,1,0,0,1,0,8,11,13,1
15,20,0,1,1,0,3,0,0,1,1,1,1,5,2,1,0,8,3,14,1
12,21,4,0,1,4,3,0,1,0,1,1,1,5,2,1,1,6,0,13,1
14,20,4,1,1,0,3,0,0,9,1,1,1,8,0,4,0,5,5,12,0
4,20,0,1,1,0,3,1,0,0,1,1,1,0,0,1,0,8,6,12,1
14,20,0,1,1,0,3,0,0,0,1,1,1,0,2,0,5,0,0,0,1
10,14,4,0,1,0,3,0,0,14,1,1,1,0,0,1,0,6,4,12,1
7,15,4,0,1,0,3,0,0,12,1,1,1,7,0,1,0,6,8,11,1
8,21,0,0,1,4,3,0,1,1,1,1,1,5,0,0,5,0,0,0,1
5,17,4,0,0,0,3,0,0,2,1,1,0,0,0,1,5,0,0,4,1
2,19,4,1,1,0,3,0,0,4,1,1,1,5,0,1,0,6,3,7,1
2,19,4,1,1,0,3,0,0,7,1,1,1,0,0,1,0,6,4,5,1
3,19,4,0,0,0,3,0,0,2,1,1,0,0,0,0,5,0,0,0,1
1,18,4,0,1,0,3,1,0,11,1,1,1,0,0,1,0,7,4,12,0
15,18,4,0,1,0,3,0,0,12,1,1,1,5,2,1,0,6,8,5,1
7,20,4,0,1,0,3,2,0,0,1,1,1,0,0,1,0,6,3,10,0
2,20,4,1,1,2,3,0,0,2,1,1,1,0,0,1,0,7,10,12,1
9,0,4,1,1,0,3,0,0,0,1,1,1,0,0,1,0,3,4,11,0
13,15,0,0,1,3,3,0,1,0,1,1,1,0,2,3,0,6,8,11,0
3,18,0,1,1,4,3,0,1,8,1,1,1,0,0,9,2,0,0,0,1
4,12,4,0,1,2,3,0,0,16,1,1,1,2,0,9,2,0,0,0,1
9,18,4,1,1,0,3,1,0,2,1,1,1,0,0,1,5,0,0,3,1
5,15,4,0,0,0,3,0,0,12,1,1,0,0,0,0,5,0,0,4,1
0,15,4,1,1,0,3,0,0,2,1,1,1,0,0,0,5,0,0,0,1
1,19,4,1,1,4,3,1,1,2,1,1,1,0,0,1,5,6,0,7,0
9,20,4,0,1,3,3,0,1,0,1,1,1,5,0,1,0,6,5,14,0
2,14,4,0,1,0,3,3,0,2,1,1,1,0,0,1,0,2,1,3,1
10,20,4,0,1,0,3,1,0,0,1,1,1,7,0,6,2,1,0,2,1
14,23,0,0,1,0,3,0,0,0,1,1,1,5,2,1,0,6,6,14,1
8,23,4,0,1,0,3,3,0,0,1,1,1,0,0,1,0,8,11,14,0
2,18,4,1,1,0,3,0,0,16,1,1,1,1,0,6,5,1,0,2,0
3,18,4,0,1,0,3,0,0,2,1,1,1,0,0,1,0,2,1,5,1
8,15,0,0,1,3,3,0,1,0,1,1,1,5,0,1,0,6,6,11,1
15,20,0,1,1,0,3,1,0,1,1,1,1,0,2,6,0,6,6,12,1
9,20,4,1,1,0,3,0,0,2,1,1,1,0,0,1,0,4,2,4,0
9,19,4,1,1,0,3,1,0,0,1,1,1,0,0,3,5,2,0,4,1
1,17,4,0,1,0,3,0,0,16,1,1,1,0,0,2,0,2,6,2,1
8,11,4,1,1,4,3,0,1,11,1,1,1,0,0,1,5,6,0,2,1
1,18,4,0,1,0,3,0,0,7,1,1,1,0,0,1,0,2,4,4,1
2,19,4,0,1,0,3,1,0,2,1,1,1,5,0,1,0,6,3,6,1
6,18,4,0,1,0,3,3,0,14,1,1,1,0,0,7,0,4,1,9,1
10,17,4,1,1,0,3,3,0,4,1,1,1,0,0,1,0,4,3,7,1
11,20,0,1,1,0,3,1,0,2,1,1,1,0,2,1,0,6,2,13,1
1,15,4,1,1,0,3,0,0,16,1,1,1,5,0,0,5,0,0,0,1
7,19,0,0,1,0,3,0,0,2,1,1,1,0,0,1,0,6,5,10,1
15,15,2,1,1,0,3,1,0,0,1,1,1,0,2,1,2,6,0,5,0
3,18,4,1,1,0,3,0,0,2,1,1,1,5,0,0,5,0,0,2,1
15,20,0,0,1,0,3,0,0,0,1,1,1,7,2,3,0,6,0,11,1
11,20,0,1,1,4,3,0,1,1,1,1,1,5,2,0,5,0,0,0,1
5,18,4,1,1,0,3,0,0,2,1,1,1,0,0,1,0,4,4,4,1
12,20,0,1,1,0,3,1,0,1,1,1,1,0,2,2,0,5,0,12,0
15,18,0,0,1,0,3,3,0,1,1,1,1,0,2,1,0,6,6,5,1
1,18,4,1,1,0,3,1,0,2,1,1,1,0,0,1,0,3,4,2,1
15,18,4,1,1,0,3,3,0,4,1,1,1,0,2,1,0,6,4,9,1
3,15,4,1,1,0,3,0,0,12,1,1,1,0,0,1,0,3,1,3,0
4,20,4,1,1,0,3,0,0,0,1,1,1,0,0,1,5,1,0,3,0
3,19,4,0,0,0,3,3,0,11,1,1,0,1,0,0,5,0,0,5,0
15,19,0,1,1,0,3,1,0,1,1,1,1,0,2,1,5,0,0,0,1
11,21,0,0,1,0,3,0,0,0,1,1,1,0,2,1,0,8,2,13,1
1,18,4,1,1,3,3,0,1,11,1,1,1,5,0,1,0,7,2,5,1
0,18,4,0,1,0,3,0,0,2,1,1,1,0,0,9,2,0,0,0,1
9,18,0,1,1,4,3,0,1,1,1,1,1,5,0,1,5,0,0,0,0
5,15,4,0,1,3,3,0,1,2,1,1,1,5,0,1,0,2,1,3,1
0,15,4,0,1,0,3,0,0,15,1,1,1,0,0,1,5,1,0,1,0
1,18,4,1,1,0,3,1,0,2,1,1,1,8,0,4,0,2,1,4,1
4,15,4,0,1,4,3,0,1,2,1,1,1,5,0,0,5,0,0,0,1
5,22,4,0,1,0,3,0,0,7,1,1,1,7,0,1,0,5,2,6,1
13,18,0,0,1,4,3,0,1,0,1,1,1,0,2,1,0,8,10,8,1
15,20,4,0,1,0,3,3,0,11,1,1,1,5,2,1,0,8,4,12,1
0,18,4,0,1,0,3,0,0,2,1,1,1,5,0,0,5,0,0,0,1
8,20,4,1,1,0,3,3,0,0,1,1,1,0,0,1,0,6,11,14,1
3,15,4,1,1,0,3,3,0,12,1,1,1,7,0,1,0,6,5,9,0
5,18,4,1,0,0,3,0,0,2,1,1,1,7,0,1,0,2,2,3,1
7,17,4,1,1,0,3,0,0,2,1,1,1,0,0,1,0,6,2,5,1
12,23,0,1,1,2,3,0,0,1,1,1,1,0,2,7,1,8,11,13,1
10,18,4,1,1,0,3,0,0,2,1,1,1,1,0,1,2,4,0,3,1
0,18,4,0,1,3,3,0,1,2,1,1,1,0,0,1,5,2,0,4,1
14,0,2,1,0,4,3,0,1,12,1,0,1,0,2,1,0,6,11,7,1
11,21,4,0,1,0,3,1,0,0,1,1,1,0,2,2,0,9,6,14,0
10,18,4,1,1,0,3,0,0,0,1,1,1,0,0,6,2,0,0,0,1
12,15,0,0,1,4,3,0,1,1,1,1,1,5,2,1,0,6,8,11,0
10,18,4,0,1,0,3,0,0,2,1,1,1,0,0,7,2,5,0,8,1
0,18,4,1,1,0,3,0,0,16,1,1,1,5,0,0,5,0,0,0,0
13,18,0,0,1,3,3,0,1,0,1,1,1,5,2,1,0,6,10,13,1
9,18,4,0,1,0,3,3,0,2,1,1,1,0,0,2,0,2,11,6,1
3,18,0,1,1,0,3,0,0,1,1,1,1,7,0,5,0,6,5,3,1
11,8,4,1,0,4,3,0,1,2,1,0,0,0,2,1,1,6,0,5,1
13,17,4,0,1,0,3,0,0,4,1,1,1,0,2,6,5,0,0,1,0
1,15,4,0,1,0,3,0,0,12,1,1,1,0,0,1,0,6,2,12,0
15,20,4,0,1,0,3,1,0,0,1,1,1,0,2,1,0,9,11,14,1
13,15,4,0,1,0,3,1,0,2,1,1,1,0,2,1,0,6,0,8,1
3,19,4,1,1,0,3,1,0,12,1,1,1,0,0,1,0,4,6,4,0
0,13,4,0,1,0,3,3,0,10,1,1,1,0,0,1,2,6,0,6,1
4,15,4,0,1,0,3,0,0,2,1,1,1,0,0,1,5,0,0,2,1
5,21,4,1,1,4,3,1,1,0,1,1,1,5,0,1,0,4,1,3,0
1,19,4,1,1,0,3,1,0,2,1,1,1,0,0,1,0,1,1,1,1
11,20,4,0,1,0,3,0,0,12,1,1,1,0,2,1,0,9,2,12,0
9,17,4,0,1,0,3,0,0,2,1,1,1,0,0,3,0,6,10,13,1
3,15,4,0,1,0,3,0,0,7,1,1,1,0,0,3,0,9,3,6,1
11,20,0,1,1,0,3,0,0,0,1,1,1,0,2,1,5,8,0,6,0
10,15,4,0,1,0,3,0,0,11,1,1,1,0,0,1,0,7,2,12,0
9,19,4,0,1,0,3,1,0,2,1,1,1,0,0,2,0,4,11,8,1
6,18,4,0,1,0,3,1,0,12,1,1,1,0,0,1,0,4,6,3,1
1,19,4,0,1,3,3,3,1,2,1,1,1,5,0,0,5,0,0,0,1
14,8,4,0,1,0,3,2,0,11,1,1,1,0,2,1,0,3,4,1,0
4,18,4,0,1,2,3,3,0,2,1,1,1,2,0,1,0,6,4,9,1
14,23,0,0,1,0,3,0,0,0,1,1,1,0,2,1,0,8,2,14,1
15,23,0,1,1,4,3,0,1,1,1,1,1,0,2,1,0,6,6,14,1
9,19,4,0,1,0,3,1,0,2,1,1,1,8,0,1,0,7,11,10,1
5,18,4,1,1,0,3,1,0,2,1,1,1,8,0,1,0,6,6,10,1
5,15,4,0,1,0,3,1,0,2,1,1,1,0,0,1,0,3,4,6,1
10,1,4,0,1,3,3,0,1,2,1,1,1,5,0,3,0,6,2,11,1
15,18,2,1,1,0,3,1,0,0,1,1,1,0,2,3,0,6,4,11,1
0,18,4,1,1,0,3,1,0,7,1,1,1,0,0,1,0,3,4,5,1
4,17,0,0,1,0,3,0,0,1,1,1,1,0,0,1,0,4,4,6,1
13,20,4,1,1,2,3,0,0,2,1,1,1,5,2,1,0,6,7,12,1
8,18,4,0,1,0,3,3,0,4,1,1,1,5,0,0,5,0,0,1,1
14,15,4,0,1,0,3,0,0,0,1,1,1,5,2,1,5,0,0,1,1
10,15,4,0,1,0,3,3,0,14,1,1,1,0,0,1,0,6,2,9,0
5,20,4,1,1,0,3,0,0,0,1,1,1,5,0,1,0,6,10,8,0
3,19,4,1,1,0,3,0,0,2,1,1,1,5,0,4,0,1,1,2,1
8,15,4,0,1,4,3,3,1,9,1,1,1,0,0,1,0,4,0,8,1
14,21,0,1,1,0,3,1,0,1,1,1,1,0,2,1,0,8,4,13,1
15,9,0,0,1,0,3,1,1,9,1,1,1,8,2,6,0,1,1,4,0
11,18,4,1,1,0,3,1,0,2,1,1,1,1,2,1,0,3,6,5,1
10,15,4,0,1,0,3,3,0,15,1,1,1,0,0,1,5,0,0,2,1
10,15,4,1,1,0,3,0,0,2,1,1,1,0,0,1,0,6,7,7,1
9,18,4,0,1,0,3,0,0,2,1,1,1,0,0,1,0,6,4,9,1
3,7,4,1,0,0,3,0,0,11,1,1,0,7,0,2,0,2,3,3,1
3,19,4,1,1,0,3,1,0,0,1,1,1,0,0,2,5,2,0,1,1
6,17,4,1,1,0,3,1,0,2,1,1,1,0,0,1,0,3,2,2,1
2,19,4,1,1,0,3,0,0,16,1,1,1,8,0,3,0,8,1,7,1
13,20,4,1,1,0,3,1,0,0,1,1,1,0,2,2,0,6,6,11,1
5,17,4,1,1,0,3,0,0,0,1,1,1,0,0,1,0,6,6,12,1
15,22,4,0,1,0,3,0,0,15,1,1,1,1,2,0,5,0,0,0,1
0,13,4,0,1,0,3,0,0,2,1,1,1,0,0,1,0,1,1,6,1
2,18,4,0,1,0,3,3,0,2,1,1,1,5,0,1,5,0,0,0,1
2,18,4,1,1,0,3,3,0,2,1,1,1,8,0,1,0,6,8,12,1
4,15,4,0,1,0,3,0,0,2,1,1,1,1,0,1,0,6,4,8,1
0,15,4,1,1,0,3,0,0,2,1,1,1,7,0,1,0,4,0,4,0
5,15,4,1,0,0,3,0,0,0,1,1,0,0,0,5,2,1,0,1,1
15,19,0,0,1,4,3,0,1,0,1,1,1,7,2,1,0,8,1,6,1
13,15,4,0,1,0,3,3,0,7,1,1,1,0,2,1,0,6,3,9,1
12,18,4,0,1,3,3,0,1,0,1,1,1,0,2,1,1,7,0,12,1
7,19,4,1,1,0,3,1,0,0,1,1,1,5,0,1,0,6,2,11,1
5,19,4,0,1,0,3,1,0,2,1,1,1,0,0,1,0,4,2,5,1
14,20,0,1,1,0,3,0,0,0,1,1,1,7,2,1,0,6,5,13,0
8,15,4,1,1,0,3,3,0,2,1,1,1,0,0,1,0,6,11,8,1
15,15,0,1,1,4,3,3,1,1,1,1,1,0,2,4,5,0,0,3,0
0,15,4,0,1,0,3,0,0,16,1,1,1,0,0,3,1,6,0,2,1
11,18,4,0,1,3,3,0,1,2,1,1,1,5,0,4,2,2,0,4,1
6,17,4,0,1,0,3,3,0,5,1,1,1,7,0,1,0,6,3,8,1
9,20,4,1,1,0,3,0,0,2,1,1,1,0,0,1,0,6,4,12,1
12,10,4,1,1,0,3,0,0,5,1,1,1,8,2,6,0,1,9,3,1
11,21,4,0,1,0,3,0,0,0,1,1,1,1,2,3,0,6,10,11,0
14,21,0,1,1,0,3,1,0,1,1,1,1,0,2,1,0,6,8,9,1
1,18,4,0,1,0,3,3,0,7,1,1,1,0,0,0,5,0,0,0,1
8,20,4,0,1,4,3,0,1,12,1,1,1,7,0,1,0,6,4,13,1
6,20,4,1,1,0,3,0,0,14,1,1,1,7,0,1,0,8,8,10,0
6,15,4,0,1,0,3,0,0,5,1,1,1,5,0,1,2,1,0,3,1
5,15,4,0,1,4,3,0,1,7,1,1,1,0,0,1,0,2,4,4,1
13,15,0,1,1,4,3,3,1,1,1,1,1,0,2,0,5,0,0,0,1
7,21,0,1,1,0,3,3,0,1,1,1,1,0,0,1,1,6,0,9,0
15,15,0,1,1,4,3,0,1,0,1,1,1,0,2,1,0,6,5,9,1
10,12,0,0,1,0,3,3,0,0,1,1,1,7,0,1,0,6,11,12,1
11,20,0,1,1,0,3,1,0,1,1,1,1,0,2,6,0,2,0,4,1
2,18,4,1,1,3,3,0,1,11,1,1,1,5,0,1,0,2,2,2,0
2,17,4,1,1,0,3,1,0,11,1,1,1,0,2,3,0,3,4,6,1
9,20,4,1,1,0,3,1,0,0,1,1,1,0,0,1,0,9,11,13,0
3,15,4,1,1,0,3,1,0,9,1,1,1,0,0,1,2,6,0,8,0
8,15,4,1,1,4,3,0,1,4,1,1,1,2,0,1,0,6,6,5,1
10,19,0,1,1,0,3,0,0,0,1,1,1,0,0,6,5,8,0,7,0
1,18,4,0,1,0,3,0,0,2,1,1,1,7,0,1,0,1,10,2,1
2,19,4,1,1,0,3,0,0,9,1,1,1,1,0,0,5,0,0,0,1
15,18,4,0,1,0,3,1,0,2,1,1,1,0,2,2,0,6,0,2,1
11,15,0,1,1,0,3,0,0,0,1,1,1,0,2,1,0,6,8,9,1
0,15,4,0,1,0,3,0,0,2,1,1,1,0,0,0,5,0,0,0,1
5,18,4,0,0,0,3,0,1,9,1,1,1,0,0,1,0,7,4,3,1
14,20,0,1,1,4,3,0,1,1,1,1,1,5,2,0,5,0,0,0,1
11,21,4,0,1,4,3,0,1,0,1,1,1,5,2,1,0,9,6,12,0
8,20,0,1,1,0,3,2,0,1,1,1,1,8,0,2,0,6,1,10,0
11,21,0,1,1,4,3,0,1,1,1,1,1,5,2,0,5,0,0,0,1
7,22,4,0,1,4,3,0,1,0,1,1,1,0,0,3,0,6,2,14,1
12,20,4,1,1,0,3,0,0,2,1,1,1,5,2,3,0,6,6,6,1
12,5,4,0,1,3,3,0,1,2,1,1,1,8,2,0,5,0,0,0,1
0,17,4,0,0,0,3,1,0,7,1,0,0,8,0,1,2,1,0,2,0
7,18,0,0,1,0,3,0,0,2,1,1,1,0,0,1,5,6,0,5,1
13,20,0,0,1,3,3,0,1,0,1,1,1,5,2,6,0,6,7,8,1
10,10,0,0,1,3,0,0,1,16,1,1,1,7,0,5,3,8,3,1,1
4,20,0,1,0,0,3,0,0,2,1,1,1,7,0,0,5,0,0,0,1
4,15,4,0,1,4,3,0,1,2,1,1,1,0,0,6,5,0,0,1,1
7,20,0,0,1,0,3,0,0,0,1,1,1,5,0,1,0,6,4,14,0
3,18,4,0,1,0,3,3,0,7,1,1,1,0,0,1,0,3,4,6,1
11,23,0,0,1,0,3,0,0,8,1,1,1,5,2,0,5,0,0,0,1
11,20,4,1,1,3,3,0,1,0,1,1,1,5,2,2,0,6,8,10,0
4,17,4,0,1,0,3,1,0,16,1,1,1,7,0,1,0,6,5,3,0
10,19,0,1,1,0,3,0,0,8,1,1,1,5,0,5,0,6,4,13,1
14,17,4,0,1,0,3,1,0,0,1,1,1,0,2,1,0,6,3,11,0
3,18,4,0,1,0,3,1,0,2,1,1,1,8,0,1,0,2,3,6,1
8,13,0,0,1,4,3,3,1,8,1,1,1,0,0,1,5,6,0,5,0
4,18,4,1,1,0,3,0,0,2,1,1,1,0,0,1,0,2,2,5,1
12,20,4,1,1,0,3,0,0,11,1,1,1,0,2,4,0,8,8,13,1
9,13,4,1,1,0,3,0,0,0,1,1,1,0,0,1,2,0,0,6,0
8,15,0,0,1,0,3,3,0,1,1,1,1,7,0,1,0,6,8,11,0
0,17,4,1,0,0,3,1,0,7,1,0,0,0,0,0,5,0,0,2,1
15,23,4,1,1,0,3,0,0,0,1,1,1,0,2,1,0,8,8,14,1
11,20,0,1,1,0,3,0,0,0,1,1,1,0,2,1,0,9,6,11,1
14,22,4,1,1,0,3,1,0,0,1,1,1,0,2,3,0,6,2,12,1
9,16,4,0,1,4,3,0,1,2,1,1,1,5,0,0,5,0,0,0,1
8,20,4,1,1,3,3,0,1,0,1,1,1,7,0,2,0,6,4,12,1
7,13,4,1,1,0,3,0,0,0,1,1,1,7,0,1,0,4,4,5,0
5,19,4,1,1,0,3,0,0,0,1,1,1,0,0,1,0,6,3,9,0
5,20,4,1,1,0,3,1,0,0,1,1,1,5,0,5,0,6,2,6,1
3,15,4,0,1,0,3,3,0,3,1,1,1,0,0,2,0,4,2,6,0
9,20,4,0,1,0,3,3,0,11,1,1,1,5,0,1,0,6,4,11,0
8,20,4,0,1,0,3,3,0,12,1,1,1,0,0,2,0,6,10,8,0
6,15,4,1,1,0,3,0,0,7,1,1,1,0,0,1,0,6,4,4,1
6,20,4,1,1,0,3,0,0,9,1,1,1,5,0,1,0,1,0,1,1
3,18,4,0,1,0,3,3,0,14,1,1,1,5,0,1,0,6,1,5,1
14,19,4,1,1,0,3,3,0,14,1,1,1,4,2,3,0,8,8,13,0
1,18,4,0,1,0,3,0,0,2,1,1,1,7,0,1,0,7,5,5,1
7,20,4,0,1,0,3,0,0,16,1,1,1,5,0,1,0,6,3,8,1
1,18,4,1,1,0,3,0,0,16,1,1,1,0,0,3,5,1,0,2,1
1,17,4,0,1,0,3,0,0,2,1,1,1,7,0,1,2,6,0,8,1
3,17,4,1,1,0,3,0,0,0,1,1,1,0,0,1,0,3,4,3,0
9,17,4,0,1,0,3,0,0,0,1,1,1,0,0,1,0,6,1,10,1
4,15,4,0,1,0,3,0,0,2,1,1,1,0,0,1,0,6,4,10,1
8,20,4,1,1,0,3,0,0,2,1,1,1,0,0,2,0,6,1,10,0
13,19,0,1,1,0,3,1,0,0,1,1,1,0,2,2,5,0,0,0,0
5,15,4,0,1,0,3,0,0,2,1,1,1,0,0,1,5,1,0,1,1
12,21,0,1,1,0,3,0,0,1,1,1,1,5,2,2,0,6,3,10,1
9,0,4,1,0,0,1,3,0,2,0,0,1,3,0,0,5,0,0,2,1
9,21,4,1,1,0,3,1,0,0,1,1,1,0,0,4,0,2,5,3,0
8,15,4,1,1,0,3,1,0,12,1,1,1,8,0,1,0,9,8,12,1
7,11,4,1,1,0,3,0,0,11,1,1,1,0,0,1,0,6,8,6,1
15,20,4,1,1,0,3,1,0,0,1,1,1,0,2,6,0,5,0,8,0
7,15,4,1,1,0,3,0,0,2,1,1,1,0,0,0,5,0,0,5,1
5,17,0,0,1,0,3,0,0,2,1,1,1,0,0,2,5,0,0,0,1
2,17,4,1,1,3,3,0,1,2,1,1,1,0,0,1,0,6,2,4,1
13,18,0,1,1,0,3,0,0,1,1,1,1,0,2,1,1,1,0,11,1
2,19,0,1,1,0,3,0,0,8,1,1,1,7,0,1,0,6,1,11,0
3,15,4,0,1,4,3,0,1,11,1,1,1,0,0,1,5,6,0,5,0
13,20,0,1,1,4,3,0,1,0,1,1,1,5,2,2,0,6,6,11,1
10,21,4,1,1,4,3,0,1,0,1,1,1,0,0,2,0,6,6,12,1
2,15,4,0,0,4,3,0,1,2,1,1,1,0,0,0,5,0,0,0,1
11,19,0,0,1,0,1,0,0,0,1,1,1,0,2,1,0,8,8,11,1
7,20,0,1,1,0,3,3,0,1,1,1,1,0,0,3,5,0,0,0,0
8,18,4,1,1,0,3,0,0,0,1,1,1,0,0,1,0,6,8,7,1
13,20,0,1,1,3,3,0,1,1,1,1,1,5,2,0,5,0,0,0,1
4,20,4,1,1,0,3,0,0,2,1,1,1,0,0,1,0,6,5,12,1
0,14,4,1,1,0,3,2,0,16,1,1,1,8,0,3,5,1,0,1,1
8,20,0,1,1,0,3,0,0,1,1,1,1,0,0,1,2,0,0,0,1
1,17,4,1,1,0,3,0,0,2,1,1,1,7,0,1,0,6,2,6,1
10,20,4,1,1,0,3,0,0,9,1,1,1,0,0,4,0,5,0,8,1
10,20,4,1,1,0,3,0,0,12,1,1,1,0,0,1,0,6,2,11,1
6,18,4,0,1,0,3,0,0,2,1,1,1,0,0,1,0,6,8,9,1
4,15,4,0,1,0,3,0,0,9,1,1,1,7,0,0,5,0,0,1,1
1,18,0,1,1,4,3,3,1,1,1,1,1,7,0,1,0,3,5,4,0
7,20,0,1,1,0,3,0,0,0,1,1,1,7,0,0,5,0,0,0,0
7,13,0,1,1,4,3,0,1,0,1,1,1,7,0,1,0,9,8,13,1
2,18,4,0,1,0,3,3,0,5,1,1,1,0,0,1,0,3,9,3,1
11,8,4,1,1,4,3,0,1,11,1,1,1,0,2,1,0,6,4,14,1
15,21,4,1,1,0,3,0,0,4,1,1,1,5,2,4,2,0,0,5,0
2,15,4,0,1,0,3,0,0,2,1,1,1,0,0,1,2,1,0,2,1
15,15,0,1,1,4,3,0,1,1,1,1,1,0,2,0,5,0,0,0,1
15,20,0,0,1,0,1,2,0,1,1,1,1,0,2,1,0,6,3,11,1
11,20,0,1,1,0,3,0,0,1,1,1,1,0,2,3,0,2,2,2,1
6,21,4,1,1,0,3,0,0,0,1,1,1,0,0,5,0,6,5,7,1
6,15,4,0,1,0,3,1,0,0,1,1,1,8,0,8,5,6,0,11,1
0,15,4,1,1,0,2,0,0,10,1,1,1,0,0,1,0,6,8,6,1
1,18,4,1,1,0,3,0,0,2,1,1,1,1,0,3,0,6,5,3,1
4,20,4,1,1,0,3,0,0,11,1,1,1,0,0,1,5,0,0,0,0
11,20,0,0,1,4,3,0,1,1,1,1,1,0,2,6,0,1,0,2,0
5,20,0,0,1,0,3,1,0,0,1,1,1,0,0,1,0,2,10,5,1
5,20,4,0,1,0,3,3,0,16,1,1,1,0,0,1,5,6,0,6,0
15,23,0,0,1,0,3,3,0,0,1,1,1,0,2,1,0,6,5,14,0
4,18,4,0,1,0,3,1,0,0,1,1,1,1,0,1,0,6,8,8,1
9,18,0,0,1,4,3,0,1,8,1,1,1,7,0,1,0,6,0,11,1
1,18,4,1,1,0,3,0,0,12,1,1,1,0,0,1,5,2,0,5,0
15,20,0,1,1,4,3,0,1,9,1,1,1,5,2,0,5,0,0,0,1
9,15,0,1,1,4,3,0,1,1,1,1,1,0,0,1,0,6,3,6,1
5,15,4,0,1,2,3,3,0,2,1,1,1,5,0,1,0,5,8,2,1
15,19,4,0,1,3,3,0,1,0,1,1,1,0,2,1,0,6,2,5,1
6,20,4,1,1,3,3,3,1,10,1,1,1,5,0,1,0,6,8,10,1
4,20,4,1,1,0,3,0,0,2,1,1,1,1,0,6,0,2,3,5,1
13,15,0,1,1,0,3,0,0,8,1,1,1,0,2,3,0,6,6,7,1
0,17,4,1,1,0,3,0,0,16,1,1,1,0,0,0,5,0,0,0,0
12,16,0,0,1,0,3,0,0,1,1,1,1,0,2,1,0,7,6,3,1
0,18,4,1,1,0,3,1,0,2,1,1,1,0,0,0,5,0,0,0,1
15,20,0,0,1,0,3,3,0,0,1,1,1,0,2,6,0,8,8,13,1
9,17,0,1,1,0,3,3,0,1,1,1,1,0,0,6,5,0,0,0,1
2,15,4,1,1,0,3,0,0,2,1,1,1,0,0,1,0,6,10,9,1
7,15,4,0,1,0,3,0,0,12,1,1,1,7,0,1,0,7,11,3,0
15,22,0,1,1,0,3,1,0,0,1,1,1,0,2,3,0,6,4,13,0
5,17,4,1,1,0,3,0,0,2,1,1,1,0,0,2,0,4,1,2,1
1,15,4,0,1,0,3,3,0,2,1,1,1,7,0,1,0,5,6,8,1
13,20,0,0,1,3,3,0,1,0,1,1,1,5,2,1,1,8,0,13,1
7,20,4,0,1,0,3,0,0,11,1,1,1,5,0,1,0,6,6,13,1
6,20,4,1,1,0,3,0,0,2,1,1,1,8,0,2,0,6,1,7,1
6,18,4,1,1,0,3,0,0,12,1,1,1,0,0,1,0,2,3,3,0
15,18,0,1,1,0,3,0,0,0,1,1,1,0,2,1,0,6,3,5,1
5,17,4,0,1,0,3,0,0,2,1,1,1,5,0,1,0,9,11,8,1
14,22,0,1,1,0,3,0,0,1,1,1,1,0,2,1,0,6,9,11,1
12,20,0,0,1,3,3,0,1,0,1,1,1,5,2,1,0,6,7,12,1
2,17,0,1,0,0,3,1,0,1,1,1,1,0,2,0,5,0,0,0,1
11,20,0,1,1,0,3,1,0,1,1,1,1,8,2,1,0,6,2,9,0
4,20,4,1,1,4,3,0,1,0,1,1,1,7,0,1,0,2,4,3,0
0,15,4,0,1,0,3,0,0,3,1,1,1,0,0,1,0,6,7,6,1
7,12,0,1,1,4,3,0,1,1,1,1,1,7,0,1,0,1,4,1,0
1,17,4,0,1,0,3,3,0,16,1,1,1,1,0,6,5,1,0,1,0
2,15,4,0,1,0,3,1,0,2,1,1,1,0,0,1,0,2,2,2,1
7,18,4,0,1,0,3,2,0,2,1,1,1,0,0,1,0,6,10,10,1
3,18,4,1,1,0,3,3,0,14,1,1,1,0,0,0,5,0,0,0,0
11,20,4,0,1,3,3,0,1,0,1,1,1,5,2,3,0,6,11,6,1
5,18,4,1,1,0,3,0,0,0,1,1,1,0,0,1,5,0,0,0,0
6,20,0,1,1,3,2,0,1,1,1,1,1,7,2,5,4,6,4,6,0
3,19,4,1,0,0,3,1,0,2,1,1,0,0,0,0,5,0,0,0,1
0,18,4,1,1,0,3,0,0,11,1,1,1,0,0,0,5,0,0,0,0
11,17,0,0,1,0,3,0,0,1,1,1,1,0,2,1,0,6,8,10,0
2,18,0,1,1,0,3,0,0,8,1,1,1,5,0,1,0,6,8,11,1
13,19,0,1,1,3,3,3,1,0,1,1,1,5,2,1,5,0,0,0,1
14,20,0,0,1,4,3,0,1,0,1,1,1,5,2,1,0,6,0,14,0
14,20,4,1,1,4,3,0,1,12,1,1,1,5,2,6,0,6,11,10,1
13,20,0,0,1,0,3,0,0,1,1,1,1,0,2,2,0,8,8,14,1
10,17,4,0,1,0,3,1,0,2,1,1,1,7,0,1,2,0,0,6,1
13,20,0,1,1,0,3,3,0,0,1,1,1,0,2,1,0,6,3,13,1
5,18,4,0,1,0,3,3,0,10,1,1,1,7,0,1,0,9,8,10,1
10,21,0,0,1,4,3,3,1,1,1,1,1,5,0,1,0,6,5,14,1
1,18,4,1,1,0,3,0,0,2,1,1,1,0,0,1,5,4,0,2,0
11,21,4,1,1,0,3,1,0,0,1,1,1,5,2,3,0,6,4,14,1
0,18,4,1,1,0,3,0,0,5,1,1,1,0,0,1,0,3,2,4,1
3,19,4,0,1,0,3,0,0,2,1,1,1,0,0,1,0,6,4,5,1
2,16,4,0,1,0,3,3,0,0,1,1,1,0,0,1,0,1,2,4,1
8,17,4,1,1,0,3,0,0,12,1,1,1,0,0,1,0,6,3,10,1
0,18,4,0,1,0,3,0,0,2,1,1,1,7,0,1,5,3,0,4,1
14,15,4,1,0,0,3,0,0,9,1,1,0,0,2,1,0,4,3,3,1
6,15,4,0,1,4,3,0,1,2,1,1,1,0,0,0,5,0,0,0,1
14,19,4,0,1,0,3,3,0,0,1,1,1,0,2,1,0,8,0,14,1
6,20,4,0,1,3,3,0,1,0,1,1,1,0,0,1,0,7,6,9,0
15,18,4,0,1,4,3,0,1,11,1,1,1,5,2,1,5,3,0,3,1
9,21,0,1,1,4,3,0,1,1,1,1,1,0,0,1,0,6,2,7,0
11,15,4,1,1,0,3,0,0,12,1,1,1,0,2,1,0,4,8,2,1
8,20,4,0,1,3,3,0,1,2,1,1,1,5,0,2,5,0,0,0,1
4,15,4,0,1,0,3,0,0,2,1,1,1,0,0,1,0,9,4,8,1
1,18,4,1,1,0,3,0,0,16,1,1,1,1,0,3,1,1,0,6,1
6,10,0,1,1,4,3,0,1,0,1,1,1,0,0,5,0,6,5,8,1
14,11,0,1,1,4,3,0,1,1,1,1,1,0,2,6,5,0,0,0,1
10,20,4,1,1,0,3,0,0,2,1,1,1,0,0,1,0,5,8,9,1
3,20,4,0,1,0,3,0,0,0,1,1,1,0,0,1,0,6,6,4,1
1,18,4,0,1,0,3,3,0,2,1,1,1,0,0,0,5,0,0,0,1
8,12,2,1,0,0,3,3,0,14,1,1,0,7,1,0,5,0,0,0,1
13,19,0,1,1,0,3,0,0,0,1,1,1,5,2,1,0,6,4,11,1
1,18,4,1,1,0,3,1,0,2,1,1,1,0,0,1,0,3,5,4,1
7,20,4,0,1,3,3,3,1,2,1,1,1,5,0,3,2,0,0,0,1
15,20,4,1,1,0,3,1,0,2,1,1,1,0,2,1,0,6,3,12,1
4,19,4,0,1,0,3,1,0,2,1,1,1,8,0,1,0,2,10,6,1
4,20,4,0,1,0,3,0,0,16,1,1,1,0,0,4,0,9,1,11,1
10,18,4,1,1,3,3,0,1,2,1,1,1,0,0,1,0,6,3,10,1
12,20,4,1,1,0,3,0,0,16,1,1,1,1,0,4,0,2,5,4,0
6,18,4,0,1,0,3,1,0,14,1,1,1,5,0,1,0,2,0,2,1
3,18,4,1,1,3,3,0,1,2,1,1,1,5,0,1,0,2,5,5,1
11,15,4,1,1,0,3,0,0,2,1,1,1,0,2,1,0,6,3,8,1
7,15,0,0,1,4,3,0,1,1,1,1,1,7,0,1,0,6,6,2,1
9,18,4,0,1,4,3,0,1,5,1,1,1,0,0,1,2,2,0,4,0
6,9,4,0,1,0,3,1,0,12,1,1,1,7,0,2,0,4,1,6,0
2,19,4,1,1,0,3,0,0,2,1,1,1,0,0,1,0,4,5,4,0
7,15,4,1,1,0,3,3,0,2,1,1,1,7,0,1,0,3,6,2,1
11,20,0,1,1,0,3,0,0,0,1,1,1,0,2,1,0,6,8,14,1
1,18,4,0,1,0,3,1,0,4,1,1,1,7,0,5,3,6,2,5,1
4,19,4,0,1,0,3,1,0,2,1,1,1,0,0,3,0,3,5,4,1
3,20,4,0,1,0,3,0,0,11,1,1,1,5,0,1,0,6,8,14,0
11,17,4,0,1,0,3,1,0,0,1,1,1,0,2,1,0,8,2,12,0
9,17,4,1,1,0,3,1,0,0,1,1,1,0,0,1,2,6,0,5,0
3,21,4,1,1,4,3,1,1,14,1,1,1,0,2,3,0,6,6,9,1
3,14,4,1,1,0,3,0,0,2,1,1,1,0,0,1,1,6,0,2,1
6,4,4,0,0,0,1,1,0,2,0,0,1,0,0,8,0,6,5,11,1
8,21,4,1,1,4,3,0,1,0,1,1,1,5,0,1,0,6,2,13,1
10,20,0,0,1,0,3,1,0,1,1,1,1,0,0,1,0,6,11,14,1
5,18,4,1,1,0,3,0,0,2,1,1,1,0,0,0,5,0,0,0,1
6,18,4,1,1,0,3,1,0,2,1,1,1,0,0,1,0,6,3,8,1
11,21,4,1,1,4,3,0,1,0,1,1,1,0,2,0,5,0,0,0,1
11,15,0,0,1,0,1,0,0,14,1,1,1,0,2,1,0,8,8,10,1
13,20,4,0,1,3,3,1,1,0,1,1,1,0,2,1,0,6,8,14,1
1,14,4,0,1,0,3,0,0,2,1,1,1,0,0,1,2,2,0,2,1
8,15,4,0,1,0,3,0,0,2,1,1,1,0,0,1,5,0,0,0,1
12,15,4,0,1,0,3,0,0,0,1,1,1,0,2,1,0,6,3,8,1
7,18,4,0,1,0,3,0,0,2,1,1,1,0,0,1,0,2,8,5,1
11,20,0,0,1,4,3,0,1,1,1,1,1,0,2,1,0,6,11,11,1
0,15,4,0,1,0,3,3,0,11,1,1,1,0,0,1,0,6,2,2,1
13,15,0,0,1,4,3,0,1,0,1,1,1,7,2,1,2,8,0,6,1
11,15,4,0,1,0,3,0,0,2,1,1,1,5,2,1,0,6,6,12,0
11,11,0,1,1,4,3,0,1,1,1,1,1,0,2,0,5,0,0,0,1
10,18,0,1,1,0,3,0,0,0,1,1,1,0,0,1,0,5,4,8,1
12,19,4,1,1,0,3,0,0,0,1,1,1,0,2,1,0,3,3,10,1
2,14,4,1,1,0,3,0,0,2,1,1,1,8,0,1,0,6,1,6,1
11,2,0,1,1,0,3,0,0,3,1,1,1,7,2,2,0,6,2,4,1
1,18,4,0,1,0,3,0,0,2,1,1,1,5,0,0,5,0,0,0,1
1,18,4,1,1,0,3,3,0,2,1,1,1,0,0,1,0,2,4,4,1
12,18,4,1,1,0,3,0,0,0,1,1,1,0,2,1,0,6,4,8,1
14,17,4,0,1,0,3,0,0,2,1,1,1,0,2,1,0,8,2,11,1
0,18,4,0,1,0,3,0,0,16,1,1,1,1,0,1,5,1,0,1,0
7,15,0,1,1,0,3,0,0,0,1,1,1,0,0,1,0,8,4,12,1
1,17,4,1,0,0,3,3,0,16,1,0,0,0,0,6,5,1,0,2,1
10,19,4,1,1,0,3,3,0,0,1,1,1,0,0,7,5,4,0,8,1
0,15,4,1,1,0,3,1,0,2,1,1,1,8,0,1,5,1,0,5,1
11,22,0,1,1,0,3,0,0,1,1,1,1,0,2,7,1,9,0,13,1
14,18,2,1,1,4,3,3,1,2,1,1,1,7,2,1,0,6,0,9,1
6,13,4,1,1,0,3,0,0,4,1,1,1,0,0,0,5,0,0,7,1
5,15,4,0,1,0,3,0,0,10,1,1,1,5,0,0,5,0,0,0,0
12,18,0,0,1,0,3,0,0,0,1,1,1,0,2,1,0,7,8,14,1
8,17,4,0,1,4,3,0,1,7,1,1,1,0,0,1,0,6,11,7,0
1,18,4,0,1,4,3,0,1,2,1,1,1,5,0,1,0,3,4,2,1
1,18,4,0,1,4,3,0,1,11,1,1,1,5,0,0,5,0,0,0,0
3,21,4,0,1,0,3,0,0,16,1,1,1,5,0,3,0,6,1,7,0
10,19,4,1,1,0,3,1,0,2,1,1,1,0,0,1,0,6,4,10,1
14,20,0,1,1,0,3,3,0,1,1,1,1,5,2,2,0,6,0,13,1
1,15,4,1,1,0,3,0,0,2,1,1,1,0,0,1,0,4,1,2,1
3,15,4,1,1,0,3,3,0,14,1,1,1,0,0,0,5,0,0,0,1
4,15,4,1,1,0,3,0,0,0,1,1,1,0,0,1,5,0,0,0,1
7,15,4,1,1,4,3,0,1,5,1,1,1,7,0,1,0,3,2,8,1
3,17,4,0,1,0,3,0,0,2,1,1,1,0,0,1,0,6,2,9,1
9,18,4,1,1,0,3,0,0,0,1,1,1,1,0,1,0,3,3,11,0
1,18,4,1,1,0,3,0,0,2,1,1,1,7,0,1,0,1,6,2,1
10,19,0,0,1,4,3,0,1,8,1,1,1,0,0,1,0,6,2,10,1
15,18,4,0,1,0,3,1,0,0,1,1,1,0,2,1,0,9,1,6,0
15,23,3,1,1,0,3,0,0,15,1,1,1,0,2,1,5,6,0,3,0
10,15,0,1,1,0,3,3,0,8,1,1,1,7,0,0,5,0,0,0,1
4,15,4,0,1,0,3,1,0,2,1,1,1,8,0,1,0,6,6,7,1
3,15,4,0,1,3,3,0,1,2,1,1,1,7,0,1,0,6,2,4,1
13,20,0,0,1,0,3,0,0,1,1,1,1,5,2,0,5,0,0,14,1
6,17,4,0,1,0,2,0,0,2,1,1,1,0,0,1,0,2,2,6,1
12,17,0,0,1,3,3,0,1,1,1,1,1,0,2,1,0,6,2,13,0
2,19,4,1,1,0,3,0,0,2,1,1,1,1,0,1,0,1,6,4,1
10,20,4,0,1,0,3,0,0,11,1,1,1,8,0,1,0,6,6,10,1
15,22,0,1,1,0,3,3,0,1,1,1,1,0,2,1,0,6,6,14,1
9,14,4,1,1,0,3,0,0,0,1,1,1,0,0,7,1,2,0,5,1
15,19,0,0,1,0,3,3,0,0,1,1,1,7,2,1,0,7,5,13,1
2,15,4,0,1,0,0,3,0,16,1,1,1,0,0,5,3,9,4,6,0
5,20,4,1,1,0,3,0,0,2,1,1,1,7,0,0,5,0,0,0,1
8,19,4,1,1,0,3,0,0,2,1,1,1,7,0,1,0,6,11,11,1
15,21,4,0,1,0,3,3,0,2,1,1,1,1,2,1,0,8,6,8,1
15,21,0,1,1,0,3,1,0,1,1,1,1,0,2,0,5,0,0,0,1
7,18,4,1,1,0,3,0,0,0,1,1,1,0,0,1,0,5,4,8,0
11,18,0,0,1,3,3,0,1,2,1,1,1,0,2,1,0,6,1,13,1
12,15,4,1,1,4,3,0,1,0,1,1,1,5,2,1,0,6,3,10,1
15,18,0,0,1,0,3,0,0,0,1,1,1,7,2,1,0,6,6,12,1
3,20,4,1,1,4,3,0,1,2,1,1,1,5,0,1,1,3,0,5,1
15,20,0,1,1,3,3,0,1,0,1,1,1,5,2,1,0,6,3,9,1
3,19,4,0,1,0,3,3,0,11,1,1,1,0,0,1,0,6,8,11,1
5,20,4,0,1,0,3,0,0,2,1,1,1,0,0,2,0,1,1,2,0
14,20,4,0,1,0,3,1,0,12,1,1,1,7,2,1,0,7,3,11,1
5,15,4,0,1,0,3,3,0,15,1,1,1,0,0,0,5,0,0,0,1
4,19,4,0,1,0,3,0,0,2,1,1,1,0,0,1,5,0,0,0,1
2,15,4,1,1,4,3,0,1,2,1,1,1,0,0,1,0,1,8,1,1
9,14,0,0,1,4,3,0,1,5,1,1,1,7,0,1,2,8,0,8,1
11,15,0,0,1,0,3,0,0,1,1,1,1,0,2,1,0,6,6,14,1
0,18,4,0,0,0,3,1,0,2,1,1,0,0,0,0,5,0,0,0,1
4,20,4,0,1,3,3,0,1,2,1,1,1,5,0,1,5,6,0,4,1
9,15,4,1,1,0,3,0,0,2,1,1,1,0,0,0,5,0,0,0,1
9,14,4,1,1,0,3,0,0,9,1,1,1,0,0,1,0,6,8,8,1
1,15,4,0,1,0,3,1,0,2,1,1,1,7,0,3,0,6,3,8,1
13,20,0,0,1,0,3,0,0,1,1,1,1,5,2,1,0,8,11,14,0
11,14,0,0,1,0,3,0,0,2,1,1,1,5,2,1,1,6,0,12,1
15,19,2,0,1,0,3,1,0,15,1,1,1,0,2,3,5,6,0,2,1
4,18,4,0,1,0,3,3,0,14,1,1,1,1,0,1,0,9,4,7,1
5,15,4,0,1,4,3,0,1,0,1,1,1,7,0,1,0,6,3,9,1
14,19,2,0,1,0,3,0,0,16,1,1,1,0,2,1,5,9,0,7,0
6,15,0,1,1,0,3,0,0,0,1,1,1,7,0,1,5,3,0,1,1
4,16,4,1,0,0,3,0,0,2,1,1,1,4,0,1,5,5,0,5,1
2,19,4,0,1,0,3,0,0,2,1,1,1,0,0,1,0,1,3,2,1
15,21,4,1,1,0,3,1,0,12,1,1,1,0,2,1,0,6,10,14,1
7,20,4,0,1,4,3,0,1,0,1,1,1,5,0,2,0,6,11,11,0
15,15,0,1,1,0,3,0,0,1,1,1,1,0,2,1,0,2,4,4,1
15,19,4,0,1,0,3,0,0,15,1,1,1,0,2,1,5,0,0,0,0
1,15,4,1,1,0,3,0,0,16,1,1,1,5,0,2,0,1,1,3,0
11,21,4,0,1,4,3,1,1,0,1,1,1,7,2,1,0,6,11,9,1
0,18,4,1,1,0,3,0,0,11,1,1,1,0,0,0,5,0,0,0,0
3,15,4,0,1,0,0,0,0,16,1,1,1,0,0,5,3,8,1,6,0
0,15,4,0,1,0,3,2,0,8,1,1,1,0,0,3,0,3,5,1,1
2,19,4,1,1,0,3,0,0,2,1,1,1,7,0,1,0,4,6,3,1
5,15,4,1,1,0,3,1,0,2,1,1,1,8,0,6,0,2,0,2,1
7,18,4,0,1,0,3,3,0,2,1,1,1,7,0,1,0,6,10,8,0
12,20,0,1,1,3,3,1,1,1,1,1,1,0,2,1,0,6,4,10,1
10,20,4,0,1,0,3,1,0,2,1,1,1,0,0,1,0,7,11,14,0
3,18,4,0,1,0,3,0,0,2,1,1,1,7,0,1,0,6,1,7,1
4,20,4,1,1,0,3,3,0,2,1,1,1,0,0,3,2,0,0,0,1
0,15,4,0,1,4,3,0,1,16,1,1,1,5,0,9,2,0,0,0,1
1,15,4,0,1,4,3,0,1,9,1,1,1,5,0,1,5,1,0,1,1
8,16,4,0,1,0,3,0,0,3,1,1,1,0,0,2,5,9,0,3,0
5,15,0,1,1,0,3,0,0,1,1,1,1,7,0,6,0,1,6,6,1
10,15,0,1,1,4,3,0,1,1,1,1,1,0,0,5,5,6,0,2,0
10,21,0,0,1,4,3,0,1,1,1,1,1,5,0,4,0,6,10,13,0
8,18,4,1,0,0,3,0,0,9,1,1,1,5,0,0,5,0,0,0,1
10,15,4,0,1,0,3,0,0,2,1,1,1,0,0,1,2,8,0,2,1
3,19,4,1,1,0,3,1,0,0,1,1,1,0,0,1,0,1,1,2,1
0,18,4,0,1,0,3,0,0,2,1,1,1,7,0,1,0,6,3,3,1
2,16,4,0,1,0,3,0,0,0,1,1,1,0,0,1,0,6,3,3,0
12,16,0,1,1,0,3,3,0,0,1,1,1,7,2,1,0,6,6,10,0
13,20,0,1,1,0,3,1,0,0,1,1,1,0,2,1,0,6,3,13,0
6,9,4,0,1,0,3,0,0,9,1,1,1,1,0,9,2,4,0,4,1
1,15,4,1,1,0,3,0,0,2,1,1,1,0,0,1,5,2,0,4,1
2,18,4,1,1,0,3,3,0,16,1,1,1,0,0,1,0,2,1,6,0
6,20,4,0,1,0,3,1,0,2,1,1,1,0,0,1,0,6,11,11,1
0,15,4,1,1,0,3,0,0,2,1,1,1,0,0,1,5,2,0,3,1
14,19,4,1,1,0,3,0,0,12,1,1,1,0,2,6,0,4,4,6,1
3,18,4,0,1,4,3,0,1,12,1,1,1,2,0,6,5,0,0,0,1
15,18,2,0,1,0,3,1,0,7,1,1,1,0,2,1,0,5,8,10,1
0,18,4,0,1,0,3,0,0,2,1,1,1,7,0,1,2,1,0,3,1
2,15,4,1,1,0,3,1,0,2,1,1,1,0,0,3,0,6,1,6,1
4,20,4,1,1,0,3,0,0,3,1,1,1,1,0,6,0,6,7,10,1
3,19,4,0,1,0,3,0,0,2,1,1,1,5,0,1,0,5,8,9,1
9,20,4,0,1,0,3,1,0,11,1,1,1,0,0,1,0,5,2,10,0
0,18,4,1,1,0,3,0,0,16,1,1,1,0,0,1,0,1,2,3,1
13,19,0,1,1,0,3,1,0,0,1,1,1,0,2,1,0,6,5,10,0
12,18,4,0,0,0,3,0,0,2,0,0,1,5,0,7,0,7,5,5,1
4,17,4,0,1,0,3,0,0,2,1,1,1,0,0,1,0,2,4,4,1
7,20,0,1,1,4,3,0,1,1,1,1,1,0,0,1,5,0,0,0,0
11,16,0,0,1,0,3,0,0,1,1,1,1,0,2,0,5,0,0,0,1
3,18,4,0,1,0,3,0,0,0,1,1,1,7,0,1,0,8,4,8,1
4,15,4,1,1,0,3,0,0,2,1,1,1,0,0,0,5,0,0,0,1
5,18,4,0,1,0,3,0,0,11,1,1,1,0,0,0,5,0,0,0,1
9,20,4,1,1,0,3,0,0,2,1,1,1,7,0,1,0,3,3,5,1
3,18,4,1,1,3,3,0,1,0,1,1,1,5,0,1,0,4,3,4,1
10,15,4,1,1,0,3,3,0,5,1,1,1,7,0,1,0,6,3,3,1
13,21,0,1,1,0,3,3,0,0,1,1,1,1,2,1,0,6,2,14,1
0,15,4,1,1,0,2,3,0,10,1,1,1,0,0,0,5,0,0,0,1
11,16,0,1,1,0,3,0,0,1,1,1,1,0,2,1,0,7,8,10,1
3,17,4,1,1,0,3,1,0,0,1,1,1,0,0,1,0,1,3,2,0
12,20,4,1,1,0,3,1,0,0,1,1,1,0,2,3,0,6,3,14,1
11,15,0,1,1,0,3,1,0,0,1,1,1,0,2,1,0,6,5,7,1
9,14,0,0,1,0,3,0,0,0,1,1,1,0,0,1,0,2,10,6,1
4,15,4,1,1,0,1,3,0,10,1,1,1,4,0,1,0,8,7,4,1
2,18,4,0,1,3,3,0,1,2,1,1,1,5,0,1,0,1,2,2,1
15,19,4,1,1,3,3,1,1,0,1,1,1,8,2,1,0,6,8,8,1
13,15,4,1,1,0,3,0,0,5,1,1,1,7,2,1,0,1,2,4,1
4,15,4,1,1,0,3,0,0,3,1,1,1,0,0,6,0,2,2,2,1
11,20,4,1,1,0,3,1,0,0,1,1,1,0,2,1,0,6,6,13,0
11,15,4,0,1,0,3,1,0,2,1,1,1,8,2,1,0,3,1,10,1
1,18,4,1,1,0,3,0,0,2,1,1,1,7,0,1,5,6,0,3,0
0,15,4,0,1,0,3,3,0,2,1,1,1,8,0,1,0,6,6,7,1
12,15,0,1,1,4,3,0,1,1,1,1,1,7,2,0,5,0,0,0,1
9,14,4,0,1,4,3,0,1,14,1,1,1,5,0,1,2,2,0,3,1
14,15,0,0,1,3,3,0,1,1,1,1,1,7,2,1,0,2,4,4,1
7,15,4,1,1,0,3,0,0,5,1,1,1,7,0,1,0,6,4,9,1
9,17,0,0,1,0,3,1,0,2,1,1,1,5,0,0,5,0,0,0,1
1,15,4,0,1,0,3,0,0,2,1,1,1,0,0,1,0,6,3,4,1
14,20,0,0,1,0,3,0,0,1,1,1,1,5,2,1,0,8,8,14,0
14,19,4,1,1,0,3,1,0,0,1,1,1,1,2,1,0,4,3,5,0
1,18,4,1,1,0,3,0,0,4,1,1,1,7,0,5,3,3,1,5,1
15,20,4,0,1,0,3,0,0,15,1,1,1,1,0,4,5,5,0,2,0
15,20,4,1,1,4,3,0,1,0,1,1,1,5,2,1,0,8,2,14,1
8,17,4,0,1,0,3,3,0,0,1,1,1,0,0,2,2,6,0,10,1
3,15,4,0,1,0,3,3,0,14,1,1,1,0,0,1,0,2,6,2,0
1,18,4,0,1,4,3,0,1,16,1,1,1,5,0,0,5,0,0,0,0
0,18,4,0,1,0,3,1,0,2,1,1,1,7,0,1,2,2,0,2,1
6,20,4,1,1,3,3,0,1,10,1,1,1,5,0,1,0,6,8,10,1
11,18,4,1,1,0,3,0,0,0,1,1,1,7,2,1,0,2,1,4,1
4,20,4,1,1,0,3,1,0,2,1,1,1,0,0,1,0,4,4,6,1
8,18,4,1,1,4,3,3,1,2,1,1,1,5,0,1,0,9,2,12,1
1,15,4,0,1,0,3,0,0,2,1,1,1,0,0,1,2,1,0,2,1
12,17,2,1,1,0,3,0,0,0,1,1,1,0,2,1,0,6,6,8,1
13,15,2,0,1,0,3,3,0,15,1,1,1,0,2,1,5,0,0,0,1
11,15,0,0,1,0,1,1,0,16,1,1,1,0,2,1,0,8,4,6,1
0,17,4,1,0,0,3,1,0,16,1,1,0,8,0,1,5,1,0,1,1
11,21,4,0,1,3,3,0,1,2,1,1,1,5,2,1,0,2,3,4,1
9,15,4,0,1,0,0,0,0,16,1,1,1,0,0,5,3,7,0,6,0
10,20,0,0,1,3,3,0,1,1,1,1,1,5,0,1,0,7,7,12,0
5,18,4,0,1,0,3,0,0,16,1,1,1,1,0,1,0,9,4,3,0
11,23,4,0,1,0,3,3,0,5,1,1,1,0,2,1,0,8,6,14,1
7,18,0,1,1,4,3,0,1,0,1,1,1,5,0,1,0,6,3,8,0
1,15,4,0,1,0,3,0,0,2,1,1,1,7,0,1,0,6,6,9,1
7,19,4,1,1,4,3,0,1,0,1,1,1,7,0,1,0,9,10,12,0
5,20,4,0,1,0,3,1,0,2,1,1,1,5,0,1,0,6,3,13,1
1,18,4,1,1,0,3,0,0,5,1,1,1,7,0,1,5,6,0,4,1
9,15,4,0,1,4,3,0,1,2,1,1,1,7,0,1,0,6,6,9,1
6,20,0,1,0,0,2,1,0,1,1,1,0,0,2,5,4,6,4,6,0
2,18,4,1,1,0,3,3,0,9,1,1,1,0,0,0,5,0,0,0,1
8,15,4,0,1,0,3,1,0,2,1,1,1,7,0,1,0,6,8,7,1
2,18,4,1,1,0,3,1,0,0,1,1,1,0,0,1,2,1,0,2,1
3,18,4,0,1,0,3,1,0,2,1,1,1,0,0,0,5,0,0,0,1
15,17,0,1,1,4,3,0,1,0,1,1,1,0,2,1,0,6,8,9,1
1,17,4,1,0,0,3,3,0,2,0,0,0,3,0,2,0,7,3,2,1
4,17,4,0,1,0,3,3,0,11,1,1,1,0,0,1,0,2,4,4,0
1,18,4,1,1,0,3,0,0,2,1,1,1,1,0,1,0,6,10,10,1
0,18,4,0,1,4,3,0,1,16,1,1,1,5,0,1,5,1,0,3,0
0,18,4,1,1,0,3,0,0,2,1,1,1,7,0,1,0,2,3,2,1
12,18,0,1,1,0,3,3,0,1,1,1,1,8,2,1,0,7,2,7,1
15,14,0,0,0,3,3,0,1,15,1,1,0,7,2,0,5,0,0,8,1
13,21,0,0,1,4,3,0,1,0,1,1,1,5,2,1,0,2,9,14,0
12,17,0,1,1,4,3,1,1,1,1,1,1,0,2,1,0,9,6,2,1
2,18,4,1,1,0,3,3,0,9,1,1,1,7,0,1,0,4,2,7,1
4,15,4,0,1,0,3,0,0,2,1,1,1,0,0,1,0,6,5,9,1
12,21,0,0,1,0,3,0,0,0,1,1,1,7,2,1,0,8,6,14,1
8,19,4,0,1,0,3,0,0,2,1,1,1,5,0,1,0,4,6,6,1
15,15,3,1,1,3,3,0,1,0,1,1,1,0,2,6,0,4,0,6,1
1,13,4,0,1,0,3,3,0,2,1,1,1,0,0,1,0,5,5,7,1
0,18,4,0,1,0,3,0,0,2,1,1,1,5,0,0,5,0,0,0,1
1,15,4,0,1,0,3,0,0,2,1,1,1,0,0,1,0,6,11,3,1
11,15,0,0,1,0,3,0,0,1,1,1,1,0,2,1,0,9,0,9,1
14,22,4,0,1,3,3,0,1,5,1,1,1,0,2,1,0,6,9,14,1
5,14,4,0,0,0,3,0,0,15,1,1,0,7,0,0,5,0,0,0,1
6,20,4,1,1,0,3,0,0,0,1,1,1,0,0,1,0,1,3,6,1
7,15,4,1,1,0,3,3,0,0,1,1,1,0,0,1,0,6,3,6,1
8,20,0,0,1,4,3,0,1,1,1,1,1,0,0,1,0,2,6,2,1
5,17,4,0,1,0,3,0,0,2,1,1,1,0,0,1,0,6,6,2,1
14,21,0,1,1,4,3,0,1,1,1,1,1,5,2,1,0,7,1,13,0
10,18,4,0,1,0,3,0,0,0,1,1,1,0,0,1,0,7,7,14,1
5,20,4,0,1,0,3,0,0,2,1,1,1,0,0,1,0,6,5,5,1
15,20,4,1,1,0,3,3,0,2,1,1,1,0,2,1,0,4,1,9,1
12,20,0,0,1,0,3,0,0,1,1,1,1,7,2,1,0,6,6,10,1
12,14,4,1,1,4,3,0,1,14,1,1,1,0,2,1,0,6,4,8,1
9,20,4,0,1,0,3,1,0,0,1,1,1,5,0,1,0,7,7,12,1
5,15,4,1,1,0,3,3,0,9,1,1,1,0,0,4,5,6,0,2,0
11,21,4,1,1,4,3,0,1,5,1,1,1,5,2,2,0,6,0,6,0
1,19,4,1,1,0,3,1,0,2,1,1,1,0,0,1,0,1,3,4,1
15,15,0,0,1,0,3,0,0,15,1,1,1,0,2,0,5,0,0,0,1
9,21,4,0,1,0,3,2,0,0,1,1,1,0,0,2,5,6,0,14,1
5,18,4,1,1,0,3,1,0,2,1,1,1,0,0,1,0,2,5,4,1
4,15,0,0,1,4,3,0,1,0,1,1,1,0,0,1,0,9,3,7,1
1,15,4,0,1,0,3,0,0,2,1,1,1,7,0,1,2,4,0,3,1
13,17,4,1,1,0,3,1,0,2,1,1,1,8,2,1,0,6,1,10,1
8,18,4,1,1,0,3,0,0,12,1,1,1,0,0,1,5,0,0,0,1
10,20,4,0,1,0,3,0,0,2,1,1,1,7,0,7,2,6,0,9,1
8,15,2,1,1,0,3,0,0,0,1,1,1,0,0,4,0,6,4,7,1
11,17,4,0,1,0,3,0,0,2,1,1,1,0,2,0,5,0,0,0,1
8,20,4,1,1,4,3,0,1,11,1,1,1,2,0,1,0,7,8,5,1
13,20,0,0,1,0,3,1,0,1,1,1,1,0,2,1,0,8,2,13,1
14,15,0,0,1,0,3,0,0,8,1,1,1,5,2,1,0,6,9,11,1
5,18,4,0,1,0,3,0,0,2,1,1,1,0,0,1,0,8,2,6,1
4,20,4,0,0,0,3,1,0,2,1,1,0,0,0,1,0,6,5,7,1
11,20,4,1,1,3,3,0,1,0,1,1,1,5,2,2,0,6,3,9,1
7,10,0,0,1,4,3,0,1,5,1,1,1,0,0,5,0,6,4,10,0
13,15,0,1,1,0,3,0,0,1,1,1,1,7,2,3,1,6,0,4,1
8,17,4,0,1,0,3,1,0,2,1,1,1,0,0,0,5,0,0,0,1
3,18,4,0,0,0,3,0,0,11,1,1,0,0,0,1,0,2,1,4,0
11,15,4,1,1,0,3,0,0,4,1,1,1,7,2,4,0,6,8,7,1
7,20,4,1,1,0,3,1,0,0,1,1,1,8,0,2,5,1,0,2,0
14,5,4,0,1,0,2,0,0,2,1,1,1,0,2,1,0,6,5,7,1
12,23,3,0,1,0,3,3,0,0,1,1,1,0,2,7,0,8,8,14,1
8,18,4,1,0,0,3,0,0,0,1,1,0,0,0,0,5,0,0,3,0
3,18,4,1,1,0,3,1,0,2,1,1,1,8,0,1,0,2,4,4,1
11,15,4,0,1,4,3,0,1,10,1,1,1,5,2,1,0,6,8,4,1
15,21,0,1,1,0,3,0,0,1,1,1,1,5,2,1,1,6,0,13,1
4,15,4,0,1,0,3,3,0,2,1,1,1,0,0,3,0,6,11,6,1
7,13,4,1,1,0,3,1,0,7,1,1,1,8,0,1,0,6,1,9,1
6,20,4,1,1,0,3,0,0,14,1,1,1,0,0,1,0,8,8,12,1
12,20,4,1,1,0,3,1,0,0,1,1,1,0,2,7,0,9,10,8,1
9,19,4,0,1,0,3,0,0,2,1,1,1,5,0,1,0,6,6,12,1
13,11,3,0,1,0,3,0,0,15,1,1,1,7,2,0,5,0,0,0,0
8,20,0,1,1,0,3,0,0,1,1,1,1,7,0,1,0,6,2,9,1
1,14,4,1,1,0,3,3,0,2,1,1,1,0,0,2,0,2,3,4,1
14,19,0,1,1,0,3,0,0,8,1,1,1,0,2,5,0,6,9,11,1
14,19,4,1,1,0,3,3,0,2,1,1,1,5,2,2,5,0,0,0,1
7,20,4,1,1,0,3,0,0,2,1,1,1,0,0,4,5,0,0,0,1
0,15,4,0,1,0,3,1,0,16,1,1,1,0,0,1,0,2,1,2,1
12,17,4,0,1,0,3,0,0,0,1,1,1,0,2,1,0,5,3,5,1
5,20,4,1,1,0,3,0,0,2,1,1,1,0,0,1,5,0,0,0,1
9,20,4,1,1,0,3,0,0,0,1,1,1,0,0,1,0,7,2,11,0
3,17,4,0,1,0,3,1,0,2,1,1,1,0,0,1,0,6,4,6,1
7,20,4,1,1,0,3,0,0,2,1,1,1,0,0,1,0,6,3,2,1
13,11,4,0,1,0,3,3,0,15,1,1,1,0,2,2,5,9,0,1,1
2,17,4,0,1,0,3,0,0,2,1,1,1,1,0,1,0,6,8,7,0
13,20,0,0,1,0,3,1,0,0,1,1,1,0,2,3,0,7,2,14,0
7,17,4,0,1,0,3,3,0,2,1,1,1,0,0,1,0,5,11,3,1
12,16,4,1,1,0,3,0,0,0,1,1,1,0,2,1,0,1,3,2,1
1,15,4,1,1,0,3,0,0,2,1,1,1,0,0,0,5,0,0,0,1
0,18,4,1,1,1,3,3,0,11,1,1,1,0,0,9,2,4,0,0,0
2,19,4,0,1,0,3,0,0,2,1,1,1,5,0,1,0,6,8,7,1
12,22,4,1,1,0,3,0,0,0,1,1,1,8,2,7,1,9,0,13,1
0,18,4,0,1,0,3,0,0,16,1,1,1,0,0,0,5,0,0,0,0
8,13,4,0,1,0,3,0,0,0,1,1,1,0,0,1,0,6,2,13,1
4,20,4,1,1,0,3,0,0,2,1,1,1,1,0,1,0,6,8,7,1
5,19,4,0,1,0,3,0,0,9,1,1,1,5,0,1,0,4,2,2,1
1,18,4,1,1,0,3,0,0,12,1,1,1,0,0,1,5,0,0,0,0
11,21,0,1,1,4,3,0,1,1,1,1,1,5,2,0,5,0,0,0,1
10,15,4,1,1,4,3,0,1,0,1,1,1,7,0,1,2,6,0,4,1
3,13,4,1,1,0,3,0,1,9,1,1,1,5,0,6,1,3,0,7,0
1,18,4,0,1,0,3,0,0,2,1,1,1,0,0,2,2,6,0,4,0
14,20,0,0,1,0,3,1,0,0,1,1,1,0,2,1,0,6,1,11,1
0,15,4,1,1,0,3,1,0,16,1,1,1,0,0,3,0,2,1,2,0
8,1,4,0,0,0,3,0,0,15,0,0,1,5,0,0,5,0,0,2,0
13,15,0,1,1,4,3,3,1,1,1,1,1,5,2,1,0,6,6,11,1
5,18,4,1,1,0,3,1,0,11,1,1,1,0,0,4,0,4,2,2,0
3,18,4,1,1,0,3,1,0,2,1,1,1,0,0,1,0,1,6,6,1
9,15,3,1,1,0,3,0,0,0,1,1,1,6,0,1,0,5,10,9,0
10,15,0,1,1,4,3,0,1,9,1,1,1,5,0,1,2,6,0,8,1
11,1,3,0,0,0,0,3,0,15,0,1,0,7,1,0,5,0,5,2,1
11,20,4,0,1,4,3,0,1,16,1,1,1,0,2,1,5,6,0,5,0
1,19,4,1,1,0,3,3,0,2,1,1,1,1,0,1,0,1,10,4,1
3,17,4,0,1,0,3,1,0,2,1,1,1,0,0,1,1,4,0,1,1
2,15,4,1,1,0,3,3,0,2,1,1,1,0,0,1,0,1,4,3,1
5,18,4,0,1,0,3,0,0,0,1,1,1,5,0,1,0,4,3,6,1
5,18,0,1,1,3,3,0,1,1,1,1,1,0,0,5,0,6,6,7,1
6,17,4,1,1,4,3,0,1,11,1,1,1,0,0,1,0,6,6,5,0
8,21,4,1,1,4,3,3,1,11,1,1,1,5,0,0,5,0,0,0,0
6,18,4,0,1,0,3,0,0,2,1,1,1,0,0,2,0,6,6,9,1
8,19,4,0,1,0,3,3,0,2,1,1,1,0,0,1,0,6,5,7,1
2,0,4,0,1,2,3,0,0,2,1,1,1,7,0,1,0,3,4,6,1
11,20,0,1,1,3,3,0,1,0,1,1,1,5,2,3,0,6,8,13,1
10,21,4,0,1,0,3,3,0,11,1,1,1,5,0,1,0,6,3,14,0
3,15,4,1,1,0,3,3,0,2,1,1,1,0,0,1,0,4,1,6,0
1,18,4,1,1,0,3,0,0,0,1,1,1,7,0,7,5,4,0,1,0
12,18,4,0,1,0,3,0,0,2,1,1,1,1,2,1,0,6,8,10,1
5,17,4,0,1,0,3,0,0,15,1,1,1,0,0,0,5,0,0,0,1
15,19,0,0,1,0,0,1,0,0,1,1,1,0,2,5,3,9,2,12,1
6,20,4,1,1,0,3,1,0,2,1,1,1,0,0,1,0,4,3,3,1
7,15,4,1,1,0,3,0,0,2,1,1,1,0,0,1,0,4,10,6,1
9,15,4,0,1,0,3,0,0,2,1,1,1,7,0,1,0,5,5,6,1
5,15,4,1,1,0,3,0,0,0,1,1,1,0,0,1,0,3,2,6,1
14,20,2,1,1,0,3,2,0,5,1,1,1,0,2,1,0,6,6,10,1
9,20,4,1,1,0,3,3,0,0,1,1,1,1,0,1,0,6,3,10,1
9,7,0,1,1,0,1,0,0,11,1,1,1,7,2,3,0,2,7,7,1
11,11,0,1,0,0,3,0,0,0,0,1,1,0,2,1,0,6,8,13,1
3,20,4,1,1,0,3,1,0,11,1,1,1,0,0,1,5,8,0,6,0
5,17,4,0,1,0,3,1,0,2,1,1,1,0,0,4,0,6,4,10,1
12,15,3,1,1,0,3,0,0,2,1,1,1,0,2,0,5,0,0,4,1
12,20,4,0,1,0,3,0,0,12,1,1,1,0,2,1,0,6,3,11,1
0,17,4,0,1,0,3,0,0,11,1,1,1,0,0,2,0,1,3,1,0
15,19,4,0,1,0,3,0,0,0,1,1,1,0,2,3,0,6,8,10,1
6,20,4,0,1,0,2,0,0,3,1,1,1,0,0,1,0,6,2,13,1
1,18,4,0,1,0,3,1,0,2,1,1,1,0,0,1,5,4,0,4,1
7,20,0,1,1,3,3,0,1,0,1,1,1,5,0,1,0,6,2,10,1
1,18,4,1,1,0,3,1,0,2,1,1,1,8,0,0,5,0,0,0,1
13,15,0,1,1,4,3,0,1,1,1,1,1,7,2,1,0,6,10,8,1
11,18,0,0,1,0,3,3,0,1,1,1,1,7,2,1,0,6,5,14,1
13,21,4,1,1,3,3,0,1,2,1,1,1,0,2,1,0,6,4,12,1
0,15,4,1,1,0,3,3,0,2,1,1,1,0,0,1,0,4,9,4,1
0,18,4,1,1,0,3,0,0,16,1,1,1,0,0,0,5,0,0,0,0
13,19,0,0,1,0,3,1,0,0,1,1,1,0,2,6,5,8,0,7,0
2,15,4,1,1,0,3,0,0,0,1,1,1,1,0,1,5,1,0,1,1
10,18,4,0,1,0,3,3,0,2,1,1,1,0,0,7,1,6,0,9,1
5,15,4,0,1,0,3,0,0,2,1,1,1,0,0,1,0,5,2,2,1
1,19,4,0,1,4,3,0,1,0,1,1,1,7,0,1,0,6,2,12,0
6,18,4,1,1,0,3,0,0,2,1,1,1,7,0,6,0,1,0,2,1
10,20,4,0,1,4,3,0,1,12,1,1,1,5,0,1,0,6,6,11,1
3,18,4,1,1,0,3,1,0,14,1,1,1,0,0,1,0,2,3,4,1
4,19,4,1,1,0,3,1,0,9,1,1,1,5,0,0,5,0,0,0,1
13,15,0,0,1,4,3,0,1,1,1,1,1,0,2,1,0,9,3,14,1
12,9,0,0,0,4,3,0,1,9,1,1,1,7,2,2,0,8,2,4,1
10,16,4,1,0,0,3,3,0,11,1,0,0,0,0,1,0,6,0,7,1
9,20,4,0,1,0,3,0,0,5,1,1,1,0,0,1,0,6,9,14,1
11,8,0,0,1,4,3,3,1,4,1,1,1,0,2,1,5,0,0,1,1
12,19,4,0,1,0,3,1,0,16,1,1,1,8,0,2,5,4,0,3,1
12,21,0,1,1,0,3,3,0,0,1,1,1,0,2,1,0,8,2,14,1
10,20,4,0,1,0,3,3,0,2,1,1,1,5,0,1,0,6,4,11,1
13,16,0,0,1,0,3,0,0,15,1,1,1,0,2,0,5,0,0,0,1
7,20,4,1,1,0,3,0,0,2,1,1,1,0,0,1,0,6,5,9,1
5,20,4,0,0,0,3,0,0,11,1,1,0,0,0,2,2,0,0,0,0
0,15,4,0,1,0,3,0,0,2,1,1,1,0,0,1,0,2,8,5,1
3,21,4,0,1,0,3,1,0,11,1,1,1,0,0,1,0,8,5,14,0
3,17,4,1,1,0,3,1,0,2,1,1,1,0,0,3,0,2,4,1,1
0,18,4,0,1,0,3,1,0,16,1,1,1,0,0,1,0,8,2,8,0
7,20,4,1,1,0,3,3,0,0,1,1,1,5,0,1,0,6,5,12,1
9,19,0,0,1,0,0,1,0,0,1,1,1,0,0,5,3,6,9,12,1
9,16,0,1,1,0,3,0,0,2,1,1,1,0,0,1,0,6,11,3,1
3,18,4,1,1,0,3,0,0,2,1,1,1,5,0,0,5,0,0,0,1
5,20,4,0,1,0,3,0,0,2,1,1,1,0,0,1,0,6,2,13,1
1,14,4,1,1,4,3,3,1,2,1,1,1,7,0,1,0,1,2,2,1
0,15,4,0,1,0,3,3,0,2,1,1,1,0,0,0,5,0,0,0,1
15,15,0,1,1,0,3,0,0,0,1,1,1,7,2,1,0,6,4,10,0
1,18,4,0,1,0,3,3,0,2,1,1,1,7,0,1,5,4,0,4,1
3,18,4,0,1,4,3,0,1,0,1,1,1,7,0,1,0,5,6,5,0
11,18,0,0,1,3,3,0,1,1,1,1,1,7,2,1,0,6,11,11,1
8,18,4,0,1,3,3,0,1,2,1,1,1,0,0,1,0,4,2,2,1
2,18,4,0,1,3,3,0,1,9,1,1,1,5,0,1,2,6,0,5,1
6,15,4,1,1,0,3,0,0,14,1,1,1,0,0,1,0,8,6,12,1
14,20,0,0,1,4,3,1,1,0,1,1,1,0,2,6,0,8,11,11,1
14,0,2,1,0,0,1,3,0,0,1,0,1,0,2,0,5,0,0,7,1
9,18,4,1,1,0,3,0,0,12,1,1,1,7,0,1,0,6,6,10,1
4,15,4,0,1,0,3,0,0,2,1,1,1,0,0,1,0,6,6,7,1
15,18,0,0,1,0,3,0,0,1,1,1,1,0,2,1,0,6,8,11,1
1,18,4,0,1,0,3,1,0,7,1,1,1,0,0,1,0,3,4,3,1
8,15,4,1,0,0,3,0,0,2,1,1,0,7,0,0,5,0,0,0,1
7,20,4,1,1,0,3,0,0,11,1,1,1,5,0,1,0,6,2,12,1
7,18,4,0,1,0,3,0,0,0,1,1,1,0,0,1,0,6,4,10,1
9,14,4,0,1,0,3,0,0,0,1,1,1,0,0,3,0,6,8,12,1
4,15,4,0,1,0,0,3,0,4,0,1,1,4,0,5,3,9,8,11,1
0,15,4,1,1,0,3,0,0,2,1,1,1,0,0,1,5,1,0,2,1
7,15,4,0,1,4,3,0,1,7,1,1,1,0,0,1,0,6,1,6,1
13,20,0,1,1,3,3,0,1,0,1,1,1,7,2,1,0,6,6,10,0
15,11,3,0,1,0,3,0,0,15,1,1,1,0,2,1,5,5,0,2,1
5,17,3,1,1,0,3,3,0,0,1,1,1,7,2,1,0,1,2,6,1
4,20,4,0,1,0,3,0,0,11,1,1,1,0,0,1,0,6,6,5,0
13,20,0,1,1,0,3,0,0,0,1,1,1,7,2,0,5,0,0,0,0
7,20,4,1,1,0,3,0,0,12,1,1,1,0,0,1,0,6,3,9,1
6,20,4,1,1,0,3,0,0,12,1,1,1,0,0,1,0,6,10,12,0
11,17,4,1,1,0,3,3,0,0,1,1,1,1,2,1,0,3,6,6,1
0,18,4,1,1,0,3,1,0,2,1,1,1,0,0,0,5,0,0,0,1
11,20,4,1,1,2,3,1,0,2,1,1,1,5,2,3,0,1,3,12,1
4,19,4,0,1,0,3,1,0,2,1,1,1,5,0,1,0,3,8,10,0
10,20,4,0,1,0,3,0,0,0,1,1,1,7,0,1,0,8,8,10,0
15,18,0,1,1,4,3,0,1,1,1,1,1,7,2,0,5,0,0,0,1
10,20,4,1,1,0,3,0,0,0,1,1,1,0,0,1,0,6,4,13,1
5,20,4,0,1,2,3,3,0,2,1,1,1,5,0,1,0,5,10,14,1
9,21,4,1,1,4,3,0,1,14,1,1,1,5,0,1,0,6,6,10,0
3,18,4,0,1,3,0,3,1,16,1,1,1,1,0,5,3,9,3,5,1
1,18,4,0,1,0,3,3,0,2,1,1,1,5,0,1,2,2,0,4,1
0,17,4,0,1,0,3,3,0,8,1,1,1,0,0,1,0,6,0,8,1
2,18,4,1,1,0,3,0,0,0,1,1,1,0,0,2,0,6,3,11,1
11,19,4,0,1,0,3,0,0,0,1,1,1,1,2,1,2,4,0,2,1
1,18,4,0,1,0,3,0,0,2,1,1,1,0,0,0,5,0,0,0,1
2,18,4,0,1,0,3,3,0,2,1,1,1,0,0,4,0,1,2,4,1
0,18,4,0,1,0,3,1,0,2,1,1,1,0,0,1,0,1,5,3,1
9,13,4,0,1,0,3,0,0,11,1,1,1,0,0,6,0,6,3,13,1
8,18,4,1,1,0,3,3,0,11,1,1,1,0,0,1,2,0,0,0,0
0,18,4,0,1,0,3,0,0,2,1,1,1,0,0,1,5,4,0,3,0
0,18,4,1,1,0,3,3,0,2,1,1,1,5,0,3,0,1,6,1,1
6,18,4,0,1,0,3,0,0,0,1,1,1,7,0,1,1,3,0,10,1
6,20,4,1,1,4,3,0,1,12,1,1,1,7,0,1,0,5,0,6,1
8,19,0,0,1,4,3,3,1,8,1,1,1,0,0,1,0,6,0,8,1
12,18,0,0,1,0,3,1,0,0,1,1,1,0,2,1,0,6,4,13,0
1,18,4,1,1,0,3,0,0,2,1,1,1,0,0,2,0,2,6,6,1
5,19,4,0,1,3,3,1,1,7,1,1,1,0,0,1,5,2,0,4,1
8,18,0,0,0,0,3,1,0,0,1,1,1,0,0,1,0,4,4,5,1
5,15,4,1,0,0,3,0,0,2,1,1,1,5,0,1,5,0,0,2,1
5,18,4,0,1,0,3,0,0,2,1,1,1,0,0,2,0,6,3,6,1
0,18,4,1,1,0,3,0,0,16,1,1,1,1,0,0,5,0,0,0,0
8,15,4,0,1,0,3,0,0,0,1,1,1,0,0,1,0,6,2,11,1
14,15,0,1,1,0,3,3,0,8,1,1,1,0,2,3,0,6,0,8,1
2,19,4,1,1,0,3,3,0,2,1,1,1,0,0,1,0,3,2,5,1
1,18,4,0,1,0,3,0,0,2,1,1,1,0,0,1,0,8,1,7,1
10,20,0,1,1,0,3,1,0,8,1,1,1,0,0,4,0,1,6,5,1
3,18,4,0,1,0,0,0,0,16,1,1,1,0,0,5,3,8,2,7,0
13,15,0,0,1,0,3,3,0,1,1,1,1,0,2,1,0,6,6,14,1
3,18,4,0,1,0,3,0,0,2,1,1,1,7,0,1,0,6,6,4,1
9,20,4,0,1,0,3,0,0,2,1,1,1,7,0,1,2,6,0,6,1
8,17,4,0,1,0,2,3,0,5,1,1,1,0,0,1,0,6,4,9,0
9,14,4,0,1,0,3,0,0,12,1,1,1,7,0,1,0,6,10,8,1
2,16,4,0,1,0,3,0,0,11,1,1,1,0,0,1,0,7,2,4,1
9,20,4,1,1,4,3,0,1,0,1,1,1,5,0,0,5,0,0,10,1
13,19,2,1,1,0,3,1,0,0,1,1,1,5,2,3,0,6,7,12,0
7,22,4,1,1,0,3,1,0,0,1,1,1,0,0,1,1,8,0,11,1
1,15,4,1,1,0,3,3,0,2,1,1,1,7,0,1,5,5,0,2,0
4,18,4,1,1,0,3,0,0,16,1,1,1,0,0,4,0,4,1,6,1
11,20,4,1,1,0,3,0,0,16,1,1,1,5,0,2,5,5,0,3,0
8,19,4,1,1,0,3,0,0,2,1,1,1,0,0,1,1,4,0,1,1
15,18,0,0,1,4,3,0,1,1,1,1,1,7,2,1,0,3,10,4,1
10,15,0,1,1,0,3,3,0,2,1,1,1,0,0,1,0,6,6,8,1
13,15,0,1,1,0,3,0,0,8,1,1,1,0,2,1,0,3,0,3,1
7,21,4,1,1,0,3,0,0,5,1,1,1,0,0,2,0,6,8,11,1
2,20,4,0,1,0,3,0,0,2,1,1,1,5,0,1,0,8,3,6,1
13,20,2,1,1,0,3,1,0,2,1,1,1,0,2,1,0,7,10,7,1
4,18,4,1,1,0,3,0,0,4,1,1,1,0,0,1,0,6,4,7,1
4,20,4,0,1,4,3,0,1,0,1,1,1,5,0,6,0,6,3,12,1
15,20,4,0,1,0,3,1,0,11,1,1,1,0,2,1,0,6,4,12,1
9,9,0,0,1,0,3,1,0,2,1,1,1,1,0,2,0,8,8,6,1
9,15,4,1,1,0,3,0,0,5,1,1,1,5,0,1,5,0,0,0,1
6,4,0,0,1,4,0,1,1,11,1,1,1,7,0,5,3,7,5,12,1
13,17,0,1,1,4,3,0,0,8,1,1,1,7,2,1,0,6,5,11,1
13,17,0,1,1,0,3,0,0,1,1,1,1,0,2,1,5,0,0,0,1
8,18,4,0,1,0,3,0,0,2,1,1,1,0,0,1,0,9,11,7,1
4,20,4,1,1,0,3,1,0,14,1,1,1,1,0,1,0,6,10,9,1
15,22,4,0,1,0,3,0,0,2,1,1,1,0,2,2,0,6,3,10,1
13,21,0,0,1,3,3,0,1,0,1,1,1,0,2,1,0,6,2,14,1
0,15,4,0,1,0,3,0,0,16,1,1,1,0,0,1,1,8,0,6,0
5,18,4,0,0,0,3,0,0,2,1,1,0,0,0,1,0,3,6,3,1
7,19,4,1,1,0,3,1,0,0,1,1,1,0,0,1,0,6,1,10,1
2,18,4,0,1,0,3,1,0,0,1,1,1,7,0,1,2,6,0,6,1
4,19,4,1,1,0,3,0,0,2,1,1,1,0,0,1,0,3,5,4,1
8,14,0,0,1,4,3,0,1,0,1,1,1,7,0,1,0,6,1,6,1
4,19,4,1,1,0,3,1,0,2,1,1,1,0,0,0,5,0,0,0,1
10,21,4,1,1,0,3,0,0,2,1,1,1,7,0,4,0,8,8,12,1
2,18,4,0,1,0,3,1,0,2,1,1,1,0,0,2,0,6,1,10,1
8,20,4,1,1,0,3,1,0,11,1,1,1,5,0,1,0,1,4,1,1
12,20,4,0,1,0,3,3,0,11,1,1,1,0,2,2,0,9,4,12,1
6,20,0,1,1,0,3,0,0,2,1,1,1,5,0,2,0,6,0,14,0
12,14,4,1,1,0,3,3,0,16,1,1,1,0,2,1,1,6,0,6,1
1,15,4,1,1,0,3,1,0,0,1,1,1,0,0,1,5,1,0,2,0
10,21,0,1,1,4,3,0,1,1,1,1,1,0,0,1,0,6,11,12,1
14,21,4,1,1,0,3,1,0,5,1,1,1,5,2,1,0,6,5,13,1
13,16,3,1,1,0,3,3,1,9,1,1,1,1,2,9,0,3,4,7,0
8,18,0,1,1,3,3,0,1,1,1,1,1,5,0,1,0,4,4,7,1
9,13,4,1,1,0,3,3,0,9,1,1,1,7,0,0,5,0,0,0,1
3,18,4,0,1,0,3,1,0,2,1,1,1,0,0,1,0,6,2,9,1
3,18,4,0,1,0,3,3,0,11,1,1,1,1,0,1,5,2,0,4,1
14,20,4,0,1,0,3,1,0,0,1,1,1,0,2,1,2,7,0,14,0
10,14,0,0,1,4,3,0,1,5,1,1,1,0,0,1,2,2,0,5,1
15,20,0,1,1,3,3,0,1,0,1,1,1,5,2,1,0,6,7,12,1
8,20,4,0,1,0,3,1,0,2,1,1,1,0,0,2,0,8,3,12,1
12,19,4,1,1,0,3,0,0,0,1,1,1,0,2,1,0,6,2,10,0
12,18,0,0,1,0,3,3,0,1,1,1,1,0,2,1,5,0,0,11,0
12,20,0,0,1,0,3,1,0,0,1,1,1,0,2,1,0,9,1,13,0
4,18,4,1,1,0,3,0,0,11,1,1,1,0,0,1,0,6,4,9,0
0,15,4,1,0,0,3,0,0,6,1,1,0,8,0,9,2,0,0,0,1
5,20,4,1,1,0,3,0,0,16,1,1,1,0,0,2,5,4,0,3,0
0,15,4,1,1,0,3,0,0,2,1,1,1,7,0,0,5,0,0,0,1
11,20,0,0,1,0,1,1,0,1,1,1,1,0,2,1,0,6,3,14,1
11,15,4,1,0,0,3,0,0,13,1,0,0,8,2,6,0,6,2,11,0
0,18,4,1,0,0,3,2,0,2,1,0,1,0,0,1,5,2,0,2,1
11,17,4,0,1,4,3,3,1,11,1,1,1,0,2,1,0,6,6,12,0
14,21,0,1,1,0,3,1,0,1,1,1,1,0,2,1,0,5,3,13,1
14,20,0,1,0,0,3,0,0,2,1,1,1,0,2,0,5,0,0,0,1
9,15,0,1,1,0,3,1,0,2,1,1,1,0,0,1,0,6,6,8,1
1,18,4,0,1,0,0,0,0,16,1,1,1,1,0,5,3,8,3,6,1
10,20,0,0,1,3,3,3,1,1,1,1,1,8,0,6,0,8,11,13,0
2,15,4,1,0,0,3,1,0,16,1,1,0,8,0,0,5,0,0,0,1
10,20,4,0,1,4,3,0,1,2,1,1,1,5,0,1,0,6,3,12,1
13,0,4,0,1,3,3,0,1,15,1,1,1,5,2,0,5,0,0,1,1
4,15,2,0,1,0,3,1,0,7,1,1,1,0,0,1,0,6,1,7,1
6,15,4,1,1,0,3,0,0,2,1,1,1,0,0,1,0,3,3,5,1
14,20,0,1,1,0,3,0,0,1,1,1,1,8,2,1,0,6,3,13,1
15,13,0,0,1,0,3,0,0,0,1,1,1,7,2,1,0,6,5,12,1
13,17,4,1,1,0,3,0,0,2,1,1,1,1,2,1,5,0,0,1,0
3,18,4,1,1,0,3,3,0,11,1,1,1,5,0,0,5,0,0,4,0
9,18,4,0,1,0,0,1,0,0,1,1,1,0,0,5,3,9,4,12,0
2,16,4,1,1,3,3,0,1,2,1,1,1,5,0,1,0,6,4,2,1
15,19,0,1,1,0,3,3,0,0,1,1,1,0,2,1,0,6,6,10,1
6,20,0,0,1,0,3,1,0,0,1,1,1,0,0,1,0,6,0,9,1
1,15,4,1,1,0,3,0,0,12,1,1,1,0,0,0,5,0,0,0,1
13,20,0,1,1,4,3,0,1,1,1,1,1,5,2,1,0,3,9,14,1
2,15,4,0,1,4,3,0,1,2,1,1,1,7,0,1,0,6,4,5,1
7,15,4,1,1,0,3,0,0,12,1,1,1,0,0,2,5,4,0,3,1
8,15,4,1,1,0,3,1,0,0,1,1,1,0,0,1,0,6,6,10,1
0,18,4,0,1,0,3,1,0,11,1,1,1,5,0,1,0,3,3,3,1
1,18,4,0,1,0,3,0,0,2,1,1,1,7,0,0,5,0,0,0,1
12,2,0,1,1,3,3,0,1,0,1,1,1,7,2,0,2,0,0,4,0
3,20,4,1,1,3,3,0,1,2,1,1,1,0,0,1,0,6,6,2,1
13,20,0,0,1,0,3,0,0,1,1,1,1,5,2,7,0,3,7,4,1
10,20,0,0,1,3,3,0,1,2,1,1,1,0,0,2,0,6,6,9,1
0,15,4,1,1,0,3,0,0,2,1,1,1,7,0,1,5,3,0,1,1
15,22,0,1,1,0,3,3,0,0,1,1,1,0,2,1,0,6,9,14,1
12,20,0,0,0,0,3,0,0,0,1,1,1,5,2,4,0,7,4,14,1
8,18,0,0,1,3,3,0,1,1,1,1,1,0,0,2,0,4,11,3,1
9,17,4,1,1,0,3,0,0,2,1,1,1,0,0,1,0,5,7,8,1
12,20,0,0,1,3,3,0,1,1,1,1,1,5,2,2,0,6,3,14,1
13,18,4,1,1,3,3,0,1,0,1,1,1,7,2,1,0,6,2,11,0
6,20,4,0,1,0,3,0,0,11,1,1,1,5,0,1,0,6,6,14,0
2,15,4,0,1,0,3,0,0,15,1,1,1,0,0,0,5,0,0,0,1
6,15,4,0,1,0,3,0,0,2,1,1,1,7,0,1,0,6,10,10,1
2,12,4,0,1,4,3,0,1,9,1,1,1,5,0,0,5,0,0,0,1
5,20,0,1,1,0,3,0,0,1,1,1,1,7,0,1,0,8,4,6,1
4,18,4,1,1,0,3,0,0,2,1,1,1,0,0,0,5,0,0,0,1
10,20,4,1,1,0,3,0,0,0,1,1,1,5,0,1,0,6,4,13,1
12,9,0,0,0,0,3,1,0,5,1,1,0,7,2,2,0,8,7,6,1
5,23,4,0,1,0,3,3,0,7,1,1,1,0,0,1,5,8,11,4,1
1,15,4,1,1,0,3,0,0,2,1,1,1,0,0,9,2,0,0,0,1
7,15,0,0,1,0,3,0,0,2,1,1,1,7,0,1,5,6,0,3,0
4,18,0,0,1,0,3,0,0,2,1,1,1,6,0,3,0,2,10,3,1
9,18,1,0,0,0,3,1,0,0,1,0,0,0,0,1,5,9,0,3,1
3,15,4,0,1,4,3,0,1,2,1,1,1,7,0,0,5,0,0,0,1
0,15,4,1,1,4,3,0,1,0,1,1,1,0,0,1,0,1,1,3,0
7,17,0,0,1,0,3,0,0,0,1,1,1,0,0,1,0,9,6,10,1
5,17,4,0,1,0,3,0,0,2,1,1,1,0,0,0,5,0,0,0,1
0,18,4,1,1,0,3,1,0,11,1,1,1,0,0,3,0,1,0,3,1
13,18,0,1,1,0,3,0,0,1,1,1,1,5,2,5,0,6,2,11,1
11,17,0,0,1,0,1,0,0,1,1,1,1,0,2,1,0,6,3,11,1
5,20,4,0,1,0,3,1,0,0,1,1,1,0,0,1,0,5,4,6,1
10,18,0,1,1,0,3,0,0,0,1,1,1,1,0,3,0,3,4,3,0
13,22,4,0,1,0,3,1,0,15,1,1,1,0,2,1,0,7,5,14,1
12,16,0,0,1,4,3,0,1,1,1,1,1,0,2,1,0,6,10,8,1
3,15,4,0,1,0,3,1,0,2,1,1,1,0,0,1,0,6,5,6,1
8,18,4,0,1,0,3,0,0,11,1,1,1,7,0,4,0,9,6,2,1
15,15,4,0,1,3,3,0,1,15,1,1,1,0,2,3,5,6,0,1,1
8,16,4,0,1,0,3,3,0,2,1,1,1,7,0,1,2,6,0,5,1
1,14,4,0,1,0,3,1,0,2,1,1,1,8,0,1,0,6,2,7,1
6,20,4,1,1,0,3,1,0,10,1,1,1,8,0,7,5,1,0,1,1
4,20,4,1,1,0,3,1,0,7,1,1,1,8,0,1,0,6,8,5,0
0,15,4,1,1,0,3,3,0,16,1,1,1,0,0,2,0,1,1,3,0
5,18,4,1,1,0,3,0,0,2,1,1,1,8,0,1,5,0,0,1,1
3,15,4,1,1,0,3,0,0,2,1,1,1,0,0,1,0,1,2,2,1
15,21,4,0,1,4,3,1,1,0,1,1,1,5,2,1,0,6,1,14,1
12,13,4,0,1,0,3,0,0,0,1,1,1,0,2,1,0,6,10,13,1
11,17,4,0,1,0,3,0,0,2,1,1,1,0,2,1,0,6,4,8,1
11,20,4,1,0,0,3,1,0,16,1,1,0,0,2,2,5,0,0,0,0
13,20,0,0,1,4,3,0,1,0,1,1,1,7,2,1,0,2,3,5,1
6,15,4,1,1,2,3,1,0,2,1,1,1,1,0,9,2,0,0,0,1
1,15,4,0,1,0,3,0,0,2,1,1,1,5,0,1,5,2,0,2,1
0,17,4,0,1,0,3,3,0,0,1,1,1,0,0,1,0,3,8,4,0
9,15,0,1,1,0,3,1,0,0,1,1,1,6,0,1,0,6,8,11,1
11,21,0,1,1,4,3,0,1,1,1,1,1,5,2,0,5,0,0,0,1
13,21,0,1,1,0,3,1,0,1,1,1,1,0,2,3,0,5,6,12,1
7,18,4,0,1,0,3,0,0,2,1,1,1,0,0,1,0,6,6,5,1
2,18,4,1,1,0,3,2,0,2,1,1,1,8,0,1,0,3,9,6,0
13,15,0,1,1,4,3,0,1,1,1,1,1,0,2,1,0,5,2,6,1
3,15,4,1,1,0,3,3,0,4,1,1,1,0,0,1,5,0,0,0,1
9,18,4,0,1,4,3,0,1,2,1,1,1,5,0,0,5,0,0,0,1
4,20,4,0,1,2,3,0,0,2,1,1,1,5,0,1,0,4,10,8,1
6,15,4,1,1,0,3,1,0,12,1,1,1,0,0,1,0,6,3,11,0
10,15,0,0,1,3,3,0,1,15,1,1,1,0,0,1,2,6,0,9,0
5,15,0,0,1,3,3,0,1,1,1,1,1,0,0,1,0,6,3,6,1
7,15,4,1,1,0,3,0,0,0,1,1,1,0,0,1,0,6,6,10,1
12,17,0,0,1,4,3,3,1,1,1,1,1,0,2,1,5,0,0,2,0
3,18,4,1,1,0,3,0,0,14,1,1,1,0,0,1,0,6,4,9,1
4,15,4,0,1,0,3,0,0,2,1,1,1,0,0,1,0,4,6,8,1
9,20,4,1,1,4,3,3,1,4,1,1,1,5,0,1,0,6,8,9,0
3,15,4,0,1,0,3,0,0,2,1,1,1,7,0,1,0,6,6,4,1
6,20,2,1,1,1,1,0,0,14,1,1,1,6,0,3,0,5,10,6,0
13,20,4,0,1,0,3,0,0,2,1,1,1,0,2,1,2,6,0,5,1
4,17,4,0,1,0,3,3,0,2,1,1,1,0,0,6,0,1,3,2,1
10,21,4,1,1,3,3,0,1,0,1,1,1,5,0,7,0,9,3,13,1
12,15,4,0,1,0,3,0,0,0,1,1,1,7,2,1,0,6,4,9,1
7,15,0,1,1,0,3,0,0,0,1,1,1,0,0,1,0,4,10,1,1
13,15,4,0,1,0,3,1,0,2,1,1,1,7,2,1,0,6,10,9,1
1,18,4,1,1,0,3,0,0,16,1,1,1,0,0,1,0,6,1,8,0
9,18,4,0,1,0,3,0,0,0,1,1,1,5,0,3,2,0,0,8,1
5,19,4,1,1,3,3,3,1,12,1,1,1,5,0,1,0,3,6,4,1
12,19,2,0,1,0,3,0,0,0,1,1,1,0,2,1,0,6,4,12,0
11,17,0,1,1,0,3,0,0,8,1,1,1,0,2,0,5,0,0,0,1
10,19,0,1,1,0,3,0,0,2,1,1,1,0,0,1,0,4,11,3,1
11,20,0,1,1,0,3,1,0,1,1,1,1,0,2,1,0,8,5,12,0
5,20,4,1,1,0,3,0,0,0,1,1,1,5,0,5,5,6,0,3,0
1,18,4,0,1,0,3,1,0,2,1,1,1,0,0,1,0,2,5,2,1
11,20,4,1,1,0,3,0,0,0,1,1,1,0,2,2,0,6,3,12,1
9,20,0,0,1,0,3,1,0,1,1,1,1,0,0,1,0,9,4,11,1
10,20,4,0,0,0,3,0,0,2,1,1,0,0,0,1,5,5,0,3,1
13,15,0,0,1,0,3,0,0,15,1,1,1,7,2,0,5,0,0,0,0
1,18,4,0,1,0,3,0,0,2,1,1,1,0,0,1,0,6,3,7,1
6,20,0,1,1,0,3,0,0,2,1,1,1,6,0,2,0,3,8,9,1
1,18,4,1,1,4,3,0,1,16,1,1,1,0,0,0,5,0,0,0,0
14,21,0,0,1,0,3,1,0,0,1,1,1,0,2,6,0,6,5,13,0
4,20,4,0,1,0,3,0,0,2,1,1,1,0,0,6,0,4,6,5,1
12,20,4,0,1,0,3,1,0,0,1,1,1,0,2,1,0,6,8,14,0
15,20,4,1,1,0,3,0,0,12,1,1,1,0,2,1,0,7,8,14,1
11,23,0,0,1,2,0,0,1,0,1,1,1,5,2,5,1,8,4,12,0
13,15,4,1,1,0,3,0,0,2,1,1,1,7,2,1,0,2,3,8,1
2,15,4,0,1,4,3,0,1,15,1,1,1,7,0,0,5,0,0,0,0
0,15,4,1,1,0,2,0,0,10,1,1,1,1,0,1,0,6,8,6,1
0,18,4,0,1,0,3,0,0,2,1,1,1,5,0,1,0,2,4,5,1
0,18,4,0,1,0,3,0,0,2,1,1,1,0,0,0,5,0,0,0,1
2,15,4,0,1,0,3,0,0,2,1,1,1,0,0,1,2,1,0,1,1
0,17,4,0,1,0,3,0,0,2,1,1,1,5,0,2,0,1,3,1,1
5,18,4,0,1,2,3,3,0,2,1,1,1,1,0,1,0,5,3,6,1
11,20,4,1,1,0,3,0,0,0,1,1,1,0,2,2,0,6,3,11,1
8,18,4,1,1,4,3,0,1,5,1,1,1,2,0,6,5,0,0,0,1
10,20,0,1,1,0,3,1,0,0,1,1,1,0,0,1,0,8,11,12,1
9,20,4,1,1,3,3,0,1,12,1,1,1,5,0,1,1,6,0,6,0
11,20,4,0,1,0,3,1,0,0,1,1,1,0,2,1,2,0,0,0,1
11,21,0,1,1,4,3,0,1,1,1,1,1,5,2,1,0,6,4,13,0
8,19,4,1,1,0,3,3,0,2,1,1,1,0,0,4,5,0,0,0,1
1,17,4,1,1,0,3,0,0,2,1,1,1,1,0,9,2,0,0,0,1
1,15,4,0,1,0,3,1,0,2,1,1,1,7,0,1,0,6,2,4,1
12,14,4,0,1,0,3,1,0,2,1,1,1,0,2,1,0,3,10,14,1
4,19,4,1,0,0,3,3,0,16,1,1,0,0,0,1,0,2,3,3,1
13,20,0,0,1,0,3,1,0,1,1,1,1,8,2,1,0,8,2,12,1
10,15,4,1,1,0,3,0,0,2,1,1,1,7,0,1,0,6,3,10,1
6,12,4,0,1,4,3,0,1,5,1,1,1,5,0,1,0,6,11,12,1
7,14,4,1,1,0,3,0,0,14,1,1,1,7,0,1,0,6,1,7,1
13,18,0,1,1,4,3,0,1,1,1,1,1,0,2,1,5,0,0,0,0
12,15,4,0,1,0,3,0,0,2,1,1,1,0,2,2,0,6,6,8,1
11,20,0,1,1,0,3,1,0,0,1,1,1,0,2,6,0,1,3,2,1
7,20,4,1,1,0,3,0,0,0,1,1,1,0,0,1,0,6,2,12,1
11,20,0,1,1,0,3,1,0,0,1,1,1,0,2,1,0,8,3,14,0
11,20,4,1,0,0,3,3,0,14,1,1,0,1,2,1,0,6,3,7,1
8,20,4,1,1,0,3,3,0,12,1,1,1,0,0,1,5,0,0,0,1
12,20,4,0,1,0,3,0,0,16,1,1,1,0,2,2,5,8,0,7,1
6,21,4,0,1,0,3,0,0,14,1,1,1,5,0,1,0,6,6,14,1
15,10,0,0,1,0,3,0,0,0,1,1,1,7,2,4,0,6,8,10,1
13,21,0,1,1,2,3,0,0,0,1,1,1,5,2,1,0,2,9,14,0
5,20,4,1,1,0,3,0,0,9,1,1,1,5,0,1,0,6,6,8,1
9,20,4,0,1,0,3,0,0,0,1,1,1,0,0,1,0,7,7,9,1
15,21,0,1,1,0,3,1,0,0,1,1,1,0,2,4,0,6,5,14,1
6,20,4,1,1,0,3,1,0,11,1,1,1,0,0,4,0,6,11,11,0
8,20,4,1,1,0,3,0,0,16,1,1,1,0,0,3,1,2,0,5,1
0,15,4,0,1,0,3,0,0,2,1,1,1,0,0,2,0,1,8,1,1
8,4,0,0,1,4,3,1,1,0,1,1,1,7,0,3,0,7,2,11,1
8,21,3,1,1,0,3,0,0,0,1,1,1,0,0,1,0,7,8,12,0
6,15,4,1,1,0,3,0,0,2,1,1,1,0,0,1,0,4,5,6,1
10,8,3,0,1,4,3,0,1,0,1,1,1,0,0,1,5,0,0,4,1
13,21,0,1,1,0,3,1,0,0,1,1,1,8,2,1,0,6,6,13,0
8,15,4,1,1,0,3,0,0,0,1,1,1,7,0,1,1,6,0,9,1
5,19,4,0,1,0,3,1,0,0,1,1,1,0,0,1,0,6,3,9,0
4,15,4,0,1,4,3,0,1,2,1,1,1,7,0,1,0,4,4,6,1
7,13,4,1,1,0,3,0,0,0,1,1,1,0,0,1,0,6,2,13,1
8,20,0,1,1,3,3,1,1,1,1,1,1,8,0,1,0,6,2,10,1
9,15,4,0,1,0,3,0,0,2,1,1,1,0,0,1,0,7,8,11,1
12,23,4,0,1,0,3,0,0,0,1,1,1,0,2,7,0,6,5,13,1
0,17,4,1,0,0,3,0,0,16,1,1,0,0,0,0,5,0,0,0,1
15,20,4,1,1,0,3,0,0,0,1,1,1,7,2,4,0,6,6,6,1
4,20,4,1,1,0,3,1,0,11,1,1,1,5,0,3,0,6,4,12,0
15,15,4,1,1,0,3,1,0,12,1,1,1,0,2,1,0,6,2,10,1
0,15,4,1,1,0,3,2,0,8,1,1,1,0,0,1,1,3,0,0,1
4,15,4,1,1,0,3,0,0,2,1,1,1,7,0,1,0,6,6,7,1
3,21,4,1,1,4,3,0,1,0,1,1,1,0,0,9,2,0,0,0,1
12,20,4,0,1,4,3,0,1,0,1,1,1,5,2,1,0,6,10,13,0
5,20,4,0,1,0,3,0,0,2,1,1,1,7,0,1,0,8,8,10,0
14,20,4,1,1,0,3,0,0,0,1,1,1,0,2,1,2,0,0,0,1
15,17,4,0,0,0,3,0,0,15,1,0,1,0,2,4,5,6,0,2,0
7,8,4,0,1,4,3,3,1,11,1,1,1,0,0,1,5,0,0,0,0
2,18,4,1,1,0,3,0,0,11,1,1,1,7,0,4,0,2,10,2,1
8,1,0,1,0,4,3,3,1,1,1,1,1,5,0,0,5,0,0,0,0
1,17,4,1,1,0,3,1,0,16,1,1,1,0,0,1,0,2,4,5,0
0,15,4,1,1,0,3,0,0,2,1,1,1,7,0,1,5,0,0,0,1
9,17,4,1,1,0,3,0,0,2,1,1,1,0,0,1,2,6,0,3,1
10,18,0,1,1,0,3,1,0,0,1,1,1,0,0,1,0,6,11,3,1
4,18,4,1,1,0,3,0,0,2,1,1,1,0,0,0,5,0,0,0,1
13,18,0,0,0,3,3,0,1,0,1,1,1,5,2,0,5,0,0,0,1
12,20,4,0,1,0,3,0,0,12,1,1,1,8,2,1,0,6,1,13,1
8,20,4,0,1,0,3,1,0,0,1,1,1,0,0,1,0,4,4,6,1
11,20,4,1,1,0,3,0,0,2,1,1,1,8,0,4,2,4,0,3,1
14,21,0,1,1,4,3,0,1,0,1,1,1,0,2,2,0,7,11,14,0
4,15,4,0,1,0,3,0,0,15,1,1,1,0,0,1,2,6,0,9,1
7,4,0,0,1,4,3,1,1,11,1,1,1,7,0,3,0,7,5,10,1
6,20,0,0,1,0,0,0,0,0,1,1,1,5,0,5,0,8,6,9,0
13,8,4,0,1,3,3,2,1,11,1,1,1,0,2,1,0,6,4,7,0
5,18,4,0,1,0,3,1,0,2,1,1,1,0,0,1,0,6,8,11,1
6,18,4,0,1,0,1,0,0,0,1,1,1,0,0,5,0,6,6,11,0
2,22,4,1,0,0,3,0,0,15,1,1,1,0,0,1,5,9,0,0,0
15,15,4,1,1,4,3,0,1,10,1,1,1,0,2,1,0,6,3,6,1
2,19,4,0,1,0,3,1,0,2,1,1,1,0,0,2,5,3,0,3,0
7,20,4,0,1,0,0,1,0,16,1,1,1,0,0,5,3,9,1,11,0
14,20,4,0,1,3,3,0,1,2,1,1,1,7,2,1,0,7,3,9,1
0,18,4,1,1,0,3,0,0,2,1,1,1,0,0,0,5,0,0,0,1
7,4,0,0,1,4,3,3,1,11,1,1,1,7,0,3,0,7,8,10,1
2,15,4,0,0,0,3,2,0,15,1,1,1,0,0,0,5,0,0,1,0
11,20,4,0,1,0,3,0,0,0,1,1,1,0,2,1,0,7,10,14,1
1,18,4,1,1,0,3,0,0,14,1,1,1,7,0,1,0,2,3,4,1
7,15,4,0,1,3,3,0,1,0,1,1,1,0,0,1,0,6,1,4,1
7,14,4,0,1,0,3,0,0,11,1,1,1,5,0,1,0,6,7,7,1
6,18,4,0,1,3,3,3,1,2,1,1,1,5,0,1,0,1,6,2,0
13,21,0,0,1,4,3,0,1,1,1,1,1,5,2,1,0,6,3,14,1
8,16,4,0,0,0,3,0,0,2,1,1,0,0,0,0,5,0,0,0,1
9,18,4,0,1,0,3,0,0,0,1,1,1,1,0,1,0,6,1,9,1
11,21,4,1,1,0,3,0,0,0,1,1,1,5,2,1,2,6,0,14,1
14,8,0,0,1,0,3,2,0,0,1,1,1,0,2,1,0,6,4,12,1
9,18,4,1,1,0,3,1,0,0,1,1,1,0,0,1,0,3,2,6,1
11,18,4,0,1,0,3,3,0,2,1,1,1,0,2,2,0,6,8,12,1
8,18,4,0,1,4,3,0,1,2,1,1,1,7,0,0,5,0,0,0,1
12,17,2,1,1,4,3,0,1,1,1,1,1,0,2,1,0,6,8,11,1
0,15,4,0,1,0,1,3,0,6,1,1,1,8,0,3,0,6,2,6,1
9,17,4,1,1,0,3,3,0,2,1,1,1,5,0,1,0,4,1,6,1
12,18,0,0,1,0,3,1,0,0,1,1,1,0,2,6,0,1,3,2,1
9,13,0,1,1,4,3,0,1,1,1,1,1,7,2,0,5,0,0,6,1
1,18,4,1,1,0,3,0,0,0,1,1,1,7,0,3,0,3,5,6,1
11,20,0,0,1,3,3,0,1,1,1,1,1,8,2,1,0,8,2,9,1
9,13,0,0,1,0,3,0,0,1,1,1,1,0,0,6,0,6,7,10,1
15,15,0,0,1,4,3,0,1,1,1,1,1,5,2,0,5,0,0,5,1
6,20,4,0,1,3,3,0,1,2,1,1,1,0,0,1,2,4,0,2,1
9,3,4,0,0,2,3,3,1,12,1,0,1,7,0,9,0,5,11,12,0
12,15,0,1,1,4,3,0,1,0,1,1,1,0,2,0,5,0,0,0,1
9,20,4,1,1,0,3,1,0,2,1,1,1,0,0,2,0,6,4,13,1
4,15,4,0,1,0,3,0,0,2,1,1,1,1,0,1,0,6,3,7,1
1,17,4,0,1,0,3,3,0,2,1,1,1,0,0,1,0,3,4,2,1
14,15,2,0,1,0,1,0,0,0,1,1,1,0,2,1,0,9,4,9,1
2,12,0,0,1,4,3,0,1,1,1,1,1,0,0,0,5,0,0,0,1
6,14,4,0,0,0,3,0,0,16,1,1,0,0,0,0,5,0,0,0,1
9,1,4,1,0,0,3,3,0,4,0,0,0,0,0,3,0,6,2,7,1
1,18,4,1,1,0,3,1,0,2,1,1,1,0,0,1,0,1,2,2,0
14,20,4,0,1,0,3,1,0,0,1,1,1,0,2,7,0,5,5,9,0
7,20,4,1,1,0,3,1,0,0,1,1,1,0,0,2,0,6,6,10,0
10,12,4,1,1,0,3,0,0,0,1,1,1,8,0,1,2,0,0,0,1
7,18,4,0,1,3,3,0,1,2,1,1,1,7,0,1,0,2,4,4,1
10,19,4,1,1,0,3,0,0,11,1,1,1,0,0,3,0,8,6,6,1
13,18,4,0,1,0,3,0,0,0,1,1,1,0,2,1,0,6,2,14,1
5,20,4,1,1,0,3,3,0,0,1,1,1,0,0,1,0,9,6,8,1
8,17,4,0,1,0,3,0,0,7,1,1,1,0,0,1,0,6,3,7,1
1,18,4,0,1,0,3,0,0,0,1,1,1,7,0,1,0,2,4,8,0
12,20,0,1,1,0,3,1,0,0,1,1,1,0,2,2,0,8,11,12,1
12,15,4,1,1,3,3,0,1,0,1,1,1,7,2,1,5,0,0,1,1
6,19,4,1,1,0,3,3,0,2,1,1,1,0,0,0,5,0,0,0,1
4,20,4,0,1,0,3,0,0,2,1,1,1,1,0,6,0,6,5,3,1
2,22,4,0,1,0,3,0,0,0,1,1,1,1,0,1,0,9,6,14,1
15,16,4,0,1,3,3,0,1,10,1,1,1,5,2,0,5,0,0,4,1
12,17,4,0,1,4,3,3,1,16,1,1,1,5,2,1,5,1,0,2,0
11,20,4,0,1,3,3,0,1,2,1,1,1,5,2,1,0,6,5,12,1
15,22,0,1,1,4,3,0,1,1,1,1,1,0,2,1,0,6,4,11,1
6,13,4,0,1,4,3,0,1,11,1,1,1,0,0,1,0,6,3,13,0
3,18,4,1,1,0,3,1,0,16,1,1,1,8,0,1,5,1,0,3,1
9,15,4,0,1,3,3,0,1,2,1,1,1,0,0,2,0,6,11,7,1
2,18,4,1,1,0,3,0,0,2,1,1,1,0,0,1,0,1,2,2,1
12,18,4,0,1,0,3,0,0,2,1,1,1,8,2,1,0,6,2,9,1
14,21,0,0,1,0,3,1,0,0,1,1,1,0,2,1,0,9,6,14,0
5,18,4,0,1,0,3,0,0,4,1,1,1,5,0,1,0,1,4,1,1
13,12,4,0,1,0,3,0,0,0,1,1,1,7,2,1,0,6,5,13,1
11,15,0,1,1,3,3,0,1,1,1,1,1,7,2,1,0,6,4,8,1
7,21,0,1,1,4,3,3,1,1,1,1,1,5,0,2,0,1,4,7,0
14,17,0,0,1,3,3,0,1,0,1,1,1,7,2,1,0,6,3,9,1
6,18,4,0,1,0,0,0,0,16,1,1,1,0,0,5,3,6,2,7,1
1,18,4,0,1,4,3,0,1,11,1,1,1,0,0,1,2,1,0,2,1
7,18,4,1,1,0,3,0,0,2,1,1,1,1,0,1,0,6,6,11,1
9,18,0,1,1,0,3,0,0,1,1,1,1,7,0,0,5,0,0,0,1
15,15,0,1,1,0,3,0,0,1,1,1,1,0,2,1,0,4,3,2,1
1,18,4,0,1,4,3,0,1,16,1,1,1,5,0,1,5,1,0,1,1
3,18,4,1,1,0,3,0,0,0,1,1,1,5,0,0,5,0,0,3,0
2,15,4,0,1,0,3,0,0,2,1,1,1,0,0,1,0,6,2,5,1
13,20,0,1,1,4,3,0,1,1,1,1,1,5,2,1,0,6,7,12,0
5,17,4,1,1,0,3,1,0,2,1,1,1,0,0,1,0,3,6,2,1
6,19,4,0,1,0,3,3,0,14,1,1,1,1,0,1,0,4,0,9,1
2,18,4,0,1,0,3,1,0,0,1,1,1,8,0,5,0,7,6,2,1
4,18,4,0,1,2,3,0,0,2,1,1,1,5,0,1,5,0,0,1,0
3,15,4,1,1,0,3,0,0,4,1,1,1,0,0,1,0,5,3,7,1
8,19,4,0,1,0,3,3,0,0,1,1,1,0,0,1,0,8,0,8,0
15,9,0,0,1,0,3,1,1,9,1,1,1,5,2,6,0,1,1,6,1
15,20,0,1,1,0,3,1,0,1,1,1,1,0,2,1,0,6,2,14,0
0,15,4,1,1,4,3,0,1,16,1,1,1,5,0,9,2,0,0,0,1
1,13,4,0,1,0,3,0,0,2,1,1,1,7,0,1,0,6,3,13,1
2,18,4,0,1,0,3,0,0,2,1,1,1,0,0,1,0,6,2,6,1
13,17,0,1,1,0,3,0,0,2,1,1,1,0,2,1,0,6,3,12,1
11,18,0,0,1,0,3,0,0,8,1,1,1,0,2,1,0,4,1,5,1
1,15,2,1,1,4,3,3,0,16,1,1,1,2,0,2,5,9,0,0,1
5,22,4,1,1,0,3,0,0,15,1,1,1,1,0,0,5,0,0,0,0
1,13,4,1,1,0,3,1,0,7,1,1,1,0,0,1,5,0,0,0,1
2,15,4,0,1,0,3,0,0,15,1,1,1,0,0,0,5,0,0,0,1
9,20,0,1,1,4,3,0,1,0,1,1,1,0,0,1,0,6,5,9,1
8,1,4,1,1,4,3,0,1,11,1,1,1,5,0,0,5,0,0,0,0
9,20,0,1,1,0,3,0,0,1,1,1,1,0,0,1,0,3,2,9,1
15,20,0,1,1,0,3,0,0,0,1,1,1,0,2,4,0,6,10,10,1
2,18,2,0,1,0,0,1,0,12,1,1,1,0,2,5,3,6,9,7,1
14,21,4,1,1,0,3,1,0,0,1,1,1,0,2,1,0,6,8,13,1
1,18,4,1,1,0,3,1,0,11,1,1,1,0,0,1,0,4,3,7,1
3,15,4,1,1,0,3,3,0,4,1,1,1,8,0,1,5,0,0,0,1
8,21,4,1,1,4,3,0,1,0,1,1,1,5,0,1,0,6,4,9,0
12,2,0,1,1,3,3,0,1,16,1,1,1,2,0,2,0,7,10,4,0
7,20,4,0,1,0,3,3,0,11,1,1,1,7,0,1,0,6,10,13,1
6,18,4,1,1,0,3,0,0,2,1,1,1,7,0,0,5,0,0,5,1
13,20,0,0,1,3,3,0,0,1,1,1,1,0,2,7,0,6,5,14,1
10,13,4,1,1,0,3,0,0,10,1,1,1,0,0,6,0,6,5,6,1
8,20,0,0,1,0,3,0,0,1,1,1,1,0,0,2,0,1,3,2,1
7,18,4,1,1,4,3,0,1,0,1,1,1,5,0,1,0,1,2,2,1
0,17,4,1,1,0,3,0,0,8,1,1,1,0,0,3,1,1,0,1,1
0,15,4,1,1,0,3,0,0,2,1,1,1,7,0,0,5,0,0,0,1
9,20,2,1,1,0,3,1,0,0,1,1,1,0,0,3,0,9,11,12,0
10,17,4,0,1,0,3,0,0,2,1,1,1,0,0,3,2,0,0,0,1
1,17,4,0,1,0,3,3,0,2,1,1,1,0,0,0,5,0,0,0,1
11,20,4,1,1,0,3,1,0,12,1,1,1,0,2,4,0,8,2,12,1
8,18,4,1,1,0,3,0,0,0,1,1,1,0,0,1,0,6,6,10,1
3,19,4,0,1,4,3,3,1,2,1,1,1,5,0,1,0,6,6,9,0
3,18,4,0,1,0,3,3,0,11,1,1,1,0,0,1,0,6,8,5,1
2,18,4,0,1,0,3,3,0,2,1,1,1,0,0,0,5,0,0,0,1
13,20,2,0,1,0,3,1,0,12,1,1,1,0,2,3,0,7,7,12,0
8,15,0,1,1,4,3,0,1,1,1,1,1,0,0,1,0,5,11,6,1
11,18,4,0,1,0,1,1,0,10,1,1,1,0,2,1,0,6,8,10,1
11,19,0,1,1,0,3,0,0,1,1,1,1,0,2,1,0,6,8,11,1
8,19,4,1,1,0,3,0,0,2,1,1,1,5,0,3,0,6,8,12,1
3,20,4,1,1,0,3,1,0,2,1,1,1,0,0,0,5,0,0,0,1
1,18,4,0,1,4,3,0,1,16,1,1,1,0,0,1,5,1,0,2,0
8,18,4,1,1,0,3,0,0,2,1,1,1,0,0,1,0,8,2,8,1
6,13,4,0,1,4,3,0,1,10,1,1,1,0,0,1,0,6,8,6,1
14,20,4,0,1,4,3,0,1,12,1,1,1,5,2,1,0,6,6,14,0
13,17,0,0,1,3,3,0,1,0,1,1,1,0,2,1,0,9,2,13,0
3,17,4,1,1,0,3,3,0,2,1,1,1,0,0,0,5,0,0,0,1
15,22,0,1,1,0,3,0,0,15,1,1,1,1,2,0,5,0,0,0,0
14,20,4,1,1,0,3,3,0,2,1,1,1,7,2,1,0,8,2,14,1
10,21,4,0,1,3,3,0,1,0,1,1,1,0,0,1,1,6,0,12,1
1,18,4,0,1,4,3,0,1,16,1,1,1,5,0,1,0,5,5,6,0
12,15,4,1,1,0,3,0,0,0,1,1,1,7,2,2,0,1,2,7,1
8,18,4,1,1,0,3,1,0,0,1,1,1,8,0,0,5,0,0,0,1
4,18,4,1,1,0,3,3,0,0,1,1,1,1,0,3,0,3,7,7,1
14,21,4,0,1,0,3,0,0,0,1,1,1,5,2,1,0,6,5,14,0
13,21,0,0,1,0,3,1,0,0,1,1,1,0,2,2,0,9,1,14,0
4,17,4,0,1,0,3,0,0,2,1,1,1,7,0,1,0,4,6,3,1
7,15,4,0,1,4,3,0,1,12,1,1,1,7,0,1,0,6,2,5,1
5,20,4,0,1,0,3,3,0,2,1,1,1,0,0,1,0,6,10,5,1
1,15,4,1,1,3,3,3,1,2,1,1,1,0,0,1,0,4,2,4,1
3,19,4,0,1,0,3,3,0,2,1,1,1,5,0,3,0,2,4,4,1
15,15,4,0,0,0,3,0,0,15,1,1,0,1,2,0,5,0,0,0,1
7,20,0,1,1,0,3,3,0,0,1,1,1,0,0,1,0,9,6,14,1
13,21,0,0,1,0,3,3,0,1,1,1,1,5,2,1,0,9,11,14,1
7,15,0,1,1,0,3,1,0,1,1,1,1,0,0,1,0,6,2,10,0
7,20,4,1,1,0,3,0,0,2,1,1,1,0,0,1,0,3,11,4,1
3,20,4,1,1,0,3,0,0,2,1,1,1,5,0,1,0,5,5,6,1
8,18,4,1,1,0,3,1,0,16,1,1,1,8,0,1,5,0,0,0,0
1,18,4,0,1,0,3,0,0,2,1,1,1,1,0,0,5,0,0,0,1
15,18,4,0,1,0,3,3,0,0,1,1,1,0,2,1,2,8,0,6,1
7,20,0,1,1,0,3,1,0,1,1,1,1,0,0,1,0,4,7,8,1
12,20,0,1,1,0,3,0,0,1,1,1,1,0,2,7,1,9,0,12,1
3,18,4,0,1,0,3,0,0,2,1,1,1,5,0,1,5,0,0,2,1
1,17,4,0,1,0,3,3,0,2,1,1,1,7,0,2,0,6,2,8,1
14,15,2,0,1,4,3,0,1,5,1,1,1,7,2,1,0,6,9,9,1
13,18,0,1,1,0,3,1,0,1,1,1,1,0,2,7,1,1,0,1,1
5,15,4,1,1,0,3,0,0,10,1,1,1,0,0,1,0,6,8,5,0
1,17,4,0,1,0,3,0,0,2,1,1,1,7,0,1,0,6,4,2,1
9,15,0,0,0,0,3,0,0,2,0,1,1,7,0,1,0,6,8,5,1
11,20,4,1,1,0,3,1,0,2,1,1,1,0,2,1,0,3,2,7,0
13,15,0,0,1,0,3,1,0,0,1,1,1,0,2,1,0,8,2,6,1
4,20,4,0,1,0,3,3,0,5,1,1,1,5,0,1,0,6,3,13,0
4,18,4,1,1,0,3,0,0,2,1,1,1,1,0,1,5,0,0,0,1
8,18,4,1,1,0,3,1,0,0,1,1,1,8,0,4,0,4,1,6,1
12,16,0,1,1,0,3,0,0,0,1,1,1,0,2,1,0,6,3,10,0
3,15,4,1,1,0,3,3,0,11,1,1,1,0,0,1,0,1,4,5,0
12,21,0,1,1,3,3,3,1,14,1,1,1,5,2,1,0,6,10,13,1
6,15,4,0,1,0,3,1,0,2,1,1,1,0,0,1,0,4,8,6,1
4,15,4,1,1,0,3,3,0,2,1,1,1,7,0,1,0,4,10,1,0
9,20,4,1,1,0,3,0,0,2,1,1,1,0,0,0,5,0,0,0,1
2,20,4,1,1,0,3,0,0,2,1,1,1,0,0,2,5,2,0,0,0
1,14,4,1,1,4,3,0,1,16,1,1,1,5,0,1,0,5,5,7,1
15,10,0,0,1,4,3,0,1,0,1,1,1,7,2,4,0,8,3,10,0
6,18,4,0,1,0,3,0,0,2,1,1,1,7,0,1,0,6,1,6,1
13,18,0,1,1,0,3,1,0,0,1,1,1,8,2,1,5,0,0,0,1
7,18,4,0,1,0,3,0,0,2,1,1,1,0,0,1,0,6,2,10,1
4,19,4,0,1,0,3,0,0,2,1,1,1,0,0,1,0,1,4,2,1
1,18,4,1,1,0,3,0,0,11,1,1,1,0,0,1,0,4,6,5,0
13,11,4,1,1,4,3,3,1,11,1,1,1,0,2,1,0,6,10,2,1
1,15,4,0,1,0,3,0,0,2,1,1,1,7,0,1,0,1,8,1,1
8,18,0,1,1,0,3,0,0,0,1,1,1,1,0,3,1,6,0,10,1
5,15,4,0,1,0,3,0,0,15,1,1,1,0,0,2,5,6,0,1,0
8,15,4,0,1,0,3,0,0,2,1,1,1,0,0,1,0,9,2,4,1
5,20,4,1,0,0,3,0,0,2,1,1,1,5,0,1,0,5,2,4,1
9,19,0,1,1,0,3,1,0,0,1,1,1,0,0,1,0,6,6,10,1
2,15,4,1,0,0,3,0,0,2,1,0,1,0,0,1,0,6,11,5,0
13,18,4,0,1,0,3,1,0,2,1,1,1,0,2,1,2,0,0,0,1
11,20,0,0,0,0,3,1,0,0,1,1,1,0,2,1,0,8,4,13,1
10,16,4,1,1,0,3,3,0,5,1,1,1,7,0,1,2,6,0,10,1
0,15,4,0,1,0,3,3,0,2,1,1,1,0,0,0,5,0,0,0,1
13,0,4,1,1,0,3,1,0,12,1,1,1,0,2,1,0,6,3,6,1
2,17,4,0,1,0,3,3,0,15,1,1,1,1,0,1,5,3,0,2,0
2,14,4,0,1,0,3,3,0,15,1,1,1,0,0,7,5,2,0,1,0
12,21,0,1,1,0,3,0,0,0,1,1,1,0,2,1,0,6,5,14,1
5,15,4,0,1,0,3,0,0,2,1,1,1,0,0,1,0,6,8,6,1
3,19,4,0,1,0,3,0,0,0,1,1,1,7,0,1,0,9,2,7,1
11,15,0,1,1,4,3,0,1,0,1,1,1,7,2,1,5,9,0,0,1
12,18,0,0,1,0,3,0,0,1,1,1,1,1,2,1,0,4,4,13,1
0,15,4,1,1,0,3,0,0,10,1,1,1,8,0,1,0,8,8,8,1
10,12,3,1,0,0,3,3,0,8,1,1,0,7,1,0,5,0,0,0,1
12,19,0,0,1,0,3,0,0,1,1,1,1,7,2,1,0,6,3,11,1
13,21,0,1,1,4,3,1,1,1,1,1,1,0,2,1,0,8,5,14,0
0,13,4,1,1,0,3,3,0,10,1,1,1,8,0,1,5,8,0,6,0
2,15,4,1,1,3,3,0,1,2,1,1,1,5,0,1,0,4,2,2,1
7,15,0,0,1,3,3,0,1,0,1,1,1,0,0,1,0,9,11,12,1
8,1,4,1,1,4,2,0,1,5,1,1,1,0,0,5,3,6,3,13,0
5,20,4,1,1,0,3,1,0,9,1,1,1,0,0,1,2,2,0,3,1
13,15,4,0,1,4,3,0,1,2,1,1,1,0,2,9,2,0,0,0,1
1,18,4,1,1,0,3,1,0,2,1,1,1,0,0,1,0,2,4,3,1
4,12,4,0,1,0,3,3,0,2,1,1,1,0,0,1,2,0,0,5,1
10,21,4,0,1,4,3,1,1,0,1,1,1,0,0,1,0,9,6,14,1
3,20,0,1,1,0,3,1,0,1,1,1,1,0,0,2,0,9,3,12,1
9,19,4,1,1,0,3,0,0,0,1,1,1,5,0,1,5,0,0,0,1
3,18,4,0,1,0,3,0,0,2,1,1,1,7,0,1,0,6,8,5,1
8,17,0,1,1,4,3,3,1,1,1,1,1,0,0,1,0,3,4,10,1
13,23,0,1,1,3,3,0,1,0,1,1,1,5,2,1,0,6,7,13,0
8,17,4,1,1,0,3,0,0,0,1,1,1,7,0,1,1,4,0,1,1
10,1,4,1,1,4,3,3,1,11,1,1,1,5,0,3,0,6,3,7,1
12,21,0,0,1,0,3,0,0,2,1,1,1,8,2,1,0,6,3,13,0
4,19,4,1,1,0,3,1,0,2,1,1,1,0,0,1,0,4,4,9,1
15,20,4,0,1,4,3,1,1,10,1,1,1,0,2,1,0,6,10,13,0
12,14,4,0,0,0,3,1,0,2,1,1,0,0,2,1,2,6,0,4,1
9,14,0,0,1,3,3,0,1,0,1,1,1,7,0,1,0,6,10,6,1
7,18,4,0,1,0,3,0,0,0,1,1,1,7,0,1,0,6,11,11,0
10,15,0,1,1,4,3,0,1,0,1,1,1,0,0,1,0,6,4,12,1
14,20,4,0,1,0,3,0,0,11,1,1,1,5,2,1,0,7,5,14,1
5,18,4,0,1,0,3,0,0,9,1,1,1,0,0,1,0,6,10,3,1
8,18,4,1,0,0,3,1,0,2,1,1,0,8,0,0,5,0,0,3,1
10,20,0,0,1,0,3,0,0,0,1,1,1,0,0,4,0,6,4,10,0
5,20,4,1,1,0,3,0,0,2,1,1,1,0,0,1,0,6,3,5,1
5,15,4,0,1,0,3,0,0,2,1,1,1,0,0,1,0,6,3,5,1
6,13,0,1,1,0,3,1,0,0,1,1,1,6,0,1,0,5,10,9,1
1,18,4,0,1,0,3,0,0,9,1,1,1,2,0,1,5,6,0,0,1
6,11,4,1,1,4,3,0,1,11,1,1,1,0,0,0,5,0,0,0,0
9,15,4,1,1,0,3,0,0,5,1,1,1,0,0,0,5,0,0,4,1
5,20,4,1,1,0,3,0,0,2,1,1,1,5,0,6,0,1,6,2,1
1,18,4,1,1,4,3,0,1,0,1,1,1,0,0,1,5,2,0,2,1
4,15,4,1,1,0,3,0,0,2,1,1,1,0,0,0,5,0,0,0,1
4,18,4,0,1,0,3,0,0,2,1,1,1,7,0,1,5,0,0,4,1
5,17,4,0,1,3,3,0,1,15,1,1,1,0,0,1,5,0,0,0,1
7,15,4,1,1,0,3,0,0,5,1,1,1,0,0,0,5,0,0,0,1
5,21,4,0,1,0,3,1,0,0,1,1,1,0,0,1,0,6,1,13,1
2,15,2,1,0,0,3,2,0,16,1,1,1,0,0,9,5,1,11,5,0
6,15,0,1,1,4,3,0,1,0,1,1,1,7,0,1,5,1,0,2,0
11,20,0,1,1,0,1,0,0,0,1,1,1,0,2,1,0,6,5,12,1
4,20,4,1,1,0,3,3,0,2,1,1,1,7,0,1,0,6,4,9,1
10,20,4,1,1,3,3,0,1,10,1,1,1,5,0,4,0,6,10,10,1
12,23,0,0,1,4,3,0,1,1,1,1,1,0,2,1,0,8,8,14,0
4,15,4,0,0,0,3,0,0,2,1,1,1,7,0,0,5,0,0,0,1
5,20,4,0,1,0,3,1,0,0,1,1,1,1,0,1,0,5,8,10,0
3,17,4,0,1,0,3,1,0,15,1,1,1,8,0,1,5,6,0,2,1
2,15,4,1,1,0,3,0,0,2,1,1,1,0,0,1,0,6,8,6,1
7,21,0,0,1,4,3,0,1,1,1,1,1,0,0,1,0,7,0,3,1
14,20,4,1,1,0,3,0,0,2,1,1,1,0,0,6,0,5,0,4,1
1,18,4,0,1,0,3,3,0,2,1,1,1,0,0,1,0,6,2,5,1
7,21,4,1,1,0,3,1,0,2,1,1,1,0,0,1,0,6,4,9,1
0,17,4,0,1,0,3,1,0,2,1,1,1,8,0,1,0,6,2,7,1
1,18,4,0,1,4,3,0,1,2,1,1,1,5,0,1,2,1,0,3,1
0,12,4,0,1,4,3,0,1,16,1,1,1,0,0,0,5,0,0,0,1
7,20,4,1,1,0,3,3,0,2,1,1,1,0,0,1,0,6,0,9,0
14,16,0,1,1,0,3,3,0,1,1,1,1,4,2,1,0,5,8,10,1
5,20,4,0,1,0,3,1,0,15,1,1,1,0,0,1,5,7,0,2,1
7,18,4,1,1,0,3,3,0,2,1,1,1,7,0,1,0,6,4,9,1
4,20,4,1,1,0,3,0,0,0,1,1,1,5,0,4,0,1,8,11,1
9,23,0,1,1,0,3,3,0,1,1,1,1,0,0,1,0,6,7,14,1
13,15,0,1,1,0,3,3,0,0,1,1,1,1,2,1,5,0,0,0,1
13,19,4,0,1,0,3,0,0,0,1,1,1,1,2,5,0,9,4,7,1
15,21,0,1,1,4,3,0,1,0,1,1,1,0,2,2,0,6,6,9,1
10,16,4,1,1,0,3,0,0,2,1,1,1,7,0,1,1,6,0,10,1
3,15,4,0,1,0,3,0,0,2,1,1,1,1,0,1,0,5,10,3,1
3,20,4,1,1,0,3,0,0,2,1,1,1,7,0,1,0,6,4,8,1
11,15,4,1,1,0,3,0,0,0,1,1,1,0,2,7,5,1,0,1,1
15,19,0,1,1,0,3,1,0,1,1,1,1,8,2,1,0,6,6,12,1
0,18,4,0,1,0,3,0,0,2,1,1,1,7,0,1,0,2,8,3,1
6,15,4,0,1,0,3,1,0,0,1,1,1,0,0,1,0,6,8,12,0
11,20,4,0,1,0,3,3,0,0,1,1,1,7,2,1,5,6,0,6,1
5,22,4,1,1,0,3,3,0,0,1,1,1,0,0,2,0,6,2,13,1
15,15,0,1,1,0,3,3,0,1,1,1,1,0,2,1,0,6,4,10,1
4,18,4,0,1,4,3,0,1,2,1,1,1,7,0,1,0,6,6,5,1
3,15,4,0,1,0,3,1,0,2,1,1,1,8,0,1,0,6,3,5,1
6,18,4,1,1,0,3,3,0,0,1,1,1,0,0,1,0,6,3,8,1
7,13,4,1,1,0,3,0,0,2,1,1,1,1,0,0,5,0,0,3,0
15,15,4,0,1,0,3,0,0,2,1,1,1,0,2,1,0,6,1,8,1
4,22,4,0,0,0,3,0,0,0,1,0,1,0,0,1,0,6,0,11,0
7,18,4,1,1,0,3,0,0,5,1,1,1,0,0,1,0,6,5,9,1
7,15,4,0,1,0,3,0,0,0,1,1,1,8,0,1,0,2,2,4,0
11,15,4,0,1,0,3,0,0,7,1,1,1,0,2,1,0,2,1,6,1
7,15,4,0,1,0,3,1,0,2,1,1,1,0,0,1,0,6,8,8,0
2,18,4,1,1,0,3,3,0,2,1,1,1,0,0,1,0,6,3,9,1
6,13,4,0,1,0,3,0,0,15,1,1,1,0,0,0,5,0,0,0,1
9,20,4,0,0,0,3,1,0,2,1,1,0,0,0,1,0,6,7,13,1
7,15,4,0,1,0,3,0,0,2,1,1,1,0,0,1,0,6,6,9,1
15,20,0,1,1,4,3,0,1,0,1,1,1,7,2,4,0,6,1,5,1
14,14,0,1,1,0,3,0,0,0,1,1,1,0,2,0,5,0,0,5,1
14,18,0,0,1,0,3,1,0,0,1,1,1,0,2,6,0,2,8,5,1
2,15,4,0,1,0,1,0,0,0,1,1,1,7,0,5,0,9,2,2,1
15,22,0,0,1,0,3,1,0,0,1,1,1,0,2,1,0,9,3,14,0
10,18,4,0,1,0,1,0,0,0,1,1,1,0,0,5,0,8,3,7,1
12,15,4,0,1,0,3,1,0,11,1,1,1,0,2,1,0,6,6,11,0
8,18,4,1,1,0,3,1,0,0,1,1,1,0,0,2,0,6,1,11,1
10,20,4,1,1,0,3,3,0,0,1,1,1,0,0,1,0,6,10,10,1
9,13,4,0,1,4,3,0,1,15,1,1,1,7,0,1,5,0,0,0,0
10,21,0,0,1,3,3,0,1,1,1,1,1,5,0,4,0,9,4,14,1
3,18,4,1,1,0,3,0,0,2,1,1,1,7,0,1,1,4,0,4,1
14,8,3,0,1,0,0,2,0,16,1,1,1,4,2,9,5,8,4,14,1
4,20,4,1,1,0,3,0,0,0,1,1,1,5,0,1,0,9,4,12,0
9,17,4,0,1,0,3,0,0,2,1,1,1,0,0,1,2,0,0,0,1
0,18,4,1,1,0,3,0,0,16,1,1,1,0,0,0,5,0,0,0,0
6,18,4,0,1,0,0,0,0,16,1,1,1,0,0,5,3,2,0,6,1
9,18,4,1,1,0,3,0,0,2,1,1,1,0,0,1,0,6,3,7,0
12,20,0,1,1,0,3,0,0,0,1,1,1,5,2,1,0,6,3,13,1
13,21,0,1,1,4,3,0,1,0,1,1,1,5,2,1,0,6,4,14,1
12,0,4,1,1,0,3,3,0,9,1,1,1,7,2,1,0,6,3,8,1
1,18,4,1,1,0,3,0,0,2,1,1,1,0,0,0,5,0,0,0,1
5,18,4,0,1,0,3,3,0,10,1,1,1,0,0,1,0,6,3,6,0
10,18,0,1,1,0,3,3,0,1,1,1,1,5,0,7,2,0,0,0,1
15,19,0,1,1,0,3,0,0,1,1,1,1,0,2,3,5,0,0,0,1
7,20,4,0,1,0,3,3,0,0,1,1,1,5,0,2,0,6,8,13,0
4,18,4,0,1,0,3,0,0,11,1,1,1,0,0,0,5,0,0,0,0
4,15,2,0,0,4,3,0,1,2,1,1,1,2,0,1,0,6,4,6,1
9,20,4,1,1,0,3,0,0,12,1,1,1,5,0,2,0,7,3,12,1
7,20,4,1,1,0,3,3,0,12,1,1,1,0,0,1,0,3,8,4,1
7,20,4,0,1,0,3,3,0,0,1,1,1,7,0,0,5,0,0,0,0
3,20,4,0,1,4,3,0,1,0,1,1,1,0,0,1,0,5,9,7,1
4,15,4,1,1,0,3,0,0,2,1,1,1,7,0,0,5,0,0,0,1
2,18,4,1,1,0,3,1,0,2,1,1,1,0,0,1,0,3,2,3,1
1,17,4,0,1,0,3,0,0,2,1,1,1,0,0,0,5,0,0,0,1
4,18,4,1,1,4,3,0,1,2,1,1,1,5,0,1,0,6,3,5,1
15,9,0,0,1,0,0,1,1,7,1,1,1,1,2,5,3,8,1,6,0
0,17,4,1,1,0,3,0,0,16,1,1,1,0,0,9,2,0,0,0,0
0,15,4,1,1,0,3,3,0,2,1,1,1,0,0,0,5,0,0,0,1
14,18,0,1,1,3,3,0,1,0,1,1,1,7,2,3,5,0,0,0,1
15,15,0,1,1,0,3,0,0,1,1,1,1,0,2,1,0,6,5,12,1
0,15,4,0,1,0,3,1,0,7,1,1,1,0,0,1,5,1,0,1,1
5,20,4,1,1,0,3,0,0,11,1,1,1,1,0,1,5,0,0,0,0
13,0,0,1,1,4,3,0,1,1,1,1,1,7,2,0,5,0,0,0,1
12,11,3,0,1,0,3,0,0,0,1,1,1,0,2,6,0,6,10,14,1
15,20,2,1,1,0,3,3,0,2,1,1,1,0,2,1,0,9,3,6,1
3,15,4,1,1,0,3,3,0,3,1,1,1,0,0,1,0,6,2,5,1
2,18,4,1,1,0,3,0,0,2,1,1,1,7,0,0,5,0,0,0,1
3,15,4,0,1,4,3,0,1,2,1,1,1,7,0,1,0,6,10,4,1
14,20,0,1,1,0,3,0,0,0,1,1,1,0,2,1,0,7,5,14,0
14,18,0,0,1,0,3,0,0,0,1,1,1,0,2,1,0,6,2,14,1
12,20,4,0,1,0,3,0,0,12,1,1,1,0,2,1,0,6,1,10,1
6,17,4,0,1,0,3,3,0,11,1,1,1,0,0,1,0,6,10,11,1
9,18,4,1,1,0,3,0,0,14,1,1,1,1,0,1,0,6,8,7,0
9,18,4,0,1,0,3,1,0,0,1,1,1,0,0,6,0,4,10,12,1
9,16,4,1,1,0,3,3,0,2,1,1,1,0,0,9,2,0,0,0,1
13,19,0,1,1,3,3,0,1,1,1,1,1,0,2,1,0,6,2,10,1
2,18,4,1,1,3,3,0,1,2,1,1,1,5,0,0,5,0,0,0,1
6,20,0,1,1,0,3,1,0,1,1,1,1,0,0,1,0,6,2,13,1
6,15,4,0,1,0,3,0,0,4,1,1,1,0,0,1,0,6,8,7,1
6,15,4,0,1,4,3,0,1,2,1,1,1,5,0,9,2,0,0,0,1
3,20,0,1,1,0,3,3,0,1,1,1,1,0,0,1,0,6,9,12,0
10,10,0,1,1,3,3,0,1,0,1,1,1,7,0,5,3,6,0,8,1
14,17,0,0,1,0,3,1,0,0,1,1,1,0,2,1,0,6,6,9,1
10,20,0,1,1,0,3,1,0,1,1,1,1,0,0,1,0,6,11,13,1
13,20,4,0,1,0,3,3,0,9,1,1,1,0,2,1,0,6,1,10,1
8,17,2,0,0,0,3,1,0,7,1,1,0,0,0,1,5,0,0,3,1
8,20,4,1,1,0,3,0,0,0,1,1,1,7,0,4,0,2,4,3,0
3,19,4,0,1,0,3,0,0,2,1,1,1,7,0,1,0,2,9,4,1
3,20,4,1,1,0,3,1,0,2,1,1,1,0,0,1,5,4,0,2,1
8,18,4,1,1,0,3,0,0,0,1,1,1,7,0,3,1,6,0,1,1
12,18,4,1,1,0,3,0,0,0,1,1,1,0,2,7,5,1,0,1,1
9,21,4,1,1,4,3,0,1,14,1,1,1,5,0,0,5,0,0,0,0
12,20,0,0,1,0,3,3,0,2,1,1,1,0,2,1,0,8,4,13,1
3,18,0,0,1,0,3,1,0,8,1,1,1,0,0,5,0,7,6,10,0
4,20,4,1,1,0,3,1,0,9,1,1,1,0,0,1,2,2,0,3,0
10,20,0,1,1,0,3,3,0,1,1,1,1,0,0,1,0,8,4,12,0
13,15,0,1,1,0,3,0,0,0,1,1,1,7,2,1,0,8,2,13,0
6,18,0,1,1,1,3,3,1,9,1,1,1,8,0,1,0,5,3,6,0
5,19,4,1,1,0,3,0,0,0,1,1,1,5,0,1,0,6,7,11,1
14,0,4,1,1,0,3,0,0,12,1,1,1,0,2,6,0,6,3,9,0
6,13,4,1,1,0,3,1,0,10,1,1,1,0,0,1,0,6,8,10,0
15,15,0,1,1,3,3,0,1,1,1,1,1,0,2,1,0,5,6,2,1
12,22,0,0,1,0,3,3,0,0,1,1,1,0,2,1,0,9,6,14,0
6,15,4,1,1,0,1,1,0,6,1,1,1,8,0,6,0,6,2,14,1
2,15,4,1,1,0,3,0,0,2,1,1,1,7,0,1,0,6,6,7,1
12,18,0,1,1,0,3,3,0,1,1,1,1,7,2,1,0,5,4,8,1
3,15,0,0,1,0,3,1,0,2,1,1,1,0,0,1,0,6,5,6,1
2,15,4,1,1,0,3,0,0,16,1,1,1,0,0,1,0,6,2,2,1
0,18,4,1,1,3,3,0,1,16,1,1,1,5,0,0,5,0,0,1,0
11,20,4,0,1,3,3,0,1,2,1,1,1,0,2,3,0,6,6,6,0
5,15,4,1,0,0,3,1,0,2,1,1,0,0,0,1,5,0,0,2,1
14,15,0,0,1,4,3,0,1,1,1,1,1,5,2,1,1,4,0,6,0
8,18,4,1,1,0,3,1,0,7,1,1,1,0,0,1,0,6,6,7,1
3,19,4,0,1,0,3,0,0,12,1,1,1,0,0,1,0,7,10,11,1
12,16,4,0,1,0,3,0,0,0,1,1,1,7,2,1,0,6,6,10,1
13,15,4,0,1,3,3,0,1,5,1,1,1,0,2,1,0,8,11,6,1
12,15,4,0,1,0,3,1,0,0,1,1,1,0,2,1,0,6,3,11,1
3,18,4,1,1,0,3,0,0,2,1,1,1,7,0,0,5,0,0,0,1
2,15,4,1,1,0,3,0,0,2,1,1,1,7,0,1,0,2,1,4,1
10,16,4,0,1,0,3,0,0,15,1,1,1,0,0,1,5,6,0,2,0
3,15,4,1,0,0,3,0,0,2,1,1,0,6,0,0,5,0,0,3,1
0,17,4,1,1,0,3,0,0,16,1,1,1,0,0,0,5,0,0,0,0
4,17,4,0,1,0,3,0,0,11,1,1,1,0,0,1,0,6,2,12,0
14,15,0,0,1,0,1,0,0,1,1,1,1,0,2,5,0,6,4,10,0
9,21,0,0,1,4,3,0,1,0,1,1,1,5,0,2,0,6,4,12,1
10,18,0,1,1,0,3,1,0,16,1,1,1,0,0,1,0,8,4,8,0
9,20,4,0,1,4,3,0,1,12,1,1,1,0,0,1,0,6,8,8,0
2,18,4,0,1,0,3,0,0,15,1,1,1,1,0,1,5,6,0,2,0
5,17,4,0,1,0,3,0,0,11,1,1,1,0,0,1,0,6,2,10,0
9,15,4,0,1,0,3,1,0,2,1,1,1,8,0,1,0,6,2,10,1
8,18,4,1,1,0,3,0,0,0,1,1,1,5,0,1,0,6,3,3,1
1,15,4,0,1,4,3,1,0,16,1,1,1,7,0,7,0,2,5,2,1
5,20,4,1,1,4,3,0,1,0,1,1,1,7,0,1,0,6,2,6,1
0,17,4,1,1,0,3,1,0,7,1,1,1,8,0,1,5,1,0,1,1
14,20,2,1,1,0,3,3,0,0,1,1,1,0,2,3,0,6,0,9,1
10,20,4,0,1,0,1,0,0,0,1,1,1,0,0,5,1,9,0,10,1
7,18,4,0,1,0,3,0,0,7,1,1,1,0,0,1,0,6,11,6,1
12,10,4,1,0,2,3,1,0,2,0,1,0,0,2,1,0,0,5,1,1
1,13,4,0,1,0,3,0,0,2,1,1,1,0,0,1,0,6,1,12,1
9,20,4,0,1,0,3,0,0,0,1,1,1,5,0,3,1,3,0,10,1
7,20,4,1,1,0,3,1,0,2,1,1,1,8,0,1,5,0,0,0,1
6,21,0,1,1,0,3,0,0,9,1,1,1,5,0,1,0,6,5,9,0
13,15,4,1,1,0,3,1,0,2,1,1,1,1,2,1,0,6,11,9,1
12,16,4,1,1,0,3,0,0,2,1,1,1,0,2,1,0,6,5,6,1
2,20,4,1,1,0,3,0,0,9,1,1,1,0,0,3,2,3,0,4,0
4,15,4,0,1,0,0,0,0,16,1,1,1,1,0,5,3,9,2,7,1
11,22,4,1,1,0,3,1,0,7,1,1,1,0,2,0,5,0,0,0,1
7,20,4,0,1,0,3,1,0,0,1,1,1,7,0,1,0,5,10,12,1
5,19,4,0,1,0,3,1,0,0,1,1,1,0,0,1,0,1,10,1,1
8,18,0,1,1,0,3,1,0,1,1,1,1,0,0,4,0,6,8,8,0
7,15,4,0,1,0,3,0,0,2,1,1,1,0,0,0,5,0,0,0,1
2,18,4,0,1,0,3,0,0,16,1,1,1,0,0,1,5,8,0,6,1
8,18,4,1,1,0,3,0,0,0,1,1,1,7,0,1,2,6,0,2,1
7,16,4,0,1,0,0,1,0,16,1,1,1,0,0,5,3,9,3,10,1
5,18,4,1,1,0,3,0,0,9,1,1,1,7,0,1,0,6,10,8,1
3,15,4,0,1,0,3,1,0,0,1,1,1,0,0,1,0,6,4,8,1
11,17,4,1,1,0,3,0,0,2,1,1,1,0,2,1,0,3,5,11,1
15,22,0,0,1,0,3,0,0,1,1,1,1,8,2,1,0,6,9,14,0
12,19,0,1,1,4,3,1,1,1,1,1,1,0,2,5,0,9,2,5,1
5,20,4,0,1,2,3,0,1,0,1,1,1,5,0,4,0,5,4,6,0
8,20,4,0,1,0,3,1,0,0,1,1,1,0,0,1,1,6,0,13,1
11,15,4,1,1,0,3,1,0,2,1,1,1,0,2,1,0,6,3,8,1
15,22,0,1,1,4,3,0,1,1,1,1,1,0,2,1,0,6,9,11,1
10,20,4,1,1,0,3,0,0,14,1,1,1,0,0,1,0,4,3,9,1
15,20,4,0,1,0,3,0,0,0,1,1,1,0,2,4,0,9,0,14,0
6,15,4,0,1,0,3,0,0,5,1,1,1,5,0,0,5,0,0,5,1
6,20,4,1,1,4,3,0,1,14,1,1,1,0,0,1,0,6,8,12,1
0,18,4,1,1,0,3,0,0,2,1,1,1,0,0,3,0,1,0,1,1
3,15,4,0,1,0,3,1,0,2,1,1,1,0,0,1,0,2,1,4,1
12,18,4,0,1,0,3,2,0,0,1,1,1,0,2,7,0,9,6,14,1
12,20,4,1,1,0,3,0,0,0,1,1,1,0,2,2,0,6,3,13,1
8,20,0,1,1,0,3,0,0,2,1,1,1,0,0,2,0,6,4,6,1
11,20,0,1,1,0,3,0,0,1,1,1,1,0,2,1,0,6,3,9,1
14,22,0,1,1,0,3,3,0,1,1,1,1,0,2,1,0,9,6,12,1
10,16,4,0,1,0,3,0,0,15,1,1,1,7,0,0,5,0,0,0,0
9,20,4,0,1,0,3,0,0,0,1,1,1,0,0,7,0,6,0,9,0
0,18,4,1,1,2,3,3,0,16,1,1,1,0,0,9,5,0,0,0,0
4,21,4,1,1,4,3,0,1,0,1,1,1,0,0,1,0,6,4,9,0
11,17,4,1,1,3,3,3,1,12,1,1,1,0,2,1,0,7,3,5,0
13,21,0,0,1,3,3,2,1,1,1,1,1,0,2,1,0,6,2,14,1
12,15,2,1,1,0,3,1,0,5,1,1,1,0,2,1,0,6,0,8,1
9,20,4,1,1,3,3,0,1,0,1,1,1,7,0,2,0,6,6,9,1
13,20,0,1,1,0,3,1,0,0,1,1,1,0,2,3,0,6,6,11,1
1,18,4,1,1,0,3,0,0,11,1,1,1,1,0,1,0,2,6,6,0
5,20,4,1,1,0,3,0,0,2,1,1,1,0,0,1,0,5,2,2,1
15,20,0,1,1,4,3,0,1,1,1,1,1,5,2,0,5,0,0,0,1
9,18,4,0,1,0,3,0,0,11,1,1,1,7,0,1,0,6,2,10,1
1,18,4,0,0,0,3,1,0,2,1,1,0,0,0,0,5,0,0,0,1
3,19,4,1,1,0,3,0,0,11,1,1,1,0,0,1,0,3,5,5,1
5,15,4,1,0,0,3,0,0,0,1,1,1,5,0,1,0,9,4,10,1
6,15,4,1,1,0,3,0,0,2,1,1,1,5,0,1,0,1,8,1,1
0,17,4,1,1,0,3,3,0,2,1,1,1,0,0,9,2,0,0,0,1
13,15,0,0,1,3,3,2,1,0,1,1,1,0,2,1,0,6,10,11,1
13,19,4,0,1,0,3,3,0,12,1,1,1,0,2,1,0,6,6,14,1
6,20,4,0,1,3,3,0,1,2,1,1,1,5,0,1,0,6,6,10,1
0,18,4,1,1,0,3,0,0,2,1,1,1,0,0,0,5,0,0,0,1
10,15,4,1,1,0,3,0,0,2,1,1,1,5,0,0,5,0,0,5,1
5,22,4,1,1,0,3,0,0,0,1,1,1,0,0,2,0,9,4,8,0
12,16,1,1,0,0,3,1,0,13,1,0,0,8,2,1,0,9,2,11,0
14,20,4,1,1,0,3,0,0,2,1,1,1,0,2,3,0,6,5,6,1
15,20,0,1,1,4,3,0,1,1,1,1,1,5,2,0,5,0,0,0,1
15,22,0,0,1,0,3,0,0,1,1,1,1,0,2,1,0,9,4,14,1
3,20,4,1,1,0,3,3,0,2,1,1,1,0,0,1,0,2,2,5,1
12,15,0,1,1,0,3,0,0,0,1,1,1,0,2,1,1,4,0,10,1
2,18,4,1,1,0,3,1,0,16,1,1,1,0,0,6,5,2,0,4,1
3,18,4,0,1,0,3,0,0,2,1,1,1,7,0,1,0,6,3,5,1
8,15,4,1,1,0,3,1,0,7,1,1,1,0,0,0,5,0,0,0,1
0,18,4,1,1,0,3,0,0,16,1,1,1,0,0,0,5,0,0,0,0
13,20,0,0,1,0,3,1,0,9,1,1,1,0,2,4,0,6,5,10,1
1,18,4,1,1,0,3,0,0,16,1,1,1,5,0,1,1,2,0,2,1
0,15,4,1,1,4,3,1,0,16,1,1,1,0,0,1,5,4,0,1,0
11,21,0,1,1,4,3,0,1,0,1,1,1,5,2,2,0,6,6,13,0
9,18,0,1,1,0,3,1,0,1,1,1,1,0,0,1,0,6,3,8,1
7,15,4,0,1,4,3,3,1,2,1,1,1,0,0,1,0,6,0,8,0
12,21,0,0,1,4,3,0,1,1,1,1,1,5,2,1,0,6,8,14,1
10,5,0,1,1,0,3,0,0,4,1,1,1,0,0,1,1,4,0,7,1
5,15,4,0,1,0,3,1,0,2,1,1,1,0,0,1,0,3,2,2,1
14,19,4,0,1,0,3,0,0,2,1,1,1,7,2,1,0,7,5,10,1
12,15,4,0,1,0,3,0,0,5,1,1,1,1,0,6,2,6,0,3,1
8,21,0,1,1,4,3,0,1,1,1,1,1,5,0,1,0,6,8,14,1
8,15,4,0,1,0,3,0,0,7,1,1,1,7,0,1,0,6,1,10,1
0,18,4,0,1,0,3,1,0,2,1,1,1,0,0,2,0,1,1,3,1
9,15,0,1,0,0,1,3,0,6,0,1,1,6,0,1,0,6,8,14,0
10,18,4,0,1,0,3,1,0,11,1,1,1,0,0,3,0,6,4,10,1
5,19,4,1,1,0,3,0,0,0,1,1,1,0,0,6,0,4,3,7,1
15,20,0,0,1,4,3,0,1,0,1,1,1,5,2,1,0,6,3,9,1
10,18,0,1,1,0,3,3,0,8,1,1,1,2,0,1,0,6,4,11,1
7,20,4,0,1,4,3,0,1,2,1,1,1,7,0,1,0,8,11,11,1
1,18,4,1,1,0,3,1,0,2,1,1,1,0,0,1,0,2,4,5,1
2,18,4,1,1,0,3,1,0,5,1,1,1,0,0,1,0,1,3,6,1
5,15,4,0,1,3,3,0,1,2,1,1,1,7,0,0,5,0,0,0,1
2,17,4,0,1,0,3,0,0,2,1,1,1,0,0,0,5,0,0,1,1
4,15,4,1,1,0,3,1,0,9,1,1,1,0,0,1,0,3,5,8,1
10,19,4,0,1,0,3,0,0,2,1,1,1,0,0,1,0,3,6,5,1
5,20,4,1,1,0,3,0,0,2,1,1,1,0,0,2,0,6,8,7,1
13,12,2,0,1,0,3,0,0,12,1,1,1,0,2,1,0,6,11,9,1
8,15,4,0,0,0,3,0,0,2,1,1,0,7,0,1,0,6,3,8,1
15,18,0,1,1,0,3,0,0,2,1,1,1,7,2,1,5,0,0,0,1
10,15,4,0,1,0,3,0,0,5,1,1,1,7,0,1,0,8,4,10,1
6,18,0,1,1,0,3,0,0,0,1,1,1,0,0,1,5,0,0,1,0
9,20,4,1,1,0,3,0,0,0,1,1,1,5,0,2,0,6,0,13,1
5,17,4,1,1,0,3,3,0,2,1,1,1,1,0,1,0,6,8,6,1
5,0,4,0,1,0,3,0,0,2,1,1,1,0,0,1,0,6,4,9,1
8,20,4,0,1,0,3,3,0,0,1,1,1,0,0,1,0,9,4,14,1
3,18,4,0,1,0,3,0,0,16,1,1,1,0,0,1,0,8,2,6,0
11,20,0,0,1,0,3,0,0,3,1,1,1,0,2,2,0,6,2,13,1
13,20,4,1,1,0,3,1,0,12,1,1,1,8,2,1,0,6,2,10,0
15,21,0,1,1,3,3,0,1,1,1,1,1,0,2,2,0,6,3,12,1
10,20,0,0,1,0,3,0,0,11,1,1,1,5,0,1,0,6,10,13,1
15,18,0,0,1,0,3,0,0,0,1,1,1,0,2,6,0,4,0,6,1
7,20,4,1,1,0,3,0,0,2,1,1,1,5,0,0,5,0,0,0,1
3,20,4,0,1,0,3,1,0,2,1,1,1,0,0,1,5,0,0,0,1
4,18,4,1,1,0,3,1,0,2,1,1,1,0,0,1,0,6,10,9,1
13,19,4,0,1,0,3,0,0,12,1,1,1,0,2,1,0,6,3,11,0
5,20,4,1,1,0,3,1,0,0,1,1,1,0,0,4,0,1,3,3,1
12,17,4,1,1,0,3,1,0,0,1,1,1,0,2,1,0,6,3,10,1
13,20,0,1,1,0,3,1,0,1,1,1,1,0,2,1,0,6,10,10,1
13,15,4,0,1,0,3,0,0,0,1,1,1,0,2,1,0,9,1,14,1
9,13,0,1,1,4,3,0,1,0,1,1,1,0,0,6,0,2,6,6,1
13,15,4,0,1,0,3,0,0,7,1,1,1,5,2,1,0,5,11,5,1
8,20,4,1,1,0,3,0,0,0,1,1,1,5,0,5,0,6,4,13,1
2,18,4,1,1,3,3,3,1,9,1,1,1,5,0,0,5,0,0,0,1
9,15,4,1,1,0,3,1,0,2,1,1,1,1,0,1,5,0,0,1,1
0,19,4,1,1,0,3,3,0,2,1,1,1,5,0,1,5,1,0,2,1
0,17,4,0,1,0,3,0,0,16,1,1,1,0,0,1,0,4,2,3,1
0,18,4,0,1,0,2,0,0,2,1,1,1,0,0,1,0,1,2,5,1
0,17,4,1,1,0,3,3,0,2,1,1,1,7,0,1,0,6,2,6,1
6,15,4,1,1,0,3,0,0,2,1,1,1,0,0,2,0,6,5,7,1
2,15,4,1,1,0,3,0,0,16,1,1,1,0,0,1,5,1,0,2,0
8,20,0,1,1,0,3,1,0,0,1,1,1,0,0,1,0,6,8,7,1
0,17,4,1,1,0,3,0,0,2,1,1,1,0,0,0,5,0,0,0,1
12,18,4,1,1,0,3,0,0,2,1,1,1,0,2,1,5,0,0,2,1
12,15,0,0,1,0,3,3,0,0,1,1,1,0,2,0,5,0,0,0,1
5,15,4,0,1,3,3,0,1,0,1,1,1,0,0,1,0,6,2,5,1
6,18,4,0,1,0,3,0,0,2,1,1,1,0,0,1,0,6,3,11,1
5,0,4,1,1,0,3,0,0,9,1,1,1,0,0,0,5,0,0,0,1
15,23,0,0,1,0,3,0,0,0,1,1,1,0,2,1,0,8,2,13,1
0,17,4,1,1,0,3,1,0,2,1,1,1,0,0,1,0,2,8,5,1
13,18,2,1,1,0,3,1,0,0,1,1,1,0,2,1,5,6,0,14,1
9,15,4,0,1,0,3,0,0,2,1,1,1,7,0,1,0,6,2,8,0
15,13,4,1,1,0,3,0,0,4,1,1,1,0,2,0,5,0,0,5,1
12,15,4,1,0,0,3,0,0,0,1,1,1,5,2,1,0,5,4,10,1
10,16,0,1,1,0,3,1,0,2,1,1,1,0,0,1,0,6,10,5,1
4,15,4,0,0,0,3,3,0,0,1,1,1,0,0,1,5,1,0,1,0
12,15,0,0,1,0,3,0,0,0,1,1,1,0,2,1,0,6,6,10,1
6,15,4,0,1,3,3,0,1,9,1,1,1,0,0,1,0,3,6,8,1
7,19,4,0,1,0,3,0,0,2,1,1,1,0,0,1,0,4,3,6,1
9,15,0,1,1,0,3,0,0,1,1,1,1,0,0,1,0,6,6,8,1
1,18,4,1,1,0,3,0,0,2,1,1,1,5,0,1,5,2,0,3,1
0,15,4,1,1,0,3,3,0,2,1,1,1,7,0,1,2,0,0,0,1
10,20,4,0,1,0,3,0,0,2,1,1,1,5,0,4,0,6,10,10,1
5,14,4,1,1,0,3,0,0,2,1,1,1,0,0,1,0,6,8,5,0
15,15,4,1,1,0,3,0,0,12,1,1,1,0,2,1,2,2,0,5,1
11,20,4,1,0,0,3,1,0,0,1,1,0,0,2,1,5,0,0,8,1
2,16,4,1,1,0,3,0,0,2,1,1,1,0,0,1,0,3,9,4,0
10,0,4,1,1,4,3,0,1,12,1,1,1,0,0,0,5,0,0,0,1
13,15,0,0,1,0,3,1,0,0,1,1,1,0,2,1,0,6,3,12,1
3,18,4,0,1,0,3,3,0,12,1,1,1,5,0,1,0,9,6,10,0
1,15,4,1,1,0,3,0,0,2,1,1,1,0,0,1,0,2,6,5,1
12,18,0,0,1,0,3,0,0,0,1,1,1,7,2,1,0,4,2,5,1
8,20,4,0,1,0,3,1,0,9,1,1,1,0,0,1,0,6,11,11,1
6,20,4,0,1,0,3,3,0,2,1,1,1,0,0,1,0,6,8,11,1
6,18,4,1,1,0,3,3,0,4,1,1,1,0,0,1,0,6,8,9,1
11,10,0,0,1,0,3,1,0,0,1,1,1,0,2,5,0,6,3,10,0
2,22,4,0,1,0,3,0,0,11,1,1,1,0,0,1,0,7,6,13,1
13,17,0,1,1,0,3,0,0,2,1,1,1,0,2,1,0,1,1,1,1
5,20,4,0,1,0,3,3,0,2,1,1,1,0,0,1,0,6,4,3,1
13,20,4,1,1,0,3,1,0,0,1,1,1,0,2,1,0,8,4,14,1
3,20,4,0,1,0,3,3,0,11,1,1,1,2,0,1,0,9,3,14,1
0,15,4,0,1,4,3,0,1,2,1,1,1,5,0,0,5,0,0,0,1
1,18,4,0,1,3,3,0,1,2,1,1,1,5,0,0,5,0,0,0,1
6,15,4,1,1,0,3,0,0,2,1,1,1,0,0,1,0,2,9,6,1
13,21,0,1,1,0,3,0,0,1,1,1,1,5,2,3,0,6,10,13,1
8,15,4,0,1,0,3,1,0,2,1,1,1,0,0,1,0,6,6,10,1
15,15,0,0,1,0,3,0,0,0,1,1,1,0,2,1,0,8,4,12,0
11,8,4,0,0,0,3,2,0,12,1,0,0,0,2,1,5,3,0,4,1
10,15,4,1,1,0,3,0,0,12,1,1,1,0,0,2,0,6,6,9,1
9,15,0,1,1,4,3,0,1,1,1,1,1,0,0,6,0,8,6,13,0
4,20,4,1,1,0,3,1,0,0,1,1,1,7,0,1,0,6,1,11,1
0,13,4,0,1,0,3,3,0,8,1,1,1,7,0,1,0,8,1,6,1
4,17,4,0,1,0,3,3,0,4,1,1,1,7,2,1,0,0,11,6,1
6,18,4,0,1,0,3,0,0,2,1,1,1,5,0,1,0,6,2,12,1
15,15,0,1,1,4,3,0,1,1,1,1,1,7,2,0,5,0,0,0,1
9,17,4,1,1,0,3,0,0,0,1,1,1,0,0,2,0,6,2,12,1
0,16,4,1,0,0,3,3,0,3,1,0,1,5,0,1,5,6,0,2,0
11,23,0,0,1,2,0,0,0,0,1,1,1,2,2,5,5,8,6,14,1
4,12,4,0,1,4,3,0,1,9,1,1,1,0,0,1,1,6,0,5,0
7,20,4,1,1,4,3,0,1,0,1,1,1,0,0,1,0,6,2,6,1
1,18,4,1,1,3,3,0,1,2,1,1,1,0,0,0,5,0,0,0,1
14,8,1,1,1,3,1,1,1,14,1,1,1,0,2,4,5,0,0,3,1
13,18,0,1,1,3,3,0,1,1,1,1,1,7,2,1,0,1,2,4,0
8,18,4,1,1,0,3,0,0,2,1,1,1,7,0,2,0,6,1,9,1
5,18,4,1,1,4,3,0,1,10,1,1,1,5,0,1,0,6,7,10,0
11,15,4,1,1,0,3,1,0,2,1,1,1,1,2,0,5,0,0,0,1
15,20,0,1,1,0,3,1,0,0,1,1,1,0,2,4,0,6,10,13,1
10,19,0,1,1,4,3,0,1,8,1,1,1,5,0,1,1,6,0,6,1
14,17,0,0,1,0,3,0,0,0,1,1,1,0,2,1,0,6,8,14,1
4,18,0,1,1,0,3,0,0,0,1,1,1,0,0,1,0,1,4,5,1
3,20,4,1,1,0,3,1,0,2,1,1,1,7,0,0,5,0,0,0,1
1,15,4,1,1,0,3,0,0,2,1,1,1,0,0,1,0,5,2,3,1
7,15,4,0,1,0,3,0,0,2,1,1,1,0,0,1,0,6,6,6,1
0,15,4,1,1,0,3,0,0,2,1,1,1,0,0,1,0,6,2,6,1
14,22,4,1,0,0,3,1,0,0,1,0,1,5,2,1,0,8,9,14,1
9,20,0,1,1,4,3,0,1,0,1,1,1,0,0,1,5,0,0,0,1
14,15,4,0,1,0,3,1,0,2,1,1,1,0,2,1,0,4,4,5,1
2,18,4,1,0,0,3,1,0,2,1,1,1,0,0,1,5,2,0,2,1
2,18,4,0,1,0,3,1,0,16,1,1,1,0,0,1,0,1,1,2,1
12,21,0,1,1,3,3,0,1,0,1,1,1,5,2,1,0,6,4,12,1
15,21,0,1,1,0,3,1,0,0,1,1,1,0,2,1,0,5,10,13,1
13,7,2,1,0,4,3,0,1,12,1,1,1,7,2,9,2,2,0,14,1
15,15,0,0,1,3,3,3,1,1,1,1,1,0,2,6,0,6,3,3,1
14,21,0,1,1,0,3,2,0,0,1,1,1,0,2,6,0,6,3,11,1
11,15,4,1,1,0,3,1,0,2,1,1,1,0,2,1,0,9,10,14,1
4,18,4,1,1,0,3,3,0,0,1,1,1,0,0,4,2,2,0,3,1
14,19,4,1,1,0,3,0,0,2,1,1,1,0,2,1,2,0,0,2,1
3,20,4,0,1,3,3,3,1,0,1,1,1,5,0,1,0,8,5,14,1
3,18,4,0,1,0,3,0,0,0,1,1,1,0,0,2,0,6,1,10,1
1,19,4,0,1,0,3,1,0,7,1,1,1,0,0,1,0,3,3,5,1
3,21,4,0,1,4,3,3,1,14,1,1,1,5,0,1,0,2,3,4,1
3,20,4,1,1,0,3,0,0,4,1,1,1,5,0,1,0,1,3,5,1
10,21,4,0,1,0,3,1,0,0,1,1,1,0,0,6,0,6,5,14,0
0,15,4,1,1,0,3,1,0,14,1,1,1,0,0,1,0,4,4,1,0
3,18,4,1,1,0,3,1,0,16,1,1,1,0,0,1,5,0,0,0,1
5,17,4,0,1,0,0,0,0,16,1,1,1,1,0,5,3,9,1,9,1
14,15,0,0,1,4,3,3,0,8,1,1,1,0,2,1,0,6,5,10,1
13,20,0,0,1,0,3,0,0,1,1,1,1,1,2,1,1,9,0,13,0
7,15,4,0,1,4,3,0,1,12,1,1,1,0,0,1,0,6,11,9,0
4,20,4,1,1,0,3,3,0,3,1,1,1,1,0,1,0,6,8,5,1
1,15,4,1,1,0,3,0,0,2,1,1,1,0,0,0,5,0,0,0,1
2,18,4,1,1,3,3,0,1,11,1,1,1,8,0,1,0,2,3,5,1
11,20,4,0,1,2,3,1,0,12,1,1,1,0,2,1,0,2,3,6,1
3,18,1,0,0,0,3,1,0,15,1,0,1,1,0,4,5,9,0,2,0
3,18,4,1,1,0,3,0,0,0,1,1,1,0,0,1,0,5,8,8,0
8,15,0,0,0,0,3,0,0,8,1,1,1,5,0,1,0,6,4,10,1
13,18,2,1,1,0,3,1,0,0,1,1,1,7,2,4,0,6,1,11,1
13,15,0,1,1,0,3,3,0,1,1,1,1,0,2,0,5,0,0,0,1
1,17,4,1,1,0,3,3,0,16,1,1,1,0,0,2,0,1,1,2,0
6,20,0,1,1,0,1,3,0,0,1,1,1,0,0,1,0,3,7,8,1
6,18,4,0,1,0,3,0,0,2,1,1,1,8,0,1,5,0,0,0,1
6,20,4,0,1,0,3,0,0,2,1,1,1,5,0,1,0,7,11,5,1
5,18,4,0,1,0,3,1,0,2,1,1,1,0,0,1,0,5,2,5,1
2,18,0,1,1,0,3,0,0,8,1,1,1,0,0,1,0,3,6,8,1
14,20,0,1,1,0,3,3,0,1,1,1,1,0,2,1,2,0,0,0,1
15,14,0,0,1,0,3,0,0,0,1,1,1,0,2,1,0,8,8,14,1
11,8,0,1,1,4,3,0,1,0,1,1,1,0,2,1,0,6,5,7,1
3,13,4,0,1,0,3,0,0,15,1,1,1,0,0,1,5,0,0,2,0
5,15,4,0,1,0,3,0,0,2,1,1,1,0,0,1,0,4,1,5,1
2,18,4,0,1,0,3,0,0,7,1,1,1,0,0,1,0,3,3,6,1
6,18,4,1,1,4,3,3,1,11,1,1,1,5,0,1,0,3,6,11,0
8,15,4,1,1,0,3,0,0,2,1,1,1,5,0,1,5,0,0,1,1
8,18,4,1,1,0,3,3,0,2,1,1,1,7,0,0,5,0,0,5,1
0,18,4,0,1,0,3,3,0,2,1,1,1,5,0,1,0,2,2,2,1
14,20,0,1,1,4,3,0,1,0,1,1,1,0,2,1,0,6,5,9,1
15,19,2,0,1,0,3,0,0,2,1,1,1,0,2,1,5,6,0,7,1
6,21,4,0,1,0,3,3,0,5,1,1,1,5,0,2,0,6,6,13,1
7,18,4,0,1,0,3,0,0,2,1,1,1,0,0,1,0,6,1,9,1
5,20,4,1,1,0,3,0,0,9,1,1,1,0,0,1,0,6,5,11,1
14,20,0,1,1,0,3,1,0,1,1,1,1,0,2,1,0,8,2,13,1
5,17,4,1,1,0,3,0,0,2,1,1,1,0,0,3,0,6,2,9,1
15,22,4,0,1,0,3,0,0,0,1,1,1,0,2,1,0,8,8,12,1
15,18,0,1,1,4,3,0,1,0,1,1,1,0,2,1,5,0,0,0,1
15,20,0,1,1,0,3,0,0,1,1,1,1,5,2,1,0,6,6,14,0
0,17,4,0,1,0,3,1,0,2,1,1,1,0,0,9,2,0,0,0,1
11,15,0,1,1,4,3,0,1,1,1,1,1,0,2,1,0,4,3,6,1
12,20,4,0,1,0,3,0,0,12,1,1,1,5,2,1,0,7,11,13,1
3,15,4,1,1,0,3,0,0,9,1,1,1,7,0,1,0,6,3,7,1
7,15,4,0,1,0,3,3,0,2,1,1,1,1,0,1,0,6,3,9,0
0,22,4,0,1,0,3,0,0,7,1,1,1,8,0,1,0,3,9,6,1
3,18,4,1,1,0,3,1,0,16,1,1,1,8,0,1,0,2,1,5,1
7,14,0,0,0,0,3,2,0,0,1,1,0,0,0,1,0,6,10,8,1
14,17,0,0,1,0,3,0,0,0,1,1,1,0,2,1,0,8,8,12,1
3,15,4,0,1,2,3,0,0,2,1,1,1,1,0,9,2,0,0,1,1
10,21,0,0,1,0,3,1,0,0,1,1,1,0,0,6,0,6,8,14,0
15,23,0,1,1,0,3,0,0,1,1,1,1,0,2,1,0,6,6,14,1
13,15,4,1,1,0,3,1,0,7,1,1,1,0,2,1,5,0,0,1,1
10,20,4,0,1,0,3,3,0,11,1,1,1,0,0,3,0,5,7,5,1
14,21,0,0,1,3,3,3,0,8,1,1,1,0,2,3,0,6,5,11,1
10,15,4,0,1,0,3,0,0,2,1,1,1,0,0,1,5,0,0,4,1
13,19,4,0,1,4,3,0,1,0,1,1,1,0,2,3,0,6,10,11,1
15,15,4,0,1,0,3,0,0,15,1,1,1,0,2,1,5,0,0,0,1
9,18,4,0,1,0,3,3,0,2,1,1,1,5,0,1,0,6,1,11,0
10,15,0,1,1,0,3,3,0,2,1,1,1,0,0,1,0,6,11,9,1
11,20,4,0,1,0,3,3,0,2,1,1,1,0,2,1,0,5,4,8,1
2,17,4,0,1,0,3,1,0,2,1,1,1,0,0,1,0,3,3,7,1
9,18,4,0,1,0,3,0,0,2,1,1,1,5,0,0,5,0,0,3,1
2,15,4,1,1,0,3,1,0,2,1,1,1,0,0,1,0,4,3,5,1
1,17,4,1,1,0,3,0,0,2,1,1,1,1,0,1,1,6,0,2,1
7,18,4,1,1,0,3,0,0,0,1,1,1,0,0,5,2,6,0,2,1
13,18,0,1,1,0,3,1,0,0,1,1,1,0,2,2,5,2,0,2,1
11,18,0,1,1,0,3,0,0,1,1,1,1,1,2,0,5,0,0,0,0
12,20,4,0,1,0,3,1,0,0,1,1,1,7,2,1,0,7,6,13,1
1,15,4,0,1,0,3,0,0,2,1,1,1,0,0,0,5,0,0,0,1
9,15,4,0,1,0,3,3,0,2,1,1,1,0,0,1,0,6,4,8,1
14,14,4,1,1,0,3,2,0,2,1,1,1,0,2,0,5,0,0,1,1
10,15,4,0,1,0,3,3,0,14,1,1,1,0,0,1,0,4,2,9,1
13,23,0,0,1,0,3,0,0,5,1,1,1,0,2,1,0,8,2,14,1
2,19,4,1,1,0,3,0,0,0,1,1,1,5,0,0,5,0,0,0,1
12,21,4,0,1,0,3,0,0,0,1,1,1,1,2,1,0,6,6,13,1
14,20,0,1,1,0,3,1,0,1,1,1,1,8,2,1,0,8,1,14,1
13,20,0,1,1,0,3,1,0,0,1,1,1,0,2,1,0,6,5,13,0
4,18,4,0,0,0,3,1,0,2,1,1,1,0,0,1,0,6,4,10,1
3,19,4,0,1,0,3,0,0,2,1,1,1,0,0,1,0,6,10,6,1
15,18,2,0,1,0,3,0,0,0,1,1,1,0,2,3,0,3,1,8,1
15,22,0,1,1,4,3,0,1,1,1,1,1,7,2,1,0,6,6,8,1
4,15,4,1,1,0,3,1,0,2,1,1,1,7,0,1,0,6,11,3,1
0,15,4,0,1,0,3,3,0,2,1,1,1,0,0,1,5,2,0,2,1
10,18,4,0,1,0,3,0,0,14,1,1,1,0,0,1,0,4,4,10,1
9,20,4,0,1,0,3,0,0,16,1,1,1,0,0,6,5,1,0,3,1
7,20,4,1,1,0,3,1,0,0,1,1,1,0,0,5,0,7,5,11,0
6,20,4,1,1,3,3,0,1,2,1,1,1,5,0,1,4,6,0,6,0
12,21,0,1,1,4,3,0,1,0,1,1,1,5,2,1,0,6,6,14,1
15,19,4,0,1,0,3,1,0,2,1,1,1,8,2,3,0,2,1,5,1
6,11,4,0,1,0,3,0,0,11,1,1,1,0,0,1,0,6,4,2,1
14,19,0,0,1,3,3,0,1,1,1,1,1,0,2,1,0,6,3,12,1
13,20,0,0,1,0,3,1,0,1,1,1,1,0,2,1,0,6,6,11,1
11,18,4,1,1,0,3,1,0,2,1,1,1,0,2,1,0,5,2,6,1
2,15,4,0,1,0,0,0,0,7,1,1,1,1,0,5,5,8,1,4,0
0,18,4,1,1,0,3,0,0,16,1,1,1,5,0,0,5,0,0,0,1
8,18,4,0,0,0,3,0,0,2,1,1,0,1,0,0,5,0,0,0,1
0,18,4,1,1,0,3,3,0,2,1,1,1,0,0,0,5,0,0,0,1
13,15,4,1,1,0,3,0,0,12,1,1,1,7,2,1,0,6,6,10,0
5,12,4,0,1,0,3,0,0,0,1,1,1,1,0,1,0,6,8,13,1
10,15,4,0,1,0,3,0,0,15,1,1,1,7,0,1,5,0,0,0,1
5,19,4,1,1,0,3,0,0,2,1,1,1,7,0,1,0,6,3,9,1
4,20,0,1,1,0,3,1,0,0,1,1,1,0,0,1,0,6,5,11,0
5,18,4,1,1,0,3,1,0,5,1,1,1,0,0,1,0,6,4,10,0
3,13,4,0,1,0,3,0,0,2,1,1,1,0,0,1,0,6,1,6,1
10,14,4,1,1,0,3,0,0,2,1,1,1,0,0,1,0,6,10,8,1
5,20,4,1,1,0,3,0,0,10,1,1,1,0,0,1,0,6,0,6,0
8,17,4,0,1,0,3,3,0,2,1,1,1,1,0,1,0,3,5,10,0
15,18,0,1,1,0,3,0,0,0,1,1,1,1,2,1,0,6,1,9,1
8,20,4,0,1,0,3,3,0,12,1,1,1,0,0,2,0,6,6,11,1
3,18,4,1,1,0,3,1,0,2,1,1,1,0,0,1,0,6,8,5,1
12,18,0,0,1,3,3,0,1,8,1,1,1,0,2,1,5,0,0,0,1
9,15,4,0,1,0,3,3,0,4,1,1,1,0,0,9,2,0,0,0,1
7,20,4,0,1,0,3,0,0,0,1,1,1,0,0,1,0,8,2,11,0
9,13,0,1,1,4,3,3,1,0,1,1,1,7,0,0,5,0,0,0,0
11,11,2,0,0,0,3,0,0,5,0,1,0,7,1,2,0,9,3,2,1
6,18,4,0,1,0,3,0,0,2,1,1,1,7,0,1,5,0,0,0,1
11,20,4,1,1,0,3,0,0,2,1,1,1,8,0,2,0,2,1,4,1
2,15,4,1,1,3,3,0,0,15,1,1,1,7,0,7,5,6,0,1,1
14,20,4,1,1,0,3,3,0,2,1,1,1,0,2,1,0,6,3,12,1
3,20,4,1,1,0,3,0,0,2,1,1,1,5,0,1,5,1,0,2,1
9,20,4,1,1,0,3,0,0,0,1,1,1,0,0,1,0,2,10,5,0
14,8,0,0,1,4,3,0,1,0,1,1,1,7,2,1,0,6,4,7,1
6,20,4,0,1,0,3,0,0,0,1,1,1,5,0,1,0,6,4,11,1
15,16,0,0,1,0,3,1,0,1,1,1,1,0,2,1,0,7,2,13,0
10,19,4,1,1,0,3,0,0,14,1,1,1,0,0,1,0,4,3,7,1
1,15,4,0,1,0,3,1,0,2,1,1,1,0,0,1,5,1,0,5,1
3,20,4,0,1,0,3,1,0,2,1,1,1,0,0,1,0,6,4,4,0
11,19,0,1,1,0,3,1,0,8,1,1,1,0,2,1,0,6,5,8,1
3,20,4,1,1,0,3,0,0,14,1,1,1,0,0,1,0,8,8,7,0
8,20,0,0,1,0,3,0,0,0,1,1,1,0,0,0,5,0,0,0,1
7,19,4,1,1,0,3,1,0,0,1,1,1,0,0,2,0,2,2,4,1
7,20,4,0,1,0,3,1,0,11,1,1,1,5,0,1,0,6,8,13,0
5,20,4,0,1,0,3,0,0,11,1,1,1,8,0,1,0,6,3,10,0
14,20,0,0,1,3,3,0,1,0,1,1,1,5,2,0,5,0,0,0,1
12,11,3,0,1,4,3,0,1,0,1,1,1,0,2,1,0,7,10,14,1
0,18,4,0,1,4,3,0,1,16,1,1,1,5,0,1,0,1,2,5,0
12,20,4,1,1,0,3,0,0,0,1,1,1,0,2,1,0,6,5,12,1
14,18,0,1,1,0,3,1,0,0,1,1,1,0,2,1,0,6,3,14,0
15,19,0,1,1,4,3,0,1,1,1,1,1,0,2,1,0,6,11,6,0
1,18,4,1,1,0,3,1,0,2,1,1,1,8,0,1,5,0,0,0,0
8,15,0,1,1,0,3,0,0,2,1,1,1,0,0,1,0,6,11,9,1
5,20,4,1,1,0,3,1,0,2,1,1,1,0,0,1,2,0,0,0,0
0,15,4,1,1,0,3,0,0,0,1,1,1,7,0,0,5,0,0,0,0
15,20,0,0,1,0,3,0,0,0,1,1,1,5,2,4,0,6,4,12,1
12,20,2,1,1,4,3,0,1,14,1,1,1,0,2,1,5,6,0,2,1
5,20,4,1,1,0,3,0,0,2,1,1,1,0,0,1,0,3,8,4,1
12,21,0,1,1,4,3,0,1,1,1,1,1,0,2,1,0,5,2,4,1
3,15,4,1,1,0,3,0,0,2,1,1,1,0,0,0,5,0,0,0,1
8,20,4,0,1,4,3,3,1,0,1,1,1,5,0,1,0,9,11,12,1
5,21,4,1,1,0,3,1,0,0,1,1,1,8,0,2,0,2,1,3,0
5,15,4,0,1,3,3,0,1,2,1,1,1,7,0,1,0,6,3,3,1
1,15,4,0,1,0,3,1,0,2,1,1,1,0,0,1,0,7,3,10,1
15,20,0,0,1,4,3,0,1,1,1,1,1,5,2,1,0,8,4,12,0
0,18,4,1,1,0,3,1,0,2,1,1,1,0,0,0,5,0,0,0,1
13,15,4,0,1,3,3,3,1,1,1,1,1,0,2,8,2,6,0,10,1
4,15,0,0,1,0,0,0,0,16,1,1,1,0,0,5,3,9,2,7,0
9,18,4,0,1,0,3,1,0,2,1,1,1,0,0,1,0,6,11,6,1
7,15,4,0,1,0,3,0,0,12,1,1,1,0,0,6,0,4,6,5,1
2,18,4,0,1,0,3,1,0,2,1,1,1,8,0,1,0,2,2,6,1
14,18,0,0,1,0,3,0,0,8,1,1,1,0,2,1,0,6,1,11,1
9,17,0,0,1,0,3,0,0,0,1,1,1,0,0,3,0,9,6,13,1
10,20,0,0,1,0,3,3,0,0,1,1,1,5,0,1,0,8,4,14,1
5,20,4,1,1,0,3,3,0,2,1,1,1,0,0,1,0,5,5,7,1
0,13,4,0,0,0,3,0,0,7,1,1,0,0,0,0,5,0,0,4,1
14,20,4,1,1,3,3,0,1,0,1,1,1,5,2,1,0,7,3,14,0
10,20,0,1,1,0,3,1,0,0,1,1,1,0,0,2,0,8,3,9,1
4,0,4,1,1,4,3,0,1,9,1,1,1,7,0,0,5,0,0,0,1
5,20,4,1,1,2,3,1,0,0,1,1,1,0,0,1,5,0,0,0,1
4,19,4,1,1,3,3,3,1,2,1,1,1,0,0,1,1,3,0,1,1
8,20,0,0,0,4,3,3,1,1,1,1,1,0,0,1,0,8,4,14,0
2,15,4,0,1,4,3,0,1,0,1,1,1,0,0,5,2,6,0,9,1
7,10,4,1,1,0,3,1,0,5,1,1,1,8,0,1,0,1,3,3,1
3,18,4,0,1,0,3,1,0,2,1,1,1,0,0,9,2,0,0,0,1
13,20,0,1,1,0,3,0,0,0,1,1,1,0,2,1,0,9,6,14,1
0,15,4,1,1,0,3,0,0,16,1,1,1,0,0,0,5,0,0,0,0
15,21,0,1,1,4,3,0,1,1,1,1,1,5,2,0,5,0,0,0,1
14,20,4,0,1,0,3,0,0,0,1,1,1,7,2,1,0,8,8,13,1
7,18,4,0,1,0,3,1,0,2,1,1,1,0,0,1,0,6,6,10,1
5,20,4,1,1,0,3,3,0,0,1,1,1,0,0,1,0,9,8,11,1
4,19,4,1,1,0,3,1,0,0,1,1,1,0,0,1,0,6,0,11,0
1,18,4,1,1,0,3,0,0,16,1,1,1,5,0,0,5,0,0,0,0
10,20,0,1,1,0,3,0,0,0,1,1,1,0,0,1,0,6,6,10,1
9,13,4,0,0,0,3,0,0,2,1,1,0,0,0,1,5,0,0,4,1
9,20,0,1,1,3,3,0,1,0,1,1,1,0,0,1,1,6,0,13,1
10,18,4,0,1,0,3,0,0,16,1,1,1,0,0,7,3,5,0,6,1
11,15,2,1,1,0,3,1,0,7,1,1,1,0,2,3,2,0,0,2,1
3,20,4,0,1,4,3,3,1,2,1,1,1,5,0,1,2,0,0,0,1
12,20,0,1,1,3,3,0,1,1,1,1,1,5,2,1,5,0,0,0,1
4,15,4,0,1,0,3,0,0,2,1,1,1,5,0,1,5,0,0,0,1
14,19,4,1,1,0,3,0,0,12,1,1,1,7,2,1,0,6,2,10,0
9,11,4,1,1,0,3,1,0,5,1,1,1,7,0,1,0,6,3,6,1
2,15,4,0,1,3,3,0,1,2,1,1,1,7,0,1,5,6,0,4,1
6,20,0,0,1,0,3,0,0,5,1,1,1,5,0,1,5,0,0,0,1
9,23,4,1,1,0,3,3,0,2,1,1,1,5,0,0,5,0,0,3,1
9,20,4,0,1,0,3,3,0,0,1,1,1,0,0,3,0,6,11,11,0
3,17,4,1,1,0,3,0,0,16,1,1,1,0,0,1,1,8,0,2,0
2,19,4,1,1,3,0,0,1,16,1,1,1,0,0,5,3,9,4,6,1
14,8,4,1,1,4,3,0,1,2,1,1,1,0,2,1,5,0,0,4,1
1,18,4,1,1,0,3,0,0,2,1,1,1,5,0,0,5,0,0,0,1
6,18,4,1,1,4,3,0,1,14,1,1,1,5,0,1,0,2,3,10,1
8,20,4,1,1,0,3,0,0,11,1,1,1,0,0,1,0,7,4,5,1
5,17,0,1,1,0,3,0,0,0,1,1,1,7,0,6,5,1,0,1,1
15,15,4,1,1,0,3,0,0,2,1,1,1,7,2,1,0,6,0,9,1
7,15,0,0,1,3,3,0,1,2,1,1,1,0,0,1,0,6,6,9,0
0,15,4,0,1,0,3,0,0,16,1,1,1,0,0,1,0,6,4,2,1
2,18,4,0,1,0,3,3,0,9,1,1,1,1,0,9,2,3,0,0,1
12,15,4,0,1,4,3,0,1,2,1,1,1,5,2,1,5,0,0,0,1
11,20,4,0,1,0,3,3,0,11,1,1,1,0,2,1,0,7,6,14,1
11,15,4,1,1,0,3,0,0,16,1,1,1,1,0,2,0,5,1,8,1
15,18,4,0,1,0,3,0,0,2,1,1,1,0,2,1,2,4,0,2,1
7,20,4,1,1,0,3,0,0,2,1,1,1,5,0,2,0,1,6,4,1
9,20,4,0,1,0,3,0,0,12,1,1,1,5,0,1,0,7,6,11,1
1,18,4,1,1,0,3,0,0,12,1,1,1,7,0,4,0,1,2,4,0
5,20,4,1,1,2,3,0,0,0,1,1,1,0,0,1,0,6,3,9,1
0,15,4,0,1,0,3,0,0,2,1,1,1,8,0,1,1,3,0,6,1
2,17,4,0,1,0,3,0,0,2,1,1,1,0,0,1,0,2,2,4,1
13,15,4,0,1,0,3,0,0,2,1,1,1,1,2,1,0,6,4,4,1
15,18,4,1,1,0,3,3,0,2,1,1,1,0,2,1,0,6,8,5,1
6,11,4,0,1,4,3,0,1,11,1,1,1,0,0,1,0,6,4,2,1
0,18,4,1,1,0,3,0,0,11,1,1,1,0,0,1,5,1,0,1,0
4,20,4,0,1,0,3,1,0,0,1,1,1,0,0,2,0,8,2,12,0
8,20,4,1,1,4,3,0,1,0,1,1,1,5,0,1,0,6,6,14,1
3,13,4,1,1,0,3,0,0,16,1,1,1,0,0,1,0,8,1,6,1
10,21,0,1,1,0,3,0,0,1,1,1,1,5,0,6,0,1,8,14,0
4,18,0,1,1,0,3,0,0,0,1,1,1,0,0,1,5,4,0,3,1
10,18,4,0,1,3,3,3,1,0,1,1,1,5,0,1,1,3,0,9,1
4,20,4,1,1,0,3,3,0,11,1,1,1,5,0,0,5,0,0,0,1
9,20,4,1,1,0,3,1,0,0,1,1,1,0,0,7,0,5,0,6,1
0,15,4,0,1,0,3,3,0,2,1,1,1,5,0,1,2,2,0,3,1
2,0,4,1,1,4,3,3,1,2,1,1,1,5,0,6,0,2,3,3,0
12,17,2,1,1,0,3,0,0,12,1,1,1,0,2,1,0,6,6,7,1
12,20,4,0,1,0,3,0,0,12,1,1,1,0,2,1,0,6,3,9,1
4,15,4,0,1,0,3,0,0,2,1,1,1,0,0,1,0,6,10,7,1
1,14,4,1,1,0,3,0,0,16,1,1,1,0,0,2,5,6,0,3,0
6,20,4,1,1,0,3,1,0,9,1,1,1,0,0,1,0,6,6,10,1
4,18,4,1,0,0,3,1,0,11,1,1,1,2,2,3,0,6,6,6,1
8,17,0,1,1,0,3,1,0,1,1,1,1,0,0,1,0,6,4,12,0
4,18,4,1,1,0,3,1,0,0,1,1,1,0,0,1,0,4,1,1,0
5,20,4,0,1,0,3,0,0,0,1,1,1,0,0,1,0,6,2,10,1
1,18,4,0,1,0,3,0,0,2,1,1,1,0,0,1,0,3,3,2,0
15,23,0,0,1,0,3,1,0,0,1,1,1,5,2,1,0,8,6,14,1
1,18,4,0,0,0,3,0,0,2,1,1,0,0,0,1,5,2,0,4,0
7,15,4,0,1,0,3,1,0,2,1,1,1,0,0,1,0,1,4,2,1
3,17,3,1,1,0,3,0,0,1,1,1,1,7,2,1,0,3,9,6,1
12,20,0,1,1,0,3,3,0,1,1,1,1,0,2,1,0,5,7,8,1
1,15,4,0,1,0,3,0,0,15,1,1,1,7,0,0,5,0,0,0,1
1,14,4,1,1,4,3,0,1,16,1,1,1,5,0,2,0,1,1,2,1
2,18,4,0,1,0,3,0,0,0,1,1,1,0,0,1,0,7,3,12,1
0,18,4,1,1,0,3,1,0,2,1,1,1,8,0,1,5,2,0,2,1
8,18,3,0,1,0,3,0,0,0,1,1,1,0,0,6,0,3,9,6,1
10,18,0,0,1,3,1,0,1,1,1,1,1,0,0,5,3,6,7,13,0
0,18,4,1,1,0,3,0,0,5,1,1,1,5,0,2,0,1,2,2,0
1,15,4,0,1,0,3,3,0,2,1,1,1,0,0,1,0,6,10,12,1
10,18,0,1,1,0,3,3,0,0,1,1,1,0,0,1,0,8,3,10,1
5,17,4,1,1,4,3,3,1,2,1,1,1,0,0,1,0,4,2,4,1
12,16,4,0,1,0,3,1,0,15,1,1,1,0,2,1,5,0,0,1,0
14,20,0,0,1,0,3,1,0,1,1,1,1,0,2,1,0,6,3,13,1
11,20,0,1,1,4,3,0,1,1,1,1,1,5,2,2,0,6,3,9,1
12,15,4,0,1,3,3,0,1,2,1,1,1,5,2,1,2,0,0,0,1
0,15,4,1,1,0,3,1,0,2,1,1,1,0,0,1,0,4,8,5,1
0,15,4,0,1,0,3,0,0,11,1,1,1,8,0,1,5,1,0,2,0
10,0,0,1,1,4,3,0,1,1,1,1,1,0,0,0,5,0,0,0,1
13,15,4,0,1,0,3,3,0,11,1,1,1,5,2,1,2,2,0,4,1
5,20,4,0,1,0,3,3,0,11,1,1,1,0,0,1,2,2,0,3,1
12,20,0,1,1,4,3,3,1,1,1,1,1,0,2,1,0,6,4,11,1
15,20,0,0,1,0,3,1,0,0,1,1,1,0,2,1,0,6,2,14,0
12,20,0,0,1,0,3,0,0,1,1,1,1,7,2,1,0,6,8,14,0
12,15,0,1,1,0,3,0,0,1,1,1,1,0,2,1,2,0,0,0,1
5,18,4,1,1,0,3,0,0,2,1,1,1,7,0,1,0,4,2,4,1
13,21,0,1,1,0,3,1,0,1,1,1,1,0,2,2,0,6,8,12,1
1,18,4,1,1,0,3,1,0,2,1,1,1,7,0,1,1,2,0,1,1
11,18,4,0,1,3,3,0,1,0,1,1,1,0,2,0,5,0,0,0,1
8,20,4,1,1,0,3,1,0,0,1,1,1,8,0,3,0,6,6,12,1
6,15,4,0,1,0,3,0,0,15,1,1,1,1,0,0,5,0,0,0,1
5,18,4,1,1,2,3,1,0,2,1,1,1,8,0,1,0,4,6,6,0
14,22,4,0,1,0,3,0,0,0,1,1,1,0,2,7,0,9,3,10,1
3,15,4,0,1,0,3,3,0,2,1,1,1,0,0,1,0,4,10,5,1
1,18,4,1,1,0,3,1,0,12,1,1,1,0,0,1,0,9,3,13,0
3,15,4,0,1,0,3,0,0,2,1,1,1,7,0,1,0,2,3,4,1
11,16,0,1,1,4,3,0,1,0,1,1,1,7,2,0,5,0,0,0,1
12,15,4,0,1,0,3,0,0,16,1,1,1,0,2,6,0,9,0,6,0
15,15,0,1,1,0,3,0,0,1,1,1,1,0,2,0,5,0,0,0,1
12,17,4,1,0,0,3,0,0,0,1,0,0,0,2,2,0,6,6,12,1
10,10,0,1,1,0,3,0,0,0,1,1,1,0,0,5,0,1,2,3,1
14,0,0,0,1,4,3,0,1,1,1,1,1,7,2,1,2,6,0,6,1
6,18,4,0,1,0,3,1,0,11,1,1,1,0,0,1,0,1,2,5,0
6,17,0,0,1,0,3,0,0,15,1,1,1,7,0,1,5,2,0,1,1
5,20,4,0,1,0,3,3,0,11,1,1,1,0,0,1,0,2,2,6,0
15,23,0,0,1,0,3,0,0,0,1,1,1,0,2,1,0,6,7,13,1
6,18,4,0,1,0,3,1,0,12,1,1,1,7,0,1,0,3,6,6,1
7,8,4,1,0,4,3,0,1,0,1,0,0,0,0,0,5,0,0,4,1
9,20,4,1,1,0,3,0,0,0,1,1,1,5,0,1,0,6,8,11,1
11,22,4,1,1,0,3,1,0,7,1,1,1,8,2,1,0,6,6,10,1
15,19,4,1,1,0,3,0,0,0,1,1,1,0,2,3,0,1,4,3,1
0,15,4,1,1,0,3,1,0,2,1,1,1,0,0,2,0,1,3,2,0
15,18,0,0,1,0,3,0,0,0,1,1,1,0,2,1,0,6,6,9,1
2,18,4,1,1,0,3,0,0,2,1,1,1,0,0,1,0,6,6,5,1
11,14,4,1,1,4,3,3,1,14,1,1,1,0,2,1,0,6,8,6,0
2,20,4,1,1,0,3,3,0,2,1,1,1,0,0,1,0,3,2,2,1
10,20,4,1,1,0,3,3,0,0,1,1,1,0,0,1,0,6,3,11,0
5,15,4,1,1,0,3,0,0,2,1,1,1,0,0,1,0,3,2,4,1
9,20,0,1,1,0,3,0,0,0,1,1,1,0,0,2,0,7,0,11,1
11,18,4,0,1,0,3,0,0,0,1,1,1,0,2,1,0,6,4,13,0
6,20,4,1,1,3,3,0,1,2,1,1,1,5,0,0,5,0,0,0,1
14,15,0,1,1,0,3,0,0,0,1,1,1,7,2,1,0,6,3,9,1
4,17,4,0,0,0,3,0,0,2,1,1,0,0,0,1,0,6,4,4,1
10,20,4,0,1,0,3,3,0,11,1,1,1,0,0,1,0,7,10,11,1
11,19,4,0,1,0,3,1,0,2,1,1,1,0,2,1,2,0,0,0,1
13,19,0,0,1,3,3,3,1,9,1,1,1,5,2,3,0,9,10,8,1
11,18,0,1,1,0,3,0,0,0,1,1,1,0,2,6,0,4,0,10,1
14,6,0,1,1,3,3,0,1,16,1,1,1,7,2,9,2,0,0,0,0
5,15,4,0,1,0,3,0,0,4,1,1,1,0,0,5,2,0,0,2,1
4,11,4,0,1,4,3,0,1,15,1,1,1,0,0,0,5,0,0,0,1
2,18,4,1,1,0,3,1,0,2,1,1,1,8,0,1,0,6,6,6,1
6,18,0,1,1,0,3,1,0,1,1,1,1,0,0,1,0,6,2,11,1
2,18,4,0,1,0,3,0,0,2,1,1,1,7,0,1,0,8,3,6,1
6,15,4,1,1,0,3,0,0,2,1,1,1,0,0,1,0,6,0,4,0
1,14,0,1,1,0,3,0,0,9,1,1,1,0,0,3,1,6,0,0,1
8,19,0,1,1,0,3,1,0,8,1,1,1,0,0,3,0,2,6,3,1
4,20,4,0,1,0,3,0,0,2,1,1,1,0,0,1,0,1,6,3,1
11,18,4,0,1,0,3,3,0,10,1,1,1,0,2,4,0,6,3,10,1
5,17,0,0,1,0,3,0,0,15,1,1,1,0,0,1,5,9,0,2,0
3,19,4,1,1,3,3,0,1,2,1,1,1,7,0,0,5,0,0,2,1
15,20,2,0,1,0,3,2,0,2,1,1,1,0,2,1,0,9,1,9,1
0,17,4,0,1,0,3,1,0,16,1,1,1,0,0,1,0,1,3,2,1
12,16,4,0,1,0,3,1,0,0,1,1,1,0,2,1,0,3,1,3,1
12,19,0,1,1,3,3,0,1,0,1,1,1,0,2,1,0,4,5,8,1
7,21,4,1,1,0,3,0,0,0,1,1,1,5,0,1,0,1,2,8,1
1,15,4,1,1,0,3,0,0,7,1,1,1,2,0,1,0,2,2,4,1
11,20,4,1,1,0,3,0,0,2,1,1,1,0,2,1,1,6,0,13,1
14,15,4,0,1,0,2,0,0,2,1,1,1,0,2,6,0,6,4,5,1
12,18,4,0,1,0,3,1,0,0,1,1,1,8,2,1,0,4,1,3,1
7,15,4,1,1,0,3,0,0,2,1,1,1,7,0,1,0,6,1,6,1
1,18,4,0,1,0,3,0,0,2,1,1,1,0,0,1,0,1,3,2,1
9,15,0,1,1,0,3,0,0,1,1,1,1,7,0,1,0,6,1,6,0
13,15,2,1,1,0,3,0,0,0,1,1,1,0,2,1,0,9,1,11,1
2,18,4,0,1,4,3,0,1,16,1,1,1,7,0,1,0,6,2,7,1
2,15,4,0,1,0,3,0,0,2,1,1,1,0,0,3,0,6,4,4,1
3,18,4,1,1,0,3,3,0,12,1,1,1,0,0,1,0,6,2,9,1
6,18,4,1,1,0,3,0,0,0,1,1,1,5,0,1,0,3,4,8,1
14,14,4,1,1,0,3,3,0,12,1,1,1,8,2,1,0,2,10,5,1
12,20,4,0,1,0,3,0,0,9,1,1,1,0,2,4,0,6,1,10,1
10,20,4,1,1,0,3,0,0,5,1,1,1,0,0,1,0,6,11,3,1
13,0,0,0,1,4,3,0,1,1,1,1,1,0,2,1,0,6,4,12,1
6,20,0,1,1,0,3,3,0,1,1,1,1,0,0,0,5,0,0,0,1
6,15,4,1,1,0,3,0,0,2,1,1,1,7,0,1,0,6,6,8,1
7,17,1,1,1,3,3,1,0,5,1,1,1,0,0,1,0,9,5,11,1
5,15,4,1,0,0,3,0,0,2,1,1,0,7,0,1,0,4,3,4,1
1,17,4,0,0,0,3,1,0,2,1,1,0,0,0,0,5,0,0,2,1
10,20,2,1,1,0,3,0,0,12,1,1,1,0,0,1,0,7,11,13,1
2,16,4,1,1,0,3,1,0,2,1,1,1,8,0,1,0,5,6,2,1
1,15,4,1,1,0,3,3,0,2,1,1,1,7,0,1,0,2,5,2,1
5,18,4,1,0,2,3,0,1,0,1,1,0,0,0,5,0,5,4,3,0
13,20,0,1,1,4,3,0,1,1,1,1,1,5,2,1,0,9,5,14,0
12,15,0,1,1,0,3,0,0,8,1,1,1,7,2,1,0,6,3,11,1
13,15,4,0,1,3,3,0,1,0,1,1,1,0,2,9,2,0,0,13,1
13,18,0,0,1,0,3,0,0,0,1,1,1,0,2,1,0,6,4,10,1
12,14,4,1,1,3,3,3,1,3,1,1,0,1,2,1,4,2,7,6,0
11,22,4,1,0,0,3,1,0,7,1,0,1,0,2,1,0,6,4,12,1
0,17,4,0,1,0,3,0,0,2,1,1,1,7,0,1,2,2,0,2,1
1,18,4,0,1,0,3,0,0,2,1,1,1,5,0,1,2,0,0,0,1
1,15,4,1,0,0,3,0,0,2,1,1,0,0,0,1,0,1,3,4,1
11,18,4,0,1,4,3,0,1,5,1,1,1,2,2,1,0,6,2,9,0
7,19,4,0,1,3,3,0,1,2,1,1,1,5,0,1,5,0,0,4,0
9,20,0,1,1,0,3,1,0,0,1,1,1,8,0,1,0,6,1,10,1
2,15,4,0,1,0,0,0,0,16,1,1,1,0,0,5,3,9,1,7,1
2,18,4,0,1,0,3,1,0,16,1,1,1,0,0,2,0,7,2,5,1
3,15,4,0,1,0,3,0,0,0,1,1,1,0,0,1,5,6,0,3,1
11,13,0,0,1,4,3,0,1,8,1,1,1,7,2,1,2,6,0,5,0
7,15,4,0,1,0,3,0,0,4,1,1,1,7,0,4,0,5,6,6,1
3,21,4,0,1,0,3,0,0,0,1,1,1,5,0,1,0,2,6,2,0
11,20,4,0,1,0,3,1,0,0,1,1,1,5,2,1,0,6,11,14,0
11,20,0,1,1,0,3,0,0,0,1,1,1,0,2,1,0,6,5,13,0
4,18,4,0,1,0,1,0,0,16,1,1,1,0,0,1,5,0,0,0,1
9,18,4,0,1,0,3,0,0,0,1,1,1,5,0,1,0,7,7,12,1
3,15,4,0,1,0,3,0,0,2,1,1,1,7,0,1,5,0,0,5,1
0,15,4,1,1,0,3,3,0,4,1,1,1,5,0,1,0,1,4,2,1
6,18,4,0,1,0,3,0,0,2,1,1,1,0,0,1,0,4,3,7,1
11,20,0,0,1,0,3,1,0,0,1,1,1,0,2,1,0,9,4,12,0
10,19,4,0,1,0,3,1,0,2,1,1,1,8,0,4,0,6,1,10,1
13,15,4,0,1,0,3,3,0,2,1,1,1,5,2,1,1,6,0,12,1
9,20,0,0,1,0,3,1,0,0,1,1,1,0,0,1,0,8,11,13,0
15,22,4,1,1,4,3,0,1,0,1,1,1,7,2,1,0,4,0,8,1
14,15,0,1,0,0,3,3,0,0,1,1,1,7,2,1,0,6,4,10,0
5,15,4,0,1,0,3,0,0,0,1,1,1,0,0,5,0,7,2,10,0
2,17,4,0,1,0,3,0,0,2,1,1,1,0,0,0,5,0,0,0,1
14,21,0,1,1,0,3,1,0,1,1,1,1,0,2,2,0,2,4,4,0
7,20,4,1,1,3,3,0,1,5,1,1,1,5,0,2,0,6,4,12,1
3,19,4,1,1,0,3,0,0,11,1,1,1,0,0,1,0,4,1,4,0
3,18,4,0,1,0,3,3,0,14,1,1,1,0,0,0,5,0,0,0,0
3,18,4,1,1,0,3,0,0,2,1,1,1,0,0,1,0,3,2,5,1
12,15,4,1,1,0,3,0,0,2,1,1,1,0,2,6,0,5,0,8,0
11,18,4,0,1,3,3,3,1,14,1,1,1,5,2,3,0,6,6,12,1
6,18,4,0,1,0,3,0,0,5,1,1,1,7,0,0,5,0,0,0,1
9,14,4,0,1,0,3,3,0,15,1,1,1,7,0,0,5,0,0,0,1
6,18,0,1,1,0,3,0,0,2,1,1,1,0,0,1,5,0,0,0,1
15,20,0,0,1,4,3,0,1,0,1,1,1,5,2,1,0,6,6,11,1
8,0,4,1,0,0,3,3,0,4,0,1,0,0,0,1,0,6,8,9,1
3,18,4,0,1,0,3,0,0,5,1,1,1,0,0,1,0,3,6,2,0
8,20,0,1,1,4,3,3,1,0,1,1,1,0,0,0,5,0,0,0,1
10,18,4,1,1,3,3,0,1,0,1,1,1,0,0,0,5,0,0,0,1
1,18,4,0,1,4,3,0,1,2,1,1,1,5,0,1,0,1,3,2,0
13,18,4,1,1,0,3,0,0,12,1,1,1,0,2,1,0,7,4,9,1
14,23,2,0,1,0,3,0,0,1,1,1,1,5,2,8,5,8,0,11,1
5,18,4,1,1,0,3,1,0,0,1,1,1,0,0,2,0,5,6,2,1
1,18,4,1,1,0,3,3,0,2,1,1,1,0,0,0,5,0,0,0,1
7,18,4,0,1,0,3,0,0,7,1,1,1,0,0,1,0,4,1,7,1
3,18,4,0,1,0,3,1,0,0,1,1,1,7,0,1,0,2,4,5,1
7,15,4,0,1,0,3,0,0,5,1,1,1,7,0,1,0,6,10,10,1
12,15,4,0,1,0,1,0,0,2,1,1,1,0,2,1,0,6,3,10,1
15,20,0,1,1,3,3,0,1,0,1,1,1,5,2,1,0,6,3,13,1
12,20,4,1,1,0,3,3,0,12,1,1,1,0,2,6,0,8,6,10,0
5,20,4,1,1,4,3,0,1,0,1,1,1,0,0,1,0,6,10,11,0
10,1,4,1,1,0,3,0,0,2,1,1,1,5,0,3,0,6,3,11,1
6,21,4,0,1,0,3,3,0,14,1,1,1,0,0,1,0,6,4,14,1
6,21,0,1,1,0,3,0,0,0,1,1,1,0,0,1,0,2,8,5,0
10,18,0,1,1,0,3,0,0,0,1,1,1,0,0,0,5,0,0,4,1
12,22,0,0,1,0,3,3,0,1,1,1,1,0,2,7,1,9,0,13,1
1,18,4,0,1,0,3,0,0,2,1,1,1,5,0,0,5,0,0,0,1
14,19,0,0,1,0,3,0,0,1,1,1,1,0,2,1,0,6,3,10,1
7,20,4,1,1,3,3,1,1,2,1,1,1,8,0,1,0,6,6,6,1
0,15,4,0,1,0,3,1,0,11,1,1,1,0,0,1,0,4,4,2,0
3,18,4,1,1,0,3,0,0,4,1,1,1,2,0,1,5,0,0,0,1
3,14,4,0,1,0,3,0,0,2,1,1,1,5,0,1,0,6,8,8,1
0,15,4,1,1,0,3,0,0,16,1,1,1,0,0,0,5,0,0,0,0
14,8,1,1,0,3,1,1,1,0,1,0,1,0,2,4,5,0,0,2,0
9,16,0,0,1,0,3,1,0,2,1,1,1,0,0,1,0,6,1,13,1
0,15,4,0,1,0,3,0,0,7,1,1,1,0,0,1,0,2,1,4,1
10,19,0,0,1,0,3,1,0,0,1,1,1,0,0,1,0,8,3,12,1
6,21,4,0,1,0,3,1,0,11,1,1,1,0,0,1,0,8,3,14,0
11,18,0,0,1,3,3,0,1,1,1,1,1,0,2,1,0,4,2,2,1
12,15,0,0,1,0,1,3,0,0,1,1,1,0,2,1,0,9,3,13,0
4,15,0,0,1,0,1,3,0,2,1,1,1,6,0,1,0,6,10,3,0
11,22,4,0,1,0,3,0,0,7,1,1,1,1,2,1,0,6,6,10,1
8,21,4,1,1,0,3,0,0,2,1,1,1,0,0,2,0,6,11,7,1
4,20,4,1,1,0,3,0,0,3,1,1,1,0,0,1,0,6,7,13,1
13,18,0,0,1,4,3,0,1,9,1,1,1,0,2,1,0,6,6,11,1
8,20,4,1,1,0,3,2,0,0,1,1,1,0,0,1,1,2,0,1,1
10,15,4,0,1,0,3,0,0,7,1,1,1,0,0,1,0,6,11,4,0
4,15,4,0,1,0,0,0,0,16,1,1,1,1,0,5,3,9,1,7,0
8,20,4,1,1,0,3,0,0,12,1,1,1,0,0,1,0,7,1,13,0
7,19,4,0,1,0,3,1,0,0,1,1,1,0,0,1,0,9,6,8,0
1,15,4,1,1,0,3,1,0,2,1,1,1,8,0,1,2,2,0,2,1
10,8,0,1,1,4,3,0,1,0,1,1,1,0,0,1,1,6,0,1,0
15,18,0,0,1,0,3,1,0,2,1,1,1,0,2,1,0,4,2,5,1
9,20,0,1,1,0,3,1,0,0,1,1,1,0,0,3,0,1,3,11,1
7,18,0,1,1,0,3,1,0,2,1,1,1,0,0,1,0,2,2,4,1
2,18,4,0,1,3,3,0,1,2,1,1,1,5,0,1,0,3,4,4,1
10,19,4,1,1,4,3,0,1,0,1,1,1,5,0,1,0,1,2,5,1
14,21,0,1,1,0,3,0,0,0,1,1,1,0,2,2,0,6,8,13,1
1,19,4,1,1,3,3,0,1,2,1,1,1,5,0,1,2,2,0,5,1
1,18,4,1,1,0,3,0,0,2,1,1,1,0,0,0,5,0,0,0,1
6,15,0,0,1,0,3,0,0,1,1,1,1,1,0,1,0,6,10,10,0
7,19,4,0,1,3,3,0,1,2,1,1,1,5,0,1,0,9,4,10,1
7,14,4,1,0,0,3,0,0,2,1,1,0,0,0,0,5,0,0,4,1
12,20,4,0,1,0,3,2,0,0,1,1,1,0,2,1,0,1,3,1,1
1,18,4,1,1,4,3,0,1,16,1,1,1,0,0,1,5,6,0,4,1
8,15,0,1,0,0,3,1,0,8,1,1,0,0,0,1,5,6,0,3,1
7,13,0,1,1,4,3,0,1,10,1,1,1,8,0,1,5,6,0,5,1
5,23,4,0,1,0,3,0,0,16,1,1,1,0,0,2,5,6,0,7,0
13,20,0,1,1,4,3,0,1,1,1,1,1,0,2,1,5,0,0,0,0
13,20,0,1,1,0,3,0,0,0,1,1,1,0,2,2,5,0,0,0,1
6,21,0,0,1,0,3,0,0,1,1,1,1,0,0,4,0,6,3,14,1
4,15,4,0,1,0,3,0,0,2,1,1,1,0,0,0,5,0,0,0,1
0,18,4,0,1,0,3,2,0,5,1,1,1,0,0,1,2,3,0,6,1
0,15,4,1,1,0,3,0,0,16,1,1,1,0,0,0,5,0,0,0,0
5,18,4,0,1,0,3,0,0,15,1,1,1,0,0,1,5,5,0,2,0
12,16,2,1,1,0,3,1,0,5,1,1,1,7,2,1,0,6,4,10,1
9,19,4,0,1,0,3,0,0,0,1,1,1,0,0,4,0,1,3,3,1
7,18,4,1,1,0,3,0,0,2,1,1,1,7,0,6,0,1,2,5,1
0,15,4,0,1,4,3,0,1,11,1,1,1,0,0,3,0,5,6,5,0
14,18,0,1,1,0,3,3,0,9,1,1,1,5,2,2,0,7,6,10,1
15,20,4,0,1,0,3,1,0,0,1,1,1,8,2,1,0,9,10,13,1
9,20,0,1,1,0,3,0,0,1,1,1,1,0,0,3,5,0,0,0,0
5,18,4,0,1,0,3,1,0,0,1,1,1,0,0,2,0,1,1,3,1
13,21,4,0,1,2,3,3,0,12,1,1,1,0,2,1,0,2,3,14,0
1,18,4,0,1,0,3,0,0,2,1,1,1,7,0,1,0,4,1,5,1
7,16,4,0,1,0,3,0,0,0,1,1,1,7,0,1,0,5,0,2,0
2,18,4,0,1,0,3,3,0,2,1,1,1,0,0,1,0,9,8,12,1
4,12,4,0,1,0,3,0,0,15,1,1,1,1,0,0,5,0,0,1,1
10,18,0,0,1,0,3,0,0,0,1,1,1,0,0,1,0,6,2,12,1
11,20,0,1,1,0,3,1,0,0,1,1,1,8,2,3,0,3,3,5,0
11,20,4,1,1,0,3,0,0,4,1,1,1,0,2,1,0,9,8,14,1
12,20,4,0,1,0,3,0,0,16,1,1,1,8,0,6,5,2,0,1,0
8,20,4,1,1,3,3,0,1,16,1,1,1,5,0,3,0,9,6,8,0
9,15,4,1,1,0,3,0,0,12,1,1,1,7,0,1,0,6,3,11,1
9,18,4,0,1,0,3,0,0,2,1,1,1,0,0,4,5,0,0,4,1
2,18,4,0,1,0,3,0,0,16,1,1,1,0,0,0,5,0,0,4,0
13,17,0,0,1,4,3,0,1,1,1,1,1,5,2,1,0,9,8,10,1
2,18,4,0,1,0,3,0,0,2,1,1,1,0,0,0,5,0,0,0,1
10,14,4,0,1,4,3,0,1,9,1,1,1,5,0,1,0,6,3,8,1
2,18,4,0,1,0,3,0,0,4,1,1,1,7,0,1,0,6,6,9,1
7,20,4,0,1,0,3,0,0,11,1,1,1,0,0,4,0,6,10,14,1
5,20,4,0,1,0,3,1,0,0,1,1,1,0,0,2,0,6,4,9,0
5,18,0,1,1,0,3,0,0,1,1,1,1,0,0,1,0,4,1,4,1
12,19,0,1,1,0,3,1,0,0,1,1,1,0,2,1,0,8,10,12,1
1,18,4,0,1,0,3,0,0,16,1,1,1,0,0,2,5,2,0,3,1
0,18,4,1,1,0,3,0,0,16,1,1,1,0,0,0,5,0,0,0,0
0,18,4,0,1,0,3,0,0,16,1,1,1,5,0,0,5,0,0,0,1
15,9,0,0,1,0,3,1,0,12,1,1,1,7,2,6,0,8,7,4,0
13,19,4,0,1,0,3,0,0,2,1,1,1,0,2,1,0,6,8,10,1
7,19,4,0,1,0,3,1,0,0,1,1,1,0,0,1,0,7,5,14,1
13,20,0,0,1,0,3,3,0,1,1,1,1,0,2,7,0,9,7,12,1
14,15,4,0,1,0,3,0,0,2,1,1,1,0,2,1,0,6,3,8,1
7,20,4,1,1,3,3,0,1,0,1,1,1,5,0,1,5,0,0,0,1
9,7,3,0,0,0,3,0,1,9,1,0,0,7,0,6,0,2,0,4,1
8,20,4,1,1,3,3,0,1,5,1,1,1,5,0,1,5,0,0,2,1
0,18,4,0,1,0,3,0,0,2,1,1,1,0,0,1,0,1,2,2,1
9,17,4,0,1,4,3,0,1,15,1,1,1,1,0,1,5,3,0,1,0
6,18,4,0,1,0,3,1,0,2,1,1,1,1,0,1,0,1,11,4,1
14,20,0,1,1,0,3,0,0,1,1,1,1,0,2,1,0,9,10,12,0
10,19,4,0,1,0,3,0,0,15,1,1,1,0,0,1,5,6,0,2,0
14,18,4,0,1,0,3,3,0,2,1,1,1,0,2,1,0,6,4,6,1
6,17,4,1,1,0,3,1,0,9,1,1,1,0,0,1,5,3,0,1,0
15,20,4,1,1,0,3,1,0,2,1,1,1,0,2,1,0,6,2,9,1
9,20,4,0,1,0,3,1,0,2,1,1,1,8,0,5,0,9,2,7,1
15,15,0,1,1,4,3,0,1,1,1,1,1,7,2,0,5,0,0,0,1
12,17,4,0,1,0,3,3,0,15,1,1,1,0,2,4,5,0,0,2,1
1,18,4,0,1,0,3,3,0,2,1,1,1,0,0,0,5,0,0,0,1
5,19,4,1,1,0,3,0,0,11,1,1,1,0,0,3,0,4,4,6,1
10,18,4,1,1,0,3,0,0,2,1,1,1,0,0,7,5,4,0,4,1
9,20,0,0,1,0,3,3,0,0,1,1,1,0,0,3,5,4,0,6,1
3,20,4,1,1,0,3,0,0,2,1,1,1,5,0,2,5,0,0,0,1
0,18,4,0,1,0,3,0,0,2,1,1,1,5,0,2,0,1,8,3,1
12,15,4,0,1,0,3,0,0,2,1,1,1,0,2,1,0,6,3,3,1
11,21,0,0,1,4,3,0,1,1,1,1,1,5,2,1,0,6,3,14,0
2,14,4,1,1,0,3,3,0,12,1,1,1,7,2,3,0,2,6,6,0
10,21,4,0,1,0,3,3,0,2,1,1,1,0,0,1,0,9,8,13,1
14,15,4,0,0,3,3,0,1,2,1,0,1,5,2,6,0,6,6,5,1
7,15,4,0,1,0,3,3,0,2,1,1,1,0,0,1,0,6,8,5,1
5,14,4,1,1,0,3,0,0,2,1,1,1,7,0,1,0,3,2,5,1
5,17,0,1,1,0,3,3,0,1,1,1,1,5,0,1,5,0,0,0,0
1,15,4,0,1,4,3,0,1,2,1,1,1,5,0,1,0,2,4,2,1
6,19,4,1,1,0,3,0,0,9,1,1,1,0,0,1,0,4,11,8,1
2,15,4,1,1,4,3,0,1,2,1,1,1,0,0,9,2,0,0,0,1
13,19,4,1,1,0,3,1,0,12,1,1,1,0,2,1,0,5,2,5,1
2,20,0,0,1,0,0,0,0,0,1,1,1,0,0,5,0,8,6,12,0
10,15,0,0,1,4,3,3,1,0,1,1,1,0,0,1,0,6,6,10,1
6,21,4,1,1,0,3,0,0,0,1,1,1,0,0,2,0,6,4,13,0
2,18,4,0,1,0,3,3,0,2,1,1,1,7,0,1,0,2,4,2,1
8,15,0,0,0,0,3,0,0,1,1,1,1,5,0,0,5,0,0,0,0
14,18,0,0,1,0,3,0,0,1,1,1,1,7,2,1,0,4,4,3,1
11,18,4,1,1,0,3,1,0,14,1,1,1,0,2,1,0,6,8,12,1
5,15,4,1,1,4,3,0,1,9,1,1,1,7,0,1,0,5,2,3,1
10,21,0,1,1,4,3,0,1,1,1,1,1,0,0,1,0,7,8,13,1
8,15,4,0,1,0,3,1,0,9,1,1,1,0,0,1,2,6,0,8,1
8,18,4,0,1,4,3,0,1,0,1,1,1,0,0,2,0,6,6,10,1
4,18,4,1,1,0,3,3,0,16,1,1,1,5,0,0,5,0,0,4,1
4,20,4,1,1,4,3,0,1,14,1,1,1,5,0,1,0,8,4,12,0
12,15,4,0,1,4,3,0,1,9,1,1,1,5,2,1,0,4,10,1,1
8,15,0,0,1,4,3,0,1,0,1,1,1,0,0,1,0,6,11,6,1
5,20,4,1,1,0,3,0,0,5,1,1,1,5,0,2,0,1,3,3,1
15,20,4,1,1,4,3,0,1,0,1,1,1,0,2,3,0,4,6,6,1
14,15,2,1,1,0,3,3,0,2,1,1,1,0,2,1,0,6,2,7,1
8,20,4,0,1,0,3,1,0,2,1,1,1,5,0,1,0,6,3,11,1
12,21,4,0,1,0,3,0,0,0,1,1,1,0,2,1,0,7,3,12,0
6,18,4,1,1,0,3,0,0,0,1,1,1,0,0,4,0,6,11,12,1
7,15,0,0,1,0,0,0,0,16,1,1,1,0,0,5,3,9,1,7,0
1,18,4,1,1,0,3,0,0,2,1,1,1,0,0,0,5,0,0,0,1
14,20,4,1,1,0,3,2,0,0,1,1,1,4,2,3,0,9,8,14,1
6,20,4,1,1,4,3,0,1,11,1,1,1,5,0,0,5,0,0,0,0
11,15,0,1,1,0,3,1,0,2,1,1,1,0,2,2,0,3,2,2,1
5,19,4,1,1,0,3,0,0,2,1,1,1,5,0,1,0,4,8,5,0
14,15,4,0,1,0,3,3,0,9,1,1,1,0,2,1,0,6,6,8,1
9,20,0,0,1,0,3,1,0,0,1,1,1,0,0,2,5,6,0,13,1
7,18,4,1,1,0,3,1,0,2,1,1,1,0,0,3,0,6,2,5,1
11,20,4,1,0,0,3,0,0,0,1,1,0,0,2,1,0,4,2,5,0
3,22,4,1,1,4,3,0,1,0,1,1,1,0,0,1,0,1,9,2,1
6,18,4,0,1,4,3,0,1,2,1,1,1,7,0,1,0,1,6,2,1
2,15,4,1,1,0,3,3,0,0,1,1,1,0,0,1,5,8,0,2,1
5,15,4,0,1,0,3,1,0,2,1,1,1,0,0,1,0,6,1,8,1
13,22,0,0,1,2,3,3,0,0,1,1,1,1,2,1,0,9,6,14,1
12,20,4,0,1,4,3,0,1,11,1,1,1,5,2,1,0,6,0,14,1
10,20,0,1,1,0,3,1,0,1,1,1,1,0,0,2,0,6,4,11,0
8,15,4,0,1,4,3,0,1,0,1,1,1,7,0,1,0,9,2,7,1
10,20,4,1,1,0,3,3,0,2,1,1,1,0,0,3,0,4,3,5,0
12,18,0,0,1,0,3,0,0,1,1,1,1,0,2,1,0,8,8,12,1
7,15,4,0,1,0,3,1,0,0,1,1,1,0,0,1,0,6,1,9,1
12,22,4,1,1,0,3,3,0,11,1,1,1,0,2,2,0,9,4,11,1
9,20,4,0,1,0,0,1,0,12,1,1,1,0,0,5,3,6,9,12,0
15,20,0,1,1,0,3,0,0,0,1,1,1,0,2,1,0,7,7,13,1
1,17,4,0,1,0,3,1,0,2,1,1,1,0,0,6,0,1,3,1,1
10,13,4,0,1,0,3,0,0,15,1,1,1,0,0,0,5,0,0,0,1
5,17,4,1,1,0,3,0,0,2,1,1,1,8,0,6,0,2,6,4,1
7,16,4,1,1,0,3,3,0,12,1,1,1,0,0,0,5,0,0,0,0
9,20,4,1,1,0,3,0,0,2,1,1,1,0,0,1,0,3,4,11,1
0,15,4,0,1,0,3,1,0,7,1,1,1,0,0,1,0,3,6,6,1
6,20,4,1,0,0,3,1,0,2,1,1,0,0,0,2,5,0,0,0,0
14,18,4,0,0,0,3,3,0,16,1,1,0,1,2,0,5,0,0,5,1
9,20,0,1,1,4,3,0,1,0,1,1,1,5,0,2,0,9,3,9,0
10,16,4,1,1,0,3,0,0,0,1,1,1,0,0,1,0,6,4,10,0
13,19,4,0,1,0,3,0,0,12,1,1,1,0,2,3,2,0,0,0,1
3,18,4,0,1,0,3,0,0,9,1,1,1,0,0,1,0,2,4,8,1
10,19,4,0,1,0,3,3,0,0,1,1,1,1,0,4,0,6,11,5,1
3,18,4,0,1,0,3,0,0,2,1,1,1,0,0,1,0,6,4,7,1
11,18,0,0,1,0,3,0,0,1,1,1,1,0,2,0,5,0,0,0,1
0,18,4,1,1,0,3,3,0,2,1,1,1,0,0,1,2,0,0,0,1
6,20,4,1,1,0,3,0,0,10,1,1,1,8,0,4,0,6,0,6,1
4,20,4,0,1,0,3,0,0,2,1,1,1,7,0,4,0,2,2,4,1
1,18,4,1,1,3,3,0,1,10,1,1,1,5,0,0,5,0,0,0,1
5,18,4,1,1,0,3,0,0,0,1,1,1,0,0,1,0,6,10,2,1
3,15,4,1,1,0,3,0,0,5,1,1,1,0,0,2,5,0,0,0,0
13,14,4,0,0,0,3,0,0,15,1,1,0,0,2,0,5,0,0,1,1
6,19,4,0,1,0,3,0,0,2,1,1,1,7,0,1,0,2,0,3,1
0,15,4,1,1,0,3,0,0,2,1,1,1,5,0,1,1,6,0,2,1
2,18,4,1,1,0,3,0,0,9,1,1,1,0,0,9,2,3,0,0,0
3,15,4,1,1,0,3,0,0,2,1,1,1,7,0,0,5,0,0,0,1
5,15,4,1,1,0,3,0,0,12,1,1,1,0,0,1,0,6,2,5,0
0,15,4,0,1,4,3,0,1,9,1,1,1,5,0,0,5,0,0,0,1
11,21,0,0,1,0,1,1,0,0,1,1,1,0,2,1,0,9,2,14,1
3,18,4,0,1,0,3,1,0,2,1,1,1,8,0,1,0,3,1,4,0
12,20,0,0,1,4,3,3,1,1,1,1,1,0,2,1,0,9,6,14,0
8,20,0,0,1,0,3,0,0,0,1,1,1,5,0,1,0,6,3,10,1
5,15,4,0,1,4,3,0,1,9,1,1,1,0,0,1,0,6,3,6,1
5,15,4,0,0,0,3,3,0,2,1,1,0,0,0,0,5,0,0,0,1
7,15,4,1,1,0,3,1,0,2,1,1,1,8,0,1,0,5,3,5,1
13,21,0,0,1,0,3,1,0,0,1,1,1,0,2,2,0,6,6,13,1
11,15,4,0,1,3,1,3,1,11,1,1,1,8,2,1,0,6,3,10,0
3,19,4,1,1,0,3,3,0,11,1,1,1,0,0,1,0,9,6,10,1
10,20,4,0,1,0,3,0,0,2,1,1,1,0,0,3,0,6,7,10,1
8,20,4,0,0,4,3,1,1,11,1,1,1,2,0,1,0,9,6,14,1
3,15,4,0,1,0,3,0,0,2,1,1,1,5,0,1,0,2,6,4,1
1,18,4,1,1,0,3,3,0,11,1,1,1,0,0,1,5,1,0,4,0
0,17,4,0,1,0,3,1,0,16,1,1,1,0,0,2,0,2,1,3,0
8,20,4,0,1,0,3,2,0,2,1,1,1,0,0,2,0,6,1,7,1
12,15,4,0,1,0,3,0,0,5,1,1,1,0,2,1,2,0,0,4,1
2,18,4,0,1,3,0,0,1,16,1,1,1,0,0,5,3,7,2,7,0
7,0,4,1,1,4,3,0,1,2,1,1,1,5,0,0,5,0,0,0,1
6,20,4,1,1,0,3,0,0,2,1,1,1,0,0,1,0,6,8,10,1
12,20,2,1,1,3,3,0,1,0,1,1,1,0,2,1,0,7,7,12,1
2,17,0,1,1,0,3,0,0,8,1,1,1,0,0,1,0,2,1,8,1
2,19,4,1,1,0,3,1,0,16,1,1,1,8,0,3,0,1,2,6,0
9,12,4,0,1,0,3,0,0,0,1,1,1,0,0,1,2,0,0,5,1
1,18,4,1,1,0,3,3,0,11,1,1,1,2,0,0,5,0,0,0,1
15,21,0,1,1,4,3,0,1,2,1,1,1,5,2,1,0,2,4,2,1
8,15,0,1,1,0,3,3,0,1,1,1,1,0,0,1,1,3,0,1,1
0,17,4,0,1,0,2,0,0,10,1,1,1,0,0,0,5,0,0,0,1
14,19,4,1,1,0,2,3,0,2,1,1,1,0,2,1,0,2,5,5,1
3,18,4,1,1,0,3,0,0,2,1,1,1,7,0,3,0,6,8,4,1
0,17,4,1,1,0,3,0,0,16,1,1,1,0,0,0,5,0,0,0,0
3,20,4,0,1,0,3,0,0,11,1,1,1,5,0,1,0,1,8,4,0
1,15,4,0,1,0,3,0,0,11,1,1,1,0,0,0,5,0,0,0,1
5,18,4,0,1,0,3,1,0,0,1,1,1,0,0,1,0,4,1,4,0
0,16,4,0,1,0,3,0,0,16,1,1,1,0,0,1,0,1,0,1,0
7,15,4,1,1,0,3,0,0,2,1,1,1,0,0,1,0,4,4,7,1
4,10,4,0,1,0,0,0,0,16,1,1,1,4,0,5,3,8,3,1,1
14,20,0,1,1,4,3,0,1,1,1,1,1,5,2,0,5,0,0,0,0
15,20,0,0,1,0,3,1,0,0,1,1,1,0,2,1,0,7,1,9,1
4,12,4,0,1,4,3,0,1,7,1,1,1,2,0,6,5,0,0,1,1
11,15,4,0,1,0,3,0,0,2,1,1,1,1,2,3,0,3,6,4,1
10,17,4,0,1,0,3,0,0,11,1,1,1,5,0,1,0,6,4,14,1
5,15,4,0,1,0,3,1,0,2,1,1,1,8,0,1,0,1,1,2,1
5,15,4,0,1,3,3,0,1,10,1,1,1,0,0,1,0,6,3,10,1
12,20,0,1,1,0,3,0,0,0,1,1,1,0,2,1,0,6,3,13,1
11,15,4,0,1,0,1,0,0,0,1,1,1,0,2,1,0,8,3,9,1
3,19,4,0,1,0,3,3,0,2,1,1,1,7,0,1,0,6,3,7,1
7,21,0,1,1,4,3,1,1,1,1,1,1,5,0,1,0,6,4,11,0
15,13,4,0,1,0,3,1,0,15,1,1,1,8,2,1,5,0,0,0,1
1,17,4,0,1,0,3,1,0,2,1,1,1,0,0,3,0,2,3,4,1
7,20,4,1,1,0,3,0,0,2,1,1,1,5,0,0,5,0,0,0,1
12,20,4,1,1,0,3,0,0,2,1,1,1,0,2,1,0,1,6,2,1
12,15,4,1,1,0,3,0,0,2,1,1,1,0,2,1,0,8,2,8,1
2,15,4,1,1,0,3,0,0,2,1,1,1,0,0,1,5,0,0,0,1
0,17,4,0,1,0,3,3,0,5,1,1,1,0,0,0,5,0,0,0,1
11,15,0,0,1,0,3,0,0,7,1,1,1,7,2,1,0,3,6,3,1
1,15,4,0,1,0,3,0,0,2,1,1,1,0,0,1,5,0,0,0,0
13,0,4,0,1,4,3,0,1,9,1,1,1,7,2,0,5,0,0,0,1
12,21,4,1,1,0,3,0,0,12,1,1,1,0,2,1,0,6,11,8,1
8,20,4,1,1,0,3,3,0,2,1,1,1,5,0,1,0,1,3,1,1
15,9,4,0,1,0,3,1,0,12,1,1,1,7,2,2,0,8,1,6,1
3,18,0,1,1,0,3,0,0,1,1,1,1,0,0,1,0,8,2,6,1
3,18,0,1,0,4,3,0,1,8,1,1,0,7,1,0,5,0,0,0,1
2,18,4,1,1,0,3,2,0,2,1,1,1,8,0,0,5,0,0,0,1
10,20,0,1,1,0,3,0,0,0,1,1,1,0,0,3,0,6,6,9,1
1,15,4,0,1,0,3,0,0,2,1,1,1,0,0,0,5,0,0,0,1
0,15,4,1,1,0,3,0,0,16,1,1,1,0,0,1,0,5,5,6,1
5,15,4,0,1,0,3,0,0,2,1,1,1,0,0,1,0,6,2,4,1
7,18,4,0,1,0,3,0,0,0,1,1,1,0,0,1,0,8,6,14,1
5,15,4,1,1,0,3,3,0,11,1,1,1,0,0,0,5,0,0,0,1
7,15,4,0,1,0,2,0,0,10,1,1,1,0,0,1,0,8,3,11,1
4,18,2,1,1,0,3,0,0,16,1,1,1,1,0,1,0,6,1,7,0
5,17,4,1,1,0,3,0,0,0,1,1,1,1,0,1,0,6,4,7,1
5,15,4,0,1,0,3,0,0,2,1,1,1,0,0,1,0,6,1,9,1
3,19,4,0,1,0,3,0,0,12,1,1,1,0,0,1,0,6,3,10,0
12,17,4,0,1,0,3,1,0,0,1,1,1,8,2,1,0,7,2,12,1
1,15,4,0,1,0,3,0,0,2,1,1,1,7,0,1,2,2,0,3,1
12,18,4,0,1,0,3,0,0,11,1,1,1,2,2,6,0,6,7,14,1
0,18,4,0,1,0,3,1,0,0,1,1,1,0,0,1,0,6,6,6,0
0,18,4,0,1,0,3,1,0,16,1,1,1,0,0,1,0,4,0,6,0
15,20,4,1,1,3,3,0,1,0,1,1,1,5,2,1,0,3,2,4,1
7,19,4,0,1,0,3,3,0,2,1,1,1,0,0,1,0,6,6,10,1
4,17,4,0,1,3,3,0,1,15,1,1,1,0,0,4,5,0,0,1,1
15,19,0,1,1,0,3,0,0,1,1,1,1,0,2,1,5,0,0,0,1
8,20,4,1,1,0,3,0,0,2,1,1,1,5,0,1,0,6,3,13,1
12,15,3,1,1,0,3,0,0,0,1,1,1,7,2,1,0,7,2,9,0
12,16,0,1,1,0,3,0,0,1,1,1,1,0,2,1,0,2,6,4,0
0,15,4,0,1,0,3,1,0,7,1,1,1,8,0,0,5,0,0,0,1
0,18,4,0,1,0,3,3,0,2,1,1,1,1,0,1,5,0,0,0,1
14,18,0,1,1,0,3,0,0,1,1,1,1,0,2,1,0,6,10,7,1
8,17,3,1,1,0,2,3,0,0,1,1,1,0,2,1,0,6,2,6,1
15,15,0,1,1,0,3,3,0,1,1,1,1,0,2,0,5,0,0,0,1
0,17,4,0,1,0,3,1,0,2,1,1,1,0,0,1,2,4,0,2,1
5,20,4,1,1,0,3,1,0,0,1,1,1,0,0,0,5,0,0,0,1
9,20,4,1,1,0,3,0,0,11,1,1,1,0,0,3,0,6,7,7,1
4,15,4,0,1,3,3,0,1,2,1,1,1,5,0,0,5,0,0,0,1
13,20,4,0,1,0,3,1,0,2,1,1,1,5,2,1,0,6,5,10,1
1,18,4,1,1,0,3,3,0,2,1,1,1,5,0,0,5,0,0,0,1
11,18,0,0,1,3,3,3,1,0,1,1,1,5,2,3,0,6,6,9,0
6,15,0,1,1,4,3,0,1,0,1,1,1,1,0,1,0,6,3,11,1
14,20,4,1,1,0,3,0,0,2,1,1,1,1,2,6,5,0,0,0,1
7,20,4,1,1,0,3,0,0,0,1,1,1,0,0,1,0,6,6,8,1
5,15,4,0,1,0,2,1,0,12,1,1,1,0,0,5,3,6,1,5,1
14,20,4,1,0,3,3,0,1,0,1,1,1,5,2,1,0,6,4,10,0
5,17,4,0,1,0,3,1,0,0,1,1,1,0,0,1,0,2,6,2,1
9,18,4,1,1,0,3,3,0,0,1,1,1,0,0,1,0,6,7,7,0
6,20,4,0,1,0,3,1,0,0,1,1,1,0,0,1,0,5,3,14,1
5,18,4,0,1,0,3,1,0,0,1,1,1,0,0,6,2,0,0,0,1
1,18,4,0,1,0,3,1,0,2,1,1,1,7,0,1,0,5,6,4,1
7,19,4,0,1,0,3,1,0,2,1,1,1,8,0,1,0,6,10,11,1
13,18,4,1,1,0,3,3,0,2,1,1,1,0,2,2,0,2,11,3,1
9,20,0,1,1,0,3,0,0,1,1,1,1,7,0,0,5,0,0,0,1
10,17,0,1,1,0,3,0,0,1,1,1,1,0,0,0,5,0,0,0,1
0,18,4,1,1,0,3,0,0,2,1,1,1,0,0,1,0,1,2,2,1
5,20,4,0,1,3,3,2,1,0,1,1,1,5,0,1,0,6,3,12,1
7,15,4,0,1,0,3,0,0,2,1,1,1,7,0,1,0,6,2,9,1
6,14,4,0,0,0,3,0,0,14,1,1,0,0,0,0,5,0,0,0,1
11,19,0,0,1,0,3,0,0,0,1,1,1,0,2,1,0,6,6,9,1
4,18,4,0,1,0,3,0,0,0,1,1,1,0,0,1,0,4,6,5,1
10,20,0,1,1,3,3,0,1,1,1,1,1,0,0,1,0,6,10,14,1
15,15,0,1,1,4,3,0,1,1,1,1,1,7,2,1,0,6,6,9,1
13,20,0,1,1,0,3,1,0,0,1,1,1,0,2,4,0,6,6,11,0
2,20,4,0,1,0,3,1,0,0,1,1,1,0,0,1,0,7,10,12,0
1,15,4,0,1,0,3,0,0,16,1,1,1,0,0,1,0,6,1,6,1
6,19,4,1,1,4,3,0,1,0,1,1,1,7,0,1,0,1,1,1,1
0,16,4,1,1,0,3,3,0,11,1,1,1,0,0,1,5,1,0,4,0
1,15,4,1,1,0,0,1,0,16,1,1,1,0,0,5,3,3,5,1,1
15,9,4,0,1,3,3,1,1,5,1,1,1,7,2,2,2,8,0,6,1
15,19,4,1,1,0,3,0,0,2,1,1,1,0,2,1,0,3,0,2,1
12,21,4,0,1,0,3,3,0,0,1,1,1,8,2,1,0,9,2,14,1
15,20,4,1,1,4,3,0,1,11,1,1,1,0,2,1,0,6,4,13,0
14,22,0,0,1,3,3,3,1,0,1,1,1,0,2,1,0,8,9,14,1
12,20,4,1,1,0,3,0,0,0,1,1,1,5,2,1,0,6,6,6,1
11,15,4,0,1,3,3,0,1,2,1,1,1,5,2,0,5,0,0,0,1
13,20,4,0,1,0,3,3,0,11,1,1,1,0,2,1,0,6,6,14,0
4,15,4,0,1,0,3,0,0,2,1,1,1,7,0,1,0,6,1,7,1
7,15,0,1,1,0,3,2,0,2,1,1,1,6,0,3,0,6,10,11,1
2,19,4,0,1,0,3,1,0,2,1,1,1,0,0,1,5,3,0,1,1
15,18,0,1,1,0,3,1,0,1,1,1,1,0,2,2,0,6,0,8,0
4,20,4,1,1,2,3,1,0,2,1,1,1,0,0,1,0,4,3,3,0
5,15,4,0,1,0,0,0,0,16,1,1,1,5,0,5,3,5,1,6,1
6,15,4,0,1,0,3,3,0,2,1,1,1,7,0,1,0,6,6,11,1
3,19,4,0,1,0,3,1,0,2,1,1,1,0,0,7,5,4,0,2,1
8,18,4,0,1,0,3,0,0,0,1,1,1,5,0,1,0,6,7,9,0
9,15,0,1,1,0,3,1,0,0,1,1,1,8,0,6,0,6,0,13,1
14,15,2,1,1,0,3,1,0,0,1,1,1,1,2,1,0,6,1,11,1
10,20,0,1,1,3,3,0,1,1,1,1,1,5,0,1,0,6,7,12,0
1,18,4,0,1,3,3,0,1,2,1,1,1,5,0,0,5,0,0,0,1
5,18,0,1,1,3,3,0,1,2,1,1,1,7,0,1,0,6,2,4,1
13,20,0,0,1,0,3,0,0,0,1,1,1,5,2,1,0,6,9,14,0
9,21,4,1,1,0,3,1,0,2,1,1,1,5,0,1,0,6,11,11,1
6,19,4,0,1,0,3,0,0,2,1,1,1,0,0,1,0,5,5,7,1
0,18,4,0,1,0,3,1,0,2,1,1,1,8,0,1,0,5,2,5,1
11,20,0,0,1,0,3,1,0,0,1,1,1,5,2,1,0,6,0,13,0
15,18,4,0,1,0,3,1,0,0,1,1,1,0,2,1,0,3,2,3,1
7,15,4,0,1,0,3,1,0,2,1,1,1,0,0,1,0,6,11,3,1
15,15,0,0,1,4,3,0,1,0,1,1,1,7,2,1,0,8,6,13,1
2,0,4,0,1,0,3,3,0,4,1,1,1,0,0,0,5,0,0,0,1
7,15,4,0,1,0,3,0,0,2,1,1,1,7,0,1,0,6,4,8,1
14,15,4,1,1,4,3,0,1,0,1,1,1,7,2,1,0,8,11,13,0
15,15,4,0,1,4,3,0,1,0,1,1,1,0,2,1,0,6,5,6,1
12,20,0,1,1,4,3,0,1,1,1,1,1,5,2,0,5,0,0,0,1
3,18,4,1,1,4,3,0,1,2,1,1,1,0,0,1,0,6,8,5,0
11,6,4,0,1,0,3,3,0,7,1,1,1,8,2,1,0,3,8,4,0
3,18,4,1,1,0,3,3,0,2,1,1,1,7,0,1,1,3,0,2,1
7,15,0,0,1,0,3,0,0,2,1,1,1,0,0,1,0,6,8,10,1
0,15,0,1,1,4,3,3,1,8,1,1,1,5,0,1,0,3,0,3,1
6,17,0,0,1,0,3,0,0,1,1,1,1,7,0,1,0,8,6,12,0
13,20,0,1,1,0,3,3,0,1,1,1,1,5,2,2,0,6,0,11,0
12,20,4,0,1,0,3,3,0,0,1,1,1,5,2,1,0,6,6,13,0
11,20,0,0,1,3,3,0,1,2,1,1,1,0,2,1,2,6,0,5,1
13,12,4,1,1,2,3,0,0,0,1,1,1,0,2,1,1,0,0,9,1
13,18,0,0,1,0,3,1,0,0,1,1,1,0,2,1,0,8,11,6,0
10,12,4,0,1,0,3,0,0,15,1,1,1,7,0,1,5,0,0,0,1
0,19,4,1,1,0,3,1,0,2,1,1,1,0,0,1,0,1,2,3,1
9,20,4,0,1,0,3,0,0,12,1,1,1,0,0,6,0,8,0,11,0
7,15,4,1,1,0,3,1,0,12,1,1,1,0,0,4,0,5,4,5,1
14,20,0,0,1,0,3,0,0,0,1,1,1,5,2,7,0,9,0,13,1
0,15,4,0,1,0,3,0,0,2,1,1,1,7,0,0,5,0,0,0,1
15,22,4,0,1,0,3,0,0,15,1,1,1,1,2,0,5,0,0,0,0
12,17,2,1,1,0,3,3,0,2,1,1,1,0,2,1,0,6,8,11,1
11,18,4,1,1,0,3,0,0,12,1,1,1,0,2,1,0,6,4,8,1
2,18,4,0,1,0,3,3,0,2,1,1,1,5,0,3,0,6,7,7,0
10,0,4,1,1,4,3,0,1,10,1,1,1,5,0,0,5,0,0,1,1
12,15,0,0,1,0,3,0,0,0,1,1,1,0,2,6,0,6,6,12,0
6,19,4,0,1,0,3,3,0,2,1,1,1,7,0,1,0,4,11,3,1
0,15,4,1,1,0,3,0,0,2,1,1,1,0,0,0,5,0,0,0,1
15,19,4,1,1,0,3,0,0,2,1,1,1,0,2,1,0,2,4,5,0
2,18,4,1,1,3,3,2,1,5,1,1,1,0,0,1,0,3,9,6,0
6,18,4,0,1,0,1,1,0,9,1,1,1,0,0,1,2,6,0,4,1
0,18,4,0,1,0,3,3,0,2,1,1,1,0,0,2,0,1,1,1,1
8,18,4,0,0,0,3,3,0,2,1,1,0,0,0,1,0,6,3,8,1
0,18,4,1,1,0,3,0,0,16,1,1,1,7,0,1,0,2,1,2,1
11,21,4,1,1,0,3,0,0,0,1,1,1,5,2,1,0,6,4,12,1
12,20,4,1,1,3,3,0,1,2,1,1,1,0,2,1,0,8,8,5,1
8,21,4,0,1,0,3,1,0,2,1,1,1,0,0,3,0,6,8,13,0
7,4,0,0,0,4,3,3,1,11,1,0,0,7,0,0,5,0,0,0,1
12,18,0,1,1,0,3,0,0,0,1,1,1,0,2,1,0,4,4,5,1
1,18,4,0,1,0,3,1,0,9,1,1,1,0,0,1,5,4,0,4,1
7,15,0,1,1,0,3,0,0,2,1,1,1,5,0,1,0,6,6,6,1
10,14,4,0,1,0,3,0,0,2,1,1,1,7,0,1,0,5,11,3,1
5,18,4,1,1,0,3,0,0,0,1,1,1,0,0,2,0,1,3,2,0
5,20,4,0,1,3,3,0,1,11,1,1,1,5,0,1,0,6,10,9,0
4,10,4,0,1,2,3,0,0,2,1,1,1,8,0,1,0,6,3,8,0
2,18,4,1,1,0,3,0,0,2,1,1,1,5,0,0,5,0,0,0,1
9,18,4,0,1,0,3,0,0,2,1,1,1,7,0,3,0,1,6,4,1
7,10,4,0,1,4,3,0,1,5,1,1,1,7,0,0,5,0,0,0,1
5,0,4,1,1,2,3,3,0,2,1,1,1,0,0,1,0,4,3,6,1
1,21,4,0,1,0,3,1,0,2,1,1,1,5,0,2,0,2,1,3,1
11,20,0,1,1,0,3,0,0,0,1,1,1,0,2,1,0,6,3,13,1
0,15,4,1,1,0,3,0,0,0,1,1,1,7,0,1,5,1,0,1,1
1,15,4,1,1,0,3,0,0,9,1,1,1,2,0,0,5,0,0,0,1
7,15,0,1,1,0,3,0,0,1,1,1,1,7,0,2,0,6,4,9,1
1,15,4,0,1,0,3,3,0,2,1,1,1,0,0,1,2,0,0,0,1
2,18,4,0,1,0,3,3,0,2,1,1,1,0,0,1,5,2,0,1,1
6,20,0,1,1,0,3,0,0,2,1,1,1,7,0,1,0,8,5,11,1
9,21,4,1,1,4,3,0,1,0,1,1,1,5,0,1,0,6,6,6,1
13,18,0,1,1,3,3,0,1,0,1,1,1,5,2,0,5,0,0,0,1
0,18,4,1,1,0,3,1,0,16,1,1,1,0,0,1,0,2,0,3,1
4,20,4,1,1,0,3,0,0,3,1,1,1,1,0,1,0,6,2,13,1
5,18,4,1,1,0,3,1,0,0,1,1,1,0,0,5,5,0,0,2,1
0,17,4,0,1,0,3,3,0,11,1,1,1,0,0,1,0,3,2,3,0
14,7,0,1,0,0,1,0,0,1,1,0,1,4,2,3,2,0,0,4,1
7,21,0,0,1,0,3,1,0,1,1,1,1,0,0,1,0,6,3,14,1
13,15,0,1,1,4,3,0,1,0,1,1,1,6,2,2,0,6,10,11,1
0,19,4,1,1,0,3,0,0,2,1,1,1,0,0,1,0,1,4,1,1
12,20,2,0,1,3,3,0,1,0,1,1,1,5,2,1,0,7,6,12,1
13,19,4,0,1,0,1,1,0,0,1,1,1,0,2,5,0,9,3,11,1
14,19,4,1,1,0,3,3,0,11,1,1,1,0,2,1,0,6,3,7,1
6,15,4,1,1,0,3,0,0,14,1,1,1,0,0,1,0,4,4,6,1
6,18,4,1,1,0,3,1,0,2,1,1,1,0,0,2,0,2,2,12,1
9,15,4,1,0,4,3,0,1,6,1,1,0,6,0,3,0,4,8,3,1
11,22,4,1,1,0,3,1,0,0,1,1,1,0,2,1,0,6,2,11,0
6,20,4,0,1,3,3,0,1,2,1,1,1,5,0,1,0,6,8,9,1
5,12,4,0,0,0,3,0,0,15,1,1,1,0,0,1,5,0,0,0,1
11,21,4,1,1,0,3,3,0,11,1,1,1,5,2,1,0,1,2,4,0
9,19,0,1,1,0,3,1,0,0,1,1,1,8,0,3,5,1,0,3,1
1,18,4,1,1,0,3,0,0,2,1,1,1,7,0,1,0,5,4,6,1
7,22,4,0,1,4,3,0,1,0,1,1,1,0,0,1,0,7,0,8,1
1,18,4,0,1,4,3,0,1,11,1,1,1,5,0,1,0,6,4,12,0
8,18,4,1,1,0,3,0,0,2,1,1,1,1,0,3,0,6,1,3,1
6,18,4,1,1,0,3,3,0,2,1,1,1,0,0,1,0,6,0,9,1
9,22,0,1,1,0,3,1,0,1,1,1,1,8,0,1,0,4,9,13,1
0,15,4,0,1,4,3,0,1,5,1,1,1,7,0,0,5,0,0,0,1
15,19,0,1,1,3,3,3,1,1,1,1,1,5,2,1,0,6,2,13,1
9,15,4,0,1,0,3,1,0,0,1,1,1,0,0,1,0,8,6,11,0
13,17,4,0,1,4,3,0,1,2,1,1,1,5,2,1,0,6,4,11,1
10,21,0,0,1,0,3,0,0,0,1,1,1,0,0,1,0,6,11,14,0
3,18,0,1,1,1,3,0,1,1,1,1,1,1,0,6,0,5,10,6,1
3,18,4,0,1,0,3,0,0,2,1,1,1,0,0,1,0,6,3,6,1
6,15,4,1,1,4,3,0,1,11,1,1,1,7,0,1,5,5,0,5,1
0,15,4,1,1,0,3,1,0,16,1,1,1,8,0,1,0,5,0,6,1
9,21,4,0,1,0,3,0,0,2,1,1,1,5,0,1,0,6,4,14,0
5,17,4,0,1,0,3,0,0,2,1,1,1,7,0,1,0,4,10,1,1
5,15,4,1,1,0,3,3,0,2,1,1,1,7,0,1,0,5,11,4,1
5,19,4,0,1,0,3,1,0,2,1,1,1,0,0,1,0,6,11,3,1
13,17,4,0,0,0,3,1,0,2,1,1,0,0,2,1,0,6,3,8,1
11,21,4,0,1,0,3,0,0,5,1,1,1,0,2,1,0,8,5,10,1
2,18,4,1,1,0,3,1,0,16,1,1,1,0,0,1,5,2,0,3,1
1,13,4,0,1,0,3,0,0,15,1,1,1,7,0,0,5,0,0,0,0
13,20,4,1,1,0,3,0,0,12,1,1,1,7,2,1,0,6,6,10,0
10,1,4,0,1,4,3,0,1,15,1,1,1,7,0,7,5,6,0,4,0
12,15,0,1,1,0,3,0,0,0,1,1,1,7,2,6,2,1,0,2,1
8,15,4,0,1,0,3,3,0,2,1,1,1,0,0,1,0,6,6,3,1
7,19,4,1,1,0,3,3,0,11,1,1,1,0,0,1,0,6,4,10,0
0,15,4,0,1,0,3,0,0,2,1,1,1,7,0,0,5,0,0,1,1
7,20,4,1,1,0,3,0,0,0,1,1,1,7,0,3,0,6,8,12,1
13,21,0,1,1,4,3,0,1,0,1,1,1,5,2,1,0,6,3,14,1
12,17,4,0,1,0,3,1,0,0,1,1,1,0,2,1,0,4,6,2,1
5,20,4,1,1,0,3,3,0,2,1,1,1,0,0,2,0,2,3,4,0
9,15,0,0,0,0,3,1,0,5,0,1,0,0,0,1,0,6,6,9,1
12,17,2,1,1,0,3,0,0,0,1,1,1,0,2,4,0,6,11,12,1
3,18,4,1,1,0,3,1,0,2,1,1,1,0,0,1,0,3,2,2,0
13,15,4,0,0,0,3,1,0,0,1,1,0,0,2,0,5,0,0,0,1
2,15,4,1,1,4,3,0,1,16,1,1,1,5,0,1,5,0,0,0,0
12,19,4,0,1,0,3,0,0,0,1,1,1,0,2,3,0,6,2,11,1
11,19,4,1,1,0,3,1,0,0,1,1,1,0,2,2,0,3,2,10,0
10,14,4,1,1,0,3,3,0,12,1,1,1,7,0,0,5,0,0,4,1
1,18,4,0,1,3,3,0,1,2,1,1,1,0,0,1,5,0,0,0,1
12,16,4,0,0,4,3,3,1,0,1,0,1,5,2,0,5,0,0,1,1
7,18,4,0,1,0,3,3,0,11,1,1,1,7,0,1,0,6,4,10,0
14,9,4,0,1,0,3,1,0,12,1,1,1,7,2,2,0,8,8,6,1
12,14,0,0,1,0,3,0,0,0,1,1,1,7,2,1,0,8,10,12,1
8,20,4,0,1,0,2,0,0,2,1,1,1,0,0,1,0,6,4,6,1
8,15,4,1,1,0,3,0,0,2,1,1,1,0,0,1,0,6,8,5,1
7,15,0,0,1,0,3,0,0,1,1,1,1,7,0,0,5,0,0,0,1
2,19,4,1,1,0,3,0,0,11,1,1,1,0,0,0,5,0,0,0,0
14,14,4,0,1,0,3,1,0,2,1,1,1,8,2,8,5,0,0,0,1
4,18,4,1,1,0,3,1,0,2,1,1,1,1,0,1,2,1,0,2,1
14,17,2,0,1,0,2,0,0,0,1,1,1,0,2,1,0,6,6,9,0
2,15,4,0,1,0,3,3,0,5,1,1,1,7,0,1,0,6,10,4,1
8,20,4,1,1,0,3,0,0,11,1,1,1,0,0,1,0,8,3,13,1
6,20,4,0,1,0,3,0,0,0,1,1,1,0,0,7,0,9,0,9,1
8,20,0,0,1,0,3,1,0,0,1,1,1,0,0,1,0,7,6,13,1
7,17,4,0,1,0,3,0,0,2,1,1,1,0,0,1,2,0,0,0,0
6,18,0,1,1,0,3,3,0,1,1,1,1,0,0,9,2,0,0,0,1
14,15,4,0,1,0,3,0,0,9,1,1,1,7,2,6,0,6,8,8,1
7,20,4,1,1,0,3,3,0,12,1,1,1,0,0,0,5,0,0,0,1
7,15,4,0,1,0,3,0,0,2,1,1,1,1,0,1,0,5,1,4,1
4,18,4,0,1,0,3,3,0,16,1,1,1,5,0,1,0,1,2,3,0
12,14,4,0,1,0,3,0,0,12,1,1,1,0,2,1,1,8,0,12,1
0,18,4,1,1,0,3,3,0,2,1,1,1,0,0,0,5,0,0,0,1
10,0,4,0,1,4,3,0,1,5,1,1,1,5,0,1,0,6,4,9,1
3,20,4,0,1,0,3,3,0,2,1,1,1,0,0,1,0,8,8,8,1
4,15,4,0,1,0,3,3,0,9,1,1,1,5,0,1,0,9,8,14,1
1,18,4,0,1,0,3,3,0,2,1,1,1,7,0,0,5,0,0,0,1
11,18,4,0,1,0,3,1,0,2,1,1,1,8,2,2,0,1,11,3,1
13,15,4,0,1,0,3,0,0,2,1,1,1,0,2,1,0,5,2,6,1
14,20,4,0,0,0,3,0,0,0,1,1,0,0,2,5,0,9,5,13,1
6,20,4,0,1,0,3,1,0,11,1,1,1,0,0,1,0,6,8,13,1
8,20,4,1,1,0,3,1,0,0,1,1,1,8,0,1,0,4,1,2,1
4,18,4,0,0,0,3,0,0,2,1,0,0,0,0,6,0,9,7,9,1
0,18,4,0,1,0,3,0,0,16,1,1,1,0,0,1,5,2,0,2,1
15,18,4,1,1,0,3,0,0,12,1,1,1,7,2,1,0,9,8,11,1
4,20,4,0,1,0,3,0,0,2,1,1,1,0,0,1,0,3,6,6,1
8,20,4,0,1,0,3,1,0,2,1,1,1,5,0,3,0,6,3,10,1
13,18,4,1,1,0,3,0,0,12,1,1,1,0,2,1,0,7,6,10,1
5,7,4,1,0,2,2,0,1,12,1,1,0,0,2,5,0,2,4,6,1
6,4,4,0,0,0,1,0,0,2,0,0,0,0,0,8,4,6,2,11,1
2,15,4,1,1,0,3,1,0,2,1,1,1,0,0,1,2,8,0,2,1
1,18,4,1,1,0,3,3,0,16,1,1,1,5,0,2,0,1,2,3,0
1,18,4,1,1,0,3,0,0,2,1,1,1,0,0,2,0,6,4,12,1
6,15,4,0,1,0,3,1,0,11,1,1,1,7,0,1,0,6,3,12,1
9,18,4,0,1,0,3,1,0,2,1,1,1,0,0,4,0,4,4,5,1
2,17,4,1,1,0,3,1,0,0,1,1,1,0,0,4,0,7,5,7,1
3,18,4,1,1,0,3,0,0,2,1,1,1,0,0,1,0,5,2,8,1
13,19,2,1,1,0,3,1,0,7,1,1,1,0,2,1,0,5,1,5,1
9,17,4,0,1,0,3,1,0,0,1,1,1,0,0,1,0,9,6,14,1
9,18,4,1,1,0,3,0,0,0,1,1,1,0,0,1,0,6,1,9,1
10,15,0,1,1,4,3,0,1,8,1,1,1,7,0,1,0,6,3,8,1
9,7,4,0,1,0,1,0,0,11,1,1,1,7,0,3,0,2,3,4,1
11,15,0,0,1,0,3,1,0,0,1,1,1,8,2,1,0,6,1,11,1
8,20,4,0,1,0,3,1,0,2,1,1,1,0,0,1,0,9,11,13,1
0,15,4,0,0,0,3,1,0,2,1,1,0,0,0,0,5,0,0,0,1
1,18,4,0,1,0,3,0,0,2,1,1,1,1,0,1,0,3,5,7,1
0,15,4,1,1,0,3,1,0,16,1,1,1,0,0,1,5,1,0,3,0
12,22,0,0,1,0,3,0,0,0,1,1,1,0,2,1,0,9,6,14,1
5,17,4,0,1,0,3,3,0,2,1,1,1,0,0,1,0,6,2,11,1
10,20,0,1,1,3,1,2,1,1,1,1,1,0,0,5,3,6,3,10,1
10,18,4,1,1,0,3,1,0,0,1,1,1,0,0,1,2,6,0,9,1
5,12,4,0,1,4,3,3,1,12,1,1,1,0,0,1,0,6,2,13,1
6,20,4,1,1,0,3,1,0,2,1,1,1,8,0,1,0,6,5,9,1
0,15,4,1,1,0,3,0,0,5,1,1,1,0,0,0,5,0,0,0,1
4,15,4,0,1,0,3,0,0,11,1,1,1,0,0,1,0,6,3,12,1
6,15,4,1,1,0,3,1,0,0,1,1,1,0,0,1,0,6,3,10,1
15,20,0,1,1,0,3,0,0,1,1,1,1,0,2,4,0,6,1,12,1
0,15,4,0,1,0,3,3,0,2,1,1,1,5,0,1,2,2,0,4,1
6,13,0,1,1,0,3,0,0,1,1,1,1,7,0,1,0,6,10,7,1
15,21,0,1,1,3,3,0,1,0,1,1,1,5,2,1,0,6,8,13,1
2,17,4,0,1,0,3,0,0,2,1,1,1,5,0,1,5,4,0,3,1
8,11,3,1,1,0,3,0,0,7,1,1,1,0,0,6,0,3,8,6,1
11,23,0,1,1,4,3,0,1,1,1,1,1,5,2,1,0,8,6,11,1
7,19,0,1,1,0,3,0,0,8,1,1,1,7,0,3,5,0,0,0,1
12,21,0,1,1,0,3,3,0,1,1,1,1,0,2,1,0,4,3,13,1
8,15,4,0,1,0,3,1,0,2,1,1,1,0,0,1,0,7,0,8,1
3,17,4,0,1,0,3,0,0,2,1,1,1,0,0,1,0,7,8,5,1
1,15,4,1,1,4,3,0,1,2,1,1,1,5,0,1,5,1,0,4,1
5,15,4,1,1,1,3,0,1,9,1,1,1,0,0,2,0,5,1,6,1
8,15,0,1,1,4,3,0,1,1,1,1,1,7,0,1,0,6,4,7,0
8,15,0,1,1,0,3,0,0,0,1,1,1,7,0,3,0,3,5,6,0
15,20,4,0,1,4,3,3,1,0,1,1,1,0,2,1,0,5,5,13,0
8,18,4,0,1,0,3,0,0,2,1,1,1,7,0,1,0,7,2,12,1
6,20,4,1,0,0,2,0,0,3,1,1,1,0,0,1,0,6,4,13,1
5,14,4,0,1,0,3,0,0,2,1,1,1,7,0,1,0,6,5,7,1
9,18,4,1,0,0,3,1,0,2,0,0,1,0,0,7,0,6,5,5,0
11,15,0,1,1,0,3,3,0,1,1,1,1,0,2,1,2,4,0,2,1
13,18,4,1,1,0,3,2,0,5,1,1,1,0,2,6,0,3,9,6,1
6,18,0,1,1,0,3,0,0,0,1,1,1,7,0,2,0,1,1,1,1
0,15,4,1,1,4,3,3,1,16,1,1,1,0,0,1,5,1,0,2,0
8,18,4,1,1,0,3,0,0,2,1,1,1,7,0,1,0,6,7,7,1
6,20,4,1,1,0,3,1,0,4,1,1,1,0,0,1,0,4,6,7,1
15,18,4,1,1,0,3,0,0,2,1,1,1,5,2,1,0,6,5,9,1
14,12,2,0,1,4,3,0,1,0,1,1,1,7,2,1,0,6,11,7,1
14,18,4,1,1,4,3,0,1,12,1,1,1,0,2,0,5,0,0,0,1
1,18,4,0,1,4,3,0,1,16,1,1,1,5,0,1,5,1,0,3,0
4,20,4,1,1,4,3,0,1,2,1,1,1,5,0,1,0,6,5,6,1
14,19,4,1,1,0,3,0,0,12,1,1,1,7,2,1,0,6,11,11,1
5,15,4,1,1,0,3,1,0,2,1,1,1,8,0,1,0,5,4,6,1
3,21,4,1,1,4,3,0,1,9,1,1,1,5,0,1,0,6,5,9,1
5,20,4,1,1,0,3,0,0,2,1,1,1,5,0,1,0,1,4,3,1
0,15,4,0,1,0,3,0,0,2,1,1,1,0,0,1,5,0,0,4,1
4,20,4,0,1,4,3,0,1,0,1,1,1,5,0,1,5,0,0,0,0
2,18,4,1,1,4,3,0,1,11,1,1,1,7,0,1,0,4,4,4,1
12,18,4,0,1,0,3,3,0,2,1,1,1,7,2,1,0,6,6,9,1
10,15,4,0,1,0,3,0,0,4,1,1,1,0,0,1,0,6,8,11,1
10,22,4,0,1,0,3,1,0,15,1,1,1,0,0,1,5,9,0,8,1
11,15,0,1,1,0,3,0,0,1,1,1,1,0,2,1,5,0,0,0,1
6,18,4,1,1,0,3,0,0,5,1,1,1,0,0,1,0,3,3,6,1
10,20,0,0,1,4,3,1,1,0,1,1,1,5,0,1,0,6,8,13,0
5,17,4,1,0,0,3,0,0,2,1,1,0,5,0,0,5,0,0,4,1
10,20,4,1,1,0,3,0,0,0,1,1,1,1,0,1,0,8,8,11,0
14,15,4,1,1,0,2,0,0,3,1,1,1,1,2,5,2,2,1,5,1
6,18,4,1,1,0,3,0,0,2,1,1,1,1,0,1,0,6,1,6,1
12,18,0,1,1,0,3,3,0,1,1,1,1,7,2,1,5,0,0,0,0
13,19,0,1,1,0,3,3,0,1,1,1,1,0,2,1,0,3,6,14,1
10,16,4,0,1,0,3,0,0,0,1,1,1,7,0,1,3,6,0,1,0
13,20,2,1,0,0,3,1,0,0,1,1,1,0,2,1,0,6,6,10,1
1,18,4,0,1,0,3,0,0,15,1,1,1,0,0,0,5,0,0,0,0
14,18,0,0,1,0,1,0,0,0,1,1,1,0,2,5,0,6,8,11,1
9,20,4,1,1,4,3,0,1,11,1,1,1,5,0,1,5,0,0,0,0
1,15,4,1,1,0,3,0,0,16,1,1,1,0,0,1,1,2,0,2,1
11,15,4,0,1,4,3,0,1,2,1,1,1,0,2,1,0,6,3,9,1
4,20,4,0,1,0,3,0,0,0,1,1,1,5,0,1,0,9,6,13,0
12,20,4,0,1,0,3,0,0,0,1,1,1,5,2,2,0,8,6,14,0
11,15,0,1,1,3,3,3,1,1,1,1,1,0,2,0,5,0,0,4,1
15,7,4,0,0,0,3,0,0,11,1,0,0,7,2,6,2,0,0,2,1
12,18,4,0,1,0,3,0,0,0,1,1,1,0,2,1,0,7,5,14,1
10,19,4,0,1,0,3,0,0,12,1,1,1,0,0,2,0,3,4,5,1
2,15,4,1,1,3,3,0,1,9,1,1,1,5,0,1,0,6,3,4,1
10,16,4,0,1,0,3,0,0,10,1,1,1,0,0,1,0,6,10,10,1
3,20,0,1,1,0,3,0,0,1,1,1,1,0,0,1,0,6,2,3,0
6,17,4,1,1,0,3,3,0,2,1,1,1,7,0,1,0,4,4,8,1
11,18,0,1,1,0,3,1,0,0,1,1,1,0,2,7,0,4,2,8,1
7,20,4,1,1,0,3,1,0,0,1,1,1,0,0,3,0,6,10,12,1
0,15,4,0,1,0,3,0,0,5,1,1,1,0,0,1,0,6,10,6,1
5,15,4,0,1,0,3,0,0,2,1,1,1,7,0,1,0,5,11,6,1
1,18,4,1,1,0,3,1,0,2,1,1,1,7,0,1,2,2,0,5,1
1,18,4,0,1,0,3,0,0,2,1,1,1,7,0,1,0,6,5,12,1
12,19,4,1,1,3,3,0,1,2,1,1,1,5,2,1,0,6,4,10,1
13,21,0,1,1,4,3,0,1,1,1,1,1,0,2,2,0,6,0,7,0
14,23,4,0,1,0,3,1,0,0,1,1,1,5,2,1,0,6,8,14,0
10,16,4,0,1,4,3,0,1,15,1,1,1,7,0,0,5,0,0,0,0
6,19,4,1,1,0,3,0,0,2,1,1,1,0,0,1,5,1,0,1,1
10,15,4,0,1,0,3,0,0,0,1,1,1,7,0,4,0,6,4,8,1
14,18,4,0,1,0,3,3,0,12,1,1,1,0,2,1,0,8,4,10,0
3,20,4,0,1,0,3,3,0,2,1,1,1,0,0,1,2,6,0,5,0
6,15,0,0,1,0,3,0,0,2,1,1,1,0,0,1,0,6,6,12,1
7,20,0,1,1,0,3,0,0,0,1,1,1,0,0,4,0,6,10,12,1
8,15,0,1,1,0,3,0,0,8,1,1,1,7,0,1,0,2,1,3,1
9,15,0,0,1,0,3,0,0,16,1,1,1,7,0,6,0,2,4,7,1
7,18,4,0,1,0,3,1,0,0,1,1,1,0,0,1,0,6,10,10,0
5,15,4,1,1,0,3,0,0,2,1,1,1,0,0,1,0,6,8,6,1
5,19,4,0,1,0,3,1,0,2,1,1,1,5,0,6,0,2,0,3,1
10,13,4,0,0,0,3,0,0,15,1,1,0,1,0,0,5,0,0,4,0
4,18,4,1,1,0,1,1,0,9,1,1,1,0,0,1,0,9,6,10,1
12,20,4,0,1,0,3,3,0,14,1,1,1,0,2,1,0,6,2,10,1
4,15,4,0,1,0,3,0,0,2,1,1,1,0,0,1,0,4,6,8,1
7,20,4,0,1,0,3,0,0,2,1,1,1,0,0,0,5,0,0,0,1
4,20,4,1,1,0,3,3,0,2,1,1,1,0,0,2,2,2,0,2,1
2,18,4,0,1,3,3,0,1,2,1,1,1,0,0,0,5,0,0,4,1
0,17,4,1,1,0,3,1,0,2,1,1,1,0,0,1,5,2,0,3,1
7,15,4,1,1,0,3,2,0,5,1,1,1,0,0,1,2,6,0,6,1
12,20,0,0,1,0,3,3,0,2,1,1,1,0,2,1,0,9,6,12,1
10,20,4,0,1,0,3,3,0,11,1,1,1,5,0,1,0,6,6,14,1
13,20,4,1,1,0,3,3,0,0,1,1,1,0,2,1,0,4,2,5,1
2,18,4,0,1,0,3,1,0,0,1,1,1,0,0,1,0,6,2,7,0
5,17,4,0,1,0,3,0,0,2,1,1,1,0,0,1,2,0,0,0,1
15,13,4,0,1,0,3,0,0,15,1,1,1,0,2,1,5,6,0,6,1
9,20,4,1,1,0,3,0,0,2,1,1,1,1,0,1,0,6,4,6,1
2,18,4,1,1,0,3,1,0,12,1,1,1,0,0,1,0,6,2,14,1
5,20,4,0,1,0,3,3,0,14,1,1,1,0,0,6,0,8,8,10,1
5,20,4,1,0,0,3,0,0,2,1,1,1,0,0,1,0,8,6,10,1
6,21,4,0,1,0,3,0,0,2,1,1,1,5,0,1,0,6,4,9,1
15,20,0,1,1,4,3,0,1,1,1,1,1,5,2,0,5,0,0,0,0
0,17,4,0,1,0,3,1,0,16,1,1,1,0,0,1,5,1,0,1,0
1,17,4,1,1,0,3,0,0,2,1,1,1,7,0,0,5,0,0,0,1
3,17,4,1,1,0,3,3,0,2,1,1,1,0,0,0,5,0,0,0,1
7,20,4,1,1,0,3,3,0,2,1,1,1,5,0,1,0,6,10,13,1
1,13,4,0,0,0,3,0,0,2,0,1,0,6,0,0,5,0,0,0,0
5,15,4,1,1,0,3,1,0,12,1,1,1,0,0,1,2,6,0,6,1
7,17,4,1,1,4,3,0,1,0,1,1,1,5,0,1,0,6,6,8,0
1,18,4,1,1,0,3,0,0,16,1,1,1,0,0,1,0,6,1,6,1
3,15,4,1,1,0,3,0,0,2,1,1,1,7,0,0,5,0,0,0,1
14,20,4,1,1,0,3,0,0,0,1,1,1,5,2,1,0,8,3,13,1
0,18,4,1,1,0,3,0,0,16,1,1,1,0,0,1,5,2,0,3,1
7,20,4,0,1,0,3,1,0,0,1,1,1,8,0,5,5,6,0,3,0
12,13,4,0,0,0,3,0,0,15,1,0,1,0,2,1,5,6,0,2,1
10,20,4,0,1,0,3,0,0,7,1,1,1,0,0,1,0,5,4,5,1
9,18,4,0,1,0,3,1,0,2,1,1,1,7,0,1,0,5,11,7,1
2,18,4,1,1,0,3,0,0,4,1,1,1,0,0,9,2,0,0,0,1
12,17,2,1,1,0,3,1,0,0,1,1,1,0,2,4,0,6,4,11,1
10,15,3,0,1,3,3,0,1,0,1,1,1,0,0,1,0,6,4,8,1
11,20,4,0,1,0,3,3,0,12,1,1,1,0,2,1,0,6,4,12,0
12,19,0,0,1,0,3,1,0,0,1,1,1,0,2,3,0,8,3,11,1
3,15,4,0,1,3,3,0,1,2,1,1,1,5,0,1,0,6,6,6,1
6,15,4,1,1,4,3,0,1,12,1,1,1,7,0,1,0,4,6,5,1
10,16,4,0,1,4,3,0,1,2,1,1,1,7,0,1,0,6,6,5,1
4,20,4,0,1,0,3,0,0,2,1,1,1,5,0,3,0,1,3,3,1
6,20,0,1,1,0,1,0,0,0,1,1,1,0,0,5,0,9,3,2,1
6,18,4,0,1,0,3,1,0,10,1,1,1,0,0,0,5,0,0,3,1
9,20,4,1,1,0,3,3,0,2,1,1,1,0,0,1,0,6,5,6,1
4,20,4,1,1,0,3,0,0,2,1,1,1,5,0,1,0,6,8,11,1
12,13,0,1,1,0,3,0,0,0,1,1,1,0,2,1,0,6,2,13,1
4,19,4,1,1,0,3,0,0,9,1,1,1,0,0,1,0,6,2,7,1
12,20,0,0,1,0,3,0,0,1,1,1,1,0,2,1,0,8,11,14,1
11,20,4,0,1,0,3,0,0,11,1,1,1,0,2,6,0,6,0,11,0
1,15,4,0,1,0,3,0,0,2,1,1,1,0,0,2,0,1,3,4,1
7,18,4,1,1,0,3,0,0,2,1,1,1,0,0,1,0,4,2,3,1
15,15,0,1,1,4,3,0,1,0,1,1,1,7,2,1,0,6,2,7,1
5,15,4,0,1,0,0,0,0,16,1,1,1,0,0,5,3,9,2,7,0
12,20,0,1,1,0,3,0,0,1,1,1,1,0,2,7,1,9,0,13,0
7,18,4,1,1,0,3,0,0,12,1,1,1,0,0,1,0,7,3,12,1
9,18,4,1,1,0,3,1,0,0,1,1,1,0,0,3,0,3,2,6,1
5,20,4,1,1,0,3,1,0,0,1,1,1,0,0,1,0,3,4,3,1
11,20,4,1,0,0,3,1,0,0,1,1,0,0,2,0,5,0,0,0,0
0,13,4,0,1,0,3,0,0,2,1,1,1,0,0,1,0,6,4,6,1
11,18,4,0,0,0,3,0,0,2,1,1,0,7,2,1,5,2,0,4,1
9,15,4,1,1,0,3,0,0,5,1,1,1,7,0,1,0,3,6,5,1
7,18,4,0,1,0,3,1,0,16,1,1,1,1,0,1,0,6,2,5,1
6,21,4,1,1,2,3,1,0,2,1,1,1,0,0,8,5,0,0,0,1
3,20,4,1,1,0,3,1,0,2,1,1,1,8,0,1,0,6,6,8,1
9,21,4,1,1,4,3,0,1,14,1,1,1,5,0,1,0,2,3,2,0
2,18,4,0,0,0,3,0,0,16,1,1,0,0,0,0,5,0,0,0,0
8,20,4,0,1,0,3,0,0,0,1,1,1,5,0,2,0,7,4,10,0
7,20,4,0,1,0,3,3,0,11,1,1,1,8,0,1,0,7,8,13,1
14,8,1,0,1,0,3,1,0,4,1,1,1,1,2,4,5,0,0,3,1
10,21,4,1,1,0,3,1,0,2,1,1,1,0,0,1,0,3,5,8,1
10,20,4,1,1,0,3,1,0,12,1,1,1,0,0,1,0,6,6,6,0
4,19,4,1,1,0,3,1,0,0,1,1,1,0,0,1,0,6,6,3,1
10,20,4,1,1,3,3,0,1,0,1,1,1,5,0,1,0,6,6,14,1
7,15,4,0,1,0,3,0,0,2,1,1,1,0,0,1,0,9,11,11,1
3,11,4,1,1,0,3,0,0,2,1,1,1,0,0,1,0,9,4,10,1
0,17,4,0,0,0,2,0,0,3,0,1,1,0,0,1,0,2,9,5,0
9,15,0,0,1,0,1,1,0,2,1,1,1,0,2,1,0,9,11,6,1
5,15,4,1,1,0,3,0,0,2,1,1,1,0,0,4,0,6,2,6,1
12,15,2,0,1,3,3,0,1,5,1,1,1,0,2,1,0,6,6,9,0
0,15,4,1,0,0,3,3,0,2,1,1,0,0,0,0,5,0,0,0,1
11,14,4,1,1,0,3,3,0,2,1,1,1,1,2,1,2,1,0,5,1
14,21,4,1,1,0,3,0,0,0,1,1,1,0,2,1,0,6,5,8,1
14,8,0,0,1,4,3,0,1,9,1,1,1,0,2,1,0,6,4,8,1
8,20,4,0,1,0,3,1,0,2,1,1,1,0,0,3,0,6,7,12,1
13,18,0,0,1,0,3,3,0,0,1,1,1,7,2,1,0,8,0,11,1
12,15,4,0,1,0,3,3,0,0,1,1,1,0,2,1,0,3,8,8,1
4,20,4,1,1,4,3,0,1,5,1,1,1,8,0,6,0,1,9,4,0
7,15,0,1,1,0,3,0,0,1,1,1,1,7,0,1,0,6,6,11,1
4,15,4,0,1,0,3,3,0,2,1,1,1,5,0,1,5,0,0,1,1
10,18,0,0,1,0,1,1,0,1,1,1,1,0,0,5,3,6,7,13,1
11,18,0,1,1,0,3,0,0,0,1,1,1,0,2,2,0,3,1,8,1
13,18,0,1,1,3,3,0,1,2,1,1,1,5,2,1,0,6,6,3,1
12,14,4,0,1,4,3,3,1,12,1,1,1,0,2,1,0,8,8,6,0
5,20,4,1,1,0,3,3,0,2,1,1,1,1,0,1,0,6,6,9,1
5,20,4,1,1,0,3,0,0,0,1,1,1,0,0,1,0,1,4,2,1
3,20,4,1,1,4,3,0,1,12,1,1,1,5,0,0,5,0,0,0,0
2,12,4,0,1,0,3,0,0,2,1,1,1,0,0,0,5,0,0,0,1
10,16,4,0,1,0,3,0,0,0,1,1,1,0,0,1,0,7,10,10,1
5,20,4,0,0,0,3,0,0,0,1,1,0,0,0,5,2,6,0,6,1
4,20,0,1,1,4,3,0,1,1,1,1,1,5,0,3,0,1,2,3,0
12,15,0,0,1,0,3,0,0,0,1,1,1,0,2,1,0,5,3,8,1
2,19,4,1,1,4,3,0,1,2,1,1,1,7,0,1,5,0,0,0,1
6,20,4,1,1,0,3,0,0,0,1,1,1,0,0,1,0,6,3,11,1
9,20,4,0,1,3,3,0,1,2,1,1,1,0,0,1,0,6,11,9,1
9,19,0,1,1,0,3,0,0,1,1,1,1,7,0,1,0,6,2,8,1
5,18,4,1,0,0,3,2,0,0,1,0,1,0,0,0,5,0,0,2,1
6,18,4,1,1,0,3,0,0,0,1,1,1,0,0,1,0,6,1,7,1
12,20,0,1,1,0,3,1,0,0,1,1,1,0,2,2,0,8,6,12,0
3,19,4,1,1,0,3,0,0,2,1,1,1,0,0,1,0,4,10,5,1
11,11,4,0,1,0,3,0,0,11,1,1,1,0,2,1,0,6,3,2,1
15,20,4,1,0,0,3,0,0,0,1,1,0,0,2,1,0,1,1,6,1
11,18,4,1,1,0,3,0,0,7,1,1,1,2,0,2,0,5,4,3,1
7,21,4,0,1,0,3,1,0,2,1,1,1,0,0,1,0,9,6,12,1
0,18,4,0,1,0,3,1,0,2,1,1,1,0,0,0,5,0,0,0,1
8,18,0,1,1,0,3,0,0,0,1,1,1,0,0,1,0,6,5,9,1
15,20,0,0,1,0,3,3,0,0,1,1,1,0,2,2,0,6,10,13,1
1,17,4,0,1,4,3,1,1,2,1,1,1,8,0,1,0,6,4,10,1
7,18,4,1,0,0,3,1,0,0,1,0,1,0,0,1,0,8,11,11,0
1,18,4,0,1,3,3,0,1,2,1,1,1,5,0,1,0,1,3,3,1
10,20,0,1,1,0,3,0,0,1,1,1,1,0,0,1,5,0,0,0,1
4,18,2,0,1,0,3,0,0,2,1,1,1,0,0,1,0,6,6,7,1
15,20,4,1,1,4,3,0,1,10,1,1,1,0,2,1,0,6,0,6,1
4,15,4,1,1,0,3,0,0,2,1,1,1,7,0,6,0,4,6,3,1
7,19,0,0,1,4,3,0,1,1,1,1,1,0,0,1,0,5,8,6,1
4,15,2,1,1,0,3,1,0,7,1,1,1,0,0,1,0,6,10,7,1
15,20,4,0,1,4,3,0,1,0,1,1,1,0,2,1,0,5,2,6,1
0,15,4,1,1,4,3,0,1,6,1,1,1,7,0,1,0,4,2,6,1
14,18,0,1,1,0,3,0,0,1,1,1,1,0,2,1,0,6,1,11,0
13,21,0,0,1,4,3,0,1,0,1,1,1,7,2,1,0,6,10,14,1
0,15,4,1,1,0,3,3,0,16,1,1,1,7,0,1,5,4,0,3,1
7,18,4,0,1,0,3,3,0,0,1,1,1,0,0,1,0,5,5,6,1
7,20,4,0,1,0,3,1,0,5,1,1,1,5,0,6,0,8,4,12,1
1,15,4,1,0,0,3,3,0,6,0,1,0,6,0,0,5,0,0,4,1
8,21,4,0,1,3,3,0,1,5,1,1,1,5,0,2,0,6,4,13,0
4,20,4,0,1,0,3,1,0,2,1,1,1,1,0,1,0,2,8,6,1
10,21,4,1,1,0,3,0,0,4,1,1,1,0,0,1,0,6,6,8,1
1,18,4,1,1,0,3,1,0,2,1,1,1,0,0,2,0,1,6,2,1
6,15,4,0,1,0,3,0,0,0,1,1,1,0,0,0,5,0,0,13,1
10,16,2,1,1,0,3,0,0,0,1,1,1,0,0,9,2,0,0,0,0
9,15,4,1,1,0,3,3,0,12,1,1,1,0,0,1,0,2,9,6,0
1,15,4,0,0,3,3,0,0,6,0,1,0,7,0,2,0,6,2,14,1
10,20,0,1,1,0,3,0,0,0,1,1,1,0,0,3,0,8,2,6,1
7,15,4,0,1,0,3,0,0,9,1,1,1,0,0,1,0,7,6,10,1
1,18,4,1,1,0,3,1,0,7,1,1,1,0,0,1,0,2,2,3,1
15,21,0,1,1,4,3,0,1,1,1,1,1,5,2,0,5,0,0,0,1
4,18,4,0,1,0,3,1,0,16,1,1,1,1,0,1,5,2,0,3,0
3,18,4,1,1,0,3,1,0,2,1,1,1,8,0,0,5,0,0,0,1
2,13,4,0,1,0,3,0,0,15,1,1,1,0,0,1,5,3,0,2,1
11,20,4,1,1,0,3,1,0,5,1,1,1,0,2,2,0,8,3,12,0
9,20,0,0,1,0,3,3,0,1,1,1,1,0,0,1,0,8,2,14,1
11,20,4,0,1,0,3,0,0,11,1,1,1,0,2,4,0,8,3,11,1
8,18,0,1,0,0,3,0,0,1,1,1,1,7,0,1,0,6,6,8,1
10,11,4,0,1,0,3,0,0,15,1,1,1,7,0,0,5,0,0,0,1
12,18,4,1,1,0,3,3,0,2,1,1,1,8,0,2,0,2,8,4,1
7,15,4,1,1,4,3,0,1,5,1,1,1,7,0,1,0,9,11,3,1
0,18,4,1,1,0,3,0,0,16,1,1,1,0,0,0,5,0,0,0,0
14,20,0,1,1,0,3,0,0,0,1,1,1,1,2,1,0,6,8,12,1
13,15,0,0,1,0,3,0,0,15,1,1,1,0,2,0,5,0,0,0,0
8,15,4,0,1,4,3,0,1,11,1,1,1,5,0,0,5,0,0,0,1
15,22,0,0,1,0,3,0,0,0,1,1,1,0,2,2,0,7,2,14,1
11,20,4,0,0,0,3,1,0,0,1,1,0,8,2,1,0,8,3,13,0
13,18,4,0,1,0,3,3,0,0,1,1,1,5,2,1,0,9,2,14,0
11,20,4,0,1,0,3,1,0,0,1,1,1,0,2,1,0,7,4,12,1
12,9,4,0,1,4,3,0,1,5,1,1,1,7,2,2,0,8,2,6,1
6,15,4,0,1,0,3,1,0,0,1,1,1,8,0,1,0,6,8,7,0
15,20,0,1,0,0,3,0,0,1,1,1,0,7,2,0,5,0,0,4,1
9,20,0,0,1,2,0,0,1,0,1,1,1,3,0,5,3,7,4,6,1
11,15,4,0,1,3,3,0,1,2,1,1,1,5,2,1,0,3,4,9,1
4,18,4,0,1,0,3,0,0,9,1,1,1,0,0,1,0,6,8,8,1
2,18,4,1,1,3,3,0,1,2,1,1,1,0,0,1,0,7,10,12,1
8,20,4,0,1,0,3,1,0,0,1,1,1,8,0,1,0,6,6,8,0
9,22,0,0,1,3,3,0,1,0,1,1,1,0,0,1,0,7,9,14,1
6,15,0,0,1,0,3,3,0,1,1,1,1,0,0,1,0,6,3,11,1
10,20,0,1,1,0,3,1,0,0,1,1,1,0,0,0,5,0,0,0,1
12,18,4,0,1,0,3,0,0,11,1,1,1,0,2,1,0,6,4,6,0
14,18,4,1,1,0,3,0,0,12,1,1,1,0,2,1,0,7,6,9,1
5,2,0,1,1,3,3,0,1,10,1,1,1,7,0,4,0,6,10,4,0
7,17,4,1,1,0,3,3,0,2,1,1,1,0,0,1,0,6,4,9,1
11,18,0,1,1,0,3,3,0,0,1,1,1,0,2,1,0,3,8,5,0
10,16,4,0,1,0,3,0,0,15,1,1,1,7,0,0,5,0,0,0,0
6,16,4,0,1,4,3,0,1,2,1,1,1,7,0,1,0,6,4,10,1
15,20,4,0,1,0,3,3,0,10,1,1,1,5,2,1,0,9,8,14,1
2,17,4,0,1,0,3,0,0,2,1,1,1,0,0,0,5,0,0,0,1
3,18,4,0,1,0,3,3,0,16,1,1,1,0,0,1,0,9,4,11,1
6,20,4,0,0,0,3,1,0,0,1,1,0,0,0,1,0,6,2,8,0
9,20,4,0,1,0,3,0,0,2,1,1,1,0,0,3,0,6,0,13,1
4,15,4,1,1,0,3,3,0,11,1,1,1,0,0,6,0,4,0,3,0
13,21,4,0,1,4,3,0,1,0,1,1,1,5,2,1,0,7,2,14,1
10,19,4,0,1,0,3,1,0,2,1,1,1,5,0,1,0,6,8,10,1
3,19,4,1,1,0,3,0,0,2,1,1,1,5,0,0,5,0,0,0,1
11,20,4,1,1,4,3,3,1,14,1,1,1,5,2,0,5,0,0,0,1
5,14,4,0,0,0,3,3,0,11,1,1,0,0,0,0,5,0,0,4,0
2,18,4,0,1,0,3,3,0,4,1,1,1,0,0,0,5,0,0,0,1
11,15,4,1,1,0,3,3,0,12,1,1,1,0,2,0,5,0,0,0,1
6,9,0,0,1,0,2,1,0,2,1,1,1,1,0,9,2,0,0,0,1
14,20,4,0,1,0,3,1,0,2,1,1,1,0,2,1,0,8,11,12,1
7,16,0,1,1,4,3,0,1,1,1,1,1,0,0,1,0,7,1,5,0
12,15,4,0,1,0,3,3,0,2,1,1,1,0,2,1,2,0,0,0,1
3,20,4,0,1,0,3,0,0,2,1,1,1,5,0,1,0,2,8,4,1
9,15,4,0,1,0,3,0,0,2,1,1,1,0,0,1,0,8,6,8,0
0,18,4,1,1,0,3,0,0,16,1,1,1,0,0,1,0,2,4,2,0
2,18,4,1,1,0,3,0,0,16,1,1,1,0,0,1,0,2,1,3,0
1,19,4,0,1,0,3,0,0,2,1,1,1,0,0,0,5,0,0,0,1
0,15,4,0,0,0,3,0,0,2,1,1,0,0,0,0,5,0,0,0,1
3,15,4,0,1,0,3,3,0,2,1,1,1,7,0,1,5,0,0,0,1
15,15,4,0,0,0,3,1,0,15,0,0,1,0,0,4,2,0,0,2,1
14,18,4,0,1,3,3,0,1,2,1,1,1,7,2,1,0,2,11,4,1
8,20,4,0,1,0,3,0,0,0,1,1,1,7,0,1,0,7,7,13,1
0,15,4,1,1,0,3,0,0,2,1,1,1,0,0,9,2,0,0,0,1
15,15,0,1,1,0,3,0,0,1,1,1,1,0,2,0,5,0,0,0,1
1,18,4,1,1,0,3,0,0,2,1,1,1,0,0,0,5,0,0,0,1
4,15,0,0,1,0,0,0,0,16,1,1,1,0,0,5,3,6,3,9,1
11,15,4,0,1,0,3,1,0,7,1,1,1,8,2,1,0,6,1,9,1
5,18,4,1,1,0,3,1,0,2,1,1,1,0,0,6,0,2,0,4,1
15,19,4,0,1,0,3,1,0,2,1,1,1,8,2,1,0,6,0,9,1
9,18,4,1,1,0,3,0,0,2,1,1,1,0,0,1,0,6,6,6,1
1,15,4,0,1,0,3,0,0,7,1,1,1,0,0,1,0,3,6,4,1
7,19,0,1,1,0,3,0,0,2,1,1,1,0,0,1,0,6,4,10,1
13,21,0,1,1,4,3,1,0,11,1,1,1,0,2,3,0,6,5,11,1
15,18,0,0,1,0,3,1,0,2,1,1,1,8,2,1,0,6,3,10,1
3,18,4,1,1,0,3,0,0,2,1,1,1,7,0,1,0,2,3,5,1
1,18,4,1,1,0,3,0,0,2,1,1,1,0,0,0,5,0,0,0,1
8,20,4,1,1,0,3,0,0,0,1,1,1,7,0,1,0,9,3,12,1
0,15,4,0,1,4,3,0,1,9,1,1,1,0,0,0,5,0,0,0,1
6,19,4,0,1,3,3,0,1,0,1,1,1,7,0,1,0,6,6,6,1
9,15,4,0,1,0,3,0,0,12,1,1,1,0,0,1,0,6,10,10,1
13,17,4,0,1,0,3,1,0,15,1,1,1,7,2,0,5,0,0,0,0
9,20,4,0,1,0,3,0,0,2,1,1,1,0,0,1,0,6,4,5,1
4,20,4,1,1,0,3,0,0,2,1,1,1,7,0,1,2,8,0,8,1
15,21,0,0,1,3,3,0,1,1,1,1,1,5,2,1,0,6,8,13,0
13,20,0,1,1,0,3,0,0,1,1,1,1,0,2,1,0,6,4,14,1
0,15,4,1,1,0,3,1,0,0,1,1,1,0,0,1,5,3,0,4,1
13,0,4,1,1,0,3,0,0,12,1,1,1,0,2,1,0,6,3,6,1
10,18,0,1,1,0,3,0,0,1,1,1,1,0,0,1,0,5,3,11,1
5,20,4,1,0,0,3,1,0,0,1,1,1,0,0,1,0,5,4,5,1
15,20,0,1,1,0,3,1,0,1,1,1,1,0,2,3,0,6,4,9,1
9,20,4,1,1,0,3,0,0,2,1,1,1,1,0,1,0,6,6,13,1
2,15,4,0,1,0,3,0,0,2,1,1,1,0,0,0,5,0,0,0,1
2,19,4,1,1,0,3,3,0,2,1,1,1,1,0,3,5,1,0,3,1
3,15,4,1,1,0,3,1,0,0,1,1,1,0,0,1,0,5,6,8,1
15,20,4,1,1,0,3,1,0,12,1,1,1,0,2,1,0,6,2,12,1
12,15,4,0,1,0,3,0,0,2,1,1,1,7,2,1,0,5,2,6,1
8,18,4,1,1,4,3,0,1,0,1,1,1,0,0,1,1,3,0,5,1
4,20,4,0,1,2,3,0,0,2,1,1,1,7,0,1,0,4,10,8,1
8,20,0,1,1,4,3,0,1,0,1,1,1,5,0,1,0,9,4,13,1
7,4,4,0,0,0,3,2,0,11,1,0,0,7,0,3,2,6,0,2,1
7,20,4,1,1,0,3,0,0,0,1,1,1,0,0,3,0,8,3,13,0
3,19,4,0,1,0,3,0,0,12,1,1,1,7,0,1,0,8,6,11,1
9,18,4,0,1,0,3,1,0,5,1,1,1,0,0,1,0,6,4,13,1
0,17,4,1,1,0,3,0,0,16,1,1,1,5,0,0,5,0,0,0,0
15,20,0,1,1,0,3,0,0,0,1,1,1,0,2,3,0,6,7,12,1
5,18,4,0,1,0,3,1,0,12,1,1,1,0,0,6,0,4,11,8,0
15,20,4,1,1,0,3,0,0,0,1,1,1,1,2,3,0,6,8,12,1
7,20,0,0,1,0,0,0,0,0,1,1,1,0,0,5,3,9,11,12,0
6,15,4,1,1,0,3,0,0,5,1,1,1,7,0,0,5,0,0,4,1
2,18,4,1,1,0,3,1,0,2,1,1,1,0,0,1,0,2,3,6,1
3,15,0,0,1,0,3,1,0,1,1,1,1,0,0,5,5,6,0,2,0
3,18,4,1,1,0,3,0,0,14,1,1,1,0,0,1,5,0,0,0,0
9,18,0,0,1,0,3,1,0,1,1,1,1,0,0,2,0,6,2,11,1
8,18,0,1,1,0,3,0,0,1,1,1,1,0,0,0,5,0,0,0,1
1,15,4,0,1,0,3,0,0,7,1,1,1,0,0,1,0,1,1,1,1
6,18,4,0,1,0,3,1,0,2,1,1,1,0,0,1,0,6,3,9,1
6,17,4,1,1,0,3,0,0,2,1,1,1,1,0,4,0,1,1,1,1
1,18,4,1,1,0,3,1,0,2,1,1,1,8,0,0,5,0,0,0,1
13,17,4,1,1,0,3,1,0,5,1,1,1,0,2,1,0,6,3,11,1
3,15,4,0,1,0,3,0,0,16,1,1,1,0,0,1,5,0,0,0,0
1,14,4,1,1,0,3,0,0,16,1,1,1,0,0,0,5,0,0,0,1
7,20,0,1,1,0,3,0,0,0,1,1,1,0,0,2,0,6,4,10,0
10,0,4,1,1,4,3,0,1,0,1,1,1,7,0,1,0,6,4,9,1
7,19,4,1,1,0,3,0,0,2,1,1,1,0,0,1,0,3,2,3,1
11,16,0,1,1,0,3,3,0,1,1,1,1,7,2,1,0,6,6,7,0
15,20,0,0,1,4,3,3,1,1,1,1,1,0,2,1,0,8,3,12,1
3,15,4,0,1,0,3,0,0,2,1,1,1,0,0,3,0,6,4,4,1
9,16,0,0,1,4,3,0,1,2,1,1,1,0,0,1,0,6,4,5,1
9,20,4,1,1,0,3,0,0,2,1,1,1,5,0,1,0,6,3,11,0
2,18,4,1,1,0,3,0,0,0,1,1,1,0,0,1,0,3,1,5,1
13,15,4,1,1,4,3,0,1,2,1,1,1,0,2,1,0,6,6,10,1
15,21,0,1,1,4,3,0,1,1,1,1,1,5,2,0,5,0,0,0,0
6,18,0,1,1,3,1,0,1,0,1,1,1,0,0,1,0,4,6,4,1
13,0,4,1,1,4,3,3,1,0,1,1,1,0,2,1,0,1,1,6,1
1,18,4,1,1,0,3,1,0,2,1,1,1,8,0,1,0,3,1,5,1
12,20,4,1,1,0,3,0,0,0,1,1,1,1,2,1,0,6,3,10,1
3,18,4,1,1,4,3,0,1,2,1,1,1,7,0,1,5,3,0,3,1
7,19,4,0,0,0,3,0,0,2,1,0,0,0,0,6,0,3,0,2,1
5,18,4,0,1,0,3,0,0,7,1,1,1,0,0,1,0,6,10,12,1
3,20,4,1,1,0,3,1,0,0,1,1,1,0,0,1,1,2,0,2,1
0,15,4,1,1,0,3,0,0,16,1,1,1,1,0,1,0,4,1,2,0
9,20,4,1,1,0,3,0,0,12,1,1,1,8,0,1,0,6,6,9,1
13,20,0,1,1,0,3,1,0,0,1,1,1,8,2,1,0,6,1,13,0
5,17,4,0,1,0,3,3,0,2,1,1,1,8,0,1,5,6,0,3,1
9,15,0,0,1,0,3,3,0,0,1,1,1,0,0,3,0,6,3,11,1
8,18,4,0,1,0,3,1,0,7,1,1,1,8,0,1,2,0,0,0,1
9,20,4,1,1,0,3,1,0,0,1,1,1,5,0,1,0,6,6,11,0
14,14,4,1,1,0,3,0,0,12,1,1,1,0,2,1,0,3,2,14,1
1,18,4,1,1,0,3,0,0,2,1,1,1,0,0,1,0,1,6,4,1
7,20,4,1,1,0,3,0,0,5,1,1,1,7,0,1,0,6,4,8,1
15,23,4,1,1,0,3,0,0,12,1,1,1,0,2,1,0,8,11,14,1
6,19,4,0,1,3,3,0,1,2,1,1,1,5,0,0,5,0,0,0,1
4,15,4,1,1,0,3,0,0,16,1,1,1,0,0,3,0,4,1,6,1
9,17,3,1,1,0,3,0,0,0,1,1,1,0,0,1,5,6,0,4,1
2,18,4,1,1,0,3,0,0,2,1,1,1,0,0,1,0,2,9,4,1
13,19,0,1,1,4,3,0,1,1,1,1,1,0,2,1,0,1,2,3,1
11,15,4,0,1,0,3,0,0,12,1,1,1,0,2,1,0,6,2,6,0
14,20,4,0,1,0,3,0,0,2,1,1,1,0,2,1,0,6,4,11,1
6,15,4,0,1,3,3,0,1,14,1,1,1,1,0,1,0,6,6,9,1
6,18,4,1,1,0,3,0,0,2,1,1,1,7,0,1,0,4,4,3,1
14,19,0,1,1,0,3,1,0,0,1,1,1,5,2,1,0,6,8,10,1
0,15,4,1,1,0,3,0,0,2,1,1,1,7,0,0,5,0,0,0,1
8,18,0,0,1,0,3,0,0,1,1,1,1,0,0,2,0,2,3,4,1
0,15,4,1,1,0,3,0,0,14,1,1,1,7,0,1,0,2,3,4,1
15,16,0,1,1,3,3,3,1,0,1,1,1,7,2,1,0,7,10,5,1
4,15,4,0,1,4,3,0,1,0,1,1,1,7,0,1,0,2,3,6,0
3,18,4,1,1,0,3,3,0,2,1,1,1,7,0,1,5,0,0,0,1
7,21,4,1,1,0,3,0,0,0,1,1,1,0,0,4,0,6,10,14,0
9,19,4,0,1,0,3,0,0,0,1,1,1,0,0,0,5,0,0,0,1
5,19,4,0,1,0,3,0,0,16,1,1,1,5,0,3,5,1,0,2,0
5,20,4,0,1,0,3,3,0,2,1,1,1,0,0,1,0,2,1,2,1
8,19,4,0,1,0,3,1,0,2,1,1,1,0,0,1,0,6,5,6,1
7,20,4,1,1,0,3,1,0,0,1,1,1,0,0,3,0,8,4,13,1
7,20,0,1,1,4,3,0,1,1,1,1,1,5,0,0,5,0,0,0,1
2,15,4,1,1,0,0,3,0,7,1,1,1,4,0,5,5,8,4,5,1
6,15,4,1,1,0,3,0,0,0,1,1,1,0,0,1,0,6,3,7,1
4,17,0,1,0,0,3,3,0,1,1,1,0,0,2,0,5,0,0,6,1
6,20,4,1,0,3,3,0,1,11,1,1,0,7,2,5,4,6,1,7,1
2,16,4,1,0,0,3,1,0,16,1,1,0,0,0,0,5,0,0,4,1
0,15,4,1,1,0,3,3,0,16,1,1,1,5,0,2,0,1,2,2,1
4,17,4,0,1,0,3,0,0,2,1,1,1,0,0,3,2,2,0,2,1
15,16,0,0,1,0,3,0,0,1,1,1,1,0,2,1,0,7,4,5,1
7,16,4,0,1,0,3,0,0,5,1,1,1,0,0,1,0,9,4,4,1
3,18,4,1,1,0,1,0,0,0,1,1,1,7,0,5,0,7,8,5,1
14,19,4,1,1,4,3,0,1,12,1,1,1,7,2,1,0,6,3,7,1
13,21,0,0,1,0,3,1,0,0,1,1,1,0,2,1,0,8,8,14,1
1,18,4,0,1,0,3,1,0,0,1,1,1,0,0,1,5,1,0,2,1
12,21,0,1,1,0,3,0,0,1,1,1,1,0,2,1,0,6,7,12,1
15,20,0,1,1,4,3,0,1,1,1,1,1,5,2,0,5,0,0,0,1
0,15,4,1,1,0,3,3,0,11,1,1,1,7,0,1,0,9,3,8,1
1,19,4,1,1,0,3,0,0,16,1,1,1,0,0,1,5,2,0,2,1
1,17,4,0,1,0,3,0,0,2,1,1,1,0,0,1,2,2,0,3,1
15,20,0,1,1,3,3,0,1,1,1,1,1,5,2,3,5,0,0,0,0
4,18,4,1,1,0,3,0,0,9,1,1,1,0,0,0,5,0,0,0,1
14,8,0,0,1,4,3,0,1,1,1,1,1,0,2,1,5,0,0,1,1
0,18,4,1,1,0,3,1,0,16,1,1,1,5,0,2,5,1,0,2,0
3,20,4,0,0,0,3,1,0,16,1,1,0,0,0,1,5,2,0,4,0
2,17,4,1,1,0,3,3,0,11,1,1,1,0,2,3,0,6,2,6,0
12,15,4,1,1,0,3,0,0,16,1,1,1,0,2,1,0,5,10,8,1
13,15,2,1,1,0,3,1,0,2,1,1,1,0,2,1,0,6,6,7,1
2,18,4,0,0,0,3,1,0,2,1,1,0,0,0,0,5,0,0,4,0
4,20,4,1,1,0,3,1,0,2,1,1,1,0,0,1,0,6,5,10,1
2,15,4,0,1,0,3,1,0,16,1,1,1,0,0,0,5,0,0,0,1
5,5,4,0,1,3,3,0,1,4,1,1,1,0,0,0,5,0,0,4,1
11,15,4,1,1,3,3,0,1,0,1,1,1,0,2,2,0,6,10,10,1
4,20,4,1,1,0,3,1,0,2,1,1,1,5,0,1,2,0,0,0,1
12,20,0,1,1,4,3,0,1,1,1,1,1,5,2,1,0,6,8,10,1
7,21,4,0,1,0,3,1,0,0,1,1,1,5,0,1,0,7,5,13,0
7,17,4,1,1,0,3,3,0,2,1,1,1,0,0,1,0,3,4,9,1
3,18,4,1,1,0,3,1,0,2,1,1,1,0,0,6,0,1,3,3,1
2,15,0,1,1,4,3,0,1,8,1,1,1,7,0,0,5,0,0,0,1
9,14,4,0,1,0,3,0,0,2,1,1,1,0,0,1,0,8,11,12,1
15,15,4,0,1,0,3,3,0,2,1,1,1,0,2,1,0,6,11,8,1
15,20,0,0,1,0,3,1,0,0,1,1,1,0,2,6,0,8,0,14,1
15,19,0,0,1,0,3,0,0,0,1,1,1,0,2,1,0,6,5,11,1
3,18,0,1,1,0,3,1,0,1,1,1,1,0,0,1,0,1,1,3,1
7,15,4,0,1,0,3,0,0,2,1,1,1,0,0,1,0,6,6,9,1
10,18,4,1,1,0,3,0,0,2,1,1,1,0,0,2,0,6,0,9,1
3,15,4,1,1,0,3,0,0,2,1,1,1,5,0,1,0,5,4,6,1
13,19,0,0,1,4,3,0,1,1,1,1,1,7,2,1,0,6,8,11,1
9,20,4,1,1,4,3,0,1,9,1,1,1,5,0,1,0,6,6,9,1
13,21,0,1,1,0,3,1,0,0,1,1,1,0,2,4,0,6,6,12,1
10,18,4,0,1,0,3,1,0,4,1,1,1,2,0,5,3,6,2,13,1
8,21,0,0,1,4,3,0,1,0,1,1,1,5,0,1,0,8,8,14,0
0,18,4,1,1,0,3,0,0,16,1,1,1,7,0,0,5,0,0,0,1
1,18,4,0,1,0,3,1,0,10,1,1,1,0,0,1,0,6,3,6,0
3,15,4,1,1,0,3,1,0,12,1,1,1,8,0,1,0,6,3,9,1
14,22,4,0,1,0,3,3,0,0,1,1,1,0,2,2,0,9,0,14,1
15,20,0,1,1,4,3,0,1,1,1,1,1,5,2,0,5,0,0,0,1
12,17,0,0,1,3,3,0,1,8,1,1,1,0,2,1,0,6,4,8,1
12,18,4,0,1,0,1,1,0,0,1,1,1,0,2,1,0,5,7,7,1
2,15,4,0,0,0,3,0,0,16,1,1,0,1,0,0,5,0,0,4,1
6,20,4,0,1,0,3,0,0,2,1,1,1,0,0,1,0,6,8,9,1
9,15,4,1,1,0,3,0,0,0,1,1,1,0,0,0,5,0,0,0,0
10,21,4,0,1,0,3,0,0,11,1,1,1,5,0,1,0,6,4,14,1
5,15,4,0,1,0,3,0,0,2,1,1,1,0,0,1,0,4,2,5,1
1,18,4,0,1,0,3,0,0,2,1,1,1,0,0,1,0,5,9,9,1
3,18,4,0,1,0,0,1,0,16,1,1,1,0,0,5,3,8,1,7,0
13,15,0,0,1,0,3,0,0,15,1,1,1,1,2,0,5,0,0,0,0
14,20,0,1,1,3,3,0,1,0,1,1,1,5,2,1,0,7,10,13,1
13,15,0,1,1,0,3,3,0,0,1,1,1,0,2,1,0,8,8,14,1
9,15,4,0,1,0,3,0,0,2,1,1,1,0,0,3,0,6,4,12,1
8,18,4,0,1,0,3,1,0,11,1,1,1,0,0,3,0,8,2,9,0
7,20,4,1,1,0,3,0,0,2,1,1,1,0,0,1,0,6,2,5,1
5,20,4,1,1,0,3,1,0,11,1,1,1,8,0,4,5,6,0,3,1
13,21,0,1,1,0,3,1,0,0,1,1,1,0,2,2,0,7,2,13,1
9,18,4,0,1,0,1,1,0,16,1,1,1,0,0,1,5,0,0,3,1
11,20,0,1,1,0,3,0,0,0,1,1,1,0,2,1,0,9,5,14,1
11,20,4,0,1,0,3,1,0,12,1,1,1,8,2,1,0,9,1,10,1
2,18,4,1,1,0,3,0,0,2,1,1,1,0,0,3,0,1,2,5,1
9,18,4,0,1,0,3,3,0,2,1,1,1,1,0,1,5,0,0,0,1
7,15,0,0,1,0,3,1,0,1,1,1,1,0,0,1,0,7,2,12,1
10,15,4,0,0,0,3,0,0,15,1,1,0,0,0,0,5,0,0,0,1
10,15,0,1,1,4,3,3,1,1,1,1,1,7,0,1,0,4,11,5,1
2,17,4,0,1,0,3,0,0,4,1,1,1,0,0,1,0,1,3,1,1
10,15,0,0,1,0,3,3,0,1,1,1,1,0,0,1,0,7,2,14,1
13,12,4,0,1,0,3,0,0,15,1,1,1,7,2,1,2,0,0,9,1
6,18,4,0,1,0,3,0,0,2,1,1,1,0,0,0,5,0,0,12,1
14,21,0,1,1,0,3,3,0,0,1,1,1,1,2,3,0,9,8,13,1
4,15,0,0,1,0,3,3,0,1,1,1,1,0,0,2,0,4,0,9,1
0,18,4,1,1,0,3,0,0,2,1,1,1,0,0,3,0,6,0,6,0
11,17,0,0,1,0,0,3,0,0,1,1,1,0,2,5,3,9,2,12,0
5,20,0,1,1,0,3,1,0,1,1,1,1,8,0,1,5,0,0,0,0
14,14,4,1,1,4,3,0,1,9,1,1,1,7,2,1,0,6,8,7,1
7,20,4,0,1,0,3,1,0,0,1,1,1,8,0,3,0,4,6,6,1
12,20,4,0,1,0,3,0,0,2,1,1,1,5,2,1,0,4,11,8,0
7,18,4,0,1,0,3,0,0,2,1,1,1,0,0,1,0,6,6,6,1
11,18,0,1,1,0,3,0,0,1,1,1,1,0,2,1,0,2,3,5,0
1,18,4,0,1,0,3,0,0,2,1,1,1,0,0,1,0,6,8,6,1
8,18,0,1,1,3,3,0,1,8,1,1,1,5,0,5,5,6,0,3,1
14,20,0,0,1,0,3,0,0,1,1,1,1,0,2,1,0,6,3,11,1
11,20,0,0,1,0,3,1,0,0,1,1,1,0,2,6,0,8,0,11,0
8,18,0,1,1,0,3,1,0,0,1,1,1,0,0,1,0,2,3,6,0
10,15,4,1,1,0,3,0,0,2,1,1,1,7,0,1,0,3,4,4,1
6,18,4,1,1,0,3,1,0,11,1,1,1,0,0,1,0,6,8,13,1
1,18,4,0,1,0,3,0,0,5,1,1,1,5,0,2,0,6,3,5,1
14,21,4,1,1,4,3,0,1,14,1,1,1,0,2,1,0,2,2,7,0
1,18,4,1,1,0,3,0,0,16,1,1,1,0,0,2,5,1,0,2,1
8,20,4,1,1,0,3,0,0,7,1,1,1,0,0,1,0,6,11,9,1
6,13,4,0,1,0,3,0,0,2,1,1,1,0,0,1,0,6,4,7,1
4,18,4,1,1,0,3,0,0,9,1,1,1,0,0,1,1,6,0,9,0
5,15,4,0,1,0,3,3,0,0,1,1,1,0,0,0,5,0,0,0,1
6,17,4,1,1,0,3,3,0,11,1,1,1,5,0,4,0,4,5,5,0
2,15,0,0,1,0,3,1,0,8,1,1,1,0,0,1,0,6,4,7,1
1,15,4,0,1,0,3,1,0,16,1,1,1,0,0,1,0,2,1,5,0
3,15,4,0,1,0,3,3,0,15,1,1,1,0,0,1,5,0,0,0,0
10,21,4,1,1,3,3,0,1,2,1,1,1,0,0,1,0,6,11,13,1
6,15,4,0,1,0,3,0,0,2,1,1,1,7,0,1,1,3,0,10,1
9,20,4,0,1,0,3,0,0,2,1,1,1,0,0,3,5,1,0,1,1
13,21,0,0,1,4,3,0,1,0,1,1,1,5,2,1,0,9,6,14,0
14,18,4,0,1,4,3,0,1,9,1,1,1,5,2,1,0,6,11,11,1
1,15,4,0,1,0,3,0,0,2,1,1,1,0,0,0,5,0,0,0,1
6,21,4,0,1,0,3,0,0,12,1,1,1,0,0,2,0,2,3,8,0
6,15,0,1,1,0,3,3,0,0,1,1,1,0,0,1,0,6,3,11,0
8,16,0,1,1,4,3,0,1,11,1,1,1,0,0,1,0,9,1,13,0
2,18,4,1,1,0,3,0,0,12,1,1,1,0,0,1,0,6,6,3,1
13,20,4,1,1,0,3,3,0,14,1,1,1,0,2,7,0,8,6,12,1
0,15,4,0,1,2,3,0,0,2,1,1,1,1,0,9,2,1,0,1,1
10,20,4,1,1,0,3,0,0,2,1,1,1,7,0,1,1,6,0,11,1
11,20,0,0,1,0,3,0,0,1,1,1,1,0,2,3,0,7,11,11,1
1,18,4,0,1,0,3,0,0,2,1,1,1,7,0,1,1,3,0,4,1
14,0,4,1,1,0,3,0,0,2,1,1,1,0,2,0,5,0,0,0,1
1,18,4,1,1,0,3,0,0,2,1,1,1,7,0,1,0,5,4,6,1
1,19,4,1,1,0,3,0,0,16,1,1,1,0,0,1,5,1,0,2,0
15,9,4,0,1,0,3,0,0,12,1,1,1,7,2,2,0,1,1,4,1
12,23,0,0,1,0,3,0,0,0,1,1,1,0,2,1,0,6,6,13,1
11,15,4,0,1,3,3,0,1,2,1,1,1,0,2,0,5,0,0,0,1
2,19,4,0,1,4,3,0,1,2,1,1,1,0,0,1,0,9,4,12,1
13,15,4,1,1,0,3,0,0,12,1,1,1,0,2,1,0,6,10,11,1
11,15,4,0,1,0,3,0,0,12,1,1,1,7,2,1,0,3,4,4,1
4,16,4,1,1,0,3,0,0,5,1,1,1,4,0,1,5,9,0,4,1
9,20,4,1,1,0,3,0,0,0,1,1,1,0,0,2,0,4,3,7,0
13,19,0,1,1,0,3,0,0,0,1,1,1,0,2,2,0,1,1,5,0
10,15,0,1,1,0,3,0,0,4,1,1,1,0,0,1,0,5,3,9,1
5,18,4,1,1,0,3,3,0,2,1,1,1,0,0,1,0,5,7,6,1
7,19,4,1,1,4,3,0,1,12,1,1,1,7,0,0,5,0,0,0,0
6,15,4,1,1,0,3,1,0,5,1,1,1,0,0,1,0,6,6,6,1
14,14,4,0,0,4,3,0,1,9,1,1,0,7,2,0,5,0,0,0,1
3,15,4,0,1,0,0,0,0,16,1,1,1,2,0,5,3,6,3,5,1
10,20,4,1,1,0,3,1,0,5,1,1,1,0,0,1,0,3,2,4,1
8,18,4,1,1,0,3,1,0,0,1,1,1,0,0,1,0,8,2,7,1
15,20,0,0,1,0,3,0,0,1,1,1,1,1,2,1,0,6,3,12,0
11,19,2,0,0,0,3,0,0,14,0,1,0,7,1,1,0,9,3,13,1
5,20,4,1,1,3,3,0,1,2,1,1,1,5,0,1,5,0,0,0,1
8,1,4,1,1,4,3,3,1,11,1,1,1,5,0,0,5,0,0,0,0
8,11,3,1,1,0,3,0,0,7,1,1,1,0,0,1,0,6,8,6,1
9,15,4,0,1,0,3,0,0,12,1,1,1,0,0,1,0,6,1,8,1
7,15,4,0,1,4,3,3,1,9,1,1,1,7,0,1,0,6,6,10,1
1,15,4,1,1,0,3,0,0,2,1,1,1,7,0,1,2,2,0,2,1
11,23,4,1,1,2,3,0,0,12,0,1,1,5,2,1,0,6,8,13,0
14,18,4,1,1,0,3,3,0,2,1,1,1,0,2,0,5,0,0,4,1
1,18,4,1,1,0,3,0,0,2,1,1,1,7,0,1,0,3,8,8,1
0,0,4,0,0,2,3,0,0,2,0,0,1,0,0,4,0,2,9,2,1
10,20,0,0,1,3,3,0,1,1,1,1,1,5,0,1,0,6,4,9,1
11,20,0,0,1,4,3,0,1,1,1,1,1,5,2,1,0,6,10,10,1
7,20,4,0,1,0,3,1,0,0,1,1,1,0,0,1,0,7,7,9,0
13,21,4,0,1,4,3,0,1,0,1,1,1,5,2,1,0,6,5,13,1
9,21,4,0,1,0,3,0,0,0,1,1,1,0,0,1,0,9,8,14,1
7,22,4,1,1,0,3,0,0,0,1,1,1,0,0,1,1,9,0,11,1
13,20,0,1,1,0,3,1,0,0,1,1,1,0,2,2,0,7,0,13,0
11,15,0,1,1,0,3,1,0,2,1,1,1,0,2,1,0,6,3,9,1
11,21,4,0,1,0,1,3,0,14,1,1,1,0,2,1,0,8,3,13,0
0,17,4,1,1,0,3,0,0,16,1,1,1,0,0,0,5,0,0,0,0
2,18,4,1,1,0,3,1,0,2,1,1,1,0,0,1,5,2,0,2,1
6,16,0,0,1,4,3,0,1,2,1,1,1,5,0,1,5,1,0,4,0
3,15,4,1,1,0,3,1,0,2,1,1,1,5,0,1,0,6,4,9,1
3,22,4,1,1,0,3,0,0,0,1,1,1,0,0,1,0,6,9,14,1
8,15,0,0,1,0,3,0,0,1,1,1,1,7,0,0,5,0,0,0,1
5,15,4,0,1,0,3,0,0,2,1,1,1,0,0,0,5,0,0,0,1
11,18,4,1,1,0,3,3,0,14,1,1,1,0,2,1,0,4,0,2,1
15,22,0,0,1,3,3,0,1,0,1,1,1,5,2,1,0,6,6,14,1
10,18,0,0,1,0,3,1,0,0,1,1,1,0,0,1,0,6,6,8,0
11,20,4,0,1,0,3,1,0,2,1,1,1,0,2,2,0,6,11,14,1
4,19,4,0,1,0,3,3,0,2,1,1,1,0,0,1,0,4,5,9,1
3,18,4,0,1,0,3,0,0,15,1,1,1,0,0,0,5,0,0,0,0
8,18,2,1,1,0,3,0,0,0,1,1,1,7,0,1,0,6,1,7,1
15,19,0,0,1,3,1,0,1,0,1,1,1,5,2,1,0,6,3,13,1
15,18,4,0,1,4,3,1,1,2,1,1,1,0,2,1,0,4,10,10,1
3,15,4,1,1,0,3,0,0,5,1,1,1,0,0,1,0,1,6,6,1
2,18,4,0,1,0,3,0,0,16,1,1,1,0,0,0,5,0,0,0,1
1,18,4,1,1,0,3,3,0,2,1,1,1,0,0,1,0,1,4,2,1
13,17,0,1,1,0,3,3,0,8,1,1,1,0,2,1,0,6,8,8,1
2,15,4,1,1,0,3,0,0,2,1,1,1,5,0,1,2,2,0,2,1
7,20,4,0,1,0,3,2,0,0,1,1,1,7,0,6,0,9,6,12,1
8,21,4,1,1,0,3,3,0,9,1,1,1,0,0,1,0,2,5,3,1
4,19,4,1,1,0,3,1,0,2,1,1,1,0,0,1,0,3,7,7,1
12,20,4,1,1,0,3,0,0,2,1,1,1,0,2,1,5,0,0,0,1
3,18,4,0,1,0,3,1,0,2,1,1,1,0,0,1,0,3,1,6,0
4,17,4,0,0,0,3,1,0,2,1,1,0,0,2,0,5,0,0,6,1
12,20,0,0,1,0,3,0,0,15,1,1,1,0,2,1,5,7,0,14,1
12,16,0,1,1,0,3,1,0,1,1,1,1,8,2,1,0,6,1,4,1
1,18,4,0,1,0,3,1,0,2,1,1,1,0,0,0,5,0,0,0,1
12,21,0,0,1,0,3,0,0,2,1,1,1,0,2,2,0,8,8,13,1
15,19,0,1,1,3,3,0,1,0,1,1,1,5,2,0,5,0,0,0,1
14,20,4,0,1,0,3,1,0,0,1,1,1,5,2,1,0,6,5,14,1
12,3,4,1,1,3,3,3,1,12,1,1,1,7,2,6,0,5,3,7,1
9,14,4,0,1,0,3,3,0,2,1,1,1,0,0,1,0,6,8,5,1
4,15,4,0,1,0,3,1,0,15,1,1,1,0,0,1,5,3,0,1,1
12,21,0,1,1,0,3,1,0,0,1,1,1,5,2,1,0,7,10,14,1
4,20,4,1,1,0,3,0,0,2,1,1,1,0,0,1,0,3,5,4,1
6,15,4,0,1,4,3,3,1,11,1,1,1,7,0,4,0,5,10,7,1
15,22,4,0,1,0,3,0,0,15,1,1,1,1,2,0,5,0,0,0,0
1,19,4,1,1,0,3,1,0,2,1,1,1,5,0,1,0,2,4,5,0
13,21,4,1,1,0,3,3,0,9,1,1,1,0,2,4,0,6,5,14,1
13,12,3,0,1,0,3,0,0,15,1,1,1,1,2,0,5,0,0,0,0
3,18,4,0,1,0,3,0,0,2,1,1,1,5,0,3,0,1,2,4,1
8,18,4,0,1,4,3,0,1,0,1,1,1,7,0,0,5,0,0,0,0
15,15,4,0,1,0,1,0,0,11,1,1,1,7,2,1,0,6,3,4,0
15,20,4,0,1,0,3,0,0,4,1,1,1,5,2,1,0,6,1,7,1
9,20,0,1,1,0,3,0,0,0,1,1,1,0,0,2,0,6,3,13,1
9,18,4,1,1,0,3,0,0,2,1,1,1,7,0,1,0,6,2,4,1
1,18,4,1,1,0,3,3,0,12,1,1,1,0,0,1,0,6,3,13,1
2,19,0,1,1,0,3,0,0,0,1,1,1,7,0,0,5,0,0,0,1
12,18,0,0,1,0,3,1,0,0,1,1,1,8,2,1,0,2,4,8,1
10,22,4,1,1,0,3,0,0,0,1,1,1,5,0,1,0,6,4,13,1
12,21,4,1,1,0,3,2,0,0,1,1,1,7,2,0,5,0,0,0,1
14,15,0,1,1,4,3,0,1,0,1,1,1,7,2,1,5,0,0,1,1
14,18,0,1,1,0,3,0,0,0,1,1,1,7,2,3,0,6,5,12,1
4,18,4,1,1,0,3,0,0,2,1,1,1,5,0,1,2,2,0,4,1
1,15,4,0,1,0,3,0,0,16,1,1,1,0,0,9,2,1,0,1,1
8,20,4,1,1,0,3,0,0,5,1,1,1,0,0,1,0,6,4,10,1
7,20,0,0,1,4,3,0,1,0,1,1,1,5,0,1,0,6,6,13,0
2,18,4,1,1,0,3,1,0,2,1,1,1,7,0,1,0,3,6,3,1
4,20,4,1,1,0,3,1,0,0,1,1,1,0,0,6,0,1,0,1,1
13,15,0,0,1,4,3,3,1,1,1,1,1,0,2,1,5,0,0,0,1
8,18,0,0,1,0,1,0,0,0,1,1,1,0,0,1,0,9,8,7,1
11,18,0,0,1,0,1,3,0,0,1,1,1,8,2,1,0,6,7,8,1
2,18,4,1,1,0,3,0,0,2,1,1,1,7,0,0,5,0,0,0,1
14,23,0,0,1,0,3,0,0,1,1,1,1,5,2,1,0,6,8,14,1
2,18,4,0,1,4,3,0,1,9,1,1,1,5,0,1,0,6,2,9,0
7,15,0,1,1,0,3,0,0,0,1,1,1,0,0,0,5,0,0,0,0
14,21,0,0,1,0,3,1,0,0,1,1,1,0,2,1,0,6,3,14,1
8,16,0,0,1,4,3,3,1,2,1,1,1,8,0,1,5,6,0,0,0
8,18,0,1,1,0,3,3,0,1,1,1,1,0,0,1,1,6,0,9,1
6,18,0,1,1,0,3,0,0,8,1,1,1,7,0,4,0,2,5,8,1
1,17,4,0,1,4,3,0,1,16,1,1,1,5,0,0,5,0,0,0,1
9,19,0,0,1,4,3,0,1,8,1,1,1,0,0,1,0,4,1,7,1
7,18,4,0,1,0,0,3,0,16,1,1,1,1,0,5,3,8,0,9,1
11,8,4,1,0,2,3,3,1,3,1,0,0,1,2,0,5,0,0,3,1
4,15,4,0,1,0,3,0,0,2,1,1,1,0,0,1,5,0,0,0,0
8,23,4,1,1,0,3,1,0,0,1,1,1,0,0,1,0,6,6,13,1
13,15,4,0,1,4,3,0,1,0,1,1,1,7,2,4,0,9,1,11,1
4,15,4,1,1,0,3,0,0,9,1,1,1,4,0,3,1,9,0,1,1
8,14,4,0,1,0,3,0,0,7,1,1,1,8,0,1,0,6,1,5,1
2,18,4,1,1,0,3,1,0,2,1,1,1,8,0,0,5,0,0,0,1
1,15,4,1,1,0,3,1,0,7,1,1,1,5,0,1,0,5,4,5,1
9,20,4,0,1,0,3,3,0,0,1,1,1,5,0,1,0,6,4,14,0
2,18,4,1,1,4,3,0,1,2,1,1,1,0,0,1,0,4,1,6,1
12,20,0,1,1,3,3,0,1,0,1,1,1,5,2,1,0,8,3,12,1
2,18,4,0,1,0,1,1,0,2,1,1,1,8,0,1,0,6,11,12,1
10,12,4,0,1,0,3,0,0,0,1,1,1,0,0,1,2,0,0,0,1
1,18,4,1,1,0,3,1,0,0,1,1,1,0,0,0,5,0,0,0,1
15,18,0,1,1,0,3,0,0,0,1,1,1,0,2,0,5,0,0,0,1
0,15,4,1,1,0,3,0,0,2,1,1,1,5,0,1,0,2,8,6,1
3,15,4,0,1,0,3,0,0,5,1,1,1,0,0,1,0,6,10,3,1
9,20,4,0,0,0,3,1,0,2,1,1,0,0,0,1,0,2,7,4,1
6,20,4,0,1,0,3,0,0,2,1,1,1,1,0,1,0,6,8,9,1
7,15,4,0,1,0,0,3,0,16,1,1,1,0,0,5,3,9,0,6,0
11,21,0,1,1,0,3,0,0,1,1,1,1,0,2,7,1,8,0,9,1
10,20,4,1,1,0,3,3,0,2,1,1,1,5,0,1,0,6,8,10,1
12,21,0,1,1,0,3,1,0,0,1,1,1,5,2,0,5,0,0,12,1
7,19,0,1,1,0,3,0,0,0,1,1,1,0,0,1,0,6,11,5,1
11,18,4,1,1,0,3,1,0,7,1,1,1,8,2,1,0,2,6,4,1
13,12,2,0,1,0,3,0,0,7,1,1,1,2,2,1,5,0,11,5,1
2,18,4,1,1,0,3,0,0,11,1,1,1,5,0,1,0,4,2,3,0
14,15,0,0,1,0,3,0,0,0,1,1,1,0,2,1,2,6,0,2,1
6,18,0,1,1,0,3,1,0,1,1,1,1,0,0,1,0,6,8,11,1
12,22,0,0,1,0,3,1,0,1,1,1,1,8,2,1,0,7,0,11,1
11,20,4,0,1,0,3,0,0,2,1,1,1,1,0,2,0,4,8,1,0
0,18,4,1,1,0,3,0,0,2,1,1,1,7,0,1,0,3,8,3,1
4,20,4,1,1,0,3,0,0,2,1,1,1,1,0,1,0,3,4,3,0
9,15,4,0,1,0,3,0,0,2,1,1,1,0,0,1,0,6,4,11,1
12,18,4,1,1,0,3,3,0,2,1,1,1,7,2,1,0,6,8,9,1
14,8,0,1,1,4,3,3,1,0,1,1,1,0,2,1,5,0,0,0,1
11,16,3,0,1,0,0,3,0,0,1,1,1,0,2,0,5,0,0,4,0
3,15,4,1,1,0,3,3,0,2,1,1,1,0,0,1,1,6,0,6,1
4,15,4,0,0,0,3,3,0,15,1,1,0,0,0,0,5,0,0,0,0
5,18,4,1,1,0,3,0,0,0,1,1,1,0,0,2,0,6,5,7,1
3,21,4,1,1,0,3,1,0,2,1,1,1,0,0,1,0,6,6,11,1
0,18,4,1,1,0,3,0,0,16,1,1,1,0,0,0,5,0,0,0,0
3,18,4,1,1,0,3,0,0,2,1,1,1,0,0,1,5,0,0,0,1
5,17,4,1,1,0,3,3,0,2,1,1,1,7,0,0,5,0,0,0,1
11,15,0,0,1,3,3,0,1,0,1,1,1,5,2,1,0,6,4,12,1
2,14,4,0,1,0,3,0,0,2,1,1,1,0,0,1,2,2,0,3,1
2,22,0,0,1,3,3,0,1,1,1,1,1,0,0,1,0,6,9,12,0
13,21,0,1,1,4,3,0,1,1,1,1,1,5,2,0,5,0,0,0,0
7,21,4,0,1,0,3,1,0,0,1,1,1,0,0,1,0,7,6,14,1
5,19,4,0,1,0,3,0,0,16,1,1,1,7,0,1,5,8,0,7,0
1,15,4,0,1,3,0,0,1,16,1,1,1,0,0,5,3,2,5,6,0
1,18,4,1,1,0,3,0,0,2,1,1,1,0,0,0,5,0,0,0,1
14,23,0,0,1,4,3,0,1,0,1,1,1,0,2,1,0,8,6,14,1
2,18,4,0,1,0,0,1,0,16,1,1,1,0,0,5,3,8,2,6,0
13,18,4,1,1,0,3,0,0,12,1,1,1,0,2,1,0,9,0,6,1
15,15,0,0,1,4,3,0,1,1,1,1,1,7,2,1,0,6,4,9,1
9,20,4,1,1,0,3,0,0,12,1,1,1,5,0,1,0,6,4,11,0
8,16,4,0,1,0,3,1,0,2,1,1,1,0,0,1,5,6,0,1,1
9,20,4,0,1,0,3,1,0,2,1,1,1,0,0,1,0,6,6,9,1
10,20,4,0,1,0,3,0,0,12,1,1,1,8,0,1,2,3,0,8,1
11,11,0,1,1,4,3,0,1,1,1,1,1,0,2,1,2,6,0,0,1
0,15,4,0,1,0,3,3,0,3,1,1,1,0,0,1,0,4,1,9,1
6,20,4,1,1,0,3,1,0,2,1,1,1,8,0,1,0,6,0,9,1
2,18,4,1,1,0,3,1,0,0,1,1,1,0,0,1,2,1,0,2,0
0,18,4,0,1,0,3,3,0,16,1,1,1,0,0,1,0,4,2,3,0
6,20,4,0,1,0,3,1,0,2,1,1,1,0,0,1,5,0,0,4,1
0,18,4,0,1,0,3,1,0,2,1,1,1,0,0,1,0,3,6,5,1
1,18,4,0,1,0,3,3,0,2,1,1,1,0,0,2,0,1,11,4,1
7,15,0,0,1,0,3,0,0,2,1,1,1,0,0,0,5,0,0,0,1
8,15,0,1,1,0,3,0,0,0,1,1,1,0,0,0,5,0,0,0,1
10,21,4,0,1,0,3,3,0,12,1,1,1,0,0,1,0,7,2,12,1
3,20,0,1,1,0,3,0,0,1,1,1,1,8,0,5,5,6,0,5,0
15,15,0,1,1,0,3,0,0,2,1,1,1,7,2,1,0,6,6,9,1
14,6,0,0,1,4,3,0,1,0,1,1,1,7,2,1,0,5,8,10,0
0,13,4,0,0,0,3,1,0,16,1,1,0,0,0,0,5,0,0,3,1
5,17,4,1,1,0,3,1,0,2,1,1,1,0,0,1,0,2,4,2,1
11,11,0,0,1,4,3,0,1,1,1,1,1,0,2,0,5,0,0,0,1
13,19,4,1,1,0,3,1,0,0,1,1,1,0,2,2,0,1,6,2,1
6,18,0,1,1,4,3,0,1,1,1,1,1,7,0,1,0,3,6,6,1
2,18,4,1,1,0,3,0,0,2,1,1,1,7,0,1,0,6,6,3,1
11,15,0,1,1,0,3,0,0,1,1,1,1,7,2,0,5,0,0,0,1
14,14,0,1,1,0,3,3,0,0,1,1,1,7,2,1,5,6,0,4,1
15,18,0,0,1,0,1,0,0,0,1,1,1,0,2,1,2,0,0,0,1
9,20,2,1,1,0,3,0,0,14,1,1,1,0,0,3,0,6,4,10,1
4,21,4,1,1,0,3,0,0,0,1,1,1,5,0,6,0,1,0,3,0
12,23,4,1,1,2,3,0,1,0,1,1,1,5,2,6,0,1,11,3,1
15,20,0,0,1,4,3,0,1,2,1,1,1,5,2,1,0,6,11,6,1
14,11,4,0,1,4,3,0,1,0,1,1,1,0,2,1,0,6,5,13,1
11,18,0,0,1,0,3,1,0,0,1,1,1,0,2,1,0,6,6,13,1
2,15,4,0,1,0,3,0,0,4,1,1,1,0,0,1,0,6,4,7,1
13,20,4,1,1,0,3,0,0,0,1,1,1,0,2,2,5,0,0,0,0
14,19,0,1,1,0,3,0,0,0,1,1,1,0,2,2,0,6,2,10,1
13,20,4,1,1,0,3,0,0,12,1,1,1,0,2,1,0,8,6,7,1
5,20,4,0,1,4,3,0,1,0,1,1,1,5,0,1,0,2,6,4,0
10,15,4,1,1,0,3,0,0,12,1,1,1,1,0,1,0,6,8,8,1
1,15,4,0,1,3,3,3,1,2,1,1,1,5,0,1,0,1,3,3,1
9,15,4,0,1,0,3,0,0,2,1,1,1,0,0,1,0,3,3,5,1
6,20,4,0,1,3,3,0,1,11,1,1,1,5,0,1,0,6,6,13,1
2,18,4,0,0,0,3,0,0,5,1,1,0,0,0,1,0,3,3,6,1
11,10,4,0,1,4,3,0,1,12,1,1,1,0,2,1,0,6,3,8,0
14,23,0,1,1,0,3,3,0,0,1,1,1,0,2,1,5,6,0,14,1
6,20,4,1,1,0,3,1,0,0,1,1,1,0,0,1,0,4,3,6,1
7,17,0,0,1,0,3,0,0,1,1,1,1,7,0,1,0,6,3,10,1
5,18,4,1,1,0,3,0,0,2,1,1,1,7,0,1,2,0,0,0,1
1,18,4,1,1,0,3,0,0,11,1,1,1,5,0,1,0,2,2,3,0
1,15,4,1,0,0,3,1,0,16,1,1,0,0,0,0,5,0,0,0,0
5,20,4,1,1,0,3,0,0,0,1,1,1,0,0,1,0,2,4,3,0
0,19,4,1,1,0,3,3,0,2,1,1,1,0,0,1,0,4,4,6,1
3,14,4,1,1,0,3,1,0,2,1,1,1,0,0,1,0,6,8,5,1
6,20,4,0,1,0,3,1,0,0,1,1,1,0,0,1,0,6,10,14,0
14,15,0,0,1,0,3,1,0,2,1,1,1,0,2,1,0,2,2,2,1
9,18,4,0,1,0,3,0,0,12,1,1,1,1,0,6,0,6,3,6,1
14,18,4,1,1,0,3,0,0,2,1,1,1,7,2,1,0,5,4,7,1
7,21,4,1,1,0,3,0,0,0,1,1,1,0,0,1,0,6,4,11,0
10,0,4,0,1,3,3,0,1,5,1,1,1,7,0,1,0,6,6,6,1
5,17,4,1,1,0,3,0,0,0,1,1,1,7,0,4,0,6,4,6,1
11,15,0,1,1,4,3,0,1,1,1,1,1,1,2,1,0,6,4,7,0
1,18,4,0,1,0,3,0,0,2,1,1,1,7,0,1,0,6,6,8,1
5,20,4,1,1,0,3,0,0,0,1,1,1,1,0,1,0,3,1,6,0
13,20,4,0,1,0,3,1,0,0,1,1,1,0,2,1,0,8,4,13,1
13,8,0,0,1,4,3,3,1,11,1,1,1,0,2,1,0,6,8,7,1
6,18,0,1,1,0,3,0,0,1,1,1,1,0,0,1,0,6,2,13,1
8,18,4,0,1,4,3,0,1,2,1,1,1,0,0,1,0,6,11,5,0
5,15,4,1,1,0,3,0,0,7,1,1,1,0,0,1,0,5,2,7,1
10,0,3,0,0,0,3,0,0,2,1,1,0,6,0,0,5,0,0,3,0
13,17,0,1,1,0,3,0,0,1,1,1,1,0,2,0,5,0,0,10,1
11,15,4,1,0,0,3,1,0,0,0,0,1,5,2,7,0,5,5,9,1
1,14,4,0,1,0,3,0,0,7,1,1,1,7,0,1,0,6,1,6,1
15,20,0,1,1,4,3,0,1,1,1,1,1,5,2,0,5,0,0,0,1
8,18,4,0,1,0,3,1,0,0,1,1,1,0,0,1,5,0,0,0,1
9,0,4,0,0,0,3,1,0,2,1,1,0,0,0,0,5,0,0,6,1
2,18,4,1,1,0,3,1,0,16,1,1,1,0,0,3,0,5,2,6,1
12,19,4,0,1,0,3,0,0,2,1,1,1,8,0,1,0,5,8,5,1
8,17,4,0,0,0,3,3,0,2,1,1,0,0,0,2,0,9,3,4,1
3,15,4,0,1,0,3,0,0,2,1,1,1,0,0,1,2,6,0,5,1
10,15,0,0,1,0,3,0,0,2,1,1,1,0,0,1,0,6,8,4,1
3,19,4,0,1,0,3,3,0,2,1,1,1,7,0,0,5,0,0,0,1
10,19,4,1,1,0,3,1,0,0,1,1,1,0,0,5,0,6,4,10,1
11,16,0,1,1,4,3,0,1,1,1,1,1,0,2,1,0,6,10,7,1
6,21,4,1,1,0,3,1,0,5,1,1,1,8,0,2,0,1,3,3,1
6,20,0,0,1,4,3,3,1,11,1,1,1,5,0,1,0,9,11,13,0
7,20,0,1,1,0,3,0,0,0,1,1,1,1,0,1,0,1,10,2,0
2,18,4,0,1,0,3,0,0,2,1,1,1,0,0,1,2,2,0,4,1
6,21,4,0,1,0,3,3,0,0,1,1,1,7,0,1,0,3,5,11,1
7,17,4,1,1,0,3,3,0,0,1,1,1,8,0,1,0,5,3,5,0
4,20,4,1,1,4,3,0,0,11,1,1,1,0,0,2,0,6,2,11,0
3,18,4,1,1,4,3,0,1,11,1,1,1,0,0,0,5,0,0,0,1
15,21,0,0,1,0,3,3,0,0,1,1,1,0,2,1,0,6,4,14,1
0,18,4,1,1,0,3,3,0,16,1,1,1,0,0,3,5,1,0,1,1
10,21,0,1,1,0,3,1,0,1,1,1,1,0,0,1,0,8,6,14,0
5,17,4,0,1,0,3,0,0,2,1,1,1,7,0,0,5,0,0,0,1
0,18,4,0,1,0,3,0,0,2,1,1,1,0,0,0,5,0,0,0,1
0,18,4,1,1,0,3,0,0,2,1,1,1,0,0,0,5,0,0,0,1
9,16,0,1,1,0,3,0,0,1,1,1,1,0,0,1,0,6,3,10,1
10,18,4,0,0,0,3,0,0,9,1,1,1,2,0,1,0,7,6,8,1
1,15,4,0,1,0,3,3,0,2,1,1,1,0,0,1,2,6,0,4,1
14,20,0,1,1,4,3,0,1,1,1,1,1,0,2,1,0,8,11,12,1
15,20,0,0,1,0,3,1,0,1,1,1,1,0,2,1,0,4,5,9,1
9,20,0,1,1,0,3,1,0,1,1,1,1,5,0,1,0,6,8,14,1
11,18,0,1,1,0,3,0,0,1,1,1,1,0,2,1,2,1,0,2,1
2,16,4,0,0,0,3,1,0,2,1,1,0,8,0,1,5,3,0,3,1
0,15,4,0,1,0,3,0,0,4,1,1,1,0,0,1,5,0,0,1,1
13,20,0,1,1,0,3,1,0,0,1,1,1,0,2,2,0,6,1,10,1
15,15,4,0,0,3,3,3,1,2,1,0,0,0,2,1,0,6,7,9,1
13,7,0,1,1,0,3,0,0,11,1,1,1,7,2,3,2,2,0,2,1
8,20,4,1,1,0,3,0,0,5,1,1,1,5,0,2,5,0,0,0,1
10,20,4,0,1,0,3,0,0,2,1,1,1,0,0,2,0,6,4,12,1
1,18,4,0,1,0,3,0,0,16,1,1,1,0,0,3,5,1,0,3,0
1,18,4,0,1,0,3,0,0,2,1,1,1,0,0,1,0,2,3,4,1
3,18,4,0,1,0,3,3,0,11,1,1,1,0,0,2,0,6,4,9,1
5,20,4,1,1,0,3,3,0,2,1,1,1,0,0,3,0,6,10,5,1
10,17,0,1,1,0,3,0,0,0,1,1,1,0,0,0,5,0,0,0,1
8,18,0,0,1,0,3,0,0,0,1,1,1,7,0,1,0,6,7,10,1
10,17,4,1,1,0,3,3,0,0,1,1,1,0,0,1,0,6,4,10,1
5,14,4,0,0,0,3,0,0,2,1,1,0,0,0,1,0,3,2,5,1
3,15,4,1,1,0,3,0,0,9,1,1,1,7,0,0,5,0,0,0,1
11,14,4,0,0,0,3,0,0,12,1,1,0,0,2,1,2,0,0,0,1
0,18,4,0,1,0,3,0,0,16,1,1,1,0,0,1,0,1,6,2,1
3,19,4,1,1,0,3,0,0,0,1,1,1,0,0,2,0,2,8,4,0
3,13,4,1,1,0,3,0,0,3,1,1,1,6,0,1,1,2,1,5,1
13,19,0,1,1,0,3,0,0,0,1,1,1,0,2,1,0,4,2,8,1
12,21,0,1,1,0,3,0,0,1,1,1,1,5,2,2,0,6,8,14,1
6,15,0,1,1,4,3,3,1,0,1,1,1,0,0,1,5,4,0,5,1
12,17,4,0,1,0,3,0,0,2,1,1,1,7,2,1,0,8,11,11,1
15,15,4,0,1,3,3,0,1,2,1,1,1,0,2,1,0,6,3,12,1
6,15,4,1,1,0,3,0,0,3,1,1,1,0,0,1,0,6,8,10,1
8,19,4,0,1,0,3,1,0,2,1,1,1,5,0,1,1,3,0,2,1
5,20,4,0,1,0,3,0,0,2,1,1,1,0,0,1,0,6,11,9,1
11,21,0,1,1,0,3,1,0,1,1,1,1,0,2,1,0,6,8,8,1
14,19,0,0,1,0,3,0,0,8,1,1,1,7,2,1,0,6,0,7,1
9,19,0,1,1,0,3,1,0,1,1,1,1,0,0,2,5,0,0,0,1
5,18,3,0,1,3,3,3,1,2,1,1,1,0,0,1,0,8,2,9,1
7,15,4,1,1,0,3,0,0,2,1,1,1,7,0,1,0,6,6,8,1
11,20,4,0,1,0,3,3,0,14,1,1,1,0,2,1,0,6,2,10,1
7,15,4,0,1,4,3,0,1,5,1,1,1,7,0,7,0,9,10,9,1
10,16,2,1,1,0,3,0,0,2,1,1,1,0,0,1,5,0,0,0,0
5,15,4,0,1,4,3,0,1,0,1,1,1,5,0,0,5,0,0,0,1
8,20,4,1,1,0,3,0,0,0,1,1,1,0,0,1,0,5,2,5,1
8,15,4,0,1,4,3,0,1,0,1,1,1,5,0,1,0,6,1,6,0
2,22,4,0,1,0,3,0,0,11,1,1,1,0,0,1,0,7,6,12,1
13,20,0,1,1,0,3,0,0,0,1,1,1,7,2,2,0,6,10,14,1
11,20,4,0,1,4,3,0,1,0,1,1,1,5,2,1,0,6,11,12,1
9,23,4,0,1,0,3,3,0,5,1,1,1,0,0,7,0,6,5,13,0
4,18,4,0,1,0,3,1,0,0,1,1,1,0,0,1,0,1,2,4,0
9,15,4,0,1,3,3,0,1,2,1,1,1,7,0,0,5,0,0,0,1
4,20,4,0,1,0,3,1,0,0,1,1,1,0,0,1,0,6,7,13,1
1,18,4,1,1,0,3,0,0,2,1,1,1,0,0,0,5,0,0,0,0
2,15,4,0,1,0,0,3,0,16,1,1,1,0,0,5,3,9,1,7,0
4,18,0,1,1,0,3,0,0,1,1,1,1,0,0,3,0,2,3,4,0
2,15,4,0,1,0,3,0,0,7,1,1,1,0,0,1,0,8,2,7,1
3,18,4,1,1,0,3,0,0,5,1,1,1,0,0,1,0,3,2,5,1
1,18,0,0,1,0,3,0,0,8,1,1,1,0,0,1,0,1,6,3,1
13,15,0,0,1,0,3,0,0,0,1,1,1,0,2,1,0,6,11,11,1
7,20,0,1,1,4,3,0,1,1,1,1,1,5,0,0,5,0,0,0,1
7,13,4,1,0,0,3,1,0,2,1,1,0,7,0,1,5,0,0,4,1
6,20,4,0,1,0,3,3,0,11,1,1,1,0,0,1,0,6,8,8,1
6,18,0,1,1,0,3,1,0,0,1,1,1,5,0,1,0,1,8,11,1
4,18,4,0,1,0,3,3,0,0,1,1,1,0,0,1,0,6,3,8,1
2,18,4,1,1,0,3,0,0,2,1,1,1,0,0,1,0,3,1,2,1
5,20,0,0,1,0,3,2,0,1,1,1,1,0,0,2,0,6,1,10,1
8,18,4,1,1,0,3,1,0,2,1,1,1,0,0,3,0,6,3,4,1
9,21,4,0,1,4,3,0,1,0,1,1,1,7,0,1,0,7,10,13,1
9,20,4,1,1,0,3,0,0,0,1,1,1,0,0,1,0,5,2,5,1
5,20,4,0,1,0,3,0,0,2,1,1,1,1,0,1,0,3,2,4,0
7,15,4,1,1,0,3,0,0,0,1,1,1,7,0,1,1,4,0,9,1
1,15,4,0,1,0,3,0,0,2,1,1,1,7,0,1,5,6,0,3,1
10,20,4,0,1,0,3,3,0,2,1,1,1,0,0,1,0,6,6,10,1
13,21,4,1,1,0,3,3,0,9,1,1,1,0,2,3,0,6,2,12,1
15,19,4,0,1,4,3,0,1,0,1,1,1,5,2,1,0,6,10,14,0
11,8,0,0,1,4,3,0,1,11,1,1,1,0,2,1,0,6,4,12,1
9,20,4,1,1,0,3,0,0,0,1,1,1,5,0,1,0,6,3,13,1
2,18,4,0,1,0,3,0,0,14,1,1,1,0,2,7,0,9,10,9,1
6,20,4,0,1,0,3,1,0,0,1,1,1,0,0,4,0,5,2,12,1
10,23,4,0,1,0,3,3,0,2,1,1,1,0,0,8,5,0,0,0,1
6,18,4,1,1,0,3,0,0,11,1,1,1,2,0,1,0,8,4,11,1
15,21,0,0,1,4,3,0,1,0,1,1,1,5,2,4,0,6,10,14,1
1,15,4,0,1,0,3,0,0,2,1,1,1,1,0,0,5,0,0,0,1
3,18,4,1,1,0,3,3,0,2,1,1,1,0,0,0,5,0,0,0,1
4,20,4,1,1,0,3,1,0,9,1,1,1,0,0,2,2,6,0,0,0
7,16,4,0,1,0,3,0,0,2,1,1,1,7,0,1,0,6,11,10,0
3,18,4,1,1,0,3,1,0,2,1,1,1,8,0,1,0,2,2,2,1
12,20,0,1,1,0,3,0,0,0,1,1,1,0,2,1,0,8,11,12,1
7,15,4,0,1,3,3,0,1,2,1,1,1,5,0,1,1,4,0,6,1
8,20,4,1,0,0,3,0,0,0,1,1,0,7,0,0,5,0,0,0,1
0,18,4,0,1,0,3,0,0,2,1,1,1,0,0,2,0,3,4,3,1
14,15,0,1,1,4,3,0,1,0,1,1,1,0,2,1,0,6,1,10,0
9,18,4,1,1,4,3,0,1,2,1,1,1,5,0,1,0,6,6,8,1
4,15,4,1,0,0,3,0,0,16,1,1,1,2,0,1,0,7,6,5,1
6,15,4,1,1,0,3,3,0,0,1,1,1,0,0,1,0,3,1,4,1
7,19,4,0,1,0,3,1,0,12,1,1,1,0,0,1,0,4,3,4,1
1,18,4,1,1,0,3,1,0,2,1,1,1,0,0,1,5,1,0,1,1
9,19,4,1,1,0,3,3,0,2,1,1,1,0,0,1,0,8,0,10,0
7,20,4,0,1,0,3,0,0,2,1,1,1,0,0,6,0,6,6,8,1
3,15,4,1,1,0,3,3,0,11,1,1,1,0,0,1,0,9,4,2,1
0,18,4,0,1,0,3,0,0,0,1,1,1,0,0,1,5,1,0,1,1
11,21,0,0,1,2,3,3,0,0,1,1,1,0,2,1,5,6,0,14,1
0,15,4,1,1,0,3,0,0,10,1,1,1,8,0,4,0,6,3,3,1
11,21,0,1,1,0,3,1,0,0,1,1,1,0,2,2,0,6,5,14,0
9,20,4,1,1,0,3,0,0,0,1,1,1,0,0,4,0,6,6,6,0
6,20,4,0,1,0,3,1,0,0,1,1,1,0,0,1,0,6,2,12,0
6,15,4,1,1,3,3,0,1,2,1,1,1,5,0,1,5,0,0,1,1
15,21,0,1,1,4,3,0,1,1,1,1,1,5,2,0,5,0,0,0,0
6,15,4,0,1,0,3,0,0,5,1,1,1,5,0,1,0,8,11,6,1
11,15,4,1,1,0,3,0,0,2,1,1,1,0,2,0,5,0,0,0,1
5,20,4,1,1,0,3,0,0,2,1,1,1,0,0,6,0,2,7,7,0
0,18,4,0,1,0,3,1,0,11,1,1,1,5,0,1,0,4,0,6,0
4,15,4,0,1,4,3,0,1,2,1,1,1,7,0,1,0,2,6,3,1
9,18,4,0,1,0,3,3,0,2,1,1,1,0,0,1,0,6,6,8,1
2,18,4,0,1,0,3,0,0,16,1,1,1,1,0,1,0,6,5,7,1
2,18,4,1,1,0,3,1,0,16,1,1,1,0,0,1,0,1,1,2,1
10,20,4,1,1,4,3,0,1,0,1,1,1,0,0,1,0,6,8,9,0
10,17,4,1,1,0,3,0,0,2,1,1,1,0,0,1,0,3,4,10,1
10,20,4,0,1,3,3,1,1,2,1,1,1,8,0,4,0,6,4,6,1
1,15,4,1,1,4,3,0,1,0,1,1,1,7,0,1,0,6,5,7,1
8,18,4,0,1,0,3,0,0,0,1,1,1,0,0,1,0,7,2,8,1
13,15,4,1,1,0,3,1,0,2,1,1,1,0,2,9,2,0,0,0,1
3,19,4,0,1,0,3,0,0,16,1,1,1,5,0,1,0,4,1,3,1
6,18,4,1,1,0,3,3,0,11,1,1,1,7,0,4,0,4,1,6,1
6,18,4,0,1,0,3,3,0,14,1,1,1,1,0,1,0,4,1,3,1
2,15,4,0,1,0,1,1,0,16,1,1,1,8,0,1,5,0,0,0,0
9,20,0,0,1,0,3,3,0,0,1,1,1,0,0,1,0,7,8,12,1
1,19,4,0,1,0,3,3,0,2,1,1,1,0,0,1,5,0,0,0,0
11,18,4,0,1,3,3,0,1,2,1,1,1,0,2,1,0,4,6,6,1
0,18,4,1,1,0,3,0,0,2,1,1,1,0,0,0,5,0,0,0,1
5,15,4,0,1,4,3,0,1,0,1,1,1,7,0,1,0,6,6,8,1
8,20,4,0,1,0,3,0,0,0,1,1,1,0,0,1,0,9,8,14,0
12,18,4,0,1,4,3,0,1,5,1,1,1,7,2,1,0,6,3,6,1
2,18,4,1,1,0,3,0,0,2,1,1,1,5,0,0,5,0,0,0,1
5,12,4,0,0,4,3,3,1,0,1,1,1,7,0,1,2,0,0,4,1
2,15,0,1,1,0,3,0,0,8,1,1,1,0,0,1,1,1,0,1,1
9,21,0,0,1,0,0,0,0,0,1,1,1,0,0,5,3,6,9,9,1
8,20,4,1,1,0,3,3,0,11,1,1,1,8,0,1,2,6,0,6,1
12,19,4,1,1,0,3,1,0,0,1,1,1,0,2,2,0,7,11,9,1
3,15,4,1,1,0,3,0,0,2,1,1,1,0,0,1,5,2,0,2,1
13,18,0,1,1,0,3,1,0,1,1,1,1,0,2,1,0,2,3,6,1
1,18,4,0,1,0,3,3,0,11,1,1,1,0,0,1,0,6,4,12,1
14,18,4,1,1,3,3,0,1,2,1,1,1,0,2,1,0,4,3,7,1
10,15,4,0,1,0,1,3,0,0,1,1,1,8,0,1,0,6,11,9,1
6,20,4,1,1,0,3,0,0,5,1,1,1,0,0,2,0,6,6,6,1
9,19,0,1,1,0,3,0,0,1,1,1,1,0,0,2,0,6,2,11,1
14,15,0,1,1,0,3,0,0,1,1,1,1,0,2,1,0,6,4,13,1
0,14,4,1,1,4,3,0,1,16,1,1,1,0,0,9,2,0,0,0,1
3,19,4,1,1,0,3,3,0,11,1,1,1,0,0,0,5,0,0,0,0
5,15,4,0,1,0,0,3,1,9,1,1,1,0,0,5,3,5,4,8,1
10,17,4,1,1,0,3,1,0,2,1,1,1,5,0,1,5,0,0,2,1
5,19,4,0,1,0,3,1,0,2,1,1,1,0,0,1,0,2,6,4,1
5,17,0,1,1,0,3,3,0,9,1,1,1,0,0,0,5,0,0,0,1
2,15,4,1,1,0,3,0,0,2,1,1,1,0,0,1,0,3,5,6,1
5,15,4,1,1,0,3,1,0,2,1,1,1,0,0,1,0,6,6,6,1
12,20,4,0,1,0,3,2,0,5,1,1,1,0,2,1,0,6,3,10,0
7,16,0,1,1,4,3,0,1,0,1,1,1,5,0,0,5,0,0,0,0
12,20,4,1,1,0,3,3,0,0,1,1,1,5,2,2,0,8,4,13,1
1,19,4,0,1,0,3,3,0,2,1,1,1,0,0,1,0,2,5,2,1
2,14,0,1,1,4,3,0,1,0,1,1,1,7,0,1,5,6,0,2,0
9,18,4,1,1,0,3,3,0,0,1,1,1,1,0,1,0,6,6,9,1
7,15,4,0,1,4,3,0,1,7,1,1,1,0,0,1,0,5,3,7,1
12,20,2,1,1,0,3,0,0,0,1,1,1,0,2,4,0,6,4,12,0
13,21,4,1,1,0,3,1,0,9,1,1,1,0,2,1,5,1,0,1,1
4,20,4,1,1,0,3,0,0,0,1,1,1,0,0,1,0,6,0,9,0
15,20,4,0,1,4,3,3,1,2,1,1,1,0,2,2,0,4,1,2,1
0,18,4,1,1,0,3,0,0,16,1,1,1,0,0,0,5,0,0,0,0
8,21,4,1,1,0,3,0,0,0,1,1,1,5,0,1,0,6,2,13,0
0,18,4,0,1,0,3,2,0,2,1,1,1,8,0,1,0,3,6,4,1
1,12,4,0,1,4,3,0,0,11,1,1,1,0,0,1,0,6,5,14,1
1,18,4,1,1,0,3,0,0,2,1,1,1,0,0,1,5,0,0,0,1
11,15,4,0,1,3,3,0,1,2,1,1,1,5,2,0,5,0,0,0,1
6,15,4,1,1,4,3,0,1,0,1,1,1,0,0,4,0,1,1,1,1
8,19,4,0,1,0,3,3,0,2,1,1,1,7,0,3,5,0,0,0,1
11,17,0,1,1,3,3,3,1,1,1,1,1,0,2,1,0,9,5,12,0
13,23,4,0,1,3,3,3,1,0,1,1,1,0,2,7,0,8,11,13,1
3,15,4,0,1,0,3,0,0,2,1,1,1,1,0,1,0,3,3,3,0
0,18,4,1,1,0,3,0,0,16,1,1,1,0,0,0,5,0,0,0,0
4,15,4,0,1,0,3,0,0,0,1,1,1,0,0,1,0,6,8,5,0
13,20,4,0,1,0,3,0,0,0,1,1,1,0,2,3,0,6,8,14,1
0,17,4,0,1,0,3,0,0,2,1,1,1,0,0,1,5,6,0,3,1
5,17,4,0,1,0,3,0,0,0,1,1,1,0,0,1,0,9,2,10,0
3,15,4,1,1,0,3,0,0,16,1,1,1,5,0,0,5,0,0,0,1
9,20,4,1,1,0,3,1,0,12,1,1,1,0,0,6,0,6,0,8,1
6,17,4,1,0,0,3,0,0,0,1,1,0,0,0,1,5,0,0,0,0
9,14,4,0,1,4,3,0,1,2,1,1,1,5,0,0,5,0,0,5,1
6,20,4,0,1,0,3,0,0,2,1,1,1,0,0,1,0,6,2,12,1
7,15,4,1,1,0,3,0,0,0,1,1,1,7,0,1,0,6,4,11,0
4,20,4,0,1,0,3,0,0,11,1,1,1,5,0,1,0,8,6,12,0
1,18,4,0,1,0,0,0,0,16,1,1,1,2,0,5,3,6,5,6,1
7,20,0,1,1,0,3,0,0,1,1,1,1,0,0,1,0,1,1,4,1
8,15,4,0,1,4,3,0,1,2,1,1,1,7,0,1,0,6,4,2,1
0,18,4,1,1,0,3,0,0,16,1,1,1,0,0,0,5,0,0,0,0
13,20,0,1,1,0,3,0,0,0,1,1,1,1,2,1,0,6,6,7,0
13,7,4,0,0,0,1,0,0,2,0,0,1,7,2,8,2,0,0,2,1
14,18,4,0,1,4,3,0,1,9,1,1,1,0,2,1,0,6,0,7,1
11,20,4,1,1,0,3,1,0,2,1,1,1,0,2,2,0,6,4,11,1
3,21,4,0,1,0,3,0,0,14,1,1,1,0,0,1,0,6,8,12,1
11,20,4,1,1,0,3,1,0,2,1,1,1,0,2,1,2,4,0,5,1
8,20,4,0,1,0,3,0,0,0,1,1,1,7,0,1,0,6,4,13,1
15,18,4,1,1,0,3,3,0,11,1,1,1,0,2,1,0,4,2,5,1
13,18,0,0,1,0,3,0,0,1,1,1,1,0,2,1,0,5,0,3,1
2,15,0,0,1,0,0,0,0,16,1,1,1,0,0,5,3,9,1,6,0
0,15,4,1,1,4,3,0,1,16,1,1,1,0,0,1,0,2,4,2,1
9,15,4,0,1,4,3,1,1,16,1,1,1,0,0,1,5,6,0,8,0
10,21,4,1,1,0,3,1,0,12,1,1,1,0,0,1,0,4,10,8,0
6,11,4,0,1,0,3,0,0,15,1,1,1,7,0,1,5,9,0,0,1
10,20,4,1,1,0,3,1,0,12,1,1,1,0,0,1,0,4,7,8,0
6,18,4,0,1,0,3,0,0,12,1,1,1,0,0,1,0,4,2,5,0
1,18,4,0,1,0,3,0,0,16,1,1,1,0,0,1,5,1,0,2,1
11,17,0,0,1,0,3,0,0,0,1,1,1,0,2,4,0,6,4,12,1
9,20,4,1,1,0,3,3,0,0,1,1,1,0,0,1,0,8,6,14,1
8,15,4,0,1,0,3,0,0,2,1,1,1,0,0,1,5,0,0,0,1
13,18,4,1,1,0,3,0,0,0,1,1,1,7,2,1,0,4,2,4,1
3,15,4,0,1,0,3,3,0,14,1,1,1,0,0,1,0,4,1,5,1
7,18,4,1,1,0,3,0,0,12,1,1,1,0,0,1,5,5,0,3,0
15,20,4,1,1,0,3,1,0,10,1,1,1,0,2,1,0,8,3,13,1
14,18,4,0,1,0,3,0,0,0,1,1,1,0,2,1,0,6,6,11,1
7,15,0,0,1,0,0,0,0,0,1,1,1,6,0,5,3,6,10,9,1
8,18,0,0,1,0,3,3,0,0,1,1,1,8,0,0,5,0,0,0,1
13,20,4,1,1,0,3,0,0,0,1,1,1,5,2,2,0,7,10,13,1
1,18,4,1,1,4,3,0,1,16,1,1,1,5,0,2,5,1,0,1,0
12,16,0,1,1,4,3,0,1,1,1,1,1,0,2,1,0,1,3,5,0
2,18,4,0,0,0,3,3,0,2,1,1,0,0,0,0,5,0,0,0,1
7,15,4,1,1,0,3,1,0,0,1,1,1,0,0,0,5,0,0,0,1
1,17,4,1,1,0,3,3,0,16,1,1,1,0,0,9,2,2,0,5,1
6,18,4,1,1,0,3,0,0,5,1,1,1,7,0,1,0,1,6,6,1
9,20,4,0,1,0,3,0,0,0,1,1,1,1,0,3,0,6,6,14,0
11,22,0,0,1,0,3,0,0,15,1,1,1,8,0,2,5,7,0,0,0
3,17,4,0,1,0,3,0,0,2,1,1,1,7,0,1,0,1,2,2,1
0,18,4,0,1,0,3,1,0,0,1,1,1,8,0,3,0,2,0,3,0
1,18,4,0,1,4,3,0,1,2,1,1,1,5,0,1,0,6,6,10,1
7,20,0,1,1,1,3,0,0,14,1,1,1,0,0,7,0,5,10,9,0
13,15,0,1,1,0,3,0,0,1,1,1,1,0,2,1,0,7,8,11,1
15,20,4,0,1,0,3,0,0,2,1,1,1,0,2,1,0,5,8,4,1
9,0,4,0,0,0,3,0,0,2,1,0,1,5,0,1,0,8,4,12,1
5,15,4,1,1,0,3,3,0,2,1,1,1,7,0,1,5,0,0,0,1
3,20,4,0,1,0,3,0,0,9,1,1,1,7,0,1,0,6,6,10,1
13,20,4,1,1,0,3,0,0,2,1,1,1,0,2,1,0,6,7,10,1
10,20,0,0,1,0,3,0,0,0,1,1,1,0,0,1,2,6,0,14,1
15,15,0,0,1,3,3,0,1,0,1,1,1,5,2,1,0,6,8,14,1
11,20,4,1,1,0,3,3,0,14,1,1,1,0,2,3,0,6,3,12,1
1,18,4,1,0,0,3,3,0,16,1,1,0,0,0,0,5,0,0,4,0
13,19,0,0,1,0,3,1,0,1,1,1,1,8,2,8,5,2,0,0,1
11,15,4,0,1,0,3,0,0,2,1,1,1,0,2,1,0,6,5,6,1
13,18,0,1,1,2,3,1,0,0,1,1,1,0,2,1,0,6,3,14,0
12,15,4,1,1,4,3,0,1,16,1,1,1,0,0,4,0,2,5,3,0
2,12,0,0,1,0,3,0,0,1,1,1,1,0,0,0,5,0,0,4,1
5,18,4,0,1,0,3,3,0,2,1,1,1,0,0,1,0,3,4,3,1
14,15,0,0,1,0,3,1,0,1,1,1,1,0,2,1,0,7,8,12,1
0,18,4,0,1,0,3,3,0,2,1,1,1,0,0,1,0,6,8,6,1
12,13,0,1,1,4,3,0,1,8,1,1,1,0,2,1,0,6,6,8,1
5,14,0,0,1,2,3,0,1,0,1,1,1,8,0,4,0,1,3,6,1
7,20,4,1,1,0,3,3,0,2,1,1,1,7,0,3,5,0,0,0,1
1,18,4,0,1,0,3,1,0,2,1,1,1,0,0,2,0,1,6,1,0
8,19,4,0,1,0,3,1,0,0,1,1,1,0,0,1,0,6,3,11,1
15,19,0,1,1,4,3,0,1,0,1,1,1,5,2,1,0,6,11,14,1
15,13,4,0,0,0,3,0,0,15,1,0,1,7,2,1,5,6,0,2,1
3,18,4,1,1,0,3,3,0,2,1,1,1,0,0,4,0,2,3,5,1
14,20,4,1,1,0,3,3,0,11,1,1,1,2,2,6,0,6,5,14,1
15,15,0,1,1,0,3,0,0,0,1,1,1,5,2,1,0,6,2,10,1
2,18,4,1,0,0,3,1,0,2,1,1,1,0,2,1,0,1,11,7,1
11,20,4,1,1,0,3,0,0,2,1,1,1,0,2,1,0,3,5,9,1
9,20,4,0,1,3,3,0,1,2,1,1,1,5,0,3,0,6,4,6,1
12,20,4,1,1,0,3,0,0,0,1,1,1,0,2,1,0,7,4,13,1
9,20,0,1,1,0,3,1,0,0,1,1,1,8,0,1,0,8,11,12,1
10,20,4,1,1,0,3,1,0,0,1,1,1,0,0,1,5,0,0,0,0
0,15,4,1,1,0,3,0,0,5,1,1,1,0,0,3,0,6,4,6,1
6,15,4,1,1,0,3,0,0,2,1,1,1,7,0,0,5,0,0,0,1
3,18,4,1,1,0,3,0,0,4,1,1,1,0,0,1,0,5,6,4,1
9,20,4,1,1,0,3,0,0,11,1,1,1,0,0,4,0,5,3,12,1
0,15,4,1,1,0,3,3,0,2,1,1,1,1,0,9,2,0,0,0,1
0,21,4,1,1,4,3,0,1,16,1,1,1,5,0,1,0,1,6,2,1
8,15,2,1,1,0,3,1,0,2,1,1,1,0,0,3,0,2,0,2,1
12,16,0,0,1,0,3,3,0,1,1,1,1,7,2,1,0,6,4,10,1
14,0,4,1,1,4,3,3,1,9,1,1,1,0,2,1,0,6,3,9,1
8,15,4,0,0,0,3,0,0,2,1,1,0,7,0,0,5,0,0,0,1
13,18,4,1,1,0,3,0,0,2,1,1,1,7,2,1,0,6,8,6,1
13,15,0,0,1,0,3,0,0,0,1,1,1,0,2,1,0,9,6,11,1
4,19,4,1,1,0,3,1,0,0,1,1,1,0,0,1,0,4,5,6,0
2,15,4,0,0,0,3,0,0,2,1,0,1,5,0,1,2,6,0,2,1
4,15,4,1,1,0,3,0,0,2,1,1,1,5,0,1,1,9,0,8,1
2,15,4,1,1,0,3,0,0,4,1,1,1,7,0,6,0,1,4,1,1
11,15,0,0,1,3,3,0,1,1,1,1,1,0,2,1,0,6,11,11,1
9,18,0,0,1,0,3,0,0,2,1,1,1,0,0,1,0,9,6,12,1
6,15,4,1,1,0,3,1,0,7,1,1,1,8,0,5,0,6,4,7,1
2,15,4,1,1,0,3,3,0,9,1,1,1,0,0,0,5,0,0,0,1
12,22,4,1,1,3,3,0,1,0,1,1,1,8,0,2,0,4,3,8,0
1,19,4,0,1,0,3,3,0,2,1,1,1,0,0,1,0,1,11,3,1
6,20,4,0,1,0,3,0,0,2,1,1,1,5,0,8,0,6,3,11,1
2,18,4,0,1,0,3,1,0,2,1,1,1,8,0,1,0,1,6,4,0
13,12,2,1,1,4,3,0,1,0,1,1,1,0,2,1,5,0,0,1,1
12,20,0,1,1,0,3,0,0,0,1,1,1,5,2,1,0,6,4,13,1
8,15,4,0,1,0,3,1,0,5,1,1,1,8,0,1,0,9,1,8,1
5,15,4,0,1,0,3,0,0,10,1,1,1,0,0,4,0,9,11,3,1
6,20,4,0,1,0,3,0,0,0,1,1,1,5,0,1,0,6,6,12,0
6,18,0,0,1,3,3,0,1,2,1,1,1,5,0,1,0,6,6,10,0
3,15,4,0,1,0,3,0,0,2,1,1,1,0,0,0,5,0,0,5,1
4,20,4,1,1,0,3,0,0,3,1,1,1,0,0,1,0,4,2,5,1
2,19,4,0,1,0,3,0,0,0,1,1,1,1,0,1,0,6,6,4,0
13,15,0,1,1,0,3,0,0,0,1,1,1,0,2,1,0,6,2,11,1
7,18,4,0,1,0,3,1,0,5,1,1,1,0,0,1,2,0,0,0,1
8,18,0,1,1,4,3,0,1,0,1,1,1,0,0,1,0,6,6,9,1
1,17,4,1,1,0,3,0,0,16,1,1,1,5,0,1,5,2,0,3,1
3,15,4,0,1,0,0,1,0,16,1,1,1,0,0,5,3,9,1,8,1
2,18,4,1,1,0,3,3,0,2,1,1,1,0,0,1,0,9,2,5,1
12,15,2,0,1,0,1,0,0,2,1,1,1,0,2,1,0,6,7,7,1
7,15,0,0,1,0,3,0,0,1,1,1,1,0,0,7,1,9,0,14,1
14,15,2,0,1,0,3,0,0,0,1,1,1,0,2,1,0,5,6,7,1
8,16,0,0,0,4,3,0,1,8,1,1,1,2,0,1,0,7,4,5,1
2,18,4,1,1,0,3,0,0,2,1,1,1,8,0,1,0,5,2,5,0
8,17,4,1,1,0,3,0,0,0,1,1,1,8,0,1,2,6,0,5,0
0,18,4,1,1,0,3,0,0,16,1,1,1,0,0,3,5,0,0,0,1
13,15,0,0,1,0,3,0,0,0,1,1,1,7,2,1,1,9,0,5,1
13,0,4,1,1,4,3,0,1,2,1,1,1,7,2,0,5,0,0,1,1
2,19,0,0,1,0,3,0,0,8,1,1,1,0,0,1,0,2,3,3,1
12,17,4,1,1,4,3,0,1,0,1,1,1,0,2,2,0,4,1,8,0
2,17,4,1,0,0,3,1,0,16,1,1,0,8,0,0,5,0,0,5,0
1,15,4,0,1,0,3,0,0,2,1,1,1,7,0,1,0,6,3,6,1
15,21,4,1,1,0,3,1,0,12,1,1,1,0,2,6,0,8,6,12,1
13,15,0,0,1,3,3,0,1,0,1,1,1,5,2,1,1,6,0,12,1
8,20,4,0,1,0,3,3,0,5,1,1,1,0,0,1,2,8,0,6,1
4,15,4,0,1,4,3,0,1,9,1,1,1,0,0,1,0,7,11,9,0
4,17,4,1,1,0,3,1,0,9,1,1,1,2,0,1,0,6,2,9,1
3,20,4,0,1,0,3,0,0,0,1,1,1,5,0,1,1,8,0,13,1
8,20,0,0,0,0,3,1,0,1,1,1,1,0,0,4,0,6,6,13,1
4,18,4,1,1,0,3,0,0,2,1,1,1,0,0,1,0,3,3,3,1
14,21,0,1,1,0,3,0,0,1,1,1,1,5,2,5,5,0,0,11,0
13,20,2,1,1,0,3,0,0,0,1,1,1,0,2,1,0,6,6,7,1
3,18,4,0,1,0,3,0,0,2,1,1,1,5,0,1,0,1,2,3,1
0,15,4,0,1,0,3,0,0,2,1,1,1,5,0,1,0,6,2,9,1
12,20,4,0,1,0,3,1,0,0,1,1,1,0,2,2,0,8,6,12,0
13,21,0,1,1,3,3,3,1,0,1,1,1,0,2,9,2,0,0,0,1
5,20,0,1,1,0,3,0,0,0,1,1,1,0,0,2,2,2,0,0,0
6,4,4,0,0,0,1,1,0,0,0,0,1,7,0,8,0,7,2,10,1
6,15,4,1,1,4,3,3,1,14,1,1,1,5,0,0,5,0,0,10,0
8,18,4,1,1,0,3,0,0,2,1,1,1,1,0,2,0,3,8,9,1
12,18,4,0,1,0,3,1,0,16,1,1,1,0,2,1,0,6,5,8,1
9,20,4,0,1,0,3,1,0,2,1,1,1,0,0,1,0,8,11,7,1
9,20,4,1,1,0,3,0,0,0,1,1,1,5,0,3,0,6,7,12,1
11,2,0,0,1,3,3,0,1,0,1,1,1,7,2,3,0,7,6,4,1
8,11,3,0,1,0,3,3,0,7,1,1,1,0,0,1,0,9,8,6,1
5,18,4,1,1,0,3,0,0,12,1,1,1,7,0,1,0,4,3,9,1
8,20,4,1,1,0,3,0,0,2,1,1,1,5,0,2,0,7,11,11,1
1,18,4,0,1,0,3,0,0,2,1,1,1,0,0,1,0,6,4,4,1
3,18,4,0,1,0,3,0,0,9,1,1,1,0,0,1,0,6,10,8,1
14,20,0,1,1,0,3,0,0,1,1,1,1,5,2,1,0,6,2,13,1
1,21,4,1,1,0,3,1,0,2,1,1,1,0,0,1,0,5,5,13,1
11,15,0,1,1,3,3,3,1,0,1,1,1,0,2,1,0,4,3,6,1
13,16,2,1,1,0,3,0,0,0,1,1,1,0,2,1,0,6,1,7,0
11,14,4,0,1,0,3,0,0,2,1,1,1,5,2,0,5,0,0,0,1
2,18,4,1,1,0,3,1,0,2,1,1,1,0,0,1,5,5,0,5,1
11,20,0,0,1,4,3,0,1,0,1,1,1,0,2,1,0,8,4,13,1
0,18,4,1,1,0,3,0,0,2,1,1,1,0,0,0,5,0,0,0,1
10,15,0,1,1,0,3,0,0,2,1,1,1,0,0,2,0,6,4,7,1
9,17,4,0,1,0,3,0,0,15,1,1,1,0,0,0,5,0,0,0,0
5,18,4,0,1,4,3,0,1,10,1,1,1,0,0,1,0,9,3,4,0
6,20,4,1,1,0,3,0,0,11,1,1,1,0,0,1,0,2,0,6,0
13,19,4,1,1,0,3,0,0,12,1,1,1,7,2,1,0,4,2,10,0
5,17,4,0,1,0,3,0,0,0,1,1,1,0,0,1,0,4,3,6,1
4,15,4,0,1,0,3,0,0,2,1,1,1,0,0,1,0,6,4,5,1
4,9,0,0,1,0,3,1,0,9,1,1,1,7,0,2,0,1,8,6,1
7,21,0,1,1,4,3,1,1,0,1,1,1,0,0,1,0,6,6,10,1
7,20,4,0,1,0,3,1,0,0,1,1,1,0,0,1,0,6,8,14,1
2,18,4,1,1,0,3,0,0,2,1,1,1,5,0,1,0,4,4,6,1
12,23,3,1,1,0,3,0,0,0,1,1,1,0,2,1,0,6,8,14,0
9,20,4,0,1,0,3,3,0,12,1,1,1,5,0,1,0,6,10,11,1
4,18,4,1,1,4,3,0,1,9,1,1,1,5,0,1,0,4,2,3,1
5,20,4,1,1,0,3,0,0,2,1,1,1,0,0,1,0,6,6,10,1
6,15,4,1,1,0,3,1,0,7,1,1,1,0,0,1,5,0,0,4,0
9,19,4,0,1,0,3,3,0,2,1,1,1,0,0,1,0,6,0,9,1
3,15,4,0,1,0,3,0,0,15,1,1,1,0,0,0,5,0,0,0,0
0,19,4,1,1,0,3,3,0,16,1,1,1,0,0,3,5,1,0,2,1
5,20,4,0,1,0,3,0,0,11,1,1,1,5,0,0,5,0,0,0,0
3,18,4,1,1,0,3,3,0,2,1,1,1,0,0,1,0,3,4,6,1
8,21,4,1,1,0,3,0,0,12,1,1,1,5,0,1,0,2,9,14,1
6,19,4,1,1,0,3,0,0,2,1,1,1,7,0,1,0,6,0,9,1
4,20,4,0,1,0,3,0,0,14,1,1,1,0,0,1,0,6,3,7,0
4,15,4,0,1,4,3,0,1,2,1,1,1,5,0,0,5,0,0,0,1
12,15,4,1,0,0,3,0,0,0,1,1,0,0,2,1,1,6,0,6,1
1,15,4,0,1,4,3,0,1,2,1,1,1,5,0,0,5,0,0,0,1
0,15,4,0,1,0,3,0,0,14,1,1,1,0,0,1,0,2,2,2,0
8,15,0,1,1,0,3,0,0,1,1,1,1,0,0,1,0,7,6,2,1
9,18,4,1,1,0,3,1,0,14,1,1,1,0,0,1,0,6,4,9,1
9,21,4,0,1,4,3,3,1,4,1,1,0,0,0,6,0,3,7,6,1
6,15,0,0,1,3,0,3,1,16,1,1,1,0,0,5,3,8,4,11,1
3,20,4,1,1,0,3,3,0,2,1,1,1,5,0,0,5,0,0,2,1
14,15,0,0,1,0,3,3,0,2,1,1,1,0,2,1,0,6,11,12,1
3,12,4,1,1,0,3,0,0,12,1,1,1,7,0,0,5,0,0,5,1
5,15,4,0,0,0,3,0,0,15,1,1,0,7,0,1,5,0,0,1,1
2,18,4,0,1,4,3,3,1,2,1,1,1,5,0,1,0,3,4,5,1
13,15,4,1,1,4,3,0,1,12,1,1,1,0,2,1,0,6,6,6,0
7,15,4,0,1,0,3,0,0,2,1,1,1,0,0,1,0,6,4,5,1
15,19,0,1,1,0,3,0,0,1,1,1,1,0,2,1,0,5,6,10,1
15,13,4,0,1,0,3,3,0,10,1,1,1,0,2,1,0,6,7,13,1
15,15,4,0,1,4,3,0,1,10,1,1,1,0,2,1,5,6,0,0,1
7,20,4,1,1,0,3,1,0,2,1,1,1,0,0,1,0,6,4,5,0
1,13,4,1,1,4,3,3,1,2,1,1,1,0,0,0,5,0,0,5,1
8,20,4,0,1,0,3,1,0,0,1,1,1,0,0,1,0,7,11,12,0
1,17,4,1,1,4,3,0,1,16,1,1,1,0,0,1,5,4,0,4,0
4,19,4,1,1,0,3,3,0,2,1,1,1,8,0,1,0,6,1,7,1
10,18,4,0,1,0,3,1,0,0,1,1,1,0,0,1,0,6,11,14,0
10,17,0,0,1,0,3,3,0,0,1,1,1,7,0,1,0,6,3,10,1
3,20,4,0,1,0,3,3,0,2,1,1,1,0,0,1,0,6,4,6,1
15,18,4,0,1,0,3,3,0,0,1,1,1,7,2,1,0,6,10,9,1
3,18,4,1,1,0,3,3,0,2,1,1,1,7,0,1,0,3,2,5,1
5,12,4,0,1,0,3,0,0,7,1,1,1,1,0,5,2,0,0,5,0
6,15,4,1,1,4,3,3,1,2,1,1,1,1,0,6,0,3,0,8,1
0,13,4,1,1,0,3,0,0,0,1,1,1,7,0,1,0,6,4,6,1
9,23,0,1,1,4,3,3,1,1,1,0,1,5,0,7,0,6,7,14,1
2,18,4,1,1,0,3,0,0,2,1,1,1,0,0,0,5,0,0,0,1
10,13,4,0,1,4,3,0,1,10,1,1,1,0,0,1,5,6,0,3,1
9,15,4,0,0,0,3,0,0,2,1,1,0,7,0,1,0,6,3,8,1
6,18,4,0,1,0,3,0,0,5,1,1,1,7,0,1,0,3,6,11,1
11,22,4,0,1,0,3,1,0,7,1,1,1,0,2,1,0,9,8,7,1
10,19,4,0,1,0,3,1,0,2,1,1,1,0,0,1,0,1,11,3,1
8,17,4,1,1,0,3,1,0,0,1,1,1,8,0,2,0,3,6,8,0
14,20,4,1,1,0,3,1,0,12,1,1,1,0,2,6,0,6,0,11,1
15,15,0,1,1,4,3,0,1,0,1,1,1,0,2,0,5,0,0,0,1
7,20,4,1,1,0,3,1,0,0,1,1,1,0,0,1,0,8,2,12,0
10,20,4,1,1,0,3,0,0,14,1,1,1,5,0,1,0,6,6,7,1
9,21,4,1,1,0,3,3,0,4,1,1,1,5,0,4,0,5,10,12,1
9,17,4,1,1,0,3,0,0,0,1,1,1,0,0,1,0,6,4,10,1
9,20,4,0,1,0,3,1,0,11,1,1,1,8,0,1,0,7,3,12,1
0,15,4,1,1,0,3,1,0,16,1,1,1,0,0,2,5,4,0,2,0
4,20,0,0,1,0,3,0,0,0,1,1,1,0,0,1,0,9,6,13,1
2,18,4,0,0,0,3,1,0,16,1,1,0,0,0,0,5,0,0,0,1
8,20,0,0,1,0,3,1,0,1,1,1,1,0,0,1,0,7,8,13,0
14,11,4,0,1,4,3,0,1,11,1,1,1,0,2,1,0,6,3,10,1
15,18,4,0,1,4,3,0,1,10,1,1,1,0,2,1,0,9,11,8,0
12,11,3,1,1,0,3,0,0,0,1,1,1,7,2,1,0,6,8,6,0
1,15,4,1,1,0,3,0,0,11,1,1,1,0,0,0,5,0,0,0,1
8,18,4,0,1,0,3,0,0,0,1,1,1,7,0,1,2,6,0,8,0
10,1,4,0,1,3,3,3,1,15,1,1,1,5,0,7,5,6,0,0,0
9,19,4,1,1,0,3,3,0,2,1,1,1,0,0,2,0,6,11,7,1
9,15,4,0,1,4,3,0,1,5,1,1,1,7,0,1,0,6,6,8,1
5,19,4,0,1,0,3,1,0,2,1,1,1,0,0,3,0,6,11,6,1
10,17,4,0,1,0,3,0,0,4,1,1,1,0,0,1,2,0,0,0,0
2,19,0,1,1,0,3,3,0,8,1,1,1,0,0,3,0,6,6,5,0
10,18,4,1,1,0,3,0,0,0,1,1,1,7,0,2,0,6,3,8,1
15,19,4,1,1,0,3,1,0,0,1,1,1,0,2,1,0,6,5,9,0
3,20,4,0,1,0,3,0,0,0,1,1,1,0,0,1,0,8,8,14,1
13,20,4,0,1,0,3,1,0,2,1,1,1,0,2,1,0,8,4,11,1
4,20,4,1,1,0,3,1,0,5,1,1,1,0,0,1,2,3,0,4,1
6,21,4,1,1,0,3,0,0,9,1,1,1,0,0,1,0,6,5,10,1
6,20,4,0,1,0,3,0,0,5,1,1,1,7,0,1,0,8,0,8,0
4,18,4,1,1,0,3,3,0,2,1,1,1,0,0,0,5,0,0,0,1
4,21,4,0,1,0,3,1,0,0,1,1,1,0,0,1,0,6,4,13,0
8,17,3,1,1,0,3,3,0,1,1,1,1,7,2,1,0,3,9,6,1
9,18,0,0,1,4,3,0,1,0,1,1,1,8,0,1,5,6,0,7,1
10,20,4,0,1,0,3,3,0,0,1,1,1,0,0,1,5,6,0,6,0
13,20,4,1,1,0,3,0,0,2,1,1,1,1,2,2,0,1,2,4,1
13,19,4,0,1,0,3,3,0,12,1,1,1,1,2,1,0,6,2,11,0
4,20,4,0,1,0,3,3,0,2,1,1,1,0,0,1,2,0,0,0,1
9,13,4,0,0,0,3,3,0,2,1,1,0,0,0,1,5,0,0,4,1
12,15,0,0,1,0,1,3,0,1,1,1,1,0,2,1,0,6,7,9,1
9,16,1,0,1,0,0,1,0,0,1,1,1,6,0,1,3,5,7,9,0
0,18,4,1,1,0,3,1,0,2,1,1,1,0,0,0,5,0,0,0,1
2,17,4,0,1,0,3,0,0,0,1,1,1,7,0,1,0,6,3,11,0
12,0,3,1,1,0,3,3,0,2,1,1,1,0,2,1,0,6,4,6,1
9,21,4,0,1,0,3,1,0,0,1,1,1,1,0,1,0,6,11,10,0
5,19,4,0,1,0,3,1,0,0,1,1,1,8,0,1,0,6,11,10,0
1,15,4,1,1,3,3,0,1,2,1,1,1,7,0,0,5,0,0,0,1
1,15,4,0,1,0,3,0,0,2,1,1,1,0,0,1,0,2,2,2,1
10,15,4,0,1,0,3,0,0,2,1,1,1,0,0,1,2,6,0,5,1
10,21,4,1,1,0,3,0,0,2,1,1,1,0,0,1,0,6,4,13,1
2,18,4,0,1,0,3,0,0,2,1,1,1,7,0,1,0,4,3,5,0
2,17,4,0,1,0,3,1,0,16,1,1,1,0,0,0,5,0,0,0,1
13,15,4,0,1,0,3,1,0,2,1,1,1,0,2,1,0,8,1,13,1
0,17,4,0,1,0,3,0,0,2,1,1,1,0,0,1,0,3,2,3,1
13,13,4,0,1,0,3,0,0,15,1,1,1,1,2,1,5,0,0,0,1
0,15,4,0,1,0,3,0,0,2,1,1,1,0,0,0,5,0,0,0,1
15,23,0,1,1,3,3,0,1,1,1,1,1,5,2,0,5,0,0,4,1
13,18,0,0,1,4,3,0,1,0,1,1,1,0,2,1,0,6,6,10,1
3,15,4,0,1,0,0,0,0,16,1,1,1,0,0,5,3,8,4,7,1
7,18,4,0,1,0,3,0,0,0,1,1,1,7,0,1,0,6,6,8,1
6,18,4,1,1,4,3,0,1,2,1,1,1,7,0,9,2,0,0,0,1
6,15,4,1,1,0,3,0,0,2,1,1,1,0,0,1,0,6,8,5,1
14,19,4,0,1,0,3,1,0,2,1,1,1,8,2,3,0,6,3,7,1
6,21,0,1,1,0,3,0,0,1,1,1,1,0,0,1,0,6,8,14,1
15,15,0,1,1,0,3,3,0,1,1,1,1,0,2,0,5,0,0,0,1
11,20,4,1,1,0,3,1,0,2,1,1,1,0,2,1,0,6,4,9,1
5,18,4,1,1,0,3,1,0,0,1,1,1,0,0,1,0,6,3,6,0
12,13,4,0,1,0,3,0,0,15,1,1,1,7,2,1,5,0,0,2,0
10,21,4,1,1,0,3,0,0,2,1,1,1,0,0,1,0,6,7,13,1
9,17,0,1,1,0,3,1,0,1,1,1,1,0,0,0,5,0,0,0,1
14,20,4,0,1,0,3,0,0,0,1,1,1,5,2,1,0,7,8,11,1
14,18,0,0,1,0,3,0,0,0,1,1,1,0,2,1,0,9,3,13,1
9,15,4,1,1,0,3,0,0,12,1,1,1,0,0,1,0,6,2,6,1
5,20,4,0,1,0,3,0,0,11,1,1,1,0,0,5,5,9,0,2,0
7,19,0,1,1,0,3,0,0,1,1,1,1,5,0,1,5,0,0,0,0
11,21,0,1,1,0,3,1,0,1,1,1,1,0,2,1,0,6,8,14,1
5,19,4,0,1,0,3,1,0,0,1,1,1,0,0,1,0,6,3,10,0
5,14,4,0,0,0,3,3,0,15,1,1,0,0,0,0,5,0,0,0,1
3,19,4,1,1,0,3,1,0,2,1,1,1,1,0,1,0,2,3,3,1
4,21,4,0,1,2,3,0,0,2,1,1,1,5,0,1,0,2,10,8,1
0,13,4,0,0,0,3,0,0,15,1,1,1,0,0,0,5,0,0,0,0
15,17,4,1,1,0,3,0,0,2,1,1,1,0,2,6,5,0,0,2,1
1,15,4,1,1,0,3,0,0,2,1,1,1,7,0,0,5,0,0,0,1
4,15,0,0,1,0,0,3,0,16,1,1,1,1,0,5,3,9,1,7,1
3,19,4,1,1,0,3,1,0,16,1,1,1,8,0,2,5,6,0,7,1
9,18,4,1,1,0,3,3,0,9,1,1,1,0,0,1,5,4,0,3,1
10,21,4,0,1,3,3,1,1,0,1,1,1,0,0,6,0,9,6,14,1
15,15,4,1,1,0,3,1,0,2,1,1,1,8,2,4,0,6,4,5,1
0,18,4,0,0,0,3,1,0,16,1,1,0,0,0,0,5,0,0,4,0
2,18,4,1,1,3,3,0,1,2,1,1,1,5,0,0,5,0,0,4,1
2,15,4,0,1,4,3,3,1,11,1,1,1,8,0,1,0,7,2,5,0
7,20,4,1,1,0,3,3,0,11,1,1,1,1,0,1,0,5,6,2,0
2,15,4,0,1,0,3,0,0,0,1,1,1,0,0,1,0,3,4,6,1
2,18,0,1,1,0,3,0,0,8,1,1,1,0,0,1,0,6,6,8,1
7,20,4,1,1,0,3,0,0,2,1,1,1,0,0,1,0,6,3,13,1
8,18,4,0,1,4,3,0,1,10,1,1,1,5,0,1,0,9,8,8,1
10,10,4,1,1,2,3,3,0,0,1,1,1,7,0,5,0,1,3,1,0
13,18,4,1,1,0,3,0,0,11,1,1,1,0,2,6,0,4,0,9,1
8,1,3,1,1,4,3,3,1,1,1,1,1,0,0,3,0,6,3,4,0
15,23,0,0,1,0,3,1,0,0,1,1,1,0,2,1,0,8,6,14,1
4,20,4,0,1,3,3,1,1,10,1,1,1,0,0,4,0,6,5,11,1
8,20,4,1,1,4,3,0,1,11,1,1,1,5,0,0,5,0,0,0,1
11,20,4,1,1,0,3,3,0,2,1,1,1,0,2,1,0,6,8,9,1
8,20,4,0,1,0,3,0,0,0,1,1,1,5,0,1,0,6,9,14,1
15,21,0,0,1,0,3,1,0,1,1,1,1,0,2,1,0,8,8,14,1
11,14,0,1,1,4,3,0,1,2,1,1,1,7,2,0,5,0,0,0,1
13,18,4,0,1,3,3,1,1,0,1,1,1,0,2,1,0,6,3,10,0
4,20,4,1,1,0,3,0,0,2,1,1,1,7,0,1,0,2,6,4,1
6,15,4,0,1,0,3,0,0,7,1,1,1,1,0,1,0,6,2,6,0
1,15,4,1,1,0,3,0,0,2,1,1,1,5,0,1,0,1,6,6,1
8,13,4,0,1,0,3,1,0,0,1,1,1,8,0,1,0,6,1,7,1
6,19,4,0,1,0,3,1,0,12,1,1,1,0,0,1,0,7,0,11,0
11,15,4,1,1,0,3,0,0,2,1,1,1,0,2,0,5,0,0,0,1
14,18,2,1,1,0,3,1,0,0,1,1,1,0,2,1,5,0,0,8,0
7,20,0,0,1,0,3,1,0,1,1,1,1,8,0,1,0,8,2,8,0
2,14,4,0,1,0,3,0,0,2,1,1,1,0,0,1,0,5,8,5,1
4,15,4,0,1,0,3,0,0,15,1,1,1,0,0,0,5,0,0,0,0
1,15,4,0,1,4,3,0,0,6,1,1,1,2,0,2,0,6,2,14,1
1,18,4,1,1,0,3,0,0,2,1,1,1,0,0,0,5,0,0,0,1
4,19,4,0,1,0,3,3,0,2,1,1,1,0,0,1,0,6,2,11,1
11,15,4,0,1,0,3,3,0,14,1,1,1,0,2,1,0,6,3,11,0
5,12,4,0,1,4,3,0,1,16,1,1,1,5,0,6,5,0,0,0,1
6,18,4,1,1,0,3,0,0,14,1,1,1,0,0,1,0,4,0,9,1
10,16,4,0,1,0,3,3,0,2,1,1,1,0,0,1,0,5,2,10,1
0,15,4,1,1,0,3,0,0,16,1,1,1,7,0,0,5,0,0,0,0
15,20,0,1,1,4,3,0,1,1,1,1,1,7,2,0,5,0,0,0,1
11,20,4,1,1,0,3,0,0,0,1,1,1,0,2,1,0,7,10,11,1
5,18,4,0,0,0,3,0,0,7,1,0,0,0,0,1,0,6,10,12,1
14,15,0,1,1,0,3,0,0,0,1,1,1,0,2,1,0,6,10,9,1
9,20,4,0,1,0,3,0,0,2,1,1,1,5,0,1,0,6,3,9,1
10,20,0,1,1,0,3,0,0,0,1,1,1,0,0,4,0,6,10,13,1
1,14,4,0,1,0,3,0,0,2,1,1,1,0,0,1,0,3,1,3,1
15,15,0,0,1,4,3,3,1,1,1,1,1,0,2,6,0,6,0,9,1
4,17,4,0,1,0,0,3,0,16,1,1,1,3,0,5,3,7,3,6,1
8,15,4,1,1,0,3,0,0,5,1,1,1,0,0,1,0,6,4,5,1
12,15,4,0,1,0,3,0,0,0,1,1,1,0,2,2,0,6,8,8,1
1,18,4,1,1,0,3,0,0,0,1,1,1,0,0,1,0,2,5,4,1
13,15,0,1,1,0,3,3,0,1,1,1,1,0,2,1,0,6,6,7,1
12,21,4,1,1,4,3,0,1,0,1,1,1,0,2,1,0,6,8,14,1
10,1,4,1,0,4,3,3,1,15,1,1,0,5,0,0,5,0,0,0,1
13,0,4,1,1,0,3,1,0,12,1,1,1,0,2,1,1,4,0,6,1
2,15,4,1,1,0,3,1,0,2,1,1,1,0,0,3,0,2,3,2,1
3,19,4,0,1,0,3,0,0,2,1,1,1,5,0,6,0,1,2,2,0
1,17,4,1,1,3,3,0,1,9,1,1,1,0,0,9,2,3,0,1,1
13,12,0,0,1,4,3,0,1,1,1,1,1,7,2,1,2,0,0,0,1
4,20,4,1,1,2,3,1,0,2,1,1,1,0,0,1,0,4,10,3,1
7,15,4,1,1,3,3,0,1,2,1,1,1,5,0,1,0,6,4,3,1
3,18,4,1,1,0,3,1,0,2,1,1,1,0,0,2,0,1,6,2,1
15,20,4,0,1,4,3,0,1,0,1,1,1,7,2,1,0,8,8,10,1
7,21,4,1,1,0,3,0,0,0,1,1,1,0,0,1,0,8,2,14,1
13,16,0,1,1,4,3,0,1,1,1,1,1,5,2,1,0,1,0,1,1
12,20,4,0,1,3,3,0,1,2,1,1,1,5,2,1,5,0,0,0,1
7,18,4,1,1,0,3,1,0,2,1,1,1,0,0,1,0,6,3,11,1
9,20,4,1,1,0,3,1,0,0,1,1,1,0,0,1,0,7,6,13,1
7,15,4,1,1,4,3,0,1,5,1,1,1,7,0,1,0,6,4,8,1
4,19,4,1,1,3,3,0,1,2,1,1,1,0,0,0,5,0,0,0,1
12,15,2,1,1,0,3,0,0,5,1,1,1,0,2,6,5,0,0,6,1
8,18,4,1,1,4,3,0,1,0,1,1,1,5,0,1,5,0,0,0,0
14,19,0,0,1,0,3,0,0,8,1,1,1,7,2,5,0,6,5,10,0
8,20,0,1,1,0,3,0,0,8,1,1,1,0,0,5,0,6,8,5,1
5,17,4,0,1,0,3,0,0,11,1,1,1,0,0,1,0,9,10,4,0
10,15,0,1,1,4,3,0,1,1,1,1,1,7,0,1,0,6,4,10,1
6,11,4,0,0,3,3,0,1,15,1,1,1,0,0,0,5,0,0,0,0
12,15,4,1,1,0,3,0,0,11,1,1,1,0,2,1,0,6,4,10,1
6,13,4,0,1,2,3,3,0,2,1,1,1,0,0,1,5,0,0,6,1
13,19,0,0,1,0,0,0,0,0,1,1,1,0,2,5,0,8,6,9,0
10,20,4,0,1,0,3,1,0,0,1,1,1,0,0,1,0,6,2,13,1
9,14,0,1,1,0,3,0,0,2,1,1,1,7,0,3,0,6,4,6,1
10,19,0,1,1,0,3,0,0,0,1,1,1,5,0,1,0,4,6,10,1
7,15,4,0,1,0,3,0,0,2,1,1,1,0,0,1,0,6,4,10,1
4,18,4,0,1,0,3,3,0,2,1,1,1,7,0,1,5,6,0,7,1
1,14,4,0,1,0,3,0,0,2,1,1,1,7,0,0,5,0,0,0,1
4,18,4,0,1,0,3,1,0,2,1,1,1,8,0,1,0,2,3,3,1
11,8,0,0,0,2,3,1,1,2,1,0,0,0,2,1,0,1,4,4,1
12,21,0,0,1,0,3,3,0,0,1,1,1,0,2,1,0,6,4,13,1
2,18,4,1,1,0,3,0,0,2,1,1,1,0,0,0,5,0,0,0,1
1,17,4,0,1,0,3,3,0,2,1,1,1,0,0,0,5,0,0,0,1
0,17,4,0,1,0,3,3,0,15,1,1,1,0,0,1,5,6,0,1,0
15,18,0,0,1,0,3,0,0,0,1,1,1,0,2,6,0,8,6,10,1
8,20,4,1,1,0,3,0,0,5,1,1,1,5,0,1,0,9,6,14,1
2,19,2,1,1,0,3,0,0,12,1,1,1,0,0,3,5,2,0,3,1
8,21,4,0,1,4,3,0,1,14,1,1,1,5,0,1,0,6,3,9,0
4,17,4,0,1,0,3,0,0,2,1,1,1,0,0,1,0,4,10,1,0
8,0,4,0,1,4,3,0,1,12,1,1,1,7,0,1,0,6,4,9,1
12,15,4,1,1,4,3,0,1,0,1,1,1,0,2,1,0,6,3,11,1
6,18,4,1,1,0,3,0,0,16,1,1,1,0,0,1,5,5,0,7,1
3,18,4,0,1,0,3,3,0,2,1,1,1,7,0,1,0,3,5,5,1
11,20,4,0,1,0,3,1,0,0,1,1,1,0,2,1,0,8,11,14,0
14,17,0,0,1,0,3,1,0,0,1,1,1,0,2,1,0,4,4,10,0
2,18,4,0,1,0,3,0,0,2,1,1,1,8,0,1,0,1,8,1,1
11,20,4,1,1,0,3,1,0,5,1,1,1,0,2,2,0,6,6,10,1
4,15,4,1,1,0,3,0,0,11,1,1,1,0,0,1,0,4,2,4,0
5,20,4,1,1,0,3,0,0,0,1,1,1,0,0,1,0,5,1,5,1
8,21,0,0,1,4,3,0,1,0,1,1,1,0,0,1,0,9,0,8,0
12,17,0,0,1,0,3,1,0,1,1,1,1,8,2,6,1,6,0,10,1
8,15,4,0,1,0,3,3,0,2,1,1,1,8,0,1,2,0,0,5,1
7,18,4,1,1,0,3,0,0,0,1,1,1,0,0,1,0,6,6,7,1
1,16,4,1,1,0,3,0,0,2,1,1,1,0,0,9,2,3,0,0,1
9,20,4,1,1,0,3,0,0,0,1,1,1,0,0,1,0,3,0,4,1
4,15,4,0,1,0,3,0,0,2,1,1,1,1,0,1,0,6,2,4,1
9,18,4,1,1,0,3,1,0,2,1,1,1,8,0,1,5,0,0,2,1
10,20,4,1,1,0,3,0,0,0,1,1,1,0,0,7,1,9,0,10,0
5,15,4,0,1,0,3,0,0,16,1,1,1,0,0,1,5,6,0,1,1
9,20,4,1,1,0,3,3,0,0,1,1,1,0,0,1,0,7,2,13,1
0,15,4,1,1,0,3,0,0,2,1,1,1,0,0,0,5,0,0,0,1
13,18,4,0,1,0,3,0,0,0,1,1,1,1,0,4,0,5,5,4,1
1,15,4,1,1,0,3,0,0,14,1,1,1,0,0,1,0,4,6,5,1
7,18,0,0,1,0,3,0,0,0,1,1,1,0,0,1,0,7,2,11,1
9,20,0,1,1,0,3,3,0,1,1,1,1,0,0,1,5,0,0,0,1
1,18,4,0,1,0,3,0,0,2,1,1,1,1,0,0,5,0,0,0,1
0,17,4,1,1,0,3,0,0,2,1,1,1,0,0,1,5,6,0,1,1
9,18,4,0,1,4,3,0,1,12,1,1,1,0,0,1,0,6,3,7,0
2,15,4,1,1,0,3,1,0,4,1,1,1,0,0,0,5,0,0,0,1
1,18,4,1,1,0,3,0,0,16,1,1,1,0,0,2,0,1,6,3,1
12,13,4,0,1,0,3,0,0,15,1,1,1,7,2,6,5,0,0,2,1
11,15,0,0,1,0,3,0,0,2,1,1,1,0,2,1,0,6,6,12,1
15,18,4,0,1,0,3,0,0,0,1,1,1,0,2,2,0,6,4,13,0
13,15,4,0,1,0,3,0,0,2,1,1,1,5,2,1,0,7,6,10,1
14,20,4,0,1,4,3,0,1,5,1,1,1,0,2,6,0,8,6,6,0
4,16,4,0,1,0,3,3,0,2,1,1,1,7,0,1,0,6,4,2,1
11,18,0,0,1,0,1,3,0,0,1,1,1,0,2,1,5,0,0,0,1
7,20,0,1,1,0,3,3,0,1,1,1,1,0,0,0,5,0,0,0,1
1,15,4,0,1,0,3,0,0,2,1,1,1,7,0,1,0,6,10,2,1
14,6,0,0,1,0,3,0,0,0,1,1,1,7,2,1,0,6,8,10,1
15,17,4,0,1,0,0,1,0,0,1,1,1,0,2,5,3,9,2,12,1
5,17,4,0,1,0,3,1,0,0,1,1,1,0,0,1,0,9,2,10,1
12,22,4,1,1,0,3,0,0,0,1,1,1,8,0,2,0,5,0,8,1
14,11,0,1,1,4,3,0,1,1,1,1,1,0,2,1,0,6,5,6,1
14,15,4,1,1,3,3,0,1,0,1,1,1,0,2,1,0,4,4,7,1
14,20,4,0,1,4,3,3,1,11,1,1,1,5,2,1,0,9,6,14,1
6,13,4,1,1,0,3,0,0,2,1,1,1,0,0,1,0,4,6,9,1
5,15,4,1,1,0,3,0,0,11,1,1,1,5,0,6,0,6,2,6,1
5,18,4,0,1,0,3,0,0,2,1,1,1,5,0,1,0,3,2,5,1
5,14,4,0,1,0,3,3,0,12,1,1,1,0,0,0,5,0,0,0,1
13,21,4,0,1,0,3,1,0,0,1,1,1,0,2,1,0,9,2,14,0
11,20,0,0,1,4,3,0,1,0,1,1,1,5,2,1,0,6,6,9,0
8,20,4,0,1,0,3,1,0,2,1,1,1,5,0,1,0,6,3,10,1
1,14,4,0,1,0,3,0,0,2,1,1,1,7,0,1,0,2,5,5,1
3,18,4,1,1,0,3,1,0,2,1,1,1,8,0,1,5,0,0,0,1
8,15,4,1,1,3,3,0,1,7,1,1,1,7,0,1,0,6,4,6,1
12,17,0,1,1,0,3,0,0,1,1,1,1,0,2,0,5,0,0,10,1
10,20,4,0,1,0,3,1,0,0,1,1,1,5,0,4,0,6,5,14,1
2,17,4,1,1,0,3,0,0,2,1,1,1,0,0,1,0,6,4,11,1
5,20,4,1,1,2,3,0,0,2,1,1,1,5,0,1,0,5,6,3,0
12,15,4,1,1,0,3,3,0,2,1,1,1,7,2,1,0,6,3,9,1
5,20,4,0,1,0,3,0,0,2,1,1,1,0,0,1,0,4,6,6,1
11,15,4,1,1,0,3,3,0,12,1,1,1,1,2,1,0,6,6,4,1
11,20,4,0,1,0,3,3,0,0,1,1,1,0,2,3,0,6,2,13,1
2,15,4,1,1,0,3,0,0,2,1,1,1,7,0,1,0,6,8,6,1
4,15,4,0,1,0,3,0,0,15,1,1,1,0,0,0,5,0,0,0,0
1,15,4,1,1,0,3,0,0,2,1,1,1,1,0,1,1,4,0,6,1
12,14,0,0,1,4,3,0,1,16,1,1,1,0,2,1,0,6,10,8,1
2,15,4,1,1,0,3,0,0,2,1,1,1,0,0,1,0,2,1,2,1
10,14,0,0,1,4,3,0,1,14,1,1,1,0,0,1,0,6,8,6,1
9,15,0,0,1,4,3,3,1,0,1,1,1,0,0,1,0,6,4,7,1
5,18,4,0,1,0,3,0,0,2,1,1,1,7,0,6,0,2,8,5,1
2,15,4,1,1,0,3,0,0,5,1,1,1,0,0,1,5,6,0,4,1
11,20,4,0,1,0,3,1,0,0,1,1,1,7,2,1,0,9,10,13,1
14,8,0,0,1,4,3,3,1,1,1,1,1,0,2,1,5,0,0,0,0
14,20,4,1,1,0,3,1,0,0,1,1,1,0,2,2,0,8,2,13,0
9,15,3,1,1,0,3,0,0,0,1,1,1,0,0,7,0,7,8,9,1
11,20,0,1,1,4,3,0,1,1,1,1,1,5,2,0,5,0,0,0,0
5,20,4,1,1,0,3,0,0,2,1,1,1,0,0,1,2,2,0,3,1
11,20,4,0,1,0,3,1,0,0,1,1,1,0,2,1,0,8,4,11,1
8,20,4,1,1,0,3,0,0,14,1,1,1,5,0,1,0,2,2,2,1
0,15,4,1,1,0,3,0,0,16,1,1,1,7,0,0,5,0,0,0,0
3,20,4,0,1,0,3,1,0,2,1,1,1,0,0,1,0,6,8,5,0
14,20,4,0,1,0,3,1,0,0,1,1,1,7,2,1,0,6,10,12,1
9,18,4,0,1,0,3,0,0,12,1,1,1,0,0,6,5,0,0,0,0
10,15,4,0,1,0,3,0,0,10,1,1,1,0,0,1,0,9,3,10,0
7,15,4,0,1,0,3,0,0,2,1,1,1,0,0,1,0,6,10,4,1
4,15,4,1,1,0,3,3,0,2,1,1,1,7,0,1,0,2,1,4,1
11,19,4,1,1,0,3,0,0,0,1,1,1,7,2,1,5,6,0,4,0
8,20,4,1,1,0,3,0,0,0,1,1,1,0,0,1,0,6,3,12,0
11,16,0,1,1,0,3,0,0,1,1,1,1,0,2,1,0,7,6,10,1
9,15,4,0,1,0,3,0,0,0,1,1,1,1,0,1,0,5,3,10,1
8,15,0,1,1,0,3,3,0,1,1,1,1,1,0,1,0,6,11,12,1
14,20,0,1,1,0,3,0,0,0,1,1,1,5,2,1,0,6,3,14,1
3,18,4,0,1,0,3,0,0,12,1,1,1,7,0,1,0,7,3,10,0
8,22,4,1,1,0,3,0,0,7,1,1,1,0,0,1,0,9,3,10,1
10,20,0,0,1,0,3,0,0,0,1,1,1,7,0,1,0,7,6,11,1
0,15,4,0,1,0,3,0,0,2,1,1,1,0,0,1,0,4,4,5,1
10,12,4,0,1,3,3,0,1,5,1,1,1,5,0,1,2,0,0,5,1
15,20,0,1,1,0,3,0,0,1,1,1,1,0,2,1,0,8,1,13,1
12,10,0,1,1,4,3,0,1,0,1,1,1,0,2,5,0,6,5,10,0
10,20,0,1,1,0,3,1,0,0,1,1,1,0,0,1,2,8,0,10,0
12,20,4,1,1,0,3,0,0,2,1,1,1,5,2,2,0,6,11,12,0
11,20,0,1,1,0,3,0,0,0,1,1,1,8,2,3,0,6,6,12,1
11,15,4,1,0,0,3,0,0,2,1,0,1,0,2,1,5,8,0,2,1
7,20,4,0,1,0,3,1,0,12,1,1,1,5,0,1,2,6,0,9,0
9,18,4,1,1,0,3,0,0,2,1,1,1,0,0,1,0,2,11,4,1
9,20,4,0,1,0,3,0,0,2,1,1,1,0,0,1,0,6,8,9,1
5,14,4,0,1,0,3,3,0,2,1,1,1,8,0,3,0,5,1,6,1
0,18,4,1,1,0,3,0,0,2,1,1,1,1,0,1,0,1,3,3,0
15,20,0,0,1,0,0,0,0,0,1,1,1,0,2,5,3,3,9,14,1
6,15,4,0,1,4,3,3,1,5,1,1,1,5,0,1,0,6,6,6,1
11,15,4,0,1,0,3,0,0,7,1,1,1,0,2,1,0,6,1,10,1
9,15,4,0,1,0,3,0,0,0,1,1,1,0,0,1,1,9,0,13,1
15,17,0,0,1,0,0,3,0,1,1,1,1,0,2,5,3,9,2,12,0
6,19,0,0,1,0,3,3,0,8,1,1,1,7,0,3,0,6,0,11,0
12,20,2,0,1,0,3,0,0,2,1,1,1,0,2,1,0,6,8,11,1
7,18,4,1,1,0,3,0,0,2,1,1,1,0,0,1,0,4,2,9,1
10,15,0,0,1,0,3,1,0,1,1,1,1,0,0,1,0,8,2,12,0
15,15,0,0,1,0,3,1,0,0,1,1,1,0,2,1,0,8,4,10,1
3,18,4,1,1,4,3,0,1,9,1,1,1,5,0,0,5,0,0,0,1
2,18,4,1,1,0,3,3,0,0,1,1,1,0,0,1,0,2,4,5,1
13,21,4,0,1,3,3,0,0,11,1,1,1,5,2,7,0,9,5,14,1
0,18,4,1,1,0,3,0,0,16,1,1,1,0,0,0,5,0,0,0,0
10,20,4,1,1,0,3,1,0,12,1,1,1,0,0,1,0,9,3,12,1
14,20,4,1,1,0,3,3,0,12,1,1,1,0,2,1,5,0,0,0,1
2,15,4,0,0,4,3,0,1,9,1,1,1,2,0,1,0,9,6,4,0
9,18,0,1,1,0,3,0,0,1,1,1,1,0,0,1,0,6,6,6,1
3,18,4,1,1,0,3,0,0,11,1,1,1,5,0,4,0,1,8,5,1
11,21,4,1,1,0,3,1,0,0,1,1,1,0,2,1,0,7,8,12,1
5,20,4,1,1,0,3,0,0,2,1,1,1,0,0,1,0,6,11,3,1
11,18,0,0,0,0,3,1,0,8,1,1,0,2,2,3,5,2,0,3,1
7,20,0,1,1,4,3,1,0,8,1,1,1,0,0,1,0,6,5,11,1
15,20,0,0,1,3,3,1,1,1,1,1,1,5,2,1,0,6,3,14,1
7,15,4,0,1,4,3,0,1,9,1,1,1,5,0,1,0,6,6,8,1
9,15,0,1,1,4,3,0,1,1,1,1,1,7,0,1,5,0,0,0,1
11,20,0,0,1,0,3,0,0,0,1,1,1,0,2,1,0,8,6,13,1
4,20,4,1,1,0,3,0,0,2,1,1,1,7,0,1,0,2,8,4,1
1,18,4,1,1,0,3,1,0,2,1,1,1,0,0,0,5,0,0,0,1
10,17,4,0,1,3,3,3,1,2,1,1,1,8,0,1,0,6,6,10,1
7,15,4,0,1,3,3,0,0,11,1,1,1,7,0,1,0,6,2,11,1
3,18,4,0,1,0,3,0,0,0,1,1,1,0,0,1,5,0,0,4,0
1,18,4,1,1,0,3,0,0,9,1,1,1,0,0,1,0,5,6,8,1
11,21,0,1,1,0,3,0,0,1,1,1,1,8,2,1,0,6,1,13,1
4,18,4,0,1,0,3,0,0,14,1,1,1,7,0,1,0,6,8,10,1
15,18,0,1,1,0,3,0,0,0,1,1,1,0,2,0,5,0,0,0,1
9,18,0,1,1,0,3,1,0,0,1,1,1,8,0,2,0,6,6,12,1
7,15,0,0,1,0,3,0,0,0,1,1,1,0,0,1,0,7,8,5,1
11,19,0,1,1,0,3,3,0,0,1,1,1,0,2,1,0,6,5,12,0
1,18,4,1,1,4,3,0,1,10,1,1,1,5,0,0,5,0,0,0,0
10,15,4,0,1,0,3,3,0,2,1,1,1,7,0,1,0,3,1,5,1
2,20,4,0,1,2,3,1,0,2,1,1,1,0,0,4,0,1,10,3,1
11,19,0,0,1,0,3,1,0,1,1,1,1,0,2,1,0,6,3,11,1
6,15,4,1,1,0,3,0,0,2,1,1,1,0,0,1,5,0,0,0,1
8,20,4,1,1,0,3,0,0,2,1,1,1,0,0,2,0,6,4,12,1
13,12,0,1,1,4,3,0,1,1,1,1,1,7,2,1,2,0,0,5,1
0,18,4,1,1,0,3,0,0,16,1,1,1,0,0,0,5,0,0,0,0
4,15,4,0,1,0,3,0,0,2,1,1,1,0,0,1,0,3,5,4,1
10,21,0,1,1,0,3,0,0,0,1,1,1,5,0,1,0,8,11,12,1
6,19,4,1,1,0,3,1,0,12,1,1,1,8,0,1,0,6,6,10,0
9,20,0,1,1,0,3,3,0,11,1,1,1,7,0,1,0,7,3,10,1
14,18,2,1,0,0,3,1,0,0,1,1,1,0,2,1,5,0,0,0,0
4,20,4,0,1,0,3,1,0,2,1,1,1,5,0,1,0,1,11,3,0
3,18,4,0,1,0,3,0,0,16,1,1,1,0,0,1,0,8,4,8,0
8,20,4,1,1,0,3,3,0,11,1,1,1,5,0,2,0,3,0,1,1
6,15,4,1,1,0,3,0,0,2,1,1,1,1,0,9,2,0,0,0,1
14,17,4,0,1,4,3,0,1,0,1,1,1,0,2,1,0,6,6,10,1
13,18,0,1,1,3,3,0,1,1,1,1,1,7,2,7,0,8,8,9,1
11,20,0,0,1,0,1,3,0,0,1,1,1,0,2,1,0,9,6,14,1
12,20,0,0,1,0,3,1,0,0,1,1,1,0,2,1,0,6,3,14,1
2,22,4,1,1,0,3,0,0,5,1,1,1,0,0,1,0,6,9,11,1
10,20,4,1,1,0,3,0,0,10,1,1,1,0,0,4,0,6,3,10,1
13,18,2,1,0,1,3,3,1,13,1,0,0,1,1,9,2,5,0,0,1
9,21,4,1,1,0,3,0,0,0,1,1,1,1,0,1,0,6,3,11,1
9,18,4,1,1,4,3,0,1,2,1,1,1,5,0,1,0,5,0,8,1
13,19,0,1,1,0,3,0,0,1,1,1,1,1,2,5,0,6,4,7,1
13,15,4,1,1,0,3,1,0,2,1,1,1,0,2,3,0,6,11,11,1
5,17,4,0,1,0,3,0,0,2,1,1,1,0,0,1,0,6,1,6,1
0,17,4,1,1,0,3,0,0,16,1,1,1,5,0,0,5,0,0,0,0
6,20,4,0,1,4,3,0,1,14,1,1,1,0,0,1,0,6,6,9,0
0,18,4,0,1,0,3,0,0,0,1,1,1,0,0,1,5,1,0,1,1
1,18,4,0,1,0,3,1,0,4,1,1,1,0,0,1,0,5,6,6,1
14,18,4,1,1,0,3,0,0,2,1,1,1,7,2,1,0,6,4,4,1
2,18,4,1,1,3,3,0,1,16,1,1,1,5,0,1,5,2,0,2,0
8,19,4,0,1,0,3,1,0,0,1,1,1,0,0,2,0,6,3,10,1
8,13,4,0,1,0,3,1,0,2,1,1,1,0,0,1,0,6,8,6,1
13,20,4,1,1,0,3,0,0,0,1,1,1,5,0,2,0,8,8,14,0
15,18,2,0,1,3,3,2,1,0,1,1,1,0,2,3,0,6,1,10,1
9,18,4,1,1,4,3,0,1,0,1,1,1,5,0,1,2,6,0,8,1
3,19,4,0,1,4,3,0,1,2,1,1,1,5,0,1,0,6,6,9,1
13,18,4,1,1,0,3,0,0,2,1,1,1,7,2,1,0,1,2,5,1
1,15,4,0,1,0,0,1,0,16,1,1,1,6,0,5,3,5,1,6,1
14,21,0,0,1,0,3,1,0,0,1,1,1,0,2,1,0,8,5,14,1
14,16,0,1,1,0,3,2,0,1,1,1,1,4,2,1,5,5,0,4,1
8,18,4,1,1,0,3,0,0,11,1,1,1,2,0,1,0,6,6,11,1
13,0,0,0,1,0,3,0,0,8,1,1,1,7,2,1,0,6,4,6,1
15,20,0,1,1,0,3,1,0,0,1,1,1,0,2,4,0,6,1,11,1
5,15,0,1,1,0,3,0,0,0,1,1,1,7,0,0,5,0,0,0,1
0,18,4,1,1,4,3,0,1,2,1,1,1,5,0,1,0,1,6,1,1
2,18,4,0,1,0,3,1,0,4,1,1,1,0,0,1,0,9,6,9,1
6,18,4,0,1,0,3,0,0,2,1,1,1,0,0,1,0,6,6,10,1
0,17,4,1,1,0,3,3,0,11,1,1,1,0,0,1,0,4,8,3,1
4,20,4,1,1,0,3,0,0,14,1,1,1,0,0,1,0,6,4,9,0
14,21,4,1,1,3,3,0,1,0,1,1,1,1,2,9,2,0,0,0,1
1,15,4,0,1,3,3,1,1,2,1,1,1,0,0,2,0,2,3,2,1
15,20,0,0,1,0,3,0,0,0,1,1,1,0,2,4,0,8,10,14,1
10,15,0,1,1,0,3,0,0,1,1,1,1,7,0,1,0,6,4,12,1
1,18,4,0,0,0,3,0,0,2,1,1,0,0,0,0,5,0,0,0,1
1,15,4,0,0,0,3,0,0,15,1,1,0,1,0,0,5,0,0,0,1
13,15,0,0,1,0,1,3,0,0,1,1,1,0,2,1,0,9,11,12,1
10,17,0,1,1,3,3,0,1,2,1,1,1,0,0,1,0,4,8,5,1
1,14,4,0,1,4,3,0,1,14,1,1,1,0,0,1,5,0,0,0,0
7,20,4,0,1,0,3,3,0,0,1,1,1,7,0,1,0,8,4,12,0
6,20,4,1,1,0,3,0,0,2,1,1,1,5,0,1,0,6,6,11,1
14,20,4,0,1,0,3,0,0,0,1,1,1,5,2,1,0,6,8,14,1
6,15,4,0,0,0,3,1,0,2,1,1,0,0,0,1,5,0,0,4,1
4,15,4,0,1,0,3,1,0,16,1,1,1,8,0,1,5,6,0,7,0
13,21,0,1,1,4,3,0,1,1,1,1,1,0,2,1,0,6,3,9,0
13,17,0,1,1,0,3,0,0,2,1,1,1,0,2,1,0,6,6,10,1
7,20,4,1,1,0,3,3,0,3,1,1,1,0,0,2,5,4,0,3,1
14,15,4,0,1,4,3,0,1,0,1,1,1,5,2,0,5,0,0,5,1
13,17,4,1,1,0,3,3,0,2,1,1,1,0,2,1,0,6,6,11,1
3,18,4,0,1,0,3,0,0,2,1,1,1,7,0,1,0,6,3,6,1
3,15,0,0,1,0,3,3,0,14,1,1,1,0,0,1,0,4,4,6,1
0,13,4,1,1,0,3,0,0,16,1,1,1,0,0,2,5,1,0,6,1
3,15,4,1,1,4,3,0,1,9,1,1,1,2,0,1,0,6,3,9,1
8,18,4,0,1,0,3,1,0,2,1,1,1,0,0,1,0,6,3,10,1
7,18,4,0,1,2,3,0,0,12,1,1,1,0,0,1,0,7,11,13,1
7,20,4,0,1,2,3,0,0,2,1,1,1,0,0,1,0,6,3,8,1
8,15,0,0,1,4,3,0,1,9,1,1,1,0,0,1,0,6,6,9,1
8,17,0,0,1,0,3,3,0,0,1,1,1,8,0,1,1,6,0,11,1
2,16,4,1,1,0,3,1,0,0,1,1,1,8,0,1,5,3,0,4,0
9,19,4,0,1,0,3,0,0,2,1,1,1,7,0,3,0,8,3,6,1
4,20,4,1,1,0,3,1,0,2,1,1,1,5,0,2,0,6,6,10,1
13,5,0,1,1,4,3,3,1,4,1,1,1,0,2,3,1,6,0,14,1
3,18,4,1,1,0,3,3,0,2,1,1,1,7,0,1,0,6,3,9,1
2,15,4,1,1,0,3,0,0,2,1,1,1,7,0,0,5,0,0,0,1
7,15,4,0,1,0,3,1,0,2,1,1,1,0,0,1,0,6,7,6,1
9,15,4,0,0,0,3,1,0,5,0,1,1,0,0,1,0,6,6,10,1
1,13,4,0,1,0,3,0,0,15,1,1,1,1,0,1,5,0,0,0,0
9,3,0,1,0,3,3,3,1,15,1,0,1,7,0,1,1,6,0,1,1
2,15,4,1,1,0,3,3,0,4,1,1,1,0,0,1,0,6,10,4,1
12,15,0,1,1,0,3,0,0,1,1,1,1,7,2,1,0,6,3,11,1
14,6,0,1,1,3,3,0,1,16,1,1,1,8,2,9,2,0,0,0,0
13,12,3,1,1,0,3,0,0,0,1,1,1,1,2,1,0,6,8,13,1
9,18,1,0,1,0,0,1,0,0,1,1,1,1,0,5,3,9,5,9,0
8,19,4,1,1,0,3,0,0,2,1,1,1,1,0,1,0,3,8,8,1
4,20,4,1,1,0,3,0,0,0,1,1,1,0,0,1,0,3,2,11,0
8,18,4,1,1,0,3,3,0,2,1,1,1,0,0,2,0,6,4,7,1
5,15,4,0,0,0,3,0,0,2,1,1,0,7,0,0,5,0,0,3,1
6,18,0,1,1,0,3,0,0,1,1,1,1,5,0,0,5,0,0,12,1
14,15,4,1,0,0,3,0,0,0,1,1,0,0,2,3,0,6,4,4,0
4,18,4,1,1,0,3,0,0,9,1,1,1,0,0,1,0,3,2,8,1
9,20,0,1,1,3,3,0,1,8,1,1,1,0,0,4,5,0,0,0,1
13,18,4,1,1,4,3,0,1,0,1,1,1,5,2,1,0,6,2,9,1
0,18,4,1,1,0,3,0,0,16,1,1,1,0,0,0,5,0,0,0,0
1,18,4,0,1,0,3,3,0,2,1,1,1,1,0,1,0,3,2,4,1
14,17,0,0,1,3,3,0,1,0,1,1,1,0,2,1,0,6,2,10,1
1,18,4,0,1,4,3,0,1,2,1,1,1,5,0,1,0,1,9,2,1
4,20,4,0,1,0,3,1,0,2,1,1,1,8,0,1,0,2,0,4,1
14,19,4,1,1,0,3,3,0,0,1,1,1,0,2,1,5,0,0,0,1
14,20,0,1,1,0,3,3,0,1,1,1,1,0,2,2,0,6,1,9,1
2,15,4,0,1,0,3,0,0,2,1,1,1,0,0,1,2,2,0,4,0
9,18,3,1,1,1,3,0,1,1,1,1,0,7,1,6,0,5,10,6,1
13,8,0,0,1,2,3,0,0,2,1,1,1,0,2,1,1,6,0,12,1
1,15,4,0,1,0,3,0,0,2,1,1,1,7,0,1,2,1,0,2,1
6,18,4,1,1,0,3,0,0,12,1,1,1,7,0,1,0,5,0,6,1
15,20,4,1,1,0,3,0,0,2,1,1,1,0,2,1,0,6,4,13,1
9,18,0,1,1,0,3,1,0,0,1,1,1,0,0,1,5,0,0,0,1
2,15,4,0,1,4,3,0,1,2,1,1,1,0,0,1,2,6,0,3,1
2,18,4,0,1,0,3,0,0,2,1,1,1,0,0,1,2,1,0,3,1
3,19,4,0,1,0,3,0,0,2,1,1,1,0,0,1,0,8,8,11,1
2,16,4,1,1,0,3,0,0,11,1,1,1,0,0,1,0,6,4,4,0
1,15,4,1,0,0,3,0,0,16,1,1,0,1,0,0,5,0,0,4,1
10,5,4,0,1,3,3,0,1,2,1,1,1,5,0,0,5,0,0,14,1
11,23,0,0,1,0,3,3,0,1,1,1,1,0,2,1,0,6,8,13,1
14,17,4,1,1,0,3,0,0,2,1,1,1,0,2,0,5,0,0,10,1
5,18,4,0,1,0,3,1,0,2,1,1,1,0,0,1,0,3,3,9,1
4,18,4,0,1,0,3,0,0,11,1,1,1,5,0,1,0,4,4,3,0
2,18,4,0,1,0,3,1,0,2,1,1,1,8,0,1,0,6,2,6,0
12,15,4,0,1,0,3,3,0,2,1,1,1,0,2,1,0,6,5,9,1
11,20,0,1,1,0,3,3,0,1,1,1,1,0,2,0,5,0,0,0,1
7,16,4,1,1,0,3,3,0,3,1,1,1,0,0,1,0,6,1,13,1
10,18,4,0,0,0,3,0,0,15,1,1,1,2,0,1,5,0,0,0,1
13,20,0,1,1,4,3,0,1,0,1,1,1,5,2,1,0,6,6,14,1
3,20,4,0,1,0,3,0,0,12,1,1,1,0,0,1,0,8,6,9,0
9,20,4,1,1,0,3,1,0,2,1,1,1,0,0,3,0,6,7,7,1
6,20,4,1,1,0,3,1,0,11,1,1,1,5,0,1,0,6,4,12,0
9,14,0,0,1,4,3,1,1,0,1,1,1,0,0,1,0,6,3,4,1
7,18,4,1,1,4,3,0,1,10,1,1,1,5,0,1,0,6,3,10,1
11,21,0,0,1,0,3,0,0,0,1,1,1,0,2,3,0,6,2,12,1
15,20,0,1,1,3,3,0,1,0,1,1,1,5,2,1,0,7,6,12,1
15,20,4,0,1,3,3,3,1,10,1,1,1,5,2,1,0,6,7,13,1
9,20,4,1,1,0,3,3,0,12,1,1,1,5,0,1,0,7,11,12,1
0,19,4,1,1,0,3,1,0,2,1,1,1,0,0,1,0,2,0,4,1
0,15,4,0,1,0,1,1,0,6,1,1,1,8,0,1,0,8,8,14,1
2,19,4,0,1,0,3,1,0,2,1,1,1,4,0,3,0,5,7,5,1
4,18,4,0,1,0,3,0,0,14,1,1,1,0,0,1,0,6,2,7,1
9,20,4,1,1,0,3,1,0,12,1,1,1,0,0,1,0,7,6,12,1
12,19,0,1,1,1,3,0,1,1,1,1,1,0,2,2,0,5,1,2,0
1,18,4,1,1,0,3,0,0,16,1,1,1,0,0,2,5,1,0,2,0
12,19,4,0,1,0,3,3,0,11,1,1,1,7,2,1,0,7,3,11,0
7,15,4,0,1,4,3,0,1,2,1,1,1,5,0,0,5,0,0,0,1
8,20,4,1,0,0,3,0,0,16,1,1,0,1,0,0,5,0,0,3,1
11,17,0,1,1,0,3,0,0,1,1,1,1,0,2,0,5,0,0,4,0
15,23,0,0,1,3,3,0,1,0,1,1,1,5,2,1,0,6,8,14,1
12,18,4,0,1,0,3,0,0,2,1,1,1,7,2,1,0,8,10,12,1
7,16,0,1,1,0,3,3,0,1,1,1,1,0,0,1,0,1,10,3,1
0,14,4,1,1,0,3,3,0,11,1,1,1,0,0,0,5,0,0,0,1
4,12,4,0,1,0,3,0,0,0,1,1,1,7,0,1,0,6,3,9,1
10,15,4,0,1,3,3,0,1,2,1,1,1,7,0,1,0,6,6,6,1
2,18,4,1,1,3,3,0,1,2,1,1,1,0,0,4,2,1,0,3,1
4,15,0,0,1,0,3,0,0,4,1,1,1,5,0,1,5,0,0,0,1
15,18,0,0,1,0,3,2,0,0,1,1,1,0,2,1,0,6,10,12,1
4,20,4,1,1,0,3,0,0,10,1,1,1,0,0,1,0,9,0,3,0
0,18,4,1,1,3,3,0,1,16,1,1,1,5,0,0,5,0,0,0,1
0,15,4,0,1,0,3,0,0,2,1,1,1,0,0,1,0,6,2,2,1
8,21,4,1,1,0,3,1,0,0,1,1,1,0,0,3,0,9,8,12,1
13,19,0,1,1,0,3,3,0,1,1,1,1,5,2,1,0,6,4,13,0
2,18,4,0,1,0,3,0,0,0,1,1,1,0,0,5,2,7,0,5,0
3,17,4,0,1,0,3,0,0,16,1,1,1,0,0,1,0,6,1,5,0
2,16,4,0,1,0,3,0,0,3,1,1,1,0,0,0,5,0,0,0,1
8,15,0,1,1,0,3,1,0,8,1,1,1,0,0,3,0,1,3,5,1
7,20,4,0,1,0,3,0,0,2,1,1,1,0,0,2,0,6,8,8,1
11,19,0,1,1,0,3,1,0,0,1,1,1,0,2,1,0,6,3,12,1
11,14,0,0,1,0,3,0,0,0,1,1,1,0,2,1,0,6,1,11,1
3,18,4,1,1,0,3,0,0,2,1,1,1,7,0,1,0,6,5,5,1
7,20,4,0,1,4,3,1,1,0,1,1,1,0,0,1,0,7,5,11,0
12,21,0,1,1,0,3,3,0,1,1,1,1,0,2,1,1,6,0,11,0
15,20,0,1,1,4,3,0,1,1,1,1,1,0,2,1,0,6,7,11,0
12,7,0,0,0,0,1,0,0,2,0,1,1,7,2,1,0,2,5,4,1
8,13,0,1,1,4,3,0,1,8,1,1,1,7,0,1,5,0,0,0,1
2,14,4,0,1,0,3,3,0,5,1,1,1,7,0,1,2,8,0,6,1
7,18,4,1,1,0,3,1,0,4,1,1,1,0,0,9,2,0,0,0,1
2,18,4,1,1,0,3,3,0,4,1,1,1,5,0,1,0,1,6,4,1
2,15,4,1,1,0,3,0,0,0,1,1,1,0,0,0,5,0,0,0,1
4,20,4,1,1,0,3,0,0,2,1,1,1,5,0,3,0,6,4,13,1
0,18,4,1,1,0,3,0,0,2,1,1,1,0,0,0,5,0,0,0,1
4,15,4,0,1,0,3,0,0,2,1,1,1,7,0,1,0,2,1,3,1
9,20,4,1,1,0,3,0,0,11,1,1,1,0,0,6,0,2,4,5,0
6,20,4,1,1,3,3,0,1,11,1,1,1,0,0,1,0,6,6,11,1
9,20,4,0,1,0,3,0,0,2,1,1,1,1,0,1,0,6,8,7,1
11,21,4,1,1,0,3,1,0,0,1,1,1,5,2,2,0,6,0,13,0
8,15,4,0,0,0,3,0,0,0,1,1,1,7,0,1,0,6,6,8,1
14,18,4,1,1,0,3,0,0,0,1,1,1,0,2,0,5,0,0,10,1
13,21,4,1,1,0,3,0,0,2,1,1,1,0,2,1,0,6,10,13,1
4,20,4,1,1,0,3,0,0,2,1,1,1,5,0,0,5,0,0,0,1
8,20,4,0,1,3,3,0,1,2,1,1,1,5,0,3,1,2,0,4,1
13,21,0,1,1,4,3,0,1,1,1,1,1,5,2,0,5,0,0,0,1
8,15,4,0,1,4,3,0,1,0,1,1,1,7,0,0,5,0,0,0,1
9,20,0,1,1,0,3,1,0,1,1,1,1,8,0,1,0,6,3,10,0
3,15,0,0,1,0,3,0,0,2,1,1,1,0,0,0,5,0,0,0,1
3,18,4,1,1,0,3,1,0,2,1,1,1,0,0,1,0,2,6,6,1
3,20,4,1,1,3,3,0,1,2,1,1,1,5,0,1,0,6,6,6,1
14,18,2,0,1,4,3,0,1,1,1,1,1,5,2,1,0,6,8,11,1
1,18,4,1,1,0,3,0,0,2,1,1,1,7,0,0,5,0,0,0,1
3,15,4,0,1,0,3,3,0,2,1,1,1,0,0,1,0,6,8,6,1
14,18,0,1,1,0,3,0,0,1,1,1,1,0,2,1,0,5,2,8,1
6,15,0,0,1,0,3,0,0,2,1,1,1,7,0,1,0,6,11,9,1
12,11,3,1,1,0,3,0,0,0,1,1,1,7,2,6,0,1,8,2,1
1,15,4,0,1,0,0,3,0,16,1,1,1,0,0,5,3,9,2,6,0
4,13,4,0,1,0,3,0,0,15,1,1,1,1,0,0,5,0,0,0,0
2,15,4,0,1,0,3,0,0,2,1,1,1,0,0,1,0,1,4,2,1
5,18,4,1,1,0,3,3,0,2,1,1,1,1,0,4,0,4,4,2,1
0,15,4,1,1,0,3,0,0,16,1,1,1,5,0,1,1,6,0,6,1
14,17,2,0,1,0,2,0,0,0,1,1,1,0,2,1,0,6,4,13,1
5,20,4,1,1,0,3,0,0,0,1,1,1,0,0,6,5,1,0,1,0
10,23,0,1,1,0,3,3,0,1,1,1,1,0,0,7,0,6,8,13,1
14,20,0,1,1,3,3,0,1,0,1,1,1,5,2,1,0,7,5,12,1
6,19,0,1,1,0,3,0,0,1,1,1,1,0,0,2,0,6,2,11,1
9,18,4,1,0,0,3,1,0,2,1,1,0,0,0,1,0,3,7,8,1
10,18,0,0,1,0,3,3,0,0,1,1,1,7,0,1,0,6,2,8,1
8,4,2,0,0,3,3,2,1,0,1,0,1,7,0,9,2,6,0,1,1
5,18,4,1,1,0,3,0,0,10,1,1,1,0,0,1,0,6,8,11,0
3,20,4,1,1,0,3,0,0,9,1,1,1,5,0,1,0,6,6,8,1
15,21,0,0,1,3,3,0,1,0,1,1,1,5,2,1,0,6,3,13,1
8,21,0,1,1,4,3,0,1,1,1,1,1,0,0,1,0,2,8,8,1
0,15,4,1,1,0,3,0,0,2,1,1,1,0,0,1,0,6,8,3,1
4,15,4,1,1,0,3,0,0,11,1,1,1,7,0,1,0,2,8,5,1
3,20,4,1,1,0,3,0,0,2,1,1,1,7,0,1,0,4,4,6,1
9,0,4,0,0,0,3,3,0,11,1,1,0,0,0,1,0,3,4,6,1
7,20,0,1,1,0,3,0,0,0,1,1,1,0,0,3,0,6,3,11,1
11,20,4,1,1,0,3,1,0,0,1,1,1,0,2,2,0,6,0,11,1
0,18,4,1,1,0,3,1,0,2,1,1,1,0,0,1,1,4,0,2,1
5,20,4,1,1,0,3,0,0,11,1,1,1,1,0,0,5,0,0,0,1
1,15,4,0,1,0,3,0,0,2,1,1,1,0,0,0,5,0,0,0,1
10,20,0,0,1,0,3,0,0,1,1,1,1,0,0,6,0,6,0,6,0
9,18,4,1,1,0,3,0,0,2,1,1,1,0,0,0,5,0,0,0,1
7,16,0,0,1,0,3,3,0,1,1,1,1,0,0,1,0,7,2,3,1
5,20,4,1,0,0,3,3,0,2,1,1,0,7,0,1,2,6,0,3,1
14,20,0,1,1,0,3,0,0,0,1,1,1,7,2,3,0,6,2,13,1
13,17,0,1,1,0,3,1,0,0,1,1,1,8,2,1,5,2,0,1,1
11,21,0,1,1,0,3,0,0,1,1,1,1,0,2,1,0,6,8,12,0
15,20,4,0,1,0,3,0,0,2,1,1,1,7,2,1,2,6,0,5,1
11,20,0,1,1,0,3,0,0,0,1,1,1,0,2,0,5,0,0,0,0
11,18,4,1,1,0,3,0,0,2,1,1,1,0,2,1,5,1,0,1,1
2,18,4,1,1,0,3,1,0,2,1,1,1,0,0,0,5,0,0,0,1
0,18,4,1,1,0,3,0,0,16,1,1,1,1,0,0,5,0,0,0,0
14,15,0,0,1,0,3,0,0,0,1,1,1,0,2,1,0,6,6,12,1
4,15,4,0,1,0,3,0,0,2,1,1,1,7,0,0,5,0,0,0,1
1,17,4,1,1,0,3,0,0,16,1,1,1,7,0,1,5,2,0,2,1
6,20,4,1,1,0,3,0,0,2,1,1,1,1,0,1,0,1,9,2,1
13,20,0,1,1,3,3,0,1,0,1,1,1,5,2,1,0,6,4,13,1
2,18,4,0,1,0,3,0,0,2,1,1,1,0,0,1,0,2,2,6,1
1,15,4,0,1,0,3,0,0,15,1,1,1,0,0,1,5,0,0,0,1
13,20,4,1,1,0,3,0,0,9,1,1,1,5,2,1,0,6,3,11,1
15,20,0,1,1,0,3,1,0,1,1,1,1,0,2,4,0,6,10,11,1
11,20,4,1,1,3,3,0,1,2,1,1,1,5,2,0,5,0,0,0,1
9,18,0,1,1,0,3,1,0,0,1,1,1,1,0,0,5,0,0,0,0
11,21,0,0,1,0,3,3,0,0,1,1,1,0,2,1,0,6,1,13,1
0,17,4,1,1,0,3,0,0,2,1,1,1,0,0,0,5,0,0,0,1
1,17,4,1,1,0,3,3,0,10,1,1,1,0,0,1,0,6,3,10,0
0,15,4,0,1,4,3,0,1,9,1,1,1,1,0,1,2,1,0,2,1
1,15,4,0,1,0,3,0,0,2,1,1,1,7,0,1,0,2,6,4,1
4,20,0,1,1,0,3,3,0,0,1,1,1,0,0,1,0,6,2,8,1
1,18,4,0,1,0,3,1,0,2,1,1,1,0,0,1,0,6,6,8,1
1,15,4,0,1,0,3,0,0,2,1,1,1,7,0,1,0,6,6,3,1
13,14,4,0,0,0,3,0,0,15,1,1,0,1,2,0,5,0,0,1,1
13,20,0,1,1,0,3,0,0,0,1,1,1,0,2,2,0,6,3,13,1
0,19,4,0,1,0,3,0,0,2,1,1,1,0,0,0,5,0,0,0,1
5,18,4,0,1,0,3,0,0,0,1,1,1,1,0,1,0,3,6,6,0
7,20,4,1,1,0,3,2,0,0,1,1,1,6,0,3,0,5,10,9,0
10,18,4,0,1,4,3,0,1,12,1,1,1,0,0,1,0,6,10,8,1
10,18,0,0,1,0,3,0,0,1,1,1,1,7,0,7,1,6,0,9,1
9,20,0,1,1,3,3,0,1,1,1,1,1,5,0,1,0,7,3,11,1
4,15,4,1,1,4,3,0,1,2,1,1,1,7,0,1,0,6,6,7,1
8,15,4,0,1,0,3,0,0,2,1,1,1,0,0,1,2,2,0,5,1
7,18,4,0,1,0,3,0,0,2,1,1,1,0,0,1,2,0,0,0,1
11,15,4,1,1,0,3,0,0,2,1,1,1,0,2,1,0,3,4,6,1
7,8,4,0,1,4,3,3,1,11,1,1,1,0,0,1,5,0,0,0,0
4,20,4,0,1,0,3,0,0,11,1,1,1,0,0,6,0,4,10,4,1
4,18,4,0,1,0,3,0,0,2,1,1,1,0,0,1,0,4,6,8,1
4,17,4,1,1,0,3,0,0,2,1,1,1,1,0,1,5,3,0,1,1
15,19,0,0,1,4,3,0,1,1,1,1,1,0,2,1,0,6,0,8,0
12,19,4,1,0,0,3,1,0,2,1,1,0,0,2,5,5,0,0,2,1
13,19,0,0,1,4,3,0,1,1,1,1,1,5,2,2,0,6,6,10,1
6,20,4,0,1,0,3,0,0,11,1,1,1,5,0,1,1,6,0,11,1
12,20,4,1,1,0,3,3,0,11,1,1,1,5,2,1,0,6,10,13,1
4,18,4,1,0,0,3,0,0,2,1,1,0,1,0,0,5,0,0,0,1
9,20,4,0,1,3,3,0,1,0,1,1,1,0,0,1,0,7,3,7,1
13,20,4,0,1,0,3,1,0,15,1,1,1,0,2,1,2,6,0,9,1
7,17,4,1,1,0,3,0,0,2,1,1,1,1,0,1,0,6,3,10,1
13,20,4,0,1,2,3,0,0,0,1,1,1,0,2,1,0,9,6,14,0
14,23,2,0,1,3,3,0,1,0,1,1,1,0,2,1,0,6,4,13,1
4,18,4,1,1,0,3,3,0,11,1,1,1,0,0,6,0,4,3,6,1
7,15,4,0,1,0,3,0,0,2,1,1,1,0,0,1,2,2,0,4,1
8,18,4,0,1,0,3,0,0,0,1,1,1,7,0,1,0,6,8,8,0
14,15,4,1,1,0,3,0,0,5,1,1,1,7,2,6,0,6,4,10,1
7,15,0,0,1,0,3,3,0,2,1,1,1,5,0,1,5,0,0,0,1
11,21,4,0,1,0,3,0,0,2,1,1,1,5,2,1,0,6,4,13,1
6,20,4,1,1,3,3,0,1,5,1,1,1,5,0,1,0,3,9,4,0
0,13,4,0,1,4,3,0,1,2,1,1,1,5,0,1,0,6,10,9,1
7,15,0,0,1,0,3,0,0,1,1,1,1,0,0,1,0,6,1,4,1
7,21,4,1,1,0,3,3,0,0,1,1,1,0,0,1,0,6,4,11,1
12,20,4,1,1,0,3,3,0,0,1,1,1,1,2,1,0,6,11,14,1
6,15,4,0,1,0,3,0,0,2,1,1,1,7,0,1,0,3,2,10,1
8,15,4,1,1,0,3,3,0,4,1,1,1,0,0,1,0,6,8,9,1
13,20,0,1,1,4,3,0,1,1,1,1,1,5,2,1,0,6,8,14,1
7,20,4,1,1,2,3,3,0,2,1,1,1,0,0,1,0,6,3,14,1
14,20,4,1,1,4,3,3,1,0,1,1,1,5,2,1,0,6,4,11,1
5,17,4,0,1,0,3,3,0,15,1,1,1,7,0,1,5,0,0,0,1
0,17,4,1,1,0,3,1,0,0,1,1,1,0,0,2,2,1,0,2,0
5,20,4,0,1,0,3,0,0,16,1,1,1,5,0,1,0,6,1,6,0
7,18,4,0,1,0,3,0,0,5,1,1,1,0,0,1,0,8,6,6,1
3,14,4,0,1,4,3,3,1,2,1,1,1,0,0,1,0,6,3,6,1
4,15,4,1,1,0,3,0,0,2,1,1,1,0,0,1,0,6,2,8,1
12,18,4,0,1,0,3,3,0,14,1,1,1,0,2,1,0,6,4,10,1
1,19,4,1,1,0,3,1,0,12,1,1,1,0,0,4,5,6,0,2,0
8,15,4,0,1,0,3,0,0,7,1,1,1,0,0,1,2,0,0,0,1
5,20,4,1,1,0,3,3,0,2,1,1,1,8,0,3,0,2,3,3,1
12,23,0,1,1,0,3,3,0,1,1,1,1,0,2,2,0,6,8,14,0
13,20,4,1,1,0,3,1,0,0,1,1,1,8,2,3,0,6,6,13,1
4,20,4,1,1,0,3,0,0,0,1,1,1,8,0,2,0,6,0,8,1
11,21,4,1,1,0,3,1,0,0,1,1,1,0,2,1,0,8,4,13,1
1,18,4,1,1,0,3,0,0,16,1,1,1,1,0,1,5,1,0,3,1
10,20,4,0,1,0,3,0,0,2,1,1,1,7,0,1,0,8,3,13,1
12,20,2,1,1,0,3,0,0,2,1,1,1,0,2,1,0,9,0,8,0
9,16,4,0,1,0,3,0,0,2,1,1,1,0,0,1,0,6,4,4,1
6,18,0,1,1,0,3,1,0,0,1,1,1,0,0,1,0,6,5,7,0
2,22,4,1,1,3,3,1,0,11,1,1,1,0,0,3,0,9,2,11,1
5,15,4,1,1,0,3,0,0,2,1,1,1,0,0,0,5,0,0,0,1
4,20,4,1,1,0,3,3,0,2,1,1,1,0,0,1,0,6,6,4,1
0,18,4,1,1,0,3,0,0,16,1,1,1,0,0,0,5,0,0,0,0
11,20,4,1,1,0,3,0,0,12,1,1,1,0,2,2,0,6,1,9,1
8,20,4,1,1,0,3,0,0,0,1,1,1,7,0,3,0,8,6,13,1
8,4,0,0,0,4,3,0,1,0,1,1,0,7,0,2,0,9,2,4,1
6,15,4,0,1,0,3,3,0,14,1,1,1,0,0,0,5,0,0,10,1
0,15,4,0,1,0,3,0,0,5,1,1,1,0,0,1,0,6,3,9,1
7,20,4,0,1,0,0,1,0,11,1,1,1,0,0,5,3,7,2,12,0
0,18,4,1,1,0,3,0,0,2,1,1,1,1,0,3,0,3,1,3,1
2,18,4,0,1,0,3,0,0,2,1,1,1,0,0,1,2,2,0,3,1
2,15,4,1,1,0,3,1,0,16,1,1,1,0,0,4,5,1,0,1,1
3,19,4,1,1,0,3,0,0,12,1,1,1,0,0,1,5,2,0,4,0
1,18,4,0,1,0,3,0,0,2,1,1,1,0,0,0,5,0,0,0,1
8,15,0,0,1,0,3,0,0,1,1,1,1,7,0,1,0,6,2,11,1
1,17,4,0,1,3,3,0,1,2,1,1,1,0,0,1,5,3,0,1,1
11,20,0,1,1,3,3,0,1,0,1,1,1,5,2,1,0,6,10,11,1
5,17,4,0,1,0,3,0,0,2,1,1,1,7,0,0,5,0,0,0,1
9,20,0,1,1,0,3,0,0,0,1,1,1,0,0,2,0,6,4,9,0
7,19,4,0,1,0,3,0,0,12,1,1,1,7,0,1,0,6,3,11,1
3,13,4,0,1,0,3,3,0,15,1,1,1,0,0,0,5,0,0,0,1
6,18,4,1,1,0,3,0,0,14,1,1,1,0,0,0,5,0,0,10,1
13,0,4,1,1,0,3,1,0,2,1,1,1,0,2,0,5,0,0,3,1
5,19,4,1,1,0,3,0,0,0,1,1,1,1,0,1,0,4,11,3,0
11,15,4,0,0,0,3,3,0,2,1,1,0,0,2,0,5,0,0,0,1
15,18,0,1,1,4,3,0,1,0,1,1,1,7,2,2,5,6,0,0,0
14,20,4,0,1,0,3,0,0,2,1,1,1,0,2,3,0,6,6,13,1
7,18,4,0,1,0,3,3,0,2,1,1,1,1,0,1,0,6,11,6,1
3,18,4,1,1,0,3,0,0,2,1,1,1,0,0,1,0,1,3,4,1
15,18,0,1,1,4,3,0,1,1,1,1,1,0,2,1,0,6,2,4,1
3,20,4,1,1,0,3,0,0,2,1,1,1,0,0,1,0,1,6,3,1
0,15,4,0,1,3,3,0,1,2,1,1,1,0,0,0,5,0,0,0,1
10,18,0,0,1,0,3,0,0,2,1,1,1,7,0,2,0,6,11,8,1
5,20,4,0,1,0,3,0,0,2,1,1,1,0,0,0,5,0,0,0,1
15,15,4,0,1,0,3,0,0,15,1,1,1,0,2,0,5,0,0,0,1
4,19,4,1,1,0,3,0,0,2,1,1,1,0,0,1,0,3,2,7,1
11,17,4,1,1,0,3,0,0,2,1,1,1,0,2,1,0,4,3,9,1
13,17,4,1,1,4,3,0,1,0,1,1,1,0,2,1,5,0,0,0,1
9,15,4,0,1,0,3,3,0,11,1,1,1,8,0,1,5,8,0,7,1
8,15,3,1,1,3,3,0,1,2,1,1,1,7,0,1,0,6,2,6,1
9,14,4,0,0,0,3,0,0,11,1,1,0,0,0,0,5,0,0,4,1
10,12,3,1,1,0,3,0,0,9,1,1,1,2,0,1,0,6,5,9,1
7,15,4,0,1,0,3,0,0,2,1,1,1,0,0,1,0,6,6,9,1
15,20,0,0,1,0,3,0,0,1,1,1,1,0,2,1,0,8,1,11,1
8,19,4,0,1,0,3,0,0,0,1,1,1,5,0,2,0,7,6,11,0
10,20,4,1,1,4,3,0,1,2,1,1,1,0,0,1,0,8,10,11,1
12,15,4,1,1,0,3,3,0,11,1,1,1,0,2,3,0,6,8,12,1
1,15,0,1,1,0,3,0,0,1,1,1,1,0,0,1,0,4,10,8,1
1,18,4,0,1,0,3,0,0,0,1,1,1,0,0,1,0,5,10,10,1
11,21,0,1,1,4,3,0,1,0,1,1,1,5,2,1,0,6,6,9,1
3,18,4,1,1,0,3,3,0,0,1,1,1,5,0,1,0,6,1,6,0
8,22,0,1,1,0,3,1,0,1,1,1,1,0,0,1,0,6,2,10,1
8,8,4,0,1,4,3,0,1,11,1,1,1,0,0,1,0,4,4,1,0
0,18,4,1,1,0,3,1,0,0,1,1,1,0,0,1,0,2,1,4,0
11,22,4,1,1,0,3,1,0,7,1,1,1,8,0,2,0,6,6,4,1
8,16,4,1,1,4,3,0,1,11,1,1,1,0,0,1,0,6,1,4,0
12,20,4,1,1,0,3,0,0,11,1,1,1,5,2,1,0,5,4,5,1
15,19,0,1,1,0,3,0,0,0,1,1,1,0,2,6,0,4,5,6,1
8,17,4,0,1,4,3,0,1,0,1,1,1,7,0,2,0,6,6,6,1
13,15,0,1,1,0,3,3,0,0,1,1,1,0,2,1,0,6,2,13,1
15,15,0,1,1,0,3,1,0,1,1,1,1,7,2,1,0,3,6,5,1
14,19,4,1,1,0,3,0,0,0,1,1,1,0,2,1,0,2,9,2,1
7,20,0,0,1,0,3,0,0,1,1,1,1,5,0,1,0,8,8,14,0
2,15,4,1,1,0,3,1,0,16,1,1,1,0,0,0,5,0,0,0,0
0,18,4,1,1,0,3,0,0,16,1,1,1,0,0,0,5,0,0,0,0
4,18,4,0,1,0,3,0,0,2,1,1,1,0,0,1,0,6,6,7,1
7,19,4,1,1,0,3,1,0,0,1,1,1,0,0,1,0,6,10,8,1
3,20,4,1,1,0,3,0,0,2,1,1,1,0,0,1,0,1,1,4,1
0,18,4,1,1,3,3,0,1,2,1,1,1,0,0,1,0,2,3,2,1
14,21,0,1,1,3,3,0,1,1,1,1,1,5,2,1,0,6,8,12,1
5,15,0,0,1,0,3,0,0,1,1,1,1,0,0,1,5,0,0,0,0
0,15,4,0,1,0,3,1,0,16,1,1,1,0,0,1,0,1,1,2,1
15,20,0,1,1,0,3,1,0,1,1,1,1,0,2,1,0,8,8,14,1
7,21,4,0,1,0,0,0,0,16,1,1,1,0,0,5,3,9,2,14,1
4,18,4,0,1,0,3,0,0,2,1,1,1,5,0,1,0,6,4,3,0
2,18,4,0,1,0,3,0,0,2,1,1,1,5,0,1,0,4,3,6,1
10,18,4,1,0,0,3,0,0,2,1,1,0,7,0,0,5,0,0,0,1
1,15,4,0,1,0,3,0,0,2,1,1,1,0,0,0,5,0,0,0,1
7,18,4,1,1,0,3,1,0,0,1,1,1,1,0,2,5,3,0,3,1
15,18,0,1,1,0,3,0,0,0,1,1,1,0,2,4,0,9,4,5,1
4,15,4,0,1,0,3,3,0,2,1,1,1,0,0,0,5,0,0,0,1
7,16,4,0,1,0,3,0,0,0,1,1,1,0,0,1,0,6,1,8,1
2,14,4,0,1,0,3,0,0,2,1,1,1,7,0,0,5,0,0,2,1
12,21,4,0,1,0,3,0,0,0,1,1,1,0,2,2,0,7,8,12,0
3,20,4,0,1,0,3,1,0,2,1,1,1,0,0,1,0,5,5,7,1
1,18,4,1,1,0,3,3,0,2,1,1,1,0,0,0,5,0,0,0,1
5,18,4,0,1,0,3,0,0,9,1,1,1,7,0,1,0,9,11,3,0
0,0,4,1,1,0,3,0,0,2,1,1,1,7,0,0,5,0,0,0,1
8,5,0,0,1,4,2,0,1,2,1,1,1,0,0,1,1,4,0,0,1
0,18,4,0,1,0,3,0,0,2,1,1,1,0,0,0,5,0,0,0,1
15,18,0,1,1,3,3,0,1,0,1,1,1,8,2,1,0,6,8,6,1
12,18,0,0,1,0,3,3,0,1,1,1,1,7,2,1,0,6,3,9,1
9,0,3,1,1,0,3,0,1,9,1,1,1,1,0,6,0,3,4,3,1
15,14,0,1,1,0,3,0,0,9,1,1,1,7,2,1,0,6,2,12,1
9,19,4,1,1,4,3,0,1,12,1,1,1,7,0,1,5,2,0,4,1
1,15,4,1,1,0,3,0,0,2,1,1,1,0,0,0,5,0,0,0,1
5,18,4,1,1,4,3,0,1,11,1,1,1,0,0,1,5,0,0,0,0
3,18,1,1,1,0,1,1,0,14,1,1,1,0,2,1,0,9,2,9,1
14,15,4,0,1,0,3,0,0,0,1,1,1,1,2,1,0,6,10,14,1
9,20,4,0,1,0,3,0,0,0,1,1,1,0,0,1,0,6,6,9,1
9,21,0,1,1,0,3,1,0,1,1,1,1,0,0,1,0,7,8,14,0
5,20,0,1,1,0,3,1,0,0,1,1,1,0,0,6,0,4,0,8,1
9,20,4,1,1,0,3,1,0,2,1,1,1,0,0,1,0,6,11,9,0
6,20,4,0,1,3,3,0,1,0,1,1,1,5,0,3,0,4,6,6,1
14,18,0,0,0,3,3,0,1,8,1,1,0,7,1,5,1,2,4,5,1
2,0,4,1,1,0,3,0,0,12,1,1,1,7,0,1,0,6,4,3,1
6,21,4,1,1,0,3,0,0,0,1,1,1,0,0,2,0,8,6,13,1
12,21,4,0,1,0,3,0,0,0,1,1,1,5,2,2,0,8,8,14,1
10,21,4,0,1,4,3,0,1,5,1,1,1,5,0,0,5,0,0,14,1
6,19,4,0,1,0,3,1,0,2,1,1,1,0,0,1,0,1,6,5,0
0,18,4,1,1,0,3,3,0,14,1,1,1,0,0,1,5,0,0,0,0
12,21,0,1,1,4,3,0,1,1,1,1,1,5,2,0,5,0,0,0,1
14,11,0,0,1,4,3,0,1,1,1,1,1,0,2,1,0,6,10,14,1
4,12,4,0,1,0,3,0,0,15,1,1,1,1,0,1,5,0,0,1,0
7,15,4,0,1,0,3,0,0,0,1,1,1,5,0,5,2,8,0,6,1
12,18,4,1,1,0,3,0,0,16,1,1,1,1,0,6,1,2,0,4,0
1,18,4,1,1,0,3,3,0,11,1,1,1,5,0,0,5,0,0,0,0
11,17,0,0,1,0,3,0,0,0,1,1,1,0,2,1,0,8,11,12,1
7,15,4,0,1,0,3,0,0,2,1,1,1,0,0,0,5,0,0,0,1
0,18,4,0,1,0,3,3,0,2,1,1,1,0,0,0,5,0,0,0,1
11,20,0,1,1,3,3,1,1,1,1,1,1,0,2,2,0,6,2,12,1
7,18,4,0,1,0,3,2,0,0,1,1,1,0,0,1,0,6,10,10,1
8,18,4,0,1,3,3,0,1,0,1,1,1,0,0,3,0,3,2,4,0
1,17,4,0,1,4,3,0,1,7,1,1,1,2,0,1,5,6,1,5,1
14,20,4,0,1,0,2,0,0,12,1,1,1,0,2,6,0,4,4,5,1
6,20,4,1,1,3,3,0,1,10,1,1,1,5,0,1,0,6,3,10,1
5,20,4,0,1,0,3,1,0,12,1,1,1,0,0,2,0,6,2,10,0
4,16,4,0,1,0,3,3,0,10,1,1,1,4,0,1,0,9,7,10,0
4,20,4,0,1,4,3,0,1,2,1,1,1,0,0,1,0,6,6,7,0
8,13,0,0,0,4,3,0,1,1,1,1,1,0,2,1,5,0,0,6,1
4,12,4,0,1,0,3,0,0,9,1,1,1,1,0,1,0,6,11,7,1
9,15,4,1,1,0,3,0,0,2,1,1,1,5,0,1,0,6,11,12,0
4,15,4,0,1,2,3,3,0,2,1,1,1,5,0,1,5,0,0,3,1
1,19,4,1,1,4,3,0,1,2,1,1,1,5,0,1,0,4,5,2,0
8,20,4,1,1,0,3,0,0,2,1,1,1,5,0,1,0,6,11,3,1
5,20,4,1,1,0,3,0,0,9,1,1,1,0,0,4,0,4,10,8,1
10,12,4,0,0,0,3,3,0,15,1,1,0,7,0,1,5,0,0,1,1
2,16,4,0,1,0,3,0,0,2,1,1,1,0,0,0,5,0,0,0,1
11,8,0,0,1,4,1,0,1,16,1,1,1,0,2,1,5,0,0,0,1
1,18,4,1,1,0,3,0,0,2,1,1,1,5,0,0,5,0,0,0,1
8,20,4,0,1,0,3,1,0,0,1,1,1,0,0,7,0,6,1,13,1
10,19,0,0,1,0,3,3,0,8,1,1,1,0,0,1,0,6,3,11,0
7,18,4,0,1,0,3,0,0,11,1,1,1,5,0,1,0,2,2,5,0
0,18,4,0,1,0,3,0,0,2,1,1,1,8,0,0,5,0,0,0,1
8,19,0,0,1,0,3,3,0,0,1,1,1,0,0,1,0,6,0,9,0
1,14,4,1,1,4,3,0,1,11,1,1,1,7,0,1,0,6,3,7,0
14,15,4,0,1,0,3,0,0,2,1,1,1,8,0,6,0,2,3,4,1
15,13,0,0,1,0,0,3,0,0,1,1,1,0,2,5,3,6,2,12,1
2,18,4,0,1,0,3,3,0,4,1,1,1,0,0,3,0,6,6,5,1
3,11,3,0,0,0,3,3,0,0,1,1,0,0,2,1,0,1,2,6,1
0,18,4,1,1,0,3,1,0,2,1,1,1,8,0,1,0,3,0,9,0
1,18,4,1,1,0,3,0,0,16,1,1,1,7,0,1,5,1,0,2,1
12,15,4,0,1,0,3,3,0,12,1,1,1,0,2,0,5,0,0,0,0
10,15,2,1,1,0,3,1,0,0,1,1,1,0,0,1,0,6,10,12,0
12,15,0,0,1,4,3,3,1,1,1,1,1,0,2,1,0,6,6,11,1
11,21,4,0,1,0,0,1,0,16,1,1,1,0,2,5,3,9,5,9,0
10,16,4,0,1,4,3,0,1,15,1,1,1,7,0,0,5,0,0,0,0
3,19,4,1,1,0,3,0,0,2,1,1,1,0,0,1,5,4,0,2,1
5,17,4,1,1,0,3,1,0,0,1,1,1,0,0,1,0,7,4,11,0
10,23,4,1,1,0,3,3,0,2,1,1,1,0,0,8,0,8,3,14,1
14,5,2,0,1,3,2,0,1,2,1,1,1,0,2,6,2,0,0,0,1
5,20,4,1,1,0,3,1,0,2,1,1,1,0,0,1,5,0,0,0,1
0,15,4,0,1,0,3,1,0,2,1,1,1,0,0,1,0,5,2,6,1
12,21,0,1,1,0,3,0,0,1,1,1,1,8,2,1,0,2,9,13,1
4,15,4,0,1,0,3,1,0,2,1,1,1,0,0,1,0,4,6,7,0
15,15,4,1,1,0,3,0,0,14,1,1,1,0,2,1,0,6,4,6,1
13,21,4,1,1,3,3,0,1,9,1,1,1,5,2,1,0,6,6,8,1
4,19,4,0,1,4,3,0,1,2,1,1,1,8,0,1,0,2,2,5,1
13,20,0,1,1,4,3,1,1,0,1,1,1,5,2,2,5,0,0,0,1
12,18,0,0,1,0,3,0,0,0,1,1,1,5,2,1,0,6,10,11,1
14,23,0,0,1,4,3,0,1,0,1,1,1,5,2,1,0,6,5,14,1
8,18,0,0,1,0,3,0,0,2,1,1,1,7,0,0,5,0,0,5,1
0,15,4,1,1,0,3,0,0,2,1,1,1,7,0,0,5,0,0,0,1
5,20,0,1,1,0,3,1,0,1,1,1,1,0,0,5,0,6,4,5,1
10,1,3,1,1,3,3,3,1,15,1,1,1,7,0,0,5,0,0,0,0
11,20,0,1,1,0,3,0,0,2,1,1,1,0,2,0,5,0,0,0,1
8,18,4,0,1,0,3,0,0,0,1,1,1,5,0,1,1,6,0,11,0
6,20,4,0,1,0,3,0,0,14,1,1,1,1,0,1,0,4,6,7,0
0,15,4,1,1,0,3,0,0,2,1,1,1,0,0,1,0,2,6,3,1
13,15,0,1,1,4,3,0,1,1,1,1,1,0,2,0,5,0,0,0,1
3,18,4,0,1,0,3,0,0,2,1,1,1,7,0,1,0,6,4,5,1
0,18,4,0,1,3,3,0,1,2,1,1,1,0,0,0,5,0,0,0,1
5,15,4,0,1,0,3,0,0,2,1,1,1,7,0,1,0,9,2,9,1
6,20,4,0,1,0,3,0,0,4,1,1,1,5,0,1,0,6,8,12,1
7,18,4,0,1,0,3,3,0,2,1,1,1,0,0,1,0,6,3,10,1
7,20,4,0,1,0,3,0,0,10,1,1,1,0,0,1,0,6,7,13,0
3,15,4,0,1,0,3,1,0,0,1,1,1,0,0,1,0,6,6,5,0
15,15,4,1,1,0,3,0,0,12,1,1,1,0,2,1,0,7,11,10,1
8,15,0,0,1,0,3,3,0,0,1,1,1,0,0,1,0,6,8,12,1
1,18,4,1,1,0,3,0,0,2,1,1,1,0,0,1,0,2,1,4,1
10,20,4,1,1,0,3,1,0,2,1,1,1,0,0,2,0,6,8,12,1
10,12,4,0,1,4,3,0,1,9,1,1,1,2,0,0,5,0,0,0,1
1,18,4,0,1,0,3,3,0,11,1,1,1,5,0,1,0,5,5,6,0
2,22,4,1,1,4,3,1,1,0,1,1,1,0,0,1,0,6,9,14,0
11,11,4,0,1,4,3,0,1,0,1,1,1,0,2,1,0,4,3,2,1
7,15,4,0,1,0,3,0,0,2,1,1,1,1,0,0,5,0,0,0,1
3,15,4,1,1,0,3,0,0,2,1,1,1,7,0,1,0,6,6,7,1
10,15,4,0,1,4,3,0,1,12,1,1,1,0,0,1,0,6,4,10,0
15,22,0,1,1,0,3,3,0,1,1,1,1,0,2,1,0,7,8,10,0
6,19,4,1,1,0,3,1,0,12,1,1,1,0,0,0,5,0,0,0,0
1,18,4,0,1,0,3,0,0,2,1,1,1,0,0,0,5,0,0,0,1
12,15,4,0,1,0,3,0,0,0,1,1,1,5,2,1,0,6,2,10,1
12,13,2,0,0,0,3,0,0,15,1,1,1,7,2,1,5,0,0,0,1
10,20,0,1,1,0,3,0,0,2,1,1,1,0,0,1,0,6,5,10,1
13,20,4,1,1,0,3,1,0,0,1,1,1,0,2,1,0,6,8,12,1
1,17,4,0,1,0,3,3,0,16,1,1,1,0,0,1,5,9,0,0,1
12,20,4,1,1,4,3,0,1,0,1,1,1,0,2,4,0,6,4,12,1
2,18,4,1,1,0,3,0,0,16,1,1,1,5,0,1,5,4,0,3,1
5,15,4,0,1,0,3,0,0,2,1,1,1,0,0,1,0,4,3,6,1
10,20,0,1,1,0,3,0,0,0,1,1,1,2,0,3,0,6,7,9,1
3,15,4,1,1,0,3,1,0,2,1,1,1,7,0,1,5,0,0,0,1
14,15,4,1,1,0,3,1,0,2,1,1,1,0,2,1,0,4,4,4,1
10,21,4,1,1,4,3,0,1,2,1,1,1,5,0,4,0,6,8,10,1
6,20,0,0,1,0,3,3,0,2,1,1,1,0,0,1,0,6,5,12,1
5,20,0,1,1,0,3,1,0,1,1,1,1,0,0,1,0,6,3,11,1
15,20,4,0,1,3,3,0,1,0,1,1,1,5,2,4,0,9,2,12,1
14,18,4,1,1,0,3,1,0,2,1,1,1,5,2,1,5,0,0,2,1
3,20,4,0,1,0,3,0,0,2,1,1,1,0,0,1,0,5,5,6,1
15,21,3,1,1,0,3,2,0,0,1,1,1,6,2,1,0,5,10,14,0
8,18,0,1,1,0,3,0,0,11,1,1,1,0,0,2,0,7,4,10,1
3,20,4,0,1,0,3,1,0,11,1,1,1,8,0,1,0,7,2,5,1
9,21,4,1,1,0,3,1,0,0,1,1,1,0,0,3,0,6,8,13,0
12,17,4,0,1,0,3,3,0,2,1,1,1,0,2,1,0,8,6,11,1
14,19,4,1,1,0,3,0,0,12,1,1,1,0,2,0,5,0,0,0,1
2,18,4,1,1,0,3,1,0,0,1,1,1,8,0,1,0,3,10,5,1
11,15,4,0,1,0,3,0,0,0,1,1,1,0,2,1,0,6,2,8,1
6,20,4,1,1,0,3,1,0,2,1,1,1,0,0,1,0,1,6,5,1
4,17,4,1,1,0,3,3,0,0,1,1,1,7,0,1,0,4,6,7,1
0,18,4,1,1,0,3,3,0,2,1,1,1,0,0,1,0,4,3,5,1
12,21,0,1,1,4,3,0,1,0,1,1,1,5,2,1,0,8,10,14,0
1,17,4,1,1,0,3,1,0,7,1,1,1,0,0,1,0,6,4,5,1
8,18,4,1,1,0,3,0,0,0,1,1,1,7,0,1,0,6,6,11,1
10,21,0,0,1,4,3,0,1,1,1,1,1,0,0,1,0,8,4,11,0
15,19,0,1,1,0,3,0,0,0,1,1,1,0,2,1,0,6,11,13,1
2,17,4,1,1,0,3,0,0,0,1,1,1,1,0,1,0,3,10,1,1
2,15,4,1,1,0,3,0,0,2,1,1,1,0,0,5,0,6,4,2,1
7,15,4,1,1,0,3,1,0,7,1,1,1,0,0,1,0,5,1,6,1
11,14,4,1,1,4,3,0,1,12,1,1,1,0,2,1,0,6,5,6,1
7,20,4,1,1,0,3,1,0,2,1,1,1,5,0,1,0,8,3,11,1
8,20,4,1,1,0,3,0,0,12,1,1,1,0,0,2,0,6,2,11,0
10,20,4,1,1,0,3,0,0,0,1,1,1,0,0,5,0,7,4,10,1
14,20,4,0,1,0,3,3,0,9,1,1,1,4,0,1,0,5,8,4,1
6,17,4,0,1,4,3,0,1,2,1,1,1,7,0,1,0,8,6,10,1
12,18,0,0,1,0,3,0,0,0,1,1,1,0,2,1,0,7,8,14,1
10,18,4,0,1,0,3,0,0,0,1,1,1,0,0,1,0,6,6,13,1
8,20,4,0,1,0,3,0,0,0,1,1,1,0,0,3,0,6,2,13,0
11,21,4,1,1,0,3,1,0,0,1,1,1,8,2,4,0,6,1,13,0
6,14,4,0,1,4,3,0,1,14,1,1,1,5,0,0,5,0,0,0,0
10,17,3,0,1,0,3,0,0,15,1,1,1,0,0,1,0,7,10,9,0
3,18,4,1,1,0,3,0,0,0,1,1,1,0,0,1,0,1,8,5,0
11,15,4,0,0,2,3,0,0,3,0,1,0,0,2,1,0,2,2,5,1
0,18,4,1,1,0,3,0,0,16,1,1,1,0,0,0,5,0,0,0,0
6,18,4,0,1,0,3,0,0,2,1,1,1,0,0,1,0,6,8,9,1
1,18,4,1,1,0,3,0,0,12,1,1,1,0,0,0,5,0,0,0,1
10,21,4,0,1,4,3,0,1,5,1,1,1,5,0,1,0,6,4,12,1
2,17,4,0,1,0,3,0,0,15,1,1,1,1,0,1,2,6,0,2,0
14,14,0,1,1,4,3,0,1,9,1,1,1,0,2,0,5,0,0,0,1
8,15,4,1,1,0,3,0,0,12,1,1,1,0,0,1,0,6,1,8,1
4,17,4,1,1,0,3,1,0,2,1,1,1,0,0,0,5,0,0,0,1
4,15,4,1,1,0,3,0,0,2,1,1,1,0,0,1,0,6,2,2,1
10,15,4,0,1,4,3,0,1,9,1,1,1,0,0,1,0,7,4,10,1
1,15,4,0,1,0,3,0,0,2,1,1,1,0,0,1,0,2,11,3,1
14,20,4,0,1,3,3,3,1,0,1,1,1,7,2,2,0,6,3,10,1
5,20,4,0,1,2,3,1,0,2,1,1,1,8,0,1,0,5,3,6,1
15,15,2,1,1,0,3,0,0,2,1,1,1,7,2,4,0,6,11,7,1
12,17,4,1,1,0,3,3,0,11,1,1,1,0,2,1,2,6,0,8,1
2,16,4,0,1,0,3,0,0,2,1,1,1,0,0,1,0,6,3,4,0
15,20,4,1,1,0,3,3,0,10,1,1,1,0,2,0,5,0,0,0,0
7,3,4,1,1,3,3,3,1,12,1,1,1,7,0,6,0,5,3,7,1
8,15,4,1,1,0,3,0,0,2,1,1,1,7,0,0,5,0,0,0,1
13,23,0,0,1,2,0,0,0,16,1,1,1,0,2,9,5,8,11,14,1
10,15,0,1,1,0,3,0,0,8,1,1,1,0,0,1,1,4,0,5,1
12,20,0,0,0,0,3,1,0,0,1,1,0,0,2,1,0,8,7,13,0
11,14,0,0,1,3,3,0,1,1,1,1,1,0,2,1,1,8,0,12,1
5,19,4,0,1,0,1,0,0,0,1,1,1,8,0,5,0,9,4,10,0
11,21,4,0,1,0,3,3,0,0,1,1,1,0,2,1,0,6,5,13,0
11,20,0,1,1,3,3,0,1,1,1,1,1,0,2,1,0,6,2,12,1
10,14,4,0,0,0,3,0,0,15,1,1,0,0,0,0,5,0,0,0,1
1,14,4,0,1,4,3,3,1,14,1,1,1,0,0,1,5,0,0,0,0
15,23,4,0,1,3,3,0,1,10,1,1,1,5,2,1,0,6,7,10,1
2,18,4,1,1,0,3,1,0,2,1,1,1,0,0,1,5,0,0,0,1
12,21,0,0,1,0,3,0,0,0,1,1,1,0,2,1,2,8,0,14,1
4,21,4,1,1,4,3,0,1,16,1,1,1,5,0,1,0,7,0,2,0
2,18,4,1,1,0,3,0,0,0,1,1,1,7,0,1,0,2,3,4,1
2,15,0,0,1,4,3,0,0,8,1,1,1,7,0,1,0,6,5,11,1
12,18,0,0,1,0,3,1,0,0,1,1,1,0,2,1,0,6,2,8,0
2,22,4,0,1,0,3,0,0,0,1,1,1,0,0,1,0,7,2,14,1
13,0,0,0,1,4,3,0,1,0,1,1,1,7,2,1,0,6,4,6,1
11,11,0,1,0,4,3,0,1,1,1,1,1,7,2,0,5,0,0,0,1
0,15,4,0,1,0,3,3,0,2,1,1,1,0,0,1,0,4,3,5,1
6,18,4,0,1,0,3,0,0,12,1,1,1,0,0,1,0,6,3,12,0
13,20,4,0,1,0,3,0,0,5,1,1,1,5,2,1,0,6,6,14,0
2,15,4,0,1,0,3,0,0,2,1,1,1,5,0,1,0,6,7,5,1
8,15,4,0,1,0,3,0,0,2,1,1,1,7,0,1,5,0,0,0,1
2,14,4,0,1,0,3,0,0,2,1,1,1,8,0,1,0,8,10,5,1
0,17,4,0,1,0,3,3,0,2,1,1,1,7,0,1,0,3,1,5,0
12,21,4,0,1,0,3,0,0,11,1,1,1,0,2,3,0,6,6,13,1
2,18,4,1,1,0,3,1,0,16,1,1,1,0,0,1,0,2,2,4,1
2,18,4,0,0,0,3,0,0,4,1,1,0,0,0,1,0,5,3,4,1
1,14,4,1,1,0,3,3,0,2,1,1,1,0,0,1,0,2,1,3,1
9,15,4,1,1,0,3,0,0,12,1,1,1,0,0,1,0,6,6,8,0
6,18,0,1,1,1,3,3,0,14,1,1,1,0,0,7,0,4,10,9,1
5,15,4,1,1,0,3,0,0,2,1,1,1,7,0,1,0,5,2,3,1
8,17,4,1,0,0,3,3,0,2,1,1,0,0,0,1,1,9,0,1,1
13,20,4,0,1,0,3,0,0,9,1,1,1,0,2,1,0,6,6,14,1
2,18,4,1,1,0,3,1,0,2,1,1,1,0,0,1,0,1,8,1,1
3,18,4,1,1,0,3,3,0,11,1,1,1,0,0,1,0,6,3,5,1
11,18,0,1,1,0,3,1,0,1,1,1,1,0,2,1,0,4,1,7,1
11,14,4,0,1,4,3,0,1,7,1,1,1,5,2,0,5,0,0,0,1
6,15,4,1,0,0,3,0,0,0,1,1,0,0,0,0,5,0,0,4,1
10,15,0,1,1,3,3,0,1,1,1,1,1,0,0,1,0,6,6,3,1
3,18,4,0,1,0,3,0,0,9,1,1,1,0,0,0,5,0,0,0,0
9,18,4,0,1,0,3,3,0,2,1,1,1,8,0,1,0,5,2,10,1
14,18,0,1,1,0,3,0,0,1,1,1,1,0,2,2,0,6,3,13,1
0,18,4,0,1,0,3,0,0,16,1,1,1,0,0,1,5,0,0,0,1
3,17,4,1,1,0,3,1,0,2,1,1,1,8,0,1,0,3,3,6,1
8,15,0,0,1,0,3,3,0,1,1,1,1,8,0,1,0,7,2,7,1
7,18,4,0,1,0,3,0,0,2,1,1,1,7,0,1,0,6,6,9,1
12,19,0,1,1,3,3,3,1,1,1,1,1,0,2,7,5,0,0,0,1
5,17,4,1,1,0,3,0,0,12,1,1,1,0,2,3,2,0,0,6,1
10,20,4,0,1,0,3,0,0,0,1,1,1,0,0,7,0,9,10,14,1
5,18,4,0,1,0,3,0,0,2,1,1,1,0,0,0,5,0,0,0,1
6,20,4,1,0,0,3,1,0,12,1,1,1,0,0,4,5,0,0,4,0
11,20,4,1,1,0,3,3,0,11,1,1,1,0,2,1,0,8,8,14,1
4,20,4,1,1,0,3,3,0,2,1,1,1,7,0,1,0,6,6,9,1
15,21,0,1,1,4,3,0,1,1,1,1,1,0,2,1,0,6,8,14,0
15,22,0,1,1,4,3,0,1,0,1,1,1,5,2,1,0,9,6,13,1
5,15,4,1,1,0,3,3,0,11,1,1,1,0,0,1,0,4,4,6,0
6,20,4,1,1,3,3,1,1,2,1,1,1,0,0,1,0,2,9,2,0
10,15,0,1,1,0,3,0,0,1,1,1,1,0,0,2,0,3,6,3,0
12,20,0,1,1,0,3,0,0,1,1,1,1,8,2,1,5,0,0,0,1
8,17,4,1,0,0,3,1,0,12,1,1,0,0,2,0,5,0,0,6,1
6,14,4,0,0,0,3,0,0,15,1,1,0,1,0,0,5,0,0,0,1
4,15,0,0,1,4,3,0,1,9,1,1,1,0,0,1,0,7,0,8,1
0,19,4,1,1,4,3,3,1,11,1,1,1,0,0,1,0,6,3,5,0
2,18,4,1,1,0,3,0,0,2,1,1,1,7,0,1,5,1,0,2,1
12,20,4,1,1,0,3,3,0,2,1,1,1,0,2,1,0,6,5,13,1
12,18,2,1,1,4,3,0,1,1,1,1,1,7,2,1,0,6,8,8,1
13,20,0,0,1,4,3,0,1,0,1,1,1,5,2,1,0,9,0,13,0
4,20,4,1,1,0,3,0,0,2,1,1,1,5,0,1,0,3,2,6,1
9,15,0,1,1,0,3,0,0,0,1,1,1,0,0,1,5,6,0,11,0
1,18,4,1,1,0,3,0,0,2,1,1,1,7,0,1,0,4,6,9,1
7,18,4,1,1,0,3,0,0,2,1,1,1,0,0,1,0,6,6,8,1
11,0,4,0,1,4,3,0,1,2,1,1,1,7,2,0,5,0,0,0,1
6,18,4,0,1,4,3,3,1,14,1,1,1,0,0,1,0,4,0,6,1
12,18,0,1,1,0,3,0,0,0,1,1,1,7,2,1,0,8,2,10,1
9,20,0,0,1,0,3,1,0,11,1,1,1,8,0,1,0,7,10,12,1
7,15,4,0,1,4,3,0,1,2,1,1,1,7,0,1,0,6,3,10,1
12,15,4,0,1,0,3,0,0,12,1,1,1,0,2,0,5,0,0,0,1
15,18,4,1,1,0,3,1,0,10,1,1,1,8,2,1,0,6,0,8,1
13,0,4,1,1,0,3,1,0,0,1,1,1,8,2,1,1,6,0,6,1
2,18,4,1,1,0,3,1,0,0,1,1,1,0,0,1,0,6,4,4,1
3,15,4,0,1,0,3,0,0,2,1,1,1,7,0,0,5,0,0,0,1
5,20,0,1,1,0,3,0,0,1,1,1,1,0,0,1,0,4,2,4,1
15,19,0,1,1,3,3,0,1,0,1,1,1,5,2,1,5,6,0,4,1
6,15,4,1,1,4,3,3,1,5,1,1,1,0,0,1,0,6,9,6,1
4,15,4,0,1,4,3,0,1,4,1,1,1,5,0,5,3,6,0,1,1
0,18,4,1,1,0,3,1,0,2,1,1,1,0,0,1,5,4,0,4,1
1,17,4,0,1,0,3,1,0,16,1,1,1,0,0,0,5,0,0,0,0
7,13,4,1,1,0,3,0,0,2,1,1,1,0,0,1,5,0,0,0,1
8,18,0,1,1,0,3,3,0,1,1,1,1,0,0,1,1,4,0,9,1
13,20,0,1,1,0,3,0,0,0,1,1,1,0,2,1,0,7,3,13,1
14,16,4,0,0,0,3,0,0,0,1,1,0,7,2,1,0,6,6,5,1
12,20,0,0,1,4,3,3,1,0,1,1,1,5,2,1,0,6,4,13,1
1,18,4,1,1,0,3,3,0,2,1,1,1,0,0,1,0,6,5,8,1
14,23,4,0,1,0,3,0,0,2,1,1,1,0,2,1,0,8,11,14,1
6,20,4,1,1,0,3,0,0,2,1,1,1,0,0,2,0,1,3,4,0
6,18,4,1,1,0,3,0,0,14,1,1,1,0,0,0,5,0,0,0,1
2,15,4,0,1,2,3,3,0,2,1,1,1,0,0,3,0,2,3,4,1
8,17,4,1,1,0,3,0,0,2,1,1,1,0,0,1,0,6,6,8,1
0,15,4,1,1,0,3,0,0,11,1,1,1,0,0,1,0,6,2,4,1
0,17,4,1,1,0,3,0,0,16,1,1,1,0,0,2,5,1,0,3,0
12,21,0,0,1,4,3,1,1,0,1,1,1,0,2,2,0,9,0,13,1
8,15,4,0,1,0,3,0,0,11,1,1,1,1,0,1,0,6,1,7,1
7,21,0,1,1,4,3,0,1,1,1,1,1,5,0,0,5,0,0,0,0
4,15,4,0,1,0,3,3,0,14,1,1,1,0,0,0,5,0,0,10,0
4,19,4,1,1,0,3,0,0,2,1,1,1,0,0,1,0,3,5,6,1
6,15,4,0,1,0,3,1,0,0,1,1,1,0,0,1,0,1,6,3,0
2,17,4,1,1,0,3,3,0,9,1,1,1,0,0,1,0,4,6,6,1
3,18,4,1,1,4,3,3,1,5,1,1,1,5,0,1,0,3,3,5,1
6,18,4,1,1,0,3,1,0,0,1,1,1,0,0,1,5,0,0,0,1
15,20,0,0,1,0,3,1,0,0,1,1,1,0,2,1,0,6,8,13,1
9,21,0,1,1,4,3,0,1,1,1,1,1,5,0,0,5,0,0,0,0
8,20,4,0,1,0,3,1,0,0,1,1,1,0,0,1,0,7,5,14,1
12,15,4,0,1,0,3,3,0,2,1,1,1,0,2,1,0,6,10,4,1
15,21,0,0,1,0,3,1,0,1,1,1,1,0,2,1,0,7,6,14,1
11,18,4,1,1,0,3,1,0,2,1,1,1,0,2,1,0,3,4,9,1
13,18,4,1,1,3,3,3,1,0,1,1,1,0,2,2,5,0,0,0,1
6,10,4,0,1,4,3,0,1,0,1,1,1,0,0,5,0,8,8,11,1
8,19,4,0,1,0,3,1,0,2,1,1,1,1,0,1,0,6,8,7,1
8,21,0,1,1,4,3,0,1,1,1,1,1,5,0,0,5,0,0,0,0
11,21,4,0,1,3,3,0,1,2,1,1,1,5,2,0,5,0,0,0,1
12,21,0,1,1,4,3,0,1,1,1,1,1,5,2,6,0,6,6,10,1
5,18,0,1,1,0,3,0,0,1,1,1,1,7,0,6,5,0,0,0,1
3,20,4,1,1,0,3,0,0,2,1,1,1,0,0,1,0,3,2,4,1
5,18,4,1,1,0,3,3,0,2,1,1,1,1,0,1,0,3,2,4,1
6,19,4,0,1,0,3,1,0,14,1,1,1,0,0,1,0,9,0,10,0
11,20,4,0,1,0,3,1,0,0,1,1,1,7,2,3,0,6,6,10,1
3,20,4,1,1,0,3,1,0,12,1,1,1,0,0,2,5,1,0,2,0
3,18,4,0,1,0,3,0,0,2,1,1,1,0,0,1,0,6,8,5,1
11,10,4,0,1,4,3,0,1,14,1,1,1,0,2,0,5,0,0,0,1
13,21,0,0,1,0,3,0,0,1,1,1,1,5,2,1,0,8,10,14,1
10,21,0,1,1,4,3,0,1,1,1,1,1,5,0,1,2,0,0,0,1
2,15,4,0,1,0,3,0,0,2,1,1,1,1,0,1,0,6,8,5,1
4,15,4,0,1,0,3,0,0,0,1,1,1,7,0,1,0,4,6,6,1
11,15,4,1,0,0,3,0,0,2,1,1,0,0,2,0,5,0,0,2,1
3,18,4,1,1,0,3,0,0,2,1,1,1,5,0,0,5,0,0,0,1
5,15,4,0,1,0,3,0,0,2,1,1,1,1,0,1,0,4,4,5,1
12,17,4,1,1,0,3,0,0,0,1,1,1,0,2,1,2,6,0,6,1
7,19,0,0,1,4,3,0,1,1,1,1,1,7,0,1,0,8,6,7,0
3,18,4,1,1,4,3,0,1,0,1,1,1,5,0,1,1,6,0,9,0
4,18,4,0,1,0,3,1,0,2,1,1,1,7,0,1,0,2,2,4,1
3,15,4,0,1,0,0,0,0,16,1,1,1,0,0,5,3,9,2,7,0
15,18,0,0,1,0,3,1,0,0,1,1,1,0,2,1,0,7,5,14,1
1,17,4,0,1,0,3,1,0,2,1,1,1,0,0,1,0,4,2,3,1
12,14,4,0,1,4,3,0,1,0,1,1,1,7,2,1,0,2,1,5,1
6,20,4,1,1,0,3,3,0,14,1,1,1,0,0,1,0,6,4,7,1
7,19,0,0,1,0,3,0,0,0,1,1,1,1,0,1,0,6,5,10,1
1,17,4,0,1,0,3,0,0,2,1,1,1,5,0,9,2,0,0,0,1
11,20,0,0,1,0,3,1,0,1,1,1,1,0,2,1,0,6,6,14,0
9,18,4,0,1,0,3,0,0,2,1,1,1,7,0,1,0,6,4,9,1
13,18,0,1,1,0,3,3,0,2,1,1,1,0,2,1,0,6,10,7,1
5,17,0,0,1,0,0,0,0,16,1,1,1,0,0,5,3,9,3,9,1
7,20,4,0,1,0,3,0,0,0,1,1,1,8,0,1,0,6,4,13,1
13,20,0,0,1,3,3,0,1,0,1,1,1,5,2,1,0,6,4,13,1
3,20,4,0,1,3,3,0,1,16,1,1,1,5,0,1,0,6,6,7,1
8,21,4,1,1,4,3,3,1,11,1,1,1,5,0,1,0,4,4,5,0
13,15,4,0,1,3,3,0,1,9,1,1,1,5,2,1,1,6,0,11,1
3,20,4,1,1,0,3,3,0,2,1,1,1,5,0,1,0,3,2,4,0
2,14,4,0,1,0,3,2,0,11,1,1,1,0,0,1,5,6,0,11,0
8,18,0,0,1,0,3,0,0,1,1,1,1,0,0,1,0,6,3,10,1
12,18,2,0,1,0,3,1,0,0,1,1,1,0,2,4,0,6,6,11,0
4,15,4,0,1,0,3,3,0,2,1,1,1,0,0,1,0,9,8,9,1
3,19,4,1,1,0,3,0,0,2,1,1,1,0,0,1,0,1,2,5,1
5,19,4,1,1,0,3,0,0,2,1,1,1,7,0,1,0,4,2,7,1
1,18,4,0,1,0,3,3,0,14,1,1,1,0,0,1,0,2,3,4,1
6,20,4,0,1,0,3,0,0,0,1,1,1,6,0,2,0,5,8,14,1
11,10,0,1,1,4,3,0,1,0,1,1,1,0,2,5,0,6,3,10,1
9,17,4,1,0,0,3,3,0,2,1,1,0,7,0,1,2,6,0,6,1
3,18,4,0,1,0,3,1,0,2,1,1,1,0,0,0,5,0,0,0,1
6,14,4,0,0,0,3,3,0,14,1,1,0,0,0,0,5,0,0,0,1
13,15,0,0,1,4,3,0,1,1,1,1,1,0,2,1,0,8,4,6,1
3,20,4,0,1,0,3,1,0,0,1,1,1,8,0,1,5,2,0,3,0
8,18,4,0,1,0,3,0,0,7,1,1,1,1,0,6,0,2,3,3,1
7,15,4,0,1,0,3,0,0,5,1,1,1,0,0,1,0,6,2,4,1
10,20,4,0,1,0,3,1,0,2,1,1,1,5,0,6,0,5,0,3,1
15,16,4,0,1,4,3,0,1,0,1,1,1,5,2,1,0,7,0,13,1
11,20,0,1,1,4,3,0,1,1,1,1,1,5,2,1,0,6,8,14,1
9,21,0,0,1,0,0,1,0,1,1,1,1,1,0,5,3,9,11,12,0
11,22,4,1,1,0,3,1,0,0,1,1,1,0,2,3,0,6,6,11,1
8,13,0,0,1,4,3,0,1,1,1,1,1,0,0,1,0,6,4,6,0
13,20,4,1,1,4,3,0,1,2,1,1,1,8,2,2,0,6,6,7,1
3,20,4,1,1,0,3,3,0,2,1,1,1,5,0,2,0,1,2,2,1
12,20,0,1,1,0,3,0,0,1,1,1,1,5,2,0,5,0,0,0,1
8,21,4,1,1,0,3,0,0,0,1,1,1,0,0,1,1,6,0,13,0
1,15,4,0,1,0,3,3,0,16,1,1,1,0,0,2,5,4,0,2,0
9,17,0,1,1,4,3,0,1,8,1,1,1,0,0,1,0,7,6,8,0
2,18,4,1,1,0,3,0,0,2,1,1,1,5,0,2,0,3,2,4,1
1,18,4,0,1,0,3,1,0,2,1,1,1,0,0,1,0,2,3,5,1
7,13,0,0,1,4,0,0,1,16,1,1,1,6,0,2,3,4,1,9,0
9,20,4,1,1,0,3,3,0,2,1,1,1,5,0,1,0,6,8,10,1
15,20,4,0,1,0,3,3,0,12,1,1,1,7,2,6,0,7,6,9,1
6,19,4,0,1,0,3,1,0,0,1,1,1,8,0,1,0,6,0,9,1
12,20,4,0,1,0,3,0,0,11,1,1,1,0,2,1,0,7,7,12,1
12,20,4,0,1,0,3,0,0,0,1,1,1,5,2,1,0,6,3,11,1
2,14,4,0,1,0,3,0,0,15,1,1,1,0,0,0,5,0,0,0,1
9,16,1,0,1,0,0,1,0,4,1,1,1,2,0,5,3,9,2,9,1
15,20,4,1,1,0,3,3,0,0,1,1,1,0,2,0,5,0,0,0,1
10,20,4,0,1,4,3,1,1,11,1,1,1,5,0,1,0,7,3,14,0
7,19,0,1,1,0,3,0,0,1,1,1,1,0,0,1,1,6,0,10,1
6,19,4,1,1,4,3,0,1,2,1,1,1,5,0,1,0,6,8,6,1
4,20,4,0,1,0,3,3,0,5,1,1,1,0,0,1,0,6,4,11,1
7,20,4,1,1,0,3,0,0,2,1,1,1,5,0,0,5,0,0,0,1
15,18,4,0,0,0,3,0,0,0,1,1,0,0,2,1,5,0,0,0,1
2,21,4,0,1,0,3,0,0,12,1,1,1,7,2,1,0,6,11,6,1
14,15,4,0,1,4,3,0,1,0,1,1,1,5,2,1,0,5,2,6,0
1,18,4,1,1,0,3,1,0,2,1,1,1,0,0,1,0,2,4,3,1
7,16,4,1,1,0,3,1,0,0,1,1,1,5,0,0,5,0,0,0,1
1,19,4,0,1,0,3,1,0,2,1,1,1,0,0,1,0,1,8,2,0
1,19,4,1,1,0,3,0,0,2,1,1,1,5,0,2,0,2,4,3,1
8,20,4,0,1,0,3,1,0,2,1,1,1,8,0,1,0,6,6,6,1
1,18,4,0,1,0,3,1,0,2,1,1,1,0,0,1,0,4,1,2,1
14,18,0,1,1,0,3,3,0,1,1,1,1,7,2,1,5,0,0,0,0
1,18,4,0,1,0,3,0,0,2,1,1,1,7,0,1,0,1,4,2,1
7,15,4,1,1,0,3,0,0,10,1,1,1,8,0,1,0,6,3,5,0
1,15,4,1,1,0,3,0,0,2,1,1,1,0,0,1,0,6,4,3,1
9,18,4,1,1,0,3,0,0,12,1,1,1,0,0,3,0,4,6,6,0
13,15,4,0,1,0,3,0,0,2,1,1,1,0,2,1,0,5,0,9,0
3,18,4,0,1,4,3,0,1,5,1,1,1,5,0,1,0,6,8,6,1
1,18,4,0,1,0,3,0,0,2,1,1,1,5,0,0,5,0,0,0,1
11,15,4,1,1,0,3,0,0,0,1,1,1,0,2,1,0,6,4,8,0
7,18,4,0,1,0,3,0,0,0,1,1,1,0,0,1,0,6,2,6,0
13,18,0,1,1,0,3,0,0,1,1,1,1,0,2,1,0,8,6,13,1
13,21,4,1,1,2,3,0,0,0,1,1,1,5,2,1,0,2,9,14,1
1,18,4,0,1,4,3,0,1,2,1,1,1,5,0,0,5,0,0,0,1
11,15,4,1,1,0,3,0,0,7,1,1,1,7,2,1,0,6,3,6,1
14,20,0,0,1,3,3,0,1,0,1,1,1,0,2,1,1,8,0,10,0
15,21,0,0,1,0,3,1,0,0,1,1,1,0,2,6,0,8,0,14,1
12,20,0,1,1,0,3,3,0,1,1,1,1,0,2,1,5,0,0,0,1
13,15,0,0,1,0,3,0,0,0,1,1,1,1,2,1,0,8,11,11,1
9,20,4,1,1,0,3,0,0,11,1,1,1,0,0,1,0,7,4,10,1
2,14,4,1,1,4,3,0,1,5,1,1,1,5,0,1,0,6,4,5,1
6,18,4,0,1,0,3,1,0,12,1,1,1,0,0,1,0,1,2,4,1
7,13,4,0,1,0,3,1,0,2,1,1,1,0,0,1,0,6,10,13,1
14,20,0,1,1,0,3,1,0,1,1,1,1,0,2,1,0,7,3,14,1
14,8,0,0,1,4,3,0,1,1,1,1,1,0,2,1,0,6,4,14,1
0,15,4,1,1,0,3,0,0,2,1,1,1,7,0,3,0,6,2,2,1
4,16,4,1,1,0,3,0,0,3,1,1,1,0,0,1,0,7,7,10,1
15,21,0,1,1,0,3,1,0,0,1,1,1,0,2,3,0,6,4,13,1
11,21,0,1,1,4,3,0,1,1,1,1,1,5,2,0,5,0,0,0,0
8,15,4,0,0,0,3,0,0,2,1,1,0,7,0,1,2,0,0,4,1
14,19,0,1,1,3,3,0,1,1,1,1,1,0,2,1,5,0,0,0,1
9,19,0,0,1,3,3,0,1,0,1,1,1,0,0,1,0,2,6,6,1
11,8,4,0,1,4,3,0,1,11,1,1,1,8,2,1,1,6,0,6,0
8,15,0,1,1,3,3,0,1,1,1,1,1,0,0,1,0,4,3,3,1
2,22,4,1,1,4,3,0,0,11,1,1,1,0,0,1,0,9,2,11,1
13,18,0,1,1,0,3,0,0,0,1,1,1,1,2,3,0,6,3,7,1
2,18,0,1,1,0,3,3,0,8,1,1,1,7,0,0,5,0,0,0,1
2,14,4,0,1,0,3,0,0,2,1,1,1,8,0,0,5,0,0,5,0
15,15,4,0,0,0,3,3,0,9,1,1,0,0,2,1,5,3,0,4,1
9,15,4,0,1,0,3,0,0,2,1,1,1,5,0,1,0,6,6,6,1
9,15,4,1,1,0,3,0,0,2,1,1,1,1,0,1,0,4,10,2,1
8,17,4,0,1,0,3,0,0,7,1,1,1,7,0,1,0,2,8,5,1
6,17,4,0,1,4,3,1,1,2,1,1,1,8,0,5,0,6,4,2,0
1,18,4,0,1,0,3,1,0,16,1,1,1,0,0,1,5,0,0,0,0
9,18,4,0,1,3,3,0,1,9,1,1,1,7,0,1,5,6,0,1,1
6,19,4,1,1,4,3,3,1,0,1,1,1,5,0,3,0,6,0,6,0
1,15,0,1,1,0,3,0,0,0,1,1,1,7,0,1,5,4,0,5,0
4,17,4,0,1,0,3,0,0,2,1,1,1,7,0,1,0,3,2,9,1
8,18,0,0,1,0,3,0,0,1,1,1,1,0,0,1,0,6,6,10,1
7,18,0,1,1,0,3,0,0,11,1,1,1,1,0,1,5,6,0,4,0
11,4,0,0,0,3,3,2,1,8,0,0,0,7,1,0,4,0,5,0,1
8,20,4,0,1,0,3,0,0,0,1,1,1,1,0,5,0,9,3,7,1
13,20,0,1,1,0,3,0,0,1,1,1,1,0,2,3,0,6,7,12,1
8,0,4,0,0,3,3,3,1,2,1,1,1,5,0,1,2,0,0,1,1
7,20,4,0,1,0,3,0,0,2,1,1,1,5,0,1,0,6,3,11,1
15,17,4,0,1,0,3,0,0,2,1,1,1,0,2,0,5,0,0,0,1
0,18,4,1,1,0,3,1,0,2,1,1,1,8,0,1,5,0,0,0,1
8,20,4,0,1,0,3,1,0,2,1,1,1,8,0,1,0,6,0,8,1
8,18,4,1,1,0,1,1,0,0,1,1,1,0,0,1,0,3,8,8,1
10,14,4,1,1,0,3,0,0,2,1,1,1,0,0,3,0,6,8,6,1
9,21,4,1,1,4,3,0,1,5,1,1,1,5,0,1,0,8,10,13,0
11,17,0,1,1,4,3,0,1,0,1,1,1,7,2,1,0,2,8,5,1
6,18,4,0,1,0,3,0,0,2,1,1,1,0,0,9,2,0,0,0,1
10,18,4,1,1,0,3,3,0,2,1,1,1,0,0,2,0,7,11,11,1
10,17,4,0,1,0,3,0,0,2,1,1,1,7,0,1,0,6,5,8,1
15,17,4,0,0,0,3,1,0,0,1,1,0,0,2,1,0,6,2,8,0
6,15,0,0,1,0,3,0,0,2,1,1,1,0,0,1,0,6,2,12,1
13,20,0,0,1,0,3,0,0,2,1,1,1,0,2,1,0,6,5,7,1
10,20,0,0,1,0,3,3,0,1,1,1,1,5,0,1,0,8,2,14,0
9,16,4,1,1,0,3,0,0,2,1,1,1,7,0,1,0,1,2,3,1
9,13,4,1,1,4,3,3,1,0,1,1,1,0,0,1,5,6,0,7,1
15,20,0,1,1,0,3,0,0,0,1,1,1,5,2,3,0,6,8,12,1
15,15,4,1,1,0,3,1,0,12,1,1,1,0,2,4,0,9,6,10,1
5,15,4,0,0,0,1,1,0,2,0,0,1,0,0,4,0,6,6,5,1
5,15,4,1,1,0,3,0,0,4,1,1,1,7,0,1,0,1,2,2,1
2,18,4,1,1,0,3,0,0,0,1,1,1,7,0,4,0,2,1,2,1
4,10,4,0,1,0,3,3,0,2,1,1,1,0,0,4,0,1,3,1,1
7,20,4,1,1,0,3,0,0,0,1,1,1,0,0,1,0,6,2,13,1
12,20,0,0,1,3,3,0,1,0,1,1,1,7,2,1,0,7,3,12,1
11,18,4,0,1,0,3,1,0,0,1,1,1,0,2,1,0,6,11,11,1
6,19,4,1,1,0,3,3,0,2,1,1,1,0,0,3,0,1,8,6,1
7,15,0,1,1,0,3,0,0,2,1,1,1,7,0,1,5,0,0,0,1
1,18,4,1,1,0,3,1,0,2,1,1,1,0,0,1,0,1,3,2,1
12,17,0,0,1,0,3,1,0,0,1,1,1,0,2,1,0,6,6,12,1
3,20,4,0,1,4,3,0,1,11,1,1,1,5,0,0,5,0,0,0,0
4,17,4,0,1,0,3,1,0,11,1,1,1,0,2,3,5,0,0,6,1
0,18,4,1,1,0,3,0,0,16,1,1,1,5,0,0,5,0,0,0,0
3,15,4,0,1,0,3,0,0,0,1,1,1,0,0,1,0,6,4,11,0
10,15,0,1,1,0,1,1,0,8,1,1,1,0,0,5,5,0,0,0,1
8,15,4,0,1,4,3,0,1,0,1,1,1,7,0,1,0,6,6,9,0
3,17,0,1,1,0,3,0,0,8,1,1,1,0,0,1,5,2,0,5,1
12,20,0,0,1,0,3,0,0,1,1,1,1,0,2,1,0,6,3,12,0
9,18,4,1,1,0,3,3,0,14,1,1,1,0,0,7,0,2,10,9,1
0,15,4,0,1,0,3,0,0,7,1,1,1,0,0,0,5,0,0,0,1
5,18,4,0,1,0,3,0,0,2,1,1,1,0,0,1,2,0,0,0,1
8,16,4,0,1,0,3,0,0,5,1,1,1,5,0,1,0,6,6,10,1
10,13,4,0,1,0,3,0,0,15,1,1,1,0,0,0,5,0,0,10,0
14,20,4,0,1,0,3,1,0,9,1,1,1,0,2,2,0,7,8,12,1
12,20,4,0,1,0,3,0,0,2,1,1,1,0,2,1,0,6,6,11,1
3,20,4,0,1,0,3,1,0,2,1,1,1,8,0,1,1,2,0,2,1
5,22,4,1,1,0,3,1,0,7,1,1,1,0,0,1,0,6,6,6,1
2,18,4,1,1,0,3,0,0,2,1,1,1,0,0,0,5,0,0,0,1
5,20,4,1,1,0,3,1,0,2,1,1,1,0,0,1,2,1,0,2,1
9,17,0,0,1,0,3,1,0,0,1,1,1,0,0,1,0,8,4,13,1
8,18,0,1,1,4,3,0,1,0,1,1,1,7,0,0,5,0,0,0,1
7,17,4,0,1,0,3,3,0,0,1,1,1,0,0,1,0,9,4,12,1
0,18,4,0,1,0,3,1,0,14,1,1,1,0,0,1,0,2,3,2,1
12,15,4,0,1,0,0,0,0,0,1,1,1,0,2,5,3,6,2,12,1
7,15,4,1,1,0,3,0,0,0,1,1,1,0,0,1,0,6,1,9,1
8,16,0,0,1,0,3,1,0,0,1,1,1,0,0,1,0,6,8,7,1
9,20,0,1,1,0,3,0,0,1,1,1,1,1,0,1,0,6,8,10,0
6,19,4,1,1,0,3,0,0,0,1,1,1,5,0,2,0,6,3,10,0
2,15,4,0,1,0,3,0,0,15,1,1,1,7,0,0,5,0,0,0,1
11,18,4,0,1,0,3,0,0,12,1,1,1,7,2,1,0,6,0,9,1
3,18,4,1,1,0,3,0,0,2,1,1,1,0,0,1,0,1,8,2,1
15,15,0,0,1,3,1,3,1,1,1,1,1,0,2,1,0,6,10,8,1
7,15,4,1,1,0,3,3,0,0,1,1,1,0,0,1,0,6,5,12,1
13,20,0,1,1,0,3,1,0,0,1,1,1,0,2,3,0,6,7,13,0
3,16,4,1,1,4,3,3,1,11,1,1,1,0,0,1,0,9,6,10,0
15,18,3,1,1,3,3,3,1,9,1,1,1,0,2,1,0,7,8,9,1
9,18,0,1,1,4,3,0,1,1,1,1,1,5,0,0,5,0,0,0,1
10,5,4,0,1,0,3,0,0,4,0,1,1,0,0,4,0,1,10,4,1
15,22,0,0,1,3,3,0,1,0,1,1,1,8,2,1,0,6,9,12,1
9,15,0,0,1,4,3,3,1,2,1,1,1,0,0,1,0,6,8,11,0
9,15,4,0,1,0,3,3,0,11,1,1,1,7,0,1,0,6,8,8,1
10,15,4,0,0,0,3,1,0,15,1,0,1,0,0,0,5,0,0,0,0
12,21,4,1,1,3,3,0,1,2,1,1,1,8,2,1,0,6,4,7,1
8,20,0,1,1,0,3,3,0,8,1,1,1,0,0,4,0,2,5,5,0
14,20,0,1,1,0,3,0,0,1,1,1,1,0,2,1,0,8,3,12,1
14,15,2,0,1,0,3,0,0,0,1,1,1,0,2,1,5,6,0,7,1
8,17,4,0,1,0,3,0,0,0,1,1,1,0,0,1,0,6,3,12,1
12,23,2,0,1,3,3,0,1,0,1,1,1,5,2,1,0,6,8,13,0
9,17,0,0,1,0,3,0,0,0,1,1,1,7,0,1,0,9,6,12,1
7,18,4,1,1,0,3,0,0,2,1,1,1,0,0,0,5,0,0,0,1
14,13,0,0,1,4,3,0,1,8,1,1,1,0,2,1,0,4,3,7,1
0,18,4,1,1,0,3,1,0,0,1,1,1,0,0,1,5,1,0,1,1
9,19,4,0,1,0,3,1,0,2,1,1,1,8,0,1,0,6,11,6,1
15,13,4,0,1,0,3,0,0,15,1,1,1,1,2,0,5,0,0,0,1
8,16,4,1,1,0,3,1,0,2,1,1,1,0,0,1,0,7,11,3,1
10,20,0,1,1,0,3,1,0,0,1,1,1,0,0,1,0,9,3,14,0
7,21,4,1,1,0,3,1,0,0,1,1,1,0,0,4,0,4,1,14,0
0,18,4,1,1,0,3,1,0,2,1,1,1,0,0,0,5,0,0,0,1
13,20,4,1,1,4,3,3,1,12,1,1,1,0,2,6,0,3,9,14,0
13,15,4,0,1,0,3,0,0,15,1,1,1,0,2,1,5,0,0,0,0
3,21,4,1,1,0,3,0,0,2,1,1,1,0,0,0,5,0,0,0,1
11,16,0,1,1,4,3,0,1,1,1,1,1,0,2,1,0,5,1,5,1
2,14,4,0,1,3,3,0,1,2,1,1,1,8,0,1,0,6,2,5,0
3,19,4,0,1,0,3,0,0,2,1,1,1,5,0,1,0,1,3,2,1
14,20,2,0,1,3,3,0,1,0,1,1,1,0,2,1,0,7,11,11,1
2,19,4,1,1,0,3,0,0,2,1,1,1,0,0,0,5,0,0,0,1
0,15,4,1,1,4,3,0,1,10,1,1,1,5,0,0,5,0,0,0,0
12,20,0,0,1,4,3,3,1,0,1,1,1,0,2,1,0,6,3,13,0
12,20,4,0,1,0,3,0,0,11,1,1,1,0,2,1,0,6,4,14,0
13,20,4,1,1,0,3,3,0,0,1,1,1,5,2,2,0,6,4,12,1
5,19,4,0,1,0,3,0,0,0,1,1,1,0,0,5,0,6,2,7,1
11,21,4,1,1,4,3,0,1,0,1,1,1,5,2,1,0,6,4,14,0
5,19,4,1,1,0,3,1,0,16,1,1,1,0,0,1,5,4,0,2,1
15,20,0,1,1,0,3,0,0,1,1,1,1,0,2,1,0,6,3,13,1
1,18,4,1,1,0,3,0,0,2,1,1,1,0,0,1,0,1,1,3,0
3,20,4,0,0,0,3,1,0,0,1,1,0,8,0,5,5,6,0,2,1
13,15,2,1,1,0,3,0,0,7,1,1,1,0,2,0,5,0,0,7,1
1,18,4,1,1,0,3,1,0,16,1,1,1,0,0,2,5,1,0,1,1
13,20,4,0,1,0,3,0,0,0,1,1,1,0,2,1,0,6,3,11,1
4,21,4,0,1,4,3,3,1,5,1,1,1,5,0,2,0,8,10,8,1
14,19,0,0,1,4,3,0,1,1,1,1,1,5,2,1,0,6,0,7,1
3,19,4,1,1,0,3,1,0,0,1,1,1,5,0,1,0,1,2,2,0
8,18,3,1,1,0,3,0,0,0,1,1,1,0,0,1,0,6,2,8,1
13,15,0,0,1,0,3,3,0,1,1,1,1,0,2,7,0,6,10,10,1
5,18,4,0,1,0,3,1,0,2,1,1,1,0,0,1,0,2,3,4,1
6,15,4,0,1,0,3,0,0,16,1,1,1,1,0,1,5,0,0,5,0
15,20,0,1,1,4,3,1,1,1,1,1,1,0,2,1,0,4,0,6,0
9,20,0,0,1,3,0,1,1,0,1,1,1,0,0,5,3,6,9,9,1
10,20,4,1,1,0,3,3,0,11,1,1,1,0,0,1,0,7,2,13,1
6,15,0,0,1,0,3,0,0,2,1,1,1,0,0,1,0,3,4,9,1
13,20,2,1,1,0,3,2,0,0,1,1,1,6,2,3,0,6,10,11,0
11,20,4,1,1,0,3,3,0,0,1,1,1,1,2,1,0,3,5,4,0
4,20,0,1,1,0,3,3,0,0,1,1,1,0,0,1,0,6,5,9,1
7,18,4,1,1,0,3,3,0,2,1,1,1,1,0,2,0,6,11,9,1
14,20,0,1,1,0,3,0,0,0,1,1,1,0,2,1,0,2,2,5,1
2,14,4,0,0,0,3,0,0,2,1,1,0,0,0,0,5,0,0,3,1
15,15,4,0,0,0,3,1,0,2,1,1,0,0,2,1,0,6,3,2,1
5,18,3,0,1,4,3,0,1,2,1,1,1,6,0,1,0,5,10,3,1
9,18,4,1,1,0,3,0,0,0,1,1,1,7,0,1,0,3,2,10,1
14,20,0,1,1,4,3,0,1,0,1,1,1,0,2,1,0,8,0,13,1
9,20,4,1,1,0,3,1,0,0,1,1,1,0,0,3,0,6,4,8,1
7,20,0,0,1,0,3,1,0,0,1,1,1,0,0,6,0,6,8,14,1
4,15,4,0,1,0,3,0,0,2,1,1,1,0,0,0,5,0,0,0,1
13,18,4,0,1,0,3,0,0,0,1,1,1,0,2,7,0,6,3,5,1
10,15,0,1,1,4,3,0,1,1,1,1,1,0,0,1,0,4,6,5,1
9,20,4,1,1,0,3,0,0,12,1,1,1,0,0,1,0,7,2,11,0
5,19,0,0,1,0,0,0,0,16,1,1,1,0,0,5,3,9,1,6,0
8,14,4,0,1,0,3,2,0,2,1,1,1,8,0,1,1,2,0,1,1
6,20,4,1,1,0,3,0,0,2,1,1,1,5,0,1,0,6,3,6,1
2,18,4,0,1,0,3,1,0,0,1,1,1,0,0,1,0,9,6,12,1
9,15,0,0,1,0,3,0,0,0,1,1,1,0,0,1,0,8,4,10,1
3,15,4,0,1,0,3,3,0,11,1,1,1,0,0,1,5,6,0,4,0
6,20,4,1,1,1,3,3,0,14,1,1,1,7,0,2,0,4,8,6,1
1,18,4,1,1,0,3,1,0,2,1,1,1,5,0,1,5,2,0,2,1
3,18,4,0,1,4,3,1,1,5,1,1,1,0,0,1,5,6,0,6,1
7,20,4,0,1,3,3,3,0,11,1,1,1,0,0,2,0,8,2,11,1
2,18,4,1,1,0,3,0,0,2,1,1,1,7,0,1,0,1,8,2,1
11,15,0,0,1,0,3,0,0,1,1,1,1,0,2,0,5,0,0,0,1
6,15,4,0,1,0,1,1,0,10,1,1,1,8,0,8,5,6,0,4,1
11,20,4,0,1,0,3,0,0,14,1,1,1,0,2,1,0,6,8,9,1
13,20,0,0,1,4,3,0,1,0,1,1,1,5,2,1,0,9,6,12,0
0,15,4,0,1,0,3,3,0,7,1,1,1,7,0,1,2,0,0,0,1
5,17,4,0,1,4,3,0,1,0,1,1,1,0,0,1,0,6,8,8,1
2,15,4,1,1,0,3,0,0,2,1,1,1,1,0,1,0,3,6,5,1
13,20,4,0,1,0,3,1,0,0,1,1,1,0,2,1,0,6,3,11,1
4,19,4,0,1,0,3,0,0,2,1,1,1,1,0,1,5,3,0,1,1
15,18,0,1,1,0,3,1,0,0,1,1,1,0,2,6,0,4,10,14,1
10,20,4,0,1,0,3,0,0,5,1,1,1,0,0,1,2,6,0,5,1
9,18,4,1,1,0,3,0,0,12,1,1,1,0,0,4,0,6,4,12,0
0,18,0,1,1,0,3,2,0,8,1,1,1,0,0,1,0,2,6,3,1
9,20,0,1,1,0,3,2,0,0,1,1,1,6,0,2,0,6,10,11,1
9,21,0,0,1,4,3,0,1,0,1,1,1,5,0,1,0,9,0,13,0
3,15,4,1,1,0,3,0,0,12,1,1,1,7,0,1,0,6,8,8,1
11,21,0,1,1,4,3,0,1,1,1,1,1,0,2,0,5,0,0,0,1
2,15,0,0,1,4,3,3,1,8,1,1,1,0,0,1,0,6,0,7,1
10,19,0,1,1,0,3,3,0,1,1,1,1,0,0,0,5,0,0,0,1
5,20,4,1,1,0,3,1,0,2,1,1,1,0,0,4,0,6,10,11,1
0,18,4,1,1,0,3,0,0,2,1,1,1,0,0,2,0,1,3,3,1
5,19,4,0,1,0,3,1,0,15,1,1,1,0,0,1,5,0,0,0,0
2,15,4,1,1,0,3,3,0,2,1,1,1,8,0,1,0,7,4,10,1
2,15,4,0,1,0,3,0,0,2,1,1,1,0,0,1,0,6,8,5,1
6,18,4,1,1,0,3,0,0,0,1,1,1,0,0,1,0,1,3,1,1
8,18,0,1,0,0,3,0,0,0,1,1,1,5,0,0,5,0,0,10,0
5,15,4,1,1,0,3,0,0,2,1,1,1,0,0,1,0,6,4,5,1
12,18,3,1,1,0,3,0,0,0,1,1,1,7,2,6,0,6,4,10,0
2,17,4,0,1,0,3,1,0,0,1,1,1,8,0,1,0,7,2,12,1
0,18,4,1,1,0,3,0,0,0,1,1,1,1,0,1,0,4,3,5,0
5,20,4,0,1,3,3,0,1,2,1,1,1,5,0,1,0,6,3,11,1
5,20,4,1,1,0,3,0,0,2,1,1,1,0,0,1,0,6,5,7,1
4,18,0,1,1,0,3,0,0,0,1,1,1,7,0,6,1,1,0,2,1
14,14,4,1,1,0,3,3,0,12,1,1,1,7,2,0,5,0,0,5,1
1,18,4,0,1,0,3,1,0,2,1,1,1,0,0,1,0,1,8,3,1
0,18,4,1,1,0,3,3,0,16,1,1,1,5,0,1,5,1,0,1,0
7,20,4,1,1,0,3,0,0,12,1,1,1,5,0,1,0,6,4,10,0
2,18,4,1,1,0,3,0,0,2,1,1,1,7,0,0,5,0,0,0,1
4,15,4,0,1,0,3,0,0,2,1,1,1,0,0,0,5,0,0,0,1
15,21,0,0,1,3,1,0,1,0,1,1,1,5,2,1,0,9,3,14,0
8,18,4,0,1,0,3,3,0,2,1,1,1,5,0,1,0,4,4,5,1
14,20,0,0,1,0,3,0,0,1,1,1,1,0,2,1,0,7,11,14,0
7,15,4,0,1,0,3,0,0,5,1,1,1,7,0,1,0,6,2,6,1
5,15,4,0,1,0,3,1,0,0,1,1,1,0,0,1,0,6,4,11,0
11,17,0,1,1,0,3,0,0,1,1,1,1,7,2,1,0,6,3,5,1
7,13,4,0,0,0,3,3,0,10,1,1,0,0,0,1,0,6,3,6,0
15,18,0,1,1,0,3,0,0,0,1,1,1,5,2,1,0,6,6,9,1
9,16,4,0,0,0,3,1,0,0,1,1,0,7,0,1,5,0,0,4,0
6,20,0,1,1,0,3,0,0,1,1,1,1,0,0,1,5,0,0,0,1
1,14,4,0,1,0,3,0,0,2,1,1,1,5,0,1,2,6,0,3,1
8,18,4,0,1,0,3,2,0,2,1,1,1,0,0,1,0,2,9,7,1
8,15,4,1,1,0,3,0,0,7,1,1,1,0,0,1,0,5,4,3,1
3,15,4,0,1,4,3,0,1,9,1,1,1,0,0,1,0,6,3,8,1
5,17,4,1,1,4,3,0,1,2,1,1,1,0,0,1,5,0,0,0,1
2,19,4,1,1,0,3,1,0,0,1,1,1,0,0,1,0,9,5,12,1
7,18,4,1,1,4,3,0,1,0,1,1,1,0,0,1,0,1,10,3,1
9,18,4,0,1,0,3,0,0,4,1,1,1,0,0,1,0,6,6,11,1
3,18,4,1,1,0,3,0,0,16,1,1,1,5,0,0,5,0,0,0,1
14,21,0,0,1,0,3,0,0,1,1,1,1,0,2,1,0,6,8,13,1
3,15,4,0,1,0,3,0,0,14,1,1,1,0,0,1,0,2,6,3,1
11,21,4,0,1,0,3,0,0,14,1,1,1,1,2,1,2,2,0,2,1
12,19,0,1,1,0,3,1,0,1,1,1,1,0,2,2,0,8,2,12,1
1,18,4,0,1,0,3,1,0,7,1,1,1,0,0,1,0,2,11,4,1
14,18,4,0,1,0,3,2,0,0,1,1,1,0,2,1,0,6,6,10,1
15,22,4,1,1,0,3,0,0,0,1,1,1,7,2,1,0,9,6,13,0
5,15,0,1,1,4,3,0,1,2,1,1,1,7,0,1,0,6,8,9,1
10,12,4,0,1,0,3,0,0,5,1,1,1,0,0,1,2,0,0,4,1
13,15,4,1,1,0,3,0,0,5,1,1,1,7,2,1,0,8,3,8,1
9,15,4,0,1,3,3,3,1,2,1,1,1,5,0,1,0,6,11,6,1
5,15,0,1,1,3,3,0,1,1,1,1,1,5,0,1,0,2,3,4,0
15,18,0,0,1,0,3,0,0,1,1,1,1,7,2,1,0,6,10,9,1
8,19,0,0,1,0,3,0,0,1,1,1,1,0,0,1,0,6,4,6,1
10,18,4,0,1,4,3,3,1,2,1,1,1,5,0,7,0,3,5,9,1
6,19,0,1,1,0,3,0,0,1,1,1,1,0,0,1,0,6,2,11,1
6,15,4,0,0,0,3,1,0,16,1,1,0,0,0,1,5,6,0,7,0
2,15,4,0,1,0,3,2,0,8,1,1,1,0,0,1,0,3,6,11,0
3,15,4,1,1,0,3,3,0,2,1,1,1,7,0,1,0,6,6,2,1
13,15,4,0,1,0,3,1,0,15,1,1,1,1,2,0,5,0,0,0,1
11,21,0,1,1,0,3,0,0,7,1,1,1,0,2,1,0,6,3,9,1
0,17,4,1,1,0,3,0,0,2,1,1,1,0,0,0,5,0,0,0,1
7,17,4,0,1,0,3,0,0,2,1,1,1,7,0,1,0,8,11,12,1
8,4,2,0,1,3,1,2,1,0,1,1,1,7,0,3,1,6,2,10,1
2,15,0,1,1,0,3,2,0,8,1,1,1,0,0,1,0,2,3,4,1
6,20,4,0,1,0,3,1,0,2,1,1,1,5,0,1,0,6,8,11,1
5,12,0,1,1,4,3,0,1,1,1,1,1,7,0,1,0,5,3,5,1
14,19,4,1,1,0,3,0,0,0,1,1,1,7,2,6,0,2,0,8,1
9,19,0,1,1,0,3,0,0,0,1,1,1,0,0,3,0,2,3,6,0
14,19,4,0,1,0,3,0,0,0,1,1,1,5,2,1,0,6,6,10,0
1,18,4,0,1,4,3,0,1,10,1,1,1,5,0,1,5,1,0,1,1
9,17,4,1,1,0,3,1,0,12,1,1,1,0,0,6,0,4,6,6,0
8,19,0,1,1,0,3,0,0,0,1,1,1,0,0,0,5,0,0,0,1
3,15,4,1,0,0,3,0,0,3,1,0,0,1,0,6,5,2,0,2,1
14,15,0,1,1,4,3,0,1,1,1,1,1,5,2,0,5,0,0,0,0
7,19,4,1,1,0,3,0,0,7,1,1,1,1,0,5,0,6,6,6,1
10,21,4,0,1,0,0,1,0,12,1,1,1,0,0,5,3,6,1,9,0
0,15,4,0,1,0,3,0,0,12,1,1,1,0,0,1,0,6,2,9,0
8,18,4,0,1,0,3,3,0,2,1,1,1,0,0,1,0,6,8,7,1
6,20,4,0,1,3,3,0,1,2,1,1,1,5,0,5,4,6,0,11,0
7,20,4,0,1,0,3,0,0,10,1,1,1,0,0,1,0,9,8,14,1
1,15,4,0,1,4,3,0,1,2,1,1,1,7,0,1,0,4,1,5,1
8,18,0,0,1,0,2,0,0,0,1,1,1,0,0,4,0,6,3,5,1
10,15,4,0,1,0,3,0,0,2,1,1,1,0,0,1,2,6,0,4,1
7,20,4,1,1,4,3,0,1,2,1,1,1,5,0,1,0,6,3,11,1
11,20,0,1,1,0,3,0,0,1,1,1,1,0,2,3,0,6,6,11,1
10,20,4,0,1,0,3,0,0,11,1,1,1,0,0,1,0,9,3,13,0
6,20,4,1,1,4,3,1,1,0,1,1,1,0,0,4,0,5,1,7,1
6,17,4,1,1,0,3,0,0,2,1,1,1,5,0,0,5,0,0,2,1
8,23,0,1,1,0,3,0,0,0,1,1,1,0,0,1,1,8,0,14,1
13,17,0,1,1,0,3,1,0,1,1,1,1,0,2,2,0,1,3,2,1
6,17,4,0,1,0,3,0,0,2,1,1,1,0,0,1,0,6,8,11,1
3,18,4,1,1,0,3,3,0,14,1,1,1,0,0,2,0,2,4,7,1
9,21,4,0,1,0,3,0,0,14,1,1,1,1,0,1,0,6,4,9,0
1,18,4,1,1,0,3,3,0,2,1,1,1,7,0,0,5,0,0,0,1
2,17,4,1,1,4,3,3,1,16,1,1,1,0,0,6,5,1,0,1,0
6,18,4,1,1,4,3,0,1,2,1,1,1,7,0,1,0,4,0,6,1
4,20,4,0,1,0,3,1,0,2,1,1,1,0,0,1,2,0,0,0,1
5,17,4,1,1,0,3,3,0,2,1,1,1,1,0,1,2,6,0,3,1
5,17,0,0,1,0,3,3,0,0,1,1,1,0,0,1,0,9,8,11,0
11,0,4,0,1,4,3,0,1,12,1,1,1,5,2,1,0,6,4,6,1
11,8,4,0,1,4,3,0,1,11,1,1,1,0,2,1,0,6,4,8,0
14,19,4,0,1,0,3,0,0,12,1,1,1,0,2,1,5,0,0,2,1
1,18,4,1,1,4,3,0,1,11,1,1,1,5,0,4,0,1,3,4,1
12,13,4,1,1,4,3,0,1,0,1,1,1,0,2,1,0,4,6,6,1
12,15,2,1,1,0,3,0,0,2,1,1,1,0,2,1,5,0,0,2,1
14,15,0,0,1,4,3,3,1,0,1,1,1,1,2,1,0,6,3,9,1
5,19,0,1,1,4,3,0,1,2,1,1,1,0,0,2,0,6,11,5,1
0,15,4,0,1,0,3,0,0,11,1,1,1,5,0,1,2,6,0,6,0
9,19,4,1,1,0,3,0,0,2,1,1,1,7,0,1,5,0,0,0,0
15,18,4,1,1,4,3,0,1,2,1,1,1,7,2,1,5,0,0,0,1
6,20,4,0,1,0,3,3,0,0,1,1,1,0,0,1,0,6,2,11,1
15,20,0,0,1,0,3,0,0,0,1,1,1,0,2,1,0,7,1,10,1
10,19,4,1,1,0,3,1,0,2,1,1,1,0,0,1,0,6,6,12,1
5,18,4,1,1,0,3,1,0,0,1,1,1,0,0,1,0,8,3,10,1
0,18,4,0,1,0,3,1,0,16,1,1,1,1,0,1,0,2,1,3,1
3,19,4,1,1,0,3,0,0,2,1,1,1,0,0,1,1,1,0,2,1
14,18,4,0,1,0,3,3,0,14,1,1,1,5,2,1,0,6,6,9,1
10,20,4,0,1,0,3,0,0,2,1,1,1,1,0,1,0,1,11,3,1
0,18,4,1,1,0,3,1,0,16,1,1,1,8,0,3,5,1,0,1,1
14,20,0,0,1,0,3,0,0,0,1,1,1,0,2,1,0,6,3,14,1
13,19,0,1,1,0,3,1,0,1,1,1,1,7,2,2,0,6,2,10,1
2,15,4,0,1,0,3,3,0,2,1,1,1,0,0,1,0,1,2,3,1
9,16,4,0,1,0,3,0,0,12,1,1,1,0,0,0,5,0,0,0,0
9,20,0,1,1,0,3,0,0,0,1,1,1,0,0,6,0,4,6,13,0
1,18,4,1,1,0,3,0,0,2,1,1,1,1,0,1,0,1,1,2,1
11,17,0,1,1,0,3,0,0,0,1,1,1,7,2,1,0,6,6,9,0
14,18,0,1,1,3,3,0,1,8,1,1,1,0,2,6,0,4,0,8,1
2,0,4,0,1,3,3,0,1,2,1,1,1,5,0,1,0,2,4,6,1
9,17,0,0,1,0,3,0,0,1,1,1,1,0,0,1,0,6,11,11,1
15,19,0,1,1,0,3,0,0,0,1,1,1,7,2,3,0,6,2,5,1
1,18,4,1,0,0,3,3,0,2,1,1,0,0,0,0,5,0,0,0,1
5,17,0,1,1,0,3,3,0,1,1,1,1,0,0,1,0,6,2,2,1
11,17,0,1,1,0,3,3,0,1,1,1,1,0,2,0,5,0,0,0,1
12,21,0,1,1,0,3,0,0,0,1,1,1,7,2,1,0,6,8,12,1
3,20,4,1,1,0,3,1,0,0,1,1,1,0,0,1,0,9,10,14,1
9,18,4,1,1,0,3,3,0,2,1,1,1,0,0,1,0,5,9,6,1
3,20,4,0,1,0,3,3,0,11,1,1,1,5,0,1,0,2,1,3,1
0,15,4,1,1,0,3,2,0,0,1,1,1,0,0,0,5,0,0,0,0
2,15,4,0,1,4,3,0,1,15,1,1,1,0,0,0,5,0,0,0,1
3,18,0,1,1,0,3,0,0,1,1,1,1,0,0,1,0,1,4,2,0
13,20,4,0,1,0,3,0,0,15,1,1,1,0,2,2,5,0,0,0,0
13,12,0,0,1,0,3,0,0,0,1,1,1,5,2,1,0,6,11,12,1
14,22,4,1,1,4,3,0,1,9,1,1,1,5,0,1,0,4,5,8,1
11,20,4,1,1,0,3,1,0,0,1,1,1,0,2,4,0,8,1,12,0
9,20,4,1,1,0,3,0,0,0,1,1,1,5,0,1,0,6,8,11,1
11,20,0,1,1,0,3,0,0,1,1,1,1,0,2,1,2,2,0,6,1
13,14,0,0,0,4,3,0,1,15,1,1,0,1,2,1,5,0,0,1,0
7,8,4,0,1,4,3,3,1,4,1,1,1,7,0,1,5,0,0,1,1
3,20,4,1,1,3,3,0,1,2,1,1,1,8,0,1,0,2,9,4,1
8,16,4,0,1,0,3,1,0,2,1,1,1,0,0,1,0,6,3,8,1
9,20,4,0,1,3,3,3,1,2,1,1,1,7,0,1,0,6,4,13,1
12,17,0,0,1,0,3,0,0,2,1,1,1,5,2,1,0,6,4,10,1
5,15,4,0,1,0,3,0,0,2,1,1,1,7,0,1,2,0,0,0,1
4,15,0,1,0,0,3,0,0,2,1,1,1,0,0,1,5,6,0,3,1
0,15,4,1,1,0,3,0,0,2,1,1,1,5,0,0,5,0,0,0,1
2,18,4,0,1,0,3,0,0,2,1,1,1,7,0,1,0,6,8,6,1
4,13,4,0,1,0,3,0,0,0,1,1,1,0,0,6,5,0,0,6,0
3,18,4,1,1,0,3,1,0,2,1,1,1,0,0,9,2,0,0,0,0
9,0,4,1,0,4,3,0,1,12,1,0,1,0,0,1,0,6,4,9,1
15,20,0,1,1,0,3,1,0,2,1,1,1,0,2,1,0,9,11,14,1
0,17,4,0,1,0,2,0,0,5,1,1,1,0,0,1,0,4,3,6,1
5,15,4,1,1,0,3,0,0,2,1,1,1,7,0,1,0,2,11,3,1
9,15,4,1,1,0,3,0,0,0,1,1,1,1,0,1,0,6,1,9,1
0,15,4,0,1,0,3,0,0,2,1,1,1,0,0,0,5,0,0,0,1
14,20,2,1,1,0,3,0,0,0,1,1,1,0,2,3,0,6,1,10,0
11,18,4,1,1,0,3,0,0,16,1,1,1,1,2,1,5,8,0,7,1
4,17,4,0,1,0,3,3,0,2,1,1,1,0,0,0,5,0,0,0,1
2,20,4,1,1,0,3,0,0,16,1,1,1,5,0,1,0,8,4,11,1
6,20,4,0,1,0,3,0,0,11,1,1,1,0,0,1,0,5,0,11,1
11,15,0,1,1,0,3,3,0,1,1,1,1,0,2,1,0,6,3,14,1
13,20,4,1,1,0,3,0,0,2,1,1,1,5,2,1,1,8,0,13,1
7,4,0,0,0,4,3,1,1,0,1,0,0,7,0,0,5,0,0,0,1
15,20,2,1,1,0,3,0,0,0,1,1,1,0,2,1,0,7,7,12,1
6,20,0,1,1,1,3,3,0,11,1,1,1,7,0,2,0,4,6,6,0
11,15,4,0,1,0,3,3,0,11,1,1,1,0,2,1,0,6,10,14,0
15,20,0,1,1,0,3,1,0,0,1,1,1,0,2,1,0,8,0,13,1
14,20,4,0,1,0,3,0,0,0,1,1,1,0,2,1,0,5,0,11,1
11,15,0,0,1,0,3,1,0,2,1,1,1,0,2,1,0,6,6,6,1
6,20,4,0,0,0,3,0,0,0,1,1,0,5,0,1,0,5,5,6,0
14,17,0,0,1,0,3,0,0,1,1,1,1,7,2,1,0,8,11,12,1
12,15,0,0,1,0,3,0,0,2,1,1,1,7,2,1,0,6,8,10,1
2,18,4,0,1,4,3,0,1,2,1,1,1,5,0,1,0,6,5,8,1
3,15,0,0,1,0,3,0,0,1,1,1,1,0,0,1,0,6,4,10,0
8,20,4,1,1,0,3,0,0,2,1,1,1,5,0,1,0,6,8,9,1
12,14,0,1,1,4,3,0,1,0,1,1,1,7,2,0,5,0,0,0,1
5,20,4,1,1,0,3,2,0,0,1,1,1,7,0,1,5,6,0,2,0
3,20,4,1,1,0,3,0,0,2,1,1,1,1,0,1,0,1,3,3,1
3,18,4,0,1,0,3,1,0,2,1,1,1,0,0,1,0,4,2,5,1
13,19,4,0,1,0,3,1,0,0,1,1,1,0,2,4,0,1,2,3,0
12,20,2,1,1,1,3,1,0,12,1,1,1,0,2,3,0,4,3,6,0
7,18,4,0,1,0,3,0,0,7,1,1,1,8,0,1,0,6,8,6,1
0,15,4,1,1,0,3,1,0,2,1,1,1,0,0,1,5,1,0,2,1
6,20,4,1,1,0,3,3,0,12,1,1,1,7,0,1,0,6,6,10,0
1,17,4,1,1,0,3,1,0,7,1,1,1,0,0,1,0,3,2,5,1
6,20,4,0,1,0,3,0,0,5,1,1,1,5,0,1,0,6,5,6,1
9,20,4,1,1,4,3,0,1,0,1,1,1,0,0,2,0,6,3,7,1
1,15,4,1,1,0,3,0,0,2,1,1,1,0,0,1,2,1,0,3,1
13,20,0,1,1,0,3,0,0,1,1,1,1,0,2,2,0,6,6,10,1
10,20,4,0,1,0,3,0,0,12,1,1,1,0,0,6,0,7,6,14,0
14,19,4,0,1,0,3,1,0,2,1,1,1,0,2,1,0,6,8,10,1
12,14,0,0,1,0,3,3,0,2,1,1,1,7,2,1,0,2,10,5,1
2,18,4,0,1,0,3,1,0,2,1,1,1,0,0,0,5,0,0,0,1
1,18,4,0,1,0,3,0,0,2,1,1,1,0,0,1,0,6,3,10,1
10,20,0,1,1,0,3,3,0,0,1,1,1,5,0,2,0,6,4,13,1
6,15,0,0,1,4,3,0,1,0,1,1,1,8,0,1,0,6,0,9,1
6,18,4,1,1,0,3,0,0,0,1,1,1,0,0,0,5,0,0,0,1
8,20,4,0,1,0,3,1,0,9,1,1,1,0,0,3,0,6,0,11,1
0,18,4,0,1,0,3,0,0,10,1,1,1,0,0,1,0,6,7,8,1
11,21,0,1,1,3,3,0,1,1,1,1,1,5,2,3,0,6,2,8,1
7,15,4,1,1,0,3,0,0,11,1,1,1,0,0,1,0,6,8,6,1
14,23,0,0,1,0,3,0,0,0,1,1,1,0,2,1,0,8,2,14,0
13,11,0,0,1,4,3,0,1,15,1,1,1,0,2,1,5,9,0,0,0
3,20,4,1,1,4,3,0,1,9,1,1,1,5,0,1,0,3,8,8,0
3,18,4,1,1,0,3,3,0,16,1,1,1,5,0,1,5,0,0,2,0
7,20,4,0,1,3,3,3,1,2,1,1,1,5,0,1,0,4,10,13,1
7,15,4,1,1,0,3,3,0,5,1,1,1,7,0,2,0,3,2,8,0
9,21,0,0,1,0,3,1,0,1,1,1,1,0,0,1,0,6,3,13,1
5,18,4,1,1,0,3,0,0,2,1,1,1,0,0,1,0,6,1,10,1
3,20,0,1,1,0,3,3,0,1,1,1,1,5,0,1,0,6,3,6,0
6,20,4,0,1,0,3,0,0,0,1,1,1,0,0,2,0,6,10,10,1
7,19,4,1,1,0,3,3,0,2,1,1,1,5,0,0,5,0,0,0,1
11,20,0,1,1,0,3,0,0,1,1,1,1,5,2,0,5,0,0,0,1
13,20,0,0,1,0,3,0,0,1,1,1,1,0,2,1,0,6,7,13,1
1,15,4,0,1,0,3,0,0,2,1,1,1,7,0,1,0,1,1,2,1
2,15,4,0,1,0,3,0,0,16,1,1,1,0,0,1,0,6,4,6,0
8,15,4,0,1,0,3,0,0,7,1,1,1,7,0,0,5,0,0,0,1
7,15,4,1,1,3,3,0,1,0,1,1,1,0,0,1,5,0,0,0,1
4,18,0,0,1,4,3,3,1,2,1,1,1,5,0,0,5,0,0,0,1
8,20,4,0,1,0,3,1,0,0,1,1,1,0,0,3,0,8,8,12,1
15,20,4,1,1,0,3,1,0,12,1,1,1,0,2,4,0,5,0,9,1
2,15,4,0,1,0,3,0,0,2,1,1,1,7,0,4,0,2,1,5,1
15,21,0,0,1,4,3,0,1,1,1,1,1,0,2,1,0,6,6,14,0
6,18,4,1,1,0,3,3,0,2,1,1,1,7,0,1,0,6,4,12,1
10,18,0,0,1,0,3,3,0,0,1,1,1,7,0,1,0,1,3,5,1
11,15,0,1,1,0,3,0,0,1,1,1,1,0,2,1,0,8,4,9,0
5,12,0,1,1,2,3,3,0,1,1,1,1,0,0,1,5,0,0,0,1
14,14,0,1,1,0,3,0,0,0,1,1,1,1,2,1,0,6,10,2,1
8,15,4,0,1,0,3,1,0,2,1,1,1,0,0,1,0,6,11,9,1
0,18,4,1,1,0,3,0,0,16,1,1,1,7,0,0,5,0,0,0,0
2,17,4,0,1,0,3,0,0,5,1,1,1,0,0,1,0,2,4,2,1
14,15,0,0,1,0,3,0,0,0,1,1,1,0,2,6,0,6,8,13,1
9,20,0,0,1,0,3,1,0,0,1,1,1,5,0,1,5,4,0,6,1
0,15,4,0,1,0,3,1,0,2,1,1,1,0,0,1,2,2,0,3,1
8,15,0,1,1,3,3,0,1,2,1,1,1,7,0,0,5,0,0,0,1
7,13,4,1,1,0,3,0,0,0,1,1,1,0,0,0,5,0,0,0,1
0,15,4,0,1,0,3,0,0,2,1,1,1,0,0,2,0,4,3,3,1
5,15,4,0,1,0,3,3,0,12,1,1,1,0,0,1,5,4,0,4,0
14,15,0,0,1,0,3,1,0,1,1,1,1,8,2,4,5,0,0,2,1
0,15,4,0,1,0,3,0,0,2,1,1,1,0,0,1,0,3,0,3,1
10,20,4,0,1,0,3,3,0,12,1,1,1,0,0,1,0,6,6,11,0
1,15,4,0,1,3,3,3,0,16,1,1,1,0,0,7,5,6,0,1,1
0,15,4,1,1,0,3,3,0,2,1,1,1,7,0,0,5,0,0,0,1
3,18,0,1,1,4,3,0,1,8,1,1,1,5,0,1,5,0,0,0,1
2,20,4,0,1,0,3,3,0,2,1,1,1,0,0,1,0,2,2,2,1
0,18,4,1,1,4,3,0,1,2,1,1,1,0,0,1,0,2,2,5,1
6,18,4,0,1,0,3,0,0,2,1,1,1,7,0,1,0,6,6,7,1
12,15,4,1,1,0,3,0,0,2,1,1,1,0,2,6,0,8,8,11,1
14,20,0,0,1,4,3,0,1,0,1,1,1,0,2,1,0,6,0,9,0
12,20,4,0,1,0,3,3,0,12,1,1,1,0,2,6,0,1,9,14,1
10,19,0,0,1,0,1,0,0,0,1,1,1,0,0,1,0,8,3,12,1
3,15,4,0,1,0,3,3,0,14,1,1,1,0,0,3,5,0,0,0,0
15,21,4,1,1,0,3,1,0,9,1,1,1,0,2,1,0,6,8,8,1
10,17,2,1,1,0,3,0,0,2,1,1,1,0,0,1,5,0,0,0,1
7,20,4,1,1,0,3,0,0,2,1,1,1,0,0,1,0,8,5,12,1
14,20,4,0,0,0,3,3,0,2,1,1,0,0,2,1,0,6,3,12,1
15,18,2,1,1,0,3,1,0,0,1,1,1,0,2,1,5,0,0,5,1
11,22,0,1,1,3,3,0,1,0,1,1,1,0,2,1,1,9,0,11,1
0,15,4,0,1,0,3,3,0,11,1,1,1,5,0,0,5,0,0,0,1
8,14,4,0,0,0,3,0,0,0,1,1,0,1,0,1,1,2,0,1,1
11,20,4,0,1,0,3,0,0,0,1,1,1,1,2,1,0,8,2,6,1
3,19,0,1,1,0,3,0,0,2,1,1,1,5,0,1,0,4,4,2,1
0,15,4,1,1,0,3,0,0,2,1,1,1,7,0,1,0,4,3,9,1
12,18,4,0,1,3,3,3,1,5,1,1,1,7,2,1,0,6,5,8,1
9,22,4,1,1,0,3,3,0,0,1,1,1,0,0,1,0,8,9,14,0
15,15,4,1,1,0,3,0,0,0,1,1,1,1,2,1,0,6,1,5,1
0,15,4,0,1,0,3,0,0,16,1,1,1,0,0,1,5,1,0,4,1
15,21,4,1,1,0,3,1,0,0,1,1,1,5,2,2,0,6,6,14,1
12,15,4,0,1,0,3,0,0,2,1,1,1,0,2,1,0,6,6,8,1
14,20,0,0,1,0,3,0,0,0,1,1,1,7,2,3,0,7,6,13,1
11,20,4,1,1,0,3,0,0,2,1,1,1,0,2,2,2,6,0,8,1
10,15,0,1,1,4,3,0,1,1,1,1,1,7,0,0,5,0,0,0,1
13,19,4,0,1,0,3,1,0,0,1,1,1,8,2,1,0,9,0,14,0
3,20,4,0,1,0,3,0,0,2,1,1,1,5,0,5,0,9,4,11,1
7,15,4,0,1,0,3,2,0,0,1,1,1,0,0,1,0,6,10,10,1
7,20,4,0,1,0,3,1,0,2,1,1,1,7,0,2,0,6,8,11,1
0,15,4,1,1,0,3,3,0,14,1,1,1,7,0,0,5,0,0,0,1
13,20,0,1,1,4,3,0,1,0,1,1,1,5,2,1,0,7,10,13,1
13,21,0,1,1,4,3,0,1,1,1,1,1,0,2,1,0,6,10,14,1
1,17,4,1,1,0,3,0,0,16,1,1,1,0,0,0,5,0,0,0,1
11,16,4,0,1,0,3,0,0,15,1,1,1,0,2,0,5,0,0,0,0
12,20,4,1,1,0,3,0,0,11,1,1,1,0,2,6,0,6,0,11,1
14,18,0,1,1,0,3,0,0,5,1,1,1,0,2,2,0,6,3,9,1
14,16,4,0,1,0,3,0,0,0,1,1,1,0,2,1,0,7,2,13,1
3,18,4,1,1,0,3,0,0,2,1,1,1,0,0,0,5,0,0,0,1
11,15,4,1,1,4,3,0,1,12,1,1,1,0,2,1,0,6,11,11,1
6,15,4,1,1,0,3,0,0,2,1,1,1,7,0,1,0,6,6,9,1
0,15,4,0,1,0,3,0,0,7,1,1,1,7,0,1,0,3,4,4,1
14,19,4,1,1,0,3,3,0,9,1,1,1,4,2,3,0,9,8,11,1
0,18,4,1,1,0,3,1,0,16,1,1,1,5,0,6,5,1,0,2,1
8,20,4,0,1,0,3,0,0,0,1,1,1,7,0,3,0,6,2,13,1
0,15,4,0,1,0,3,1,0,16,1,1,1,0,0,0,5,0,0,0,1
15,18,0,1,1,4,3,0,1,1,1,1,1,0,2,1,0,6,6,12,1
9,14,4,1,1,4,3,0,1,12,1,1,1,0,2,3,0,6,7,7,1
6,15,4,1,1,0,3,0,0,7,1,1,1,1,0,1,0,1,11,3,1
3,15,0,0,1,0,3,0,0,0,1,1,1,0,0,1,0,6,2,2,1
14,20,0,0,1,0,3,1,0,0,1,1,1,0,2,4,0,6,1,14,1
3,18,4,1,1,0,3,3,0,2,1,1,1,0,0,0,5,0,0,0,1
1,14,4,0,1,0,3,3,0,11,1,1,1,1,0,1,2,1,0,4,0
13,17,2,1,1,0,3,0,0,0,1,1,1,1,2,1,0,6,1,7,0
9,21,0,1,1,0,3,1,0,1,1,1,1,0,0,3,0,6,3,13,1
9,13,0,0,1,0,3,0,0,0,1,1,1,0,0,1,0,6,1,13,0
10,21,4,0,1,0,3,1,0,14,1,1,1,0,0,7,0,8,3,13,1
6,15,4,0,1,0,3,0,0,2,1,1,1,8,0,1,0,6,6,7,1
5,18,4,0,1,0,3,0,0,2,1,1,1,1,0,1,0,6,2,6,1
2,19,4,1,1,0,3,1,0,2,1,1,1,8,0,0,5,0,0,0,1
9,17,4,0,1,3,3,0,1,2,1,1,1,5,0,6,0,2,8,8,1
13,15,0,0,1,0,3,3,0,8,1,1,1,0,2,5,0,2,9,3,1
3,20,4,1,1,0,3,1,0,2,1,1,1,0,0,3,0,5,2,6,1
5,20,4,1,1,0,3,1,0,0,1,1,1,0,0,6,0,2,3,3,0
13,15,0,1,1,0,3,0,0,1,1,1,1,0,2,7,1,6,0,6,1
13,21,4,0,1,4,3,0,1,12,1,1,1,5,2,4,0,7,5,14,1
7,13,4,0,1,0,3,0,0,15,1,1,1,0,0,1,5,0,0,0,0
11,16,4,1,0,0,3,0,0,3,0,0,1,4,0,1,0,5,8,5,1
13,21,4,0,1,3,3,0,1,0,1,1,1,5,2,1,0,6,11,13,0
10,14,0,0,1,4,3,0,1,15,1,1,1,7,0,0,5,0,0,0,0
6,14,4,0,1,4,3,3,1,14,1,1,1,0,0,0,5,0,0,7,0
13,21,4,0,1,0,3,1,0,0,1,1,1,8,2,2,0,6,2,14,0
7,19,4,1,1,3,3,0,1,2,1,1,1,5,0,1,0,6,6,9,1
5,20,4,0,1,0,3,0,0,11,1,1,1,5,0,1,0,6,3,13,0
7,15,4,1,1,0,3,0,0,2,1,1,1,7,0,1,0,6,3,2,1
5,22,4,1,1,0,3,1,0,7,1,1,1,0,0,1,0,9,6,7,1
5,20,0,0,1,0,3,3,0,1,1,1,1,0,0,1,0,4,3,2,1
8,20,4,1,1,0,3,0,0,2,1,1,1,0,0,2,0,2,11,4,1
5,17,4,0,1,0,3,3,0,2,1,1,1,0,0,6,0,3,4,3,1
2,18,4,1,1,4,3,0,1,2,1,1,1,0,0,1,0,5,1,9,1
1,18,4,0,0,0,3,3,0,2,1,1,0,0,0,0,5,0,0,0,1
9,20,4,0,1,4,3,0,1,2,1,1,1,5,0,1,0,6,4,14,1
5,18,4,1,1,0,3,2,0,0,1,1,1,0,0,1,0,3,2,4,0
0,12,3,0,1,0,3,0,0,1,1,1,1,7,0,1,0,6,0,4,0
8,17,4,0,1,4,3,3,1,9,1,1,1,7,0,1,2,6,0,2,0
9,21,0,1,1,0,3,1,0,0,1,1,1,0,0,2,5,8,0,14,1
5,18,4,1,1,0,3,3,0,2,1,1,1,0,0,1,0,9,3,13,1
3,18,4,1,1,0,3,0,0,14,1,1,1,0,0,1,0,8,3,10,1
7,15,4,0,1,0,3,0,0,11,1,1,1,8,0,1,0,7,2,9,1
2,14,4,1,1,0,3,3,0,2,1,1,1,0,0,0,5,0,0,0,1
9,21,4,0,1,0,3,2,0,0,1,1,1,0,0,1,0,6,4,12,0
0,18,4,1,1,0,3,0,0,2,1,1,1,7,0,1,0,4,10,4,1
10,19,4,1,1,4,3,0,1,0,1,1,1,0,0,7,0,6,6,9,1
6,15,4,0,1,0,3,0,0,2,1,1,1,0,0,1,0,1,6,2,1
7,20,4,1,1,0,3,0,0,2,1,1,1,5,0,0,5,0,0,0,1
5,17,0,0,1,0,3,3,0,0,1,1,1,0,0,1,2,6,0,6,0
13,17,4,0,1,0,3,0,0,0,1,1,1,0,2,1,0,6,2,13,1
3,18,4,1,1,0,3,1,0,2,1,1,1,5,0,2,5,1,0,3,1
15,20,0,0,1,4,3,0,1,1,1,1,1,0,2,1,0,6,0,9,1
13,15,4,0,1,3,3,0,1,5,1,1,1,5,2,1,0,6,3,6,1
14,10,4,1,1,0,0,0,0,16,1,1,1,4,2,5,3,8,3,10,0
11,20,4,0,1,0,3,1,0,0,1,1,1,0,2,1,0,3,6,11,1
6,19,0,0,1,0,3,3,0,2,1,1,1,0,0,1,0,8,8,11,1
6,14,4,0,1,0,3,0,0,11,1,1,1,0,0,0,5,0,0,0,1
11,15,0,0,1,4,3,0,1,1,1,1,1,5,2,1,0,7,11,3,1
13,15,4,0,1,0,3,0,0,2,1,1,1,8,2,3,0,4,1,6,1
4,20,0,0,1,0,3,0,0,2,1,1,1,7,0,6,2,6,0,5,1
10,15,4,0,1,0,3,3,0,15,1,1,1,0,0,0,5,0,0,0,0
5,15,4,1,1,3,3,3,1,9,1,1,1,5,0,1,0,8,2,10,0
10,20,0,0,1,0,3,1,0,0,1,1,1,0,0,4,0,9,1,11,1
12,15,0,1,1,0,3,0,0,8,1,1,1,0,2,5,0,6,4,8,1
1,18,4,0,1,0,3,0,0,15,1,1,1,5,0,2,5,0,0,0,0
4,15,4,1,1,0,3,1,0,2,1,1,1,0,0,1,0,3,4,8,1
4,18,4,0,1,0,3,0,0,2,1,1,1,1,0,2,0,6,8,10,1
12,16,0,1,1,0,3,0,0,2,1,1,1,0,2,1,0,6,3,10,1
7,18,0,1,1,0,3,3,0,0,1,1,1,0,0,1,5,2,0,2,1
6,18,4,0,1,0,3,1,0,11,1,1,1,0,0,1,0,6,6,11,1
1,13,4,0,1,0,3,1,0,7,1,1,1,0,0,1,0,1,4,6,1
4,15,4,1,1,0,3,0,0,2,1,1,1,5,0,1,2,1,0,3,1
4,18,4,0,1,4,3,0,1,0,1,1,1,5,0,1,0,6,6,8,1
1,15,4,0,1,0,3,0,0,2,1,1,1,8,0,1,0,6,3,6,1
0,18,4,1,1,0,3,0,0,16,1,1,1,7,0,0,5,0,0,0,0
14,22,4,1,1,0,3,1,0,0,1,1,1,8,2,1,0,4,9,13,0
0,17,4,1,1,0,3,1,0,16,1,1,1,0,0,0,5,0,0,0,0
14,14,0,0,1,4,3,0,1,0,1,1,1,0,2,1,0,9,3,12,1
9,5,0,0,1,3,3,0,1,4,1,1,1,5,0,0,5,0,0,0,1
1,18,4,0,1,0,3,1,0,2,1,1,1,0,0,1,5,5,0,5,1
15,22,0,0,1,0,3,1,0,0,1,1,1,0,2,3,0,9,4,13,1
2,18,4,0,1,0,3,3,0,2,1,1,1,0,0,1,2,1,0,3,0
11,20,4,0,1,0,3,0,0,0,1,1,1,0,2,1,0,8,3,14,0
5,20,4,1,1,0,3,0,0,2,1,1,1,8,0,1,2,0,0,0,1
1,18,4,0,1,0,3,0,0,2,1,1,1,7,0,0,5,0,0,0,1
11,21,0,1,1,4,3,0,1,1,1,1,1,5,2,1,0,6,10,8,1
6,18,0,0,1,0,3,0,0,1,1,1,1,7,0,7,5,1,0,4,1
13,15,4,0,1,0,3,0,0,15,1,1,1,7,2,0,5,0,0,0,1
6,17,0,1,1,0,3,3,0,0,1,1,1,0,0,1,5,1,0,3,0
0,17,4,0,0,0,3,0,0,16,1,1,0,0,0,0,5,0,0,4,0
6,20,4,1,1,0,3,0,0,11,1,1,1,7,0,1,0,6,8,12,1
12,18,4,1,1,2,3,3,0,2,1,1,1,0,2,1,5,0,0,0,1
5,19,4,1,1,0,3,0,0,7,1,1,1,7,0,1,0,5,2,3,1
0,18,4,1,1,0,3,0,0,2,1,1,1,7,0,1,5,0,0,0,1
4,18,0,1,1,0,1,3,0,14,1,1,1,0,2,1,5,0,0,0,0
14,23,0,0,1,4,3,0,1,1,1,1,1,0,2,7,0,6,8,13,1
15,15,0,1,1,0,3,1,0,1,1,1,1,0,2,1,0,6,11,12,1
2,18,4,0,0,3,3,3,1,2,1,1,1,0,0,1,0,7,4,5,1
6,21,4,0,1,0,3,3,0,14,1,1,1,5,0,3,0,6,6,11,1
15,13,4,1,1,4,3,3,1,4,1,1,1,0,2,1,5,0,0,0,1
10,16,4,0,1,4,3,0,1,0,1,1,1,0,0,1,0,7,10,7,1
15,18,4,1,1,0,3,0,0,10,1,1,1,0,2,1,0,6,8,10,1
9,1,4,1,0,0,3,3,0,5,0,0,0,0,0,3,0,6,10,13,1
15,21,0,0,1,4,3,3,1,0,1,1,1,0,2,2,0,9,0,14,1
11,18,0,1,1,3,3,0,1,2,1,1,1,0,2,1,0,6,6,12,1
12,18,0,0,1,3,3,0,1,0,1,1,1,0,2,2,0,6,2,9,1
2,19,4,0,1,0,3,1,0,2,1,1,1,8,0,1,0,6,3,9,1
10,19,4,0,1,0,3,0,0,2,1,1,1,5,0,1,0,3,6,8,0
0,18,4,1,1,0,3,0,0,7,1,1,1,0,0,1,0,2,3,6,1
13,18,4,1,1,0,3,1,0,0,1,1,1,0,2,4,0,5,11,12,1
12,13,4,1,0,2,3,0,0,2,1,1,0,1,2,1,5,0,0,13,1
2,17,4,1,1,0,3,0,0,0,1,1,1,0,0,1,0,1,2,2,0
0,17,4,1,1,0,3,0,0,2,1,1,1,7,0,0,5,0,0,1,1
5,18,0,1,1,0,3,0,0,0,1,1,1,7,0,1,0,2,10,8,1
12,22,3,1,1,3,3,0,1,0,1,1,1,0,2,7,0,7,8,8,1
0,17,4,1,1,0,3,0,0,16,1,1,1,0,0,0,5,0,0,0,0
6,18,4,1,1,0,3,0,0,11,1,1,1,2,0,1,0,6,6,14,1
2,15,4,0,1,0,3,3,0,2,1,1,1,0,0,1,0,7,3,9,1
14,18,2,0,1,0,3,0,0,0,1,1,1,0,2,6,0,2,8,8,1
2,18,4,0,1,0,3,0,0,2,1,1,1,5,0,1,0,1,4,1,1
15,18,0,1,1,4,3,0,1,0,1,1,1,5,2,0,5,0,0,0,1
12,16,4,0,1,0,3,0,0,3,1,1,1,0,2,1,0,9,7,13,1
6,17,0,0,1,0,2,3,0,3,1,1,1,0,0,1,0,6,2,13,1
9,19,4,1,1,0,3,1,0,0,1,1,1,0,0,1,0,9,2,12,1
11,18,4,1,0,0,3,0,0,12,1,1,0,2,2,1,5,0,0,0,1
9,21,4,0,0,0,3,1,0,5,0,1,0,0,0,2,0,2,10,4,1
1,18,4,1,1,4,3,3,1,11,1,1,1,5,0,0,5,0,0,0,0
12,22,4,1,1,0,3,3,0,0,1,1,1,0,2,1,0,6,9,14,0
0,15,4,1,1,0,3,0,0,16,1,1,1,8,0,1,0,2,1,2,0
8,21,4,0,1,0,3,1,0,0,1,1,1,8,0,4,0,6,1,13,1
7,20,4,0,1,0,3,1,0,2,1,1,1,0,0,0,5,0,0,0,1
11,14,4,1,1,0,3,0,0,2,1,1,1,0,2,3,0,3,4,3,1
5,20,4,1,1,0,3,3,0,0,1,1,1,7,0,0,5,0,0,4,1
9,16,4,0,0,0,3,3,0,15,1,1,0,1,0,0,5,0,0,1,0
11,19,4,0,0,0,3,0,0,5,0,1,0,0,2,1,0,6,10,9,1
0,18,4,1,1,0,3,0,0,16,1,1,1,0,0,1,1,2,0,2,1
3,20,4,0,1,0,3,1,0,14,1,1,1,0,0,7,5,2,0,2,1
5,15,4,0,1,4,3,0,1,12,1,1,1,5,0,1,0,6,2,3,1
15,15,0,1,1,0,3,1,0,1,1,1,1,8,2,1,0,7,1,12,1
7,15,4,0,1,0,3,1,0,5,1,1,1,0,0,1,0,6,2,4,1
13,20,4,0,1,4,3,0,1,0,1,1,1,5,2,1,0,9,10,14,1
9,0,0,0,1,4,3,0,1,1,1,1,1,7,0,1,0,6,4,6,0
5,20,4,0,1,3,3,0,1,9,1,1,1,0,0,2,0,6,11,10,1
14,12,4,0,1,0,3,0,0,0,1,1,1,8,0,1,1,6,0,12,1
2,18,4,1,1,0,3,2,0,11,1,1,1,8,0,1,5,2,0,4,1
15,20,0,1,1,0,3,0,0,1,1,1,1,0,2,0,5,0,0,0,1
6,18,4,0,1,0,3,1,0,2,1,1,1,0,0,1,0,5,3,10,1
15,13,4,0,1,0,3,0,0,7,1,1,1,0,2,1,2,0,0,6,1
5,17,4,1,1,0,3,0,0,2,1,1,1,7,0,1,0,6,6,10,1
0,15,4,0,1,0,3,0,0,2,1,1,1,7,0,1,5,0,0,0,1
13,12,2,0,1,0,3,0,0,0,1,1,1,0,2,1,0,6,0,9,1
2,18,4,0,1,0,0,1,0,0,1,1,1,0,0,5,3,8,9,12,1
12,20,4,1,1,1,3,3,0,11,1,1,1,0,0,2,0,4,8,3,1
0,8,4,1,1,4,3,0,1,16,1,1,1,7,0,1,0,6,4,3,0
14,20,0,1,1,0,3,1,0,1,1,1,1,0,2,0,5,0,0,0,1
5,15,4,1,1,0,3,0,0,12,1,1,1,0,0,1,0,6,2,6,1
13,20,4,1,1,0,3,0,0,0,1,1,1,0,2,5,0,6,9,11,0
10,15,4,0,1,0,3,0,0,0,1,1,1,0,0,1,0,6,3,14,1
0,18,4,1,1,0,3,3,0,11,1,1,1,0,0,1,0,4,2,3,1
15,21,0,1,1,3,3,0,1,0,1,1,1,0,2,1,0,6,2,13,1
2,18,4,0,1,0,0,0,0,16,1,1,1,0,0,5,3,9,1,2,1
8,13,4,1,1,0,3,0,0,7,1,1,1,1,0,0,5,0,0,2,1
15,13,4,1,1,4,3,0,1,10,1,1,1,8,2,1,5,6,0,7,0
5,15,4,0,0,0,3,0,0,9,1,1,1,0,0,1,0,6,4,8,1
6,20,4,1,1,2,3,0,0,3,1,1,1,0,0,0,5,0,0,0,0
7,16,4,1,1,0,3,0,0,10,1,1,1,0,0,1,5,6,0,4,0
5,12,4,0,0,0,3,3,0,16,1,1,1,5,0,1,5,0,0,5,1
11,21,0,1,1,3,3,0,1,0,1,1,1,0,2,1,0,6,6,13,1
12,21,0,0,1,4,3,0,1,0,1,1,1,0,2,1,0,9,6,14,1
0,18,4,1,1,0,3,3,0,11,1,1,1,0,0,0,5,0,0,0,1
15,20,0,1,1,4,3,0,1,10,1,1,1,0,2,1,0,6,8,13,0
14,23,2,1,1,0,3,0,0,12,1,1,1,0,2,1,0,6,11,14,0
8,21,0,1,1,0,3,1,0,0,1,1,1,0,0,3,0,6,2,13,1
15,13,4,0,1,0,3,0,0,15,1,1,1,7,2,0,5,0,0,2,1
0,15,4,0,1,0,3,0,0,2,1,1,1,0,0,1,0,1,4,2,1
5,20,4,1,1,0,3,0,0,0,1,1,1,0,0,4,0,5,1,6,1
10,20,2,1,1,0,3,1,0,0,1,1,1,0,0,2,0,7,8,13,0
15,20,4,0,1,0,3,1,0,11,1,1,1,5,2,1,0,6,7,11,1
11,8,0,0,1,4,3,0,1,0,1,1,1,0,2,1,0,1,4,14,1
1,18,4,0,0,0,3,0,0,2,1,1,0,1,0,0,5,0,0,4,1
10,20,0,0,1,0,3,0,0,0,1,1,1,0,0,1,0,6,11,13,1
10,18,4,1,1,0,3,0,0,0,1,1,1,0,0,3,2,0,0,0,1
4,18,4,1,1,0,3,3,0,2,1,1,1,0,0,1,0,6,5,7,1
5,20,4,1,1,0,3,0,0,11,1,1,1,0,0,1,0,7,7,13,0
7,20,4,1,1,3,3,0,1,0,1,1,1,0,0,1,0,7,10,10,1
11,16,4,0,1,0,3,1,0,12,1,1,1,7,2,1,0,7,0,8,1
3,18,4,0,1,0,3,0,0,12,1,1,1,0,0,0,5,0,0,0,0
12,20,0,0,1,4,3,0,1,0,1,1,1,5,2,1,0,6,4,5,1
15,22,0,0,1,3,3,0,1,1,1,1,1,0,2,2,0,9,2,13,1
10,21,0,1,1,0,3,1,0,0,1,1,1,0,0,1,0,8,5,12,0
5,15,4,1,1,0,3,0,0,12,1,1,1,0,0,1,0,7,10,1,1
4,21,4,1,1,4,3,0,1,11,1,1,1,5,0,1,2,2,0,5,0
15,19,0,0,1,3,3,0,1,0,1,1,1,0,2,3,0,6,8,12,0
13,19,4,0,1,0,3,1,0,2,1,1,1,0,2,1,5,0,0,0,1
5,18,4,0,1,4,3,3,1,4,1,1,1,7,0,1,0,5,8,6,1
1,18,4,0,1,0,3,3,0,16,1,1,1,1,0,0,5,0,0,0,0
11,14,0,0,1,4,3,0,1,2,1,1,1,0,2,1,2,8,0,5,1
5,20,4,1,1,0,3,0,0,11,1,1,1,0,0,1,0,6,3,13,1
12,18,0,1,1,4,3,0,1,0,1,1,1,5,2,1,0,1,3,2,1
14,23,0,0,1,4,3,0,1,0,1,1,1,5,2,1,0,6,3,13,0
6,15,4,1,1,0,3,0,0,2,1,1,1,7,0,1,0,5,11,4,1
14,18,0,1,1,0,3,1,0,1,1,1,1,0,2,1,0,5,5,7,1
4,20,4,1,1,0,3,0,0,2,1,1,1,0,0,1,0,6,6,8,1
11,20,0,0,1,0,3,1,0,1,1,1,1,0,2,2,0,3,6,14,0
7,18,0,1,1,4,3,0,1,1,1,1,1,7,0,1,0,6,6,8,1
3,18,4,1,1,0,3,3,0,2,1,1,1,5,0,1,1,1,0,2,1
9,20,0,1,1,0,3,0,0,0,1,1,1,5,0,1,0,6,1,13,1
1,18,4,1,1,0,3,0,0,2,1,1,1,7,0,1,2,1,0,2,1
11,20,4,0,1,0,3,0,0,2,1,1,1,5,2,1,2,6,0,6,1
0,15,4,1,1,0,3,0,0,16,1,1,1,7,0,0,5,0,0,0,0
7,19,4,1,1,0,3,0,0,2,1,1,1,0,0,2,0,2,8,6,1
6,20,4,0,1,0,3,1,0,0,1,1,1,5,0,3,0,6,6,12,1
6,19,4,0,1,3,3,0,1,2,1,1,1,0,0,1,0,8,8,7,1
3,15,4,1,1,0,3,3,0,2,1,1,1,0,0,3,1,1,0,1,1
14,20,4,0,1,0,3,0,0,11,1,1,1,5,2,2,0,7,6,14,1
14,18,0,0,1,0,3,0,0,0,1,1,1,0,2,1,0,7,4,11,1
13,18,4,1,1,0,3,0,0,2,1,1,1,5,2,1,0,1,0,1,1
10,20,4,1,1,0,3,0,0,2,1,1,1,0,0,1,0,6,4,9,1
13,18,0,1,1,0,3,0,0,0,1,1,1,0,2,1,0,6,3,10,1
9,20,4,1,1,0,3,0,0,0,1,1,1,1,0,1,5,0,0,0,0
0,18,4,0,1,0,3,0,0,2,1,1,1,5,0,6,0,3,0,2,1
3,19,4,0,1,0,3,0,0,2,1,1,1,7,0,1,0,4,4,8,1
15,20,4,1,1,0,3,0,0,0,1,1,1,0,2,1,0,6,3,11,1
1,17,4,1,1,0,3,3,0,7,1,1,1,8,0,1,0,2,6,2,1
11,20,0,1,1,0,3,3,0,1,1,1,1,5,2,1,0,6,4,9,1
13,21,0,1,1,0,3,0,0,1,1,1,1,0,2,1,0,6,4,12,0
4,18,4,0,1,3,3,3,1,2,1,1,1,0,0,1,0,2,4,4,1
1,18,4,1,1,0,3,0,0,2,1,1,1,7,0,1,0,6,4,8,1
7,20,4,0,1,0,3,3,0,2,1,1,1,0,0,1,0,6,2,5,1
6,18,4,1,0,0,3,1,0,16,1,1,0,0,0,0,5,0,0,7,1
8,19,4,0,1,0,3,3,0,16,1,1,1,1,0,2,0,6,1,11,1
2,17,4,1,1,0,3,0,0,2,1,1,1,0,0,0,5,0,0,0,1
5,17,4,0,1,0,3,0,0,9,1,1,1,0,0,1,0,6,2,8,1
13,20,4,1,1,2,3,1,0,2,1,1,1,0,2,7,0,5,3,12,1
0,15,4,0,1,4,3,0,1,5,1,1,1,5,0,1,0,2,2,6,1
8,15,2,1,1,0,3,1,0,7,1,1,1,0,0,1,5,0,0,0,0
3,13,0,0,1,4,3,0,1,8,1,1,1,0,0,1,0,4,2,5,1
4,20,4,1,1,0,3,1,0,2,1,1,1,0,0,1,5,0,0,0,1
8,20,0,0,1,0,3,2,0,0,1,1,1,0,0,6,0,9,3,14,1
1,19,4,1,1,0,3,1,0,2,1,1,1,5,0,1,2,1,0,6,1
3,20,4,1,1,0,3,1,0,9,1,1,1,8,0,1,0,6,2,8,1
9,1,4,1,1,4,3,3,1,11,1,1,1,5,0,3,5,6,0,11,0
7,17,4,0,1,0,3,0,0,0,1,1,1,0,0,1,0,6,6,8,1
2,17,4,0,1,0,3,0,0,2,1,1,1,0,0,1,0,2,2,2,1
15,17,0,0,0,0,3,1,0,0,1,1,0,0,2,1,0,9,3,8,1
0,17,4,1,1,0,3,1,0,7,1,1,1,8,0,1,5,0,0,1,1
4,15,4,0,1,0,3,0,0,2,1,1,1,0,0,0,5,0,0,0,1
7,4,0,0,1,4,3,3,1,11,1,1,1,1,0,2,0,7,2,11,1
10,19,4,0,1,0,3,1,0,0,1,1,1,8,0,1,0,8,2,12,0
7,6,4,0,1,2,3,0,0,7,1,1,1,7,0,9,2,0,11,4,1
15,15,4,0,1,0,3,3,0,0,1,1,1,0,2,2,0,6,11,7,1
12,18,4,1,1,0,3,1,0,0,1,1,1,8,0,4,0,5,5,3,1
12,18,4,0,1,0,3,0,0,14,1,1,1,0,2,7,0,2,8,2,1
12,18,1,1,1,0,1,1,0,0,1,1,1,8,2,4,0,9,7,9,0
5,19,4,0,1,0,3,3,0,0,1,1,1,0,0,6,5,4,0,2,0
6,14,4,0,1,4,3,0,1,14,1,1,1,0,0,1,0,6,8,7,1
8,20,0,1,1,0,3,0,0,0,1,1,1,0,0,1,0,9,11,13,1
15,19,0,1,1,0,3,0,0,0,1,1,1,0,2,1,0,7,4,11,1
15,19,0,0,1,3,3,0,1,0,1,1,1,7,2,1,0,6,6,5,1
9,22,0,1,1,0,3,1,0,1,1,1,1,0,0,3,0,6,0,11,1
11,21,0,1,1,4,3,0,1,1,1,1,1,5,2,0,5,0,0,0,0
5,17,4,1,1,0,3,0,0,16,1,1,1,0,0,1,0,6,4,11,1
6,20,4,0,1,0,3,3,0,11,1,1,1,0,0,1,0,6,3,13,1
5,19,4,1,1,0,3,1,0,0,1,1,1,0,0,1,0,2,2,5,0
11,21,0,0,1,3,3,0,1,1,1,1,1,0,2,1,0,8,6,13,1
5,15,4,1,1,0,3,0,0,2,1,1,1,7,0,0,5,0,0,0,1
1,15,4,1,1,0,3,0,0,2,1,1,1,0,0,1,0,4,5,4,1
3,20,4,1,1,0,3,1,0,2,1,1,1,5,0,1,0,1,2,3,1
1,14,4,0,1,0,3,0,0,16,1,1,1,0,0,1,1,8,0,6,1
0,15,4,0,0,0,3,3,0,16,1,1,0,0,0,0,5,0,0,6,1
3,19,4,1,1,0,3,1,0,7,1,1,1,0,0,1,0,1,2,3,1
2,15,4,1,1,0,3,0,0,16,1,1,1,0,0,0,5,0,0,3,0
0,15,4,1,1,0,3,3,0,9,1,1,1,1,0,1,5,1,0,1,1
9,15,0,1,1,0,3,1,0,0,1,1,1,0,0,6,2,0,0,0,0
10,20,0,1,1,4,3,0,1,1,1,1,1,0,0,1,0,8,11,13,0
3,15,4,1,1,4,3,0,1,12,1,1,1,5,0,1,5,0,0,2,1
5,15,4,0,1,4,3,0,1,2,1,1,1,7,0,1,0,6,4,7,1
0,18,4,1,1,0,3,0,0,2,1,1,1,0,0,0,5,0,0,0,1
1,18,4,1,1,0,3,1,0,16,1,1,1,5,0,2,5,2,0,2,1
4,20,4,0,1,0,3,1,0,0,1,1,1,5,0,0,5,0,0,10,1
6,18,4,0,1,0,3,0,0,2,1,1,1,1,0,1,5,0,0,0,1
4,15,4,1,1,0,3,0,0,3,1,1,1,0,0,1,0,9,2,6,0
5,12,4,0,1,4,3,3,1,9,1,1,1,0,0,0,5,0,0,0,1
11,16,0,0,1,0,3,3,0,0,1,1,1,0,2,1,0,6,6,2,0
13,18,4,1,1,0,3,1,0,2,1,1,1,1,2,0,5,0,0,5,1
4,19,4,0,1,4,3,0,1,11,1,1,1,5,0,1,0,6,3,5,1
11,15,0,1,1,0,3,0,0,1,1,1,1,0,2,1,5,0,0,0,1
10,15,4,0,1,0,3,0,0,5,1,1,1,0,0,6,2,0,0,6,1
0,18,4,0,1,0,3,0,0,2,1,1,1,0,0,1,0,4,6,5,1
0,15,4,1,1,0,3,3,0,11,1,1,1,1,0,1,2,1,0,3,0
10,20,0,1,1,3,3,0,1,0,1,1,1,5,0,3,0,8,3,13,0
4,15,4,1,1,0,3,0,0,4,1,1,1,7,0,1,0,4,3,7,0
2,15,4,1,0,0,3,0,0,0,1,1,0,0,0,1,1,4,0,6,1
0,15,4,0,1,0,3,1,0,7,1,1,1,0,0,1,0,2,4,4,1
7,13,4,0,1,0,3,1,0,7,1,1,1,0,0,1,0,6,6,6,1
15,19,4,0,1,0,3,3,0,0,1,1,1,0,2,1,0,9,0,14,1
11,18,4,1,1,0,3,0,0,2,1,1,1,1,2,1,5,0,0,4,1
15,9,0,0,1,0,3,1,0,2,1,1,1,1,2,2,0,8,1,4,1
7,20,4,1,1,0,3,3,0,2,1,1,1,5,0,1,0,1,8,1,1
12,20,4,1,1,0,3,3,0,2,1,1,1,0,2,1,0,8,4,8,1
13,20,0,1,1,0,3,0,0,0,1,1,1,7,2,1,0,6,7,10,0
13,12,3,1,1,0,3,0,0,0,1,1,1,1,2,0,5,0,0,4,1
15,21,4,1,1,0,3,0,0,0,1,1,1,0,2,4,0,5,8,14,1
1,15,4,0,1,0,0,0,0,16,1,1,1,0,0,5,3,6,9,6,1
9,18,4,1,1,0,3,0,0,0,1,1,1,7,0,1,0,6,5,7,1
1,18,4,1,1,0,3,0,0,2,1,1,1,0,0,0,5,0,0,0,1
11,15,0,1,1,0,3,0,0,1,1,1,1,0,2,1,0,3,2,5,0
8,17,2,1,1,0,3,3,0,5,1,1,1,5,0,1,5,0,0,0,1
12,16,0,0,1,0,3,0,0,1,1,1,1,0,2,1,0,5,6,10,1
9,20,4,0,1,0,3,0,0,0,1,1,1,0,0,1,1,6,0,10,1
8,20,4,0,1,0,3,0,0,0,1,1,1,0,0,1,5,0,0,0,1
2,18,4,0,1,0,3,1,0,2,1,1,1,0,0,1,0,9,4,2,1
9,19,4,0,1,0,3,0,0,2,1,1,1,7,0,3,0,9,0,11,1
4,17,4,0,1,0,3,3,0,2,1,1,1,7,0,0,5,0,0,0,0
7,20,4,1,1,0,3,0,0,2,1,1,1,5,0,2,5,0,0,0,0
9,19,4,0,0,0,3,1,0,2,0,1,0,0,0,1,0,6,10,7,1
4,20,4,1,1,0,3,0,0,2,1,1,1,5,0,3,0,1,10,1,1
5,18,4,1,1,0,3,0,0,2,1,1,1,0,0,1,0,4,4,7,1
8,20,4,0,1,0,3,0,0,0,1,1,1,5,0,1,0,6,6,2,1
14,9,4,0,1,3,3,3,1,5,1,1,1,7,2,9,2,0,0,0,1
9,21,4,1,1,0,3,3,0,5,1,1,1,0,0,1,0,6,10,13,1
1,17,4,1,1,0,3,3,0,9,1,1,1,0,0,1,0,6,3,8,0
4,18,4,1,1,0,3,0,0,11,1,1,1,2,0,3,0,6,4,3,1
2,18,4,1,1,4,3,0,1,9,1,1,1,0,0,0,5,0,0,0,1
14,20,4,0,1,0,3,3,0,2,1,1,1,0,2,1,0,9,8,13,1
9,20,4,1,1,4,3,0,1,5,1,1,1,5,0,0,5,0,0,0,1
12,18,4,0,1,4,3,0,1,0,1,1,1,7,2,7,0,4,2,9,1
6,18,4,0,1,3,3,1,1,0,1,1,1,8,0,1,5,0,0,0,1
6,19,4,1,1,0,3,1,0,2,1,1,1,0,0,1,0,5,0,10,1
10,5,0,1,1,3,3,0,1,2,1,1,1,0,0,1,1,6,0,14,1
9,18,4,1,1,0,3,1,0,2,1,1,1,5,0,1,0,6,8,10,1
7,18,4,1,1,0,3,3,0,0,1,1,1,0,0,1,0,6,11,9,1
11,17,0,1,1,4,3,0,1,8,1,1,1,2,2,3,5,6,0,0,1
0,18,4,1,1,0,3,1,0,2,1,1,1,0,0,4,0,5,0,2,0
6,10,4,1,1,0,3,3,0,2,1,1,1,0,0,5,0,8,8,10,1
10,18,4,1,1,0,3,0,0,4,1,1,1,2,0,1,0,6,4,9,1
14,20,4,0,1,4,3,0,1,0,1,1,1,5,2,6,0,6,0,10,1
14,19,4,0,1,0,3,3,0,14,1,1,1,7,2,1,0,6,10,13,1
3,20,4,1,1,0,3,1,0,2,1,1,1,6,0,1,0,5,10,3,1
12,15,0,1,1,4,3,0,1,1,1,1,1,5,2,1,0,6,3,8,1
5,18,4,1,1,0,3,0,0,0,1,1,1,1,0,1,0,1,3,2,1
13,21,0,1,1,4,3,0,1,0,1,1,1,0,2,6,0,2,0,3,0
6,19,4,0,1,0,3,0,0,2,1,1,1,8,0,8,5,8,0,11,1
15,20,4,0,1,0,3,0,0,0,1,1,1,0,2,4,0,6,8,12,1
3,18,4,0,1,0,3,0,0,2,1,1,1,5,0,6,5,0,0,0,1
2,17,0,1,1,0,3,1,0,1,1,1,1,0,2,1,0,6,7,6,1
4,15,4,1,1,0,3,0,0,2,1,1,1,5,0,1,0,6,7,8,1
11,14,0,1,1,0,3,0,0,0,1,1,1,0,2,1,0,6,8,12,1
5,20,4,0,1,3,3,3,1,2,1,1,1,5,0,1,0,3,2,4,1
5,18,4,0,1,0,3,0,0,11,1,1,1,0,0,1,0,4,4,2,1
5,18,4,1,1,0,3,0,0,2,1,1,1,0,0,1,5,0,0,0,1
5,20,4,0,1,0,3,0,0,2,1,1,1,0,0,1,0,3,6,3,1
2,17,4,0,1,0,3,0,0,2,1,1,1,0,0,4,2,6,0,3,1
14,20,4,1,1,4,3,0,1,0,1,1,1,5,0,4,0,5,5,14,1
15,20,0,1,1,4,3,0,1,1,1,1,1,5,2,0,5,0,0,0,1
8,20,0,1,1,3,3,0,1,0,1,1,1,7,0,1,0,6,3,13,0
5,20,4,1,1,0,3,0,0,0,1,1,1,7,0,0,5,0,0,0,0
4,15,4,0,1,0,3,3,0,0,1,1,1,0,0,1,0,9,2,11,0
1,15,4,1,1,0,3,0,0,2,1,1,1,0,0,0,5,0,0,0,1
15,20,0,0,1,0,3,1,0,0,1,1,1,0,2,1,0,6,6,13,1
2,14,4,0,0,0,3,0,0,12,1,1,0,0,2,0,5,0,0,0,1
6,11,0,0,1,4,3,0,1,1,1,1,1,0,0,1,0,3,3,6,1
1,15,4,1,1,0,3,0,0,2,1,1,1,0,0,0,5,0,0,0,1
12,20,4,0,1,0,3,0,0,2,1,1,1,7,2,1,0,6,6,6,1
12,21,4,0,1,0,3,1,0,0,1,1,1,0,2,6,0,7,0,14,0
0,17,4,0,1,0,0,0,0,16,1,1,1,0,0,5,3,2,5,1,0
2,18,4,1,1,0,3,3,0,11,1,1,1,0,0,0,5,0,0,0,0
6,14,0,0,1,4,3,0,1,11,1,1,1,0,0,1,5,2,0,4,1
0,18,4,0,1,0,3,1,0,16,1,1,1,0,0,1,5,1,0,2,0
4,19,4,0,1,0,3,1,0,2,1,1,1,0,0,6,0,2,0,2,1
3,20,4,0,1,0,3,3,0,3,1,1,1,0,0,1,0,6,2,13,1
9,18,0,1,1,0,3,3,0,1,1,1,1,0,0,1,1,6,0,12,1
11,21,4,0,1,0,3,1,0,0,1,1,1,5,2,1,0,8,3,13,1
9,15,0,0,1,3,3,0,1,1,1,1,1,0,0,1,0,4,2,6,1
5,19,4,1,1,0,3,0,0,12,1,1,1,0,0,1,0,6,6,6,1
12,18,4,1,1,0,3,0,0,0,1,1,1,0,2,2,2,0,0,0,1
6,20,0,1,1,4,3,0,1,1,1,1,1,5,0,1,0,6,6,9,1
6,20,4,0,1,0,3,0,0,11,1,1,1,0,0,1,0,1,8,5,0
14,21,0,0,1,3,3,0,1,0,1,1,1,8,2,1,0,6,4,12,0
2,19,0,1,1,0,3,0,0,8,1,1,1,0,0,0,5,0,0,0,1
2,17,4,1,1,0,3,0,0,16,1,1,1,0,0,1,5,1,0,2,0
3,18,4,1,1,0,3,3,0,2,1,1,1,0,0,0,5,0,0,0,1
9,15,0,1,1,0,3,3,0,1,1,1,1,0,0,0,5,0,0,0,1
3,19,4,1,1,0,3,0,0,2,1,1,1,0,0,1,0,2,2,3,0
15,21,0,1,1,0,3,1,0,1,1,1,1,0,2,1,0,7,5,14,0
1,15,4,0,1,0,3,0,0,14,1,1,1,7,0,1,0,6,3,10,1
5,20,0,1,1,1,3,3,0,11,1,1,1,0,0,2,5,5,0,2,0
14,21,4,0,1,0,3,1,0,0,1,1,1,0,2,1,0,6,10,13,1
5,15,4,0,0,2,3,3,0,2,1,1,0,0,0,1,0,5,6,4,1
14,18,0,1,1,0,3,0,0,1,1,1,1,1,2,0,5,0,0,0,1
7,15,0,0,1,0,3,1,0,0,1,1,1,0,0,1,0,4,2,6,0
9,20,4,0,1,0,3,3,0,2,1,1,1,0,0,1,0,6,4,9,1
15,20,2,1,1,0,3,0,0,0,1,1,1,0,2,1,0,6,8,5,1
7,20,0,1,1,0,3,0,0,1,1,1,1,0,0,1,0,8,1,13,1
14,14,0,1,1,4,3,3,1,2,1,1,1,0,2,6,5,0,0,0,0
6,18,4,1,1,0,3,3,0,2,1,1,1,0,0,1,0,6,5,9,1
14,14,4,1,1,0,3,0,0,14,1,1,1,5,2,7,0,2,1,2,1
8,20,4,1,1,0,3,3,0,2,1,1,1,5,0,2,0,6,8,9,1
8,13,4,0,1,0,3,3,0,2,1,1,1,7,0,1,0,4,4,10,1
15,20,0,0,1,3,3,0,1,0,1,1,1,5,2,6,0,6,9,14,1
15,15,4,0,1,0,3,0,0,4,1,1,1,0,2,1,0,4,8,7,1
4,15,4,0,1,0,3,1,0,0,1,1,1,0,0,3,0,1,2,5,0
7,20,4,1,1,3,3,0,0,11,1,1,1,0,0,3,0,6,5,11,1
5,15,4,0,1,0,3,3,0,0,1,1,1,0,0,1,0,6,3,5,1
0,15,4,1,1,0,3,0,0,2,1,1,1,0,0,3,0,2,2,2,1
8,18,4,0,1,0,3,0,0,16,1,1,1,0,0,1,0,6,3,7,1
6,20,0,0,1,0,3,1,0,1,1,1,1,0,0,1,0,6,6,14,1
10,15,0,0,1,0,3,0,0,1,1,1,1,0,0,1,0,4,2,4,0
13,20,4,0,1,2,3,1,0,12,1,1,1,0,2,1,0,7,3,12,1
8,21,4,1,1,0,3,0,0,9,1,1,1,0,0,3,2,2,0,3,1
7,18,4,1,1,4,3,0,1,5,1,1,1,0,0,0,5,0,0,0,0
10,17,4,0,1,0,3,0,0,2,1,1,1,0,0,1,0,8,8,8,1
4,20,4,0,1,0,3,0,0,2,1,1,1,5,0,1,0,6,4,11,1
7,20,4,1,1,0,3,1,0,2,1,1,1,0,0,2,0,7,0,9,0
13,15,0,0,1,0,3,3,0,0,1,1,1,0,2,1,0,8,4,6,1
6,11,4,1,1,4,3,0,1,11,1,1,1,7,0,0,5,0,0,0,1
10,18,2,1,1,1,3,3,0,11,1,1,1,0,0,2,0,5,10,6,0
9,20,0,0,1,0,0,3,0,11,1,1,1,0,0,5,3,6,9,12,0
14,17,4,0,1,0,3,3,0,2,1,1,1,1,2,3,0,9,8,13,1
14,21,0,1,1,0,3,0,0,0,1,1,1,0,2,1,0,6,4,14,0
4,17,4,0,1,0,3,3,0,2,1,1,1,0,0,2,0,6,4,8,1
7,18,0,0,1,0,3,1,0,0,1,1,1,5,0,0,5,0,0,0,0
15,18,0,0,1,0,3,1,0,0,1,1,1,0,2,1,0,6,3,11,1
5,15,4,0,1,4,3,0,1,0,1,1,1,0,0,1,0,6,11,5,0
14,17,0,0,1,4,3,0,1,1,1,1,1,0,2,1,0,6,3,9,1
8,18,4,0,1,3,3,0,1,0,1,1,1,5,0,1,0,6,9,11,1
6,18,0,1,1,0,3,1,0,0,1,1,1,0,0,1,0,8,2,12,1
6,15,4,1,1,4,3,0,1,14,1,1,1,5,0,1,0,6,6,9,1
4,18,4,0,1,0,3,0,0,9,1,1,1,0,0,1,0,6,5,6,0
11,23,0,0,1,0,3,1,0,1,1,1,1,0,2,7,5,8,0,14,0
9,17,0,1,1,4,3,0,1,1,1,1,1,5,0,1,0,6,5,10,0
13,23,0,0,1,2,0,3,0,16,1,1,1,5,2,9,5,8,11,14,1
7,18,4,1,1,0,3,0,0,0,1,1,1,5,0,1,0,6,3,6,1
10,18,4,0,1,0,3,0,0,15,1,1,1,7,0,1,2,7,0,9,1
1,17,4,1,1,4,3,0,1,12,1,1,1,0,0,1,0,2,2,5,1
8,18,4,1,0,0,3,2,0,0,1,1,1,7,0,1,0,9,6,10,1
8,15,4,1,0,0,3,0,0,2,1,1,0,0,0,0,5,0,0,0,1
12,16,4,1,1,0,3,0,0,0,1,1,1,0,2,1,0,6,3,11,1
0,15,4,0,1,3,3,0,1,2,1,1,1,5,0,0,5,0,0,0,1
8,18,3,1,1,0,3,0,0,0,1,1,1,0,0,7,0,7,1,9,1
2,19,4,1,1,0,3,1,0,7,1,1,1,0,0,1,2,1,0,5,1
8,21,4,1,1,0,3,1,0,0,1,1,1,0,0,2,0,4,2,7,0
5,20,4,1,1,0,3,1,0,12,1,1,1,5,0,1,0,6,2,5,0
0,18,4,1,1,0,3,0,0,16,1,1,1,0,0,0,5,0,0,0,0
4,18,0,1,1,4,3,0,1,0,1,1,1,7,0,1,0,2,2,8,1
4,15,4,1,1,0,3,1,0,2,1,1,1,0,0,0,5,0,0,0,1
14,17,4,0,1,0,3,1,0,0,1,1,1,8,2,6,0,6,6,10,1
13,18,4,1,1,4,3,0,1,0,1,1,1,5,2,0,5,0,0,5,1
14,15,4,0,0,0,3,3,0,12,1,1,1,0,2,0,5,0,0,10,1
2,17,4,1,1,4,3,0,1,0,1,1,1,7,2,5,0,9,2,6,1
14,18,0,0,1,0,3,0,0,0,1,1,1,7,2,1,0,4,11,7,1
10,15,0,1,1,0,3,3,0,1,1,1,1,7,0,1,0,4,4,4,1
5,19,4,0,1,0,3,3,0,0,1,1,1,5,0,1,0,3,10,10,1
10,15,0,1,1,0,3,0,0,0,1,1,1,0,0,1,0,6,3,10,1
6,15,4,0,1,0,3,1,0,2,1,1,1,8,0,1,0,6,8,12,1
3,15,4,1,1,0,3,0,0,11,1,1,1,0,0,1,0,6,2,4,1
8,20,0,1,1,0,3,3,0,0,1,1,1,0,0,1,0,6,7,7,1
6,20,4,0,1,0,3,1,0,0,1,1,1,0,0,1,0,6,6,12,1
2,17,0,1,0,0,3,3,0,11,1,1,1,7,2,0,5,0,0,0,1
1,18,4,0,1,0,3,0,0,2,1,1,1,8,0,1,0,5,9,7,1
6,13,4,1,1,4,3,0,1,2,1,1,1,7,0,1,0,6,5,9,1
11,20,0,0,1,0,3,0,0,1,1,1,1,0,2,1,0,8,3,13,1
11,16,3,1,1,0,3,0,0,1,1,1,1,4,2,1,5,5,0,4,0
14,18,0,0,1,0,3,1,0,0,1,1,1,0,2,6,0,8,4,12,1
12,21,4,1,1,4,3,0,1,0,1,1,1,5,2,2,0,6,4,13,1
4,20,4,1,1,0,3,3,0,10,1,1,1,8,0,3,0,1,0,1,1
5,18,4,0,1,0,3,0,0,0,1,1,1,5,0,1,0,6,7,9,1
10,15,0,1,1,4,3,0,1,1,1,1,1,0,0,0,5,0,0,0,1
5,23,0,1,1,0,3,3,0,1,1,1,1,0,0,1,0,4,2,3,0
10,17,4,1,1,3,3,0,1,2,1,1,1,0,0,3,0,6,8,5,1
0,18,4,0,1,4,3,0,1,16,1,1,1,5,0,0,5,0,0,0,1
15,21,0,0,1,4,3,0,1,1,1,1,1,0,2,1,0,8,8,14,1
5,19,4,1,1,4,3,0,1,2,1,1,1,0,0,1,0,6,11,3,1
13,15,0,0,1,4,3,0,1,0,1,1,1,7,2,1,5,1,0,1,0
4,17,4,1,1,0,3,1,0,2,1,1,1,0,0,1,0,4,1,3,1
1,18,4,1,1,0,3,1,0,2,1,1,1,0,0,1,0,2,3,4,1
3,20,4,0,1,0,3,1,0,2,1,1,1,0,0,1,2,2,0,4,1
6,18,4,0,1,0,3,0,0,2,1,1,1,1,0,1,0,4,2,4,1
1,18,4,0,1,0,3,0,0,2,1,1,1,0,0,0,5,0,0,0,1
6,20,4,1,1,0,3,0,0,2,1,1,1,7,0,1,0,6,11,4,0
15,20,4,0,1,0,3,0,0,0,1,1,1,0,2,1,0,6,6,9,1
0,15,4,1,1,0,3,0,0,2,1,1,1,7,0,1,2,1,0,3,1
8,15,0,0,1,3,3,0,1,0,1,1,1,0,0,1,0,7,2,9,1
15,15,0,0,1,4,3,0,1,1,1,1,1,7,2,1,0,6,6,2,1
10,18,0,1,1,0,3,0,0,1,1,1,1,0,0,1,0,3,4,11,1
5,20,4,1,1,0,3,1,0,2,1,1,1,0,0,1,0,4,2,10,1
9,20,4,1,1,3,3,0,1,2,1,1,1,8,0,1,5,1,0,3,1
0,15,4,1,1,0,3,3,0,2,1,1,1,0,0,1,0,1,4,3,0
0,15,4,0,0,4,3,0,1,16,1,1,0,0,0,0,5,0,0,5,0
15,15,0,0,1,3,3,1,1,15,1,1,1,0,2,1,5,6,0,2,1
0,15,4,0,1,4,3,0,1,16,1,1,1,5,0,0,5,0,0,0,1
4,14,4,0,1,0,3,0,0,2,1,1,1,0,0,1,2,6,0,5,1
10,14,0,0,1,4,3,0,1,11,1,1,1,5,0,0,5,0,0,5,0
11,20,4,1,1,0,3,1,0,10,1,1,1,0,2,1,0,6,0,4,1
15,23,0,0,1,4,3,0,1,15,1,1,1,0,2,1,5,6,0,14,0
5,15,4,0,0,0,3,0,0,15,1,1,0,1,0,0,5,0,0,0,0
0,17,4,1,1,0,3,0,0,2,1,1,1,5,0,9,2,0,0,0,1
8,18,4,0,1,0,3,0,0,2,1,1,1,0,0,1,0,6,4,3,1
8,17,0,1,1,0,3,1,0,1,1,1,1,0,0,0,5,0,0,0,1
0,18,4,0,1,3,3,0,1,2,1,1,1,5,0,1,0,6,3,9,1
5,20,4,0,1,0,3,0,0,0,1,1,1,7,0,1,0,6,3,9,1
12,20,2,1,0,0,3,2,0,0,1,1,1,0,2,1,0,6,6,10,0
8,18,4,0,1,0,1,3,0,9,1,1,1,8,0,1,0,6,3,10,0
14,19,4,0,1,0,3,3,0,0,1,1,1,5,2,1,0,6,0,11,1
12,20,0,0,1,0,3,3,0,0,1,1,1,0,2,1,0,6,3,12,0
13,20,4,0,1,4,3,1,1,0,1,1,1,5,2,1,0,6,7,12,0
3,18,4,0,1,0,3,1,0,2,1,1,1,0,0,1,0,4,10,4,1
10,21,0,1,1,0,3,3,0,0,1,1,1,5,0,1,0,6,6,13,1
6,20,4,1,1,0,2,0,0,10,1,1,1,1,0,1,0,6,3,13,1
12,17,4,0,1,0,3,3,0,2,1,1,1,7,2,1,0,6,2,11,1
2,15,4,0,1,0,0,1,0,16,1,1,1,0,0,5,3,9,2,6,0
1,13,4,0,0,0,3,0,0,15,1,1,0,0,0,0,5,0,0,0,1
14,20,4,0,1,0,3,1,0,11,1,1,1,0,2,6,0,4,10,14,1
4,20,4,1,1,0,3,3,0,11,1,1,1,5,0,0,5,0,0,0,1
4,15,4,0,1,0,3,0,0,11,1,1,1,0,0,1,0,6,6,7,1
10,19,4,1,1,0,3,1,0,0,1,1,1,8,0,1,0,7,7,10,1
2,18,4,1,1,0,3,1,0,4,1,1,1,0,0,4,0,1,3,3,1
1,15,2,1,1,4,3,0,0,16,1,1,1,7,0,3,0,6,2,11,1
4,19,4,0,1,0,3,3,0,0,1,1,1,0,0,1,0,4,2,4,1
1,18,4,0,1,0,3,0,0,2,1,1,1,7,0,0,5,0,0,0,1
1,18,4,1,1,4,3,0,1,2,1,1,1,5,0,0,5,0,0,0,1
13,0,4,1,1,0,3,3,0,12,1,1,1,0,2,1,0,3,4,11,1
2,13,4,1,0,0,3,3,0,13,1,1,0,8,0,2,5,0,0,0,1
7,16,4,0,1,0,3,1,0,0,1,1,1,0,0,1,0,6,10,3,1
4,18,4,0,1,0,3,0,0,2,1,1,1,7,0,4,0,1,4,2,1
11,18,0,1,1,0,3,0,0,0,1,1,1,0,2,1,0,6,4,8,1
10,15,4,1,1,0,3,0,0,12,1,1,1,7,0,1,0,6,1,11,1
8,0,4,0,1,0,3,0,0,12,1,1,1,5,0,1,0,6,4,12,1
2,15,4,1,1,0,3,3,0,11,1,1,1,0,0,6,0,7,0,7,1
10,15,0,0,1,0,3,0,0,9,1,1,1,0,0,1,0,6,5,8,1
4,19,4,1,1,4,3,0,1,9,1,1,1,5,0,0,5,0,0,0,1
10,21,4,1,1,0,3,0,0,11,1,1,1,1,0,4,0,5,5,7,1
10,15,0,1,1,4,3,3,1,2,1,1,1,0,0,0,5,0,0,0,1
14,19,0,1,1,0,3,0,0,0,1,1,1,0,2,6,0,2,0,4,1
13,15,0,0,1,4,3,0,1,1,1,1,1,0,2,1,5,0,0,0,1
12,18,4,1,1,0,3,2,0,5,1,1,1,0,2,2,0,6,6,10,1
14,18,4,1,1,3,3,0,1,0,1,1,1,5,2,1,5,0,0,0,1
12,15,4,1,1,0,3,1,0,0,1,1,1,0,2,1,0,6,4,11,1
6,20,4,0,1,0,3,1,0,12,1,1,1,0,0,1,0,6,1,10,1
15,15,0,0,0,0,3,0,0,1,1,1,0,0,2,0,5,0,0,4,1
15,19,4,1,1,0,3,1,0,2,1,1,1,0,2,3,0,3,5,4,1
13,12,3,0,1,0,3,3,0,0,1,1,1,7,2,1,0,6,0,9,1
6,15,0,0,1,0,3,0,0,0,1,1,1,0,0,2,0,1,2,7,1
8,15,0,1,1,0,3,0,0,0,1,1,1,0,0,1,0,6,2,8,0
2,18,4,1,1,0,3,0,0,2,1,1,1,0,0,1,0,3,1,2,1
8,15,4,0,1,3,3,3,1,11,1,1,1,5,0,3,0,6,6,5,1
7,13,4,1,1,0,3,0,0,7,1,1,1,8,0,1,5,0,0,0,1
11,13,0,1,1,0,3,0,0,8,1,1,1,0,2,0,5,0,0,0,1
12,13,4,0,1,0,3,0,0,15,1,1,1,1,2,0,5,0,0,0,1
5,21,4,1,1,0,3,1,0,2,1,1,1,0,0,1,0,5,10,9,1
13,15,0,1,1,4,3,0,1,1,1,1,1,7,2,1,5,0,0,0,1
6,15,0,1,1,4,3,0,1,0,1,1,1,6,0,1,0,2,1,3,0
2,19,4,0,1,0,3,0,0,2,1,1,1,0,0,1,0,6,6,6,1
15,18,4,1,0,0,3,1,0,9,1,1,0,0,2,1,0,4,2,8,1
1,19,4,1,1,0,3,1,0,12,1,1,1,0,0,0,5,0,0,0,1
2,18,4,0,1,0,3,3,0,4,1,1,1,0,0,1,0,6,8,7,1
14,20,2,1,1,0,3,1,0,0,1,1,1,0,2,1,0,5,8,10,1
6,19,4,0,1,0,3,1,0,0,1,1,1,0,0,1,0,6,3,8,1
13,18,4,0,1,4,3,0,1,0,1,1,1,7,2,1,0,6,10,10,1
3,20,4,0,1,0,3,0,0,3,1,1,1,1,0,1,0,6,2,5,1
13,18,4,0,1,0,3,0,0,0,1,1,1,0,2,1,0,4,2,4,1
14,22,0,0,1,0,3,1,0,0,1,1,1,0,2,1,0,8,3,14,1
3,19,4,0,1,0,3,3,0,2,1,1,1,0,0,1,0,6,4,4,1
14,23,0,0,1,4,3,0,1,0,1,1,1,5,2,1,0,6,6,14,1
8,15,4,0,1,0,1,0,0,0,1,1,1,0,0,1,0,9,11,10,1
12,15,4,1,1,0,3,0,0,0,1,1,1,0,2,1,0,6,8,11,1
8,17,0,1,1,4,3,1,1,16,1,1,1,8,0,1,1,2,0,2,0
14,15,4,1,1,0,3,0,0,2,1,1,1,0,2,9,2,0,0,0,1
13,19,0,0,1,0,3,0,0,0,1,1,1,0,2,1,0,9,3,14,1
5,15,0,1,1,0,3,1,0,0,1,1,1,7,0,6,5,0,0,1,1
3,18,4,0,1,4,3,0,1,9,1,1,1,5,0,1,0,6,8,10,0
6,18,4,1,1,0,3,0,0,2,1,1,1,0,0,1,0,4,8,5,1
12,23,0,0,1,0,3,0,0,0,1,1,1,5,2,1,0,6,3,14,1
3,20,4,0,1,0,3,0,0,11,1,1,1,5,0,1,0,7,10,14,1
13,19,4,1,0,0,3,0,0,2,1,1,0,0,2,3,2,0,0,5,1
8,20,4,0,1,0,3,0,0,0,1,1,1,0,0,1,0,6,6,10,1
7,14,4,0,1,0,3,0,0,12,1,1,1,0,0,1,0,6,1,6,1
9,18,4,0,1,0,3,0,0,2,1,1,1,7,0,1,5,0,0,0,1
0,18,4,1,1,0,3,3,0,11,1,1,1,5,0,1,2,1,0,4,1
9,21,0,0,1,0,3,1,0,0,1,1,1,0,0,1,0,6,4,14,0
7,20,4,1,1,0,3,0,0,2,1,1,1,7,0,1,0,6,3,9,1
3,15,4,0,1,0,3,1,0,2,1,1,1,0,0,1,0,7,1,2,1
14,14,0,0,1,4,3,0,1,0,1,1,1,5,2,0,5,0,0,0,1
10,10,4,0,1,2,3,3,0,2,1,1,1,0,0,1,0,6,3,8,0
3,15,4,0,1,0,3,3,0,2,1,1,1,0,0,1,0,7,4,9,1
9,18,0,1,1,0,3,3,0,1,1,1,1,5,0,1,5,0,0,0,1
4,18,4,0,0,0,3,1,0,2,1,1,0,8,0,1,0,3,6,6,1
5,17,4,1,1,0,3,1,0,7,1,1,1,8,0,1,5,0,0,0,1
1,18,4,0,1,0,3,0,0,2,1,1,1,7,0,0,5,0,0,0,1
0,17,4,0,1,0,3,0,0,2,1,1,1,0,0,1,0,6,10,8,1
7,17,4,0,1,2,3,1,0,2,1,1,1,8,0,1,0,5,6,5,1
14,15,4,0,1,0,3,2,0,2,1,1,1,0,2,1,2,6,0,4,1
6,19,4,0,1,2,2,3,0,2,1,1,1,0,0,1,0,1,6,5,1
8,18,0,1,1,0,3,0,0,0,1,1,1,0,0,1,0,3,2,5,1
11,20,0,0,1,0,3,3,0,0,1,1,1,0,2,1,0,8,8,14,0
8,20,0,1,1,0,3,1,0,0,1,1,1,0,0,1,0,8,3,14,1
10,20,0,1,1,2,3,1,0,1,1,1,1,0,0,1,0,6,11,12,0
15,15,2,0,1,0,1,2,0,0,1,1,1,6,2,1,0,6,10,9,0
0,18,4,1,1,3,3,0,1,2,1,1,1,5,0,0,5,0,0,1,1
13,20,4,0,1,4,3,0,1,0,1,1,1,5,2,2,0,6,10,13,0
15,18,4,0,1,0,3,0,0,0,1,1,1,7,2,4,0,6,6,12,1
15,19,4,1,1,0,3,3,0,16,1,1,1,1,2,6,5,1,0,3,1
15,20,0,1,1,0,3,0,0,2,1,1,1,0,2,0,5,0,0,0,1
10,18,4,0,1,0,3,3,0,0,1,1,1,0,0,1,0,6,2,10,1
14,0,0,0,1,4,3,0,1,8,1,1,1,7,2,1,1,6,0,11,1
3,15,4,1,1,0,3,0,0,2,1,1,1,0,0,0,5,0,0,0,1
5,15,0,0,1,0,3,0,0,2,1,1,1,0,0,2,0,5,2,5,1
13,15,4,1,0,0,3,3,0,13,1,0,0,8,2,3,0,9,0,11,1
3,20,4,0,1,0,3,3,0,2,1,1,1,8,0,1,5,0,0,0,1
15,20,4,0,1,3,3,1,1,10,1,1,1,5,2,4,0,6,11,13,1
0,18,4,1,1,2,3,0,0,2,1,1,1,5,0,1,5,0,0,0,1
4,19,4,0,1,0,3,3,0,2,1,1,1,1,0,0,5,0,0,0,1
13,21,4,1,1,0,3,0,0,9,1,1,1,5,2,1,2,2,0,3,1
9,21,4,1,1,4,3,3,1,0,1,1,1,5,0,0,5,0,0,0,1
5,19,4,0,1,2,3,1,0,2,1,1,1,0,0,1,0,4,3,9,0
0,17,4,1,1,0,3,0,0,16,1,1,1,0,0,0,5,0,0,0,0
15,20,4,1,1,0,3,0,0,10,1,1,1,0,2,1,0,6,0,3,1
9,21,4,1,1,0,3,0,0,0,1,1,1,5,0,1,0,6,6,11,1
12,15,0,0,1,0,3,0,0,0,1,1,1,0,2,1,0,8,3,10,1
14,18,4,0,1,0,3,0,0,2,1,1,1,1,2,1,0,5,9,6,1
0,18,4,0,1,0,3,0,0,2,1,1,1,0,0,0,5,0,0,0,1
2,18,4,0,1,0,3,0,0,2,1,1,1,0,0,0,5,0,0,0,1
3,18,4,0,1,0,3,1,0,14,1,1,1,7,0,1,0,6,10,10,0
2,14,4,1,1,0,3,3,0,16,1,1,1,0,0,1,5,2,0,2,0
5,20,4,0,1,0,3,3,0,10,1,1,1,0,0,1,0,6,5,3,1
1,18,4,0,1,0,3,0,0,11,1,1,1,0,0,1,0,7,10,12,0
14,15,4,0,1,4,3,0,1,0,1,1,1,5,2,1,0,6,2,14,1
1,15,4,0,1,0,0,0,0,16,1,1,1,1,0,5,3,1,1,1,1
5,17,4,1,1,4,3,0,1,12,1,1,1,7,2,1,5,0,0,0,1
15,20,4,0,1,0,3,1,0,12,1,1,1,0,2,1,0,7,4,13,1
5,18,0,0,1,4,3,0,1,0,1,1,1,7,0,6,0,4,2,5,1
8,18,4,0,1,0,3,0,0,9,1,1,1,7,0,1,0,7,2,9,1
6,17,4,0,1,0,3,0,0,0,1,1,1,7,0,1,0,6,2,9,0
6,18,4,1,0,0,3,0,0,0,1,0,1,0,0,3,0,6,0,11,1
1,15,4,1,1,0,3,0,0,11,1,1,1,0,0,1,0,1,2,3,1
0,18,4,0,1,0,3,0,0,16,1,1,1,0,0,1,5,2,0,4,1
2,19,4,1,1,0,3,0,0,2,1,1,1,0,0,1,5,0,0,0,1
13,20,4,1,1,0,3,0,0,0,1,1,1,0,2,1,0,6,3,8,1
5,20,0,1,1,1,3,3,1,9,1,1,1,0,0,9,2,5,0,0,1
0,17,4,1,1,0,3,0,0,2,1,1,1,0,0,1,0,2,6,6,1
1,17,4,0,1,0,3,0,0,16,1,1,1,7,0,1,5,4,0,6,1
8,18,2,1,1,0,3,1,0,7,1,1,1,7,0,1,0,6,8,7,1
2,20,4,0,1,3,3,0,1,2,1,1,1,5,0,3,0,1,3,2,1
13,20,4,0,1,3,3,0,1,2,1,1,1,5,2,1,0,7,0,14,1
5,15,0,1,1,0,3,0,0,0,1,1,1,0,0,1,0,6,4,9,1
4,18,4,0,1,0,3,0,0,2,1,1,1,0,0,1,0,3,4,6,1
10,16,4,1,1,0,3,0,0,10,1,1,1,0,0,1,0,6,10,13,0
15,18,0,1,1,4,3,0,1,0,1,1,1,0,2,1,0,6,4,7,1
10,15,4,0,1,0,3,0,0,12,1,1,1,7,0,1,0,7,3,10,1
11,21,4,0,1,0,3,1,0,5,1,1,1,0,2,1,0,9,4,13,1
15,15,4,1,0,0,3,1,0,0,1,1,0,0,2,0,5,0,0,5,1
1,18,4,0,1,0,3,0,0,2,1,1,1,0,0,1,0,1,6,2,1
15,20,0,0,1,0,3,0,0,1,1,1,1,0,2,1,0,6,11,13,0
6,15,4,1,1,0,3,0,0,2,1,1,1,7,0,0,5,0,0,0,1
14,20,0,0,1,0,3,0,0,1,1,1,1,1,2,1,0,6,3,13,0
2,18,4,1,1,0,3,0,0,2,1,1,1,1,0,1,0,3,6,7,1
13,15,0,0,1,4,3,0,1,1,1,1,1,0,2,1,5,0,0,0,1
6,18,0,1,1,4,3,0,1,0,1,1,1,5,0,0,5,0,0,0,0
13,19,4,0,1,0,3,3,0,11,1,1,0,0,2,3,0,6,7,12,1
4,18,4,0,1,3,3,0,1,2,1,1,1,5,0,0,5,0,0,0,1
15,22,4,0,1,4,3,0,1,0,1,1,1,0,2,1,0,7,9,14,1
15,18,0,0,1,0,3,3,0,1,1,1,1,0,2,1,0,6,1,11,0
9,14,4,1,1,0,3,1,0,2,1,1,1,0,0,8,2,6,0,8,1
2,18,4,0,1,0,3,1,0,2,1,1,1,0,0,1,0,1,3,1,1
14,20,0,1,1,4,3,0,1,1,1,1,1,5,2,1,5,0,0,0,0
14,18,0,0,1,0,3,1,0,0,1,1,1,0,2,1,0,6,10,10,0
12,15,0,0,1,0,3,1,0,0,1,1,1,0,2,1,0,6,8,12,0
14,19,4,1,1,0,3,0,0,9,1,1,1,0,2,0,5,0,0,0,1
10,17,4,1,1,0,3,1,0,0,1,1,1,0,0,4,2,0,0,3,1
5,15,4,1,0,3,3,0,1,2,1,1,0,0,0,1,5,0,0,4,0
5,19,4,0,1,0,3,0,0,2,1,1,1,0,0,2,0,6,6,9,1
11,18,4,1,1,2,3,3,0,12,1,1,1,2,2,1,0,4,3,14,1
8,17,0,1,1,3,3,2,1,8,1,1,1,0,0,3,0,3,1,1,1
5,18,4,0,1,1,3,3,1,12,1,1,1,1,0,1,0,5,10,6,1
11,20,4,0,1,0,3,1,0,0,1,1,1,0,2,1,0,3,8,14,1
14,8,1,0,0,3,1,2,1,0,1,0,1,0,2,0,5,0,5,12,1
9,18,0,1,1,0,3,0,0,1,1,1,1,0,0,0,5,0,0,3,1
0,15,4,1,1,0,3,3,0,0,1,1,1,0,0,1,2,1,0,2,1
12,16,0,0,1,0,3,0,0,1,1,1,1,0,2,1,0,7,2,12,1
2,18,4,1,1,0,3,0,0,0,1,1,1,7,0,1,0,2,4,1,1
2,18,4,1,1,0,3,3,0,2,1,1,1,7,0,1,0,1,4,4,1
5,15,4,1,1,0,3,0,0,2,1,1,1,7,0,1,2,6,0,4,1
8,15,0,1,1,4,3,0,1,8,1,1,1,7,0,0,5,0,0,0,1
9,20,0,1,1,0,3,0,0,1,1,1,1,0,0,1,0,6,3,13,0
3,17,4,0,1,0,3,3,0,2,1,1,1,0,0,1,0,2,3,4,1
7,4,4,0,0,4,3,2,1,0,1,0,0,7,0,3,1,6,0,1,1
1,15,4,1,1,0,3,0,0,7,1,1,1,7,0,0,5,0,0,4,1
12,14,4,1,1,0,3,0,0,14,1,1,1,0,2,7,0,2,3,1,1
14,18,4,0,1,0,3,0,0,0,1,1,1,1,2,1,0,6,3,10,0
0,15,4,0,1,0,3,0,0,2,1,1,1,1,0,0,5,0,0,0,1
10,20,0,1,1,0,3,0,0,0,1,1,1,7,0,5,2,6,0,5,1
3,20,4,0,1,4,3,3,1,14,1,1,1,5,0,1,0,6,3,10,0
9,15,4,1,1,0,3,0,0,2,1,1,1,7,0,0,5,0,0,0,1
3,20,4,0,1,4,3,0,1,2,1,1,1,0,0,2,0,1,1,2,1
4,18,4,0,1,0,1,1,0,16,1,1,1,0,0,5,3,3,0,1,0
10,20,4,1,0,0,3,1,0,0,1,1,0,5,0,1,0,6,6,13,1
11,19,4,1,1,0,3,1,0,2,1,1,1,0,2,7,2,6,0,5,1
11,20,4,1,1,0,3,0,0,0,1,1,1,0,2,1,0,6,1,13,0
13,15,0,0,1,0,0,0,0,0,1,1,1,0,2,5,3,6,9,12,1
10,20,0,0,1,0,3,0,0,0,1,1,1,0,0,1,0,6,4,13,0
9,20,4,1,1,3,3,0,1,2,1,1,1,5,0,1,0,6,7,6,1
8,16,0,0,1,4,3,3,1,0,1,1,1,5,0,1,0,7,10,13,1
10,19,0,1,1,0,3,0,0,0,1,1,1,0,0,1,0,6,3,11,1
12,17,0,0,1,0,3,0,0,0,1,1,1,0,2,1,0,6,3,10,0
10,20,4,0,1,0,3,0,0,0,1,1,1,0,0,1,0,6,6,11,0
3,22,4,1,1,0,3,0,0,7,1,1,1,0,0,1,0,9,6,10,1
1,18,4,0,1,0,3,3,0,16,1,1,1,5,0,1,5,1,0,2,1
14,20,4,0,1,0,3,0,0,2,1,1,1,0,2,1,0,6,4,11,1
3,18,4,1,1,0,3,0,0,2,1,1,1,0,0,1,0,2,2,4,1
5,18,4,1,1,2,3,1,1,2,1,1,1,5,0,6,0,1,4,3,1
14,21,0,1,1,4,3,0,1,1,1,1,1,5,2,0,5,0,0,0,0
12,21,4,0,1,0,3,3,0,0,1,1,1,0,2,1,0,9,0,13,1
5,13,4,0,1,0,3,0,0,15,1,1,1,7,0,1,5,0,0,0,0
6,20,0,1,1,4,3,0,1,0,1,1,1,0,0,1,0,6,6,10,1
5,18,4,0,1,0,3,0,0,9,1,1,1,0,0,1,0,6,3,8,1
9,20,4,1,1,4,3,0,1,0,1,1,1,5,0,1,0,5,0,8,1
14,19,4,0,1,0,3,0,0,0,1,1,1,5,2,1,0,6,5,12,1
11,19,4,0,1,0,3,1,0,0,1,1,1,8,2,1,0,6,1,10,1
2,15,4,1,1,0,3,0,0,2,1,1,1,7,0,0,5,0,0,0,1
7,20,4,0,1,0,3,0,0,2,1,1,1,5,0,4,0,1,8,7,1
9,18,4,0,1,4,3,0,1,14,1,1,1,7,0,1,0,6,4,9,1
14,20,4,1,1,0,3,0,0,0,1,1,1,0,2,1,0,6,0,11,1
10,20,4,0,1,0,3,0,0,0,1,1,1,5,0,7,0,9,2,13,0
7,20,4,0,1,4,3,0,1,0,1,1,1,5,0,7,2,6,0,9,1
5,19,4,1,1,0,3,0,0,0,1,1,1,0,0,1,5,0,0,0,0
9,14,0,0,1,0,3,2,0,2,1,1,1,8,0,1,0,6,10,7,1
6,17,4,1,1,0,3,0,0,2,1,1,1,0,0,1,5,0,0,1,1
12,18,0,1,1,0,3,0,0,0,1,1,1,7,2,1,0,6,5,12,1
11,18,4,0,1,0,3,0,0,2,1,1,1,7,2,0,5,0,0,0,1
13,18,4,0,1,0,3,0,0,2,1,1,1,1,2,1,0,8,8,12,1
3,15,4,0,1,4,3,0,1,12,1,1,1,0,0,1,0,6,1,11,0
4,12,3,1,1,0,3,0,0,0,1,1,1,8,0,0,5,0,0,4,1
1,18,4,1,1,0,3,0,0,0,1,1,1,0,0,1,0,7,4,13,1
11,19,4,1,1,0,3,3,0,2,1,1,1,0,2,1,0,1,4,3,1
8,18,4,0,1,0,3,0,0,5,1,1,1,7,0,1,0,6,5,4,1
0,18,4,0,1,0,3,3,0,11,1,1,1,5,0,0,5,0,0,0,0
9,19,4,0,1,0,3,1,0,2,1,1,1,0,0,1,0,2,3,4,1
1,14,2,0,1,0,3,1,0,2,1,1,1,0,0,1,5,6,0,7,0
5,18,4,0,1,0,3,0,0,2,1,1,1,0,0,1,0,4,2,4,1
7,15,4,0,1,0,3,0,0,2,1,1,1,7,0,1,0,6,6,9,1
5,20,4,1,1,0,3,1,0,2,1,1,1,0,0,4,0,1,2,3,1
2,18,4,1,1,0,3,0,0,2,1,1,1,5,0,0,5,0,0,0,1
3,19,4,1,1,0,3,3,0,14,1,1,1,5,0,1,0,6,8,1,1
0,18,4,0,1,0,3,0,0,16,1,1,1,5,0,1,5,0,0,0,0
8,20,4,1,1,0,2,0,0,10,1,1,1,0,0,1,0,6,6,5,1
4,15,4,0,1,0,3,0,0,2,1,1,1,0,0,4,0,6,10,3,1
12,20,4,1,1,0,3,1,0,0,1,1,1,0,2,4,0,8,4,11,1
13,20,4,1,1,0,3,0,0,0,1,1,1,5,2,7,1,9,0,13,1
3,15,4,1,1,0,3,3,0,2,1,1,1,7,0,1,0,2,4,4,1
1,14,4,1,1,4,3,0,1,12,1,1,1,0,0,0,5,0,0,0,0
3,18,4,0,1,0,3,0,0,2,1,1,1,7,0,1,0,6,8,10,1
8,17,2,1,1,0,3,0,0,0,1,1,1,5,0,3,0,6,6,12,1
9,11,4,1,1,0,3,1,0,11,1,1,1,0,0,3,0,6,3,6,1
12,20,4,0,1,4,3,0,1,0,1,1,1,5,2,1,0,4,5,8,1
5,17,4,1,1,0,3,3,0,2,1,1,1,0,0,2,5,0,0,0,1
15,15,4,0,1,0,3,2,0,0,1,1,1,0,2,2,0,3,1,8,1
7,20,0,0,1,4,3,0,1,0,1,1,1,5,0,1,0,8,10,13,1
7,20,4,1,1,0,3,0,0,0,1,1,1,0,0,1,0,6,4,14,0
5,20,4,1,1,4,3,0,1,0,1,1,1,5,0,0,5,0,0,0,1
13,0,4,0,1,0,3,3,0,12,1,1,1,0,2,1,0,6,4,6,1
14,20,4,0,1,0,3,1,0,12,1,1,1,0,2,6,0,6,6,12,1
6,11,4,0,0,0,3,1,0,4,0,1,0,0,0,0,5,0,0,7,1
12,16,0,1,1,0,3,0,0,1,1,1,1,0,2,0,5,0,0,3,1
14,15,2,0,1,4,3,0,1,0,1,1,1,0,2,1,0,6,6,12,1
12,20,2,1,0,0,3,2,0,0,1,1,1,0,2,1,0,6,6,10,0
4,15,4,1,1,0,3,0,0,2,1,1,1,1,0,1,0,7,8,5,1
3,18,4,0,1,0,3,0,0,2,1,1,1,7,0,1,0,6,4,9,1
1,17,4,1,1,0,3,1,0,2,1,1,1,0,0,1,0,5,6,5,0
13,21,0,1,1,3,3,0,1,1,1,1,1,5,2,7,1,8,0,13,1
7,18,0,1,1,0,3,3,0,2,1,1,1,7,0,1,0,6,6,13,1
13,18,4,0,1,3,3,0,1,0,1,1,1,0,2,3,0,6,8,11,1
13,12,4,0,1,0,3,0,0,5,1,1,1,5,2,1,2,0,0,5,1
8,21,0,0,1,0,3,2,0,0,1,1,1,0,0,1,0,6,9,14,0
6,19,4,0,1,0,3,0,0,2,1,1,1,0,0,1,0,6,11,11,1
9,15,0,0,1,0,0,0,0,0,1,1,1,0,0,5,3,8,9,12,1
6,18,4,1,1,0,3,3,0,12,1,1,1,0,0,1,0,5,6,8,1
0,15,4,1,1,0,3,0,0,2,1,1,1,7,0,0,5,0,0,0,1
4,20,4,0,1,2,3,0,0,0,1,1,1,0,0,7,1,4,0,9,0
12,21,0,1,1,0,3,1,0,1,1,1,1,0,2,6,0,6,5,14,1
14,21,4,1,1,4,3,0,1,0,1,1,1,0,2,6,0,6,6,9,1
5,15,4,1,1,4,3,0,1,5,1,1,1,0,0,2,0,1,6,3,1
2,18,4,0,1,0,3,0,0,11,1,1,1,7,0,0,5,0,0,0,1
10,18,0,1,1,0,3,0,0,0,1,1,1,0,0,1,0,5,7,8,1
7,15,4,1,1,0,3,3,0,0,1,1,1,7,0,1,0,3,1,6,1
0,17,4,1,1,0,3,0,0,2,1,1,1,0,0,0,5,0,0,0,1
3,18,0,1,1,0,3,0,0,1,1,1,1,0,0,1,0,6,1,9,1
4,17,4,0,1,0,3,3,0,2,1,1,1,7,0,1,0,9,4,7,1
9,18,4,0,1,0,3,0,0,2,1,1,1,0,0,1,0,8,3,10,1
1,15,4,0,1,0,3,3,0,2,1,1,1,0,0,1,0,4,2,4,1
3,20,4,0,1,0,3,0,0,5,1,1,1,5,0,1,0,8,2,14,1
4,20,4,1,1,0,3,1,0,2,1,1,1,0,0,1,0,6,4,7,1
8,18,4,1,0,0,3,0,0,2,1,1,0,7,0,0,5,0,0,0,1
7,20,4,0,1,0,3,1,0,16,1,1,1,0,0,1,0,6,1,11,0
11,20,0,1,1,0,3,0,0,1,1,1,1,0,2,1,0,6,6,12,1
13,15,0,0,1,3,3,0,1,0,1,1,1,0,2,3,0,6,8,5,1
6,18,4,0,1,4,3,0,1,9,1,1,1,5,0,1,0,6,6,9,1
1,18,4,1,1,0,3,0,0,2,1,1,1,1,0,1,0,2,3,4,1
6,20,0,1,1,0,3,1,0,1,1,1,1,0,0,1,0,1,6,2,1
4,18,4,1,1,0,3,0,0,0,1,1,1,0,0,1,0,6,3,5,1
7,18,4,0,1,0,3,1,0,11,1,1,1,0,0,1,0,6,2,10,0
0,18,4,0,1,0,3,3,0,16,1,1,1,0,0,1,0,9,0,8,1
10,19,0,1,1,0,3,3,0,8,1,1,1,0,0,1,0,6,0,6,0
14,20,0,1,1,0,3,0,0,0,1,1,1,7,2,1,0,8,11,13,1
7,3,0,1,1,3,3,3,1,1,1,1,0,7,1,5,4,6,7,7,1
15,20,0,1,1,4,3,0,1,0,1,1,1,5,2,2,0,6,6,10,1
0,17,4,0,1,3,3,0,1,2,1,1,1,7,0,1,5,8,0,1,1
8,20,0,1,1,0,2,0,0,0,1,1,1,0,0,4,0,6,2,13,1
14,11,4,0,1,0,3,0,0,11,1,1,1,0,2,1,0,9,5,14,1
0,15,4,1,0,0,3,0,0,2,1,1,0,0,0,0,5,0,0,0,1
15,21,0,0,1,0,3,0,0,0,1,1,1,0,2,6,0,8,2,13,1
4,18,4,1,1,0,3,0,0,16,1,1,1,0,0,1,5,6,0,2,0
11,21,0,1,1,4,3,0,1,1,1,1,1,5,2,0,5,0,0,0,1
0,15,4,1,1,0,3,0,0,14,1,1,1,7,0,1,0,6,6,9,0
5,15,4,0,1,0,3,3,0,2,1,1,1,0,0,1,5,5,0,3,1
1,18,4,0,1,0,3,1,0,11,1,1,1,8,0,1,0,7,6,13,1
14,20,0,0,1,0,3,1,0,0,1,1,1,0,2,1,0,7,5,13,0
13,20,0,0,1,4,3,0,1,0,1,1,1,5,2,1,0,6,3,13,0
2,15,4,1,1,0,3,3,0,0,1,1,1,0,0,1,0,1,3,2,0
6,15,4,0,1,0,3,1,0,2,1,1,1,0,0,1,0,4,0,8,1
7,18,4,1,1,0,3,0,0,0,1,1,1,0,0,1,0,7,2,12,0
0,17,4,1,1,0,3,0,0,16,1,1,1,0,0,1,0,4,4,3,0
0,13,4,1,1,0,3,0,0,2,1,1,1,0,0,1,0,6,5,6,1
14,20,4,1,1,0,3,1,0,0,1,1,1,2,2,2,0,9,5,13,1
9,21,4,0,1,4,3,0,1,5,1,1,1,5,0,6,0,6,10,14,1
0,15,4,0,1,0,3,0,0,2,1,1,1,8,0,1,0,6,6,6,1
7,15,4,1,1,0,3,3,0,7,1,1,1,7,0,1,0,6,4,9,1
14,14,4,0,1,0,3,0,0,0,1,1,1,5,2,7,5,0,0,1,0
7,20,4,0,1,0,3,0,0,2,1,1,1,0,0,1,2,6,0,5,1
5,18,4,1,1,0,3,1,0,2,1,1,1,0,0,4,5,0,0,0,1
13,14,0,0,1,4,3,0,1,9,1,1,1,0,2,1,0,6,8,7,1
4,16,4,1,1,0,3,1,0,2,1,1,1,0,0,1,0,3,4,5,1
1,15,4,0,1,0,3,0,0,2,1,1,1,0,0,2,0,2,4,4,1
4,20,4,0,1,0,3,0,0,2,1,1,1,5,0,1,0,2,2,2,1
5,20,4,1,1,0,3,0,0,0,1,1,1,0,0,4,2,2,0,2,1
1,18,4,1,0,0,3,1,0,16,1,1,0,0,0,0,5,0,0,5,1
13,18,0,0,1,0,3,3,0,1,1,1,1,7,2,1,0,8,8,6,1
15,17,0,1,1,0,3,0,0,0,1,1,1,1,2,4,0,6,4,6,1
1,18,4,0,1,0,3,0,0,2,1,1,1,7,0,1,0,2,2,4,1
2,18,4,1,1,0,3,3,0,0,1,1,1,0,0,1,0,2,2,4,1
9,17,4,0,1,0,3,0,0,2,1,1,1,7,0,1,5,0,0,4,1
3,17,4,1,1,0,3,1,0,2,1,1,1,0,0,3,0,6,3,6,1
5,18,4,1,1,0,3,1,0,2,1,1,1,0,0,0,5,0,0,0,1
13,14,4,1,1,0,3,3,0,12,1,1,1,0,2,1,0,6,3,12,1
14,0,0,0,1,0,3,0,0,0,1,1,1,7,2,6,0,6,4,11,1
9,20,0,1,1,0,3,0,0,1,1,1,1,5,0,1,5,0,0,0,1
14,15,0,0,1,0,3,3,0,0,1,1,1,7,2,0,5,0,0,0,1
3,20,4,1,1,0,3,0,0,2,1,1,1,0,0,1,0,5,9,9,1
11,19,4,1,1,0,3,1,0,0,1,1,1,0,2,3,0,4,5,4,1
14,14,0,0,1,4,3,0,1,0,1,1,1,5,2,1,0,6,8,14,1
1,17,4,1,1,0,3,1,0,2,1,1,1,8,0,1,5,1,0,2,1
4,18,4,1,1,0,3,1,0,2,1,1,1,0,0,1,0,6,8,9,1
5,15,0,0,1,0,3,1,0,0,1,1,1,8,0,1,5,0,0,0,0
3,20,4,0,1,0,3,0,0,2,1,1,1,5,0,1,0,1,2,2,1
15,15,3,1,1,0,3,3,0,0,1,1,1,0,2,6,0,4,0,4,0
11,18,4,0,1,0,3,0,0,0,1,1,1,0,2,1,0,6,6,9,1
2,15,4,0,1,4,3,3,1,2,1,1,1,0,0,1,0,2,3,3,1
5,20,4,1,1,0,3,1,0,2,1,1,1,0,0,2,0,5,2,3,1
15,20,0,1,1,0,3,0,0,1,1,1,1,0,2,1,0,6,0,8,1
12,21,4,1,1,0,3,0,0,9,1,1,1,5,2,1,0,6,3,10,1
14,18,0,0,1,0,3,0,0,0,1,1,1,0,2,1,0,9,6,14,1
11,20,4,1,1,0,3,3,0,2,1,1,1,0,2,2,5,1,0,2,1
3,18,4,1,0,0,3,0,0,2,1,1,1,2,0,1,5,0,0,0,1
2,18,4,0,1,0,3,0,0,2,1,1,1,5,0,1,0,2,2,2,1
14,18,1,0,1,3,0,0,1,0,1,1,1,1,2,5,3,9,9,9,0
0,18,4,0,1,0,3,0,0,2,1,1,1,7,0,3,0,5,0,2,1
4,20,4,0,1,0,3,0,0,11,1,1,1,5,0,3,0,4,6,6,1
11,21,4,1,1,0,3,0,0,2,1,1,1,0,2,1,0,6,11,9,1
5,18,4,1,1,0,3,0,0,2,1,1,1,7,0,0,5,0,0,0,1
9,18,4,0,1,0,3,1,0,5,1,1,1,0,0,1,0,3,4,5,1
6,13,4,0,0,0,3,0,0,15,1,0,1,1,0,0,5,0,0,2,1
2,18,4,0,1,0,3,1,0,2,1,1,1,8,0,1,0,5,3,5,1
4,19,4,0,1,0,3,0,0,2,1,1,1,0,0,1,5,2,0,3,1
0,18,4,1,1,0,3,0,0,4,1,1,1,7,0,1,0,1,4,1,1
8,15,4,0,1,0,3,3,0,7,1,1,1,7,0,1,0,9,11,7,1
10,20,0,1,1,0,3,1,0,1,1,1,1,0,0,1,5,6,0,4,1
9,17,4,0,1,0,3,0,0,0,1,1,1,0,0,0,5,0,0,0,1
14,20,4,1,1,0,3,1,0,2,1,1,1,0,2,1,0,5,0,11,1
7,20,4,0,1,0,3,0,0,2,1,1,1,5,0,0,5,0,0,0,1
9,20,0,0,1,0,3,3,0,0,1,1,1,5,0,1,0,6,4,14,0
3,18,4,1,1,4,3,0,1,2,1,1,1,0,0,1,0,4,2,5,1
8,21,0,1,1,4,3,0,1,1,1,1,1,5,0,0,5,0,0,0,0
10,20,4,0,1,0,3,1,0,2,1,1,1,0,0,1,0,6,10,14,1
12,17,0,1,1,0,3,0,0,0,1,1,1,0,2,6,0,2,6,3,1
15,19,4,1,1,0,3,1,0,0,1,1,1,0,2,6,0,4,0,6,1
11,18,4,0,1,0,3,0,0,4,1,1,1,7,2,1,0,6,6,7,1
6,18,4,1,1,0,3,0,0,0,1,1,1,0,0,2,0,6,3,12,0
1,19,4,0,1,0,3,3,0,16,1,1,1,0,0,1,0,8,1,6,0
15,22,0,1,1,4,3,0,1,1,1,1,1,5,2,1,0,9,4,14,0
13,15,4,1,1,0,3,1,0,2,1,1,1,0,2,1,0,5,6,2,1
13,15,0,1,1,3,3,0,1,0,1,1,1,5,2,0,5,0,0,0,1
3,20,4,0,1,0,3,1,0,2,1,1,1,0,0,1,5,1,0,4,1
13,21,0,1,1,0,3,0,0,0,1,1,1,0,2,1,0,6,5,14,0
7,19,4,1,1,0,3,1,0,2,1,1,1,0,0,3,0,4,10,5,1
2,18,4,1,1,0,3,3,0,12,1,1,1,7,0,1,0,7,6,6,0
3,15,4,0,1,0,3,1,0,0,1,1,1,0,0,1,0,6,6,8,1
12,15,4,1,1,0,3,0,0,5,1,1,1,0,2,2,0,6,2,10,1
4,18,4,1,1,0,3,0,0,0,1,1,1,5,0,1,0,1,3,2,1
7,19,0,0,1,0,3,1,0,1,1,1,1,0,0,1,0,9,3,12,0
1,15,4,0,1,0,3,3,0,2,1,1,1,0,0,1,0,4,4,5,1
11,20,0,0,1,0,3,3,0,1,1,1,1,0,2,1,0,6,3,14,1
9,15,4,0,1,0,3,3,0,2,1,1,1,0,0,1,2,6,0,9,1
8,17,2,1,1,0,1,1,0,1,1,1,1,0,2,1,5,0,0,2,1
5,18,4,1,1,0,3,0,0,0,1,1,1,7,0,1,0,6,11,4,1
10,18,0,0,1,0,3,0,0,1,1,1,1,1,0,1,0,1,2,4,1
8,15,4,0,1,3,3,0,1,7,1,1,1,5,0,1,2,0,0,3,1
1,17,4,0,1,0,0,1,0,16,1,1,1,0,0,5,3,9,5,6,0
11,21,4,1,1,0,3,3,0,2,1,1,1,0,2,1,0,6,3,5,1
11,20,0,0,1,2,3,1,0,0,1,1,1,0,2,1,0,6,3,12,1
11,21,0,0,1,0,3,1,0,0,1,1,1,5,2,1,0,8,6,13,1
11,17,4,0,0,0,3,3,0,2,1,1,0,0,2,1,0,6,5,8,1
14,14,0,1,1,0,3,0,0,14,1,1,1,0,2,1,0,6,6,7,1
7,20,4,0,1,0,3,0,0,11,1,1,1,5,0,1,0,9,1,11,0
0,17,4,1,1,0,3,1,0,2,1,1,1,0,0,1,0,2,2,3,1
2,18,4,0,1,3,3,0,1,2,1,1,1,5,0,0,5,0,0,0,1
8,17,2,1,1,0,3,0,0,7,1,1,1,0,0,1,5,2,0,2,1
12,20,4,1,1,3,3,3,1,0,1,1,1,5,2,2,0,1,3,2,1
1,15,4,0,1,3,3,0,1,7,1,1,1,0,0,1,0,2,4,4,1
15,19,4,1,1,0,3,1,0,0,1,1,1,0,2,1,2,4,0,5,1
7,22,4,0,1,0,3,0,0,7,1,1,1,0,0,1,0,5,3,10,0
1,15,4,1,1,4,3,0,1,10,1,1,1,5,0,0,5,0,0,0,0
15,20,0,1,1,4,3,0,1,2,1,1,1,7,2,1,0,6,4,5,1
3,18,4,1,1,0,3,1,0,0,1,1,1,0,0,3,0,1,3,4,0
1,18,4,0,1,0,3,3,0,2,1,1,1,0,0,3,0,1,1,3,1
7,20,4,0,1,0,3,3,0,2,1,1,1,8,0,1,0,9,6,13,1
13,20,0,0,1,0,3,3,0,1,1,1,1,0,2,7,0,6,3,13,1
14,20,4,1,1,0,3,0,0,0,1,1,1,0,2,1,0,6,8,12,0
9,20,4,1,1,0,3,0,0,5,1,1,1,5,0,1,0,6,9,14,1
0,13,4,0,1,0,3,0,0,15,1,1,1,0,0,0,5,0,0,0,1
13,23,0,0,1,2,3,3,0,1,1,1,1,0,2,8,5,0,0,0,1
9,20,4,1,1,0,3,1,0,0,1,1,1,8,0,4,0,1,2,5,1
15,15,4,1,1,4,3,0,1,9,1,1,1,0,2,1,0,7,1,8,1
2,22,4,0,1,0,3,0,0,15,1,1,1,0,0,0,5,0,0,0,0
1,15,4,1,1,0,3,1,0,2,1,1,1,0,0,1,0,1,4,5,1
9,17,4,1,1,0,3,3,0,2,1,1,1,0,0,1,2,4,0,3,1
15,20,0,1,1,4,3,0,1,1,1,1,1,5,2,0,5,0,0,0,1
8,18,0,1,1,0,3,1,0,8,1,1,1,7,0,1,0,3,5,8,1
14,21,4,1,1,4,3,0,1,0,1,1,1,5,2,1,0,6,2,13,1
14,20,0,0,1,0,3,1,0,0,1,1,1,0,2,1,0,6,8,13,0
5,19,4,0,1,0,3,1,0,0,1,1,1,0,0,1,0,6,3,9,0
2,15,4,0,1,0,3,0,0,15,1,1,1,0,0,0,5,0,0,0,0
10,20,4,1,1,0,3,1,0,0,1,1,1,0,0,4,0,8,8,11,0
14,20,4,0,1,0,3,1,0,0,1,1,1,0,2,1,0,7,11,13,0
2,18,4,0,1,0,3,0,0,2,1,1,1,7,0,0,5,0,0,0,1
15,21,0,1,1,4,3,3,1,1,1,1,1,5,2,1,0,6,6,14,1
2,18,4,1,1,0,3,0,0,2,1,1,1,0,0,0,5,0,0,0,1
10,20,0,0,1,0,3,1,0,1,1,1,1,0,0,1,0,6,6,13,0
10,18,4,1,1,0,3,0,0,2,1,1,1,0,0,1,0,6,4,6,0
1,14,4,0,1,0,3,0,0,2,1,1,1,7,0,1,0,5,10,3,1
14,15,4,1,1,3,3,0,1,2,1,1,1,7,2,1,0,6,3,9,1
2,18,4,0,1,0,3,0,0,2,1,1,1,0,0,1,0,6,2,6,1
15,22,0,0,1,0,3,1,0,0,1,1,1,0,2,1,0,6,9,14,1
7,0,4,0,1,0,3,1,0,12,1,1,1,0,0,1,0,3,4,6,1
12,15,4,1,1,0,3,0,0,2,1,1,1,0,2,1,0,5,2,3,1
9,20,4,1,1,0,3,0,0,2,1,1,1,0,0,1,0,8,4,12,1
8,13,4,1,1,0,3,0,0,0,1,1,1,7,0,1,2,0,0,0,1
9,15,0,0,1,3,3,0,1,1,1,1,1,7,0,1,0,6,2,11,1
13,18,0,1,1,0,3,0,0,1,1,1,1,0,2,1,5,0,0,0,0
10,19,4,0,1,0,3,0,0,2,1,1,1,5,0,1,2,1,0,4,1
9,20,4,1,1,3,3,3,1,2,1,1,1,5,0,3,0,2,4,5,1
4,21,4,1,1,4,3,0,1,0,1,1,1,5,0,1,0,6,1,11,1
4,20,0,1,1,2,3,1,0,1,1,1,1,8,0,1,0,2,1,4,0
8,21,4,1,1,0,3,1,0,0,1,1,1,0,0,3,0,2,3,5,1
14,20,4,0,1,0,1,0,0,0,1,1,1,0,2,5,2,6,0,2,1
15,21,4,0,1,0,3,1,0,0,1,1,1,0,2,4,0,6,4,14,0
0,17,4,0,1,0,3,0,0,2,1,1,1,0,0,9,2,0,0,0,1
12,19,2,1,1,3,3,0,1,2,1,1,1,5,2,1,0,6,6,11,1
15,18,0,1,1,0,3,0,0,0,1,1,1,5,2,1,2,0,0,0,1
13,18,4,0,0,0,3,1,0,15,1,1,0,0,2,1,5,0,0,1,1
13,18,4,0,1,3,3,1,1,0,1,1,1,8,2,1,0,8,6,8,1
12,18,0,1,1,3,3,0,1,0,1,1,1,5,2,0,5,0,0,0,1
13,20,0,0,1,0,3,0,0,1,1,1,1,5,2,2,0,9,4,12,1
11,18,4,0,1,0,3,0,0,14,1,1,1,0,2,0,5,0,0,10,1
7,15,4,0,1,0,0,0,0,16,1,1,1,0,0,5,3,9,4,8,1
15,15,0,1,1,4,3,0,1,1,1,1,1,0,2,0,5,0,0,0,1
0,15,4,1,1,0,3,0,0,2,1,1,1,5,0,1,0,4,10,3,1
9,18,0,0,1,4,3,0,1,1,1,1,1,0,0,1,0,4,11,5,1
15,13,0,0,1,0,3,1,0,0,1,1,1,0,2,1,5,4,0,6,1
9,14,4,0,1,0,3,1,0,4,1,1,0,0,0,3,0,6,7,12,1
9,15,4,1,1,0,3,0,0,14,1,1,1,7,0,1,0,2,3,8,1
7,20,4,0,1,0,3,0,0,12,1,1,1,0,0,1,0,7,6,9,0
4,15,4,0,1,0,3,3,0,2,1,1,1,0,0,1,0,6,6,4,1
15,15,0,1,1,4,3,0,1,1,1,1,1,7,2,0,5,0,0,0,1
7,16,4,0,1,0,3,0,0,5,1,1,1,0,0,9,2,0,0,0,1
1,15,4,0,1,0,3,3,0,11,1,1,1,0,0,1,0,9,10,13,0
1,15,4,1,1,0,3,0,0,12,1,1,1,0,0,1,0,6,1,4,0
9,17,4,1,1,2,3,3,0,2,1,1,1,8,0,1,0,4,3,4,1
8,20,0,0,1,0,3,0,0,4,1,1,1,0,0,1,0,9,8,7,1
9,17,4,0,1,0,3,3,0,2,1,1,1,0,0,1,0,6,3,13,1
14,17,0,0,1,4,3,0,1,1,1,1,1,5,2,1,0,2,11,4,0
10,15,4,0,0,0,1,1,0,2,0,0,1,0,0,1,0,6,8,12,0
4,15,4,0,1,0,3,0,0,7,1,1,1,0,0,0,5,0,0,0,1
13,15,4,0,1,4,3,0,1,0,1,1,1,0,2,1,0,2,9,7,0
12,17,4,1,1,0,3,0,0,2,1,1,1,0,2,1,2,0,0,0,1
10,15,4,0,1,0,3,1,0,4,1,1,1,0,0,1,0,6,4,7,1
0,17,4,1,1,0,3,0,0,16,1,1,1,0,0,0,5,0,0,0,0
10,20,0,1,1,0,3,0,0,0,1,1,1,1,0,1,0,5,4,10,0
11,21,4,0,1,0,3,0,0,2,1,1,1,7,2,3,0,6,3,11,1
1,18,4,1,1,0,3,0,0,2,1,1,1,1,0,0,5,0,0,0,1
15,22,0,0,1,0,3,1,0,1,1,1,1,0,2,1,0,7,0,11,1
15,23,0,1,1,3,3,0,1,0,1,1,1,5,2,1,5,6,11,3,1
6,20,4,1,0,0,2,0,0,3,1,1,0,1,0,5,4,6,4,13,0
13,11,3,0,1,0,3,0,0,15,1,1,1,7,2,0,5,0,0,0,0
1,18,4,0,1,0,3,3,0,16,1,1,1,0,0,2,0,1,6,3,1
13,12,1,0,1,2,3,0,0,3,1,1,0,1,1,4,1,9,7,2,1
5,20,4,0,1,2,3,0,0,0,1,1,1,0,0,1,0,6,4,6,0
5,20,4,0,1,0,1,1,0,0,1,1,1,8,0,5,0,9,8,13,0
9,18,4,1,1,0,3,0,0,2,1,1,1,1,0,0,5,0,0,0,1
11,18,0,0,1,0,3,0,0,1,1,1,1,0,2,1,5,0,0,4,1
0,17,4,1,1,0,3,0,0,16,1,1,1,0,0,0,5,0,0,0,0
15,15,4,0,0,0,3,0,0,16,1,1,0,0,2,1,5,1,0,3,1
7,15,4,1,1,0,3,3,0,2,1,1,1,0,0,0,5,0,0,0,1
8,20,4,1,1,0,3,1,0,5,1,1,1,0,0,0,5,0,0,3,1
9,18,0,1,1,4,3,0,1,1,1,1,1,1,0,1,0,5,6,5,1
10,18,4,0,1,0,3,0,0,14,1,1,1,0,0,1,0,8,4,9,1
5,20,0,0,1,0,3,1,0,1,1,1,1,8,0,5,5,6,0,2,0
7,20,0,0,1,0,3,1,0,2,1,1,1,0,0,6,0,4,0,13,1
2,22,4,1,1,0,3,1,0,15,1,1,1,8,0,1,5,9,0,0,0
13,17,4,1,1,0,3,1,0,12,1,1,1,0,2,4,0,6,5,12,1
11,17,4,1,1,3,3,3,1,0,1,1,1,5,2,3,0,3,4,4,1
10,20,4,0,1,4,3,0,1,0,1,1,1,7,0,1,0,6,4,8,1
6,18,4,0,1,0,3,3,0,11,1,1,1,0,0,4,0,6,6,11,1
5,17,4,0,1,0,3,0,0,2,1,1,1,7,0,1,0,6,4,5,1
8,20,4,1,1,0,3,1,0,2,1,1,1,5,0,1,2,0,0,0,1
7,19,0,1,1,0,3,0,0,1,1,1,1,0,0,1,1,8,0,9,1
11,22,4,0,1,0,3,0,0,7,1,1,1,8,0,1,0,6,6,14,1
6,15,4,0,1,0,3,1,0,0,1,1,1,0,0,1,0,7,2,11,1
5,19,0,1,1,0,3,1,0,1,1,1,1,0,0,1,2,2,0,2,1
2,14,4,1,1,0,3,3,0,4,1,1,1,7,0,1,0,5,6,6,1
11,8,4,0,1,4,3,0,1,11,1,1,1,7,2,1,0,6,4,4,1
1,18,4,1,1,0,3,1,0,2,1,1,1,8,0,1,0,3,6,5,1
9,15,4,0,1,0,3,0,0,2,1,1,1,0,0,1,0,6,3,7,1
12,19,0,1,1,0,3,3,0,13,1,1,1,8,2,2,0,3,2,11,0
2,15,4,0,1,3,3,0,0,16,1,1,1,0,0,7,5,6,0,7,1
8,20,4,0,1,0,3,0,0,7,1,1,1,0,0,1,0,2,1,4,1
14,20,4,1,1,0,3,0,0,12,1,1,1,1,2,1,2,0,0,0,1
11,21,0,1,1,0,3,0,0,0,1,1,1,0,2,4,0,8,10,14,1
1,15,4,0,1,0,3,0,0,9,1,1,1,0,0,1,0,5,3,8,1
11,20,4,0,1,0,3,0,0,0,1,1,1,0,2,3,0,8,2,12,0
7,15,0,1,1,4,3,0,1,0,1,1,1,5,0,0,5,0,0,0,0
9,18,4,1,1,0,3,1,0,2,1,1,1,0,0,1,0,6,2,10,1
10,16,0,1,1,0,3,0,0,1,1,1,1,0,0,0,5,0,0,0,1
5,20,4,0,1,0,3,1,0,5,1,1,1,0,0,1,0,6,3,13,0
11,15,4,0,1,0,3,0,0,2,1,1,1,1,2,1,5,6,0,2,1
2,18,4,1,1,0,3,1,0,2,1,1,1,0,0,0,5,0,0,2,1
5,14,4,1,1,0,3,0,1,9,1,1,1,5,0,6,0,3,3,3,0
15,17,4,0,1,0,3,0,0,9,1,1,1,8,2,3,0,2,3,2,1
12,17,0,1,1,0,3,3,0,1,1,1,1,5,2,2,0,6,2,10,1
1,18,4,0,1,0,3,1,0,16,1,1,1,0,0,1,5,0,0,0,0
4,18,4,0,1,0,3,0,0,2,1,1,1,7,0,0,5,0,0,3,1
1,15,4,0,1,4,3,0,1,12,1,1,1,0,0,1,0,2,9,5,0
5,19,4,1,1,0,3,3,0,0,1,1,1,0,0,1,0,4,8,6,1
12,17,0,1,1,0,3,1,0,1,1,1,1,0,2,1,0,4,2,7,1
2,18,4,1,1,0,3,1,0,9,1,1,1,8,0,1,1,9,0,0,1
15,21,4,0,1,4,3,0,1,0,1,1,1,0,2,2,0,9,6,14,1
13,20,4,1,1,3,3,0,1,0,1,1,1,5,2,3,0,6,7,12,1
11,15,4,0,1,4,3,0,1,11,1,1,1,2,2,1,0,6,8,11,1
14,21,4,1,1,4,3,0,1,0,1,1,1,0,2,1,0,6,6,14,1
4,15,4,1,1,0,3,0,0,9,1,1,1,0,0,1,5,4,0,1,1
13,15,4,1,1,0,3,0,0,0,1,1,1,1,2,1,0,6,4,6,1
10,18,4,0,1,0,1,3,0,14,1,1,1,0,0,1,0,6,3,8,0
9,20,4,0,1,0,3,0,0,0,1,1,1,0,0,1,0,9,2,14,1
1,18,0,0,1,0,3,3,0,2,1,1,1,0,0,1,0,2,9,6,1
15,20,0,1,1,0,3,0,0,0,1,1,1,7,2,3,0,6,3,12,1
15,13,0,0,1,0,3,0,0,0,1,1,1,0,2,0,5,0,0,13,1
2,18,4,1,1,0,3,1,0,2,1,1,1,0,0,1,0,2,4,2,1
2,18,4,1,1,3,3,0,1,2,1,1,1,5,0,0,5,0,0,0,1
4,18,4,1,1,0,3,1,0,16,1,1,1,0,0,1,0,2,10,3,1
0,17,4,0,1,0,3,0,0,2,1,1,1,7,0,1,0,6,4,4,0
4,15,4,1,1,0,3,1,0,16,1,1,1,0,0,1,0,3,4,5,0
7,0,4,1,1,4,3,0,1,9,1,1,1,0,0,0,5,0,0,0,1
0,15,4,0,1,0,3,1,0,16,1,1,1,0,0,1,5,4,0,2,0
2,18,4,1,1,0,3,0,0,16,1,1,1,0,0,0,5,0,0,0,1
13,15,4,0,1,0,3,0,0,5,1,1,1,0,2,1,0,6,6,6,1
13,20,0,1,1,0,3,0,0,1,1,1,1,1,2,5,0,6,6,10,0
8,20,0,1,1,4,3,0,1,1,1,1,1,5,0,1,5,0,0,0,1
3,19,4,1,1,0,3,1,0,12,1,1,1,0,0,1,0,2,10,3,0
15,15,0,1,1,0,3,3,0,0,1,1,1,5,2,1,0,6,6,10,1
8,18,4,0,1,0,3,3,0,2,1,1,1,0,0,1,0,9,11,8,1
0,18,4,1,1,0,3,3,0,2,1,1,1,0,0,1,0,3,1,6,1
10,15,4,1,1,0,3,0,0,12,1,1,1,7,0,1,0,7,7,10,1
0,18,4,0,1,0,3,0,0,16,1,1,1,0,0,0,5,0,0,0,0
14,18,2,0,1,0,3,1,0,0,1,1,1,0,2,1,5,2,0,2,1
12,15,4,0,1,0,3,0,0,0,1,1,1,8,0,2,0,6,8,8,1
8,19,0,1,1,0,3,3,0,0,1,1,1,0,0,1,5,0,0,0,1
13,21,0,1,1,0,3,1,0,1,1,1,1,0,2,7,1,9,0,13,1
2,15,4,0,1,0,3,3,0,4,1,1,1,7,0,1,0,6,3,11,1
7,15,4,0,0,0,3,1,0,2,1,1,0,0,0,0,5,0,0,4,1
7,16,0,1,1,0,3,0,0,0,1,1,1,0,0,1,5,6,0,4,1
15,15,0,0,1,4,3,0,1,0,1,1,1,0,2,1,0,6,3,8,1
7,20,4,1,1,0,3,0,0,12,1,1,1,0,0,4,0,6,5,12,0
13,8,0,0,1,4,3,1,1,2,1,1,1,0,2,1,0,1,3,3,1
11,18,0,1,1,0,3,1,0,0,1,1,1,0,2,1,0,6,3,12,0
0,15,4,1,1,0,3,1,0,2,1,1,1,7,0,1,5,4,0,1,1
0,15,4,0,1,0,0,0,0,16,1,1,1,0,0,5,3,9,0,6,0
15,21,4,1,1,0,3,3,0,0,1,1,1,0,2,4,0,5,4,12,0
9,18,4,0,1,0,3,3,0,2,1,1,1,0,0,6,5,0,0,0,1
11,19,0,0,1,0,3,0,0,1,1,1,1,0,2,3,0,6,8,11,1
7,17,4,0,1,0,3,1,0,7,1,1,1,8,0,1,0,6,10,9,1
3,19,4,0,1,0,3,0,0,2,1,1,1,5,0,1,0,6,4,7,1
13,0,4,0,1,0,3,3,0,9,1,1,1,7,2,4,0,4,4,1,1
7,19,0,1,1,0,3,1,0,0,1,1,1,0,0,1,1,8,0,10,1
1,15,4,1,1,0,3,0,0,2,1,1,1,0,0,2,0,1,6,1,0
1,15,4,1,1,4,3,0,1,11,1,1,1,5,0,1,0,1,4,1,0
1,15,4,0,1,0,3,0,0,16,1,1,1,1,0,9,2,0,0,0,1
11,17,0,1,1,4,3,0,1,1,1,1,1,7,2,1,0,7,11,10,1
10,20,4,1,1,0,3,1,0,0,1,1,1,0,0,1,2,8,0,14,1
2,15,4,0,1,0,1,3,0,14,1,1,1,0,2,5,0,9,4,9,1
14,8,0,0,1,4,3,0,1,2,1,1,1,0,2,1,5,0,0,0,1
12,20,0,1,1,4,3,0,1,1,1,1,1,5,2,2,0,6,0,11,1
1,18,4,0,1,0,3,0,0,16,1,1,1,2,0,5,3,6,2,6,0
4,20,4,1,1,0,3,0,0,2,1,1,1,0,0,1,2,1,0,3,0
14,14,0,1,1,4,3,0,1,0,1,1,1,5,2,1,0,6,5,7,1
4,15,4,0,1,0,3,0,0,2,1,1,1,0,0,1,0,6,2,6,1
10,18,4,1,1,0,3,3,0,12,1,1,1,0,0,1,0,4,2,5,1
11,15,4,0,1,0,3,1,0,7,1,1,1,8,2,1,0,9,4,4,1
4,15,4,1,1,0,3,1,0,2,1,1,1,0,0,1,5,0,0,0,1
10,15,0,1,1,0,3,3,0,8,1,1,1,7,0,1,5,3,0,3,1
7,20,4,0,1,0,3,1,0,11,1,1,1,5,0,1,0,6,6,14,1
12,16,4,0,1,0,3,0,0,15,1,1,1,7,2,0,5,0,0,0,1
8,18,0,0,1,0,3,3,0,1,1,1,1,0,0,1,0,6,4,12,0
4,18,4,0,1,0,3,1,0,2,1,1,1,0,0,1,0,9,4,7,0
15,20,4,0,1,3,3,0,1,10,1,1,1,5,2,1,0,6,8,14,1
13,20,2,0,1,0,3,0,0,12,1,1,1,0,2,1,0,9,4,11,1
7,8,4,1,1,4,3,3,1,11,1,1,1,0,0,0,5,0,0,0,0
7,15,4,0,1,0,3,0,0,0,1,1,1,0,0,1,0,7,4,12,0
13,15,0,0,1,0,3,0,0,1,1,1,1,0,2,1,0,8,3,10,1
0,13,4,0,1,0,3,0,0,2,1,1,1,0,0,1,2,2,0,2,1
3,20,4,0,1,4,3,0,1,0,1,1,1,5,0,2,0,6,6,6,1
5,19,4,1,0,0,3,1,0,2,1,1,0,7,0,0,5,0,0,0,1
14,14,4,1,1,0,3,3,0,0,1,1,1,0,2,6,0,6,5,7,1
11,18,4,0,1,0,3,0,0,0,1,1,1,0,2,1,0,6,8,10,1
8,17,4,0,1,0,3,1,0,0,1,1,1,0,0,1,0,8,1,11,1
6,15,4,0,1,0,3,0,0,2,1,1,1,7,0,1,0,6,10,7,1
14,20,0,1,1,3,3,0,1,1,1,1,1,5,2,1,0,6,3,11,1
1,17,4,0,1,0,3,1,0,11,1,1,1,0,0,1,0,6,3,3,0
2,18,4,0,1,0,3,0,0,12,1,1,1,0,0,1,2,6,0,4,1
14,0,4,1,0,0,3,1,0,12,1,0,1,0,2,1,0,8,4,7,1
10,16,4,0,1,4,3,3,1,5,1,1,1,5,0,1,0,5,3,13,0
9,20,4,1,1,0,3,0,0,12,1,1,1,0,0,1,0,6,3,9,1
4,18,4,0,1,0,3,0,0,2,1,1,1,7,0,1,0,2,6,2,1
5,20,4,1,1,0,3,0,0,2,1,1,1,0,0,1,0,6,2,6,1
1,15,4,1,1,0,3,1,0,16,1,1,1,0,0,1,5,1,0,3,0
14,22,0,1,1,3,3,0,1,1,1,1,1,5,2,7,1,9,0,14,1
13,21,0,1,1,0,3,1,0,1,1,1,1,8,2,8,5,8,0,11,1
10,20,4,1,1,0,3,0,0,2,1,1,1,0,0,1,0,3,10,5,1
10,15,4,0,1,4,3,0,1,4,1,1,1,2,0,5,3,6,1,6,1
3,20,0,0,1,4,3,0,1,1,1,1,1,5,0,1,0,6,6,11,0
0,15,4,1,1,0,3,0,0,16,1,1,1,1,0,9,2,0,0,0,0
7,18,4,0,1,0,3,0,0,0,1,1,1,5,0,1,5,1,0,4,0
7,20,0,0,1,0,3,3,0,1,1,1,1,0,0,1,0,7,6,11,1
2,18,4,0,1,0,3,1,0,2,1,1,1,0,0,1,0,2,9,4,1
6,17,4,1,1,0,3,3,0,2,1,1,1,7,0,1,0,6,8,7,1
13,19,0,0,1,0,0,0,0,0,1,1,1,5,2,5,0,8,6,9,0
4,20,4,1,1,0,3,1,0,2,1,1,1,5,0,0,5,0,0,0,1
0,15,4,1,1,0,3,0,0,16,1,1,1,0,0,0,5,0,0,0,0
15,21,0,1,1,4,3,0,1,0,1,1,1,0,2,1,0,6,4,12,1
9,13,4,1,1,0,3,3,0,11,1,1,1,0,0,6,5,4,0,6,1
2,18,4,0,1,0,3,0,0,2,1,1,1,5,0,1,0,2,8,4,1
14,19,4,1,1,0,3,0,0,14,1,1,1,0,2,3,0,4,6,12,1
4,17,4,0,1,0,3,1,0,2,1,1,1,0,0,1,0,3,6,6,1
13,19,0,1,1,3,3,3,1,1,1,1,1,0,2,1,5,0,0,0,0
7,16,4,1,1,4,3,0,1,2,1,1,1,5,0,1,0,5,2,5,0
10,20,0,1,1,4,3,0,1,8,1,1,1,7,0,1,0,6,6,8,1
11,19,4,0,1,0,3,1,0,12,1,1,1,0,2,1,0,6,10,10,1
8,18,4,0,1,0,3,0,0,2,1,1,1,1,0,3,0,6,11,3,1
8,18,4,1,1,0,3,1,0,0,1,1,1,0,0,2,0,6,1,11,1
0,14,4,0,1,0,3,0,0,2,1,1,1,5,0,0,5,0,0,1,0
4,15,4,0,0,0,3,1,0,2,1,1,0,0,0,1,2,2,0,5,1
11,20,0,1,1,3,3,0,1,1,1,1,1,5,2,0,5,0,0,0,1
2,18,4,1,1,0,3,1,0,2,1,1,1,8,0,1,5,0,0,0,1
15,18,4,1,1,0,3,0,0,2,1,1,1,0,2,1,0,3,5,8,1
8,19,4,1,1,0,3,0,0,0,1,1,1,7,0,0,5,0,0,0,1
6,15,0,1,1,3,3,0,1,1,1,1,1,5,0,1,5,0,0,2,1
11,0,4,1,0,0,3,0,0,2,1,1,1,5,2,0,5,0,0,8,1
9,20,4,0,1,0,3,0,0,11,1,1,1,0,0,1,0,6,3,12,1
6,18,0,0,1,0,3,0,0,0,1,1,1,0,0,1,0,6,4,13,0
14,20,4,1,1,3,3,0,1,0,1,1,1,0,2,7,0,7,10,10,1
2,15,4,0,1,0,3,1,0,7,1,1,1,0,0,1,2,2,0,4,1
1,18,4,0,1,0,3,0,0,2,1,1,1,5,0,1,2,0,0,0,1
5,18,4,1,1,0,3,0,0,5,1,1,1,0,0,6,0,1,4,2,1
10,16,4,0,1,0,3,0,0,15,1,1,1,7,0,0,5,0,0,0,0
9,18,0,1,1,4,3,0,1,1,1,1,1,0,0,1,0,7,11,7,1
15,9,0,0,1,4,3,0,1,0,1,1,1,7,2,2,0,4,5,4,0
9,20,4,1,1,0,3,1,0,0,1,1,1,0,0,3,0,6,2,6,1
6,13,4,1,0,0,3,3,0,2,1,1,1,0,0,0,5,0,0,4,1
11,21,4,1,1,4,3,1,1,0,1,1,1,0,2,1,0,6,4,13,1
12,15,0,1,1,0,3,0,0,2,1,1,1,0,2,6,0,6,11,10,1
10,20,4,0,1,0,3,3,0,0,1,1,1,0,0,2,0,6,4,10,1
2,14,4,1,1,4,3,0,1,12,1,1,1,7,2,3,0,6,7,7,0
0,15,4,1,1,0,3,0,0,14,1,1,1,7,0,1,0,2,6,2,1
11,18,4,0,1,3,3,0,1,10,1,1,1,0,2,4,5,6,0,1,0
12,18,4,0,1,0,3,0,0,2,1,1,1,7,2,1,0,3,6,3,1
3,15,4,1,1,0,3,0,0,2,1,1,1,0,0,2,0,6,4,6,1
9,15,0,1,1,0,3,0,0,0,1,1,1,1,0,6,0,1,11,3,1
4,20,4,1,1,0,3,0,0,3,1,1,1,0,0,1,0,6,7,13,1
15,20,0,0,1,4,3,0,1,1,1,1,1,5,2,1,0,6,6,6,0
4,15,4,1,1,0,3,1,0,2,1,1,1,0,0,1,0,6,6,3,1
13,15,2,1,1,3,3,0,1,12,1,1,1,0,2,1,0,6,6,12,0
3,20,4,0,1,0,3,1,0,12,1,1,1,0,0,1,0,6,9,14,0
0,15,4,1,1,0,3,0,0,2,1,1,1,0,0,1,0,2,8,6,0
13,21,4,0,1,0,3,1,0,0,1,1,1,0,2,4,0,8,3,11,1
4,20,0,1,1,4,3,0,1,1,1,1,1,0,0,1,0,6,6,8,1
1,18,4,0,1,0,3,0,0,2,1,1,1,7,0,0,5,0,0,0,1
15,20,0,1,1,4,3,0,1,0,1,1,1,5,2,1,0,6,5,14,0
12,15,0,0,1,0,3,3,0,1,1,1,1,0,2,0,5,0,0,0,1
15,20,4,0,1,0,3,0,0,0,1,1,1,5,2,1,0,6,3,14,1
14,18,4,0,1,0,3,0,0,0,1,1,1,1,0,6,0,5,0,1,1
10,16,4,0,1,0,3,1,0,2,1,1,1,7,0,1,0,5,6,8,1
14,19,4,0,1,0,3,1,0,12,1,1,1,0,2,6,0,6,4,10,0
11,16,4,1,1,0,3,3,0,10,1,1,1,4,2,1,0,9,8,4,1
10,20,0,0,1,0,3,1,0,1,1,1,1,0,0,2,0,8,3,14,1
9,19,4,1,1,0,3,1,0,0,1,1,1,0,0,1,0,5,0,6,1
7,15,4,0,1,0,3,0,0,2,1,1,1,7,0,1,2,6,0,2,1
1,17,4,0,1,0,3,3,0,2,1,1,1,7,0,1,0,6,8,13,1
9,17,4,0,1,0,3,0,0,4,1,1,1,0,0,4,0,9,6,7,1
9,21,0,0,1,4,3,1,1,1,1,1,1,5,0,1,0,4,4,4,1
0,18,4,0,1,0,3,0,0,2,1,1,1,1,0,9,2,3,0,0,1
6,20,0,0,1,0,3,3,0,1,1,1,1,0,0,1,0,1,8,13,1
5,17,4,1,1,0,3,0,0,15,1,1,1,0,0,1,5,0,0,0,1
12,20,0,1,1,0,3,0,0,1,1,1,1,0,2,1,5,6,0,3,1
2,18,4,1,1,0,3,0,0,0,1,1,1,7,0,1,0,2,10,5,0
4,15,4,1,1,0,3,0,0,2,1,1,1,0,0,0,5,0,0,0,1
14,0,4,0,1,4,3,0,1,0,1,1,1,0,2,1,0,8,3,9,1
10,5,4,1,1,0,3,1,0,2,1,1,1,0,0,3,0,6,5,4,1
0,18,4,1,1,4,3,0,1,16,1,1,1,0,0,1,5,1,0,2,0
1,18,4,0,1,0,3,0,0,16,1,1,1,5,0,0,5,0,0,0,0
5,20,4,0,1,0,3,1,0,7,1,1,1,7,0,1,0,6,11,9,0
14,20,0,1,1,0,3,3,0,1,1,1,1,5,2,1,5,0,0,0,1
2,18,4,1,1,0,3,1,0,2,1,1,1,8,0,5,5,0,0,2,0
4,16,4,0,1,0,3,0,0,0,1,1,1,0,0,1,0,1,1,1,1
11,20,0,1,1,0,3,1,0,1,1,1,1,0,2,3,0,6,8,12,1
9,19,0,0,1,0,3,0,0,1,1,1,1,7,0,7,5,5,0,8,1
6,15,4,0,1,0,3,0,0,12,1,1,1,5,0,1,0,6,2,11,1
10,21,0,1,1,0,3,3,0,0,1,1,1,0,0,3,0,6,6,13,1
7,20,4,0,1,2,3,0,0,2,1,1,1,0,0,1,0,6,6,12,1
11,11,4,0,1,4,3,0,1,11,1,1,1,7,2,1,2,9,0,0,1
7,18,0,0,1,0,3,1,0,0,1,1,1,0,0,3,0,6,7,12,1
10,19,4,1,1,0,3,0,0,2,1,1,1,0,0,3,0,4,7,7,1
1,15,4,1,1,0,3,3,0,9,1,1,1,0,0,3,5,6,0,4,1
11,14,4,0,1,0,3,1,0,7,1,1,1,8,2,1,0,2,1,5,1
11,18,4,0,1,0,3,3,0,2,1,1,1,7,2,1,0,6,3,6,1
0,15,4,0,1,0,0,0,0,16,1,1,1,0,0,5,3,9,2,8,0
2,15,4,0,1,0,3,0,0,15,1,1,1,7,0,0,5,0,0,0,0
5,18,4,0,1,4,3,0,1,10,1,1,1,5,0,1,0,6,11,3,1
15,18,4,1,1,0,3,0,0,12,1,1,1,0,2,1,0,6,2,5,1
14,15,0,1,1,0,3,0,0,1,1,1,1,7,2,0,5,0,0,0,1
3,15,4,0,1,0,3,1,0,12,1,1,1,0,0,1,2,1,0,3,0
8,20,4,1,1,0,3,0,0,2,1,1,1,7,0,1,0,3,6,4,1
13,19,4,1,1,0,3,1,0,1,1,1,1,8,2,8,5,0,0,0,1
11,20,4,1,1,0,3,0,0,0,1,1,1,0,2,2,0,6,10,10,0
1,18,4,1,1,0,3,0,0,2,1,1,1,1,0,0,5,0,0,0,1
12,16,0,0,1,4,3,0,1,0,1,1,1,7,2,1,0,9,1,2,1
3,13,4,0,1,0,3,0,0,15,1,1,1,7,0,1,5,6,0,2,1
11,14,4,0,1,0,3,3,0,2,1,1,1,0,2,1,2,2,0,4,1
1,18,4,0,1,0,3,0,0,2,1,1,1,0,0,1,0,2,5,6,0
8,20,0,1,1,0,3,1,0,2,1,1,1,8,0,0,5,0,0,0,1
8,15,4,0,1,0,1,1,0,0,1,1,1,0,0,1,0,4,2,7,0
14,19,4,1,1,0,3,0,0,16,1,1,1,1,0,2,0,5,5,7,0
11,15,0,1,1,0,3,0,0,4,1,1,1,0,2,1,0,4,4,5,1
10,18,4,1,1,0,3,3,0,2,1,1,1,5,0,2,0,4,2,10,1
12,15,4,1,0,0,3,0,0,2,1,1,1,0,2,1,0,6,4,8,1
11,20,0,0,1,3,3,0,1,0,1,1,1,5,2,1,0,6,11,14,1
1,18,4,0,1,0,3,0,0,2,1,1,1,8,0,3,0,6,10,12,1
3,20,4,0,1,0,3,1,0,2,1,1,1,8,0,1,0,2,10,5,1
1,18,4,0,1,0,3,0,0,2,1,1,1,7,0,1,0,1,6,4,1
12,18,4,1,1,0,3,0,0,0,1,1,1,7,2,1,0,6,6,9,1
15,20,0,0,1,0,3,0,0,0,1,1,1,0,2,1,0,6,8,14,1
10,18,0,0,1,0,3,0,0,1,1,1,1,7,0,1,0,6,8,12,0
13,20,4,0,1,3,3,0,1,0,1,1,1,5,2,1,0,6,3,13,0
9,20,0,0,1,0,3,3,0,1,1,1,1,0,0,3,0,5,6,6,1
15,15,0,1,1,0,3,0,0,0,1,1,1,7,2,1,0,5,0,6,1
0,18,4,0,1,0,3,1,0,7,1,1,1,0,0,3,0,1,1,1,1
0,18,4,0,1,0,3,3,0,2,1,1,1,0,0,1,0,1,6,2,1
0,18,4,1,1,0,3,1,0,2,1,1,1,0,0,3,0,4,2,4,1
13,14,4,1,1,4,3,0,1,0,1,1,1,7,2,7,0,6,1,5,1
14,15,4,1,1,0,3,3,0,0,1,1,1,1,2,1,0,6,1,7,0
9,15,4,1,1,0,3,0,0,14,1,1,1,0,0,1,0,4,3,7,1
6,9,4,0,0,4,3,1,1,12,1,0,1,7,0,9,2,8,0,13,1
11,15,0,1,1,0,3,1,0,1,1,1,1,0,2,1,0,4,5,4,1
4,18,4,0,1,0,3,0,0,16,1,1,1,1,0,1,5,2,0,4,0
12,20,4,1,1,0,3,3,0,5,1,1,1,0,2,2,0,8,3,13,1
11,18,0,1,1,3,3,0,1,1,1,1,1,0,2,7,0,6,8,9,1
12,18,4,0,1,0,3,3,0,0,1,1,1,0,2,2,0,6,2,12,1
8,17,4,0,1,0,2,0,0,2,1,1,1,0,0,1,0,8,2,9,1
0,15,4,0,1,0,3,0,0,2,1,1,1,7,0,0,5,0,0,0,1
0,15,4,1,1,4,3,0,1,11,1,1,1,0,0,0,5,0,0,0,0
13,15,4,0,1,3,3,0,1,0,1,1,1,0,2,1,0,6,8,10,1
10,20,4,1,1,0,3,3,0,2,1,1,1,0,0,1,0,3,3,3,1
12,0,4,0,0,0,3,1,0,2,1,1,0,0,2,0,5,0,0,6,1
13,19,0,1,1,0,3,3,0,9,1,1,1,0,2,3,0,8,11,10,1
4,20,4,0,1,0,0,1,0,0,1,1,1,4,0,5,3,9,3,12,1
7,18,4,1,1,0,3,1,0,2,1,1,1,0,0,1,5,0,0,0,0
1,14,4,1,1,0,3,0,0,16,1,1,1,0,0,1,5,2,0,3,0
0,19,4,1,1,3,3,0,1,2,1,1,1,5,0,1,5,0,0,0,1
1,15,4,0,0,0,3,0,0,16,1,1,0,0,0,1,5,0,0,0,1
8,15,4,0,1,3,3,0,1,0,1,1,1,5,0,1,0,6,8,6,1
5,20,0,1,1,0,3,1,0,2,1,1,1,0,0,1,0,6,5,2,1
14,20,4,0,1,0,3,0,0,0,1,1,1,0,2,1,0,6,4,11,1
9,18,4,0,1,0,3,0,0,2,1,1,1,0,0,1,0,3,1,5,1
10,18,0,0,1,0,3,1,0,0,1,1,1,0,0,1,0,6,1,11,0
0,18,4,1,1,0,3,1,0,2,1,1,1,0,0,0,5,0,0,0,1
12,20,0,0,1,0,3,1,0,0,1,1,1,5,2,1,0,6,2,13,1
8,1,4,1,0,0,2,3,0,1,1,1,0,0,2,5,4,6,3,6,0
11,17,4,1,1,0,3,0,0,2,1,1,1,0,2,1,0,4,3,8,1
15,15,0,0,1,0,3,0,0,1,1,1,1,7,2,1,0,6,3,8,1
4,20,4,1,1,0,3,3,0,9,1,1,1,0,0,2,5,6,0,7,0
3,15,4,0,1,0,3,1,0,7,1,1,1,0,0,1,0,6,10,4,1
14,20,4,0,1,3,3,3,1,0,1,1,1,0,2,1,2,6,0,10,0
10,20,4,1,1,0,3,3,0,11,1,1,1,0,0,1,0,8,6,13,1
3,15,4,1,1,0,3,3,0,2,1,1,1,0,0,1,0,4,4,5,1
2,14,4,0,1,0,3,0,0,2,1,1,1,0,0,1,2,2,0,4,1
2,0,4,1,1,4,3,0,1,9,1,1,1,5,0,0,5,0,0,0,1
1,18,4,1,1,0,3,0,0,2,1,1,1,0,0,1,0,1,3,1,1
12,22,0,1,1,0,3,0,0,1,1,1,1,0,2,7,1,9,0,10,1
10,19,4,1,1,0,3,1,0,12,1,1,1,0,0,1,0,6,2,10,0
15,19,0,1,1,4,3,0,1,1,1,1,1,5,2,1,0,6,3,11,1
8,21,4,0,1,0,3,3,0,0,1,1,1,5,0,1,0,6,11,14,1
9,18,4,1,1,0,3,3,0,2,1,1,1,0,0,1,0,8,11,4,1
11,20,0,0,1,0,3,0,0,0,1,1,1,0,2,1,0,7,4,13,0
11,21,4,0,1,0,3,3,0,0,1,1,1,7,2,2,0,9,2,13,0
3,17,4,0,1,0,3,0,0,2,1,1,1,0,0,1,0,3,3,2,1
15,20,0,0,1,0,3,0,0,0,1,1,1,0,2,1,0,9,10,13,1
3,15,4,0,1,0,3,1,0,7,1,1,1,8,0,1,0,9,10,5,1
9,15,4,1,1,0,3,3,0,2,1,1,1,0,0,1,0,6,4,7,1
1,15,4,0,1,0,3,3,0,10,1,1,1,0,0,1,0,6,11,3,0
13,12,4,0,1,0,3,0,0,15,1,1,1,1,0,1,1,6,0,1,0
9,20,0,1,1,0,3,3,0,1,1,1,1,0,0,1,0,3,6,14,0
15,19,0,1,1,0,3,0,0,0,1,1,1,5,2,1,0,6,7,12,1
1,18,4,0,1,0,3,0,0,2,1,1,1,5,0,9,2,1,0,1,1
4,18,0,1,1,3,3,3,1,2,1,1,1,5,0,0,5,0,0,0,1
13,13,4,0,1,0,3,0,0,15,1,1,1,1,2,1,5,0,0,0,1
10,17,4,0,1,0,3,0,0,5,1,1,1,0,0,1,0,6,3,9,1
11,20,0,1,1,0,3,1,0,1,1,1,1,8,2,1,0,8,11,12,0
1,17,4,1,1,0,3,1,0,15,1,1,1,1,0,1,5,3,0,1,0
10,15,4,1,1,0,3,0,0,2,1,1,1,7,0,1,0,6,8,8,1
10,20,0,0,1,0,3,0,0,1,1,1,1,1,0,5,0,6,6,9,0
15,17,4,0,1,0,3,1,0,10,1,1,1,0,2,4,0,9,10,13,1
12,17,0,0,1,4,3,0,1,1,1,1,1,7,2,1,0,6,2,9,1
9,18,4,1,1,0,3,0,0,2,1,1,1,5,0,1,5,0,0,1,1
14,18,4,0,1,3,3,0,1,11,1,1,1,5,2,1,5,0,0,0,1
1,18,4,0,1,0,0,1,0,16,1,1,1,0,0,5,3,8,2,7,0
5,18,4,0,1,0,3,0,0,2,1,1,1,0,0,1,5,0,0,0,0
13,20,0,1,1,3,3,0,1,1,1,1,1,5,2,0,5,0,0,0,1
7,15,4,1,1,0,3,1,0,2,1,1,1,0,0,1,0,6,3,10,1
13,21,4,1,1,4,3,0,1,0,1,1,1,5,2,9,2,0,0,0,1
5,17,4,0,1,0,3,0,0,15,1,1,1,0,0,1,5,9,0,1,0
12,18,4,0,1,0,3,0,0,2,1,1,1,0,2,1,0,6,3,9,1
1,19,4,1,1,0,3,1,0,2,1,1,1,8,0,1,0,3,9,4,1
9,20,0,0,1,0,3,0,0,1,1,1,1,0,0,1,0,6,8,11,1
15,22,4,1,1,4,3,0,1,0,1,1,1,0,2,1,0,6,0,8,1
7,10,4,0,1,4,3,3,1,14,1,1,1,7,0,1,0,6,10,10,1
6,15,4,0,1,0,3,0,0,2,1,1,1,7,0,1,0,6,5,7,1
11,15,4,1,0,0,3,0,0,7,1,0,0,0,2,6,5,0,0,3,1
11,18,0,1,1,0,1,1,0,0,1,1,1,8,2,1,0,6,7,9,1
11,17,4,1,1,0,3,1,0,0,1,1,1,0,2,1,0,4,6,4,1
1,13,4,0,1,0,3,0,0,15,1,1,1,7,0,0,5,0,0,0,1
8,17,0,0,1,4,3,0,1,8,1,1,1,5,0,0,5,0,0,0,1
10,20,0,0,1,0,3,1,0,2,1,1,1,0,0,1,0,6,3,10,1
0,15,4,1,1,0,3,0,0,2,1,1,1,8,0,3,0,2,6,4,1
3,20,4,0,1,0,3,0,0,2,1,1,1,5,0,1,0,3,8,5,1
15,22,0,1,1,4,3,0,1,0,1,1,1,0,2,1,0,7,0,13,0
3,22,4,1,1,0,3,0,0,2,1,1,1,0,0,1,0,6,9,6,1
3,18,4,0,1,0,3,3,0,11,1,1,1,0,0,1,0,7,1,11,1
15,20,4,0,1,0,3,0,0,0,1,1,1,0,2,1,0,7,0,2,1
8,16,4,0,1,0,3,3,0,11,1,1,1,0,0,0,5,0,0,5,1
8,0,4,0,1,0,3,0,0,2,1,1,1,0,0,0,5,0,0,2,1
6,20,4,1,1,0,3,1,0,2,1,1,1,0,0,1,0,5,5,11,0
12,18,4,0,1,0,3,3,0,2,1,1,1,0,2,1,0,6,3,9,1
8,18,4,1,1,0,3,3,0,0,1,1,1,2,0,1,5,0,0,0,1
15,15,0,1,1,0,3,0,0,1,1,1,1,0,2,0,5,0,0,4,1
9,21,4,0,1,0,3,0,0,2,1,1,1,5,0,2,0,6,0,13,0
11,19,0,1,1,3,3,0,1,1,1,1,1,0,2,1,0,6,6,12,1
1,17,4,1,1,0,3,0,0,2,1,1,1,1,0,1,0,2,4,2,1
8,18,0,0,1,0,2,0,0,2,1,1,1,0,0,6,0,6,4,5,1
11,15,0,0,1,0,3,0,0,1,1,1,1,0,2,1,0,8,6,12,0
8,20,4,1,1,0,3,1,0,0,1,1,1,0,0,3,2,0,0,0,0
3,15,4,0,1,0,3,1,0,2,1,1,1,0,0,1,0,2,4,4,1
3,19,4,0,1,0,3,0,0,2,1,1,1,7,0,1,0,6,6,9,1
14,18,0,1,1,3,3,0,1,1,1,1,1,7,2,1,0,6,8,9,1
0,18,4,0,1,3,3,0,1,2,1,1,1,5,0,3,0,1,2,4,1
9,18,4,0,1,0,3,0,0,0,1,1,1,0,0,2,0,6,4,9,0
13,15,4,0,1,0,3,0,0,15,1,1,1,7,2,0,5,0,0,0,1
13,12,4,0,1,2,3,0,0,0,1,1,1,1,2,9,2,0,0,1,1
1,15,4,0,1,4,3,0,1,2,1,1,1,5,0,0,5,0,0,0,1
0,18,4,0,1,0,3,0,0,11,1,1,1,0,0,1,5,6,0,2,1
3,19,4,0,1,0,3,0,0,2,1,1,1,5,0,1,0,6,2,6,1
5,12,4,0,1,0,3,0,0,2,1,1,1,0,0,1,2,0,0,4,1
5,18,4,0,1,3,3,0,1,2,1,1,1,0,0,1,0,6,2,9,1
6,15,4,1,1,0,3,0,0,0,1,1,1,0,0,6,0,5,0,2,1
11,20,4,0,1,0,3,1,0,12,1,1,1,0,2,1,0,7,11,11,1
1,15,4,1,0,3,3,3,0,2,0,1,1,0,0,1,0,2,5,5,1
3,18,4,0,1,0,3,0,0,2,1,1,1,7,0,0,5,0,0,0,1
4,15,4,0,1,0,3,0,0,2,1,1,1,7,0,0,5,0,0,0,1
11,15,4,1,1,0,3,1,0,12,1,1,1,0,2,4,0,6,4,10,1
8,23,4,1,1,0,3,0,0,5,1,1,1,5,0,2,0,6,11,6,1
3,15,4,0,1,0,3,1,0,2,1,1,1,8,0,1,0,6,4,8,1
9,15,4,0,1,0,3,0,0,2,1,1,1,1,0,1,0,6,2,6,0
12,16,0,1,1,0,3,0,0,1,1,1,1,8,2,1,0,7,10,13,1
4,18,4,0,1,0,3,0,0,2,1,1,1,5,0,1,2,0,0,0,0
7,20,4,1,1,0,3,0,0,5,1,1,1,7,0,2,0,6,6,10,1
12,21,4,0,1,0,3,2,0,2,1,1,1,0,2,1,0,6,1,10,1
3,18,4,0,1,0,3,0,0,0,1,1,1,5,0,1,0,6,10,11,0
13,15,4,1,0,0,3,0,0,0,1,1,0,0,2,1,0,4,3,6,1
3,18,4,1,1,0,3,0,0,0,1,1,1,7,0,1,0,9,6,5,1
10,18,4,1,1,0,3,0,0,0,1,1,1,0,0,1,0,6,3,12,1
11,18,0,0,1,0,3,0,0,1,1,1,1,7,2,1,0,5,3,8,1
2,12,4,0,1,0,3,0,0,15,1,1,1,7,0,0,5,0,0,1,1
2,15,4,1,1,0,3,0,0,11,1,1,1,0,0,1,0,6,10,5,0
7,15,4,1,1,0,3,0,0,4,1,1,1,0,0,3,2,0,0,0,1
4,12,4,0,1,0,3,0,0,0,1,1,1,7,0,0,5,0,0,0,1
12,19,0,0,1,3,3,0,1,0,1,1,1,5,2,1,0,6,4,6,1
1,18,4,1,1,0,3,0,0,12,1,1,1,0,0,1,2,2,0,5,1
13,19,0,0,1,0,3,1,0,0,1,1,1,0,2,6,0,3,5,11,1
14,12,4,0,0,0,3,0,0,0,1,1,0,7,2,1,2,0,0,4,1
2,15,4,0,1,0,3,0,0,2,1,1,1,5,0,1,0,5,3,6,1
11,17,4,0,1,0,3,0,0,2,1,1,1,1,2,1,0,6,2,10,1
4,21,4,0,1,0,3,1,0,2,1,1,1,0,0,1,0,6,8,8,1
11,20,0,1,1,4,3,0,1,1,1,1,1,5,2,1,0,1,6,2,0
1,15,4,0,1,0,0,0,0,16,1,1,1,0,0,5,3,1,2,9,1
9,15,4,0,1,0,3,3,0,5,1,1,1,0,0,6,0,6,6,12,1
3,18,4,0,1,0,3,3,0,2,1,1,1,7,0,1,0,3,1,6,1
15,20,0,1,1,0,3,0,0,1,1,1,1,7,2,1,0,1,3,2,1
10,18,4,0,1,0,3,0,0,0,1,1,1,0,0,1,0,6,3,2,1
15,15,0,0,1,0,0,0,0,16,1,1,1,0,2,5,3,9,2,7,1
8,1,4,1,1,3,3,0,1,0,1,1,1,5,0,3,0,6,3,12,1
0,14,4,0,1,0,3,2,0,7,1,1,1,8,0,1,5,2,0,1,1
11,20,0,1,1,0,3,0,0,2,1,1,1,5,2,3,0,6,0,6,1
15,20,0,1,1,0,3,0,0,1,1,1,1,0,2,0,5,0,0,0,1
7,18,4,1,1,0,3,1,0,5,1,1,1,0,0,1,0,6,10,8,1
9,21,4,1,1,0,3,0,0,2,1,1,1,0,0,1,0,6,10,14,1
8,15,4,1,1,0,3,0,0,2,1,1,1,5,0,1,0,2,2,5,1
11,11,4,0,1,4,3,0,1,2,1,1,1,0,2,1,0,6,10,10,1
2,21,0,0,1,0,1,1,0,1,1,1,1,0,2,5,0,6,9,7,0
13,15,4,0,1,0,3,0,0,11,1,1,1,0,2,1,0,6,3,10,1
12,20,4,1,1,0,3,1,0,2,1,1,1,8,0,1,0,4,8,4,1
10,20,0,1,1,0,3,0,0,1,1,1,1,0,0,1,2,0,0,0,0
8,21,4,0,1,0,3,3,0,5,1,1,1,7,0,2,0,6,4,11,1
15,18,4,0,0,0,3,1,0,0,1,1,0,0,2,1,5,2,0,4,1
9,19,4,1,1,3,3,0,1,2,1,1,1,5,0,3,0,3,6,4,1
13,15,0,1,0,0,3,3,0,8,1,1,0,0,2,0,5,0,0,5,1
7,15,4,1,1,0,3,0,0,12,1,1,1,0,0,1,0,6,4,2,1
8,18,4,0,1,0,3,0,0,0,1,1,1,8,0,1,0,6,6,8,0
6,21,4,1,1,0,3,3,0,11,1,1,1,5,0,1,0,6,6,12,0
0,17,4,0,0,0,3,0,0,5,1,1,0,0,0,1,2,1,0,4,1
10,16,0,0,1,4,3,0,1,1,1,1,1,7,0,1,0,6,4,8,0
11,8,0,1,1,4,3,3,1,13,1,0,1,8,2,6,0,5,4,11,1
14,0,0,0,1,4,3,0,1,1,1,1,1,0,2,6,0,6,1,6,1
15,20,0,0,1,3,3,0,1,0,1,1,1,5,2,1,0,9,8,13,1
0,18,4,0,1,0,3,1,0,16,1,1,1,5,0,1,5,4,0,3,0
9,21,0,1,1,4,3,0,1,0,1,1,1,5,0,1,0,1,3,11,0
8,15,4,0,1,4,3,0,1,4,1,1,1,7,0,0,5,0,0,1,1
12,19,0,1,1,0,3,1,0,1,1,1,1,0,2,7,0,7,0,9,1
15,18,4,0,1,0,3,0,0,15,1,1,1,0,2,1,2,3,0,9,1
14,15,4,0,0,0,3,0,0,14,1,1,0,0,2,1,0,6,1,9,1
13,20,0,0,1,3,3,0,1,0,1,1,1,0,2,1,0,8,8,14,1
10,20,4,0,1,3,3,0,1,0,1,1,1,0,0,3,0,6,7,12,1
13,20,0,0,1,3,3,3,1,1,1,1,1,0,2,3,0,6,2,12,1
11,17,4,1,1,0,3,0,0,2,1,1,1,0,2,1,0,6,3,5,1
14,19,0,1,1,0,3,0,0,0,1,1,1,0,2,1,0,6,3,9,1
10,17,4,0,1,0,3,0,0,2,1,1,1,0,0,1,0,6,3,11,1
12,15,4,0,1,0,3,0,0,0,1,1,1,5,2,1,0,6,5,8,1
8,20,4,0,1,0,3,0,0,0,1,1,1,0,0,6,0,6,9,14,1
2,18,4,0,1,0,3,0,0,2,1,1,1,0,0,1,5,2,0,2,0
5,18,4,1,1,0,3,0,0,2,1,1,1,0,0,1,0,4,2,4,1
1,18,4,1,1,0,3,1,0,16,1,1,1,0,0,1,5,2,0,2,0
0,18,4,0,1,0,3,3,0,11,1,1,1,0,0,0,5,0,0,0,0
9,20,4,0,1,0,3,0,0,2,1,1,1,7,0,1,0,7,2,14,1
10,19,4,0,1,0,3,3,0,2,1,1,1,0,0,1,0,5,5,8,1
12,20,4,0,1,3,3,3,1,2,1,1,1,8,2,1,0,8,3,8,1
12,20,4,0,1,0,3,1,0,0,1,1,1,0,2,2,0,7,6,12,1
0,15,4,1,1,0,2,0,0,10,1,1,1,0,0,1,0,6,8,5,1
10,21,0,0,1,0,3,0,0,0,1,1,1,0,0,1,0,8,6,14,1
10,5,4,0,1,0,3,1,0,4,1,1,1,0,0,3,0,6,8,14,1
13,18,4,1,1,0,3,0,0,0,1,1,1,0,2,1,0,9,6,12,1
12,20,0,0,1,0,3,1,0,1,1,1,1,0,2,7,1,9,0,13,1
0,15,4,0,1,0,3,3,0,2,1,1,1,5,0,1,5,0,0,0,1
1,15,4,1,1,3,3,0,1,2,1,1,1,7,0,1,0,6,5,7,1
13,20,0,1,1,0,3,0,0,1,1,1,1,1,2,5,0,6,9,11,0
7,19,4,0,1,3,3,0,1,2,1,1,1,7,0,1,0,6,6,9,1
8,20,4,0,1,0,3,3,0,2,1,1,1,5,0,1,0,7,11,12,0
6,17,4,1,1,0,3,0,0,0,1,1,1,1,0,1,0,6,4,11,1
10,18,4,0,1,3,3,3,1,9,1,1,1,0,0,1,5,6,0,4,1
15,18,4,0,0,0,3,1,0,2,0,1,1,2,0,4,0,5,5,5,1
5,15,0,1,1,0,3,2,0,1,1,1,1,0,0,1,5,0,0,0,1
14,19,2,1,1,3,3,1,1,0,1,1,1,0,2,6,0,2,9,7,1
0,15,4,1,1,0,3,0,0,16,1,1,1,5,0,0,5,0,0,0,0
6,20,4,0,1,0,3,1,0,10,1,1,1,5,0,1,0,6,8,13,0
5,18,3,0,1,0,3,0,0,0,1,1,1,7,0,1,0,7,10,4,1
5,17,4,1,1,0,3,3,0,2,1,1,1,8,0,6,0,4,4,3,1
6,15,4,0,1,0,3,0,0,2,1,1,1,1,0,1,5,0,0,2,1
9,20,4,0,1,0,3,0,0,0,1,1,1,7,0,1,0,6,4,10,1
8,15,4,0,1,0,3,0,0,0,1,1,1,7,0,1,0,6,6,6,1
0,17,4,1,1,0,3,1,0,16,1,1,1,0,0,2,0,5,2,7,1
11,18,4,1,1,0,1,1,0,0,1,1,1,0,2,1,0,8,8,11,1
9,15,4,0,1,0,3,0,0,0,1,1,1,1,0,0,5,0,0,0,0
8,17,0,0,1,0,3,0,0,1,1,1,1,0,0,1,0,6,8,10,0
3,20,4,0,1,0,3,0,0,14,1,1,1,0,0,7,0,2,8,5,1
3,10,4,0,0,4,3,0,1,9,1,1,0,0,0,1,0,1,3,1,1
6,18,0,0,1,0,3,0,0,0,1,1,1,0,0,1,0,6,4,9,1
10,20,4,1,1,0,3,1,0,2,1,1,1,7,0,1,2,0,0,0,1
5,19,4,1,1,0,3,1,0,2,1,1,1,1,0,1,0,3,8,3,1
6,15,4,0,1,0,3,1,0,2,1,1,1,8,0,1,0,5,8,7,1
15,20,0,0,1,0,3,1,0,0,1,1,1,0,2,1,0,6,6,14,1
14,18,4,0,1,0,3,0,0,2,1,1,1,7,2,0,5,0,0,5,1
1,17,4,0,1,0,3,0,0,2,1,1,1,0,0,1,0,1,3,4,1
7,16,0,0,1,0,3,0,0,0,1,1,1,0,0,1,0,6,11,4,1
4,21,4,1,1,4,3,0,1,0,1,1,1,5,0,1,0,6,1,9,0
2,15,4,0,1,4,3,0,1,15,1,1,1,0,0,0,5,0,0,0,1
11,16,0,0,1,4,3,0,1,0,1,1,1,7,2,1,0,6,1,11,1
8,20,4,0,1,0,3,3,0,0,1,1,1,0,0,1,1,9,0,7,0
3,18,4,1,1,3,3,0,1,0,1,1,1,5,0,1,0,2,2,4,1
14,20,0,0,1,0,3,1,0,0,1,1,1,0,2,3,0,8,0,14,1
1,15,4,0,1,0,3,0,0,2,1,1,1,0,0,1,2,6,0,3,1
14,15,2,1,0,0,3,0,0,2,1,1,1,0,2,1,5,0,0,0,1
15,17,0,0,1,0,3,0,0,1,1,1,1,0,2,1,0,6,2,11,1
6,20,4,0,1,0,3,0,0,2,1,1,1,0,0,2,0,6,4,11,1
15,20,0,1,1,4,3,0,1,0,1,1,1,5,2,1,0,8,8,10,1
5,18,4,1,0,0,3,1,0,0,1,1,0,0,0,5,2,2,0,3,0
0,15,4,0,1,0,3,0,0,2,1,1,1,7,0,1,2,0,0,0,1
7,20,4,1,1,0,3,3,0,0,1,1,1,0,0,6,0,7,0,11,0
7,15,4,1,1,0,3,0,0,2,1,1,1,1,0,1,0,6,4,6,1
13,20,0,1,1,3,3,0,1,1,1,1,1,5,2,0,5,0,0,0,1
2,15,0,0,1,0,3,3,0,8,1,1,1,0,0,0,5,0,0,0,1
14,18,0,1,1,0,3,3,0,1,1,1,1,7,2,1,0,6,6,12,1
7,20,0,1,1,0,3,1,0,1,1,1,1,5,0,4,0,5,8,12,1
5,18,4,0,1,0,3,0,0,2,1,1,1,0,0,0,5,0,0,0,1
15,20,0,0,1,0,3,1,0,0,1,1,1,5,2,1,0,6,10,14,0
9,20,4,1,1,0,3,0,0,11,1,1,1,0,0,6,0,2,3,5,1
3,18,4,1,1,0,3,0,0,2,1,1,1,0,0,0,5,0,0,0,1
7,18,4,0,1,0,3,3,0,2,1,1,1,0,0,1,0,6,6,5,1
10,14,0,1,1,4,3,0,1,0,1,1,1,7,0,1,0,5,2,7,0
1,18,4,0,1,0,0,0,0,16,1,1,1,2,0,5,3,6,5,9,1
8,17,4,1,1,0,3,0,0,2,1,1,1,0,0,1,0,6,2,9,1
4,15,4,0,1,0,3,3,0,2,1,1,1,0,0,1,0,6,7,8,1
11,15,4,1,1,0,3,0,0,0,1,1,1,0,2,1,0,2,2,4,1
0,16,4,0,1,4,3,0,1,16,1,1,1,5,0,1,5,1,0,1,0
3,20,4,1,0,0,3,1,0,0,1,1,0,8,0,1,1,3,0,6,0
13,20,0,1,1,0,3,1,0,0,1,1,1,0,2,1,0,6,3,8,1
6,20,4,1,1,0,3,0,0,2,1,1,1,1,0,1,0,5,0,2,1
15,20,0,1,1,4,3,0,1,1,1,1,1,5,2,0,5,0,0,0,1
6,15,4,0,1,0,3,1,0,2,1,1,1,0,0,1,0,6,11,6,0
6,18,4,0,1,0,3,0,0,2,1,1,1,0,0,1,0,3,3,7,1
2,15,4,1,1,0,3,3,0,11,1,1,1,7,0,0,5,0,0,0,1
8,15,4,1,1,0,3,0,0,2,1,1,1,7,0,1,2,2,0,2,0
0,18,4,1,1,0,3,3,0,2,1,1,1,8,0,1,5,0,0,0,1
0,15,4,0,1,0,3,0,0,16,1,1,1,7,0,0,5,0,0,0,0
10,21,0,1,1,0,3,3,0,1,1,1,1,0,0,1,0,6,6,8,1
0,18,4,1,1,0,3,0,0,2,1,1,1,8,0,3,0,1,8,6,1
11,18,0,1,1,3,3,0,1,0,1,1,1,0,2,1,0,4,11,6,1
9,20,0,1,1,0,3,1,0,11,1,1,1,0,0,1,0,6,7,12,1
11,20,0,1,1,3,3,0,1,0,1,1,1,0,2,3,0,6,8,13,1
1,15,4,0,1,0,3,1,0,2,1,1,1,0,0,0,5,0,0,0,1
5,19,0,0,1,4,3,0,1,8,1,1,1,5,0,1,5,0,0,0,0
8,17,4,1,1,3,3,0,1,2,1,1,1,0,0,3,0,6,6,8,1
10,18,0,0,1,0,3,2,0,8,1,1,1,7,0,0,5,0,0,0,1
0,15,4,1,1,0,3,3,0,2,1,1,1,8,0,1,1,1,0,2,0
13,15,4,1,1,0,3,0,0,2,1,1,1,0,2,2,0,6,8,10,1
7,17,4,0,1,0,3,3,0,0,1,1,1,0,0,1,0,6,4,8,1
3,22,4,0,0,4,3,0,1,0,1,0,1,7,0,1,0,8,2,14,1
7,19,4,0,1,0,3,0,0,0,1,1,1,5,0,3,0,6,8,13,1
5,12,4,0,1,0,3,3,0,15,1,1,1,8,0,1,5,0,0,0,1
15,20,4,1,1,3,3,3,1,0,1,1,1,5,2,2,0,8,11,12,1
6,15,0,0,1,0,3,0,0,2,1,1,1,0,0,1,5,1,0,1,1
0,18,4,0,1,0,3,1,0,4,1,1,1,0,0,1,0,2,3,2,1
11,18,4,0,1,0,3,3,0,11,1,1,1,0,2,3,0,6,8,13,0
0,18,4,0,1,0,3,1,0,2,1,1,1,0,0,2,0,2,0,6,1
4,15,4,0,1,0,3,0,0,5,1,1,1,0,0,1,0,6,4,8,1
14,19,0,1,1,0,3,3,0,1,1,1,1,4,2,3,0,8,8,11,1
10,20,0,1,1,0,3,0,0,2,1,1,1,0,0,0,5,0,0,0,1
14,18,4,0,1,4,3,1,1,14,1,1,1,5,2,1,0,6,4,10,0
11,23,0,0,1,4,3,0,1,0,1,1,1,5,2,1,0,8,11,14,1
4,18,4,0,1,0,3,0,0,0,1,1,1,7,0,1,0,2,2,4,1
15,20,0,0,1,4,3,0,1,0,1,1,1,0,2,3,0,9,4,14,1
0,17,4,1,0,0,3,3,0,9,1,0,1,0,0,4,2,6,0,2,0
8,20,4,1,1,0,3,1,0,0,1,1,1,0,0,6,0,6,6,10,1
11,16,4,0,1,0,3,3,0,11,1,1,1,0,2,1,0,9,0,8,0
2,15,4,0,1,0,3,0,0,3,1,1,1,0,0,6,0,2,7,5,1
8,15,4,1,1,0,3,1,0,4,1,1,1,0,0,5,2,0,0,3,1
0,15,4,0,1,4,3,0,1,5,1,1,1,5,0,0,5,0,0,0,1
8,15,4,0,1,3,3,0,1,2,1,1,1,5,0,0,5,0,0,0,1
14,14,0,0,1,4,3,0,1,0,1,1,1,5,2,1,0,6,10,11,1
4,18,4,0,1,0,3,0,0,2,1,1,1,0,0,3,0,6,2,2,1
15,21,0,0,1,0,3,1,0,1,1,1,1,0,2,1,0,8,10,14,1
14,20,0,0,1,0,3,0,0,0,1,1,1,5,2,1,0,6,5,14,1
8,11,3,1,0,4,3,0,1,1,1,1,0,7,1,1,0,9,4,2,1
7,18,4,1,1,4,3,3,1,5,1,1,1,0,0,1,0,6,2,6,1
7,20,0,0,1,4,3,0,1,0,1,1,1,6,0,2,0,6,10,14,0
4,18,4,1,1,0,3,0,0,2,1,1,1,7,0,0,5,0,0,0,1
0,18,4,0,1,0,3,0,0,16,1,1,1,7,0,1,0,6,1,6,1
3,15,4,1,1,0,3,0,0,2,1,1,1,0,0,1,0,4,3,2,1
0,19,4,0,1,0,3,0,0,2,1,1,1,0,0,2,0,6,10,2,1
5,17,0,1,1,4,3,0,1,1,1,1,1,7,0,1,5,0,0,0,1
14,21,4,0,1,0,3,0,0,2,1,1,1,0,2,3,2,0,0,4,1
14,20,0,1,1,0,3,1,0,0,1,1,1,0,2,1,0,6,3,13,1
12,20,4,0,1,0,3,0,0,11,1,1,1,5,2,1,0,6,10,13,1
0,17,4,0,1,0,3,1,0,15,1,1,1,0,0,1,5,3,0,1,0
1,18,4,0,1,0,3,0,0,9,1,1,1,0,0,1,0,6,3,9,1
10,18,4,0,1,0,3,1,0,14,1,1,1,0,0,7,0,6,8,9,1
5,15,4,0,1,2,3,0,0,0,1,1,1,0,0,1,0,5,3,6,1
14,21,0,1,1,4,3,0,1,0,1,1,1,5,2,1,0,6,0,13,0
12,21,0,1,1,4,3,0,1,1,1,1,1,0,2,1,0,9,4,11,1
10,20,4,1,1,0,3,0,0,10,1,1,1,0,0,7,5,5,0,3,0
0,18,4,0,1,0,3,0,0,2,1,1,1,5,0,1,0,1,3,2,1
9,20,0,1,1,0,3,0,0,1,1,1,1,0,0,6,0,4,7,13,1
15,15,2,0,1,0,3,0,0,2,1,1,1,0,2,3,0,6,10,6,1
14,19,0,0,1,0,3,0,0,0,1,1,1,0,2,1,0,6,4,10,1
15,13,4,0,1,0,3,0,0,15,1,1,1,0,2,0,5,0,0,0,1
8,13,0,1,1,0,3,1,0,0,1,1,1,0,0,1,5,4,0,2,0
4,20,4,1,1,0,3,3,0,4,1,1,1,0,0,1,0,4,4,5,0
7,15,4,1,1,3,3,1,1,0,1,1,1,0,0,1,2,0,0,0,0
9,20,0,0,1,0,0,0,0,0,1,1,1,0,0,5,3,9,2,12,1
9,10,4,0,0,2,3,1,0,2,0,1,0,0,0,5,0,0,5,13,0
11,20,4,1,1,0,3,0,0,0,1,1,1,5,0,1,0,5,5,4,1
6,20,4,0,1,0,3,0,0,2,1,1,1,0,0,7,0,6,5,13,1
15,18,0,1,1,0,3,0,0,0,1,1,1,0,2,1,0,4,1,9,1
9,15,0,1,1,0,3,0,0,1,1,1,1,7,0,5,0,6,4,10,0
6,20,4,0,1,0,3,0,0,0,1,1,1,0,0,1,0,8,2,14,1
15,21,0,0,1,0,1,1,0,0,1,1,1,8,2,1,0,9,10,14,1
15,20,4,0,1,0,3,0,0,0,1,1,1,0,2,1,0,8,2,14,1
3,18,4,1,1,0,3,1,0,11,1,1,1,0,0,1,0,4,4,5,0
0,17,4,0,1,0,3,1,0,7,1,1,1,8,0,0,5,0,0,0,1
3,15,0,1,1,0,3,0,0,1,1,1,1,0,0,9,2,0,0,0,1
5,17,4,1,1,0,3,1,0,12,1,1,1,0,2,3,0,6,11,6,1
11,14,4,1,1,4,3,0,1,12,1,1,1,0,2,1,0,6,5,7,1
13,20,0,0,1,0,3,1,0,1,1,1,1,0,2,1,0,8,8,12,1
8,21,4,0,1,0,3,3,0,16,1,1,1,5,0,2,0,9,11,3,0
12,20,4,0,1,0,3,3,0,9,1,1,1,0,2,6,0,6,6,8,1
11,17,4,0,1,0,3,3,0,2,1,1,1,0,2,1,0,6,6,11,1
6,18,4,1,1,4,3,0,1,5,1,1,1,7,0,6,0,1,9,2,1
3,15,4,0,1,0,3,0,0,4,1,1,1,7,0,1,0,5,6,4,1
11,18,4,1,1,0,3,0,0,7,1,1,1,0,2,1,0,2,3,4,1
11,18,4,0,1,0,3,0,0,0,1,1,1,1,2,1,2,6,0,5,1
11,20,0,0,1,0,3,0,0,2,1,1,1,5,2,3,0,7,10,13,1
7,18,4,0,1,0,3,0,0,2,1,1,1,0,0,1,0,6,6,2,1
4,20,4,1,1,0,3,1,0,2,1,1,1,7,0,1,5,0,0,4,1
2,18,4,1,1,0,3,0,0,0,1,1,1,7,0,4,0,1,1,1,1
5,15,4,0,1,0,3,3,0,2,1,1,1,0,0,1,0,3,10,7,1
6,20,4,1,1,4,3,0,1,0,1,1,1,5,0,1,0,3,3,14,1
15,20,0,1,1,0,3,0,0,0,1,1,1,0,2,2,0,6,6,13,1
12,18,2,1,1,0,3,1,0,1,1,1,1,0,2,1,0,6,4,8,1
4,15,4,0,1,0,3,0,0,2,1,1,1,5,0,0,5,0,0,1,1
1,18,4,1,1,4,3,0,1,16,1,1,1,5,0,0,5,0,0,0,1
10,20,4,0,1,0,3,0,0,0,1,1,1,5,0,3,0,9,2,14,1
8,18,4,0,1,0,3,2,0,0,1,1,1,0,0,1,0,6,9,7,0
14,20,4,0,1,0,3,1,0,12,1,1,1,0,2,2,0,7,11,10,1
11,15,4,1,1,0,3,1,0,2,1,1,1,7,2,1,0,3,1,4,1
12,13,0,0,1,0,3,0,0,8,1,1,1,0,2,1,5,0,0,0,1
1,15,4,0,1,4,3,3,1,9,1,1,1,5,0,0,5,0,0,0,0
12,3,4,0,1,3,3,3,1,12,1,1,1,7,2,6,0,5,5,7,1
10,20,0,1,1,0,3,1,0,0,1,1,1,0,0,1,0,9,2,14,1
5,20,4,1,1,0,3,0,0,2,1,1,1,0,0,1,0,6,10,9,1
9,11,4,1,1,0,3,0,0,4,1,1,1,0,0,1,2,0,0,0,1
7,15,4,0,1,4,3,0,1,0,1,1,1,0,0,1,0,5,0,9,1
9,20,4,1,1,0,3,2,0,2,1,1,1,6,0,3,0,2,8,4,1
14,8,0,0,1,4,3,0,1,2,1,1,1,0,2,1,5,0,0,0,1
8,18,3,1,1,0,3,3,0,0,1,1,1,0,0,4,0,6,8,6,1
6,15,4,1,1,0,3,0,0,9,1,1,1,0,0,1,0,6,10,8,1
7,15,0,1,1,0,3,0,0,0,1,1,1,0,0,1,0,6,1,6,0
7,13,4,0,1,0,3,3,0,11,1,1,1,7,0,1,2,6,0,5,1
2,18,4,1,1,3,3,0,1,2,1,1,1,5,0,0,5,0,0,0,1
4,15,4,0,1,0,3,0,0,9,1,1,1,0,0,3,2,6,0,8,1
8,20,4,0,1,0,3,0,0,0,1,1,1,1,0,1,0,6,8,9,1
0,15,4,0,1,0,3,0,0,2,1,1,1,7,0,0,5,0,0,0,1
0,19,4,1,1,0,3,0,0,2,1,1,1,0,0,1,0,1,0,2,1
9,15,4,1,1,0,3,0,0,11,1,1,1,7,0,1,0,6,4,10,1
0,15,4,1,1,0,3,0,0,16,1,1,1,0,0,0,5,0,0,0,0
4,17,4,1,1,0,3,0,0,2,1,1,1,0,0,1,0,6,2,8,1
14,0,2,1,1,0,3,3,0,2,1,1,1,1,2,0,5,0,0,2,1
10,20,4,1,1,0,3,0,0,14,1,1,1,0,0,1,0,6,3,10,1
8,20,4,0,1,4,3,0,1,0,1,1,1,5,0,1,0,6,11,14,1
15,20,0,0,1,0,3,1,0,1,1,1,1,0,2,1,0,8,11,14,0
13,17,0,0,1,0,3,3,0,0,1,1,1,0,2,1,0,6,6,13,1
8,15,4,0,1,0,3,0,0,2,1,1,1,7,0,0,5,0,0,0,1
8,20,0,1,1,4,3,0,1,0,1,1,1,0,0,1,0,6,5,11,0
11,18,0,1,1,0,3,3,0,0,1,1,1,1,2,3,0,8,11,11,1
11,18,4,0,1,0,3,1,0,12,1,1,1,8,2,1,0,6,5,10,1
7,17,4,1,1,0,3,0,0,2,1,1,1,5,0,1,0,6,6,4,1
14,20,0,0,1,0,3,0,0,0,1,1,1,0,2,6,0,7,2,13,1
3,18,4,0,1,0,3,1,0,2,1,1,1,8,0,1,5,0,0,1,1
10,20,4,1,1,0,3,0,0,10,1,1,1,0,0,1,0,6,8,10,1
11,20,4,0,1,0,3,0,0,0,1,1,1,0,2,1,0,6,2,13,1
1,18,4,1,1,0,3,0,0,16,1,1,1,7,0,1,0,6,4,7,1
9,15,4,0,1,0,3,1,0,2,1,1,1,0,0,3,0,6,6,11,1
6,18,4,0,1,4,3,0,1,14,1,1,1,7,0,1,0,6,3,10,1
14,20,4,0,1,0,3,0,0,2,1,1,1,0,2,1,0,5,8,12,1
11,20,4,0,1,3,3,3,1,0,1,1,1,7,2,1,0,6,6,4,1
5,19,4,0,1,0,3,0,0,2,1,1,1,7,0,1,0,6,7,9,1
3,17,4,0,1,4,3,0,1,0,1,1,1,5,0,1,0,2,3,2,0
13,19,0,0,1,3,3,0,1,0,1,1,1,0,2,2,0,9,6,14,1
8,21,0,1,1,0,3,0,0,1,1,1,1,0,0,3,0,6,2,9,0
4,18,4,1,1,0,3,0,0,10,1,1,1,0,0,7,0,9,8,10,0
13,21,4,1,1,3,3,0,1,5,1,1,1,7,2,1,0,6,4,6,1
7,18,4,1,1,0,3,1,0,5,1,1,1,8,0,1,0,1,6,4,1
8,21,4,1,1,0,3,3,0,5,1,1,1,0,0,1,0,6,3,13,0
15,9,0,0,1,0,3,1,0,12,1,1,1,7,2,2,0,8,1,6,1
0,17,4,0,1,0,3,1,0,16,1,1,1,8,0,1,0,6,3,7,0
6,18,4,0,0,0,3,0,0,2,1,1,0,1,0,1,0,3,6,3,1
8,20,0,1,1,3,3,0,1,0,1,1,1,5,0,2,0,7,1,13,0
7,15,0,1,1,0,3,0,0,1,1,1,1,7,0,1,0,6,2,12,1
14,22,0,1,1,0,3,1,0,1,1,1,1,5,2,1,0,4,2,10,1
0,18,4,1,1,0,3,0,0,16,1,1,1,1,0,0,5,0,0,0,0
7,19,4,0,1,0,3,0,0,2,1,1,1,0,0,1,0,6,6,6,1
2,18,4,1,1,0,3,1,0,16,1,1,1,0,0,6,5,1,0,2,0
13,15,0,1,1,0,3,0,0,0,1,1,1,0,2,1,0,6,2,10,0
7,19,4,1,1,4,3,0,1,0,1,1,1,0,0,1,0,1,6,2,1
7,21,4,0,1,0,3,0,0,0,1,1,1,0,0,1,0,6,10,14,0
15,9,0,0,0,4,3,1,1,2,1,1,0,7,2,2,0,4,1,4,0
13,18,4,0,1,4,3,3,1,5,1,1,1,0,2,1,0,8,3,13,1
6,20,0,1,1,0,3,0,0,0,1,1,1,7,0,1,0,7,6,13,1
7,20,4,1,1,0,3,0,0,0,1,1,1,0,0,2,0,4,1,13,1
3,15,4,0,1,0,3,3,0,2,1,1,1,0,0,1,0,3,10,1,0
10,20,4,1,1,0,3,0,0,0,1,1,1,5,0,1,0,4,4,3,1
14,19,0,0,1,0,1,1,0,1,1,1,1,8,2,5,5,0,0,0,0
9,15,4,0,1,0,3,3,0,11,1,1,1,0,0,1,0,7,2,6,1
9,15,4,0,1,0,3,1,0,0,1,1,1,0,0,1,0,8,2,12,1
5,18,4,1,1,0,3,0,0,2,1,1,1,5,0,2,5,0,0,0,1
15,22,0,1,1,0,3,3,0,1,1,1,1,0,2,2,0,7,8,10,1
11,19,4,1,1,0,3,0,0,2,1,1,1,1,2,3,0,6,6,10,1
14,16,3,1,1,0,3,0,0,1,1,1,1,4,2,1,0,5,8,4,0
1,15,4,0,1,0,3,0,0,16,1,1,1,7,0,1,0,2,1,5,1
13,20,0,1,1,3,3,0,1,0,1,1,1,5,2,1,0,6,6,14,1
4,17,4,0,1,0,3,0,0,2,1,1,1,0,0,6,2,0,0,0,0
14,15,0,0,1,0,3,3,0,1,1,1,1,0,2,7,1,8,0,12,0
12,15,4,1,1,0,3,0,0,0,1,1,1,1,0,1,2,4,0,4,0
9,18,4,0,0,0,3,1,0,0,1,0,0,0,0,1,0,6,7,7,1
3,18,4,1,1,4,3,0,1,0,1,1,1,0,0,1,0,1,3,2,1
15,15,0,0,1,0,3,0,0,0,1,1,1,7,2,1,0,6,6,13,1
14,22,0,1,0,0,3,1,0,0,1,1,1,0,2,1,0,6,9,14,1
10,8,4,1,0,4,3,3,1,2,1,0,1,0,0,1,0,6,4,7,1
15,18,0,0,1,0,3,0,0,0,1,1,1,0,2,1,0,6,4,10,1
14,15,4,0,1,3,3,0,1,2,1,1,1,0,2,6,1,4,0,6,1
14,19,4,1,1,0,3,3,0,2,1,1,1,0,2,1,5,0,0,0,1
0,18,4,0,1,0,3,0,0,2,1,1,1,0,0,1,0,6,0,6,1
8,19,0,0,1,4,3,0,1,0,1,1,1,5,0,1,0,6,6,10,0
6,20,4,1,1,0,3,0,0,2,1,1,1,0,0,1,0,2,6,5,1
10,21,0,0,1,4,3,0,1,1,1,1,1,0,0,1,0,6,6,8,1
5,20,4,0,1,0,3,3,0,11,1,1,1,0,0,1,0,4,4,10,1
6,18,4,1,1,0,3,1,0,2,1,1,1,0,0,1,0,1,1,7,1
8,15,4,1,1,4,3,0,1,0,1,1,1,5,0,1,0,6,3,8,1
0,17,4,0,1,0,3,0,0,2,1,1,1,0,0,0,5,0,0,0,1
6,20,0,0,0,0,3,0,0,0,1,1,1,7,0,1,0,5,6,8,1
3,6,0,1,1,1,3,0,1,7,1,0,1,8,0,9,2,5,11,5,1
3,13,0,0,1,4,3,0,1,8,1,1,1,7,0,1,0,6,1,7,1
11,6,0,0,1,2,0,3,1,0,1,1,0,1,1,5,1,8,4,12,0
3,18,0,1,1,0,3,3,0,1,1,1,1,0,0,1,5,0,0,0,0
11,11,4,0,0,0,3,1,0,4,0,1,0,0,2,0,5,0,0,0,1
5,15,4,0,1,3,3,0,1,0,1,1,1,0,0,1,0,6,4,9,0
6,20,0,1,1,4,3,0,1,1,1,1,1,5,0,1,0,6,2,10,1
10,15,4,1,1,0,3,0,0,12,1,1,1,7,0,5,3,6,0,6,1
9,17,0,1,1,0,3,1,0,1,1,1,1,0,0,1,5,0,0,0,0
1,18,4,0,1,4,3,0,1,2,1,1,1,5,0,0,5,0,0,5,1
2,18,4,0,1,0,3,3,0,9,1,1,1,0,0,1,0,6,3,2,1
0,17,4,1,1,0,3,0,0,16,1,1,1,5,0,0,5,0,0,0,0
6,18,0,0,1,3,3,0,1,8,1,1,1,7,0,1,0,6,3,8,1
13,21,4,1,1,0,3,0,0,0,1,1,1,0,2,1,0,8,2,13,1
1,18,4,1,1,0,3,0,0,16,1,1,1,0,0,2,5,2,0,4,0
5,23,4,1,1,2,3,3,0,2,1,1,1,0,0,1,0,4,5,1,1
1,15,4,1,1,0,3,3,0,16,1,1,1,0,0,0,5,0,0,0,1
3,15,0,0,1,0,3,0,0,1,1,1,1,0,0,1,0,6,4,12,1
13,20,4,0,1,3,3,0,1,2,1,1,1,5,2,3,0,6,5,10,1
1,17,4,1,1,0,3,0,0,2,1,1,1,0,0,1,0,3,4,4,1
12,21,0,1,1,0,3,0,0,0,1,1,1,5,2,1,0,6,3,12,1
11,11,4,1,1,0,3,0,0,2,1,1,1,0,2,1,0,6,3,10,1
2,18,4,0,1,0,3,0,0,11,1,1,1,1,0,1,0,3,6,3,1
9,20,4,0,1,0,3,1,0,2,1,1,1,0,0,1,0,6,3,8,1
12,20,0,1,1,2,3,0,0,2,1,1,1,7,2,1,1,4,0,6,1
1,18,4,0,1,0,3,1,0,16,1,1,1,0,0,0,5,0,0,0,1
9,20,4,1,1,0,3,1,0,0,1,1,1,0,0,1,0,6,7,13,1
14,19,4,0,1,0,3,0,0,2,1,1,1,0,2,1,0,4,10,7,1
7,18,4,0,1,0,3,0,0,2,1,1,1,0,0,1,0,3,2,5,1
1,18,0,1,1,0,3,0,0,16,1,1,1,0,0,2,5,1,0,3,0
12,22,4,1,1,0,3,0,0,0,1,1,1,8,0,6,0,4,8,8,1
15,17,0,0,1,4,3,0,1,1,1,1,1,0,2,1,0,9,6,13,1
3,19,4,0,1,0,3,3,0,2,1,1,1,0,0,1,0,4,3,5,1
11,19,4,0,1,0,3,0,0,16,1,1,1,1,2,3,0,4,5,6,1
4,18,4,1,1,0,3,1,0,0,1,1,1,0,0,1,5,0,0,4,1
13,20,4,0,1,3,3,3,1,0,1,1,1,0,2,6,0,6,6,8,1
6,20,4,0,1,0,3,1,0,2,1,1,1,5,0,1,0,6,4,14,1
4,16,4,0,1,0,3,0,0,10,1,1,1,4,0,1,0,9,8,4,1
5,20,4,1,1,0,3,1,0,10,1,1,1,5,0,1,0,6,11,13,1
11,20,4,0,1,4,3,0,1,11,1,1,1,5,2,1,0,6,3,14,1
5,18,4,0,1,0,3,0,0,4,1,1,1,0,0,1,0,4,8,4,1
2,15,4,1,1,0,3,0,0,12,1,1,1,0,0,0,5,0,0,0,1
10,18,0,0,1,0,3,0,0,0,1,1,1,0,0,6,0,6,8,11,0
5,20,4,0,1,0,3,0,0,11,1,1,1,5,0,1,0,6,10,11,0
0,18,4,0,1,0,3,1,0,2,1,1,1,8,0,0,5,0,0,0,1
3,15,4,0,1,0,3,0,0,2,1,1,1,0,0,1,2,1,0,2,1
9,18,0,1,1,0,3,3,0,1,1,1,1,0,0,1,0,6,3,10,1
3,22,4,1,1,0,3,1,0,11,1,1,1,0,0,1,0,7,6,4,1
5,15,4,1,1,4,3,0,1,0,1,1,1,0,0,0,5,0,0,0,0
8,15,4,0,0,0,3,0,0,2,1,1,0,0,0,1,0,3,6,3,1
13,19,0,0,1,0,3,0,0,1,1,1,1,0,2,1,5,0,0,0,1
15,19,0,0,1,0,3,1,0,0,1,1,1,0,2,1,0,6,8,6,1
0,15,4,0,1,0,3,3,0,2,1,1,1,0,0,1,0,6,8,6,1
10,20,0,1,1,0,3,0,0,1,1,1,1,8,0,1,1,6,0,6,1
0,18,4,1,1,0,3,1,0,2,1,1,1,0,0,1,0,4,2,6,1
14,20,4,0,1,0,3,0,0,2,1,1,1,5,2,1,0,6,11,10,1
7,20,4,1,1,0,3,0,0,14,1,1,1,0,0,1,0,8,6,12,1
7,18,0,0,1,0,3,0,0,0,1,1,1,0,0,1,0,6,3,9,1
4,16,4,0,0,0,3,3,0,2,1,1,0,5,0,0,5,0,0,0,1
3,15,4,0,1,0,3,0,0,14,1,1,1,7,0,1,2,2,0,2,1
6,20,4,0,1,3,3,3,1,2,1,1,1,5,0,1,0,4,6,5,0
6,17,4,1,1,0,3,1,0,2,1,1,1,8,0,1,0,6,1,9,1
9,20,4,1,1,0,3,1,0,11,1,1,1,0,0,4,5,1,0,3,0
12,21,0,0,1,4,3,0,1,0,1,1,1,5,2,1,0,6,6,14,0
10,15,0,1,1,2,3,0,0,0,1,1,1,0,0,1,5,0,0,1,0
5,20,4,0,1,4,3,0,1,2,1,1,1,0,0,1,0,6,6,6,1
6,19,4,0,1,0,3,1,0,2,1,1,1,0,0,1,0,6,10,9,1
13,17,2,1,1,0,3,0,0,2,1,1,1,0,2,1,5,0,0,0,0
2,12,4,0,1,4,3,0,1,0,1,1,1,7,0,1,0,6,2,12,0
5,5,3,0,1,3,3,0,1,4,1,1,1,0,0,4,0,6,10,4,1
7,18,4,0,1,0,3,0,0,2,1,1,1,0,0,2,0,4,3,7,1
5,15,4,0,1,0,3,0,0,2,1,1,1,0,0,0,5,0,0,0,1
15,20,0,1,1,0,3,0,0,1,1,1,1,5,2,6,0,6,0,4,0
13,17,4,0,1,3,3,0,1,15,1,1,1,0,2,1,0,6,10,9,1
8,20,4,1,1,0,3,1,0,12,1,1,1,0,0,2,0,6,11,13,0
7,20,4,1,1,0,3,3,0,2,1,1,1,1,0,3,0,2,8,6,1
7,15,4,0,1,2,3,3,0,2,1,1,1,0,0,1,0,6,10,12,1
10,18,4,0,1,0,3,0,0,2,1,1,1,0,0,1,0,3,3,8,1
1,15,4,1,1,4,3,0,1,2,1,1,1,0,0,1,0,2,6,3,1
12,13,4,1,1,0,3,0,0,2,1,1,1,0,2,1,0,4,4,9,1
14,20,0,1,1,4,3,0,1,1,1,1,1,5,2,1,0,5,0,14,0
8,20,4,1,1,0,3,0,0,0,1,1,1,5,0,1,0,6,7,13,1
7,20,0,1,1,0,3,0,0,1,1,1,1,0,0,1,0,8,8,10,0
10,15,0,1,1,0,3,0,0,0,1,1,1,0,0,1,0,6,6,9,1
9,18,4,0,1,0,3,0,0,2,1,1,1,0,0,1,0,6,4,7,1
9,21,0,0,1,4,3,0,1,1,1,1,1,8,0,1,0,7,11,9,0
14,20,0,1,1,0,3,1,0,1,1,1,1,0,2,1,0,6,8,11,0
2,0,4,0,1,4,3,3,1,10,1,1,1,5,0,0,5,0,0,0,1
12,17,4,1,1,0,3,0,0,2,1,1,1,0,2,1,0,8,2,10,1
15,15,0,0,1,4,3,0,1,9,1,1,1,0,2,1,0,6,3,7,1
15,18,4,0,1,0,3,0,0,0,1,1,1,1,2,0,5,0,0,0,1
2,18,0,0,1,0,3,0,0,8,1,1,1,7,0,0,5,0,0,0,1
5,12,4,0,1,0,3,0,0,0,1,1,1,5,0,0,5,0,0,0,1
13,17,0,1,1,4,3,0,1,1,1,1,1,0,2,1,0,6,3,6,1
11,15,4,0,0,0,3,0,0,2,1,1,0,1,2,1,0,6,3,8,1
3,15,4,0,1,4,3,0,1,2,1,1,1,7,0,1,0,6,1,8,1
12,20,2,1,1,1,3,0,0,11,1,1,1,2,2,1,0,4,10,0,1
11,15,0,0,1,0,3,0,0,8,1,1,1,0,2,3,0,6,0,10,1
11,20,4,0,1,0,3,0,0,2,1,1,1,5,2,3,0,6,8,10,1
13,15,4,1,1,0,3,1,0,2,1,1,1,0,2,1,0,1,4,5,1
6,18,0,0,1,0,1,1,0,0,1,1,1,8,0,5,5,0,0,0,0
2,15,4,0,1,0,3,0,0,5,1,1,1,0,0,1,0,9,3,6,1
9,18,0,0,1,4,3,0,1,0,1,1,1,0,0,1,0,6,6,12,1
0,18,4,0,1,4,3,0,1,2,1,1,1,5,0,1,0,4,0,1,1
14,21,4,1,1,4,3,0,1,5,1,1,1,5,2,6,0,6,0,9,0
0,18,4,0,1,0,3,0,0,5,1,1,1,0,0,1,0,3,5,4,1
4,19,4,0,1,3,3,0,1,2,1,1,1,0,0,1,0,6,2,7,1
1,18,4,0,1,3,3,0,1,2,1,1,1,5,0,1,0,6,4,5,1
7,18,4,1,1,0,3,0,0,2,1,1,1,0,0,1,0,5,5,10,1
1,18,4,0,1,0,3,1,0,2,1,1,1,7,0,1,0,1,1,3,1
4,19,4,1,1,0,3,0,0,2,1,1,1,7,0,1,0,7,10,9,1
5,18,4,0,1,0,3,0,0,2,1,1,1,0,0,1,0,2,4,3,1
11,18,4,0,1,0,3,1,0,0,1,1,1,8,2,1,2,3,0,6,1
2,18,4,1,1,2,3,1,0,2,1,1,1,0,0,1,0,2,3,2,1
4,20,4,1,1,2,3,0,0,2,1,1,1,0,0,1,0,4,3,8,0
5,20,4,0,1,0,3,1,0,11,1,1,1,8,0,1,0,6,6,13,1
14,22,0,1,1,4,3,0,1,0,1,1,1,0,2,3,0,9,8,12,1
15,18,0,0,1,0,3,1,0,0,1,1,1,8,2,1,0,9,6,5,1
13,12,4,1,1,2,3,0,0,12,1,1,1,1,2,9,2,0,0,13,0
12,13,4,1,1,2,3,3,1,3,1,1,1,1,2,6,0,2,4,6,1
6,21,0,1,1,4,3,0,1,1,1,1,1,5,0,1,0,1,8,5,1
9,14,4,0,0,0,3,2,0,5,1,1,0,0,0,1,2,2,0,6,1
5,18,4,0,1,0,3,0,0,2,1,1,1,0,0,2,0,6,3,11,1
6,17,4,0,1,4,3,0,1,2,1,1,1,0,0,1,0,6,2,7,0
15,20,0,1,1,3,3,1,1,1,1,1,1,0,2,1,0,7,2,11,1
14,18,4,0,1,0,3,1,0,2,1,1,1,0,2,1,0,6,6,9,1
2,17,4,0,1,4,3,0,0,11,1,1,1,0,0,3,0,9,2,11,1
9,18,0,1,1,0,3,0,0,1,1,1,1,7,0,0,5,0,0,12,1
1,18,4,1,1,0,3,1,0,2,1,1,1,8,0,1,0,1,6,6,1
8,21,4,1,1,0,3,1,0,2,1,1,1,0,0,1,0,9,3,9,1
9,14,0,1,1,0,3,3,0,0,1,1,1,0,0,9,2,0,0,0,1
7,20,4,1,1,0,3,3,0,14,1,1,1,0,0,1,0,2,3,4,0
13,18,4,1,1,0,3,0,0,0,1,1,1,0,2,7,1,9,0,10,1
14,19,4,1,1,0,3,1,0,0,1,1,1,0,2,1,0,6,8,14,1
15,19,0,1,1,4,3,0,1,1,1,1,1,5,2,0,5,0,0,0,1
10,14,4,1,1,0,3,0,0,2,1,1,1,7,0,1,0,5,1,5,1
0,15,4,0,1,4,3,0,1,2,1,1,1,5,0,0,5,0,0,0,1
10,20,4,1,1,0,3,0,0,11,1,1,1,0,0,1,0,6,8,10,1
7,19,4,1,1,0,3,1,0,16,1,1,1,0,0,2,5,0,0,0,0
13,20,0,0,1,0,3,0,0,1,1,1,1,0,2,7,0,5,8,13,1
9,20,4,1,1,0,3,1,0,2,1,1,1,0,0,1,5,1,0,2,1
4,19,4,1,1,0,3,0,0,11,1,1,1,0,0,0,5,0,0,0,0
10,20,4,1,1,0,3,0,0,2,1,1,1,0,0,1,5,4,0,3,1
4,15,4,0,1,0,3,0,0,2,1,1,1,0,0,1,0,6,5,9,1
3,15,4,0,1,0,0,1,0,16,1,1,1,0,0,5,3,9,1,8,0
12,15,0,0,1,0,3,1,0,1,1,1,1,8,2,1,5,0,0,0,1
8,20,4,1,1,0,3,1,0,0,1,1,1,0,0,5,0,9,4,13,0
6,19,4,0,1,0,3,3,0,2,1,1,1,0,0,1,0,4,5,7,1
8,15,0,1,1,4,3,1,1,1,1,1,1,0,0,1,5,0,0,0,0
11,18,4,0,1,0,3,0,0,2,1,1,1,5,2,1,0,7,11,12,1
8,19,4,0,1,0,3,0,0,2,1,1,1,1,0,0,5,0,0,0,1
10,15,0,1,1,0,3,1,0,0,1,1,1,8,0,6,2,0,0,0,1
5,15,4,0,1,0,3,0,0,12,1,1,1,0,0,1,2,6,0,5,1
10,16,0,1,1,0,3,0,0,0,1,1,1,7,0,1,0,6,6,10,0
7,16,4,0,1,0,3,0,0,2,1,1,1,0,0,9,2,0,0,0,1
9,23,4,0,0,0,3,0,0,2,0,1,1,5,0,1,0,6,8,13,1
3,15,4,0,1,0,3,0,0,14,1,1,1,0,0,1,0,6,3,5,0
3,15,4,0,1,0,3,0,0,2,1,1,1,0,0,1,0,3,2,2,1
14,15,0,1,1,4,3,0,1,8,1,1,1,7,2,0,5,0,0,0,1
0,18,4,1,0,0,3,0,0,2,1,1,0,0,0,0,5,0,0,0,1
14,15,4,1,0,0,1,3,0,0,1,0,1,0,2,1,0,6,11,7,1
4,18,4,1,1,0,3,0,0,2,1,1,1,0,0,1,0,6,4,9,1
13,21,0,0,1,2,3,0,0,0,1,1,1,1,2,1,0,9,6,14,1
14,20,4,0,1,0,3,1,0,16,1,1,1,0,2,3,0,8,6,11,0
4,18,4,1,1,0,3,1,0,2,1,1,1,8,0,1,5,0,0,0,1
12,16,0,1,1,4,3,0,1,1,1,1,1,7,2,1,0,6,10,10,1
11,20,0,1,0,0,3,0,0,1,1,1,1,5,2,0,5,0,0,0,1
15,16,4,0,1,0,3,0,0,0,1,1,1,0,2,1,0,6,2,10,0
12,20,4,0,1,3,3,0,1,2,1,1,1,5,2,1,0,7,11,13,1
11,20,0,1,1,4,3,0,1,1,1,1,1,0,2,6,0,4,0,6,0
0,17,4,1,1,4,3,0,1,0,1,1,1,7,0,0,5,0,0,0,0
9,21,0,0,1,0,0,0,0,0,1,1,1,0,0,5,3,6,9,14,1
9,18,0,1,1,4,3,0,1,0,1,1,1,0,0,1,0,4,6,5,1
11,21,0,1,1,4,3,0,1,1,1,1,1,5,2,0,5,0,0,0,1
11,20,4,0,1,0,3,3,0,12,1,1,1,0,2,1,0,6,3,13,1
2,18,4,1,1,0,3,0,0,2,1,1,1,0,0,1,0,2,8,2,0
11,17,4,0,1,0,3,3,0,5,1,1,1,0,2,2,0,3,6,5,1
9,5,4,0,1,0,3,0,0,4,1,1,1,0,0,4,0,6,10,4,1
5,20,4,1,1,0,3,0,0,0,1,1,1,5,0,2,0,8,11,11,1
11,23,0,0,1,4,3,0,1,0,1,1,1,0,2,1,0,8,6,14,1
2,15,4,0,1,4,3,0,1,5,1,1,1,5,0,1,0,6,10,11,1
9,20,4,1,1,0,3,0,0,12,1,1,1,7,0,3,5,0,0,0,1
8,18,4,0,1,0,3,0,0,16,1,1,1,5,0,1,0,5,2,5,1
14,20,0,0,1,4,3,0,1,0,1,1,1,0,2,6,0,9,3,14,1
13,15,4,1,1,0,3,0,0,2,1,1,1,7,2,1,0,2,4,5,1
0,18,4,0,1,0,3,3,0,16,1,1,1,0,0,1,0,3,2,5,1
7,15,4,0,1,0,3,0,0,4,1,1,1,0,0,1,0,6,8,12,1
0,18,4,1,1,0,3,1,0,2,1,1,1,0,0,1,0,1,3,3,1
3,20,0,1,1,0,3,0,0,1,1,1,1,0,0,0,5,0,0,0,1
4,18,4,1,1,0,3,1,0,2,1,1,1,0,0,1,0,3,4,3,1
8,20,4,0,1,0,3,0,0,2,1,1,1,0,0,1,0,6,2,13,1
7,17,0,1,1,0,3,0,0,1,1,1,1,0,0,2,0,6,2,8,1
13,20,0,1,1,3,3,0,1,1,1,1,1,5,2,1,5,0,0,0,1
8,20,4,0,1,0,3,0,0,11,1,1,1,1,0,3,0,5,3,4,1
2,17,2,1,1,0,3,1,0,0,1,1,1,0,0,1,0,6,4,7,1
6,20,4,1,0,0,3,3,0,11,1,1,0,0,0,0,5,0,0,0,0
3,17,4,0,1,0,3,0,0,2,1,1,1,0,0,1,0,6,3,10,1
5,22,4,1,1,0,3,1,0,7,1,1,1,0,0,0,5,0,0,0,1
4,20,4,0,1,0,3,1,0,11,1,1,1,5,0,1,0,4,4,6,1
1,17,4,0,1,0,3,1,0,2,1,1,1,0,0,3,0,2,2,4,1
12,15,4,0,1,0,3,0,0,2,1,1,1,1,2,1,0,6,8,10,1
2,18,4,1,1,4,3,0,1,0,1,1,1,0,0,1,0,6,4,6,0
9,14,4,1,1,0,3,3,0,12,1,1,1,0,0,1,0,6,7,12,0
10,20,4,0,1,0,3,0,0,2,1,1,1,0,0,1,0,9,10,13,1
6,20,0,1,1,3,3,0,1,2,1,1,1,5,0,0,5,0,0,0,1
2,15,4,0,1,0,3,0,0,2,1,1,1,0,0,1,0,6,10,9,1
14,22,4,1,1,0,3,0,0,0,1,1,1,1,0,2,0,6,4,4,1
7,22,4,1,1,4,3,0,1,0,1,1,1,5,0,1,0,6,4,11,1
11,18,0,1,1,0,3,1,0,0,1,1,1,0,2,3,0,6,7,12,1
6,15,0,0,1,0,1,0,0,14,1,1,1,0,0,1,0,6,10,13,1
9,21,4,0,0,0,3,2,0,0,1,0,0,0,0,6,0,6,10,12,0
10,20,4,1,1,0,3,1,0,12,1,1,1,8,0,3,0,6,3,10,1
7,18,0,1,1,0,3,0,0,0,1,1,1,0,0,1,0,6,4,11,1
10,17,0,0,1,0,3,1,0,1,1,1,1,0,0,1,0,9,6,9,1
7,19,0,1,1,4,3,0,1,0,1,1,1,5,0,1,0,6,6,10,1
0,17,4,1,1,0,3,0,0,12,1,1,1,0,0,2,0,3,2,5,0
9,18,4,0,0,0,3,0,0,1,1,0,1,0,0,8,2,6,0,14,1
8,15,0,0,1,3,3,2,1,8,1,1,1,5,0,1,0,3,1,1,1
13,20,0,1,1,0,3,1,0,1,1,1,1,0,2,2,0,6,8,7,0
4,15,0,0,0,0,3,3,0,9,1,1,1,7,0,1,0,6,6,10,1
15,20,4,1,1,0,3,0,0,2,1,1,1,1,0,4,0,5,5,3,1
11,15,0,0,1,3,3,3,1,1,1,1,1,0,2,1,0,6,1,11,1
4,20,2,1,1,1,3,3,0,14,1,1,1,0,0,1,0,2,8,6,1
9,20,4,1,1,0,3,0,0,0,1,1,1,0,0,2,0,5,0,7,0
9,18,4,1,1,0,3,1,0,12,1,1,1,0,0,0,5,0,0,0,1
0,19,4,1,1,0,3,1,0,2,1,1,1,0,0,3,0,6,7,6,0
10,18,0,1,1,0,3,0,0,2,1,1,1,0,0,0,5,0,0,0,1
14,15,4,1,0,0,3,0,0,12,1,0,0,0,2,6,0,6,3,5,1
8,19,4,0,1,4,3,1,1,2,1,1,1,0,0,1,0,3,5,7,1
8,20,4,1,1,0,3,0,0,0,1,1,1,5,0,1,0,8,2,11,0
14,22,0,1,1,4,3,0,1,1,1,1,1,5,2,1,0,4,9,14,1
9,20,4,1,1,0,3,1,0,0,1,1,1,5,0,1,0,3,9,14,0
6,18,4,1,1,3,3,3,1,5,1,1,1,5,0,1,0,3,4,3,1
3,15,4,0,1,0,0,1,0,16,1,1,1,7,0,5,3,6,1,6,1
8,20,4,1,1,0,3,0,0,2,1,1,1,8,0,1,2,0,0,0,1
2,16,4,0,1,0,3,1,0,15,1,1,1,8,0,0,5,0,0,0,0
10,21,4,1,1,3,3,0,1,0,1,1,1,5,0,2,0,6,6,12,1
7,17,4,1,1,0,3,0,0,0,1,1,1,0,0,0,5,0,0,2,1
10,20,4,0,1,0,3,0,0,0,1,1,1,7,0,1,0,7,11,11,1
0,15,4,1,1,0,3,0,0,11,1,1,1,0,0,0,5,0,0,0,1
10,15,4,1,1,0,3,0,0,2,1,1,1,7,0,1,0,6,3,9,1
14,21,0,0,1,0,3,0,0,0,1,1,1,0,2,1,0,6,8,14,1
14,19,4,0,1,3,3,0,1,12,1,1,1,5,2,1,0,7,4,10,1
7,20,4,0,1,0,3,1,0,0,1,1,1,0,0,1,0,5,5,9,1
10,1,4,1,1,4,3,3,1,0,1,1,1,5,0,3,0,6,3,11,0
1,18,4,1,1,4,3,0,1,2,1,1,1,5,0,1,0,1,3,2,1
0,18,4,1,1,4,3,0,1,11,1,1,1,7,0,1,5,2,0,2,1
14,20,0,1,1,0,3,0,0,1,1,1,1,0,2,2,0,6,0,12,0
5,15,4,0,1,0,3,3,0,11,1,1,1,0,0,0,5,0,0,0,0
5,18,0,1,1,0,3,1,0,0,1,1,1,1,0,1,0,1,10,1,1
2,18,4,1,1,0,3,0,0,2,1,1,1,8,0,1,0,2,4,3,1
10,8,0,0,1,4,3,0,1,0,1,1,1,7,0,1,0,6,4,14,1
2,18,4,1,1,0,3,0,0,9,1,1,1,0,0,1,0,6,2,4,1
3,18,4,1,1,0,3,0,0,2,1,1,1,7,0,1,0,7,1,9,1
0,15,4,1,1,0,3,1,0,10,1,1,1,8,0,1,0,9,0,8,0
8,15,4,0,1,0,3,3,0,2,1,1,1,1,0,0,5,0,0,0,1
0,15,4,1,1,0,3,0,0,2,1,1,1,7,0,1,0,6,2,7,1
5,19,4,1,0,0,3,0,0,2,1,1,0,7,0,0,5,0,0,4,1
4,20,4,0,1,0,3,1,0,0,1,1,1,0,0,4,0,6,1,11,1
1,18,4,1,1,0,3,3,0,2,1,1,1,0,0,0,5,0,0,0,1
4,15,4,1,1,0,3,1,0,2,1,1,1,8,0,1,0,6,8,8,0
8,15,2,1,1,3,3,0,1,7,1,1,1,1,0,1,5,0,0,1,1
3,18,4,1,1,0,3,1,0,2,1,1,1,7,0,1,0,2,3,2,1
1,18,4,1,1,4,3,0,1,11,1,1,1,5,0,0,5,0,0,0,0
12,13,4,0,1,0,3,0,0,0,1,1,1,1,2,1,0,6,3,6,1
13,18,4,0,1,3,3,0,1,5,1,1,1,0,2,1,0,6,2,9,1
14,20,0,1,1,0,3,0,0,8,1,1,1,7,2,5,0,6,5,7,1
12,17,0,0,1,0,3,1,0,1,1,1,1,0,2,1,0,8,4,12,1
4,19,4,1,1,0,3,3,0,9,1,1,1,4,0,3,0,9,3,3,1
9,20,0,1,1,0,3,0,0,1,1,1,1,0,0,0,5,0,0,0,0
13,21,0,1,1,2,0,0,0,0,1,1,1,5,2,5,1,8,4,12,0
5,19,4,0,1,4,3,0,1,0,1,1,1,0,0,5,0,9,4,5,1
8,20,4,1,1,0,3,1,0,0,1,1,1,8,0,1,0,2,9,4,1
8,16,4,1,1,0,3,0,0,7,1,1,1,2,0,1,0,3,3,3,1
8,17,0,1,1,0,3,0,0,0,1,1,1,0,0,1,0,9,11,7,1
12,17,4,0,1,0,3,0,0,11,1,1,1,0,2,4,0,6,8,11,0
4,20,4,1,1,0,3,2,0,2,1,1,1,3,0,2,0,3,3,2,1
14,18,4,1,1,0,3,3,0,0,1,1,1,7,2,1,2,0,0,0,1
1,15,4,0,1,0,3,3,0,2,1,1,1,7,0,1,0,1,6,1,1
0,17,4,1,1,0,3,0,0,2,1,1,1,0,0,1,0,4,3,2,1
15,18,0,1,1,0,3,0,0,0,1,1,1,0,2,1,0,9,3,6,1
10,22,4,0,1,0,3,1,0,0,1,1,1,8,0,7,0,7,6,13,1
11,15,4,1,1,0,3,3,0,12,1,1,1,7,2,1,0,6,6,5,1
4,15,4,1,1,0,3,1,0,7,1,1,1,0,0,1,5,0,0,4,0
1,18,4,0,0,0,3,1,0,2,1,1,0,0,0,0,5,0,0,0,1
13,20,0,0,1,0,3,1,0,0,1,1,1,0,2,1,0,6,11,11,0
14,8,0,0,1,4,3,0,1,11,1,1,1,1,2,1,5,0,0,0,0
0,15,4,1,1,2,3,3,0,2,1,1,1,0,0,9,2,0,0,0,1
15,15,4,1,1,0,1,0,0,10,1,1,1,0,2,1,0,6,11,3,1
4,21,4,1,1,4,3,0,1,9,1,1,1,5,0,1,0,6,6,9,0
9,20,0,1,1,0,3,0,0,1,1,1,1,0,0,3,0,6,2,11,1
3,18,0,0,1,0,3,0,0,0,1,1,1,0,0,1,0,1,3,6,1
2,15,4,0,1,4,3,0,1,2,1,1,1,5,0,0,5,0,0,0,0
14,15,4,0,1,0,3,0,0,2,1,1,1,5,2,1,0,6,8,5,1
8,18,4,0,1,0,3,2,0,0,1,1,1,0,0,1,0,2,3,4,1
4,15,4,1,1,4,3,0,1,0,1,1,1,0,0,1,0,6,4,7,1
7,20,4,1,1,0,3,0,0,0,1,1,1,0,0,1,0,6,5,9,1
14,15,4,0,1,0,3,0,0,2,1,1,1,1,2,1,0,6,3,10,1
2,18,4,1,1,3,3,0,1,2,1,1,1,5,0,0,5,0,0,0,1
0,18,4,1,1,0,3,1,0,16,1,1,1,0,0,3,1,1,0,2,1
5,19,0,1,1,0,3,3,0,1,1,1,1,0,0,2,0,2,2,5,0
8,20,0,1,1,0,3,3,0,1,1,1,1,0,0,1,0,6,4,9,1
4,20,4,1,1,0,3,0,0,0,1,1,1,0,0,1,0,6,3,12,0
14,19,0,0,1,0,3,1,0,0,1,1,1,0,2,1,0,6,4,13,1
10,21,4,1,1,3,3,0,1,0,1,1,1,5,0,3,0,8,3,14,0
13,19,4,1,1,0,3,3,0,2,1,1,1,0,2,3,0,2,5,6,1
2,20,4,1,1,0,3,0,0,2,1,1,1,0,0,1,0,1,10,1,1
7,15,4,0,1,4,3,0,1,0,1,1,1,7,0,1,5,0,0,0,1
6,20,4,1,1,0,3,3,0,2,1,1,1,0,0,1,0,2,11,3,0
1,18,4,0,1,0,3,1,0,5,1,1,1,7,0,1,0,6,10,13,1
7,16,0,1,1,0,3,3,0,1,1,1,1,0,0,1,0,5,0,2,0
13,17,0,1,1,4,3,3,1,1,1,1,1,5,2,1,0,6,5,9,1
9,20,4,1,1,0,3,0,0,11,1,1,1,5,0,4,0,9,4,11,0
11,15,0,0,1,4,3,0,1,0,1,1,1,0,2,1,2,6,0,9,1
7,20,4,1,1,0,3,1,0,2,1,1,1,0,0,2,5,6,0,3,1
6,14,0,1,1,0,3,2,0,2,1,1,1,6,0,1,4,3,1,11,0
13,20,4,1,1,0,3,1,0,0,1,1,1,8,2,7,1,9,0,13,0
10,20,0,0,1,3,3,0,1,1,1,1,1,7,0,7,2,0,0,0,1
12,15,0,1,1,4,3,0,1,1,1,1,1,7,2,1,0,6,6,8,1
14,21,0,1,1,0,3,0,0,0,1,1,1,5,2,1,0,6,2,13,0
15,15,3,0,1,0,3,3,0,0,1,1,1,0,2,6,0,5,0,3,1
12,16,0,0,1,0,3,0,0,1,1,1,1,7,2,1,0,6,4,8,1
5,20,4,1,1,0,3,0,0,11,1,1,1,0,0,4,0,4,2,3,0
0,17,4,0,1,0,3,3,0,2,1,1,1,0,0,1,0,4,2,2,1
9,18,0,1,1,0,3,0,0,1,1,1,1,1,0,1,0,3,4,4,1
8,18,4,0,1,0,3,3,0,2,1,1,1,0,0,1,0,6,3,10,1
7,20,0,0,1,3,3,0,1,0,1,1,1,7,0,1,0,6,11,13,0
4,18,4,0,1,0,3,0,0,2,1,1,1,7,0,1,0,3,4,5,1
14,20,4,1,1,3,3,0,1,2,1,1,1,0,2,1,0,6,5,5,1
0,18,4,1,1,0,3,0,0,2,1,1,1,0,0,1,0,6,6,8,1
3,18,4,1,1,0,3,0,0,16,1,1,1,0,0,0,5,0,0,4,0
1,17,4,0,1,0,3,0,0,7,1,1,1,0,0,1,0,2,2,4,1
7,20,4,0,1,0,3,1,0,5,1,1,1,0,0,1,0,8,6,9,1
11,20,4,0,1,0,3,1,0,16,1,1,1,5,2,1,0,8,1,11,1
8,18,4,0,1,0,3,0,0,0,1,1,1,7,0,1,0,6,3,12,1
1,15,4,1,1,0,3,0,0,2,1,1,1,5,0,0,5,0,0,2,0
15,22,4,1,1,0,3,0,0,12,1,1,1,0,2,6,0,4,0,8,1
10,21,4,0,1,0,3,1,0,4,1,1,0,0,0,1,0,6,7,9,1
5,18,4,0,1,0,3,0,0,2,1,1,1,1,0,5,0,6,8,6,1
7,15,4,1,1,0,3,1,0,2,1,1,1,8,0,1,0,6,4,5,1
4,15,4,0,1,4,3,0,1,10,1,1,1,5,0,1,0,6,11,6,0
15,23,0,1,1,4,3,0,1,1,1,1,1,5,2,0,5,0,0,0,1
10,12,3,1,1,0,3,0,0,0,1,1,1,1,0,1,0,1,2,4,1
4,15,4,1,0,0,3,0,0,2,1,1,1,0,0,1,5,0,0,0,0
3,19,4,0,1,0,3,3,0,11,1,1,1,0,0,1,0,6,4,5,1
10,17,4,1,1,0,3,0,0,12,1,1,1,7,2,1,0,6,11,7,0
11,18,4,1,1,0,3,0,0,9,1,1,1,0,2,1,0,6,11,8,1
12,15,0,0,1,0,3,0,0,2,1,1,1,0,2,0,5,0,0,0,1
5,20,4,1,1,0,3,1,0,2,1,1,1,0,0,1,2,0,0,0,1
5,17,4,0,1,0,3,0,0,2,1,1,1,0,0,1,0,9,10,10,1
12,20,0,1,1,0,3,1,0,0,1,1,1,0,2,3,0,9,7,12,1
2,18,4,1,1,0,3,0,0,16,1,1,1,0,0,1,5,4,0,2,0
4,15,4,0,1,0,3,0,0,2,1,1,1,0,0,0,5,0,0,8,1
5,0,4,0,0,4,3,0,1,2,1,1,1,5,0,0,5,0,0,0,1
3,15,4,1,1,0,3,0,0,2,1,1,1,0,0,1,0,3,9,2,1
14,18,0,0,1,0,1,0,0,1,1,1,1,1,2,5,0,6,10,11,1
1,18,4,1,1,0,3,1,0,0,1,1,1,0,0,1,0,6,6,6,0
11,20,4,0,1,3,3,0,1,0,1,1,1,0,2,1,0,6,8,13,0
10,18,0,1,1,3,1,1,1,1,1,1,1,0,0,5,3,6,7,13,1
15,21,0,0,1,0,3,1,0,0,1,1,1,0,2,1,0,4,5,14,0
14,15,4,0,1,0,3,3,0,2,1,1,1,0,2,0,5,0,0,0,1
8,17,4,1,1,0,3,1,0,0,1,1,1,0,0,3,5,0,0,1,0
7,19,0,1,1,0,3,0,0,1,1,1,1,0,0,3,0,8,2,12,1
1,18,4,1,1,0,3,0,0,2,1,1,1,0,0,1,0,2,5,1,1
15,20,2,1,1,0,3,2,0,0,1,1,1,6,2,3,0,5,10,9,1
12,20,4,1,0,3,3,0,1,0,1,1,1,5,2,0,5,0,0,5,1
7,15,4,0,1,0,3,0,0,0,1,1,1,7,0,1,0,6,2,9,1
1,18,4,1,1,0,3,3,0,16,1,1,1,0,0,1,5,2,0,2,0
11,17,0,1,1,0,3,0,0,1,1,1,1,7,2,1,0,4,4,4,0
4,20,4,1,1,4,3,0,1,2,1,1,1,0,0,6,0,3,5,7,1
5,17,4,1,1,0,3,0,0,2,1,1,1,1,0,1,0,3,3,6,1
7,13,0,0,1,4,0,0,1,16,1,1,1,0,0,6,3,4,0,8,1
1,17,4,1,1,0,3,3,0,16,1,1,1,5,0,1,5,1,0,4,0
4,20,4,1,1,0,3,3,0,2,1,1,1,0,0,6,0,1,0,3,1
6,20,4,1,1,4,3,0,1,12,1,1,1,0,0,2,0,6,6,10,1
0,18,4,0,1,0,3,0,0,2,1,1,1,7,0,1,0,4,3,6,1
6,20,4,1,1,0,3,3,0,0,1,1,1,0,0,1,0,8,8,11,0
11,18,0,1,1,0,3,0,0,1,1,1,1,7,2,1,0,4,2,4,0
10,20,4,0,1,0,3,0,0,2,1,1,1,8,0,1,0,6,11,9,1
13,0,4,1,1,0,3,0,0,0,1,1,1,0,2,1,0,6,4,11,1
9,16,4,0,1,0,3,0,0,0,1,1,1,0,0,0,5,0,0,0,0
4,10,4,0,1,0,0,0,0,16,1,1,1,4,0,5,3,8,3,1,1
6,18,0,0,1,0,3,0,0,0,1,1,1,5,0,2,0,6,10,11,1
15,19,2,1,1,0,3,3,0,2,1,1,1,0,2,3,0,6,4,12,1
8,20,0,1,1,4,3,0,1,1,1,1,1,5,0,2,0,6,0,8,0
5,20,4,1,1,0,3,1,0,2,1,1,1,0,0,1,0,2,2,3,1
11,15,0,0,1,3,3,0,1,1,1,1,1,1,2,1,0,3,1,4,1
3,20,0,1,1,0,3,1,0,1,1,1,1,0,0,1,0,1,2,3,1
5,19,4,0,1,0,3,1,0,0,1,1,1,0,0,1,0,9,2,12,0
0,15,4,0,1,0,3,0,0,7,1,1,1,0,0,1,0,2,2,6,1
1,17,4,1,1,0,3,3,0,2,1,1,1,0,0,1,0,5,2,3,1
10,15,0,0,1,0,3,0,0,0,1,1,1,0,0,3,0,6,6,10,1
12,20,0,1,1,4,3,0,1,0,1,1,1,5,2,1,0,6,4,8,0
3,18,4,1,1,0,3,0,0,2,1,1,1,7,0,3,5,0,0,1,1
9,20,0,1,1,4,3,1,1,1,1,1,1,0,0,1,2,6,0,6,0
7,13,4,0,1,0,3,0,0,15,1,1,1,1,0,0,5,0,0,0,0
0,18,4,1,0,0,3,1,0,2,1,0,1,0,0,1,5,8,0,2,1
1,18,4,1,1,0,3,3,0,0,1,1,1,0,0,1,0,6,2,7,0
4,13,4,1,1,0,3,0,0,2,1,1,1,0,0,6,5,0,0,4,1
15,18,0,1,1,0,3,3,0,1,1,1,1,0,2,1,0,6,1,5,1
4,18,4,1,1,0,3,3,0,2,1,1,1,0,0,1,0,6,2,6,1
10,20,4,0,1,0,3,0,0,0,1,1,1,1,0,1,0,6,1,9,1
5,19,4,1,1,0,3,1,0,0,1,1,1,0,0,3,0,5,1,6,1
8,20,4,1,1,3,3,0,1,11,1,1,1,5,0,1,0,6,4,13,0
9,19,4,0,1,0,3,0,0,4,1,1,0,0,0,1,0,4,7,9,1
1,13,4,0,1,0,3,1,0,10,1,1,1,8,0,1,5,6,0,4,0
5,18,4,1,1,0,3,3,0,2,1,1,1,5,0,1,0,2,3,2,1
12,20,4,1,1,0,3,1,0,12,1,1,1,0,2,2,0,2,2,3,1
1,18,4,1,1,0,3,0,0,11,1,1,1,8,0,1,0,8,10,13,1
7,20,4,0,1,0,3,1,0,12,1,1,1,0,0,2,0,6,6,10,1
0,1,4,1,0,0,2,0,0,0,0,1,0,0,0,5,4,6,3,7,0
14,12,0,0,1,4,3,3,1,1,1,1,1,7,2,1,0,6,11,12,1
10,14,0,1,1,3,3,3,1,2,1,1,1,0,0,1,0,9,7,12,1
15,18,4,0,0,0,3,2,0,0,1,0,0,0,2,3,0,6,10,12,1
11,17,0,0,1,3,3,3,1,8,1,1,1,5,2,1,0,6,6,8,1
5,15,4,0,1,4,3,0,1,4,1,1,1,5,0,0,5,0,0,0,1
8,21,4,0,1,0,3,0,0,2,1,1,1,5,0,2,0,2,4,3,1
12,19,4,0,1,0,3,1,0,11,1,1,1,0,2,1,0,6,2,11,1
4,20,0,1,1,0,3,0,0,0,1,1,1,0,0,0,5,0,0,0,1
5,15,4,0,1,0,3,3,0,2,1,1,1,0,0,0,5,0,0,0,1
7,15,0,0,1,4,3,0,1,1,1,1,1,5,0,1,0,6,11,12,1
4,19,4,1,1,0,3,0,0,2,1,1,1,1,0,1,0,6,4,9,1
0,18,4,0,1,0,3,0,0,2,1,1,1,1,0,0,5,0,0,0,1
15,20,0,0,1,0,3,0,0,0,1,1,1,0,2,1,0,7,2,14,1
14,20,0,0,1,0,3,0,0,1,1,1,1,5,2,1,0,7,2,14,0
10,18,0,1,1,0,3,0,0,8,1,1,1,0,0,0,5,0,0,0,1
14,20,4,0,1,3,3,0,1,0,1,1,1,5,0,2,0,5,1,12,1
4,20,4,1,1,0,3,3,0,11,1,1,1,0,0,1,0,6,4,9,0
14,16,0,0,1,0,3,0,0,1,1,1,1,4,2,3,0,9,7,13,1
12,15,0,0,1,3,3,0,1,0,1,1,1,7,2,6,1,6,0,10,1
15,20,4,0,1,0,3,3,0,0,1,1,1,0,2,1,0,6,6,13,1
5,18,4,0,1,0,3,3,0,2,1,1,1,7,0,1,2,6,0,5,1
13,20,0,1,1,3,3,0,1,1,1,1,1,5,2,0,5,0,0,0,1
13,20,0,1,1,4,3,0,1,0,1,1,1,0,2,1,0,6,4,11,1
8,18,4,0,0,0,3,0,0,2,1,1,0,0,0,0,5,0,0,0,1
9,20,0,1,1,0,3,0,0,2,1,1,1,6,0,3,0,5,10,5,1
1,15,4,0,1,0,3,0,0,2,1,1,1,7,0,1,0,2,4,4,1
8,20,0,1,1,0,3,1,0,0,1,1,1,0,0,3,0,2,0,2,0
15,19,0,0,1,0,3,0,0,2,1,1,1,7,2,1,0,6,10,11,1
13,21,0,1,1,2,3,3,0,0,1,1,1,0,2,1,0,6,6,14,0
5,18,4,0,1,0,3,0,0,2,1,1,1,5,0,1,0,6,2,9,1
7,20,4,0,1,0,3,0,0,0,1,1,1,0,0,1,0,6,3,9,1
0,17,4,1,1,0,3,0,0,16,1,1,1,0,0,1,5,6,0,3,0
10,16,0,1,1,0,3,1,0,2,1,1,1,8,0,1,0,6,10,7,1
13,21,0,1,0,0,3,1,0,0,1,1,0,0,2,2,0,6,0,13,1
14,18,4,0,1,0,3,0,0,0,1,1,1,5,2,1,0,6,3,14,1
9,18,0,0,1,4,3,0,1,1,1,1,1,7,0,1,5,6,0,4,1
8,19,4,1,1,0,3,3,0,0,1,1,1,0,0,1,0,7,8,13,1
4,0,4,1,1,0,3,3,0,4,1,1,1,0,0,6,2,0,0,9,0
13,12,3,1,1,0,3,0,0,0,1,1,1,7,2,1,0,6,5,9,1
4,15,4,1,1,0,3,0,0,10,1,1,1,0,0,1,0,6,8,8,1
15,15,0,1,1,0,3,0,0,1,1,1,1,0,2,1,0,5,0,6,1
11,16,4,0,1,0,3,1,0,0,1,1,1,8,2,1,0,7,0,10,1
1,17,4,0,1,0,3,1,0,16,1,1,1,0,0,2,5,1,0,2,0
0,13,4,0,1,0,3,1,0,15,1,1,1,8,0,1,5,3,0,2,1
1,18,4,0,1,0,3,3,0,2,1,1,1,7,0,1,2,2,0,2,1
11,20,4,1,1,0,3,0,0,12,1,1,1,0,2,2,0,6,3,13,1
15,18,0,1,1,0,3,0,0,2,1,1,1,1,2,1,0,6,8,4,1
12,20,0,1,1,0,3,0,0,1,1,1,1,0,2,2,5,0,0,0,1
9,23,4,0,1,0,3,0,0,5,1,1,1,5,0,2,0,8,3,14,1
0,15,4,0,1,0,3,0,0,2,1,1,1,5,0,1,0,1,4,4,1
4,20,4,1,1,0,3,3,0,2,1,1,1,0,0,3,0,6,0,13,1
10,16,0,0,1,0,3,0,0,15,1,1,1,7,0,0,5,0,0,0,1
11,20,0,1,1,0,3,1,0,1,1,1,1,0,2,1,0,6,6,14,1
9,20,4,1,1,0,3,0,0,2,1,1,1,5,0,1,0,6,4,13,1
13,0,0,1,1,4,3,0,1,1,1,1,1,7,2,0,5,0,0,0,1
3,20,4,0,1,0,3,0,0,5,1,1,1,0,0,1,0,6,4,13,1
15,18,0,1,1,0,3,0,0,1,1,1,1,0,2,0,5,0,0,0,1
6,14,4,0,1,0,3,1,0,0,1,1,1,8,0,8,5,5,0,5,1
3,18,4,0,1,0,3,1,0,2,1,1,1,0,0,1,0,4,10,1,1
13,20,0,1,1,0,3,0,0,0,1,1,1,0,2,2,0,6,6,10,0
10,20,4,1,1,0,3,0,0,2,1,1,1,0,0,1,0,4,11,10,1
6,18,4,1,1,3,3,0,1,2,1,1,1,0,0,5,5,0,0,2,1
2,15,4,1,1,4,3,0,1,2,1,1,1,7,0,0,5,0,0,0,1
10,19,4,1,1,0,3,1,0,11,1,1,1,8,0,4,0,4,3,12,1
7,15,0,1,1,4,3,0,1,0,1,1,1,0,0,1,5,0,0,0,1
4,20,4,1,1,3,3,0,1,2,1,1,1,5,0,1,0,3,6,3,1
8,15,0,1,1,0,3,0,0,1,1,1,1,0,0,0,5,0,0,0,1
0,12,4,0,1,2,3,3,0,2,1,1,1,0,0,9,2,0,0,0,1
10,20,4,1,1,0,3,0,0,12,1,1,1,0,0,1,0,7,4,10,1
15,14,4,0,1,0,3,0,0,12,1,1,1,7,2,1,0,6,10,8,1
4,17,4,0,1,0,3,0,0,15,1,1,1,1,0,0,5,0,0,0,0
8,20,0,1,1,0,3,1,0,2,1,1,1,8,0,0,5,0,0,0,0
11,16,4,0,1,0,3,1,0,0,1,1,1,7,2,1,0,5,4,5,1
7,18,4,0,1,0,3,1,0,0,1,1,1,8,0,1,0,6,4,5,0
10,19,4,0,1,0,3,0,0,12,1,1,1,0,0,1,0,6,11,11,1
4,18,4,1,1,0,3,0,0,2,1,1,1,7,0,1,0,6,7,5,1
11,18,0,1,1,4,3,0,1,1,1,1,1,7,2,1,0,3,3,11,1
8,19,0,1,1,0,3,0,0,1,1,1,1,0,0,1,0,4,3,9,1
3,15,4,0,1,4,3,0,1,0,1,1,1,0,0,1,0,1,9,4,0
3,20,4,1,1,0,3,3,0,12,1,1,1,0,0,1,0,6,6,6,0
8,18,0,1,1,0,3,1,0,8,1,1,1,0,0,1,0,4,1,8,0
13,18,4,1,1,0,3,3,0,2,1,1,1,0,2,1,0,2,4,2,1
1,15,0,0,1,0,0,1,0,6,0,1,1,6,0,5,3,6,8,14,0
2,14,4,0,1,0,3,0,0,16,1,1,1,7,0,1,0,8,1,6,1
6,15,4,0,1,0,3,1,0,14,1,1,1,1,0,1,0,6,6,7,0
14,18,0,0,1,0,3,0,0,8,1,1,1,0,2,1,1,6,0,11,1
10,21,0,1,1,4,3,0,1,1,1,1,1,5,0,0,5,0,0,0,0
11,20,0,1,1,0,3,0,0,1,1,1,1,5,2,3,0,1,1,2,1
12,20,4,0,1,0,3,3,0,2,1,1,1,5,2,1,0,8,6,11,1
5,19,4,0,1,0,3,3,0,2,1,1,1,7,0,1,0,6,10,10,1
15,18,4,0,1,0,3,0,0,2,1,1,1,7,2,1,0,5,6,6,1
7,15,0,1,1,0,0,0,0,0,1,1,1,7,0,5,3,6,3,10,1
12,20,0,0,1,0,3,0,0,1,1,1,1,0,2,1,0,7,8,13,0
9,20,4,1,1,0,3,3,0,11,1,1,1,0,0,1,0,7,6,13,0
3,17,4,0,1,4,3,3,1,0,1,1,1,0,0,1,5,4,0,2,0
5,22,4,1,1,0,3,0,0,9,1,1,1,0,0,1,0,4,2,8,1
2,15,0,1,1,0,3,2,0,8,1,1,1,8,0,1,1,2,0,1,0
5,20,4,1,1,0,3,1,0,10,1,1,1,8,0,1,0,9,1,4,1
8,15,4,1,1,0,3,0,0,2,1,1,1,0,0,1,0,6,11,8,1
12,20,4,0,1,0,3,0,0,0,1,1,1,0,2,1,5,0,0,0,1
9,18,4,0,1,0,3,3,0,14,1,1,1,7,0,1,0,6,0,9,1
0,15,4,0,0,0,3,3,0,11,1,0,1,5,0,1,0,6,0,2,1
0,18,4,1,1,0,3,0,0,2,1,1,1,0,0,0,5,0,0,0,1
10,15,0,0,1,0,3,0,0,2,1,1,1,0,0,1,0,6,4,10,1
10,14,4,1,1,0,3,3,0,14,1,1,1,7,0,1,0,8,8,12,1
14,15,0,0,1,0,3,0,0,8,1,1,1,0,2,1,1,6,0,11,1
0,18,4,1,1,0,3,0,0,0,1,1,1,7,0,1,0,1,3,2,1
9,21,4,1,1,4,3,0,1,0,1,1,1,5,0,1,0,6,6,9,0
7,15,4,1,1,0,3,1,0,0,1,1,1,0,0,1,0,6,6,11,1
3,14,4,0,1,0,3,1,0,2,1,1,1,8,0,8,0,2,3,4,1
1,18,4,0,1,0,3,3,0,14,1,1,1,0,0,1,0,9,1,13,1
9,20,4,0,1,0,3,1,0,0,1,1,1,5,0,1,0,7,7,14,0
11,18,4,0,1,0,3,1,0,0,1,1,1,0,2,7,5,4,0,2,1
12,15,4,1,1,0,3,0,0,2,1,1,1,0,2,0,5,0,0,0,1
10,19,4,1,1,0,3,0,0,12,1,1,1,0,0,3,0,6,2,13,1
12,17,0,1,1,4,3,0,1,0,1,1,1,7,2,1,0,6,8,11,1
12,9,0,0,1,0,3,3,0,12,1,1,1,7,2,2,0,6,1,8,1
7,15,4,0,1,0,3,0,0,2,1,1,1,0,0,1,2,0,0,0,1
3,15,4,1,1,0,3,0,0,2,1,1,1,7,0,1,1,6,0,6,1
11,20,0,1,1,0,3,0,0,0,1,1,1,0,2,1,0,6,11,12,1
8,20,4,1,1,0,3,0,0,2,1,1,1,5,0,2,0,6,11,11,1
9,20,4,1,1,0,3,0,0,11,1,1,1,0,0,1,0,3,4,7,0
7,19,4,0,1,0,3,0,0,2,1,1,1,0,0,1,5,0,0,0,1
10,20,4,0,1,0,3,3,0,11,1,1,1,0,0,1,0,8,6,9,1
2,18,4,0,0,0,3,1,0,2,1,1,0,0,0,0,5,0,0,3,0
5,15,4,1,1,3,3,3,1,2,1,1,1,0,0,1,0,6,6,2,1
11,20,4,0,1,0,3,1,0,0,1,1,1,8,2,1,5,6,0,4,0
9,15,4,1,1,0,3,0,0,0,1,1,1,7,0,1,0,6,3,9,1
0,17,4,0,1,0,3,0,0,7,1,1,1,0,0,1,0,1,6,3,1
8,15,0,0,1,4,3,0,1,0,1,1,1,0,0,1,5,8,0,7,0
15,20,0,1,1,0,3,1,0,0,1,1,1,0,2,4,0,6,10,10,1
0,15,4,0,1,0,3,3,0,2,1,1,1,7,0,0,5,0,0,0,1
2,19,4,0,1,3,3,0,1,2,1,1,1,5,0,1,0,6,1,4,1
2,18,4,1,1,0,3,1,0,2,1,1,1,0,0,1,0,1,4,2,1
5,18,4,1,1,0,3,0,0,0,1,1,1,0,0,1,0,2,7,8,1
9,20,4,0,1,0,3,1,0,0,1,1,1,0,0,1,0,7,4,12,1
5,20,4,0,1,0,3,1,0,2,1,1,1,0,0,1,0,3,5,6,1
12,14,0,0,1,0,3,2,0,0,1,1,1,8,2,1,0,6,10,8,1
1,18,4,0,1,0,3,1,0,16,1,1,1,0,0,1,5,1,0,2,0
6,20,4,1,1,0,3,3,0,11,1,1,1,0,0,1,0,2,3,4,0
10,17,4,0,1,0,3,0,0,2,1,1,1,7,0,1,0,6,4,9,1
7,15,0,1,1,0,3,1,0,2,1,1,1,0,0,3,0,1,6,1,1
13,19,4,1,1,0,3,0,0,0,1,1,1,7,2,4,0,6,1,11,1
9,20,4,1,1,0,3,0,0,14,1,1,1,0,0,1,0,6,3,9,1
12,20,0,1,1,3,3,0,1,0,1,1,1,5,2,1,0,6,10,13,1
2,22,4,0,1,0,3,0,0,0,1,1,1,0,0,1,0,7,9,14,1
4,17,4,0,1,0,3,0,0,0,1,1,1,0,0,1,0,6,3,5,0
9,18,4,0,1,0,3,0,0,0,1,1,1,0,0,1,0,6,3,14,1
2,18,4,1,1,0,3,1,0,2,1,1,1,8,0,0,5,0,0,0,1
12,20,4,0,1,0,3,1,0,0,1,1,1,1,2,1,0,8,1,12,1
4,18,4,0,1,0,1,3,0,14,1,1,1,0,0,1,0,6,6,12,0
5,20,4,0,1,0,3,0,0,2,1,1,1,7,0,6,0,5,3,7,1
15,19,4,0,0,0,3,0,0,12,0,1,0,0,2,1,0,2,3,5,0
3,18,4,1,1,0,3,0,0,2,1,1,1,0,0,0,5,0,0,0,1
12,21,4,0,1,0,3,1,0,2,1,1,1,0,2,2,0,6,4,13,1
14,8,4,0,1,4,3,0,1,16,1,1,1,1,2,1,5,0,0,1,0
5,13,4,0,1,0,3,0,0,15,1,1,1,1,0,0,5,0,0,0,1
9,20,0,1,1,4,3,0,1,1,1,1,1,5,0,7,0,5,3,8,1
1,18,4,0,1,0,3,0,0,2,1,1,1,0,0,2,5,1,0,3,1
15,20,0,0,1,0,3,0,0,1,1,1,1,0,2,6,0,8,8,12,0
13,19,0,0,1,0,3,0,0,0,1,1,1,0,2,2,0,6,5,12,1
0,18,4,1,1,0,3,1,0,2,1,1,1,0,0,1,0,5,0,2,1
2,18,4,0,1,0,3,0,0,2,1,1,1,1,0,0,5,0,0,0,1
13,15,4,0,1,0,3,1,0,0,1,1,1,0,2,1,0,6,8,11,1
2,20,4,1,1,0,3,0,0,11,1,1,1,5,0,1,0,1,4,5,0
11,21,0,0,1,0,3,1,0,2,1,1,1,0,2,1,0,6,8,13,1
0,15,4,0,1,4,3,0,1,9,1,1,1,5,0,0,5,0,0,0,1
15,20,0,1,1,4,3,0,1,10,1,1,1,5,2,0,5,0,0,0,0
0,17,4,0,1,0,3,0,0,2,1,1,1,7,0,1,0,1,2,5,1
0,15,4,1,1,0,3,1,0,2,1,1,1,8,0,1,5,0,0,1,1
6,20,4,0,1,0,3,3,0,11,1,1,1,0,0,2,0,7,4,12,0
6,18,4,1,1,0,3,3,0,0,1,1,1,5,0,1,0,6,10,9,1
14,19,0,1,1,0,3,1,0,1,1,1,1,0,2,7,0,4,5,9,1
2,18,4,0,1,0,3,1,0,2,1,1,1,0,0,0,5,0,0,0,1
8,20,4,1,1,0,3,0,0,12,1,1,1,7,0,1,0,6,2,11,1
2,22,4,1,1,0,3,1,0,0,1,1,1,8,0,3,1,9,0,14,1
2,18,4,1,1,0,3,0,0,0,1,1,1,0,0,0,5,0,0,0,0
4,18,4,0,1,0,3,0,0,2,1,1,1,0,0,1,0,4,8,2,1
4,18,4,1,1,0,3,0,0,0,1,1,1,0,0,1,5,0,0,0,1
9,20,4,1,1,0,3,0,0,2,1,1,1,0,0,2,0,6,11,6,1
12,20,2,1,1,0,3,0,0,2,1,1,1,0,2,1,0,7,8,11,1
13,19,0,0,1,4,3,0,1,8,1,1,1,5,2,5,0,6,9,11,1
12,2,0,1,1,3,3,0,1,16,1,1,1,7,2,6,0,1,6,4,0
13,18,0,1,1,0,3,1,0,2,1,1,1,0,2,6,0,1,0,1,1
0,18,4,1,1,0,3,0,0,2,1,1,1,0,0,9,2,0,0,0,1
12,18,4,0,1,3,3,3,1,11,1,1,1,5,2,1,0,6,6,11,1
12,20,4,1,1,0,3,0,0,0,1,1,1,0,2,1,0,6,3,14,1
15,18,4,0,1,0,3,1,0,4,1,1,1,0,2,1,0,4,6,4,1
5,15,4,1,1,4,3,0,1,5,1,1,1,7,0,1,5,6,0,4,0
2,19,4,1,1,0,3,0,0,2,1,1,1,7,0,1,0,1,3,2,1
5,20,4,0,1,3,3,0,1,2,1,1,1,5,0,1,0,6,8,9,1
2,15,4,0,1,0,3,0,0,0,1,1,1,0,0,4,0,7,10,12,1
13,21,4,0,1,0,3,1,0,15,1,1,1,0,2,1,5,9,0,14,0
0,18,4,0,1,0,3,0,0,16,1,1,1,0,0,0,5,0,0,0,0
13,14,4,1,1,0,3,0,0,2,1,1,1,0,2,8,0,6,3,11,1
15,18,0,0,1,4,3,0,1,0,1,1,1,0,2,1,0,6,6,13,1
10,15,4,0,1,0,3,3,0,5,1,1,1,0,0,1,0,6,4,9,1
6,20,4,1,1,0,3,1,0,0,1,1,1,0,0,1,0,5,0,9,1
15,14,4,0,1,4,3,3,1,2,1,1,1,7,2,1,0,6,11,5,1
9,17,4,0,1,0,3,0,0,5,1,1,1,0,0,6,0,6,6,5,1
0,13,4,0,0,0,3,3,0,2,1,1,0,0,0,0,5,0,0,0,1
8,18,4,1,1,0,3,3,0,2,1,1,1,0,0,0,5,0,0,3,1
15,18,4,1,1,0,3,1,0,2,1,1,1,8,2,1,0,6,0,6,1
11,15,0,0,0,4,3,0,1,1,1,1,1,5,2,1,0,6,4,10,1
10,8,4,0,1,4,3,0,1,2,1,1,1,0,0,1,0,6,4,3,1
2,17,4,1,1,0,3,1,0,2,1,1,1,8,0,1,0,9,7,12,1
0,18,4,1,1,0,3,3,0,11,1,1,1,5,0,1,0,4,0,6,1
6,20,4,1,1,0,3,0,0,0,1,1,1,5,0,4,0,6,6,12,1
12,11,3,1,1,0,3,0,0,0,1,1,1,7,2,6,0,6,10,10,1
13,18,4,0,1,0,3,1,0,2,1,1,1,0,2,1,0,4,3,6,1
1,15,4,0,1,0,3,3,0,12,1,1,1,7,0,1,0,2,9,4,0
4,15,4,0,1,3,3,0,1,2,1,1,1,0,0,1,0,2,2,6,1
15,15,4,1,1,0,3,1,0,0,1,1,1,1,2,1,0,5,3,3,1
5,17,4,0,1,0,3,0,0,2,1,1,1,0,0,3,0,6,2,5,1
8,15,4,1,1,0,3,1,0,0,1,1,1,0,0,1,0,7,8,10,1
3,22,0,1,1,0,3,3,0,1,1,1,1,0,0,1,1,6,0,6,1
7,20,0,1,1,0,3,1,0,0,1,1,1,0,0,1,5,6,0,4,1
9,19,0,1,1,0,3,0,0,0,1,1,1,0,0,2,0,6,6,10,1
2,17,0,1,1,0,3,0,0,1,1,1,1,0,0,1,0,2,4,3,0
8,20,0,0,1,0,3,0,0,0,1,1,1,5,0,3,0,6,4,12,1
15,19,4,0,1,0,3,3,0,11,1,0,1,0,2,6,0,6,0,11,1
2,17,4,1,1,0,3,0,0,2,1,1,1,0,0,1,0,5,2,5,1
5,17,4,1,1,0,3,2,0,0,1,1,1,0,0,6,0,4,10,1,1
0,18,4,1,1,0,3,3,0,16,1,1,1,0,0,1,5,0,0,0,0
3,17,4,0,1,0,3,0,0,15,1,1,1,0,0,0,5,0,0,0,0
3,20,0,1,1,0,3,0,0,1,1,1,1,0,0,1,0,1,6,5,1
12,15,4,1,1,3,3,3,1,2,1,1,1,5,2,6,0,6,3,10,1
15,20,0,0,1,4,3,0,1,1,1,1,1,0,2,1,0,6,3,6,1
6,20,4,1,1,0,3,0,0,2,1,1,1,7,0,3,0,6,5,12,1
4,19,0,0,1,3,3,1,1,2,1,1,1,5,0,1,0,8,11,6,1
4,19,4,1,1,0,3,0,0,0,1,1,1,1,0,1,0,6,4,3,1
1,15,4,0,1,0,3,0,0,2,1,1,1,5,0,1,0,5,2,2,1
14,21,0,0,1,0,3,1,0,0,1,1,1,0,2,1,0,7,3,14,1
15,20,0,1,1,0,3,1,0,0,1,1,1,0,2,4,0,6,2,12,1
13,21,4,1,1,4,3,0,1,9,1,1,1,5,2,1,0,6,5,7,0
7,20,4,0,1,0,3,1,0,2,1,1,1,0,0,1,0,6,5,7,1
4,15,4,0,1,3,3,0,1,2,1,1,1,0,0,6,0,4,1,7,1
8,20,4,1,1,0,3,0,0,2,1,1,1,7,0,1,0,4,7,9,1
4,18,0,0,1,0,3,0,0,0,1,1,1,0,0,1,0,6,1,12,1
11,18,4,1,1,0,3,0,0,0,1,1,1,1,2,1,0,5,1,6,1
12,15,4,1,1,3,3,3,1,0,1,1,1,0,2,6,0,6,3,11,1
7,15,0,0,1,0,3,0,0,0,1,1,1,0,0,1,5,0,0,0,1
13,15,0,0,1,3,3,0,1,2,1,1,1,5,2,1,0,2,11,3,1
1,15,0,1,1,0,3,1,0,1,1,1,1,0,0,1,2,1,0,3,1
0,18,4,1,1,0,3,3,0,11,1,1,1,0,0,1,0,2,4,2,0
1,17,4,0,1,0,3,3,0,2,1,1,1,8,0,1,0,2,3,5,1
4,20,4,0,1,0,3,3,0,2,1,1,1,0,0,1,0,9,10,9,1
1,18,4,1,1,0,3,0,0,2,1,1,1,5,0,3,0,1,3,3,1
1,15,4,1,1,0,3,0,0,2,1,1,1,0,0,1,0,3,4,4,1
14,21,0,0,1,4,3,0,1,0,1,1,1,5,2,1,0,6,6,14,1
6,18,4,0,1,0,3,0,0,14,1,1,1,7,0,1,0,4,2,6,1
9,15,4,0,1,4,3,0,1,14,1,1,1,0,0,1,0,6,6,10,1
10,18,4,1,1,4,3,0,1,2,1,1,1,5,0,1,0,4,6,3,1
12,18,0,1,1,0,3,0,0,0,1,1,1,0,2,6,5,0,0,0,1
11,17,4,0,1,0,3,3,0,2,1,1,1,0,2,1,0,6,6,6,1
13,15,0,1,1,4,3,0,1,1,1,1,1,5,2,1,5,0,0,0,1
4,16,3,1,1,4,3,0,1,2,1,1,1,6,0,9,0,3,4,14,1
1,18,4,0,1,0,3,1,0,16,1,1,1,8,0,1,5,2,0,2,1
5,15,4,0,1,4,3,0,1,2,1,1,1,0,0,1,2,4,0,8,1
13,15,2,0,1,0,3,1,0,7,1,1,1,0,2,1,0,2,11,6,1
5,18,4,0,1,0,3,2,0,2,1,1,1,0,0,3,2,6,0,8,1
14,21,0,1,1,4,3,0,1,0,1,1,1,5,2,1,0,8,11,11,0
14,18,0,1,1,0,3,0,0,2,1,1,1,0,2,1,5,0,0,0,1
14,20,4,0,1,0,3,1,0,2,1,1,1,0,2,1,5,0,0,0,1
10,20,4,1,1,0,3,1,0,0,1,1,1,0,0,3,0,5,7,12,0
6,18,4,0,1,0,3,0,0,0,1,1,1,7,0,1,0,6,4,9,1
0,15,4,1,1,0,3,0,0,16,1,1,1,0,0,0,5,0,0,0,0
14,20,0,1,1,0,3,1,0,0,1,1,1,0,2,1,0,6,3,12,1
3,18,4,1,1,0,3,1,0,2,1,1,1,0,0,0,5,0,0,0,1
8,21,0,0,1,0,3,0,0,1,1,1,1,0,0,1,0,8,11,13,1
1,18,4,0,1,0,3,0,0,2,1,1,1,0,0,1,5,0,0,0,1
4,18,0,1,1,0,3,1,0,1,1,1,1,0,0,2,2,0,0,0,1
7,15,0,1,1,0,3,0,0,1,1,1,1,0,0,1,0,6,2,8,0
12,14,0,1,1,4,3,0,1,9,1,1,1,0,2,1,5,1,0,1,1
0,18,4,1,1,0,3,1,0,2,1,1,1,8,0,1,5,0,0,0,1
4,15,4,0,1,0,3,0,0,2,1,1,1,7,0,1,0,6,3,7,1
1,18,4,1,1,0,3,0,0,2,1,1,1,0,0,0,5,0,0,0,1
13,20,0,1,1,0,3,0,0,1,1,1,1,1,2,3,0,4,6,6,1
14,17,0,0,1,0,3,1,0,1,1,1,1,0,2,1,0,6,8,13,1
5,11,4,0,1,4,3,0,1,4,1,1,1,0,0,1,0,5,4,2,1
3,15,4,0,1,0,3,0,0,2,1,1,1,5,0,1,0,6,2,8,1
12,15,0,0,1,0,3,0,0,9,1,1,1,0,0,4,2,4,0,3,1
10,20,0,0,1,3,3,0,1,0,1,1,1,5,0,1,0,6,4,13,1
7,18,0,1,1,4,3,0,1,0,1,1,1,5,0,0,5,0,0,0,1
3,20,4,0,1,0,3,3,0,14,1,1,1,0,0,1,0,6,1,6,1
10,20,0,1,1,4,3,0,1,1,1,1,1,5,0,1,5,0,0,0,0
8,15,2,1,1,4,3,0,1,0,1,1,1,0,0,1,0,9,6,7,1
8,21,4,0,1,0,3,0,0,9,1,1,1,1,0,1,0,6,11,4,1
9,20,4,0,1,0,3,3,0,0,1,1,1,0,0,1,0,9,3,13,0
0,18,4,1,1,0,3,1,0,2,1,1,1,0,0,1,0,4,0,9,1
5,17,4,0,1,0,3,0,0,5,1,1,1,0,0,1,2,6,0,3,0
10,20,4,1,1,0,3,1,0,11,1,1,1,0,0,4,5,0,0,11,0
0,18,4,1,1,0,3,3,0,11,1,1,1,0,0,1,5,0,0,0,1
5,18,4,0,1,0,3,1,0,0,1,1,1,0,0,1,0,4,6,5,0
10,15,4,0,1,0,3,3,0,2,1,1,1,7,0,1,0,6,6,3,1
2,19,4,0,1,0,3,0,0,11,1,1,1,0,0,3,5,4,0,4,1
2,15,4,1,1,0,3,0,0,7,1,1,1,1,0,1,0,6,6,5,1
2,18,4,0,1,0,3,0,0,2,1,1,1,0,0,1,0,4,3,4,1
8,21,4,0,1,0,3,2,0,0,1,1,1,0,0,1,0,9,6,14,1
8,15,4,1,1,0,3,0,0,7,1,1,1,0,0,1,0,6,4,12,1
14,20,4,0,1,0,2,1,0,5,1,1,1,0,2,5,3,6,9,13,1
4,17,4,1,1,0,3,0,0,2,1,1,1,7,0,0,5,0,0,3,1
5,17,4,0,1,0,0,0,0,16,1,1,1,1,0,5,3,9,2,7,0
14,19,0,0,1,4,3,1,1,0,1,1,1,0,2,1,0,6,6,14,1
4,18,4,0,1,0,3,0,0,2,1,1,1,7,0,0,5,0,0,0,1
13,19,4,1,1,0,3,1,0,0,1,1,1,0,2,2,0,6,6,11,1
14,15,0,1,1,0,3,1,0,1,1,1,1,0,2,5,0,6,4,6,1
5,20,4,0,1,0,3,0,0,2,1,1,1,7,0,1,0,2,3,3,1
2,18,4,0,1,0,3,0,0,2,1,1,1,0,0,6,5,2,0,3,0
3,13,4,0,1,0,3,0,0,2,1,1,1,0,0,6,5,4,0,4,0
0,15,4,0,1,0,3,0,0,2,1,1,1,7,0,1,1,3,0,1,1
15,18,4,1,1,0,3,3,0,11,1,1,1,7,2,1,0,6,2,5,1
3,18,4,0,1,0,3,1,0,2,1,1,1,0,0,2,2,2,0,4,1
3,20,4,0,1,0,3,1,0,2,1,1,1,0,0,1,0,3,9,2,1
11,20,4,1,1,3,3,0,1,0,1,1,1,7,2,1,0,6,4,11,1
9,20,4,1,1,0,3,0,0,2,1,1,1,0,0,3,0,6,11,12,1
5,9,0,0,0,0,3,0,1,9,1,1,1,1,0,4,0,1,4,4,1
6,18,4,0,1,0,3,0,0,14,1,1,1,0,0,1,0,2,6,6,1
13,15,0,1,1,0,3,0,0,1,1,1,1,7,2,1,0,6,6,7,1
0,17,4,1,1,0,3,0,0,2,1,1,1,0,0,0,5,0,0,0,1
1,14,4,1,1,0,3,2,0,16,1,1,1,0,0,1,5,2,0,1,0
7,21,0,1,1,0,3,0,0,0,1,1,1,0,0,1,0,7,5,13,0
4,20,4,1,1,0,3,0,0,2,1,1,1,0,0,1,0,6,6,6,1
11,18,4,0,1,2,3,1,0,2,1,1,1,2,2,1,0,2,6,3,1
9,20,4,1,1,3,3,0,1,2,1,1,1,5,0,1,5,0,0,0,1
3,19,4,0,1,0,3,0,0,0,1,1,1,5,0,3,0,6,4,10,1
7,20,4,0,1,4,3,0,1,5,1,1,1,5,0,1,0,3,4,9,0
14,19,4,0,1,4,3,0,1,12,1,1,1,5,2,1,0,6,6,10,1
10,17,4,0,1,0,3,1,0,5,1,1,1,0,0,1,0,6,3,13,1
12,18,4,1,1,0,3,0,0,2,1,1,1,7,2,1,0,5,3,7,1
2,17,0,1,0,0,3,1,0,1,1,1,1,0,2,1,0,1,11,6,1
3,15,4,1,1,3,3,3,1,14,1,1,1,5,0,1,0,6,3,7,1
9,19,4,1,1,0,3,1,0,12,1,1,1,0,0,1,0,6,5,7,0
10,15,4,0,1,0,3,0,0,2,1,1,1,0,0,1,0,5,5,8,1
3,14,0,1,1,0,3,0,0,0,1,1,1,7,0,1,0,8,10,8,0
13,20,4,1,1,0,3,0,0,0,1,1,1,0,2,2,0,8,0,13,0
3,17,4,0,1,0,3,0,0,11,1,1,1,0,0,1,0,6,6,4,0
8,15,0,0,1,0,3,1,0,1,1,1,1,0,0,1,0,6,6,10,0
9,18,0,1,1,0,3,0,0,1,1,1,1,7,0,1,0,6,2,9,1
4,18,4,1,1,3,3,0,1,16,1,1,1,5,0,6,1,2,0,2,0
6,19,4,1,1,3,3,0,1,0,1,1,1,5,0,3,0,3,2,11,1
14,20,4,1,1,4,3,0,1,2,1,1,1,5,2,1,0,5,0,8,1
8,18,0,0,1,0,3,3,0,2,1,1,1,0,0,6,0,4,6,1,1
14,18,0,1,1,3,3,0,1,1,1,1,1,7,2,1,0,6,4,12,1
8,17,0,1,1,0,3,0,0,1,1,1,1,7,0,1,0,6,3,11,1
10,16,4,0,0,0,3,0,0,15,1,1,0,0,0,0,5,0,0,0,0
11,19,0,1,1,3,3,0,1,0,1,1,1,0,2,0,5,0,0,0,0
1,19,4,1,1,0,3,0,0,2,1,1,1,0,0,0,5,0,0,0,1
8,18,4,0,0,4,3,0,1,9,1,1,1,2,0,1,0,6,6,3,1
12,20,4,1,1,0,3,0,0,2,1,1,1,5,2,2,0,6,4,12,1
13,15,0,0,1,3,3,0,1,0,1,1,1,0,2,1,0,6,3,7,0
9,18,0,0,1,3,3,0,1,0,1,1,1,7,0,1,0,6,2,10,1
5,18,4,0,1,0,3,1,0,5,1,1,1,0,0,1,0,6,4,4,1
7,15,0,1,1,0,3,0,0,0,1,1,1,0,0,5,2,6,0,5,1
6,20,4,0,1,0,3,3,0,2,1,1,1,0,0,1,0,8,5,12,1
0,18,4,1,1,0,3,3,0,2,1,1,1,0,0,1,0,4,5,5,1
0,17,4,1,1,0,3,0,0,16,1,1,1,0,0,1,1,4,0,2,0
6,20,4,1,1,0,3,1,0,0,1,1,1,0,0,1,0,6,3,11,1
12,19,4,0,1,3,3,0,1,0,1,1,1,5,2,1,0,8,10,11,1
12,14,4,1,1,0,3,0,0,12,1,1,1,0,2,1,0,6,10,8,1
0,18,4,1,1,0,3,0,0,16,1,1,1,7,0,0,5,0,0,0,0
14,23,4,0,1,0,3,3,0,5,1,1,1,0,2,1,0,6,5,14,1
9,18,4,1,1,0,3,0,0,0,1,1,1,0,0,1,2,6,0,3,1
11,15,4,0,1,0,1,0,0,14,1,1,1,0,2,1,0,8,10,12,1
11,20,0,1,1,4,3,3,1,13,1,1,1,8,2,2,0,6,2,11,0
6,20,4,0,1,4,3,0,1,11,1,1,1,5,0,1,0,6,3,11,1
2,15,4,0,1,0,3,1,0,2,1,1,1,8,0,1,0,3,1,3,1
5,18,4,0,1,0,3,3,0,0,1,1,1,0,0,1,0,2,7,6,0
10,15,0,1,1,0,3,0,0,0,1,1,1,0,0,1,0,5,1,5,1
15,15,4,1,1,0,3,3,0,0,1,1,1,0,2,1,2,6,0,8,1
14,15,0,1,1,0,3,1,0,0,1,1,1,0,2,1,0,6,5,10,1
8,19,0,1,1,0,3,3,0,1,1,1,1,7,0,1,0,9,11,13,0
8,20,4,1,1,4,3,0,1,11,1,1,1,2,0,1,0,6,7,13,0
15,20,0,0,1,0,3,0,0,0,1,1,1,5,2,1,0,6,7,8,1
11,21,4,0,1,0,3,1,0,2,1,1,1,0,2,2,0,6,1,9,1
12,15,0,1,1,0,3,0,0,0,1,1,1,0,2,0,5,0,0,0,1
13,20,2,1,1,0,3,1,0,0,1,1,1,0,2,3,0,9,2,11,1
2,16,4,1,1,0,3,0,0,16,1,1,1,7,0,1,5,6,0,7,1
9,20,4,0,1,0,3,0,0,2,1,1,1,0,0,1,0,6,6,7,1
5,15,4,0,1,3,3,3,1,2,1,1,1,7,0,1,0,6,4,2,0
12,13,4,0,1,0,3,0,0,15,1,1,1,1,2,1,5,0,0,0,1
8,18,4,0,1,0,3,0,0,0,1,1,1,0,0,1,0,4,4,9,1
14,14,0,0,0,0,3,0,0,2,1,1,0,0,2,0,5,0,0,0,1
3,18,4,0,1,0,3,0,0,0,1,1,1,0,0,2,0,4,3,7,0
8,17,0,0,1,0,3,1,0,0,1,1,1,0,0,1,0,6,7,12,1
11,13,0,1,1,0,3,0,0,8,1,1,1,0,2,1,5,4,0,3,1
12,13,0,0,1,4,3,0,1,8,1,1,1,7,2,0,5,0,0,0,1
14,21,4,1,1,0,3,0,0,0,1,1,1,5,2,1,0,6,8,13,1
0,14,4,0,1,0,3,3,0,15,1,1,1,0,0,0,5,0,0,1,1
12,20,0,1,1,0,3,3,0,1,1,1,1,0,2,1,0,6,6,8,0
7,21,4,0,1,0,3,0,0,0,1,1,1,5,0,1,0,8,1,13,0
15,8,3,0,1,4,3,0,1,9,1,1,1,0,2,1,0,3,2,3,1
3,20,4,0,1,0,3,3,0,11,1,1,1,0,0,1,0,6,8,14,0
2,18,4,1,0,0,3,2,0,2,1,1,1,7,0,0,5,0,0,0,1
3,17,4,1,1,3,3,3,1,9,1,1,1,0,0,1,0,4,6,8,1
4,12,4,0,1,4,3,0,1,7,1,1,1,0,0,0,5,0,0,0,1
5,17,0,0,1,0,3,1,0,1,1,1,1,0,0,4,0,4,1,8,0
0,15,4,0,1,4,3,0,1,16,1,1,1,5,0,0,5,0,0,0,1
3,19,4,1,1,3,3,0,1,12,1,1,1,7,0,1,0,4,3,5,1
8,17,0,1,1,0,1,1,0,0,1,1,1,0,2,1,0,6,11,6,0
11,21,4,0,1,0,3,3,0,14,1,1,1,0,2,3,0,8,8,13,0
8,21,4,0,1,0,3,3,0,0,1,1,1,0,0,3,0,6,5,11,0
15,19,4,0,1,0,3,0,0,0,1,1,1,8,2,6,5,0,0,0,1
11,21,0,1,1,0,3,0,0,1,1,1,1,5,2,4,0,6,5,12,0
2,17,4,1,1,0,3,1,0,0,1,1,1,0,0,1,0,2,3,4,1
8,18,4,1,1,0,3,2,0,0,1,1,1,0,0,3,0,3,6,2,1
13,20,0,0,1,0,3,0,0,0,1,1,1,0,2,7,0,9,11,14,1
7,21,0,1,1,0,3,1,0,1,1,1,1,0,0,2,0,1,2,9,0
5,20,4,1,1,0,3,1,0,2,1,1,1,0,0,3,0,5,4,6,1
10,14,0,0,1,0,3,3,0,2,1,1,1,0,0,1,0,6,7,7,1
9,18,4,0,1,4,3,0,1,5,1,1,1,5,0,1,2,0,0,0,1
10,15,0,1,1,0,3,1,0,0,1,1,1,0,0,1,0,6,3,10,1
9,13,4,0,1,4,3,0,1,15,1,1,1,0,0,1,5,0,0,0,1
9,0,4,0,0,0,1,0,0,2,0,0,1,5,0,1,0,0,5,9,1
3,18,4,0,1,0,3,1,0,2,1,1,1,0,0,1,0,8,2,11,0
13,20,4,0,1,0,3,0,0,2,1,1,1,0,2,2,0,6,0,4,1
14,21,0,1,1,4,3,0,1,1,1,1,1,5,2,0,5,0,0,0,1
4,20,4,1,1,4,3,0,1,11,1,1,1,5,0,0,5,0,0,0,0
12,20,0,0,1,0,3,0,0,0,1,1,1,0,2,1,0,9,4,10,1
11,21,0,0,1,0,3,1,0,1,1,1,1,0,2,1,0,1,8,14,1
6,18,0,1,1,0,3,0,0,2,1,1,1,5,0,1,5,0,0,0,1
13,21,4,0,1,0,3,3,0,12,1,1,1,0,2,1,0,6,3,13,1
9,15,4,0,1,0,3,0,0,0,1,1,1,0,0,1,0,6,4,8,1
9,20,4,0,1,4,3,0,1,11,1,1,1,0,0,1,0,9,8,14,0
3,15,4,0,1,0,3,0,0,15,1,1,1,7,0,1,5,6,0,2,0
2,15,0,1,1,3,3,0,1,0,1,1,1,5,0,1,0,6,6,7,1
13,15,4,0,1,0,3,1,0,15,1,1,1,7,2,7,5,6,0,9,1
12,20,4,0,1,0,3,3,0,2,1,1,1,5,2,0,5,0,0,5,1
7,21,0,1,1,0,3,1,0,0,1,1,1,0,0,2,0,9,6,13,1
15,20,4,0,1,4,3,0,1,0,1,1,1,0,2,4,0,4,4,5,1
11,20,4,1,1,0,3,0,0,12,1,1,1,0,2,6,5,0,0,0,1
4,15,4,0,1,3,3,0,1,2,1,1,1,7,0,1,1,9,0,7,1
4,18,4,0,1,0,3,0,0,9,1,1,1,7,0,1,0,6,8,8,1
10,20,4,1,1,0,3,0,0,0,1,1,1,5,0,4,0,6,6,14,1
14,14,0,1,1,4,3,0,1,9,1,1,1,5,2,1,0,5,3,7,1
11,15,4,0,1,0,3,0,0,2,1,1,1,5,2,3,0,3,4,2,1
5,20,4,1,1,0,3,0,0,2,1,1,1,5,0,1,0,6,6,4,1
1,15,4,0,1,0,0,0,0,16,1,1,1,0,0,5,3,7,3,1,1
7,15,4,0,1,0,3,0,0,2,1,1,1,7,0,0,5,0,0,0,1
5,15,4,0,1,0,3,0,0,2,1,1,1,7,0,1,0,5,2,3,1
5,15,4,1,1,0,3,0,0,2,1,1,1,7,0,1,0,6,3,6,1
13,19,0,1,1,0,3,0,0,1,1,1,1,0,2,1,0,2,4,2,1
3,19,4,0,1,0,3,3,0,2,1,1,1,0,0,1,0,1,8,2,1
14,18,4,1,1,0,3,3,0,0,1,1,1,7,2,3,0,7,6,12,1
10,15,4,0,1,0,3,0,0,15,1,1,1,7,0,0,5,0,0,0,1
2,18,4,1,1,0,3,0,0,2,1,1,1,7,0,0,5,0,0,0,1
0,13,4,0,1,4,3,0,1,8,1,1,1,7,0,1,0,6,4,6,0
0,18,4,0,1,0,3,0,0,2,1,1,1,5,0,0,5,0,0,0,1
6,15,0,1,0,0,3,0,0,2,1,1,1,0,0,1,0,2,6,4,1
8,15,4,1,1,0,3,0,0,5,1,1,1,5,0,1,2,6,0,3,1
2,18,4,1,1,0,3,1,0,16,1,1,1,8,0,1,5,0,0,0,0
10,18,4,0,1,3,3,0,1,5,1,1,1,0,0,1,0,6,3,13,0
9,22,0,1,1,3,3,0,1,0,1,1,1,7,0,2,0,6,6,11,1
4,15,4,0,1,0,3,3,0,7,1,1,1,0,0,1,0,2,2,4,1
3,19,4,0,1,4,3,0,1,2,1,1,1,0,0,1,0,6,2,7,1
0,15,4,1,1,0,3,0,0,16,1,1,1,5,0,1,5,1,0,3,0
1,18,4,0,1,3,3,0,1,2,1,1,1,5,0,0,5,0,0,0,1
14,20,0,1,1,0,3,0,0,1,1,1,1,5,2,1,0,6,4,12,1
15,18,4,1,1,0,3,0,0,0,1,1,1,0,2,4,5,0,0,1,1
9,18,0,1,1,0,3,0,0,1,1,1,1,7,0,1,2,0,0,6,1
15,20,0,0,1,0,3,0,0,0,1,1,1,0,2,1,0,6,11,5,1
4,21,0,1,1,0,1,1,0,14,1,1,1,0,2,1,5,0,0,0,1
14,22,0,1,1,0,3,0,0,1,1,1,1,4,2,1,1,9,0,11,1
0,18,4,0,1,0,3,0,0,2,1,1,1,0,0,0,5,0,0,0,1
7,20,4,1,1,3,3,0,1,2,1,1,1,5,0,1,0,4,7,5,1
2,18,4,1,1,0,3,0,0,9,1,1,1,5,0,1,0,3,6,8,1
4,20,4,1,1,0,3,1,0,7,1,1,1,0,0,1,0,2,2,6,1
6,15,4,1,1,0,3,1,0,11,1,1,1,0,0,4,0,6,3,12,1
6,21,0,1,1,0,3,1,0,1,1,1,1,5,0,1,0,5,5,13,0
9,19,4,0,1,2,3,1,0,2,1,1,1,8,0,8,5,0,0,0,1
3,18,4,0,1,0,3,2,0,2,1,1,1,6,0,2,0,5,1,4,1
13,15,4,0,1,0,3,1,0,7,1,1,1,0,2,6,0,2,4,4,1
10,20,4,1,1,0,3,0,0,11,1,1,1,0,0,4,0,6,2,10,0
1,18,4,1,1,0,3,3,0,11,1,1,1,5,0,0,5,0,0,0,0
4,17,4,0,1,0,3,3,0,2,1,1,1,0,0,1,2,0,0,8,1
14,15,4,0,1,4,3,0,1,9,1,1,1,0,2,1,5,4,0,4,1
10,19,0,1,1,0,3,0,0,0,1,1,1,7,0,1,0,6,2,10,1
0,18,4,0,1,0,3,0,0,2,1,1,1,5,0,0,5,0,0,0,1
10,18,0,0,1,0,3,0,0,0,1,1,1,0,0,0,5,0,0,0,1
7,15,4,0,1,0,3,0,0,2,1,1,1,0,0,1,0,1,2,2,1
12,15,0,1,1,0,3,3,0,0,1,1,1,0,2,1,2,1,0,3,1
1,18,4,1,1,0,3,1,0,0,1,1,1,0,0,1,0,1,3,6,1
12,21,0,1,1,4,3,0,1,0,1,1,1,0,2,1,0,6,4,9,1
11,17,4,1,1,0,3,0,0,2,1,1,1,0,2,1,0,6,3,8,1
5,20,4,1,1,0,3,0,0,2,1,1,1,5,0,1,0,3,4,5,1
5,15,4,0,1,0,3,3,0,2,1,1,1,0,0,0,5,0,0,0,1
0,18,4,1,1,0,3,3,0,4,1,1,1,7,0,1,0,4,3,2,1
10,16,0,0,1,0,0,0,0,0,1,1,1,0,0,5,3,9,1,13,0
14,15,0,1,1,3,3,0,1,1,1,1,1,0,2,1,2,0,0,0,0
14,8,0,1,1,4,3,0,1,0,1,1,1,5,2,1,0,6,4,14,0
1,13,4,0,1,0,3,0,0,15,1,1,1,0,0,1,5,6,0,9,0
2,18,4,0,1,0,3,1,0,16,1,1,1,0,0,1,5,2,0,3,1
1,14,4,0,1,0,3,3,0,2,1,1,1,7,0,9,2,0,0,0,1
12,17,0,1,1,0,3,1,0,1,1,1,1,0,2,1,2,1,0,3,0
0,17,4,1,1,0,3,0,0,2,1,1,1,0,0,1,0,2,5,2,1
11,20,4,0,1,0,3,0,0,11,1,1,1,0,2,1,0,6,10,11,0
2,15,0,1,1,4,3,0,1,1,1,1,1,0,0,1,0,6,3,6,1
6,18,4,1,1,0,3,0,0,2,1,1,1,0,0,0,5,0,0,0,1
3,19,4,0,1,0,3,0,0,0,1,1,1,0,0,1,0,1,4,4,0
5,15,4,1,1,4,3,0,1,14,1,1,1,0,0,1,0,4,6,2,0
4,20,4,0,1,0,3,0,0,2,1,1,1,0,0,0,5,0,0,4,1
3,19,4,0,1,0,3,0,0,2,1,1,1,5,0,1,0,2,2,4,1
10,20,4,1,1,0,3,3,0,2,1,1,1,0,0,1,0,6,11,13,1
0,18,4,0,1,0,3,3,0,16,1,1,1,0,0,1,5,2,0,4,0
1,18,4,0,1,0,3,0,0,2,1,1,1,0,0,7,5,1,0,2,1
13,20,4,1,1,0,3,0,0,0,1,1,1,0,2,1,0,6,10,12,1
11,15,4,0,1,0,3,0,0,2,1,1,1,7,2,3,0,6,4,6,0
5,18,4,0,1,0,3,0,0,2,1,1,1,0,0,1,0,6,10,2,1
3,18,4,0,1,0,3,0,0,12,1,1,1,7,0,1,0,6,2,5,0
11,22,4,1,1,3,3,1,1,0,1,1,1,8,2,1,1,6,0,10,1
8,20,0,1,0,0,3,3,0,0,1,1,1,7,0,0,5,0,0,0,1
15,17,4,0,1,0,3,0,0,0,1,1,1,0,2,0,5,0,0,0,1
14,23,0,0,1,0,3,0,0,2,1,1,1,0,2,1,0,8,6,13,1
11,18,4,1,1,0,3,0,0,2,1,1,1,1,2,1,0,3,4,7,1
11,20,0,0,1,0,3,1,0,2,1,1,1,5,2,3,0,6,0,6,1
6,15,4,0,1,0,3,3,0,14,1,1,1,1,0,0,5,0,0,10,1
11,21,0,1,1,0,3,1,0,0,1,1,1,0,2,1,0,6,10,12,1
2,18,4,1,1,0,3,0,0,11,1,1,1,1,0,1,0,6,6,7,0
1,18,4,0,1,0,3,0,0,2,1,1,1,5,0,1,0,4,4,3,1
14,20,0,0,1,0,3,0,0,2,1,1,1,0,2,6,0,5,0,13,1
15,21,0,0,1,0,3,1,0,1,1,1,1,0,2,1,0,5,8,14,1
7,15,4,0,1,0,3,1,0,0,1,1,1,0,0,5,0,7,4,11,0
5,18,4,0,1,0,3,1,0,0,1,1,1,0,0,1,0,3,1,3,1
8,19,4,0,1,3,3,0,1,2,1,1,1,8,0,3,5,0,0,5,1
2,18,4,1,1,0,3,0,0,2,1,1,1,5,0,1,0,4,3,5,1
14,20,0,0,1,3,3,0,1,1,1,1,1,0,2,1,0,6,5,10,1
6,9,4,0,0,4,3,1,1,12,1,1,1,7,0,9,2,0,0,0,0
2,20,4,0,1,0,3,1,0,2,1,1,1,0,0,3,0,4,2,6,1
0,18,4,1,1,0,3,0,0,16,1,1,1,1,0,0,5,0,0,0,0
8,20,4,0,1,0,3,0,0,2,1,1,1,5,0,0,5,0,0,0,1
0,15,4,1,0,0,3,0,0,2,1,1,0,7,0,0,5,0,0,0,1
10,15,4,0,1,0,3,0,0,2,1,1,1,0,0,1,0,6,6,9,1
2,15,4,1,1,0,3,0,0,3,1,1,1,0,0,1,2,6,0,5,1
13,11,4,0,1,0,3,0,0,15,1,1,1,7,2,1,5,0,0,0,1
14,21,4,1,1,0,3,0,0,0,1,1,1,0,2,6,0,4,5,14,1
10,15,4,0,1,0,3,0,0,5,1,1,1,7,0,1,0,8,10,5,1
9,18,1,0,1,3,3,1,1,0,1,1,1,0,0,1,0,3,9,9,1
14,14,4,0,0,0,3,3,0,2,1,1,0,7,2,0,5,0,0,4,1
14,15,4,1,1,0,3,3,0,14,1,1,1,0,2,0,5,0,0,0,1
14,20,4,0,1,4,3,3,1,9,1,1,1,5,2,1,0,6,6,14,1
13,20,0,0,1,0,3,0,0,14,1,1,1,0,2,1,0,6,3,10,1
10,18,0,1,1,0,3,0,0,1,1,1,1,7,0,1,0,6,7,10,1
7,15,4,0,1,4,3,0,1,0,1,1,1,0,0,1,1,9,0,10,1
0,15,4,0,0,0,3,1,0,16,1,1,0,0,0,0,5,0,0,2,1
5,18,4,0,1,0,3,2,0,15,1,1,1,0,0,1,5,3,0,1,0
0,15,4,1,0,0,3,3,0,2,1,1,0,0,0,0,5,0,0,0,1
14,18,4,0,1,0,3,0,0,2,1,1,1,5,2,1,0,6,11,6,1
12,20,0,1,1,0,3,3,0,0,1,1,1,0,2,1,0,6,8,11,1
7,15,4,1,1,4,3,0,1,0,1,1,1,5,0,1,0,6,4,10,0
10,18,4,1,1,0,3,3,0,7,1,1,1,7,0,1,0,5,3,9,1
0,18,4,1,1,0,3,0,0,16,1,1,1,7,0,0,5,0,0,0,0
8,15,4,0,1,0,3,3,0,2,1,1,1,0,0,3,0,2,4,2,1
4,12,4,0,1,0,3,0,0,15,1,1,1,1,0,1,5,0,0,1,0
13,18,0,1,1,0,3,0,0,1,1,1,1,5,2,1,0,1,3,2,1
8,20,0,0,1,0,3,1,0,1,1,1,1,0,0,1,0,6,7,12,1
7,18,4,1,1,0,3,0,0,2,1,1,1,7,0,0,5,0,0,0,1
15,20,0,1,1,4,3,0,1,1,1,1,1,0,2,1,0,6,8,12,1
8,21,4,0,1,0,3,0,0,5,1,1,1,5,0,2,0,8,6,14,0
0,15,4,0,1,4,3,0,1,16,1,1,1,5,0,0,5,0,0,0,1
8,17,4,0,1,0,3,3,0,2,1,1,1,0,0,1,0,3,3,8,1
15,20,0,1,1,0,3,0,0,0,1,1,1,0,2,1,0,6,5,9,0
7,18,4,1,1,0,3,1,0,5,1,1,1,0,0,1,0,6,3,5,0
12,15,0,1,1,0,3,3,0,0,1,1,1,7,2,1,5,0,0,0,1
3,15,4,1,1,0,3,0,0,2,1,1,1,0,0,9,2,0,0,0,1
7,20,4,1,1,0,3,0,0,2,1,1,1,0,0,1,0,5,5,12,1
9,18,0,1,1,0,3,0,0,1,1,1,1,0,0,1,5,0,0,0,0
9,19,4,1,1,0,3,0,0,0,1,1,1,7,0,1,0,6,10,10,1
14,19,0,1,1,4,3,3,1,8,1,1,1,0,2,1,0,6,0,11,1
7,13,4,0,1,2,3,3,0,2,1,1,1,7,0,1,0,6,6,6,1
13,19,0,1,1,0,3,1,0,0,1,1,1,0,2,1,0,6,5,10,1
9,15,4,1,1,0,3,0,0,2,1,1,1,0,0,9,2,0,0,0,1
0,17,4,0,1,0,3,3,0,2,1,1,1,0,0,0,5,0,0,0,1
13,7,2,1,1,4,3,0,1,5,1,1,1,7,2,6,0,2,3,14,1
7,18,4,0,1,4,3,0,1,2,1,1,1,5,0,1,0,6,6,9,1
5,18,4,0,1,0,3,1,0,0,1,1,1,0,0,1,5,6,0,6,1
5,20,4,1,1,0,3,1,0,12,1,1,1,0,0,1,0,2,1,5,0
2,16,4,0,1,0,3,3,0,15,1,1,1,0,0,0,5,0,0,0,0
6,18,4,0,1,0,3,0,0,2,1,1,1,0,0,0,5,0,0,0,1
13,0,4,1,1,4,3,0,1,9,1,1,1,5,2,1,0,6,3,6,1
0,18,4,0,1,0,3,0,0,14,1,1,1,7,0,3,0,2,8,4,1
5,8,3,0,1,0,1,3,1,9,1,1,1,0,2,1,0,3,4,6,1
15,20,4,1,1,0,3,0,0,0,1,1,1,1,2,4,0,5,5,6,1
12,21,0,0,1,3,3,0,1,0,1,1,1,5,2,1,0,6,2,14,1
3,15,4,0,1,0,3,0,0,12,1,1,1,0,0,1,5,2,0,2,1
14,18,0,1,1,0,3,3,0,1,1,1,1,0,2,3,0,3,4,6,1
4,17,4,1,1,4,3,0,1,2,1,1,1,0,0,1,0,4,3,5,1
5,20,4,1,1,0,3,1,0,11,1,1,1,8,0,1,5,0,0,0,0
13,18,4,0,1,0,3,1,0,4,1,1,1,5,2,1,1,1,0,2,1
1,17,0,0,1,0,3,1,0,1,1,1,1,0,0,1,0,3,5,4,1
5,20,4,1,1,0,3,1,0,11,1,1,1,0,0,4,0,1,10,3,0
6,21,4,1,1,4,3,0,1,0,1,1,1,7,0,1,0,6,4,7,1
7,20,0,0,1,4,3,1,1,0,1,1,1,0,0,1,5,0,0,0,0
8,15,0,1,1,4,3,0,1,8,1,1,1,5,0,0,5,0,0,0,1
9,16,0,0,1,0,0,3,1,0,1,1,1,0,0,5,3,1,1,4,1
5,19,4,1,1,0,3,3,0,2,1,1,1,0,0,4,0,4,1,3,1
8,20,4,1,1,0,3,0,0,11,1,1,1,0,0,1,2,8,0,4,0
6,21,0,1,1,0,3,0,0,1,1,1,1,5,0,1,0,5,8,10,1
7,20,4,1,1,0,3,1,0,2,1,1,1,0,0,1,5,0,0,0,1
13,20,4,0,1,0,3,1,0,2,1,1,1,0,2,1,0,9,6,13,1
0,18,4,1,0,0,3,0,0,16,1,1,0,0,0,0,5,0,0,4,1
11,20,4,0,1,0,1,0,0,0,1,1,1,0,2,1,0,6,7,10,1
15,19,4,0,0,0,3,0,0,4,0,0,0,0,0,4,0,6,10,2,1
12,16,4,0,1,0,3,3,0,5,1,1,1,0,2,0,5,0,0,3,1
9,18,4,1,1,0,3,0,0,12,1,1,1,0,0,6,0,4,6,8,0
10,19,4,1,1,0,3,0,0,2,1,1,1,7,0,1,0,6,2,6,1
0,18,4,1,1,0,3,0,0,16,1,1,1,7,0,0,5,0,0,0,0
10,18,4,0,1,0,1,2,0,0,1,1,1,0,0,5,3,3,3,10,1
12,19,0,1,1,0,1,0,0,8,1,1,1,0,2,5,0,6,8,10,1
12,14,0,0,1,4,3,0,1,0,1,1,1,5,2,1,0,6,8,8,1
11,15,4,0,1,0,3,0,0,15,1,1,1,1,2,0,5,0,0,0,1
8,20,0,0,1,0,3,0,0,0,1,1,1,0,0,1,1,7,0,13,1
15,20,0,1,1,0,3,1,0,1,1,1,1,5,2,1,0,6,7,13,1
2,20,4,1,1,3,3,0,1,3,1,1,1,0,0,1,5,6,0,5,1
0,15,4,0,1,0,3,1,0,16,1,1,1,0,0,6,5,1,0,2,0
4,18,4,1,1,0,3,3,0,2,1,1,1,0,0,0,5,0,0,0,1
8,13,0,0,0,0,3,1,0,8,1,1,0,0,0,0,5,0,0,5,1
8,15,4,1,1,0,3,1,0,2,1,1,1,0,0,1,1,1,0,1,1
8,15,4,0,1,0,3,0,0,4,1,1,1,0,0,1,0,6,8,7,1
0,17,4,0,1,4,3,3,1,8,1,1,1,7,0,0,5,0,0,0,0
0,15,4,0,1,0,3,0,0,16,1,1,1,1,0,1,5,1,0,1,1
8,19,4,0,1,0,3,0,0,2,1,1,1,7,0,1,0,6,8,6,1
1,19,4,0,1,0,3,0,0,2,1,1,1,5,0,0,5,0,0,0,1
6,20,4,1,1,0,3,0,0,12,1,1,1,0,0,1,0,6,6,11,1
9,18,0,0,1,0,3,3,0,8,1,1,1,0,0,3,0,6,0,8,0
3,15,0,0,1,0,3,1,0,1,1,1,1,0,0,5,0,6,4,9,1
13,17,0,1,0,0,3,0,0,0,1,1,0,0,2,0,5,0,0,0,1
6,20,4,1,1,0,3,0,0,11,1,1,1,5,0,0,5,0,0,10,1
9,18,1,0,1,0,0,1,0,4,1,1,1,0,0,5,3,9,2,9,0
15,15,0,0,1,4,3,0,1,1,1,1,1,0,2,1,0,6,6,11,1
14,20,0,1,1,0,3,3,0,1,1,1,1,0,2,2,0,7,11,14,0
10,20,4,1,1,0,3,1,0,2,1,1,1,0,0,1,0,4,1,3,0
0,18,4,0,1,0,3,1,0,2,1,1,1,0,0,1,0,6,3,8,0
1,18,4,1,1,0,3,0,0,2,1,1,1,7,0,0,5,0,0,0,1
2,18,4,0,1,2,3,1,0,2,1,1,1,8,0,1,5,0,0,0,1
13,20,0,1,1,3,3,0,1,1,1,1,1,0,2,7,1,8,0,12,1
8,13,4,1,1,0,3,0,0,0,1,1,1,7,0,0,5,0,0,0,1
3,20,4,1,1,0,3,1,0,2,1,1,1,0,0,1,5,0,0,0,0
15,15,0,1,1,0,3,3,0,1,1,1,1,0,2,1,0,6,2,8,0
13,22,0,0,1,4,3,0,1,1,1,1,1,5,2,1,0,7,9,14,1
13,21,4,0,1,4,3,0,1,0,1,1,1,5,2,1,0,6,3,11,1
11,15,0,1,1,3,3,3,1,1,1,1,1,5,2,0,5,0,0,0,1
14,19,0,0,1,4,3,0,1,8,1,1,1,5,2,1,0,7,0,0,0
15,20,2,1,1,0,3,0,0,0,1,1,1,5,2,1,0,6,8,12,1
1,15,4,0,1,0,3,0,0,2,1,1,1,0,0,0,5,0,0,0,1
7,19,4,0,1,0,3,0,0,2,1,1,1,0,0,1,0,6,4,5,1
7,22,4,1,1,0,3,1,0,0,1,1,1,0,0,1,0,9,3,8,0
4,20,4,0,1,0,3,0,0,0,1,1,1,7,0,3,0,6,10,12,1
2,15,4,0,1,0,3,0,0,2,1,1,1,0,0,1,0,2,3,3,1
4,15,4,0,1,0,3,0,0,2,1,1,1,8,0,1,0,6,11,8,1
12,20,0,0,1,0,3,0,0,1,1,1,1,5,2,5,0,9,6,13,1
8,21,4,0,1,4,3,3,1,11,1,1,1,5,0,1,0,6,1,13,0
7,18,4,0,1,0,3,0,0,0,1,1,1,0,0,1,0,3,6,8,0
13,21,0,1,1,2,3,0,0,0,1,1,1,5,2,1,0,2,9,14,0
13,21,4,1,1,0,3,0,0,2,1,1,1,0,2,1,0,6,6,10,1
13,7,4,0,1,0,1,0,0,11,1,1,1,8,2,2,0,4,3,14,1
14,20,0,0,1,4,3,3,1,0,1,1,1,0,2,1,0,6,6,14,1
0,15,4,1,1,0,3,3,0,16,1,1,1,8,0,1,1,2,0,6,1
1,19,0,1,1,0,3,3,0,2,1,1,1,0,0,1,5,2,0,3,1
0,18,4,1,1,0,3,2,0,2,1,1,1,0,0,1,5,3,0,2,0
7,20,0,0,1,0,3,1,0,1,1,1,1,0,0,1,1,9,0,11,0
14,19,4,1,1,0,3,0,0,0,1,1,1,0,2,1,0,6,0,14,1
4,11,3,1,0,4,3,0,1,0,1,1,0,7,1,6,0,9,3,2,1
13,14,4,0,1,0,3,0,0,15,1,1,1,0,2,1,5,0,0,1,0
8,15,4,0,0,0,3,3,0,0,1,1,0,0,0,0,5,0,0,2,1
9,15,4,1,1,0,3,0,0,2,1,1,1,7,0,0,5,0,0,0,1
12,15,4,0,1,0,3,0,0,15,1,1,1,0,2,1,5,0,0,2,0
1,18,4,0,1,0,3,3,0,11,1,1,1,0,0,2,5,1,0,1,1
2,17,4,1,1,0,3,3,0,11,1,1,1,0,2,1,0,6,11,6,0
6,15,4,0,1,0,3,3,0,2,1,1,1,0,0,1,0,4,8,6,1
9,12,4,0,1,0,3,0,0,0,1,1,1,7,0,1,0,6,11,12,1
12,20,0,1,1,3,3,0,1,1,1,1,1,0,2,2,0,7,2,12,0
14,19,4,1,1,4,3,3,1,12,1,1,1,4,2,1,5,8,0,14,1
9,20,4,1,1,0,3,1,0,11,1,1,1,0,0,3,0,6,2,11,0
10,8,4,0,0,4,3,0,1,11,1,0,0,0,0,1,0,6,2,7,0
5,17,4,0,1,0,3,0,0,2,1,1,1,0,0,1,0,6,3,8,1
3,15,4,0,1,0,3,0,0,2,1,1,1,0,0,1,0,6,8,4,0
4,15,4,1,1,0,3,0,0,7,1,1,1,0,0,1,5,0,0,3,1
6,19,4,1,1,0,3,1,0,16,1,1,1,0,0,1,0,4,5,7,1
9,14,4,1,1,0,3,0,0,2,1,1,1,7,0,0,5,0,0,0,1
11,21,0,1,1,3,3,0,1,1,1,1,1,5,2,2,0,6,6,9,0
4,20,4,0,1,0,3,1,0,2,1,1,1,0,0,1,0,1,1,2,1
9,17,0,1,1,0,3,0,0,1,1,1,1,0,0,1,2,0,0,0,1
7,19,4,0,1,0,3,0,0,5,1,1,1,0,0,6,5,0,0,0,1
13,14,0,1,1,0,3,1,0,2,1,1,1,8,2,1,0,2,10,6,1
9,1,4,0,0,3,3,3,1,15,1,1,0,5,0,0,5,0,0,0,1
15,20,4,0,1,0,3,0,0,10,1,1,1,0,2,1,0,6,5,13,1
6,18,4,0,1,0,3,1,0,0,1,1,1,8,0,1,2,0,0,8,0
11,8,4,0,1,0,1,0,0,16,1,1,1,0,2,1,5,0,0,3,0
0,15,4,0,1,0,3,0,0,2,1,1,1,7,0,1,0,1,3,5,1
3,15,4,1,1,0,3,0,0,2,1,1,1,0,0,1,0,6,4,5,0
8,21,4,1,1,0,3,0,0,0,1,1,1,0,0,1,0,7,3,13,0
15,21,0,0,1,3,3,0,1,0,1,1,1,5,2,1,0,6,2,13,1
4,18,4,1,1,0,3,3,0,11,1,1,1,0,0,0,5,0,0,0,0
5,17,4,1,1,0,3,0,0,2,1,1,1,5,0,1,2,5,0,3,1
15,20,0,1,1,0,3,0,0,0,1,1,1,5,2,2,0,6,0,9,0
3,18,0,1,1,0,3,0,0,1,1,1,1,0,0,1,0,4,10,9,1
4,21,4,1,1,0,3,1,0,2,1,1,1,0,0,2,5,0,0,0,1
3,18,4,0,1,0,3,3,0,2,1,1,1,5,0,1,0,3,4,3,1
8,13,4,0,1,0,3,0,0,9,1,1,1,7,0,1,2,6,0,8,1
4,15,4,0,1,0,3,0,0,2,1,1,1,1,0,1,0,6,6,9,1
14,20,4,0,1,0,3,1,0,0,1,1,1,0,2,2,0,6,2,7,1
4,16,4,1,0,0,3,1,0,16,1,1,0,0,0,0,5,0,0,3,0
15,15,0,1,1,4,3,0,1,1,1,1,1,7,2,0,5,0,0,0,1
7,18,0,0,1,0,3,0,0,0,1,1,1,0,0,1,0,6,2,6,1
4,20,4,0,1,4,3,0,1,11,1,1,1,5,0,1,0,6,4,10,0
8,13,4,1,1,4,3,0,1,0,1,1,1,7,0,1,0,6,4,7,0
1,15,4,0,1,4,3,0,1,9,1,1,1,5,0,1,2,6,0,5,1
0,15,4,0,1,0,3,0,0,2,1,1,1,7,0,1,0,6,6,6,1
3,20,4,1,1,0,3,3,0,14,1,1,1,0,0,1,0,4,4,2,1
8,20,4,0,1,0,3,0,0,0,1,1,1,5,0,1,0,6,2,8,1
1,17,4,0,1,4,3,1,1,2,1,1,1,0,0,1,0,6,8,5,1
7,15,0,1,1,0,3,0,0,2,1,1,1,1,0,1,0,5,5,2,1
8,22,0,1,1,0,3,0,0,1,1,1,1,0,0,1,0,7,9,14,1
5,12,4,0,1,0,3,0,0,0,1,1,1,7,0,1,5,0,0,4,1
14,19,4,1,1,0,3,0,0,2,1,1,1,0,2,0,5,0,0,2,1
3,18,4,1,1,0,3,0,0,2,1,1,1,7,0,0,5,0,0,0,1
6,20,4,1,1,0,3,3,0,11,1,1,1,5,0,0,5,0,0,0,1
3,15,4,0,1,0,3,3,0,2,1,1,1,5,0,9,2,0,0,0,1
6,17,4,1,1,0,3,1,0,0,1,1,1,0,0,1,5,0,0,4,0
15,22,4,1,1,0,3,1,0,0,1,1,1,8,2,3,0,7,8,12,1
1,18,4,0,1,0,3,0,0,16,1,1,1,0,0,1,5,5,0,5,0
9,15,4,1,1,0,3,0,0,12,1,1,1,1,0,3,0,5,1,6,1
9,19,4,1,1,0,3,1,0,0,1,1,1,0,0,1,0,4,3,6,1
13,15,0,1,1,3,3,0,1,0,1,1,1,7,2,1,0,6,6,9,0
4,19,0,1,1,0,3,1,0,8,1,1,1,0,0,1,0,3,6,5,1
10,20,0,0,1,0,3,0,0,1,1,1,1,0,0,1,0,7,1,14,1
13,20,0,1,1,4,3,0,1,0,1,1,1,5,2,9,2,0,0,0,1
12,13,0,0,0,0,3,0,0,15,1,1,1,7,2,0,5,0,0,10,1
14,20,0,1,1,0,3,0,0,0,1,1,1,0,2,3,0,2,4,5,1
4,18,4,0,1,0,1,3,0,16,1,1,1,0,0,1,0,6,5,7,0
1,15,4,1,1,0,3,3,0,9,1,1,1,0,0,1,5,1,0,1,1
5,19,4,0,1,0,3,1,0,0,1,1,1,0,0,1,0,8,2,10,1
6,16,4,0,1,4,3,0,1,5,1,1,1,0,0,1,0,6,3,9,1
14,14,4,1,0,0,3,3,0,16,1,1,0,0,2,1,1,8,0,6,1
12,18,4,0,1,0,3,0,0,2,1,1,1,7,2,1,5,0,0,0,1
12,17,4,1,1,0,3,0,0,0,1,1,1,0,2,2,0,1,3,1,1
5,18,4,1,1,4,3,0,1,11,1,1,1,7,0,1,0,5,6,9,0
7,21,4,1,1,0,3,0,0,5,1,1,1,5,0,1,0,3,4,3,1
1,14,4,0,1,0,3,0,0,11,1,1,1,0,0,0,5,0,0,0,0
7,20,4,1,1,0,3,1,0,5,1,1,1,0,0,2,5,1,0,2,0
3,15,4,0,1,0,3,1,0,12,1,1,1,8,0,0,5,0,0,0,0
0,15,4,1,1,0,3,3,0,2,1,1,1,0,0,0,5,0,0,0,1
0,13,4,0,1,0,3,3,0,8,1,1,1,0,0,1,0,1,4,3,1
0,15,4,0,1,4,3,0,1,9,1,1,1,5,0,0,5,0,0,0,1
14,15,0,0,1,3,1,0,1,0,1,1,1,5,2,1,0,6,8,12,1
10,20,0,1,1,4,3,0,1,0,1,1,1,7,0,1,0,9,3,13,1
7,15,4,0,1,0,3,0,0,2,1,1,1,7,0,1,2,0,0,0,1
13,0,0,1,1,4,3,0,1,1,1,1,1,7,2,0,5,0,0,0,1
14,20,0,1,1,4,3,0,1,0,1,1,1,5,2,1,0,8,2,12,1
14,15,0,0,1,0,3,0,0,0,1,1,1,0,2,1,0,6,4,14,1
5,15,4,1,1,0,3,0,0,4,1,1,1,5,0,4,0,4,4,3,0
4,20,4,1,1,0,3,1,0,2,1,1,1,5,0,3,0,1,4,1,0
3,15,4,0,1,0,3,0,0,2,1,1,1,0,0,1,0,6,6,4,1
13,15,4,0,1,2,3,0,0,12,1,1,1,7,2,1,0,2,6,6,0
0,18,4,0,1,4,3,0,1,2,1,1,1,0,0,0,5,0,0,0,0
1,18,4,1,1,0,3,0,0,2,1,1,1,0,0,1,0,3,6,2,1
7,17,0,1,1,0,3,0,0,0,1,1,1,0,0,1,0,2,4,5,0
5,20,4,1,1,0,3,0,0,16,1,1,1,0,0,6,0,1,4,2,1
6,4,0,0,1,4,3,0,1,0,1,1,1,7,0,2,0,7,5,1,1
14,21,0,0,1,0,3,0,0,1,1,1,1,5,2,1,0,6,6,14,1
13,0,0,0,1,4,3,0,1,1,1,1,1,0,2,1,0,6,1,6,1
11,20,4,0,1,0,3,0,0,2,1,1,1,0,2,3,2,0,0,0,1
0,15,4,0,0,4,3,3,0,6,0,1,1,7,0,1,0,6,2,7,1
7,15,4,0,1,2,3,3,0,2,1,1,1,0,0,1,0,6,6,6,1
1,18,4,0,0,0,3,0,0,2,0,0,1,5,0,1,0,1,6,2,1
15,20,0,1,1,4,3,0,1,1,1,1,1,5,2,0,5,0,0,0,1
15,15,0,1,1,0,3,0,0,0,1,1,1,0,2,0,5,0,0,0,1
6,19,4,1,1,0,3,3,0,2,1,1,1,0,0,1,0,6,0,8,0
15,21,4,0,1,0,3,1,0,0,1,1,1,0,2,1,0,8,1,14,1
11,21,4,1,1,0,3,0,0,0,1,1,1,0,2,1,0,6,3,14,1
10,23,2,1,1,0,3,0,0,0,1,1,1,0,0,1,0,6,6,7,0
13,19,4,0,1,3,3,0,1,15,1,1,1,5,2,1,5,0,0,0,1
13,15,4,0,1,0,3,3,0,9,1,1,1,7,2,1,0,6,6,7,1
8,16,0,0,0,0,3,0,0,0,1,1,1,7,0,1,0,7,4,10,1
10,15,2,1,1,4,3,3,1,12,1,1,1,0,0,1,0,9,11,12,1
5,19,4,1,1,0,3,1,0,0,1,1,1,8,0,1,0,1,1,2,1
1,18,4,1,1,0,3,1,0,11,1,1,1,0,0,1,5,4,0,4,0
9,20,0,1,1,0,3,0,0,0,1,1,1,0,0,3,0,6,7,9,1
15,20,0,0,1,0,3,0,0,1,1,1,1,0,2,1,2,8,0,14,1
13,20,4,0,1,0,3,0,0,12,1,1,1,0,2,6,0,8,3,13,0
7,20,4,1,1,0,3,0,0,11,1,1,1,0,0,3,0,8,10,10,1
0,13,4,0,1,0,3,0,0,1,1,1,1,0,0,1,2,0,0,6,0
1,18,4,1,1,4,3,0,1,0,1,1,1,7,0,1,0,5,3,6,1
2,20,4,1,1,0,3,0,0,11,1,1,1,0,0,1,5,2,0,0,0
4,15,4,1,1,4,3,0,1,0,1,1,1,5,0,1,0,3,5,3,0
5,17,4,0,1,0,3,3,0,2,1,1,1,0,0,1,0,4,3,4,1
0,18,4,1,1,0,3,0,0,2,1,1,1,0,0,0,5,0,0,0,1
0,15,4,1,1,0,3,3,0,2,1,1,1,0,0,2,0,2,10,8,1
7,18,0,1,1,0,3,0,0,0,1,1,1,7,0,1,5,0,0,0,1
2,15,4,0,1,4,3,0,1,12,1,1,1,5,0,0,5,0,0,5,0
9,20,4,0,1,0,3,2,0,0,1,1,1,8,0,1,5,6,0,8,0
2,15,4,0,1,0,3,0,0,15,1,1,1,0,0,1,5,9,0,0,0
2,15,4,1,1,0,3,0,0,9,1,1,1,0,0,1,0,6,11,6,0
1,18,4,1,1,0,3,0,0,10,1,1,1,8,0,0,5,0,0,0,1
6,20,4,0,1,4,3,0,1,10,1,1,1,5,0,1,0,6,11,13,1
4,18,4,0,0,0,3,0,0,2,1,1,0,1,0,1,0,9,3,3,1
2,15,4,0,1,0,3,3,0,4,1,1,1,0,0,0,5,0,0,12,0
2,20,0,1,1,0,3,3,0,8,1,1,1,0,0,5,0,7,4,11,0
3,19,4,1,1,0,1,1,0,0,1,1,1,8,0,5,0,9,6,5,0
0,15,4,0,1,0,3,0,0,14,1,1,1,0,0,1,0,6,0,9,1
0,18,4,0,1,0,3,0,0,16,1,1,1,7,0,1,5,6,0,3,1
4,20,2,1,1,1,3,3,0,14,1,1,1,0,0,1,0,2,10,6,1
3,15,4,0,1,4,3,0,1,2,1,1,1,5,0,1,0,6,2,4,1
7,15,4,0,1,0,3,1,0,2,1,1,1,0,0,1,0,4,4,4,1
5,15,4,0,1,4,3,0,1,2,1,1,1,7,0,1,0,6,3,5,1
11,15,4,0,1,0,3,1,0,12,1,1,1,0,2,1,0,6,3,11,0
4,18,4,1,1,0,3,1,0,16,1,1,1,0,0,1,0,4,10,6,1
5,18,4,0,1,0,3,0,0,11,1,1,1,0,0,1,0,5,8,2,0
4,18,4,1,1,0,3,0,0,7,1,1,1,7,0,1,0,6,1,6,1
7,18,4,1,1,0,3,0,0,0,1,1,1,0,0,1,0,6,2,10,1
8,21,0,1,1,4,3,0,1,1,1,1,1,5,0,1,0,6,5,14,1
13,20,0,0,1,3,3,0,1,0,1,1,1,0,2,1,0,6,6,14,1
11,10,2,1,1,0,3,0,0,7,1,1,1,0,2,0,5,0,0,0,1
9,18,3,0,1,0,3,3,0,0,1,1,1,0,0,1,5,2,0,3,1
1,18,4,1,1,0,3,1,0,2,1,1,1,0,0,1,0,1,2,2,1
7,13,4,0,1,0,3,1,0,16,1,1,1,0,0,1,5,6,0,4,0
13,20,0,1,1,3,3,0,1,0,1,1,1,0,2,1,0,6,6,10,0
15,20,4,0,1,4,3,0,1,11,1,1,1,7,2,4,0,9,10,9,1
1,18,4,1,1,0,3,0,0,16,1,1,1,0,0,2,5,1,0,2,0
14,17,0,1,1,4,3,0,1,8,1,1,1,5,2,1,0,5,3,5,1
13,18,4,0,1,4,3,0,1,0,1,1,1,5,2,1,0,6,1,11,1
7,15,0,1,1,0,3,0,0,1,1,1,1,0,0,1,0,5,4,6,1
0,17,4,1,1,0,3,0,0,16,1,1,1,0,0,1,0,2,1,3,0
0,18,4,0,1,0,3,0,0,11,1,1,1,5,0,1,2,2,0,5,1
14,11,0,0,1,4,3,0,1,1,1,1,1,0,2,1,0,9,4,13,1
11,17,0,0,1,0,3,3,0,1,1,1,1,0,2,1,0,6,8,10,1
6,18,4,1,1,0,3,1,0,2,1,1,1,0,0,1,0,6,0,9,1
3,20,4,1,1,0,3,1,0,2,1,1,1,0,0,3,1,4,0,6,1
9,20,0,0,1,0,0,1,0,0,1,1,1,0,0,5,3,8,9,13,1
5,18,0,1,1,0,3,0,0,0,1,1,1,7,0,1,0,6,6,9,1
1,17,4,1,1,0,3,1,0,16,1,1,1,0,0,1,5,8,0,2,0
13,18,0,1,1,0,3,0,0,0,1,1,1,0,2,3,0,2,5,6,1
6,19,0,0,1,0,3,0,0,1,1,1,1,1,0,1,0,4,2,4,1
2,18,4,1,1,0,3,1,0,2,1,1,1,0,0,1,5,2,0,3,0
8,13,4,0,0,0,3,0,0,7,1,0,0,0,0,1,0,6,10,9,1
7,17,4,0,1,0,3,0,0,2,1,1,1,0,0,1,5,0,0,0,1
3,18,4,0,0,0,3,1,0,2,1,1,0,0,0,0,5,0,0,0,1
3,18,4,0,1,0,3,0,0,5,1,1,1,0,0,1,0,2,2,4,1
4,10,4,1,1,4,3,0,1,10,1,1,1,4,0,4,0,8,10,1,0
3,19,4,1,1,0,3,3,0,12,1,1,1,0,0,1,0,1,2,5,1
1,15,4,1,1,0,3,0,0,2,1,1,1,7,0,1,0,4,6,4,1
8,16,0,1,1,0,3,0,0,1,1,1,1,0,0,1,5,0,0,4,1
2,18,4,1,1,0,3,0,0,16,1,1,1,0,0,3,0,6,1,5,1
3,21,4,0,1,0,3,0,0,14,1,1,1,0,2,0,5,0,0,7,1
2,13,4,0,0,0,3,3,0,15,1,1,1,0,0,0,5,0,0,0,0
8,20,4,1,1,0,3,1,0,2,1,1,1,0,0,3,0,3,2,11,1
6,20,4,1,1,1,2,1,0,12,1,1,1,0,0,1,0,5,3,6,1
13,18,0,1,1,0,3,0,0,2,1,1,1,0,2,1,0,2,8,5,1
12,18,4,0,1,0,3,1,0,0,1,1,1,0,2,7,1,6,0,13,1
0,15,4,1,1,0,3,0,0,2,1,1,1,0,0,1,0,2,3,2,1
12,15,3,0,1,0,3,3,0,0,1,1,1,7,2,1,0,6,2,6,1
12,2,0,1,1,3,1,0,1,16,1,1,1,7,2,0,5,0,0,4,0
2,15,4,0,0,0,3,0,0,2,1,1,0,0,0,0,5,0,0,0,1
9,20,4,1,1,0,3,3,0,0,1,1,1,0,0,3,0,6,5,12,0
12,15,0,1,1,4,3,0,1,1,1,1,1,0,2,1,0,8,4,6,1
5,15,4,1,1,0,3,0,0,16,1,1,1,0,0,1,0,6,3,5,1
7,19,4,1,1,0,3,1,0,0,1,1,1,0,0,1,0,6,10,8,0
14,18,0,0,1,0,3,3,0,0,1,1,1,5,2,1,0,6,3,9,1
2,18,4,0,0,0,3,3,0,2,1,1,1,0,0,0,5,0,0,0,0
12,18,4,0,1,0,3,0,0,0,1,1,1,1,2,1,0,6,11,8,0
7,20,0,1,1,0,3,0,0,1,1,1,1,0,0,1,0,6,10,12,1
12,19,4,1,1,0,3,0,0,12,1,1,1,0,2,0,5,0,0,0,1
12,15,4,1,1,0,3,3,0,16,1,1,1,8,2,1,5,0,0,6,1
7,20,4,0,1,0,3,1,0,2,1,1,1,0,0,1,0,5,2,8,1
15,22,4,0,1,0,3,1,0,15,1,1,1,7,2,1,5,6,0,8,1
15,15,4,0,1,0,3,0,0,2,1,1,1,0,2,3,0,6,8,4,1
4,15,4,0,1,0,3,0,0,15,1,1,1,0,0,1,5,0,0,0,1
3,18,4,0,1,0,1,0,0,0,1,1,1,0,0,5,0,6,9,3,0
5,15,4,0,0,0,3,1,0,15,1,1,0,0,0,1,5,0,0,0,0
15,20,4,1,1,0,3,0,0,0,1,1,1,0,2,1,0,6,4,12,1
7,20,4,1,1,4,3,0,1,11,1,1,1,5,0,0,5,0,0,0,0
9,20,4,1,1,0,3,3,0,2,1,1,1,0,0,3,0,6,2,6,1
6,19,4,0,1,0,3,3,0,2,1,1,1,7,0,1,0,6,6,10,1
13,20,4,0,1,0,3,0,0,0,1,1,1,5,2,2,0,6,3,12,0
6,20,4,1,1,0,3,0,0,2,1,1,1,0,0,1,0,4,6,5,1
3,20,4,0,1,0,3,1,0,0,1,1,1,8,0,1,0,6,8,12,0
14,22,4,0,0,0,3,1,0,2,1,1,1,5,2,1,0,8,4,10,1
3,18,4,0,1,0,3,1,0,2,1,1,1,0,0,1,0,2,2,6,1
2,18,4,0,1,0,3,0,0,2,1,1,1,0,0,3,0,6,6,2,1
8,17,0,0,1,0,3,0,0,1,1,1,1,0,0,1,0,6,4,13,1
0,18,4,1,1,0,3,0,0,16,1,1,1,5,0,0,5,0,0,0,0
3,18,4,1,1,0,3,1,0,0,1,1,1,0,0,1,0,5,3,9,1
4,16,4,1,1,0,3,0,0,10,1,1,1,4,0,1,5,5,0,3,1
5,20,0,0,1,4,3,0,1,1,1,1,1,5,0,5,0,6,6,7,1
11,11,4,1,0,0,3,0,0,4,0,1,0,0,2,1,2,0,0,0,1
6,20,4,0,1,0,3,0,0,2,1,1,1,0,0,1,0,6,5,12,1
12,18,0,1,1,0,3,0,0,0,1,1,1,0,2,1,0,9,2,13,1
2,15,4,1,1,0,3,0,0,0,1,1,1,7,0,1,0,3,6,4,1
15,22,0,0,1,3,3,3,1,0,1,1,1,0,2,1,0,6,9,14,1
5,20,4,1,1,4,0,0,1,16,1,1,1,5,0,5,3,9,4,9,0
10,20,4,1,1,0,3,1,0,4,1,1,1,0,0,1,5,0,0,0,1
3,17,0,1,1,0,3,3,0,8,1,1,1,0,0,1,5,0,0,0,0
8,19,3,1,1,0,3,3,0,0,1,1,1,0,0,1,0,6,2,6,1
14,11,4,1,1,4,3,0,1,2,1,1,1,0,2,1,0,6,3,6,1
5,18,4,1,1,0,3,0,0,2,1,1,1,1,0,2,0,3,2,2,1
4,17,4,0,0,0,3,0,0,16,1,1,0,0,0,2,5,1,0,1,1
15,20,0,0,1,0,3,0,0,0,1,1,1,0,2,1,0,7,0,13,1
4,18,4,0,1,0,3,1,0,14,1,1,1,0,0,0,5,0,0,0,1
2,15,4,0,1,0,3,0,0,2,1,1,1,1,0,0,5,0,0,0,1
12,15,4,1,1,0,3,1,0,0,1,1,1,0,2,1,0,6,2,8,0
11,15,4,0,1,3,3,3,1,7,1,1,1,0,2,1,0,6,11,6,1
13,19,4,1,1,0,3,1,0,0,1,1,1,0,2,1,0,6,5,12,1
12,11,3,1,1,4,3,0,1,0,1,1,1,7,2,1,0,6,3,6,1
1,21,4,0,1,0,0,0,0,12,0,1,1,0,0,5,3,2,9,13,0
7,16,4,0,1,0,3,0,0,2,1,1,1,0,0,1,5,6,0,4,1
1,17,4,0,1,0,0,0,0,16,1,1,1,0,0,5,3,9,2,4,0
13,21,4,1,1,0,3,1,0,0,1,1,1,0,2,2,0,8,3,7,1
8,21,4,0,1,0,3,2,0,2,1,1,1,0,0,1,0,9,11,10,1
5,20,4,1,1,0,3,3,0,2,1,1,1,0,0,1,0,6,6,11,0
3,18,4,0,1,0,3,3,0,14,1,1,1,0,0,7,0,6,6,9,1
6,18,4,1,1,4,3,3,1,2,1,1,1,0,0,1,0,6,4,10,0
12,15,0,1,1,4,3,0,1,0,1,1,1,0,2,1,0,8,4,6,1
12,15,2,0,1,0,1,1,0,0,1,1,1,0,2,1,0,6,3,9,0
10,15,0,1,1,0,3,0,0,11,1,1,1,0,0,1,0,6,3,5,0
12,20,0,0,1,0,3,1,0,1,1,1,1,0,2,1,0,6,7,14,1
8,20,4,0,1,0,3,0,0,2,1,1,1,5,0,1,0,6,8,6,1
12,14,0,1,1,3,3,0,1,0,1,1,1,0,2,1,0,8,3,12,1
14,15,4,0,1,0,3,3,0,2,1,1,1,0,2,1,0,5,0,9,1
12,19,4,0,1,0,3,0,0,2,1,1,1,7,2,1,0,3,6,2,1
3,15,4,0,1,0,3,0,0,14,1,1,1,0,0,0,5,0,0,0,1
13,18,0,1,1,0,3,3,0,2,1,1,1,0,2,0,5,0,0,0,1
14,18,0,0,1,0,3,0,0,9,1,1,1,0,2,1,0,2,11,8,1
5,14,4,0,1,0,3,0,0,15,1,1,1,7,0,1,5,5,0,2,0
15,20,4,0,1,0,2,0,0,10,1,1,1,0,2,4,0,8,3,13,1
4,20,4,0,1,0,3,1,0,2,1,1,1,0,0,2,0,6,11,11,0
13,15,0,0,1,0,3,0,0,1,1,1,1,7,2,1,0,6,1,10,1
1,15,4,0,1,3,3,3,1,2,1,1,1,5,0,1,0,6,5,8,1
0,17,4,0,1,0,3,1,0,12,1,1,1,8,0,1,5,4,0,2,0
8,15,0,1,1,0,3,0,0,1,1,1,1,0,0,0,5,0,0,2,0
14,15,0,0,0,0,3,0,0,0,1,1,0,0,2,1,0,9,6,12,0
0,15,4,1,1,0,3,3,0,11,1,1,1,0,0,1,0,2,4,3,1
3,18,4,0,1,0,3,3,0,2,1,1,1,0,0,1,0,3,6,5,1
9,20,0,0,1,4,3,0,1,1,1,1,1,7,0,1,0,8,11,13,1
0,18,4,1,1,0,3,0,0,16,1,1,1,1,0,0,5,0,0,0,0
13,20,0,1,1,0,3,0,0,2,1,1,1,1,2,1,0,8,2,10,1
6,20,4,1,1,0,3,0,0,0,1,1,1,0,0,1,0,6,8,11,1
4,15,4,0,1,0,3,0,0,15,1,1,1,0,0,1,5,0,0,0,0
7,18,4,0,1,0,3,0,0,2,1,1,1,0,0,1,0,4,11,5,1
2,18,4,1,1,0,3,0,0,2,1,1,1,0,0,0,5,0,0,0,1
0,22,4,1,1,0,3,1,0,7,1,1,1,8,0,0,5,0,0,0,0
3,15,4,1,1,0,3,0,0,2,1,1,1,0,0,9,2,0,0,0,1
10,20,4,1,1,0,3,0,0,2,1,1,1,0,0,1,0,5,5,3,1
11,21,0,1,1,4,3,0,1,1,1,1,1,5,2,0,5,0,0,0,0
9,20,0,0,1,0,0,3,0,1,1,1,1,0,0,5,3,9,11,12,1
13,20,0,0,1,0,3,0,0,1,1,1,1,0,2,2,0,6,3,12,1
3,15,4,1,1,0,3,1,0,2,1,1,1,0,0,1,0,5,6,3,1
12,20,4,1,1,0,3,1,0,2,1,1,1,8,2,3,0,6,6,12,1
1,18,4,1,1,0,3,0,0,4,1,1,1,2,0,1,0,5,3,5,1
5,15,4,0,1,0,3,0,0,2,1,1,1,0,0,1,2,0,0,0,1
15,19,0,1,1,0,3,0,0,0,1,1,1,0,2,3,0,3,5,5,1
15,20,4,0,1,0,3,3,0,11,1,1,1,5,2,3,0,4,7,6,1
9,15,4,0,1,0,3,1,0,2,1,1,1,0,0,0,5,0,0,0,1
9,3,3,1,1,3,1,3,1,1,1,1,1,7,1,6,0,5,9,7,1
4,17,2,1,1,0,1,1,0,0,1,1,1,0,2,1,0,6,7,9,1
11,18,4,1,1,0,3,1,0,12,1,1,1,0,2,1,0,2,11,4,0
0,13,4,1,1,0,3,0,0,2,1,1,1,7,0,1,0,6,3,6,1
9,18,4,0,1,0,3,3,0,2,1,1,1,7,0,3,0,6,6,6,1
3,20,4,0,1,4,3,0,1,5,1,1,1,5,0,1,0,6,4,4,1
14,20,0,1,1,0,3,3,0,0,1,1,1,0,2,1,0,6,0,14,0
9,20,4,1,1,0,3,0,0,2,1,1,1,5,0,1,0,4,6,5,1
5,20,4,1,1,0,3,1,0,0,1,1,1,0,0,1,0,7,3,9,0
10,21,0,1,1,0,3,0,0,1,1,1,1,0,0,3,0,8,1,13,1
0,15,4,0,1,0,3,3,0,11,1,1,1,0,0,1,2,6,0,3,1
0,17,4,0,1,4,3,0,1,2,1,1,1,5,0,0,5,0,0,0,1
10,20,4,0,1,3,3,3,1,15,1,1,1,5,0,1,5,0,0,0,0
11,19,4,0,1,0,3,0,0,2,1,1,1,7,2,1,0,6,6,10,1
15,20,4,1,1,0,3,1,0,0,1,1,1,0,2,2,0,6,4,12,1
9,15,0,0,1,0,3,0,0,5,1,1,1,7,0,1,0,9,3,12,1
2,18,4,1,1,0,3,0,0,2,1,1,1,1,0,0,5,0,0,0,1
7,20,4,0,1,0,3,0,0,0,1,1,1,0,0,1,0,7,7,13,1
10,22,4,1,1,0,3,0,0,0,1,1,1,0,0,1,0,6,2,8,1
2,15,4,0,1,0,3,0,0,7,1,1,1,8,0,1,0,6,1,6,1
11,20,0,1,1,0,3,0,0,1,1,1,1,7,2,1,0,3,2,14,1
11,15,0,0,1,4,3,0,1,8,1,1,1,0,2,1,0,6,6,7,0
6,18,4,0,1,0,3,0,0,16,1,1,1,0,0,1,0,6,0,2,0
11,21,4,1,1,0,3,0,0,12,1,0,1,0,2,6,0,6,0,11,1
7,15,4,1,1,0,3,0,0,10,1,1,1,0,0,4,0,6,8,10,1
2,15,4,1,1,0,3,0,0,2,1,1,1,1,0,9,2,0,0,0,1
0,17,4,1,0,0,3,0,0,2,1,1,0,1,0,0,5,0,0,1,1
3,15,4,1,1,0,3,0,0,2,1,1,1,5,0,1,0,1,6,6,1
0,17,4,1,1,0,3,3,0,11,1,1,1,0,0,1,0,4,6,6,0
14,15,0,1,1,3,3,0,1,1,1,1,1,7,2,1,0,6,3,10,1
3,13,4,0,1,4,3,3,1,11,1,1,1,0,0,1,0,4,8,7,0
8,15,4,0,1,0,3,0,0,0,1,1,1,0,0,1,0,7,1,1,0
4,20,4,1,1,0,3,0,0,2,1,1,1,0,0,6,1,3,0,6,1
7,13,4,1,1,0,3,0,0,2,1,1,1,6,0,1,0,5,10,6,1
12,19,4,1,1,4,3,3,1,11,1,1,1,0,2,1,0,3,3,5,1
4,20,4,1,1,3,3,0,1,2,1,1,1,0,0,1,0,4,6,4,1
7,15,4,0,1,0,3,0,0,2,1,1,1,7,0,1,0,6,11,6,1
8,21,4,1,1,4,3,0,1,0,1,1,1,5,0,0,5,0,0,0,0
4,21,4,1,1,0,3,3,0,11,1,1,1,0,0,3,0,2,4,3,0
0,18,4,0,1,0,3,2,0,2,1,1,1,0,0,1,0,6,6,4,1
11,20,0,1,1,3,3,0,1,0,1,1,1,5,2,3,0,6,4,5,1
4,20,4,1,1,0,3,1,0,11,1,1,1,0,0,2,0,6,3,9,1
1,18,4,1,0,0,3,0,0,2,1,1,0,0,0,0,5,0,0,0,1
11,16,0,1,1,0,3,3,0,3,1,1,1,0,2,1,5,6,0,5,1
6,20,4,1,1,0,3,0,0,2,1,1,1,0,0,0,5,0,0,0,1
8,20,4,0,1,0,3,0,0,11,1,1,1,0,0,1,2,0,0,0,0
9,21,0,0,1,0,3,3,0,0,1,1,1,0,0,2,0,9,1,14,0
10,21,4,0,1,3,3,0,1,0,1,1,1,5,0,1,0,6,4,9,1
11,20,4,1,1,0,3,3,0,11,1,1,1,8,2,1,0,6,10,13,0
10,10,4,1,1,4,3,0,1,7,1,1,1,0,0,5,5,0,0,0,1
12,21,4,0,1,4,3,3,1,0,1,1,1,0,2,1,0,6,10,13,1
4,18,4,0,1,0,3,0,0,2,1,1,1,7,0,0,5,0,0,0,1
1,15,4,1,1,0,3,3,0,2,1,1,1,0,0,0,5,0,0,0,1
2,18,4,1,1,0,3,0,0,2,1,1,1,1,0,0,5,0,0,0,1
9,18,0,1,1,0,3,0,0,2,1,1,1,0,0,1,0,6,4,9,1
15,19,0,1,1,4,3,0,1,0,1,1,1,0,2,1,0,6,10,9,1
15,18,0,0,1,0,3,0,0,0,1,1,1,0,2,1,5,0,0,0,0
7,20,4,0,1,0,3,1,0,0,1,1,1,0,0,1,0,7,11,14,1
6,20,4,1,1,0,3,1,0,0,1,1,1,0,0,2,0,1,6,12,1
9,18,4,0,1,0,3,3,0,12,1,1,1,2,0,1,0,9,7,14,0
10,14,0,0,1,0,3,0,0,15,1,1,1,7,0,0,5,0,0,0,0
11,20,4,0,1,0,3,3,0,0,1,1,1,0,2,1,0,6,3,11,1
3,18,4,0,1,0,0,1,0,16,1,1,1,0,0,5,3,2,1,5,1
1,18,4,1,1,0,3,1,0,2,1,1,1,0,0,0,5,0,0,0,0
3,20,4,1,1,0,3,3,0,14,1,1,1,0,0,1,0,2,10,4,0
11,15,4,0,1,0,3,0,0,2,1,1,1,5,0,4,0,4,5,4,0
5,17,0,1,1,0,3,3,0,2,1,1,1,0,0,6,0,4,7,5,1
7,18,4,1,1,0,3,0,0,11,1,1,1,5,0,1,0,6,6,6,1
7,18,0,1,1,0,3,0,0,0,1,1,1,0,0,3,0,6,8,12,0
3,18,4,1,1,0,3,3,0,2,1,1,1,1,0,1,0,3,5,8,1
10,19,0,1,1,0,3,1,0,1,1,1,1,0,0,1,5,0,0,0,1
15,15,4,0,1,4,3,0,1,12,1,1,1,0,2,6,0,4,0,8,0
9,20,4,1,1,0,3,0,0,2,1,1,1,0,0,1,0,8,3,10,1
3,19,4,1,1,0,3,0,0,2,1,1,1,5,0,1,1,3,0,9,1
10,14,0,1,1,0,3,1,0,2,1,1,1,0,0,1,2,6,0,5,1
12,20,4,0,1,0,3,3,0,2,1,1,1,5,2,2,0,6,0,8,1
13,17,0,1,1,0,3,0,0,0,1,1,1,5,2,6,0,1,2,2,1
13,0,4,0,1,0,3,0,0,0,1,1,1,0,2,6,0,8,4,11,1
7,15,4,1,1,0,3,0,0,2,1,1,1,7,0,1,0,6,4,5,1
3,10,1,1,0,0,3,1,0,14,1,1,0,6,0,0,5,0,0,3,0
6,21,4,1,1,4,3,0,1,5,1,1,1,5,0,1,0,6,6,11,0
11,18,0,1,0,0,3,0,0,8,1,1,0,7,1,6,1,2,0,0,1
15,18,4,0,1,0,3,3,0,10,1,1,1,5,2,1,0,6,3,5,1
7,20,4,0,1,0,3,1,0,0,1,1,1,0,0,1,0,6,8,12,1
2,18,4,0,1,0,3,0,0,15,1,1,1,1,0,0,5,0,0,0,0
3,13,4,0,0,0,3,1,0,16,1,1,0,0,0,1,5,0,0,4,1
15,20,0,1,1,0,3,0,0,0,1,1,1,7,2,1,2,2,0,6,0
2,17,4,1,1,0,3,0,0,2,1,1,1,0,0,0,5,0,0,0,1
14,18,4,0,1,0,3,0,0,0,1,1,1,0,2,1,0,7,8,11,0
15,20,0,0,1,0,3,1,0,0,1,1,1,0,2,1,0,6,3,13,0
15,21,4,0,1,4,3,0,1,0,1,1,1,5,2,1,0,6,6,14,1
15,18,0,0,1,3,3,0,1,0,1,1,1,0,2,1,0,6,6,6,1
3,17,4,0,1,0,0,0,0,16,1,1,1,0,0,5,3,9,1,7,0
7,15,0,1,1,0,3,0,0,2,1,1,1,7,0,1,0,6,8,10,1
13,20,4,1,1,4,3,0,1,11,1,1,1,5,2,1,0,1,6,6,1
12,0,4,0,1,0,3,3,0,9,1,1,1,7,2,1,1,3,0,1,1
4,21,4,1,1,0,3,0,0,0,1,1,1,5,0,2,0,6,2,7,0
2,18,4,0,1,0,3,1,0,2,1,1,1,0,0,1,0,6,11,3,1
11,19,0,0,1,0,0,0,0,0,1,1,1,0,2,1,1,8,0,9,1
5,20,4,1,0,2,3,1,0,2,1,1,0,0,0,1,0,5,3,6,1
11,13,4,1,1,4,3,0,1,10,1,1,1,8,2,1,0,6,8,7,1
8,21,4,1,1,0,3,1,0,7,1,1,1,0,0,1,0,6,4,7,1
3,20,0,0,1,0,3,1,0,1,1,1,1,0,0,1,0,1,2,4,0
9,20,4,0,1,0,3,1,0,5,1,1,1,5,0,1,0,3,2,14,1
5,20,4,1,1,0,3,1,0,9,1,1,1,8,0,1,5,6,0,3,1
15,15,4,0,0,0,3,0,0,0,1,1,0,0,2,0,5,0,0,5,1
7,18,4,1,0,0,3,0,0,3,1,0,0,1,0,6,5,0,0,2,1
6,15,0,0,1,0,3,0,0,1,1,1,1,0,0,1,5,0,0,0,1
14,19,4,1,1,0,3,3,0,12,1,1,1,1,2,1,0,3,8,14,1
4,20,4,1,1,0,3,0,0,2,1,1,1,0,0,1,0,6,3,8,1
10,20,4,0,1,0,3,0,0,9,1,1,1,0,0,1,0,5,6,8,1
3,18,4,1,1,0,3,0,0,9,1,1,1,0,0,1,0,1,3,1,1
15,19,4,1,1,0,3,3,0,12,1,1,1,0,2,1,0,6,5,5,1
6,20,4,0,1,0,3,0,0,11,1,1,1,0,0,1,0,6,3,9,1
1,15,4,0,1,4,3,0,1,16,1,1,1,5,0,0,5,0,0,0,1
3,18,4,0,1,0,3,1,0,2,1,1,1,0,0,1,0,2,3,5,1
0,15,4,0,1,0,3,0,0,2,1,1,1,0,0,0,5,0,0,0,1
0,17,4,0,1,0,3,3,0,2,1,1,1,1,0,1,5,5,0,3,0
0,17,4,0,1,0,3,3,0,2,1,1,1,0,0,1,0,4,6,2,1
0,18,4,1,1,0,3,0,0,2,1,1,1,0,0,1,0,3,0,1,1
12,18,4,0,1,0,3,0,0,0,1,1,1,1,2,5,0,6,4,10,0
14,15,0,1,1,0,3,0,0,1,1,1,1,0,2,1,0,5,9,7,1
4,16,4,1,1,0,3,1,0,10,1,1,1,4,0,1,0,5,8,5,1
10,18,0,0,1,0,3,0,0,1,1,1,1,5,0,1,0,7,4,12,1
11,20,4,0,1,3,3,0,1,5,1,1,1,5,2,1,0,6,6,9,1
4,20,4,0,1,0,3,1,0,0,1,1,1,0,0,1,0,9,2,11,0
8,19,4,0,1,0,3,1,0,12,1,1,1,0,0,2,0,9,4,10,1
8,20,4,0,1,0,1,0,0,0,1,1,1,5,0,1,0,6,8,13,1
10,20,4,1,1,0,3,0,0,2,1,1,1,0,0,1,0,6,3,14,1
15,21,0,0,1,4,3,0,1,0,1,1,1,5,2,1,0,4,10,5,1
5,15,4,0,1,0,3,0,0,2,1,1,1,0,0,0,5,0,0,1,1
13,18,4,1,1,4,3,0,1,0,1,1,1,0,2,1,0,3,6,3,1
14,0,4,0,1,4,3,0,1,0,1,1,1,7,2,1,0,6,4,9,1
9,16,4,0,0,0,3,0,0,15,1,1,0,7,0,0,5,0,0,0,1
1,18,4,1,1,0,3,0,0,11,1,1,1,0,0,1,0,1,4,5,1
15,15,0,1,1,0,3,1,0,0,1,1,1,0,2,1,0,4,3,5,1
14,15,4,0,1,4,3,0,1,2,1,1,1,0,2,1,0,6,2,7,1
13,21,0,0,1,2,0,0,0,0,1,1,1,5,2,5,0,9,6,14,0
11,19,0,0,1,0,3,1,0,0,1,1,1,0,2,1,2,6,0,14,1
3,11,4,0,1,0,3,0,0,11,1,1,1,0,0,1,0,9,2,14,0
11,8,4,0,1,0,1,3,0,16,1,1,1,0,2,1,5,0,0,3,1
7,15,4,0,1,4,3,0,1,0,1,1,1,7,0,1,0,5,6,6,1
9,14,4,1,1,0,3,3,0,12,1,1,1,0,0,3,0,2,2,4,1
12,19,4,0,1,0,3,1,0,0,1,1,1,5,2,7,0,7,8,14,1
13,15,0,1,1,4,3,0,1,0,1,1,1,0,2,6,0,1,0,1,0
14,21,0,1,1,4,3,0,1,1,1,1,1,5,2,0,5,0,0,0,0
3,18,4,0,0,0,3,3,0,2,1,1,0,0,0,1,5,0,0,4,1
4,12,4,0,0,4,3,0,1,16,1,1,1,2,0,0,5,0,0,5,1
8,20,4,0,1,0,2,0,0,2,1,1,1,0,0,4,0,6,1,11,1
15,15,0,1,1,4,3,0,1,1,1,1,1,5,2,0,5,0,0,0,1
15,18,0,1,1,0,3,3,0,0,1,1,1,0,2,1,0,4,1,5,1
12,20,2,1,1,0,3,0,0,0,1,1,1,7,2,1,0,6,4,9,0
11,18,0,1,1,0,3,0,0,0,1,1,1,0,2,0,5,0,0,0,0
3,15,4,0,1,0,3,0,0,0,1,1,1,0,0,1,0,4,2,4,0
15,21,0,1,1,0,3,3,0,0,1,1,1,0,2,1,0,6,8,8,1
3,22,0,1,1,0,3,3,0,1,1,1,1,0,0,1,1,8,0,10,1
12,21,0,0,1,0,3,0,0,1,1,1,1,0,2,2,0,7,8,12,1
13,14,4,0,1,3,3,0,1,15,1,1,1,5,2,1,5,0,0,1,1
14,14,4,0,0,0,3,1,0,0,1,1,0,0,2,1,2,0,0,0,1
9,18,4,1,1,0,3,1,0,2,1,1,1,8,0,4,5,0,0,3,1
9,15,0,1,1,4,3,0,1,1,1,1,1,7,0,1,0,6,2,11,1
14,20,4,1,1,4,3,0,1,0,1,1,1,5,2,1,0,5,10,12,1
11,15,4,1,1,0,3,0,0,2,1,1,1,0,2,1,0,2,6,8,1
8,20,4,1,1,4,3,1,1,9,1,1,1,2,0,6,5,2,0,3,1
5,15,4,0,1,0,3,0,0,2,1,1,1,5,0,1,0,6,3,10,1
7,13,0,1,1,4,3,3,1,0,1,1,1,8,0,1,5,4,0,5,0
4,20,4,0,1,0,3,0,0,14,1,1,1,0,0,1,0,6,4,9,0
15,18,0,0,1,0,3,3,0,1,1,1,1,0,2,1,0,6,8,12,1
11,19,4,0,1,0,3,0,0,7,1,1,1,8,0,1,0,4,8,4,1
8,17,4,1,1,0,3,3,0,0,1,1,1,7,0,1,0,7,2,5,1
10,20,4,0,1,0,3,0,0,2,1,1,1,5,0,1,0,4,3,14,1
11,10,4,0,1,4,3,0,1,12,1,1,1,0,2,1,0,6,3,10,0
1,18,4,1,1,0,3,1,0,16,1,1,1,7,0,1,5,2,0,4,0
10,19,0,1,1,0,3,0,0,0,1,1,1,0,0,1,0,4,3,9,1
13,12,3,0,1,0,3,0,0,15,1,1,1,1,2,0,5,0,0,4,0
11,15,0,0,1,0,3,0,0,8,1,1,1,0,2,1,0,6,6,8,1
6,20,0,1,1,0,3,1,0,1,1,1,1,0,0,2,0,6,0,13,0
10,15,4,0,1,3,3,3,1,2,1,1,1,7,0,0,5,0,0,0,1
7,15,4,0,1,0,3,1,0,2,1,1,1,0,0,1,0,6,11,8,1
6,18,4,1,1,0,3,0,0,11,1,1,1,0,0,1,0,8,2,10,0
5,21,4,1,1,0,3,1,0,0,1,1,1,0,0,4,0,5,2,4,0
8,20,4,1,1,0,3,0,0,2,1,1,1,5,0,1,0,6,8,10,1
12,15,0,1,1,0,3,1,0,1,1,1,1,0,2,1,0,8,6,12,1
12,9,0,0,1,0,3,1,0,9,1,1,1,7,2,2,0,8,8,6,1
13,20,4,0,1,0,3,3,0,0,1,1,1,0,2,7,0,7,10,13,0
8,20,4,0,1,0,3,0,0,0,1,1,1,1,0,6,0,6,0,7,1
3,20,4,0,1,0,3,1,0,11,1,1,1,0,0,1,0,8,1,13,1
10,20,4,0,1,0,3,0,0,0,1,1,1,0,0,3,0,6,3,12,1
5,18,4,0,1,0,3,0,0,15,1,1,1,7,0,1,2,7,0,9,0
1,15,4,0,1,0,3,0,0,2,1,1,1,0,0,0,5,0,0,0,1
9,20,4,0,1,0,3,3,0,0,1,1,1,1,0,1,0,6,6,5,1
14,20,0,0,1,0,3,1,0,0,1,1,1,5,2,2,0,7,4,14,1
6,20,4,1,1,0,3,0,0,11,1,1,1,0,0,2,5,0,0,0,0
2,18,4,0,1,0,3,1,0,2,1,1,1,8,0,0,5,0,0,0,1
2,15,4,1,0,0,3,0,0,0,1,1,1,5,0,0,5,0,0,2,1
13,20,0,0,1,0,3,0,0,0,1,1,1,0,2,1,0,8,8,14,1
1,18,4,1,1,0,3,0,0,2,1,1,1,0,0,0,5,0,0,0,1
15,15,0,1,1,4,3,0,1,1,1,1,1,0,2,0,5,0,0,0,1
11,21,0,0,1,0,3,1,0,0,1,1,1,0,2,1,0,8,11,13,0
13,15,4,1,1,0,3,0,0,12,1,1,1,0,2,1,0,6,10,10,1
3,15,4,1,1,0,3,0,0,4,1,1,1,5,0,1,0,5,6,5,1
12,20,4,0,1,0,3,1,0,0,1,1,1,8,2,1,0,6,8,13,1
13,18,0,1,1,0,3,3,0,9,1,1,1,5,2,2,0,7,11,10,1
5,15,4,0,1,0,0,3,0,16,1,1,1,1,0,5,3,9,1,6,0
10,20,4,1,1,0,3,0,0,9,1,1,1,0,0,1,0,7,11,14,1
15,21,4,0,1,4,3,0,1,11,1,1,1,5,2,1,0,6,10,11,1
5,22,4,1,1,0,3,1,0,7,1,1,1,0,0,1,0,5,6,6,1
9,20,0,1,1,0,3,1,0,0,1,1,1,1,0,1,0,6,7,10,0
3,18,4,0,1,0,0,1,0,16,1,1,1,0,0,5,3,9,2,6,1
13,18,0,0,1,4,3,0,1,0,1,1,1,0,2,3,0,6,6,11,1
8,15,4,0,0,0,3,0,0,0,1,1,0,7,0,0,5,0,0,0,1
5,20,4,0,1,0,3,1,0,2,1,1,1,0,0,1,5,0,0,0,1
8,21,4,0,1,0,3,0,0,0,1,1,1,5,0,1,0,6,6,13,0
10,14,4,0,1,0,3,1,0,2,1,1,1,0,0,1,2,6,0,8,1
10,20,0,1,1,0,3,0,0,0,1,1,1,0,0,1,0,6,11,13,1
6,15,4,1,1,0,3,0,0,9,1,1,1,0,0,0,5,0,0,0,1
11,20,4,1,0,0,3,0,0,0,1,1,0,7,2,1,0,6,3,6,1
5,12,0,1,1,0,3,0,0,1,1,1,1,0,0,1,2,0,0,4,1
14,15,0,1,1,4,3,0,1,1,1,1,1,5,2,1,5,0,0,0,0
10,20,4,1,1,4,3,0,1,0,1,1,1,7,0,1,0,6,3,11,1
8,15,4,0,1,0,3,0,0,2,1,1,1,0,0,1,0,3,6,2,1
5,20,4,0,1,4,3,0,1,9,1,1,1,5,0,1,5,6,0,1,0
10,18,0,1,1,0,3,0,0,1,1,1,1,0,0,1,0,7,6,9,0
8,21,4,1,1,0,3,0,0,2,1,1,1,0,0,3,0,2,6,5,1
12,20,4,0,1,0,3,0,0,0,1,1,1,0,2,1,0,7,10,13,1
7,18,4,1,1,0,3,0,0,2,1,1,1,7,0,1,5,0,0,4,1
1,18,4,1,1,0,3,0,0,2,1,1,1,7,0,1,0,2,3,2,1
3,18,4,1,1,0,3,0,0,2,1,1,1,0,0,0,5,0,0,5,1
11,18,0,1,1,3,3,0,1,1,1,1,1,7,2,1,5,0,0,11,1
15,15,0,1,1,0,3,3,0,0,1,1,1,7,2,1,0,6,2,10,1
2,18,4,1,1,0,3,3,0,12,1,1,1,7,0,1,5,4,0,2,0
2,15,4,1,1,0,3,3,0,0,1,1,1,0,0,1,0,6,2,5,0
12,18,0,0,1,0,3,3,0,0,1,1,1,1,2,1,0,9,8,10,1
11,15,4,0,1,0,3,0,0,0,1,1,1,7,2,3,2,8,0,6,1
10,15,4,0,1,3,3,0,1,2,1,1,1,0,0,1,0,6,6,9,1
9,10,4,0,1,3,3,0,1,2,1,1,1,8,0,5,0,6,3,10,1
12,16,3,1,1,0,3,0,0,0,1,1,1,0,2,1,0,7,3,8,0
15,15,0,0,1,0,1,0,0,2,1,1,1,0,2,6,5,0,0,0,1
0,17,4,1,1,0,3,0,0,2,1,1,1,0,0,1,0,6,5,7,1
13,15,4,0,1,0,3,3,0,0,1,1,1,7,2,1,0,9,6,10,1
7,16,0,0,1,0,3,0,0,1,1,1,1,0,0,1,0,6,1,8,0
4,20,4,0,1,0,3,0,0,11,1,1,1,5,0,1,0,4,6,4,0
0,17,4,1,1,0,3,0,0,16,1,1,1,0,0,1,0,6,1,2,0
2,18,4,1,1,0,3,0,0,2,1,1,1,7,0,1,0,2,2,2,1
1,18,4,1,1,0,3,1,0,2,1,1,1,0,0,1,0,2,4,4,1
2,15,2,1,1,0,3,1,0,2,1,1,1,7,0,1,5,2,0,2,1
0,15,4,0,1,0,3,3,0,2,1,1,1,0,0,0,5,0,0,0,0
7,15,4,1,1,4,3,0,1,5,1,1,1,5,0,1,0,6,6,4,1
13,21,0,0,1,0,3,3,0,1,1,1,1,1,2,1,1,6,0,13,1
14,15,0,1,1,0,3,0,0,0,1,1,1,0,2,0,5,0,0,0,1
13,20,0,0,1,0,3,1,0,1,1,1,1,0,2,1,0,6,10,14,1
13,15,0,1,1,2,3,3,0,1,1,1,1,0,2,1,5,0,0,0,1
0,17,4,1,0,4,3,0,1,8,1,1,0,5,0,1,1,1,0,1,1
4,16,4,0,1,0,3,1,0,0,1,1,1,0,0,1,0,7,10,10,0
7,20,4,0,1,0,3,3,0,2,1,1,1,5,0,1,0,6,4,14,1
4,18,4,0,1,4,3,0,1,2,1,1,1,0,0,1,2,4,0,5,1
5,20,0,1,1,0,3,0,0,1,1,1,1,0,0,2,5,1,0,2,0
9,19,4,0,1,3,3,0,1,2,1,1,1,0,0,1,0,6,11,8,1
5,18,4,0,1,0,3,0,0,0,1,1,1,1,0,1,0,6,11,6,0
8,15,4,1,1,0,3,3,0,2,1,1,1,0,0,0,5,0,0,0,1
7,18,4,1,1,0,3,0,0,2,1,1,1,0,0,1,0,6,5,9,0
10,15,0,1,1,4,3,0,1,1,1,1,1,7,0,0,5,0,0,0,1
2,18,0,0,1,0,3,2,0,1,1,1,1,0,0,1,2,3,0,3,1
13,21,0,1,1,4,3,0,1,0,1,1,1,5,2,2,0,6,3,13,0
5,20,4,0,1,0,3,1,0,9,1,1,1,0,0,1,0,6,8,11,0
6,20,4,0,1,0,3,1,0,2,1,1,1,0,0,1,0,6,6,11,1
11,20,0,1,1,0,3,1,0,0,1,1,1,0,2,1,0,8,5,14,1
14,14,0,1,1,0,3,0,0,2,1,1,1,5,2,1,0,6,2,5,1
0,15,4,1,1,0,3,0,0,2,1,1,1,7,0,1,0,3,3,2,1
2,18,4,0,1,0,3,0,0,2,1,1,1,5,0,0,5,0,0,0,1
10,21,4,0,1,0,3,1,0,0,1,1,1,0,0,1,0,9,11,14,0
10,15,0,0,1,4,3,0,1,1,1,1,1,7,0,1,0,8,11,7,1
8,20,4,0,1,0,2,0,0,3,1,1,1,0,0,1,0,6,4,13,1
8,19,4,1,1,3,3,0,1,5,1,1,1,5,0,1,5,0,0,0,1
11,18,4,0,1,0,1,1,0,0,1,1,1,0,2,1,0,4,3,8,0
0,15,4,0,1,0,3,0,0,4,1,1,1,5,0,1,0,4,8,5,1
5,18,4,0,1,0,3,1,1,5,1,1,1,0,0,5,3,3,1,8,1
9,21,4,1,1,0,3,1,0,0,1,1,1,0,0,2,0,6,4,13,0
4,18,2,1,0,0,1,1,0,14,1,1,1,0,2,0,5,0,0,7,1
11,20,4,0,1,0,3,0,0,2,1,1,1,0,2,1,0,6,8,11,1
2,12,2,1,1,4,3,0,0,16,1,1,1,0,0,1,0,6,2,5,1
14,20,4,0,1,0,3,1,0,12,1,1,1,0,2,1,0,6,4,13,0
11,16,0,0,1,3,3,0,1,0,1,1,1,8,2,1,0,7,6,10,1
2,13,4,0,0,0,3,0,0,15,1,1,1,1,0,0,5,0,0,1,0
0,15,4,0,1,0,3,0,0,2,1,1,1,7,0,0,5,0,0,0,1
11,20,0,1,1,0,3,1,0,0,1,1,1,0,2,2,2,8,0,10,1
7,15,4,0,1,0,3,0,0,16,1,1,1,0,0,0,5,0,0,0,1
6,20,4,0,1,0,2,1,0,10,1,1,1,0,0,1,0,8,4,13,1
13,15,4,1,0,0,3,0,0,9,1,1,1,0,2,1,0,7,6,1,1
6,20,4,1,1,4,3,0,1,11,1,1,1,7,0,1,0,6,2,7,1
14,15,4,0,1,0,3,1,0,0,1,1,1,7,2,1,0,6,6,11,1
6,15,4,1,1,0,3,0,0,7,1,1,1,0,0,1,5,0,0,1,1
1,15,4,0,1,0,3,0,0,2,1,1,1,7,0,0,5,0,0,0,1
6,20,4,1,1,0,3,0,0,11,1,1,1,5,0,1,0,2,6,5,1
12,15,4,0,1,0,1,3,0,0,1,1,1,0,2,1,0,6,3,10,1
9,19,0,1,1,0,3,3,0,1,1,1,1,0,0,3,0,6,2,12,0
6,20,4,0,1,0,3,0,0,0,1,1,1,0,0,1,0,8,6,7,0
12,20,0,1,1,0,3,0,0,0,1,1,1,8,2,1,0,6,6,12,0
6,17,4,1,1,0,3,3,0,0,1,1,1,0,0,3,5,0,0,1,1
4,20,4,1,1,0,3,3,0,9,1,1,1,7,0,1,0,6,8,8,1
1,18,4,0,1,0,3,0,0,16,1,1,1,5,0,1,0,6,1,6,1
14,20,4,1,1,0,3,3,0,9,1,1,1,5,2,1,0,6,11,10,0
10,20,4,1,1,0,3,0,0,10,1,1,1,8,0,1,0,8,8,13,1
7,18,4,0,1,0,3,3,0,11,1,1,1,0,0,1,0,5,3,6,0
8,21,0,0,1,0,3,2,0,0,1,1,1,8,0,6,0,2,9,12,1
14,15,4,1,1,4,3,1,1,9,1,1,1,8,2,6,0,6,0,7,1
8,20,0,0,1,0,3,1,0,1,1,1,1,0,0,1,1,6,0,13,1
6,20,4,0,1,0,3,3,0,2,1,1,1,0,0,8,5,6,0,11,1
9,18,3,1,1,0,3,0,0,2,1,1,1,0,0,1,0,8,0,6,1
10,20,0,1,1,0,3,0,0,0,1,1,1,0,0,7,0,6,1,13,1
9,21,4,1,1,3,3,0,1,0,1,1,1,5,0,3,0,6,2,12,0
12,20,0,0,1,3,3,0,1,0,1,1,1,5,2,1,0,6,10,11,1
15,15,0,1,1,0,3,0,0,1,1,1,1,0,2,1,0,6,5,12,1
5,16,4,0,0,0,3,1,1,10,1,0,0,8,0,6,0,6,0,3,0
12,21,4,0,1,0,3,3,0,2,1,1,1,8,2,1,0,6,10,12,1
6,16,4,0,0,0,3,3,0,2,1,1,0,0,0,0,5,0,0,4,1
2,15,4,1,1,0,3,0,0,2,1,1,1,0,0,1,0,1,4,4,1
9,17,4,0,1,4,3,0,1,0,1,1,1,7,0,1,0,9,3,10,0
15,19,0,1,1,3,3,0,1,1,1,1,1,5,2,2,0,6,8,13,1
12,18,0,1,1,0,3,0,0,2,1,1,1,0,2,0,5,0,0,0,1
6,20,4,0,1,0,3,0,0,2,1,1,1,5,0,1,0,3,4,8,1
14,19,4,1,1,0,3,1,0,12,1,1,1,0,2,1,0,9,11,13,1
14,14,4,1,1,0,3,0,0,12,1,1,1,0,2,1,2,0,0,0,1
4,21,4,0,1,0,3,0,0,2,1,1,1,0,0,6,0,2,0,3,1
2,18,4,0,1,0,3,0,0,0,1,1,1,5,0,2,0,9,6,12,1
11,19,4,1,1,0,3,1,0,2,1,1,1,0,2,6,0,2,0,1,1
1,18,4,1,1,0,3,1,0,2,1,1,1,0,0,2,5,1,0,2,1
2,15,4,0,1,0,3,0,0,2,1,1,1,0,0,0,5,0,0,0,1
14,18,4,0,1,0,3,0,0,2,1,1,1,0,2,7,0,5,5,13,1
12,18,4,0,1,3,3,0,1,11,1,1,1,0,2,1,0,7,8,9,1
1,18,4,1,1,0,3,1,0,16,1,1,1,0,0,1,5,1,0,3,0
2,15,4,0,1,0,3,0,0,2,1,1,1,7,0,9,2,0,0,0,1
0,18,4,1,1,0,3,2,0,9,1,1,1,8,0,1,5,2,0,1,1
12,22,0,1,1,4,3,0,1,1,1,1,1,0,2,1,0,6,2,8,1
0,15,4,0,1,0,3,3,0,2,1,1,1,0,0,1,0,1,0,3,1
10,20,4,0,1,0,3,0,0,0,1,1,1,0,0,7,0,7,5,9,0
7,15,4,1,1,0,3,0,0,12,1,1,1,0,0,1,0,6,3,11,1
5,20,4,1,1,0,3,1,0,0,1,1,1,0,0,1,0,2,2,5,0
12,20,4,0,1,0,3,0,0,2,1,1,1,5,2,1,0,1,4,2,1
14,20,0,1,1,4,3,0,1,0,1,1,1,5,2,1,0,6,11,14,1
13,15,4,1,1,0,3,0,0,2,1,1,1,0,2,1,0,8,7,12,1
3,15,4,0,1,0,3,0,0,2,1,1,1,7,0,1,0,3,6,2,1
7,19,4,0,1,4,3,0,1,0,1,1,1,5,0,1,0,6,4,12,1
2,15,4,0,1,0,3,0,0,2,1,1,1,5,0,0,5,0,0,2,1
10,0,4,0,1,4,3,0,1,5,1,1,1,7,0,1,0,8,3,6,1
10,21,4,1,1,0,3,1,0,11,1,1,1,0,0,4,0,8,6,14,0
10,15,3,0,1,0,3,0,0,0,1,1,1,0,0,1,0,6,1,9,1
8,20,0,1,1,3,3,0,1,0,1,1,1,5,0,0,5,0,0,0,1
1,17,4,0,1,0,3,0,0,2,1,1,1,0,0,0,5,0,0,0,1
9,18,0,1,1,0,3,1,0,0,1,1,1,0,0,1,0,5,7,9,1
11,19,4,1,1,0,3,0,0,2,1,1,1,0,2,7,5,0,0,0,1
10,20,0,1,1,0,3,0,0,1,1,1,1,1,0,1,0,6,10,8,1
13,21,0,1,1,4,3,0,1,1,1,1,1,5,2,2,0,6,0,11,0
3,15,4,1,1,0,3,0,0,0,1,1,1,0,0,4,0,1,4,3,1
3,15,4,1,1,0,3,0,0,2,1,1,1,7,0,3,0,6,1,1,1
4,19,4,1,1,0,3,0,0,2,1,1,1,1,0,3,0,6,10,11,1
0,17,0,0,1,0,3,3,0,8,1,1,1,0,0,1,0,6,0,3,1
12,19,4,1,1,0,3,0,0,2,1,1,1,0,2,1,0,2,6,3,1
3,18,4,0,1,0,3,0,0,2,1,1,1,0,0,0,5,0,0,0,1
2,15,4,0,1,0,3,0,0,0,1,1,1,5,0,1,2,2,0,4,1
0,15,4,0,0,0,3,1,0,16,1,1,0,0,0,1,5,2,0,3,1
15,20,2,1,1,0,3,0,0,0,1,1,1,7,2,3,0,9,11,12,1
10,15,0,0,1,4,3,0,1,0,1,1,1,5,0,1,0,6,10,12,1
10,19,4,0,1,0,3,0,0,2,1,1,1,1,0,1,0,6,3,10,1
14,19,0,1,1,0,3,3,0,1,1,1,1,0,2,0,5,0,0,12,1
8,21,4,0,1,0,3,0,0,0,1,1,1,5,0,1,0,6,1,13,0
7,15,0,1,1,0,3,0,0,2,1,1,1,0,0,1,0,6,2,5,1
9,8,1,0,0,2,3,1,0,4,0,0,0,3,0,4,5,0,0,2,0
5,18,4,1,1,4,3,0,1,2,1,1,1,0,0,1,0,8,5,8,1
6,19,4,1,1,0,3,0,0,2,1,1,1,0,0,1,0,4,3,6,1
1,17,2,1,1,0,3,1,0,7,1,1,1,0,0,1,2,1,0,2,1
4,15,4,1,1,0,3,3,0,2,1,1,1,0,0,1,0,2,2,4,1
5,18,4,0,1,0,3,3,0,10,1,1,1,0,0,1,0,6,8,6,0
1,15,4,1,1,0,3,0,0,2,1,1,1,0,0,9,2,1,0,1,1
11,18,4,1,1,0,3,0,0,2,1,1,1,0,2,1,0,3,8,5,1
6,15,4,0,1,0,3,0,0,7,1,1,1,8,0,1,0,6,6,7,1
13,18,4,1,1,0,3,1,0,0,1,1,1,0,2,1,0,5,10,10,1
5,20,4,1,1,0,3,1,0,12,1,1,1,0,0,6,0,6,3,11,0
3,20,4,0,1,0,3,0,0,2,1,1,1,5,0,1,0,4,10,2,1
8,18,4,0,1,0,3,0,0,5,1,1,1,5,0,0,5,0,0,10,1
7,20,0,0,1,4,3,0,1,1,1,1,1,7,0,1,0,6,6,10,1
14,18,4,0,1,0,1,3,0,0,1,1,1,0,2,5,0,9,3,9,1
5,20,4,0,1,4,3,3,1,11,1,1,1,5,0,1,5,0,0,0,0
13,7,2,1,0,0,3,0,0,11,0,1,0,7,1,2,0,2,4,2,1
15,18,4,0,1,0,3,0,0,2,1,1,1,7,2,1,0,4,4,5,1
5,18,4,0,1,0,3,2,0,5,1,1,1,0,0,2,0,6,1,6,1
8,21,4,1,1,3,3,0,1,2,1,1,1,5,0,1,2,2,0,3,1
0,18,4,1,1,0,3,0,0,2,1,1,1,0,0,1,2,3,0,6,1
2,18,4,0,1,0,3,1,0,7,1,1,1,0,0,1,0,5,10,5,1
4,18,4,1,0,0,3,3,0,2,1,1,1,5,0,1,0,1,6,1,1
9,13,4,1,1,2,3,1,1,0,1,1,1,8,0,6,0,1,4,6,0
3,20,4,0,1,0,3,3,0,12,1,1,1,0,0,1,0,6,4,13,0
0,15,4,0,0,0,3,0,0,2,1,1,0,0,0,0,5,0,0,0,1
6,18,4,0,1,0,3,0,0,2,1,1,1,7,0,0,5,0,0,0,1
1,15,4,1,1,0,3,0,0,16,1,1,1,0,0,2,0,2,6,3,0
13,18,0,0,1,0,3,0,0,0,1,1,1,5,2,1,0,9,3,13,1
6,21,0,0,1,0,3,0,0,1,1,1,1,0,0,1,0,8,2,13,1
12,21,0,0,1,4,3,1,1,0,1,1,1,0,2,1,0,7,6,13,0
4,15,4,0,1,0,3,0,0,7,1,1,1,0,0,1,2,0,0,6,0
7,20,4,0,1,0,3,0,0,0,1,1,1,0,0,1,0,7,2,9,0
9,15,4,0,1,4,3,0,1,5,1,1,1,0,0,1,0,6,4,5,1
6,18,4,0,1,0,3,1,0,2,1,1,1,0,0,1,0,2,5,4,1
6,21,4,0,1,0,3,0,0,2,1,1,1,5,0,2,0,6,8,14,1
13,15,4,1,1,0,3,0,0,0,1,1,1,1,2,3,0,6,0,6,1
5,20,4,1,1,4,3,0,1,10,1,1,1,5,0,1,5,6,0,3,0
11,5,4,0,1,0,3,3,0,4,1,1,1,8,2,0,5,0,0,0,1
9,20,4,0,1,4,3,3,1,11,1,1,1,5,0,1,0,6,4,13,1
5,17,4,1,1,0,3,1,0,2,1,1,1,8,0,1,0,6,4,6,1
6,20,4,1,1,4,3,0,1,11,1,1,1,5,0,1,0,6,4,10,0
0,18,4,1,1,0,3,3,0,11,1,1,1,0,0,1,0,2,4,5,1
14,21,4,0,1,0,3,1,0,0,1,1,1,0,2,2,0,7,2,14,0
2,16,4,0,1,0,3,3,0,2,1,1,1,4,0,1,5,5,0,3,0
8,19,4,0,1,0,3,0,0,2,1,1,1,5,0,0,5,0,0,0,1
10,21,4,0,1,0,3,0,0,0,1,1,1,0,0,3,0,6,10,11,1
12,20,4,1,1,0,3,1,0,2,1,1,1,8,2,2,5,1,0,2,1
2,18,4,0,1,4,3,0,1,9,1,1,1,7,0,1,0,6,3,4,1
6,18,0,0,1,4,3,0,1,0,1,1,1,0,0,0,5,0,0,0,1
0,15,4,1,1,0,3,1,0,16,1,1,1,0,0,1,1,4,0,2,0
7,19,4,0,1,0,3,1,0,7,1,1,1,0,0,1,0,3,2,9,1
6,20,4,1,1,0,3,0,0,0,1,1,1,0,0,1,0,6,8,12,0
3,19,4,0,1,3,3,3,1,2,1,1,1,5,0,1,5,0,0,0,1
3,19,0,0,1,4,3,0,1,1,1,1,1,0,0,1,0,1,6,2,0
4,15,4,0,1,4,3,0,1,2,1,1,1,7,0,6,5,1,0,1,0
7,20,4,1,1,4,3,0,1,2,1,1,1,5,0,1,0,4,6,8,1
3,20,4,1,1,0,3,0,0,2,1,1,1,5,0,1,0,3,5,6,1
15,18,4,0,1,3,3,0,1,2,1,1,1,5,2,1,0,6,8,8,1
10,16,4,1,1,0,3,1,0,0,1,1,1,7,0,1,0,5,6,3,1
2,19,4,1,1,0,3,1,0,2,1,1,1,0,0,3,2,1,0,3,1
9,18,4,0,1,0,3,3,0,2,1,1,1,0,0,1,0,6,7,12,1
10,18,0,1,1,0,3,0,0,1,1,1,1,0,0,4,0,6,1,10,1
4,20,4,1,1,0,3,0,0,2,1,1,1,7,0,6,0,1,0,2,1
11,18,4,1,1,0,3,3,0,11,1,1,1,0,2,1,0,1,2,4,1
5,14,4,1,1,0,3,0,0,0,1,1,1,0,0,1,0,5,2,4,0
15,20,0,1,1,0,3,1,0,1,1,1,1,0,2,6,0,5,5,13,1
6,20,4,0,1,0,1,1,0,14,1,1,1,0,0,1,0,6,8,10,1
5,18,4,1,1,0,3,0,0,11,1,1,1,0,0,1,0,6,3,11,1
3,7,4,1,0,0,1,0,0,11,1,0,1,4,0,9,2,5,0,14,1
1,18,4,1,1,0,3,1,0,16,1,1,1,0,0,0,5,0,0,0,1
5,17,4,0,1,0,3,0,0,2,1,1,1,0,0,1,0,6,3,5,1
3,15,4,0,1,0,0,3,0,16,1,1,1,0,0,5,3,9,1,6,1
15,20,0,1,1,0,3,0,0,1,1,1,1,7,2,2,0,9,8,13,1
10,22,0,1,1,0,3,0,0,0,1,1,1,0,0,1,1,6,0,10,1
3,20,4,0,1,0,3,3,0,11,1,1,1,0,0,2,0,6,8,11,1
12,20,0,1,1,3,3,0,1,1,1,1,1,5,2,1,0,6,7,13,1
4,18,4,1,1,0,3,0,0,16,1,1,1,5,0,1,5,2,0,3,0
10,14,0,0,1,0,3,0,0,15,1,1,1,7,0,1,2,6,0,8,1
6,20,4,1,1,3,3,0,1,2,1,1,1,5,0,1,0,6,5,8,1
5,20,4,0,1,0,3,0,0,2,1,1,1,0,0,1,0,6,4,2,1
15,23,0,0,1,0,3,3,0,1,1,1,1,0,2,1,0,6,6,14,0
10,8,4,0,1,0,3,2,0,11,1,1,1,2,0,1,1,6,4,5,1
7,18,4,1,1,0,3,1,0,0,1,1,1,1,0,1,0,5,3,6,1
3,18,4,0,1,0,3,3,0,16,1,1,1,0,0,1,0,8,5,6,0
5,20,4,1,1,0,3,1,0,0,1,1,1,0,0,2,0,8,8,13,0
14,21,4,0,1,0,3,2,0,0,1,1,1,7,2,1,0,6,3,14,1
8,17,0,0,1,0,3,3,0,8,1,1,1,0,0,1,0,6,1,11,0
13,15,4,0,1,0,3,0,0,0,1,1,1,0,2,1,0,9,2,14,0
7,19,4,1,1,0,3,0,0,0,1,1,1,1,0,1,0,6,2,8,1
10,20,4,0,1,0,0,0,0,11,1,1,1,0,0,5,3,9,1,9,1
3,15,0,1,1,0,3,0,0,2,1,1,1,7,0,1,5,0,0,0,0
13,18,0,0,1,0,3,0,0,0,1,1,1,0,2,0,5,0,0,0,1
6,18,4,0,1,3,3,0,1,11,1,1,1,7,0,1,0,6,2,8,1
15,23,0,0,1,3,3,0,1,2,1,1,1,5,2,1,0,8,11,14,1
11,21,0,1,1,4,3,0,1,1,1,1,1,5,2,0,5,0,0,0,0
6,17,4,0,1,3,3,0,1,2,1,1,1,7,0,1,0,6,5,5,1
9,15,0,0,1,0,3,0,0,1,1,1,1,0,0,1,2,6,0,4,1
8,20,4,1,1,4,3,0,1,11,1,1,1,5,0,2,0,7,8,11,0
2,18,4,0,1,0,3,1,0,16,1,1,1,0,0,1,5,1,0,1,0
14,20,0,0,1,3,3,1,1,0,1,1,1,0,2,1,0,7,11,14,1
10,21,0,0,1,0,3,3,0,1,1,1,1,0,0,1,0,6,3,13,1
4,20,4,0,1,0,3,3,0,2,1,1,1,5,0,2,0,6,6,6,0
10,19,0,0,1,0,3,0,0,1,1,1,1,5,0,7,1,3,0,14,1
0,18,4,1,1,0,3,0,0,2,1,1,1,0,0,0,5,0,0,0,1
13,20,4,1,1,0,3,0,0,4,1,1,1,0,2,1,5,0,0,0,1
4,20,4,1,1,3,3,0,1,2,1,1,1,7,0,1,0,2,4,2,1
4,20,4,1,1,0,3,0,0,11,1,1,1,7,0,1,0,6,5,10,1
2,18,4,1,1,0,3,0,0,9,1,1,1,0,0,1,0,6,8,6,1
15,18,0,0,1,0,3,3,0,1,1,1,1,0,2,1,0,6,10,9,0
4,19,4,1,1,0,3,3,0,2,1,1,1,7,0,1,0,3,2,3,1
9,7,0,1,1,0,1,0,0,8,1,1,1,7,0,5,0,5,3,7,1
1,18,4,0,1,0,0,0,0,16,1,1,1,2,0,5,3,2,5,6,1
0,15,4,1,1,0,3,0,0,2,1,1,1,7,0,0,5,0,0,0,1
2,20,4,1,1,0,3,1,0,2,1,1,1,0,0,4,0,6,4,6,1
2,18,4,1,1,0,3,1,0,16,1,1,1,5,0,0,5,0,0,0,1
3,18,4,1,1,0,3,0,0,0,1,1,1,0,0,1,0,6,3,10,1
3,18,4,1,1,0,3,0,0,11,1,1,1,0,0,1,5,2,0,4,0
14,19,0,1,1,4,3,1,1,1,1,1,1,7,2,1,0,6,10,10,1
11,20,0,0,1,0,0,0,0,0,1,1,1,0,2,5,0,9,6,14,1
15,18,4,1,1,0,3,1,0,2,1,1,1,0,2,3,0,4,5,13,1
12,20,2,1,1,0,3,0,0,5,1,1,1,0,2,1,0,6,4,12,0
5,20,4,1,1,4,3,3,1,0,1,1,1,7,0,1,0,6,3,8,1
13,21,0,0,1,4,3,1,0,1,1,1,1,0,2,7,0,6,5,14,1
13,11,3,1,1,0,3,0,0,15,1,1,1,7,2,0,5,0,0,0,0
1,18,4,1,0,0,3,3,0,16,1,1,0,0,0,0,5,0,0,4,1
9,21,4,1,1,0,3,0,0,0,1,1,1,0,0,1,0,6,4,13,1
1,18,4,0,1,0,3,3,0,2,1,1,1,7,0,1,0,4,2,7,1
14,15,4,0,1,0,3,1,0,2,1,1,1,7,2,2,0,6,2,10,1
7,21,4,0,1,4,3,0,1,0,1,1,1,5,0,1,1,9,0,14,1
0,18,4,0,1,0,3,1,0,2,1,1,1,5,0,1,0,2,2,3,1
11,19,0,1,1,3,3,0,1,1,1,1,1,0,2,1,0,8,4,10,1
8,20,4,1,1,0,3,0,0,2,1,1,1,0,0,1,0,6,3,6,1
15,20,0,0,1,0,3,1,0,0,1,1,1,0,2,1,0,6,4,12,1
15,20,0,1,1,0,3,3,0,1,1,1,1,0,2,1,0,8,5,13,1
1,18,4,0,1,0,3,0,0,16,1,1,1,0,0,0,5,0,0,0,0
7,15,4,0,1,0,3,0,0,2,1,1,1,0,0,1,0,6,3,8,1
10,14,0,0,1,0,3,0,0,15,1,1,1,7,0,0,5,0,0,0,1
9,20,4,0,1,0,3,3,0,12,1,1,1,0,0,1,0,7,6,9,0
0,18,4,1,1,0,3,3,0,16,1,1,1,7,0,0,5,0,0,0,0
6,18,4,0,1,0,3,0,0,2,1,1,1,7,0,1,0,3,5,9,1
11,11,0,0,0,2,3,0,1,0,1,1,0,7,1,6,1,9,4,2,1
5,20,4,0,1,0,3,0,0,0,1,1,1,0,0,1,0,6,3,9,1
14,19,4,0,1,0,3,3,0,0,1,1,1,0,2,2,0,1,11,3,1
1,21,4,0,1,4,3,0,1,2,1,1,1,5,0,1,5,1,0,3,1
14,18,0,0,1,0,3,3,0,1,1,1,1,0,2,1,0,6,8,10,1
3,15,4,1,1,0,3,3,0,2,1,1,1,7,0,1,0,5,4,5,1
12,15,0,0,1,4,3,0,1,1,1,1,1,0,2,1,0,6,6,14,0
1,18,4,1,1,0,3,0,0,2,1,1,1,5,0,1,5,0,0,0,1
6,20,4,0,1,4,3,0,1,11,1,1,1,5,0,1,0,6,6,14,1
13,19,0,1,1,2,3,1,0,0,1,1,1,8,2,1,0,5,6,6,1
11,17,4,1,0,0,3,1,0,16,1,1,0,0,2,1,5,4,0,3,0
3,15,4,1,1,0,3,0,0,2,1,1,1,7,0,3,0,1,8,5,1
8,21,4,1,1,0,3,0,0,0,1,1,1,1,0,2,0,6,8,8,0
4,19,4,0,1,0,3,0,0,2,1,1,1,0,0,1,0,2,7,3,1
8,18,0,1,1,0,3,1,0,0,1,1,1,0,0,1,0,6,3,12,1
5,15,4,0,1,4,3,0,1,0,1,1,1,7,0,1,0,6,6,3,1
15,19,4,1,1,0,3,1,0,12,1,1,1,0,2,1,2,4,0,4,1
6,20,4,0,1,3,3,0,1,0,1,1,1,5,0,1,0,6,2,8,1
15,18,4,0,1,0,3,0,0,11,1,1,1,0,2,1,0,4,1,13,1
14,21,4,0,1,0,3,0,0,0,1,1,1,5,2,1,0,5,5,9,1
0,15,4,1,0,4,3,0,1,6,1,1,0,8,0,2,2,6,0,6,1
5,18,4,0,1,3,3,0,1,15,1,1,1,0,0,1,5,6,0,1,0
14,20,0,0,1,0,3,1,0,1,1,1,1,1,2,1,0,5,8,14,1
12,20,0,1,1,4,3,0,1,0,1,1,1,5,2,1,0,6,3,13,1
6,20,4,1,1,0,3,0,0,2,1,1,1,1,0,1,0,6,8,11,1
10,20,4,0,1,0,3,0,0,5,1,1,1,7,0,1,0,8,4,13,0
0,18,4,0,1,0,3,0,0,2,1,1,1,0,0,1,5,1,0,1,1
9,16,4,0,1,0,3,1,0,2,1,1,1,8,0,1,0,6,1,8,1
6,20,0,0,1,0,3,0,0,0,1,1,1,0,0,7,0,7,8,13,1
15,13,3,0,1,0,3,0,0,15,1,1,1,1,2,1,5,6,0,3,1
0,1,4,0,0,3,2,3,1,6,0,1,0,5,0,2,4,6,2,7,1
8,13,4,1,1,0,3,0,0,10,1,1,1,0,0,1,0,9,3,10,1
13,20,0,1,1,0,3,1,0,2,1,1,1,8,2,1,0,6,0,6,1
15,20,0,0,1,4,3,0,1,1,1,1,1,5,2,1,0,9,6,12,0
13,20,4,0,1,0,3,3,0,0,1,1,1,1,2,1,0,8,8,14,1
13,18,0,1,1,0,3,0,0,0,1,1,1,0,2,1,0,6,8,10,1
11,20,4,1,1,3,3,1,1,0,1,1,1,5,2,1,0,3,3,14,1
9,18,1,0,1,0,0,1,0,4,1,1,1,0,0,5,3,9,2,9,0
11,17,4,1,1,0,3,3,0,0,1,1,1,0,2,1,2,3,0,5,1
6,18,4,1,1,0,3,0,0,4,1,1,1,2,0,1,0,6,6,9,1
0,18,4,1,1,0,3,0,0,2,1,1,1,7,0,1,0,4,8,5,1
13,21,4,1,1,0,3,1,0,2,1,1,1,0,2,2,0,6,4,12,1
13,7,4,0,1,0,1,0,0,11,1,1,1,8,2,8,2,2,0,14,1
12,16,0,0,1,0,3,0,0,2,1,1,1,0,2,1,0,6,10,11,1
13,18,2,1,1,3,3,0,1,5,1,1,1,5,2,1,0,6,6,11,1
9,15,0,1,1,4,3,0,1,1,1,1,1,7,0,1,0,6,3,10,1
15,18,0,1,1,0,3,0,0,0,1,1,1,0,2,1,2,1,0,2,1
11,18,4,0,1,0,3,1,0,12,1,1,1,0,2,1,0,6,5,12,0
1,15,4,0,1,0,3,3,0,16,1,1,1,0,0,0,5,0,0,0,1
8,20,4,1,1,0,3,0,0,2,1,1,1,0,0,1,0,8,11,7,1
12,21,0,0,1,0,3,0,0,0,1,1,1,0,2,2,0,9,0,9,1
0,18,4,1,1,0,3,1,0,2,1,1,1,0,0,1,5,0,0,0,1
10,20,4,1,1,0,3,1,0,2,1,1,1,7,0,1,2,6,0,10,1
14,21,0,1,1,0,3,0,0,1,1,1,1,1,2,1,0,6,2,13,1
7,19,0,1,1,0,3,1,0,1,1,1,1,8,0,3,0,1,6,2,1
5,15,0,0,1,0,3,1,0,2,1,1,1,8,0,1,2,6,0,10,1
6,17,4,1,1,0,3,0,0,2,1,1,1,0,0,1,5,0,0,1,1
6,15,4,1,1,0,3,0,0,2,1,1,1,7,0,9,2,0,0,0,1
10,17,4,1,1,0,3,0,0,0,1,1,1,7,0,4,0,6,6,7,1
13,11,2,0,0,0,3,0,0,15,1,1,1,0,2,1,5,9,0,1,1
8,20,4,1,1,4,3,1,1,0,1,1,1,5,0,2,0,6,6,10,0
11,18,0,0,1,0,1,0,0,0,1,1,1,7,2,1,0,6,11,11,1
0,15,4,1,1,0,3,0,0,2,1,1,1,7,0,1,0,1,2,2,1
8,15,4,0,1,0,3,3,0,2,1,1,1,7,0,0,5,0,0,5,1
1,15,4,0,1,4,3,0,1,2,1,1,1,7,0,1,0,2,1,4,1
9,15,2,0,1,0,3,2,0,0,1,1,1,6,0,3,0,6,10,11,0
15,20,4,1,1,0,3,0,0,2,1,1,1,0,2,1,5,0,0,0,1
11,20,4,0,1,3,3,0,1,2,1,1,1,7,2,3,0,6,6,8,1
7,19,4,1,1,0,3,3,0,2,1,1,1,7,0,1,0,2,1,5,1
1,15,0,1,1,0,3,1,0,1,1,1,1,7,0,1,2,1,0,3,1
14,20,4,0,1,0,3,0,0,2,1,1,1,5,2,1,0,8,5,10,1
0,15,4,1,1,0,3,0,0,16,1,1,1,1,0,9,2,0,0,0,0
11,16,0,0,1,0,3,0,0,0,1,1,1,0,2,0,5,0,0,0,0
15,18,4,0,1,0,3,0,0,2,1,1,1,7,2,1,0,6,11,12,1
15,18,0,0,1,4,3,0,1,1,1,1,1,0,2,1,0,8,4,14,0
7,18,4,1,1,0,3,1,0,0,1,1,1,0,0,1,2,0,0,0,1
13,21,4,1,1,0,3,0,0,0,1,1,1,0,2,2,0,6,6,9,1
7,15,4,1,1,0,3,0,0,12,1,1,1,7,0,1,0,6,11,3,1
8,20,0,1,0,4,3,0,1,9,1,1,1,7,0,1,1,9,0,10,1
12,18,4,0,1,4,3,0,1,2,1,1,1,7,2,0,5,0,0,5,1
6,20,4,1,1,0,3,0,0,2,1,1,1,5,0,0,5,0,0,0,1
0,17,4,0,1,0,3,1,0,8,1,1,1,0,0,1,0,3,1,8,1
11,17,0,0,1,0,3,1,0,1,1,1,1,0,2,1,0,7,3,11,0
8,18,4,0,1,0,3,1,0,11,1,1,1,2,0,3,0,6,4,11,1
2,15,0,1,1,4,3,0,1,8,1,1,1,7,0,0,5,0,0,0,1
13,20,4,1,1,0,3,3,0,12,1,1,1,0,2,1,0,6,6,8,1
5,17,4,0,1,0,3,1,0,0,1,1,1,0,0,1,5,0,0,0,0
13,18,0,1,1,0,3,1,0,0,1,1,1,0,2,6,0,2,7,8,1
4,20,4,1,1,0,3,0,0,0,1,1,1,0,0,1,0,3,4,2,1
12,20,4,1,1,0,3,0,0,9,1,1,1,0,2,0,5,0,0,4,1
6,15,4,0,1,0,3,1,0,0,1,1,1,0,0,1,0,6,5,11,1
11,20,4,0,0,0,3,0,0,14,1,1,0,0,2,1,0,6,3,9,1
3,15,4,1,1,0,3,3,0,2,1,1,1,5,0,9,2,0,0,1,1
1,14,4,0,1,4,3,0,1,16,1,1,1,5,0,0,5,0,0,0,1
6,20,4,0,1,0,3,0,0,11,1,1,1,5,0,0,5,0,0,0,0
7,20,0,1,1,4,3,0,1,1,1,1,1,5,0,0,5,0,0,0,1
2,17,4,1,1,0,3,0,0,2,1,1,1,0,0,4,0,2,4,2,1
8,20,4,1,1,0,3,0,0,5,1,1,1,5,0,2,0,6,4,12,1
11,17,0,0,1,0,3,0,0,1,1,1,1,0,2,1,0,6,2,9,1
11,21,4,0,1,0,3,1,0,14,1,1,1,0,2,1,0,6,6,13,1
0,15,4,0,0,0,3,0,0,5,1,1,0,0,0,0,5,0,0,0,1
4,18,0,1,1,0,3,1,0,0,1,1,1,0,0,6,0,4,2,3,1
4,20,4,0,1,0,3,0,0,0,1,1,1,0,0,1,2,6,0,5,0
7,20,4,1,1,0,3,0,0,0,1,1,1,7,0,1,0,4,6,9,0
3,18,4,0,1,0,3,0,0,2,1,1,1,7,0,1,0,4,10,2,1
3,15,4,0,1,0,3,0,0,15,1,1,1,0,0,1,5,6,0,8,0
11,20,0,0,1,3,3,0,1,2,1,1,1,7,2,6,0,6,6,13,1
10,20,4,1,1,0,3,0,0,12,1,1,1,7,0,5,3,7,0,13,1
2,16,4,0,1,0,3,0,0,15,1,1,1,7,0,0,5,0,0,0,0
14,18,0,0,1,0,1,1,0,0,1,1,1,0,2,1,0,7,5,13,0
3,15,4,1,1,0,3,3,0,0,1,1,1,0,0,0,5,0,0,0,1
9,15,0,0,1,0,3,0,0,1,1,1,1,7,0,1,0,6,4,8,1
9,18,4,1,1,0,3,1,0,0,1,1,1,7,0,1,0,2,7,8,1
1,15,4,0,1,0,3,0,0,2,1,1,1,7,0,0,5,0,0,0,1
4,20,4,1,1,0,3,0,0,2,1,1,1,0,0,1,0,2,5,2,1
11,15,4,0,1,0,3,0,0,12,1,1,1,0,2,3,2,6,0,9,1
11,20,4,1,1,0,3,3,0,11,1,1,1,0,2,1,2,2,0,5,1
7,18,4,0,1,0,3,0,0,0,1,1,1,0,0,1,0,6,3,10,1
1,18,4,1,1,0,3,3,0,11,1,1,1,0,0,1,0,6,4,13,0
12,15,4,0,1,0,3,0,0,2,1,1,1,7,2,1,0,6,8,8,1
2,17,4,1,1,0,3,1,0,11,1,1,1,0,2,1,0,1,2,7,1
4,17,4,1,1,0,3,3,0,2,1,1,1,0,0,1,0,3,5,4,1
12,15,0,1,1,0,3,3,0,1,1,1,1,0,2,1,5,0,0,0,1
7,18,4,0,1,0,3,0,0,0,1,1,1,0,0,1,0,9,7,8,1
10,20,4,0,1,0,3,0,0,0,1,1,1,0,0,1,0,8,6,14,1
1,15,4,0,0,0,3,0,0,2,1,1,0,0,0,0,5,0,0,0,1
8,19,4,1,1,0,3,0,0,2,1,1,1,5,0,1,0,6,11,8,1
14,20,4,0,1,0,3,0,0,2,1,1,1,1,0,2,0,2,3,4,1
0,18,4,0,1,0,3,1,0,16,1,1,1,8,0,1,5,0,0,0,0
12,18,4,0,1,0,3,1,0,0,1,1,1,0,2,1,0,5,8,8,0
14,19,0,1,1,4,3,0,1,9,1,1,1,4,2,1,5,8,0,6,1
2,15,4,0,1,0,3,1,0,2,1,1,1,8,0,1,0,6,3,8,1
13,18,4,1,1,4,3,3,1,0,1,1,1,1,2,1,5,0,0,0,0
8,15,4,0,1,0,3,0,0,7,1,1,1,7,0,6,0,6,11,7,1
9,7,0,0,0,0,3,0,1,9,1,1,0,8,0,6,0,2,0,6,1
8,15,4,1,1,0,3,0,0,2,1,1,1,7,0,1,0,3,2,5,1
0,18,4,1,1,0,3,0,0,16,1,1,1,1,0,0,5,0,0,0,0
9,17,4,0,1,0,3,0,0,0,1,1,1,0,0,2,0,6,3,12,1
7,15,4,0,0,0,3,0,0,5,1,1,0,0,0,0,5,0,0,0,0
9,19,0,1,1,0,3,1,0,1,1,1,1,0,0,1,0,6,3,11,0
3,18,4,0,1,0,3,3,0,2,1,1,1,0,0,0,5,0,0,0,1
0,18,4,0,1,0,3,1,0,11,1,1,1,5,0,1,0,4,2,2,0
12,20,2,1,1,4,3,0,1,0,1,1,1,0,2,1,0,6,6,12,0
15,21,0,0,1,0,3,0,0,0,1,1,1,0,2,1,0,8,4,14,1
5,20,4,1,1,0,3,1,0,0,1,1,1,0,0,3,2,0,0,0,0
13,17,0,0,1,0,3,1,0,1,1,1,1,8,2,4,0,6,2,10,1
4,20,4,0,1,0,3,0,0,0,1,1,1,0,0,1,0,4,0,6,0
2,15,4,1,1,0,3,3,0,2,1,1,1,1,0,1,0,3,4,2,1
8,17,0,1,1,0,3,0,0,1,1,1,1,7,0,0,5,0,0,0,1
10,20,4,0,1,0,3,1,0,2,1,1,1,0,0,2,0,6,4,9,1
2,17,4,0,1,0,3,0,0,16,1,1,1,0,0,6,0,4,2,6,1
8,20,4,0,1,0,3,1,0,11,1,1,1,0,0,3,0,8,4,12,1
13,15,0,1,1,0,3,0,0,0,1,1,1,7,2,2,0,6,6,11,1
3,19,4,0,1,0,3,0,0,2,1,1,1,7,0,1,0,6,3,6,1
6,15,4,1,1,0,3,3,0,2,1,1,1,7,0,1,5,0,0,1,1
15,15,4,0,1,0,3,0,0,0,1,1,1,7,2,1,0,4,2,9,1
11,18,4,1,1,3,3,0,1,0,1,1,1,0,2,1,0,6,3,11,1
12,21,0,1,1,3,3,0,1,1,1,1,1,5,2,1,0,6,2,14,1
11,21,4,1,1,0,3,1,0,0,1,1,1,0,2,1,2,6,0,8,1
10,18,2,1,1,1,3,3,1,12,1,1,1,2,0,2,0,5,10,6,1
8,15,4,1,1,0,3,0,0,5,1,1,1,0,0,0,5,0,0,0,1
9,18,0,1,1,0,3,0,0,1,1,1,1,0,0,1,0,6,6,7,0
9,20,4,0,1,0,1,1,0,0,1,1,1,8,0,1,0,7,7,13,1
14,20,4,0,1,4,3,0,1,0,1,1,1,5,2,1,0,6,6,14,1
0,18,4,1,1,0,3,0,0,16,1,1,1,5,0,0,5,0,0,0,0
5,20,4,0,1,0,3,0,0,0,1,1,1,0,0,1,0,8,4,12,1
14,15,0,1,1,4,3,0,1,0,1,1,1,5,2,1,5,6,0,7,1
3,15,0,1,1,0,3,1,0,1,1,1,1,0,0,1,2,1,0,2,0
15,18,4,0,1,4,3,0,1,14,1,1,1,0,2,1,0,4,6,9,1
5,20,4,1,1,0,3,0,0,12,1,1,1,7,0,2,0,6,2,9,1
15,20,4,1,0,0,3,0,0,2,1,1,0,0,2,0,5,0,0,4,1
3,15,4,0,1,0,0,3,0,16,1,1,1,0,0,5,3,9,1,6,0
11,20,4,1,1,0,3,0,0,0,1,1,1,0,2,3,5,0,0,0,1
9,18,4,1,1,0,3,0,0,2,1,1,1,5,0,3,0,1,7,6,1
4,18,0,1,1,0,3,0,0,0,1,1,1,7,0,1,0,6,10,8,1
12,21,4,0,1,0,3,3,0,16,1,1,1,0,2,1,0,8,6,6,1
9,18,0,0,1,0,3,0,0,14,1,1,1,0,0,1,0,2,3,12,1
12,15,4,1,0,0,3,0,0,2,0,0,1,5,0,7,0,5,8,5,1
6,18,4,0,1,0,3,1,0,12,1,1,1,0,0,1,0,4,11,4,1
2,15,4,1,1,0,3,1,0,16,1,1,1,8,0,1,5,2,0,3,0
6,14,4,0,0,0,3,0,0,2,1,1,0,0,0,1,0,5,5,8,1
10,16,4,0,1,4,3,0,1,0,1,1,1,0,0,1,0,7,0,8,0
15,18,0,0,1,0,3,0,0,0,1,1,1,7,2,3,0,6,8,10,1
0,18,4,0,1,0,3,1,0,2,1,1,1,8,0,0,5,0,0,0,1
1,15,4,0,1,0,3,3,0,2,1,1,1,0,0,1,0,9,4,8,1
0,15,4,1,1,4,3,0,1,9,1,1,1,7,0,0,5,0,0,0,0
6,14,0,1,1,4,3,0,1,11,1,1,1,0,0,1,5,6,0,5,1
13,20,4,1,1,0,3,0,0,0,1,1,1,0,2,3,0,8,4,12,1
3,22,4,1,1,4,3,0,1,11,1,1,1,0,0,1,0,7,4,11,1
6,20,4,1,1,0,3,0,0,4,1,1,1,0,0,1,0,4,6,5,0
4,19,4,1,1,0,3,0,0,2,1,1,1,0,0,1,0,6,10,10,1
7,15,4,0,1,0,3,3,0,5,1,1,1,0,0,2,0,6,10,9,1
4,18,4,0,1,0,3,3,0,2,1,1,1,5,0,0,5,0,0,0,1
5,15,4,0,1,0,3,0,0,2,1,1,1,0,0,1,5,0,0,0,1
2,13,4,0,1,0,3,1,0,15,1,1,1,0,0,1,5,1,0,2,0
5,23,3,1,1,3,3,3,1,9,1,1,1,0,0,1,0,6,2,4,1
2,18,4,0,1,4,3,3,1,11,1,1,1,5,0,3,0,1,4,2,1
7,19,4,1,1,0,3,0,0,2,1,1,1,1,0,1,0,3,8,5,1
10,20,0,1,1,3,3,0,1,0,1,1,1,5,0,0,5,0,0,0,1
3,16,3,1,1,0,0,3,0,16,1,1,1,4,0,9,3,5,4,14,0
11,20,4,1,1,0,3,3,0,0,1,1,1,0,2,1,0,6,2,11,1
11,21,0,0,1,4,3,0,1,1,1,1,1,0,2,6,0,4,0,13,0
4,19,4,0,1,0,3,0,0,7,1,1,1,0,0,1,0,2,2,3,1
14,0,0,1,1,4,3,0,1,1,1,1,1,7,2,0,5,0,0,0,1
7,18,4,1,1,0,3,0,0,2,1,1,1,1,0,0,5,0,0,0,1
15,22,0,1,1,3,3,3,1,1,1,1,1,5,2,0,5,0,0,0,1
7,20,4,1,1,0,3,0,0,11,1,1,1,5,0,1,0,6,7,9,1
1,18,4,0,1,3,3,0,1,2,1,1,1,5,0,1,0,6,3,8,1
10,20,4,0,1,0,0,0,0,11,1,1,1,0,0,5,3,7,11,12,1
10,20,4,1,1,0,3,0,0,2,1,1,1,5,0,1,2,0,0,0,1
11,15,4,1,1,0,3,3,0,14,1,1,1,0,2,1,0,6,3,10,1
5,12,4,0,1,0,3,0,0,2,1,1,1,0,0,1,2,0,0,0,1
12,18,4,1,1,3,3,0,1,2,1,1,1,5,2,1,0,6,10,12,1
13,21,0,0,0,0,3,1,0,1,1,1,0,0,2,2,5,0,0,0,0
6,14,4,1,1,0,3,0,0,12,1,1,1,0,0,1,1,6,0,5,1
5,20,4,1,1,3,3,0,1,11,1,1,1,0,0,1,0,6,6,7,1
13,20,4,1,1,0,3,0,0,12,1,1,1,0,2,1,0,6,8,14,1
12,21,0,1,1,0,3,1,0,1,1,1,1,0,2,1,0,6,2,14,1
13,20,4,1,1,0,3,3,0,11,1,1,1,5,2,1,0,6,6,12,1
0,15,4,0,1,3,3,0,1,2,1,1,1,5,0,1,0,4,4,8,1
8,21,4,1,1,0,3,3,0,9,1,1,1,0,0,1,0,2,8,8,1
2,18,4,0,1,0,3,1,0,4,1,1,1,0,0,1,0,1,3,5,1
13,20,0,0,1,0,3,1,0,0,1,1,1,5,2,1,0,9,1,14,1
1,18,0,1,1,4,3,0,1,0,1,1,1,0,0,2,5,1,0,1,0
0,18,4,0,0,0,3,1,0,16,1,1,0,0,0,0,5,0,0,2,0
15,20,4,1,1,0,3,0,0,12,1,1,1,1,2,1,0,6,6,14,1
2,15,4,1,1,0,3,0,0,9,1,1,1,7,0,1,5,5,0,3,1
4,18,4,1,1,0,3,0,0,2,1,1,1,0,0,1,0,6,4,7,1
11,15,4,0,1,0,3,1,0,0,1,1,1,0,2,1,0,6,4,11,1
12,20,0,1,1,4,3,0,1,1,1,1,1,0,2,6,0,6,6,11,1
14,20,4,1,1,0,3,3,0,2,1,1,1,5,0,4,0,4,5,5,1
1,15,4,0,1,0,3,1,0,12,1,1,1,0,0,1,2,4,0,2,0
9,20,0,0,1,0,3,0,0,0,1,1,1,0,0,6,0,2,7,8,0
8,15,4,1,1,0,3,0,0,12,1,1,1,0,0,3,0,6,8,8,1
15,21,0,1,1,4,3,0,1,1,1,1,1,5,2,0,5,0,0,0,1
15,21,0,1,1,4,3,0,1,0,1,1,1,0,2,1,0,9,5,14,0
11,11,0,1,1,4,3,0,1,1,1,1,1,0,2,1,0,6,10,2,1
12,15,4,0,1,0,3,0,0,2,1,1,1,5,2,2,0,7,0,11,0
6,1,4,0,0,0,2,0,0,2,0,1,0,0,0,8,4,6,3,7,0
8,20,4,1,1,0,3,1,0,0,1,1,1,0,0,1,0,6,1,11,0
1,18,4,1,1,0,3,0,0,16,1,1,1,1,0,1,0,6,6,4,1
11,10,0,0,1,4,3,0,1,0,1,1,1,0,2,0,5,0,0,0,1
1,17,4,1,1,4,3,0,1,16,1,1,1,5,0,1,5,1,0,2,0
13,15,4,0,1,2,3,0,0,2,1,1,1,0,2,1,0,4,6,8,1
10,20,4,1,1,0,3,1,0,2,1,1,1,0,0,1,2,0,0,0,1
6,20,4,0,1,0,3,0,0,12,1,1,1,7,0,1,0,6,2,13,1
6,19,4,0,1,0,3,0,0,7,1,1,1,0,0,5,0,6,4,7,1
5,13,4,0,1,0,3,0,0,2,1,1,1,0,0,1,2,0,0,0,1
3,11,3,1,0,0,3,0,1,1,1,1,0,7,1,6,0,1,4,2,1
6,20,4,1,1,0,3,0,0,0,1,1,1,5,0,1,0,6,6,11,1
6,20,4,1,1,0,3,3,0,12,1,1,1,0,0,1,0,3,0,9,0
2,15,4,1,1,0,3,0,0,2,1,1,1,0,0,0,5,0,0,4,1
11,20,0,0,1,2,3,1,0,0,1,1,1,8,2,1,0,2,3,6,0
13,17,4,1,1,0,3,0,0,16,1,1,1,1,2,2,0,6,1,7,1
6,17,0,0,1,0,3,0,0,8,1,1,1,5,0,4,0,4,1,3,1
11,15,4,0,1,0,3,3,0,2,1,1,1,0,2,1,0,2,2,5,1
4,19,4,1,1,0,3,0,0,0,1,1,1,7,0,1,0,4,2,9,1
6,20,4,1,1,0,3,3,0,2,1,1,1,0,0,4,0,2,2,3,1
2,18,0,1,1,0,1,1,0,8,1,1,1,0,2,5,0,6,9,6,1
10,11,4,0,0,0,3,1,0,15,1,1,0,0,0,1,5,0,0,0,1
10,19,4,0,1,0,3,1,0,15,1,1,1,0,0,3,5,0,0,0,0
0,15,4,0,1,0,3,0,0,2,1,1,1,1,0,0,5,0,0,0,1
9,0,3,0,1,0,1,0,0,2,1,1,1,6,0,1,0,3,8,3,1
11,19,3,0,1,0,0,3,0,0,1,1,1,0,2,4,0,8,6,9,0
8,21,0,1,1,0,3,0,0,0,1,1,1,0,0,1,0,6,5,13,1
10,11,3,0,1,0,3,0,0,15,1,1,1,7,0,1,5,3,0,2,0
14,15,0,1,1,4,3,0,1,1,1,1,1,0,2,1,0,6,2,12,1
7,18,4,0,1,0,3,3,0,2,1,1,1,0,0,2,0,4,8,9,1
10,12,4,1,1,0,3,0,0,0,1,1,1,0,0,5,2,0,0,5,0
4,18,4,0,1,0,3,1,0,2,1,1,1,0,0,1,0,6,5,10,0
15,20,2,1,1,4,3,1,1,0,1,1,1,6,2,3,0,5,1,9,0
1,15,4,1,1,0,3,0,0,11,1,1,1,0,0,1,2,2,0,4,0
12,19,4,0,1,3,3,0,1,2,1,1,1,5,0,1,1,4,0,4,1
1,18,4,0,1,0,3,1,0,2,1,1,1,0,0,1,0,1,3,4,1
14,19,0,0,1,0,3,0,0,1,1,1,1,0,2,1,0,4,2,14,0
9,18,0,0,1,3,3,0,1,2,1,1,1,0,0,1,0,6,2,8,1
8,0,4,1,0,0,3,0,0,2,1,1,0,0,0,0,5,0,0,1,1
5,22,4,0,1,0,3,0,0,0,1,1,1,5,0,2,0,9,4,12,1
15,19,4,0,1,0,3,3,0,0,1,1,1,5,2,3,0,6,7,12,1
6,20,4,0,1,0,3,1,0,0,1,1,1,0,0,1,0,6,8,11,1
7,15,0,1,1,0,3,0,0,0,1,1,1,0,0,1,2,1,0,5,1
4,18,0,1,1,0,3,0,0,9,1,1,1,7,0,1,0,4,3,9,1
4,15,4,1,1,0,3,0,0,2,1,1,1,7,0,3,0,3,2,4,1
0,18,0,0,1,0,3,2,0,8,1,1,1,7,0,0,5,0,0,0,0
13,20,4,1,1,0,3,1,0,2,1,1,1,0,2,1,0,6,8,10,1
9,16,0,0,1,0,3,3,0,2,1,1,1,0,0,1,0,6,10,10,1
8,20,4,1,1,0,3,0,0,11,1,1,1,0,0,1,0,6,4,4,0
3,15,4,0,1,0,3,0,0,12,1,1,1,7,0,1,0,2,4,6,1
2,15,4,0,0,0,3,0,0,15,1,1,1,7,0,0,5,0,0,0,1
9,20,0,0,1,0,3,0,0,1,1,1,1,0,0,1,0,3,3,4,1
3,18,4,0,1,0,3,1,0,2,1,1,1,0,0,1,0,3,2,3,0
9,15,4,0,0,0,3,3,0,2,1,1,0,0,0,0,5,0,0,0,1
3,15,4,0,1,2,3,1,0,2,1,1,1,0,0,9,2,0,0,0,1
3,20,4,1,1,0,3,3,0,0,1,1,1,0,0,1,1,6,0,11,1
7,15,4,0,1,0,3,0,0,16,1,1,1,0,0,1,1,4,0,5,1
2,18,4,0,1,0,3,1,0,0,1,1,1,0,0,1,0,2,1,4,1
6,15,0,1,1,3,3,0,1,1,1,1,1,0,0,1,0,8,8,6,1
0,18,4,1,1,0,3,0,0,0,1,1,1,0,0,4,0,1,0,2,1
5,20,4,1,1,0,3,1,0,2,1,1,1,0,0,4,0,1,1,5,1
10,18,0,1,1,0,3,1,0,2,1,1,1,0,0,0,5,0,0,0,1
15,15,3,1,1,3,3,0,1,0,1,1,1,0,2,1,0,7,5,9,0
1,18,4,0,1,0,3,3,0,11,1,1,1,0,0,1,0,7,3,12,1
9,20,4,1,1,0,3,0,0,11,1,1,1,0,0,1,0,6,6,14,1
13,20,4,0,1,0,3,0,0,0,1,1,1,0,2,1,0,6,3,14,0
7,18,4,1,1,0,3,0,0,7,1,1,1,0,0,1,0,6,1,9,1
13,18,2,1,1,0,3,1,0,0,1,1,1,1,2,1,5,1,0,1,1
8,21,4,1,1,0,3,0,0,0,1,1,1,5,0,1,0,6,4,14,0
5,18,4,0,1,0,3,0,0,2,1,1,1,0,0,1,0,4,8,6,1
5,15,4,1,1,0,3,0,0,2,1,1,1,0,0,1,0,4,4,6,1
3,20,4,0,1,0,3,1,0,2,1,1,1,0,0,1,0,6,6,8,1
10,20,4,0,1,0,3,3,0,11,1,1,1,0,0,1,0,9,11,14,0
10,15,0,1,1,0,3,1,0,1,1,1,1,0,0,1,0,5,0,2,1
6,20,0,1,1,4,3,0,1,0,1,1,1,6,0,2,0,6,1,9,1
12,20,4,0,1,0,3,3,0,11,1,1,1,5,2,1,0,6,3,14,0
7,15,4,1,1,0,3,0,0,7,1,1,1,7,0,1,0,5,3,6,1
10,18,4,1,0,0,3,0,0,0,1,1,0,0,0,0,5,0,0,4,1
5,20,4,1,1,0,3,1,0,0,1,1,1,0,0,2,0,1,3,2,1
7,19,0,0,1,4,3,0,1,1,1,1,1,0,0,1,0,6,1,11,1
5,15,4,0,1,0,3,2,0,15,1,1,1,0,0,1,5,3,0,1,0
4,15,2,1,1,0,3,0,0,0,1,1,1,0,0,1,0,6,1,7,0
9,20,4,1,1,0,3,0,0,12,1,1,1,5,0,1,0,6,4,6,1
10,21,0,1,1,0,3,0,0,9,1,1,1,5,0,1,0,6,8,14,1
14,20,4,1,1,3,3,0,1,2,1,1,1,0,2,1,0,2,11,4,1
4,20,4,1,1,0,3,0,0,0,1,1,1,5,0,1,0,7,7,12,0
9,15,0,0,1,0,3,0,0,2,1,1,1,1,0,1,0,6,11,6,1
1,17,0,1,1,0,3,0,0,1,1,1,1,0,0,1,0,4,3,13,0
11,18,0,1,1,0,3,0,0,1,1,1,1,0,2,1,0,7,6,14,1
4,15,4,0,1,0,3,1,0,0,1,1,1,0,0,1,0,4,2,6,0
11,21,0,0,1,3,3,0,1,1,1,1,1,0,2,1,0,6,2,14,1
8,18,4,0,1,0,3,1,0,2,1,1,1,0,0,1,2,2,0,2,1
14,15,4,1,1,0,3,1,0,12,1,1,1,0,2,1,0,4,11,4,1
13,18,0,0,1,0,3,0,0,15,1,1,1,1,2,1,5,6,0,2,1
13,20,0,0,1,0,3,1,0,0,1,1,1,0,2,6,0,9,6,14,1
11,20,0,1,1,4,3,0,1,1,1,1,1,5,2,1,2,6,0,8,1
12,20,4,0,1,0,1,0,0,0,1,1,1,0,2,5,0,8,8,13,1
2,19,4,1,1,0,3,0,0,2,1,1,1,8,0,0,5,0,0,0,1
7,15,4,0,1,0,3,0,0,2,1,1,1,0,0,1,0,5,2,5,1
12,17,0,1,1,0,3,1,0,0,1,1,1,0,2,2,0,6,4,10,0
1,15,4,1,1,0,3,0,0,2,1,1,1,7,0,1,0,6,8,10,1
3,15,4,1,1,0,3,0,0,9,1,1,1,0,0,1,0,6,5,8,0
9,16,4,1,1,0,3,0,0,2,1,1,1,0,0,0,5,0,0,4,1
3,18,4,0,1,0,3,0,0,14,1,1,1,5,0,1,0,2,1,1,1
4,15,4,1,1,0,3,3,0,2,1,1,1,0,0,1,0,4,2,6,1
8,20,4,1,1,0,3,0,0,16,1,1,1,5,0,1,0,2,6,3,1
14,8,0,1,1,4,3,0,1,16,1,1,1,0,2,1,5,0,0,3,1
11,17,4,0,1,3,3,3,1,0,1,1,1,0,2,1,0,7,11,13,0
3,15,4,0,1,4,3,0,1,0,1,1,1,6,0,1,0,5,10,3,1
3,15,4,0,1,0,3,1,0,15,1,1,1,0,0,0,5,0,0,0,0
12,20,0,0,1,0,3,3,0,1,1,1,1,5,2,4,0,6,3,13,0
15,15,0,0,1,3,3,1,1,15,1,1,1,0,2,0,5,0,0,0,1
6,20,4,0,1,0,3,1,0,5,1,1,1,0,0,1,2,8,0,14,1
14,20,0,0,1,0,3,1,0,0,1,1,1,0,2,1,0,6,8,11,1
4,17,4,0,1,0,3,3,0,2,1,1,1,0,0,1,0,6,8,9,1
12,16,4,0,1,4,3,0,1,2,1,1,1,7,2,1,0,6,4,7,1
7,15,4,1,1,0,3,0,0,2,1,1,1,6,0,1,0,5,8,8,1
0,17,4,1,1,0,3,3,0,16,1,1,1,0,0,0,5,0,0,0,0
12,21,4,1,1,3,3,0,1,9,1,1,1,5,2,1,0,6,2,8,1
8,13,4,1,1,0,3,0,0,2,1,1,1,0,0,1,0,6,6,6,1
7,20,4,1,1,0,3,3,0,3,1,1,1,0,0,1,0,6,4,5,1
7,15,0,1,1,0,3,3,0,0,1,1,1,0,0,1,0,8,10,12,0
7,20,0,0,1,0,3,1,0,1,1,1,1,5,0,1,0,6,5,11,0
6,11,4,1,1,0,3,0,0,4,1,1,1,0,0,1,0,4,3,7,1
5,10,4,0,1,0,3,0,0,0,1,1,1,0,0,5,0,6,2,3,1
8,20,0,1,1,0,3,1,0,1,1,1,1,8,0,1,0,6,3,7,1
5,15,4,0,1,0,3,0,0,9,1,1,1,0,0,1,2,6,0,3,1
0,18,4,1,1,0,3,1,0,11,1,1,1,0,0,1,5,2,0,2,1
4,15,4,0,1,0,0,3,0,16,1,1,1,0,0,5,3,9,1,11,1
5,18,4,1,1,0,3,1,0,2,1,1,1,0,0,0,5,0,0,0,1
2,15,4,0,1,0,3,0,0,2,1,1,1,0,0,1,0,6,1,6,1
9,17,4,1,1,0,3,0,0,16,1,1,1,0,0,6,5,2,0,3,0
8,20,4,1,1,0,3,1,0,12,1,1,1,0,0,1,0,6,6,10,0
11,23,0,1,1,0,3,0,0,1,1,1,1,5,2,1,0,6,5,14,1
1,18,4,1,1,0,3,0,0,7,1,1,1,0,0,0,5,0,0,0,1
15,20,4,0,1,0,3,0,0,2,1,1,1,5,2,4,0,6,6,11,1
11,15,4,1,1,0,3,3,0,2,1,1,1,0,2,1,0,4,5,6,1
5,20,4,1,1,0,3,1,0,2,1,1,1,0,0,1,0,2,6,4,1
5,20,0,1,1,3,3,0,1,0,1,1,1,5,0,1,5,0,0,0,1
12,20,4,0,1,0,3,3,0,11,1,1,1,7,2,1,0,6,8,14,0
11,15,4,1,1,0,3,0,0,16,1,1,1,0,2,1,5,4,0,5,1
11,16,4,0,1,0,3,0,0,0,1,1,1,2,2,1,0,7,6,13,1
12,20,4,0,1,0,3,3,0,11,1,1,1,8,2,1,0,6,6,13,1
6,20,4,1,1,0,3,3,0,14,1,1,1,0,0,1,0,6,4,10,1
5,18,4,0,1,0,3,1,0,2,1,1,1,0,0,1,0,6,11,3,1
15,21,0,1,1,4,3,3,1,1,1,1,1,0,2,1,0,6,8,9,1
13,16,2,0,1,4,3,0,1,12,1,1,1,5,2,1,0,6,6,10,0
9,20,4,1,1,0,3,0,0,2,1,1,1,0,0,1,5,0,0,0,1
7,16,4,0,1,0,3,0,0,5,1,1,1,5,0,1,5,6,0,3,1
4,15,4,1,1,0,3,0,0,2,1,1,1,0,0,1,0,4,7,8,1
5,18,4,1,1,0,3,1,0,2,1,1,1,8,0,2,5,3,0,2,1
5,15,4,1,1,0,3,1,0,4,1,1,1,0,0,1,5,0,0,0,1
5,19,4,0,1,0,3,1,0,2,1,1,1,0,0,1,0,6,3,6,1
0,18,4,1,1,3,3,0,1,2,1,1,1,0,0,3,0,1,2,5,1
13,18,0,1,1,0,3,0,0,0,1,1,1,7,2,1,1,6,0,10,0
14,21,0,1,1,4,3,0,1,0,1,1,1,5,2,1,0,7,11,14,0
9,20,4,1,1,0,3,1,0,12,1,1,1,0,0,4,0,8,2,10,0
8,18,4,0,1,0,3,1,0,2,1,1,1,0,0,1,0,4,1,7,1
9,18,4,1,1,0,3,1,0,0,1,1,1,0,0,1,0,7,10,11,1
7,20,4,0,1,0,3,3,0,11,1,1,1,0,0,0,5,0,0,0,0
13,18,0,1,1,3,3,0,1,1,1,1,1,5,2,1,0,8,6,14,1
12,20,4,1,1,0,3,3,0,2,1,1,1,0,2,1,0,1,4,3,1
6,20,4,0,1,0,1,0,0,2,1,1,1,0,0,5,0,6,8,9,1
11,17,4,1,1,0,3,1,0,2,1,1,1,0,2,4,2,0,0,5,0
8,22,4,1,1,0,3,0,0,12,1,1,1,0,0,1,0,7,9,7,0
5,18,4,0,1,0,3,0,0,0,1,1,1,0,0,2,0,1,1,4,0
2,18,4,0,1,0,3,1,0,16,1,1,1,0,0,1,0,7,4,5,1
1,18,4,0,1,0,3,0,0,16,1,1,1,0,0,1,0,2,3,4,0
4,20,4,0,1,4,3,0,1,9,1,1,1,5,0,1,0,6,10,10,1
8,13,4,0,1,4,3,3,1,5,1,1,1,8,0,1,0,8,9,13,1
10,17,0,1,1,0,3,3,0,0,1,1,1,0,0,2,0,6,6,13,1
4,18,0,1,1,3,3,1,1,0,1,1,1,8,0,0,5,0,0,0,1
13,20,0,0,1,4,3,0,1,0,1,1,1,5,2,1,0,9,6,14,1
5,17,0,0,1,0,3,0,0,0,1,1,1,5,0,1,0,6,6,3,1
2,18,4,0,1,0,3,0,0,2,1,1,1,5,0,3,0,1,3,2,1
15,21,0,1,1,4,3,0,1,1,1,1,1,5,2,0,5,0,0,0,1
11,15,4,0,1,0,3,1,0,0,1,1,1,7,2,4,2,1,0,2,1
3,20,4,0,1,0,3,0,0,2,1,1,1,5,0,0,5,0,0,0,1
9,17,0,0,1,0,3,0,0,1,1,1,1,0,0,6,0,3,4,4,1
2,20,4,0,1,3,3,1,1,2,1,1,1,0,0,1,2,1,0,2,1
12,20,0,1,1,3,3,3,1,1,1,1,1,5,2,0,5,0,0,0,1
15,20,4,1,1,3,3,0,1,0,1,1,1,0,2,4,0,8,10,10,1
10,23,0,1,1,3,3,0,1,5,1,1,1,5,0,6,0,8,6,10,1
12,2,0,1,1,3,3,0,1,0,1,1,1,7,2,0,2,0,0,4,0
9,15,4,0,1,0,3,1,0,0,1,1,1,0,0,1,0,5,1,13,1
9,17,0,0,1,0,3,3,0,1,1,1,1,0,0,1,0,9,8,8,0
11,8,3,0,1,0,3,0,1,7,1,0,1,1,2,6,0,3,4,3,1
1,18,4,0,1,0,3,0,0,2,1,1,1,5,0,0,5,0,0,0,1
8,19,4,0,1,4,3,0,1,2,1,1,1,7,0,1,0,6,11,9,1
11,14,4,0,1,0,3,0,0,0,1,1,1,0,2,7,0,6,1,5,1
4,18,4,0,1,3,1,1,1,2,1,1,1,8,0,1,5,0,0,4,1
14,21,0,1,1,0,3,1,0,0,1,1,1,0,2,1,0,6,10,14,1
13,20,0,1,1,3,3,0,1,1,1,1,1,0,2,1,1,2,0,2,1
15,18,0,0,1,0,3,1,0,0,1,1,1,0,2,1,0,7,4,13,1
11,20,4,0,1,0,3,0,0,2,1,1,1,1,2,3,2,4,0,6,0
13,0,4,1,1,0,3,0,0,0,1,1,1,0,2,1,1,8,0,11,1
12,15,0,0,1,0,3,0,0,0,1,1,1,0,2,1,0,6,6,8,1
13,20,0,0,1,0,3,1,0,0,1,1,1,0,2,1,0,6,5,14,1
13,18,0,0,1,0,3,0,0,1,1,1,1,0,2,1,0,6,3,12,1
12,20,4,0,1,0,3,0,0,0,1,1,1,5,2,1,0,8,6,14,1
1,17,4,0,1,4,3,0,0,16,1,1,1,7,0,1,0,6,5,11,1
6,19,0,1,1,0,3,1,0,0,1,1,1,0,0,4,0,4,8,10,0
15,20,4,0,1,4,3,3,1,10,1,1,1,0,2,1,0,9,5,14,1
13,21,0,1,1,2,3,3,0,1,1,1,1,5,2,8,5,5,0,14,0
7,18,4,1,1,0,3,1,0,2,1,1,1,5,0,3,0,6,1,6,1
10,18,4,0,1,4,3,0,1,12,1,1,1,8,0,1,0,7,3,9,0
5,20,4,1,1,2,3,0,0,2,1,1,1,0,0,1,0,5,8,6,1
1,18,4,0,1,0,3,0,0,16,1,1,1,1,0,1,5,6,0,4,0
10,16,4,0,1,0,3,0,0,2,1,1,1,7,0,1,2,6,0,4,1
11,18,4,1,1,0,3,0,0,2,1,1,1,0,2,1,0,6,3,10,1
9,20,4,1,1,0,3,1,0,0,1,1,1,7,0,1,0,6,4,13,1
9,18,4,1,1,0,3,3,0,0,1,1,1,0,0,1,0,6,8,9,1
2,18,4,0,1,0,3,1,0,2,1,1,1,8,0,0,5,0,0,0,1
6,20,4,0,1,0,3,3,0,11,1,1,1,0,0,1,0,8,10,12,1
15,20,2,0,1,0,3,1,0,15,1,1,1,0,2,4,5,6,0,2,1
10,16,4,0,1,0,3,3,0,0,1,1,1,0,0,1,0,6,3,10,1
15,19,0,1,1,4,3,0,1,1,1,1,1,5,2,1,0,6,3,10,1
15,15,4,1,1,4,3,1,1,0,1,1,1,0,2,1,0,4,0,6,1
10,20,0,0,1,0,3,1,0,0,1,1,1,0,0,1,5,8,0,14,1
15,19,0,0,1,3,3,0,1,1,1,1,1,0,2,1,5,0,0,0,0
2,18,4,1,1,0,3,0,0,2,1,1,1,1,0,0,5,0,0,0,1
5,18,0,1,0,0,1,1,0,1,1,1,1,0,2,5,0,9,6,6,1
10,16,0,0,1,4,3,0,1,15,1,1,1,7,0,0,5,0,0,0,0
13,21,0,0,1,0,3,3,0,0,1,1,1,5,2,1,0,7,5,14,1
2,15,4,0,1,0,3,0,0,4,1,1,1,0,0,5,0,6,8,5,1
15,20,4,0,1,3,3,0,1,9,1,1,1,5,2,1,0,6,8,12,1
3,7,4,0,0,0,1,0,1,9,1,0,1,5,0,9,2,0,0,0,1
11,15,4,0,1,3,3,0,1,14,1,1,1,0,2,1,0,6,4,10,1
2,15,4,1,1,0,3,3,0,11,1,1,1,8,0,4,0,2,1,5,1
0,15,4,1,1,0,3,0,0,2,1,1,1,7,0,1,0,1,3,2,0
5,20,4,1,0,2,3,1,0,12,1,1,0,8,0,1,5,0,0,0,0
4,18,4,0,1,0,3,1,0,2,1,1,1,0,0,1,0,4,4,4,1
8,18,4,0,1,0,3,0,0,0,1,1,1,7,0,5,0,2,9,2,0
1,18,4,0,1,0,3,0,0,2,1,1,1,0,0,1,5,0,0,0,1
13,21,4,0,1,4,3,0,1,5,1,1,1,0,2,2,0,6,6,13,1
3,15,4,0,1,4,3,0,1,2,1,1,1,7,0,0,5,0,0,0,1
7,15,4,1,1,4,3,0,0,2,1,1,1,7,0,1,0,6,5,11,1
7,20,4,1,1,0,3,0,0,2,1,1,1,0,0,1,2,2,0,4,1
10,16,2,0,1,0,3,0,0,2,1,1,1,0,0,1,0,6,6,7,1
8,20,0,0,1,0,3,0,0,1,1,1,1,5,0,1,0,4,3,13,1
2,18,4,0,1,0,3,1,0,2,1,1,1,0,0,2,0,2,8,1,1
7,16,4,1,1,0,3,1,0,0,1,1,1,0,0,3,0,5,2,5,1
9,18,0,0,1,0,3,1,0,0,1,1,1,0,0,0,5,0,0,0,1
0,17,4,0,1,0,3,1,0,11,1,1,1,0,0,1,0,2,2,3,0
5,20,4,1,1,0,3,3,0,10,1,1,1,0,0,4,0,6,8,4,1
1,17,4,0,1,4,3,0,1,12,1,1,1,0,0,1,0,6,3,5,1
8,20,0,0,1,0,3,0,0,11,1,1,1,0,0,1,0,7,10,10,1
13,20,0,0,1,0,3,0,0,1,1,1,1,0,2,1,0,7,1,13,1
0,15,4,1,1,0,3,3,0,2,1,1,1,0,0,1,0,4,1,6,1
5,20,0,1,1,0,3,0,0,1,1,1,1,5,0,1,0,3,1,3,0
1,15,4,0,1,0,3,0,0,16,1,1,1,5,0,0,5,0,0,0,0
14,8,0,0,1,4,3,0,1,16,1,1,1,0,2,1,5,0,0,0,1
2,22,4,1,1,2,3,3,0,0,1,1,1,8,0,1,0,6,6,14,1
1,14,0,0,1,0,3,0,0,0,1,1,1,1,0,1,1,1,0,2,1
5,20,4,1,1,0,3,0,0,11,1,1,1,0,0,6,0,4,6,4,0
4,15,4,0,1,0,3,0,0,2,1,1,1,7,0,0,5,0,0,0,1
1,18,4,1,1,0,3,0,0,2,1,1,1,0,0,3,0,3,2,5,1
12,20,0,0,1,0,3,1,0,0,1,1,1,8,2,1,0,9,6,13,1
8,20,4,0,1,4,3,0,1,11,1,1,1,0,0,1,0,8,4,12,1
11,20,0,1,1,4,3,3,1,1,1,1,1,5,2,1,0,3,6,11,1
13,20,0,0,1,0,3,3,0,0,1,1,1,0,2,2,0,8,10,14,1
0,15,4,1,1,0,3,0,0,2,1,1,1,0,0,0,5,0,0,0,1
0,18,4,1,1,0,3,0,0,8,1,1,1,7,0,1,0,1,2,3,0
3,18,4,0,1,0,3,0,0,2,1,1,1,0,0,1,0,6,2,9,1
6,20,4,0,1,0,3,3,0,11,1,1,1,0,0,1,0,6,6,13,0
1,18,4,1,1,0,3,1,0,0,1,1,1,0,0,4,0,4,1,13,0
14,8,0,0,1,4,3,0,1,0,1,1,1,7,2,1,0,6,4,14,0
9,15,0,0,1,0,3,1,0,0,1,1,1,0,0,1,0,9,8,10,1
13,15,0,0,1,0,3,0,0,0,1,1,1,0,2,9,2,8,0,14,1
14,18,0,1,1,3,3,0,1,0,1,1,1,0,2,1,0,7,11,9,1
2,15,4,1,1,0,3,0,0,2,1,1,1,7,0,1,0,6,3,2,1
9,15,4,1,1,0,3,0,0,12,1,1,1,0,0,1,0,6,3,8,1
13,21,0,0,1,0,3,0,0,0,1,1,1,0,2,1,0,6,6,14,1
5,15,4,1,1,0,3,0,0,10,1,1,1,0,0,1,0,9,11,3,1
11,17,0,0,1,0,3,0,0,8,1,1,1,0,2,1,0,6,3,8,1
12,13,4,1,1,0,3,3,0,2,1,1,1,7,2,1,0,6,1,13,1
6,15,4,0,1,0,3,0,0,2,1,1,1,7,0,2,0,1,4,7,1
9,18,4,1,1,0,3,0,0,2,1,1,1,0,0,1,0,6,4,6,1
7,18,0,1,1,0,3,0,0,1,1,1,1,0,0,1,1,6,0,11,1
15,20,0,0,1,0,3,3,0,0,1,1,1,0,2,1,2,2,0,3,1
0,17,4,0,1,0,3,0,0,2,1,1,1,0,0,1,0,2,2,4,1
6,18,4,0,0,4,3,0,1,0,1,0,1,5,0,4,5,0,0,2,1
10,20,4,0,1,0,3,1,0,12,1,1,1,0,0,2,0,9,3,14,0
6,15,4,0,1,0,3,0,0,11,1,1,1,0,0,1,0,6,3,6,1
5,15,4,1,1,0,3,1,0,2,1,1,1,8,0,1,2,2,0,3,1
6,20,4,1,1,0,3,0,0,0,1,1,1,0,0,4,0,6,10,11,1
2,15,4,0,1,4,3,0,1,2,1,1,1,5,0,1,2,2,0,2,0
11,19,4,1,1,0,3,1,0,4,1,1,0,0,2,6,0,3,7,6,1
11,16,4,1,1,2,3,0,1,0,1,1,1,8,2,1,0,3,1,4,1
8,16,0,0,1,0,3,0,0,3,1,1,1,0,0,1,0,9,4,10,0
5,17,4,0,1,0,3,0,0,2,1,1,1,7,0,1,2,6,0,2,1
0,18,4,0,1,0,3,1,0,16,1,1,1,0,0,0,5,0,0,0,1
9,9,4,0,0,0,3,1,0,12,1,0,0,8,0,0,5,0,0,4,1
14,15,4,0,1,3,3,0,1,5,1,1,1,5,0,2,0,6,5,4,1
4,17,0,1,1,0,3,1,0,0,1,1,1,0,0,1,0,2,3,3,1
8,15,4,1,1,0,3,0,0,2,1,1,1,0,0,1,0,6,6,7,1
11,2,0,0,1,0,0,1,0,16,1,1,1,2,2,5,3,7,5,6,0
3,18,4,1,1,0,3,3,0,2,1,1,1,0,0,2,0,2,2,4,1
12,21,0,1,1,0,3,3,0,1,1,1,1,0,2,2,0,5,4,12,1
4,18,2,1,0,0,3,0,0,2,1,1,1,0,0,1,0,2,2,5,1
10,21,4,1,1,0,3,1,0,12,1,1,1,0,0,1,0,6,5,9,0
9,20,0,1,1,0,3,0,0,1,1,1,1,0,0,2,0,6,6,12,1
9,18,4,0,1,4,3,3,1,4,1,1,1,0,0,1,5,0,0,0,0
14,22,4,1,1,0,3,0,0,2,1,1,1,0,2,1,0,6,8,11,1
2,15,4,1,1,0,3,0,0,2,1,1,1,7,0,1,0,6,1,9,1
14,20,0,0,1,3,3,0,1,0,1,1,1,0,2,1,0,9,2,13,1
3,21,4,1,1,0,3,1,0,0,1,1,1,0,0,4,0,8,6,10,1
7,15,4,0,1,0,3,0,0,0,1,1,1,7,0,1,0,6,1,10,1
1,15,4,0,1,0,3,3,0,2,1,1,1,5,0,1,5,0,0,0,1
12,15,0,1,1,0,3,3,0,1,1,1,1,0,2,1,0,5,2,8,1
3,18,4,0,1,0,3,0,0,2,1,1,1,7,0,1,0,3,10,2,1
5,15,4,1,1,0,3,1,0,2,1,1,1,7,0,1,0,6,4,4,1
15,21,4,1,1,0,3,1,0,0,1,1,1,5,2,1,0,6,6,14,1
6,20,0,1,1,0,3,1,0,1,1,1,1,0,0,1,0,6,0,14,1
14,22,4,1,1,0,3,3,0,2,1,1,1,0,2,1,0,6,9,11,1
9,0,0,0,1,4,3,0,1,0,1,1,1,7,0,6,0,6,6,9,1
1,21,4,0,1,0,3,1,0,0,1,1,1,0,0,1,0,9,6,13,1
0,15,4,0,1,0,3,3,0,11,1,1,1,0,0,1,0,6,4,9,1
11,16,4,0,0,0,3,3,0,14,1,1,0,0,2,0,5,0,0,4,1
7,19,4,0,1,0,3,0,0,7,1,1,1,0,0,0,5,0,0,0,1
8,20,0,1,1,0,3,1,0,1,1,1,1,5,0,1,0,6,3,6,1
13,11,3,0,1,0,3,0,0,15,1,1,1,7,2,0,5,0,0,0,1
3,13,4,1,1,0,3,1,0,16,1,1,1,8,0,1,5,0,0,5,0
6,17,4,0,1,0,3,1,0,0,1,1,1,8,0,1,0,1,4,2,1
12,21,0,1,1,0,3,0,0,1,1,1,1,0,2,2,0,6,4,13,1
15,20,4,1,1,0,3,1,0,0,1,1,1,0,2,1,0,5,2,6,1
7,15,0,1,1,0,3,0,0,1,1,1,1,0,0,1,5,0,0,0,1
8,20,4,0,1,0,3,1,0,2,1,1,1,0,0,3,0,2,3,5,1
0,15,4,0,1,0,3,3,0,2,1,1,1,0,0,1,0,6,8,9,1
15,21,4,0,1,0,3,0,0,11,1,1,1,0,2,3,0,6,10,14,0
5,20,4,1,1,4,3,0,1,0,1,1,1,0,0,1,5,0,0,0,0
3,20,4,1,1,0,3,1,0,2,1,1,1,0,0,0,5,0,0,0,0
1,19,4,0,0,0,3,3,0,2,1,1,0,7,0,1,5,2,0,4,1
4,18,4,0,1,0,3,0,0,11,1,1,1,0,0,1,0,6,4,5,1
1,15,4,0,1,0,3,0,0,2,1,1,1,7,0,1,2,0,0,0,0
10,1,4,0,0,3,3,3,1,15,1,1,0,0,0,0,5,0,0,0,0
11,17,4,0,1,0,3,0,0,15,1,1,1,7,2,1,2,6,0,9,1
3,15,4,0,1,0,3,0,0,12,1,1,1,0,0,1,5,6,0,5,1
15,18,4,0,1,4,3,0,1,12,1,1,1,0,2,6,0,4,4,5,1
6,4,4,0,0,4,3,0,1,3,1,0,0,7,0,6,0,9,2,5,1
9,19,4,1,1,0,3,0,0,2,1,1,1,5,0,3,0,1,8,6,1
7,20,4,1,1,0,3,1,0,0,1,1,1,8,0,1,5,1,0,2,0
8,13,4,0,1,0,3,0,0,0,1,1,1,7,0,1,0,6,1,13,1
13,20,2,1,1,0,3,0,0,12,1,1,1,0,2,3,0,9,6,12,0
14,18,0,0,1,0,3,2,0,8,1,1,1,0,2,1,0,6,6,7,1
4,18,4,0,0,0,3,0,0,16,1,1,0,0,0,1,5,0,0,3,0
6,20,4,1,1,3,3,0,1,2,1,1,1,5,0,5,4,6,4,6,0
9,20,4,1,1,0,3,1,0,2,1,1,1,1,0,3,0,1,2,4,1
13,20,4,0,1,0,3,0,0,5,1,1,1,5,2,1,0,3,9,6,1
5,20,4,1,1,0,3,1,0,0,1,1,1,5,0,5,0,9,4,3,0
13,17,0,1,1,0,3,0,0,1,1,1,1,0,2,1,2,0,0,0,1
8,19,4,0,1,0,3,3,0,2,1,1,1,7,0,3,0,6,6,9,1
13,21,0,1,1,0,3,3,0,1,1,1,1,0,2,2,0,6,0,13,1
7,18,0,1,1,0,3,0,0,2,1,1,1,0,0,1,2,4,0,6,0
6,20,4,0,1,0,3,1,0,0,1,1,1,8,0,2,0,1,3,12,1
8,12,2,0,1,0,3,0,0,7,1,1,1,2,0,1,2,0,0,0,1
5,20,4,1,1,4,3,0,1,5,1,1,1,5,0,2,0,6,6,3,1
14,20,0,0,1,3,3,0,1,1,1,1,1,0,2,1,0,8,2,10,0
8,8,0,1,1,4,3,3,1,11,1,1,1,5,0,1,0,6,1,1,0
11,18,0,0,1,0,1,1,0,1,1,1,1,0,2,1,0,8,8,10,1
11,16,4,0,1,0,3,0,0,15,1,1,1,1,2,0,5,0,0,0,0
5,18,4,0,1,0,3,0,0,14,1,1,1,5,0,7,0,6,8,9,1
9,15,4,1,1,0,3,0,0,2,1,1,1,1,0,1,0,4,11,6,1
1,15,4,0,1,0,3,0,0,15,1,1,1,0,0,2,5,1,0,1,0
0,15,4,0,1,0,3,0,0,2,1,1,1,0,0,1,5,0,0,0,1
10,20,4,1,1,0,3,1,0,0,1,1,1,8,0,7,1,7,0,12,1
8,20,4,1,1,4,3,0,1,2,1,1,1,5,0,1,0,6,8,14,1
14,18,4,0,0,0,3,0,0,0,1,1,0,1,2,5,5,0,0,2,1
2,15,4,1,1,4,3,0,1,2,1,1,1,7,0,0,5,0,0,0,1
2,15,4,0,1,0,3,1,0,2,1,1,1,0,0,0,5,0,0,0,1
3,19,4,1,1,0,3,3,0,2,1,1,1,0,0,0,5,0,0,0,1
8,20,4,1,1,0,3,1,0,12,1,1,1,7,0,1,0,5,4,6,0
11,19,0,1,1,0,3,0,0,1,1,1,1,0,2,7,0,7,5,12,1
9,17,0,0,1,0,3,0,0,0,1,1,1,7,0,1,0,8,6,11,1
13,15,0,0,1,0,3,0,0,15,1,1,1,1,0,2,5,5,0,1,1
2,18,4,0,1,0,3,0,0,4,1,1,1,0,0,1,0,1,2,5,1
3,20,4,0,1,0,3,1,0,11,1,1,1,8,0,1,5,0,0,0,0
1,18,4,0,1,0,3,0,0,9,1,1,1,0,0,1,0,2,2,5,1
15,15,0,1,1,0,3,0,0,11,1,1,1,0,2,1,2,8,0,6,0
14,20,4,1,1,3,3,3,1,12,1,1,1,0,2,1,0,6,4,13,1
10,20,4,0,1,0,3,0,0,2,1,1,1,1,0,1,0,3,4,4,1
6,20,4,0,1,0,3,0,0,5,1,1,1,1,0,1,2,6,0,5,1
3,17,4,0,1,0,3,1,0,2,1,1,1,0,0,1,2,0,0,0,1
13,20,0,1,1,0,3,0,0,0,1,1,1,0,2,2,0,7,6,12,1
0,18,4,1,1,4,3,0,1,0,1,1,1,5,0,0,5,0,0,0,0
7,15,4,0,1,0,3,0,0,12,1,1,1,0,0,1,0,7,3,12,1
6,18,0,1,1,0,3,0,0,0,1,1,1,7,0,1,0,6,3,12,1
11,20,0,0,1,0,3,3,0,2,1,1,1,7,2,1,0,6,6,7,1
3,18,4,1,1,0,3,0,0,2,1,1,1,5,0,0,5,0,0,0,1
10,21,0,0,1,0,3,0,0,1,1,1,1,0,0,1,0,6,6,14,0
6,20,0,0,1,4,3,0,1,1,1,1,1,8,0,1,0,8,4,9,1
7,18,4,0,1,0,3,1,0,2,1,1,1,0,0,1,0,6,3,11,1
9,21,4,1,1,3,3,0,1,11,1,1,1,5,0,3,0,6,6,9,1
14,15,4,0,1,0,3,0,0,2,1,1,1,0,2,2,5,0,0,0,1
9,20,4,1,1,0,3,3,0,2,1,1,1,0,0,1,0,3,6,6,1
4,19,4,0,1,0,3,0,0,2,1,1,1,1,0,1,0,4,3,7,1
5,18,4,0,1,4,3,0,1,0,1,1,1,7,0,1,0,5,2,9,1
0,18,4,0,1,0,3,0,0,16,1,1,1,0,0,1,5,1,0,1,0
9,0,1,1,0,2,1,1,1,0,1,0,1,3,2,9,2,0,11,9,1
15,22,0,1,1,4,3,3,1,1,1,1,1,0,2,1,0,5,9,14,0
10,18,4,0,1,0,3,1,0,11,1,1,1,5,0,1,0,4,8,13,1
9,20,0,0,1,0,3,0,0,1,1,1,1,0,0,1,0,6,8,11,0
3,19,4,1,1,0,3,3,0,11,1,1,1,5,0,1,0,3,5,4,0
12,21,0,1,1,0,3,3,0,1,1,1,1,0,2,2,0,6,3,8,1
2,15,4,0,1,0,3,1,0,0,1,1,1,0,0,1,0,9,1,14,1
0,18,4,0,1,0,3,1,0,2,1,1,1,5,0,1,5,0,0,0,1
5,9,0,0,0,0,3,0,1,9,1,1,1,5,0,4,0,8,1,4,0
0,15,4,1,1,0,3,0,0,2,1,1,1,0,0,0,5,0,0,0,1
2,18,4,1,0,0,3,1,0,0,1,1,1,8,0,5,0,7,4,5,1
10,20,4,0,1,0,3,1,0,0,1,1,1,7,0,7,0,9,3,10,1
9,20,0,1,1,0,3,0,0,0,1,1,1,0,0,2,5,6,0,14,1
0,18,4,1,1,0,3,0,0,16,1,1,1,7,0,0,5,0,0,0,0
14,20,4,0,1,4,3,3,1,0,1,1,1,0,2,1,0,3,9,11,0
5,20,4,1,1,0,3,2,0,0,1,1,1,6,0,2,0,3,10,9,0
1,18,4,1,1,0,3,0,0,2,1,1,1,7,0,0,5,0,0,0,1
4,18,0,1,1,0,3,0,0,0,1,1,1,0,0,0,5,0,0,3,1
8,1,4,1,1,3,3,0,1,2,1,1,1,5,0,3,0,6,3,11,1
2,18,4,1,1,0,3,0,0,2,1,1,1,7,0,1,0,3,4,5,1
7,17,4,0,1,0,3,0,0,11,1,1,1,0,0,1,0,5,6,10,0
10,20,4,0,1,3,3,0,1,2,1,1,1,0,0,1,0,6,2,10,1
13,18,4,0,1,0,3,1,0,0,1,1,1,0,2,1,0,8,10,14,1
2,15,4,0,1,0,0,0,0,16,1,1,1,0,0,5,3,9,1,7,1
15,20,4,1,1,0,3,1,0,0,1,1,1,0,2,4,0,9,5,12,1
4,12,3,1,1,0,3,3,0,2,1,1,1,3,2,0,5,0,0,6,1
9,13,0,1,1,2,3,3,0,8,1,1,1,0,0,1,0,4,6,7,1
8,19,4,0,1,0,3,0,0,12,1,1,1,0,0,1,0,6,3,9,1
6,18,4,0,1,0,3,0,0,2,1,1,1,0,0,1,0,6,2,5,1
13,21,0,1,1,0,3,1,0,0,1,1,1,0,2,1,0,7,1,14,1
13,0,4,0,1,4,3,3,1,12,1,1,1,7,2,1,0,6,3,11,0
13,20,4,0,1,3,3,0,1,2,1,1,1,5,2,1,0,9,4,13,1
10,18,0,0,1,0,3,1,0,1,1,1,1,0,0,1,0,9,6,14,1
15,19,0,1,1,0,3,1,0,1,1,1,1,0,2,1,5,0,0,0,1
14,14,4,0,1,0,3,0,1,9,1,1,1,0,2,6,0,5,0,6,1
0,18,4,1,1,0,3,0,0,16,1,1,1,7,0,0,5,0,0,0,0
13,19,0,0,1,0,3,0,0,8,1,1,1,0,2,1,0,6,0,7,1
4,18,4,0,1,3,3,0,1,11,1,1,1,8,0,1,0,6,10,12,1
15,19,2,1,1,0,3,0,0,12,1,1,1,0,2,1,0,7,1,7,1
9,20,4,0,1,4,3,0,1,9,1,1,1,0,0,1,0,8,11,12,1
7,18,4,0,1,0,3,0,0,12,1,1,1,0,0,1,1,6,0,11,1
8,20,4,1,1,0,3,0,0,9,1,1,1,0,0,1,0,7,0,1,1
3,22,0,1,1,0,3,0,0,1,1,1,1,0,0,1,0,6,4,10,1
0,17,4,0,1,0,3,0,0,2,1,1,1,0,0,0,5,0,0,0,1
9,7,0,1,0,0,1,0,0,2,0,0,0,3,0,4,0,5,10,9,1
14,20,0,1,1,4,3,0,1,1,1,1,1,0,2,1,0,6,4,13,0
11,21,0,1,1,4,3,0,1,1,1,1,1,5,2,0,5,0,0,0,1
12,20,4,0,1,3,3,0,1,11,1,1,1,5,2,1,0,7,7,9,1
12,20,0,0,1,4,3,0,1,0,1,1,1,5,2,2,0,6,4,14,0
0,18,4,1,1,0,3,0,0,5,1,1,1,0,0,1,5,1,0,2,1
5,18,0,1,1,0,3,0,0,0,1,1,1,7,0,1,0,3,2,4,1
5,20,4,1,1,3,3,3,1,9,1,1,1,5,0,2,0,3,2,9,0
5,20,4,1,1,0,3,1,0,0,1,1,1,5,0,0,5,0,0,0,1
7,18,0,1,1,0,3,0,0,0,1,1,1,0,0,0,5,0,0,0,0
10,23,0,0,1,0,3,3,0,1,1,1,1,5,0,7,0,6,11,14,1
7,20,4,0,1,0,3,1,0,2,1,1,1,0,0,1,0,6,8,13,1
10,20,0,1,1,0,3,1,0,0,1,1,1,0,0,1,0,4,3,5,0
12,18,4,1,1,3,3,0,1,0,1,1,1,5,2,0,5,0,0,4,1
12,15,0,1,1,4,3,0,1,1,1,1,1,0,2,0,5,0,0,0,1
7,8,0,0,1,4,3,0,1,4,1,1,1,0,0,1,0,1,4,3,0
3,15,4,0,1,0,3,3,0,2,1,1,1,0,0,1,0,8,8,5,1
8,18,4,0,1,0,3,0,0,2,1,1,1,7,0,1,0,3,6,5,1
6,17,4,1,1,0,3,0,0,2,1,1,1,7,0,1,0,6,2,11,1
3,20,4,0,1,0,0,0,0,0,1,1,1,5,0,5,1,8,4,9,1
7,17,4,1,0,0,3,1,0,0,1,0,0,0,0,6,0,6,7,5,1
14,15,0,0,1,4,3,0,1,1,1,1,1,7,2,1,0,7,11,5,1
4,15,4,0,1,0,3,0,0,2,1,1,1,0,0,1,0,6,3,8,1
2,17,4,1,1,0,3,0,0,0,1,1,1,7,2,3,0,6,6,6,1
1,15,4,1,1,0,3,0,0,2,1,1,1,0,0,1,0,1,2,3,1
15,18,4,0,1,0,3,0,0,0,1,1,1,0,2,1,0,5,3,5,1
13,18,4,1,1,0,3,2,0,5,1,1,1,0,2,6,0,3,9,6,1
8,21,4,1,1,0,3,0,0,0,1,1,1,0,0,1,0,7,10,14,1
15,20,0,1,1,0,3,0,0,0,1,1,1,5,2,1,0,6,4,13,1
7,15,4,0,1,0,3,3,0,11,1,1,1,0,0,3,0,6,8,11,0
4,21,4,1,1,0,3,0,0,11,1,1,1,5,0,1,0,6,7,12,0
5,17,4,0,1,0,0,0,0,0,1,1,1,0,0,5,3,9,1,12,1
6,20,4,1,1,3,3,0,1,2,1,1,1,5,0,1,0,2,3,6,0
2,20,4,0,1,0,3,1,0,0,1,1,1,0,0,7,5,6,0,4,1
7,17,4,0,1,0,3,1,0,0,1,1,1,0,0,1,2,0,0,0,0
12,21,4,1,1,0,3,2,0,0,1,1,1,0,2,1,0,6,3,12,1
13,18,0,0,1,0,3,0,0,0,1,1,1,1,2,1,0,6,11,14,1
6,17,4,0,1,0,3,3,0,0,1,1,1,0,0,1,0,6,6,9,0
1,17,4,0,1,0,3,0,0,2,1,1,1,0,0,1,2,6,0,6,0
8,18,4,1,1,0,3,0,0,2,1,1,1,7,0,1,0,2,11,3,0
13,20,4,1,1,2,3,0,0,2,1,1,1,5,2,1,0,6,6,8,1
11,17,0,0,1,0,1,1,0,1,1,1,1,8,2,1,0,6,8,12,1
5,19,4,1,1,0,3,1,0,2,1,1,1,8,0,3,0,6,5,7,0
5,15,4,0,1,0,0,1,0,16,1,1,1,0,0,5,3,8,1,6,1
13,11,3,0,1,0,3,0,0,15,1,1,1,7,2,0,5,0,0,0,1
7,15,0,1,1,4,3,0,1,1,1,1,1,7,0,1,0,6,3,5,1
2,18,4,1,1,0,3,0,0,16,1,1,1,0,0,1,0,2,2,3,1
11,11,0,1,1,0,3,1,0,1,1,1,1,0,2,6,0,1,3,2,1
1,15,4,0,1,0,0,1,0,16,1,1,1,0,0,5,3,6,3,8,0
0,18,4,1,1,0,3,0,0,2,1,1,1,0,0,0,5,0,0,0,1
1,15,4,0,1,4,3,0,1,2,1,1,1,0,0,0,5,0,0,0,1
10,17,0,1,1,0,3,0,0,0,1,1,1,0,0,1,5,0,0,1,0
3,15,4,0,1,0,3,0,0,14,1,1,1,7,0,1,0,6,1,5,1
10,18,4,0,1,0,3,0,0,5,1,1,1,0,0,1,0,6,3,10,1
13,18,4,0,1,4,3,0,1,0,1,1,1,5,2,1,0,6,6,9,1
10,17,4,0,0,0,3,3,0,9,1,1,0,2,0,1,0,5,5,3,0
4,20,4,1,1,0,3,0,0,14,1,1,1,7,0,1,0,2,2,6,0
4,20,4,0,1,0,3,0,0,11,1,1,1,0,0,1,0,6,6,13,1
10,15,4,1,1,0,3,0,0,10,1,1,1,0,0,4,0,1,3,3,1
11,15,0,1,1,0,3,0,0,8,1,1,1,0,2,1,0,3,1,6,1
6,15,4,0,1,0,3,3,0,4,1,1,1,0,0,0,5,0,0,7,1
8,21,4,1,1,0,3,0,0,2,1,1,1,0,0,6,0,2,9,4,1
7,20,4,1,1,3,3,0,1,2,1,1,1,5,0,1,0,6,7,9,1
13,20,0,0,1,2,3,0,0,2,1,1,1,5,2,1,0,6,3,14,1
11,19,0,0,1,0,3,3,0,8,1,1,1,7,2,1,0,6,6,11,1
0,15,4,0,1,0,3,0,0,2,1,1,1,0,0,1,0,6,4,4,1
9,20,4,0,1,0,3,1,0,0,1,1,1,0,0,1,0,6,5,14,0
15,22,0,0,1,0,3,3,0,0,1,1,1,0,2,1,0,6,4,10,1
15,20,0,1,1,3,3,0,1,1,1,1,1,5,2,3,0,6,7,12,1
3,19,4,1,1,0,3,1,0,12,1,1,1,5,0,0,5,0,0,0,0
10,20,0,1,1,0,3,1,0,1,1,1,1,0,0,5,2,6,0,5,0
11,20,4,1,1,0,3,1,0,0,1,1,1,0,2,2,0,7,11,13,1
4,11,4,0,1,0,3,0,0,15,1,1,1,0,0,3,5,9,0,1,1
8,18,4,0,1,0,3,1,0,2,1,1,1,0,0,3,0,4,6,8,1
0,18,4,0,1,0,3,2,0,8,1,1,1,7,0,1,0,3,9,3,1
15,19,4,1,1,3,3,0,1,2,1,1,1,0,2,1,5,0,0,0,1
2,18,4,1,1,0,3,0,0,16,1,1,1,0,0,1,0,1,2,2,1
3,19,4,1,1,0,3,3,0,11,1,1,1,0,0,1,0,4,4,5,1
10,18,4,0,1,0,3,1,0,0,1,1,1,0,0,4,0,5,2,4,1
13,18,4,0,1,0,3,1,0,0,1,1,1,0,2,7,0,1,2,3,1
3,15,4,0,1,0,0,0,0,16,1,1,1,0,0,5,3,9,1,8,1
10,12,0,0,1,4,3,0,1,0,1,1,1,2,0,1,2,6,0,14,1
12,18,4,0,1,0,3,3,0,14,1,1,1,0,2,1,0,6,6,9,1
0,18,4,0,1,0,3,3,0,2,1,1,1,0,0,1,0,3,6,2,1
6,13,4,1,1,0,3,0,0,0,1,1,1,7,0,0,5,0,0,12,0
9,1,4,0,1,3,3,3,1,15,1,1,1,5,0,3,5,6,0,7,0
11,17,4,1,1,0,3,0,0,2,1,1,1,0,2,1,0,6,11,4,1
8,19,4,1,0,0,3,1,0,12,1,1,0,7,2,1,0,3,6,6,1
10,10,4,1,1,0,3,0,0,7,1,1,1,2,0,5,0,6,4,3,1
8,20,4,0,1,0,3,1,0,0,1,1,1,0,0,3,0,6,7,12,1
1,18,4,0,1,0,3,1,0,2,1,1,1,0,0,3,5,2,0,2,1
4,18,4,0,1,0,3,3,0,2,1,1,1,5,0,1,0,6,4,9,1
9,20,4,0,1,0,3,3,0,11,1,1,1,1,0,1,0,6,6,13,1
12,15,0,1,1,0,3,3,0,1,1,1,1,1,2,1,5,0,0,0,1
10,8,0,1,1,4,3,3,1,1,1,1,1,7,0,1,0,6,4,8,1
3,20,4,1,1,4,3,0,1,14,1,1,1,5,0,0,5,0,0,0,0
14,15,4,0,1,0,3,0,0,16,1,1,1,0,2,6,0,7,0,8,1
9,16,0,0,1,0,3,1,0,2,1,1,1,8,0,1,0,6,6,13,0
2,22,0,1,1,0,3,3,0,1,1,1,1,1,0,1,0,4,8,14,1
12,22,0,0,1,0,3,3,0,1,1,1,1,0,2,7,0,9,6,13,1
4,20,4,0,1,0,3,0,0,0,1,1,1,0,0,0,5,0,0,0,1
4,15,4,0,1,0,3,0,0,15,1,1,1,7,0,0,5,0,0,0,1
6,18,4,1,1,4,3,0,1,0,1,1,1,7,0,1,0,6,6,9,0
5,20,4,0,1,0,3,0,0,0,1,1,1,0,0,1,0,5,6,6,1
7,15,4,1,1,0,3,0,0,2,1,1,1,1,0,1,1,6,0,6,1
13,18,0,1,1,0,3,3,0,0,1,1,1,7,2,3,0,2,6,6,0
1,15,4,0,1,3,3,0,0,16,1,1,1,0,0,7,0,6,2,5,1
5,20,4,1,1,3,3,0,1,2,1,1,1,5,0,0,5,0,0,0,1
14,20,0,0,1,0,3,0,0,0,1,1,1,0,2,1,0,6,5,13,1
4,15,4,1,1,0,3,0,0,0,1,1,1,7,0,1,0,4,1,6,1
7,20,0,1,1,0,3,0,0,0,1,1,1,5,0,3,0,6,7,10,1
2,15,4,1,1,0,3,3,0,0,1,1,1,8,0,1,0,6,2,9,1
2,15,0,1,1,0,3,0,0,8,1,1,1,7,0,1,0,7,1,8,1
8,18,4,0,1,0,3,0,0,2,1,1,1,0,0,1,0,3,3,2,1
3,15,4,1,0,0,3,1,0,14,1,1,0,0,0,1,5,0,0,1,1
10,21,4,1,1,0,3,1,0,11,1,1,1,0,0,1,0,6,6,14,1
1,15,4,0,1,0,3,1,0,0,1,1,1,0,0,1,0,1,3,2,1
9,20,0,0,1,4,3,0,1,1,1,1,1,5,0,1,0,6,3,9,1
8,21,0,1,1,0,3,3,0,1,1,1,1,0,0,3,0,6,7,10,1
11,8,0,0,1,4,3,3,1,14,1,1,1,0,2,1,0,6,8,12,1
5,20,4,0,1,0,3,0,0,0,1,1,1,5,0,1,0,1,11,6,1
1,15,4,1,1,0,3,0,0,7,1,1,1,0,0,0,5,0,0,0,1
14,20,4,0,1,0,3,0,0,11,1,1,1,0,2,1,0,8,3,10,0
6,18,0,0,1,0,3,1,0,0,1,1,1,8,0,1,0,6,6,13,1
12,20,0,1,1,0,3,0,0,1,1,1,1,0,2,1,0,5,0,8,0
5,20,4,1,0,0,3,1,0,0,1,1,1,0,0,1,0,5,6,3,1
9,9,0,0,1,0,3,1,0,12,1,1,1,7,0,2,0,8,3,6,0
6,15,4,0,1,4,3,0,1,11,1,1,1,7,0,1,0,4,6,7,1
1,15,4,1,1,0,3,0,0,2,1,1,1,7,0,1,0,4,3,2,1
7,14,0,1,1,0,3,0,0,0,1,1,1,0,0,1,0,5,5,6,1
1,17,4,0,1,0,3,1,0,2,1,1,1,0,0,1,2,4,0,5,1
3,20,4,0,1,4,3,0,1,14,1,1,1,5,0,1,0,6,6,5,0
15,20,0,1,1,4,3,0,1,1,1,1,1,0,2,1,5,0,0,0,1
7,20,0,1,1,0,3,3,0,0,1,1,1,0,0,1,0,6,6,11,1
5,15,4,1,1,0,3,0,0,0,1,1,1,7,0,1,0,5,2,7,1
7,20,4,1,1,0,3,1,0,2,1,1,1,0,0,2,0,6,1,10,1
3,20,4,1,1,0,3,0,0,2,1,1,1,7,0,1,0,6,3,6,1
13,20,0,1,1,4,3,0,1,0,1,1,1,5,2,1,0,6,10,10,1
15,19,4,0,0,0,3,0,0,2,0,1,0,0,2,0,5,0,0,5,0
8,19,4,0,1,0,3,3,0,2,1,1,1,8,0,1,0,6,2,11,1
6,20,4,0,1,0,3,0,0,0,1,1,1,1,0,5,0,9,8,13,0
0,15,4,0,0,0,3,0,0,2,1,1,1,0,0,1,5,0,0,4,1
11,18,4,1,1,3,3,3,1,0,1,1,1,0,2,1,0,6,2,9,1
10,10,4,1,1,0,3,0,0,0,1,1,1,0,0,5,0,6,5,10,1
6,17,4,0,1,0,2,1,0,2,1,1,1,0,0,4,0,6,4,9,0
12,17,2,0,1,0,3,3,0,0,1,1,1,7,2,4,0,9,1,10,1
0,15,4,1,1,0,3,3,0,8,1,1,1,5,0,1,0,5,0,8,1
14,18,0,0,1,0,3,3,0,1,1,1,1,5,2,1,0,7,11,14,1
10,20,0,1,1,0,3,3,0,0,1,1,1,0,0,4,0,1,2,4,1
6,21,4,0,1,4,3,0,1,0,1,1,1,5,0,1,0,2,1,4,1
14,21,0,1,1,0,3,1,0,0,1,1,1,8,2,2,0,7,6,12,1
8,18,4,1,1,0,3,1,0,2,1,1,1,0,0,3,0,4,2,6,1
1,15,4,1,1,4,3,1,0,11,1,1,1,0,0,7,0,6,2,13,1
3,18,4,1,0,0,3,0,0,2,1,1,0,0,0,1,5,0,0,0,1
1,17,2,0,1,0,3,1,0,7,1,1,1,0,0,3,0,2,4,2,1
2,15,4,0,0,0,3,0,0,2,1,1,0,7,0,0,5,0,0,0,1
0,19,4,1,1,0,3,0,0,2,1,1,1,0,0,0,5,0,0,0,1
8,21,4,1,1,0,3,3,0,11,1,1,1,0,0,3,0,6,2,13,0
0,18,4,1,1,4,3,0,1,5,1,1,1,0,0,2,0,1,4,3,1
14,20,4,1,1,0,3,0,0,0,1,1,1,1,2,1,0,6,8,13,1
11,18,4,0,1,0,3,3,0,12,1,1,1,0,2,1,0,6,5,5,1
11,18,0,1,1,3,3,0,1,1,1,1,1,0,2,1,5,0,0,0,1
12,20,0,1,1,0,3,0,0,0,1,1,1,0,2,1,0,6,7,12,1
2,15,4,0,1,0,3,3,0,2,1,1,1,8,0,1,0,5,7,8,1
3,18,0,1,1,0,3,0,0,8,1,1,1,0,0,1,5,0,0,0,0
5,20,4,0,1,0,3,1,0,2,1,1,1,0,0,2,0,2,3,3,0
11,18,4,0,1,0,3,3,0,0,1,1,1,0,2,1,5,0,0,0,1
0,18,4,1,1,3,3,0,1,16,1,1,1,5,0,1,5,1,0,3,0
14,15,4,0,0,0,3,0,0,14,1,1,1,0,2,1,0,9,6,10,0
14,19,4,0,1,0,3,0,0,2,1,1,1,5,0,6,0,5,0,2,1
14,17,0,1,1,0,3,0,0,1,1,1,1,0,2,6,5,0,0,11,1
10,20,4,0,1,0,3,1,0,4,1,1,1,0,0,1,0,4,6,9,1
12,18,0,0,1,3,3,0,1,9,1,1,1,5,2,1,0,6,8,10,1
3,18,4,0,1,0,3,0,0,16,1,1,1,0,0,0,5,0,0,5,0
7,18,4,0,1,0,3,0,0,0,1,1,1,0,0,0,5,0,0,0,1
1,18,4,0,1,3,3,0,1,9,1,1,1,5,0,1,0,2,11,4,1
8,20,4,0,1,0,3,0,0,2,1,1,1,7,0,1,0,6,6,5,1
4,17,4,0,1,0,3,0,0,0,1,1,1,0,0,1,0,7,3,11,1
15,15,0,1,1,0,3,3,0,0,1,1,1,0,2,0,5,0,0,0,1
12,15,4,0,1,0,3,2,0,5,1,1,1,7,2,1,0,6,10,10,1
8,18,4,0,1,4,3,3,1,5,1,1,1,5,0,0,5,0,0,0,1
13,21,0,0,1,2,3,1,0,1,1,1,1,5,2,1,0,6,10,14,0
4,15,4,0,1,0,3,0,0,2,1,1,1,7,0,1,5,0,0,0,1
12,20,4,0,1,0,3,0,0,0,1,1,1,0,2,1,0,8,2,14,1
3,18,4,0,1,0,3,0,0,2,1,1,1,0,0,1,0,6,2,5,0
1,18,4,0,1,0,3,0,0,0,1,1,1,5,0,1,5,6,0,6,0
12,20,4,0,1,0,3,0,0,0,1,1,1,5,2,1,0,8,8,13,0
5,17,4,0,1,0,3,1,0,9,1,1,1,0,0,1,0,6,8,10,1
8,15,4,0,1,0,3,0,0,12,1,1,1,0,0,1,0,7,6,13,1
8,18,4,0,1,0,3,0,0,2,1,1,1,7,0,1,0,6,2,9,1
4,18,4,0,1,3,3,0,1,10,1,1,1,0,0,1,0,8,8,6,1
1,18,4,1,1,0,3,0,0,11,1,1,1,0,0,1,0,2,6,4,1
4,18,0,1,1,4,3,0,1,0,1,1,1,5,0,0,5,0,0,0,0
0,19,4,0,1,3,3,3,1,2,1,1,1,5,0,1,0,2,6,3,1
10,20,0,1,1,4,3,3,1,1,1,1,1,5,0,1,0,6,10,8,1
15,18,0,1,1,3,1,0,1,0,1,1,1,0,2,5,3,6,11,13,1
0,15,4,0,1,0,3,0,0,2,1,1,1,0,0,0,5,0,0,0,1
1,18,4,0,1,0,3,0,0,2,1,1,1,7,0,1,0,4,2,2,1
5,15,4,1,1,4,3,0,1,12,1,1,1,0,0,1,0,3,2,5,0
11,20,4,0,1,0,3,0,0,2,1,1,1,8,0,6,0,4,5,4,1
0,15,4,1,1,0,3,0,0,16,1,1,1,0,0,9,2,0,0,0,0
10,20,4,0,1,0,3,3,0,11,1,1,1,0,0,1,0,6,4,5,0
11,16,0,0,1,0,3,3,0,0,1,1,1,0,2,1,0,6,6,8,1
9,16,4,0,1,0,3,3,0,11,1,1,1,0,0,0,5,0,0,0,0
15,20,4,0,1,0,3,0,0,0,1,1,1,5,2,2,0,6,4,13,1
2,15,4,0,1,0,0,0,0,16,1,1,1,0,0,5,3,7,2,7,1
2,16,4,0,1,0,0,1,0,16,1,1,1,0,0,5,3,7,4,2,0
10,21,0,1,1,0,3,0,0,1,1,1,1,0,0,4,0,6,6,12,1
11,17,0,1,1,0,3,0,0,1,1,1,1,0,2,1,0,6,4,12,1
5,17,4,1,1,2,3,3,0,2,1,1,1,0,0,9,2,0,0,0,1
3,20,4,1,1,3,3,0,1,5,1,1,1,5,0,1,0,6,9,9,1
15,20,0,0,1,0,3,0,0,1,1,1,1,0,2,1,0,6,3,10,1
6,14,4,0,1,0,3,0,0,11,1,1,1,0,0,0,5,0,0,0,1
12,18,2,1,1,0,3,1,0,0,1,1,1,0,2,1,0,7,11,11,1
12,20,0,1,1,0,3,1,0,0,1,1,1,8,2,1,5,1,0,7,1
2,18,4,0,1,0,3,0,0,2,1,1,1,7,0,1,0,4,2,7,1
13,7,2,1,0,3,1,0,1,2,1,0,1,5,2,9,2,0,0,14,1
11,15,0,0,1,0,3,0,0,0,1,1,1,0,2,1,0,6,2,12,1
13,20,0,1,1,3,3,0,1,1,1,1,1,5,2,1,0,8,10,14,0
14,14,0,0,1,0,3,1,0,0,1,1,1,0,2,1,0,6,8,14,1
13,19,4,1,1,4,3,1,1,0,1,1,1,0,2,1,0,8,2,8,0
5,20,4,0,0,0,3,0,0,0,1,1,0,0,0,1,5,2,0,2,0
0,18,4,1,1,0,3,1,0,16,1,1,1,0,0,0,5,0,0,0,0
15,23,0,0,1,0,3,0,0,0,1,1,1,5,2,2,0,8,2,13,1
6,18,4,0,1,0,3,3,0,5,1,1,1,7,0,1,0,8,0,9,1
0,18,4,1,1,0,3,3,0,5,1,1,1,7,0,3,0,3,3,3,1
11,21,4,0,1,4,3,0,1,0,1,1,1,1,2,1,0,6,3,13,1
14,12,2,0,0,4,3,0,1,0,1,1,1,0,2,0,5,0,0,5,1
15,20,0,1,1,0,3,0,0,0,1,1,1,0,2,4,0,8,10,11,1
3,17,4,0,1,0,3,0,0,15,1,1,1,7,0,1,5,5,0,2,1
9,15,4,1,1,0,3,3,0,0,1,1,1,0,0,9,2,0,0,13,1
14,16,3,1,1,0,3,0,0,1,1,1,1,4,2,1,5,5,0,4,1
0,17,4,0,1,3,3,0,1,2,1,1,1,7,0,1,0,4,3,2,1
6,15,0,1,1,0,3,1,0,0,1,1,1,8,0,1,1,4,0,6,1
8,20,4,0,1,0,3,0,0,0,1,1,1,0,0,1,0,6,6,14,0
8,20,4,1,1,0,3,0,0,0,1,1,1,0,0,1,0,6,4,6,1
4,18,4,1,1,0,3,0,0,0,1,1,1,0,0,1,0,3,1,4,0
5,18,0,1,1,0,3,0,0,2,1,1,1,7,0,1,5,0,0,0,1
4,18,4,1,1,3,3,0,1,2,1,1,1,1,0,1,0,3,4,4,1
0,15,4,0,1,0,3,0,0,2,1,1,1,0,0,1,0,4,2,5,1
1,13,4,1,1,0,3,0,0,2,1,1,1,7,0,0,5,0,0,0,1
5,20,4,1,1,0,3,0,0,11,1,1,1,5,0,1,0,6,2,10,1
2,15,4,0,1,0,0,0,0,16,1,1,1,0,0,5,3,9,1,6,0
9,16,1,0,1,0,0,1,0,0,1,1,1,0,0,5,3,9,9,9,0
4,18,4,1,1,0,3,1,0,0,1,1,1,0,0,0,5,0,0,3,0
3,13,3,0,1,0,0,0,0,16,1,1,1,6,0,9,3,3,1,14,0
11,20,0,0,1,0,3,0,0,0,1,1,1,0,2,1,0,6,3,11,1
10,19,4,0,1,0,3,0,0,2,1,1,1,0,0,1,0,6,11,14,1
0,18,4,1,1,0,3,0,0,16,1,1,1,7,0,0,5,0,0,0,0
0,16,4,1,1,0,3,0,0,10,1,1,1,0,0,1,0,6,0,3,0
2,18,4,0,1,0,3,1,0,0,1,1,1,0,0,3,0,6,10,9,0
5,18,0,1,1,0,3,1,0,1,1,1,1,0,0,1,0,6,4,6,1
2,18,4,1,1,0,3,0,0,11,1,1,1,7,0,1,0,2,4,4,1
13,19,4,1,1,0,3,1,0,2,1,1,1,0,2,1,0,6,11,11,1
4,19,4,1,1,0,3,1,0,2,1,1,1,0,0,1,0,4,4,6,1
7,15,4,0,1,3,3,0,1,0,1,1,1,1,0,1,0,6,1,6,1
0,18,4,1,1,0,3,0,0,2,1,1,1,0,0,0,5,0,0,0,1
10,20,0,1,1,0,3,0,0,1,1,1,1,0,0,7,0,6,3,9,0
4,15,4,0,1,0,3,3,0,2,1,1,1,7,0,1,0,6,4,7,1
11,18,0,0,1,0,1,1,0,2,1,1,1,8,2,1,0,4,10,13,1
10,18,2,1,1,0,3,1,0,12,1,1,1,0,0,1,0,6,3,10,1
7,20,4,1,1,0,3,0,0,11,1,1,1,0,0,3,0,6,4,4,0
9,15,0,1,1,0,3,0,0,9,1,1,1,0,0,1,2,6,0,8,0
0,18,4,1,1,0,3,3,0,2,1,1,1,7,0,0,5,0,0,0,1
0,15,4,1,1,0,3,1,0,2,1,1,1,7,0,1,0,5,0,6,0
6,20,4,1,1,0,3,1,0,2,1,1,1,0,0,1,0,6,11,13,1
4,15,4,0,1,0,3,0,0,2,1,1,1,0,0,3,0,6,4,8,1
6,21,0,0,1,0,3,1,0,1,1,1,1,0,0,8,5,8,0,14,1
0,15,4,0,1,4,3,0,1,9,1,1,1,7,0,0,5,0,0,0,1
13,21,4,1,1,0,3,0,0,0,1,1,1,7,2,1,0,6,8,13,0
11,16,3,0,1,0,0,3,0,10,1,1,1,4,2,1,5,8,0,4,0
3,15,4,1,1,0,3,0,0,4,1,1,1,7,0,1,5,0,0,4,1
9,17,4,0,1,0,3,0,0,5,1,1,1,0,0,1,0,6,6,8,0
14,14,4,1,0,0,3,3,0,2,1,1,0,0,2,1,0,6,3,8,1
15,22,0,0,1,0,3,0,0,0,1,1,1,0,2,1,0,6,9,14,1
2,19,4,0,1,0,3,1,0,2,1,1,1,0,0,1,0,2,5,3,0
14,19,4,1,1,0,3,1,0,0,1,1,1,0,2,2,0,6,3,10,1
9,19,4,1,1,0,3,1,0,2,1,1,1,0,0,1,0,6,2,7,0
6,20,0,1,1,0,3,0,0,0,1,1,1,0,0,1,0,4,5,6,1
9,20,4,0,1,0,3,1,0,2,1,1,1,0,0,4,0,6,11,12,0
15,19,0,1,1,0,3,0,0,0,1,1,1,0,2,0,5,0,0,0,1
1,18,4,0,0,0,3,0,0,2,1,1,0,7,0,0,5,0,0,0,1
8,21,0,0,1,0,3,1,0,0,1,1,1,5,0,1,0,6,6,11,1
0,18,4,0,1,0,3,0,0,2,1,1,1,0,0,1,0,6,0,3,1
5,20,4,1,1,0,3,1,0,0,1,1,1,0,0,1,0,9,2,11,0
12,18,0,0,1,0,1,0,0,1,1,1,1,0,2,5,1,6,0,7,1
8,20,4,0,1,0,3,0,0,0,1,1,1,5,0,3,0,6,4,10,1
10,21,4,1,1,0,3,0,0,0,1,1,1,0,0,1,0,5,1,9,0
15,18,4,0,1,0,3,1,0,11,1,1,1,0,2,1,0,8,3,10,1
11,20,0,1,1,3,3,0,1,1,1,1,1,5,2,1,0,6,6,12,0
1,15,4,1,1,0,3,0,0,16,1,1,1,5,0,3,1,6,0,6,1
4,20,4,1,1,0,3,1,0,2,1,1,1,0,0,1,0,4,2,5,1
5,14,4,0,1,0,3,1,0,12,1,1,1,8,0,1,0,2,10,5,0
2,15,4,0,1,0,3,3,0,2,1,1,1,0,0,0,5,0,0,0,1
13,0,4,1,1,4,3,0,1,12,1,1,1,7,2,0,5,0,0,6,1
14,20,4,1,1,0,3,1,0,0,1,1,1,0,2,1,0,5,3,10,1
4,15,4,1,1,2,3,0,0,3,1,1,1,0,0,1,0,6,8,6,0
13,20,0,1,1,0,3,0,0,1,1,1,1,0,2,3,0,6,7,12,1
4,17,4,1,1,0,3,0,0,11,1,1,1,1,0,3,0,4,3,6,1
0,18,4,1,0,0,3,0,0,2,1,1,0,0,0,0,5,0,0,0,1
12,19,4,1,1,0,3,0,0,2,1,1,1,5,2,6,5,0,0,11,0
0,16,4,0,1,0,3,0,0,2,1,1,1,5,0,0,5,0,0,1,1
12,20,0,1,1,0,3,0,0,1,1,1,1,0,2,1,0,6,5,10,1
8,20,4,1,1,0,3,0,0,0,1,1,1,0,0,1,2,1,0,4,0
9,15,0,1,1,0,3,1,0,1,1,1,1,0,0,1,0,6,6,6,0
11,14,4,0,1,0,3,0,0,3,1,1,1,8,2,1,0,2,8,5,1
10,18,0,1,1,4,3,0,1,8,1,1,1,2,0,1,5,0,0,0,1
3,18,4,0,1,0,3,3,0,2,1,1,1,0,0,1,0,4,8,5,1
3,17,4,1,1,0,3,0,0,2,1,1,1,7,0,1,0,4,2,5,1
5,12,4,0,1,0,3,0,0,0,1,1,1,0,0,1,2,0,0,0,1
10,17,0,0,1,0,3,0,0,1,1,1,1,7,0,1,0,6,4,10,1
10,16,4,0,1,4,3,0,1,0,1,1,1,5,0,1,0,5,0,3,1
6,18,4,0,1,0,1,3,0,16,1,1,1,0,0,1,1,6,0,10,1
5,18,4,1,1,0,3,1,0,2,1,1,1,0,0,1,0,2,7,4,1
14,20,0,1,1,3,3,0,1,0,1,1,1,5,2,1,0,8,6,13,1
10,21,0,1,1,0,3,1,0,1,1,1,1,0,0,2,0,1,3,3,0
15,20,0,1,1,0,3,0,0,1,1,1,1,0,2,1,0,5,0,4,1
3,16,4,0,1,0,3,0,1,9,1,1,1,5,0,1,0,7,4,8,0
13,15,4,0,1,0,3,0,0,5,1,1,1,7,2,1,0,6,6,10,1
3,20,4,1,1,0,3,1,0,2,1,1,1,7,0,1,5,0,0,0,1
8,15,4,0,1,0,3,0,0,7,1,1,1,0,0,1,0,6,11,6,1
15,18,0,1,1,0,3,0,0,1,1,1,1,0,2,1,0,4,2,8,1
8,20,4,1,1,3,3,0,1,0,1,1,1,0,0,3,0,6,4,12,1
0,18,4,1,1,2,3,3,0,2,1,1,1,0,0,1,0,4,8,3,1
2,14,4,0,1,3,3,0,1,2,1,1,1,0,0,0,5,0,0,0,1
12,20,4,1,1,0,3,1,0,0,1,1,1,0,2,1,0,6,6,4,1
2,15,4,0,1,0,0,0,0,16,1,1,1,0,0,5,3,8,1,6,1
1,17,4,0,1,4,3,0,1,2,1,1,1,5,0,1,0,3,5,3,1
3,15,4,0,1,4,3,0,1,2,1,1,1,7,0,1,0,7,4,5,1
14,20,4,0,1,0,3,1,0,9,1,1,1,0,2,1,0,7,5,14,1
4,19,4,0,1,4,3,0,1,2,1,1,1,0,0,1,2,4,0,5,1
4,18,4,0,1,4,3,0,1,16,1,1,1,5,0,1,0,6,1,6,0
5,17,4,1,1,0,3,1,0,0,1,1,1,8,0,1,5,0,0,2,0
14,20,4,1,0,0,3,1,0,0,1,1,0,0,2,2,5,3,0,2,0
3,14,4,0,1,0,3,0,0,2,1,1,1,8,0,1,0,6,1,5,1
10,20,0,1,1,0,3,3,0,0,1,1,1,5,0,0,5,0,0,0,1
13,20,0,1,1,2,3,0,0,0,1,1,1,0,2,1,0,2,9,14,0
3,18,4,0,1,0,3,0,0,2,1,1,1,1,0,5,5,0,0,2,1
15,22,4,1,1,0,3,0,0,0,1,1,1,0,2,1,0,7,8,14,1
4,15,4,0,1,0,3,0,0,2,1,1,1,0,0,1,0,4,3,6,1
0,15,4,0,1,4,3,0,1,9,1,1,1,5,0,0,5,0,0,0,1
9,20,4,1,1,0,3,3,0,12,1,1,1,0,0,1,0,2,3,6,0
9,18,4,0,1,2,3,0,0,2,1,1,1,5,0,3,0,2,3,12,1
8,17,0,0,1,4,3,0,1,0,1,1,1,0,0,1,0,6,11,13,1
11,17,0,1,1,0,3,3,0,0,1,1,1,0,2,2,0,7,6,12,1
6,20,4,1,1,0,3,0,0,2,1,1,1,0,0,1,0,7,5,10,1
4,16,0,0,1,4,3,0,1,0,1,1,1,0,0,1,5,6,0,2,0
11,22,4,0,1,0,3,1,0,0,1,1,1,0,2,2,0,9,0,14,0
12,20,4,0,1,0,3,3,0,14,1,1,1,0,2,1,0,6,6,13,0
12,18,4,0,1,4,3,0,1,5,1,1,1,0,2,1,0,6,10,14,1
5,19,4,0,1,3,3,0,1,2,1,1,1,0,0,1,0,2,6,2,1
12,20,4,0,1,0,3,1,0,0,1,1,1,0,2,1,0,8,8,14,0
2,18,4,1,0,0,3,3,0,11,1,1,1,0,2,0,5,0,0,0,1
3,18,4,0,1,0,3,1,0,0,1,1,1,0,0,1,0,7,1,11,0
15,19,0,1,1,0,3,0,0,1,1,1,1,0,2,1,5,0,0,0,1
14,8,0,0,1,4,3,0,1,0,1,1,1,0,2,1,0,6,4,12,1
7,18,4,0,1,0,3,0,0,2,1,1,1,5,0,0,5,0,0,0,1
11,17,0,0,1,0,3,3,0,1,1,1,1,0,2,2,0,7,4,9,1
9,18,0,1,1,0,3,0,0,0,1,1,1,0,0,1,0,6,7,10,1
6,18,0,1,1,3,3,0,1,0,1,1,1,5,0,1,0,6,2,9,0
10,20,0,0,1,0,3,0,0,1,1,1,1,5,0,1,0,7,8,14,1
15,20,2,1,1,0,3,1,0,0,1,1,1,0,2,4,2,6,0,5,1
6,18,4,0,1,4,3,3,1,14,1,1,1,0,0,1,0,6,0,9,0
0,13,4,0,1,0,3,0,0,2,1,1,1,0,0,0,5,0,0,0,1
11,10,0,1,1,4,3,0,1,0,1,1,1,8,2,0,5,0,0,0,1
11,15,0,0,1,0,3,3,0,1,1,1,1,0,2,7,2,6,0,4,1
2,18,4,1,1,0,3,0,0,4,1,1,1,0,0,1,0,1,3,2,1
0,18,4,1,1,0,3,1,0,2,1,1,1,8,0,3,0,2,6,2,1
12,21,4,1,1,0,3,1,0,12,1,1,1,0,2,2,0,8,8,13,1
12,20,4,0,1,0,3,0,0,2,1,1,1,8,2,1,0,6,3,13,1
14,20,4,1,1,4,3,0,1,0,1,1,1,5,2,1,0,6,11,12,0
7,19,4,0,1,0,3,0,0,2,1,1,1,7,0,1,0,4,5,9,1
15,20,4,0,1,0,3,1,0,2,1,1,1,8,2,1,0,6,2,13,1
11,16,4,0,1,0,3,0,0,12,1,1,1,0,2,1,0,7,4,13,0
7,20,0,1,1,0,3,1,0,0,1,1,1,0,0,1,0,6,8,7,1
12,18,4,0,1,2,3,3,0,0,1,1,1,0,2,1,0,4,10,8,1
12,18,3,1,1,0,3,0,0,0,1,1,1,7,2,1,0,6,8,9,0
9,15,0,0,1,3,3,0,1,1,1,1,1,0,0,1,0,6,6,11,1
10,20,4,1,1,0,3,1,0,11,1,1,1,0,0,2,0,6,3,10,1
3,18,4,1,1,0,3,1,0,2,1,1,1,0,0,0,5,0,0,0,1
5,18,4,0,0,3,3,2,1,0,1,1,0,8,0,0,5,0,0,4,1
14,15,2,0,1,0,3,0,0,2,1,1,1,0,2,1,0,7,0,9,1
7,18,4,1,1,0,3,2,0,2,1,1,1,0,0,0,5,0,0,1,1
9,14,4,0,0,0,3,1,0,12,1,1,0,0,2,3,5,0,0,6,1
15,21,0,0,1,0,3,1,0,1,1,1,1,0,2,1,0,6,10,14,0
4,18,0,0,1,0,3,1,0,0,1,1,1,7,0,1,5,6,0,6,1
13,19,4,1,1,0,3,1,0,12,1,1,1,0,2,2,0,6,6,10,1
2,18,4,0,1,0,3,0,0,2,1,1,1,0,0,1,0,6,6,6,1
9,15,4,0,1,0,3,3,0,2,1,1,1,7,0,1,0,6,4,8,1
9,15,2,1,1,4,3,0,1,5,1,1,1,7,0,1,0,6,9,6,1
11,20,0,1,1,0,3,1,0,1,1,1,1,0,2,2,0,6,0,13,0
3,17,4,0,1,0,3,1,0,16,1,1,1,5,0,1,0,2,1,2,0
4,15,4,0,1,0,3,0,0,7,1,1,1,0,0,1,0,3,11,3,1
12,15,0,0,1,0,3,0,0,2,1,1,1,0,2,1,0,6,6,8,1
2,15,4,1,1,0,3,1,0,2,1,1,1,0,0,1,2,2,0,2,1
3,18,0,1,1,4,3,3,1,8,1,1,1,0,0,1,5,2,0,4,1
14,21,0,1,1,4,3,0,1,1,1,1,1,5,2,0,5,0,0,0,1
12,18,0,1,1,0,3,1,0,16,1,1,1,0,2,6,5,1,0,2,1
6,13,4,0,1,0,3,0,0,0,1,1,1,0,0,1,0,6,8,9,1
10,20,4,0,1,0,0,0,0,12,1,1,1,7,0,5,3,9,3,12,1
14,21,4,1,1,0,3,0,0,12,1,1,1,5,2,1,0,7,3,14,0
8,18,4,1,1,0,3,0,0,2,1,1,1,7,0,1,0,6,4,5,1
5,19,0,1,1,0,3,3,0,1,1,1,1,7,0,1,0,2,3,2,0
12,22,4,0,1,0,3,1,0,0,1,1,1,8,0,2,0,9,3,14,1
5,18,4,1,1,0,3,0,0,0,1,1,1,0,0,5,0,6,6,5,1
11,20,0,1,1,4,3,0,1,1,1,1,1,0,2,1,0,8,8,13,1
2,15,4,0,1,0,3,0,0,2,1,1,1,0,0,1,2,2,0,5,1
9,21,0,0,1,0,3,0,0,0,1,1,1,1,0,1,0,9,11,14,0
3,14,4,0,1,4,3,0,1,11,1,1,1,7,0,1,0,6,4,5,0
9,15,4,0,1,0,3,3,0,12,1,1,1,7,0,3,0,6,7,12,1
13,15,4,0,1,0,3,0,0,15,1,1,1,1,0,4,5,5,0,2,0
6,20,4,0,1,0,3,0,0,14,1,1,1,0,0,1,0,6,3,13,1
13,18,2,0,1,3,3,0,1,2,1,1,1,0,2,1,0,6,8,7,1
9,17,4,0,0,0,3,1,0,4,0,1,0,0,0,2,0,1,8,5,1
15,15,0,0,1,0,3,0,0,0,1,1,1,0,2,1,2,6,0,8,1
12,22,3,1,1,0,3,0,0,0,1,1,1,0,2,1,0,7,2,8,0
15,18,0,0,1,0,3,0,0,0,1,1,1,0,2,1,5,4,0,6,1
9,21,0,0,1,0,3,2,0,0,1,1,1,0,0,6,0,9,6,12,1
11,15,4,0,1,0,3,1,0,12,1,1,1,0,2,6,0,6,3,11,1
4,16,4,0,1,0,3,0,0,2,1,1,1,4,0,1,0,5,8,3,1
13,18,4,1,1,0,3,3,0,5,1,1,1,0,2,1,0,6,10,13,1
5,20,4,1,1,0,3,0,0,2,1,1,1,0,0,6,0,5,2,6,1
0,1,4,0,0,2,2,3,0,6,0,1,0,6,0,0,5,0,0,0,0
2,15,4,0,1,0,3,0,0,16,1,1,1,0,0,3,0,4,10,5,0
10,18,4,1,1,0,3,2,0,2,1,1,1,8,0,1,0,6,3,12,1
14,21,0,0,1,4,3,0,1,1,1,1,1,5,2,1,0,6,11,13,1
7,15,4,1,1,0,3,1,0,0,1,1,1,0,0,1,0,6,4,9,1
12,15,2,1,1,0,3,1,0,12,1,1,1,0,2,1,0,6,10,8,1
4,21,4,0,1,0,3,0,0,2,1,1,1,0,0,3,0,9,2,11,1
5,15,4,1,1,3,3,0,1,9,1,1,1,8,0,1,0,6,1,8,1
0,18,4,1,1,0,3,1,0,2,1,1,1,0,0,0,5,0,0,0,1
11,20,4,1,1,0,3,1,0,0,1,1,1,0,2,2,0,9,0,11,0
15,21,0,0,1,4,3,1,1,0,1,1,1,0,2,4,0,6,8,14,1
9,15,4,0,1,0,3,3,0,0,1,1,1,0,0,1,0,5,7,12,1
6,19,4,1,1,0,3,0,0,2,1,1,1,7,0,6,0,1,0,2,1
6,18,4,0,1,0,3,0,0,11,1,1,1,0,0,2,0,3,0,6,0
3,13,4,1,1,0,3,0,0,2,1,1,1,7,0,1,0,6,4,6,1
11,20,4,1,1,0,3,0,0,12,1,1,1,7,2,4,0,6,1,11,1
14,19,0,1,1,0,3,0,0,1,1,1,1,7,2,1,0,6,10,11,1
14,20,4,1,1,3,3,0,1,0,1,1,1,5,2,3,0,6,10,11,1
8,18,2,1,1,0,3,0,0,7,1,1,1,0,0,3,0,2,8,6,1
9,14,4,0,1,0,3,3,0,12,1,1,1,7,0,1,0,6,5,12,0
3,20,4,1,1,0,3,0,0,11,1,1,1,5,0,1,0,2,4,4,0
3,15,4,0,1,0,3,1,0,2,1,1,1,0,0,1,0,6,8,6,1
15,15,4,0,1,0,3,0,0,15,1,1,1,1,0,4,5,5,0,1,0
14,23,4,0,1,0,3,0,0,5,1,1,1,0,2,1,0,8,11,13,1
15,21,0,0,1,4,3,0,1,1,1,1,1,5,2,1,0,7,8,14,1
2,15,4,1,1,0,3,0,0,2,1,1,1,7,0,1,0,6,6,7,1
4,18,4,0,1,0,3,3,0,14,1,1,1,0,0,0,5,0,0,0,1
4,13,4,0,1,0,3,0,0,2,1,1,1,1,0,6,2,0,0,6,1
5,17,4,0,1,0,3,1,0,2,1,1,1,0,0,1,0,6,6,9,1
15,20,0,1,1,0,3,1,0,0,1,1,1,0,2,6,0,4,6,5,1
0,18,4,1,1,0,3,0,0,2,1,1,1,0,0,0,5,0,0,0,1
2,15,4,1,1,0,3,0,0,2,1,1,1,7,0,4,0,2,1,4,1
10,20,4,1,1,4,3,0,1,0,1,1,1,0,0,5,0,6,4,7,1
7,19,0,0,1,3,3,0,1,1,1,1,1,0,0,1,0,7,5,6,0
10,15,4,0,1,4,3,0,1,0,1,1,1,7,0,1,0,4,11,4,0
15,21,0,0,1,4,3,3,1,0,1,1,1,0,2,2,0,6,6,9,0
7,20,4,0,1,0,3,0,0,2,1,1,1,7,0,1,0,6,10,11,1
13,19,4,0,0,0,3,1,0,0,1,1,0,0,2,1,0,4,6,6,1
14,21,4,0,1,4,3,0,1,0,1,1,1,5,2,1,0,6,5,14,1
14,20,4,0,1,0,3,3,0,14,1,1,1,0,2,1,0,6,6,9,1
8,20,4,0,1,0,3,3,0,4,1,1,1,5,0,1,0,9,8,7,1
1,15,4,0,1,0,3,0,0,2,1,1,1,7,0,1,0,2,6,2,1
14,14,4,1,1,0,3,3,0,12,1,1,1,7,2,1,0,6,2,5,1
11,20,0,0,1,0,3,1,0,2,1,1,1,0,2,3,0,1,3,2,1
13,20,0,1,1,4,3,1,1,0,1,1,1,0,2,1,0,9,11,11,0
0,15,4,0,1,0,3,0,0,2,1,1,1,7,0,1,0,2,4,5,1
0,18,4,1,1,0,3,0,0,16,1,1,1,7,0,0,5,0,0,0,0
11,21,4,1,1,0,3,0,0,0,1,1,1,5,2,0,5,0,0,0,1
11,20,4,0,1,3,3,0,1,2,1,1,1,0,2,0,5,0,0,0,1
9,20,4,0,1,0,3,0,0,2,1,1,1,5,0,1,0,4,11,3,1
4,15,4,1,1,0,3,0,0,0,1,1,1,7,0,1,0,3,6,5,1
0,17,4,1,1,0,2,0,0,16,1,1,1,0,0,1,0,4,4,5,1
2,17,4,1,1,0,3,3,0,0,1,1,1,0,0,1,0,6,3,12,1
11,21,4,0,1,0,3,0,0,0,1,1,1,0,2,2,0,6,2,13,1
9,14,4,0,1,0,3,3,0,9,1,1,1,7,0,1,0,6,8,8,1
14,15,4,0,1,0,3,0,0,0,1,1,1,1,2,6,2,0,0,9,1
11,14,0,1,1,0,3,3,0,2,1,1,1,7,2,1,0,2,1,8,1
0,17,4,1,1,4,3,0,1,9,1,1,1,0,0,1,0,4,6,2,1
5,15,0,0,1,0,0,0,0,0,1,1,1,0,0,5,3,8,1,13,1
6,15,4,1,1,0,3,3,0,12,1,1,1,0,0,1,0,2,5,4,1
15,15,0,0,1,0,3,0,0,1,1,1,1,0,2,3,0,6,2,8,1
5,20,4,1,1,0,3,1,0,2,1,1,1,0,0,1,0,3,5,5,1
8,15,4,1,1,0,3,1,0,2,1,1,1,8,0,1,0,4,1,5,1
15,21,0,1,1,0,3,1,0,0,1,1,1,0,2,1,0,7,11,14,1
12,22,0,1,1,0,3,1,0,0,1,1,1,8,2,1,0,6,9,13,1
9,15,0,0,1,0,3,1,0,8,1,1,1,0,0,1,0,6,0,11,0
14,20,0,1,1,0,3,1,0,1,1,1,1,5,2,1,0,4,11,13,0
4,20,0,1,1,2,3,0,0,3,1,1,1,1,0,1,0,2,10,3,1
8,21,0,0,1,0,3,0,0,0,1,1,1,1,0,1,0,6,6,14,0
3,17,1,0,1,0,0,1,0,4,1,1,1,0,0,5,3,9,2,9,0
2,15,4,1,1,4,3,0,1,16,1,1,1,0,0,1,5,5,0,6,0
13,20,4,0,1,0,3,0,0,0,1,1,1,5,2,7,0,6,1,13,1
5,15,4,0,1,0,3,3,0,2,1,1,1,0,0,1,0,4,8,6,1
10,21,0,0,1,0,3,3,0,1,1,1,1,5,0,3,0,7,7,13,1
3,18,4,1,1,0,3,0,0,2,1,1,1,0,0,0,5,0,0,0,1
10,20,4,0,1,0,3,3,0,2,1,1,1,0,0,1,0,7,0,3,0
0,17,4,1,1,0,3,0,0,16,1,1,1,7,0,0,5,0,0,0,0
0,15,4,1,1,0,3,3,0,2,1,1,1,0,0,1,0,2,2,3,1
4,18,4,1,1,4,3,0,1,16,1,1,1,0,0,1,0,6,4,5,1
13,18,0,0,1,0,1,0,0,0,1,1,1,8,2,1,0,6,3,9,1
9,20,4,1,1,0,3,1,0,0,1,1,1,0,0,1,0,7,3,12,1
6,20,4,1,1,4,3,0,1,2,1,1,1,0,0,1,0,1,9,2,1
0,18,4,0,1,3,3,0,1,16,1,1,1,5,0,3,0,6,2,5,0
1,15,4,0,1,3,3,0,1,9,1,1,1,5,0,1,0,6,6,12,1
2,18,4,0,1,0,3,0,0,2,1,1,1,7,0,1,2,6,0,2,1
3,18,4,1,1,0,3,0,0,2,1,1,1,7,0,1,1,6,0,4,1
7,19,4,0,1,0,3,1,0,2,1,1,1,0,0,7,0,5,5,6,1
6,15,4,0,1,0,3,0,0,2,1,1,1,0,0,1,0,3,8,10,1
3,20,0,0,1,0,3,0,0,1,1,1,1,5,0,1,0,7,2,14,1
7,21,4,1,1,2,3,1,0,12,1,1,1,0,2,1,0,6,6,6,0
14,6,0,0,1,4,3,0,1,0,1,1,1,8,2,1,0,2,8,4,1
7,18,4,0,1,0,3,0,0,2,1,1,1,7,0,1,0,6,6,8,1
1,13,4,0,1,0,3,0,0,2,1,1,1,0,0,2,0,1,4,7,1
1,17,4,1,1,0,3,0,0,2,1,1,1,0,0,3,0,1,3,1,1
10,18,0,1,1,0,3,0,0,8,1,1,1,7,0,1,0,7,3,10,1
8,18,4,1,1,0,3,3,0,0,1,1,1,0,0,1,5,0,0,0,0
7,20,4,1,1,0,3,0,0,2,1,1,1,5,0,1,0,6,10,13,1
5,17,4,1,1,0,3,3,0,2,1,1,1,0,0,1,0,5,2,3,1
13,20,4,0,1,4,3,0,1,0,1,1,1,5,2,1,0,7,4,14,1
15,15,0,0,1,0,3,1,0,0,1,1,1,8,2,4,0,9,4,10,1
8,18,4,0,1,0,3,0,0,11,1,1,1,0,0,1,0,6,6,11,0
5,22,0,1,1,0,3,0,0,0,1,1,1,0,0,1,0,9,2,13,1
0,15,4,1,0,0,3,0,0,3,0,1,1,0,0,1,0,2,9,2,1
3,0,4,0,1,0,3,3,0,2,1,1,1,0,0,1,0,6,4,9,1
15,17,0,0,1,0,3,1,0,1,1,1,1,0,2,3,0,6,8,12,1
4,19,4,0,1,0,3,1,0,2,1,1,1,8,0,1,0,6,7,7,1
13,19,0,1,1,4,3,1,1,0,1,1,1,0,2,1,0,8,5,14,1
9,15,4,0,1,0,3,0,0,2,1,1,1,7,0,6,0,2,11,5,1
9,18,4,0,1,0,3,0,0,0,1,1,1,7,0,1,0,2,5,5,1
10,23,3,1,1,0,3,3,0,0,1,1,1,0,2,0,5,0,0,7,1
15,20,0,1,1,4,3,0,1,1,1,1,1,5,2,1,0,6,6,11,1
0,15,4,0,1,4,3,0,1,14,1,1,1,0,0,1,0,6,3,6,1
7,20,0,0,1,0,3,1,0,1,1,1,1,0,0,7,1,3,0,14,0
6,18,4,0,1,0,3,0,0,11,1,1,1,2,0,1,0,6,6,9,1
8,18,0,1,1,0,3,1,0,2,1,1,1,0,0,1,0,6,8,8,1
8,17,4,0,1,0,3,1,0,2,1,1,1,8,0,2,0,6,11,12,1
6,20,4,1,1,0,3,3,0,11,1,1,1,5,0,1,0,6,2,12,0
4,15,4,0,1,4,3,0,1,2,1,1,1,7,0,1,0,6,10,9,1
12,20,4,0,1,0,3,0,0,11,1,1,1,0,2,4,0,6,10,11,1
5,20,4,1,1,0,3,1,0,0,1,1,1,1,0,1,0,6,3,6,1
13,20,4,1,1,0,3,3,0,11,1,1,1,0,2,1,0,1,0,1,1
6,19,4,1,1,0,3,0,0,2,1,1,1,0,0,3,0,6,0,11,1
2,15,4,1,0,4,3,0,1,0,1,1,1,7,0,1,0,2,6,4,1
11,23,0,1,1,2,3,3,1,0,1,1,1,5,2,6,0,1,4,6,0
10,8,4,0,1,4,3,3,1,11,1,1,1,0,0,1,0,6,8,14,1
13,20,4,0,1,0,3,1,0,12,1,1,1,0,2,1,0,6,6,10,1
12,18,4,1,1,0,3,0,0,2,1,1,1,0,2,0,5,0,0,0,1
15,8,4,0,0,4,3,0,1,11,1,0,0,0,2,0,5,0,0,5,0
5,20,4,0,1,0,3,0,0,0,1,1,1,0,0,1,0,6,2,3,0
5,18,4,0,1,0,1,3,0,14,1,1,1,0,0,1,0,6,3,10,0
13,0,0,0,1,3,3,3,1,9,1,1,1,7,2,1,0,6,4,6,1
7,20,4,1,1,0,3,0,0,2,1,1,1,0,0,2,0,6,10,12,1
5,19,4,1,1,0,3,0,0,2,1,1,1,0,0,1,5,1,0,1,1
3,15,4,1,1,0,3,0,0,4,1,1,1,0,0,1,0,6,3,7,1
12,20,4,1,1,0,3,0,0,0,1,1,1,1,2,1,0,7,8,11,1
0,13,4,0,1,0,3,0,0,2,1,1,1,1,0,1,2,4,0,2,1
0,17,4,0,1,0,3,1,0,7,1,1,1,8,0,0,5,0,0,0,0
0,17,4,1,1,0,3,0,0,2,1,1,1,5,0,0,5,0,0,0,1
8,15,4,0,1,0,3,2,0,11,1,1,1,8,0,1,0,6,10,10,0
15,18,4,1,1,0,3,0,0,0,1,1,1,0,2,4,0,6,4,5,1
7,15,4,1,1,0,3,0,0,2,1,1,1,0,0,1,2,0,0,5,1
14,20,4,0,1,0,3,1,0,0,1,1,1,8,0,4,0,5,5,5,0
9,15,0,1,1,0,3,0,0,0,1,1,1,0,0,2,0,9,2,12,1
2,15,4,0,1,0,3,3,0,15,1,1,1,0,0,1,5,3,0,2,0
12,19,0,0,1,0,3,0,0,8,1,1,1,7,2,1,5,0,0,0,1
8,22,4,0,1,0,3,3,0,0,1,1,1,5,0,1,0,6,9,11,1
6,20,0,1,1,0,3,0,0,0,1,1,1,0,0,2,0,6,1,11,1
10,12,3,0,1,0,3,0,0,0,1,1,1,0,0,1,0,6,8,9,1
3,20,4,0,1,0,3,0,0,2,1,1,1,0,0,1,2,6,0,3,1
1,19,4,1,1,0,3,1,0,11,1,1,1,5,0,1,2,4,0,6,0
5,20,4,0,1,0,3,1,0,2,1,1,1,0,0,1,5,5,0,2,1
6,18,4,0,1,0,3,3,0,4,1,1,1,8,0,1,0,6,3,7,1
1,18,4,1,1,4,3,0,1,16,1,1,1,5,0,0,5,0,0,0,1
13,20,4,1,1,0,3,3,0,11,1,1,1,0,2,1,0,8,4,14,0
8,20,4,1,1,3,3,3,0,11,1,1,1,0,0,3,0,6,2,11,1
12,17,4,0,1,0,3,0,0,0,1,1,1,5,2,1,0,6,8,12,1
0,18,4,1,1,0,3,1,0,2,1,1,1,5,0,1,0,4,8,6,1
0,18,4,0,1,3,3,0,1,2,1,1,1,5,0,1,0,4,6,6,1
7,8,4,1,1,0,1,0,0,16,1,1,1,0,0,1,5,0,0,3,0
13,15,0,0,1,0,3,0,0,0,1,1,1,0,2,1,0,6,10,5,1
2,18,0,0,1,0,3,1,0,0,1,1,1,8,0,1,0,1,3,3,1
11,14,0,0,1,0,3,0,0,0,1,1,1,0,2,1,0,6,1,11,1
1,15,4,0,1,0,0,0,0,6,0,1,1,5,0,5,3,6,9,6,0
1,18,4,1,1,4,3,0,1,11,1,1,1,5,0,1,5,1,0,1,0
15,11,2,0,1,0,3,1,0,15,1,1,1,0,2,1,5,9,0,2,1
8,15,4,1,1,0,3,3,0,0,1,1,1,7,0,1,2,0,0,0,1
7,20,0,0,1,0,3,0,0,1,1,1,1,0,0,1,0,6,6,9,0
12,18,4,1,1,0,3,0,0,2,1,1,1,7,2,1,5,0,0,1,1
0,15,0,1,1,0,3,0,0,1,1,1,1,0,0,3,5,0,0,1,1
15,15,4,0,1,4,3,0,1,0,1,1,1,7,2,1,0,6,6,6,1
8,15,0,1,1,4,3,3,1,0,1,1,1,0,0,1,0,6,6,10,1
5,18,0,1,0,0,3,3,0,9,1,1,1,0,0,0,5,0,0,0,0
7,15,0,0,1,0,0,0,0,16,1,1,1,0,0,5,3,9,1,9,0
7,15,4,1,1,4,3,0,1,2,1,1,1,7,0,1,0,6,6,6,1
4,17,4,0,1,0,3,3,0,2,1,1,1,0,0,1,2,2,0,3,1
3,20,4,0,1,0,3,1,0,11,1,1,1,5,0,1,0,6,10,10,0
10,16,0,0,1,3,3,0,1,15,1,1,1,0,0,0,5,0,0,0,1
2,14,4,0,0,0,3,0,0,2,1,1,0,0,0,0,5,0,0,0,1
14,19,4,1,1,0,3,3,0,2,1,1,1,7,2,0,5,0,0,0,1
6,19,0,1,1,0,3,1,0,0,1,1,1,8,0,0,5,0,0,5,1
11,17,0,1,1,0,3,0,0,1,1,1,1,0,2,1,0,4,10,8,0
6,16,4,0,1,0,3,0,0,2,1,1,1,0,0,1,0,5,0,3,1
6,20,0,1,1,0,3,0,0,0,1,1,1,0,0,4,5,1,0,2,1
1,18,4,0,1,3,3,0,1,2,1,1,1,5,0,0,5,0,0,0,1
0,15,4,0,1,0,3,1,0,2,1,1,1,8,0,0,5,0,0,0,1
4,19,4,1,1,0,3,1,0,2,1,1,1,8,0,1,0,6,2,3,1
7,18,4,0,1,0,3,0,0,2,1,1,1,0,0,0,5,0,0,0,1
6,15,4,0,1,0,3,1,0,2,1,1,1,0,0,1,0,2,3,6,1
6,20,4,1,1,0,3,3,0,11,1,1,1,0,0,1,0,6,10,11,1
0,18,4,1,1,0,3,0,0,2,1,1,1,0,0,1,0,1,2,2,1
9,9,0,0,1,4,3,1,1,12,1,1,1,0,0,1,0,8,7,6,0
7,15,4,0,1,0,3,0,0,14,1,1,1,0,0,1,0,6,6,10,1
10,19,4,0,1,0,3,1,0,2,1,1,1,5,0,1,5,0,0,2,1
9,20,0,1,1,0,3,0,0,0,1,1,1,0,0,3,0,6,6,11,1
14,22,0,1,1,2,3,1,0,1,1,1,1,8,2,1,0,5,9,14,0
1,15,0,0,1,0,3,0,0,8,1,1,1,0,0,1,2,2,0,5,0
4,21,4,1,1,4,3,0,1,9,1,1,1,5,0,1,0,6,0,7,1
4,20,4,0,1,0,3,3,0,2,1,1,1,0,0,1,0,7,7,7,1
9,15,0,0,1,0,3,0,0,1,1,1,1,0,0,1,5,0,0,0,1
12,14,0,0,1,0,3,0,0,0,1,1,1,7,2,1,0,6,7,12,1
15,21,4,0,1,0,3,1,0,0,1,1,1,0,2,2,0,6,0,14,1
13,11,4,0,1,0,3,1,0,15,1,1,1,7,2,0,5,0,0,0,1
12,13,4,0,1,0,3,0,0,15,1,1,1,1,2,1,5,0,0,0,1
12,20,0,1,1,3,3,0,1,0,1,1,1,5,2,1,0,6,4,12,1
9,20,4,0,1,0,3,1,0,2,1,1,1,8,0,4,0,6,5,6,1
14,15,0,1,1,0,3,0,0,1,1,1,1,0,2,0,5,0,0,0,1
5,15,4,1,1,0,3,3,0,2,1,1,1,0,0,1,0,6,10,5,1
2,15,4,0,1,4,3,0,1,9,1,1,1,0,0,1,0,7,2,7,1
0,8,4,0,1,4,3,0,1,2,1,1,1,7,0,1,0,1,4,3,1
3,15,4,1,1,0,3,0,0,2,1,1,1,0,0,1,0,3,4,5,1
8,21,4,1,1,0,3,0,0,0,1,1,1,0,0,3,0,6,4,12,0
8,20,4,0,1,3,1,3,1,0,1,1,1,0,0,5,3,6,9,13,1
2,15,4,0,1,0,3,1,0,7,1,1,1,8,0,1,5,0,0,2,1
5,22,4,1,1,0,3,0,0,9,1,1,1,0,0,1,0,6,3,10,0
1,18,4,0,1,0,3,0,0,16,1,1,1,7,0,3,0,6,6,5,1
11,18,0,0,1,0,3,0,0,0,1,1,1,0,2,1,5,8,0,6,0
1,18,4,1,1,0,3,0,0,2,1,1,1,7,0,1,0,1,4,2,1
0,15,4,0,1,0,3,3,0,11,1,1,1,7,0,1,0,6,2,4,0
0,18,4,1,1,0,3,0,0,16,1,1,1,0,0,0,5,0,0,0,0
6,18,0,0,1,0,1,1,0,1,1,1,1,0,0,1,0,4,8,13,1
5,18,4,0,1,0,3,0,0,2,1,1,1,7,0,1,0,6,6,2,1
8,15,4,0,0,0,3,0,0,5,1,1,0,7,0,1,2,3,0,6,1
0,18,4,1,1,0,3,0,0,2,1,1,1,0,0,1,0,6,4,4,1
1,18,4,1,1,4,3,1,1,0,1,1,1,0,0,1,5,1,0,2,0
2,15,4,0,1,0,3,1,0,16,1,1,1,0,0,1,0,4,6,5,0
15,15,0,1,1,0,3,1,0,0,1,1,1,0,2,1,0,6,4,11,1
1,17,4,0,1,0,0,1,0,16,1,1,1,0,0,5,3,6,1,1,1
14,20,4,0,1,0,3,1,0,2,1,1,1,0,2,1,0,6,8,11,1
10,20,4,0,1,0,3,1,0,0,1,1,1,0,0,1,0,7,4,14,1
13,18,0,1,1,0,3,3,0,0,1,1,1,5,2,1,0,6,2,11,1
12,17,0,1,1,0,3,0,0,0,1,1,1,0,2,1,1,6,0,6,1
8,17,4,0,0,0,3,3,0,2,1,1,0,1,0,1,5,0,0,0,0
10,20,0,1,1,0,3,1,0,2,1,1,1,0,0,1,0,6,7,10,1
1,18,4,1,1,3,3,0,1,16,1,1,1,0,0,5,3,6,1,6,0
7,20,4,1,1,0,3,1,0,2,1,1,1,0,0,2,0,1,8,7,1
2,18,4,1,1,0,3,1,0,11,1,1,1,0,0,1,0,6,6,2,1
6,15,0,1,1,4,3,3,1,1,1,1,1,0,0,0,5,0,0,0,1
6,19,4,1,1,0,3,0,0,14,1,1,1,0,0,1,0,4,3,7,1
10,19,0,1,1,0,3,0,0,0,1,1,1,0,0,1,5,0,0,0,0
10,5,4,0,1,0,3,1,0,4,1,1,1,0,0,1,1,6,0,4,1
9,20,4,0,1,0,3,0,0,2,1,1,1,0,0,3,0,6,3,5,1
5,20,4,1,1,0,3,0,0,0,1,1,1,0,0,1,0,6,2,13,1
7,15,4,1,1,4,3,3,1,0,1,1,1,0,0,1,0,6,6,9,0
6,15,0,0,1,0,3,3,0,1,1,1,1,0,0,0,5,0,0,0,1
14,19,4,0,1,0,3,3,0,12,1,1,1,7,2,1,0,6,10,6,1
0,18,4,0,1,0,3,1,0,16,1,1,1,0,0,0,5,0,0,0,1
15,17,4,1,1,4,3,0,1,2,1,1,1,5,2,4,0,6,3,5,1
10,21,0,0,1,0,3,0,0,0,1,1,1,0,0,1,0,7,5,13,0
3,18,4,0,1,0,3,1,0,15,1,1,1,0,0,0,5,0,0,0,0
2,15,4,0,1,0,3,0,0,2,1,1,1,0,0,1,0,6,5,4,1
0,15,4,1,1,0,3,0,0,16,1,1,1,0,0,1,5,1,0,2,1
14,20,0,1,1,0,3,0,0,0,1,1,1,5,2,1,0,6,11,14,1
3,20,4,0,0,0,3,0,0,9,1,1,0,0,0,1,5,3,0,1,0
12,18,3,1,1,0,3,3,0,1,1,1,1,0,2,7,5,0,0,4,0
8,15,4,0,1,0,3,1,0,7,1,1,1,0,0,1,0,9,2,7,1
10,8,4,0,1,0,3,2,0,11,1,1,1,2,0,1,1,6,4,14,1
3,13,4,0,1,0,3,0,0,2,1,1,1,0,0,6,2,4,0,5,1
10,15,4,0,1,0,3,1,0,2,1,1,1,0,0,1,0,6,10,13,1
14,18,4,0,1,0,3,0,0,0,1,1,1,0,2,1,0,7,11,13,1
15,20,0,1,1,3,3,2,1,1,1,1,1,0,2,3,0,6,3,10,1
1,15,4,1,1,0,3,1,0,2,1,1,1,0,0,1,0,3,2,5,1
8,15,4,0,1,0,3,0,0,2,1,1,1,0,0,1,0,6,8,5,1
10,20,4,0,1,0,3,1,0,15,1,1,1,0,0,4,5,0,0,0,0
1,15,4,0,0,0,3,3,0,2,0,1,1,2,0,0,5,0,5,5,1
11,15,0,0,1,0,1,0,0,1,1,1,1,0,2,5,0,6,3,9,1
9,11,3,1,0,4,3,0,1,1,1,1,0,7,1,6,0,9,4,6,1
15,20,0,1,1,0,3,0,0,0,1,1,1,5,2,1,0,7,7,12,0
9,18,4,0,1,0,3,1,0,2,1,1,1,0,0,1,0,6,11,12,1
8,20,4,0,0,0,3,3,0,0,1,1,0,0,0,1,2,6,0,2,0
13,8,1,1,1,3,3,1,1,4,1,1,1,1,2,4,5,0,0,3,1
14,12,4,0,1,0,3,0,0,0,1,1,1,8,0,4,0,6,8,12,0
4,15,4,0,1,0,3,0,0,2,1,1,1,0,0,0,5,0,0,0,1
8,20,4,1,1,0,3,1,0,0,1,1,1,8,0,1,1,8,0,11,1
6,15,4,0,1,4,3,0,1,2,1,1,1,0,0,1,0,6,3,5,1
12,18,0,0,1,0,3,0,0,0,1,1,1,5,2,5,2,6,0,2,1
14,0,2,0,1,0,1,0,0,0,1,1,1,0,2,1,0,6,3,9,1
8,13,4,0,1,4,3,0,1,0,1,1,1,7,0,1,0,6,4,7,1
10,15,0,1,1,0,3,0,0,1,1,1,1,7,0,1,0,6,10,10,1
4,20,0,0,1,4,3,3,1,0,1,1,1,5,0,1,0,8,2,6,1
0,17,4,1,1,0,3,1,0,2,1,1,1,7,0,1,0,6,2,6,1
6,18,4,0,1,0,3,0,0,2,1,1,1,7,0,1,0,6,1,7,1
9,19,4,0,1,0,3,1,0,12,1,1,1,0,0,1,0,9,3,14,1
13,19,4,0,1,0,3,3,0,12,1,1,1,0,2,1,0,9,7,12,0
7,15,0,0,1,0,3,0,0,0,1,1,1,0,0,1,0,6,1,9,1
11,17,4,1,1,0,3,1,0,2,1,1,1,8,2,2,0,3,8,11,1
3,18,0,1,1,0,3,0,0,1,1,1,1,0,0,1,0,6,1,7,0
6,20,4,0,1,0,3,0,0,14,1,1,1,0,0,7,0,4,0,9,0
15,20,0,0,1,0,3,0,0,0,1,1,1,1,2,1,0,8,6,13,1
8,20,4,0,1,4,3,0,1,5,1,1,1,7,0,6,0,6,6,11,1
5,20,4,1,1,4,3,0,1,10,1,1,1,5,0,4,0,1,8,3,0
13,20,0,1,1,0,3,0,0,2,1,1,1,7,2,1,0,6,6,13,1
11,15,4,0,1,0,3,1,0,0,1,1,1,8,2,1,0,6,1,11,1
11,20,4,1,1,0,3,3,0,12,1,1,1,0,2,1,0,6,5,10,1
0,18,4,1,1,0,3,1,0,2,1,1,1,0,0,1,5,1,0,1,1
7,20,4,1,1,0,3,0,0,12,1,1,1,0,0,1,0,6,4,12,0
12,20,4,0,1,3,3,0,1,5,1,1,1,5,2,1,0,6,6,14,1
0,13,4,0,0,0,3,1,0,15,1,1,0,0,0,0,5,0,0,0,0
7,17,4,1,1,4,3,0,1,5,1,1,1,0,0,1,0,6,3,6,1
0,15,4,0,1,0,3,1,0,2,1,1,1,0,0,1,0,6,1,2,1
15,20,0,1,1,0,3,2,0,1,1,1,1,0,2,1,0,6,1,8,1
10,20,4,1,1,0,3,0,0,3,1,1,1,1,0,1,0,6,8,10,1
0,16,4,0,0,2,3,1,0,3,0,0,0,0,0,0,5,0,0,4,1
10,15,4,0,1,0,3,0,0,0,1,1,1,7,0,3,0,8,11,11,1
13,20,4,1,1,0,3,0,0,2,1,1,1,5,2,1,0,6,6,8,1
14,15,0,1,1,3,3,0,1,1,1,1,1,5,2,1,2,0,0,0,0
0,15,4,1,1,0,3,0,0,2,1,1,1,7,0,6,0,1,6,2,1
9,20,4,1,1,4,3,0,1,5,1,1,1,0,0,6,0,6,4,4,1
3,18,4,1,1,0,3,0,0,2,1,1,1,1,0,1,0,6,3,7,1
0,15,4,0,1,4,3,3,1,2,1,1,1,0,0,1,0,6,0,1,1
12,16,4,0,1,0,3,0,0,15,1,1,1,7,2,1,5,0,0,0,1
12,3,0,0,0,3,3,3,1,15,0,1,1,7,2,0,5,0,0,1,0
5,20,4,0,1,0,3,0,0,0,1,1,1,0,0,1,0,3,4,5,0
6,20,4,0,1,0,3,1,0,11,1,1,1,8,0,1,0,6,0,13,1
1,18,4,0,1,0,3,0,0,16,1,1,1,0,0,0,5,0,0,0,0
7,18,4,1,1,3,3,1,1,0,1,1,1,0,0,1,5,0,0,0,1
14,18,4,0,1,0,3,0,0,0,1,1,1,0,2,1,0,7,4,9,1
4,15,0,0,1,0,3,0,0,0,1,1,1,0,0,1,0,6,3,6,0
11,15,4,0,1,3,3,0,1,2,1,1,1,0,2,1,0,6,11,11,1
1,15,4,1,1,4,3,0,1,12,1,1,1,5,0,1,0,5,9,6,0
8,15,4,1,1,0,3,0,0,12,1,1,1,0,0,0,5,0,0,0,1
12,16,0,0,1,0,3,0,0,0,1,1,1,7,2,1,0,6,4,10,1
4,15,4,0,1,3,3,0,1,2,1,1,1,0,0,1,0,2,2,4,1
2,18,4,1,1,0,3,1,0,0,1,1,1,0,0,1,0,6,3,7,1
1,18,4,1,1,0,3,0,0,2,1,1,1,5,0,0,5,0,0,0,1
12,21,0,1,1,4,3,3,1,1,1,1,1,0,2,7,0,5,3,13,1
15,15,0,0,1,4,3,0,1,1,1,1,1,0,2,1,0,3,10,4,1
10,15,4,0,1,0,3,3,0,2,1,1,1,7,0,1,0,5,8,5,1
9,19,0,1,1,0,3,0,0,8,1,1,1,0,0,1,5,2,0,5,1
3,18,4,0,1,0,3,0,0,0,1,1,1,0,0,2,0,2,2,6,1
10,21,0,1,1,3,3,0,1,0,1,1,1,5,0,1,0,6,3,13,1
5,15,4,0,1,0,3,3,0,2,1,1,1,0,0,1,0,6,4,6,1
1,18,4,1,1,0,3,0,0,2,1,1,1,0,0,1,0,2,4,3,1
1,13,0,1,0,0,3,3,0,8,1,1,0,7,1,1,1,1,4,5,1
7,20,4,1,1,0,3,3,0,9,1,1,1,7,0,1,0,6,3,8,1
11,16,4,0,0,0,3,1,0,0,1,1,0,0,2,0,5,0,0,4,0
12,16,4,0,1,0,3,0,0,15,1,1,1,0,2,0,5,0,0,0,0
9,18,4,0,1,0,3,0,0,14,1,1,1,0,0,1,0,6,3,10,0
10,21,4,0,1,0,3,0,0,0,1,1,1,1,0,3,0,6,3,12,0
0,15,4,0,1,0,3,1,0,2,1,1,1,0,0,1,5,1,0,1,1
15,13,4,0,0,0,3,0,0,0,1,1,0,0,2,0,5,0,0,5,1
8,20,4,1,1,0,3,3,0,0,1,1,1,0,0,2,0,1,1,1,1
0,18,4,0,1,0,3,0,0,16,1,1,1,0,0,1,0,4,1,4,1
8,13,4,1,0,0,3,0,0,2,1,1,0,0,0,0,5,0,0,4,1
0,18,4,0,1,0,3,3,0,2,1,1,1,0,0,1,0,2,4,4,0
11,20,4,1,1,0,3,3,0,2,1,1,1,7,2,0,5,0,0,0,1
11,20,0,1,1,0,3,1,0,1,1,1,1,0,2,1,0,6,6,14,1
0,18,4,1,1,0,3,0,0,16,1,1,1,5,0,0,5,0,0,0,0
14,20,4,1,1,0,3,1,0,12,1,1,1,0,2,1,0,7,5,14,1
15,21,0,1,1,4,3,0,1,1,1,1,1,5,2,0,5,0,0,0,0
12,18,2,1,1,0,3,1,0,0,1,1,1,0,2,4,0,6,8,11,0
8,21,0,1,1,0,3,3,0,0,1,1,1,0,0,0,5,0,0,0,0
2,19,4,0,1,3,3,0,1,2,1,1,1,5,0,0,5,0,0,0,1
11,8,0,0,1,4,3,0,1,16,1,1,1,0,2,1,0,6,1,8,1
14,19,0,1,1,0,3,0,0,0,1,1,1,0,2,1,0,6,3,11,0
13,18,4,1,1,0,3,0,0,2,1,1,1,7,2,1,1,2,0,6,1
7,18,4,1,1,0,3,0,0,2,1,1,1,7,0,0,5,0,0,0,1
6,21,4,0,1,0,3,0,0,5,1,1,1,0,0,2,5,6,0,14,0
5,16,4,0,1,0,3,3,0,12,1,1,1,0,0,1,0,6,10,4,0
12,15,4,0,1,0,3,3,0,2,1,1,1,0,2,6,0,4,3,8,1
1,18,4,1,1,0,3,0,0,2,1,1,1,0,0,1,0,4,10,2,1
12,0,4,1,1,0,3,3,0,9,1,1,1,0,2,0,5,0,0,8,1
3,18,4,0,1,0,3,0,0,2,1,1,1,5,0,1,0,2,4,4,1
13,20,0,0,1,4,3,0,1,0,1,1,1,0,2,1,0,8,2,14,0
12,21,0,1,1,0,3,0,0,0,1,1,1,5,2,2,0,7,6,12,1
14,17,0,0,1,4,3,0,1,1,1,1,1,0,2,1,0,6,3,11,1
12,21,0,1,1,4,3,0,1,0,1,1,1,0,2,0,5,0,0,0,0
3,20,4,1,1,0,3,0,0,2,1,1,1,0,0,1,0,2,3,5,1
9,11,3,1,0,4,3,0,1,1,1,1,0,7,1,1,0,9,4,6,1
6,17,0,1,1,3,3,0,1,2,1,1,1,0,0,3,0,6,6,1,1
4,20,4,1,1,4,3,0,1,2,1,1,1,0,0,1,0,6,3,6,0
12,20,0,1,1,4,3,0,1,1,1,1,1,5,2,0,5,0,0,0,1
6,17,4,1,1,0,3,1,0,0,1,1,1,0,0,1,0,5,4,12,0
14,21,4,1,1,4,3,3,1,14,1,1,1,0,2,0,5,0,0,0,0
0,17,4,0,1,4,3,0,1,16,1,1,1,5,0,0,5,0,0,0,0
5,15,4,0,1,0,3,0,0,0,1,1,1,0,0,1,0,6,8,11,0
11,18,4,0,1,0,3,0,0,0,1,1,1,7,2,1,0,6,1,4,1
0,18,4,1,1,0,3,1,0,2,1,1,1,0,0,0,5,0,0,0,1
5,18,4,0,1,0,3,0,0,2,1,1,1,0,0,0,5,0,0,2,1
9,20,0,1,1,3,3,0,1,0,1,1,1,0,0,1,0,8,6,12,0
13,19,0,0,1,3,3,0,1,0,1,1,1,0,2,1,0,6,9,9,1
3,15,4,1,1,0,3,0,0,2,1,1,1,0,0,2,0,1,1,2,1
10,18,4,0,1,0,3,0,0,5,1,1,1,0,0,1,0,6,6,8,1
6,14,4,1,1,0,3,0,0,12,1,1,1,0,0,0,5,0,0,0,1
11,18,0,0,1,0,3,0,0,1,1,1,1,0,2,3,0,6,4,11,1
1,13,4,1,1,0,3,0,0,10,1,1,1,0,0,1,0,6,5,8,0
8,17,4,1,1,0,3,0,0,0,1,1,1,0,0,1,2,0,0,0,0
12,18,2,0,1,0,3,0,0,12,1,1,1,7,2,1,0,6,6,12,0
14,18,4,0,1,4,3,0,1,0,1,1,1,0,2,4,0,9,10,14,1
4,15,4,1,1,0,3,3,0,4,1,1,1,0,0,1,0,1,8,7,1
3,20,4,0,1,0,3,3,0,2,1,1,1,0,0,1,0,1,9,2,1
13,19,0,0,1,0,3,1,0,1,1,1,1,8,2,3,0,6,0,11,0
0,17,4,0,1,0,3,0,0,0,1,1,1,7,0,0,5,0,0,0,0
10,14,0,1,1,0,3,3,0,2,1,1,1,0,0,1,0,2,1,3,1
6,18,4,1,1,0,3,3,0,11,1,1,1,0,0,6,0,1,0,2,0
8,18,4,0,1,0,3,2,0,0,1,1,1,0,0,2,0,6,6,10,1
4,20,4,1,1,0,3,3,0,14,1,1,1,0,0,1,0,2,8,3,0
10,20,4,0,1,0,3,0,0,0,1,1,1,5,0,1,0,6,7,14,1
10,20,0,1,1,4,3,0,1,1,1,1,1,0,0,5,0,7,8,11,0
1,15,4,1,1,0,3,1,0,2,1,1,1,5,0,1,0,2,2,3,1
0,15,4,1,1,0,3,0,0,11,1,1,1,0,0,1,0,1,4,2,0
15,18,4,0,1,0,3,0,0,0,1,1,1,0,2,3,0,6,8,13,1
6,18,4,1,1,0,3,3,0,0,1,1,1,5,0,2,0,1,2,11,0
7,20,4,1,1,4,3,0,1,0,1,1,1,5,0,1,0,6,2,6,0
14,20,2,1,1,0,3,0,0,12,1,1,1,0,2,1,0,7,0,11,0
8,15,4,0,1,0,3,1,0,2,1,1,1,0,0,1,1,3,0,2,1
8,18,0,0,1,0,3,0,0,0,1,1,1,0,0,1,5,3,0,2,1
13,15,0,0,1,0,3,1,0,0,1,1,1,0,2,1,0,9,3,14,1
14,0,0,0,1,0,3,0,0,1,1,1,1,7,2,1,0,6,4,9,1
13,18,4,0,1,0,3,1,0,2,1,1,1,0,2,1,0,1,3,2,1
9,20,4,0,1,0,3,0,0,0,1,1,1,5,0,1,0,8,3,14,0
10,17,2,0,1,0,3,1,0,0,1,1,1,0,0,1,2,2,0,5,0
4,15,4,0,1,0,3,0,0,2,1,1,1,0,0,0,5,0,0,0,1
11,14,4,0,0,0,3,1,0,2,1,1,0,0,2,1,0,8,2,6,1
3,18,4,1,1,0,3,1,0,2,1,1,1,0,0,1,5,0,0,0,1
11,16,0,0,1,4,3,0,1,1,1,1,1,7,2,0,5,0,0,0,1
11,17,4,1,1,4,3,0,1,0,1,1,1,0,2,4,5,4,0,5,1
8,18,4,0,1,0,3,0,0,7,1,1,1,0,0,1,0,2,3,2,1
14,8,0,0,1,4,3,0,1,11,1,1,1,7,2,1,0,6,4,14,1
8,15,4,1,1,0,3,0,0,11,1,1,1,0,0,1,0,4,1,8,1
9,20,0,0,1,0,3,3,0,11,1,1,1,0,0,6,0,6,0,11,0
4,20,4,1,1,3,3,0,0,11,1,1,1,0,0,1,0,6,2,11,1
8,17,0,1,1,0,3,0,0,0,1,1,1,7,0,1,0,6,4,12,0
4,17,4,1,1,0,3,1,0,0,1,1,1,0,0,1,0,6,3,9,0
14,19,4,0,1,0,1,1,0,0,1,1,1,0,2,5,0,6,5,10,1
4,21,4,1,1,4,3,0,1,9,1,1,1,0,0,1,0,6,8,8,1
15,20,0,1,1,0,3,0,0,0,1,1,1,0,2,1,0,6,2,9,1
2,18,4,1,1,0,3,3,0,2,1,1,1,0,0,0,5,0,0,0,1
3,18,4,0,1,0,3,1,0,2,1,1,1,0,0,1,0,2,5,5,1
14,18,0,1,1,0,3,0,0,1,1,1,1,0,2,1,0,5,2,5,0
2,15,4,0,1,0,3,0,0,16,1,1,1,0,0,0,5,0,0,0,0
10,20,4,1,1,0,3,3,0,12,1,1,1,0,0,1,0,6,8,13,1
15,11,4,0,0,0,3,1,0,15,0,1,0,0,2,0,5,0,0,0,1
12,17,0,0,1,0,3,3,0,1,1,1,1,0,2,1,0,6,3,8,1
11,18,4,1,1,0,3,3,0,2,1,1,1,0,2,1,0,6,8,13,1
9,20,0,0,1,0,3,0,0,0,1,1,1,0,0,1,0,2,10,6,1
1,18,4,0,1,0,3,0,0,2,1,1,1,0,0,1,0,8,4,6,1
3,20,4,0,1,0,3,0,0,2,1,1,1,0,0,1,0,6,4,5,1
11,22,4,0,1,0,3,0,0,15,1,1,1,0,0,2,5,7,0,0,1
12,17,4,0,1,0,3,0,0,2,1,1,1,5,2,1,0,6,2,8,1
2,18,4,0,1,4,3,0,1,0,1,1,1,5,0,1,0,6,4,6,1
12,3,4,1,0,0,1,3,0,12,0,0,1,7,2,4,0,6,8,12,0
15,19,4,1,1,0,3,0,0,12,1,1,1,0,2,1,0,6,6,12,1
2,15,4,1,1,0,3,0,0,2,1,1,1,7,0,1,0,6,4,5,1
2,17,4,1,1,4,3,0,1,7,1,1,1,0,0,1,0,2,4,4,1
10,20,4,0,1,0,3,1,0,2,1,1,1,0,0,1,2,0,0,0,1
15,21,0,1,1,0,3,1,0,0,1,1,1,0,2,1,0,6,4,13,1
9,15,4,1,1,0,3,3,0,2,1,1,1,0,0,1,0,5,7,8,1
2,15,4,0,1,0,3,0,0,15,1,1,1,7,0,0,5,0,0,0,0
13,21,0,1,1,3,3,0,1,1,1,1,1,5,2,1,5,0,0,2,1
0,18,4,0,1,0,3,0,0,0,1,1,1,0,0,3,0,1,2,2,1
13,15,0,1,0,0,3,0,0,1,1,1,1,0,2,1,0,5,6,5,1
12,16,0,0,1,4,3,0,1,1,1,1,1,7,2,1,0,6,6,9,1
0,18,4,1,1,0,3,1,0,2,1,1,1,8,0,1,5,0,0,0,1
6,18,0,0,0,4,3,3,1,1,1,0,1,0,0,1,0,6,0,2,1
8,20,0,1,1,0,3,1,0,0,1,1,1,8,0,0,5,0,0,0,0
8,19,4,0,1,0,3,0,0,2,1,1,1,0,0,1,0,6,8,5,0
4,19,4,1,1,0,3,0,0,2,1,1,1,0,0,1,2,0,0,0,0
7,13,4,1,1,0,3,3,0,0,1,1,1,1,0,1,0,6,1,6,1
15,20,4,1,1,0,3,0,0,4,1,1,1,0,2,1,0,6,6,7,1
4,15,4,1,1,0,3,0,0,0,1,1,1,8,0,1,0,4,6,5,0
4,19,4,0,1,0,3,1,0,2,1,1,1,0,0,1,0,9,3,4,1
13,20,4,1,1,0,3,0,0,2,1,1,1,0,2,4,0,1,10,1,1
9,14,4,0,1,0,3,3,0,14,1,1,1,0,0,1,0,8,8,7,0
5,22,4,1,1,0,3,3,0,11,1,1,1,0,0,1,0,9,8,13,0
5,18,4,0,0,0,3,0,0,2,1,1,0,0,0,0,5,0,0,4,1
11,18,4,1,1,0,3,1,0,2,1,1,1,0,2,1,0,6,6,10,1
8,19,2,1,1,3,3,0,1,7,1,1,1,0,0,6,5,0,0,0,1
9,17,1,0,1,0,0,1,0,0,1,1,1,0,0,5,3,9,2,12,0
1,17,4,0,1,0,3,0,0,0,1,1,1,0,0,1,0,3,6,8,1
0,15,4,1,1,4,3,0,1,5,1,1,1,7,0,0,5,0,0,0,1
5,19,4,0,1,0,3,0,0,2,1,1,1,5,0,1,0,2,2,2,1
5,19,4,0,1,3,3,0,1,2,1,1,1,5,0,1,5,0,0,0,1
3,15,4,0,1,0,3,0,0,2,1,1,1,0,0,1,0,4,4,5,1
1,18,4,0,1,0,3,0,0,14,1,1,1,0,0,1,0,2,3,2,1
14,15,0,1,1,0,3,3,0,0,1,1,1,0,2,0,5,0,0,0,1
1,18,4,1,1,0,3,0,0,11,1,1,1,8,0,1,5,1,0,1,0
6,18,4,0,1,0,3,0,0,0,1,1,1,7,0,1,0,4,5,7,1
0,15,4,1,1,3,3,3,1,9,1,1,1,0,0,1,0,6,3,9,1
2,20,4,0,1,3,3,0,1,2,1,1,1,0,0,1,0,6,6,4,1
2,15,4,1,1,0,3,0,0,2,1,1,1,0,0,1,0,5,2,7,1
1,18,0,0,1,0,0,0,0,11,1,1,1,0,0,5,3,8,3,13,1
14,15,0,0,1,3,3,0,1,0,1,1,1,7,2,1,0,8,1,10,1
12,20,0,0,1,0,3,0,0,1,1,1,1,0,2,6,0,6,5,12,0
11,19,4,0,1,0,3,1,0,16,1,1,1,0,2,3,0,6,5,11,0
11,22,0,1,1,4,3,0,1,1,1,1,1,0,2,3,0,8,8,11,0
10,18,4,0,1,0,3,1,0,2,1,1,1,1,0,1,0,6,3,4,1
6,18,4,0,1,0,3,3,0,2,1,1,1,0,0,1,0,2,0,1,1
3,19,4,1,1,0,3,1,0,2,1,1,1,0,0,0,5,0,0,0,1
13,18,0,0,1,4,3,3,1,0,1,1,1,5,2,2,0,6,3,13,1
8,15,0,0,1,0,3,1,0,1,1,1,1,0,0,1,0,6,6,9,1
15,17,2,0,1,0,3,1,0,2,1,1,1,0,2,1,0,6,8,9,1
12,20,0,1,1,0,3,1,0,0,1,1,1,8,2,1,0,6,6,12,1
10,21,0,1,1,4,3,0,1,1,1,1,1,5,0,1,2,0,0,0,0
2,20,4,0,1,0,3,1,0,0,1,1,1,0,0,1,0,6,6,12,0
4,18,4,0,1,0,3,3,0,11,1,1,1,0,0,1,0,3,2,8,0
3,15,4,0,1,0,3,0,0,15,1,1,1,0,0,0,5,0,0,0,0
4,19,2,1,1,0,3,0,0,16,1,1,1,0,0,3,0,6,1,6,0
14,8,1,1,1,3,3,1,1,0,1,0,1,1,2,9,2,3,0,14,1
6,15,4,0,0,0,3,0,0,2,1,1,0,0,0,0,5,0,0,0,1
9,21,0,0,1,4,3,0,1,1,1,1,1,5,0,4,0,7,10,12,1
11,17,4,1,1,0,3,0,0,2,1,1,1,0,2,3,0,6,5,6,1
3,15,4,0,1,0,3,3,0,9,1,1,1,0,0,1,0,6,10,8,0
10,20,0,1,1,0,3,0,0,1,1,1,1,0,0,0,5,0,0,0,1
4,20,4,0,1,0,3,1,0,0,1,1,1,5,0,1,0,6,3,13,1
0,15,0,1,1,3,3,0,1,8,1,1,1,0,0,1,0,4,4,6,1
1,18,4,1,1,0,3,0,0,2,1,1,1,0,0,0,5,0,0,0,1
8,18,4,0,1,0,3,3,0,0,1,1,1,0,0,1,0,8,8,7,1
10,18,3,1,1,0,3,0,0,9,1,1,1,0,0,1,0,6,5,8,1
10,18,0,0,1,0,3,2,0,0,1,1,1,0,0,1,0,6,1,8,1
6,15,0,1,0,4,3,0,1,0,1,1,1,7,0,1,0,6,4,10,1
14,15,0,1,1,4,3,0,1,1,1,1,1,5,2,0,5,0,0,0,1
12,21,4,1,1,4,3,0,1,0,1,1,1,5,2,1,0,6,10,9,1
6,18,4,1,0,0,3,1,0,2,1,1,1,5,0,0,5,0,0,5,0
1,18,4,0,1,0,0,0,0,16,1,1,1,0,0,5,3,7,1,5,0
9,18,0,0,1,0,3,1,0,1,1,1,1,0,0,1,0,6,4,11,1
5,20,4,1,1,0,3,1,0,2,1,1,1,8,0,3,2,0,0,0,0
10,15,4,0,1,0,0,0,0,16,1,1,1,0,0,5,3,6,1,7,1
11,14,4,0,0,0,3,3,0,12,1,1,0,0,2,3,5,6,0,3,1
10,20,4,0,1,0,3,1,0,2,1,1,1,0,0,2,0,6,6,12,1
6,15,4,1,1,0,3,0,0,2,1,1,1,0,0,4,0,6,5,11,1
13,20,0,1,1,0,3,1,0,0,1,1,1,0,2,1,0,9,8,14,1
14,15,4,1,0,0,3,1,0,0,1,0,1,0,2,9,2,0,0,13,1
11,21,0,0,1,2,3,0,0,1,1,1,1,0,2,1,0,5,3,13,1
7,18,0,1,1,2,3,1,0,2,1,1,1,2,0,6,5,0,0,0,1
2,15,4,0,1,4,3,0,1,11,1,1,1,5,0,1,0,9,3,6,0
12,15,0,1,1,0,3,3,0,1,1,1,1,1,2,1,0,6,11,14,1
11,20,0,1,1,0,3,0,0,1,1,1,1,0,2,3,5,0,0,0,1
10,17,4,0,1,0,3,3,0,11,1,1,1,7,0,1,2,4,0,10,1
5,22,4,1,1,0,3,1,0,11,1,1,1,0,0,1,0,6,2,10,0
6,15,4,0,1,3,3,0,1,2,1,1,1,0,0,1,0,6,6,7,1
4,18,4,1,1,0,3,0,0,2,1,1,1,7,0,0,5,0,0,0,1
10,0,4,0,1,0,3,0,0,12,1,1,1,0,0,0,5,0,0,12,1
7,19,4,1,1,0,3,0,0,0,1,1,1,0,0,1,0,1,4,3,0
6,14,0,0,1,4,3,0,1,14,1,1,1,0,0,1,0,6,0,7,0
11,17,4,0,0,0,3,0,0,5,0,1,0,0,2,1,0,6,5,9,1
1,15,4,0,1,0,0,0,0,16,1,1,1,0,0,5,3,9,1,6,0
5,18,4,1,0,0,3,3,0,14,1,1,1,7,2,0,5,0,0,2,1
6,21,0,0,1,0,3,0,0,0,1,1,1,5,0,1,0,6,6,14,0
13,21,4,1,1,0,3,1,0,0,1,1,1,8,2,4,0,2,1,3,0
7,21,0,1,1,0,3,0,0,1,1,1,1,0,0,1,0,6,3,9,0
2,18,4,1,1,0,3,0,0,2,1,1,1,5,0,5,2,6,0,2,1
15,19,4,0,1,0,3,0,0,12,1,1,1,7,2,1,0,6,6,14,1
7,12,0,1,1,4,3,0,1,1,1,1,1,0,0,1,2,0,0,0,1
11,20,0,1,1,3,3,0,1,1,1,1,1,0,2,1,0,6,10,12,1
6,14,4,0,1,0,3,0,0,2,1,1,1,8,0,8,5,6,0,1,1
14,20,0,0,1,0,2,0,0,0,1,1,1,0,2,5,0,6,4,9,1
15,20,0,0,1,0,3,1,0,0,1,1,1,0,2,3,0,8,2,14,1
4,18,4,1,1,0,3,0,0,2,1,1,1,0,0,0,5,0,0,0,1
1,17,4,0,1,0,3,3,0,2,1,1,1,0,0,3,0,9,4,13,1
2,15,4,1,1,0,3,0,0,16,1,1,1,0,0,1,5,6,0,2,1
9,15,0,0,1,3,0,3,1,11,1,1,1,7,0,5,3,6,0,6,1
6,20,4,1,1,0,3,0,0,5,1,1,1,7,0,1,5,6,0,11,1
13,15,4,1,1,4,3,0,1,9,1,1,1,5,2,0,5,0,0,0,1
9,20,4,0,1,4,3,0,1,11,1,1,1,5,0,4,0,6,4,11,1
14,21,0,1,1,4,3,1,1,1,1,1,1,0,2,1,0,6,5,14,1
5,15,4,0,1,0,3,0,0,12,1,1,1,0,0,1,0,8,4,10,0
8,19,4,1,1,0,3,0,0,0,1,1,1,0,0,1,0,6,3,12,1
5,19,4,1,1,0,3,0,0,12,1,1,1,7,0,1,0,6,3,10,1
3,20,4,0,1,0,3,0,0,2,1,1,1,7,0,1,0,2,5,4,0
1,18,4,1,1,0,3,0,0,16,1,1,1,0,0,1,0,2,5,5,0
15,20,4,1,1,0,3,0,0,11,1,1,1,5,2,1,2,0,0,0,1
15,18,0,0,1,0,3,3,0,1,1,1,1,0,2,2,0,7,6,3,1
10,18,4,0,1,4,3,0,1,0,1,1,1,0,0,5,0,6,4,5,1
6,17,0,0,1,4,3,3,1,0,1,1,1,7,0,1,0,6,5,12,1
10,21,0,0,1,3,3,0,1,1,1,1,1,8,0,1,0,7,1,14,1
7,15,4,0,1,0,3,0,0,2,1,1,1,7,0,0,5,0,0,0,1
3,15,4,0,0,0,3,3,0,16,1,1,0,0,0,0,5,0,0,4,0
4,20,4,0,1,0,3,0,0,11,1,1,1,0,0,1,0,9,3,12,0
9,20,0,0,1,2,3,3,0,2,1,1,1,8,0,1,0,7,11,14,1
12,18,0,0,1,4,3,0,1,0,1,1,1,7,2,1,0,6,3,12,1
10,20,0,1,1,4,3,0,1,1,1,1,1,0,0,1,5,6,0,3,0
3,15,4,0,1,0,3,0,0,15,1,1,1,1,0,0,5,0,0,1,0
9,16,0,1,1,0,3,0,0,1,1,1,1,0,0,1,0,6,0,13,1
13,15,0,1,1,4,3,3,1,0,1,1,1,7,2,1,0,8,11,6,0
3,15,4,1,1,0,3,0,0,2,1,1,1,0,0,9,2,0,0,0,1
5,17,0,1,1,0,3,1,0,1,1,1,1,0,0,2,0,6,4,10,1
2,12,4,1,0,0,3,3,0,13,1,1,0,8,0,1,2,0,0,0,1
14,12,4,0,1,0,3,0,0,0,1,1,1,8,0,1,1,6,0,12,1
6,15,4,1,1,0,3,0,0,2,1,1,1,7,0,1,0,3,3,10,1
9,21,0,1,1,4,3,0,1,1,1,1,1,5,0,0,5,0,0,0,1
8,15,0,0,1,4,3,0,1,0,1,1,1,7,0,1,0,6,3,7,1
13,20,4,0,1,4,3,0,1,0,1,1,1,5,2,1,0,6,5,14,1
15,19,4,0,1,0,3,1,0,0,1,1,1,0,2,2,0,9,11,12,1
3,20,4,0,1,0,3,1,0,12,1,1,1,0,0,1,0,6,2,4,1
6,20,4,1,1,4,3,0,1,11,1,1,1,5,0,1,5,0,0,0,0
13,10,2,0,1,4,3,0,1,0,1,1,1,0,2,1,0,6,10,10,1
4,15,0,0,1,0,3,0,0,7,1,1,1,7,0,1,0,6,3,9,1
14,20,4,0,1,3,3,0,1,2,1,1,1,5,2,1,0,6,9,11,1
14,14,0,1,1,0,3,3,0,0,1,1,1,5,2,1,0,8,4,12,1
7,15,4,1,1,0,3,0,0,2,1,1,1,0,0,1,0,6,11,5,1
5,20,4,0,1,0,3,0,0,2,1,1,1,0,0,1,2,6,0,2,1
10,19,4,0,1,0,3,1,0,0,1,1,1,0,0,1,0,8,11,14,1
3,22,4,0,1,0,3,0,0,11,1,1,1,0,0,1,0,8,8,11,0
12,16,0,0,1,3,3,0,1,0,1,1,1,0,2,1,0,7,3,10,1
14,19,4,0,1,0,3,0,0,12,1,1,1,0,2,1,0,6,3,14,0
2,18,4,0,1,0,3,0,0,2,1,1,1,0,0,0,5,0,0,0,1
5,15,4,0,1,4,3,0,1,4,1,1,1,7,0,1,0,5,6,5,1
8,11,3,1,0,3,3,3,1,1,1,1,0,7,1,6,0,9,4,2,1
7,15,0,0,1,0,0,1,0,0,1,1,1,0,0,5,3,9,2,12,0
11,17,4,1,0,0,3,0,0,4,0,0,0,0,2,1,0,4,10,9,1
15,20,0,0,1,3,3,0,1,0,1,1,1,5,2,1,0,6,8,12,1
11,17,0,0,1,0,3,0,0,1,1,1,1,7,2,1,2,0,0,0,1
5,17,4,1,1,0,3,0,0,0,1,1,1,7,0,1,0,4,2,4,1
6,20,4,1,1,0,3,0,0,2,1,1,1,0,0,1,0,6,4,13,1
0,18,4,0,1,0,3,0,0,2,1,1,1,0,0,0,5,0,0,0,1
11,19,4,0,1,0,3,0,0,2,1,1,1,0,2,2,0,6,6,9,1
9,20,4,0,1,0,3,0,0,4,1,1,1,0,0,1,0,6,8,7,1
15,18,4,1,1,0,3,0,0,0,1,1,1,1,2,1,0,5,3,9,1
9,14,4,0,1,4,3,0,1,15,1,1,1,5,0,0,5,0,0,0,0
14,21,0,1,1,0,3,3,0,0,1,1,1,5,2,1,0,6,6,14,1
5,20,4,1,1,0,3,0,0,2,1,1,1,0,0,1,0,6,4,9,1
11,15,4,1,1,3,3,0,1,10,1,1,1,5,2,1,0,6,11,4,1
9,15,4,0,1,0,3,3,0,2,1,1,1,0,0,1,0,7,7,12,1
15,22,0,1,1,0,3,0,0,0,1,1,1,0,2,1,0,7,8,11,1
5,20,4,1,1,3,3,0,1,12,1,1,1,0,0,1,0,3,2,5,0
0,18,4,0,1,0,3,0,0,2,1,1,1,0,0,1,2,1,0,2,1
12,20,4,0,1,0,3,0,0,0,1,1,1,0,2,1,0,6,3,12,1
13,19,0,0,1,0,3,0,0,0,1,1,1,7,2,2,0,6,4,11,1
11,15,4,1,1,0,3,0,0,2,1,1,1,0,2,1,0,6,4,8,1
14,16,0,0,1,0,3,0,0,0,1,1,1,7,2,1,0,6,1,13,1
15,11,4,0,1,0,3,0,0,15,1,1,1,0,2,1,5,9,0,2,1
3,13,4,0,1,0,3,1,0,2,1,1,1,0,0,1,0,1,4,5,1
10,16,0,0,1,4,3,0,1,15,1,1,1,7,0,0,5,0,0,0,0
10,18,0,0,1,0,3,0,0,0,1,1,1,1,0,1,0,6,1,11,0
2,15,4,0,1,0,3,0,0,2,1,1,1,7,0,1,0,5,2,4,1
13,21,0,1,1,0,3,1,0,1,1,1,1,0,2,8,5,6,0,11,1
4,18,4,1,1,0,3,0,0,4,1,1,1,7,0,6,0,1,4,1,1
11,21,0,1,1,0,3,0,0,1,1,1,1,1,2,0,5,0,0,0,0
1,18,4,0,1,4,3,0,1,2,1,1,1,5,0,0,5,0,0,0,1
9,18,0,0,1,0,3,0,0,0,1,1,1,0,0,1,0,6,4,13,0
12,13,4,0,1,0,3,0,0,15,1,1,1,7,2,1,5,0,0,0,1
6,20,4,0,1,0,3,3,0,2,1,1,1,5,0,1,0,1,3,3,1
6,17,4,0,1,0,3,3,0,2,1,1,1,7,0,1,0,4,2,8,1
13,20,4,0,1,0,3,3,0,2,1,1,1,0,2,4,0,6,5,12,1
2,17,0,0,1,0,3,0,0,8,1,1,1,0,0,5,5,7,0,1,0
0,13,4,0,1,0,3,3,0,2,1,1,1,0,0,0,5,0,0,0,1
8,20,0,0,1,0,3,1,0,1,1,1,1,0,0,1,0,6,7,7,1
9,19,4,1,1,0,3,1,0,12,1,1,1,0,0,1,0,6,3,6,1
1,15,4,0,1,0,3,0,0,2,1,1,1,0,0,0,5,0,0,0,1
12,18,0,0,1,0,3,1,0,0,1,1,1,8,2,1,0,6,1,11,1
10,12,0,0,1,0,3,3,0,1,1,1,1,0,0,1,0,6,4,9,1
3,20,4,0,1,0,3,0,0,2,1,1,1,0,0,1,0,7,8,14,1
0,13,4,0,1,0,3,3,0,10,1,1,1,8,0,0,5,0,0,0,0
10,19,0,1,1,0,1,0,0,1,1,1,1,0,0,5,0,6,4,10,0
14,20,4,1,1,0,3,1,0,2,1,1,1,0,2,7,5,6,0,13,1
9,18,4,0,1,0,3,0,0,2,1,1,1,0,0,0,5,0,0,10,1
6,17,4,1,1,0,3,1,0,2,1,1,1,8,0,1,0,6,2,13,1
2,18,4,1,1,0,3,0,0,2,1,1,1,0,0,1,0,6,4,7,1
3,15,4,0,1,0,0,0,0,16,1,1,1,7,0,5,3,9,1,6,1
12,20,0,1,1,0,3,1,0,0,1,1,1,0,2,1,0,7,0,11,1
13,12,2,0,0,0,3,0,0,2,1,1,1,0,2,1,5,0,0,0,1
4,19,4,1,1,0,3,0,0,16,1,1,1,4,0,1,5,5,0,3,1
9,17,4,0,1,0,3,0,0,2,1,1,1,0,0,1,0,6,6,8,1
2,15,4,1,1,2,3,1,0,2,1,1,1,1,0,1,0,1,3,3,1
0,18,4,1,1,3,3,0,1,2,1,1,1,0,0,1,0,2,8,3,1
8,20,4,0,1,0,3,0,0,11,1,1,1,5,0,1,0,6,8,13,1
15,20,4,0,1,3,1,0,1,0,1,1,1,0,2,5,3,6,9,13,1
5,17,0,0,1,0,3,0,0,1,1,1,1,0,0,1,2,0,0,0,0
2,15,4,0,1,0,3,0,0,0,1,1,1,7,0,1,0,6,3,9,1
11,20,4,0,1,0,3,3,0,2,1,1,1,0,2,3,0,6,11,13,1
3,18,0,1,1,0,3,0,0,16,1,1,1,8,0,1,5,0,0,0,1
11,20,4,0,1,0,3,1,0,11,1,1,1,5,2,1,0,7,8,11,0
10,15,0,1,1,0,3,0,0,1,1,1,1,0,0,0,5,0,0,0,1
15,22,0,1,1,0,3,0,0,1,1,1,1,0,2,1,0,6,8,13,1
8,18,4,1,1,0,3,3,0,2,1,1,1,0,0,3,0,6,4,8,1
9,1,4,1,0,2,3,0,0,2,0,0,0,0,0,3,5,0,0,11,0
3,15,4,1,0,0,3,1,0,16,1,1,0,0,0,0,5,0,0,4,1
4,21,4,0,1,0,3,0,0,2,1,1,1,0,0,2,0,6,4,11,1
11,21,0,0,1,4,3,0,1,0,1,1,1,5,2,1,0,6,2,14,1
7,15,0,1,0,0,3,0,0,4,1,1,0,0,0,1,0,1,6,4,0
5,18,4,0,1,0,1,3,0,12,1,1,1,0,2,1,0,6,11,9,1
6,15,4,0,1,0,3,1,0,1,1,1,1,8,0,8,5,2,0,4,1
8,15,4,0,0,0,3,3,0,2,1,1,1,5,0,1,0,5,4,4,1
14,11,4,0,1,4,3,0,1,0,1,1,1,0,2,6,5,0,0,0,1
9,18,4,1,1,0,3,0,0,0,1,1,1,0,0,0,5,0,0,0,0
7,18,4,0,1,4,3,0,1,0,1,1,1,1,0,2,0,6,3,7,0
14,20,0,0,1,0,3,1,0,0,1,1,1,0,2,1,0,7,5,14,0
10,17,0,1,1,0,3,0,0,0,1,1,1,7,0,1,0,6,8,13,1
12,20,4,1,1,0,3,0,0,3,1,1,1,0,2,6,0,6,7,13,1
12,15,4,0,1,0,3,0,0,2,1,1,1,8,2,1,0,6,10,9,1
6,15,4,1,0,0,3,0,0,2,1,1,1,0,0,0,5,0,0,4,1
4,21,4,1,1,0,3,1,0,2,1,1,1,0,0,0,5,0,0,3,1
10,13,4,1,1,0,3,0,0,2,1,1,1,7,0,1,0,6,6,12,1
7,20,0,0,1,0,3,0,0,2,1,1,1,0,0,1,0,8,11,11,1
2,18,4,0,1,3,3,2,1,0,1,1,1,0,0,1,5,2,0,4,0
1,18,4,0,1,0,3,3,0,7,1,1,1,0,0,1,0,1,3,2,1
0,15,4,0,0,3,3,0,1,0,1,0,1,0,0,1,0,8,6,2,1
10,0,4,0,1,3,1,0,1,10,1,0,1,0,0,6,0,8,7,11,1
13,17,4,0,1,0,3,0,0,2,1,1,1,0,2,1,0,6,3,12,1
5,12,3,1,1,0,3,0,0,0,1,1,1,7,0,1,0,6,5,9,1
15,21,0,1,1,4,3,0,1,0,1,1,1,5,2,3,0,6,8,14,1
11,16,4,1,1,4,3,0,1,0,1,1,1,7,2,1,5,6,0,4,0
6,19,4,0,1,0,3,0,0,2,1,1,1,0,0,1,0,1,6,6,1
3,15,4,1,1,0,3,3,0,12,1,1,1,7,0,1,0,2,3,6,1
15,20,0,0,1,0,3,3,0,1,1,1,1,8,2,1,0,6,10,13,1
3,17,4,0,1,4,3,0,1,2,1,1,1,7,0,1,0,4,6,6,1
1,18,4,0,1,0,3,0,0,0,1,1,1,0,0,1,0,6,2,13,1
9,19,4,1,1,0,3,1,0,0,1,1,1,0,0,3,0,9,6,12,1
4,20,4,1,1,0,3,0,0,3,1,1,1,1,0,1,0,4,2,2,1
2,15,4,0,1,0,3,0,0,15,1,1,1,1,0,0,5,0,0,0,0
0,18,4,1,1,0,3,0,0,2,1,1,1,1,0,1,0,1,2,3,1
10,15,4,0,1,0,3,1,0,2,1,1,1,0,0,3,0,6,6,4,1
0,18,4,1,1,0,3,0,0,16,1,1,1,7,0,0,5,0,0,0,0
3,18,4,0,1,4,3,0,1,11,1,1,1,5,0,1,0,6,6,9,0
15,18,4,1,1,3,3,0,1,2,1,1,1,5,2,1,0,6,2,6,1
8,18,4,0,1,0,3,1,0,0,1,1,1,8,0,3,0,6,4,12,1
15,20,0,1,1,0,3,1,0,0,1,1,1,0,2,1,0,5,5,7,1
6,20,4,1,1,0,3,0,0,11,1,1,1,0,0,1,0,9,6,14,0
3,18,4,0,1,0,0,1,0,16,1,1,1,0,0,5,3,8,1,8,1
9,21,4,1,1,0,3,0,0,2,1,1,1,0,0,1,0,6,3,9,1
10,15,4,1,1,4,3,0,1,0,1,1,1,0,0,1,0,3,6,6,0
11,20,4,1,1,4,3,0,1,10,1,1,1,5,2,1,0,6,11,13,1
11,18,4,1,1,0,3,1,0,2,1,1,1,0,2,1,0,3,1,2,1
6,19,4,0,1,3,3,0,1,2,1,1,1,5,0,1,0,6,4,12,1
9,20,4,1,1,0,3,1,0,2,1,1,1,0,0,1,0,6,3,6,1
4,20,4,1,1,0,3,1,0,11,1,1,1,0,0,0,5,0,0,0,0
6,20,4,0,1,4,3,0,1,11,1,1,1,5,0,1,0,6,11,13,0
6,15,4,0,1,0,3,0,0,4,1,1,1,5,0,1,0,5,6,3,1
13,20,0,0,1,3,3,0,1,1,1,1,1,5,2,7,0,6,8,9,1
14,23,2,1,1,0,3,0,0,5,1,1,1,0,2,1,0,6,6,10,1
7,17,4,0,1,3,3,0,0,16,1,1,1,0,0,1,0,6,2,11,1
13,21,0,1,1,4,3,0,1,1,1,1,1,5,2,2,0,6,6,14,1
14,15,4,0,1,0,3,0,0,12,1,1,1,0,2,6,0,6,3,13,0
9,20,4,1,1,0,3,1,0,2,1,1,1,0,0,1,0,8,7,12,1
2,18,4,0,1,4,3,0,0,11,1,1,1,0,0,1,0,6,2,11,0
14,10,4,1,1,4,3,0,1,0,1,1,1,4,2,5,0,8,8,10,1
4,20,4,1,1,0,3,0,0,10,1,1,1,0,0,1,0,9,5,3,0
13,0,0,1,1,4,3,3,1,1,1,1,1,7,2,0,5,0,0,0,1
4,20,0,1,1,0,3,3,0,0,1,1,1,0,0,1,0,8,3,12,1
9,16,4,1,1,0,3,0,0,2,1,1,1,7,0,0,5,0,0,3,1
11,5,4,0,1,0,3,0,0,4,1,1,1,0,2,1,0,4,10,14,1
5,18,4,1,1,0,3,0,0,0,1,1,1,7,0,1,5,0,0,0,1
8,15,4,0,0,0,3,0,0,0,1,1,1,5,0,0,5,0,0,5,1
6,18,4,0,1,0,3,0,0,14,1,1,1,1,0,0,5,0,0,0,1
7,20,4,0,1,0,3,1,0,0,1,1,1,0,0,7,2,6,0,5,0
6,20,4,1,1,3,3,0,1,2,1,1,1,5,0,2,0,6,8,11,1
14,14,4,0,1,0,3,0,0,12,1,1,1,0,2,1,2,0,0,5,1
13,20,0,1,1,0,3,3,0,0,1,1,1,0,2,1,0,7,7,13,1
6,20,4,1,1,0,3,0,0,11,1,1,1,0,0,1,0,2,0,3,0
5,18,4,0,1,0,3,0,0,2,1,1,1,0,0,1,0,3,6,2,1
12,17,4,1,1,0,3,3,0,2,1,1,1,0,2,2,0,6,8,11,1
9,15,4,0,1,0,3,3,0,2,1,1,1,7,0,1,0,6,6,10,1
3,15,4,0,1,0,3,0,0,2,1,1,1,7,0,1,0,6,2,8,1
1,18,4,1,1,0,3,1,0,16,1,1,1,0,0,6,5,1,0,2,0
2,18,4,1,1,0,3,0,0,2,1,1,1,0,0,0,5,0,0,0,1
15,21,0,1,1,0,3,1,0,0,1,1,1,0,2,2,0,7,6,14,1
0,17,4,0,1,0,3,0,0,2,1,1,1,7,0,1,0,4,4,3,1
14,15,2,0,1,0,1,0,0,0,1,1,1,0,2,1,0,6,6,11,1
7,20,0,1,1,0,3,1,0,1,1,1,1,0,0,2,0,7,2,12,0
10,18,0,0,1,0,3,1,0,0,1,1,1,0,0,1,0,6,2,9,1
6,18,0,1,1,0,3,0,0,2,1,1,1,1,0,9,2,0,0,0,1
10,20,0,1,1,0,3,3,0,1,1,1,1,5,0,1,0,1,4,3,0
6,16,4,0,1,0,3,3,0,2,1,1,1,0,0,0,5,0,0,0,1
7,15,4,0,1,0,3,0,0,2,1,1,1,0,0,1,0,6,2,10,0
14,22,0,1,0,0,3,1,0,1,1,0,1,8,2,1,0,6,9,14,0
6,20,4,0,1,0,3,3,0,2,1,1,1,0,0,1,0,9,0,11,1
3,18,4,0,1,0,3,0,0,2,1,1,1,0,0,1,0,2,1,3,1
10,17,0,1,1,0,3,1,0,1,1,1,1,0,0,1,0,6,4,12,1
11,19,4,1,1,0,3,3,0,2,1,1,1,0,2,3,0,3,5,6,0
11,21,4,0,1,0,3,1,0,14,1,1,1,0,2,3,0,6,3,12,0
2,19,4,0,1,0,3,0,0,15,1,1,1,0,0,1,5,0,0,0,1
2,17,4,1,0,0,3,1,0,12,1,1,1,0,2,3,5,0,0,1,0
3,18,4,1,1,0,3,3,0,2,1,1,1,7,0,1,0,6,6,6,1
15,20,0,0,1,0,3,3,0,0,1,1,1,0,2,6,0,9,6,8,1
15,15,4,1,0,0,3,1,0,2,1,1,0,7,2,1,2,0,0,2,1
6,20,4,0,1,4,3,0,1,12,1,1,1,7,0,1,0,6,5,12,0
14,19,3,1,1,0,3,3,0,0,1,1,1,4,2,1,0,8,8,14,0
5,20,4,0,1,0,3,0,0,11,1,1,1,1,0,1,2,4,0,5,0
9,15,0,0,1,0,1,0,0,6,1,1,1,5,0,6,0,6,2,14,0
1,15,4,1,1,0,3,3,0,2,1,1,1,0,0,0,5,0,0,0,1
3,20,4,1,1,0,3,0,0,11,1,1,1,0,0,1,0,6,2,5,1
12,18,4,0,1,0,3,0,0,2,1,1,1,7,2,1,0,6,10,6,1
0,18,4,0,1,4,3,0,1,0,1,1,1,0,0,1,0,2,2,4,0
11,20,4,0,1,0,3,1,0,12,1,1,1,0,2,1,2,6,0,9,0
12,13,4,0,1,0,3,0,0,15,1,1,1,7,2,0,5,0,0,0,0
0,15,4,0,1,0,3,3,0,2,1,1,1,0,0,1,0,4,1,5,1
6,19,0,0,1,0,3,1,0,7,1,1,1,0,0,1,5,0,0,0,1
1,14,4,0,1,0,3,1,0,15,1,1,1,0,0,0,5,0,0,0,1
15,23,0,1,1,4,3,0,1,0,1,1,1,5,2,1,0,6,6,3,1
13,21,4,0,1,0,3,1,0,9,1,1,1,5,2,1,0,6,2,14,1
5,17,4,1,1,0,3,0,0,0,1,1,1,0,0,1,5,0,0,0,1
11,10,0,0,1,3,3,0,1,2,1,1,1,7,2,0,5,0,0,0,1
9,18,4,0,0,0,3,1,0,2,1,1,0,8,0,0,5,0,0,0,1
13,15,2,0,1,0,3,1,0,7,1,1,1,0,2,1,0,3,2,7,1
10,15,4,0,1,0,3,0,0,15,1,1,1,0,0,7,2,5,0,8,0
6,15,4,0,1,0,3,0,0,2,1,1,1,0,0,1,0,5,3,6,1
7,15,4,0,1,0,0,3,0,16,1,1,1,0,0,5,3,8,11,6,1
8,21,0,1,1,0,3,0,0,1,1,1,1,0,0,3,1,6,0,13,1
2,18,4,0,1,0,3,1,0,2,1,1,1,8,0,0,5,0,0,0,1
8,21,0,0,1,0,3,1,0,0,1,1,1,5,0,3,0,6,5,12,0
10,16,4,1,1,4,3,0,1,12,1,1,1,0,0,1,0,7,10,10,0
5,15,4,0,1,0,3,3,0,2,1,1,1,0,0,1,0,8,7,8,1
10,19,4,0,1,0,3,1,0,2,1,1,1,0,0,1,0,1,11,3,1
13,20,0,0,1,0,3,0,0,1,1,1,1,0,2,1,0,8,2,12,0
12,16,0,1,1,0,3,0,0,2,1,1,1,0,2,1,0,6,6,10,0
6,18,4,1,1,4,3,0,1,9,1,1,1,0,0,1,0,6,8,8,1
6,15,4,0,1,4,3,0,1,14,1,1,1,5,0,0,5,0,0,0,1
11,17,0,0,1,0,3,1,0,1,1,1,1,8,2,1,5,0,0,0,1
7,20,4,1,1,0,3,0,0,2,1,1,1,0,0,1,0,6,3,6,1
7,15,4,0,1,0,3,0,0,2,1,1,1,0,0,9,2,0,0,0,1
2,19,4,0,1,0,3,1,0,2,1,1,1,0,0,1,0,3,6,6,1
3,14,4,1,1,4,3,1,1,12,1,1,1,7,0,1,1,6,0,6,1
4,18,4,1,1,4,3,0,1,0,1,1,1,5,0,1,0,2,6,4,0
4,18,4,0,1,0,3,0,0,2,1,1,1,1,0,1,0,6,0,9,1
14,23,0,0,1,0,3,0,0,0,1,1,1,0,2,1,0,6,6,14,1
5,19,4,1,1,0,3,0,0,2,1,1,1,8,0,6,0,2,6,5,1
0,15,4,0,1,0,3,2,0,0,1,1,1,8,0,1,5,2,0,1,1
9,17,4,0,1,0,3,3,0,5,1,1,1,0,0,1,0,6,3,8,1
8,8,4,0,0,0,3,2,0,2,1,0,1,0,0,1,5,0,0,1,1
0,13,4,0,1,0,3,3,0,7,1,1,1,1,0,9,2,0,0,0,1
6,20,4,1,1,0,3,0,0,5,1,1,1,0,0,1,0,8,3,14,1
11,18,4,0,1,4,3,0,1,11,1,1,1,5,2,0,5,0,0,0,1
8,20,4,1,1,0,3,3,0,0,1,1,1,5,0,3,0,6,7,13,1
1,18,4,0,1,4,3,0,1,0,1,1,1,5,0,1,5,1,0,1,0
5,20,4,1,1,0,3,1,0,2,1,1,1,8,0,5,2,6,0,2,1
9,20,4,1,0,0,3,1,0,0,1,1,0,0,0,1,5,5,0,4,1
11,20,4,0,1,0,3,3,0,14,1,1,1,0,2,7,0,6,3,9,1
0,19,4,1,1,0,3,0,0,0,1,1,1,0,0,1,5,1,0,1,1
1,15,4,1,1,0,3,0,0,2,1,1,1,7,0,9,2,0,0,0,1
10,21,4,0,1,4,3,3,1,12,1,1,1,7,0,6,0,6,3,10,1
11,15,4,0,1,0,3,1,0,0,1,1,1,0,2,1,0,4,1,5,1
7,15,4,1,1,0,3,1,0,2,1,1,1,7,0,1,0,6,6,10,1
1,15,4,1,1,0,3,0,0,12,1,1,1,0,0,1,0,3,3,4,0
10,19,0,0,1,0,3,0,0,0,1,1,1,7,0,1,0,8,11,11,1
8,8,4,0,1,4,3,3,1,11,1,1,1,0,0,1,0,5,8,3,1
1,19,4,1,1,0,3,0,0,12,1,1,1,0,0,1,0,6,10,13,1
5,15,4,1,1,3,3,0,1,2,1,1,1,5,0,1,0,6,1,8,1
7,21,4,1,1,0,3,1,0,0,1,1,1,0,0,2,0,6,2,13,0
0,18,4,1,1,0,3,3,0,16,1,1,1,5,0,1,5,1,0,3,0
13,20,0,0,1,2,3,0,0,0,1,1,1,5,2,1,0,9,3,14,1
6,20,4,1,1,0,3,0,0,2,1,1,1,7,0,1,0,3,9,11,1
7,20,4,0,1,0,3,1,0,2,1,1,1,0,0,1,0,9,3,12,1
8,20,4,1,1,0,3,3,0,12,1,1,1,0,0,3,0,7,11,5,0
9,21,4,0,1,0,3,1,0,2,1,1,1,0,0,1,0,9,3,13,1
11,17,0,0,1,0,3,3,0,0,1,1,1,8,2,1,2,9,0,14,0
15,18,0,0,1,0,3,0,0,0,1,1,1,0,2,0,5,0,0,5,1
10,18,4,1,1,0,3,0,0,12,1,1,1,7,0,5,3,6,0,13,0
0,18,4,0,1,0,3,0,0,2,1,1,1,5,0,0,5,0,0,0,1
8,20,4,0,1,4,3,0,1,0,1,1,1,0,0,1,0,6,6,5,1
5,18,0,0,1,0,3,0,0,2,1,1,1,0,0,2,0,3,2,3,1
2,16,4,0,1,0,3,1,0,15,1,1,1,7,0,1,5,7,0,0,1
14,18,0,0,1,0,3,0,0,1,1,1,1,0,2,3,1,4,0,6,1
8,21,4,1,1,0,3,1,0,0,1,1,1,0,0,3,5,0,0,0,0
2,17,4,0,1,0,3,1,0,7,1,1,1,8,0,1,2,6,0,6,1
15,15,4,0,0,0,3,1,0,0,1,1,0,0,2,1,0,1,2,4,1
14,15,0,1,1,4,3,0,1,0,1,1,1,7,2,1,0,6,6,9,0
5,23,4,1,1,0,3,0,0,16,1,1,1,5,0,0,5,0,0,2,0
1,18,4,1,1,4,3,3,1,11,1,1,1,5,0,0,5,0,0,0,0
13,19,4,1,1,0,3,0,0,12,1,1,1,0,2,1,5,0,0,0,1
4,19,4,1,1,0,3,0,0,2,1,1,1,7,0,1,0,2,3,3,1
13,20,4,0,1,0,0,3,0,11,1,1,1,5,2,1,0,8,6,14,1
8,20,0,1,1,0,3,0,0,1,1,1,1,0,0,1,0,7,7,12,1
0,18,4,0,1,0,3,0,0,2,1,1,1,0,0,1,0,2,0,6,1
5,20,4,1,1,0,3,0,0,2,1,1,1,7,0,1,2,6,0,8,1
10,20,2,1,1,1,3,3,0,14,1,1,1,0,0,2,0,4,10,6,1
14,23,0,1,1,0,3,0,0,0,1,1,1,0,2,1,0,8,8,14,1
6,20,4,1,1,0,3,1,0,12,1,1,1,0,0,1,0,3,5,11,1
11,20,0,1,1,3,3,0,1,1,1,1,1,5,2,2,0,6,11,12,1
11,20,4,1,1,0,3,1,0,0,1,1,1,0,2,1,0,7,11,14,1
10,21,0,1,1,0,3,0,0,14,1,1,1,0,0,1,0,4,3,13,1
1,18,4,0,1,0,3,0,0,2,1,1,1,7,0,1,0,3,8,8,1
9,15,4,1,1,0,3,1,0,2,1,1,1,8,0,1,0,6,0,3,1
10,20,0,0,1,0,3,1,0,1,1,1,1,5,0,7,5,0,0,0,1
12,15,4,1,1,0,3,0,0,0,1,1,1,7,2,0,5,0,0,1,0
3,15,4,1,1,0,3,0,0,11,1,1,1,0,0,1,0,6,4,2,0
12,20,4,0,1,0,3,1,0,0,1,1,1,0,2,6,0,8,11,14,1
11,15,4,1,1,0,3,0,0,2,1,1,1,0,2,1,0,4,3,6,1
14,20,4,0,1,0,3,0,0,0,1,1,1,0,2,1,0,7,3,13,1
11,15,4,1,1,0,3,0,0,0,1,1,1,8,0,4,0,4,8,5,1
12,21,4,1,1,0,3,1,0,0,1,1,1,0,2,2,0,6,6,12,0
6,15,0,1,1,0,3,0,0,0,1,1,1,7,0,1,0,6,5,10,1
14,15,4,1,1,3,3,1,1,2,1,1,1,0,2,1,0,2,4,4,0
6,19,4,0,1,0,3,1,0,0,1,1,1,0,0,8,5,6,0,11,1
12,20,4,0,1,0,3,1,0,12,1,1,1,8,2,1,0,8,10,13,1
9,18,4,0,1,3,3,3,1,2,1,1,1,5,0,3,0,6,4,12,1
6,15,4,1,1,0,3,0,0,4,1,1,1,0,0,1,0,5,8,7,1
1,18,4,1,1,0,3,0,0,12,1,1,1,0,0,1,0,5,6,5,0
8,20,4,1,1,4,3,0,1,0,1,1,1,5,0,0,5,0,0,0,1
7,15,4,0,1,0,3,0,0,5,1,1,1,0,0,1,0,6,2,6,1
1,15,4,1,1,0,0,3,0,16,1,1,1,1,0,5,3,6,2,6,1
14,20,4,1,1,0,3,1,0,0,1,1,1,0,2,2,0,6,6,12,1
8,18,4,0,1,4,3,0,1,2,1,1,1,7,0,1,0,9,3,7,1
15,18,4,0,1,0,3,1,0,2,1,1,1,8,2,1,0,6,3,10,1
7,11,4,0,1,4,3,0,1,4,1,1,1,7,0,1,0,6,8,6,1
7,15,4,1,1,0,3,0,0,2,1,1,1,7,0,1,0,3,10,8,1
10,20,4,1,1,0,3,3,0,2,1,1,1,0,0,1,2,0,0,0,1
0,17,4,1,1,0,3,3,0,2,1,1,1,0,0,4,5,0,0,2,1
1,14,4,1,0,0,3,1,0,16,1,1,0,0,0,0,5,0,0,2,1
9,18,4,1,1,0,3,1,0,0,1,1,1,0,0,4,0,6,5,10,1
12,15,0,1,1,0,3,3,0,1,1,1,1,0,2,1,0,6,3,2,0
9,18,4,0,1,0,3,2,0,2,1,1,1,6,0,1,0,5,10,8,1
10,20,4,1,1,0,3,3,0,5,1,1,1,0,0,1,5,5,0,5,1
11,14,0,1,1,4,3,0,1,0,1,1,1,0,2,1,0,6,10,6,1
7,16,0,0,1,4,3,0,1,0,1,1,1,7,0,0,5,0,0,0,1
0,17,4,1,1,4,3,3,1,16,1,1,1,5,0,3,0,1,1,2,1
8,20,4,0,1,0,3,0,0,2,1,1,1,0,0,1,0,6,2,6,1
4,15,4,0,1,0,3,0,0,2,1,1,1,0,0,0,5,0,0,0,1
13,21,4,0,1,0,3,0,0,0,1,1,1,0,2,1,0,9,6,14,1
13,15,0,0,1,0,3,1,0,0,1,1,1,5,2,6,5,0,0,11,1
2,20,4,0,1,0,3,0,0,0,1,1,1,0,0,2,0,6,10,12,1
9,20,4,0,1,2,3,1,0,0,1,1,1,0,0,1,0,6,3,12,1
4,11,4,0,1,4,3,0,1,15,1,1,1,0,0,1,5,0,0,0,0
5,12,4,0,1,0,3,0,0,7,1,1,1,7,0,1,2,0,0,0,1
11,20,4,1,1,0,3,1,0,0,1,1,1,8,2,1,0,5,3,12,1
2,15,4,0,1,0,3,1,0,9,1,1,1,0,0,6,0,1,6,1,1
8,15,4,1,0,0,3,0,0,5,0,1,1,0,0,1,0,5,9,10,1
3,15,4,0,1,0,3,1,0,2,1,1,1,0,0,1,0,6,1,8,1
8,20,4,0,1,0,3,0,0,11,1,1,1,5,0,1,0,7,2,14,0
12,22,4,0,1,0,3,0,0,0,1,1,1,8,0,2,0,7,8,13,0
6,21,4,1,1,0,3,0,0,14,1,1,1,7,0,1,0,6,6,12,0
13,21,0,1,1,4,3,0,1,1,1,1,1,1,2,2,0,6,3,11,1
8,17,4,1,1,0,3,1,0,0,1,1,1,0,0,4,0,6,8,11,0
15,21,0,0,1,0,3,0,0,0,1,1,1,0,2,1,0,8,2,14,0
0,15,4,1,1,4,3,0,1,0,1,1,1,7,0,0,5,0,0,0,0
4,20,4,1,1,0,3,0,0,2,1,1,1,0,0,2,0,2,10,4,1
7,15,4,0,1,0,3,0,0,12,1,1,1,0,0,1,0,6,1,9,0
0,17,4,1,1,0,3,0,0,16,1,1,1,7,0,0,5,0,0,0,0
12,20,2,1,1,0,3,1,0,2,1,1,1,0,2,1,5,6,0,11,1
2,15,0,0,0,0,3,1,0,1,1,1,1,0,0,1,0,1,4,4,0
7,18,4,0,1,0,3,0,0,2,1,1,1,7,0,2,0,6,1,10,1
3,18,4,1,1,0,3,3,0,2,1,1,1,0,0,0,5,0,0,0,1
7,20,0,1,1,0,3,0,0,1,1,1,1,0,0,1,1,6,0,6,1
10,20,4,1,1,0,3,1,0,12,1,1,1,8,0,1,2,0,0,0,1
3,21,4,1,1,0,3,3,0,2,1,1,1,0,0,1,0,2,10,4,1
0,15,4,1,1,0,3,3,0,2,1,1,1,0,0,1,5,6,0,2,1
2,18,4,1,1,0,3,0,0,2,1,1,1,0,0,1,0,1,6,2,0
8,20,4,0,1,0,3,0,0,2,1,1,1,5,0,1,0,6,5,14,1
8,18,4,0,1,0,3,0,0,2,1,1,1,7,0,1,0,6,2,11,1
13,21,0,0,1,3,3,0,1,0,1,1,1,5,2,2,0,6,3,13,1
13,12,2,0,1,0,3,0,0,12,1,1,1,0,2,1,0,6,8,13,1
13,13,4,0,1,0,3,0,0,15,1,1,1,1,2,0,5,0,0,0,1
1,18,4,0,1,0,3,0,0,9,1,1,1,1,0,1,5,3,0,1,0
10,20,4,0,1,0,3,1,0,11,1,1,1,0,0,1,0,4,8,14,1
2,18,4,0,1,0,3,0,0,2,1,1,1,0,0,1,0,6,3,12,1
14,15,4,0,1,0,3,0,0,0,1,1,1,0,2,1,0,8,3,14,0
9,13,4,0,1,0,3,1,0,15,1,1,1,1,0,0,5,0,0,0,0
5,15,4,1,1,0,3,0,0,12,1,1,1,1,0,6,0,1,3,2,0
10,14,0,0,1,0,3,0,0,0,1,1,1,5,0,1,0,6,5,7,0
3,17,4,1,1,0,3,0,0,2,1,1,1,0,0,1,0,9,4,7,0
9,20,4,1,1,0,3,1,0,0,1,1,1,0,0,1,0,6,6,13,1
12,19,4,0,1,0,3,3,0,2,1,1,1,0,2,1,0,6,7,12,1
11,14,0,1,0,0,3,0,0,11,1,1,0,0,2,1,0,2,3,5,1
13,20,4,0,1,0,3,3,0,12,1,1,1,0,2,1,0,6,6,14,1
7,18,4,0,1,0,3,1,0,7,1,1,1,0,0,0,5,0,0,0,1
1,15,4,0,1,0,3,0,0,0,1,1,1,7,0,1,0,6,2,13,1
10,21,4,1,1,0,3,3,0,9,1,1,1,5,0,4,0,6,5,14,1
6,18,4,0,1,0,3,0,0,2,1,1,1,7,0,1,0,6,8,11,1
3,19,4,0,1,0,3,1,0,12,1,1,1,0,0,1,0,7,8,10,1
7,20,4,1,1,4,3,0,1,2,1,1,1,5,0,2,0,6,11,7,1
2,15,4,1,0,0,3,3,0,13,1,0,0,8,0,2,2,1,0,3,1
7,20,4,0,1,0,3,1,0,2,1,1,1,0,0,4,5,1,0,2,1
9,15,4,0,1,0,3,0,0,2,1,1,1,0,0,1,0,6,4,7,1
7,15,4,1,1,0,3,0,0,2,1,1,1,0,0,1,0,6,3,6,1
7,21,4,1,1,0,3,1,0,0,1,1,1,0,0,3,0,6,8,12,1
12,15,4,0,1,0,3,0,0,2,1,1,1,0,2,1,0,6,10,8,1
10,17,0,0,1,0,3,0,0,15,1,1,1,7,0,0,5,0,0,0,1
4,18,4,0,1,0,3,0,0,4,1,1,1,0,0,1,5,0,0,1,0
8,15,4,0,1,0,3,0,0,2,1,1,1,0,0,3,1,3,0,2,1
11,15,0,1,1,0,3,1,0,0,1,1,1,0,2,1,0,4,8,5,1
11,18,4,1,1,0,3,0,0,2,1,1,1,7,2,1,0,6,8,11,1
12,19,0,1,1,3,3,0,1,0,1,1,1,5,2,1,0,6,10,12,1
15,20,0,0,1,0,3,0,0,0,1,1,1,5,2,6,0,8,2,13,0
10,21,4,1,1,4,3,0,1,0,1,1,1,5,0,1,5,0,0,0,1
7,15,4,1,1,0,3,0,0,2,1,1,1,7,0,0,5,0,0,5,1
7,4,0,0,0,4,3,1,1,11,1,0,0,7,0,0,5,0,0,0,1
12,15,0,0,1,3,3,0,1,1,1,1,1,5,2,1,0,6,2,9,1
1,17,4,0,1,0,3,3,0,2,1,1,1,0,0,2,0,6,8,6,1
15,21,0,1,1,4,3,0,1,1,1,1,1,5,2,0,5,0,0,0,1
1,18,4,0,1,0,3,0,0,16,1,1,1,5,0,1,0,2,6,6,0
4,17,4,0,1,0,3,0,0,2,1,1,1,0,0,6,0,2,3,8,1
2,15,4,0,1,0,3,3,0,16,1,1,1,7,0,1,5,6,0,3,1
14,21,0,0,1,0,0,0,0,0,1,1,1,1,2,5,3,6,3,14,1
10,21,4,1,1,3,3,0,1,0,1,1,1,0,0,2,0,7,2,12,0
10,15,0,0,1,0,3,0,0,0,1,1,1,0,0,1,0,7,6,11,0
12,20,0,0,1,0,3,0,0,1,1,1,1,0,2,7,1,8,0,12,1
9,18,4,0,1,4,3,0,1,11,1,1,1,5,0,0,5,0,0,0,1
0,18,4,0,0,0,3,0,0,2,1,1,0,0,0,0,5,0,0,0,1
7,15,0,0,1,0,3,0,0,2,1,1,1,7,0,1,0,6,6,6,1
9,21,4,1,1,0,3,0,0,4,1,1,1,0,0,6,0,1,6,7,1
0,15,4,1,1,0,3,3,0,2,1,1,1,0,0,0,5,0,0,0,1
13,20,0,0,1,0,3,1,0,0,1,1,1,0,2,2,0,7,1,13,1
1,18,4,1,1,0,3,1,0,16,1,1,1,0,0,1,5,0,0,0,1
6,18,4,0,1,0,3,0,0,14,1,1,1,0,0,1,0,4,6,7,1
6,20,0,1,1,0,3,1,0,1,1,1,1,0,0,1,0,6,8,13,1
4,12,4,0,0,0,3,0,0,0,1,1,0,0,0,1,2,0,0,5,1
1,15,4,1,1,0,3,0,0,16,1,1,1,0,0,0,5,0,0,0,1
3,18,4,1,1,0,3,3,0,11,1,1,1,0,0,1,5,1,0,3,0
9,20,4,0,1,0,3,1,0,12,1,1,1,0,0,2,0,7,6,11,1
4,21,4,1,1,4,3,0,1,9,1,1,1,5,0,1,0,2,3,3,1
11,20,4,0,1,0,3,1,0,2,1,1,1,5,2,1,0,7,5,11,1
8,17,0,1,1,0,3,0,0,0,1,1,1,0,0,1,0,6,6,10,1
6,13,4,0,0,0,3,0,0,2,1,1,1,5,0,0,5,0,0,13,1
10,21,4,1,1,3,3,3,1,0,1,1,1,5,0,1,0,6,2,13,1
7,20,4,0,1,0,3,1,0,16,1,1,1,0,0,1,5,8,0,2,0
11,15,4,0,1,0,3,0,0,16,1,1,1,7,2,1,0,9,6,6,1
2,18,4,1,1,0,3,1,0,16,1,1,1,0,0,9,2,4,0,5,1
3,18,4,1,1,0,3,3,0,16,1,1,1,5,0,0,5,0,0,5,0
0,15,4,0,1,0,3,3,0,2,1,1,1,0,0,1,0,6,2,8,1
12,13,4,0,0,0,3,0,0,3,1,0,1,1,2,0,5,0,0,13,1
15,20,0,0,1,0,0,3,0,0,1,1,1,0,2,5,3,9,2,13,1
12,18,0,0,1,3,3,0,1,0,1,1,1,5,2,1,0,6,3,12,1
2,19,4,1,1,0,3,3,0,2,1,1,1,0,0,1,5,3,0,2,1
9,15,4,1,1,0,3,1,0,12,1,1,1,0,0,1,0,6,6,9,1
9,17,4,1,1,0,3,0,0,0,1,1,1,0,0,1,0,7,3,13,1
1,17,4,1,1,0,3,0,0,2,1,1,1,0,0,0,5,0,0,0,1
14,20,4,0,1,0,3,1,0,2,1,1,1,7,2,1,0,7,8,13,1
12,18,4,0,1,0,3,0,0,2,1,1,1,0,2,1,0,6,7,8,1
12,20,4,1,1,3,3,3,1,0,1,1,1,5,2,1,0,9,8,13,1
0,15,4,1,1,0,3,1,0,2,1,1,1,0,0,1,5,4,0,2,1
5,15,4,0,1,0,3,0,0,2,1,1,1,7,0,1,5,0,0,0,1
0,16,4,0,1,0,3,0,0,2,1,1,1,0,0,1,0,3,5,2,1
4,18,4,0,1,0,3,3,0,2,1,1,1,0,0,6,0,6,0,2,1
11,19,4,1,1,0,3,0,0,12,1,1,1,1,2,1,0,6,1,4,1
5,18,4,0,1,4,3,0,1,9,1,1,1,7,0,1,0,7,6,9,1
2,17,4,1,1,0,3,0,0,2,1,1,1,7,0,1,0,2,2,4,1
11,15,4,1,1,4,3,0,1,2,1,1,1,5,2,0,5,0,0,0,1
7,17,4,1,1,0,3,1,0,2,1,1,1,8,0,0,5,0,0,10,1
9,15,4,1,1,0,3,1,0,0,1,1,1,8,0,1,0,5,11,3,1
1,18,4,0,1,4,3,0,1,2,1,1,1,7,0,1,0,2,2,4,1
10,20,0,1,1,0,3,0,0,0,1,1,1,5,0,1,0,6,11,14,1
9,21,4,1,1,2,3,3,0,2,0,1,1,3,0,4,0,7,10,9,0
4,18,4,0,1,0,3,0,0,2,1,1,1,0,0,0,5,0,0,2,1
6,10,4,0,1,4,3,3,1,12,1,1,1,0,0,9,2,0,0,0,0
14,21,0,1,1,4,3,0,1,1,1,1,1,5,2,0,5,0,0,0,1
0,17,4,0,1,0,3,0,0,16,1,1,1,0,0,1,0,2,4,4,1
6,20,0,0,1,0,3,3,0,0,1,1,1,0,0,1,5,8,0,11,1
3,18,4,1,1,0,3,0,0,0,1,1,1,0,0,1,1,4,0,6,1
6,20,4,0,1,0,3,1,0,11,1,1,1,0,0,4,0,6,8,12,0
14,14,4,0,1,0,3,1,0,2,1,1,1,8,2,4,0,2,1,3,1
6,20,4,0,1,0,3,0,0,5,1,1,1,0,0,1,0,6,10,14,1
6,18,4,0,1,0,3,0,0,5,1,1,1,7,0,1,0,1,3,9,1
14,20,0,0,1,0,3,1,0,0,1,1,1,8,2,3,0,6,3,12,1
11,15,4,0,0,0,3,0,0,2,1,1,0,1,2,1,2,1,0,4,1
7,18,4,1,1,0,3,0,0,12,1,1,1,0,0,1,0,6,2,10,1
7,18,0,1,1,0,3,1,0,0,1,1,1,0,0,1,0,2,2,6,0
11,19,0,1,1,0,3,3,0,8,1,1,1,0,2,1,0,6,0,8,1
7,15,4,1,0,0,3,1,0,2,1,1,0,0,0,1,5,0,0,0,1
7,20,0,1,1,0,3,1,0,0,1,1,1,0,0,1,0,6,10,9,1
1,15,4,1,1,0,3,0,0,2,1,1,1,7,0,1,0,6,1,8,1
1,18,4,0,1,0,3,0,0,0,1,1,1,7,0,1,0,6,3,7,0
6,14,4,1,1,4,3,3,1,14,1,1,1,0,0,0,5,0,0,0,1
14,20,4,0,1,3,3,0,1,2,1,1,1,5,2,1,0,9,4,14,1
13,15,0,0,1,0,3,1,0,15,1,1,1,0,2,1,5,0,0,0,1
12,15,4,0,1,0,3,0,0,0,1,1,1,8,2,1,1,6,0,10,1
15,20,4,1,1,0,3,0,0,0,1,1,1,0,2,3,0,2,6,12,1
7,20,4,1,1,0,3,3,0,0,1,1,1,0,0,1,0,6,6,8,1
7,21,4,0,1,4,3,0,1,0,1,1,1,5,0,1,0,7,11,12,0
9,15,0,1,1,0,3,0,0,2,1,1,1,0,0,1,0,6,1,7,1
7,15,0,1,1,0,3,0,0,0,1,1,1,7,0,1,0,5,2,8,1
15,18,4,0,1,0,3,1,0,2,1,1,1,8,2,1,0,6,11,3,1
1,17,4,1,1,0,3,0,0,2,1,1,1,1,0,1,2,2,0,3,1
6,17,4,0,1,0,3,0,0,2,1,1,1,5,0,8,5,0,0,0,1
9,20,4,0,1,0,3,1,0,0,1,1,1,0,0,1,5,6,0,12,1
0,18,4,1,1,0,3,0,0,16,1,1,1,5,0,0,5,0,0,0,0
13,21,0,1,1,0,3,3,0,1,1,1,1,0,2,2,0,6,2,12,1
1,15,4,1,1,4,3,0,0,14,1,1,1,7,0,7,0,6,5,10,1
1,15,4,1,1,0,3,1,0,2,1,1,1,0,0,1,0,2,3,5,1
0,18,4,1,1,0,3,0,0,16,1,1,1,7,0,0,5,0,0,0,0
11,17,0,0,1,0,3,1,0,1,1,1,1,8,2,1,5,6,0,5,1
4,19,4,0,1,0,3,3,0,11,1,1,1,0,0,1,0,4,1,7,1
7,18,4,1,1,0,3,0,0,0,1,1,1,0,0,1,0,6,3,9,1
14,20,4,1,1,0,3,1,0,0,1,1,1,0,2,7,0,4,10,10,1
3,15,0,0,1,4,3,0,1,0,1,1,1,7,0,1,0,6,2,5,1
4,19,4,1,1,0,3,0,0,0,1,1,1,5,0,1,0,1,8,1,1
9,15,4,0,1,0,3,1,0,9,1,1,1,0,0,1,0,6,6,8,1
2,15,4,0,1,0,3,0,0,15,1,1,1,0,0,0,5,0,0,0,0
7,20,4,0,1,0,3,0,0,0,1,1,1,7,0,1,0,6,5,10,1
1,18,4,1,1,0,3,1,0,7,1,1,1,0,0,1,0,1,3,2,1
3,15,4,0,1,4,3,0,1,9,1,1,1,7,0,1,0,6,10,10,1
6,20,4,0,1,0,3,0,0,11,1,1,1,2,0,1,0,9,4,11,1
3,18,4,1,1,0,3,0,0,2,1,1,1,0,0,1,1,1,0,2,1
15,13,4,0,1,0,3,0,0,15,1,1,1,1,2,0,5,0,0,0,1
0,16,4,1,1,0,3,0,0,2,1,1,1,7,0,1,0,5,4,5,1
2,20,4,1,1,0,3,1,0,2,1,1,1,0,0,1,0,9,6,7,1
3,20,4,1,1,0,3,0,0,11,1,1,1,0,0,1,5,6,0,5,0
6,20,4,0,1,0,3,0,0,14,1,1,1,0,0,7,0,6,3,13,1
8,21,4,1,1,0,3,0,0,12,1,1,1,1,0,9,2,0,0,0,0
15,18,0,0,1,0,0,1,0,0,1,1,1,0,2,5,3,8,2,12,1
0,18,4,1,1,0,3,0,0,16,1,1,1,5,0,0,5,0,0,0,0
8,20,4,0,1,4,3,0,1,9,1,1,1,0,0,1,0,8,5,7,0
11,15,0,1,1,0,3,3,0,8,1,1,1,7,2,0,5,0,0,0,1
8,17,4,0,1,0,3,0,0,2,1,1,1,0,0,1,0,6,6,7,1
0,15,4,1,1,0,3,1,0,16,1,1,1,0,0,0,5,0,0,0,0
6,15,0,0,1,0,0,0,0,3,1,1,1,0,0,5,3,9,2,9,1
6,18,4,1,1,0,3,1,0,0,1,1,1,0,0,1,0,6,2,12,1
4,20,0,0,1,0,3,1,0,0,1,1,1,0,0,3,0,9,5,12,0
5,15,4,0,1,4,3,0,1,0,1,1,1,7,0,1,0,6,10,6,1
5,20,4,1,1,0,3,1,0,9,1,1,1,0,0,1,0,2,0,6,1
14,20,0,1,1,0,3,0,0,1,1,1,1,0,2,1,0,6,11,13,1
2,18,4,0,1,0,3,3,0,2,1,1,1,0,0,1,0,2,6,3,1
0,18,4,1,1,0,3,1,0,2,1,1,1,0,0,1,0,2,2,4,1
12,15,4,0,1,0,3,0,0,0,1,1,1,0,2,2,5,0,0,0,0
3,15,4,0,1,0,3,0,0,2,1,1,1,7,0,1,0,6,4,5,1
1,18,4,0,1,0,3,0,0,2,1,1,1,1,0,1,0,2,11,4,1
3,13,4,1,0,0,3,3,0,2,1,1,1,7,0,1,5,0,0,5,1
4,18,4,0,1,0,3,1,0,0,1,1,1,7,0,6,5,0,0,0,0
4,21,4,1,1,0,3,3,0,0,1,1,1,0,0,1,0,4,6,9,0
2,14,4,1,1,4,3,0,1,2,1,1,1,5,0,0,5,0,0,0,1
6,20,4,1,1,0,3,0,0,2,1,1,1,1,0,1,0,4,3,7,1
10,17,0,1,1,0,3,0,0,0,1,1,1,7,0,4,2,0,0,0,1
4,20,4,1,1,0,3,0,0,2,1,1,1,0,0,3,0,6,2,11,1
6,18,4,1,1,0,3,0,0,2,1,1,1,5,0,1,0,2,2,5,1
15,20,0,0,1,3,3,0,1,0,1,1,1,5,2,3,0,6,7,12,1
2,22,4,0,1,0,3,0,0,15,1,1,1,1,0,0,5,0,0,0,0
15,21,0,1,1,0,3,0,0,0,1,1,1,0,2,6,0,7,8,12,1
8,20,4,1,1,0,3,1,0,0,1,1,1,0,0,1,2,6,0,2,1
6,21,4,0,1,0,3,0,0,0,1,1,1,0,0,1,0,8,2,13,1
14,18,0,0,1,0,3,1,0,0,1,1,1,0,2,1,0,6,6,11,1
6,20,4,0,1,0,3,0,0,0,1,1,1,5,0,2,0,1,11,14,0
13,7,0,0,1,4,3,0,1,11,1,1,1,0,2,2,0,6,3,14,1
12,20,4,1,1,0,3,1,0,0,1,1,1,8,2,2,0,6,1,11,1
3,15,4,0,1,0,3,1,0,2,1,1,1,7,0,1,0,6,3,8,1
4,18,4,1,1,0,3,0,0,0,1,1,1,0,0,1,0,6,5,8,1
2,19,4,0,1,0,3,0,0,0,1,1,1,0,0,1,0,9,4,12,0
13,12,2,0,1,0,3,0,0,0,1,1,1,7,2,1,0,6,7,7,1
3,17,4,0,1,0,3,0,0,2,1,1,1,0,0,1,0,2,2,4,1
6,20,4,0,1,4,3,0,1,5,1,1,1,5,0,1,0,6,5,14,1
13,18,0,0,1,0,3,0,0,1,1,1,1,7,2,7,0,4,10,14,1
7,19,0,1,1,0,3,0,0,0,1,1,1,0,0,0,5,0,0,0,0
9,20,0,0,1,0,0,3,0,0,1,1,1,0,0,5,3,6,9,12,0
1,19,4,1,1,0,3,3,0,16,1,1,1,5,0,2,0,1,2,5,1
7,18,4,0,1,0,3,0,0,0,1,1,1,1,0,5,0,9,6,11,0
4,17,4,1,1,0,3,1,0,2,1,1,1,5,0,1,0,4,3,8,1
14,15,4,0,1,4,3,0,1,12,1,1,1,5,2,1,0,6,6,6,1
10,15,4,1,1,0,3,0,0,12,1,1,1,0,2,1,0,6,11,6,1
1,18,4,0,1,0,3,3,0,16,1,1,1,5,0,1,0,6,1,5,0
3,20,4,0,1,4,3,0,1,9,1,1,1,5,0,0,5,0,0,0,1
3,18,4,0,1,3,3,0,1,0,1,1,1,8,0,7,0,6,8,9,0
15,20,2,0,1,0,3,1,0,0,1,1,1,0,2,1,0,9,8,14,0
2,19,4,1,1,0,3,3,0,2,1,1,1,0,0,1,0,1,4,5,1
9,20,4,0,1,0,3,0,0,0,1,1,1,0,0,3,0,6,6,13,1
15,15,4,0,1,3,3,0,1,10,1,1,1,5,2,1,0,6,8,13,1
11,21,4,0,1,0,3,3,0,0,1,1,1,0,2,1,0,6,2,9,0
11,20,4,1,1,0,3,1,0,2,1,1,1,0,2,1,0,4,2,4,1
14,17,0,1,1,4,3,0,1,1,1,1,1,0,2,1,0,6,3,5,1
15,21,0,1,1,0,3,0,0,1,1,1,1,0,2,1,0,7,2,13,0
11,18,4,0,1,0,3,0,0,2,1,1,1,1,2,1,5,0,0,0,1
2,15,4,0,1,0,3,0,0,2,1,1,1,1,0,1,5,4,0,2,1
13,12,2,0,1,0,3,0,0,5,1,1,1,0,2,0,5,0,0,5,1
1,18,4,1,1,0,3,1,0,16,1,1,1,8,0,3,5,1,0,1,0
2,15,4,1,1,0,3,1,0,2,1,1,1,1,0,1,2,2,0,4,1
9,17,0,1,1,0,3,1,0,1,1,1,1,0,0,6,5,1,0,1,1
6,20,4,0,1,0,3,0,0,0,1,1,1,5,0,1,0,8,4,12,0
7,18,4,1,1,0,3,1,0,2,1,1,1,8,0,2,0,2,0,4,1
3,18,4,0,1,0,3,0,0,11,1,1,1,0,0,1,0,6,2,4,0
14,22,4,0,0,4,3,0,1,0,1,0,1,5,0,1,0,6,0,14,1
2,22,4,0,1,0,3,3,0,7,1,1,1,0,0,3,0,9,6,6,0
12,21,0,1,1,0,3,0,0,1,1,1,1,0,2,1,0,7,2,12,0
11,18,4,1,1,0,3,0,0,2,1,1,1,0,2,1,0,6,3,7,1
5,15,4,1,1,0,3,0,0,2,1,1,1,0,0,0,5,0,0,0,1
11,17,0,1,1,0,3,0,0,0,1,1,1,0,2,1,0,6,8,10,1
5,22,4,1,1,0,3,0,0,7,1,1,1,7,0,1,0,6,2,10,1
1,15,4,0,1,0,3,0,0,2,1,1,1,0,0,0,5,0,0,0,1
1,18,4,0,1,0,3,3,0,2,1,1,1,5,0,1,0,2,2,5,1
15,10,2,1,1,4,3,0,1,12,1,1,1,7,2,4,0,6,10,10,1
1,18,4,1,1,0,3,3,0,2,1,1,1,5,0,2,0,2,11,3,1
1,15,4,1,1,4,3,3,1,10,1,1,1,0,0,1,0,6,3,5,1
11,18,4,1,1,0,3,0,0,12,1,1,1,0,2,2,0,6,11,9,0
7,18,4,1,1,0,3,1,0,16,1,1,1,0,0,2,0,3,1,11,0
14,15,3,0,1,0,3,0,0,0,1,1,1,7,2,6,0,5,0,4,1
4,20,4,1,1,0,3,1,0,2,1,1,1,8,0,1,0,8,0,9,0
1,18,4,0,1,0,3,3,0,16,1,1,1,0,0,2,0,2,1,6,0
13,20,4,0,1,0,3,0,0,2,1,1,1,0,2,1,0,8,3,13,1
11,11,3,1,1,0,3,0,0,4,1,1,1,0,2,1,0,5,8,6,1
2,18,4,0,1,0,3,0,0,2,1,1,1,0,0,0,5,0,0,0,1
2,18,4,0,1,0,3,1,0,12,1,1,1,0,0,2,0,6,10,9,0
0,18,4,1,1,0,3,1,0,2,1,1,1,0,0,0,5,0,0,0,1
9,18,4,0,1,0,3,0,0,2,1,1,1,0,0,1,0,6,1,11,1
9,18,4,0,1,0,3,0,0,0,1,1,1,0,0,3,0,8,6,12,0
5,18,4,1,1,0,3,0,0,0,1,1,1,0,0,1,0,6,2,9,1
2,15,4,0,1,0,3,1,0,2,1,1,1,0,0,1,5,1,0,2,1
13,16,4,0,1,0,0,0,0,2,0,1,1,0,0,8,3,2,3,4,1
9,5,0,1,1,0,3,0,0,4,1,1,1,0,0,4,0,4,10,14,1
11,21,0,0,1,0,3,0,0,1,1,1,1,0,2,1,0,6,5,9,1
9,20,4,1,1,0,3,0,0,2,1,1,1,7,0,1,0,6,3,5,1
1,21,4,1,1,0,3,1,0,16,1,1,1,0,0,3,1,1,0,2,1
3,15,4,0,1,0,3,3,0,2,1,1,1,0,0,3,0,6,5,6,1
14,20,4,1,1,0,3,0,0,0,1,1,1,8,0,4,0,5,5,4,0
7,20,4,1,1,0,3,0,0,2,1,1,1,0,0,1,0,6,6,6,0
11,21,4,1,1,0,3,0,0,0,1,1,1,5,2,2,0,6,6,13,1
8,18,0,1,1,0,3,3,0,1,1,1,1,0,0,2,0,2,3,4,1
5,15,0,1,1,0,3,0,0,0,1,1,1,7,0,1,0,6,10,8,1
5,15,4,0,1,0,3,3,0,14,1,1,1,0,0,1,0,6,4,8,1
10,19,4,1,1,0,3,1,0,12,1,1,1,0,0,1,0,7,3,10,1
8,21,4,0,1,4,3,3,1,11,1,1,1,5,0,1,0,8,4,14,1
7,18,4,0,1,3,3,0,1,2,1,1,1,0,0,1,1,6,0,9,1
11,19,4,1,1,0,3,0,0,0,1,1,1,1,2,3,0,6,8,12,1
5,20,4,0,1,0,3,0,0,0,1,1,1,0,0,1,0,4,1,4,0
8,20,0,1,1,0,3,1,0,1,1,1,1,8,0,1,0,3,2,3,0
3,15,4,1,1,0,3,0,0,2,1,1,1,0,0,0,5,0,0,0,1
9,15,0,0,1,0,3,1,0,0,1,1,1,8,0,1,0,7,11,14,0
12,14,0,1,1,4,3,0,1,0,1,1,1,7,2,1,0,8,10,11,1
4,15,4,1,1,0,3,0,0,9,1,1,1,0,0,0,5,0,0,0,1
8,20,4,1,1,0,3,0,0,12,1,1,1,7,0,1,0,7,3,10,1
15,13,0,0,1,0,3,0,0,9,1,1,1,0,2,1,0,6,6,9,1
4,20,4,1,1,4,3,0,1,0,1,1,1,5,0,1,0,4,0,1,1
7,18,0,1,1,4,3,0,1,1,1,1,1,0,0,1,0,5,2,9,0
9,18,4,0,1,3,3,3,1,2,1,1,1,5,0,1,0,2,3,5,1
11,20,4,0,1,0,3,1,0,0,1,1,1,0,2,1,0,8,11,14,0
7,14,0,1,1,4,3,3,1,0,1,1,1,7,0,1,0,6,8,6,1
6,15,0,0,1,0,3,0,0,0,1,1,1,7,0,1,0,4,2,9,1
3,15,4,0,1,0,3,1,0,2,1,1,1,7,0,1,0,6,1,5,1
11,15,0,0,1,0,3,0,0,2,1,1,1,0,2,3,2,1,0,2,1
3,21,4,1,1,0,3,1,0,9,1,1,1,0,0,3,0,1,2,4,1
7,21,4,0,1,0,3,0,0,7,1,1,1,5,0,9,2,0,0,0,1
10,18,0,1,1,3,3,0,1,8,1,1,1,0,0,1,1,4,0,7,1
14,15,4,1,1,0,3,0,0,2,1,1,1,0,2,1,0,6,11,7,1
10,14,0,0,1,4,3,0,1,15,1,1,1,7,0,0,5,0,0,0,1
8,20,4,0,1,3,3,0,1,11,1,1,1,5,0,1,0,8,9,9,0
14,20,0,1,1,4,3,0,1,1,1,1,1,5,2,1,0,6,8,7,1
7,15,4,0,1,0,3,0,0,0,1,1,1,0,0,5,0,9,4,6,0
12,2,0,1,0,3,3,0,1,3,1,0,0,7,2,0,5,0,0,4,1
15,21,0,0,1,0,3,0,0,1,1,1,1,0,2,1,0,8,3,14,1
12,15,4,1,1,0,3,0,0,0,1,1,1,0,2,3,0,6,3,6,1
5,19,4,0,1,0,3,1,0,2,1,1,1,0,0,1,0,4,4,4,1
15,18,4,0,1,0,3,0,0,2,1,1,1,0,2,1,0,6,3,9,1
8,20,4,1,1,0,3,0,0,12,1,1,1,7,0,1,0,6,6,9,1
2,15,4,1,1,0,3,1,0,4,1,1,1,0,0,1,0,4,10,7,1
10,20,0,0,1,0,3,1,0,2,1,1,1,0,0,1,0,6,3,10,1
2,20,4,1,1,0,3,1,0,9,1,1,1,0,0,1,2,2,0,3,1
3,13,4,0,1,0,3,0,0,2,1,1,1,0,0,1,0,3,6,4,1
5,18,4,1,1,0,3,0,0,11,1,1,1,0,0,0,5,0,0,0,0
3,15,4,0,1,0,3,0,0,15,1,1,1,0,0,0,5,0,0,0,0
4,15,4,0,1,0,3,0,0,2,1,1,1,0,0,0,5,0,0,0,1
14,20,4,1,1,0,3,1,0,9,1,1,1,8,0,6,1,2,0,1,1
8,17,4,0,1,0,3,0,0,0,1,1,1,7,0,1,0,6,1,11,1
8,15,0,1,1,4,3,0,1,1,1,1,1,7,0,1,0,6,11,6,1
11,20,4,0,1,0,3,1,0,15,1,1,1,0,2,2,5,9,0,0,1
13,18,4,0,1,4,3,0,1,2,1,1,1,5,2,1,0,6,10,7,1
3,18,4,0,1,0,3,0,0,14,1,1,1,7,0,1,0,2,1,3,1
15,21,0,1,1,4,3,0,1,1,1,1,1,0,2,2,0,3,1,8,1
13,18,0,1,1,0,3,1,0,0,1,1,1,0,2,1,0,2,3,6,1
4,20,4,1,1,0,3,0,0,11,1,1,1,0,0,1,0,6,3,7,0
10,20,4,1,1,0,3,3,0,11,1,1,1,5,0,2,0,8,8,12,0
8,18,4,0,1,0,3,0,0,2,1,1,1,0,0,1,0,6,3,9,1
3,20,4,1,1,0,3,0,0,2,1,1,1,5,0,0,5,0,0,0,1
13,20,0,1,1,3,3,0,1,1,1,1,1,5,2,0,5,0,0,0,1
11,20,0,1,1,0,3,0,0,1,1,1,1,0,2,3,0,6,5,11,1
5,20,4,0,1,3,3,0,1,2,1,1,1,5,0,4,0,4,10,2,1
1,18,2,0,1,0,3,2,0,0,1,1,1,6,0,2,0,2,1,3,1
9,18,4,1,1,0,3,0,0,2,1,1,1,7,0,1,0,9,2,5,1
7,3,4,0,1,0,3,3,0,12,1,1,1,7,0,3,0,5,3,12,1
7,18,4,0,1,0,3,0,0,2,1,1,1,0,0,1,0,6,6,2,1
10,15,0,0,1,3,3,0,1,0,1,1,1,0,0,1,0,6,11,9,1
12,20,4,1,1,0,3,1,0,0,1,1,1,0,2,2,5,0,0,0,1
5,19,4,0,1,0,3,0,0,2,1,1,1,0,0,1,5,4,0,2,1
0,18,4,0,1,0,3,3,0,10,1,1,1,0,0,1,0,6,8,8,0
7,19,4,1,1,0,3,0,0,0,1,1,1,7,0,1,0,6,6,9,0
11,18,4,0,1,0,3,0,0,2,1,1,1,0,2,3,0,1,3,1,1
10,20,4,1,1,3,3,0,1,0,1,1,1,5,0,1,0,6,6,12,1
7,19,0,1,1,4,3,0,1,0,1,1,1,5,0,0,5,0,0,0,1
12,15,4,0,1,3,3,0,1,15,1,1,1,5,2,1,5,0,0,0,0
6,20,4,1,1,0,3,3,0,11,1,1,1,0,0,1,0,6,0,11,0
1,15,4,1,1,0,3,0,0,2,1,1,1,1,0,1,2,3,0,5,1
0,15,4,0,1,0,3,3,0,2,1,1,1,5,0,1,0,6,1,6,1
15,21,0,0,1,0,3,1,0,1,1,1,1,0,2,1,0,8,8,14,1
9,14,4,1,1,0,3,0,0,12,1,1,1,0,0,1,0,8,10,11,0
6,15,4,0,1,0,3,3,0,2,1,1,1,8,0,0,5,0,0,0,1
10,21,4,1,1,0,3,3,0,5,1,1,1,7,0,2,0,8,4,12,1
11,20,0,1,1,3,3,0,1,1,1,1,1,5,2,0,5,0,0,0,1
14,15,4,0,1,0,3,1,0,2,1,1,1,0,2,1,0,6,5,9,1
14,15,4,0,1,0,3,0,0,2,1,1,1,1,0,4,0,5,5,3,1
7,20,4,0,1,0,3,1,0,10,1,1,1,0,0,1,0,6,8,10,0
9,17,0,1,1,0,3,1,0,1,1,1,1,0,0,1,0,5,5,12,1
10,18,4,1,0,0,3,0,0,11,1,1,1,2,0,1,0,2,6,4,1
15,21,0,0,1,4,3,0,1,0,1,1,1,5,2,1,0,6,10,14,0
12,15,4,0,1,0,3,3,0,2,1,1,1,7,2,1,0,8,8,11,1
14,20,4,1,1,0,3,0,0,0,1,1,1,0,2,2,0,6,1,13,1
14,19,4,0,1,0,3,0,0,0,1,1,1,0,2,1,0,6,3,12,0
12,18,4,1,1,0,3,1,0,0,1,1,1,0,2,6,0,1,8,1,1
7,15,4,0,1,0,3,1,0,7,1,1,1,7,0,1,0,5,3,3,1
7,21,4,0,1,0,3,0,0,9,1,1,1,0,0,2,0,9,11,9,1
0,18,4,1,1,0,3,3,0,2,1,1,1,0,0,1,0,2,10,2,1
10,20,4,0,1,0,3,3,0,2,1,1,1,0,0,1,0,6,10,12,1
13,20,4,1,1,3,3,0,1,2,1,1,1,5,2,3,0,2,2,4,1
7,15,4,0,1,4,3,0,1,2,1,1,1,0,0,0,5,0,0,0,1
9,19,4,1,1,0,3,0,0,2,1,1,1,7,0,1,5,0,0,0,1
8,21,0,1,1,0,3,0,0,0,1,1,1,7,0,1,0,6,4,9,1
6,18,4,0,1,4,2,0,1,10,1,1,1,0,0,1,0,6,3,5,1
13,17,0,1,1,0,3,0,0,1,1,1,1,0,2,1,0,7,6,12,1
7,20,4,1,1,0,3,1,0,2,1,1,1,0,0,1,1,6,0,13,0
6,15,4,0,1,4,3,0,1,10,1,1,1,0,0,1,0,6,8,10,1
15,18,4,1,1,0,3,2,0,0,1,1,1,0,2,1,0,6,1,7,1
1,18,4,1,1,0,3,0,0,16,1,1,1,5,0,1,5,1,0,1,1
7,18,4,0,1,0,3,0,0,2,1,1,1,5,0,1,0,7,10,11,1
8,20,4,1,1,0,3,0,0,11,1,1,1,0,0,0,5,0,0,0,0
4,18,4,0,1,0,3,0,0,0,1,1,1,1,0,1,0,6,6,4,0
0,18,4,1,1,0,3,0,0,16,1,1,1,0,0,3,1,1,0,2,1
5,18,4,1,1,0,3,0,0,0,1,1,1,1,0,1,5,0,0,0,0
1,15,4,0,1,0,3,0,0,2,1,1,1,0,0,1,0,4,3,5,1
7,20,4,1,1,0,3,0,0,2,1,1,1,5,0,1,0,7,4,9,1
14,20,4,1,1,0,3,0,0,9,1,1,1,0,2,4,5,2,0,7,1
4,20,4,1,1,0,3,0,0,3,1,1,1,6,0,2,0,2,1,3,1
4,20,4,1,1,0,3,0,0,0,1,1,1,0,0,1,1,1,0,1,0
11,15,4,0,1,0,3,0,0,2,1,1,1,7,2,1,0,6,4,5,1
5,17,4,1,1,0,3,0,0,16,1,1,1,0,0,1,0,7,1,11,1
2,15,4,0,0,0,3,0,0,2,1,1,0,1,0,0,5,0,0,4,1
9,20,4,1,1,0,3,0,0,0,1,1,1,0,0,4,0,8,1,13,1
14,18,4,0,1,0,3,0,0,0,1,1,1,0,2,1,0,5,6,2,1
0,15,4,0,1,0,3,3,0,7,1,1,1,0,0,0,5,0,0,0,1
0,8,4,0,1,4,3,0,1,11,1,1,1,7,0,1,0,6,4,3,1
13,18,4,0,1,0,3,0,0,2,1,1,1,0,2,1,0,6,7,12,1
6,20,4,0,1,0,3,3,0,14,1,1,1,0,0,1,0,6,8,13,0
15,20,4,0,1,4,3,0,1,0,1,1,1,5,2,1,0,6,10,14,0
13,20,4,0,1,0,3,3,0,0,1,1,1,0,2,2,0,7,8,14,1
9,20,0,1,1,4,3,0,1,1,1,1,1,5,0,0,5,0,0,0,1
15,21,4,1,0,0,3,1,0,2,0,0,0,0,2,0,4,0,0,13,0
13,17,4,0,1,0,3,0,0,9,1,1,1,5,2,1,0,6,6,12,1
1,14,4,0,1,0,3,0,0,15,1,1,1,7,0,1,5,0,0,0,0
3,18,4,1,1,0,3,3,0,2,1,1,1,0,0,1,5,0,0,0,0
3,17,4,0,1,0,0,3,0,11,1,1,1,0,2,5,3,6,9,6,1
3,20,4,1,1,4,3,0,1,5,1,1,1,0,0,1,0,3,9,2,1
5,12,3,1,1,0,3,0,0,0,1,1,1,7,0,1,0,6,5,9,0
13,20,4,0,1,3,3,0,1,11,1,1,1,5,2,1,0,6,7,9,1
10,20,4,1,1,0,3,1,0,0,1,1,1,0,0,4,0,8,2,12,1
1,17,4,0,1,0,3,0,0,2,1,1,1,0,0,2,0,3,1,9,1
2,18,4,0,1,0,3,0,0,2,1,1,1,5,0,1,0,4,4,6,1
0,18,4,1,1,0,3,0,0,16,1,1,1,7,0,0,5,0,0,0,0
0,15,4,0,1,0,3,3,0,2,1,1,1,0,0,0,5,0,0,0,0
11,20,4,1,1,0,3,0,0,16,1,1,1,0,2,2,0,4,1,6,1
2,15,4,0,1,0,3,0,0,0,1,1,1,0,0,1,0,6,1,14,1
3,18,4,0,1,0,3,1,0,16,1,1,1,0,0,1,0,6,2,3,1
2,17,4,1,1,0,3,3,0,2,1,1,1,0,0,0,5,0,0,0,1
8,11,4,0,1,4,3,0,1,11,1,1,1,7,0,1,0,6,4,2,1
10,15,0,1,1,3,1,0,1,1,1,1,1,0,0,5,3,6,2,5,1
7,18,4,0,1,0,0,1,0,16,1,1,1,0,0,5,3,6,5,6,0
7,17,0,1,1,0,3,1,0,0,1,1,1,0,0,1,0,6,3,12,0
10,17,0,0,1,0,3,3,0,8,1,1,1,0,0,1,0,8,3,8,1
6,20,4,1,1,0,3,0,0,9,1,1,1,0,0,1,0,7,0,11,0
3,14,4,0,1,0,3,0,0,12,1,1,1,0,0,1,1,6,0,6,1
7,16,4,0,0,0,3,3,0,16,1,1,0,5,0,1,5,1,0,4,1
15,15,0,1,1,4,3,0,1,1,1,1,1,7,2,0,5,0,0,0,1
7,21,4,0,1,0,3,0,0,0,1,1,1,0,0,1,0,9,4,14,0
3,18,4,1,1,0,3,1,0,16,1,1,1,8,0,1,0,3,1,5,1
12,19,4,1,1,0,3,0,0,2,1,1,1,1,2,1,0,6,4,10,1
6,15,0,0,1,0,3,0,0,2,1,1,1,0,0,1,0,4,3,7,1
6,17,4,0,1,0,3,1,0,7,1,1,1,8,0,1,0,2,1,6,1
14,15,4,1,1,4,3,0,1,9,1,1,1,0,2,1,0,6,5,10,0
15,19,0,1,1,0,3,3,0,2,1,1,1,0,2,1,0,9,8,12,1
2,22,4,1,1,0,3,1,0,11,1,1,1,0,0,1,0,7,3,12,0
14,21,0,0,1,0,3,1,0,0,1,1,1,0,2,1,0,8,4,13,1
3,18,4,1,1,0,3,3,0,0,1,1,1,0,0,1,0,2,9,2,1
8,15,4,0,1,0,3,1,0,7,1,1,1,0,0,1,0,5,3,9,1
1,18,4,1,1,0,3,1,0,16,1,1,1,0,0,5,3,3,2,6,1
8,18,4,0,1,0,3,0,0,0,1,1,1,2,0,1,0,6,3,14,0
15,22,0,1,1,0,3,0,0,0,1,1,1,0,2,1,0,7,8,13,1
3,18,4,0,0,0,3,0,0,2,1,1,0,0,0,0,5,0,0,6,1
12,15,0,1,1,0,3,3,0,0,1,1,1,0,2,0,5,0,0,0,1
2,15,4,1,0,0,3,0,0,2,1,1,0,7,0,0,5,0,0,4,1
7,15,4,0,1,0,3,0,0,2,1,1,1,7,0,1,0,6,11,11,1
4,15,4,0,1,0,3,0,0,14,1,1,1,1,0,1,5,0,0,0,0
1,17,4,1,1,0,3,1,0,2,1,1,1,8,0,1,0,3,5,5,0
13,17,0,0,1,0,3,1,0,0,1,1,1,8,2,1,1,9,0,12,1
15,20,0,1,1,0,3,0,0,2,1,1,1,0,2,1,0,6,1,9,1
4,15,0,0,1,0,0,0,0,0,1,1,1,0,0,5,3,9,2,12,0
0,15,4,0,1,0,3,0,0,16,1,1,1,0,0,1,1,4,0,6,1
13,23,2,1,1,0,3,3,0,13,1,1,1,0,2,2,0,5,4,13,1
13,15,0,0,1,0,3,0,0,0,1,1,1,0,2,1,0,9,2,6,1
13,17,0,0,0,0,3,3,0,0,1,1,0,0,2,0,5,0,0,0,1
14,15,0,0,1,0,1,0,0,1,1,1,1,0,2,5,0,8,2,11,1
7,18,4,0,1,0,3,1,0,2,1,1,1,0,0,1,0,7,10,11,1
10,20,4,1,1,0,3,0,0,2,1,1,1,1,0,1,2,6,0,3,0
4,15,0,0,1,0,3,0,0,0,1,1,1,0,0,1,0,6,10,11,1
10,20,4,1,1,0,3,0,0,2,1,1,1,7,0,1,0,5,2,3,1
11,20,4,1,1,0,3,3,0,0,1,1,1,0,2,2,0,6,0,13,0
5,20,4,0,1,0,3,0,0,2,1,1,1,0,0,1,5,0,0,0,0
7,15,4,1,1,4,3,0,1,0,1,1,1,0,0,1,0,6,2,9,0
2,18,4,1,1,3,3,0,1,2,1,1,1,0,0,3,0,6,2,12,1
11,18,0,1,1,3,3,0,1,0,1,1,1,0,2,3,1,6,0,6,1
15,20,4,1,1,0,3,1,0,2,1,1,1,1,2,1,2,0,0,0,1
6,20,0,1,1,0,3,0,0,1,1,1,1,0,0,2,0,6,8,11,1
7,17,4,0,1,0,3,1,0,0,1,1,1,0,0,1,0,7,2,11,1
3,15,4,1,1,0,3,0,0,2,1,1,1,0,0,0,5,0,0,0,1
1,17,4,0,1,0,3,1,0,7,1,1,1,0,0,1,0,1,11,6,1
7,20,0,1,1,4,3,0,1,0,1,1,1,0,0,0,5,0,0,0,1
14,22,0,1,1,0,3,3,0,1,1,1,1,0,2,1,0,6,9,14,1
7,18,4,1,1,0,3,1,0,0,1,1,1,0,0,7,0,6,10,9,1
9,14,0,1,1,0,3,1,0,2,1,1,1,0,0,1,0,6,2,5,1
1,15,4,0,0,0,3,1,0,2,1,1,0,7,0,1,5,0,0,0,1
0,15,4,1,1,0,3,1,0,16,1,1,1,0,0,2,5,4,0,2,0
1,18,4,0,1,0,3,3,0,2,1,1,1,1,0,1,0,1,11,5,1
12,11,3,0,1,0,3,0,0,15,1,1,1,0,2,0,5,0,0,0,1
6,20,4,0,1,0,3,0,0,2,1,1,1,7,0,1,0,5,8,13,1
3,15,4,0,1,0,3,3,0,16,1,1,1,0,0,6,0,8,2,11,0
14,18,0,1,1,4,3,0,1,8,1,1,1,5,2,0,5,0,0,0,1
6,20,4,0,1,0,3,1,0,11,1,1,1,0,0,1,0,6,4,10,1
9,20,4,0,1,0,3,0,0,11,1,1,1,5,0,1,0,6,7,13,1
7,15,4,1,1,4,3,0,1,10,1,1,1,0,0,4,0,6,8,3,1
6,15,0,1,1,0,3,0,0,0,1,1,1,5,0,1,0,3,11,3,1
0,18,4,0,1,4,3,3,1,0,1,1,1,0,0,1,0,1,10,1,0
0,17,4,1,1,0,3,0,0,2,1,1,1,1,0,1,0,3,2,4,1
3,18,4,0,1,0,3,0,0,2,1,1,1,0,0,1,0,1,3,4,1
11,18,4,0,1,0,3,1,0,14,1,1,1,0,2,1,0,6,2,10,1
13,18,0,1,1,4,3,0,1,1,1,1,1,5,2,0,5,0,0,0,1
1,18,4,1,1,0,3,1,0,2,1,1,1,8,0,0,5,0,0,0,1
0,18,4,1,1,0,3,0,0,16,1,1,1,1,0,1,0,1,2,4,1
1,15,2,0,1,4,3,0,1,16,1,1,1,6,0,9,3,5,1,5,1
4,18,4,0,1,0,3,3,0,2,1,1,1,7,0,7,0,9,5,9,0
0,18,4,0,1,0,3,1,0,2,1,1,1,8,0,0,5,0,0,0,1
12,20,4,0,1,0,3,1,0,2,1,1,1,0,2,1,0,4,4,2,1
8,14,4,0,1,0,3,0,0,12,1,1,1,0,0,1,0,6,2,8,0
11,19,4,1,1,0,3,1,0,0,1,1,1,0,2,2,0,1,1,4,0
1,19,4,0,1,0,3,1,0,11,1,1,1,0,0,1,0,6,4,12,1
10,18,4,1,1,0,3,1,0,0,1,1,1,7,0,1,0,8,4,10,1
5,15,4,0,1,0,3,0,0,2,1,1,1,0,0,1,0,1,3,4,1
5,20,4,0,1,0,3,3,0,2,1,1,1,7,0,1,0,6,8,11,0
12,19,0,0,1,0,1,1,0,0,1,1,1,8,2,1,0,6,3,12,1
7,20,4,0,1,3,3,0,1,0,1,1,1,5,0,1,0,6,6,11,1
6,20,0,0,0,0,0,3,0,11,1,1,0,7,2,5,4,8,6,6,0
13,20,4,0,1,4,3,0,1,9,1,1,1,5,2,1,0,6,10,14,1
10,20,0,0,1,3,3,1,1,1,1,1,1,5,0,1,5,6,0,11,0
0,18,4,1,1,0,3,0,0,2,1,1,1,0,0,9,2,0,0,0,1
8,20,4,0,1,0,3,0,0,2,1,1,1,0,0,1,0,6,3,9,1
3,13,4,0,0,0,3,0,0,15,1,1,0,0,0,0,5,0,0,0,0
2,20,4,1,1,0,3,1,0,0,1,1,1,5,0,1,2,2,0,2,0
11,22,4,1,1,0,3,0,0,7,1,1,1,1,0,2,0,5,8,4,0
14,15,4,0,1,4,3,3,1,11,1,1,1,5,2,1,0,6,0,9,0
4,15,4,1,1,2,3,3,0,2,1,1,1,2,0,1,5,0,0,0,1
1,17,0,0,0,3,3,0,0,2,0,1,1,7,0,1,0,4,2,10,1
2,18,4,0,1,0,3,0,0,2,1,1,1,1,0,0,5,0,0,0,1
5,19,4,1,1,0,3,1,0,12,1,1,1,8,0,1,0,6,8,11,1
11,20,4,1,1,0,3,1,0,2,1,1,1,0,2,1,0,6,6,8,1
9,18,2,1,1,4,3,0,1,0,1,1,1,0,0,1,5,0,0,0,1
6,18,4,1,1,0,3,0,0,0,1,1,1,0,0,1,0,6,3,6,1
8,17,0,1,1,0,3,0,0,0,1,1,1,7,0,1,0,6,6,9,1
10,18,0,0,1,0,3,3,0,0,1,1,1,0,0,1,0,6,4,10,1
8,21,4,1,1,0,3,2,0,0,1,1,1,8,0,2,0,2,6,2,0
2,18,4,1,1,4,3,0,1,2,1,1,1,7,0,3,0,3,6,1,1
9,20,4,1,1,0,3,0,0,0,1,1,1,0,0,3,2,0,0,0,1
10,23,3,1,1,0,3,0,0,1,1,1,1,0,2,7,0,1,6,6,1
5,20,4,0,1,3,3,0,1,2,1,1,1,5,0,1,0,6,10,9,1
4,21,4,0,1,0,3,3,0,3,1,1,1,1,0,1,0,9,8,13,1
13,0,0,1,1,4,3,3,1,1,1,1,1,0,2,0,5,0,0,0,1
10,20,0,1,1,0,3,0,0,0,1,1,1,0,0,0,5,0,0,14,0
11,18,4,1,1,0,3,0,0,12,1,1,1,0,2,1,0,4,2,5,0
0,15,4,1,1,0,3,3,0,2,1,1,1,0,0,4,0,6,4,5,1
4,15,0,0,1,0,3,0,0,2,1,1,1,0,0,1,0,6,1,3,1
1,18,4,0,1,0,3,0,0,15,1,1,1,0,0,2,5,0,0,0,0
14,21,4,0,1,4,3,0,1,0,1,1,1,5,2,1,0,9,4,13,0
13,20,0,1,1,3,3,0,1,1,1,1,1,5,2,1,0,6,8,14,0
1,15,4,0,1,0,3,0,0,2,1,1,1,0,0,1,0,6,1,7,1
15,17,0,1,1,0,3,0,0,1,1,1,1,0,2,0,5,0,0,0,1
1,18,4,0,1,0,3,1,0,2,1,1,1,0,0,2,0,1,1,2,1
2,18,4,0,1,0,3,0,0,2,1,1,1,7,0,1,0,6,6,12,1
7,15,4,0,1,0,3,0,0,2,1,1,1,1,0,5,2,6,0,6,1
10,20,4,1,1,0,3,0,0,0,1,1,1,7,0,1,0,6,8,8,1
11,15,0,1,1,0,3,3,0,1,1,1,1,0,2,1,0,6,5,9,1
11,15,4,0,1,4,3,3,1,0,1,1,1,5,2,1,0,6,11,11,1
12,17,0,0,1,0,3,0,0,0,1,1,1,0,2,1,0,6,6,12,1
8,20,4,0,1,0,3,1,0,2,1,1,1,7,0,1,0,4,2,13,1
4,18,4,0,1,0,3,1,0,2,1,1,1,0,0,4,0,2,5,1,1
4,15,4,0,1,0,3,1,0,2,1,1,1,0,0,1,2,3,0,2,1
10,20,4,0,1,0,3,0,0,0,1,1,1,0,0,7,0,9,3,14,1
3,15,0,0,1,0,3,3,0,8,1,1,1,0,0,1,0,6,6,9,1
12,21,4,1,1,0,3,3,0,12,1,1,1,0,2,1,0,6,5,10,1
13,20,4,1,1,0,3,3,0,0,1,1,1,0,2,5,0,7,4,10,1
14,20,0,0,1,4,3,0,1,1,1,1,1,5,2,1,0,6,6,12,1
13,20,0,1,1,3,3,0,1,0,1,1,1,5,2,1,5,6,0,4,1
2,15,4,1,1,0,3,0,0,0,1,1,1,0,0,1,0,6,2,4,1
4,15,0,0,1,3,3,0,1,0,1,1,1,5,0,1,0,6,3,3,0
9,20,4,1,1,0,3,1,0,0,1,1,1,0,0,2,0,6,6,11,0
8,15,0,0,1,0,3,0,0,1,1,1,1,0,0,1,0,6,3,6,1
4,20,0,1,1,4,3,0,1,8,1,1,1,0,0,1,0,6,1,8,0
4,19,4,1,1,3,3,0,1,16,1,1,1,0,0,1,5,0,0,0,1
15,17,0,1,0,0,3,0,0,1,1,1,0,0,2,1,5,0,0,4,1
8,20,0,0,1,0,3,0,0,0,1,1,1,0,0,6,0,9,6,14,1
13,21,0,0,1,0,3,0,0,0,1,1,1,1,2,1,0,6,10,13,1
10,20,4,1,1,0,3,1,0,2,1,1,1,0,0,1,5,0,0,0,1
12,20,4,0,1,0,3,3,0,14,1,1,1,0,2,1,0,6,8,10,0
13,20,4,0,1,3,3,0,1,0,1,1,1,5,2,7,1,6,0,13,0
13,18,0,1,1,0,3,3,0,0,1,1,1,0,2,1,5,0,0,11,1
9,23,3,0,1,0,3,0,0,1,1,1,1,0,2,7,0,6,4,7,0
8,20,0,0,1,0,3,0,0,0,1,1,1,0,0,1,0,6,3,13,1
3,15,4,0,1,4,3,0,1,9,1,1,1,5,0,0,5,0,0,0,1
1,15,4,0,1,4,3,0,1,12,1,1,1,0,0,1,0,5,2,5,1
8,18,4,0,1,0,3,3,0,2,1,1,1,1,0,1,0,6,11,7,1
15,9,0,0,1,0,0,1,1,12,1,1,1,1,2,5,3,8,1,6,0
15,21,0,1,1,0,3,0,0,1,1,1,1,7,2,6,1,6,0,12,1
15,20,4,0,1,0,3,1,0,0,1,1,1,8,2,3,0,5,6,6,1
12,18,4,0,1,0,3,3,0,11,1,1,1,0,2,1,0,6,2,9,0
9,15,4,1,1,0,3,0,0,2,1,1,1,0,0,1,0,6,0,11,1
12,15,3,1,1,0,3,0,0,0,1,1,1,7,2,1,0,7,2,8,0
9,21,4,0,1,0,3,0,0,0,1,1,1,0,0,2,0,7,0,9,1
4,20,4,1,1,0,3,0,0,2,1,1,1,5,0,1,0,3,2,10,1
7,20,0,1,1,0,3,0,0,1,1,1,1,0,0,1,0,6,6,14,1
11,20,0,1,1,3,3,0,1,1,1,1,1,0,2,0,5,0,0,0,1
6,18,0,1,1,4,3,0,1,8,1,1,1,2,0,1,0,6,6,11,1
11,15,4,0,1,0,0,0,0,16,1,1,1,1,2,5,3,9,2,7,0
12,13,4,1,1,2,3,0,0,3,1,1,1,1,2,1,0,4,1,13,1
11,18,4,0,1,0,3,1,0,0,1,1,1,0,2,1,0,6,4,9,0
15,15,0,1,1,0,3,1,0,0,1,1,1,0,2,3,0,6,3,3,1
11,21,4,1,1,0,3,0,0,0,1,1,1,0,2,2,0,6,3,10,0
11,13,0,0,1,0,3,0,0,1,1,1,1,0,2,6,5,0,0,0,1
7,20,4,1,1,0,3,1,0,14,1,1,1,0,0,3,5,0,0,0,1
13,21,0,1,1,2,3,1,0,1,1,1,1,5,2,1,0,2,3,14,1
9,18,4,0,1,0,3,0,0,0,1,1,1,0,0,3,0,6,6,12,1
2,14,4,0,1,0,3,3,0,11,1,1,1,0,2,1,0,2,7,6,1
5,20,4,1,0,0,3,3,0,2,1,1,1,0,0,1,0,5,4,5,1
15,16,4,0,1,0,3,0,0,16,1,1,1,0,2,1,0,6,1,7,1
14,14,0,0,1,0,3,1,0,0,1,1,1,0,2,0,5,0,0,5,1
13,19,0,1,1,0,3,3,0,13,1,1,1,8,2,2,0,5,2,11,0
10,20,4,1,1,0,3,0,0,2,1,1,1,7,0,2,0,6,1,8,1
9,20,4,1,1,3,3,0,1,0,1,1,1,0,0,1,0,6,6,4,0
11,23,4,0,1,0,3,0,0,0,1,1,1,0,2,7,0,8,11,13,0
15,16,4,1,0,4,3,1,1,10,1,1,0,0,2,1,5,6,0,3,0
9,18,4,1,1,0,3,0,0,5,1,1,1,7,0,1,2,2,0,5,1
7,15,4,0,1,4,3,0,0,11,1,1,1,0,0,1,0,9,5,11,0
0,14,4,1,0,0,3,3,0,2,1,1,0,7,0,0,5,0,0,0,0
10,20,4,1,1,0,3,3,0,12,1,1,1,7,0,1,0,1,4,3,0
14,21,0,0,1,4,3,0,1,1,1,1,1,5,2,2,0,6,2,14,1
9,15,0,0,1,0,3,0,0,1,1,1,1,0,0,6,0,6,7,12,1
1,17,4,0,1,4,3,0,0,16,1,1,1,0,0,7,5,6,0,5,1
2,18,4,0,1,0,3,0,0,2,1,1,1,0,0,1,0,1,0,1,1
3,15,4,0,1,0,3,1,0,15,1,1,1,0,0,0,5,0,0,0,0
11,13,0,1,1,4,3,3,1,8,1,1,1,0,2,0,5,0,0,0,1
7,21,0,1,1,0,3,1,0,1,1,1,1,0,0,5,0,8,6,13,0
6,20,4,0,1,2,3,1,0,2,1,1,1,2,0,1,0,6,3,13,1
7,17,0,1,1,4,3,0,1,1,1,1,1,0,0,1,5,0,0,0,1
0,15,4,0,1,0,3,0,0,2,1,1,1,0,0,0,5,0,0,0,1
13,21,0,0,1,3,3,0,1,0,1,1,1,0,2,1,0,6,6,13,1
13,20,0,0,1,4,3,0,1,1,1,1,1,5,2,1,0,6,7,13,1
15,20,0,1,1,0,3,0,0,0,1,1,1,7,2,6,0,6,8,13,1
3,18,4,0,1,0,3,0,0,2,1,1,1,5,0,1,5,0,0,4,1
11,20,4,1,1,0,3,0,0,2,1,1,1,5,2,1,0,6,6,11,1
1,18,4,0,1,0,3,0,0,16,1,1,1,5,0,0,5,0,0,0,1
8,13,4,0,0,0,3,0,0,0,1,1,0,1,0,0,5,0,0,5,0
1,15,4,0,1,0,3,0,0,16,1,1,1,1,0,1,5,6,0,3,1
7,15,4,0,1,0,3,1,0,7,1,1,1,0,0,1,0,6,6,5,1
5,15,4,0,1,0,3,1,0,2,1,1,1,0,0,3,0,6,3,6,1
0,15,4,0,1,0,3,3,0,2,1,1,1,0,0,0,5,0,0,0,1
12,21,0,0,1,0,3,2,0,1,1,1,1,0,2,1,0,9,3,14,0
10,15,4,0,1,0,3,0,0,10,1,1,1,0,0,1,0,6,11,3,0
8,18,0,0,1,0,3,0,0,0,1,1,1,0,0,0,5,0,0,0,1
7,18,4,0,1,0,3,1,0,11,1,1,1,0,0,1,0,8,10,10,1
8,20,4,1,1,0,3,3,0,11,1,1,1,0,0,1,0,6,11,6,0
11,21,0,1,1,4,3,0,1,0,1,1,1,5,2,0,5,0,0,0,0
11,20,4,0,1,0,3,3,0,11,1,1,1,0,2,1,0,6,4,9,0
7,20,4,0,1,0,3,0,0,9,1,1,1,7,0,4,0,6,6,10,1
9,18,0,1,1,0,3,0,0,0,1,1,1,0,0,1,5,6,0,8,1
12,15,4,1,1,0,3,0,0,2,1,1,1,0,2,1,0,6,3,11,1
6,15,0,0,1,0,3,3,0,1,1,1,1,0,0,1,1,6,0,7,1
0,18,4,1,1,0,3,1,0,16,1,1,1,0,0,0,5,0,0,0,0
3,15,4,1,1,0,3,0,0,14,1,1,1,0,0,1,5,0,0,2,0
14,15,2,1,0,0,3,1,0,0,1,0,1,0,2,4,5,0,0,2,1
11,21,4,0,1,0,3,0,0,0,1,1,1,5,2,2,0,6,11,14,0
8,20,0,1,0,3,3,0,1,3,1,1,1,0,0,1,0,9,4,13,1
12,15,0,0,1,0,1,1,0,0,1,1,1,8,2,5,0,9,6,10,0
7,20,4,1,1,4,3,0,1,11,1,1,1,5,0,0,5,0,0,0,1
10,15,4,0,1,0,3,0,0,2,1,1,1,0,0,1,2,0,0,0,1
6,19,4,1,1,0,3,0,0,0,1,1,1,8,0,1,5,0,0,0,1
0,18,4,1,1,0,3,0,0,16,1,1,1,5,0,1,0,2,1,3,1
14,0,2,1,1,4,3,0,1,1,1,1,1,0,2,1,0,6,4,6,1
13,21,4,1,1,0,3,1,0,0,1,1,1,5,2,6,0,1,2,11,1
0,15,4,1,1,0,3,1,0,16,1,1,1,0,0,1,0,4,1,2,0
10,18,4,0,1,0,3,0,0,4,1,1,1,5,0,1,2,0,0,2,1
14,19,0,1,1,0,3,0,0,1,1,1,1,5,2,1,5,0,0,0,1
10,15,0,0,1,0,3,0,0,0,1,1,1,7,0,1,0,8,4,10,1
12,22,4,0,1,0,3,0,0,0,1,1,1,8,0,2,0,6,8,12,1
1,18,4,0,1,0,3,0,0,16,1,1,1,0,0,2,5,2,0,2,1
2,20,4,0,1,0,0,0,0,7,1,1,1,0,0,5,0,8,6,9,1
1,18,4,0,1,0,3,0,0,2,1,1,1,5,0,9,2,0,0,0,1
7,20,4,1,1,3,3,0,1,2,1,1,1,5,0,1,0,8,2,9,1
12,21,0,1,1,3,3,0,1,0,1,1,1,0,2,1,0,7,6,13,1
10,17,4,0,1,0,3,1,0,0,1,1,1,7,0,1,0,6,1,13,1
12,14,0,1,1,0,3,1,0,9,1,1,1,0,2,0,5,0,0,0,1
13,20,0,0,1,0,3,1,0,1,1,1,1,0,2,7,0,6,3,12,1
0,18,4,1,1,0,3,0,0,16,1,1,1,7,0,0,5,0,0,0,0
4,18,4,1,1,0,3,1,0,7,1,1,1,0,0,1,5,0,0,1,1
7,20,0,1,1,0,3,0,0,1,1,1,1,0,0,1,0,6,3,10,0
3,22,4,1,1,4,3,1,1,7,1,1,1,0,0,1,0,6,2,7,1
10,0,4,0,1,0,3,3,0,0,1,1,1,7,0,0,5,0,0,0,1
2,18,4,1,1,0,3,3,0,2,1,1,1,0,0,1,0,3,1,3,0
14,18,0,0,1,4,3,0,1,1,1,1,1,5,2,1,0,6,6,10,1
10,20,4,1,1,4,3,0,1,11,1,1,1,5,0,4,0,8,8,14,1
12,21,0,1,1,0,3,0,0,1,1,1,1,0,2,1,0,6,11,11,1
10,21,0,1,1,0,3,0,0,0,1,1,1,0,0,1,0,8,11,14,0
2,18,4,1,1,0,3,1,0,2,1,1,1,0,0,1,0,6,2,3,0
6,19,4,1,1,0,3,0,0,0,1,1,1,1,0,1,0,3,5,10,1
13,14,4,0,0,0,3,0,0,2,1,1,0,7,2,1,0,2,7,8,1
1,18,4,1,1,0,3,0,0,2,1,1,1,7,0,0,5,0,0,0,1
12,15,4,1,1,0,3,0,0,0,1,1,1,0,2,1,0,6,10,10,1
14,20,4,0,1,0,3,0,0,2,1,1,1,5,2,0,5,0,0,0,1
0,15,4,0,1,0,3,1,0,7,1,1,1,8,0,1,5,0,0,0,1
9,20,0,0,1,0,3,2,0,1,1,1,1,0,0,1,0,6,9,14,0
9,13,0,1,1,0,3,0,0,8,1,1,1,0,0,1,5,0,0,0,1
0,18,4,1,1,0,3,3,0,11,1,1,1,5,0,0,5,0,0,0,1
1,18,4,1,1,0,3,0,0,12,1,1,1,7,0,3,0,4,6,3,0
15,15,0,0,1,0,3,0,0,0,1,1,1,7,2,6,0,6,3,10,0
14,20,4,0,1,0,3,1,0,0,1,1,1,8,2,3,0,6,6,6,0
8,18,4,1,1,4,3,0,1,11,1,1,1,0,0,0,5,0,0,0,0
8,21,0,1,1,0,3,1,0,0,1,1,1,0,0,1,0,6,4,13,1
13,18,4,1,1,0,3,3,0,2,1,1,1,0,2,1,0,2,7,5,1
15,18,0,1,1,0,3,0,0,2,1,1,1,0,2,6,0,2,6,6,1
6,11,4,0,1,4,3,0,1,5,1,1,1,0,0,0,5,0,0,0,1
7,17,0,0,1,0,3,0,0,2,1,1,1,7,0,1,1,6,0,2,1
12,23,4,0,1,4,3,0,1,0,1,1,1,0,2,7,0,8,11,13,1
4,18,4,1,1,0,3,0,0,0,1,1,1,7,0,1,0,6,2,8,1
10,14,0,0,1,0,3,0,0,0,1,1,1,7,0,1,0,8,7,8,1
0,17,4,1,1,0,3,0,0,16,1,1,1,7,0,0,5,0,0,0,0
1,18,4,1,1,0,3,0,0,2,1,1,1,0,0,1,0,5,6,8,1
1,15,4,0,1,0,3,0,0,11,1,1,1,7,0,1,5,2,0,3,0
12,17,4,0,1,0,3,3,0,2,1,1,1,0,2,1,0,6,8,8,1
14,18,0,0,1,0,3,2,0,8,1,1,1,0,2,1,0,1,6,1,1
8,20,4,0,1,0,3,3,0,11,1,1,1,8,0,1,0,4,6,6,0
7,21,0,0,1,0,3,3,0,0,1,1,1,0,0,1,0,6,5,14,0
11,20,0,1,1,0,3,3,0,1,1,1,1,0,2,2,0,6,8,11,1
9,17,4,1,1,0,3,0,0,2,1,1,1,0,0,1,0,3,6,10,1
7,20,4,0,1,0,3,1,0,2,1,1,1,5,0,1,0,1,3,6,1
12,21,0,0,0,0,3,0,0,0,0,1,0,5,2,1,0,6,8,9,1
4,18,4,0,1,0,3,0,0,11,1,1,1,0,0,0,5,0,0,0,0
7,0,4,1,1,4,3,0,1,0,1,1,1,0,0,1,1,6,0,6,0
13,18,0,0,1,0,3,0,0,0,1,1,1,7,2,1,0,6,3,10,1
13,21,0,1,1,4,3,0,1,0,1,1,1,5,2,6,0,6,0,14,1
8,20,4,1,1,4,3,0,1,12,1,1,1,7,0,1,0,3,6,5,0
8,19,0,1,1,0,3,1,0,1,1,1,1,0,0,1,0,4,2,5,1
1,18,4,0,1,0,3,0,0,2,1,1,1,5,0,1,5,1,0,2,1
0,17,4,0,1,4,3,3,1,7,1,1,1,7,0,1,0,5,8,5,1
11,18,0,1,0,0,3,1,0,8,1,1,1,2,2,3,5,0,0,0,1
2,15,4,1,1,0,3,1,0,2,1,1,1,0,0,1,0,2,4,2,1
8,21,4,0,1,4,3,0,1,0,1,1,1,5,0,1,0,6,11,11,1
1,18,4,0,1,0,3,1,0,2,1,1,1,0,0,1,0,6,2,13,1
10,21,4,0,1,0,3,3,0,11,1,1,1,0,0,3,0,9,3,12,0
14,18,2,1,0,0,3,1,0,0,1,1,1,0,2,1,0,7,6,10,1
8,20,0,0,1,0,3,1,0,0,1,1,1,0,0,6,0,4,0,6,1
10,15,4,0,1,4,3,0,1,9,1,1,1,5,0,1,0,6,2,10,1
8,20,4,0,1,4,3,3,1,0,1,1,1,5,0,1,2,8,0,14,0
10,16,0,1,1,4,3,0,1,0,1,1,1,8,0,1,0,6,6,10,1
6,15,0,1,0,0,3,0,0,1,1,1,1,0,0,1,5,0,0,1,0
11,21,0,1,1,4,3,0,1,0,1,1,1,0,2,1,0,6,6,14,1
0,15,4,0,1,0,3,0,0,16,1,1,1,7,0,1,0,8,2,7,1
5,15,4,0,1,0,3,1,0,0,1,1,1,0,0,1,2,0,0,0,0
4,20,4,1,1,0,3,0,0,2,1,1,1,5,0,0,5,0,0,4,1
3,13,4,0,1,0,3,0,0,15,1,1,1,7,0,1,5,0,0,0,0
14,21,0,1,1,0,3,0,0,1,1,1,1,5,2,2,0,6,8,14,0
6,20,4,1,0,0,2,0,0,3,1,1,0,1,2,5,4,6,4,6,0
0,18,4,1,1,0,3,0,0,16,1,1,1,7,0,0,5,0,0,0,0
7,17,0,0,1,0,3,3,0,1,1,1,1,7,0,3,0,6,2,12,1
11,20,4,0,1,0,3,0,0,2,1,1,1,1,2,1,0,1,11,4,1
10,20,0,1,1,0,3,1,0,1,1,1,1,0,0,5,2,8,0,11,1
11,15,4,1,1,3,3,0,1,2,1,1,1,1,2,1,1,3,0,1,1
7,16,4,0,1,0,3,0,0,12,1,1,1,0,0,1,0,7,1,4,0
3,22,4,1,1,0,3,1,0,7,1,1,1,0,0,1,0,5,6,8,1
6,17,4,0,1,3,3,0,1,2,1,1,1,0,0,1,0,6,2,13,1
13,15,2,1,1,0,3,1,0,12,1,1,1,0,2,3,0,6,3,6,1
11,20,0,1,1,0,3,1,0,0,1,1,1,5,2,1,0,6,5,14,1
7,17,4,1,1,0,3,0,0,2,1,1,1,7,0,1,0,6,10,8,1
9,0,4,1,1,0,3,0,0,0,1,1,1,1,0,0,5,0,0,0,1
8,21,4,1,1,0,3,0,0,2,1,1,1,0,0,3,0,6,6,3,1
10,18,4,0,1,0,3,3,0,14,1,1,1,5,0,1,0,6,4,8,0
8,20,4,0,1,0,3,1,0,11,1,1,1,0,0,1,0,6,8,11,0
13,7,4,0,1,4,3,0,1,12,1,1,1,7,2,2,0,2,3,2,1
3,15,4,0,1,0,3,3,0,14,1,1,1,0,0,1,0,6,6,6,1
12,14,0,0,1,0,3,0,0,15,1,1,1,7,2,0,5,0,0,0,0
11,17,4,0,1,0,3,1,0,2,1,1,1,0,2,1,0,6,8,10,1
14,16,3,1,1,0,3,3,0,1,1,1,1,4,2,1,0,5,8,4,1
5,20,4,0,1,4,3,0,1,0,1,1,1,0,0,0,5,0,0,0,1
9,1,4,1,0,3,3,3,1,13,1,0,0,8,0,3,5,0,0,11,1
2,17,4,1,1,0,3,0,0,2,1,1,1,7,0,1,0,2,2,3,1
12,20,4,1,1,4,3,3,1,11,1,1,1,0,2,1,0,6,0,6,0
12,13,0,1,1,0,3,3,0,8,1,1,1,0,2,6,5,0,0,0,1
3,18,0,0,1,0,1,1,0,1,1,1,1,0,2,5,5,0,0,6,0
4,15,4,0,0,0,3,0,0,15,1,1,1,7,0,1,5,0,0,0,0
6,15,4,0,1,0,3,0,0,2,1,1,1,1,0,0,5,0,0,0,1
14,15,0,1,1,0,3,0,0,1,1,1,1,0,2,0,5,0,0,0,1
11,17,0,1,1,4,3,0,1,1,1,1,1,5,2,0,5,0,0,0,0
3,15,4,0,1,0,3,0,0,2,1,1,1,0,0,1,0,2,1,4,1
8,15,0,1,1,0,3,1,0,1,1,1,1,0,0,1,0,6,1,8,1
13,18,4,1,1,0,3,1,0,0,1,1,1,0,2,2,0,6,3,12,1
0,15,4,0,1,0,3,0,0,2,1,1,1,7,0,1,2,6,0,2,1
13,21,4,0,1,0,3,3,0,2,1,1,1,5,2,1,0,6,8,14,1
4,19,4,0,1,0,3,1,0,2,1,1,1,0,0,1,0,2,6,4,1
12,20,4,1,1,4,3,0,1,9,1,1,1,5,2,1,0,6,3,8,1
2,19,4,1,1,0,3,0,0,2,1,1,1,0,0,5,0,7,5,2,1
4,13,4,0,1,0,3,1,0,2,1,1,1,0,0,1,0,6,4,5,1
13,15,0,1,1,4,3,1,1,0,1,1,1,1,2,1,0,5,4,5,1
12,15,0,1,1,4,3,0,1,1,1,1,1,7,2,1,0,6,3,9,1
13,15,4,1,1,0,3,0,0,2,1,1,1,7,2,0,5,0,0,0,1
5,18,4,0,1,0,3,0,0,16,1,1,1,0,0,2,0,6,1,3,0
9,17,4,1,1,0,3,0,0,2,1,1,1,1,0,3,0,6,3,12,1
3,15,4,0,1,0,3,0,0,11,1,1,1,0,0,6,0,1,4,2,1
7,11,4,0,1,4,3,0,1,11,1,1,1,7,0,1,0,4,2,6,1
12,21,0,1,1,0,3,3,0,1,1,1,1,0,2,1,0,6,4,14,0
10,21,4,1,1,0,3,0,0,0,1,1,1,5,0,1,0,9,10,14,0
15,15,0,0,1,0,3,0,0,0,1,1,1,5,2,1,5,6,0,14,1
13,16,4,0,1,0,0,3,0,11,1,1,1,5,2,1,5,8,0,4,1
15,22,4,1,1,0,3,1,0,0,1,1,1,8,2,1,0,6,9,14,0
15,15,0,1,1,0,3,3,0,1,1,1,1,1,2,1,0,4,11,5,1
3,21,4,0,1,0,3,0,0,0,1,1,1,0,0,1,1,6,0,12,0
11,20,0,0,1,0,3,0,0,1,1,1,1,0,2,1,0,6,1,9,1
0,18,4,1,1,0,3,0,0,16,1,1,1,7,0,0,5,0,0,0,0
11,15,4,0,1,0,3,0,0,14,1,1,1,7,2,1,0,6,6,9,0
3,18,0,1,0,0,3,3,0,1,1,1,1,7,2,5,0,6,6,6,1
4,18,4,0,1,0,3,0,0,2,1,1,1,0,0,1,0,3,3,9,1
2,18,4,0,1,3,3,0,1,2,1,1,1,5,0,1,0,3,4,4,1
9,18,0,1,1,3,3,0,1,0,1,1,1,0,0,1,0,6,6,10,1
14,19,4,1,1,0,3,1,0,0,1,1,1,0,2,0,5,0,0,10,1
14,19,4,0,1,0,3,0,0,0,1,1,1,0,2,6,0,6,0,11,1
7,18,4,0,1,3,3,0,1,5,1,1,1,0,0,1,0,6,5,9,1
6,20,4,0,1,0,3,3,0,2,1,1,1,0,0,1,0,6,6,9,1
14,20,4,0,1,3,3,3,1,0,1,1,1,5,2,7,0,9,6,14,1
5,18,4,0,1,4,3,0,1,2,1,1,1,0,0,1,0,6,6,5,1
9,21,0,1,1,0,3,1,0,1,1,1,1,0,0,4,0,6,10,12,1
2,15,4,0,1,0,3,1,0,2,1,1,1,0,0,1,0,6,3,9,1
8,19,0,1,1,0,3,3,0,1,1,1,1,0,0,1,0,3,4,7,1
11,19,4,0,1,0,3,0,0,0,1,1,1,1,2,1,0,6,5,12,0
7,20,4,1,1,4,3,0,1,12,1,1,1,5,0,1,0,7,11,9,1
1,18,4,0,1,0,3,0,0,16,1,1,1,0,0,1,5,4,0,4,0
15,20,4,0,1,0,3,0,0,11,1,1,1,5,2,1,0,7,0,9,0
2,19,4,1,1,3,3,0,1,2,1,1,1,0,0,1,0,9,4,12,1
7,15,4,0,1,0,1,0,0,7,1,1,1,0,0,1,0,3,11,3,0
12,13,4,0,1,0,3,0,0,15,1,1,1,7,2,0,5,0,0,0,1
7,19,4,0,1,0,3,1,0,7,1,1,1,0,0,1,0,3,3,4,1
7,15,4,0,1,4,3,0,1,2,1,1,1,7,0,0,5,0,0,0,1
14,19,0,0,1,0,3,1,0,0,1,1,1,7,2,1,0,6,3,12,1
8,20,4,1,0,0,3,1,0,2,1,1,1,0,0,1,0,5,6,2,1
8,15,4,0,1,4,3,0,1,11,1,1,1,7,0,1,0,6,4,9,0
11,18,4,1,1,0,3,0,0,0,1,1,1,8,0,4,0,5,8,4,0
9,20,4,1,1,0,3,0,0,11,1,1,1,0,0,1,0,6,0,6,1
3,15,4,1,1,0,3,0,0,12,1,1,1,7,0,0,5,0,0,0,1
0,15,4,1,1,0,3,3,0,2,1,1,1,0,0,2,0,1,0,1,1
7,18,4,1,1,0,3,0,0,2,1,1,1,0,0,2,0,2,10,6,1
13,21,4,1,1,4,3,0,1,9,1,1,1,5,2,1,0,6,6,14,1
0,15,0,1,1,0,3,1,0,1,1,1,1,0,0,1,0,1,2,2,1
13,21,0,1,1,0,3,2,0,1,1,1,1,0,2,3,0,6,3,12,1
11,20,4,1,1,0,3,0,0,12,1,1,1,0,2,1,0,6,11,11,1
9,15,4,1,0,0,3,1,0,0,1,0,1,0,0,1,5,0,0,2,1
13,18,4,1,1,0,3,0,0,2,1,1,1,0,2,1,0,6,8,11,1
9,15,0,1,1,4,3,1,1,1,1,1,1,7,0,1,5,5,0,2,0
13,20,4,1,1,0,3,1,0,2,1,1,1,0,2,1,0,8,8,13,1
3,18,4,1,1,0,3,0,0,2,1,1,1,5,0,1,0,1,3,4,1
11,19,4,0,1,0,3,3,0,2,1,1,1,1,2,1,0,6,3,10,0
2,15,0,1,1,0,3,2,0,8,1,1,1,7,0,3,0,1,6,1,1
13,18,4,0,1,3,3,0,1,2,1,1,1,7,2,1,0,6,6,6,1
15,18,3,0,1,0,3,3,0,0,1,1,1,0,2,1,0,6,2,13,1
11,17,0,1,1,0,3,3,0,1,1,1,1,0,2,1,0,7,6,12,1
14,18,4,0,1,0,3,3,0,2,1,1,1,0,2,1,0,5,4,6,1
1,15,4,0,1,4,3,0,1,2,1,1,1,7,0,1,0,5,6,6,1
9,20,0,1,1,0,3,3,0,0,1,1,1,5,0,1,0,9,5,14,1
10,18,0,1,1,0,3,0,0,1,1,1,1,7,0,1,5,0,0,0,0
9,15,4,1,1,4,3,0,1,0,1,1,1,0,0,1,0,6,3,12,0
14,21,0,1,1,0,3,0,0,0,1,1,1,0,2,2,0,7,0,11,0
8,13,4,0,1,0,3,0,0,2,1,1,1,1,0,1,0,6,4,9,1
1,18,4,1,1,0,3,1,0,2,1,1,1,0,0,1,0,1,3,2,1
13,20,4,0,1,0,3,1,0,0,1,1,1,0,2,1,0,8,0,13,0
13,19,0,1,1,0,3,0,0,1,1,1,1,7,2,1,0,6,0,8,1
3,15,3,0,1,0,3,0,0,9,1,1,1,0,0,1,0,7,3,4,1
13,19,4,0,1,0,3,0,0,2,1,1,1,0,2,3,0,6,3,11,1
1,15,4,1,1,4,3,0,1,16,1,1,1,5,0,1,5,2,0,2,1
5,15,4,0,1,0,3,2,0,0,1,1,1,0,0,1,0,4,10,10,0
10,21,4,0,1,4,3,3,1,2,1,1,1,5,0,2,0,6,11,14,1
3,15,4,0,0,0,3,3,0,2,1,1,0,0,0,0,5,0,0,0,1
6,17,4,1,1,0,3,3,0,0,1,1,1,0,0,4,0,6,6,6,1
13,21,4,1,1,4,3,0,1,0,1,1,1,5,2,1,0,6,4,14,1
11,20,4,0,1,0,0,0,0,0,1,1,1,0,2,6,0,8,6,12,1
9,13,4,1,1,0,3,3,0,2,1,1,1,8,0,1,0,6,4,9,1
5,15,4,1,1,0,3,1,0,2,1,1,1,8,0,1,0,4,3,5,0
9,18,4,1,1,0,3,1,0,0,1,1,1,7,0,1,0,6,1,13,1
15,22,4,1,1,0,3,3,0,0,1,1,1,0,2,1,0,6,0,8,1
2,18,4,1,1,0,3,3,0,2,1,1,1,0,0,1,2,1,0,3,1
8,20,0,1,1,0,3,3,0,0,1,1,1,0,0,2,0,8,4,13,1
3,20,4,0,1,0,3,0,0,0,1,1,1,0,0,1,0,6,10,10,0
12,20,4,0,1,0,3,0,0,12,1,1,1,0,2,1,0,9,8,13,0
11,18,0,0,1,0,1,1,0,0,1,1,1,0,2,1,0,6,5,8,0
9,20,2,1,1,0,3,1,0,5,1,1,1,5,0,1,0,6,6,14,0
11,22,4,1,1,3,3,0,1,2,1,1,1,5,0,2,0,6,8,10,1
15,18,4,0,1,0,3,0,0,2,1,1,1,1,2,1,2,0,0,0,1
6,20,4,1,1,0,3,1,0,2,1,1,1,0,0,1,0,5,0,8,1
13,20,0,1,1,4,3,0,1,1,1,1,1,5,2,1,0,2,0,4,1
3,19,4,0,1,0,3,0,0,12,1,1,1,7,0,1,0,4,4,4,1
11,20,0,1,1,0,3,0,0,1,1,1,1,5,2,3,0,6,6,13,1
15,15,4,0,1,0,3,3,0,10,1,1,1,0,2,1,0,6,8,8,1
15,20,4,0,1,0,3,0,0,0,1,1,1,1,2,3,0,6,8,10,1
10,15,0,1,1,0,3,0,0,2,1,1,1,7,0,1,0,8,10,13,1
0,15,4,1,1,0,3,0,0,2,1,1,1,1,0,1,0,4,3,4,1
9,21,4,0,1,0,3,1,0,0,1,1,1,0,0,2,0,6,2,13,1
9,16,0,0,1,0,3,0,0,15,1,1,1,7,0,0,5,0,0,0,0
7,20,4,1,1,0,3,1,0,0,1,1,1,8,0,2,0,7,2,13,0
8,8,4,0,1,4,3,0,1,11,1,1,1,7,0,1,0,6,4,7,0
5,20,4,1,1,0,3,0,0,5,1,1,1,5,0,1,0,3,2,3,1
0,18,4,1,1,0,3,1,0,16,1,1,1,0,0,0,5,0,0,0,0
7,20,4,1,1,4,3,0,1,2,1,1,1,0,0,0,5,0,0,0,1
0,18,4,1,1,0,3,0,0,2,1,1,1,0,0,0,5,0,0,0,1
10,20,4,0,1,3,3,0,1,0,1,1,1,5,0,1,0,6,3,12,1
11,20,4,1,1,0,3,1,0,0,1,1,1,8,2,1,0,6,1,13,1
15,18,4,0,1,0,3,1,0,12,1,1,1,0,2,1,0,6,3,6,1
4,17,4,0,0,0,3,3,0,16,1,1,0,8,0,2,5,1,0,3,1
15,20,0,1,1,0,3,1,0,0,1,1,1,0,2,6,0,6,0,9,1
0,18,4,0,1,0,3,0,0,2,1,1,1,5,0,1,0,2,0,2,1
14,20,0,0,1,0,3,3,0,1,1,1,1,0,2,1,0,6,5,13,1
8,20,4,1,1,0,3,0,0,3,1,1,1,1,0,1,0,6,1,13,1
6,15,4,1,1,0,3,1,0,5,1,1,1,0,0,1,0,3,4,11,1
6,20,4,1,1,0,3,0,0,0,1,1,1,5,0,1,0,6,3,12,0
12,20,4,1,1,0,3,3,0,12,1,1,1,5,2,1,0,7,8,13,0
0,18,4,1,1,0,3,0,0,16,1,1,1,1,0,9,2,0,0,0,1
15,18,4,1,1,0,3,0,0,0,1,1,1,0,2,1,0,6,10,10,1
7,20,4,0,1,2,3,0,0,2,1,1,1,0,0,1,0,5,10,8,1
0,15,4,1,1,4,3,0,1,10,1,1,1,5,0,0,5,0,0,0,0
1,18,4,1,1,0,3,0,0,16,1,1,1,5,0,1,5,0,0,0,0
1,19,4,0,1,4,3,0,1,16,1,1,1,5,0,1,5,1,0,2,0
5,20,4,0,1,0,3,0,0,2,1,1,1,8,0,1,0,6,4,9,1
7,20,4,1,1,0,3,0,0,11,1,1,1,0,0,1,0,4,3,7,0
10,21,4,1,1,0,3,0,0,5,1,1,1,5,0,1,0,6,10,12,0
13,15,4,1,0,0,3,0,0,2,1,1,0,0,2,1,5,0,0,4,1
12,21,4,0,1,4,3,0,1,0,1,1,1,5,2,1,0,6,8,14,0
9,15,0,0,1,4,3,0,1,0,1,1,1,7,0,1,0,6,4,11,1
12,15,0,1,1,4,3,0,1,1,1,1,1,7,2,1,0,8,6,12,0
9,18,4,0,1,0,3,0,0,16,1,1,1,1,0,1,0,9,1,6,1
11,20,0,1,1,3,3,0,1,1,1,1,1,0,2,1,0,6,3,11,1
0,15,4,0,1,0,3,0,0,11,1,1,1,0,0,3,0,3,10,6,1
1,15,4,0,0,0,3,0,0,16,1,1,0,0,0,0,5,0,0,4,0
9,16,4,1,1,4,3,0,1,5,1,1,1,5,0,1,5,6,0,5,1
12,18,4,1,1,3,3,0,1,0,1,1,1,5,2,4,5,0,0,4,1
6,15,4,1,1,0,3,0,0,12,1,1,1,2,0,1,0,6,4,11,1
8,16,0,0,1,4,3,0,1,1,1,1,1,7,0,1,0,6,6,10,0
12,20,0,0,1,0,3,0,0,1,1,1,1,7,2,1,0,6,8,11,0
14,18,0,1,1,0,3,0,0,1,1,1,1,0,2,0,5,0,0,0,1
1,18,4,1,1,0,3,0,0,16,1,1,1,5,0,2,5,1,0,3,0
15,20,4,0,0,0,3,1,0,2,1,1,0,0,2,1,0,3,4,4,1
14,18,2,1,1,0,3,1,0,12,1,1,1,0,2,1,5,6,0,7,0
3,15,4,0,1,0,3,3,0,2,1,1,1,0,0,0,5,0,0,7,1
0,16,4,0,1,0,3,1,0,2,1,1,1,0,0,9,2,0,0,0,1
6,15,4,1,1,0,3,1,0,2,1,1,1,7,0,1,0,4,2,2,1
11,15,0,0,1,0,3,0,0,0,1,1,1,0,2,1,0,6,4,9,1
14,15,4,0,1,0,3,3,0,2,1,1,1,0,2,1,0,6,8,9,1
1,18,4,0,1,0,3,0,0,2,1,1,1,0,0,1,0,6,2,6,1
1,15,4,0,1,0,3,1,0,2,1,1,1,0,0,1,0,6,6,13,1
12,17,2,0,1,0,3,1,0,2,1,1,1,0,2,1,0,7,11,12,1
12,21,0,1,1,0,3,1,0,1,1,1,1,0,2,2,0,2,2,8,0
10,20,0,0,0,0,3,3,0,1,1,1,1,5,0,1,1,8,0,13,0
7,20,4,1,1,0,3,3,0,5,1,1,1,0,0,1,0,3,10,9,1
4,20,4,1,1,0,3,0,0,11,1,1,1,0,0,0,5,0,0,0,0
15,19,0,1,1,0,3,0,0,1,1,1,1,8,2,1,0,6,10,12,1
7,20,4,1,1,0,3,3,0,2,1,1,1,0,0,1,1,6,0,13,1
2,18,4,1,1,0,3,0,0,2,1,1,1,7,0,1,0,6,2,7,1
10,21,0,0,1,0,3,0,0,0,1,1,1,0,0,1,0,6,10,14,1
10,8,0,1,1,4,3,0,1,2,1,1,1,0,0,0,5,0,0,0,1
15,15,4,0,1,0,3,0,0,0,1,1,1,0,2,1,0,6,2,6,1
8,20,0,1,1,0,3,1,0,11,1,1,1,0,0,3,0,2,6,5,0
12,0,2,1,1,0,3,1,0,2,1,1,1,0,2,1,0,6,4,8,1
10,19,4,0,1,0,3,0,0,2,1,1,1,0,0,1,0,8,5,9,1
1,18,4,1,1,0,3,0,0,2,1,1,1,0,0,0,5,0,0,0,1
11,21,4,1,1,0,3,1,0,0,1,1,1,0,2,1,0,9,6,13,0
8,17,0,0,1,4,3,0,1,0,1,1,1,5,0,1,0,6,6,6,1
14,0,4,1,0,4,3,0,1,0,1,0,1,5,2,0,5,0,0,12,1
13,21,0,0,1,3,3,0,1,0,1,1,1,5,2,9,2,6,0,14,1
0,18,4,1,1,0,3,0,0,16,1,1,1,7,0,0,5,0,0,0,0
8,18,4,0,1,0,3,0,0,0,1,1,1,7,0,1,0,6,8,10,0
7,20,4,1,1,0,3,0,0,2,1,1,1,1,0,6,0,1,8,7,1
14,20,0,1,1,0,3,3,0,1,1,1,1,7,2,1,5,0,0,0,0
9,21,4,1,1,3,3,0,1,0,1,1,1,5,0,1,5,6,0,8,1
5,15,4,1,1,0,3,0,0,0,1,1,1,1,0,1,0,5,1,5,0
0,15,4,0,0,0,1,1,0,0,0,0,1,5,0,0,5,0,0,5,0
7,20,4,0,1,0,3,1,0,2,1,1,1,0,0,3,0,6,8,6,1
6,18,4,0,1,0,3,0,0,11,1,1,1,5,0,1,0,6,10,10,1
7,17,4,1,1,0,3,1,0,0,1,1,1,0,0,1,0,6,2,8,1
2,15,4,0,1,3,3,1,0,16,1,1,1,0,0,3,0,8,2,11,1
9,19,4,1,1,0,3,0,0,0,1,1,1,0,0,2,0,9,2,8,1
4,18,4,0,1,0,3,0,0,16,1,1,1,0,0,1,0,8,5,6,1
14,18,0,0,1,0,3,1,0,0,1,1,1,0,2,1,0,9,1,14,0
7,15,4,0,1,0,3,0,0,2,1,1,1,0,0,1,0,6,3,11,1
12,15,2,1,0,0,3,3,0,0,1,1,1,0,2,1,0,6,6,8,1
1,18,4,1,1,0,3,1,0,2,1,1,1,0,0,1,1,2,0,1,1
0,15,4,0,1,0,3,3,0,16,1,1,1,0,0,2,5,6,0,2,1
11,15,4,1,1,0,3,3,0,12,1,1,1,0,2,0,5,0,0,8,1
1,19,4,1,1,0,3,1,0,2,1,1,1,0,0,1,0,1,2,2,1
1,18,4,0,1,0,3,3,0,14,1,1,1,5,0,0,5,0,0,12,1
15,23,0,1,1,0,3,3,0,1,1,1,1,5,2,1,0,6,7,13,1
7,20,0,1,1,0,3,1,0,1,1,1,1,0,0,1,0,4,4,2,1
5,15,4,0,1,0,3,0,0,2,1,1,1,7,0,1,0,5,10,5,1
14,21,0,1,1,4,3,0,1,1,1,1,1,5,2,0,5,0,0,0,1
6,20,4,1,1,0,3,0,0,12,1,1,1,0,0,1,2,8,0,9,0
10,15,4,1,1,0,3,3,0,2,1,1,1,7,0,1,0,4,6,3,1
13,15,4,0,1,0,3,3,0,12,1,1,1,1,2,1,0,9,6,10,1
7,14,0,0,1,4,3,0,1,5,1,1,1,7,0,1,0,6,3,8,1
15,18,0,1,1,0,3,0,0,0,1,1,1,0,2,1,0,6,8,8,1
1,18,4,0,1,0,3,0,0,16,1,1,1,7,0,1,0,2,1,4,1
2,18,4,1,1,0,3,1,0,2,1,1,1,8,0,1,0,2,3,5,1
3,20,4,1,1,0,3,1,0,12,1,1,1,0,0,1,1,6,0,9,1
1,19,4,1,0,0,3,1,0,6,0,1,0,5,0,2,0,6,2,6,1
9,18,0,0,1,3,3,0,1,2,1,1,1,0,0,1,0,7,6,5,1
10,20,4,1,1,0,3,1,0,10,1,1,1,0,0,1,5,6,0,3,1
1,18,4,0,1,0,3,0,0,0,1,1,1,0,0,5,0,6,4,13,0
14,20,0,1,1,0,3,1,0,1,1,1,1,0,2,5,0,6,4,10,1
12,14,0,1,1,4,3,0,1,0,1,1,1,0,2,1,0,8,2,6,1
2,18,4,1,1,0,3,1,0,4,1,1,1,0,0,0,5,0,0,0,1
2,18,4,1,1,3,3,0,1,2,1,1,1,0,0,3,0,1,8,1,1
0,15,4,1,1,0,3,0,0,2,1,1,1,7,0,0,5,0,0,0,1
12,9,4,0,1,0,3,1,0,12,1,1,1,1,2,2,0,4,8,4,1
12,15,4,0,1,0,3,0,0,2,1,1,1,1,2,1,0,3,6,6,1
0,17,4,0,1,0,3,1,0,16,1,1,1,0,0,1,5,6,0,2,1
3,15,4,0,1,0,0,1,0,16,1,1,1,0,0,5,3,9,1,6,1
10,15,4,1,1,0,3,3,0,2,1,1,1,7,0,1,0,8,2,8,1
12,15,4,0,1,0,3,0,0,0,1,1,1,0,2,0,5,0,0,0,1
5,12,4,0,0,0,3,0,0,7,1,1,0,0,0,1,5,0,0,1,1
15,21,0,0,1,0,3,0,0,1,1,1,1,0,2,3,0,6,5,12,0
9,20,0,0,1,4,3,0,1,1,1,1,1,0,0,1,0,7,10,11,0
13,20,0,0,1,0,3,1,0,0,1,1,1,0,2,1,1,6,0,6,1
14,19,0,0,1,3,3,0,1,8,1,1,1,5,2,1,0,6,5,8,1
7,20,4,1,1,0,3,0,0,11,1,1,1,0,0,1,5,4,0,2,0
6,15,4,0,1,2,3,1,0,7,1,1,1,2,0,1,0,5,3,6,1
6,9,0,0,1,0,3,1,0,2,1,1,1,5,0,2,0,4,2,4,0
13,15,2,0,1,0,3,1,0,0,1,1,1,0,2,9,2,0,0,0,1
11,8,0,1,1,4,3,0,1,11,1,1,1,0,2,0,5,0,0,0,0
3,17,4,1,1,0,3,1,0,0,1,1,1,8,0,1,0,6,3,10,1
9,20,0,1,1,0,3,0,0,0,1,1,1,0,0,3,0,6,3,12,1
4,19,4,1,1,0,3,0,0,0,1,1,1,0,0,1,0,6,2,7,0
7,18,0,1,1,0,3,0,0,0,1,1,1,5,0,0,5,0,0,0,1
15,20,0,0,1,4,3,3,1,0,1,1,1,5,2,6,0,8,6,14,0
11,20,0,1,1,0,3,1,0,1,1,1,1,1,2,1,5,1,0,2,1
2,17,4,1,1,0,3,0,0,2,1,1,1,7,0,1,0,2,6,3,1
8,15,4,0,1,0,3,0,0,2,1,1,1,5,0,1,2,0,0,0,1
0,16,4,0,1,0,3,0,0,15,1,1,1,0,0,1,5,1,0,1,0
3,17,4,0,1,0,3,0,0,2,1,1,1,0,0,1,0,2,4,4,1
11,20,4,1,1,0,3,1,0,0,1,1,1,0,2,1,0,8,4,14,1
5,22,0,1,1,0,3,0,0,1,1,1,1,0,0,1,0,6,3,11,1
13,17,0,0,1,0,3,0,0,1,1,1,1,0,2,1,0,6,1,2,0
3,18,4,1,1,0,3,1,0,2,1,1,1,0,0,9,2,0,0,0,1
2,15,0,0,1,0,3,0,0,9,1,1,1,7,0,0,5,0,0,0,1
1,15,0,1,1,0,3,1,0,0,1,1,1,8,0,0,5,0,0,0,1
7,21,4,1,1,3,3,0,1,5,1,1,1,5,0,1,0,2,6,4,0
11,17,4,0,1,0,3,0,0,5,1,1,1,0,2,1,0,8,3,9,1
14,18,2,1,1,0,3,0,0,12,1,1,1,0,2,1,0,6,8,6,1
13,11,3,0,1,0,3,3,0,15,1,1,1,0,2,0,5,0,0,0,1
7,18,4,1,1,0,3,1,0,0,1,1,1,0,0,1,0,6,4,11,1
15,19,4,1,1,3,3,0,1,0,1,1,1,0,2,1,0,6,3,10,1
14,15,0,0,1,0,3,3,0,0,1,1,1,0,2,1,0,6,11,4,0
8,15,4,0,1,0,3,1,0,2,1,1,1,0,0,1,0,6,1,4,1
7,18,4,0,1,0,3,0,0,10,1,1,1,8,0,1,0,6,7,10,1
0,18,4,1,1,0,3,0,0,16,1,1,1,5,0,3,0,1,2,2,0
1,18,0,0,1,0,3,0,0,8,1,1,1,0,0,0,5,0,0,0,1
3,13,4,0,1,0,3,0,0,2,1,1,1,0,0,0,5,0,0,0,1
11,15,4,1,1,0,3,0,0,0,1,1,1,0,2,1,0,4,1,4,1
14,20,4,1,0,0,3,1,0,0,1,1,0,0,2,2,5,0,0,0,0
9,15,4,0,1,2,3,0,0,2,1,1,1,8,0,1,0,6,3,8,1
3,15,0,0,1,0,3,3,0,8,1,1,1,0,0,9,2,3,0,1,1
4,17,4,1,1,0,3,0,0,4,1,1,1,7,0,1,1,4,0,1,1
13,18,4,0,1,0,3,3,0,2,1,1,1,0,2,1,0,1,2,5,1
4,10,0,1,1,4,3,0,1,0,1,1,1,0,0,1,0,1,3,1,1
14,19,0,1,1,0,3,0,0,1,1,1,1,0,2,1,0,3,6,2,1
3,17,4,1,1,0,3,0,0,2,1,1,1,0,0,1,1,3,0,4,1
11,20,0,1,1,0,3,1,0,0,1,1,1,7,2,1,5,3,0,0,1
2,22,4,0,1,0,3,3,0,11,1,1,1,0,0,1,0,9,8,14,1
0,17,4,1,1,0,3,0,0,11,1,1,1,7,0,1,0,4,1,5,1
5,12,0,0,1,0,3,0,0,1,1,1,1,7,0,1,2,0,0,0,0
2,15,4,0,1,0,3,0,0,2,1,1,1,7,0,6,0,6,10,5,1
12,21,4,1,1,0,3,0,0,0,1,1,1,0,2,1,1,6,0,12,1
7,20,4,1,1,0,3,0,0,11,1,1,1,0,0,2,0,6,8,7,0
3,18,4,0,1,0,3,1,0,2,1,1,1,0,0,1,0,3,4,3,0
8,18,4,0,1,4,3,1,1,0,1,1,1,0,0,1,0,6,3,6,1
14,19,0,1,1,3,3,3,1,0,1,1,1,5,2,1,0,6,11,6,1
0,17,4,1,1,0,3,0,0,16,1,1,1,0,0,0,5,0,0,0,0
13,20,0,0,1,4,3,0,1,0,1,1,1,5,2,1,0,6,6,14,1
0,15,4,0,1,0,3,0,0,2,1,1,1,7,0,1,0,2,1,1,1
2,18,4,1,1,0,3,0,0,2,1,1,1,8,0,1,0,3,2,5,1
4,17,4,0,1,0,3,1,0,2,1,1,1,0,0,1,0,6,3,11,1
1,17,4,0,1,4,3,3,1,11,1,1,1,8,0,1,0,2,3,5,0
14,8,4,0,1,4,3,0,1,16,1,1,1,1,2,1,0,6,4,7,1
2,15,2,1,0,0,1,3,0,14,1,1,1,0,2,0,5,0,0,7,0
7,20,4,0,1,0,3,3,0,5,1,1,1,5,0,1,0,8,6,8,1
1,15,4,1,1,0,3,3,0,2,1,1,1,7,0,3,0,3,8,6,1
15,20,0,0,1,3,3,0,1,1,1,1,1,5,2,1,0,6,8,14,1
2,18,4,0,1,0,3,1,0,16,1,1,1,5,0,1,5,1,0,2,1
15,14,0,0,1,0,3,3,0,15,1,1,1,7,2,0,5,0,0,0,1
15,15,0,0,1,0,3,1,0,0,1,1,1,0,2,1,0,6,10,10,0
9,18,0,1,1,0,3,0,0,1,1,1,1,0,0,0,5,0,0,0,1
4,12,2,0,1,0,3,0,0,7,1,1,1,2,0,1,2,0,0,9,1
7,18,4,1,1,0,3,0,0,2,1,1,1,7,0,0,5,0,0,0,1
5,13,4,0,0,0,3,0,0,15,1,1,0,1,0,1,5,0,0,0,0
13,18,4,0,1,0,3,0,0,2,1,1,1,5,2,1,0,2,4,2,1
13,0,4,0,1,4,3,0,1,2,1,1,1,7,2,1,0,6,4,7,1
14,21,4,0,1,4,3,0,1,0,1,1,1,5,2,1,0,7,2,13,0
14,21,0,0,1,4,3,0,1,0,1,1,1,0,2,1,0,8,5,14,0
13,15,4,1,1,3,3,0,1,2,1,1,1,1,2,1,0,6,6,3,1
2,15,4,1,1,0,3,0,0,3,1,1,1,8,0,1,0,2,1,6,1
13,20,4,1,1,3,3,0,0,11,1,1,1,0,2,7,0,6,2,14,1
3,15,4,0,1,3,3,0,1,2,1,1,1,0,0,1,0,8,4,7,1
11,20,4,1,1,3,3,0,1,0,1,1,1,5,2,1,0,6,6,9,1
8,20,0,1,1,0,3,1,0,1,1,1,1,0,0,1,1,3,0,2,1
4,16,4,0,1,0,0,3,0,16,1,1,1,4,0,5,3,9,1,4,1
9,21,0,0,1,0,3,0,0,1,1,1,1,0,0,1,1,8,0,10,1
12,21,0,0,1,4,3,0,1,0,1,1,1,5,2,1,0,6,3,14,0
11,21,0,0,1,0,3,0,0,1,1,1,1,0,2,1,0,9,2,14,0
13,20,0,1,1,0,3,0,0,1,1,1,1,0,2,2,0,6,6,12,1
14,14,4,0,1,4,3,0,1,2,1,1,1,7,2,1,0,6,2,7,1
4,20,4,0,1,0,1,1,0,16,1,1,1,0,0,1,0,6,3,8,0
7,15,4,0,1,0,3,0,0,5,1,1,1,0,0,1,0,6,2,10,1
8,20,4,1,1,0,3,0,0,11,1,1,1,1,0,1,0,6,6,13,1
11,18,0,0,1,3,3,3,1,1,1,1,1,7,1,2,0,8,3,12,1
10,16,0,1,1,0,3,0,0,5,1,1,1,0,0,1,0,9,4,13,1
4,20,4,1,1,0,3,0,0,11,1,1,1,0,0,1,2,4,0,3,0
11,20,2,1,1,0,3,3,0,2,1,1,1,0,2,1,0,6,6,11,1
4,15,4,0,1,0,1,0,0,16,1,1,1,0,0,1,0,8,4,8,0
1,18,4,0,1,0,3,3,0,2,1,1,1,7,0,4,0,1,10,4,1
2,18,4,0,1,0,3,0,0,2,1,1,1,5,0,1,0,3,9,2,1
0,17,4,1,1,0,3,3,0,2,1,1,1,0,0,0,5,0,0,0,1
14,20,0,1,1,0,3,1,0,1,1,1,1,0,2,1,5,0,0,0,0
5,19,4,0,1,3,3,0,1,2,1,1,1,7,0,1,0,6,8,7,1
6,15,4,0,1,4,3,3,1,14,1,1,1,5,0,1,5,0,0,0,0
10,20,4,1,1,0,3,0,0,0,1,1,1,0,0,2,0,6,10,10,0
7,19,0,1,1,0,3,1,0,0,1,1,1,0,0,1,0,6,4,12,0
6,18,4,1,1,0,3,3,0,14,1,1,1,0,0,1,0,4,3,9,0
5,20,4,1,1,0,3,1,0,16,1,1,1,0,0,6,5,2,0,2,0
15,18,4,0,1,0,3,1,0,0,1,1,1,0,2,1,0,9,6,14,1
1,18,4,1,1,0,3,0,0,11,1,1,1,0,0,0,5,0,0,0,0
8,18,4,0,1,0,3,0,0,12,1,1,1,0,0,1,0,5,0,6,1
4,15,4,1,1,0,3,0,0,9,1,1,1,0,0,0,5,0,0,0,1
12,17,0,0,1,0,3,3,0,1,1,1,1,0,2,1,1,6,0,11,1
7,19,0,1,1,0,3,0,0,0,1,1,1,0,0,0,5,0,0,0,0
5,15,4,0,0,0,3,3,0,2,1,1,0,5,0,1,5,0,0,3,1
15,22,0,1,1,0,3,0,0,0,1,1,1,0,2,2,0,9,6,14,1
12,13,0,0,1,0,3,1,0,0,1,1,1,8,2,6,5,0,0,0,0
14,20,4,0,1,0,3,3,0,11,1,1,1,5,2,1,0,4,2,13,0
3,18,0,0,1,0,3,3,0,8,1,1,1,0,0,1,0,6,6,5,1
15,13,4,0,0,0,3,0,0,15,1,1,0,1,2,0,5,0,0,4,0
7,19,4,1,1,0,3,0,0,12,1,1,1,0,0,1,0,6,6,8,1
12,15,4,0,1,0,3,3,0,0,1,1,1,0,2,4,0,6,2,11,1
6,20,0,0,1,0,0,0,0,0,1,1,1,0,0,5,0,9,6,12,0
2,15,4,1,0,0,3,0,0,2,1,1,1,0,0,0,5,0,0,5,1
10,15,0,0,1,0,3,0,0,8,1,1,1,7,0,1,1,2,0,4,1
12,15,4,1,1,4,3,0,1,0,1,1,1,0,2,2,0,6,1,10,1
0,15,4,1,0,0,3,1,0,6,1,1,0,8,0,3,0,4,2,3,0
5,19,4,0,1,0,3,0,0,2,1,1,1,5,0,1,0,1,2,2,1
8,15,4,0,1,0,3,1,0,5,1,1,1,7,0,1,0,8,2,8,0
4,17,4,0,0,0,3,1,0,16,1,1,0,8,0,6,5,1,0,1,1
4,15,0,0,0,0,3,1,0,2,1,1,1,0,0,1,0,9,4,10,1
5,15,4,0,1,0,3,3,0,2,1,1,1,0,0,1,0,6,2,11,1
8,18,0,0,1,0,3,0,0,1,1,1,1,7,0,7,0,6,11,8,1
14,19,0,1,1,0,3,1,0,8,1,1,1,0,2,1,1,2,0,5,1
7,20,4,0,1,0,3,0,0,11,1,1,1,0,0,1,5,4,0,4,1
3,18,4,0,1,4,3,0,1,12,1,1,1,0,0,1,0,6,2,5,0
1,18,4,1,1,0,3,1,0,2,1,1,1,0,0,0,5,0,0,0,1
14,20,4,0,1,4,3,0,1,0,1,1,1,5,2,5,0,6,9,11,1
8,15,4,0,1,0,1,0,0,2,1,1,1,0,0,1,0,6,8,7,1
4,21,4,0,1,0,3,1,0,0,1,1,1,0,0,1,0,6,6,8,0
1,18,4,0,1,0,3,1,0,2,1,1,1,0,0,1,2,0,0,0,1
13,15,0,1,1,4,3,0,1,1,1,1,1,7,2,0,5,0,0,0,1
13,20,4,0,1,0,3,0,0,5,1,1,1,0,2,1,0,9,2,12,1
10,21,0,1,1,4,3,0,1,0,1,1,1,5,0,0,5,0,0,0,1
8,15,4,0,1,4,3,3,1,2,1,1,1,0,0,1,0,6,6,11,1
6,13,4,1,1,0,3,1,0,7,1,1,1,0,0,1,5,0,0,4,1
6,20,0,0,1,3,2,0,1,1,1,1,1,7,2,5,4,6,4,6,0
13,15,0,1,1,4,3,0,1,1,1,1,1,0,2,1,0,6,2,6,1
6,17,0,0,1,0,3,0,0,2,1,1,1,0,0,1,0,6,5,7,1
13,15,4,1,1,0,3,0,0,2,1,1,1,7,2,1,0,6,8,6,1
3,19,4,1,1,0,3,3,0,11,1,1,1,5,0,2,0,8,2,11,1
14,20,0,1,1,0,3,0,0,0,1,1,1,0,2,1,0,6,2,12,1
11,15,4,1,1,0,3,3,0,2,1,1,1,0,2,0,5,0,0,0,1
5,12,4,0,1,4,3,0,1,9,1,1,1,7,0,0,5,0,0,0,1
6,14,4,0,1,0,3,0,0,16,1,1,1,0,0,1,0,1,1,5,1
0,13,4,0,1,0,3,0,0,2,1,1,1,0,0,1,2,6,0,4,1
14,18,4,1,1,0,3,1,0,0,1,1,1,0,2,1,0,2,4,4,0
5,22,0,1,0,0,3,1,0,1,1,1,1,0,0,1,0,5,6,10,0
15,15,0,1,1,0,3,0,0,0,1,1,1,0,2,0,5,0,0,0,1
14,12,2,0,1,0,3,0,0,12,1,1,1,7,2,1,0,6,11,9,1
9,15,4,0,1,0,3,0,0,15,1,1,1,7,0,0,5,0,0,0,1
11,22,0,0,1,0,3,0,0,1,1,1,1,0,2,1,0,7,0,14,0
0,15,4,0,1,0,3,0,0,2,1,1,1,0,0,1,0,2,1,2,1
4,20,4,1,1,0,3,0,0,2,1,1,1,0,0,2,2,3,0,3,1
15,15,0,1,1,0,3,1,0,1,1,1,1,0,2,1,0,6,10,9,1
12,11,0,0,1,4,3,0,1,1,1,1,1,7,2,1,0,9,3,12,1
10,15,4,1,1,0,3,0,0,2,1,1,1,7,0,3,0,8,2,10,1
0,15,4,1,1,0,3,0,0,16,1,1,1,1,0,9,2,0,0,0,1
6,18,4,0,1,0,3,0,0,0,1,1,1,0,0,1,0,6,6,11,0
12,20,0,1,1,3,3,0,1,1,1,1,1,0,2,0,5,0,0,4,1
12,14,4,1,1,4,3,0,1,12,1,1,1,7,2,1,0,6,11,3,1
3,20,4,1,1,0,3,3,0,2,1,1,1,1,0,4,0,2,1,2,1
4,20,4,1,1,0,3,0,0,14,1,1,1,0,0,1,0,6,10,13,1
11,19,0,1,1,0,3,0,0,0,1,1,1,0,2,1,0,6,11,11,1
4,18,4,1,1,0,3,0,0,2,1,1,1,0,0,1,0,2,5,6,0
15,20,4,1,0,3,3,3,1,2,1,1,0,1,2,1,4,6,0,6,0
9,15,4,1,1,4,3,0,1,0,1,1,1,1,0,1,0,6,6,7,1
15,15,0,1,1,0,3,0,0,0,1,1,1,0,2,1,0,6,1,8,1
11,15,4,1,1,2,3,1,0,3,1,1,1,0,2,1,0,4,7,5,1
4,20,4,1,1,4,3,0,1,2,1,1,1,5,0,1,0,6,5,6,1
7,20,0,1,1,0,3,1,0,8,1,1,1,0,0,1,0,6,0,9,1
15,13,4,1,1,0,3,0,0,10,1,1,1,1,2,1,0,9,4,4,1
10,20,4,1,1,0,3,1,0,5,1,1,1,5,0,1,0,6,3,13,0
12,19,0,1,1,0,3,0,0,8,1,1,1,0,2,4,5,2,0,3,1
6,20,4,0,1,0,3,0,0,11,1,1,1,0,0,4,0,5,2,12,1
2,18,4,0,0,0,3,0,0,2,1,1,1,5,0,1,0,1,6,4,1
15,20,4,0,1,0,3,1,0,0,1,1,1,8,2,4,0,6,10,12,1
3,20,4,1,1,0,3,1,0,2,1,1,1,0,0,1,0,3,8,5,1
13,17,4,1,1,0,3,1,0,2,1,1,1,0,2,1,0,6,4,9,1
3,20,4,1,1,0,3,1,0,11,1,1,1,0,0,1,5,0,0,0,0
12,21,4,0,1,4,3,0,1,14,1,1,1,0,2,1,0,8,4,9,1
15,19,4,1,1,0,3,1,0,2,1,1,1,1,2,1,0,5,11,9,1
7,19,0,0,1,0,3,1,0,0,1,1,1,0,0,1,1,6,0,10,0
8,18,4,1,1,0,3,3,0,11,1,1,1,7,0,1,0,6,3,5,1
0,15,4,1,1,0,3,3,0,2,1,1,1,5,0,0,5,0,0,2,1
2,14,0,1,1,4,3,0,1,2,1,1,1,0,0,0,5,0,0,0,1
4,20,4,1,1,0,3,1,0,2,1,1,1,8,0,1,5,6,0,3,1
7,15,4,0,0,0,3,3,0,2,1,1,0,0,0,0,5,0,0,0,1
3,18,4,0,1,0,3,3,0,2,1,1,1,0,0,0,5,0,0,5,1
5,15,4,1,1,0,3,0,0,10,1,1,1,0,0,1,0,6,1,8,1
3,18,4,1,1,3,3,0,1,16,1,1,1,5,0,9,5,0,0,0,1
11,20,4,0,1,0,3,0,0,2,1,1,1,5,2,1,0,3,1,8,1
3,19,4,1,1,0,3,0,0,12,1,1,1,0,0,0,5,0,0,0,1
14,15,4,1,1,0,3,0,0,12,1,1,1,7,2,1,0,6,6,9,0
5,15,4,0,1,3,3,0,1,15,1,1,1,5,0,1,5,0,0,0,0
1,15,4,1,1,0,3,0,0,7,1,1,1,0,0,1,5,5,0,3,1
2,18,4,1,1,0,3,0,0,2,1,1,1,8,0,1,0,2,4,5,1
7,0,4,1,1,0,3,0,0,2,1,1,1,0,0,1,1,6,0,6,1
8,15,4,1,1,0,3,0,0,2,1,1,1,7,0,3,1,2,0,2,1
11,20,4,1,1,0,3,0,0,2,1,1,1,5,2,3,2,0,0,0,1
3,20,4,1,1,0,3,3,0,0,1,1,1,0,0,1,0,3,6,4,0
9,21,4,0,1,0,3,0,0,0,1,1,1,0,0,3,0,8,6,12,1
15,20,0,1,1,0,3,1,0,1,1,1,1,0,2,1,0,6,4,13,1
15,9,4,0,1,0,3,1,0,12,1,1,1,7,2,2,0,8,8,6,1
11,15,0,1,1,0,3,0,0,1,1,1,1,0,2,1,0,4,2,4,0
0,18,4,1,1,0,3,1,0,2,1,1,1,0,0,1,5,2,0,4,1
6,18,4,1,1,0,3,0,0,2,1,1,1,7,0,1,0,5,5,9,1
2,17,4,0,1,0,3,0,0,11,1,1,1,0,0,1,0,7,6,12,1
7,20,4,1,1,0,3,0,0,2,1,1,1,0,0,1,0,6,8,11,1
0,17,4,1,1,0,3,1,0,7,1,1,1,0,0,1,0,4,1,6,1
7,20,4,1,1,0,3,1,0,0,1,1,1,8,0,5,2,6,0,6,1
8,15,4,0,1,0,3,0,0,2,1,1,1,0,0,0,5,0,0,0,1
0,15,4,0,1,0,3,3,0,2,1,1,1,1,0,0,5,0,0,0,1
4,20,4,1,1,0,3,0,0,2,1,1,1,7,0,1,2,2,0,4,1
7,19,0,1,1,0,3,1,0,0,1,1,1,0,0,1,0,6,2,10,1
13,14,0,0,0,0,3,0,0,15,1,1,0,7,2,0,5,0,0,0,0
8,15,0,0,1,4,3,0,1,3,1,1,1,0,0,1,0,4,2,5,1
13,16,4,0,1,4,3,0,1,5,1,1,1,0,2,1,0,6,4,10,0
5,17,4,0,1,0,3,0,0,12,1,1,1,7,0,1,0,6,8,11,1
14,8,0,0,1,0,2,0,0,2,1,1,1,1,2,1,0,6,4,7,1
10,20,0,1,1,0,3,1,0,0,1,1,1,0,0,1,0,7,10,9,1
10,20,0,0,1,4,3,3,1,1,1,1,1,0,0,1,2,6,0,10,0
12,21,4,0,1,3,3,0,1,5,1,1,1,0,2,1,0,8,4,14,1
0,15,4,0,1,0,3,0,0,16,1,1,1,7,0,1,5,6,0,3,1
15,15,0,1,1,0,3,0,0,0,1,1,1,0,2,1,0,6,8,10,1
9,20,0,0,1,0,3,1,0,1,1,1,1,0,0,4,0,9,2,11,1
15,15,0,1,1,4,3,0,1,1,1,1,1,0,2,0,5,0,0,0,1
14,12,0,0,1,4,3,0,1,1,1,1,1,0,2,1,2,0,0,0,0
13,18,4,1,1,0,3,0,0,2,1,1,1,0,2,1,0,4,1,7,1
14,18,0,0,1,0,3,0,0,1,1,1,1,7,2,6,5,0,0,0,1
0,17,4,1,1,0,3,0,0,16,1,1,1,1,0,0,5,0,0,0,0
8,19,4,1,1,0,3,1,0,12,1,1,1,8,0,1,5,6,0,3,1
12,18,4,0,1,4,3,0,1,2,1,1,1,8,2,1,0,9,0,6,1
15,19,4,1,1,0,3,3,0,11,1,1,1,0,2,1,0,6,6,6,0
14,20,0,1,1,0,3,0,0,0,1,1,1,0,2,1,0,6,5,14,1
11,20,0,1,1,0,3,0,0,8,1,1,1,0,2,1,1,8,0,11,1
3,18,4,0,0,0,3,1,1,9,1,0,1,8,0,4,0,1,4,2,1
12,19,4,1,1,0,3,3,0,2,1,1,1,0,2,1,5,0,0,0,1
7,20,4,1,1,0,3,0,0,11,1,1,1,5,0,0,5,0,0,0,1
9,18,4,1,1,0,3,0,1,9,1,1,1,1,0,6,0,3,4,7,0
11,21,4,1,1,0,3,3,0,2,1,1,1,0,2,2,0,6,3,12,1
0,15,4,0,1,0,3,3,0,16,1,1,1,0,0,1,5,1,0,2,0
5,20,4,0,1,3,3,0,1,2,1,1,1,5,0,1,0,6,8,8,1
10,0,4,1,1,3,3,0,1,5,1,1,1,0,0,1,0,6,3,9,1
12,17,4,0,1,0,3,0,0,2,1,1,1,7,2,1,0,6,2,13,1
11,18,0,1,1,0,3,0,0,0,1,1,1,8,2,1,5,6,0,7,0
5,18,4,1,1,0,3,3,0,2,1,1,1,1,0,1,0,4,10,6,1
1,15,4,1,1,0,3,0,0,7,1,1,1,7,0,1,0,3,2,4,0
5,14,4,0,1,0,3,2,0,5,1,1,1,0,0,1,0,6,3,4,1
14,23,0,1,1,3,3,0,1,0,1,1,1,5,2,1,0,8,8,14,0
9,15,0,0,1,0,3,0,0,8,1,1,1,0,0,1,5,6,0,3,1
2,15,4,1,1,0,3,1,0,2,1,1,1,0,0,1,0,2,8,4,1
9,20,4,1,1,0,3,0,0,12,1,1,1,0,0,1,0,9,6,11,1
8,20,4,0,1,0,3,0,0,2,1,1,1,5,0,1,0,6,6,13,1
0,18,4,0,1,0,3,1,0,2,1,1,1,0,0,1,0,4,2,2,1
8,15,4,1,1,0,3,0,0,2,1,1,1,7,0,1,0,2,11,3,1
10,14,4,0,1,3,3,0,1,2,1,1,1,5,0,1,0,6,7,12,1
9,20,4,0,1,0,3,1,0,0,1,1,1,0,0,1,0,7,11,14,1
2,16,4,0,1,0,3,0,0,15,1,1,1,4,0,1,5,5,0,3,0
2,19,4,1,1,3,3,0,1,2,1,1,1,5,0,0,5,0,0,0,1
13,23,0,1,1,0,3,0,0,13,1,1,1,5,2,2,0,5,4,11,1
6,18,0,0,1,0,3,1,0,2,1,1,1,0,0,1,5,0,0,0,1
2,15,4,0,0,4,3,0,1,16,1,1,1,5,0,1,0,7,4,5,0
11,18,4,0,1,0,3,0,0,2,1,1,1,1,2,1,0,3,6,6,1
8,18,4,0,1,0,3,1,0,0,1,1,1,0,0,7,1,6,0,9,1
5,18,4,1,1,0,3,0,0,2,1,1,1,0,0,1,0,3,4,4,0
3,15,4,1,1,0,3,0,0,2,1,1,1,7,0,0,5,0,0,0,1
1,18,4,1,1,0,3,1,0,2,1,1,1,0,0,1,0,1,2,4,1
15,16,0,0,1,4,3,0,1,2,1,1,1,5,2,1,5,6,0,2,1
6,20,4,0,1,3,3,3,1,2,1,1,1,5,0,1,0,6,9,11,1
14,15,0,1,1,0,3,0,0,1,1,1,1,7,2,0,5,0,0,0,1
13,18,4,1,1,0,3,0,0,0,1,1,1,7,2,1,0,2,6,6,1
1,18,4,0,1,0,3,3,0,2,1,1,1,0,0,1,0,2,3,4,1
14,15,0,1,1,0,3,1,0,0,1,1,1,8,2,1,0,6,1,11,1
15,22,0,1,1,0,3,0,0,0,1,1,1,0,2,1,0,6,2,12,1
14,21,0,1,1,0,3,3,0,0,1,1,1,0,2,1,0,9,3,14,1
9,20,0,0,1,4,3,0,1,0,1,1,1,0,0,1,5,6,0,14,1
15,20,0,0,1,0,3,1,0,0,1,1,1,0,2,1,0,9,5,13,1
1,18,4,1,1,0,3,0,0,2,1,1,1,5,0,1,5,0,0,0,1
0,15,4,0,1,4,3,0,1,11,1,1,1,0,0,0,5,0,0,0,1
12,16,3,1,1,0,3,0,0,2,1,1,1,0,2,1,0,7,0,4,1
4,19,4,0,1,0,3,3,0,11,1,1,1,1,0,6,0,4,0,6,1
9,13,0,1,1,0,3,1,0,0,1,1,1,0,0,6,5,4,0,7,1
8,20,4,0,1,0,3,3,0,2,1,1,1,0,0,1,0,6,3,6,1
4,12,3,1,1,0,3,0,0,2,1,1,1,3,0,4,0,7,4,4,1
10,12,0,0,1,0,3,0,0,1,1,1,1,1,0,1,2,0,0,0,1
1,15,4,0,1,0,0,0,0,16,1,1,1,1,0,5,3,2,1,4,1
9,18,4,1,1,4,3,0,1,0,1,1,1,5,0,0,5,0,0,0,1
9,21,4,0,1,0,3,0,0,2,1,1,1,0,0,1,0,8,6,13,1
13,19,4,1,1,0,3,3,0,0,1,1,1,0,2,1,0,8,3,13,1
5,20,4,0,1,3,3,0,1,2,1,1,1,0,0,6,0,6,8,10,1
1,18,4,1,1,0,3,0,0,2,1,1,1,0,0,0,5,0,0,0,1
9,20,4,0,1,0,3,0,0,0,1,1,1,5,0,1,0,6,3,5,1
9,20,4,0,1,0,3,3,0,11,1,1,1,0,0,1,0,6,3,14,1
13,15,4,0,1,0,3,1,0,2,1,1,1,0,2,2,0,6,0,10,1
2,14,4,1,1,0,3,0,0,2,1,1,1,0,0,1,0,2,2,5,1
12,21,0,1,1,4,3,0,1,1,1,1,1,8,2,1,0,6,6,12,1
9,20,4,1,1,0,3,1,0,0,1,1,1,0,0,7,5,2,0,1,1
7,15,4,0,1,0,3,3,0,5,1,1,1,5,0,1,2,0,0,8,1
10,15,4,1,1,0,3,0,0,2,1,1,1,7,0,1,0,6,6,9,1
7,18,4,1,1,0,3,0,0,2,1,1,1,8,0,1,0,5,2,6,0
11,20,0,1,1,0,3,0,0,0,1,1,1,0,2,1,0,6,3,13,1
4,18,4,0,1,0,1,3,0,2,1,1,1,8,0,1,0,8,8,10,0
14,15,0,0,1,3,3,3,1,1,1,1,1,5,2,1,5,0,0,0,1
14,21,0,1,1,0,3,0,0,1,1,1,1,1,2,9,2,0,0,13,1
6,15,4,0,1,0,3,1,0,2,1,1,1,0,0,1,0,5,5,7,1
0,18,4,1,1,0,3,0,0,16,1,1,1,5,0,1,5,1,0,3,1
1,15,0,1,1,0,3,0,0,1,1,1,1,7,0,5,3,6,9,6,1
3,18,4,0,1,0,1,0,0,0,1,1,1,7,0,5,0,6,4,9,1
0,15,4,1,1,0,3,3,0,2,1,1,1,0,0,0,5,0,0,0,1
15,17,4,0,1,0,3,0,0,0,1,1,1,0,2,1,0,8,10,10,1
12,18,2,1,1,4,3,0,1,0,1,1,1,5,2,4,0,6,11,11,0
6,15,4,0,1,0,3,3,0,11,1,1,1,7,0,1,0,6,11,7,0
9,17,4,1,1,0,3,1,0,2,1,1,1,0,0,0,5,0,0,2,1
1,15,4,0,1,0,3,0,0,12,1,1,1,0,0,1,0,3,9,4,0
7,0,4,0,1,4,3,0,1,12,1,1,1,0,0,6,0,8,6,11,1
14,20,4,0,1,0,3,1,0,0,1,1,1,0,2,1,0,8,8,13,1
7,20,4,1,1,0,3,0,0,2,1,1,1,0,0,1,0,6,1,9,1
1,17,4,0,1,0,0,1,0,16,1,1,1,1,0,5,3,9,2,8,1
3,17,3,1,1,0,3,3,0,1,1,1,1,7,2,1,0,1,9,6,0
0,17,4,0,1,0,3,1,0,2,1,1,1,0,0,0,5,0,0,0,1
3,19,0,1,1,0,3,1,0,1,1,1,1,0,0,1,0,5,4,3,1
14,20,4,0,1,0,3,0,0,16,1,1,1,1,0,2,0,4,1,1,0
15,21,0,1,1,4,3,0,1,1,1,1,1,0,2,1,0,7,10,9,0
9,18,0,1,1,0,3,0,0,1,1,1,1,0,0,5,0,6,2,11,1
7,14,4,0,1,4,3,0,1,12,1,1,1,7,0,1,0,6,6,8,1
6,18,4,1,1,0,3,1,0,7,1,1,1,1,0,1,5,0,0,4,1
9,15,4,0,0,0,3,0,0,0,1,1,0,0,0,1,5,0,0,1,0
6,20,4,0,1,4,3,1,1,0,1,1,1,0,0,1,0,6,8,12,1
12,18,4,1,1,0,3,0,0,16,1,1,1,5,2,1,5,0,0,11,1
6,20,4,0,1,0,3,0,0,14,1,1,1,0,0,1,0,6,6,9,1
12,17,0,1,1,0,3,0,0,1,1,1,1,7,2,1,0,8,4,12,1
5,12,4,1,1,0,3,0,0,2,1,1,1,7,0,1,5,0,0,1,1
10,21,4,0,1,4,3,3,1,0,1,1,1,5,0,1,0,6,6,14,1
1,17,4,0,0,0,3,1,0,2,1,0,0,8,0,2,5,1,0,2,1
11,21,4,0,1,0,3,0,0,0,1,1,1,5,2,2,0,8,8,11,1
15,15,0,1,1,0,3,0,0,0,1,1,1,7,2,1,0,6,2,6,1
2,15,4,0,0,0,3,0,0,2,1,1,0,7,0,0,5,0,0,0,1
9,15,4,0,1,0,3,0,0,2,1,1,1,7,0,1,0,6,1,6,1
3,19,4,0,1,4,3,0,1,2,1,1,1,5,0,1,0,1,9,4,1
10,15,0,1,1,4,3,0,1,0,1,1,1,7,0,1,5,6,0,8,0
1,18,4,0,1,0,3,0,0,2,1,1,1,0,0,0,5,0,0,0,0
9,17,0,0,1,0,3,1,0,0,1,1,1,0,0,1,0,9,6,14,0
15,20,4,1,1,0,3,3,0,0,1,1,1,0,2,1,0,6,10,9,1
6,18,4,0,1,0,3,0,0,0,1,1,1,5,0,1,0,5,2,6,1
4,17,4,0,1,0,3,0,0,2,1,1,1,0,0,4,0,6,10,11,1
8,15,4,0,0,4,3,0,1,9,1,1,1,0,0,0,5,0,0,4,0
14,15,0,1,1,4,3,0,1,0,1,1,1,0,2,1,0,6,6,6,1
14,21,4,0,1,4,3,1,1,0,1,1,1,5,2,1,0,8,2,13,1
3,15,4,1,1,0,3,0,0,11,1,1,1,0,0,3,0,6,10,5,1
1,18,4,1,0,0,3,1,0,16,1,1,0,0,0,0,5,0,0,0,1
11,21,0,1,1,0,3,0,0,1,1,1,1,0,2,1,0,6,11,13,1
10,18,0,0,1,4,3,0,1,1,1,1,1,7,0,4,5,0,0,0,1
5,15,4,1,1,0,3,1,0,12,1,1,1,0,0,1,0,4,6,6,0
0,18,4,1,1,0,3,0,0,2,1,1,1,0,0,0,5,0,0,0,1
5,17,4,0,1,0,3,1,0,2,1,1,1,0,0,4,0,6,2,7,1
9,18,0,1,1,0,3,0,0,0,1,1,1,0,0,0,5,0,0,0,0
0,16,4,1,1,0,3,3,0,2,1,1,1,7,0,1,0,6,0,1,1
11,20,0,0,1,0,1,0,0,0,1,1,1,0,2,1,0,6,11,14,0
6,20,0,0,1,0,3,0,0,2,1,1,1,1,0,3,0,6,5,13,1
3,17,4,1,1,0,3,0,0,12,1,1,1,5,0,0,5,0,0,1,0
9,15,0,0,1,0,0,2,0,0,1,1,1,3,0,5,3,7,3,6,1
3,15,4,0,1,0,3,0,0,15,1,1,1,0,0,0,5,0,0,1,0
1,18,4,1,1,0,3,1,0,2,1,1,1,8,0,1,0,4,2,8,1
11,15,0,0,1,0,0,0,0,16,1,1,1,0,2,5,3,9,5,7,0
0,18,4,0,1,0,3,0,0,2,1,1,1,0,0,0,5,0,0,0,1
15,21,0,1,1,0,3,3,0,0,1,1,1,0,2,3,0,6,2,14,0
5,15,4,1,1,0,3,1,0,2,1,1,1,1,0,1,0,6,11,6,1
10,21,4,0,1,0,3,3,0,2,1,1,1,0,0,2,0,6,6,8,1
3,18,4,1,1,0,3,0,0,0,1,1,1,0,0,1,0,6,4,10,0
2,15,4,1,1,0,3,0,0,0,1,1,1,0,0,1,0,8,8,6,0
4,15,4,0,1,0,3,0,0,15,1,1,1,0,0,0,5,0,0,0,0
7,18,4,1,1,0,3,3,0,2,1,1,1,0,0,1,0,4,3,4,1
12,20,0,1,1,3,3,2,1,1,1,1,1,7,2,5,4,6,1,11,0
1,18,4,0,1,0,3,0,0,16,1,1,1,0,0,1,5,4,0,1,0
9,18,4,1,1,0,3,0,0,12,1,1,1,0,0,1,5,0,0,0,0
13,18,0,0,1,0,1,0,0,0,1,1,1,0,2,1,0,6,7,10,0
14,19,4,1,1,0,3,1,0,0,1,1,1,0,2,3,0,3,3,4,1
15,20,4,1,1,0,3,1,0,2,1,1,1,0,2,1,0,5,3,3,1
15,19,0,1,1,3,3,0,1,1,1,1,1,0,2,1,0,6,10,11,1
2,18,4,0,1,0,3,0,0,4,1,1,1,0,0,1,2,0,0,0,0
13,12,2,0,1,4,3,0,1,0,1,1,1,0,2,1,0,6,4,12,0
8,15,0,1,1,0,3,0,0,1,1,1,1,0,0,1,0,7,8,12,1
12,14,4,0,1,0,3,0,1,9,1,1,1,5,2,6,0,6,4,7,0
11,20,4,0,1,4,3,0,1,10,1,1,1,5,2,1,0,6,3,13,0
13,20,0,0,1,3,3,0,1,1,1,1,1,0,2,1,0,8,6,14,1
1,18,4,1,1,4,3,3,1,11,1,1,1,7,0,1,0,8,4,10,0
9,17,0,0,1,0,3,3,0,0,1,1,1,0,0,1,0,8,6,11,1
15,15,0,0,1,4,3,1,1,0,1,1,1,0,2,1,0,6,6,10,1
4,15,4,0,1,0,3,1,0,2,1,1,1,0,0,1,0,6,2,7,1
14,15,0,1,0,0,3,3,0,8,1,1,1,2,2,1,5,0,0,0,1
3,15,4,0,1,0,3,0,0,2,1,1,1,5,0,0,5,0,0,2,1
14,14,4,0,1,4,3,3,1,11,1,1,1,0,2,1,5,0,0,0,0
6,20,4,0,1,3,3,0,1,0,1,1,1,5,0,1,0,6,4,14,1
9,18,4,1,1,0,3,3,0,2,1,1,1,7,0,1,5,0,0,0,1
2,15,4,0,1,0,3,0,0,2,1,1,1,7,0,1,0,6,6,4,1
2,18,4,1,1,0,3,1,0,2,1,1,1,5,0,2,0,3,1,3,1
11,20,4,1,1,0,3,1,0,0,1,1,1,0,2,3,0,6,6,12,0
6,9,0,0,0,3,3,1,1,2,1,1,1,7,0,9,2,8,0,13,1
0,15,4,1,1,4,3,3,1,14,1,1,1,0,0,0,5,0,0,0,1
7,15,4,0,1,0,3,3,0,14,1,1,1,5,0,1,0,6,6,8,0
1,18,4,0,1,0,3,1,0,11,1,1,1,0,0,1,0,6,1,12,0
1,15,4,0,1,0,3,3,0,2,1,1,1,0,0,0,5,0,0,0,1
14,20,0,1,1,0,3,3,0,1,1,1,1,0,2,1,0,8,2,10,1
10,18,0,0,1,0,3,0,0,0,1,1,1,0,0,1,0,6,2,7,1
14,20,0,1,1,0,3,0,0,0,1,1,1,0,2,1,0,8,3,11,0
14,20,2,1,1,0,3,0,0,0,1,1,1,7,2,1,0,5,0,11,1
5,19,0,1,1,3,3,1,1,0,1,1,1,0,0,1,5,0,0,0,0
8,18,0,1,1,0,3,0,0,0,1,1,1,0,0,3,2,0,0,0,0
5,14,4,0,1,4,3,0,1,2,1,1,1,5,0,0,5,0,0,0,1
12,15,4,0,1,0,3,0,0,0,1,1,1,8,0,4,1,8,0,12,0
11,21,4,0,1,0,1,1,0,0,1,1,1,8,2,4,0,8,3,11,0
7,19,4,0,1,0,3,0,0,0,1,1,1,7,0,1,0,3,4,4,0
10,5,0,0,1,0,3,3,0,4,1,1,1,0,0,3,1,4,0,4,1
13,18,4,1,1,0,3,0,0,2,1,1,1,5,2,1,0,2,4,5,1
15,21,0,0,1,3,3,1,1,1,1,1,1,0,2,1,0,6,8,14,1
11,20,4,1,1,0,3,0,0,7,1,1,1,8,0,4,0,5,3,3,1
10,20,4,1,1,0,3,0,0,2,1,1,1,0,0,1,0,6,11,9,1
7,13,4,0,1,0,3,0,0,2,1,1,1,6,0,0,5,0,0,3,1
12,21,4,0,1,4,3,0,1,0,1,1,1,5,2,2,0,6,2,13,1
2,17,4,0,1,0,0,1,0,16,1,1,1,0,0,5,3,9,1,7,0
12,13,4,0,0,0,3,3,0,2,0,1,1,0,2,0,5,0,0,13,1
6,15,4,0,1,0,3,1,0,2,1,1,1,7,0,0,5,0,0,3,1
3,15,4,0,1,0,3,0,0,2,1,1,1,0,0,1,0,2,2,5,1
12,15,4,0,1,0,3,1,0,16,1,1,1,0,2,1,0,8,4,11,1
6,11,4,0,1,4,3,0,1,5,1,1,1,0,0,1,0,6,3,6,1
13,18,0,1,1,0,3,0,0,1,1,1,1,0,2,7,0,1,1,6,0
15,21,0,1,1,3,3,0,1,0,1,1,1,5,2,4,0,6,6,11,1
11,23,0,1,1,3,3,0,1,0,1,1,1,5,2,7,0,6,6,13,1
5,15,4,0,1,0,3,3,0,4,1,1,1,0,0,1,0,6,8,6,1
6,11,4,0,1,4,3,0,1,11,1,1,1,0,0,0,5,0,0,0,1
1,18,4,0,1,0,3,0,0,16,1,1,1,1,0,3,1,1,0,6,1
11,15,0,0,1,0,3,0,0,0,1,1,1,7,2,1,0,6,10,10,1
7,15,4,0,1,4,3,0,1,5,1,1,1,5,0,0,5,0,0,0,1
9,19,4,1,1,0,3,1,0,2,1,1,1,8,0,1,5,0,0,0,0
1,18,4,0,1,0,3,0,0,2,1,1,1,5,0,1,0,6,5,13,0
9,0,4,0,1,4,3,0,1,2,1,1,1,5,0,0,5,0,0,6,1
8,19,0,1,1,0,3,0,0,8,1,1,1,5,0,1,5,0,0,0,1
7,15,4,0,1,0,3,0,0,2,1,1,1,5,0,1,0,6,6,5,0
13,15,4,0,1,4,3,0,1,5,1,1,1,0,2,1,0,6,6,5,1
12,19,4,1,1,0,3,0,0,12,1,1,1,0,2,2,0,9,4,10,1
6,15,4,0,1,4,3,0,1,11,1,1,1,7,0,1,0,6,6,10,1
13,19,0,1,1,0,3,1,0,1,1,1,1,0,2,1,0,6,3,11,1
9,15,4,1,1,0,3,3,0,12,1,1,1,0,0,0,5,0,0,0,1
14,8,4,0,1,4,3,0,1,2,1,1,1,0,2,1,1,6,0,12,1
10,15,4,0,1,0,3,0,0,2,1,1,1,1,0,1,2,6,0,6,1
10,18,4,0,1,3,3,3,1,11,1,1,1,7,0,1,0,6,2,4,1
4,21,4,1,1,4,3,0,1,0,1,1,1,0,0,6,0,4,6,3,0
2,18,4,1,1,4,3,0,1,2,1,1,1,7,0,0,5,0,0,0,1
5,17,4,0,1,0,0,3,0,16,1,1,1,1,0,5,3,9,1,6,1
12,16,0,0,1,0,3,0,0,0,1,1,1,7,2,1,0,7,11,13,0
4,20,0,0,1,0,3,0,0,0,1,1,1,0,0,1,0,7,5,9,1
6,20,4,1,1,0,3,1,0,2,1,1,1,0,0,1,0,8,8,12,1
15,19,4,0,1,0,3,0,0,9,1,1,1,0,2,3,0,4,0,4,1
15,15,0,0,1,0,3,0,0,0,1,1,1,7,2,1,0,6,5,6,1
0,15,4,1,1,0,3,1,0,2,1,1,1,8,0,1,0,1,2,2,1
8,20,0,0,1,3,3,0,1,1,1,1,1,5,0,1,0,3,4,5,1
13,19,4,1,1,0,3,0,0,12,1,1,1,7,2,1,0,6,6,10,1
7,18,0,1,1,0,3,1,0,1,1,1,1,5,0,1,0,6,10,9,0
6,15,4,1,1,0,3,3,0,2,1,1,1,0,0,1,0,6,4,8,1
2,0,4,0,1,0,3,3,0,2,1,1,1,0,0,6,0,8,4,12,1
2,18,4,1,1,0,3,0,0,2,1,1,1,0,0,0,5,0,0,0,1
9,18,4,1,1,3,3,1,1,0,1,1,1,0,0,1,0,6,3,8,1
10,20,4,0,1,0,3,1,0,0,1,1,1,0,0,1,0,7,3,14,1
8,20,4,1,1,0,3,3,0,0,1,1,1,0,0,1,0,6,9,13,0
7,17,0,1,1,0,3,3,0,1,1,1,1,0,2,3,0,6,6,6,1
9,20,4,0,1,0,3,1,0,0,1,1,1,8,0,3,0,6,2,12,1
14,20,0,1,1,0,3,0,0,1,1,1,1,0,2,1,0,6,2,14,1
5,20,0,1,1,4,3,0,1,1,1,1,1,0,0,1,5,0,0,0,0
1,18,4,1,1,0,3,0,0,2,1,1,1,0,0,0,5,0,0,0,1
13,20,4,1,1,0,3,0,0,0,1,1,1,0,2,2,0,6,3,10,0
4,19,4,0,1,0,3,0,0,11,1,1,1,5,0,1,0,7,7,12,0
3,14,4,1,1,0,3,0,0,2,1,1,1,0,0,3,0,2,8,5,1
8,18,4,0,1,0,3,3,0,2,1,1,1,0,0,1,0,9,3,8,1
11,19,4,1,0,0,3,3,0,13,1,0,0,8,0,2,0,5,2,11,1
0,15,4,0,1,4,3,0,1,16,1,1,1,5,0,0,5,0,0,0,0
8,20,4,0,1,0,3,3,0,2,1,1,1,0,0,1,0,6,4,2,1
6,20,4,1,1,0,3,0,0,12,1,1,1,0,0,1,0,6,3,11,0
4,19,4,0,1,0,3,0,0,2,1,1,1,0,0,0,5,0,0,0,1
2,17,4,0,1,0,3,3,0,4,1,1,1,7,0,0,5,0,0,0,1
1,19,4,1,1,0,3,1,0,16,1,1,1,8,0,1,5,2,0,2,0
5,20,0,1,1,0,3,0,0,1,1,1,1,0,0,2,5,0,0,0,0
14,20,4,0,1,0,3,0,0,0,1,1,1,0,2,1,0,7,5,14,1
5,19,4,1,1,0,3,0,0,0,1,1,1,0,0,1,0,6,6,10,1
13,19,0,1,1,0,3,0,0,1,1,1,1,7,2,1,0,6,3,10,1
9,18,4,0,1,0,3,1,0,2,1,1,1,0,0,1,0,6,7,10,1
11,14,0,0,1,4,3,1,1,0,1,1,1,0,2,1,0,6,3,14,0
2,15,4,1,1,0,1,1,0,2,1,1,1,0,0,1,0,6,7,12,1
4,20,0,0,1,0,3,0,0,0,1,1,1,0,0,1,0,8,5,12,0
5,20,4,1,1,0,3,3,0,5,1,1,1,0,0,1,0,8,2,6,1
9,20,4,1,1,4,3,3,1,5,1,1,1,0,0,1,0,6,9,9,0
10,20,4,1,1,0,3,1,0,12,1,1,1,0,0,2,5,0,0,0,0
12,16,0,1,1,0,3,0,0,2,1,1,1,0,2,1,0,7,6,5,1
1,17,4,1,1,0,3,3,0,2,1,1,1,1,0,1,0,4,1,5,1
5,15,4,0,1,0,3,0,0,2,1,1,1,0,0,1,0,1,10,2,1
2,19,4,0,1,0,3,0,0,2,1,1,1,5,0,1,0,1,1,2,1
1,18,4,0,1,0,3,0,0,2,1,1,1,0,0,1,0,4,3,4,1
13,20,4,1,1,0,3,0,0,11,1,1,1,5,2,2,0,6,6,10,0
10,18,4,1,1,0,3,3,0,11,1,1,1,0,0,1,0,4,7,8,1
1,15,0,0,1,0,3,3,0,0,1,1,1,0,0,0,5,0,0,0,1
14,21,4,0,1,0,3,1,0,0,1,1,1,0,2,1,0,7,4,10,0
4,15,4,0,1,0,3,0,0,2,1,1,1,7,0,0,5,0,0,0,1
13,18,4,1,1,0,3,0,0,0,1,1,1,7,2,1,0,7,1,11,1
10,16,4,0,1,0,3,0,0,15,1,1,1,7,0,0,5,0,0,0,0
12,20,4,0,1,0,3,3,0,3,1,1,1,0,2,6,0,9,7,13,1
12,19,0,1,1,1,3,3,0,13,1,1,0,8,0,2,0,5,10,6,1
0,19,4,1,1,0,3,1,0,2,1,1,1,8,0,1,0,3,4,4,1
0,19,4,1,1,0,3,1,0,7,1,1,1,0,0,1,0,2,2,5,1
10,16,0,0,1,0,3,0,0,0,1,1,1,0,0,1,0,7,3,14,0
10,20,0,1,1,0,3,0,0,1,1,1,1,0,0,0,5,0,0,0,1
5,15,4,1,1,0,3,0,0,11,1,1,1,2,0,1,0,6,6,3,1
0,18,4,1,1,0,3,1,0,7,1,1,1,0,0,1,0,3,1,4,1
8,20,4,1,1,0,3,0,0,2,1,1,1,5,0,3,0,6,7,12,1
12,13,0,1,1,4,3,0,1,0,1,1,1,7,2,6,5,0,0,0,1
14,20,0,0,1,0,3,1,0,0,1,1,1,0,2,1,0,6,5,14,0
4,20,4,0,1,0,3,1,0,2,1,1,1,8,0,1,0,7,7,12,0
11,20,4,1,1,0,3,3,0,0,1,1,1,7,2,3,0,1,0,1,1
9,20,4,0,1,0,3,1,0,0,1,1,1,0,0,1,0,6,7,13,0
0,18,4,1,1,0,3,3,0,2,1,1,1,0,0,1,5,1,0,2,1
12,21,0,1,1,0,3,3,0,1,1,1,1,0,2,2,0,6,4,13,1
13,19,4,0,1,0,3,3,0,2,1,1,1,7,2,1,0,6,4,13,1
0,18,4,0,0,0,3,0,0,16,1,1,0,0,0,0,5,0,0,4,0
13,20,4,0,0,0,3,0,0,9,1,1,0,0,2,1,2,1,0,3,1
4,18,4,1,1,0,3,0,0,0,1,1,1,7,0,6,0,6,0,9,1
5,20,2,1,1,1,3,3,1,14,1,1,1,0,0,1,0,5,0,6,1
5,15,0,0,1,0,0,0,0,16,1,1,1,0,0,5,3,9,1,7,0
13,20,4,1,1,3,3,0,1,0,1,1,1,0,2,3,0,2,6,6,1
0,15,4,0,1,0,3,3,0,10,1,1,1,8,0,0,5,0,0,0,1
9,20,4,1,1,0,3,0,0,0,1,1,1,0,0,0,5,0,0,0,1
7,20,4,0,1,0,3,0,0,0,1,1,1,0,0,1,0,3,6,14,1
1,18,4,1,1,0,3,0,0,2,1,1,1,0,0,1,0,6,4,4,1
9,15,4,0,1,0,3,0,0,0,1,1,1,0,0,1,0,7,11,8,1
10,15,0,0,1,0,3,0,0,15,1,1,1,0,0,0,5,0,0,0,1
13,17,4,1,1,0,3,0,0,9,1,1,1,5,2,1,1,7,0,1,1
3,18,4,1,1,0,3,1,0,12,1,1,1,1,0,1,0,2,5,3,0
0,17,4,1,0,0,3,1,0,7,1,0,0,8,0,0,5,0,0,1,1
12,18,4,0,1,0,3,2,0,0,1,1,1,0,2,1,0,6,6,10,1
11,15,4,0,1,2,3,0,0,0,1,1,1,2,2,1,0,6,3,14,1
11,19,0,0,1,0,3,0,0,1,1,1,1,0,2,1,0,9,6,12,1
0,17,4,0,1,0,0,0,0,16,1,1,1,0,0,5,3,9,2,8,0
13,19,0,1,1,0,3,0,0,1,1,1,1,0,2,3,5,0,0,0,1
11,20,0,0,1,4,3,0,1,1,1,1,1,5,2,1,0,6,5,14,1
14,20,4,1,1,0,3,3,0,2,1,1,1,5,0,2,0,5,5,12,0
8,20,0,1,1,0,3,0,0,0,1,1,1,0,0,2,5,0,0,0,0
5,18,4,0,1,0,3,1,0,2,1,1,1,8,0,1,0,2,2,4,1
1,17,4,0,1,0,0,0,0,16,1,1,1,7,0,5,3,4,1,8,1
11,18,0,1,1,0,3,0,0,0,1,1,1,0,2,1,0,7,0,9,1
8,15,4,0,1,0,3,1,0,4,1,1,1,0,0,5,0,9,8,6,1
0,18,4,1,1,0,3,0,0,16,1,1,1,7,0,0,5,0,0,0,0
0,18,4,1,1,0,3,0,0,16,1,1,1,7,0,0,5,0,0,0,0
9,15,0,0,1,0,3,0,0,0,1,1,1,0,0,1,0,8,6,13,0
6,20,4,0,1,0,3,3,0,2,1,1,1,8,0,1,0,3,9,11,1
14,20,4,1,1,3,3,0,1,2,1,1,1,5,2,1,0,6,3,2,1
2,15,4,1,1,0,3,3,0,12,1,1,1,7,0,1,0,6,6,5,1
7,18,0,0,1,0,3,1,0,16,1,1,1,0,0,6,5,8,0,2,1
8,20,4,1,1,0,3,0,0,11,1,1,1,0,0,1,0,6,8,14,1
7,17,4,0,1,4,3,0,1,0,1,1,1,0,0,1,0,6,2,8,1
14,19,4,1,1,0,3,3,0,0,1,1,1,4,2,3,0,5,7,10,1
0,18,4,1,1,0,3,0,0,16,1,1,1,7,0,0,5,0,0,0,0
15,18,4,0,1,0,3,0,0,12,1,1,1,0,2,1,0,7,6,12,1
6,17,4,1,1,0,3,0,0,0,1,1,1,5,0,1,1,9,0,12,0
15,20,4,1,1,0,3,0,0,0,1,1,1,0,2,1,0,5,1,5,1
14,21,0,1,1,0,3,0,0,0,1,1,1,0,2,2,0,6,0,9,0
3,20,4,1,1,0,3,1,0,9,1,1,1,0,0,0,5,0,0,0,1
6,20,4,1,1,3,3,3,1,2,1,1,1,0,0,1,0,1,3,4,1
13,16,4,0,1,0,3,1,0,0,1,1,1,0,2,1,0,7,1,14,1
9,20,4,0,1,0,3,1,0,0,1,1,1,0,0,1,0,6,3,11,1
1,18,4,0,1,0,3,0,0,16,1,1,1,2,0,1,5,4,0,5,1
1,18,4,0,1,0,3,0,0,2,1,1,1,0,0,0,5,0,0,0,1
0,18,4,0,1,0,3,1,0,2,1,1,1,0,0,1,0,6,4,3,1
13,15,4,0,1,0,3,1,0,7,1,1,1,0,2,1,0,8,11,10,1
8,17,4,1,1,0,3,3,0,0,1,1,1,0,0,1,0,6,4,13,1
2,17,4,0,1,0,3,0,0,7,1,1,1,0,0,1,0,3,4,3,0
0,15,4,0,1,0,3,0,0,16,1,1,1,0,0,1,0,3,2,2,1
5,15,0,1,1,0,3,1,0,0,1,1,1,0,0,1,0,6,3,6,0
9,21,0,1,1,0,3,0,0,1,1,1,1,7,0,1,0,6,5,11,1
4,17,4,0,1,0,3,0,0,2,1,1,1,7,0,6,0,6,2,8,1
10,19,4,1,1,0,3,0,0,2,1,1,1,0,0,1,0,4,4,7,1
14,19,4,0,1,0,3,0,0,2,1,1,1,0,2,1,0,6,3,12,1
13,20,4,0,1,4,3,3,1,11,1,1,1,5,2,1,0,6,0,11,0
10,20,0,0,1,0,3,3,0,0,1,1,1,0,0,1,2,8,0,6,1
7,17,4,0,1,0,3,0,0,7,1,1,1,7,0,1,0,6,2,7,1
12,17,0,1,1,0,3,1,0,1,1,1,1,0,2,1,0,7,10,11,1
11,15,4,0,1,0,1,3,0,14,1,1,1,0,2,1,0,8,10,10,0
15,20,0,1,1,0,3,1,0,1,1,1,1,0,2,1,0,8,1,9,1
0,18,4,1,1,0,3,0,0,16,1,1,1,8,0,1,0,6,6,6,1
9,20,4,0,1,0,3,1,0,0,1,1,1,1,0,1,5,0,0,0,1
11,21,0,1,1,0,3,0,0,0,1,1,1,0,2,1,0,6,8,13,1
7,18,4,0,1,0,3,0,0,11,1,1,1,7,0,1,0,7,2,11,1
9,18,4,1,1,0,3,1,0,12,1,1,1,7,0,6,5,1,0,1,0
9,20,4,0,1,3,3,0,1,0,1,1,1,5,0,1,0,9,6,14,1
1,16,4,0,0,0,3,0,0,3,0,0,1,0,0,1,0,7,2,2,1
13,19,0,0,1,0,3,1,0,0,1,1,1,0,2,1,0,6,6,11,1
5,10,4,1,1,4,3,0,1,12,1,1,1,0,0,4,0,6,8,1,1
11,19,4,0,1,0,3,0,0,2,1,1,1,5,2,7,0,6,5,12,1
8,19,3,0,1,0,3,3,0,7,1,1,1,0,0,0,5,0,0,4,1
5,20,4,0,1,0,3,1,0,11,1,1,1,0,0,3,0,5,8,6,1
9,18,4,0,1,4,3,0,1,5,1,1,1,7,0,1,0,8,4,11,1
5,15,4,0,1,4,3,0,1,9,1,1,1,0,0,1,0,9,6,2,1
1,18,4,0,1,3,3,0,1,2,1,1,1,5,0,0,5,0,0,0,1
14,15,0,1,1,0,3,3,0,1,1,1,1,0,2,1,0,6,8,10,1
2,17,4,0,0,0,3,0,0,16,1,1,0,1,0,0,5,0,0,4,0
3,19,4,0,1,0,3,0,0,0,1,1,1,5,0,1,0,5,2,6,0
13,15,4,0,1,4,3,0,1,0,1,1,1,0,2,1,0,4,0,6,1
3,20,0,1,1,0,3,1,0,1,1,1,1,0,0,1,0,5,2,6,0
10,15,4,0,1,0,3,0,0,0,1,1,1,5,0,1,0,6,8,10,1
3,19,4,1,1,0,3,3,0,2,1,1,1,0,0,1,0,3,5,3,1
4,15,4,1,1,0,3,1,0,2,1,1,1,0,0,0,5,0,0,0,1
14,20,0,1,1,0,3,3,0,0,1,1,1,0,2,1,0,6,11,11,1
7,11,4,1,1,0,3,0,0,0,1,1,1,0,0,1,0,6,5,6,1
8,17,4,1,1,0,3,0,0,7,1,1,1,0,0,1,0,6,2,5,1
1,15,4,1,1,3,3,0,1,10,1,1,1,5,0,1,0,6,3,6,1
15,20,0,1,1,4,3,0,1,1,1,1,1,5,2,1,0,6,11,13,1
9,15,4,0,1,0,3,0,0,15,1,1,1,0,0,1,5,5,0,8,0
12,20,4,0,1,0,3,1,0,2,1,1,1,7,2,6,0,6,5,3,1
15,20,0,1,1,0,3,0,0,1,1,1,1,0,2,1,2,6,0,9,1
15,20,4,1,1,0,3,0,0,0,1,1,1,7,2,4,0,6,8,12,1
15,18,4,1,1,0,3,1,0,10,1,1,1,0,2,4,0,6,8,8,1
7,15,4,0,1,4,3,0,1,12,1,1,1,7,0,6,5,0,0,0,1
15,18,0,0,1,0,1,0,0,1,1,1,1,7,2,1,0,8,7,12,0
1,18,4,0,1,0,3,1,0,2,1,1,1,8,0,0,5,0,0,0,1
7,20,0,1,1,0,3,2,0,0,1,1,1,6,0,3,0,6,10,11,0
3,15,4,1,1,0,3,3,0,2,1,1,1,0,0,1,0,4,6,2,1
15,14,4,0,1,0,3,0,0,0,1,1,1,7,2,1,0,5,10,5,1
9,14,4,1,1,4,3,0,1,14,1,1,1,5,0,1,0,6,8,7,1
14,20,0,1,1,0,3,1,0,0,1,1,1,0,2,1,0,9,1,14,1
1,18,4,1,1,0,3,0,0,4,1,1,1,2,0,1,0,5,6,5,1
13,20,0,1,1,4,3,0,1,0,1,1,1,5,2,4,0,1,9,11,1
7,15,4,1,1,0,3,0,0,2,1,1,1,5,0,1,2,6,0,2,1
12,21,0,0,1,0,3,0,0,1,1,1,1,0,2,1,0,7,2,14,0
4,18,4,0,1,0,3,0,0,2,1,1,1,0,0,1,0,6,3,6,0
10,15,4,0,1,0,3,3,0,4,1,1,1,7,0,1,0,6,6,7,1
1,17,4,1,1,0,3,0,0,2,1,1,1,0,0,1,0,6,6,10,1
6,18,4,1,1,0,3,0,0,12,1,1,1,0,0,1,0,6,3,11,1
13,15,4,0,1,0,3,1,0,7,1,1,1,0,2,1,0,2,3,2,1
13,11,4,0,1,4,3,0,1,15,1,1,1,7,2,0,5,0,0,0,1
3,18,4,0,1,3,3,0,1,2,1,1,1,5,0,0,5,0,0,0,1
13,18,4,0,1,0,3,0,0,0,1,1,1,7,2,1,0,6,8,12,1
0,15,4,0,1,0,3,1,0,2,1,1,1,0,0,1,0,6,8,4,1
15,20,0,1,1,0,3,3,0,0,1,1,1,0,2,1,0,8,10,9,1
0,17,4,1,1,0,3,0,0,16,1,1,1,7,0,0,5,0,0,0,0
11,20,0,1,1,0,3,1,0,1,1,1,1,0,2,1,0,6,5,14,1
15,23,0,0,1,0,3,3,0,0,1,1,1,0,2,1,0,6,6,14,1
15,20,0,0,1,3,3,0,1,10,1,1,1,5,2,4,0,9,5,13,1
2,15,4,1,1,0,3,0,0,11,1,1,1,5,0,0,5,0,0,0,1
0,15,4,0,1,0,3,0,0,2,1,1,1,0,0,1,0,2,1,3,1
14,17,0,1,1,0,3,0,0,1,1,1,1,0,2,1,0,8,3,13,0
5,20,4,1,1,0,3,0,0,2,1,1,1,0,0,1,0,6,4,9,1
2,15,4,1,1,0,3,0,0,9,1,1,1,7,0,1,0,1,8,1,1
2,18,4,1,1,0,3,0,0,2,1,1,1,1,0,3,0,3,4,5,1
13,21,0,1,1,0,3,0,0,0,1,1,1,7,2,1,0,8,2,13,0
13,20,4,0,1,0,3,0,0,5,1,1,1,5,2,1,0,6,4,13,1
9,20,4,0,1,2,3,3,0,2,1,1,1,5,0,1,0,6,6,14,1
2,20,4,1,1,0,3,0,0,2,1,1,1,0,0,3,5,1,0,1,1
8,20,0,0,1,0,3,3,0,2,1,1,1,0,0,1,0,4,5,13,1
10,20,4,0,1,0,1,3,0,11,1,1,1,8,0,1,0,8,8,13,1
12,17,4,0,1,0,3,1,0,11,1,1,1,5,2,1,0,6,8,11,0
11,18,0,1,1,0,3,0,0,1,1,1,1,1,2,0,5,0,0,0,1
10,20,0,0,1,0,3,1,0,1,1,1,1,0,0,2,2,6,0,8,0
3,15,4,1,1,0,3,1,0,2,1,1,1,7,0,1,0,4,1,5,1
6,18,4,1,1,0,3,0,0,12,1,1,1,5,0,1,1,6,0,11,1
12,20,4,0,0,0,3,3,0,3,1,1,0,0,2,2,0,2,2,5,1
11,17,0,0,1,0,3,1,0,0,1,1,1,0,2,2,0,9,4,12,1
8,15,0,0,1,0,3,0,0,5,1,1,1,0,0,1,0,6,4,10,1
2,15,4,1,1,0,3,1,0,2,1,1,1,8,0,1,0,7,3,9,1
13,19,4,1,1,3,3,0,1,0,1,1,1,0,2,3,0,2,6,5,1
7,15,4,1,1,3,3,0,1,2,1,1,1,5,0,0,5,0,0,0,1
4,16,4,0,1,0,3,0,0,2,1,1,1,7,0,0,5,0,0,0,1
14,20,0,0,1,4,3,1,1,0,1,1,1,0,2,1,0,6,5,14,0
14,19,4,0,0,0,3,1,0,0,1,1,0,0,2,0,5,0,0,0,1
13,8,0,0,1,4,3,0,1,4,1,1,1,0,2,1,5,0,0,1,0
0,15,4,0,1,0,3,0,0,16,1,1,1,0,0,6,0,4,0,3,0
10,17,4,0,1,0,3,1,0,2,1,1,1,0,0,1,0,7,3,9,1
12,16,4,0,1,0,3,0,0,9,1,1,1,0,2,1,0,6,6,10,1
5,20,4,1,1,0,3,0,0,2,1,1,1,0,0,2,0,4,4,6,1
5,20,0,1,0,4,3,0,1,1,1,1,1,0,0,1,0,6,6,4,1
0,17,4,1,1,0,3,1,0,2,1,1,1,0,0,0,5,0,0,4,1
13,23,2,0,1,3,3,3,1,0,1,1,1,0,2,1,0,6,6,14,0
6,15,4,1,1,0,3,3,0,2,1,1,1,0,0,1,0,1,3,2,1
6,15,0,1,1,0,3,1,0,1,1,1,1,0,0,1,0,6,6,12,0
13,18,4,1,1,0,3,0,0,0,1,1,1,1,2,1,0,1,3,2,1
6,21,4,1,1,0,3,0,0,0,1,1,1,8,0,8,0,2,3,8,0
10,20,4,0,1,0,3,0,0,0,1,1,1,0,0,1,0,6,8,14,0
6,18,4,1,1,0,3,3,0,2,1,1,1,5,0,1,0,6,5,6,1
15,21,0,1,1,4,3,0,1,0,1,1,1,7,2,1,0,7,2,13,1
11,17,0,1,1,0,3,1,0,7,1,1,1,8,2,1,0,3,1,9,1
3,20,4,0,1,0,3,0,0,11,1,1,1,0,0,1,0,6,4,10,0
0,18,4,1,1,0,3,1,0,2,1,1,1,8,0,1,5,0,0,0,1
0,18,4,1,1,0,3,0,0,2,1,1,1,0,0,0,5,0,0,0,1
11,20,4,0,1,0,3,0,0,0,1,1,1,0,2,3,0,6,6,11,1
15,18,0,0,1,0,3,1,0,1,1,1,1,0,2,1,0,6,2,12,1
0,18,4,0,0,0,3,3,0,2,1,1,0,0,0,0,5,0,0,0,1
12,16,4,1,1,0,3,0,0,2,1,1,1,7,2,1,0,7,10,13,1
14,15,0,1,1,4,3,3,1,8,1,1,1,0,2,1,1,6,0,7,1
6,21,4,0,1,0,3,0,0,11,1,1,1,0,0,1,0,8,8,14,0
5,20,4,0,1,3,3,3,1,0,1,1,1,0,0,2,0,7,11,9,1
3,15,4,0,1,0,0,0,0,16,1,1,1,1,0,5,3,9,1,6,0
1,18,4,1,1,0,3,0,0,11,1,1,1,0,0,1,0,3,4,5,0
7,15,4,0,1,0,3,0,0,4,1,1,1,0,0,1,0,5,8,8,1
8,18,2,1,1,0,1,1,0,2,1,1,1,0,0,1,5,0,0,0,0
11,20,0,1,1,0,3,1,0,1,1,1,1,0,2,2,0,6,3,12,1
10,15,4,0,1,3,3,0,1,5,1,1,1,5,0,1,0,8,2,9,1
8,18,0,1,1,0,3,2,0,8,1,1,1,0,0,1,0,6,1,9,1
14,18,4,0,1,0,3,0,0,9,1,1,1,0,2,1,0,6,3,7,1
15,19,0,1,1,0,3,1,0,0,1,1,1,1,2,3,0,4,10,3,1
7,17,4,0,1,0,3,0,0,2,1,1,1,1,0,1,0,6,2,6,1
3,16,4,0,0,0,3,1,0,11,1,1,0,8,0,1,0,3,4,4,0
14,20,0,0,1,0,3,0,0,1,1,1,1,0,2,1,0,6,3,12,1
8,20,4,0,1,0,3,0,0,2,1,1,1,0,0,1,0,6,8,8,1
10,18,0,0,1,0,1,0,0,0,1,1,1,0,0,3,0,6,7,12,1
0,17,4,1,1,0,3,1,0,2,1,1,1,8,0,0,5,0,0,0,1
14,21,4,1,1,4,3,0,1,0,1,1,1,5,2,1,0,6,6,13,1
14,15,0,1,1,0,3,0,0,1,1,1,1,1,2,1,0,5,1,9,1
15,21,4,0,1,4,3,0,1,0,1,1,1,0,2,1,0,9,4,14,1
15,20,0,0,1,0,3,1,0,0,1,1,1,0,2,6,0,6,0,14,1
3,17,4,0,1,0,3,0,0,16,1,1,1,0,0,1,5,9,0,4,0
1,18,4,1,1,0,3,0,0,2,1,1,1,0,0,1,0,4,2,4,1
13,20,4,1,1,0,3,0,0,0,1,1,1,0,2,1,0,2,2,4,1
5,20,4,1,1,0,3,2,0,5,1,1,1,7,0,1,0,3,3,6,1
8,15,4,0,1,0,3,1,0,0,1,1,1,0,0,1,0,8,1,11,1
10,15,0,1,1,3,3,0,1,1,1,1,1,0,0,1,0,5,6,10,1
2,18,4,0,1,0,3,1,0,2,1,1,1,0,0,1,0,6,2,2,1
11,19,0,1,1,0,3,0,0,2,1,1,1,0,2,0,5,0,0,0,1
5,20,4,0,1,0,3,0,0,2,1,1,1,8,0,1,0,6,1,2,1
12,20,0,1,1,4,3,0,1,1,1,1,1,0,2,7,5,0,0,0,0
0,18,4,1,1,4,3,3,1,11,1,1,1,0,0,0,5,0,0,0,0
7,16,4,1,0,0,3,0,0,2,1,1,0,5,0,0,5,0,0,3,1
12,19,4,0,1,4,3,0,1,12,1,1,1,0,2,1,0,6,6,6,1
3,10,4,0,1,2,3,3,1,7,1,1,1,8,0,5,0,3,4,3,1
3,18,0,1,1,0,3,1,0,1,1,1,1,0,0,2,0,1,3,2,1
5,20,4,1,1,2,3,0,0,2,1,1,1,1,0,9,2,0,0,0,1
4,15,4,0,1,0,3,0,0,16,1,1,1,0,0,4,0,1,1,3,1
8,19,4,1,1,0,3,3,0,0,1,1,1,5,0,0,5,0,0,0,1
2,15,4,0,1,0,3,0,0,4,1,1,1,7,0,1,0,1,1,1,1
13,20,4,1,1,4,3,0,1,12,1,1,1,5,2,3,0,8,7,12,1
8,15,4,0,1,0,3,3,0,2,1,1,1,0,0,1,0,2,8,5,1
0,18,4,0,1,3,3,0,1,2,1,1,1,0,0,1,0,2,7,3,1
5,19,4,1,1,0,3,3,0,2,1,1,1,5,0,1,0,4,11,4,1
5,17,4,0,1,0,3,1,0,2,1,1,1,0,0,1,2,6,0,5,1
14,15,0,1,1,0,3,1,0,0,1,1,1,8,2,1,0,6,6,7,1
11,20,4,0,1,0,3,0,0,12,1,1,1,0,2,1,0,6,6,11,1
8,15,4,0,1,3,3,0,1,16,1,1,1,5,0,4,5,0,0,2,1
3,15,4,0,1,0,3,0,0,2,1,1,1,5,0,1,5,0,0,0,1
13,20,0,0,1,0,3,1,0,0,1,1,1,0,2,1,5,1,0,3,0
15,21,4,1,1,4,3,0,1,14,1,1,1,5,2,1,0,6,8,9,1
2,19,4,1,1,0,3,0,0,2,1,1,1,7,0,0,5,0,0,0,1
0,18,4,1,1,0,3,0,0,16,1,1,1,0,0,2,5,2,0,2,1
12,20,4,1,1,3,3,0,1,0,1,1,1,0,2,1,0,7,6,12,1
7,15,4,0,1,0,3,0,0,5,1,1,1,0,0,1,0,6,2,6,1
11,14,4,0,1,0,3,0,0,15,1,1,1,0,2,0,5,0,0,0,1
10,14,0,1,1,0,3,1,0,2,1,1,1,0,0,1,5,0,0,0,1
5,17,0,1,1,0,3,1,0,1,1,1,1,0,0,1,0,2,2,5,1
1,18,4,1,1,0,3,0,0,2,1,1,1,0,0,0,5,0,0,0,1
0,15,4,0,1,0,3,1,0,2,1,1,1,0,0,6,0,1,0,1,1
12,18,0,1,1,0,3,0,0,0,1,1,1,0,2,2,0,6,6,12,1
10,21,4,0,1,0,3,0,0,0,1,1,1,0,0,1,0,6,6,14,1
13,21,0,1,1,0,3,1,0,1,1,1,1,0,2,7,1,9,0,13,1
13,15,4,1,1,0,3,0,0,5,1,1,1,0,2,0,5,0,0,5,1
10,21,4,1,1,0,3,0,0,0,1,1,1,0,0,2,0,6,10,9,1
14,15,4,1,1,0,3,3,0,12,1,1,1,0,2,1,5,0,0,4,1
9,15,4,0,1,0,3,0,0,0,1,1,1,0,0,1,0,8,11,11,1
1,18,4,1,1,0,3,3,0,16,1,1,1,1,0,1,5,0,0,0,0
8,20,4,1,1,4,3,0,1,0,1,1,1,0,0,1,0,8,4,9,0
5,15,4,0,1,0,3,3,0,9,1,1,1,1,0,1,0,6,11,3,1
8,20,4,1,1,0,3,0,0,2,1,1,1,5,0,0,5,0,0,0,1
12,15,4,0,1,0,3,0,0,2,1,1,1,1,0,4,0,5,8,4,1
6,18,4,1,1,0,3,0,0,4,1,1,1,0,0,1,0,4,8,7,1
5,19,4,1,1,0,3,0,0,2,1,1,1,5,0,1,5,0,0,0,1
10,17,0,1,1,0,3,0,0,0,1,1,1,0,0,1,0,6,4,13,0
4,17,4,1,1,4,3,0,1,0,1,1,1,0,0,1,0,4,3,7,0
3,21,4,0,1,0,3,1,0,2,1,1,1,5,0,1,0,6,3,14,1
1,18,4,1,1,0,3,3,0,16,1,1,1,5,0,2,5,1,0,3,0
3,18,4,0,1,0,2,1,0,12,1,1,1,0,2,5,3,6,9,6,1
4,15,4,0,1,0,3,1,0,0,1,1,1,0,0,1,0,6,4,11,0
14,18,2,0,1,0,3,0,0,2,1,1,1,0,2,1,0,6,8,10,1
9,17,4,0,1,0,3,0,0,2,1,1,1,0,0,1,0,9,4,9,1
9,20,4,1,1,0,3,3,0,11,1,1,1,0,0,3,0,6,2,6,1
10,0,4,0,1,0,3,3,0,2,1,1,1,7,0,1,0,6,4,9,1
10,18,4,0,1,0,3,0,0,4,1,1,1,0,0,1,2,0,0,0,1
11,20,4,1,1,0,3,1,0,0,1,1,1,0,2,1,0,4,2,9,1
3,15,4,0,1,0,3,3,0,2,1,1,1,0,0,1,0,2,2,4,1
13,10,2,0,1,4,3,0,1,7,1,1,1,7,2,1,0,6,3,10,1
5,18,4,1,0,0,3,0,0,2,1,1,1,0,0,1,5,0,0,1,1
13,18,4,1,1,0,3,1,0,2,1,1,1,8,2,1,0,1,1,1,1
0,17,4,0,1,0,3,0,0,2,1,1,1,0,0,1,5,0,0,0,1
5,15,4,1,1,0,3,0,0,0,1,1,1,0,0,3,0,6,10,6,1
12,11,0,0,1,4,3,0,1,1,1,1,1,0,2,1,0,4,3,14,1
13,18,4,1,1,0,3,1,0,2,1,1,1,0,2,5,0,6,4,6,1
14,15,0,1,1,0,3,0,0,8,1,1,1,0,2,0,5,0,0,0,1
3,15,4,0,1,0,3,3,0,2,1,1,1,0,0,1,0,8,2,8,1
7,18,4,1,1,0,3,0,0,0,1,1,1,7,0,1,0,6,10,12,1
8,20,4,1,0,0,3,0,0,16,1,1,0,1,0,3,0,3,6,2,0
3,18,4,0,1,0,3,0,0,2,1,1,1,0,0,1,5,6,0,2,1
14,20,4,0,0,0,3,1,0,0,1,1,1,0,2,1,0,6,6,14,1
4,20,4,0,1,0,3,0,0,11,1,1,1,0,0,1,0,6,8,9,0
13,17,2,1,1,0,3,1,0,2,1,1,1,0,2,1,0,6,8,10,0
15,19,4,1,1,0,3,0,0,0,1,1,1,0,2,4,0,9,6,12,0
4,18,4,1,1,0,1,1,0,16,1,1,1,5,0,1,5,0,0,4,0
15,23,0,1,1,4,3,0,1,0,1,1,1,5,2,0,5,0,0,0,1
15,18,4,0,1,0,3,0,0,0,1,1,1,0,2,2,0,2,3,6,1
0,15,4,0,1,0,3,0,0,2,1,1,1,0,0,1,0,4,2,5,1
10,21,4,1,1,0,3,0,0,0,1,1,1,0,0,3,0,6,2,8,0
11,19,4,1,1,0,3,0,0,2,1,1,1,0,0,4,0,4,5,4,1
12,21,0,1,1,4,3,0,1,1,1,1,1,5,2,1,0,6,6,13,0
1,18,4,0,1,0,3,0,0,2,1,1,1,8,0,1,5,0,0,0,1
1,17,4,0,1,0,3,0,0,2,1,1,1,0,0,1,0,5,9,7,1
7,14,4,0,1,0,3,0,0,0,1,1,1,7,0,1,1,6,0,11,1
3,15,4,1,1,0,3,3,0,12,1,1,1,0,0,1,0,3,1,5,1
11,15,0,0,1,0,3,0,0,1,1,1,1,0,2,1,2,6,0,14,1
11,16,0,0,1,0,0,0,0,2,1,1,1,0,2,0,5,0,0,0,1
4,17,4,0,1,0,3,0,0,15,1,1,1,0,0,0,5,0,0,1,0
8,20,0,1,1,0,3,0,0,0,1,1,1,0,0,1,5,0,0,0,1
7,6,4,1,1,2,3,0,0,0,1,1,1,8,0,9,2,0,0,0,0
13,8,0,1,1,0,3,0,0,2,1,1,1,1,2,1,0,1,8,1,1
8,15,4,1,0,0,3,1,0,0,1,1,1,0,0,0,5,0,0,3,1
1,18,4,0,1,0,3,0,0,16,1,1,1,5,0,0,5,0,0,0,1
14,15,0,0,1,0,1,3,0,1,1,1,1,0,2,1,0,6,3,9,1
11,17,4,0,1,0,3,0,0,0,1,1,1,0,2,1,0,9,6,10,0
2,18,4,0,1,0,3,0,0,2,1,1,1,5,0,1,2,2,0,2,1
3,18,4,1,1,0,3,1,0,2,1,1,1,0,0,1,0,5,9,4,1
1,18,4,1,1,0,3,0,0,2,1,1,1,0,0,0,5,0,0,0,1
2,18,4,1,1,0,3,0,0,4,1,1,1,7,0,1,0,4,3,4,1
12,15,4,0,0,0,3,0,0,5,0,1,1,0,2,1,0,6,6,10,1
8,18,0,1,1,0,3,1,0,0,1,1,1,8,0,0,5,0,0,0,1
13,10,2,1,1,4,3,3,1,2,1,1,1,0,2,9,2,0,0,0,1
11,17,4,1,1,0,3,0,0,7,1,1,1,0,2,1,0,6,3,9,1
13,8,0,0,1,4,3,0,1,0,1,1,1,7,2,1,0,6,4,12,1
8,18,0,0,1,0,3,1,0,0,1,1,1,5,0,1,0,6,1,11,0
9,15,4,0,1,0,3,0,0,2,1,1,1,0,0,1,0,6,8,10,1
12,20,4,1,1,4,3,0,1,0,1,1,1,7,2,1,0,6,5,12,0
14,19,4,0,1,4,3,0,1,0,1,1,1,7,2,2,0,4,4,10,0
1,15,4,0,1,0,3,3,0,4,1,1,1,2,0,1,0,6,6,4,1
11,18,4,0,1,0,3,3,0,4,1,1,1,2,2,3,0,6,3,9,1
9,20,0,1,1,0,3,0,0,1,1,1,1,5,0,3,0,6,6,13,1
9,18,4,0,1,3,3,3,1,2,1,1,1,8,0,1,0,6,9,7,1
14,20,4,0,1,0,3,1,0,0,1,1,1,0,2,1,0,8,8,9,1
6,17,4,1,1,4,3,0,1,0,1,1,1,7,0,1,0,1,2,3,1
12,20,4,1,1,0,3,0,0,9,1,1,1,8,0,4,2,6,0,4,0
2,19,4,1,1,0,3,0,0,11,1,1,1,0,2,3,0,6,6,6,0
11,20,4,0,1,0,1,3,0,14,1,1,1,0,2,1,0,6,8,10,1
10,15,4,0,1,0,3,0,0,2,1,1,1,7,0,4,0,9,8,10,1
2,18,4,0,1,4,3,0,1,0,1,1,1,0,0,1,0,3,5,5,1
14,19,2,1,1,0,3,0,0,0,1,1,1,1,2,1,0,6,2,7,1
5,15,4,0,1,0,3,3,0,15,1,1,1,1,0,1,5,0,0,0,0
4,21,4,1,1,4,3,0,1,2,1,1,1,5,0,1,0,6,8,8,1
15,23,4,0,1,0,3,0,0,2,1,1,1,0,2,1,0,8,11,14,1
15,20,0,1,1,0,3,0,0,1,1,1,1,1,2,1,2,4,0,4,1
6,19,4,0,1,0,3,0,0,2,1,1,1,0,0,1,5,0,0,0,1
7,0,4,0,1,0,3,0,0,2,1,1,1,1,0,1,2,3,0,6,1
0,18,4,0,1,0,3,3,0,2,1,1,1,0,0,0,5,0,0,0,1
5,15,4,0,1,0,3,0,0,2,1,1,1,0,0,1,0,6,10,4,1
11,15,0,0,1,4,3,3,1,0,1,1,1,7,2,1,5,6,0,8,0
13,18,0,1,1,4,3,0,1,1,1,1,1,0,2,1,0,6,10,10,0
15,15,4,0,1,0,3,1,0,2,1,1,1,0,2,1,0,6,3,4,1
10,20,0,0,1,0,0,1,0,0,1,1,1,0,0,5,3,9,2,12,1
3,15,0,1,1,4,3,0,1,8,1,1,1,0,0,0,5,0,0,0,0
12,20,4,1,1,0,3,1,0,0,1,1,1,0,2,2,0,6,3,11,1
12,22,4,1,1,0,3,0,0,0,1,1,1,0,2,7,1,9,0,13,0
14,20,0,0,1,0,1,1,0,1,1,1,1,8,2,5,0,6,9,7,1
7,20,0,0,1,0,0,0,0,0,1,1,1,0,0,5,3,9,4,12,0
4,18,4,1,1,4,3,0,1,0,1,1,1,5,0,0,5,0,0,3,0
10,17,2,0,1,0,1,0,0,0,1,1,1,0,2,1,0,6,11,7,1
9,20,4,0,1,0,3,2,0,0,1,1,1,0,0,2,0,9,10,12,0
9,13,4,0,1,0,3,1,0,2,1,1,1,0,0,1,0,6,3,12,1
10,18,0,0,1,3,3,0,1,0,1,1,1,5,0,1,0,7,7,12,1
14,20,4,1,1,0,3,0,0,9,1,1,1,0,2,4,2,6,0,2,1
8,15,4,0,1,0,1,1,0,0,1,1,1,0,0,5,0,9,4,11,1
10,18,0,1,1,3,3,0,1,8,1,1,1,5,0,1,0,3,6,5,1
8,20,4,1,1,0,3,1,0,2,1,1,1,1,0,1,0,3,2,2,1
4,15,4,0,0,2,3,0,0,3,1,0,0,1,0,0,5,0,0,0,1
11,18,4,0,1,0,0,0,0,0,1,1,1,1,2,5,3,6,11,12,1
11,15,0,1,1,0,3,3,0,1,1,1,1,0,2,1,5,0,0,0,1
12,2,0,0,1,3,3,0,1,0,1,1,1,7,2,2,0,1,6,4,0
10,19,4,1,1,0,3,3,0,4,1,1,0,1,0,1,0,6,7,7,1
5,20,4,0,1,0,3,0,0,14,1,1,1,0,0,7,0,4,10,9,0
13,11,2,0,1,0,3,0,0,0,1,1,1,0,2,1,0,9,4,13,1
7,20,4,0,1,0,3,3,0,0,1,1,1,0,0,2,0,2,11,8,1
0,13,4,0,1,0,3,0,0,2,1,1,1,7,0,1,0,6,4,5,1
9,20,0,0,1,0,3,0,0,1,1,1,1,7,0,1,2,8,0,10,1
14,20,0,1,1,0,3,0,0,0,1,1,1,5,2,3,0,6,4,11,1
3,15,0,0,1,4,3,0,1,1,1,1,1,0,0,1,0,6,3,5,1
2,15,4,0,1,0,3,0,0,2,1,1,1,7,0,0,5,0,0,0,1
12,15,4,0,1,0,3,0,0,5,1,1,1,0,2,0,5,0,0,5,1
5,20,4,1,1,0,3,0,0,11,1,1,1,5,0,1,0,6,6,6,0
2,13,4,1,1,0,3,0,0,2,1,1,1,0,0,1,0,2,2,5,1
9,18,4,0,1,0,3,0,0,2,1,1,1,1,0,1,0,3,8,8,1
4,12,4,0,1,0,3,0,0,14,1,1,1,0,0,1,0,6,3,5,0
12,20,4,1,1,0,3,1,0,0,1,1,1,8,2,1,5,0,0,0,0
13,21,0,1,1,3,3,0,1,1,1,1,1,0,2,1,5,0,0,13,1
2,15,4,0,1,0,3,1,0,2,1,1,1,0,0,1,0,9,1,7,1
14,19,0,1,1,0,3,0,0,1,1,1,1,0,2,1,5,0,0,0,1
10,20,0,1,1,0,3,0,0,0,1,1,1,0,0,1,0,7,6,13,1
8,15,0,1,1,4,3,0,1,1,1,1,1,7,0,1,5,0,0,0,1
0,18,4,0,1,0,3,3,0,2,1,1,1,7,0,1,0,3,8,5,1
8,0,4,1,1,0,3,1,0,2,1,1,1,0,0,1,1,3,0,2,1
13,21,4,1,1,0,3,0,0,12,1,1,1,5,2,2,0,6,11,13,0
3,20,4,1,1,0,3,3,0,11,1,1,1,5,0,0,5,0,0,0,0
4,20,4,1,1,0,3,0,0,0,1,1,1,5,0,1,0,8,4,6,0
4,15,4,0,1,0,3,0,0,2,1,1,1,0,0,1,0,4,3,6,1
14,20,4,0,1,0,3,1,0,12,1,1,1,0,2,6,0,4,10,13,0
7,18,4,0,1,0,3,1,0,2,1,1,1,7,0,1,0,4,11,6,1
8,18,4,0,1,0,3,1,0,2,1,1,1,0,0,1,0,6,1,10,1
3,20,4,0,1,4,3,0,1,9,1,1,1,5,0,1,0,2,2,4,0
9,15,4,0,1,4,3,0,1,2,1,1,1,5,0,0,5,0,0,0,1
6,20,4,0,1,0,3,0,0,5,1,1,1,0,0,1,0,8,6,12,1
8,15,4,0,1,0,3,0,0,2,1,1,1,0,0,3,0,6,2,11,1
11,18,4,1,1,0,3,0,0,2,1,1,1,7,2,1,0,4,3,4,1
12,15,4,0,1,0,3,3,0,11,1,1,1,0,2,1,0,9,8,12,0
11,17,0,1,1,0,3,1,0,1,1,1,1,0,2,1,1,9,0,12,1
0,17,4,0,1,0,3,0,0,2,1,1,1,0,0,0,5,0,0,0,1
0,18,4,0,1,0,3,1,0,16,1,1,1,0,0,1,5,0,0,0,0
12,15,4,1,1,3,3,0,1,0,1,1,1,7,2,1,5,0,0,4,1
7,16,4,0,1,4,3,0,1,2,1,1,1,7,0,1,0,6,5,7,1
5,22,4,1,1,0,3,1,0,7,1,1,1,8,0,1,5,9,0,0,1
9,20,4,1,1,0,3,0,0,11,1,1,1,0,0,1,5,4,0,5,1
5,18,4,0,1,0,3,0,0,2,1,1,1,5,0,1,0,6,3,6,1
4,20,4,1,1,0,3,0,0,2,1,1,1,1,0,1,0,6,3,3,1
10,17,4,1,1,4,3,3,1,0,1,1,1,0,0,1,2,4,0,3,1
3,15,4,1,1,0,3,1,0,2,1,1,1,1,0,0,5,0,0,2,0
13,17,0,1,1,0,3,1,0,1,1,1,1,8,2,4,0,6,7,12,1
1,19,4,1,1,0,3,0,0,2,1,1,1,0,0,0,5,0,0,0,1
5,20,4,0,1,4,3,0,1,0,1,1,1,0,0,1,0,6,1,8,0
0,15,4,0,1,0,3,0,0,2,1,1,1,0,0,1,5,0,0,0,1
14,21,4,0,1,0,3,3,0,12,1,1,1,5,2,1,0,9,0,14,1
0,13,4,0,0,0,3,0,0,16,1,1,0,0,0,0,5,0,0,3,0
1,18,4,1,1,0,3,3,0,2,1,1,1,5,0,1,0,2,5,6,0
13,18,4,0,1,0,3,0,0,11,1,1,1,5,2,1,0,8,11,14,0
2,15,4,0,1,3,3,0,1,0,1,1,1,5,0,1,0,7,10,10,0
8,15,0,1,0,0,3,0,0,8,1,1,1,5,0,1,0,6,4,8,0
6,20,4,1,1,0,3,0,0,2,1,1,1,0,0,1,0,3,4,5,0
5,15,4,0,0,0,3,0,0,2,1,1,1,0,0,1,5,0,0,0,1
12,21,4,1,1,4,3,3,1,11,1,1,1,5,2,1,0,6,10,13,0
15,14,4,0,0,0,3,2,1,2,1,1,0,2,2,1,4,3,1,6,1
13,20,4,0,1,4,3,0,1,0,1,1,1,5,2,3,0,9,6,14,1
15,18,0,0,1,0,3,0,0,11,1,1,1,0,2,1,0,9,6,12,1
7,18,4,1,1,0,3,0,0,2,1,1,1,0,0,1,0,5,2,7,1
10,21,0,0,1,4,3,0,1,1,1,1,1,5,0,1,0,8,8,14,1
9,15,4,1,1,0,3,0,0,9,1,1,1,0,0,1,0,6,11,8,1
1,17,4,1,1,0,3,1,0,2,1,1,1,0,0,1,0,5,6,2,0
15,19,0,1,1,0,3,0,0,2,1,1,1,7,2,0,5,0,0,0,1
7,19,0,1,1,0,3,1,0,2,1,1,1,0,0,3,0,4,5,9,1
0,17,4,0,1,0,3,0,0,2,1,1,1,7,0,1,0,1,6,2,1
1,18,4,1,1,0,3,0,0,0,1,1,1,2,0,5,3,7,1,13,1
13,20,4,0,1,0,3,3,0,11,1,1,1,0,2,1,0,8,8,13,0
0,17,4,1,1,0,3,0,0,2,1,1,1,0,0,0,5,0,0,0,1
10,18,4,0,1,0,3,0,0,0,1,1,1,0,0,1,0,6,6,9,1
15,20,0,1,1,0,3,3,0,0,1,1,1,0,2,3,0,6,4,9,1
13,7,4,1,0,0,3,0,0,2,1,0,0,8,0,8,2,2,0,4,1
11,20,4,0,1,4,3,0,1,11,1,1,1,0,2,1,0,8,4,12,0
3,21,4,1,1,0,3,1,0,2,1,1,1,0,0,0,5,0,0,5,1
8,15,4,1,1,4,3,0,1,12,1,1,1,7,0,1,2,6,0,2,1
4,20,4,0,1,3,3,0,1,2,1,1,1,5,0,1,0,2,10,4,1
7,20,0,1,1,4,3,0,1,1,1,1,1,0,0,1,0,6,5,9,1
12,20,0,0,1,0,3,0,0,11,1,1,1,0,2,1,0,6,4,13,1
10,15,4,1,1,0,3,3,0,2,1,1,1,1,0,1,0,4,3,6,1
2,15,4,0,0,0,3,0,0,0,1,1,1,7,0,1,0,5,6,3,1
0,15,4,0,1,0,3,1,0,16,1,1,1,0,0,1,5,4,0,2,0
2,19,4,0,1,0,3,0,0,0,1,1,1,0,0,1,0,9,3,5,1
1,15,4,1,1,0,3,0,0,2,1,1,1,0,0,1,0,2,3,4,1
5,15,4,0,1,0,0,0,0,16,1,1,1,0,0,5,3,6,1,7,1
3,15,4,0,1,0,1,1,0,14,1,1,1,0,0,1,0,8,3,9,0
9,21,0,1,1,4,3,0,1,1,1,1,1,0,0,1,0,2,4,8,0
15,15,4,0,1,0,3,0,0,2,1,1,1,5,2,0,5,0,0,2,1
12,16,4,0,1,0,3,0,0,15,1,1,1,0,2,1,5,0,0,0,0
12,22,4,0,1,0,3,1,0,0,1,1,1,8,2,7,1,9,0,13,1
10,19,0,1,1,0,3,0,0,1,1,1,1,1,0,1,0,6,8,10,1
2,18,4,1,1,0,3,3,0,2,1,1,1,0,0,1,0,2,2,2,0
2,15,4,0,1,0,3,0,0,16,1,1,1,0,0,0,5,0,0,0,0
6,18,4,0,1,0,3,1,0,0,1,1,1,8,0,1,0,6,6,12,0
8,20,4,0,1,0,3,0,0,0,1,1,1,0,0,2,0,6,3,13,1
6,18,4,0,1,0,3,0,0,2,1,1,1,0,0,1,5,0,0,0,0
5,19,4,1,1,0,3,0,0,12,1,1,1,1,0,1,0,3,6,6,1
1,17,4,0,1,0,3,0,0,2,1,1,1,5,0,1,2,1,0,2,0
8,18,0,0,1,0,3,1,0,0,1,1,1,0,0,1,0,9,3,12,1
6,20,4,1,1,3,3,0,1,11,1,1,1,5,0,2,0,6,8,10,0
8,20,4,1,0,0,3,0,0,0,1,1,0,0,0,1,0,6,5,4,0
14,23,0,1,1,0,3,1,0,1,1,1,1,0,2,1,0,8,4,14,1
8,20,4,1,1,0,3,1,0,0,1,1,1,5,0,1,0,6,2,7,0
1,15,4,1,1,0,3,3,0,2,1,1,1,0,0,1,0,4,2,2,1
10,15,4,1,1,0,3,0,0,5,1,1,1,7,0,1,2,0,0,0,1
0,18,4,1,1,0,3,1,0,2,1,1,1,0,0,1,0,4,6,6,1
11,20,0,1,1,0,3,0,0,1,1,1,1,0,2,1,0,8,11,11,1
2,15,4,1,1,0,3,3,0,3,1,1,1,8,0,1,0,2,2,6,1
4,15,4,0,1,0,3,1,0,2,1,1,1,0,0,1,0,8,11,11,1
9,17,0,0,1,0,3,0,0,1,1,1,1,0,0,1,0,6,4,9,1
14,15,0,1,1,0,3,0,0,1,1,1,1,7,2,1,2,0,0,0,1
0,18,4,1,1,0,3,3,0,11,1,1,1,0,0,1,0,2,3,3,1
4,21,0,1,1,0,3,1,0,0,1,1,1,0,0,4,5,1,0,1,0
4,20,4,1,1,0,3,0,0,2,1,1,1,0,0,1,2,4,0,6,1
11,20,0,1,1,0,3,0,0,1,1,1,1,5,2,3,0,3,6,11,1
13,20,4,0,1,0,3,1,0,15,1,1,1,0,2,0,5,0,0,0,1
5,20,4,0,1,0,3,0,0,12,1,1,1,0,0,6,2,6,0,4,1
3,20,4,1,1,4,3,3,1,11,1,1,1,5,0,0,5,0,0,0,0
11,15,4,0,0,3,3,0,1,0,1,1,0,5,2,1,5,0,0,0,1
11,15,4,0,1,0,3,3,0,2,1,1,1,0,2,1,0,4,6,10,1
12,13,4,0,1,0,3,0,0,15,1,1,1,1,2,1,5,0,0,0,1
11,18,4,1,1,3,3,0,1,2,1,1,1,5,0,2,0,2,3,4,1
12,13,4,0,1,0,3,0,0,15,1,1,1,7,2,6,5,0,0,2,1
14,20,0,0,1,0,3,3,0,1,1,1,1,0,2,1,1,9,0,14,1
11,15,0,1,1,0,3,0,0,2,1,1,1,0,2,2,0,1,3,2,1
6,18,4,1,1,0,3,0,0,0,1,1,1,8,0,1,0,1,2,2,1
11,21,4,1,1,4,3,0,1,0,1,1,1,0,2,4,0,6,4,10,0
12,18,4,0,1,0,3,0,0,2,1,1,1,0,2,6,0,6,10,10,1
15,17,4,1,1,0,3,0,0,2,1,1,1,7,2,1,0,6,6,2,1
3,17,4,1,1,0,3,0,0,9,1,1,1,0,0,1,0,1,2,2,1
10,15,0,1,1,0,3,0,0,1,1,1,1,0,0,1,0,5,1,10,1
12,14,4,0,1,0,3,0,0,2,1,1,1,7,2,1,0,1,8,4,1
7,15,4,0,1,0,3,0,0,16,1,1,1,0,0,0,5,0,0,0,1
13,18,2,0,0,0,3,1,0,15,1,1,1,0,2,1,5,0,0,2,0
0,18,4,0,0,0,3,0,0,2,0,1,1,5,0,1,0,2,9,2,1
6,18,4,1,1,0,3,0,0,12,1,1,1,0,0,1,0,8,4,9,1
6,18,4,1,1,0,3,3,0,5,1,1,1,0,0,1,0,6,4,11,1
13,20,0,1,1,4,3,3,1,1,1,1,1,5,2,1,0,1,3,3,1
0,18,4,0,1,0,3,3,0,2,1,1,1,7,0,1,0,2,3,4,1
13,18,0,0,1,0,3,0,0,0,1,1,1,5,2,1,0,6,10,11,0
15,15,0,0,1,0,3,1,0,1,1,1,1,0,2,1,0,6,4,8,1
10,16,0,1,1,0,3,0,0,0,1,1,1,0,0,3,0,3,1,3,1
14,16,2,0,1,0,3,0,0,2,1,1,1,0,2,1,2,6,0,10,1
8,20,4,1,1,4,3,0,1,11,1,1,1,5,0,1,0,6,4,12,1
10,15,4,1,1,0,3,3,0,2,1,1,1,0,0,0,5,0,0,0,1
1,15,4,1,1,0,3,0,0,2,1,1,1,7,0,0,5,0,0,0,1
6,13,4,0,1,0,3,3,0,11,1,1,1,0,0,1,5,0,0,0,1
4,20,4,1,1,4,3,0,1,4,1,1,1,5,0,0,5,0,0,0,1
13,18,4,0,1,0,3,1,0,0,1,1,1,0,2,0,5,0,0,5,0
15,18,0,1,1,4,3,0,1,0,1,1,1,0,2,0,5,0,0,0,1
15,15,0,1,1,4,3,0,1,0,1,1,1,8,0,2,5,4,0,1,0
0,18,4,1,1,0,3,1,0,2,1,1,1,0,0,1,0,3,2,4,0
3,20,4,0,1,0,3,3,0,2,1,1,1,0,0,1,0,6,4,5,1
7,19,0,1,1,0,3,3,0,1,1,1,1,7,0,1,5,0,0,0,0
8,20,4,1,1,0,3,1,0,0,1,1,1,0,0,1,0,6,6,10,1
11,20,4,1,1,0,3,0,0,2,1,1,1,0,2,1,0,4,4,5,1
2,18,4,0,1,0,3,1,0,5,1,1,1,0,0,1,2,6,0,5,1
4,18,4,1,1,0,3,0,0,2,1,1,1,7,0,1,0,6,4,9,1
11,18,4,1,1,0,3,0,0,4,1,1,1,2,2,1,0,5,4,9,1
6,18,4,1,1,0,3,0,0,2,1,1,1,0,0,0,5,0,0,0,1
5,20,4,1,1,0,3,0,0,2,1,1,1,0,0,1,0,6,3,9,1
11,20,4,1,1,0,3,1,0,2,1,1,1,0,2,1,0,6,8,11,1
1,18,4,0,1,0,3,3,0,2,1,1,1,0,0,1,0,2,4,2,1
13,18,4,1,1,0,3,0,0,2,1,1,1,0,2,1,5,6,0,7,1
0,15,4,1,1,0,3,0,0,11,1,1,1,7,0,0,5,0,0,0,0
8,19,0,0,1,4,3,0,1,8,1,1,1,5,0,1,0,6,0,8,0
15,20,4,0,1,0,3,0,0,2,1,1,1,0,2,1,0,6,3,11,1
9,20,0,1,1,0,3,1,0,0,1,1,1,0,0,6,0,8,2,14,1
12,20,4,1,1,4,3,0,1,0,1,1,1,5,2,1,0,6,3,11,1
12,15,0,0,0,0,3,0,0,3,0,1,1,0,2,1,0,2,8,10,1
6,20,4,1,1,3,2,0,1,2,1,1,1,1,0,5,4,6,4,11,0
4,20,4,0,1,0,3,0,0,2,1,1,1,5,0,1,0,6,7,12,1
1,15,4,1,1,0,3,0,0,2,1,1,1,1,0,1,0,5,3,2,1
11,14,0,1,1,4,3,0,1,0,1,1,1,7,2,1,2,2,0,5,1
5,12,0,0,1,0,3,0,0,1,1,1,1,7,0,1,0,6,10,12,1
6,19,4,1,1,0,3,1,0,2,1,1,1,0,0,2,0,6,11,7,1
2,16,4,1,1,0,3,0,0,11,1,1,1,7,0,1,0,7,6,7,0
4,19,0,1,1,0,3,3,0,8,1,1,1,0,0,4,0,1,0,3,1
2,18,4,1,1,0,3,1,0,16,1,1,1,0,0,0,5,0,0,0,1
11,17,4,1,1,0,3,1,0,0,1,1,1,0,2,1,0,1,8,1,1
12,20,4,1,1,0,3,1,0,2,1,1,1,0,2,1,0,2,4,4,1
6,17,4,1,1,0,3,0,0,2,1,1,1,7,0,1,0,6,8,13,1
1,19,4,1,1,0,3,1,0,2,1,1,1,0,0,1,0,1,3,2,1
15,21,0,0,1,4,3,0,1,0,1,1,1,5,2,1,0,8,11,14,0
6,20,4,0,1,0,3,1,0,2,1,1,1,8,0,1,0,3,6,14,1
13,21,0,1,1,0,3,0,0,1,1,1,1,5,2,1,0,8,4,14,1
0,18,4,1,1,0,3,0,0,2,1,1,1,0,0,1,0,2,0,4,1
8,20,4,1,1,0,3,0,0,0,1,1,1,7,0,1,5,6,0,3,1
10,23,0,0,1,3,3,0,1,5,1,1,1,5,0,6,5,1,0,4,1
14,15,4,1,1,0,3,3,0,9,1,1,1,0,2,3,5,6,0,2,0
15,22,0,1,1,4,3,0,1,1,1,1,1,7,2,1,0,4,6,8,0
8,20,4,1,1,0,3,0,0,2,1,1,1,0,0,1,0,5,9,3,1
11,18,4,1,1,0,3,0,0,16,1,1,1,5,0,2,0,4,5,4,0
3,18,4,1,1,0,3,0,0,12,1,1,1,7,0,0,5,0,0,4,1
4,19,0,1,1,0,3,0,0,0,1,1,1,0,0,1,0,3,3,9,1
8,18,4,1,1,0,3,0,0,0,1,1,1,1,0,3,0,2,1,6,1
1,18,4,0,1,0,3,3,0,2,1,1,1,0,0,0,5,0,0,0,1
12,20,0,0,1,0,3,3,0,1,1,1,1,0,2,1,0,6,7,13,1
1,15,4,0,1,0,3,0,0,2,1,1,1,0,0,1,2,1,0,5,1
13,19,4,0,1,0,3,0,0,0,1,1,1,0,2,1,0,6,7,10,1
9,15,0,0,1,0,0,0,0,6,1,1,1,5,0,2,0,8,2,14,1
5,18,4,1,1,0,3,3,0,5,1,1,1,0,0,6,0,8,3,10,1
1,18,4,1,1,0,3,0,0,16,1,1,1,0,0,1,0,3,1,3,0
0,15,4,0,0,0,3,0,0,2,1,1,0,0,0,0,5,0,0,0,1
13,18,0,1,1,0,3,1,0,9,1,1,1,0,2,1,0,6,8,8,1
7,15,0,1,1,0,3,0,0,1,1,1,1,7,0,1,0,6,2,9,1
3,15,4,0,1,0,3,3,0,11,1,1,1,0,0,1,2,2,0,4,1
6,15,0,1,1,0,3,0,0,0,1,1,1,0,0,1,0,4,8,5,0
10,15,0,0,0,0,3,0,0,8,1,1,0,7,0,1,0,6,1,8,1
14,20,2,1,1,0,3,0,0,2,1,1,1,1,2,6,5,0,0,0,1
13,20,0,0,1,0,3,0,0,2,1,1,1,0,2,1,0,6,7,9,1
1,18,4,0,1,0,3,0,0,2,1,1,1,0,0,2,0,6,1,9,1
6,20,4,0,1,0,3,1,0,12,1,1,1,0,0,1,0,6,0,9,1
8,19,4,1,1,0,3,0,0,7,1,1,1,0,0,1,0,6,11,7,1
13,18,4,0,1,0,3,0,0,2,1,1,1,7,2,2,0,6,3,11,1
10,18,2,1,1,0,3,1,0,0,1,1,1,0,0,1,0,6,8,7,1
3,15,4,0,1,0,0,3,0,11,1,1,1,7,0,5,3,8,2,6,1
7,18,4,0,1,0,3,3,0,5,1,1,1,0,0,1,0,6,10,11,1
15,17,0,1,1,0,3,3,0,1,1,1,1,0,2,1,0,3,4,3,1
2,18,4,0,1,0,3,3,0,2,1,1,1,0,0,1,0,4,3,5,0
0,18,4,1,1,0,3,0,0,16,1,1,1,5,0,3,0,1,1,3,1
10,0,4,0,1,4,3,3,1,14,1,1,1,0,0,1,0,8,3,9,1
0,17,4,1,1,4,3,0,1,2,1,1,1,7,0,1,0,3,4,1,1
2,18,4,1,0,0,3,1,0,2,1,1,1,0,0,0,5,0,0,0,1
14,11,3,1,1,0,3,0,0,0,1,1,1,0,2,6,0,6,3,6,1
15,20,0,0,1,0,3,1,0,0,1,1,1,0,2,1,0,8,4,12,1
2,18,0,0,1,0,3,0,0,8,1,1,1,0,0,0,5,0,0,0,1
15,21,0,1,1,4,3,0,1,1,1,1,1,5,2,0,5,0,0,0,0
10,20,4,0,1,0,3,0,0,12,1,1,1,0,0,1,2,6,0,14,1
9,14,4,0,0,0,3,2,0,5,1,1,0,0,0,1,0,3,10,4,1
7,15,4,1,1,0,3,0,0,2,1,1,1,1,0,1,0,5,3,2,1
5,15,4,1,1,0,3,0,0,2,1,1,1,7,0,1,0,6,1,6,1
1,18,4,1,1,0,3,0,0,2,1,1,1,0,0,0,5,0,0,0,1
10,20,4,1,1,0,3,1,0,2,1,1,1,0,0,1,0,6,4,8,1
13,23,0,0,1,4,3,0,1,1,1,1,1,0,2,7,0,6,11,14,1
11,15,4,1,1,0,3,0,0,12,1,1,1,0,2,1,0,9,3,11,1
11,15,4,0,1,0,3,1,0,0,1,1,1,0,2,1,0,6,1,9,1
6,20,4,0,1,3,3,0,1,2,1,1,1,5,0,2,0,3,6,2,1
8,17,4,0,1,0,3,1,0,2,1,1,1,8,0,1,0,7,8,12,1
1,17,4,1,1,0,3,1,0,2,1,1,1,0,0,2,0,4,4,7,1
3,15,0,1,1,0,3,3,0,1,1,1,1,7,0,0,5,0,0,0,1
12,17,0,1,1,0,3,3,0,1,1,1,1,8,2,1,5,0,0,0,0
3,18,4,0,1,0,3,0,0,14,1,1,1,0,0,0,5,0,0,0,1
13,21,4,1,1,0,3,0,0,0,1,1,1,5,2,2,0,6,6,10,0
5,15,4,1,1,0,3,1,0,12,1,1,1,8,0,1,0,2,4,5,1
7,15,4,0,1,0,3,0,0,2,1,1,1,7,0,1,0,6,4,5,1
13,21,0,1,1,4,3,0,1,1,1,1,1,5,2,1,0,6,10,13,0
14,18,0,1,1,0,3,1,0,0,1,1,1,0,2,1,0,8,3,10,0
9,21,4,1,1,3,3,3,1,0,1,1,1,0,0,1,0,6,3,9,1
6,20,4,1,1,0,3,1,0,2,1,1,1,8,0,1,0,6,8,11,1
10,21,0,0,1,0,3,3,0,2,1,1,1,5,0,1,0,6,4,10,1
12,20,4,0,1,4,3,0,1,9,1,1,1,8,0,2,0,6,3,14,1
5,15,4,1,1,4,3,0,1,2,1,1,1,8,0,1,0,4,1,3,1
9,20,4,1,1,0,3,0,0,0,1,1,1,0,0,1,5,6,0,3,0
2,15,4,0,1,0,3,0,0,15,1,1,1,7,0,3,5,6,0,1,1
4,20,4,0,1,0,3,1,0,2,1,1,1,0,0,1,0,2,6,4,1
3,17,4,1,1,0,3,3,0,2,1,1,1,0,0,1,5,0,0,0,1
5,20,4,1,1,2,3,1,0,2,1,1,1,8,0,1,0,5,1,2,1
4,18,4,0,1,0,3,1,0,2,1,1,1,0,0,1,0,3,2,5,1
3,15,4,0,1,0,3,0,0,14,1,1,1,0,0,1,0,6,4,4,1
5,19,4,0,1,0,3,1,0,2,1,1,1,0,0,1,0,6,6,2,1
5,15,4,1,1,0,3,0,0,7,1,1,1,0,0,1,0,5,2,2,1
11,11,4,0,1,0,3,0,0,11,1,1,1,0,2,1,0,9,3,12,1
14,20,4,0,1,0,3,0,0,0,1,1,1,5,2,1,0,6,5,14,0
13,20,0,1,1,0,3,0,0,0,1,1,1,7,2,3,0,6,6,13,0
11,21,0,1,1,4,3,0,1,1,1,1,1,5,2,0,5,0,0,0,1
9,20,4,1,1,0,3,3,0,0,1,1,1,0,0,1,0,6,4,13,0
1,18,4,0,1,0,3,1,0,2,1,1,1,7,0,1,0,6,4,6,1
5,18,4,0,1,0,3,0,0,0,1,1,1,0,0,1,0,6,6,4,0
7,20,0,0,1,0,3,1,0,0,1,1,1,0,0,1,0,6,8,14,0
14,20,0,1,1,0,3,0,0,1,1,1,1,0,2,6,5,0,0,0,1
9,0,4,0,0,0,3,3,0,2,0,1,1,6,0,0,0,2,8,7,1
14,15,4,1,1,0,3,0,0,2,1,1,1,0,2,1,0,9,11,8,1
3,15,4,0,1,0,3,0,0,2,1,1,1,0,0,1,0,4,2,5,1
1,15,4,1,1,0,3,0,0,2,1,1,1,7,0,1,0,2,11,3,1
1,18,4,0,1,0,3,0,0,5,1,1,1,0,0,1,0,6,2,8,1
7,20,4,0,1,4,3,0,1,0,1,1,1,5,0,4,0,6,6,11,1
9,15,0,1,1,0,3,0,0,1,1,1,1,0,0,1,0,5,3,7,1
14,17,0,0,1,0,1,1,0,1,1,1,1,0,2,1,0,7,11,12,1
6,18,4,1,1,0,3,3,0,14,1,1,1,0,0,1,5,0,0,0,1
4,20,4,0,1,4,3,0,1,14,1,1,1,5,0,1,0,6,2,9,1
2,12,4,0,0,4,3,0,1,9,1,1,1,5,0,0,5,0,0,1,1
6,20,4,0,1,0,3,0,0,0,1,1,1,1,0,2,0,6,0,1,1
0,15,4,1,1,0,3,1,0,2,1,1,1,8,0,3,0,2,1,3,1
5,17,0,1,1,0,3,0,0,8,1,1,1,7,0,1,0,6,5,8,1
13,0,4,1,1,4,3,0,1,12,1,1,1,7,2,1,0,6,3,9,1
13,20,0,1,1,3,3,0,1,2,1,1,1,5,2,2,5,0,0,0,1
10,17,0,1,1,0,3,3,0,2,1,1,1,0,0,1,0,4,3,8,1
11,18,4,1,1,0,3,0,0,0,1,1,1,0,2,4,0,6,8,10,1
11,18,4,1,1,0,3,0,0,0,1,1,1,7,2,3,0,6,2,5,1
9,20,0,0,1,0,0,0,0,0,1,1,1,0,0,5,3,6,9,12,0
15,18,0,0,1,3,3,0,1,0,1,1,1,0,2,1,0,6,8,13,0
3,20,4,0,1,0,3,1,0,5,1,1,1,0,0,1,0,3,4,4,1
4,20,4,0,1,0,3,0,0,2,1,1,1,0,0,1,0,6,8,9,0
5,18,4,1,1,0,3,0,0,2,1,1,1,0,0,1,0,6,4,5,1
10,20,0,0,1,0,3,0,0,0,1,1,1,0,0,4,2,8,0,14,1
11,20,4,1,1,3,3,0,1,11,1,1,1,5,2,1,0,6,6,9,1
15,18,3,1,1,0,3,0,0,2,1,1,1,0,2,6,0,6,0,4,1
11,18,2,0,0,0,3,0,0,0,1,1,1,2,2,1,0,6,4,6,1
7,19,4,1,1,0,3,1,0,7,1,1,1,8,0,1,5,0,0,0,1
4,21,4,1,1,0,3,0,0,2,1,1,1,5,0,1,0,2,10,8,1
10,19,0,1,1,0,3,3,0,0,1,1,1,0,0,1,0,6,2,5,1
9,18,0,0,1,0,3,2,0,0,1,1,1,0,0,1,0,9,2,11,0
3,18,4,1,1,0,3,0,0,2,1,1,1,1,0,1,0,3,1,4,0
10,12,2,1,1,0,3,0,0,7,1,1,1,0,0,1,0,6,11,12,1
4,15,4,1,1,0,3,0,0,3,1,1,1,1,0,6,0,2,2,3,1
1,17,4,0,1,0,3,3,0,2,1,1,1,5,0,1,0,3,3,4,1
1,15,4,0,1,0,3,0,0,7,1,1,1,7,0,0,5,0,0,0,1
9,15,0,1,1,0,3,0,0,0,1,1,1,7,0,1,0,6,3,9,1
6,9,4,0,1,4,3,0,1,12,1,1,1,7,0,2,0,1,1,6,0
15,20,0,0,1,0,3,1,0,1,1,1,1,0,2,1,0,9,6,14,1
3,15,4,1,1,0,3,1,0,2,1,1,1,8,0,0,5,0,0,4,1
2,18,4,1,1,0,3,0,0,2,1,1,1,0,0,0,5,0,0,0,1
9,3,0,1,1,4,3,0,1,14,1,1,1,7,0,6,0,6,4,7,1
11,15,0,1,1,4,3,0,1,8,1,1,1,7,2,0,5,0,0,0,1
6,15,0,0,1,0,3,1,0,1,1,1,1,0,0,1,0,5,3,9,1
15,20,0,0,1,0,3,2,0,0,1,1,1,0,2,2,0,9,6,12,0
0,15,4,1,1,0,3,0,0,7,1,1,1,0,0,0,5,0,0,1,1
9,7,4,1,1,2,3,0,1,12,1,1,1,7,0,6,0,2,3,2,1
4,18,4,1,1,0,3,1,0,2,1,1,1,8,0,1,5,0,0,1,1
3,15,4,0,1,0,3,0,0,2,1,1,1,0,0,1,0,8,3,11,1
1,15,4,0,1,3,3,3,0,2,1,1,1,0,0,7,0,4,5,1,1
12,13,4,0,1,4,3,0,1,0,1,1,1,7,2,1,0,5,6,6,1
2,18,4,1,1,0,3,3,0,11,1,1,1,0,0,0,5,0,0,0,1
10,18,4,0,1,0,3,0,0,2,1,1,1,0,0,4,0,6,1,10,1
4,18,4,1,1,0,3,0,0,16,1,1,1,1,0,1,0,4,8,6,0
11,20,4,1,1,0,3,3,0,0,1,1,1,7,2,1,0,6,6,9,0
13,20,4,0,1,4,3,0,1,0,1,1,1,0,0,4,0,5,5,14,0
3,18,4,1,1,0,3,3,0,2,1,1,1,7,0,1,0,5,4,3,1
2,22,4,1,1,0,3,3,0,7,1,1,1,0,0,1,0,6,4,5,1
11,15,4,0,1,0,3,0,0,2,1,1,1,0,2,1,0,6,4,4,1
15,18,0,1,1,0,3,0,0,0,1,1,1,0,2,0,5,0,0,0,1
6,11,4,0,1,4,3,0,1,11,1,1,1,7,0,1,0,9,10,2,1
0,15,0,0,1,4,3,1,1,1,1,1,1,8,0,1,5,1,0,2,1
6,18,4,0,0,0,3,1,0,2,1,1,0,0,0,1,0,1,6,3,1
10,19,4,0,1,3,3,0,1,0,1,1,1,7,0,1,0,6,4,11,1
3,15,4,0,1,0,0,0,0,16,1,1,1,0,0,5,3,9,1,6,0
12,15,4,1,1,0,3,0,0,9,1,1,1,0,2,1,0,6,8,10,1
14,15,0,1,1,3,3,0,1,1,1,1,1,5,2,1,0,6,6,9,1
0,18,4,0,1,0,3,0,0,2,1,1,1,0,0,1,0,5,3,6,1
15,20,2,1,1,0,3,2,0,0,1,1,1,0,2,1,0,9,1,10,1
13,8,4,0,1,4,3,0,1,2,1,1,1,0,2,1,0,5,9,3,1
11,17,4,1,0,0,3,3,0,13,1,0,0,8,2,2,2,0,0,11,1
8,18,4,0,1,4,3,0,1,0,1,1,1,5,0,1,0,9,8,6,1
3,19,4,1,1,0,3,0,0,2,1,1,1,0,0,3,0,2,8,5,1
8,20,4,1,1,0,3,1,0,2,1,1,1,0,0,1,0,6,6,7,0
14,15,0,0,1,3,3,3,1,0,1,1,1,0,2,1,0,6,3,13,1
4,20,4,0,1,4,3,0,1,0,1,1,1,0,0,1,0,6,5,7,0
10,20,0,1,1,4,3,0,1,1,1,1,1,0,0,5,0,8,2,7,1
4,12,3,1,0,0,3,0,0,0,1,1,0,3,0,0,5,0,0,4,1
1,15,4,1,1,0,3,0,0,16,1,1,1,7,0,1,5,1,0,3,1
3,20,4,1,1,0,3,3,0,2,1,1,1,7,0,1,0,2,5,5,1
9,20,0,1,1,0,3,0,0,2,1,1,1,5,0,0,5,0,0,0,1
12,20,4,1,1,0,3,0,0,11,1,1,1,5,2,1,0,6,10,11,1
15,21,0,1,1,3,3,0,1,0,1,1,1,5,2,1,0,7,2,14,0
5,18,4,1,1,4,3,0,1,2,1,1,1,5,0,1,0,6,3,2,1
5,20,4,1,1,4,3,0,1,0,1,1,1,5,0,1,0,4,10,8,0
13,21,4,1,1,4,3,1,1,0,1,1,1,0,2,1,0,6,6,14,1
4,20,4,0,1,0,3,0,0,2,1,1,1,1,0,1,0,2,2,4,1
7,20,4,1,1,0,3,0,0,0,1,1,1,0,0,1,1,6,0,9,0
1,18,4,1,1,0,3,0,0,2,1,1,1,1,0,9,2,0,0,0,1
15,20,4,0,0,0,3,0,0,0,1,1,0,7,2,1,0,6,3,8,1
15,20,0,0,1,0,3,1,0,1,1,1,1,0,2,3,0,8,3,13,1
2,15,4,0,1,0,3,0,0,2,1,1,1,0,0,1,0,7,1,7,1
11,20,2,1,1,0,3,1,0,0,1,1,1,0,2,1,5,3,0,2,1
6,20,4,1,1,0,3,0,0,0,1,1,1,0,0,1,0,8,6,12,1
13,20,4,0,1,0,3,1,0,0,1,1,1,0,2,7,0,6,0,8,0
10,12,2,0,1,4,3,0,1,0,1,1,1,2,0,1,0,6,8,14,1
5,20,4,1,1,0,3,1,0,11,1,1,1,5,0,4,0,8,8,10,0
13,18,4,0,1,0,3,0,0,0,1,1,1,0,2,6,5,0,0,0,1
7,20,4,0,1,0,3,0,0,5,1,1,1,5,0,1,0,6,10,12,1
6,20,4,1,1,0,3,1,0,0,1,1,1,0,0,1,0,7,0,11,1
14,23,0,1,1,4,3,0,1,0,1,1,1,0,2,1,0,6,6,13,1
13,15,0,1,1,0,3,0,0,0,1,1,1,0,2,3,0,6,7,13,0
11,15,4,1,0,0,3,0,0,0,1,0,0,8,2,1,0,6,0,12,0
6,20,4,1,1,0,3,1,0,11,1,1,1,0,0,1,0,7,2,11,0
4,18,4,0,1,0,1,3,0,16,1,1,1,0,0,6,0,6,7,7,1
3,18,4,1,1,4,3,3,1,11,1,1,1,5,0,0,5,0,0,0,0
2,17,4,1,1,0,3,0,0,2,1,1,1,0,0,1,5,2,0,2,1
12,20,0,1,1,0,3,0,0,1,1,1,1,0,2,2,5,0,0,0,1
7,18,4,1,1,0,3,0,0,5,1,1,1,7,0,1,0,6,2,5,1
3,18,4,0,1,0,3,0,0,11,1,1,1,0,0,1,0,2,1,4,0
9,17,4,1,1,0,3,0,0,9,1,1,1,1,0,1,5,3,0,1,1
11,21,0,0,1,3,3,0,1,1,1,1,1,5,2,3,0,8,2,11,1
10,14,0,0,1,0,3,0,0,15,1,1,1,0,0,1,2,0,0,0,1
1,18,4,0,1,3,3,0,1,2,1,1,1,5,0,0,5,0,0,0,1
9,13,0,0,1,0,3,0,0,2,1,1,1,0,0,1,5,4,0,2,1
4,18,4,1,0,0,3,0,0,2,1,0,1,0,0,1,5,6,0,7,1
4,15,4,0,1,0,3,3,0,15,1,1,1,0,0,1,5,0,0,0,0
1,15,4,0,1,4,3,3,1,16,1,1,1,0,0,0,5,0,0,0,0
12,17,0,1,1,4,3,0,1,1,1,1,1,7,2,2,0,6,8,8,1
6,15,0,0,1,0,3,0,0,2,1,1,1,1,0,1,0,6,11,3,0
12,18,4,0,1,0,3,0,0,11,1,1,1,0,2,1,0,6,8,6,1
3,20,4,0,1,0,3,3,0,2,1,1,1,0,0,1,0,9,8,13,1
11,11,4,0,1,3,3,0,1,15,1,1,1,0,2,0,5,0,0,0,1
7,19,4,1,1,0,3,0,0,12,1,1,1,7,0,2,0,6,2,9,1
8,13,4,0,0,0,3,0,0,15,1,1,0,1,0,0,5,0,0,4,0
10,20,4,0,1,0,0,3,0,0,1,1,1,0,0,5,3,8,5,12,1
6,18,4,0,1,0,3,0,0,2,1,1,1,7,0,1,0,6,2,8,1
9,15,3,1,1,0,3,3,0,9,1,1,1,0,0,1,0,6,0,8,0
0,18,4,0,1,0,3,1,0,11,1,1,1,0,0,1,0,4,4,4,0
2,18,4,0,1,0,0,0,0,16,1,1,1,0,0,5,3,6,2,7,0
13,19,0,1,1,3,3,0,1,1,1,1,1,7,2,7,0,6,3,7,1
10,20,4,0,1,3,3,1,1,0,1,1,1,0,0,1,0,6,6,4,0
0,18,4,1,1,0,3,3,0,11,1,1,1,8,0,1,5,3,0,3,0
9,20,4,1,1,0,3,0,0,2,1,1,1,0,0,3,5,0,0,0,1
1,15,4,0,1,0,3,0,0,2,1,1,1,5,0,1,0,7,5,12,1
1,14,4,0,0,0,3,3,0,2,1,1,0,0,0,0,5,0,0,0,1
4,20,4,0,1,4,3,0,1,11,1,1,1,5,0,1,0,6,10,12,0
9,20,4,1,1,0,3,0,0,0,1,1,1,0,0,4,0,6,4,11,0
1,15,4,0,1,0,3,0,0,2,1,1,1,0,0,0,5,0,0,0,1
12,21,0,0,1,4,3,3,1,0,1,1,1,5,2,1,0,6,8,14,1
12,20,4,0,1,0,3,3,0,2,1,1,1,0,2,1,2,0,0,0,1
1,19,4,1,1,0,3,1,0,12,1,1,1,0,0,1,0,6,2,12,1
11,20,4,1,1,0,3,0,0,2,1,1,1,0,2,2,0,3,0,4,1
9,20,4,1,1,0,3,3,0,12,1,1,1,0,0,6,0,6,0,9,0
2,17,0,1,0,0,3,1,0,1,1,1,1,0,2,0,5,0,0,0,1
14,21,0,0,1,4,3,1,1,1,1,1,1,0,2,1,0,7,8,11,0
15,15,0,1,1,4,3,0,1,0,1,1,1,0,2,6,0,6,5,11,1
8,15,0,1,1,0,3,0,0,1,1,1,1,0,0,5,0,6,2,2,1
5,20,4,1,1,0,3,1,0,0,1,1,1,7,0,4,0,8,11,7,1
14,21,4,1,1,4,3,0,1,0,1,1,1,5,2,2,0,2,1,3,1
3,20,4,1,1,0,3,0,0,2,1,1,1,0,0,2,0,6,4,12,1
0,18,4,0,1,0,3,3,0,2,1,1,1,8,0,1,0,4,3,7,1
9,18,4,0,1,0,3,0,0,11,1,1,1,1,0,1,0,8,3,13,0
6,20,4,0,1,0,3,0,0,2,1,1,1,0,0,2,0,5,0,13,1
3,20,4,1,1,2,3,0,1,0,1,1,1,5,0,6,0,1,1,3,0
12,20,4,1,1,0,3,0,0,2,1,1,1,5,2,1,5,0,0,0,1
12,21,0,1,1,0,3,0,0,1,1,1,1,0,2,2,5,0,0,0,1
0,17,4,1,1,0,3,0,0,2,1,1,1,0,0,0,5,0,0,0,1
10,20,2,1,1,0,3,1,0,0,1,1,1,0,0,1,0,7,8,11,1
14,20,4,0,1,0,3,0,0,12,1,1,1,0,2,1,0,7,11,13,0
15,21,0,0,1,0,3,0,0,0,1,1,1,5,2,1,0,6,11,13,0
13,21,4,1,1,0,3,1,0,2,1,1,1,5,2,1,0,8,11,11,1
8,15,4,0,1,0,3,3,0,11,1,1,1,0,0,1,2,6,0,5,1
9,18,4,1,1,0,3,0,0,5,1,1,1,7,0,0,5,0,0,4,1
8,16,0,1,1,0,3,0,0,1,1,1,1,0,0,0,5,0,0,0,0
4,15,4,0,1,0,3,3,0,2,1,1,1,7,0,1,0,3,7,7,1
13,16,4,0,0,0,3,0,0,15,1,1,0,1,2,0,5,0,0,1,0
0,15,4,0,1,0,3,0,0,2,1,1,1,7,0,1,0,3,2,5,1
13,18,0,1,1,4,3,0,1,0,1,1,1,5,2,1,0,9,6,14,1
12,16,2,0,1,0,3,0,0,12,1,1,1,0,2,1,0,7,10,7,1
8,21,4,0,1,4,3,0,1,0,1,1,1,0,0,1,0,9,3,14,0
0,17,4,0,1,0,3,1,0,16,1,1,1,8,0,1,5,1,0,2,1
4,15,4,0,1,0,3,0,0,14,1,1,1,0,0,1,0,6,2,7,1
1,18,4,0,1,0,3,1,0,2,1,1,1,0,0,1,0,6,4,6,1
7,4,0,0,0,4,3,2,1,0,1,0,0,7,0,2,5,9,0,0,1
6,15,4,1,1,0,3,3,0,10,1,1,1,0,0,1,0,6,6,3,0
4,15,4,0,1,0,3,0,0,2,1,1,1,0,0,6,0,1,6,2,1
13,8,0,0,1,4,3,0,1,0,1,1,1,0,2,1,0,6,4,14,0
8,15,4,0,1,0,3,3,0,9,1,1,1,0,0,1,0,6,2,8,1
4,15,4,1,1,0,3,0,0,16,1,1,1,5,0,0,5,0,0,0,1
12,18,0,1,1,0,3,3,0,8,1,1,1,0,2,1,1,6,0,8,1
0,18,4,1,1,0,3,0,0,16,1,1,1,7,0,0,5,0,0,0,0
1,15,4,0,1,0,3,0,0,2,1,1,1,7,0,1,0,4,1,5,1
8,20,4,0,1,0,3,3,0,2,1,1,1,5,0,1,0,6,6,13,1
11,19,0,1,1,0,3,3,0,0,1,1,1,0,2,1,0,6,10,11,1
7,17,0,1,1,0,3,0,0,1,1,1,1,0,0,1,1,7,0,12,0
1,18,4,0,1,0,3,1,0,2,1,1,1,0,0,0,5,0,0,0,1
5,15,4,0,1,4,3,0,1,11,1,1,1,5,0,0,5,0,0,0,1
1,18,4,1,1,0,3,1,0,16,1,1,1,0,0,3,0,1,3,6,1
3,20,4,1,1,0,3,0,0,2,1,1,1,1,0,1,0,8,10,6,0
6,20,4,0,1,0,3,0,0,2,1,1,1,0,0,1,0,6,8,10,1
0,15,4,1,1,0,3,0,0,2,1,1,1,7,0,9,2,0,0,0,1
4,12,4,1,1,0,3,0,0,2,1,1,1,7,0,1,5,0,0,4,1
7,22,4,0,1,0,3,0,0,11,1,1,1,5,0,1,0,7,2,11,0
6,20,0,0,1,0,3,1,0,0,1,1,1,0,0,1,5,0,0,0,0
10,20,4,1,1,0,3,3,0,12,1,1,1,0,0,1,0,3,6,4,1
4,19,4,0,1,0,3,0,0,15,1,1,1,0,0,0,5,0,0,0,0
8,15,4,0,1,4,3,0,1,2,1,1,1,7,0,0,5,0,0,0,1
15,20,0,0,1,0,3,1,0,0,1,1,1,0,2,1,0,6,10,11,1
7,20,0,1,1,0,3,3,0,1,1,1,1,0,0,2,5,0,0,0,1
7,21,0,1,1,4,3,0,1,0,1,1,1,0,0,0,5,0,0,0,0
12,16,4,1,1,0,3,0,0,2,1,1,1,0,2,0,5,0,0,2,1
12,20,0,1,1,0,3,1,0,1,1,1,1,8,2,5,0,9,6,13,1
6,20,4,0,1,0,3,0,0,3,1,1,1,1,0,1,0,6,1,13,1
9,17,4,0,1,4,3,0,1,0,1,1,1,5,0,1,0,6,6,10,1
15,15,0,1,1,0,3,2,0,1,1,1,1,0,2,1,0,3,9,4,1
11,18,0,0,1,0,1,1,0,1,1,1,1,0,2,1,0,8,8,10,1
12,21,0,0,1,0,3,3,0,1,1,1,1,0,2,1,0,8,3,12,0
4,18,0,0,1,0,3,0,0,4,1,1,1,5,0,1,0,1,4,4,1
9,21,4,1,1,4,3,0,1,0,1,1,1,5,0,1,0,7,6,11,0
9,23,0,1,1,4,3,0,1,0,1,1,1,0,0,1,0,6,2,14,0
7,20,4,1,1,0,3,1,0,2,1,1,1,5,0,1,0,4,2,2,1
12,16,0,0,1,0,3,0,0,1,1,1,1,0,2,1,0,6,8,14,1
6,19,4,0,1,0,3,1,0,0,1,1,1,0,0,1,0,3,9,14,1
12,18,0,0,1,4,3,0,1,1,1,1,1,7,2,1,0,6,6,9,1
11,21,0,0,1,0,3,0,0,1,1,1,1,0,2,1,0,6,1,10,0
5,19,4,0,1,0,3,0,0,2,1,1,1,5,0,5,0,2,5,2,1
10,14,4,1,1,3,3,0,1,12,1,1,1,7,0,1,1,6,0,5,0
15,10,0,0,1,4,3,0,1,0,1,1,1,0,2,1,0,8,5,8,0
14,20,4,0,1,0,3,0,0,2,1,1,1,5,2,1,0,6,5,11,1
5,15,4,0,1,0,3,1,0,2,1,1,1,0,0,6,2,6,0,6,0
12,14,0,1,1,0,3,0,0,0,1,1,1,7,2,1,0,6,10,12,1
5,19,4,0,1,0,3,0,0,2,1,1,1,1,0,1,0,4,1,2,0
10,18,0,0,1,4,3,0,1,1,1,1,1,0,0,1,0,5,6,10,1
9,11,4,0,1,4,3,0,1,15,1,1,1,0,0,0,5,0,0,0,1
15,15,0,0,0,0,1,3,0,1,1,0,1,0,2,1,0,8,11,14,1
15,13,4,0,1,0,3,0,0,0,1,1,1,1,2,1,2,4,0,5,1
5,18,4,1,0,0,3,0,0,2,1,1,1,0,0,1,0,6,4,4,1
1,19,4,1,1,0,3,1,0,0,1,1,1,0,0,4,0,1,1,2,1
11,20,0,0,1,3,3,3,1,1,1,1,1,0,2,1,0,6,10,4,1
13,8,0,0,1,4,3,0,1,0,1,1,1,0,2,1,0,6,2,14,1
5,10,4,0,1,4,3,0,1,7,1,1,1,7,0,0,5,0,0,0,1
10,20,4,1,1,3,1,3,1,0,1,1,1,0,0,1,0,7,7,12,1
14,15,0,0,1,4,3,0,1,0,1,1,1,7,2,1,0,6,5,7,1
4,21,4,1,1,0,3,0,0,0,1,1,1,1,0,1,0,9,1,11,1
0,15,4,1,1,0,3,0,0,2,1,1,1,7,0,1,0,2,2,4,1
15,20,0,1,1,0,3,0,0,0,1,1,1,8,2,1,0,7,1,13,1
9,20,4,0,1,0,3,3,0,14,1,1,1,5,0,1,0,4,10,13,0
11,11,4,0,1,4,3,0,1,0,1,1,1,7,2,1,0,6,8,6,1
1,15,4,1,0,0,3,3,0,2,1,1,0,0,0,0,5,0,0,0,1
7,15,4,0,1,0,3,0,0,5,1,1,1,0,0,1,2,6,0,8,1
1,13,4,0,1,0,3,0,0,0,1,1,1,0,0,1,5,2,0,5,0
5,20,4,1,1,0,3,0,0,4,1,1,1,5,0,1,2,0,0,0,0
6,11,0,1,1,0,3,0,0,1,1,1,1,0,0,3,0,1,1,1,1
10,16,0,0,1,0,0,0,0,0,1,1,1,4,0,5,3,9,3,14,0
2,15,4,1,1,4,3,0,1,2,1,1,1,0,0,1,0,3,2,2,1
14,23,0,1,1,3,3,3,1,1,1,1,1,0,2,7,0,6,5,14,0
15,20,0,0,1,0,3,0,0,1,1,1,1,5,2,1,0,6,2,14,1
14,20,4,0,1,0,3,0,0,0,1,1,1,0,2,1,0,6,8,12,1
15,22,4,1,1,3,3,0,1,0,1,1,1,8,2,1,0,6,9,14,1
8,15,0,1,1,0,3,1,0,1,1,1,1,0,0,3,2,0,0,0,1
13,19,0,0,1,3,3,3,1,0,1,1,1,0,2,6,0,8,8,14,1
10,18,4,0,1,4,3,0,1,2,1,1,1,0,0,1,0,6,4,10,1
5,20,4,0,1,0,3,1,0,12,1,1,1,8,0,1,0,9,3,11,1
8,20,4,1,1,0,3,0,0,2,1,1,1,7,0,1,0,6,6,2,1
9,15,4,1,1,0,3,1,0,2,1,1,1,0,0,1,0,6,4,11,1
3,13,4,0,1,0,3,0,0,15,1,1,1,1,0,1,5,0,0,0,0
14,15,4,0,1,3,3,3,1,5,1,1,1,0,2,1,2,6,0,6,1
1,18,4,0,1,0,3,0,0,0,1,1,1,0,0,1,0,6,3,13,1
4,15,4,1,1,0,3,1,0,2,1,1,1,0,0,1,0,3,4,6,1
5,12,4,0,1,4,3,0,1,9,1,1,1,5,0,1,0,6,3,4,1
2,18,4,1,1,4,3,0,1,2,1,1,1,0,0,1,0,6,2,7,1
12,20,4,1,1,3,3,0,1,0,1,1,1,5,2,2,0,1,4,2,0
4,19,4,0,1,0,1,0,0,16,1,1,1,0,0,1,0,4,10,5,0
0,15,4,0,1,0,3,0,0,2,1,1,1,0,0,0,5,0,0,0,1
2,17,4,0,1,0,3,0,0,2,1,1,1,5,0,1,0,3,2,5,1
10,20,4,1,1,0,3,0,0,3,1,1,1,0,0,6,0,4,7,5,1
15,15,0,0,1,4,3,0,1,1,1,1,1,0,2,1,0,6,3,11,0
12,18,4,1,1,0,3,0,0,5,1,1,1,0,2,1,0,6,3,4,1
0,15,4,1,1,0,3,0,0,14,1,1,1,0,0,1,0,4,0,1,1
7,18,4,1,1,0,3,1,0,0,1,1,1,0,0,4,0,4,2,10,1
3,14,4,0,1,0,3,1,0,12,1,1,1,0,0,1,0,6,8,11,1
5,17,0,1,1,4,3,0,1,0,1,1,1,5,0,0,5,0,0,0,1
6,12,4,0,1,0,3,0,0,7,1,1,1,0,0,0,5,0,0,0,1
14,18,0,1,1,4,3,0,1,8,1,1,1,7,2,4,0,6,1,11,1
7,15,4,0,0,0,3,1,0,2,1,0,1,0,0,7,2,6,0,5,1
2,19,4,0,1,3,3,3,1,2,1,1,1,5,0,0,5,0,0,0,0
7,18,4,1,1,4,3,0,1,2,1,1,1,0,0,1,0,4,2,5,1
2,18,4,0,1,0,3,3,0,0,1,1,1,0,0,1,0,6,6,9,1
11,21,0,1,1,4,3,0,1,1,1,1,1,0,2,1,0,6,6,11,1
13,19,0,1,0,4,3,1,1,1,1,1,0,0,2,0,5,0,0,4,1
9,18,0,0,1,0,3,1,0,0,1,1,1,0,0,1,0,5,6,9,1
2,17,4,1,1,3,3,0,1,2,1,1,1,5,0,1,0,9,6,6,0
10,18,4,0,1,4,3,3,1,14,1,1,1,7,0,1,5,0,0,0,1
9,14,0,0,1,4,3,1,1,0,1,1,1,0,0,1,0,6,8,6,1
1,15,4,1,1,4,3,3,0,11,1,1,1,0,0,2,0,4,2,8,1
1,15,4,0,1,0,3,3,0,2,1,1,1,0,0,1,0,5,3,6,1
13,21,4,1,1,4,3,0,1,0,1,1,1,0,2,1,1,6,0,12,0
7,21,4,0,1,4,3,3,0,11,1,1,1,0,0,7,0,6,5,14,0
14,17,0,0,1,0,3,3,0,0,1,1,1,0,2,1,0,9,4,9,1
3,15,4,0,1,0,3,1,0,2,1,1,1,0,0,1,0,6,4,5,1
2,15,4,0,1,0,3,3,0,5,1,1,1,0,0,1,0,6,2,3,1
1,15,4,0,1,0,3,0,0,2,1,1,1,0,0,1,0,7,3,12,1
0,13,4,1,1,4,3,3,1,10,1,1,1,5,0,0,5,0,0,0,1
13,15,0,1,1,0,3,3,0,1,1,1,1,0,2,1,5,0,0,0,1
2,15,4,0,1,0,3,1,0,2,1,1,1,0,0,0,5,0,0,2,1
0,15,4,0,1,0,3,0,0,2,1,1,1,0,0,0,5,0,0,0,1
15,22,0,0,1,0,3,0,0,0,1,1,1,0,2,1,0,9,6,14,1
5,20,4,1,1,0,3,1,0,0,1,1,1,0,0,1,0,6,3,6,1
4,0,4,1,0,0,1,3,0,2,0,0,1,3,0,4,0,4,4,9,1
12,15,0,0,1,4,3,3,1,1,1,1,1,0,2,1,0,7,2,12,1
2,18,4,0,1,0,3,0,0,2,1,1,1,0,0,1,5,1,0,1,1
3,15,4,1,1,0,3,1,0,2,1,1,1,0,0,1,0,4,2,5,1
11,19,4,1,1,0,3,0,0,0,1,1,1,0,2,1,0,6,2,11,1
9,20,4,1,1,0,3,0,0,0,1,1,1,0,0,3,0,6,4,9,1
9,14,0,0,1,0,3,0,0,2,1,1,1,8,0,1,0,6,7,8,1
0,18,4,1,1,0,3,1,0,2,1,1,1,0,0,1,5,2,0,2,1
4,13,4,0,1,0,3,0,0,15,1,1,1,0,0,1,5,0,0,0,0
4,20,4,0,1,4,3,0,1,2,1,1,1,5,0,1,0,2,3,4,0
4,20,4,1,1,0,3,0,0,2,1,1,1,0,0,3,0,3,3,5,1
0,18,4,0,1,0,3,1,0,16,1,1,1,8,0,2,5,1,0,1,1
0,15,4,1,1,0,3,0,0,2,1,1,1,0,0,1,5,0,0,0,1
11,15,4,0,1,3,3,0,1,2,1,1,1,7,2,1,0,5,11,5,1
6,20,4,0,1,0,3,3,0,5,1,1,1,0,0,1,0,8,0,9,1
3,20,4,0,1,0,3,1,0,2,1,1,1,0,0,1,0,6,5,8,0
3,19,4,0,1,0,3,0,0,0,1,1,1,7,0,1,0,6,10,8,1
0,17,4,0,1,0,3,1,0,2,1,1,1,5,0,1,5,4,0,5,0
0,15,4,0,1,0,3,0,0,16,1,1,1,5,0,1,0,9,1,4,1
0,15,4,1,1,0,3,0,0,2,1,1,1,0,0,0,5,0,0,0,1
13,20,4,0,1,3,3,3,1,5,1,1,1,5,2,1,0,8,2,13,1
12,20,0,1,1,3,3,0,1,1,1,1,1,5,2,1,0,6,7,13,1
1,18,4,0,1,0,3,0,0,2,1,1,1,0,0,0,5,0,0,0,1
12,9,0,0,1,0,3,1,0,5,1,1,1,7,2,2,0,8,3,8,1
4,13,4,0,1,0,3,0,0,15,1,1,1,7,0,1,5,0,0,0,0
9,20,0,0,1,0,3,3,0,11,1,1,1,0,0,1,0,6,3,13,1
9,20,4,0,1,0,3,0,0,0,1,1,1,0,0,1,0,9,10,13,1
3,18,4,1,1,0,3,0,0,9,1,1,1,0,0,0,5,0,0,0,1
5,20,4,0,1,0,2,0,0,10,1,1,1,5,0,1,0,6,4,13,1
12,13,0,0,1,0,3,0,0,15,1,1,1,7,2,0,5,0,0,0,1
12,21,4,1,1,0,3,0,0,12,1,1,1,0,2,1,0,6,2,14,1
13,18,4,1,1,3,3,3,1,0,1,1,1,0,2,7,0,2,8,5,1
2,15,4,1,1,0,3,0,0,2,1,1,1,7,0,1,0,2,3,2,1
12,15,0,0,1,0,3,0,0,0,1,1,1,0,2,1,0,6,2,11,1
11,15,4,1,1,0,3,0,0,12,1,1,1,8,2,1,0,6,4,5,1
6,18,4,1,1,0,3,0,0,2,1,1,1,1,0,1,0,6,11,6,1
14,18,4,0,1,0,3,2,0,0,1,1,1,7,2,1,5,5,0,6,1
3,15,0,0,1,4,3,0,1,8,1,1,1,0,0,1,0,4,2,5,1
3,15,4,1,1,0,3,3,0,2,1,1,1,7,0,1,0,6,2,7,1
3,20,4,1,1,0,3,1,0,2,1,1,1,0,0,1,0,4,8,6,1
5,18,4,0,1,0,3,3,0,11,1,1,1,0,0,1,0,6,6,5,0
10,20,0,0,1,0,3,0,0,0,1,1,1,7,0,1,0,6,6,11,1
4,18,0,1,0,0,3,0,0,8,1,1,1,2,0,1,5,0,0,0,1
8,20,4,0,1,0,3,1,0,2,1,1,1,0,0,1,0,6,5,7,1
5,15,4,1,1,0,3,1,0,12,1,1,1,0,0,4,5,0,0,0,0
7,17,0,0,1,0,3,3,0,1,1,1,1,0,0,1,2,0,0,0,0
4,18,4,0,1,0,3,0,0,2,1,1,1,5,0,4,0,1,8,1,1
12,20,0,1,1,4,3,0,1,1,1,1,1,5,2,1,0,6,3,13,1
9,18,4,1,1,0,3,0,0,2,1,1,1,7,0,3,0,6,2,7,1
10,15,0,1,1,0,3,0,0,1,1,1,1,0,0,1,0,6,10,10,1
12,21,0,0,1,4,3,0,1,1,1,1,1,0,2,1,0,6,10,13,1
13,21,4,1,1,4,3,0,1,0,1,1,1,7,2,4,0,6,10,11,1
8,17,4,0,1,0,3,0,0,7,1,1,1,0,0,1,0,6,6,7,1
13,20,0,0,1,3,3,0,1,1,1,1,1,5,2,1,0,6,7,14,1
2,18,4,1,1,0,3,0,0,2,1,1,1,0,0,1,0,1,10,2,0
4,17,4,1,1,4,3,0,1,2,1,1,1,0,0,6,0,3,4,1,1
3,17,0,1,1,3,3,3,1,1,1,1,1,5,0,1,0,6,1,2,0
9,17,4,1,1,0,3,0,0,11,1,1,1,8,0,1,0,6,3,5,1
15,20,0,0,1,4,3,0,1,0,1,1,1,7,2,1,0,6,10,12,1
11,20,0,0,1,0,0,0,0,0,1,1,1,0,2,5,3,8,2,14,1
3,20,4,0,1,3,3,0,1,2,1,1,1,5,0,1,0,2,2,4,1
0,15,4,0,1,0,3,3,0,2,1,1,1,0,0,0,5,0,0,0,1
12,20,0,1,1,0,3,0,0,1,1,1,1,0,2,1,0,2,4,4,0
2,18,4,1,1,0,3,0,0,2,1,1,1,7,0,0,5,0,0,0,1
1,17,4,0,1,0,3,0,0,2,1,1,1,0,0,3,2,1,0,2,1
3,17,0,1,1,0,3,1,0,1,1,1,1,0,0,1,0,6,6,8,1
1,15,4,1,1,0,3,3,0,11,1,1,1,0,0,0,5,0,0,0,0
10,20,0,1,1,0,3,3,0,1,1,1,1,0,0,1,5,0,0,0,1
6,20,0,1,1,1,3,3,0,14,1,1,1,0,0,1,0,4,3,5,1
2,14,0,1,1,4,3,3,1,2,1,1,1,0,0,0,5,0,0,0,1
13,21,0,0,1,4,3,0,1,0,1,1,1,5,2,1,0,8,6,14,0
3,17,0,1,1,0,3,0,0,1,1,1,1,0,2,0,5,0,0,0,1
1,15,4,1,1,0,3,0,0,2,1,1,1,0,0,2,0,1,1,3,1
9,18,0,1,1,0,3,1,0,0,1,1,1,0,0,1,0,6,6,8,0
9,20,4,0,1,0,3,3,0,11,1,1,1,0,0,1,0,6,3,9,1
10,18,4,0,1,0,3,3,0,11,1,1,1,5,0,1,5,0,0,0,1
13,21,4,1,1,2,3,1,0,0,1,1,1,5,2,1,0,6,6,14,1
12,13,4,0,0,0,3,0,0,15,1,1,0,1,2,0,5,0,0,2,0
14,19,2,1,1,0,3,1,0,0,1,1,1,0,2,1,0,6,8,11,1
0,18,4,0,1,0,3,3,0,11,1,1,1,0,0,1,5,0,0,0,0
0,18,4,1,1,0,3,0,0,16,1,1,1,7,0,0,5,0,0,0,0
10,16,4,0,0,0,3,1,0,2,1,1,0,0,0,0,5,0,0,4,1
7,20,4,1,1,0,3,1,0,0,1,1,1,8,0,1,0,6,7,12,1
1,18,4,1,1,0,3,0,0,2,1,1,1,5,0,0,5,0,0,0,1
7,13,4,0,1,0,3,0,0,11,1,1,1,0,0,1,5,6,0,7,0
6,15,4,0,0,0,3,3,0,16,1,1,0,1,0,0,5,0,0,8,1
0,18,4,1,1,0,3,0,0,16,1,1,1,7,0,0,5,0,0,0,0
7,18,0,1,1,0,3,3,0,1,1,1,1,7,0,1,0,3,0,14,0
10,12,4,1,0,0,3,0,0,16,1,1,0,8,0,1,5,0,0,1,1
11,19,0,1,1,3,3,0,1,0,1,1,1,0,2,3,0,1,2,2,1
11,20,4,0,1,0,3,0,0,0,1,1,1,7,2,1,0,6,6,12,1
10,18,0,1,1,0,3,1,0,1,1,1,1,0,0,1,0,5,3,10,0
1,18,4,1,1,0,3,3,0,11,1,1,1,0,0,1,0,2,6,2,0
2,15,4,0,1,0,3,0,0,2,1,1,1,5,0,1,2,1,0,3,1
9,15,0,1,1,0,3,0,0,2,1,1,1,0,0,1,0,2,3,5,1
15,22,0,1,1,0,3,1,0,1,1,1,1,0,2,1,0,4,0,8,1
11,20,4,0,1,4,3,0,1,0,1,1,1,0,2,7,2,6,0,5,1
11,18,4,1,1,0,3,1,0,0,1,1,1,8,2,1,5,3,0,3,1
10,20,0,1,1,0,3,3,0,2,1,1,1,7,0,1,0,6,6,9,1
6,15,0,1,1,3,3,0,1,0,1,1,1,0,0,1,0,3,8,5,0
10,13,0,1,1,4,3,0,1,1,1,1,1,0,0,1,5,0,0,4,1
14,17,4,0,1,0,3,1,0,2,1,1,1,8,2,1,0,6,1,7,1
14,12,0,0,1,0,3,0,0,1,1,1,1,7,2,6,0,0,0,9,1
5,18,4,0,1,0,3,3,0,15,1,1,1,0,0,1,5,0,0,0,0
12,20,4,1,1,4,3,0,1,0,1,1,1,0,2,1,0,7,10,11,1
3,18,4,0,1,0,3,0,0,2,1,1,1,7,0,1,0,6,5,5,1
15,15,4,0,1,0,3,1,0,2,1,1,1,0,2,1,5,4,0,3,1
1,15,4,0,1,0,3,0,0,2,1,1,1,0,0,0,5,0,0,0,1
6,21,4,0,1,0,3,0,0,11,1,1,1,0,0,1,0,7,0,13,0
11,20,4,1,1,0,3,0,0,0,1,1,1,5,2,1,0,6,4,6,1
13,21,4,1,1,0,3,0,0,0,1,1,1,5,2,1,0,6,7,13,0
8,15,4,0,1,0,3,0,0,2,1,1,1,0,0,1,0,6,8,10,1
8,21,4,0,1,0,3,1,0,16,1,1,1,8,0,6,1,9,0,7,1
12,18,4,0,1,4,3,3,1,14,1,1,1,0,2,1,0,6,2,9,0
8,14,4,0,0,0,3,0,0,16,1,1,0,0,0,1,1,3,0,8,1
7,15,4,1,1,0,3,0,0,2,1,1,1,7,0,1,0,6,10,10,1
9,15,4,1,1,0,3,3,0,0,1,1,1,0,0,3,0,3,4,6,1
1,15,4,1,1,4,3,1,1,2,1,1,1,0,0,1,0,5,5,10,1
14,21,0,0,1,3,3,0,1,0,1,1,1,5,2,3,0,9,6,14,1
13,15,4,0,1,0,3,3,0,11,1,1,1,0,2,9,2,0,0,0,1
9,18,4,0,1,0,0,3,0,16,1,1,1,0,0,5,3,9,4,8,1
14,17,4,0,1,0,3,1,0,2,1,1,1,8,2,0,5,0,0,10,1
4,12,1,0,1,2,3,0,0,3,1,1,1,2,0,1,1,9,7,9,1
12,16,4,1,1,0,3,0,0,2,1,1,1,7,2,0,5,0,0,1,1
4,20,4,1,1,0,3,1,0,11,1,1,1,0,0,1,0,2,3,5,1
15,20,0,1,1,4,3,0,1,1,1,1,1,5,2,1,2,6,0,10,0
7,18,4,0,1,0,3,0,0,0,1,1,1,0,0,4,0,4,10,5,1
5,19,4,1,1,0,3,0,0,2,1,1,1,5,0,2,0,2,2,4,1
13,20,0,1,1,0,3,0,0,0,1,1,1,5,2,1,0,6,3,13,1
10,19,4,0,1,0,3,0,0,2,1,1,1,0,0,4,5,0,0,0,1
7,15,4,0,1,0,3,0,0,2,1,1,1,0,0,1,0,6,10,8,1
10,18,4,0,1,0,3,1,0,11,1,1,1,0,0,1,0,6,4,5,1
9,15,4,0,1,0,3,1,0,0,1,1,1,7,0,1,0,6,4,5,1
11,20,0,1,1,0,3,0,0,0,1,1,1,0,2,3,0,9,0,12,0
12,15,4,0,1,0,3,0,0,2,1,1,1,0,2,4,2,1,0,2,1
13,20,4,0,1,0,3,0,0,9,1,1,1,0,2,1,0,6,3,10,1
1,15,4,0,1,4,3,0,1,2,1,1,1,7,0,0,5,0,0,0,1
11,19,4,1,1,0,3,1,0,2,1,1,1,1,2,1,0,3,6,11,1
14,19,4,0,1,0,3,0,0,0,1,1,1,1,2,1,0,6,8,12,1
14,20,0,0,1,0,3,0,0,1,1,1,1,0,2,1,0,7,3,13,1
9,20,4,1,1,2,3,3,0,2,1,1,1,0,0,1,0,6,6,8,1
4,20,4,1,1,0,3,0,0,11,1,1,1,0,0,1,0,6,4,12,0
14,18,2,0,1,0,3,0,0,0,1,1,1,0,2,1,2,6,0,10,1
1,18,4,0,1,0,3,0,0,0,1,1,1,0,0,1,0,6,4,13,1
3,15,4,1,1,0,3,0,0,12,1,1,1,0,0,1,5,0,0,0,0
3,15,4,1,1,0,3,1,0,2,1,1,1,7,0,1,0,6,6,10,1
0,18,4,0,1,0,3,2,0,2,1,1,1,5,0,1,0,2,3,2,1
15,15,0,0,1,0,1,1,0,0,1,1,1,0,2,1,0,9,8,13,1
13,20,4,1,1,4,3,0,1,11,1,1,1,0,2,1,0,6,4,7,0
12,18,4,1,1,0,3,0,0,2,1,1,1,0,2,2,0,2,6,3,1
4,20,4,0,1,0,3,0,0,2,1,1,1,0,0,1,2,4,0,2,0
13,15,0,0,1,3,3,0,1,0,1,1,1,0,2,1,0,9,2,11,1
3,18,4,0,1,0,3,0,0,2,1,1,1,0,0,2,0,6,6,9,1
14,23,2,1,1,0,3,3,0,12,1,1,1,0,2,6,0,4,11,7,0
15,18,0,1,0,3,3,0,1,0,1,1,1,5,2,1,0,6,6,13,1
3,18,4,1,1,0,3,0,0,2,1,1,1,5,0,1,0,4,8,5,0
4,15,4,0,1,0,3,0,0,15,1,1,1,1,0,0,5,0,0,0,0
6,21,4,0,1,0,3,0,0,5,1,1,1,8,0,1,0,6,9,12,1
15,15,0,1,1,0,3,2,0,1,1,1,1,0,2,6,5,3,0,2,1
1,15,4,1,1,0,3,1,0,2,1,1,1,0,0,1,0,1,4,5,0
15,22,4,1,1,0,3,0,0,2,1,1,1,0,2,1,0,6,0,8,1
3,15,4,0,1,0,3,1,0,2,1,1,1,8,0,3,0,6,2,6,1
12,17,2,0,1,0,3,0,0,0,1,1,1,0,2,1,0,9,6,11,1
15,18,0,1,1,4,3,0,1,1,1,1,1,7,2,3,5,0,0,0,0
3,18,4,1,1,0,3,0,0,2,1,1,1,5,0,1,0,6,8,2,1
4,16,4,0,1,0,3,3,0,11,1,1,1,0,0,1,0,6,4,13,0
14,0,4,0,1,3,3,0,1,9,1,1,1,1,0,1,1,4,0,1,0
5,20,4,0,1,3,3,0,1,2,1,1,1,5,0,0,5,0,0,0,1
12,10,4,0,1,4,3,0,1,0,1,1,1,0,2,5,0,6,5,10,1
11,18,4,0,1,0,3,0,0,0,1,1,1,1,2,0,5,0,0,0,1
0,15,4,0,1,0,3,3,0,2,1,1,1,0,0,1,0,6,8,5,1
8,21,4,0,1,0,3,0,0,2,1,1,1,7,0,3,0,2,4,4,1
13,16,4,1,1,0,3,1,0,11,1,1,1,8,2,1,0,7,1,7,1
4,20,4,0,1,0,3,0,0,9,1,1,1,0,0,1,0,6,3,9,0
1,17,4,0,1,0,3,0,0,0,1,1,1,0,0,1,2,6,0,10,1
5,17,4,1,1,0,3,0,0,4,1,1,1,0,0,1,0,5,6,2,1
7,15,4,1,1,0,3,0,0,2,1,1,1,1,0,3,0,3,10,6,1
14,18,0,0,1,0,3,0,0,0,1,1,1,7,2,1,0,6,6,11,1
3,14,4,0,1,0,3,0,0,14,1,1,1,0,0,1,0,6,3,7,1
13,19,0,0,1,0,0,0,0,0,1,1,1,5,2,5,0,8,6,9,1
10,20,4,1,1,0,3,1,0,0,1,1,1,0,0,1,0,6,3,14,1
5,17,4,0,1,0,3,3,0,2,1,1,1,5,0,1,0,8,4,10,1
0,15,4,0,1,3,3,0,1,2,1,1,1,0,0,1,0,6,3,9,1
5,12,3,0,1,0,3,3,0,0,1,1,1,0,0,1,0,6,8,4,1
15,21,0,0,1,0,3,0,0,1,1,1,1,5,2,1,0,6,3,13,0
15,19,0,1,1,0,3,1,0,0,1,1,1,0,2,1,0,6,8,10,1
6,17,4,1,0,0,3,0,0,11,1,1,0,0,0,0,5,0,0,0,0
2,18,4,1,1,0,3,0,0,11,1,1,1,0,0,1,0,2,10,2,1
2,19,4,1,1,0,3,1,0,0,1,1,1,0,0,0,5,0,0,0,0
4,20,4,0,1,0,3,0,0,0,1,1,1,0,0,1,0,6,9,11,1
14,21,0,1,1,4,3,0,1,1,1,1,1,5,2,0,5,0,0,0,1
1,15,4,1,1,0,3,0,0,16,1,1,1,0,0,1,5,2,0,2,1
4,19,4,1,1,0,3,0,0,2,1,1,1,0,0,1,0,6,11,6,1
2,19,4,0,1,0,3,0,0,2,1,1,1,0,0,2,0,7,6,7,1
11,20,4,1,0,0,3,1,0,2,1,1,0,0,2,0,5,0,0,0,1
1,18,4,0,1,0,3,0,0,2,1,1,1,1,0,0,5,0,0,0,1
11,15,4,1,1,0,3,0,0,0,1,1,1,0,2,1,5,0,0,0,1
2,15,4,1,1,0,3,0,0,2,1,1,1,1,0,0,5,0,0,0,1
0,15,4,0,0,0,3,0,0,16,1,1,0,5,0,1,1,3,0,6,1
11,14,4,1,0,0,3,3,0,14,1,1,0,0,2,0,5,0,0,0,0
0,18,4,1,1,0,3,0,0,2,1,1,1,7,0,1,0,4,4,5,1
3,20,4,1,1,3,3,0,1,0,1,1,1,5,0,1,0,2,9,4,0
5,15,4,1,0,3,3,3,1,2,1,1,1,0,0,1,0,9,6,4,1
4,20,4,0,1,0,3,0,0,2,1,1,1,7,0,4,0,6,5,7,1
11,18,4,0,1,0,3,0,0,2,1,1,1,1,2,1,0,6,10,8,1
9,14,0,0,1,4,3,0,1,0,1,1,1,0,0,6,0,6,8,12,0
13,19,4,0,1,0,3,0,0,12,1,1,1,0,2,1,0,9,3,10,0
0,15,4,0,1,0,3,0,0,2,1,1,1,0,0,0,5,0,0,0,1
8,15,4,0,1,0,3,1,0,2,1,1,1,7,0,1,0,4,2,2,1
11,20,4,1,1,0,3,0,0,0,1,1,1,5,2,1,0,6,4,11,1
15,20,0,0,1,4,3,0,1,1,1,1,1,0,2,1,0,6,6,9,1
12,13,4,0,1,4,3,3,1,0,1,1,1,7,2,1,5,0,0,6,1
15,21,4,1,1,0,3,0,0,0,1,1,1,0,2,4,0,8,2,12,1
13,15,0,1,1,3,3,0,1,1,1,1,1,0,2,9,2,0,0,0,1
15,18,4,0,1,4,3,0,1,0,1,1,1,7,2,1,0,6,0,4,1
11,8,4,0,1,4,3,0,1,16,1,1,1,1,2,1,5,0,0,4,0
7,20,4,1,1,0,3,1,0,16,1,1,1,0,0,6,5,1,0,1,1
3,15,4,0,1,3,3,0,1,2,1,1,1,5,0,9,2,0,0,0,1
15,15,0,1,1,3,3,0,1,0,1,1,1,5,2,0,5,0,0,0,1
0,18,4,1,1,0,3,3,0,2,1,1,1,0,0,1,5,3,0,1,1
12,13,4,0,1,0,3,0,0,0,1,1,1,7,2,6,0,6,6,13,1
12,21,0,1,1,4,3,0,1,1,1,1,1,5,2,1,0,6,5,14,1
14,20,4,0,1,4,3,0,1,0,1,1,1,5,2,1,0,5,8,8,1
8,18,4,0,1,0,3,3,0,11,1,1,1,8,0,1,0,8,1,11,1
0,15,4,1,0,0,2,0,0,6,1,1,0,8,0,1,0,6,2,6,1
6,18,0,0,1,3,3,3,1,0,1,1,1,0,0,2,0,6,11,9,1
8,15,3,0,1,0,3,3,0,2,1,1,1,0,0,1,0,6,2,4,1
12,21,0,1,1,4,3,0,1,0,1,1,1,5,2,1,0,8,6,14,1
5,13,4,1,1,0,3,0,0,10,1,1,1,0,0,1,5,5,0,3,1
8,17,4,0,1,0,3,3,0,11,1,1,1,7,0,1,0,6,8,10,0
11,21,0,1,1,0,3,1,0,1,1,1,1,0,2,3,0,1,2,2,1
0,18,4,1,1,0,3,1,0,2,1,1,1,0,0,1,0,4,2,4,1
12,21,4,1,1,3,3,0,1,0,1,1,1,5,2,1,1,7,0,13,1
9,21,4,0,1,4,3,0,1,0,1,1,1,5,0,1,0,6,8,13,0
4,20,4,1,1,0,3,1,0,2,1,1,1,3,0,4,0,7,4,9,1
14,20,0,0,1,0,3,1,0,0,1,1,1,8,2,6,0,4,0,13,0
6,13,4,1,1,4,3,0,1,2,1,1,1,7,0,1,0,4,3,12,1
6,18,4,1,1,0,3,0,0,2,1,1,1,7,0,1,0,2,2,2,1
9,16,4,0,1,0,0,1,0,12,1,1,1,0,0,5,3,9,1,13,0
7,15,0,0,1,0,3,1,0,1,1,1,1,0,0,2,0,3,6,3,1
12,13,4,0,1,0,3,3,0,14,1,1,1,0,2,1,0,6,10,13,1
13,18,0,0,1,0,3,1,0,1,1,1,1,0,2,7,0,6,5,12,1
9,18,4,1,1,0,3,1,0,0,1,1,1,7,0,1,5,0,0,0,1
13,17,0,0,1,0,3,0,0,0,1,1,1,0,2,1,0,6,6,13,1
1,18,4,1,1,4,3,3,1,11,1,1,1,7,0,1,5,1,0,2,1
13,19,4,0,1,0,3,1,0,12,1,1,1,0,2,1,0,6,4,13,0
6,18,4,0,1,3,3,0,1,0,1,1,1,0,0,1,0,6,6,12,1
8,20,4,0,1,0,3,1,0,0,1,1,1,0,0,1,0,6,4,13,1
10,17,0,1,1,0,3,0,0,8,1,1,1,7,0,1,0,6,1,8,1
7,20,4,1,1,0,3,0,0,0,1,1,1,0,0,1,0,6,3,11,0
14,19,0,1,1,3,3,3,1,1,1,1,1,0,2,1,0,6,8,8,0
14,14,0,0,0,0,3,0,0,16,1,1,0,0,2,1,5,0,0,0,1
4,17,2,0,1,0,1,1,0,0,1,1,1,0,2,1,0,9,7,9,0
11,11,4,1,0,0,3,1,0,0,1,1,0,0,2,1,2,3,0,6,1
8,18,0,0,1,0,1,0,0,0,1,1,1,0,0,1,0,6,7,12,1
14,20,0,0,1,0,3,1,0,0,1,1,1,0,2,1,0,6,10,14,1
15,17,4,1,1,0,3,3,0,0,1,1,1,0,2,4,5,0,0,0,1
0,18,4,1,1,0,3,0,0,16,1,1,1,0,0,2,0,1,4,3,0
15,20,4,1,1,0,3,1,0,2,1,1,1,8,2,1,0,6,8,12,1
8,21,0,1,1,0,3,0,0,1,1,1,1,7,0,3,0,6,8,11,1
1,19,4,0,1,0,0,0,0,0,0,1,1,0,0,5,3,2,9,9,0
5,20,4,1,1,4,3,3,1,14,1,1,1,0,0,3,0,6,10,9,1
11,17,4,0,1,4,3,0,1,2,1,1,1,0,2,1,2,1,0,1,1
3,15,4,1,1,4,3,0,1,12,1,1,1,1,0,9,2,0,0,0,1
1,13,4,0,1,0,3,0,0,15,1,1,1,1,0,0,5,0,0,0,0
12,15,2,0,1,3,3,0,1,2,1,1,1,7,2,1,0,6,4,12,1
0,15,4,1,1,4,3,0,1,2,1,1,1,7,0,1,5,0,0,0,1
14,15,4,1,1,0,3,0,0,0,1,1,1,7,2,3,0,6,10,12,1
9,18,4,0,0,0,3,0,0,0,1,0,0,0,0,1,0,6,3,9,1
12,20,0,0,1,0,3,0,0,1,1,1,1,1,2,6,5,0,0,0,1
3,15,0,1,1,4,3,1,1,8,1,1,1,0,0,1,0,6,6,7,1
15,20,0,1,1,3,3,0,1,0,1,1,1,5,2,1,0,6,6,13,1
9,15,4,0,1,0,3,0,0,5,1,1,1,0,0,1,0,6,3,12,1
1,15,4,1,1,0,3,0,0,2,1,1,1,7,0,1,0,5,3,5,1
8,15,4,0,1,0,3,3,0,2,1,1,1,0,0,0,5,0,0,0,1
13,20,0,1,1,4,3,1,1,1,1,1,1,5,2,1,0,6,3,14,1
5,15,4,1,1,0,3,1,0,9,1,1,1,0,0,1,0,6,2,4,0
1,15,4,0,1,0,3,0,0,2,1,1,1,7,0,1,0,4,3,5,1
0,15,4,0,1,0,3,0,0,16,1,1,1,0,0,1,5,1,0,2,1
7,19,0,1,1,0,3,1,0,0,1,1,1,0,0,1,5,3,0,2,1
2,15,4,1,1,0,3,0,0,4,1,1,1,7,0,0,5,0,0,0,1
6,20,4,1,1,0,3,3,0,0,1,1,1,0,0,3,0,3,2,4,0
4,19,0,1,1,0,3,0,0,2,1,1,1,7,0,1,0,4,5,7,1
15,15,0,1,1,4,3,0,1,1,1,1,1,0,2,6,0,4,10,5,1
13,21,4,0,1,4,3,3,1,9,1,1,1,0,2,2,0,6,6,14,1
2,18,4,0,1,0,3,0,0,2,1,1,1,7,0,1,0,2,6,6,0
9,20,0,1,1,0,3,0,0,0,1,1,1,1,0,3,0,6,6,6,1
5,20,4,1,1,0,3,3,0,2,1,1,1,0,0,1,0,6,2,6,1
10,14,0,0,1,4,3,0,1,9,1,1,1,5,0,1,0,6,10,3,1
14,15,4,0,1,3,3,0,1,0,1,1,1,7,2,1,0,6,3,8,1
2,18,4,1,0,0,3,0,0,0,1,1,1,0,0,1,0,5,6,2,1
2,15,0,1,1,0,3,0,0,8,1,1,1,7,0,1,2,2,0,3,1
3,15,4,0,1,0,3,0,0,2,1,1,1,7,0,1,0,6,3,8,1
5,19,4,1,1,0,3,0,0,0,1,1,1,0,0,1,0,6,3,9,1
11,20,0,0,1,3,3,0,1,1,1,1,1,5,2,1,2,0,0,0,1
11,22,4,1,1,0,3,1,0,0,1,1,1,0,2,2,0,7,0,11,1
14,15,4,1,1,3,3,0,1,0,1,1,1,8,2,1,0,2,2,5,1
11,15,0,1,1,4,3,0,1,0,1,1,1,5,2,1,5,1,0,4,0
10,20,0,1,1,0,1,1,0,0,1,1,1,0,0,5,0,6,6,10,1
2,15,4,0,1,0,3,3,0,9,1,1,1,1,0,1,0,6,11,6,1
5,2,0,0,1,3,3,0,1,0,1,1,1,7,0,2,0,6,6,6,0
0,14,4,0,1,0,3,0,0,2,1,1,1,7,0,1,0,1,8,1,1
13,20,0,0,1,0,3,0,0,0,1,1,1,0,2,1,0,8,2,13,1
7,20,4,1,1,3,3,0,1,0,1,1,1,5,0,4,0,6,4,9,1
9,20,4,0,1,4,3,3,1,5,1,1,1,5,0,1,0,9,4,6,1
15,15,0,0,1,4,3,0,1,0,1,1,1,0,2,1,0,6,3,10,1
3,18,4,1,1,0,3,0,0,2,1,1,1,7,0,1,5,2,0,4,1
7,15,4,1,1,0,3,3,0,12,1,1,1,1,0,1,0,6,6,9,1
9,15,4,1,1,0,3,0,0,2,1,1,1,0,0,0,5,0,0,0,1
3,18,4,0,1,0,3,0,0,2,1,1,1,0,0,1,0,3,1,4,0
11,17,4,1,1,0,3,0,0,2,1,1,1,7,2,1,0,2,3,2,1
3,15,4,0,1,0,3,1,0,2,1,1,1,0,0,1,0,6,1,10,1
13,18,0,1,1,0,3,0,0,2,1,1,1,0,2,1,0,6,7,9,1
14,18,4,1,1,0,3,0,0,2,1,1,1,0,2,1,0,6,4,7,1
15,22,4,1,1,0,3,1,0,0,1,1,1,7,2,1,0,6,6,10,0
3,15,4,0,1,0,3,0,0,2,1,1,1,7,0,1,0,4,4,4,1
1,18,4,0,1,4,3,0,1,2,1,1,1,0,0,1,0,2,3,2,0
6,20,4,1,1,3,3,3,1,2,1,1,1,5,0,4,5,0,0,1,1
1,15,4,1,1,0,3,0,0,7,1,1,1,0,0,3,0,2,1,3,1
11,18,0,0,0,0,3,3,0,1,1,1,1,0,2,1,0,9,4,8,1
12,20,2,0,0,0,3,1,0,0,1,1,0,0,2,1,5,0,0,0,0
9,20,4,0,1,0,3,0,0,14,1,1,1,5,0,1,0,9,6,13,0
15,20,0,1,1,0,3,0,0,0,1,1,1,0,2,1,0,6,1,14,1
14,21,0,1,1,0,3,1,0,0,1,1,1,0,2,1,0,6,5,13,1
0,17,4,1,1,0,3,0,0,2,1,1,1,1,0,1,0,4,3,6,1
1,18,4,0,1,0,3,0,0,0,1,1,1,0,0,1,0,6,10,13,1
8,13,4,0,1,0,3,0,0,0,1,1,1,7,0,1,0,6,4,13,1
1,18,4,0,1,0,3,3,0,16,1,1,1,1,0,1,0,2,5,2,0
13,21,0,1,1,0,3,3,0,0,1,1,1,0,2,2,0,6,6,10,0
14,13,4,0,0,4,3,0,1,2,1,1,1,5,2,0,5,0,0,5,1
14,19,0,0,1,3,3,1,1,1,1,1,1,0,2,0,5,0,0,12,1
1,18,4,1,1,0,3,1,0,2,1,1,1,0,0,2,0,2,6,2,1
5,22,4,1,0,0,3,3,0,2,1,1,1,7,0,1,0,7,6,8,1
14,19,0,1,1,0,3,0,0,8,1,1,1,5,2,3,0,6,4,8,1
10,20,4,1,1,0,3,3,0,0,1,1,1,0,0,1,0,3,6,14,1
4,18,4,1,1,0,3,0,0,0,1,1,1,7,0,1,0,6,4,8,0
8,20,4,1,1,0,3,0,0,12,1,1,1,0,0,1,0,6,6,11,1
3,15,4,0,1,0,1,0,0,16,1,1,1,0,0,1,0,9,10,5,0
8,20,4,0,1,0,3,0,0,2,1,1,1,1,0,1,0,6,6,8,1
10,20,0,0,1,0,3,1,0,0,1,1,1,0,0,1,0,6,1,10,0
15,16,0,0,1,0,0,0,0,0,1,1,1,0,2,5,3,9,1,13,1
3,17,4,1,1,0,3,1,0,2,1,1,1,0,0,1,0,6,4,7,1
0,15,4,0,1,0,0,0,0,16,1,1,1,0,0,5,3,2,0,1,0
2,18,4,1,1,0,3,0,0,2,1,1,1,5,0,0,5,0,0,0,1
5,17,0,0,1,0,3,0,0,1,1,1,1,0,0,1,0,6,4,10,0
7,20,4,0,1,0,3,0,0,0,1,1,1,1,0,3,0,9,10,12,1
8,20,0,1,1,0,3,1,0,1,1,1,1,0,0,1,5,0,0,0,0
0,17,4,1,1,0,3,0,0,2,1,1,1,0,0,0,5,0,0,0,1
3,22,0,1,1,0,3,0,0,1,1,1,1,1,0,1,1,9,0,11,1
14,20,0,1,1,4,3,0,1,8,1,1,1,7,2,1,0,6,0,13,1
1,18,4,1,1,0,3,0,0,2,1,1,1,7,0,1,0,5,2,4,1
7,20,4,1,1,0,3,0,0,0,1,1,1,0,0,1,0,1,3,6,1
0,18,4,1,1,0,3,3,0,2,1,1,1,0,0,1,0,1,0,1,0
0,15,4,1,1,3,3,0,1,2,1,1,1,0,0,0,5,0,0,0,1
1,17,4,1,1,0,3,3,0,2,1,1,1,0,0,1,0,4,4,4,1
11,18,0,1,1,0,3,1,0,0,1,1,1,0,2,1,5,4,0,2,1
3,18,4,0,1,0,3,1,0,2,1,1,1,0,0,1,0,2,6,6,1
10,15,4,1,1,0,3,0,0,2,1,1,1,7,0,1,0,2,2,4,1
14,19,4,1,1,0,3,0,0,2,1,1,1,0,2,0,5,0,0,0,0
12,20,0,1,1,4,3,0,1,1,1,1,1,5,2,0,5,0,0,0,1
1,18,4,0,1,0,3,1,0,2,1,1,1,0,0,1,0,8,2,8,1
2,15,4,0,1,2,3,3,0,2,1,1,1,0,0,9,2,0,0,0,1
11,19,4,1,1,0,3,0,0,0,1,1,1,0,2,3,5,0,0,0,1
14,20,4,1,1,0,3,0,0,0,1,1,1,5,2,3,2,0,0,0,1
13,15,4,1,1,0,3,0,0,12,1,1,1,0,2,1,0,3,3,3,1
8,17,4,1,1,0,3,0,0,2,1,1,1,0,0,1,0,6,6,5,1
12,13,0,1,1,4,3,0,1,8,1,1,1,7,2,0,5,0,0,0,1
13,21,0,0,1,3,3,0,1,0,1,1,1,5,2,1,0,6,6,13,1
10,21,4,0,1,4,3,0,1,0,1,1,1,5,0,1,0,6,8,13,1
4,18,4,1,1,4,3,0,1,0,1,1,1,0,0,1,0,6,9,6,1
11,20,0,0,1,0,3,0,0,1,1,1,1,0,2,1,0,6,8,11,1
0,18,4,0,1,0,3,0,0,2,1,1,1,0,0,9,2,0,0,0,1
8,17,4,0,1,0,3,1,0,0,1,1,1,0,0,1,0,8,8,8,1
5,15,4,0,0,0,3,0,0,2,1,1,0,0,0,2,0,6,2,3,1
5,12,0,0,1,4,3,0,1,0,1,1,1,0,0,1,0,6,4,9,1
10,15,0,0,1,0,3,0,0,0,1,1,1,0,0,1,0,6,4,10,1
7,21,0,0,1,4,3,0,1,1,1,1,1,5,0,2,0,6,11,12,1
13,18,4,1,1,0,3,3,0,11,1,1,1,7,2,4,0,8,1,11,1
9,18,4,1,1,0,3,0,0,12,1,1,1,2,0,3,0,6,7,9,1
14,15,0,0,1,0,3,1,0,0,1,1,1,0,2,1,0,6,4,11,1
13,21,0,1,1,4,3,0,1,1,1,1,1,5,2,1,0,5,3,10,1
0,18,4,1,1,0,3,1,0,0,1,1,1,0,0,1,5,2,0,2,1
12,20,4,0,1,2,3,0,0,2,1,1,1,0,2,1,0,2,3,12,1
9,12,4,0,1,4,3,0,1,0,1,1,1,7,0,1,0,6,11,14,1
12,20,4,0,1,0,3,1,0,2,1,1,1,0,2,2,0,6,11,14,1
15,15,4,1,1,0,3,3,0,4,1,1,1,0,2,1,0,6,8,4,1
11,18,4,0,1,0,3,0,0,12,1,1,1,7,2,1,5,6,0,5,1
15,20,4,1,1,0,3,1,0,0,1,1,1,0,2,1,0,6,8,14,1
5,17,4,1,1,0,3,0,0,0,1,1,1,5,0,0,5,0,0,1,1
0,18,4,1,1,0,3,0,0,16,1,1,1,7,0,0,5,0,0,0,0
1,17,2,1,1,0,3,1,0,2,1,1,1,0,0,1,5,0,0,0,1
9,20,4,1,1,0,3,3,0,11,1,1,1,5,0,1,0,8,4,11,1
11,21,0,1,1,0,3,0,0,1,1,1,1,0,2,1,0,8,11,13,0
14,18,0,0,1,0,3,1,0,0,1,1,1,0,2,0,5,0,0,10,1
14,22,4,0,1,0,3,0,0,0,1,1,1,5,0,2,0,4,5,14,1
5,17,4,0,0,0,3,3,0,11,1,1,0,8,0,1,0,8,10,13,1
5,10,0,1,1,2,3,0,1,0,1,1,1,0,0,6,0,1,3,3,0
15,15,0,0,1,4,3,0,1,0,1,1,1,7,2,1,0,5,2,6,1
2,22,4,0,1,0,3,0,0,0,1,1,1,5,0,1,0,7,9,11,1
14,20,4,0,1,3,3,0,1,2,1,1,1,5,2,1,0,6,11,13,1
13,7,2,1,0,0,3,0,0,12,1,1,0,7,2,3,2,2,0,3,1
13,20,0,1,1,0,3,0,0,1,1,1,1,5,2,5,0,6,9,13,0
12,22,0,1,1,3,3,0,1,1,1,1,1,0,2,2,0,6,6,11,1
9,18,0,0,1,3,1,0,1,16,1,1,1,0,0,1,0,6,7,7,1
1,19,4,0,1,4,3,0,1,16,1,1,1,5,0,1,5,1,0,2,0
9,20,4,1,1,0,3,1,0,0,1,1,1,0,0,3,0,6,6,13,1
7,21,0,1,1,0,3,1,0,0,1,1,1,0,0,4,0,6,5,12,0
1,15,4,0,1,3,3,0,1,2,1,1,1,5,0,1,0,3,3,4,1
3,17,4,0,1,0,3,0,0,15,1,1,1,0,0,0,5,0,0,2,0
14,14,4,0,1,4,3,0,1,0,1,1,1,7,2,1,0,6,10,8,1
3,15,4,0,1,0,3,0,0,0,1,1,1,1,0,5,0,6,2,11,1
11,18,4,0,1,0,3,3,0,0,1,1,1,0,2,2,0,1,2,8,0
0,18,4,1,1,0,3,0,0,2,1,1,1,0,0,1,0,4,4,6,1
8,19,4,0,1,0,3,1,0,7,1,1,1,0,0,1,0,6,6,10,1
14,14,4,0,1,0,3,1,0,2,1,1,1,0,2,1,0,6,5,7,1
5,20,4,0,1,2,3,0,0,2,1,1,1,1,0,6,0,2,10,2,0
9,20,4,0,1,0,3,0,0,2,1,1,1,5,0,1,0,4,7,8,1
11,17,0,0,1,0,3,3,0,8,1,1,1,5,2,1,0,3,6,11,1
14,20,4,0,1,0,3,1,0,12,1,1,1,0,2,1,0,7,3,12,1
11,16,0,0,1,3,3,0,1,1,1,1,1,5,2,1,5,6,0,4,0
8,17,4,0,1,0,3,0,0,11,1,1,1,0,0,6,0,8,4,10,0
3,15,4,0,1,0,3,0,0,2,1,1,1,7,0,1,0,6,8,6,1
5,14,4,1,1,0,3,2,0,0,1,1,1,7,0,1,0,6,1,8,1
1,13,4,0,1,0,3,0,0,2,1,1,1,7,0,1,2,6,0,6,1
12,15,0,0,1,4,3,0,1,1,1,1,1,0,2,0,5,0,0,0,1
0,14,4,1,1,4,3,0,1,9,1,1,1,5,0,0,5,0,0,0,0
12,20,4,0,1,0,3,1,0,0,1,1,1,0,2,1,0,7,6,12,1
2,18,4,1,0,0,3,1,0,12,1,1,1,0,2,0,5,0,0,2,0
6,11,4,0,1,0,3,0,0,4,1,1,1,0,0,1,0,4,3,2,1
11,8,4,0,1,3,3,2,1,2,1,1,1,7,2,1,0,6,1,4,1
2,18,4,1,1,0,3,0,0,0,1,1,1,5,0,0,5,0,0,0,1
2,17,0,1,1,0,3,0,0,8,1,1,1,0,0,3,0,2,4,6,1
9,18,4,0,1,0,1,0,0,0,1,0,1,0,0,1,0,6,7,11,0
11,15,0,1,1,4,3,0,1,1,1,1,1,7,2,1,0,5,2,6,1
11,21,0,0,1,0,3,0,0,0,1,1,1,5,2,1,0,6,8,11,0
8,1,4,1,1,4,3,0,1,2,1,1,1,5,0,3,5,6,0,1,0
8,20,4,1,1,0,3,1,0,0,1,1,1,0,0,3,0,9,4,12,0
13,8,0,0,1,4,3,3,1,0,1,1,1,0,2,1,0,6,5,14,0
11,18,0,0,1,0,3,3,0,1,1,1,1,7,2,1,2,6,0,9,1
14,21,0,1,1,4,3,0,1,1,1,1,1,5,2,2,5,0,0,0,1
11,19,4,1,1,0,3,1,0,12,1,1,1,0,2,1,0,4,11,5,1
9,18,4,0,1,0,3,0,0,0,1,1,1,1,0,3,0,6,11,11,0
5,20,4,0,1,0,3,3,0,11,1,1,1,0,0,2,0,6,10,10,0
9,20,4,0,1,0,3,1,0,2,1,1,1,0,0,1,0,7,10,13,1
12,20,0,0,1,0,3,0,0,0,1,1,1,5,2,2,0,6,0,14,1
7,15,4,1,1,0,3,3,0,0,1,1,1,0,0,1,0,6,3,9,1
13,12,2,0,0,0,3,0,0,15,1,1,1,0,2,0,5,0,0,1,1
15,22,0,0,1,4,3,0,1,1,1,1,1,0,2,1,0,9,0,14,1
7,18,0,1,1,3,3,0,1,0,1,1,1,7,0,1,0,6,1,8,1
1,17,4,0,1,0,3,1,0,16,1,1,1,0,0,1,5,2,0,3,0
11,21,0,0,1,0,3,1,0,1,1,1,1,8,2,1,0,6,6,14,1
6,21,4,1,1,0,3,3,0,9,1,1,1,8,0,1,0,2,2,8,1
6,15,4,0,1,0,3,0,0,2,1,1,1,0,0,0,5,0,0,0,1
6,18,4,0,1,3,3,1,1,2,1,1,1,0,0,1,0,2,2,6,1
13,20,0,0,1,0,3,3,0,2,1,1,1,0,2,6,0,6,0,8,1
12,17,0,0,1,0,3,3,0,1,1,1,1,0,2,1,0,5,2,3,0
9,18,4,0,1,0,3,1,0,9,1,1,1,0,0,1,5,4,0,1,0
7,20,4,0,1,0,3,3,0,4,1,1,1,5,0,1,2,0,0,0,0
10,20,0,0,1,4,3,0,1,1,1,1,1,0,0,1,0,6,5,14,1
12,15,4,0,1,4,3,0,1,0,1,1,1,5,2,1,0,9,8,12,1
15,15,4,1,1,4,3,0,1,2,1,1,1,7,2,1,0,6,8,6,1
15,20,4,0,1,4,3,0,1,0,1,1,1,5,2,1,0,6,8,14,1
5,15,4,0,1,0,3,1,0,11,1,1,1,0,0,1,0,4,6,4,0
12,16,0,0,1,0,3,3,0,0,1,1,1,0,2,1,0,9,11,13,0
2,15,4,1,1,0,3,0,0,2,1,1,1,0,0,0,5,0,0,0,1
9,19,4,0,1,0,3,1,0,2,1,1,1,0,0,1,0,6,3,11,1
14,15,0,0,1,0,3,0,0,2,1,1,1,8,2,1,0,5,9,2,0
15,20,4,0,1,4,3,0,1,0,1,1,1,0,2,1,0,9,4,13,1
6,19,4,1,1,4,3,0,1,12,1,1,1,7,0,1,0,6,3,7,1
4,20,4,1,1,0,3,3,0,2,1,1,1,0,0,1,0,1,3,1,1
8,20,4,0,1,0,3,3,0,2,1,1,1,1,0,1,0,6,8,10,1
12,18,0,1,1,3,3,0,1,0,1,1,1,5,2,1,5,0,0,0,1
3,18,4,1,1,0,3,1,0,2,1,1,1,0,0,1,0,1,6,2,1
8,20,4,0,1,0,3,0,0,2,1,1,1,5,0,1,0,2,8,5,1
12,15,4,0,1,0,3,0,0,2,1,1,1,0,2,6,0,1,8,1,1
2,15,4,1,1,0,3,0,0,2,1,1,1,0,0,6,0,1,1,2,1
4,18,4,0,1,0,3,3,0,0,1,1,1,7,0,1,0,6,4,9,0
14,18,0,0,1,0,3,0,0,1,1,1,1,0,2,1,0,6,4,12,1
8,19,0,1,1,0,3,0,0,1,1,1,1,0,0,1,0,6,3,9,0
14,22,0,1,1,0,3,0,0,0,1,1,1,1,2,1,0,9,8,11,0
4,20,4,1,1,4,3,0,1,9,1,1,1,0,0,2,0,3,6,9,1
5,20,4,0,1,3,3,0,1,2,1,1,1,5,0,1,0,6,3,13,1
8,15,0,0,1,4,3,0,1,14,1,1,1,5,0,1,0,4,4,3,1
4,15,4,0,1,0,3,0,0,2,1,1,1,7,0,0,5,0,0,0,1
2,15,4,0,0,3,3,3,1,3,1,0,1,0,0,6,5,2,0,2,1
9,17,4,0,0,2,3,1,0,2,0,0,0,0,0,0,5,0,0,2,1
10,20,0,0,1,0,3,0,0,1,1,1,1,0,0,1,0,9,6,14,0
9,17,4,0,1,3,3,3,1,2,1,1,1,0,0,1,0,6,6,12,1
8,15,2,0,1,0,3,1,0,7,1,1,1,0,0,1,0,9,8,12,0
10,22,4,0,1,0,3,0,0,0,1,1,1,7,0,1,0,6,2,14,1
10,20,4,0,1,4,3,0,1,0,1,1,1,0,0,1,1,9,0,12,0
15,23,3,1,1,0,3,0,0,0,1,1,1,6,2,0,5,0,0,3,0
12,20,4,0,1,0,3,1,0,0,1,1,1,5,2,1,0,6,4,11,0
3,18,4,1,1,0,3,1,0,2,1,1,1,0,0,1,0,1,8,3,1
12,15,4,0,1,4,3,3,1,0,1,1,1,8,2,1,0,6,3,6,1
13,15,0,0,1,0,3,0,0,0,1,1,1,0,2,1,0,6,4,12,1
0,18,4,0,1,0,3,0,0,2,1,1,1,0,0,0,5,0,0,0,1
9,18,4,0,1,0,3,3,0,0,1,1,1,0,0,1,0,6,6,10,1
7,18,4,1,1,0,3,0,0,2,1,1,1,0,0,0,5,0,0,5,1
11,20,4,1,1,0,3,0,0,12,1,1,1,1,2,1,0,6,1,10,0
2,15,4,0,1,0,3,0,0,0,1,1,1,0,0,1,2,9,0,14,0
0,15,4,0,1,4,3,0,1,2,1,1,1,7,0,0,5,0,0,0,1
6,20,4,1,1,0,3,1,0,0,1,1,1,0,0,1,0,6,8,12,1
15,20,0,1,1,4,3,0,1,9,1,1,1,0,2,6,5,2,0,0,1
7,20,4,1,1,4,3,0,1,5,1,1,1,5,0,1,0,9,5,14,1
9,20,4,1,1,0,3,1,0,11,1,1,1,0,0,0,5,0,0,3,0
15,20,0,0,1,0,3,0,0,1,1,1,1,0,2,1,0,8,4,14,1
11,21,0,0,1,0,3,0,0,0,1,1,1,0,2,1,0,6,6,14,1
11,15,4,1,1,0,3,0,0,2,1,1,1,0,2,0,5,0,0,0,1
5,18,4,1,1,0,3,1,0,2,1,1,1,0,0,1,0,6,6,10,1
11,23,4,0,1,4,3,0,1,0,1,1,1,5,2,1,0,6,2,14,1
14,18,2,0,1,0,3,1,0,0,1,1,1,0,2,1,0,4,4,8,1
10,14,0,0,1,0,3,0,0,0,1,1,1,8,0,1,0,8,8,14,0
12,18,4,0,1,0,3,3,0,11,1,1,1,0,2,6,0,1,11,3,1
7,18,4,1,1,0,3,1,0,0,1,1,1,0,0,2,5,1,0,1,0
3,20,4,0,1,0,3,0,0,2,1,1,1,0,0,1,0,3,5,8,1
6,20,4,1,1,0,3,0,0,2,1,1,1,0,0,1,0,6,8,11,1
4,18,4,0,1,0,3,1,0,2,1,1,1,0,0,1,0,8,2,7,1
9,18,0,0,1,0,3,0,0,0,1,1,1,0,0,1,0,7,11,12,1
14,21,0,1,1,4,3,0,1,1,1,1,1,5,2,0,5,0,0,0,0
9,18,4,0,1,0,3,0,0,0,1,1,1,5,0,1,0,9,3,12,0
3,18,4,1,1,4,3,0,1,0,1,1,1,0,0,1,0,6,6,8,1
7,15,4,0,1,0,3,3,0,2,1,1,1,0,0,0,5,0,0,0,1
14,15,0,1,1,0,3,0,0,2,1,1,1,0,2,6,0,4,11,6,1
1,18,4,0,1,0,3,0,0,10,1,1,1,0,0,1,0,9,3,10,0
10,20,4,0,1,0,3,0,0,2,1,1,1,5,0,1,2,0,0,0,1
11,21,0,0,1,4,3,1,1,0,1,1,1,5,2,1,0,6,5,12,1
9,18,4,0,1,0,3,3,0,2,1,1,1,5,0,2,0,6,8,11,1
3,18,0,1,1,3,3,0,1,1,1,1,1,0,0,1,5,0,0,0,1
9,19,0,0,1,0,3,3,0,0,1,1,1,0,0,1,0,9,11,13,1
12,15,0,1,1,0,3,3,0,1,1,1,1,0,2,2,5,0,0,0,1
4,19,4,1,1,0,3,0,0,2,1,1,1,0,0,0,5,0,0,0,1
4,20,4,1,1,0,3,0,0,11,1,1,1,1,0,1,0,6,10,11,1
12,20,0,1,1,0,3,0,0,0,1,1,1,0,2,1,0,8,4,14,1
8,20,4,0,0,0,3,0,0,2,1,1,1,7,0,1,0,9,6,13,1
7,18,0,1,1,4,3,0,1,0,1,1,1,5,0,1,0,2,11,6,1
1,18,4,0,1,0,3,0,0,2,1,1,1,0,0,9,2,0,0,0,1
1,18,4,0,1,0,3,0,0,2,1,1,1,1,0,0,5,0,0,0,1
8,0,4,0,1,4,3,0,1,5,1,1,1,7,0,0,5,0,0,0,1
2,18,4,1,1,0,3,0,0,2,1,1,1,1,0,4,0,1,1,1,1
5,22,4,0,1,0,3,1,0,7,1,0,1,8,0,7,0,6,10,11,1
8,15,4,0,1,3,3,3,1,2,1,1,1,0,0,1,0,8,6,8,1
15,20,2,1,1,0,3,0,0,0,1,1,1,0,2,3,0,6,6,7,1
15,21,4,0,1,0,3,0,0,0,1,1,1,0,2,4,0,5,2,12,1
0,18,4,0,1,0,3,0,0,2,1,1,1,0,0,0,5,0,0,0,1
0,19,4,1,1,0,3,3,0,2,1,1,1,0,0,3,0,4,0,6,1
7,18,4,1,1,0,3,0,0,11,1,1,1,0,0,1,0,1,6,3,1
4,18,4,1,1,0,3,0,0,11,1,1,1,0,0,1,0,6,10,11,0
13,11,2,0,1,0,3,0,0,0,1,1,1,0,2,1,0,9,8,12,1
0,15,4,0,1,4,3,0,1,2,1,1,1,5,0,0,5,0,0,0,1
0,18,4,0,1,0,3,0,0,2,1,1,1,0,0,1,0,2,2,5,0
1,18,4,0,1,0,3,0,0,12,1,1,1,7,0,1,2,2,0,3,1
13,15,0,0,1,4,3,0,1,1,1,1,1,7,2,1,0,6,6,12,1
9,15,4,0,1,4,3,0,1,5,1,1,1,7,0,1,0,9,6,6,1
2,18,4,1,1,3,3,0,1,2,1,1,1,5,0,0,5,0,0,0,1
14,19,2,0,1,0,2,0,0,2,1,1,1,0,2,1,0,6,4,7,1
11,8,4,0,1,4,3,3,1,11,1,1,1,0,2,1,0,6,8,8,0
2,18,4,1,1,0,3,0,0,2,1,1,1,0,0,1,0,2,1,3,1
0,18,4,1,1,3,3,2,1,2,1,1,1,7,0,1,0,2,3,1,1
12,20,4,1,1,0,3,1,0,0,1,1,1,0,2,1,0,4,3,6,1
5,20,4,1,1,0,3,1,0,2,1,1,1,0,0,0,5,0,0,0,1
12,18,4,0,1,0,3,0,0,0,1,1,1,7,2,1,0,6,3,9,1
2,17,0,1,1,0,3,0,0,8,1,1,1,0,0,1,0,6,3,11,0
0,18,4,0,1,0,3,2,0,11,1,1,1,0,0,3,5,1,0,1,0
4,21,4,1,1,0,3,1,0,0,1,1,1,0,0,1,0,6,3,12,1
9,17,0,0,1,0,3,1,0,0,1,1,1,8,0,2,0,6,8,12,1
10,20,4,1,1,0,3,1,0,4,1,1,1,0,0,3,0,6,6,9,1
4,20,4,1,1,0,3,3,0,9,1,1,1,0,0,4,5,6,0,2,1
10,18,4,0,1,0,0,1,0,0,1,1,1,0,0,5,3,9,6,14,1
14,20,4,1,1,3,3,0,1,2,1,1,1,0,2,1,0,1,3,2,1
14,18,4,0,1,0,3,3,0,0,1,1,1,1,2,1,0,6,3,10,1
13,15,0,1,1,4,3,1,1,0,1,1,1,5,2,1,0,6,3,10,1
13,20,0,1,1,3,3,0,1,0,1,1,1,5,2,2,0,6,6,12,0
0,18,4,1,1,0,3,1,0,2,1,1,1,8,0,1,0,3,0,1,1
7,21,4,1,1,4,3,1,1,5,1,1,1,0,0,1,1,3,0,2,1
0,15,4,0,1,0,3,0,0,2,1,1,1,7,0,0,5,0,0,0,1
8,18,0,1,1,4,3,0,1,8,1,1,1,7,0,1,0,6,11,8,1
7,15,0,1,1,0,3,0,0,2,1,1,1,7,0,6,5,6,0,2,1
10,18,0,0,1,0,3,0,0,2,1,1,1,0,0,1,0,6,2,11,1
6,11,4,0,1,0,3,0,0,11,1,1,1,0,0,1,0,6,8,6,0
3,19,4,0,1,0,3,3,0,2,1,1,1,5,0,1,0,6,1,3,1
1,15,4,1,1,0,3,0,0,10,1,1,1,0,0,1,0,6,6,3,1
10,8,4,0,1,4,3,0,1,0,1,0,1,0,0,1,0,6,4,11,1
10,18,4,0,1,3,3,0,1,0,1,1,1,7,0,1,0,6,4,9,1
1,18,4,0,0,0,3,1,0,2,0,1,1,0,0,1,0,4,6,5,0
3,18,4,0,1,0,3,1,0,2,1,1,1,0,0,0,5,0,0,0,1
4,20,0,1,1,0,3,1,0,0,1,1,1,0,0,1,0,4,3,5,1
13,20,4,0,1,0,3,1,0,0,1,1,1,0,2,2,0,6,1,10,0
12,15,4,1,1,0,3,1,0,16,1,1,1,5,2,2,0,4,1,6,1
7,15,4,1,1,0,3,0,0,2,1,1,1,1,0,1,0,2,2,2,1
13,17,2,1,1,0,3,1,0,0,1,1,1,0,2,3,0,9,8,13,0
2,18,4,1,1,4,3,0,1,0,1,1,1,5,0,0,5,0,0,0,0
6,11,4,0,1,4,3,0,1,7,1,1,1,0,0,1,5,0,0,0,1
10,21,4,1,1,0,3,1,0,9,1,1,1,8,0,1,0,7,2,10,1
1,18,4,0,1,0,3,3,0,2,1,1,1,0,0,1,0,3,9,6,0
12,21,0,1,1,4,3,0,1,0,1,1,1,5,2,2,0,6,6,13,1
4,18,4,0,1,0,3,0,0,2,1,1,1,0,0,1,5,0,0,2,1
9,16,0,0,1,0,3,0,0,1,1,1,1,0,0,1,0,5,0,3,1
0,17,4,0,0,0,3,1,0,16,1,1,0,8,0,0,5,0,0,0,0
5,20,4,1,1,3,3,0,1,2,1,1,1,5,0,1,0,3,2,5,1
10,20,0,0,1,0,3,3,0,0,1,1,1,0,0,1,0,9,4,13,0
11,15,0,1,1,4,3,0,1,0,1,1,1,0,2,1,0,4,8,5,1
14,15,4,1,1,0,3,0,0,0,1,1,1,8,2,1,0,9,6,10,1
4,13,4,0,1,0,3,0,0,15,1,1,1,1,0,0,5,0,0,0,0
15,11,3,0,1,0,3,0,0,15,1,1,1,0,2,1,0,7,10,0,0
12,20,4,1,1,0,3,0,0,2,1,1,1,1,2,1,0,1,1,3,1
5,19,4,0,1,0,3,1,0,2,1,1,1,0,0,1,0,4,3,4,1
11,18,0,0,1,0,1,1,0,0,1,1,1,8,2,5,0,6,6,9,1
6,18,4,1,1,0,3,0,0,2,1,1,1,7,0,1,0,3,5,11,1
10,15,0,1,1,4,3,0,1,8,1,1,1,5,0,1,0,6,6,10,1
2,19,4,0,1,0,3,0,0,2,1,1,1,0,0,1,0,2,2,2,0
0,18,4,0,1,0,3,1,0,9,1,1,1,0,0,1,0,3,0,1,1
2,20,4,1,1,4,3,0,1,0,1,1,1,5,0,0,5,0,0,0,1
6,15,4,1,1,0,3,0,0,0,1,1,1,0,0,1,5,0,0,6,1
0,8,3,0,1,4,3,0,1,16,1,1,1,0,0,9,0,1,4,1,1
14,18,4,0,1,0,3,0,0,12,1,1,1,0,2,1,0,6,1,10,0
7,19,4,1,1,0,3,0,0,12,1,1,1,0,0,1,0,4,11,5,0
0,16,4,1,1,0,3,3,0,2,1,1,1,7,0,1,5,1,0,1,1
8,18,4,0,1,0,3,1,0,12,1,1,1,0,0,2,0,6,4,10,0
12,17,4,1,0,0,3,0,0,2,0,1,1,2,2,1,0,2,2,5,1
3,18,4,0,1,0,3,0,0,2,1,1,1,7,0,2,0,6,3,11,1
7,21,0,1,1,4,3,0,0,1,1,1,1,7,0,1,0,6,5,11,0
15,15,4,1,1,0,3,0,0,12,1,1,1,0,2,1,0,6,6,6,1
13,20,2,1,1,0,3,1,0,0,1,1,1,0,2,3,0,6,4,12,1
4,15,4,1,1,0,3,0,0,2,1,1,1,1,0,1,0,1,11,6,0
12,21,0,1,1,4,3,3,1,1,1,1,1,7,2,1,0,6,2,9,1
9,17,0,0,1,0,3,3,0,1,1,1,1,0,0,1,5,0,0,0,0
4,14,0,0,1,4,3,3,1,2,1,1,1,0,0,1,2,6,0,5,1
15,18,0,1,1,0,3,0,0,2,1,1,1,7,2,0,5,0,0,0,1
10,21,0,1,1,3,3,0,1,0,1,1,1,5,0,1,0,6,10,13,0
0,19,4,1,1,3,3,3,1,2,1,1,1,5,0,1,0,2,3,4,1
14,18,4,0,1,0,3,1,0,16,1,1,1,0,2,1,0,6,5,11,1
11,15,4,0,1,0,3,0,0,12,1,1,1,8,2,1,0,6,3,10,0
8,18,0,1,1,3,3,0,1,0,1,1,1,5,0,1,5,0,0,0,1
13,20,4,0,1,0,3,0,0,2,1,1,1,5,2,1,0,2,0,3,1
8,13,4,0,0,0,3,0,0,15,1,1,0,0,0,1,5,0,0,0,1
2,18,4,1,1,0,3,3,0,4,1,1,1,0,0,1,0,6,4,9,1
7,17,4,1,1,0,3,0,0,0,1,1,1,7,0,2,0,9,6,10,1
6,10,0,1,1,0,3,1,0,0,1,1,1,8,0,5,0,6,3,10,1
9,14,0,0,1,0,3,0,0,0,1,1,1,7,0,1,0,6,3,11,1
4,18,4,0,1,0,3,0,0,10,1,1,1,0,0,1,0,6,3,8,1
3,20,4,1,1,0,3,3,0,11,1,1,1,0,0,0,5,0,0,0,1
13,20,0,1,1,0,3,1,0,1,1,1,1,0,2,2,5,0,0,0,0
6,20,4,0,1,2,3,1,0,3,1,1,1,8,0,1,0,6,8,13,1
14,20,4,0,1,4,3,0,1,0,1,1,1,5,2,1,5,0,0,0,1
14,21,4,0,1,4,3,0,1,14,1,1,1,5,2,1,0,5,0,13,0
5,20,4,0,1,0,3,0,0,2,1,1,1,0,0,1,0,6,3,4,1
14,20,0,1,1,0,3,0,0,8,1,1,1,2,0,6,0,4,1,14,1
8,20,4,0,1,0,3,1,0,0,1,1,1,0,0,1,0,6,3,13,0
0,18,4,1,1,0,3,1,0,2,1,1,1,0,0,2,5,2,0,4,1
13,19,2,1,1,0,3,1,0,7,1,1,1,0,2,1,0,2,11,5,1
8,10,2,1,0,4,3,0,1,0,1,1,1,0,0,9,2,0,0,0,0
13,17,0,0,1,0,3,0,0,0,1,1,1,0,2,1,0,9,4,14,0
10,20,4,1,1,0,3,0,0,12,1,1,1,0,0,1,0,7,11,9,1
13,0,4,0,1,4,3,0,1,15,1,1,1,7,2,0,5,0,0,0,1
0,18,4,1,1,0,3,0,0,2,1,1,1,0,0,1,0,2,9,4,0
12,15,4,0,1,0,3,1,0,2,1,1,1,0,2,1,0,4,11,6,1
14,15,4,0,1,0,3,0,0,2,1,1,1,0,2,1,0,6,6,6,1
10,16,4,0,1,0,3,0,0,15,1,1,1,7,0,1,5,6,0,2,0
5,15,0,1,1,4,3,0,1,1,1,1,1,0,0,1,5,0,0,0,1
1,14,4,1,1,0,3,3,0,11,1,1,1,0,0,1,2,6,0,6,0
5,20,4,1,1,0,3,3,0,0,1,1,1,0,0,0,5,0,0,0,1
12,17,2,1,1,0,3,0,0,0,1,1,1,7,2,4,0,6,8,11,0
1,18,4,0,1,0,3,0,0,11,1,1,1,0,0,1,5,0,0,0,0
15,21,0,1,1,0,3,1,0,0,1,1,1,8,2,4,0,6,1,13,1
12,15,4,1,1,0,3,1,0,2,1,1,1,0,2,6,0,1,2,2,1
6,15,4,0,1,0,3,3,0,11,1,1,1,7,0,1,0,6,4,10,1
7,14,4,0,1,0,3,0,0,2,1,1,1,7,0,0,5,0,0,0,1
14,0,4,0,1,4,3,0,1,0,1,1,1,0,2,0,5,0,0,6,1
4,15,4,0,1,0,3,0,0,2,1,1,1,0,0,1,0,6,2,4,1
10,19,2,0,1,0,3,0,0,0,1,1,1,0,0,3,0,9,4,12,1
11,20,4,1,1,2,3,0,0,12,1,1,1,2,2,1,0,6,10,14,1
5,17,4,1,1,0,3,0,0,11,1,1,1,0,0,1,0,3,6,4,1
10,20,4,1,1,0,3,0,0,11,1,1,1,0,0,1,0,6,10,14,0
15,20,4,0,1,0,3,1,0,10,1,1,1,8,2,4,0,6,0,13,1
7,15,0,1,1,0,3,1,0,1,1,1,1,0,0,2,0,5,3,6,1
11,17,4,0,1,3,3,0,1,2,1,1,1,0,2,6,2,0,0,0,1
15,20,0,1,1,3,3,0,1,0,1,1,1,0,2,1,0,6,4,11,1
0,18,4,1,1,0,3,0,0,16,1,1,1,7,0,0,5,0,0,0,0
8,15,4,1,1,0,3,0,0,0,1,1,1,0,0,1,0,4,8,6,1
11,11,4,0,0,0,3,0,0,2,0,1,1,0,2,1,0,6,8,13,1
11,16,4,1,1,0,3,0,0,2,1,1,1,0,2,3,0,3,2,2,1
0,18,4,1,1,0,3,0,0,16,1,1,1,5,0,0,5,0,0,0,0
8,19,4,1,1,0,3,1,0,0,1,1,1,0,0,2,0,9,6,7,1
9,19,4,0,1,3,3,0,1,2,1,1,1,7,0,1,0,6,10,10,1
7,18,4,0,1,0,3,3,0,0,1,1,1,0,0,2,0,7,4,12,0
8,15,0,0,1,0,3,0,0,0,1,1,1,0,0,1,0,4,6,3,0
11,20,0,0,1,0,3,1,0,1,1,1,1,0,2,1,0,9,6,12,1
1,18,4,1,1,0,3,1,0,16,1,1,1,0,0,1,5,1,0,2,1
9,18,0,0,1,4,3,0,1,0,1,1,1,0,0,1,0,6,2,6,1
12,17,4,0,1,0,3,3,0,2,1,1,1,7,2,1,0,9,6,11,1
12,19,0,1,1,3,3,0,1,0,1,1,1,7,2,1,0,6,3,10,1
15,15,4,0,1,0,3,0,0,12,1,1,1,0,2,1,0,6,8,10,1
4,18,0,1,1,0,3,0,0,0,1,1,1,1,0,1,5,0,0,0,1
14,19,4,0,1,0,3,0,0,16,1,1,1,0,2,1,0,8,2,7,1
8,0,4,0,1,0,3,3,0,0,1,1,1,1,0,1,0,2,1,6,0
15,18,0,1,1,4,3,0,1,1,1,1,1,7,2,0,5,0,0,0,1
2,18,4,0,1,0,3,0,0,2,1,1,1,0,0,1,0,2,3,3,1
3,18,4,0,1,0,3,0,0,2,1,1,1,1,0,9,2,0,0,0,1
11,20,4,1,1,0,3,3,0,0,1,1,1,0,2,1,0,1,3,2,1
10,20,4,0,1,0,3,0,0,11,1,1,1,0,0,1,0,7,10,14,0
8,20,4,0,1,0,3,0,0,11,1,1,1,0,0,1,0,8,8,11,0
9,23,2,1,1,0,3,0,0,2,1,1,1,0,0,1,0,6,7,13,0
14,21,0,1,1,4,3,0,1,0,1,1,1,5,2,1,0,6,6,11,1
4,18,4,0,1,0,3,0,0,0,1,1,1,0,0,1,0,7,2,9,1
10,19,0,0,1,3,1,0,1,0,1,1,1,0,0,1,0,8,3,14,1
7,20,4,0,1,0,3,0,0,2,1,1,1,5,0,2,0,6,10,11,1
1,21,4,0,1,0,3,1,0,7,1,1,1,0,0,1,2,2,0,3,0
12,18,2,0,1,4,3,0,1,0,1,1,1,5,2,1,0,6,8,12,1
8,18,4,1,1,0,3,0,0,5,1,1,1,7,0,1,0,6,4,10,1
10,16,3,0,1,0,3,0,0,0,1,1,1,0,0,1,0,7,10,4,1
14,10,4,1,1,0,3,0,0,0,1,1,1,8,2,5,0,6,9,10,0
5,20,0,0,1,0,3,3,0,1,1,1,1,0,0,2,0,6,3,8,1
15,20,0,0,1,0,3,0,0,0,1,1,1,5,2,4,0,9,8,14,1
5,17,4,0,1,4,3,0,1,0,1,1,1,0,0,1,0,3,2,5,0
1,18,4,1,1,3,3,0,1,2,1,1,1,0,0,1,0,3,4,5,1
5,18,4,0,1,0,3,1,0,0,1,1,1,0,0,1,0,5,5,6,0
6,20,0,1,1,3,3,0,1,0,1,1,1,5,0,4,0,6,6,12,1
13,18,4,0,1,0,3,0,0,7,1,1,1,7,2,1,0,6,10,10,1
1,14,4,0,1,0,3,3,0,15,1,1,1,7,0,0,5,0,0,0,0
14,20,4,1,1,0,3,1,0,2,1,1,1,0,2,1,0,7,5,11,1
6,14,0,0,1,3,3,3,1,2,1,1,1,7,0,1,4,3,0,11,0
11,20,4,1,1,3,3,0,1,2,1,1,1,5,2,1,0,6,11,12,1
9,17,4,1,1,0,3,0,0,2,1,1,1,7,0,1,0,6,3,10,1
6,20,0,0,1,0,2,0,0,10,1,1,1,0,0,1,0,6,3,13,0
4,18,4,1,1,0,3,3,0,2,1,1,1,0,0,1,0,2,0,4,1
12,13,4,1,0,0,3,3,0,16,1,1,0,0,2,0,5,0,0,4,1
15,21,0,0,1,4,3,3,1,0,1,1,1,5,2,2,0,9,2,14,0
14,19,4,1,1,0,3,1,0,2,1,1,1,0,2,6,5,0,0,2,1
7,20,4,0,1,0,3,0,0,2,1,1,1,0,0,1,0,6,10,10,1
3,19,4,1,1,0,3,3,0,12,1,1,1,0,0,0,5,0,0,0,1
5,18,4,0,1,0,3,3,0,11,1,1,1,0,0,1,0,4,4,5,1
13,20,0,1,1,4,3,0,1,0,1,1,1,5,2,1,0,7,8,14,1
12,18,0,1,1,0,3,3,0,1,1,1,1,7,2,1,2,0,0,0,1
15,5,3,0,1,0,3,0,0,4,1,1,1,0,2,4,0,6,10,4,1
4,18,4,0,1,0,3,1,0,0,1,1,1,0,0,1,0,6,6,12,0
8,20,0,1,1,0,3,0,0,0,1,1,1,0,0,2,0,4,0,2,0
1,15,4,0,1,0,0,0,0,3,1,1,1,0,0,5,3,9,2,13,1
14,19,0,1,1,4,3,0,1,8,1,1,1,5,2,0,5,0,0,0,1
7,19,4,0,1,0,3,1,0,0,1,1,1,0,0,3,0,6,6,3,1
13,19,0,1,1,0,3,3,0,1,1,1,1,0,2,1,0,6,8,12,1
11,20,4,1,1,0,3,1,0,0,1,1,1,8,2,1,2,2,0,5,0
7,18,4,1,1,0,3,0,0,2,1,1,1,0,0,1,0,4,10,5,1
5,15,4,1,1,0,3,0,0,2,1,1,1,1,0,1,5,0,0,1,1
15,21,0,0,1,4,3,0,1,1,1,1,1,7,2,4,0,8,10,8,1
1,18,4,1,1,0,3,0,0,2,1,1,1,0,0,1,0,1,6,4,1
7,18,4,0,1,4,3,0,1,9,1,1,1,0,0,1,0,6,11,8,0
2,19,4,1,1,0,3,1,0,2,1,1,1,0,0,1,0,2,1,2,1
0,16,4,1,1,4,3,0,1,16,1,1,1,5,0,9,5,1,0,1,1
10,18,0,1,1,3,3,0,1,0,1,1,1,7,0,1,0,6,3,10,1
12,14,4,0,0,0,3,1,0,15,1,1,0,8,2,0,5,0,0,8,0
4,15,0,0,1,0,3,0,0,15,1,1,1,0,0,1,5,3,0,1,0
13,0,4,1,1,4,3,0,1,9,1,1,1,0,2,0,5,0,0,1,1
9,18,0,1,1,4,3,3,1,1,1,1,1,0,0,1,0,6,0,8,1
2,19,0,1,1,4,3,0,1,8,1,1,1,0,0,3,0,1,1,1,1
2,17,4,0,1,0,3,0,0,2,1,1,1,0,0,1,0,6,3,4,1
1,19,4,0,0,0,3,1,0,16,1,1,0,0,0,0,5,0,0,0,0
3,19,4,1,1,0,3,0,0,2,1,1,1,7,0,0,5,0,0,0,1
15,21,0,1,1,0,3,0,0,0,1,1,1,0,2,6,0,8,8,12,1
11,21,0,0,1,4,3,0,1,0,1,1,1,5,2,1,0,6,10,13,1
12,21,4,0,1,0,3,1,0,16,1,1,1,0,2,1,1,6,0,11,0
5,14,4,1,1,0,3,0,0,2,1,1,1,0,0,1,0,6,1,6,1
6,20,4,1,1,0,3,1,0,2,1,1,1,8,0,1,5,0,0,0,0
9,15,4,0,1,0,3,0,0,2,1,1,1,7,0,1,0,6,7,9,1
1,15,4,0,1,4,3,0,1,2,1,1,1,0,0,9,2,0,0,0,1
11,14,4,0,0,0,3,1,0,15,1,1,0,0,2,0,5,0,0,0,1
10,13,4,0,1,0,3,0,0,15,1,1,1,0,0,0,5,0,0,0,1
15,18,4,1,1,4,3,0,1,2,1,1,1,5,2,1,0,6,0,6,1
6,17,4,1,1,0,3,1,0,2,1,1,1,7,0,1,0,6,5,7,1
4,20,4,1,1,0,3,1,0,2,1,1,1,7,0,1,0,2,4,5,1
11,20,4,0,1,0,3,3,0,2,1,1,1,7,2,1,2,6,0,2,1
1,18,4,0,1,4,3,0,1,2,1,1,1,5,0,1,5,0,0,0,1
11,16,0,1,1,0,3,0,0,1,1,1,1,7,2,1,5,3,0,2,1
6,20,4,1,1,0,3,0,0,2,1,1,1,1,0,1,0,8,3,12,1
14,20,4,0,1,3,3,2,1,5,1,1,1,5,2,6,0,6,10,10,1
7,18,4,0,1,0,3,1,0,12,1,1,1,0,0,1,0,9,6,12,0
10,18,4,1,1,0,3,0,0,2,1,1,1,8,0,1,0,6,4,8,1
10,15,0,1,1,0,3,3,0,8,1,1,1,0,0,1,0,6,1,8,1
4,20,4,0,1,0,3,0,0,2,1,1,1,0,0,1,0,6,3,6,1
14,15,0,0,1,0,3,1,0,1,1,1,1,7,2,1,0,5,5,11,1
15,20,0,1,1,0,3,1,0,0,1,1,1,0,2,6,0,6,0,8,1
10,20,4,0,1,0,3,3,0,2,1,1,1,5,0,7,0,5,3,5,1
10,10,4,1,1,4,3,0,1,14,1,1,1,0,0,0,5,0,0,0,1
13,16,0,0,1,0,3,0,0,0,1,1,1,0,2,1,0,6,1,13,1
11,15,2,0,1,0,3,3,0,12,1,1,1,0,2,1,5,6,0,2,0
11,21,0,1,1,4,3,0,1,1,1,1,1,5,2,0,5,0,0,0,1
5,17,4,1,1,0,3,1,0,10,1,1,1,0,0,1,0,6,3,3,1
1,19,4,1,1,0,3,0,0,2,1,1,1,0,0,1,0,2,6,5,1
9,20,4,1,1,0,3,0,0,0,1,1,1,0,0,1,0,8,8,12,1
8,15,4,0,1,0,3,0,0,0,1,1,1,0,0,1,0,6,2,7,1
9,20,0,1,1,0,3,1,0,0,1,1,1,0,0,1,0,9,4,14,1
8,21,0,0,1,0,3,1,0,1,1,1,1,0,0,2,0,6,11,14,1
6,17,4,1,1,0,3,0,0,2,1,1,1,0,0,1,0,6,8,9,1
13,18,4,0,1,2,3,3,0,2,1,1,1,0,2,9,2,0,0,0,1
8,18,4,0,1,0,3,0,0,2,1,1,1,0,0,1,0,6,6,3,1
0,18,4,0,1,0,3,3,0,11,1,1,1,0,0,0,5,0,0,0,0
10,20,4,0,1,0,3,0,0,10,1,1,1,5,0,1,0,6,8,13,1
15,20,4,1,1,0,3,3,0,12,1,1,1,0,2,1,0,6,2,9,1
13,21,4,0,1,0,3,1,0,0,1,1,1,0,2,7,0,6,3,13,1
5,19,4,0,1,4,3,0,1,5,1,1,1,5,0,1,0,6,5,6,1
12,18,0,0,1,0,3,0,0,0,1,1,1,0,2,1,0,6,2,9,1
6,17,4,0,1,0,3,0,0,5,1,1,1,0,0,1,2,0,0,0,1
15,18,0,1,1,0,3,0,0,0,1,1,1,0,2,1,0,6,5,9,1
13,12,0,0,1,4,3,0,1,1,1,1,1,7,2,1,0,6,11,13,1
6,15,4,0,1,0,1,1,0,0,1,1,1,8,0,5,0,8,2,11,1
9,14,0,0,1,0,3,0,0,2,1,1,1,5,0,1,0,6,7,12,1
14,20,4,0,0,0,3,1,0,9,1,1,1,0,2,1,0,7,11,14,0
0,15,4,0,1,0,3,3,0,16,1,1,1,0,0,3,0,9,0,6,0
0,18,4,1,1,0,3,0,0,2,1,1,1,7,0,1,5,0,0,0,1
7,13,0,1,1,0,3,0,0,1,1,1,1,0,0,2,5,1,0,2,1
12,2,0,1,1,2,3,0,0,3,1,1,1,7,2,0,5,0,0,6,0
9,0,4,1,1,0,3,0,0,5,1,1,1,0,0,6,0,8,4,11,1
15,23,0,1,1,4,3,3,1,0,1,1,1,0,2,6,0,6,7,7,1
5,17,4,1,1,0,3,3,0,12,1,1,1,0,2,1,0,6,2,6,1
12,20,4,0,1,3,3,0,1,2,1,1,1,8,2,1,0,6,6,3,1
0,15,4,0,1,0,3,2,0,2,1,1,1,0,0,9,2,3,0,1,1
7,20,4,0,1,2,3,0,0,12,1,1,1,5,0,1,0,6,6,12,1
7,18,0,0,1,0,3,0,0,0,1,1,1,0,0,1,0,6,6,10,1
8,20,4,1,1,4,3,0,1,0,1,1,1,5,0,1,1,6,0,13,1
12,15,0,1,1,0,3,0,0,0,1,1,1,0,2,1,0,6,4,6,1
4,16,4,1,1,0,3,0,0,2,1,1,1,4,0,1,0,5,10,4,1
8,17,4,1,1,4,3,1,1,12,1,1,1,0,0,1,5,3,0,2,0
1,14,4,1,1,0,3,3,0,2,1,1,1,0,0,0,5,0,0,0,1
1,15,4,0,1,0,3,0,0,2,1,1,1,7,0,0,5,0,0,0,1
13,8,4,0,1,4,3,0,1,15,1,1,1,1,2,1,5,0,0,1,0
13,20,4,1,1,0,3,0,0,0,1,1,1,5,2,3,0,6,7,12,0
10,20,4,1,1,0,3,1,0,0,1,1,1,0,0,1,0,6,4,14,1
2,17,4,1,1,0,3,1,0,11,1,1,1,8,0,1,5,9,0,3,0
9,16,0,0,1,0,3,3,0,1,1,1,1,0,0,0,5,0,0,0,1
9,18,0,0,1,2,3,1,0,2,1,1,1,2,0,1,0,9,10,14,1
12,21,4,1,1,0,3,0,0,0,1,1,1,5,2,1,0,9,4,11,1
13,12,4,1,1,0,3,0,0,0,1,1,1,1,2,5,2,0,0,5,0
2,22,4,0,1,3,3,1,0,11,1,1,1,8,0,1,0,9,2,11,0
3,19,4,0,1,0,0,0,0,16,1,1,1,0,0,5,3,9,2,7,0
6,16,4,0,1,3,3,0,1,10,1,1,1,0,0,1,0,6,0,4,1
7,20,4,1,1,0,3,0,0,12,1,1,1,0,0,1,0,7,8,12,1
5,20,0,1,1,0,3,0,0,2,1,1,1,7,0,1,0,6,1,5,1
5,15,4,0,1,0,3,0,0,2,1,1,1,7,0,1,0,6,3,4,1
14,19,4,1,1,0,3,0,0,2,1,1,1,0,2,1,5,0,0,0,1
7,20,4,1,1,3,3,3,1,10,1,1,1,5,0,1,0,6,4,10,0
6,9,0,0,1,4,3,1,1,5,1,1,1,7,0,2,0,8,3,6,1
15,10,2,0,1,4,3,0,1,7,1,1,1,0,2,1,0,6,8,10,1
9,18,4,0,1,0,3,0,0,5,1,1,1,8,0,6,0,6,6,6,1
11,15,4,0,1,0,3,0,0,2,1,1,1,0,2,1,2,0,0,0,1
13,16,0,0,1,0,0,3,0,0,1,1,1,5,2,0,5,0,0,12,1
10,20,4,0,1,0,3,3,0,2,1,1,1,0,0,1,0,5,3,3,1
1,14,4,0,1,0,3,0,0,2,1,1,1,0,0,0,5,0,0,0,1
1,15,4,0,1,0,3,0,0,2,1,1,1,0,0,1,0,6,4,6,1
5,20,4,0,1,0,3,3,0,0,1,1,1,0,0,1,0,6,1,9,0
10,20,4,0,1,4,3,3,1,5,1,1,1,5,0,1,0,6,3,8,0
11,19,0,1,1,0,3,1,0,1,1,1,1,0,2,1,0,4,5,7,1
14,14,4,0,1,0,3,1,0,12,1,1,1,7,2,1,0,2,1,6,1
13,15,2,1,1,0,3,3,0,7,1,1,1,0,2,1,5,6,0,3,1
15,20,0,0,1,4,3,0,1,1,1,1,1,5,2,1,0,6,10,13,1
0,19,4,0,1,0,3,1,0,0,1,1,1,0,0,1,0,1,2,2,0
11,20,4,1,0,3,3,0,1,0,1,1,1,5,2,1,0,6,4,10,0
13,20,0,1,1,0,3,0,0,1,1,1,1,0,2,1,0,6,3,6,1
4,17,4,1,1,0,3,1,0,7,1,1,1,2,0,1,0,9,6,6,1
4,15,4,0,1,0,3,3,0,7,1,1,1,8,0,1,0,9,10,10,1
4,17,4,0,1,0,3,3,0,2,1,1,1,0,0,1,0,2,3,5,0
12,18,0,1,1,0,3,3,0,8,1,1,1,0,2,1,0,6,1,8,1
7,18,4,0,1,0,3,1,0,0,1,1,1,0,0,5,0,8,6,11,1
14,18,4,1,1,0,3,0,0,5,1,1,1,7,2,1,0,2,3,3,1
8,20,0,1,1,0,3,1,0,0,1,1,1,0,0,0,5,0,0,0,1
5,20,4,1,1,3,3,0,1,2,1,1,1,5,0,1,0,2,10,1,1
7,20,0,1,1,0,3,1,0,2,1,1,1,0,0,1,0,6,8,13,1
13,20,4,0,1,4,3,0,1,0,1,1,1,5,2,1,0,8,11,13,0
10,20,4,1,1,0,3,3,0,2,1,1,1,1,0,1,0,6,6,7,1
2,18,4,1,1,0,3,1,0,8,1,1,1,0,0,4,0,1,1,3,1
3,18,0,1,1,0,3,0,0,8,1,1,1,7,0,1,1,2,0,5,1
4,15,4,0,1,0,0,0,0,0,1,1,1,0,0,5,3,4,9,7,0
3,18,4,1,0,0,3,1,0,16,1,1,0,2,0,0,5,0,0,0,1
15,21,0,1,1,0,3,1,0,1,1,1,1,8,2,4,0,6,1,14,1
6,18,4,0,1,0,3,0,0,2,1,1,1,0,0,1,0,6,6,10,1
6,17,0,1,1,0,3,0,0,2,1,1,1,7,0,1,0,6,5,10,1
6,11,4,0,1,4,3,0,1,4,1,1,1,0,0,1,2,0,0,0,1
12,3,0,1,1,3,3,3,1,12,1,1,1,7,2,6,1,6,0,1,0
3,20,4,1,1,0,3,3,0,5,1,1,1,0,0,6,0,1,9,2,1
2,15,4,0,1,0,3,0,0,2,1,1,1,0,0,1,2,5,0,5,1
14,20,0,1,1,0,3,0,0,0,1,1,1,0,2,1,0,6,4,10,1
3,20,4,1,1,0,3,0,0,3,1,1,1,0,0,1,0,6,2,13,1
12,18,0,1,1,0,3,1,0,0,1,1,1,0,2,2,5,2,0,2,1
3,19,4,0,1,3,3,0,1,2,1,1,1,5,0,1,0,2,8,4,1
13,21,4,0,1,0,3,1,0,11,1,1,1,0,2,1,0,9,10,14,0
8,11,4,1,1,0,3,2,0,0,1,1,1,0,0,1,0,3,1,1,1
11,20,4,0,1,0,3,0,0,10,1,1,1,0,2,1,0,6,8,13,1
9,19,0,1,1,0,3,0,0,0,1,1,1,0,0,0,5,0,0,0,1
9,20,4,0,1,0,3,0,0,12,1,1,1,0,0,2,0,7,0,13,0
3,15,4,1,1,0,3,3,0,12,1,1,1,0,0,1,0,6,3,5,0
2,15,0,1,1,0,3,3,0,8,1,1,1,7,0,0,5,0,0,0,1
2,16,4,0,1,0,3,0,0,2,1,1,1,0,0,1,0,3,6,2,1
6,20,0,0,1,0,2,0,0,5,1,1,1,0,0,1,0,8,4,5,1
14,18,4,1,1,0,3,0,0,0,1,1,1,0,2,1,0,4,3,5,1
14,14,4,0,1,4,3,0,1,9,1,1,1,5,2,0,5,0,0,0,1
3,18,4,1,1,0,3,0,0,14,1,1,1,1,0,1,0,6,3,2,1
9,20,4,1,1,3,3,0,1,11,1,1,1,5,0,1,0,6,8,7,0
6,15,0,0,1,0,3,0,0,2,1,1,1,8,0,1,0,1,4,7,1
13,15,4,0,1,3,3,0,0,15,1,1,1,7,2,7,0,9,5,9,1
4,15,4,0,1,0,1,1,0,2,1,1,1,0,2,1,0,9,11,6,1
4,20,4,0,0,0,3,1,0,9,1,1,1,2,0,1,0,9,6,14,1
9,15,4,1,1,3,3,3,1,2,1,1,1,0,0,1,0,6,4,10,1
8,21,4,0,1,0,3,0,0,0,1,1,1,0,0,5,0,9,4,9,1
12,18,4,0,1,0,3,0,0,0,1,1,1,7,2,1,0,6,3,9,1
7,6,4,1,1,4,3,3,1,7,1,1,1,8,0,9,2,0,11,14,1
12,15,4,0,1,0,3,0,0,2,1,1,1,7,2,1,2,0,0,5,1
15,19,0,1,1,4,3,0,1,0,1,1,1,0,2,1,0,2,5,5,1
6,21,4,1,1,0,3,3,0,12,1,1,1,0,0,1,0,6,4,13,0
1,15,4,1,0,0,3,0,0,9,1,1,1,2,0,0,5,0,0,0,1
10,16,4,0,1,0,3,0,0,2,1,1,1,0,0,1,0,5,10,3,1
2,18,4,1,1,0,3,1,0,4,1,1,1,8,0,5,0,6,6,9,1
7,20,4,0,1,0,3,1,0,0,1,1,1,8,0,1,0,7,0,9,0
6,17,4,0,0,0,3,3,0,16,1,1,0,0,0,0,5,0,0,4,1
7,20,4,0,1,0,3,0,0,2,1,1,1,0,0,1,0,8,11,5,1
3,19,4,1,1,0,3,3,0,12,1,1,1,0,0,1,0,8,2,6,0
4,18,4,1,1,3,3,0,1,0,1,1,1,1,0,1,0,6,1,7,0
8,17,3,1,1,0,2,3,0,1,1,1,1,0,2,1,0,6,2,9,1
0,18,4,0,1,0,3,1,0,2,1,1,1,1,0,1,0,3,4,1,1
7,20,4,0,1,0,3,0,0,2,1,1,1,0,0,0,5,0,0,0,1
13,21,4,0,1,0,3,1,0,0,1,1,1,0,2,1,0,6,5,14,1
11,16,4,0,1,0,3,0,0,15,1,1,1,7,2,1,5,3,0,2,0
8,20,4,0,1,0,3,0,0,0,1,1,1,5,0,1,0,6,9,14,1
6,15,4,0,1,0,3,0,0,5,1,1,1,0,0,1,0,3,2,2,1
15,15,4,1,1,0,3,1,0,2,1,1,1,0,2,1,5,0,0,4,1
5,15,4,0,0,0,3,3,0,15,1,1,1,0,0,0,5,0,0,0,0
10,21,0,0,1,0,3,1,0,0,1,1,1,0,0,1,0,8,5,14,1
5,20,4,1,1,0,3,1,0,2,1,1,1,0,0,1,0,5,3,4,1
0,17,4,1,1,0,3,0,0,16,1,1,1,7,0,0,5,0,0,0,0
7,20,4,1,1,4,3,1,1,0,1,1,1,0,0,1,0,6,2,11,0
0,15,4,0,1,0,3,0,0,11,1,1,1,5,0,6,0,4,0,2,0
12,21,0,1,1,3,3,0,1,1,1,1,1,0,2,2,0,7,11,12,1
8,20,0,1,1,0,3,1,0,0,1,1,1,0,0,1,0,9,4,14,0
11,20,4,1,1,0,3,0,0,2,1,1,1,5,2,1,2,1,0,2,1
15,18,0,1,1,0,3,0,0,0,1,1,1,0,2,1,0,6,0,9,1
8,15,4,0,1,0,3,0,0,2,1,1,1,7,0,1,0,6,8,8,1
11,13,4,0,1,0,3,1,0,0,1,1,1,0,2,1,5,0,0,0,1
7,20,4,0,1,0,3,1,0,0,1,1,1,0,0,2,0,6,8,13,0
11,12,4,0,0,0,3,0,0,16,1,1,0,2,2,0,5,0,0,5,1
8,20,4,0,1,0,1,1,0,0,1,1,1,8,0,5,0,6,6,9,0
11,20,0,1,1,0,3,0,0,0,1,1,1,0,2,1,0,6,2,12,1
12,17,0,1,1,0,3,3,0,1,1,1,1,0,2,1,0,8,8,8,0
5,15,4,1,1,0,3,0,0,2,1,1,1,0,0,5,5,0,0,2,0
4,15,4,0,1,0,3,0,0,2,1,1,1,0,0,3,0,6,2,7,1
2,15,4,1,1,0,3,0,0,2,1,1,1,7,0,0,5,0,0,0,1
0,18,4,0,1,0,2,0,0,2,1,1,1,0,0,1,0,4,4,5,1
8,20,0,1,1,4,3,0,1,1,1,1,1,0,0,1,0,4,0,4,1
7,15,4,1,1,4,3,0,0,11,1,1,1,0,0,1,0,9,2,11,0
12,19,4,1,1,0,3,0,0,0,1,1,1,7,2,0,5,0,0,0,0
7,15,4,1,1,0,3,0,0,5,1,1,1,0,0,6,2,6,0,6,1
4,19,4,0,0,0,3,1,0,2,1,1,0,0,0,1,5,0,0,0,1
15,20,4,0,1,0,3,3,0,11,1,1,1,7,2,4,0,6,4,10,1
4,15,4,1,1,0,3,0,0,2,1,1,1,0,0,1,0,6,4,7,1
5,18,0,1,1,0,3,0,0,0,1,1,1,0,0,1,0,4,3,6,1
2,18,4,0,1,4,3,1,1,0,1,1,1,0,0,6,5,0,0,0,1
11,15,0,1,1,0,3,1,0,1,1,1,1,0,2,1,0,6,2,7,1
12,21,4,0,1,4,3,0,1,9,1,1,1,5,2,1,0,6,8,8,1
1,15,4,1,1,3,3,0,1,2,1,1,1,5,0,0,5,0,0,0,1
9,18,0,1,1,3,3,0,1,9,1,1,1,0,0,0,5,0,0,0,1
1,18,4,0,1,0,3,0,0,16,1,1,1,7,0,1,0,7,3,8,0
8,20,0,1,1,0,3,1,0,1,1,1,1,0,0,3,0,4,4,4,1
14,20,0,1,1,3,3,0,1,1,1,1,1,5,2,0,5,0,0,0,1
11,19,0,1,1,0,3,1,0,2,1,1,1,0,2,1,0,6,3,12,1
9,20,0,1,1,0,3,1,0,0,1,1,1,0,0,0,5,0,0,0,1
9,20,4,1,1,4,3,0,1,5,1,1,1,7,0,1,0,3,6,4,1
11,19,4,0,1,0,3,1,0,2,1,1,1,5,2,2,0,6,8,12,1
4,18,4,1,1,0,3,0,0,14,1,1,1,0,0,1,0,6,3,10,0
12,11,0,0,1,4,3,0,1,1,1,1,1,0,2,1,0,9,8,14,0
5,15,0,0,1,0,3,0,0,2,1,1,1,0,0,0,5,0,0,0,1
12,23,3,1,1,0,3,0,0,0,1,1,1,0,2,1,0,8,8,14,0
3,18,4,1,1,0,3,0,0,2,1,1,1,7,0,1,0,5,4,2,1
7,15,4,1,1,0,3,0,0,2,1,1,1,7,0,1,0,6,10,9,1
7,20,0,1,1,3,3,3,1,1,1,1,1,0,0,1,0,6,11,9,1
5,18,4,0,1,0,3,3,0,2,1,1,1,1,0,1,5,4,0,1,1
10,14,4,0,1,0,3,3,0,11,1,1,1,0,0,3,0,6,8,12,1
15,18,4,0,1,0,3,0,0,0,1,1,1,0,2,2,0,5,0,6,0
12,20,4,1,1,0,3,0,0,2,1,1,1,0,2,1,5,6,0,3,1
2,15,4,1,1,0,3,1,0,2,1,1,1,0,0,0,5,0,0,0,1
1,17,4,1,1,0,3,3,0,2,1,1,1,8,0,2,0,3,6,4,1
9,15,4,0,1,0,3,0,0,2,1,1,1,8,0,1,0,6,7,13,1
7,20,0,0,1,0,3,0,0,0,1,1,1,0,0,2,0,6,6,12,0
3,17,4,1,1,0,3,1,0,15,1,1,1,8,0,1,5,0,0,0,0
8,18,0,0,1,4,3,0,1,8,1,1,1,7,0,3,0,2,6,5,0
2,15,4,0,1,0,3,1,0,0,1,1,1,0,0,1,0,2,1,2,0
5,20,4,1,1,0,3,0,0,2,1,1,1,7,0,1,2,6,0,2,1
0,17,4,1,1,0,3,3,0,2,1,1,1,0,0,0,5,0,0,0,1
3,15,4,0,1,0,3,1,0,2,1,1,1,5,0,1,0,3,4,6,0
11,20,4,1,1,3,3,0,1,2,1,1,1,5,2,1,0,3,4,5,1
13,16,4,0,0,0,3,0,0,15,1,1,0,1,2,0,5,0,0,8,1
6,20,4,0,1,4,3,0,1,12,1,1,1,2,0,1,0,8,4,11,1
3,18,4,0,1,0,3,0,0,11,1,1,1,0,0,1,0,6,4,5,0
12,16,4,0,0,0,3,3,0,2,1,1,0,0,2,1,5,1,0,3,1
15,17,0,0,1,0,1,0,0,1,1,1,1,0,2,1,0,6,8,10,1
9,18,4,1,1,0,3,0,0,0,1,1,1,0,0,6,5,0,0,8,0
1,18,0,1,1,0,3,1,0,8,1,1,1,0,0,4,0,1,3,8,1
13,20,0,0,1,0,3,3,0,0,1,1,1,0,2,1,0,9,8,14,0
11,21,4,0,1,0,3,1,0,0,1,1,1,0,2,1,0,9,3,14,0
15,21,4,1,1,0,3,1,0,0,1,1,1,0,2,4,0,5,4,12,0
0,18,4,0,1,0,3,1,0,2,1,1,1,8,0,0,5,0,0,0,1
15,21,0,1,1,4,3,0,1,1,1,1,1,0,2,0,5,0,0,0,1
8,20,4,0,0,3,3,0,1,9,1,1,1,5,0,0,5,0,0,0,1
5,18,4,1,1,0,3,0,0,2,1,1,1,0,0,0,5,0,0,0,1
2,17,4,1,1,0,3,0,0,2,1,1,1,7,0,1,0,8,4,10,1
9,17,0,0,1,0,3,0,0,0,1,1,1,0,0,1,0,6,5,12,1
7,15,4,1,1,0,3,0,0,2,1,1,1,7,0,0,5,0,0,0,1
12,18,0,0,1,4,3,0,1,1,1,1,1,7,2,1,1,4,0,6,1
5,19,4,1,0,0,3,1,0,2,1,1,0,0,0,1,5,0,0,0,1
9,20,0,1,1,4,3,0,1,1,1,1,1,5,0,1,0,6,6,13,0
1,15,4,0,1,0,3,0,0,2,1,1,1,0,0,1,0,5,4,6,1
11,15,4,0,0,0,3,1,0,15,1,0,1,8,0,4,5,5,0,2,0
12,18,0,0,1,2,3,3,0,1,1,1,1,0,2,7,0,5,3,12,1
7,4,0,0,1,4,3,0,1,9,1,1,1,7,0,3,0,7,5,0,1
9,11,4,1,1,4,3,0,1,11,1,1,1,0,0,1,0,9,4,10,0
2,15,4,0,0,4,3,0,1,2,1,1,1,0,0,1,0,6,6,4,1
13,18,0,0,1,0,3,0,0,1,1,1,1,8,2,1,5,0,0,0,1
11,15,4,0,1,4,3,0,1,0,1,1,1,0,2,0,5,0,0,0,1
8,21,4,1,1,0,3,0,0,2,1,1,1,5,0,1,0,6,2,7,1
1,17,4,1,1,0,3,0,0,2,1,1,1,7,0,1,2,1,0,2,1
14,18,0,0,1,0,1,1,0,1,1,1,1,0,2,5,0,6,4,11,1
3,18,4,0,1,0,3,0,0,2,1,1,1,7,0,0,5,0,0,0,1
14,15,2,0,1,0,3,1,0,0,1,1,1,0,2,6,0,5,0,9,1
12,20,0,1,1,0,3,3,0,1,1,1,1,5,2,1,0,6,10,14,1
10,14,0,1,1,0,3,0,0,2,1,1,1,7,0,1,0,2,7,5,1
1,14,4,0,1,4,3,0,1,9,1,1,1,7,0,1,0,6,5,6,1
5,18,4,0,1,0,3,0,0,0,1,1,1,5,0,5,0,6,2,2,0
4,17,4,1,1,0,3,3,0,11,1,1,1,0,2,3,0,1,6,6,1
3,15,4,0,1,0,3,0,0,4,1,1,1,0,0,1,0,6,8,7,1
11,21,0,0,1,4,3,0,1,0,1,1,1,0,2,2,0,6,2,14,1
1,15,4,0,0,0,3,0,0,2,1,1,0,0,0,0,5,0,0,0,1
1,18,4,1,1,0,3,0,0,2,1,1,1,5,0,1,5,1,0,3,1
5,18,4,1,1,0,3,0,0,4,1,1,1,0,0,1,0,6,8,4,1
5,20,0,1,1,0,3,0,0,1,1,1,1,0,0,1,5,0,0,0,1
11,20,4,1,1,3,3,0,1,0,1,1,1,5,2,1,1,4,0,6,1
2,18,4,0,1,0,3,1,0,16,1,1,1,0,0,1,5,2,0,2,1
10,21,4,0,1,0,3,0,0,9,1,1,1,0,0,1,0,9,3,7,1
3,20,4,1,1,0,3,3,0,11,1,1,1,0,0,1,0,2,2,3,1
0,17,4,0,1,0,3,0,0,2,1,1,1,7,0,1,0,4,8,9,1
3,20,4,0,1,0,3,0,0,2,1,1,1,5,0,1,0,8,3,11,1
2,18,4,0,1,0,3,0,0,2,1,1,1,0,0,1,5,6,0,3,0
9,18,4,0,1,0,3,0,0,0,1,1,1,7,0,1,0,6,4,10,1
3,20,4,0,1,0,3,1,0,2,1,1,1,0,0,2,5,2,0,4,1
1,15,4,1,1,0,3,3,0,2,1,1,1,7,0,1,0,6,5,8,1
0,15,4,0,1,4,3,0,1,16,1,1,1,0,0,1,0,2,4,3,1
8,21,0,1,1,0,3,0,0,1,1,1,1,0,0,1,0,6,8,13,1
3,18,4,0,1,0,3,3,0,11,1,1,1,0,0,1,0,1,2,5,1
5,20,4,0,1,0,3,0,0,16,1,1,1,5,0,1,0,6,4,3,1
3,15,4,0,0,0,3,3,0,2,1,1,1,0,0,1,0,5,4,5,1
14,18,2,1,0,0,3,0,0,0,1,1,1,0,2,0,5,0,0,2,1
0,15,4,1,1,4,3,0,1,5,1,1,1,7,0,0,5,0,0,0,1
10,19,4,0,1,0,3,3,0,11,1,1,1,0,0,1,0,6,4,10,0
4,15,4,0,0,0,3,0,0,3,1,0,0,0,0,6,0,3,7,5,1
2,20,4,1,1,0,3,1,0,2,1,1,1,0,0,2,0,6,1,12,1
8,22,4,1,0,0,3,1,0,12,1,0,1,8,0,1,0,7,0,13,1
8,18,4,0,0,0,3,1,0,2,1,1,0,0,0,0,5,0,0,0,1
6,15,4,0,0,0,3,1,0,12,1,0,1,8,0,0,5,0,0,2,0
8,16,0,1,1,0,3,0,0,0,1,1,1,5,0,1,0,1,1,1,0
12,20,0,1,1,0,3,1,0,0,1,1,1,0,2,1,0,8,6,12,1
4,20,4,0,1,0,3,1,0,2,1,1,1,0,0,1,0,2,5,4,1
0,15,4,0,1,4,3,3,1,11,1,1,1,5,0,0,5,0,0,0,0
14,20,4,0,1,4,3,0,1,0,1,1,1,5,2,1,0,6,2,13,1
0,18,4,1,1,0,3,0,0,2,1,1,1,0,0,1,0,2,6,2,1
9,23,0,1,1,0,3,0,0,0,1,1,1,0,0,2,0,8,4,13,0
10,18,4,1,1,0,3,0,0,0,1,1,1,7,0,7,0,3,5,9,1
14,20,0,0,1,4,3,0,1,0,1,1,1,0,2,1,0,6,11,13,1
14,18,4,0,1,0,3,1,0,0,1,1,1,0,2,1,2,6,0,5,1
14,20,4,0,1,0,3,1,0,0,1,1,1,0,2,7,0,9,0,13,0
10,8,4,0,1,0,3,3,0,2,1,1,1,0,0,1,0,6,4,3,1
11,8,0,0,1,4,3,0,1,11,1,1,1,0,2,1,0,6,4,6,1
12,21,0,1,1,0,3,0,0,1,1,1,1,0,2,1,0,7,3,14,1
4,18,4,1,1,0,3,0,0,2,1,1,1,0,0,1,0,2,7,5,1
12,20,0,1,1,0,3,0,0,0,1,1,1,0,2,1,0,8,8,13,1
4,18,4,1,1,0,3,0,0,2,1,1,1,0,0,0,5,0,0,0,1
1,15,4,0,1,0,3,0,0,2,1,1,1,7,0,1,0,5,6,5,1
15,20,4,1,1,0,3,0,0,9,1,1,1,0,2,2,0,6,2,11,1
12,18,2,0,1,0,3,0,0,0,1,1,1,0,2,1,0,7,8,12,1
3,17,4,1,1,0,3,3,0,2,1,1,1,0,0,1,0,3,4,2,1
1,17,4,1,1,0,3,0,0,16,1,1,1,5,0,1,0,2,2,2,0
10,18,4,0,1,0,3,0,0,10,1,1,1,0,0,4,0,6,7,7,1
13,18,4,0,1,3,3,3,1,2,1,1,1,5,2,3,0,1,8,4,1
10,13,4,0,1,0,3,0,0,15,1,1,1,7,0,1,5,0,0,0,1
1,15,4,0,1,0,3,3,0,2,1,1,1,7,0,1,5,2,0,3,1
4,18,4,1,0,0,3,0,0,2,1,1,1,2,0,1,5,0,0,0,1
10,16,3,0,1,0,3,3,0,15,1,1,1,7,0,1,5,7,0,2,0
8,20,0,1,1,0,3,0,0,0,1,1,1,5,0,1,0,6,3,13,1
6,14,0,0,0,4,3,0,1,0,1,1,0,0,0,0,5,0,0,0,1
6,18,4,1,1,0,3,0,0,0,1,1,1,7,0,2,0,5,2,12,1
3,18,4,0,1,0,3,3,0,11,1,1,1,0,0,1,0,2,4,4,1
11,16,4,0,1,0,3,1,0,2,1,1,1,0,2,1,0,6,11,7,0
12,20,0,0,1,3,3,0,1,1,1,1,1,5,2,1,0,6,6,14,0
4,18,4,1,1,0,3,1,0,0,1,1,1,0,0,1,1,3,0,5,1
14,0,4,1,1,3,3,0,1,0,1,1,1,1,2,6,0,6,3,11,1
7,10,4,1,1,4,3,0,1,12,1,1,1,0,0,1,0,3,2,3,1
3,19,4,1,1,0,3,3,0,12,1,1,1,0,0,3,5,0,0,0,0
11,15,0,1,1,0,3,3,0,1,1,1,1,7,2,0,5,0,0,0,1
3,20,4,1,1,0,3,1,0,12,1,1,1,0,0,1,5,2,0,2,0
11,15,0,1,1,4,3,0,1,1,1,1,1,7,2,1,0,6,3,9,1
14,10,4,0,0,0,3,1,0,0,1,1,0,0,2,5,0,6,3,8,0
8,18,4,0,1,0,3,0,0,7,1,1,1,1,0,1,0,8,11,6,1
15,20,0,0,1,0,3,3,0,0,1,1,1,5,2,1,0,6,5,14,1
0,17,4,1,1,0,3,0,0,2,1,1,1,0,0,1,2,3,0,2,1
8,18,4,1,1,0,3,1,0,7,1,1,1,8,0,1,0,3,1,10,0
9,18,4,0,1,0,3,1,0,12,1,1,1,0,0,1,0,7,3,12,0
10,21,0,0,1,0,1,1,0,0,1,1,1,0,2,5,0,6,4,9,0
6,20,4,0,1,0,2,1,0,2,1,1,1,0,0,1,0,1,4,5,1
11,20,4,1,1,0,3,1,0,0,1,1,1,1,2,0,5,0,0,0,0
15,22,4,0,1,0,3,0,0,12,1,1,1,0,2,1,0,7,8,14,1
3,20,0,1,1,4,3,0,1,1,1,1,1,0,0,2,5,6,0,2,0
2,17,4,1,1,0,3,0,0,0,1,1,1,7,0,1,0,5,1,4,1
15,20,0,1,1,0,3,0,0,0,1,1,1,0,2,1,0,7,7,13,1
11,20,4,1,1,0,3,0,0,2,1,1,1,0,2,3,0,4,0,6,1
7,15,0,1,1,0,3,3,0,1,1,1,1,0,0,2,0,4,4,3,1
2,0,4,1,1,2,3,3,0,2,1,1,1,1,0,0,5,0,0,1,1
3,16,1,1,1,0,3,1,0,5,1,1,1,0,0,1,0,3,9,2,0
14,19,0,0,1,0,3,0,0,1,1,1,1,4,2,5,0,8,8,11,1
12,18,4,0,1,0,3,1,0,2,1,1,1,8,2,1,0,3,6,9,1
12,17,0,1,1,0,3,0,0,1,1,1,1,7,2,1,5,0,0,2,1
2,15,4,0,1,0,3,0,0,2,1,1,1,0,0,0,5,0,0,0,1
12,15,4,0,1,0,3,0,0,2,1,1,1,7,2,1,0,6,2,8,1
9,20,0,0,1,0,3,0,0,1,1,1,1,0,0,1,0,6,4,13,1
8,20,4,0,1,0,3,2,0,0,1,1,1,0,0,1,0,2,3,4,1
4,15,4,0,1,0,3,0,0,2,1,1,1,0,0,1,0,6,8,6,1
11,15,4,0,1,0,3,1,0,2,1,1,1,0,2,1,0,6,4,11,1
2,18,4,0,0,0,3,0,0,16,1,1,0,1,0,0,5,0,0,4,0
2,18,4,0,1,3,3,0,1,2,1,1,1,5,0,0,5,0,0,0,1
15,15,0,0,1,3,3,0,1,16,1,1,1,5,2,6,5,2,0,2,1
8,8,0,1,1,4,3,3,1,4,1,1,1,7,0,1,5,0,0,1,1
6,15,4,0,1,0,3,0,0,7,1,1,1,0,0,0,5,0,0,0,1
7,16,0,0,0,0,3,0,0,2,1,1,0,0,0,1,5,1,0,4,1
15,21,4,1,1,0,3,1,0,0,1,1,1,0,2,1,0,6,5,12,1
1,18,4,0,1,0,3,1,0,2,1,1,1,0,0,1,0,1,10,2,1
12,15,4,0,1,0,3,0,0,2,1,1,1,8,2,0,5,0,0,0,1
6,20,4,1,1,0,3,1,0,16,1,1,1,0,0,1,5,4,0,3,0
10,21,4,1,1,0,3,0,0,12,1,1,1,0,0,2,0,6,4,13,0
0,15,4,1,0,0,3,0,0,3,1,0,1,0,0,1,2,4,0,2,1
1,17,4,0,1,0,3,3,0,2,1,1,1,5,0,2,0,1,11,3,1
8,19,4,0,1,0,3,1,0,2,1,1,1,0,0,1,0,2,3,5,1
8,15,4,0,1,4,3,0,1,2,1,1,1,5,0,0,5,0,0,0,1
2,15,4,0,1,0,3,0,0,2,1,1,1,1,0,1,0,6,2,10,1
6,13,4,1,1,4,3,0,1,10,1,1,1,7,0,1,5,6,0,3,1
1,18,4,0,0,0,3,0,0,2,1,1,0,7,0,0,5,0,0,0,1
7,20,4,1,1,0,3,1,0,0,1,1,1,0,0,1,2,2,0,6,0
5,17,4,1,1,0,3,3,0,12,1,1,1,0,2,0,5,0,0,6,1
3,18,4,0,1,0,3,1,0,0,1,1,1,0,0,1,0,6,4,9,1
1,18,4,0,1,0,3,0,0,16,1,1,1,5,0,0,5,0,0,0,0
6,19,4,0,1,0,3,0,0,2,1,1,1,0,0,1,0,6,4,12,1
0,16,4,1,1,3,3,1,1,16,1,1,1,7,0,9,3,3,0,1,0
7,20,0,1,1,0,3,1,0,1,1,1,1,0,0,1,0,6,2,13,1
14,19,0,1,1,0,3,3,0,8,1,1,1,0,2,1,5,0,0,0,1
12,18,0,1,1,0,3,0,0,1,1,1,1,0,2,7,0,6,10,9,1
15,16,0,0,1,0,3,0,0,0,1,1,1,0,2,1,0,6,3,13,0
11,20,0,0,1,0,3,0,0,1,1,1,1,0,2,1,0,6,6,11,1
0,18,4,0,1,0,3,0,0,15,1,1,1,0,0,1,5,3,0,1,1
6,20,4,1,1,0,3,3,0,11,1,1,1,0,0,1,5,0,0,0,1
5,20,4,1,1,0,3,1,0,2,1,1,1,8,0,1,5,0,0,0,1
6,18,4,0,1,0,3,0,0,0,1,1,1,0,0,1,0,7,6,12,0
9,20,4,0,1,0,3,3,0,11,1,1,1,0,0,1,0,6,2,13,1
14,20,0,1,1,3,3,0,1,0,1,1,1,5,2,1,0,8,11,13,1
6,18,4,0,1,0,3,0,0,2,1,1,1,1,0,1,0,5,3,6,1
9,18,4,0,1,0,3,0,0,2,1,1,1,0,0,1,0,3,4,8,1
9,20,4,1,1,0,3,1,0,2,1,1,1,0,0,6,0,6,6,12,0
3,20,4,1,1,0,3,1,0,0,1,1,1,0,0,1,1,3,0,5,0
15,13,4,0,1,0,3,1,0,2,1,1,1,7,2,1,0,4,4,3,1
1,14,4,0,1,0,3,3,0,14,1,1,1,0,0,1,0,2,4,2,1
8,15,4,0,1,0,1,0,0,0,1,1,1,7,0,1,0,6,7,12,1
12,20,4,0,1,0,3,0,0,0,1,1,1,0,2,1,0,6,2,13,1
5,20,4,0,1,0,3,0,0,2,1,1,1,5,0,1,0,6,4,2,1
3,15,4,0,1,0,3,0,0,2,1,1,1,7,0,1,0,6,4,6,1
1,18,4,1,1,0,3,0,0,16,1,1,1,0,0,0,5,0,0,0,1
10,20,4,1,1,0,3,0,0,0,1,1,1,0,0,1,0,8,3,11,1
1,17,4,0,1,0,3,0,0,2,1,1,1,0,0,1,0,6,8,12,0
2,15,4,0,1,0,3,0,0,15,1,1,1,7,0,0,5,0,0,0,0
1,14,0,1,1,0,3,0,0,2,1,1,1,0,0,0,5,0,0,0,1
3,18,4,1,1,0,3,3,0,2,1,1,1,0,0,1,0,4,10,2,1
9,18,0,0,1,0,3,0,0,0,1,1,1,8,0,1,0,6,8,13,0
13,14,4,0,0,0,3,0,0,15,1,1,0,0,2,0,5,0,0,8,1
10,16,4,1,1,0,3,1,0,0,1,1,1,8,0,1,0,5,1,3,0
3,15,4,1,1,2,3,3,0,2,1,1,1,0,0,9,2,0,0,0,1
1,15,4,1,1,4,3,0,1,11,1,1,1,5,0,1,5,1,0,2,1
10,17,4,1,1,0,3,3,0,2,1,1,1,8,0,1,0,6,6,12,1
10,18,2,1,1,0,3,0,0,2,1,1,1,7,0,1,0,6,4,8,1
13,19,4,1,1,0,3,1,0,0,1,1,1,0,2,1,0,6,5,12,1
7,13,4,0,1,0,3,3,0,11,1,1,1,0,0,1,0,6,10,13,1
9,21,0,1,1,4,3,0,1,1,1,1,1,5,0,1,0,6,2,9,0
15,15,0,1,1,4,3,0,1,1,1,1,1,0,2,1,0,4,2,2,1
0,18,4,1,1,0,3,0,0,16,1,1,1,7,0,0,5,0,0,0,0
6,14,4,1,1,0,3,0,0,2,1,1,1,0,0,1,0,5,5,12,1
15,22,0,1,1,0,3,0,0,0,1,1,1,0,2,2,0,9,3,11,1
14,15,4,0,1,3,3,0,1,2,1,1,1,7,2,1,0,4,11,7,1
14,20,4,1,1,0,3,3,0,2,1,1,1,0,2,3,0,5,6,13,1
1,15,4,1,1,4,3,0,1,9,1,1,1,0,0,0,5,0,0,0,1
1,15,4,1,0,0,3,1,0,0,1,1,0,0,0,0,5,0,0,0,1
5,18,4,0,1,0,3,0,0,2,1,1,1,7,0,6,5,2,0,3,1
15,15,0,1,1,0,3,0,0,1,1,1,1,1,2,0,5,0,0,4,0
5,21,4,1,1,0,3,0,0,2,1,1,1,5,0,0,5,0,0,0,0
13,15,0,1,1,4,3,0,1,1,1,1,1,7,2,1,0,5,3,6,1
4,20,4,0,1,0,3,0,0,0,1,1,1,0,0,1,0,6,6,10,1
6,18,4,1,1,0,3,1,0,11,1,1,1,0,0,1,0,6,4,10,0
12,15,4,1,1,0,3,0,0,2,1,1,1,0,2,1,5,0,0,2,1
5,20,4,0,1,0,3,1,0,2,1,1,1,0,0,1,0,7,5,9,0
4,20,4,1,1,0,3,0,0,0,1,1,1,5,0,1,0,4,10,13,0
4,20,4,1,1,0,3,0,0,2,1,1,1,0,0,1,0,6,6,7,0
2,18,4,1,1,0,3,0,0,2,1,1,1,0,0,1,0,1,2,6,1
15,23,0,0,1,0,3,3,0,0,1,1,1,0,2,1,0,6,6,14,1
11,21,0,1,1,4,3,0,1,1,1,1,1,5,2,1,0,6,5,14,1
1,15,4,1,1,0,3,0,0,2,1,1,1,0,0,0,5,0,0,0,1
13,21,0,1,1,0,3,1,0,0,1,1,1,0,2,1,0,7,8,14,1
4,20,0,1,1,0,3,0,0,11,1,1,1,0,0,1,0,6,10,12,0
15,8,3,0,1,0,3,3,1,9,1,1,1,1,2,6,0,1,4,3,1
8,15,4,1,1,4,3,0,1,9,1,1,1,0,0,0,5,0,0,0,1
14,20,0,1,1,4,3,0,1,1,1,1,1,5,2,0,5,0,0,0,1
7,21,0,0,1,4,3,0,1,1,1,1,1,5,0,6,0,9,6,14,0
10,18,4,1,1,0,3,0,0,12,1,1,1,0,0,2,0,4,3,3,0
4,15,4,1,1,0,3,3,0,7,1,1,1,2,0,1,2,6,1,5,1
0,17,4,1,1,3,3,0,0,11,1,1,1,0,0,1,0,4,2,5,0
3,15,4,1,1,0,3,0,0,5,1,1,1,7,0,1,2,6,0,3,0
7,15,0,0,1,0,3,3,0,1,1,1,1,0,0,1,1,9,0,6,1
5,20,4,0,1,0,3,3,0,0,1,1,1,0,0,1,0,6,5,9,0
9,20,4,0,1,0,3,3,0,2,1,1,1,0,0,1,0,6,8,13,1
11,18,0,1,1,0,3,3,0,2,1,1,1,0,2,1,5,0,0,0,1
12,13,0,0,1,4,3,0,1,8,1,1,1,7,2,1,0,6,10,8,1
4,18,0,0,1,4,3,0,1,2,1,1,1,5,0,1,2,0,0,0,1
2,17,4,1,1,0,3,0,0,2,1,1,1,0,0,3,0,2,8,4,1
9,15,4,0,1,0,3,3,0,2,1,1,1,7,0,1,0,6,2,8,1
1,18,4,1,1,0,3,0,0,2,1,1,1,7,0,1,0,1,4,2,1
1,17,4,0,1,0,3,1,0,2,1,1,1,0,0,4,0,6,1,10,1
1,18,4,0,1,0,3,0,0,2,1,1,1,0,0,1,0,6,9,4,1
12,20,0,1,1,0,3,0,0,0,1,1,1,5,2,1,0,6,10,13,1
7,15,4,0,1,0,3,0,0,2,1,1,1,7,0,1,0,6,6,6,1
6,20,4,0,1,0,3,1,0,2,1,1,1,0,0,1,0,6,3,11,1
6,15,4,1,1,0,3,0,0,0,1,1,1,1,0,1,5,6,0,4,0
1,17,4,0,1,0,3,3,0,2,1,1,1,1,0,1,0,6,6,8,1
0,17,4,1,1,0,3,0,0,2,1,1,1,0,0,1,5,0,0,0,1
8,15,3,0,1,0,3,0,0,0,1,1,1,0,0,1,0,7,0,6,1
3,17,4,1,1,0,3,0,0,0,1,1,1,0,0,1,0,6,6,4,1
9,18,4,0,1,0,3,1,0,2,1,1,1,0,0,1,0,6,6,5,1
14,20,0,0,1,0,3,0,0,0,1,1,1,0,2,1,0,6,3,14,1
12,18,4,0,1,0,3,0,0,2,1,1,1,5,2,1,0,7,10,12,1
13,15,4,0,1,0,3,1,0,7,1,1,1,0,2,1,5,0,0,0,1
13,19,0,1,1,0,3,0,0,1,1,1,1,7,2,1,0,1,4,2,1
13,20,0,1,0,4,3,0,1,0,1,1,1,5,2,1,0,6,4,13,0
1,15,4,0,1,0,3,0,0,2,1,1,1,7,0,0,5,0,0,0,1
4,20,4,1,1,0,3,0,0,7,1,1,1,0,0,1,0,2,10,4,1
5,20,4,1,0,0,3,3,0,14,1,1,1,7,2,1,5,0,0,2,1
12,19,4,1,1,0,3,1,0,2,1,1,1,8,2,1,0,1,0,2,1
13,15,4,0,1,0,3,0,0,4,1,1,1,7,2,1,0,5,6,7,1
6,17,4,0,1,0,3,0,0,2,1,1,1,0,0,1,0,9,2,10,1
15,18,4,1,1,0,3,0,0,2,1,1,1,5,2,1,0,6,7,5,1
11,18,4,0,1,0,3,0,0,0,1,1,1,0,2,7,0,4,8,9,1
10,20,4,1,1,0,3,1,0,2,1,1,1,8,0,3,0,2,11,4,1
15,15,4,0,0,3,3,0,1,15,1,0,1,5,2,4,5,0,0,2,0
6,15,0,1,1,0,3,3,0,4,1,1,1,7,0,1,0,6,8,7,1
15,15,2,1,1,0,3,1,0,2,1,1,1,0,2,1,0,6,6,12,1
13,20,0,0,1,3,3,0,1,0,1,1,1,5,2,3,0,6,11,14,1
9,15,4,1,1,0,3,0,0,2,1,1,1,7,0,1,0,6,2,7,1
1,18,4,1,1,0,3,3,0,2,1,1,1,0,0,1,0,1,2,5,1
4,12,4,0,1,0,3,0,0,2,1,1,1,7,0,0,5,0,0,1,1
12,20,0,1,1,4,3,0,1,0,1,1,1,5,2,2,0,6,11,14,1
11,20,0,0,1,0,3,1,0,1,1,1,1,0,2,7,1,6,0,13,1
9,20,0,0,1,4,3,0,1,0,1,1,1,7,0,6,0,5,9,14,0
15,20,4,1,1,0,3,0,0,2,1,1,1,1,2,1,0,6,10,10,1
11,17,4,0,1,0,3,1,0,2,1,1,1,0,2,1,0,6,3,13,0
12,18,4,0,1,0,3,0,0,11,1,1,1,2,2,6,0,6,4,11,1
7,20,4,0,1,0,3,1,0,2,1,1,1,0,0,1,0,6,5,9,0
7,20,0,1,1,4,3,0,1,0,1,1,1,0,0,1,0,6,3,8,1
13,19,0,1,1,0,3,3,0,1,1,1,1,5,2,1,5,0,0,0,0
5,20,4,0,1,0,3,0,0,12,1,1,1,0,0,3,0,6,4,13,0
9,13,0,0,1,0,3,1,0,15,1,1,1,8,0,1,5,6,0,9,0
12,20,0,1,1,0,3,3,0,2,1,1,1,0,2,1,0,6,8,13,1
8,20,4,1,1,0,3,1,0,2,1,1,1,0,0,1,0,6,4,5,1
9,18,0,1,1,0,3,0,0,1,1,1,1,1,0,1,0,6,0,3,1
12,20,0,1,1,0,3,3,0,0,1,1,1,5,2,2,0,6,3,14,1
14,13,0,1,1,0,3,0,0,1,1,1,1,1,2,1,5,0,0,0,1
6,18,0,0,1,0,3,0,0,0,1,1,1,0,0,1,0,6,6,9,1
15,16,4,0,1,0,3,0,0,2,1,1,1,7,2,1,0,6,1,4,1
7,19,4,0,1,3,3,0,1,5,1,1,1,5,0,1,0,6,3,6,1
14,8,4,0,1,0,3,3,0,4,1,1,1,0,2,1,1,0,0,1,1
12,21,0,1,1,4,3,0,1,1,1,1,1,0,2,1,0,9,3,11,0
14,17,0,0,1,0,3,1,0,1,1,1,1,0,2,1,0,6,6,12,1
0,18,4,0,1,0,3,1,0,2,1,1,1,0,0,1,0,3,4,2,1
1,18,4,0,1,0,3,1,0,2,1,1,1,0,0,1,0,2,3,3,1
5,19,4,1,1,0,3,1,0,0,1,1,1,0,0,1,0,2,3,2,1
8,20,4,1,1,0,3,0,0,2,1,1,1,5,0,1,2,6,0,8,1
6,20,4,1,1,0,3,0,0,5,1,1,1,0,0,1,2,1,0,3,1
10,16,4,0,1,0,3,3,0,15,1,1,1,0,0,0,5,0,0,0,0
6,12,4,0,1,0,3,3,0,7,1,1,1,0,0,0,5,0,0,5,1
2,17,4,0,1,0,3,0,0,7,1,1,1,0,0,1,0,6,10,9,1
8,15,4,0,1,4,3,0,1,14,1,1,1,5,0,1,0,6,8,8,1
5,15,4,0,1,0,3,1,0,2,1,1,1,0,0,1,0,8,10,8,1
1,15,4,0,1,0,3,0,0,2,1,1,1,0,0,1,5,1,0,2,1
4,18,4,0,1,4,3,3,1,2,1,1,1,7,0,1,0,9,2,5,1
5,18,4,1,1,0,3,1,0,2,1,1,1,0,0,1,0,6,10,2,1
1,18,4,0,1,0,3,0,0,2,1,1,1,0,0,1,0,1,8,1,1
8,16,0,0,1,0,0,1,0,16,1,1,1,0,0,5,3,9,3,7,1
15,12,2,1,1,4,3,0,1,0,1,1,1,0,2,1,1,6,0,5,1
6,20,4,0,1,2,2,3,0,2,1,1,1,0,0,4,0,2,6,5,1
13,18,4,1,1,0,3,0,0,0,1,1,1,0,2,7,0,5,0,9,1
6,18,4,1,1,0,3,0,0,0,1,1,1,7,0,7,0,5,0,9,1
4,18,4,1,1,0,3,1,0,0,1,1,1,0,0,1,0,3,2,8,1
1,15,4,1,1,4,3,0,1,0,1,1,1,5,0,1,0,6,1,6,1
14,21,0,0,1,4,3,0,1,1,1,1,1,5,2,0,5,0,0,14,1
4,18,4,0,1,0,3,1,0,0,1,1,1,0,0,1,0,6,6,8,1
3,15,4,0,1,0,3,0,0,15,1,1,1,0,0,0,5,0,0,0,0
13,21,0,1,1,4,3,0,1,0,1,1,1,0,2,1,0,6,0,11,1
8,21,4,1,1,4,3,0,1,0,1,1,1,5,0,1,0,6,4,13,1
10,18,4,0,1,0,3,1,0,14,1,1,1,0,0,7,0,4,1,9,1
4,18,4,0,1,0,3,3,0,0,1,1,1,0,0,1,0,4,6,9,0
2,15,4,1,1,0,3,1,0,0,1,1,1,1,0,3,0,1,6,2,1
1,14,4,1,1,0,3,0,0,2,1,1,1,0,0,0,5,0,0,0,1
12,14,0,0,1,0,3,3,0,9,1,1,1,0,2,1,0,6,8,5,1
4,18,4,1,1,2,3,1,0,2,1,1,1,0,0,1,0,2,6,3,1
3,19,4,1,1,0,3,1,0,12,1,1,1,8,0,1,5,0,0,0,1
4,17,4,1,1,0,3,3,0,9,1,1,1,7,0,1,0,4,6,2,1
2,15,4,1,1,0,3,1,0,2,1,1,1,0,0,1,0,2,2,3,1
7,14,0,0,1,4,3,0,1,2,1,1,1,0,0,1,0,5,4,5,1
4,20,0,0,1,4,3,0,1,1,1,1,1,5,0,1,0,6,4,13,0
0,18,4,1,1,0,3,3,0,2,1,1,1,0,0,1,0,2,2,3,1
8,16,4,0,1,0,3,0,0,11,1,1,1,0,0,1,0,7,6,7,0
5,18,4,1,1,0,3,3,0,2,1,1,1,0,0,1,5,0,0,0,1
8,20,0,0,1,0,3,1,0,0,1,1,1,0,0,1,0,6,1,11,1
13,12,2,0,1,0,3,0,0,12,1,1,1,0,2,1,0,6,11,12,1
9,20,0,1,1,3,3,0,1,1,1,1,1,0,0,1,0,8,6,10,0
10,20,4,1,1,0,3,0,0,2,1,1,1,7,0,1,0,8,3,9,1
11,15,0,1,1,0,3,0,0,2,1,1,1,1,2,0,5,0,0,0,1
3,13,4,1,1,0,3,1,0,2,1,1,1,0,0,1,2,2,0,2,1
5,15,4,0,1,0,3,3,0,2,1,1,1,0,0,1,0,6,2,6,1
7,15,4,0,1,0,3,0,0,0,1,1,1,7,0,1,0,5,11,4,0
9,15,4,1,1,0,3,0,0,5,1,1,1,7,0,1,0,6,4,6,1
13,17,4,0,1,2,3,3,0,2,1,1,1,0,2,9,2,0,0,0,1
13,17,0,1,1,0,3,1,0,0,1,1,1,0,2,1,0,6,3,7,1
1,15,4,1,1,0,3,0,0,2,1,1,1,1,0,9,2,0,0,0,1
7,3,4,0,1,3,3,3,1,12,1,1,1,7,0,6,0,5,5,7,1
1,15,4,1,1,0,3,0,0,2,1,1,1,0,0,1,5,0,0,0,1
7,15,4,1,1,0,3,3,0,2,1,1,1,0,0,1,0,6,11,12,1
7,20,0,1,1,0,3,2,0,0,1,1,1,6,0,2,0,6,10,11,1
10,20,0,0,1,0,3,0,0,1,1,1,1,0,0,1,0,6,7,10,1
8,17,0,1,1,4,3,0,1,0,1,1,1,0,0,1,1,9,0,11,0
15,21,0,1,1,0,3,0,0,0,1,1,1,5,2,1,0,6,6,9,1
7,15,4,1,1,0,3,3,0,2,1,1,1,0,0,1,5,0,0,4,1
1,14,4,0,1,0,3,3,0,11,1,1,1,8,0,1,0,2,1,4,1
0,15,4,0,1,0,3,3,0,2,1,1,1,0,0,0,5,0,0,0,1
1,15,4,0,1,0,0,1,0,16,1,1,1,0,0,5,3,7,1,2,1
1,14,4,0,1,0,3,0,0,14,1,1,1,0,0,1,0,2,1,2,1
15,20,4,0,1,0,3,3,0,11,1,1,1,7,2,1,0,8,8,6,1
5,17,4,1,1,0,3,0,0,9,1,1,1,7,0,1,0,6,1,4,1
6,20,4,0,1,3,3,0,1,2,1,1,1,5,0,1,0,2,9,6,1
15,20,4,0,1,3,3,0,1,0,1,1,1,0,2,2,0,2,4,4,1
8,18,4,0,1,0,3,0,0,11,1,1,1,7,0,1,0,6,10,10,1
2,17,4,1,1,0,3,1,0,0,1,1,1,8,0,1,0,4,3,8,0
14,18,4,0,0,0,3,2,0,0,1,1,1,0,2,0,5,0,0,10,0
8,8,4,0,0,4,3,0,1,11,1,0,1,5,0,0,5,0,0,1,1
11,16,0,1,1,0,3,0,0,1,1,1,1,1,2,1,0,3,3,7,1
11,16,4,0,1,0,3,0,0,11,1,1,1,8,2,1,0,6,2,7,0
10,17,4,1,1,0,3,1,0,0,1,1,1,0,0,1,2,6,0,10,1
3,18,4,1,1,0,3,3,0,2,1,1,1,0,0,1,0,2,3,5,1
7,17,4,0,1,0,3,0,0,2,1,1,1,0,0,1,0,6,3,9,1
13,17,0,0,1,0,3,0,0,1,1,1,1,0,2,1,0,6,2,11,1
13,18,4,0,1,4,3,0,1,2,1,1,1,5,2,1,0,6,2,5,0
15,20,0,1,1,0,3,0,0,0,1,1,1,7,2,4,0,4,6,5,1
8,20,4,1,1,0,3,0,0,0,1,1,1,0,0,0,5,0,0,0,1
8,15,0,1,1,0,3,0,0,0,1,1,1,0,0,1,0,6,1,9,0
11,15,4,0,1,0,3,1,0,0,1,1,1,0,2,1,2,6,0,2,1
9,18,0,1,1,3,3,0,1,0,1,1,1,0,0,0,5,0,0,0,0
15,21,4,0,1,0,3,0,0,2,1,1,1,7,2,1,0,6,3,9,1
12,19,4,0,1,0,3,0,0,12,1,1,1,0,2,1,0,6,2,11,1
0,15,4,1,1,0,3,0,0,2,1,1,1,0,0,0,5,0,0,0,1
0,12,4,0,1,0,3,0,0,16,1,1,1,0,0,1,1,3,0,4,1
12,20,0,0,1,3,3,0,1,1,1,1,1,5,2,1,0,7,8,12,1
10,15,4,0,1,0,3,3,0,2,1,1,1,0,0,1,0,6,8,6,1
11,18,0,1,1,4,3,0,1,1,1,1,1,5,2,0,5,0,0,0,0
1,18,4,0,1,0,3,0,0,2,1,1,1,5,0,1,2,1,0,2,1
10,19,4,1,1,0,3,0,0,2,1,1,1,0,0,1,0,4,4,4,1
14,18,4,0,1,3,3,0,1,2,1,1,1,5,2,0,5,0,0,0,1
3,16,3,0,1,0,0,2,0,16,1,1,1,6,0,9,3,3,1,14,0
6,19,4,1,1,0,3,0,0,2,1,1,1,7,0,0,5,0,0,0,1
11,18,4,1,1,0,3,0,0,0,1,1,1,1,0,4,0,4,5,4,1
9,20,4,1,1,4,3,0,1,0,1,1,1,5,0,1,0,6,4,8,1
10,21,4,0,1,0,3,0,0,0,1,1,1,5,0,1,0,6,6,14,0
13,11,4,0,0,4,3,0,1,15,1,1,1,7,2,0,5,0,0,0,1
15,13,0,0,1,0,3,0,0,15,1,1,1,0,2,1,5,0,0,0,1
1,18,4,1,1,0,3,1,0,2,1,1,1,7,0,1,5,3,0,4,1
0,18,4,0,1,0,3,0,0,0,1,1,1,7,0,1,0,4,1,1,1
10,20,4,1,1,0,3,0,0,11,1,1,1,0,0,1,0,6,6,5,1
10,19,4,1,1,0,3,1,0,0,1,1,1,8,0,1,0,6,3,7,0
14,21,0,1,1,0,3,3,0,0,1,1,1,5,2,1,0,5,0,9,0
4,18,4,1,1,0,3,0,0,2,1,1,1,0,0,1,0,2,0,1,1
3,18,4,0,1,0,3,3,0,14,1,1,1,0,0,1,0,2,3,4,1
0,18,4,0,1,0,3,3,0,2,1,1,1,8,0,1,0,4,1,7,1
0,19,4,1,1,0,3,1,0,2,1,1,1,0,0,1,0,1,6,2,1
14,21,0,1,1,0,3,1,0,1,1,1,1,8,2,1,0,6,3,14,0
10,19,0,1,1,3,3,3,1,1,1,1,1,0,0,1,0,8,2,11,1
11,18,0,1,1,0,3,3,0,1,1,1,1,0,2,1,0,4,8,7,0
11,21,0,0,1,0,3,1,0,0,1,1,1,0,2,1,0,6,8,13,0
11,14,0,0,1,0,3,3,0,2,1,1,1,0,2,0,5,0,0,0,1
9,15,4,0,1,0,3,0,0,0,1,1,1,0,0,6,0,6,8,12,1
13,18,0,1,1,0,3,0,0,0,1,1,1,7,2,1,0,6,6,11,1
15,20,4,1,1,0,3,0,0,14,1,1,1,0,2,1,0,6,10,10,1
11,20,4,1,1,0,3,0,0,2,1,1,1,0,2,2,0,5,0,6,1
2,18,4,0,0,0,3,0,0,2,1,1,1,7,0,1,0,7,6,3,1
11,18,0,0,1,4,3,3,1,1,1,1,1,0,2,0,5,0,0,0,1
1,18,4,0,1,0,3,0,0,2,1,1,1,5,0,6,2,1,0,5,1
1,17,4,1,1,0,3,0,0,16,1,1,1,0,0,2,5,1,0,3,0
14,17,4,0,1,0,3,3,0,12,1,1,1,7,2,1,0,6,4,12,0
12,21,0,1,1,4,3,0,1,1,1,1,1,0,2,2,0,6,2,12,1
13,15,0,1,1,4,3,0,1,1,1,1,1,0,2,0,5,0,0,0,1
7,20,4,1,1,0,3,1,0,2,1,1,1,8,0,1,0,1,2,2,1
4,21,4,0,1,0,3,1,0,2,1,1,1,0,0,2,2,0,0,0,1
9,18,0,1,1,0,3,1,0,1,1,1,1,0,0,1,0,8,6,10,0
11,20,4,1,1,0,3,0,0,2,1,1,1,0,2,1,0,3,4,6,1
12,20,0,0,1,0,3,3,0,1,1,1,1,0,2,1,0,9,4,13,1
15,15,0,0,1,3,3,0,1,10,1,1,1,5,2,1,0,6,11,3,1
4,15,0,0,1,4,3,0,1,0,1,1,1,0,0,1,0,6,1,6,0
10,16,4,0,1,0,3,3,0,2,1,1,1,2,0,1,5,0,0,0,1
7,18,4,1,1,0,3,0,0,2,1,1,1,0,0,1,2,0,0,0,1
8,18,4,1,1,0,3,0,0,2,1,1,1,7,0,0,5,0,0,3,1
1,18,4,1,1,0,3,0,0,0,1,1,1,8,0,1,5,0,0,0,0
13,20,4,1,1,0,3,1,0,0,1,1,1,8,2,2,0,6,11,12,1
4,21,4,0,1,4,3,0,1,11,1,1,1,5,0,1,0,6,6,5,0
9,15,4,0,1,4,3,0,1,2,1,1,1,0,0,1,0,6,2,8,1
15,19,0,1,1,0,3,1,0,0,1,1,1,0,2,3,0,5,2,5,1
5,15,4,0,1,0,3,0,0,9,1,1,1,7,0,1,0,4,2,3,0
13,21,4,1,1,0,3,0,0,0,1,1,1,0,2,6,5,0,0,11,1
1,15,4,1,1,0,3,0,0,7,1,1,1,0,0,0,5,0,0,0,1
6,16,4,0,1,0,3,1,0,0,1,1,1,0,0,9,2,3,0,1,0
2,18,4,0,1,0,3,0,0,2,1,1,1,7,0,1,0,5,9,6,1
5,20,4,1,1,0,3,0,0,11,1,1,1,0,0,2,0,6,10,7,1
14,23,4,0,1,0,3,3,0,0,1,1,1,5,2,1,0,8,11,14,1
15,22,0,1,1,0,3,3,0,1,1,1,1,0,2,2,0,6,8,14,1
5,19,4,0,1,0,3,3,0,2,1,1,1,5,0,0,5,0,0,0,1
0,15,4,1,1,0,3,0,0,2,1,1,1,0,0,1,0,3,4,2,0
14,15,0,0,1,0,3,0,0,8,1,1,1,2,2,6,0,6,6,5,1
14,22,0,1,1,0,3,1,0,0,1,1,1,8,2,1,0,6,9,14,1
1,18,4,1,1,0,3,0,0,2,1,1,1,0,0,1,0,1,8,3,1
12,21,0,1,1,0,3,0,0,0,1,1,1,0,2,2,0,6,6,12,1
6,17,4,1,1,0,3,0,0,0,1,1,1,0,0,1,0,8,3,13,1
7,21,4,0,1,4,3,0,1,5,1,1,1,5,0,1,0,9,4,14,1
9,20,0,1,1,0,3,1,0,0,1,1,1,8,0,1,0,6,6,13,1
13,18,4,1,1,0,3,0,0,2,1,1,1,0,2,1,0,2,2,5,1
0,15,4,0,1,0,3,0,0,2,1,1,1,7,0,0,5,0,0,0,1
11,14,0,0,1,4,3,0,1,0,1,1,1,5,2,1,0,6,8,6,0
15,15,4,0,1,0,3,0,0,2,1,1,1,0,2,1,0,4,2,6,1
7,18,0,0,1,0,3,1,0,0,1,1,1,8,0,1,0,6,11,9,1
4,16,4,0,1,0,0,1,0,16,1,1,1,4,0,5,3,9,3,4,1
13,20,0,1,1,0,3,1,0,0,1,1,1,0,2,1,0,5,5,7,1
13,20,0,1,1,3,3,0,1,1,1,1,1,0,2,7,0,6,3,9,1
12,9,0,0,1,0,3,1,0,5,1,1,1,7,2,2,0,8,1,6,1
5,15,4,0,1,0,3,0,0,12,1,1,1,0,0,1,0,4,10,6,1
7,15,4,1,1,0,3,1,0,2,1,1,1,0,0,1,0,6,5,7,1
9,15,4,1,1,0,3,1,0,2,1,1,1,0,0,1,0,6,5,8,0
4,18,4,0,1,0,3,1,0,2,1,1,1,0,0,1,0,6,4,11,1
8,20,0,0,1,0,3,0,0,1,1,1,1,5,0,1,0,4,4,12,0
13,20,0,0,1,0,3,3,0,0,1,1,1,7,2,1,0,6,8,11,1
15,20,4,0,1,3,3,0,1,0,1,1,1,5,2,1,0,8,2,10,1
13,15,0,0,1,4,3,0,1,1,1,1,1,7,2,1,0,6,6,2,1
15,18,0,0,1,0,3,0,0,11,1,1,1,0,2,4,0,6,4,7,1
1,15,4,1,1,0,3,0,0,0,1,1,1,0,0,1,0,4,4,3,0
4,15,4,0,1,0,3,0,0,2,1,1,1,0,0,2,0,2,1,3,1
10,18,0,0,1,0,3,3,0,1,1,1,1,0,0,1,0,8,8,9,1
4,20,4,0,1,3,3,0,1,2,1,1,1,5,0,0,5,0,0,3,1
5,21,4,1,1,0,3,1,0,0,1,1,1,0,0,2,0,6,1,13,0
1,18,4,0,1,0,3,1,0,7,1,1,1,0,0,1,0,6,3,6,0
12,18,4,0,1,0,3,1,0,14,1,1,1,0,2,7,5,0,0,2,1
8,20,4,0,1,0,3,0,0,0,1,1,1,5,0,3,0,7,10,12,1
2,18,4,1,1,0,3,0,0,0,1,1,1,1,0,1,5,1,0,1,0
1,18,4,0,1,0,3,0,0,2,1,1,1,0,0,0,5,0,0,0,1
4,12,4,1,1,0,3,0,0,9,1,1,1,4,0,1,1,3,0,4,1
2,15,4,1,1,0,3,0,0,2,1,1,1,0,0,0,5,0,0,0,1
13,21,0,0,1,0,3,1,0,0,1,1,1,0,2,6,0,6,6,11,1
13,18,4,0,1,0,3,0,0,12,1,1,1,1,2,1,0,9,10,11,0
6,18,4,0,1,0,3,0,0,2,1,1,1,7,0,1,0,5,3,5,1
0,15,4,1,1,0,3,0,0,2,1,1,1,0,0,1,0,3,4,5,1
9,15,0,0,1,0,3,1,0,4,1,1,1,0,0,1,0,6,11,7,1
3,18,4,1,1,0,3,0,0,2,1,1,1,0,0,1,0,3,1,4,1
10,15,0,1,1,0,3,3,0,2,1,1,1,0,0,1,0,4,1,4,1
12,23,0,0,1,0,3,0,0,1,1,1,1,0,2,1,0,8,11,14,1
13,21,4,1,1,0,3,1,0,2,1,1,1,0,2,1,0,6,8,11,1
11,20,4,1,1,0,3,0,0,2,1,1,1,7,2,1,0,8,11,11,1
14,15,2,0,1,0,3,3,0,2,1,1,1,0,2,1,0,6,8,7,1
10,20,2,1,1,0,3,0,0,2,1,1,1,0,0,1,0,6,6,13,1
5,18,4,0,1,0,3,0,0,2,1,1,1,1,0,1,0,3,2,9,1
0,18,4,1,1,0,3,3,0,2,1,1,1,0,0,1,5,0,0,0,1
4,18,4,1,1,0,3,3,0,2,1,1,1,0,0,2,0,6,6,9,0
10,20,4,0,1,0,3,1,0,2,1,1,1,5,0,1,0,7,5,10,1
0,15,4,1,1,0,3,3,0,10,1,1,1,0,0,1,0,9,8,4,1
2,18,4,0,1,0,3,0,0,4,1,1,1,0,0,1,2,0,0,0,0
3,20,4,1,1,1,3,3,1,9,1,1,1,0,0,9,2,5,0,0,1
8,13,4,0,1,0,3,0,0,2,1,1,1,7,0,1,0,8,1,7,1
1,15,4,0,1,0,3,0,0,2,1,1,1,0,0,1,0,5,6,2,1
12,20,4,1,1,0,3,0,0,0,1,1,1,0,2,1,0,2,3,4,0
2,17,4,1,1,0,3,0,0,16,1,1,1,0,0,1,5,0,0,0,1
3,15,4,0,1,0,3,0,0,2,1,1,1,7,0,1,0,4,10,2,1
12,15,3,0,1,0,3,3,0,3,1,1,1,1,2,6,0,6,8,10,1
6,20,4,1,1,0,3,0,0,2,1,1,1,7,0,1,0,3,5,5,1
6,20,4,0,1,0,3,0,0,2,1,1,1,0,0,1,0,6,5,14,1
11,18,4,0,1,3,3,0,1,0,1,1,1,0,2,1,0,6,2,8,0
1,18,4,0,0,0,3,1,0,2,1,1,0,0,0,0,5,0,0,0,1
8,20,4,1,1,0,3,1,0,0,1,1,1,5,0,1,5,0,0,0,0
15,13,0,0,1,2,3,0,1,0,1,1,1,1,2,6,0,6,3,7,1
5,15,4,1,1,0,3,0,0,2,1,1,1,0,0,1,0,4,2,6,1
15,18,4,1,1,0,3,0,0,2,1,1,1,7,2,1,0,5,4,2,1
8,17,4,1,0,3,3,0,1,2,1,1,0,7,0,1,0,2,3,4,1
14,20,0,0,1,0,3,2,0,0,1,1,1,0,2,1,2,6,0,10,1
13,15,0,1,1,0,3,3,0,9,1,1,1,0,2,3,0,6,2,10,1
2,17,0,1,1,0,3,0,0,1,1,1,1,7,2,0,5,0,0,0,1
4,18,0,0,1,0,1,1,0,9,1,1,1,0,0,1,0,6,5,7,1
10,14,0,0,1,0,3,0,0,15,1,1,1,0,0,0,5,0,0,0,1
3,20,4,1,1,0,3,3,0,0,1,1,1,7,0,1,1,2,0,6,1
14,18,0,1,1,0,3,0,0,0,1,1,1,7,2,1,0,6,3,12,0
0,18,4,1,1,4,3,0,1,16,1,1,1,5,0,3,0,1,0,2,0
3,20,0,0,1,0,1,0,0,1,1,1,1,0,0,5,0,9,8,13,0
11,15,0,1,1,4,3,0,1,0,1,1,1,7,2,0,5,0,0,0,1
0,15,4,0,1,0,0,1,0,16,1,1,1,0,0,5,3,9,1,7,0
5,20,4,1,1,0,3,0,0,2,1,1,1,1,0,1,0,5,3,5,1
11,21,4,1,1,0,3,0,0,12,1,1,1,1,2,1,0,6,10,13,0
14,21,0,1,1,0,3,0,0,0,1,1,1,0,2,1,0,6,5,13,1
13,20,4,0,1,0,3,0,0,0,1,1,1,0,2,1,0,8,8,8,0
7,19,0,0,1,4,3,3,1,0,1,1,1,5,0,1,0,6,5,11,0
12,20,4,1,1,0,3,0,0,11,1,1,1,5,2,2,0,6,2,10,1
5,17,4,1,1,0,3,3,0,15,1,1,1,0,0,1,5,0,0,0,0
8,19,4,0,1,0,3,1,0,11,1,1,1,0,0,1,0,7,2,11,1
11,15,4,1,1,4,3,1,1,0,1,1,1,0,2,0,5,0,0,0,1
0,16,4,0,1,0,3,0,0,2,1,1,1,5,0,1,0,5,0,8,0
14,20,0,0,1,3,3,0,1,0,1,1,1,5,2,1,0,6,3,10,1
10,21,4,0,1,0,3,3,0,11,1,1,1,5,0,1,0,9,10,14,0
6,15,4,0,1,0,0,0,0,16,1,1,1,0,0,5,3,6,2,8,1
12,20,0,0,1,3,3,0,1,0,1,1,1,0,2,1,0,9,2,14,1
3,20,4,1,1,4,3,0,1,0,1,1,1,0,0,1,0,8,1,10,0
11,15,4,1,1,4,3,0,1,10,1,1,1,0,2,1,2,6,0,3,1
14,17,0,0,1,0,3,1,0,1,1,1,1,0,2,1,0,8,11,9,1
5,20,0,1,1,3,3,0,1,1,1,1,1,5,0,2,0,6,11,4,0
9,20,4,1,1,2,3,0,0,3,1,1,1,1,0,1,0,2,8,6,1
6,18,4,0,1,0,3,1,0,4,1,1,1,0,0,1,0,6,6,12,1
10,18,4,1,1,0,3,0,0,12,1,1,1,7,0,1,0,7,2,9,1
4,17,4,1,1,0,3,3,0,0,1,1,1,0,0,1,0,6,4,13,0
11,16,4,0,1,0,3,1,0,2,1,1,1,0,2,1,0,1,11,3,1
0,15,4,0,1,0,3,0,0,2,1,1,1,0,0,0,5,0,0,0,1
6,20,0,1,0,0,3,0,0,0,1,1,1,0,0,1,0,2,6,4,1
6,13,4,1,1,0,3,0,0,10,1,1,1,8,0,0,5,0,0,5,1
6,17,4,0,1,0,3,0,0,0,1,1,1,0,0,1,1,6,0,6,0
0,8,3,0,1,0,2,0,0,16,1,1,1,0,0,9,0,1,4,6,1
5,17,4,0,0,0,3,3,0,2,1,1,0,0,0,1,0,2,3,3,1
5,20,4,1,1,0,3,1,0,2,1,1,1,0,0,1,5,3,0,4,1
0,17,4,1,1,4,3,0,0,11,1,1,1,7,0,1,0,4,2,5,0
2,20,0,1,1,0,3,0,0,1,1,1,1,0,0,1,0,6,1,4,0
14,19,0,1,1,0,3,0,0,1,1,1,1,5,2,0,5,0,0,12,1
10,18,2,1,1,0,3,0,0,12,1,1,1,0,0,1,0,7,8,10,1
2,18,4,0,1,0,3,0,0,2,1,1,1,0,0,1,0,4,4,4,1
5,20,4,1,1,0,3,3,0,10,1,1,1,0,0,1,0,9,7,10,0
3,18,4,0,1,0,3,0,0,2,1,1,1,7,0,1,0,2,1,3,1
9,20,4,1,1,2,3,3,0,12,1,1,1,0,0,1,5,0,0,0,1
1,19,4,1,1,3,3,0,1,2,1,1,1,5,0,9,2,0,0,0,1
10,13,4,0,1,0,3,1,0,15,1,1,1,0,0,1,2,6,0,9,0
0,15,4,0,1,0,3,0,0,2,1,1,1,0,0,0,5,0,0,0,1
9,21,4,1,1,0,3,1,0,0,1,1,1,0,0,4,0,6,4,11,1
2,18,4,0,1,0,3,3,0,2,1,1,1,7,0,3,0,1,10,1,1
1,19,4,0,1,4,3,0,1,2,1,1,1,0,0,1,0,4,5,6,1
7,15,0,0,1,0,0,0,0,16,1,1,1,0,0,5,3,9,4,8,1
15,15,4,0,1,0,3,0,0,2,1,1,1,0,2,1,0,6,10,10,1
14,20,4,0,1,4,3,0,1,0,1,1,1,0,2,1,0,6,6,9,1
14,20,0,0,1,0,3,0,0,0,1,1,1,1,2,3,0,8,8,13,1
6,18,4,1,1,0,3,0,0,10,1,1,1,0,0,1,0,6,8,10,0
11,20,4,0,1,0,3,0,0,2,1,1,1,0,2,1,5,6,0,2,1
0,18,4,0,1,0,3,3,0,16,1,1,1,0,0,1,0,6,2,6,0
2,15,4,1,1,3,3,0,1,2,1,1,1,5,0,1,5,1,0,2,1
10,19,0,1,1,0,3,0,0,8,1,1,1,0,0,1,0,6,6,11,1
15,18,4,0,1,3,3,0,1,0,1,1,1,5,0,6,1,4,0,5,1
9,19,0,1,1,3,3,0,1,1,1,1,1,5,0,1,1,6,0,11,1
2,15,4,0,1,0,3,3,0,4,1,1,1,0,0,1,0,4,4,4,1
11,18,0,1,1,0,3,1,0,0,1,1,1,0,2,1,0,8,4,12,0
0,15,4,0,1,4,3,0,1,16,1,1,1,5,0,2,5,1,0,2,0
7,21,4,1,1,0,3,1,0,12,1,1,1,0,0,1,1,7,0,12,0
14,20,0,1,1,0,3,0,0,1,1,1,1,0,2,1,0,7,11,12,1
5,19,4,0,1,0,3,0,0,7,1,1,1,0,0,1,5,0,0,0,1
9,18,0,1,1,0,3,0,0,2,1,1,1,0,0,1,5,0,0,0,1
12,18,4,0,1,0,3,0,0,0,1,1,1,1,2,1,0,6,2,6,1
8,15,0,1,1,0,3,0,0,8,1,1,1,0,0,1,1,6,0,6,1
10,21,0,1,1,4,3,0,1,0,1,1,1,0,0,1,0,6,3,14,1
14,15,4,1,1,0,3,0,0,9,1,1,1,0,2,1,0,6,6,7,1
15,20,4,0,1,0,3,3,0,2,1,1,1,0,2,1,0,9,4,12,1
3,15,4,0,1,0,3,0,0,14,1,1,1,1,0,1,0,4,6,2,0
7,15,4,0,1,0,3,0,0,2,1,1,1,1,0,1,0,5,2,2,0
8,20,4,1,1,0,3,1,0,0,1,1,1,0,0,1,0,8,2,13,1
2,15,4,0,1,0,3,0,0,4,1,1,1,0,0,0,5,0,0,0,1
6,15,4,1,1,0,3,0,0,2,1,1,1,0,0,1,0,6,2,7,1
4,19,0,0,1,0,3,1,0,2,1,1,1,0,0,1,0,2,5,3,1
10,19,4,0,1,0,3,1,0,0,1,1,1,0,0,7,0,9,11,12,1
9,17,4,0,1,0,3,0,0,2,1,1,1,0,0,1,5,0,0,0,1
12,15,0,1,1,0,3,0,0,0,1,1,1,7,2,6,0,1,6,1,1
13,19,4,0,1,0,3,3,0,12,1,1,1,0,2,3,0,2,10,5,1
1,18,4,0,1,4,3,0,1,16,1,1,1,5,0,0,5,0,0,0,0
11,20,0,1,1,0,3,0,0,0,1,1,1,0,2,1,0,8,11,14,0
8,18,0,1,1,0,3,0,0,1,1,1,1,0,0,0,5,0,0,0,0
8,17,4,0,1,0,3,3,0,2,1,1,1,0,0,1,0,9,8,7,1
9,18,4,1,1,0,3,1,0,0,1,1,1,7,0,1,0,8,2,12,1
3,18,0,1,1,0,3,1,0,1,1,1,1,0,0,1,0,5,3,8,1
15,21,0,1,1,4,3,0,1,1,1,1,1,5,2,0,5,0,0,0,1
3,18,4,0,1,0,3,0,0,12,1,1,1,0,0,1,0,8,6,7,1
4,15,4,0,1,0,3,0,0,2,1,1,1,7,0,0,5,0,0,0,1
11,22,0,1,1,0,3,0,0,0,1,1,1,7,2,1,0,9,6,11,1
3,18,4,1,1,0,3,0,0,2,1,1,1,0,0,9,2,0,0,0,1
10,15,0,0,1,0,3,0,0,1,1,1,1,0,0,1,0,1,2,3,0
6,4,4,0,0,4,3,3,1,11,1,0,0,7,0,3,4,6,5,11,1
11,21,0,1,1,4,3,0,1,1,1,1,1,5,2,0,5,0,0,0,1
4,15,4,1,1,0,3,3,0,2,1,1,1,5,0,1,0,6,10,6,1
9,18,4,1,1,0,3,0,0,0,1,1,1,5,0,0,5,0,0,4,1
8,0,4,1,1,4,3,0,1,12,1,1,1,7,0,0,5,0,0,0,1
0,18,4,1,1,0,3,1,0,2,1,1,1,0,0,1,0,2,3,2,1
8,20,0,1,1,4,3,0,1,1,1,1,1,5,0,0,5,0,0,0,0
14,20,0,0,1,0,3,0,0,1,1,1,1,5,2,1,0,6,10,13,1
9,21,4,1,1,0,3,1,0,2,1,1,1,0,0,1,0,6,3,11,1
13,19,0,1,1,0,3,0,0,1,1,1,1,0,2,7,0,6,5,10,1
7,15,4,1,1,0,3,1,0,0,1,1,1,0,0,4,0,6,10,11,0
5,20,0,1,1,0,3,1,0,0,1,1,1,0,0,1,0,6,3,9,1
6,17,4,1,1,0,3,0,0,9,1,1,1,0,0,1,0,6,5,11,1
7,13,4,0,1,0,3,1,0,7,1,1,1,8,0,1,0,6,8,9,1
3,15,4,0,1,4,3,3,1,9,1,1,1,0,0,1,0,6,6,4,1
1,17,4,0,1,0,0,0,0,16,1,1,1,0,0,5,3,6,3,5,1
8,20,4,1,1,0,3,0,0,0,1,1,1,0,0,2,0,3,6,9,1
15,21,0,1,1,4,3,0,1,1,1,1,1,5,2,0,5,0,0,0,1
6,20,4,1,1,0,3,3,0,2,1,1,1,0,0,1,0,6,5,7,1
12,20,0,1,1,3,3,0,1,1,1,1,1,5,2,1,0,6,8,14,0
10,21,0,1,1,0,3,3,0,0,1,1,1,5,0,1,0,6,4,14,1
14,19,4,0,1,0,3,3,0,2,1,1,1,0,2,1,0,6,5,13,1
7,20,4,0,1,3,3,0,0,15,1,1,1,7,0,7,5,6,0,10,1
6,15,0,1,1,0,3,0,0,1,1,1,1,0,0,3,0,5,0,4,1
2,15,4,1,1,4,3,0,1,2,1,1,1,8,0,1,5,6,0,5,1
0,18,4,0,1,0,3,3,0,0,1,1,1,0,0,1,0,2,2,4,1
13,19,4,1,1,0,3,3,0,12,1,1,1,0,2,2,0,6,2,9,1
5,19,4,0,1,0,3,0,0,0,1,1,1,0,0,1,5,1,0,1,1
0,17,4,0,1,0,3,0,0,2,1,1,1,0,0,1,0,3,8,1,1
9,20,0,0,1,0,3,1,0,0,1,1,1,0,0,1,0,6,2,14,0
10,19,4,0,1,0,3,3,0,2,1,1,1,1,0,1,0,6,8,7,1
5,20,4,1,1,0,3,1,0,2,1,1,1,0,0,2,0,3,2,4,1
9,20,4,0,1,0,3,1,0,12,1,1,1,5,0,1,0,2,7,8,1
10,20,4,0,1,3,3,0,1,2,1,1,1,5,0,1,0,6,7,8,1
3,15,4,0,1,0,0,0,0,16,1,1,1,0,0,5,3,9,1,7,0
8,17,3,0,1,0,3,3,0,7,1,1,1,0,0,1,0,9,8,4,1
2,20,4,0,1,0,3,0,0,0,1,1,1,5,0,1,0,7,6,14,1
4,20,0,0,1,0,3,1,0,0,1,1,1,0,0,1,0,3,5,5,0
0,15,4,1,1,0,3,1,0,16,1,1,1,0,0,1,5,4,0,2,0
11,15,0,0,1,4,3,1,1,1,1,1,1,0,2,1,0,8,11,11,1
10,22,4,0,1,0,3,1,0,15,1,1,1,0,0,7,0,9,10,14,1
6,20,4,1,1,0,3,1,0,2,1,1,1,5,0,1,0,6,5,12,1
12,18,2,1,1,1,3,3,1,9,1,1,1,0,2,2,0,2,11,6,1
1,15,4,1,1,0,3,3,0,2,1,1,1,0,0,1,0,6,5,5,1
7,19,4,1,1,0,3,1,0,2,1,1,1,0,0,3,0,6,5,6,1
9,20,4,0,1,4,3,0,1,0,1,1,1,5,0,2,0,6,6,12,0
4,18,4,0,1,0,3,1,0,16,1,1,1,0,0,2,0,6,2,6,1
3,15,3,1,1,0,3,0,0,2,1,1,1,6,0,1,0,5,10,3,1
11,18,4,0,1,0,3,1,0,2,1,1,1,0,2,1,5,6,0,3,1
2,18,4,1,1,4,3,0,1,11,1,1,1,5,0,1,5,2,0,2,0
8,20,4,1,1,0,3,0,0,12,1,1,1,5,0,2,0,6,6,10,0
0,17,4,1,1,3,3,0,1,2,1,1,1,5,0,1,0,2,10,1,1
13,15,0,0,1,4,3,0,1,1,1,1,1,5,2,1,0,7,6,14,1
7,20,0,1,1,4,3,0,1,1,1,1,1,5,0,0,5,0,0,0,0
10,14,4,0,1,0,3,1,0,2,1,1,1,0,0,1,0,8,4,7,1
5,15,4,1,1,0,3,1,0,11,1,1,1,0,0,1,0,6,6,6,0
6,15,4,1,1,0,3,3,0,9,1,1,1,8,0,4,0,6,2,7,1
2,22,4,0,1,4,3,0,1,0,1,1,1,5,0,1,0,9,6,14,1
8,17,4,0,1,0,3,0,0,0,1,1,1,7,0,1,1,6,0,10,1
8,18,4,1,1,0,3,0,0,2,1,1,1,0,0,0,5,0,0,5,1
14,8,4,0,1,4,3,0,1,16,1,1,1,1,2,1,0,6,4,7,1
3,15,4,0,0,0,3,0,0,5,1,1,0,7,0,1,0,3,6,6,1
14,20,4,0,1,3,3,0,1,11,1,1,1,5,2,1,0,7,6,14,0
9,18,4,1,1,0,3,0,0,11,1,1,1,0,0,1,0,4,10,5,1
1,18,4,1,1,0,3,3,0,14,1,1,1,7,0,1,0,2,6,2,0
8,20,4,0,1,0,3,2,0,0,1,1,1,8,0,1,0,6,9,7,1
4,18,4,1,1,0,3,1,0,0,1,1,1,0,0,6,0,8,6,10,1
5,19,0,0,1,0,3,0,0,1,1,1,1,0,0,1,0,6,10,10,1
5,18,4,0,1,0,3,0,0,11,1,1,1,1,0,3,0,5,3,6,1
13,15,0,1,1,0,3,1,0,0,1,1,1,0,2,2,0,6,4,10,0
12,20,4,1,1,0,3,1,0,2,1,1,1,0,2,1,5,0,0,0,1
13,7,4,0,1,0,3,0,0,2,1,1,1,7,2,2,0,2,3,14,1
2,14,4,0,1,0,3,0,0,16,1,1,1,0,0,9,2,0,0,0,1
6,15,4,1,1,0,3,0,0,12,1,1,1,0,0,1,0,6,6,7,1
8,18,4,1,1,0,3,0,0,2,1,1,1,0,0,1,5,0,0,2,1
15,9,0,0,1,0,3,1,1,9,1,1,1,1,2,6,0,1,1,6,0
11,21,4,0,1,0,3,1,0,0,1,1,1,0,2,4,0,6,10,13,1
8,14,4,0,1,0,3,0,0,11,1,1,1,0,0,1,0,6,8,12,1
1,15,4,0,1,0,3,3,0,0,1,1,1,0,0,3,0,8,3,9,0
7,15,4,1,1,0,3,0,0,16,1,1,1,0,0,1,5,6,0,3,1
1,18,4,1,1,0,3,1,0,16,1,1,1,0,0,1,0,5,5,6,0
6,17,4,1,1,0,3,0,0,2,1,1,1,7,0,1,0,6,8,9,1
10,15,0,0,1,0,3,0,0,1,1,1,1,0,0,1,2,0,0,0,1
4,15,4,1,1,0,3,0,0,2,1,1,1,0,0,1,0,3,8,8,1
8,19,4,1,1,0,3,1,0,0,1,1,1,0,0,3,0,6,2,10,1
15,0,4,0,0,0,1,1,0,2,0,0,1,0,2,0,5,0,0,2,1
3,18,4,0,1,0,3,3,0,14,1,1,1,0,0,1,0,2,1,6,1
1,18,4,0,1,4,3,0,1,2,1,1,1,7,0,1,0,6,6,10,1
15,22,0,1,1,0,3,1,0,0,1,1,1,0,2,1,0,9,2,14,1
12,14,0,1,1,4,3,0,1,0,1,1,1,0,2,0,5,0,0,0,1
8,18,0,1,1,0,3,0,0,0,1,1,1,7,0,0,5,0,0,0,1
15,20,4,0,1,0,3,1,0,0,1,1,1,0,2,1,0,6,10,14,1
12,15,4,1,1,0,3,3,0,0,1,1,1,0,2,1,0,7,6,12,1
3,20,4,1,1,0,3,0,0,2,1,1,1,0,0,1,2,1,0,3,1
2,18,4,1,1,0,3,0,0,11,1,1,1,0,0,1,0,2,6,4,1
13,19,2,1,1,0,3,3,0,0,1,1,1,0,2,3,0,9,0,11,1
10,20,0,0,1,4,3,0,1,0,1,1,1,0,0,1,0,8,4,9,1
13,15,0,0,1,0,0,0,0,0,1,1,1,0,2,5,3,9,11,12,1
8,19,0,0,1,0,3,0,0,1,1,1,1,7,0,1,0,6,3,11,1
13,20,0,1,1,0,3,0,0,0,1,1,1,0,2,3,0,6,6,13,0
14,20,0,1,1,0,3,2,0,1,1,1,1,0,2,1,0,6,1,12,0
6,19,4,0,1,0,3,1,0,0,1,1,1,0,0,1,0,6,2,13,1
2,15,4,1,1,4,3,0,1,16,1,1,1,7,0,1,5,4,0,2,0
10,15,0,1,1,0,3,3,0,8,1,1,1,7,0,1,0,5,3,7,1
3,17,4,1,1,0,3,3,0,2,1,1,1,7,0,1,0,4,5,9,1
3,5,4,0,1,3,3,0,1,2,1,1,1,5,0,1,1,6,0,14,1
6,20,4,1,1,0,3,0,0,2,1,1,1,0,0,0,5,0,0,0,1
2,15,4,1,1,0,3,0,0,2,1,1,1,5,0,0,5,0,0,0,1
5,15,4,0,1,0,3,1,0,7,1,1,1,0,0,1,0,6,1,6,1
1,18,4,0,1,0,3,0,0,2,1,1,1,1,0,1,0,3,1,3,1
1,15,4,0,1,0,0,0,0,16,1,1,1,1,0,5,3,1,1,1,1
5,20,4,1,1,0,3,0,0,10,1,1,1,0,0,1,0,6,3,10,0
6,20,4,0,1,0,3,1,0,0,1,1,1,0,0,1,0,8,3,14,1
1,15,4,0,1,0,3,0,0,2,1,1,1,0,0,0,5,0,0,0,1
5,18,4,1,1,3,3,0,1,5,1,1,1,0,0,1,5,0,0,4,0
7,20,4,1,1,0,3,2,0,0,1,1,1,7,0,1,0,6,10,10,0
13,15,0,0,1,0,3,0,0,0,1,1,1,7,2,1,0,6,6,7,1
10,19,4,1,1,0,3,3,0,2,1,1,1,0,0,1,2,3,0,5,1
6,12,4,0,1,0,3,3,0,7,1,1,1,0,0,1,2,0,0,9,1
7,12,4,0,1,4,3,0,1,0,1,1,1,5,0,1,2,0,0,5,1
7,18,0,0,1,0,0,0,0,16,1,1,1,0,0,5,3,6,5,5,1
5,17,4,0,1,0,3,0,0,14,1,1,1,7,0,1,0,4,6,3,1
7,20,4,0,1,0,3,1,0,0,1,1,1,0,0,3,2,4,0,2,1
4,20,4,1,1,0,3,0,0,2,1,1,1,0,0,1,0,6,11,9,1
14,22,4,1,1,3,3,0,1,0,1,1,1,0,2,1,0,8,9,11,0
7,18,4,1,0,0,3,0,0,0,1,0,1,0,0,1,5,8,0,2,1
15,20,0,1,1,0,3,0,0,1,1,1,1,0,2,1,0,6,2,12,1
7,13,4,1,1,0,3,1,0,7,1,1,1,0,0,1,5,0,0,2,1
1,18,4,0,1,0,3,0,0,11,1,1,1,5,0,2,0,1,2,3,0
13,20,0,1,1,2,3,1,0,1,1,1,1,0,2,7,0,1,3,14,0
9,16,4,0,0,0,3,0,0,5,0,1,0,0,0,0,5,0,0,5,0
7,15,4,1,1,0,3,1,0,14,1,1,1,0,0,1,0,5,4,7,1
7,21,4,0,1,0,3,1,0,12,1,1,1,0,2,1,0,6,11,9,1
6,15,4,1,0,0,3,3,0,14,1,1,1,5,0,0,5,0,0,10,1
8,16,4,0,1,0,3,0,0,2,1,1,1,0,0,1,0,6,2,4,1
5,20,0,1,1,0,3,1,0,0,1,1,1,8,0,2,0,1,1,4,0
0,15,4,1,1,0,3,0,0,16,1,1,1,7,0,0,5,0,0,0,0
4,18,4,0,1,0,3,0,0,2,1,1,1,0,0,1,0,6,6,7,1
3,18,4,0,1,0,3,1,0,2,1,1,1,0,0,1,0,6,4,8,1
15,17,4,0,1,0,3,1,0,2,1,1,1,0,2,4,0,8,6,12,1
4,20,4,1,1,0,3,3,0,2,1,1,1,0,0,1,0,7,2,11,1
6,16,4,1,1,4,3,0,1,5,1,1,1,0,0,1,0,1,6,5,1
11,18,0,1,1,4,3,0,1,0,1,1,1,2,2,2,0,6,8,14,1
14,22,0,0,1,3,3,3,1,1,1,1,1,0,2,1,0,6,9,11,1
4,12,4,0,0,0,3,0,0,2,1,1,1,0,0,9,2,0,0,13,1
0,18,4,1,1,0,3,0,0,2,1,1,1,0,0,1,0,1,9,2,1
9,15,0,0,1,0,3,0,0,0,1,1,1,0,0,1,0,9,10,12,1
3,20,4,1,1,0,3,1,0,0,1,1,1,0,0,1,0,2,10,4,0
7,18,0,0,1,0,3,0,0,0,1,1,1,7,0,1,0,6,8,6,1
15,22,0,1,1,0,3,1,0,0,1,1,1,0,2,1,0,9,3,14,1
7,20,0,1,1,0,3,0,0,1,1,1,1,0,0,1,5,0,0,0,1
4,18,0,1,1,4,3,0,1,1,1,1,1,5,0,1,2,6,0,6,0
0,18,4,1,1,0,3,0,0,2,1,1,1,5,0,1,0,1,0,1,0
7,15,4,0,0,0,3,3,0,7,1,0,0,8,0,1,5,0,0,2,1
11,21,4,1,1,4,3,0,1,0,1,1,1,0,2,1,0,8,2,11,1
1,17,4,0,1,0,3,3,0,2,1,1,1,8,0,1,0,6,3,9,1
6,14,0,0,1,4,3,0,1,0,1,1,1,0,0,1,0,8,3,14,1
3,15,4,1,1,0,3,3,0,2,1,1,1,0,0,1,0,9,2,8,1
7,15,4,1,1,4,3,0,1,2,1,1,1,5,0,1,1,4,0,4,1
3,18,4,0,1,0,3,3,0,2,1,1,1,0,0,1,0,2,4,5,1
8,21,0,1,1,4,3,0,1,1,1,1,1,5,0,0,5,0,0,0,0
0,18,4,1,1,0,3,0,0,2,1,1,1,1,0,1,0,6,10,3,1
10,21,0,1,1,0,3,0,0,0,1,1,1,7,0,3,0,6,3,10,1
2,18,4,0,1,0,3,0,0,15,1,1,1,0,0,0,5,0,0,0,1
0,18,4,0,1,0,3,0,0,14,1,1,1,7,0,1,0,2,3,2,1
6,14,4,0,1,0,3,1,0,2,1,1,1,8,0,8,5,6,0,11,1
3,18,4,0,1,0,3,0,0,2,1,1,1,0,0,3,0,6,2,3,1
8,20,4,1,1,0,3,0,0,11,1,1,1,7,0,1,0,6,6,9,0
9,15,4,0,1,0,3,3,0,11,1,1,1,0,0,1,0,7,2,5,1
12,21,0,1,1,4,3,0,1,1,1,1,1,5,2,0,5,0,0,0,1
13,18,0,1,1,0,3,0,0,1,1,1,1,0,2,1,5,0,0,0,1
2,18,4,1,0,0,3,0,0,2,1,1,1,7,0,1,0,5,6,3,1
7,20,4,0,1,0,3,0,0,11,1,1,1,0,0,1,0,6,6,14,1
5,15,4,1,1,0,3,0,0,2,1,1,1,7,0,0,5,0,0,5,1
3,15,4,0,1,4,3,0,1,2,1,1,1,0,0,0,5,0,0,5,1
8,15,4,0,1,4,3,3,1,11,1,1,1,5,0,1,0,6,10,5,0
8,20,0,1,1,3,3,3,1,0,1,1,1,5,0,2,0,6,11,3,0
9,20,4,1,1,0,3,0,0,0,1,1,1,0,0,2,2,6,0,0,1
7,15,4,1,1,0,3,0,0,0,1,1,1,0,0,1,0,5,4,5,1
11,21,4,0,1,4,3,0,1,0,1,1,1,7,2,2,0,6,11,14,1
3,18,4,1,1,0,3,3,0,2,1,1,1,0,0,1,0,2,2,4,1
8,18,4,1,1,0,3,3,0,2,1,1,1,0,0,6,5,0,0,2,1
12,15,0,0,1,4,3,0,1,9,1,1,1,7,2,6,0,4,6,8,1
13,20,0,0,1,4,3,0,1,1,1,1,1,5,2,1,1,9,0,14,1
11,18,0,0,1,0,3,0,0,1,1,1,1,0,2,1,0,6,2,8,1
3,19,4,1,1,0,3,1,0,2,1,1,1,0,0,1,0,1,6,2,1
1,17,4,1,1,0,3,0,0,0,1,1,1,7,0,1,0,8,3,8,1
15,20,0,1,1,0,3,1,0,1,1,1,1,0,2,0,5,0,0,12,1
8,14,4,0,1,0,3,0,0,2,1,1,1,7,0,1,0,2,2,5,1
0,15,4,0,1,0,3,0,0,4,1,1,1,0,0,0,5,0,0,1,1
0,15,4,1,1,0,3,0,0,2,1,1,1,7,0,1,0,2,3,2,1
2,15,4,0,0,0,3,0,0,2,1,1,0,7,0,0,5,0,0,0,1
8,20,0,1,1,4,3,3,1,1,1,1,1,7,0,1,0,5,8,9,1
12,17,2,0,1,0,3,1,0,0,1,1,1,0,2,4,0,9,4,11,0
5,15,4,0,1,0,3,3,0,2,1,1,1,0,0,1,0,6,6,6,1
11,18,4,1,1,0,3,0,0,0,1,1,1,0,2,6,5,4,0,4,1
7,20,4,0,1,4,3,0,1,0,1,1,1,5,0,1,0,6,4,11,0
15,15,0,0,1,0,3,3,0,1,1,1,1,7,2,2,0,8,0,12,1
1,18,4,0,1,0,3,0,0,2,1,1,1,0,0,0,5,0,0,0,1
13,15,0,0,0,0,3,1,0,15,1,1,0,7,2,1,5,0,0,0,1
1,18,4,0,1,0,3,0,0,16,1,1,1,5,0,1,0,2,1,2,1
12,14,4,0,1,4,3,0,1,0,1,1,1,0,2,1,0,6,7,12,1
2,15,4,1,1,0,3,0,0,2,1,1,1,2,0,3,0,6,7,5,1
6,15,0,1,1,0,3,0,0,11,1,1,1,7,0,1,5,6,0,5,1
3,15,4,1,1,0,3,3,0,11,1,1,1,0,0,1,0,6,4,4,0
2,18,4,1,1,0,3,0,0,2,1,1,1,0,0,1,0,3,3,7,1
13,15,0,1,1,0,3,3,0,9,1,1,1,0,2,1,0,6,3,9,1
13,10,4,1,1,2,3,0,0,2,1,1,1,7,2,9,2,0,0,0,1
6,20,0,1,1,0,3,0,0,0,1,1,1,0,0,1,1,6,0,13,1
9,15,4,0,1,0,3,1,0,0,1,1,1,8,0,1,0,6,8,6,1
13,20,4,1,0,0,3,1,0,0,1,1,0,0,2,3,0,2,7,12,1
10,13,4,0,0,0,3,0,0,15,1,1,1,7,0,0,5,0,0,0,1
3,18,4,1,1,0,3,3,0,2,1,1,1,0,0,0,5,0,0,0,1
9,14,4,0,1,0,3,0,0,2,1,1,1,7,0,1,0,5,2,5,1
8,20,4,1,1,0,3,1,0,2,1,1,1,0,0,1,0,6,6,12,1
1,19,4,1,1,0,3,0,0,2,1,1,1,7,0,0,5,0,0,0,1
10,21,0,1,1,0,3,3,0,1,1,1,1,0,0,3,0,6,4,12,1
1,17,4,0,1,0,3,3,0,2,1,1,1,0,0,1,0,3,6,2,1
12,20,0,0,1,0,3,0,0,0,1,1,1,0,2,2,0,7,8,11,1
0,15,4,1,1,0,3,0,0,11,1,1,1,0,0,0,5,0,0,0,0
8,15,0,1,0,0,3,0,0,1,1,1,1,7,0,1,0,6,4,4,1
13,17,4,0,1,0,3,3,0,0,1,1,1,0,2,2,0,7,3,10,1
10,21,4,1,1,4,3,0,1,0,1,1,1,5,0,1,0,6,5,14,1
11,20,4,0,1,0,3,3,0,12,1,1,1,0,2,1,0,6,1,10,0
8,18,4,0,1,0,3,3,0,4,1,1,1,0,0,1,0,4,8,8,1
1,15,4,0,1,0,3,0,0,11,1,1,1,0,0,0,5,0,0,0,1
12,15,0,1,1,4,3,0,1,1,1,1,1,7,2,1,0,6,8,9,1
14,17,0,1,1,4,3,3,1,9,1,1,1,0,2,1,0,9,11,9,1
12,18,0,0,1,0,3,0,0,8,1,1,1,7,2,1,5,0,0,0,1
4,18,4,1,1,3,3,0,1,2,1,1,1,0,0,1,0,6,4,9,1
15,19,4,1,1,0,3,1,0,2,1,1,1,0,2,1,0,6,4,6,1
10,21,0,0,1,0,3,0,0,1,1,1,1,0,0,1,0,5,2,13,1
9,18,0,1,1,0,3,0,0,8,1,1,1,7,0,3,5,0,0,0,1
7,21,4,0,1,3,3,1,0,16,1,1,1,0,0,2,0,8,2,11,1
10,20,4,1,1,0,3,0,0,2,1,1,1,0,0,1,0,6,3,11,1
15,20,2,1,1,3,3,0,1,2,1,1,1,2,2,1,4,6,7,13,1
8,23,4,0,1,0,3,3,0,0,1,1,1,0,0,1,0,8,11,13,1
1,17,4,1,0,0,3,0,0,16,1,1,0,0,0,0,5,0,0,4,0
2,20,4,1,1,0,3,1,0,16,1,1,1,0,0,1,0,6,2,6,0
12,20,0,0,1,3,3,3,1,0,1,1,1,5,2,1,0,9,4,14,1
7,18,4,0,1,3,3,0,1,0,1,1,1,0,0,1,0,6,6,9,1
2,15,4,0,1,0,3,0,0,2,1,1,1,0,0,1,5,0,0,0,1
13,18,4,0,1,0,3,1,0,4,1,1,1,0,2,6,0,1,3,2,0
10,20,4,0,1,0,3,0,0,2,1,1,1,0,0,1,0,3,5,9,1
11,18,0,0,1,0,3,0,0,2,1,1,1,0,2,1,0,6,11,9,1
5,15,4,0,1,0,3,0,0,15,1,1,1,7,0,1,5,0,0,0,1
8,19,0,0,1,0,3,0,0,0,1,1,1,0,0,1,0,6,3,10,0
0,17,4,0,1,0,3,1,0,7,1,1,1,0,0,1,2,0,0,0,1
2,18,4,1,1,0,3,0,0,0,1,1,1,7,0,1,0,2,3,5,1
12,20,4,0,1,0,3,1,0,0,1,1,1,0,2,1,0,6,3,9,1
2,18,4,0,1,0,3,0,0,0,1,1,1,0,0,1,0,7,3,11,1
9,13,4,0,1,0,3,1,0,14,1,1,1,7,0,1,5,6,0,7,1
5,20,4,1,1,0,3,1,0,0,1,1,1,5,0,2,0,6,6,10,1
7,15,0,1,1,4,3,0,1,1,1,1,1,7,0,0,5,0,0,0,1
14,15,0,0,1,3,3,0,1,1,1,1,1,0,2,1,0,6,4,8,1
0,18,4,1,1,0,3,0,0,16,1,1,1,5,0,1,5,0,0,0,1
5,17,4,0,1,0,3,0,0,2,1,1,1,0,0,1,0,6,1,9,1
6,21,0,1,1,4,3,0,1,1,1,1,1,7,0,1,0,6,5,12,0
11,18,4,0,1,0,3,0,0,0,1,1,1,0,2,7,0,6,11,9,1
8,21,4,1,1,0,3,0,0,11,1,1,1,7,0,1,0,6,8,11,1
3,20,4,1,1,0,3,1,0,2,1,1,1,0,0,1,1,3,0,4,1
3,19,0,0,1,0,1,1,0,1,1,1,1,0,0,1,0,8,10,7,1
3,14,4,0,1,0,3,3,0,2,1,1,1,7,0,1,0,8,8,6,1
10,15,4,0,1,0,3,3,0,0,1,1,1,0,0,1,0,6,4,6,1
13,17,2,1,1,0,3,1,0,0,1,1,1,0,2,1,0,9,1,10,0
9,20,4,1,1,0,3,1,0,2,1,1,1,0,0,3,0,5,5,3,1
11,20,0,1,1,0,3,0,0,1,1,1,1,0,2,1,1,8,0,6,1
4,15,4,0,1,0,3,0,0,2,1,1,1,7,0,1,0,6,3,9,1
4,17,4,0,1,0,3,0,0,9,1,1,1,8,0,1,0,6,3,8,1
15,20,4,1,1,0,3,0,0,2,1,1,1,1,2,1,0,6,6,10,1
10,21,4,1,1,4,3,0,1,11,1,1,1,0,0,2,5,6,0,7,0
12,21,0,1,1,4,3,0,1,0,1,1,1,5,2,1,0,6,6,14,1
6,20,4,1,1,0,3,3,0,11,1,1,1,5,0,1,5,0,0,2,1
9,20,4,1,1,0,3,0,0,2,1,1,1,5,0,1,0,2,11,5,1
5,12,3,0,1,0,3,0,0,0,1,1,1,7,0,1,0,6,8,9,1
6,18,4,0,1,0,3,0,0,5,1,1,1,7,0,1,0,6,2,13,1
8,21,4,0,1,0,3,0,0,9,1,1,1,5,0,1,0,6,11,8,0
12,0,4,0,0,0,3,0,0,15,0,0,1,0,0,0,5,0,0,1,0
8,17,0,1,1,4,3,0,1,0,1,1,1,0,0,0,5,0,0,0,0
11,16,0,0,1,4,3,0,1,1,1,1,1,7,2,1,0,7,10,13,0
13,18,0,1,1,4,3,0,1,1,1,1,1,5,2,0,5,0,0,0,1
7,20,4,1,1,0,3,1,0,2,1,1,1,0,0,2,5,0,0,0,1
13,20,4,1,1,2,3,1,0,12,1,1,1,0,2,1,5,0,0,0,0
0,15,4,1,1,0,3,0,0,2,1,1,1,0,0,1,0,4,2,3,0
13,18,4,1,1,0,3,0,0,12,1,1,1,0,2,0,5,0,0,10,1
5,20,4,1,1,0,3,1,0,12,1,1,1,0,0,3,0,2,2,4,1
12,15,0,1,1,0,3,0,0,1,1,1,1,7,2,1,0,6,10,10,1
2,18,4,1,1,0,3,0,0,2,1,1,1,0,0,2,5,3,0,2,1
14,20,4,0,1,0,3,1,0,0,1,1,1,8,2,3,0,6,1,13,1
2,18,4,1,1,3,3,0,1,2,1,1,1,5,0,0,5,0,0,0,1
8,20,4,0,1,0,3,3,0,2,1,1,1,0,0,1,0,6,8,13,1
1,18,4,1,1,0,3,0,0,16,1,1,1,0,0,1,5,1,0,3,0
8,1,3,1,1,3,3,3,1,1,1,1,1,0,0,7,0,6,3,4,0
3,15,4,0,1,0,3,3,0,2,1,1,1,7,0,0,5,0,0,0,1
6,18,0,1,1,1,3,3,0,14,1,1,1,0,0,7,0,4,10,6,1
1,14,4,0,0,0,3,0,0,9,1,1,0,0,0,1,2,2,0,4,1
2,17,0,0,0,0,3,3,0,8,1,1,0,7,0,1,5,6,0,6,1
6,18,4,0,1,0,3,0,0,2,1,1,1,0,0,1,0,6,11,9,1
4,19,0,0,1,4,3,0,1,2,1,1,1,7,0,1,0,6,3,11,1
6,19,4,1,1,0,3,1,0,12,1,1,1,8,0,4,0,4,10,7,1
3,18,4,0,1,0,3,1,0,16,1,1,1,0,0,1,0,7,1,11,1
3,15,4,0,1,0,3,1,0,2,1,1,1,0,0,1,0,4,5,6,1
0,14,4,0,1,0,3,3,0,2,1,1,1,7,0,1,0,6,8,5,0
10,20,0,1,1,3,3,3,1,0,1,1,1,7,0,1,0,4,1,9,1
9,13,4,0,1,0,3,1,0,15,1,1,1,8,0,1,5,0,0,0,1
13,17,0,0,1,0,3,0,0,1,1,1,1,0,2,1,0,6,6,10,1
1,15,4,0,1,0,3,0,0,14,1,1,1,0,0,1,0,2,3,2,0
6,20,4,0,1,0,3,0,0,0,1,1,1,0,0,5,0,6,6,11,1
11,20,0,0,1,0,3,0,0,1,1,1,1,5,2,1,0,3,6,14,1
7,20,4,1,1,0,3,3,0,0,1,1,1,0,0,2,0,3,0,3,1
2,19,4,1,1,0,3,3,0,2,1,1,1,7,0,1,0,2,4,4,1
6,19,4,1,1,0,3,3,0,2,1,1,1,0,0,1,0,4,4,10,1
11,20,0,1,1,4,3,0,1,0,1,1,1,0,2,1,0,6,2,4,1
1,18,4,1,1,0,3,0,0,16,1,1,1,0,0,3,5,1,0,4,1
4,18,4,1,1,0,3,0,0,14,1,1,1,7,0,1,5,0,0,1,1
10,18,2,0,1,0,3,0,0,2,1,1,1,7,0,1,0,7,8,12,1
7,6,4,1,1,4,3,0,1,16,1,1,1,7,0,9,2,0,0,0,0
8,18,4,0,1,4,3,0,1,9,1,1,1,0,0,1,0,4,2,5,0
6,18,4,0,1,0,3,0,0,2,1,1,1,0,0,0,5,0,0,0,1
9,13,4,0,0,0,3,3,0,2,1,1,0,0,0,0,5,0,0,4,1
14,13,0,0,1,4,3,0,1,8,1,1,1,0,2,1,0,6,6,9,1
12,20,4,1,0,0,3,3,0,13,1,1,0,2,2,5,4,6,4,13,0
2,18,4,0,1,0,3,1,0,12,1,1,1,7,0,1,0,7,2,9,1
7,16,4,0,1,0,3,3,0,2,1,1,1,0,0,1,0,6,6,3,0
2,18,4,0,1,0,3,0,0,2,1,1,1,7,0,0,5,0,0,0,1
0,15,4,0,1,0,3,0,0,2,1,1,1,7,0,0,5,0,0,0,1
9,13,4,1,1,4,3,0,1,2,1,1,1,0,0,6,5,0,0,5,1
1,17,4,0,1,4,3,1,1,16,1,1,1,8,0,4,5,1,0,2,0
11,19,4,0,1,0,3,1,0,11,1,1,1,0,2,3,0,4,6,6,1
3,19,4,1,1,0,3,0,0,12,1,1,1,0,0,0,5,0,0,0,1
1,14,4,0,1,0,3,0,0,2,1,1,1,0,0,1,0,3,5,5,0
7,19,4,1,1,0,3,1,0,7,1,1,1,0,0,1,0,6,4,9,1
8,15,4,0,1,3,3,0,1,2,1,1,1,5,0,1,0,6,2,8,1
4,18,0,1,1,0,3,0,0,2,1,1,1,0,0,0,5,0,0,0,0
5,14,4,0,1,4,3,0,1,0,1,1,1,5,0,1,0,6,7,8,1
12,20,0,1,1,4,3,0,1,14,1,1,1,5,2,1,0,6,6,13,1
4,18,4,1,1,2,3,1,0,0,1,1,1,0,0,1,0,4,3,6,0
14,15,4,0,1,0,3,0,0,0,1,1,1,0,2,1,0,5,6,5,0
7,20,4,1,1,0,3,1,0,4,1,1,1,0,0,5,3,5,2,5,1
5,18,4,1,1,0,3,0,0,2,1,1,1,7,0,1,5,0,0,0,1
9,15,4,1,1,0,3,0,0,2,1,1,1,7,0,1,0,2,4,4,1
1,15,4,1,1,0,3,3,0,2,1,1,1,7,0,1,2,6,0,6,1
7,20,0,1,1,4,3,0,1,0,1,1,1,5,0,0,5,0,0,0,0
11,1,4,1,0,3,3,3,1,15,0,1,1,5,2,0,5,0,0,0,0
0,15,4,1,1,0,3,1,0,10,1,1,1,8,0,0,5,0,0,0,1
9,18,0,1,1,0,3,1,0,0,1,1,1,8,0,1,0,6,1,13,1
0,18,4,0,1,0,3,2,0,2,1,1,1,0,0,0,5,0,0,0,1
1,18,0,1,1,0,3,3,0,0,1,1,1,0,0,1,5,1,0,2,1
1,15,4,0,1,0,3,1,0,0,1,1,1,5,0,1,0,5,3,3,0
1,15,4,0,1,0,0,0,0,16,1,1,1,1,0,5,3,9,5,9,1
6,15,4,0,1,4,3,3,1,0,1,1,1,7,0,1,0,5,0,3,1
2,18,4,0,1,0,3,0,0,5,1,1,1,0,0,1,0,6,4,12,1
7,20,4,0,1,0,3,0,0,0,1,1,1,0,0,1,1,8,0,10,1
2,15,4,0,1,0,3,0,0,2,1,1,1,0,0,1,0,6,3,5,1
14,8,0,0,1,4,3,0,1,2,1,1,1,0,2,1,5,0,0,0,1
4,20,4,0,1,0,3,0,0,2,1,1,1,8,0,1,5,0,0,0,0
2,18,4,1,1,0,3,1,0,4,1,1,1,0,0,1,0,1,3,5,1
7,17,0,0,1,0,0,0,0,0,1,1,1,0,0,5,3,6,2,12,1
2,18,4,0,1,0,3,3,0,11,1,1,1,0,0,1,0,6,3,11,0
13,20,0,0,1,0,3,3,0,1,1,1,1,5,2,1,0,6,8,14,1
14,20,0,1,1,0,3,1,0,9,1,1,1,0,2,1,0,2,11,3,1
10,21,4,0,1,0,3,0,0,0,1,1,1,0,0,3,0,7,2,13,1
7,20,0,0,1,4,3,3,1,1,1,1,1,5,0,0,5,0,0,0,0
1,15,4,1,1,0,3,0,0,9,1,1,1,0,0,1,1,6,0,2,0
9,21,4,1,1,0,3,0,0,0,1,1,1,0,0,3,0,5,2,12,0
0,14,4,1,1,0,3,1,0,14,1,1,1,0,0,1,0,2,3,6,0
2,18,4,1,1,4,3,0,1,5,1,1,1,7,0,6,2,1,0,6,1
4,20,4,0,1,0,3,0,0,2,1,1,1,5,0,1,0,2,11,3,1
7,19,4,1,1,0,3,1,0,2,1,1,1,0,0,1,0,6,8,6,0
12,15,0,1,1,3,3,0,1,0,1,1,1,5,2,1,0,6,6,12,1
8,6,2,1,1,4,3,0,1,0,1,1,1,7,1,1,1,9,11,10,1
7,3,0,1,1,4,3,3,1,12,1,1,1,7,0,1,0,5,3,12,1
11,18,0,0,1,3,3,0,1,1,1,1,1,5,2,1,5,0,0,0,0
2,18,4,1,1,0,3,2,0,0,1,1,1,0,0,1,0,3,6,6,0
1,18,0,0,1,0,3,1,0,2,1,1,1,0,0,2,5,1,0,2,1
6,18,4,1,1,0,3,0,0,11,1,1,1,0,0,2,0,6,2,11,1
12,15,0,0,1,0,3,0,0,0,1,1,1,0,2,1,0,8,6,14,1
7,15,4,1,0,0,3,1,0,0,1,0,1,0,0,4,0,8,0,2,0
13,15,4,1,1,0,3,3,0,0,1,1,1,0,2,9,2,0,0,0,1
2,18,4,0,1,0,3,1,0,2,1,1,1,8,0,1,0,6,2,7,1
6,18,4,1,0,0,3,1,0,16,1,1,0,5,0,0,5,0,0,3,1
13,14,0,0,1,0,3,0,0,2,1,1,1,7,2,1,0,6,10,7,1
7,21,0,1,1,4,3,0,1,0,1,1,1,5,0,1,1,6,0,12,1
7,20,0,1,1,0,3,0,0,0,1,1,1,5,0,1,0,7,3,14,1
15,21,0,1,1,0,3,0,0,1,1,1,1,0,2,4,0,6,8,12,1
3,19,4,1,1,0,3,0,0,0,1,1,1,0,0,1,0,3,6,6,1
11,21,0,0,1,2,3,0,0,1,1,1,1,0,2,7,0,6,3,14,0
14,20,0,1,1,3,3,0,1,1,1,1,1,0,2,1,0,7,4,14,1
2,15,4,0,1,0,3,0,0,2,1,1,1,8,0,1,0,3,1,5,1
2,18,4,1,1,0,3,0,0,16,1,1,1,0,0,1,5,2,0,3,0
11,23,4,0,1,0,3,0,0,5,1,1,1,0,2,7,5,8,0,13,1
4,15,4,1,1,4,3,1,1,2,1,1,1,5,0,1,5,0,0,1,1
1,19,4,1,1,0,3,0,0,2,1,1,1,0,0,0,5,0,0,5,1
4,20,4,1,1,0,3,1,0,12,1,1,1,0,0,1,0,2,3,3,1
9,20,0,1,1,0,3,0,0,1,1,1,1,7,0,6,0,8,3,12,0
2,18,4,1,1,0,3,1,0,0,1,1,1,8,0,1,0,3,8,8,0
9,14,0,0,1,4,3,0,1,0,1,1,1,8,0,1,0,5,8,6,1
2,18,4,1,1,0,3,0,0,2,1,1,1,0,0,1,0,3,6,6,1
0,15,4,0,1,0,3,1,0,2,1,1,1,8,0,1,0,8,2,8,1
4,16,4,1,1,0,3,0,0,10,1,1,1,4,0,1,0,9,7,4,1
7,22,4,1,1,0,3,1,0,11,1,1,1,0,0,2,0,6,8,11,0
3,15,4,1,1,0,3,1,0,12,1,1,1,0,0,0,5,0,0,0,1
8,18,4,1,1,0,3,0,0,2,1,1,1,0,0,1,0,4,1,7,1
11,21,4,1,1,3,3,0,1,0,1,1,1,5,2,4,0,6,6,12,1
10,20,4,1,1,0,3,3,0,0,1,1,1,7,0,1,0,5,11,9,1
1,18,4,0,1,0,3,1,0,0,1,1,1,8,0,4,0,1,9,6,0
14,20,0,1,1,0,3,0,0,1,1,1,1,0,2,1,5,0,0,0,1
8,20,4,1,1,4,3,0,1,11,1,1,1,5,0,1,0,2,9,2,0
8,15,4,0,1,0,3,0,0,7,1,1,1,0,0,1,2,0,0,0,1
0,18,4,0,1,0,3,0,0,5,1,1,1,0,0,1,0,1,3,4,0
8,19,0,0,1,0,3,1,0,1,1,1,1,0,0,1,0,6,5,11,1
3,18,0,1,1,0,3,3,0,1,1,1,1,8,0,1,5,0,0,0,1
2,18,4,1,1,0,3,1,0,5,1,1,1,7,0,0,5,0,0,0,1
4,21,4,1,1,0,3,0,0,9,1,1,1,7,0,1,0,6,2,13,1
4,20,4,0,1,0,3,1,0,2,1,1,1,0,0,1,0,2,5,3,1
10,19,4,1,1,0,3,1,0,0,1,1,1,0,0,7,0,6,11,10,1
0,14,4,1,0,0,3,0,0,16,1,1,0,0,0,0,5,0,0,0,0
8,19,0,0,1,0,2,1,0,2,1,1,1,0,0,1,0,4,4,5,1
0,15,4,1,1,4,3,0,1,16,1,1,1,5,0,0,5,0,0,0,1
0,18,4,0,1,0,3,0,0,16,1,1,1,1,0,0,5,0,0,0,0
12,16,3,0,1,0,3,0,0,0,1,1,1,0,2,1,0,7,1,4,0
8,15,0,1,1,4,3,3,1,1,1,1,1,0,0,1,0,8,6,6,0
7,18,4,0,1,0,3,1,0,2,1,1,1,0,0,1,0,6,2,6,1
6,16,0,0,1,0,3,1,0,15,1,1,1,7,0,1,5,6,0,1,1
8,19,0,1,1,0,3,0,0,1,1,1,1,0,0,3,5,0,0,0,1
9,15,4,1,1,0,3,3,0,11,1,0,1,0,0,6,0,6,0,11,0
15,20,0,0,1,4,3,0,1,1,1,1,1,0,2,1,0,6,4,13,1
5,17,4,1,1,4,3,3,1,2,1,1,1,5,0,1,0,5,2,5,0
4,18,4,1,1,4,3,0,1,0,1,1,1,0,0,1,0,4,2,8,1
1,18,4,0,1,0,3,3,0,7,1,1,1,0,0,3,0,2,1,3,1
2,22,4,1,1,0,3,0,0,15,1,1,1,1,0,0,5,0,0,0,0
4,18,4,0,1,0,3,0,0,16,1,1,1,1,0,1,0,1,10,3,1
4,15,4,0,1,4,3,0,1,16,1,1,1,0,0,1,5,6,0,3,0
3,18,4,1,1,0,3,1,0,0,1,1,1,0,0,1,5,0,0,0,0
9,20,4,0,1,4,3,0,1,14,1,1,1,5,0,1,0,6,6,13,1
11,15,0,1,1,0,3,0,0,1,1,1,1,7,2,1,5,6,0,2,1
2,18,4,0,1,3,3,0,1,2,1,1,1,7,0,1,0,3,2,4,1
0,18,4,0,1,0,3,3,0,11,1,1,1,0,0,0,5,0,0,0,0
14,20,0,1,1,0,3,3,0,0,1,1,1,8,2,1,0,7,0,9,0
11,20,0,0,1,0,1,0,0,0,1,1,1,0,2,1,0,6,8,14,1
9,18,0,0,1,0,3,3,0,1,1,1,1,0,0,1,0,6,8,8,1
11,20,4,1,1,0,3,0,0,2,1,1,1,0,2,1,2,1,0,2,1
14,0,1,1,0,0,1,1,0,0,1,0,1,0,2,4,2,0,0,2,0
6,20,4,1,1,0,3,1,0,0,1,1,1,0,0,6,0,1,4,7,0
7,20,0,1,1,0,3,1,0,0,1,1,1,0,0,6,0,6,11,11,0
7,18,4,1,1,0,3,1,0,2,1,1,1,0,0,4,0,4,11,4,1
4,19,4,1,0,0,3,0,0,2,1,1,0,0,0,1,5,0,0,4,0
0,15,4,1,1,0,3,0,0,16,1,1,1,0,0,1,5,4,0,1,1
13,11,3,0,1,0,3,0,0,15,1,1,1,7,2,0,5,0,0,0,0
15,18,0,1,1,0,3,0,0,0,1,1,1,0,2,1,0,7,8,13,0
15,19,0,1,1,3,3,0,1,1,1,1,1,5,2,1,5,0,0,0,1
14,18,4,1,1,0,3,1,0,2,1,1,1,7,2,6,0,2,6,5,1
13,15,4,0,1,0,3,0,0,2,1,1,1,8,2,8,5,0,0,0,1
0,18,4,1,1,0,3,0,0,2,1,1,1,0,0,0,5,0,0,0,1
2,15,4,0,1,4,3,0,1,9,1,1,1,5,0,1,5,2,0,5,1
0,15,4,0,1,0,3,0,0,2,1,1,1,0,0,0,5,0,0,0,1
9,20,4,1,1,0,3,0,0,0,1,1,1,0,0,6,2,1,0,3,0
14,22,0,1,1,0,3,0,0,0,1,1,1,0,2,1,0,6,9,14,1
1,14,4,0,1,0,3,0,0,2,1,1,1,0,0,1,5,5,0,5,1
4,20,4,0,0,0,3,3,0,2,1,1,0,0,0,1,0,1,2,5,0
15,21,0,1,1,4,3,0,1,0,1,1,1,0,2,1,0,6,6,12,1
11,20,4,1,1,0,3,0,0,0,1,1,1,0,2,1,0,6,6,12,1
11,18,0,0,1,3,3,0,1,8,1,1,1,5,2,1,0,2,0,8,1
13,13,4,0,1,0,3,3,0,15,1,1,1,1,2,0,5,0,0,7,1
11,21,0,1,1,3,3,0,1,1,1,1,1,5,2,0,5,0,0,0,0
13,20,0,0,1,3,3,0,1,1,1,1,1,5,2,1,0,8,6,11,1
10,23,4,0,1,2,3,0,0,2,1,1,1,0,0,7,5,5,0,3,1
15,21,0,1,1,4,3,0,1,0,1,1,1,5,2,1,0,6,3,8,0
14,11,0,0,1,4,3,0,1,1,1,1,1,0,2,6,0,6,3,2,1
7,20,0,1,1,0,3,0,0,1,1,1,1,0,0,1,0,6,4,13,1
3,18,4,1,1,4,3,0,1,0,1,1,1,5,0,1,1,3,0,5,0
6,21,4,1,1,4,3,0,1,14,1,1,1,5,0,0,5,0,0,0,1
15,18,0,0,1,0,3,0,0,2,1,1,1,5,2,1,0,6,4,3,1
2,18,4,1,1,4,3,0,1,2,1,1,1,0,0,1,0,4,3,4,1
3,15,4,0,1,0,3,1,0,15,1,1,1,0,0,1,5,5,0,2,0
1,13,4,0,1,0,3,1,0,15,1,1,1,0,0,1,5,6,0,2,0
13,20,4,1,1,0,3,1,0,0,1,1,1,0,2,1,0,6,3,12,0
7,20,4,1,1,4,3,0,1,11,1,1,1,5,0,0,5,0,0,0,1
3,16,4,0,0,0,3,0,0,2,1,1,0,8,0,1,5,3,0,5,0
10,19,0,1,1,0,3,1,0,1,1,1,1,0,0,7,0,5,3,9,1
3,21,4,1,1,0,3,3,0,2,1,1,1,5,0,3,0,2,4,5,1
4,18,2,1,1,4,3,0,1,5,1,1,1,7,0,1,5,6,0,5,1
2,15,0,1,1,0,3,0,0,2,1,1,1,0,0,6,0,4,5,6,1
3,15,4,0,1,0,3,0,0,2,1,1,1,5,0,1,0,6,2,12,1
8,20,4,1,1,0,3,0,0,9,1,1,1,0,0,1,0,7,11,11,1
7,17,0,1,1,0,3,1,0,1,1,1,1,0,2,3,5,0,0,0,1
6,21,4,0,1,0,3,0,0,14,1,1,1,0,0,7,0,5,0,9,1
10,11,4,0,0,0,3,3,0,15,1,1,0,0,0,1,5,0,0,0,1
14,15,2,1,1,0,3,1,0,12,1,1,1,0,2,6,0,6,6,8,1
13,17,2,1,1,0,3,0,0,0,1,1,1,0,2,4,0,6,1,11,1
5,17,4,0,1,0,3,3,0,0,1,1,1,0,0,1,0,2,2,5,0
0,15,4,1,1,4,3,0,1,6,1,1,1,7,0,2,0,4,2,6,0
9,18,4,0,1,0,3,0,0,4,1,1,0,0,0,6,0,6,7,9,1
0,18,4,1,1,0,3,2,0,8,1,1,1,7,0,3,0,1,3,1,1
10,15,4,1,1,0,3,0,0,14,1,1,1,7,0,7,0,6,10,9,1
4,15,4,0,1,0,3,3,0,2,1,1,1,7,0,0,5,0,0,0,1
11,20,4,0,1,0,3,1,0,2,1,1,1,8,2,1,2,8,0,6,1
4,17,4,1,1,0,1,1,0,14,1,1,1,0,2,1,5,0,0,9,1
15,20,0,0,1,0,3,1,0,0,1,1,1,7,2,1,2,8,0,14,1
13,18,4,1,1,0,3,1,0,0,1,1,1,0,2,1,0,1,3,4,1
10,20,4,1,1,0,3,0,0,0,1,1,1,5,0,1,0,6,6,14,1
15,15,4,1,1,0,3,0,0,10,1,1,1,8,2,1,5,6,0,5,0
11,20,4,1,1,0,3,0,0,12,1,1,1,8,2,1,0,6,6,13,0
7,15,4,0,1,0,3,1,0,7,1,1,1,0,0,1,0,6,11,3,1
0,15,4,0,1,0,3,0,0,16,1,1,1,0,0,3,0,6,2,9,1
12,20,0,1,1,0,3,2,0,8,1,1,1,0,2,1,5,6,0,3,1
13,15,4,0,1,0,3,0,0,2,1,1,1,0,2,2,0,6,5,9,1
12,20,0,1,1,4,3,3,1,1,1,1,1,0,2,0,5,0,0,0,0
12,20,0,1,1,4,3,0,1,1,1,1,1,0,2,1,0,6,3,13,0
11,20,4,0,1,4,3,0,1,0,1,1,1,5,2,1,0,6,3,6,1
9,20,4,1,1,4,3,0,1,14,1,1,1,5,0,1,0,6,8,12,0
2,18,4,1,0,4,3,0,1,2,1,1,1,0,0,1,5,0,0,1,1
4,18,4,0,1,4,3,3,1,7,1,1,1,0,0,1,5,1,0,3,1
7,19,4,0,1,0,3,1,0,2,1,1,1,0,0,1,0,4,2,5,1
7,20,4,0,1,0,3,0,0,0,1,1,1,0,0,1,0,6,8,14,1
13,18,0,0,1,3,3,0,1,1,1,1,1,5,2,1,0,6,6,10,1
14,15,0,0,1,4,3,0,1,1,1,1,1,5,2,1,0,4,11,9,0
13,19,0,1,1,0,3,0,0,0,1,1,1,7,2,1,0,6,5,10,1
8,20,4,1,1,0,3,0,0,0,1,1,1,0,0,1,0,2,3,4,0
9,15,4,0,1,0,3,0,0,4,1,1,1,0,0,1,0,5,6,9,1
5,18,0,1,1,0,3,0,0,1,1,1,1,0,0,5,0,6,5,2,0
15,20,4,1,1,0,3,0,0,0,1,1,1,0,2,1,0,6,5,9,0
3,15,4,0,1,0,3,0,0,15,1,1,1,5,0,0,5,0,0,0,0
2,15,4,1,1,0,3,0,0,4,1,1,1,0,0,0,5,0,0,0,1
7,20,0,1,1,0,3,0,0,1,1,1,1,0,0,1,2,0,0,0,1
8,21,4,0,1,4,3,0,1,11,1,1,1,5,0,1,0,9,6,11,1
14,18,4,1,1,0,3,2,0,5,1,1,1,0,2,1,0,3,9,2,1
13,21,0,0,1,0,3,1,0,0,1,1,1,8,2,1,0,6,8,11,1
11,22,4,1,1,0,3,1,0,0,1,1,1,7,2,3,0,6,3,11,0
6,15,0,0,1,0,3,0,0,0,1,1,1,1,0,1,0,6,2,11,1
1,21,4,1,1,3,3,0,0,11,1,1,1,0,0,1,0,6,2,13,1
8,20,4,1,1,0,3,0,0,5,1,1,1,5,0,2,0,6,2,6,1
6,18,4,1,1,0,3,3,0,0,1,1,1,0,0,1,0,6,6,8,1
3,18,4,1,1,0,3,0,0,2,1,1,1,1,0,1,1,1,0,2,1
10,21,0,0,1,0,3,0,0,0,1,1,1,0,0,1,0,6,3,13,1
12,18,0,0,1,0,1,0,0,1,1,1,1,0,2,1,0,4,7,8,1
14,20,2,1,1,0,3,0,0,5,1,1,1,0,2,1,0,9,2,13,1
4,20,4,0,1,0,3,1,0,0,1,1,1,0,0,1,0,6,6,12,0
15,15,0,0,1,0,3,1,0,4,1,1,1,0,2,1,2,0,0,0,1
10,15,0,0,1,0,3,1,0,15,1,1,1,0,0,0,5,0,0,0,1
11,18,4,0,1,0,3,1,0,11,1,1,1,0,2,1,0,6,2,11,0
4,20,0,0,1,0,3,0,0,4,1,1,1,0,0,1,0,9,8,5,1
14,20,4,1,1,0,3,0,0,2,1,1,1,8,2,1,0,6,3,9,1
1,15,4,1,1,0,3,0,0,12,1,1,1,7,0,0,5,0,0,0,1
10,20,0,1,1,0,3,0,0,1,1,1,1,0,0,1,0,8,4,12,0
10,18,0,0,1,0,3,0,0,2,1,1,1,0,0,1,0,6,8,7,1
11,15,0,1,1,3,3,3,1,2,1,1,1,0,2,2,0,6,11,10,1
12,20,0,0,1,0,3,1,0,0,1,1,1,0,2,1,0,9,7,12,1
8,21,0,1,1,0,3,1,0,0,1,1,1,5,0,1,0,6,11,13,0
13,17,4,0,1,0,3,0,0,2,1,1,1,0,2,0,5,0,0,0,1
2,15,4,0,1,0,0,0,0,11,1,1,1,0,0,5,3,9,4,12,0
9,16,0,0,1,0,3,0,0,0,1,1,1,7,0,1,5,3,0,5,1
4,20,4,1,1,0,3,0,0,2,1,1,1,3,0,4,5,7,0,6,1
13,20,4,1,1,0,3,1,0,0,1,1,1,0,2,3,0,8,10,12,1
7,12,4,0,1,4,3,0,1,5,1,1,1,7,0,1,0,6,11,9,1
12,21,4,1,1,0,3,3,0,2,1,1,1,0,2,4,0,6,4,12,1
12,18,4,0,1,3,1,0,1,0,1,1,1,7,2,5,3,6,7,13,1
8,15,4,1,1,0,3,1,0,7,1,1,1,0,0,1,0,5,1,7,1
13,12,2,0,1,4,3,0,1,5,1,1,1,0,2,0,5,0,0,5,1
1,15,4,1,1,0,3,1,0,2,1,1,1,0,0,2,0,1,4,1,1
1,18,4,1,1,0,3,3,0,16,1,1,1,2,0,2,5,0,0,0,1
9,20,4,1,1,0,3,0,0,2,1,1,1,0,0,2,0,6,6,7,1
11,22,0,1,1,0,3,1,0,0,1,1,1,0,2,1,0,6,6,11,1
6,19,4,1,1,0,3,3,0,2,1,1,1,5,0,1,0,6,0,6,1
13,23,0,1,1,4,3,0,1,1,1,1,1,5,2,2,0,1,6,3,1
5,20,4,1,1,0,3,1,0,0,1,1,1,0,0,1,0,1,3,1,1
13,21,0,1,1,0,3,1,0,0,1,1,1,5,2,6,0,1,0,3,0
0,18,4,0,1,0,3,0,0,16,1,1,1,0,0,0,5,0,0,0,0
13,0,4,1,1,0,3,0,0,12,1,1,1,7,2,6,1,6,0,11,1
10,17,4,0,1,0,3,0,0,15,1,1,1,0,0,1,2,3,0,9,1
5,20,0,0,1,0,3,1,0,15,1,1,1,5,0,1,5,3,0,0,0
15,22,4,1,1,0,3,1,0,7,1,1,1,8,0,6,0,4,6,4,1
10,18,0,1,1,0,3,1,0,0,1,1,1,0,0,2,0,6,8,9,1
14,19,4,1,1,0,3,1,0,0,1,1,1,0,2,1,0,6,3,11,1
2,18,4,1,1,0,3,0,0,10,1,1,1,8,0,1,0,6,3,5,1
7,21,4,1,1,0,3,1,0,0,1,1,1,5,0,1,0,6,6,8,0
13,23,4,0,1,2,3,0,0,1,1,1,1,0,2,8,5,6,0,14,0
5,17,4,0,1,0,3,0,0,2,1,1,1,1,0,3,0,4,6,4,1
0,15,4,0,1,4,3,0,1,16,1,1,1,8,0,1,0,6,4,6,1
13,20,2,1,1,0,3,0,0,0,1,1,1,0,2,1,0,9,3,7,0
12,19,2,1,1,1,3,0,1,13,1,1,0,7,1,6,0,5,3,6,1
6,18,4,1,1,0,3,1,0,2,1,1,1,0,0,1,5,0,0,0,0
9,16,4,0,1,0,0,3,0,16,1,1,1,0,0,8,3,5,0,4,1
2,18,4,1,1,0,3,0,0,2,1,1,1,0,0,1,2,1,0,4,1
13,15,0,1,1,4,3,3,1,1,1,1,1,7,2,0,5,0,0,0,1
4,20,4,0,1,0,3,0,0,2,1,1,1,0,0,1,0,6,8,5,1
5,17,4,0,1,0,3,3,0,0,1,1,1,0,0,3,0,4,3,9,1
1,15,4,0,1,0,3,0,0,11,1,1,1,5,0,1,0,4,2,5,0
15,15,0,1,1,4,3,0,1,1,1,1,1,0,2,1,0,6,8,8,0
11,21,4,0,1,4,3,0,1,0,1,1,1,0,2,2,0,6,11,11,0
10,20,4,0,1,0,3,0,0,14,1,1,1,7,0,1,0,8,8,10,1
13,20,0,1,1,4,3,3,1,1,1,1,1,0,2,6,0,6,0,10,0
2,18,4,0,1,0,3,0,0,2,1,1,1,0,0,3,0,1,3,2,1
4,15,4,0,1,0,3,0,0,14,1,1,1,0,0,1,0,6,3,11,0
1,18,4,0,1,4,3,0,1,16,1,1,1,5,0,0,5,0,0,0,1
2,18,4,0,1,0,3,3,0,9,1,1,1,0,0,1,5,6,0,3,0
1,14,4,0,0,0,3,3,0,2,1,1,0,8,0,0,5,0,0,0,1
11,19,0,0,1,4,3,0,1,1,1,1,1,0,2,1,0,7,1,11,0
11,15,4,0,1,0,3,1,0,2,1,1,1,0,2,1,0,7,8,5,1
11,19,0,0,1,3,3,0,1,1,1,1,1,1,2,1,0,6,6,9,1
5,20,0,0,1,0,3,0,0,0,1,1,1,7,0,1,0,2,3,4,0
6,18,4,0,1,0,3,3,0,5,1,1,1,0,0,1,0,5,10,2,1
15,19,0,0,1,0,3,0,0,0,1,1,1,0,2,1,0,6,10,10,1
7,20,4,1,1,0,3,1,0,12,1,1,1,0,0,2,0,6,8,8,1
3,18,4,1,1,0,3,0,0,2,1,1,1,0,0,2,0,2,8,3,1
11,14,4,1,1,4,3,0,1,2,1,1,1,5,2,1,0,6,3,8,1
9,20,0,0,1,0,3,3,0,1,1,1,1,0,0,1,0,6,6,8,1
5,18,0,1,1,4,3,0,1,1,1,1,1,7,0,1,5,0,0,0,1
11,15,4,0,1,0,3,1,0,7,1,1,1,8,2,0,5,0,0,0,1
8,21,0,0,1,0,3,1,0,2,1,1,1,0,0,3,1,6,0,12,1
11,20,0,0,1,0,3,0,0,1,1,1,1,0,2,1,5,6,0,4,1
7,18,0,0,1,0,1,0,0,0,1,1,1,0,0,5,0,9,4,12,0
11,15,4,0,1,0,3,0,0,2,1,1,1,0,2,1,0,6,2,9,1
14,19,2,1,0,0,3,1,0,2,1,1,0,0,2,1,5,0,0,0,1
11,15,4,0,1,0,3,3,0,12,1,1,1,1,2,3,0,6,3,6,0
3,20,4,0,1,0,3,0,0,0,1,1,1,0,0,1,2,1,0,6,0
15,21,0,1,1,4,3,0,1,1,1,1,1,5,2,0,5,0,0,0,0
13,19,0,0,1,0,0,0,0,0,1,1,1,0,2,5,0,8,6,9,0
3,15,4,1,1,0,3,0,0,11,1,1,1,0,0,1,0,5,4,5,0
13,12,0,0,1,2,3,3,0,2,1,1,1,8,2,1,0,6,6,13,1
7,15,4,0,1,0,3,0,0,2,1,1,1,5,0,1,0,6,10,12,1
10,12,0,0,1,0,3,0,0,1,1,1,1,7,0,1,0,6,4,12,1
13,18,4,0,1,0,3,1,0,12,1,1,1,0,2,1,0,6,3,10,1
3,18,4,0,1,0,3,0,0,0,1,1,1,0,0,7,0,5,5,6,0
6,20,0,0,1,0,3,1,0,1,1,1,1,0,0,1,0,4,4,13,1
8,18,4,0,1,0,3,0,0,0,1,1,1,0,0,1,0,8,8,8,1
7,15,4,0,0,0,3,0,0,2,1,1,0,0,0,0,5,0,0,0,1
0,18,4,0,1,0,3,0,0,2,1,1,1,0,0,0,5,0,0,1,1
6,17,4,1,1,0,3,0,0,7,1,1,1,0,0,1,0,6,3,9,1
12,14,0,0,1,4,3,0,1,0,1,1,1,5,2,1,0,6,8,12,1
10,23,3,1,1,0,3,3,0,0,1,1,1,0,0,7,0,6,5,14,1
13,17,4,1,1,0,3,0,0,2,1,1,1,0,2,3,0,3,8,5,1
0,18,4,1,1,0,3,0,0,16,1,1,1,0,0,2,5,2,0,2,1
6,18,4,0,1,0,3,1,0,2,1,1,1,5,0,1,0,6,3,6,1
0,15,4,1,1,0,3,0,0,0,1,1,1,7,0,3,0,2,4,1,1
1,15,4,1,1,4,3,0,1,2,1,1,1,5,0,1,0,1,2,2,1
10,20,4,1,1,3,3,1,1,2,1,1,1,8,0,1,5,0,0,4,0
11,20,4,0,1,3,3,1,1,2,1,1,1,0,2,1,0,9,2,13,1
5,18,4,1,1,0,3,1,0,2,1,1,1,1,0,1,0,5,7,4,1
6,20,4,1,1,0,3,3,0,12,1,1,1,0,0,2,0,6,0,9,0
5,2,0,1,1,3,3,1,1,10,1,1,1,7,0,0,2,0,0,4,0
5,20,4,1,1,0,3,3,0,0,1,1,1,0,0,1,0,6,2,9,1
7,19,4,1,1,0,3,1,0,0,1,1,1,0,0,2,0,4,2,4,1
7,18,4,1,1,0,3,1,0,0,1,1,1,0,0,5,0,7,5,5,0
12,20,4,0,1,0,3,0,0,0,1,1,1,0,2,1,0,6,3,13,1
15,20,0,0,1,0,3,1,0,1,1,1,1,0,2,1,0,6,4,2,0
3,19,4,1,1,0,3,3,0,5,1,1,1,7,0,1,0,8,4,10,0
3,17,4,0,1,0,3,3,0,12,1,1,1,7,0,4,0,4,1,5,1
8,20,4,0,1,0,3,1,0,0,1,1,1,0,0,3,0,9,2,13,1
10,20,4,1,1,0,3,0,0,0,1,1,1,1,0,1,0,6,1,14,0
9,15,4,1,1,0,3,0,0,2,1,1,1,7,0,1,0,6,4,12,1
5,15,4,1,1,0,3,0,0,2,1,1,1,0,0,0,5,0,0,0,1
11,19,0,1,1,0,3,0,0,0,1,1,1,0,2,1,0,6,3,11,1
11,16,4,0,0,0,3,0,0,15,1,0,0,0,0,2,5,6,0,4,0
7,20,4,1,1,0,3,3,0,12,1,1,1,0,0,1,0,6,10,11,1
11,18,4,0,1,0,3,1,0,2,1,1,1,8,2,1,0,4,2,5,1
6,15,4,1,1,4,3,0,1,14,1,1,1,5,0,0,5,0,0,0,1
6,17,4,1,1,0,3,0,0,2,1,1,1,7,0,1,5,0,0,0,1
12,15,0,1,1,4,3,0,1,1,1,1,1,0,2,1,5,0,0,0,1
7,18,4,1,1,0,3,0,0,0,1,1,1,5,0,5,0,6,4,2,0
7,18,0,0,1,4,3,1,1,0,1,1,1,7,0,1,0,6,6,11,1
13,15,4,0,1,0,3,0,0,2,1,1,1,0,2,1,0,6,3,11,1
3,15,4,0,1,0,3,1,0,2,1,1,1,0,0,0,5,0,0,0,1
9,20,0,1,1,0,3,1,0,0,1,1,1,8,0,1,1,6,0,13,1
15,18,4,0,1,0,3,0,0,0,1,1,1,7,2,0,5,0,0,5,1
2,15,4,1,1,0,3,0,0,11,1,1,1,7,0,1,0,6,4,4,0
12,20,0,0,1,0,3,0,0,1,1,1,1,0,2,1,0,7,6,11,1
6,15,4,0,1,0,3,0,0,2,1,1,1,7,0,1,0,6,8,9,0
12,17,2,0,1,0,3,0,0,0,1,1,1,0,2,1,0,9,4,11,0
9,17,0,1,1,0,3,1,0,0,1,1,1,0,0,4,0,6,8,5,1
6,13,4,0,0,0,3,3,0,2,1,1,0,0,0,0,5,0,0,4,1
12,15,0,1,1,4,3,3,1,8,1,1,1,7,2,1,0,2,0,3,0
6,21,4,0,1,4,3,0,1,0,1,1,1,5,0,1,0,6,8,14,0
4,15,4,0,1,0,3,0,0,5,1,1,1,0,0,1,0,6,2,4,1
2,18,4,1,1,0,3,1,0,0,1,1,1,0,0,1,5,1,0,1,1
8,20,4,1,1,0,3,3,0,5,1,1,1,7,0,1,0,6,4,13,1
3,20,4,0,1,0,3,1,0,2,1,1,1,0,0,1,0,6,3,11,1
5,20,4,1,1,0,3,0,0,2,1,1,1,1,0,1,2,6,0,5,1
7,15,0,1,1,4,3,0,1,1,1,1,1,0,0,0,5,0,0,0,0
13,19,0,1,1,4,3,3,1,1,1,1,1,5,2,7,0,5,0,13,0
14,12,4,0,1,4,3,0,1,0,1,1,1,2,0,6,0,6,5,14,0
13,21,4,0,1,0,3,1,0,0,1,1,1,0,2,1,0,6,10,11,0
12,18,4,0,1,0,3,0,0,11,1,1,1,0,2,1,0,4,7,7,1
7,20,4,0,1,0,3,0,0,2,1,1,1,0,0,1,2,2,0,4,0
15,15,0,1,1,4,3,0,1,0,1,1,1,0,2,1,2,0,0,0,1
12,20,4,0,1,0,3,3,0,2,1,1,1,7,2,1,2,0,0,0,1
3,15,4,0,1,0,3,0,0,2,1,1,1,0,0,1,0,6,2,8,1
13,0,0,1,0,0,3,0,0,2,1,1,0,7,2,0,5,0,0,0,1
12,22,0,1,1,4,3,0,1,1,1,1,1,0,2,1,0,6,6,11,1
1,17,4,0,1,4,3,1,1,2,1,1,1,8,0,1,0,3,2,5,1
6,15,4,1,1,0,3,0,0,12,1,1,1,5,0,0,5,0,0,5,1
9,15,4,1,1,0,3,0,0,2,1,1,1,0,0,1,2,0,0,0,1
3,19,4,1,1,0,3,1,0,2,1,1,1,0,0,1,0,2,3,4,1
9,18,4,0,1,0,3,0,0,2,1,1,1,0,0,1,0,9,7,12,0
8,15,0,1,1,0,3,0,0,16,1,1,1,5,0,2,5,1,0,1,0
13,21,0,1,1,3,3,1,1,0,1,1,1,0,2,1,0,6,10,14,1
15,20,0,1,1,4,3,0,1,1,1,1,1,5,2,0,5,0,0,0,1
14,21,4,0,1,0,3,0,0,0,1,1,1,0,2,2,0,4,1,13,1
2,15,4,1,1,0,3,0,0,2,1,1,1,0,0,1,0,2,2,5,1
15,20,4,0,1,0,3,3,0,11,1,1,1,0,2,0,5,0,0,0,1
6,18,4,0,1,0,3,3,0,2,1,1,1,7,0,3,0,1,4,3,1
9,20,0,0,1,4,3,0,1,2,1,1,1,5,0,1,0,6,6,12,1
3,21,4,1,1,0,3,0,0,2,1,1,1,5,0,1,0,6,6,8,1
8,21,4,0,1,4,3,0,1,11,1,1,1,5,0,1,0,7,10,8,1
1,18,4,0,1,0,0,3,0,16,1,1,1,0,0,5,3,8,1,9,1
4,15,4,1,1,0,3,0,0,11,1,1,1,0,0,1,0,6,6,8,1
1,15,2,0,1,4,3,0,0,16,1,1,1,0,0,3,0,4,2,5,0
2,18,4,0,1,0,3,1,0,7,1,1,1,8,0,1,5,2,0,4,1
12,14,0,0,1,4,3,0,1,9,1,1,1,7,2,1,0,6,8,8,1
0,15,4,0,1,0,3,1,0,16,1,1,1,0,0,1,5,2,0,2,1
11,18,4,1,1,0,3,1,0,0,1,1,1,0,2,1,0,6,4,14,1
7,20,4,0,1,0,3,0,0,2,1,1,1,1,0,2,0,6,4,9,1
8,19,0,0,1,0,3,1,0,1,1,1,1,0,0,1,0,8,8,13,1
11,21,0,0,1,0,3,1,0,0,1,1,1,0,2,3,0,9,2,13,0
15,18,4,0,0,0,3,1,0,12,0,0,0,0,2,1,0,6,10,12,1
0,22,4,1,1,0,3,0,0,11,1,1,1,0,0,2,0,9,0,0,0
6,18,4,0,1,0,3,0,0,10,1,1,1,0,0,1,0,6,8,8,0
3,20,4,1,1,0,3,0,0,2,1,1,1,7,0,1,2,2,0,6,1
6,18,4,0,1,0,3,1,0,2,1,1,1,5,0,1,0,6,3,12,1
6,15,4,1,1,0,3,3,0,0,1,1,1,0,0,1,0,6,4,10,0
5,18,4,0,1,0,3,3,0,2,1,1,1,0,0,0,5,0,0,0,1
1,18,4,1,1,0,3,1,0,7,1,1,1,0,0,1,0,2,11,5,0
7,20,4,0,1,0,3,3,0,11,1,1,1,5,0,1,0,9,1,13,0
10,16,4,0,1,4,3,0,1,11,1,1,1,2,0,1,0,9,6,14,1
11,16,0,1,1,0,3,0,0,0,1,1,1,0,2,1,0,3,1,5,1
2,19,4,1,1,0,3,1,0,2,1,1,1,5,0,1,0,1,6,3,1
12,14,0,1,1,0,3,0,0,0,1,1,1,0,2,1,0,6,1,8,1
8,20,4,0,1,0,3,0,0,2,1,1,1,5,0,1,5,0,0,0,1
3,18,4,1,1,0,3,1,0,4,1,1,1,0,0,5,5,0,0,5,0
15,21,4,0,1,0,3,1,0,0,1,1,1,0,2,1,0,6,5,14,1
4,17,4,0,1,0,3,3,0,15,1,1,1,1,0,1,2,6,0,9,0
2,18,4,1,1,0,3,1,0,16,1,1,1,0,0,1,5,1,0,2,1
11,13,4,0,1,0,3,1,0,15,1,1,1,7,2,1,5,6,0,9,1
7,21,0,1,1,4,3,0,1,1,1,1,1,5,0,0,5,0,0,0,0
10,20,4,1,1,4,3,0,1,11,1,1,1,5,0,1,0,1,3,11,0
0,18,4,1,1,0,3,0,0,0,1,1,1,0,0,1,2,1,0,4,1
3,17,4,1,1,0,3,3,0,2,1,1,1,0,0,6,0,4,6,7,1
5,15,4,0,1,0,3,0,0,2,1,1,1,0,0,1,0,6,1,8,1
2,14,4,1,0,0,3,1,0,12,1,1,0,0,2,0,5,0,0,6,1
11,20,0,1,1,0,3,0,0,0,1,1,1,5,2,1,0,7,11,5,0
11,10,0,0,1,4,3,0,1,7,1,1,1,8,2,0,5,0,0,0,1
10,17,0,1,1,0,3,0,0,2,1,1,1,1,0,0,5,0,0,0,1
9,21,0,1,1,4,3,0,1,0,1,1,1,0,0,6,0,9,2,13,0
0,13,4,0,1,0,3,0,0,11,1,1,1,7,0,1,0,4,6,6,1
7,18,4,1,1,0,3,0,0,0,1,1,1,0,0,1,0,6,2,7,1
14,20,0,0,1,0,1,1,0,0,1,1,1,0,2,1,0,8,11,11,1
15,20,0,0,1,0,3,1,0,1,1,1,1,0,2,3,0,8,4,13,1
9,17,0,1,1,0,3,1,0,0,1,1,1,0,0,0,5,0,0,0,1
3,15,4,1,1,0,3,1,0,2,1,1,1,0,0,1,0,5,4,7,1
8,20,4,0,1,0,3,0,0,2,1,1,1,0,0,1,0,9,3,5,1
0,18,4,1,1,0,3,0,0,0,1,1,1,0,0,3,5,1,0,1,0
0,17,4,0,1,0,3,1,0,2,1,1,1,7,0,1,0,4,8,5,1
15,20,0,1,1,0,3,0,0,0,1,1,1,5,2,1,0,8,3,14,0
4,18,4,1,1,0,3,0,0,0,1,1,1,5,0,1,0,2,7,5,1
6,18,4,1,1,0,3,0,0,5,1,1,1,5,0,2,0,1,3,2,0
4,15,4,1,0,0,3,3,0,2,1,1,1,7,0,1,0,2,6,8,1
0,10,4,1,1,3,3,3,1,2,1,1,1,8,0,1,0,1,10,1,1
14,20,0,1,1,3,3,0,1,1,1,1,1,5,2,1,0,6,3,11,0
13,13,4,0,1,0,3,0,0,15,1,1,1,1,2,0,5,0,0,0,1
5,18,0,1,1,0,3,0,0,4,1,1,1,0,0,1,0,6,8,9,1
9,19,0,0,1,0,3,1,0,0,1,1,1,0,0,1,0,6,4,10,1
0,18,4,0,1,4,3,1,1,2,1,1,1,0,0,6,5,1,0,3,1
7,15,0,1,1,0,3,0,0,1,1,1,1,0,0,1,0,6,1,7,1
5,15,0,0,1,0,3,3,0,0,1,1,1,0,0,1,0,6,10,5,1
7,18,4,0,1,0,3,2,0,2,1,1,1,5,0,1,0,3,3,11,1
3,13,4,0,1,0,3,0,0,2,1,1,1,0,0,1,0,6,1,9,1
11,17,4,0,1,0,3,0,0,2,1,1,1,0,2,1,0,6,4,8,1
9,15,4,0,1,0,3,1,0,7,1,1,1,0,0,1,0,6,11,12,1
15,21,4,0,1,4,3,0,1,11,1,1,1,5,2,1,0,6,8,14,0
11,16,0,0,1,4,3,0,1,1,1,1,1,7,2,1,0,6,6,10,1
8,15,4,0,1,3,3,3,1,0,1,1,1,0,0,1,0,4,8,3,1
11,5,0,1,1,3,3,0,1,2,1,1,1,8,2,3,1,6,0,0,1
4,15,4,1,1,0,3,0,0,16,1,1,1,7,0,1,0,2,4,5,1
15,20,0,1,1,0,3,1,0,1,1,1,1,0,2,1,0,8,3,14,1
14,18,2,1,1,0,3,0,0,0,1,1,1,1,2,3,0,5,3,6,1
4,20,0,0,1,0,3,0,0,0,1,1,1,0,0,3,0,8,8,13,1
14,20,0,0,1,3,3,0,1,0,1,1,1,5,2,1,0,6,4,11,1
5,20,4,0,1,0,3,1,0,12,1,1,1,0,0,1,0,5,2,13,0
7,11,4,1,1,0,3,0,0,4,1,1,1,0,0,1,0,6,8,6,1
12,20,0,1,1,4,3,3,1,0,1,1,1,0,2,1,0,6,6,6,1
0,18,4,1,1,0,3,0,0,2,1,1,1,5,0,0,5,0,0,0,1
0,15,4,0,0,0,3,1,0,2,1,1,0,0,0,1,5,2,0,4,0
2,19,4,0,1,0,3,0,0,2,1,1,1,5,0,1,0,6,2,2,0
8,15,4,0,1,0,3,1,0,5,1,1,1,0,0,1,0,6,2,6,1
7,0,4,0,1,4,3,0,1,14,1,1,1,7,0,0,5,0,0,0,1
15,18,0,1,1,0,3,0,0,1,1,1,1,0,2,1,0,6,1,10,1
0,15,4,0,1,0,3,0,0,2,1,1,1,5,0,1,0,6,5,6,1
6,18,4,0,1,0,3,0,0,0,1,1,1,0,0,1,0,6,3,14,1
11,20,4,0,1,0,3,1,0,0,1,1,1,0,2,1,0,7,4,11,1
10,19,0,0,1,0,3,0,0,0,1,1,1,0,0,1,0,6,2,11,1
4,19,4,0,1,0,3,3,0,2,1,1,1,0,0,1,0,9,10,11,1
11,20,4,1,1,0,3,0,0,0,1,1,1,5,2,1,0,6,11,11,1
10,17,0,0,1,3,1,3,1,1,1,1,1,8,0,1,0,4,2,3,0
13,18,0,1,1,0,3,3,0,1,1,1,1,0,2,1,0,5,7,10,1
3,15,4,1,1,0,3,0,0,2,1,1,1,0,0,1,2,0,0,0,1
5,20,4,1,1,0,3,0,0,2,1,1,1,0,0,1,0,5,3,3,1
0,15,4,1,1,0,3,0,0,16,1,1,1,1,0,9,2,0,0,0,0
9,20,0,1,1,1,3,0,1,9,1,1,1,1,0,9,2,5,0,0,1
6,21,4,0,1,4,3,0,1,0,1,1,1,0,0,1,0,6,8,14,0
12,17,4,1,1,0,3,0,0,11,1,1,1,0,2,4,0,9,3,11,1
9,20,4,1,1,4,3,3,1,0,1,1,1,5,0,1,5,0,0,0,1
7,20,4,1,1,0,3,0,0,12,1,1,1,0,0,0,5,0,0,0,1
3,15,4,0,1,0,3,0,0,2,1,1,1,0,0,1,0,5,4,3,1
3,18,4,0,1,0,3,1,0,2,1,1,1,7,0,1,0,6,6,2,0
15,23,0,0,1,0,3,1,0,0,1,1,1,0,2,1,0,8,4,14,0
6,15,4,1,1,0,3,0,0,0,1,1,1,0,0,1,0,3,1,4,1
4,20,4,0,1,0,3,0,0,0,1,1,1,0,0,1,0,6,8,13,0
7,15,4,0,1,0,0,0,0,16,1,1,1,0,0,5,3,9,2,6,0
6,15,4,1,1,0,3,0,0,12,1,1,1,0,0,1,0,6,3,9,0
9,20,4,0,1,0,3,3,0,12,1,1,1,0,0,1,0,7,7,12,1
4,17,4,1,1,0,3,3,0,2,1,1,1,0,0,0,5,0,0,0,1
1,15,4,0,1,0,3,0,0,7,1,1,1,7,0,1,0,3,8,4,1
2,17,4,1,1,0,3,0,0,12,1,1,1,8,0,1,0,3,2,4,1
3,15,4,1,1,0,3,0,0,12,1,1,1,7,0,0,5,0,0,2,1
3,21,0,0,1,0,3,3,0,1,1,1,1,0,0,1,1,8,0,12,0
8,20,0,1,1,0,3,1,0,1,1,1,1,8,0,1,1,2,0,4,1
15,21,4,1,1,0,3,0,0,0,1,1,1,0,2,4,0,5,5,8,1
3,15,0,1,1,0,3,1,0,1,1,1,1,0,0,1,5,0,0,0,1
13,15,4,1,1,4,3,0,1,11,1,1,1,0,2,1,0,3,3,5,1
14,14,4,0,1,4,3,0,1,0,1,1,1,7,2,1,0,5,3,7,1
12,20,4,0,1,0,3,0,0,11,1,1,1,0,2,1,0,8,4,14,0
7,16,0,1,1,0,3,0,0,1,1,1,1,0,0,0,5,0,0,0,1
9,20,4,0,1,0,3,1,0,0,1,1,1,0,0,1,0,8,3,10,1
15,17,4,0,1,0,3,1,0,2,1,1,1,0,2,1,0,9,11,11,1
10,15,4,0,1,3,3,0,1,2,1,1,1,7,0,1,0,8,4,8,1
9,18,4,0,1,4,3,0,1,9,1,1,1,0,0,1,0,6,3,10,1
8,15,4,1,1,0,3,1,0,12,1,1,1,0,0,0,5,0,0,0,1
6,15,4,0,1,0,3,3,0,11,1,1,1,0,0,0,5,0,0,0,1
15,17,2,0,1,4,3,0,1,0,1,1,1,7,2,1,0,9,8,12,1
8,15,4,1,1,0,3,0,0,11,1,1,1,0,0,0,5,0,0,0,0
12,16,4,1,1,0,3,3,0,0,1,1,1,5,2,0,5,0,0,10,0
6,15,0,1,1,4,3,0,1,2,1,1,1,0,0,1,0,6,2,10,1
13,12,4,0,1,0,3,0,0,2,1,1,1,8,0,8,0,6,3,14,1
2,18,4,0,1,4,3,0,1,16,1,1,1,5,0,2,0,8,2,7,0
15,18,0,0,1,0,3,1,0,1,1,1,1,0,2,1,0,5,4,2,1
5,17,4,1,1,0,3,3,0,2,1,1,1,0,0,1,0,4,6,2,1
0,15,4,0,1,0,3,0,0,14,1,1,1,5,0,1,0,2,2,2,1
6,18,4,1,1,0,3,0,0,0,1,1,1,7,0,1,0,6,3,10,1
13,20,4,1,1,4,3,0,1,9,1,1,1,5,2,0,5,0,0,0,1
5,20,4,0,1,0,3,0,0,9,1,1,1,0,0,1,0,6,6,9,0
12,20,4,1,1,0,3,0,0,0,1,1,1,7,2,1,0,6,6,9,0
2,18,4,1,1,0,3,1,0,16,1,1,1,7,0,1,5,6,0,4,0
7,21,4,1,1,0,3,3,0,2,1,1,1,5,0,1,0,2,4,4,1
0,18,4,0,1,0,3,1,0,2,1,1,1,0,0,1,5,4,0,3,1
0,18,4,0,1,0,3,1,0,16,1,1,1,8,0,1,1,2,0,2,0
8,15,0,1,1,0,3,0,0,0,1,1,1,7,0,1,0,6,3,9,1
11,21,0,1,1,4,3,0,1,1,1,1,1,5,2,1,0,6,11,13,1
1,17,4,0,1,4,3,0,1,16,1,1,1,5,0,0,5,0,0,0,1
11,17,4,1,1,0,3,0,0,2,1,1,1,0,2,1,0,4,2,4,1
6,18,4,1,1,0,3,0,0,12,1,1,1,0,0,1,0,6,10,11,1
9,18,4,1,0,0,3,0,0,0,1,1,0,0,0,1,5,0,0,8,1
1,18,4,1,1,0,3,0,0,11,1,1,1,2,0,1,0,5,4,3,1
7,15,4,0,1,4,3,0,1,2,1,1,1,5,0,1,0,6,10,8,1
8,17,0,1,1,4,3,0,1,8,1,1,1,2,0,3,0,6,5,3,1
14,15,0,0,1,0,3,0,0,1,1,1,1,0,2,6,0,4,0,6,0
2,16,4,1,1,4,3,1,1,2,1,1,1,0,0,1,0,6,3,4,1
9,18,0,0,1,3,3,0,1,1,1,1,1,0,0,1,0,8,5,8,1
11,20,0,1,1,0,3,2,0,1,1,1,1,8,2,1,0,6,10,12,1
4,15,4,0,1,0,3,0,0,2,1,1,1,0,0,1,0,6,2,6,1
5,19,4,1,1,0,3,0,0,2,1,1,1,5,0,1,0,4,2,5,1
7,15,4,0,1,0,3,1,0,0,1,1,1,7,0,1,0,6,6,9,1
11,20,4,0,1,0,3,3,0,2,1,1,1,0,2,1,2,6,0,6,1
7,15,4,0,1,0,3,0,0,5,1,1,1,0,0,1,0,6,3,9,1
12,11,4,0,1,4,3,0,1,11,1,1,1,7,2,1,0,9,8,12,1
2,18,0,1,1,0,3,3,0,8,1,1,1,0,0,1,0,2,4,3,1
5,17,0,1,1,0,3,1,0,1,1,1,1,0,2,3,0,1,10,2,1
6,18,4,1,1,0,3,3,0,11,1,1,1,0,0,0,5,0,0,0,0
1,18,4,1,1,0,3,0,0,2,1,1,1,7,0,1,1,3,0,2,1
2,19,4,1,1,0,3,0,0,16,1,1,1,5,0,1,5,1,0,2,0
4,0,4,1,1,0,3,3,0,9,1,1,1,1,0,1,0,4,4,7,1
0,17,4,1,1,0,3,0,0,2,1,1,1,0,0,1,0,4,6,6,1
2,18,4,1,1,0,3,0,0,2,1,1,1,1,0,0,5,0,0,0,1
12,20,0,1,1,0,3,0,0,0,1,1,1,0,2,7,1,9,0,9,1
10,18,4,0,1,0,3,0,0,2,1,1,1,0,0,6,0,3,6,11,1
5,15,4,0,1,3,3,0,1,9,1,1,1,5,0,0,5,0,0,0,1
7,20,4,1,1,0,3,1,0,12,1,1,1,0,0,0,5,0,0,0,1
2,18,4,1,1,0,3,0,0,2,1,1,1,5,0,1,2,0,0,0,1
9,20,4,1,1,0,3,1,0,12,1,1,1,0,0,2,0,6,11,13,0
6,10,4,0,1,4,3,0,1,2,1,1,1,0,0,4,0,1,1,1,1
6,18,4,0,1,0,3,0,0,16,1,1,1,0,0,2,5,1,0,2,1
15,23,0,0,1,0,3,0,0,0,1,1,1,0,2,1,0,6,7,13,1
1,18,4,1,1,0,3,0,0,10,1,1,1,5,0,1,0,8,11,4,1
11,17,4,0,1,0,3,0,0,0,1,1,1,0,2,1,0,6,2,11,0
1,15,4,0,1,0,3,1,0,2,1,1,1,0,0,1,0,4,5,4,1
8,15,0,0,1,0,3,1,0,1,1,1,1,0,0,1,0,6,8,14,1
14,20,0,1,1,0,3,1,0,0,1,1,1,0,2,1,0,6,4,14,0
9,18,4,1,1,0,3,3,0,11,1,1,1,0,0,1,0,6,4,5,1
9,18,0,0,1,0,3,1,0,0,1,1,1,0,0,7,0,4,1,5,1
5,17,4,0,1,0,1,0,0,2,1,1,1,0,0,1,2,0,0,0,1
6,18,4,1,0,0,3,0,0,9,1,1,1,7,0,4,0,6,5,10,1
6,18,4,1,1,0,3,0,0,2,1,1,1,5,0,1,0,6,11,9,1
4,17,4,1,1,0,3,0,0,2,1,1,1,0,0,0,5,0,0,0,1
14,20,4,1,1,4,3,0,1,12,1,1,1,0,2,1,0,7,8,5,1
13,18,0,0,1,4,3,0,1,1,1,1,1,0,2,7,1,9,0,2,1
7,20,0,1,1,0,3,0,0,1,1,1,1,5,0,2,5,0,0,0,0
0,15,4,1,1,0,3,0,0,16,1,1,1,0,0,1,5,1,0,1,1
11,19,0,0,1,0,0,3,0,0,1,1,1,0,2,4,0,8,6,12,0
3,17,4,1,1,0,3,1,0,2,1,1,1,8,0,1,0,2,1,4,1
3,18,4,0,1,0,3,1,0,0,1,1,1,0,0,1,0,6,8,5,0
6,18,0,1,1,0,3,3,0,2,1,1,1,7,0,2,0,2,0,3,1
0,14,4,0,1,0,3,0,0,2,1,1,1,0,0,0,5,0,0,0,1
3,20,4,0,1,0,3,3,0,11,1,1,1,5,0,1,0,6,6,9,1
3,20,4,1,1,0,3,1,0,2,1,1,1,0,0,1,0,2,3,2,0
10,17,4,0,1,0,3,0,0,0,1,1,1,0,0,1,0,4,3,9,1
6,20,4,0,1,3,3,0,1,2,1,1,1,5,0,5,4,6,0,13,0
5,20,4,0,1,0,3,3,0,2,1,1,1,5,0,1,0,2,2,3,1
3,15,4,0,1,4,3,0,1,5,1,1,1,5,0,1,0,6,3,6,1
0,18,4,0,1,0,3,1,0,7,1,1,1,0,0,1,0,2,3,6,1
7,15,4,1,1,0,3,0,0,10,1,1,1,0,0,1,0,6,11,4,0
15,21,0,1,1,0,3,1,0,0,1,1,1,0,2,3,0,6,3,14,1
8,15,4,0,1,0,3,0,0,7,1,1,1,0,0,3,0,6,3,5,1
1,18,4,1,1,0,3,0,0,16,1,1,1,7,0,1,0,1,3,2,1
15,23,0,1,1,0,3,0,0,0,1,1,1,5,2,1,0,6,6,14,1
6,15,4,0,1,0,3,0,0,2,1,1,1,0,0,1,0,6,4,7,1
3,18,4,1,1,0,3,3,0,14,1,1,1,0,0,0,5,0,0,0,1
0,16,4,0,0,2,3,1,0,3,0,0,0,0,0,0,5,0,0,4,0
13,18,0,1,1,0,3,3,0,0,1,1,1,0,2,1,0,6,7,12,1
8,21,4,0,1,0,3,3,0,9,1,1,1,0,0,1,0,6,3,8,1
12,16,3,0,1,0,3,0,0,0,1,1,1,0,2,0,5,0,0,4,1
7,21,4,1,1,0,3,1,0,0,1,1,1,5,0,1,0,6,2,14,1
15,17,0,0,1,4,3,0,1,1,1,1,1,0,2,1,0,6,3,11,1
7,21,4,0,1,0,3,1,0,0,1,1,1,0,0,2,0,6,4,11,0
15,20,0,1,1,0,3,1,0,1,1,1,1,0,2,4,0,6,8,6,1
15,19,0,1,1,0,3,0,0,0,1,1,1,7,2,1,0,9,8,5,1
2,18,4,1,1,0,3,0,0,2,1,1,1,7,0,1,0,1,6,3,1
3,15,4,0,1,0,3,1,0,4,1,1,1,0,0,1,0,5,1,9,1
3,15,4,0,1,3,3,0,1,2,1,1,1,0,0,0,5,0,0,0,1
15,15,0,0,1,0,3,3,0,1,1,1,1,7,2,1,0,6,10,11,1
14,23,0,0,1,0,3,1,0,0,1,1,1,0,2,1,5,8,0,14,1
2,15,4,0,0,0,3,0,0,2,1,1,1,5,0,0,5,0,0,4,1
15,20,0,1,1,4,3,0,1,1,1,1,1,5,2,0,5,0,0,0,0
13,20,0,1,1,0,3,1,0,1,1,1,1,0,2,5,0,6,2,13,1
4,18,4,0,1,4,3,0,1,10,1,1,1,0,0,1,0,6,0,1,1
14,21,4,1,1,4,3,0,1,0,1,1,1,5,2,2,0,7,4,13,0
11,15,4,1,1,0,3,1,0,12,1,1,1,0,2,1,5,0,0,0,1
5,18,4,1,1,0,3,3,0,12,1,1,1,0,0,1,0,6,1,8,1
0,15,4,0,1,0,3,0,0,2,1,1,1,7,0,1,0,6,4,4,1
8,19,4,1,1,4,3,0,1,11,1,1,1,0,0,1,0,6,3,4,1
4,18,4,0,1,0,3,0,0,16,1,1,1,0,0,0,5,0,0,0,1
12,15,4,1,1,0,3,1,0,2,1,1,1,0,2,1,0,5,2,6,1
11,18,4,0,1,0,3,0,0,0,1,1,1,0,2,1,0,6,11,12,0
11,18,0,1,1,3,3,0,1,0,1,1,1,0,2,0,5,0,0,0,1
7,10,4,0,0,0,3,0,0,2,1,1,0,6,0,0,5,0,0,3,1
4,20,4,0,1,0,3,0,0,9,1,1,1,0,0,1,1,4,0,1,0
12,18,4,1,1,4,3,0,1,2,1,1,1,5,2,1,5,0,0,0,1
9,15,0,0,1,4,3,0,1,2,1,1,1,5,0,1,5,0,0,0,1
4,19,4,0,0,0,3,0,0,2,1,1,0,0,0,0,5,0,0,0,1
13,18,4,0,1,3,3,0,1,2,1,1,1,5,2,1,0,8,11,8,1
3,20,4,1,1,0,3,0,0,2,1,1,1,0,0,1,0,1,2,2,1
5,20,4,1,1,0,3,1,0,2,1,1,1,0,0,2,0,5,0,2,1
10,16,4,0,1,3,3,3,1,2,1,1,1,7,0,1,0,3,6,10,1
0,18,4,0,0,0,3,0,0,16,1,1,0,0,0,2,5,1,0,2,1
10,20,0,1,1,0,3,1,0,0,1,1,1,0,0,2,0,6,11,13,0
2,16,4,0,1,0,3,0,0,11,1,1,1,0,0,1,5,6,0,4,0
9,14,4,0,1,0,3,0,0,14,1,1,1,5,0,1,0,6,8,12,0
0,15,4,1,1,0,3,0,0,2,1,1,1,0,0,6,0,1,0,1,0
1,18,4,0,1,0,3,1,0,2,1,1,1,0,0,1,0,6,6,12,1
4,20,4,1,1,0,3,1,0,5,1,1,1,5,0,1,0,8,2,6,1
7,15,4,1,1,0,3,0,0,0,1,1,1,0,0,1,0,3,2,5,1
15,11,2,0,0,4,3,1,1,15,1,1,1,0,2,1,5,9,0,0,1
8,18,4,1,1,3,3,0,1,0,1,1,1,0,0,1,0,8,3,8,1
8,13,4,1,0,0,3,0,0,0,1,1,1,0,0,0,5,0,0,13,1
12,19,4,0,1,0,3,0,0,16,1,1,1,8,0,6,0,2,5,4,0
11,15,4,1,1,0,3,0,0,7,1,1,1,2,0,1,0,5,4,3,1
15,23,0,1,1,4,3,0,1,1,1,1,1,5,2,0,5,0,0,0,1
6,18,4,1,1,0,3,0,0,0,1,1,1,0,0,4,0,5,2,2,1
1,18,4,0,1,0,3,0,0,2,1,1,1,0,0,1,0,6,3,8,1
6,15,4,1,1,0,3,0,0,12,1,1,1,7,0,0,5,0,0,10,0
13,12,2,0,1,0,3,0,0,7,1,1,1,0,2,0,5,0,0,7,1
12,21,0,1,1,4,3,0,1,1,1,1,1,7,2,1,0,6,10,8,1
3,18,4,0,1,0,3,0,0,16,1,1,1,0,0,1,1,1,0,1,0
11,23,0,1,1,0,3,0,0,0,1,1,1,0,2,1,0,8,11,14,1
11,20,4,0,1,0,1,1,0,0,1,1,1,0,2,1,0,8,8,12,1
10,12,4,0,0,0,3,0,0,0,1,1,0,0,0,1,1,6,0,5,1
8,19,4,0,1,0,1,1,0,0,1,1,1,8,0,5,0,6,8,10,0
8,20,4,0,1,0,3,1,0,0,1,1,1,0,0,1,1,6,0,12,1
11,21,4,1,1,0,3,1,0,0,1,1,1,8,2,3,0,6,1,13,0
13,15,0,1,1,3,3,0,1,1,1,1,1,7,2,1,1,6,0,2,1
7,19,4,1,1,0,3,1,0,0,1,1,1,0,0,2,0,4,2,4,1
0,18,4,0,1,0,3,0,0,16,1,1,1,0,0,1,5,4,0,1,0
15,20,0,1,1,0,3,0,0,1,1,1,1,0,2,0,5,0,0,0,1
6,18,4,1,1,0,3,0,0,0,1,1,1,0,0,5,0,9,4,11,0
4,15,4,0,1,0,3,0,0,2,1,1,1,7,0,0,5,0,0,0,1
6,20,4,0,1,3,3,0,1,0,1,1,1,5,0,1,5,0,0,4,1
8,6,4,0,1,0,3,0,0,7,1,1,1,0,0,1,0,5,8,3,1
11,18,4,0,1,0,3,0,0,2,1,1,1,0,2,1,0,1,3,2,1
3,22,4,0,1,3,3,0,1,2,1,1,1,5,0,1,0,6,6,14,1
2,15,4,0,1,3,3,3,0,16,1,1,1,0,0,7,0,4,5,5,0
3,15,4,0,1,0,3,1,0,2,1,1,1,0,0,0,5,0,0,2,1
10,20,4,1,1,0,3,3,0,5,1,1,1,0,0,1,2,6,0,5,1
5,20,0,0,1,0,3,3,0,0,1,1,1,0,0,3,0,6,10,11,1
12,20,4,0,1,0,3,0,0,0,1,1,1,0,2,1,0,7,0,14,1
13,21,0,0,1,0,3,1,0,0,1,1,1,5,2,1,0,2,4,14,1
3,20,4,0,1,0,3,1,0,11,1,1,1,0,0,2,5,6,0,7,0
10,19,4,0,1,0,3,3,0,2,1,1,1,0,0,2,0,6,11,3,1
6,17,4,0,1,0,3,1,0,5,1,1,1,5,0,1,0,3,4,10,0
6,20,4,0,1,0,3,3,0,14,1,1,1,0,0,1,0,6,6,9,1
6,17,4,1,1,0,3,0,0,0,1,1,1,7,0,1,0,4,2,6,1
2,18,4,1,1,0,3,0,0,0,1,1,1,0,0,1,0,1,2,4,0
3,15,4,0,1,4,3,0,1,14,1,1,1,7,0,1,0,2,3,2,1
0,18,4,1,1,0,3,0,0,16,1,1,1,7,0,0,5,0,0,0,0
4,17,0,1,1,0,3,0,0,1,1,1,1,0,0,1,0,4,7,8,1
12,20,4,1,1,0,3,3,0,0,1,1,1,0,2,2,0,6,3,13,1
9,20,4,1,1,0,3,0,0,0,1,1,1,8,0,2,0,6,0,9,0
5,18,4,0,1,0,3,0,0,9,1,1,1,7,0,1,0,6,1,9,1
14,14,0,1,1,4,3,3,1,16,1,1,1,5,2,0,5,0,0,7,1
15,20,4,0,1,0,3,0,0,0,1,1,1,7,2,2,0,6,6,12,1
10,18,4,1,1,3,3,0,1,2,1,1,1,0,0,1,5,0,0,4,1
5,18,4,1,1,0,3,3,0,11,1,1,1,0,0,1,0,2,10,4,1
10,20,0,1,1,0,3,3,0,1,1,1,1,0,0,0,5,0,0,0,0
0,18,4,0,1,0,3,3,0,0,1,1,1,8,0,3,2,1,0,3,1
3,19,4,0,1,0,3,1,0,0,1,1,1,0,0,5,0,9,1,2,0
3,17,4,1,1,0,3,0,0,16,1,1,1,5,0,1,0,1,4,2,0
14,18,0,1,1,0,3,0,0,8,1,1,1,7,2,1,0,7,6,11,1
8,20,0,0,1,0,3,1,0,0,1,1,1,0,0,1,1,6,0,10,1
15,19,0,0,1,0,0,0,0,0,1,1,1,0,2,5,3,9,2,12,1
10,20,4,0,1,0,0,0,0,12,1,1,1,0,0,5,3,7,11,12,1
0,18,4,0,1,0,3,3,0,2,1,1,1,0,0,0,5,0,0,0,1
10,15,4,0,1,0,3,1,0,15,1,1,1,0,0,0,5,0,0,0,0
0,15,4,1,1,0,3,0,0,16,1,1,1,0,0,1,5,1,0,2,1
7,3,4,1,0,3,3,3,1,12,1,0,1,7,0,9,2,5,0,1,1
0,15,4,1,1,0,3,0,0,7,1,1,1,7,0,1,0,3,8,6,1
3,17,4,1,1,0,3,0,0,2,1,1,1,0,0,2,0,6,1,7,1
6,20,4,1,1,0,3,1,0,0,1,1,1,0,0,4,0,1,4,6,1
9,18,4,1,0,0,3,1,0,0,1,0,0,0,0,0,5,0,0,12,1
3,20,4,1,1,0,3,0,0,11,1,1,1,5,0,1,0,1,4,1,0
5,15,4,0,1,3,3,3,1,0,1,1,1,5,0,1,0,6,6,4,1
13,21,0,0,1,0,3,0,0,0,1,1,1,0,2,1,0,2,4,14,1
4,18,4,1,1,0,3,0,0,2,1,1,1,7,0,0,5,0,0,0,1
12,20,4,0,1,4,3,0,1,11,1,1,1,5,2,1,0,6,8,10,0
7,18,4,0,1,0,3,3,0,0,1,1,1,0,0,1,0,6,6,8,1
7,20,4,0,1,0,3,0,0,0,1,1,1,0,0,1,0,6,3,14,1
4,20,0,0,1,0,3,1,0,0,1,1,1,5,0,3,0,6,8,13,0
8,0,4,1,1,4,3,0,1,9,1,1,1,5,0,1,0,6,3,8,1
8,17,4,0,1,0,3,0,0,2,1,1,1,5,0,3,0,6,2,10,1
5,17,4,1,1,4,3,0,1,9,1,1,1,0,0,1,0,7,5,2,0
6,20,4,1,1,0,3,0,0,2,1,1,1,0,0,1,0,3,6,9,1
1,18,4,1,1,0,3,3,0,11,1,1,1,0,0,1,0,6,4,13,1
1,15,4,1,1,0,3,1,0,2,1,1,1,0,0,1,0,4,1,3,1
7,18,4,0,1,0,3,1,0,2,1,1,1,0,0,1,0,3,10,6,1
1,15,4,1,1,0,3,0,0,2,1,1,1,0,0,1,0,4,4,7,0
12,2,0,1,1,3,1,0,1,16,1,1,1,7,2,0,5,0,0,4,0
13,0,2,1,1,4,3,0,1,7,1,1,1,0,2,1,0,6,11,6,1
11,18,4,0,1,0,3,0,0,0,1,1,1,0,2,3,0,4,3,5,1
4,12,4,0,1,4,3,0,1,0,1,1,1,5,0,1,2,0,0,0,1
15,19,4,0,1,0,3,0,0,11,1,1,1,0,2,3,0,6,10,12,1
2,18,4,1,1,4,3,0,1,16,1,1,1,5,0,9,2,0,0,0,0
13,12,2,0,1,0,3,0,0,0,1,1,1,1,2,1,0,6,11,9,1
9,17,4,1,1,0,3,0,0,1,1,1,1,0,0,8,2,8,0,8,1
9,18,4,0,1,3,3,3,1,5,1,1,1,5,0,1,5,0,0,4,1
11,8,4,1,1,4,3,0,1,11,1,1,1,0,2,1,5,1,0,1,1
9,18,4,0,1,4,3,0,1,5,1,1,1,7,0,6,0,3,9,4,1
1,18,4,1,1,0,3,1,0,2,1,1,1,0,0,1,0,4,5,6,1
0,17,4,1,1,0,3,0,0,2,1,1,1,0,0,0,5,0,0,0,1
8,20,4,0,1,0,3,3,0,0,1,1,1,7,0,1,0,6,6,11,1
2,15,4,0,1,0,3,0,0,15,1,1,1,1,0,0,5,0,0,0,0
9,18,4,1,1,3,3,0,1,2,1,1,1,5,0,9,2,0,0,0,1
7,22,4,1,1,0,3,1,0,0,1,1,1,8,0,1,0,7,8,11,1
6,20,4,1,1,0,3,0,0,12,1,1,1,1,0,0,5,0,0,0,1
0,17,4,1,1,4,3,0,1,0,1,1,1,0,0,0,5,0,0,0,1
11,20,0,1,1,4,3,1,1,1,1,1,1,0,2,1,0,6,4,11,1
9,20,4,1,1,0,3,1,0,11,1,1,1,0,0,1,0,6,3,10,1
6,20,4,0,0,0,3,1,0,2,1,1,0,8,0,8,5,2,0,8,0
7,20,4,0,1,4,3,1,1,2,1,1,1,8,0,1,0,5,11,5,1
5,15,4,1,1,0,3,0,0,12,1,1,1,0,0,1,0,3,6,5,0
3,15,4,0,1,0,3,0,0,2,1,1,1,6,0,9,2,5,0,5,1
9,20,4,0,1,0,3,3,0,0,1,1,1,1,0,6,0,6,6,13,0
14,16,4,0,1,0,3,1,0,2,1,1,1,0,2,1,0,7,6,10,1
9,15,4,1,1,0,3,3,0,12,1,1,1,1,0,1,0,3,2,6,1
3,18,4,1,1,0,3,0,0,2,1,1,1,0,0,1,0,6,3,6,1
15,15,0,0,1,0,3,3,0,1,1,1,1,7,2,0,5,0,0,0,1
11,17,0,1,1,4,3,0,1,0,1,1,1,5,2,1,0,1,2,5,1
8,20,4,1,1,3,3,0,1,0,1,1,1,5,0,0,5,0,0,0,1
4,18,4,0,1,0,3,1,0,2,1,1,1,0,0,1,0,4,11,3,0
4,12,4,1,1,0,3,3,0,16,1,1,1,0,0,0,5,0,0,5,0
12,21,4,0,1,0,3,1,0,0,1,1,1,0,2,1,0,8,8,13,1
10,18,0,1,1,0,3,0,0,0,1,1,1,0,0,1,0,6,3,13,1
8,18,0,0,1,0,3,2,0,8,1,1,1,7,0,1,0,6,3,10,1
7,20,4,0,1,3,3,0,0,11,1,1,1,0,0,1,0,6,5,14,1
6,18,4,1,0,0,3,1,0,2,1,1,0,0,0,0,5,0,0,3,1
2,21,4,1,1,0,3,1,0,0,1,1,1,0,0,1,0,2,10,14,1
8,19,4,0,1,4,3,0,1,5,1,1,1,0,0,1,0,6,4,5,1
0,15,4,0,1,0,3,1,0,16,1,1,1,0,0,1,0,4,1,2,1
15,15,0,1,1,4,3,0,1,1,1,1,1,8,2,1,5,5,0,5,1
6,18,4,1,1,3,3,0,1,2,1,1,1,7,0,9,2,0,0,0,1
15,20,4,0,1,0,3,0,0,2,1,1,1,1,2,1,0,9,11,6,1
3,19,4,0,1,0,3,0,0,15,1,1,1,1,0,1,5,6,0,3,0
2,18,4,1,1,0,3,0,0,2,1,1,1,1,0,0,5,0,0,0,1
2,12,2,0,1,0,3,0,0,7,1,1,1,0,0,9,2,0,0,0,1
0,15,4,0,1,0,3,1,0,7,1,1,1,8,0,0,5,0,0,0,1
9,13,0,1,1,0,3,0,0,0,1,1,1,8,0,6,5,0,0,0,0
10,18,0,1,1,0,3,3,0,1,1,1,1,7,0,1,0,5,7,6,1
13,18,2,1,1,0,3,0,0,2,1,1,1,0,2,1,0,6,4,7,0
15,18,4,1,1,0,3,0,0,0,1,1,1,1,2,1,0,6,8,5,1
7,20,4,1,1,0,3,1,0,0,1,1,1,8,0,1,0,5,6,6,1
10,17,2,1,1,0,3,2,0,0,1,1,1,0,0,1,5,6,0,7,1
6,18,4,1,1,0,3,0,0,4,1,1,1,0,0,1,0,6,3,12,1
12,20,0,0,1,3,3,0,1,1,1,1,1,7,2,1,0,6,2,9,1
9,20,4,1,1,0,3,0,0,2,1,1,1,8,0,2,0,6,11,10,1
3,19,4,0,1,0,3,3,0,2,1,1,1,0,0,1,5,0,0,0,1
14,15,4,0,1,4,3,0,1,0,1,1,1,7,2,1,0,6,6,9,1
7,21,4,0,1,0,3,0,0,2,1,1,1,0,0,6,0,4,5,7,1
12,20,4,0,1,0,3,0,0,0,1,1,1,1,2,1,0,6,4,13,1
10,20,4,1,1,0,3,0,0,12,1,1,1,5,0,1,0,6,4,10,0
9,7,4,0,1,0,1,0,0,2,1,1,1,7,0,3,0,2,3,4,1
3,18,4,0,0,0,3,1,0,9,1,1,0,0,0,0,5,0,0,0,1
14,20,0,0,1,3,3,0,1,0,1,1,1,5,0,6,0,4,8,14,0
15,15,0,0,1,3,3,0,1,1,1,1,1,0,2,1,0,6,4,9,1
4,10,2,0,1,0,3,0,0,7,1,1,1,7,0,0,5,0,0,0,1
6,18,4,1,1,0,3,3,0,2,1,1,1,0,0,2,0,4,0,1,1
5,15,4,0,1,0,3,0,0,2,1,1,1,1,0,1,0,6,8,5,1
5,12,4,1,1,0,3,0,0,2,1,1,1,7,0,1,0,6,11,5,1
7,20,4,1,1,0,3,0,0,2,1,1,1,0,0,1,0,2,4,6,1
2,18,4,1,1,0,3,1,0,2,1,1,1,8,0,3,0,2,2,2,1
11,8,4,0,1,4,3,3,1,11,1,1,1,5,2,0,5,0,0,4,0
14,18,0,1,1,0,3,3,0,0,1,1,1,0,2,0,5,0,0,0,1
14,6,4,1,1,4,3,0,1,0,1,1,1,4,2,3,0,5,8,4,1
8,20,4,0,1,0,3,3,0,9,1,1,1,0,0,1,0,6,5,11,0
5,20,4,1,1,0,3,1,0,2,1,1,1,5,0,1,0,5,6,8,1
2,15,4,0,1,0,3,0,0,15,1,1,1,1,0,0,5,0,0,0,1
5,18,4,1,1,0,3,1,0,2,1,1,1,0,0,1,0,5,2,6,1
11,15,4,1,1,0,3,0,0,11,1,1,1,2,2,3,0,6,7,13,1
10,20,4,1,1,0,3,3,0,11,1,1,1,0,0,1,0,6,10,10,1
15,16,0,0,1,0,3,0,0,0,1,1,1,0,2,1,0,5,3,5,1
5,17,0,1,1,0,3,3,0,0,1,1,1,0,0,3,0,4,7,5,1
11,16,4,1,1,0,3,3,0,10,1,1,1,4,2,1,0,9,8,4,1
13,17,0,0,1,0,3,0,0,0,1,1,1,7,2,1,0,7,6,12,1
12,3,0,1,1,3,3,3,1,12,1,1,1,7,2,6,0,5,10,1,1
11,18,4,0,1,0,1,1,0,0,1,1,1,8,2,1,0,4,3,7,1
15,19,0,0,1,0,3,0,0,0,1,1,1,0,2,2,0,9,5,12,1
7,20,4,0,1,0,3,0,0,2,1,1,1,7,0,1,0,6,8,10,1
0,17,4,1,1,0,3,0,0,16,1,1,1,5,0,0,5,0,0,0,0
11,20,4,0,1,3,3,3,1,9,1,1,1,5,2,1,2,6,0,4,1
7,21,0,1,1,0,3,2,0,1,1,1,1,0,0,0,5,0,0,0,0
4,19,4,0,1,0,3,1,0,16,1,1,1,0,0,3,5,4,0,5,0
4,15,0,0,1,0,3,0,0,0,1,1,1,7,0,1,2,8,0,6,1
2,18,4,1,1,0,3,1,0,11,1,1,1,0,0,6,5,1,0,2,1
9,18,0,1,1,0,3,0,0,2,1,1,1,0,0,1,5,0,0,0,1
11,15,4,1,1,0,3,0,0,2,1,1,1,0,2,1,0,6,6,9,1
14,15,0,1,1,0,3,0,0,1,1,1,1,0,2,0,5,0,0,0,1
6,18,4,0,1,0,3,0,0,2,1,1,1,0,0,0,5,0,0,0,1
7,15,4,0,1,4,3,0,1,9,1,1,1,0,0,1,0,6,5,8,1
11,17,4,1,1,3,3,0,1,2,1,1,1,0,2,1,0,6,3,5,1
6,20,4,1,1,2,3,0,0,3,1,1,1,1,0,1,0,6,8,13,1
15,21,0,1,1,4,3,0,1,1,1,1,1,5,2,1,0,6,8,12,1
13,20,0,0,1,3,3,0,1,1,1,1,1,0,2,1,0,6,6,14,1
12,20,4,1,1,0,3,3,0,0,1,1,1,5,2,3,0,6,5,12,1
11,20,0,1,1,4,3,0,1,0,1,1,1,5,2,1,0,6,4,14,1
2,14,4,1,1,0,3,0,0,5,1,1,1,0,0,1,0,6,1,8,0
7,20,4,1,1,0,3,1,0,0,1,1,1,0,0,6,0,5,9,4,0
9,18,0,1,1,4,3,0,1,2,1,1,1,0,0,1,0,1,11,5,1
14,15,0,0,1,0,0,0,0,0,1,1,1,0,2,5,0,8,4,9,1
6,21,4,1,1,0,3,3,0,2,1,1,1,5,0,1,0,2,5,3,1
10,14,4,0,0,3,3,0,1,0,1,1,0,0,0,1,2,0,0,8,1
2,18,4,0,1,3,3,0,1,2,1,1,1,0,0,1,2,2,0,4,1
7,13,4,1,1,0,3,0,0,7,1,1,1,0,0,6,5,0,0,0,0
7,15,4,0,1,0,3,0,0,12,1,1,1,7,0,1,0,2,3,5,0
11,15,0,0,1,4,3,0,1,1,1,1,1,0,2,1,0,6,0,8,0
11,13,4,0,0,0,3,0,0,2,1,1,0,0,2,1,2,6,0,6,1
12,14,0,0,1,3,3,0,1,3,1,1,1,0,2,1,0,3,8,5,1
0,17,4,1,1,0,3,1,0,2,1,1,1,0,0,1,0,4,4,4,1
7,18,0,0,1,0,3,0,0,1,1,1,1,0,0,1,0,1,2,6,1
8,21,0,1,1,0,3,1,0,0,1,1,1,8,0,0,5,0,0,0,0
0,18,4,1,1,0,3,3,0,11,1,1,1,5,0,0,5,0,0,0,0
2,17,4,1,1,4,3,0,1,0,1,1,1,5,0,0,5,0,0,0,1
4,15,4,1,1,0,3,1,0,9,1,1,1,0,0,1,0,6,8,9,1
3,16,4,1,1,0,3,3,0,2,1,1,1,5,0,9,2,1,0,1,1
6,21,4,1,1,0,3,0,0,14,1,1,1,1,0,1,0,4,5,7,1
5,18,4,1,1,0,3,2,0,0,1,1,1,0,0,1,5,3,0,2,1
2,15,4,1,1,0,3,0,0,0,1,1,1,7,0,1,0,6,3,4,1
3,19,0,1,1,0,3,0,0,1,1,1,1,5,0,0,5,0,0,0,0
8,20,4,0,1,0,3,0,0,11,1,1,1,5,0,1,0,6,9,13,1
13,16,0,0,1,4,3,3,1,1,1,1,1,0,2,1,0,6,6,14,1
14,15,4,0,1,0,3,0,0,2,1,1,1,7,2,1,0,1,3,2,1
0,15,4,0,1,0,3,0,0,11,1,1,1,0,0,1,0,4,3,3,0
12,21,0,1,1,0,3,0,0,1,1,1,1,0,2,1,2,1,0,14,1
10,20,4,0,1,3,3,0,1,15,1,1,1,0,0,0,5,0,0,0,1
13,20,0,0,1,4,3,0,1,0,1,1,1,5,2,1,0,6,8,13,1
3,15,4,0,1,0,3,0,0,2,1,1,1,0,0,0,5,0,0,0,1
3,15,4,0,1,0,3,0,0,0,1,1,1,0,0,1,0,6,4,9,0
9,18,4,0,0,0,3,0,0,2,0,1,1,0,0,1,0,2,9,7,1
10,16,0,1,1,0,3,0,0,15,1,1,1,0,0,1,5,6,0,1,0
8,21,4,0,1,0,3,0,0,12,1,1,1,0,0,1,0,6,10,13,0
14,8,0,0,1,4,3,0,1,11,1,1,1,0,2,0,5,0,0,0,1
1,18,4,1,1,0,3,0,0,11,1,1,1,2,0,1,0,5,7,13,1
11,18,4,0,1,4,3,0,1,0,1,1,1,0,2,1,0,7,8,12,1
9,18,4,0,1,0,3,1,0,11,1,1,1,7,0,6,0,8,4,11,1
5,20,4,1,1,0,3,3,0,11,1,1,1,0,0,2,0,6,1,3,1
14,20,4,0,1,0,3,0,0,2,1,1,1,0,2,3,0,6,5,13,1
3,15,4,1,1,0,3,3,0,11,1,1,1,0,0,2,0,1,3,4,0
2,18,4,1,1,0,3,0,0,2,1,1,1,0,0,1,0,6,8,10,1
14,8,0,0,1,4,3,0,1,11,1,1,1,7,2,1,0,6,4,7,1
7,20,4,0,1,0,3,0,0,0,1,1,1,0,0,1,0,9,10,13,1
10,18,4,0,1,0,3,3,0,14,1,1,1,0,0,1,0,8,8,10,1
9,18,4,0,1,4,3,0,1,12,1,1,1,0,0,1,0,7,6,5,1
11,8,0,0,1,0,3,1,1,9,1,1,1,8,2,6,0,1,4,3,1
5,15,4,0,1,0,3,0,0,15,1,1,1,0,0,1,5,0,0,0,0
15,22,0,1,1,4,3,0,1,0,1,1,1,8,2,1,0,6,9,13,1
15,21,0,0,1,0,3,0,0,1,1,1,1,0,2,6,0,6,8,14,1
6,21,4,0,1,3,3,1,1,5,1,1,1,7,0,1,0,6,4,12,1
10,17,4,0,1,0,3,1,0,2,1,1,1,8,0,1,0,6,4,10,1
3,18,4,0,1,0,3,0,0,0,1,1,1,0,0,1,0,7,2,10,1
4,15,4,0,1,0,3,1,0,2,1,1,1,0,0,1,0,3,10,1,1
10,18,4,0,1,0,3,0,0,2,1,1,1,7,0,1,0,9,11,5,1
12,18,0,1,1,0,3,0,0,0,1,1,1,7,2,2,5,2,0,3,0
7,19,0,1,1,0,3,1,0,0,1,1,1,0,0,2,0,3,2,5,0
13,20,2,1,1,0,3,0,0,2,1,1,1,1,2,1,0,6,3,7,1
9,20,4,1,1,0,3,0,0,0,1,1,1,0,0,1,0,9,4,12,1
6,15,4,0,0,0,3,0,0,11,1,1,0,0,0,0,5,0,0,0,1
5,15,4,1,1,0,3,0,0,2,1,1,1,1,0,1,0,6,3,4,1
10,22,4,1,1,0,3,0,0,7,1,1,1,8,0,1,0,6,6,7,1
12,20,4,0,1,0,3,0,0,0,1,1,1,5,2,1,0,6,4,10,1
12,23,3,0,1,0,3,3,0,0,1,1,1,0,2,6,0,6,8,14,1
14,20,4,0,1,0,3,0,0,0,1,1,1,5,2,1,0,6,2,10,0
2,18,4,0,1,0,3,0,0,2,1,1,1,0,0,1,0,6,3,6,1
9,15,0,1,1,4,3,0,1,8,1,1,1,0,0,1,0,4,3,7,1
2,15,4,1,1,0,3,0,0,2,1,1,1,0,0,1,0,5,3,7,1
2,19,4,0,1,0,3,1,0,2,1,1,1,8,0,0,5,0,0,0,1
14,20,0,0,1,0,3,3,0,1,1,1,1,5,2,1,0,8,4,13,0
0,8,4,0,1,4,3,3,1,16,1,1,1,0,0,1,1,1,0,1,0
4,20,4,1,0,0,3,1,0,2,1,1,1,0,0,1,0,2,4,5,1
2,15,0,1,1,0,3,0,0,8,1,1,1,5,0,1,0,1,2,3,1
11,20,4,1,1,0,3,0,0,2,1,1,1,0,2,0,5,0,0,0,1
14,20,4,0,1,3,3,0,1,16,1,1,1,5,2,1,0,2,11,4,0
10,15,4,1,1,0,3,0,0,2,1,1,1,0,0,1,0,6,11,7,1
2,17,4,0,1,0,3,0,0,2,1,1,1,1,0,9,2,0,0,0,1
13,19,0,1,1,0,3,3,0,1,1,1,1,0,2,2,0,6,6,11,1
9,20,4,0,1,0,0,0,0,0,1,1,1,0,0,5,3,8,9,13,1
14,18,4,0,1,0,1,0,0,0,1,1,1,0,2,5,0,6,9,13,1
10,20,0,1,1,0,3,0,0,0,1,1,1,0,0,2,0,6,4,10,1
9,17,4,1,0,0,3,0,0,0,1,0,0,0,0,6,2,1,0,5,1
0,15,4,1,1,4,3,0,1,10,1,1,1,5,0,0,5,0,0,0,0
14,20,0,1,1,0,3,1,0,0,1,1,1,0,2,1,0,6,2,12,1
1,18,4,0,1,3,3,0,1,2,1,1,1,5,0,9,2,0,0,0,1
1,15,4,1,1,0,3,0,0,2,1,1,1,7,0,1,0,4,3,4,1
9,15,4,0,1,0,0,2,0,11,1,1,1,0,0,5,3,2,9,12,1
7,13,0,1,0,0,3,3,0,1,1,1,1,0,2,1,5,0,0,6,1
6,15,4,0,1,0,3,0,0,12,1,1,1,7,0,1,0,6,3,10,1
12,21,0,1,1,0,3,1,0,1,1,1,1,0,2,1,0,5,3,11,1
14,21,0,1,1,0,3,0,0,0,1,1,1,0,2,1,0,7,4,12,0
5,20,4,1,1,0,3,0,0,10,1,1,1,5,0,1,0,6,8,8,0
4,20,0,0,1,0,3,3,0,0,1,1,1,5,0,1,1,6,0,12,0
7,15,4,0,1,0,3,0,0,2,1,1,1,7,0,1,5,0,0,0,0
0,18,4,0,1,3,3,3,1,5,1,1,1,0,0,1,0,6,9,6,1
10,21,0,0,1,4,3,0,1,0,1,1,1,5,0,6,0,8,6,14,1
15,20,0,1,1,0,3,1,0,0,1,1,1,0,2,4,5,5,0,3,0
8,15,4,1,0,0,3,0,0,16,1,1,0,0,0,0,5,0,0,0,1
11,20,0,1,0,0,3,1,0,2,1,1,1,0,2,1,0,6,6,13,1
0,15,4,1,1,4,3,0,1,16,1,1,1,0,0,0,5,0,0,0,1
7,13,4,0,1,4,3,0,1,7,1,1,1,0,0,1,0,5,4,5,1
4,18,2,1,1,0,3,0,0,7,1,1,1,0,0,1,0,6,4,10,1
11,15,4,0,1,0,1,0,0,0,1,1,1,0,2,1,0,6,4,12,0
13,19,0,0,1,0,0,0,0,0,1,1,1,0,2,5,5,8,0,14,0
6,17,4,1,1,0,3,0,0,12,1,1,1,0,0,1,0,6,4,10,1
6,21,4,1,1,0,3,0,0,14,1,1,1,0,0,1,0,6,6,13,0
11,21,4,1,1,0,3,0,0,2,1,1,1,5,2,1,0,7,5,10,1
15,19,0,1,1,0,3,0,0,1,1,1,1,0,2,4,0,4,2,5,1
1,18,4,1,1,0,3,3,0,2,1,1,1,7,0,1,0,1,4,2,1
8,15,4,1,1,0,3,0,0,2,1,1,1,8,0,1,0,6,8,5,1
2,14,4,1,1,0,3,0,0,2,1,1,1,0,0,1,0,6,10,6,1
11,18,0,1,1,0,3,0,0,1,1,1,1,5,2,0,5,0,0,0,1
7,4,4,0,0,4,3,0,1,11,1,0,0,7,0,0,5,0,0,0,1
6,11,4,0,0,4,3,0,1,2,1,1,0,7,0,1,4,6,1,6,1
11,20,0,0,1,0,3,0,0,1,1,1,1,5,2,1,5,6,0,14,1
1,18,4,1,0,0,3,0,0,2,1,1,0,0,0,0,5,0,0,0,1
14,19,0,1,1,0,3,0,0,0,1,1,1,0,2,1,0,6,6,10,1
1,18,4,0,1,0,3,1,0,2,1,1,1,0,0,1,1,3,0,4,0
6,15,4,0,1,0,3,0,0,12,1,1,1,8,0,1,0,6,6,12,0
0,15,4,0,0,0,3,0,0,9,1,1,1,5,0,0,5,0,0,0,1
5,20,4,1,1,0,3,0,0,12,1,1,1,0,0,1,2,0,0,0,1
11,20,4,1,1,0,3,1,0,0,1,1,1,0,2,1,2,2,0,4,1
10,15,4,0,1,0,3,1,0,0,1,1,1,7,0,5,3,6,0,8,1
11,11,4,0,0,0,3,1,0,15,0,1,1,0,2,0,5,0,0,0,0
6,15,4,0,1,0,3,0,0,7,1,1,1,5,0,5,5,0,0,2,1
9,8,4,0,0,4,3,0,1,2,1,0,0,0,0,1,5,0,0,1,1
2,20,4,1,1,0,3,1,0,12,1,1,1,0,0,1,0,2,3,4,1
12,18,4,0,1,4,3,0,1,5,1,1,1,7,2,1,0,6,2,9,1
8,17,0,1,1,0,3,0,0,0,1,1,1,7,0,1,0,4,4,5,0
12,14,0,1,1,0,3,0,0,2,1,1,1,0,2,1,0,6,3,5,1
11,18,0,0,1,4,3,0,1,0,1,1,1,0,2,1,0,6,2,9,1
13,21,0,1,1,0,3,1,0,0,1,1,1,0,2,1,0,6,5,13,1
5,12,4,0,1,4,3,0,1,9,1,1,1,7,0,1,0,6,2,12,1
7,20,4,1,1,0,3,0,0,0,1,1,1,7,0,1,0,8,3,12,1
9,9,0,0,1,3,3,0,1,5,1,1,1,7,0,2,0,8,8,6,1
11,20,4,0,1,0,3,0,0,14,1,1,1,0,2,1,0,6,3,12,0
8,18,4,0,1,0,3,1,0,11,1,1,1,0,0,1,0,6,8,5,1
14,23,2,1,1,0,3,1,0,5,1,1,1,0,2,1,0,6,4,13,1
1,17,2,1,1,0,3,1,0,0,1,1,1,0,0,1,2,4,0,8,0
0,15,4,0,1,0,3,3,0,11,1,1,1,7,0,1,2,4,0,4,0
14,19,4,1,1,0,3,0,0,0,1,1,1,5,2,1,0,7,4,12,1
4,15,4,0,1,0,3,0,0,15,1,1,1,0,0,1,2,6,0,8,0
0,19,4,1,1,0,3,1,0,2,1,1,1,0,0,1,0,4,2,4,1
6,15,4,1,1,4,3,0,1,14,1,1,1,0,0,1,0,6,4,9,1
0,17,4,1,1,0,3,0,0,16,1,1,1,7,0,0,5,0,0,0,0
10,5,2,0,1,4,3,0,1,4,1,1,1,0,0,1,0,6,8,9,1
13,17,0,0,1,0,3,0,0,1,1,1,1,7,2,1,0,6,1,11,1
8,15,4,1,1,0,3,1,0,11,1,1,1,0,0,1,0,4,4,5,0
11,15,0,0,1,0,3,0,0,0,1,1,1,0,2,6,0,2,10,3,1
0,18,4,1,1,0,3,0,0,16,1,1,1,0,0,1,0,4,3,5,0
9,15,0,1,1,0,3,0,0,0,1,1,1,7,0,1,0,6,5,9,1
5,19,4,0,1,0,3,0,0,2,1,1,1,0,0,1,0,6,2,10,1
2,18,4,0,1,4,3,0,1,2,1,1,1,5,0,1,0,4,4,5,1
5,15,4,0,1,0,3,0,0,11,1,1,1,0,0,1,0,5,2,3,0
15,15,0,1,1,3,3,0,1,0,1,1,1,0,2,0,5,0,0,0,1
7,22,4,1,1,0,3,0,0,11,1,0,1,0,0,6,0,8,0,11,1
13,8,1,1,1,4,3,1,1,4,1,1,1,0,2,4,5,0,0,3,0
6,15,0,1,1,4,3,0,1,1,1,1,1,0,0,1,5,0,0,0,0
6,15,4,0,0,0,3,1,0,7,1,0,1,8,0,1,0,6,11,7,1
8,20,0,1,1,0,3,0,0,0,1,1,1,5,0,1,0,6,1,13,0
13,19,0,1,1,0,3,1,0,0,1,1,1,0,2,1,0,6,5,14,0
2,15,4,1,1,0,3,0,0,2,1,1,1,0,0,1,0,6,8,6,1
15,21,4,0,1,4,3,0,1,0,1,1,1,5,2,2,0,6,1,11,0
7,19,4,0,1,0,3,0,0,2,1,1,1,5,0,1,0,6,5,14,0
10,17,0,0,1,0,3,0,0,0,1,1,1,0,0,1,0,7,4,14,0
1,18,4,1,1,0,3,0,0,11,1,1,1,0,0,1,5,3,0,5,1
12,15,0,1,1,0,3,0,0,0,1,1,1,8,2,2,0,6,6,9,1
4,20,4,1,1,0,3,0,0,11,1,1,1,0,0,0,5,0,0,5,0
5,18,4,1,1,0,3,3,0,2,1,1,1,7,0,0,5,0,0,0,1
9,15,4,0,1,0,3,0,0,2,1,1,1,7,0,1,5,0,0,0,1
15,21,0,1,1,4,3,0,1,1,1,1,1,5,2,0,5,0,0,0,1
4,19,4,1,1,0,3,0,0,0,1,1,1,7,0,1,0,6,2,7,0
10,10,4,1,1,4,3,0,1,14,1,1,1,7,0,1,0,6,3,10,1
3,20,4,0,1,0,3,1,0,14,1,1,1,0,0,1,0,6,3,7,1
5,15,4,0,1,0,3,0,0,2,1,1,1,7,0,1,0,9,8,6,1
14,8,0,0,0,4,3,2,1,1,1,0,1,4,2,1,5,5,0,4,1
7,19,4,1,1,0,3,3,0,2,1,1,1,7,0,1,0,9,11,10,0
0,18,4,0,1,0,3,0,0,16,1,1,1,0,0,1,0,4,2,6,0
11,15,4,0,1,0,1,0,0,0,1,1,1,8,2,1,0,7,11,9,1
0,18,4,1,1,0,3,0,0,16,1,1,1,0,0,1,5,6,0,3,1
4,20,4,0,1,0,3,3,0,11,1,1,1,5,0,1,0,3,4,6,0
13,18,4,0,1,0,3,1,0,11,1,1,1,0,2,3,0,7,4,12,1
4,20,4,1,1,0,3,1,0,0,1,1,1,0,0,1,0,6,2,8,1
10,18,4,1,1,0,3,0,0,2,1,1,1,7,0,2,0,6,10,12,1
0,17,4,0,1,0,2,0,0,10,1,1,1,5,0,1,0,6,8,5,1
10,18,4,1,1,3,3,3,1,2,1,1,1,5,0,1,0,6,10,10,1
3,19,4,1,1,0,3,1,0,2,1,1,1,0,0,1,5,0,0,0,1
15,20,4,0,0,0,3,0,0,2,1,1,0,0,2,1,0,6,3,4,1
2,15,4,0,1,0,3,0,0,0,1,1,1,7,0,1,0,9,1,1,0
7,18,4,0,1,0,3,1,0,2,1,1,1,0,0,1,0,5,6,2,1
7,20,4,0,1,0,3,3,0,0,1,1,1,0,0,1,0,7,6,12,1
1,18,4,0,1,0,3,1,0,2,1,1,1,0,0,1,0,6,2,10,1
10,20,4,0,1,0,3,0,0,11,1,1,1,0,0,1,0,7,2,13,0
0,18,4,0,1,0,3,3,0,2,1,1,1,0,0,0,5,0,0,0,1
15,18,4,0,1,0,3,0,0,11,1,1,1,0,2,1,0,6,8,11,0
11,15,4,0,1,0,3,3,0,10,1,1,1,0,2,1,0,8,0,11,1
8,20,4,1,1,4,3,3,1,0,1,1,1,0,0,1,0,6,5,8,1
13,7,0,0,1,3,1,0,1,11,1,1,1,7,2,3,0,4,3,14,1
9,20,4,0,1,0,1,0,0,0,1,1,1,0,0,1,0,6,11,13,1
14,19,4,1,1,0,3,0,0,2,1,1,1,1,2,3,5,0,0,2,1
13,19,0,1,1,3,3,0,1,0,1,1,1,5,2,1,0,6,3,11,1
9,18,0,0,1,2,0,0,1,0,1,1,1,0,0,5,3,7,1,12,1
12,15,4,0,1,0,3,0,0,2,1,1,1,7,2,1,0,6,10,8,1
10,21,0,1,1,4,3,0,1,0,1,1,1,0,0,1,0,6,2,13,0
5,15,4,1,1,0,3,0,0,2,1,1,1,7,0,5,2,6,0,3,1
1,17,4,0,1,0,3,1,0,2,1,1,1,0,0,3,0,4,4,4,1
6,15,4,0,1,3,3,0,1,5,1,1,1,5,0,1,0,3,9,6,1
2,20,4,1,1,4,3,0,1,9,1,1,1,7,0,1,2,6,0,0,1
3,18,4,1,1,0,3,0,0,2,1,1,1,0,0,1,5,0,0,0,1
13,20,4,0,1,4,3,0,1,11,1,1,1,5,2,1,0,6,0,14,1
4,18,0,0,1,0,3,1,0,8,1,1,1,0,0,1,0,6,1,8,1
8,17,4,0,1,0,3,1,0,2,1,1,1,0,0,6,2,0,0,0,0
3,19,4,0,1,0,3,0,0,11,1,1,1,5,0,1,0,4,2,5,1
12,18,4,1,1,3,3,0,1,2,1,1,1,0,2,1,5,0,0,0,1
10,14,0,1,1,4,3,0,1,0,1,1,1,7,0,1,0,6,5,8,1
4,20,4,0,1,3,3,0,1,2,1,1,1,0,0,1,0,6,1,3,1
3,19,4,1,1,0,3,3,0,2,1,1,1,7,0,1,0,6,10,11,1
11,17,0,0,1,4,3,0,1,1,1,1,1,7,2,1,0,8,11,9,0
2,15,4,0,1,0,3,0,0,9,1,1,1,0,0,1,0,7,10,2,1
13,20,2,0,1,0,1,1,0,0,1,1,1,0,2,1,0,7,7,12,0
4,20,4,1,1,0,3,1,0,2,1,1,1,0,0,1,0,2,2,2,1
7,21,4,0,1,0,3,2,0,0,1,1,1,0,0,1,0,6,10,10,0
1,18,4,0,1,0,3,3,0,7,1,1,1,0,0,1,2,1,0,2,1
11,15,4,0,1,0,3,0,0,12,1,1,1,0,2,1,0,6,10,10,1
1,18,4,0,1,0,3,0,0,2,1,1,1,0,0,1,1,4,0,13,1
8,19,4,1,1,4,3,0,1,0,1,1,1,7,0,0,5,0,0,0,1
5,19,4,0,1,0,3,0,0,11,1,1,1,7,0,4,0,6,1,6,1
2,14,4,1,1,0,3,2,0,0,1,1,1,0,0,1,1,3,0,6,0
10,18,4,1,1,0,3,1,0,2,1,1,1,8,0,1,0,6,4,12,1
2,18,4,0,1,4,3,0,1,2,1,1,1,0,0,9,2,0,0,0,1
12,19,0,0,1,0,3,0,0,1,1,1,1,0,2,1,0,7,10,12,1
0,17,4,0,0,0,3,0,0,16,1,1,0,5,0,0,5,0,0,3,0
11,17,0,1,1,3,3,0,1,1,1,1,1,5,2,1,5,2,0,2,1
5,20,4,0,1,0,3,3,0,4,1,1,1,0,0,2,0,6,6,7,1
9,15,0,1,1,4,3,0,1,1,1,1,1,0,0,1,0,7,2,10,1
7,21,0,1,1,4,3,3,1,0,1,1,1,5,0,1,0,6,5,10,0
10,21,0,1,1,4,3,0,1,1,1,1,1,5,0,1,0,6,11,11,1
6,20,4,1,1,0,3,1,0,12,1,1,1,0,0,1,0,2,4,4,1
11,17,4,1,1,0,3,3,0,0,1,1,1,0,2,1,0,6,8,7,1
13,15,0,1,1,4,3,0,1,9,1,1,1,0,2,6,0,2,0,8,1
8,21,4,1,1,0,3,1,0,0,1,1,1,0,0,2,0,6,8,13,1
15,15,4,0,1,0,3,0,0,2,1,1,1,0,2,1,0,6,3,12,1
11,16,4,1,1,0,3,0,0,2,1,1,1,0,2,1,0,4,1,3,1
13,18,0,1,1,0,3,3,0,1,1,1,1,5,2,1,5,0,0,0,1
11,19,4,0,1,0,3,3,0,0,1,1,1,0,2,6,0,4,6,13,1
9,18,4,0,1,0,3,3,0,0,1,1,1,5,0,1,0,6,3,12,1
5,12,4,0,1,4,3,0,1,0,1,1,1,0,0,1,2,0,0,0,0
6,17,4,1,1,0,3,1,0,5,1,1,1,0,0,0,5,0,0,0,1
14,21,0,0,1,4,3,0,1,1,1,1,1,5,2,1,0,8,5,14,1
0,15,4,0,1,0,3,0,0,2,1,1,1,0,0,0,5,0,0,0,1
3,20,4,0,1,0,3,1,0,0,1,1,1,5,0,6,0,6,8,14,0
4,18,0,1,1,0,3,0,0,0,1,1,1,7,0,1,5,0,0,0,1
14,20,0,0,1,0,3,3,0,0,1,1,1,0,2,1,0,8,5,14,0
5,12,4,1,1,0,3,0,0,2,1,1,1,0,0,1,2,0,0,0,1
2,20,0,0,1,3,3,0,1,1,1,1,1,5,0,1,0,7,2,7,1
12,21,4,1,1,3,3,3,1,0,1,1,1,5,2,1,0,6,6,12,1
10,18,4,0,1,4,3,0,1,0,1,1,1,0,0,0,5,0,0,0,1
6,20,4,0,1,0,3,3,0,14,1,1,1,0,0,1,0,6,8,9,1
3,15,4,1,1,0,3,0,0,2,1,1,1,0,0,0,5,0,0,0,1
14,19,0,1,0,0,3,1,0,8,1,1,0,0,2,0,5,0,0,0,1
1,15,4,1,1,4,3,0,1,10,1,1,1,6,0,1,0,5,10,3,1
5,22,0,0,1,0,3,3,0,0,1,1,1,0,0,1,0,9,6,14,1
15,19,4,1,1,0,3,1,0,0,1,1,1,0,2,1,0,6,2,10,1
1,18,4,1,1,0,3,0,0,2,1,1,1,0,0,0,5,0,0,0,1
7,19,4,1,1,0,3,1,0,2,1,1,1,0,0,1,5,0,0,0,1
14,14,4,0,1,0,3,1,0,2,1,1,1,0,2,1,0,6,5,11,1
3,20,4,0,1,4,3,0,1,0,1,1,1,0,0,1,0,6,4,14,1
8,20,4,0,1,0,3,1,0,5,1,1,1,0,0,1,0,6,2,9,1
12,18,0,1,1,0,3,3,0,1,1,1,1,0,2,1,5,0,0,11,1
1,19,4,0,1,0,3,0,0,2,1,1,1,7,0,1,0,3,2,2,1
8,15,0,0,1,4,3,3,1,1,1,1,1,7,0,1,0,6,6,8,0
4,19,4,0,1,0,3,0,0,14,1,1,1,1,0,1,0,6,3,6,1
8,15,4,0,1,0,3,3,0,2,1,1,1,0,0,0,5,0,0,0,1
4,20,4,0,1,0,3,1,0,2,1,1,1,0,0,4,2,4,0,6,0
15,14,0,1,1,4,3,0,1,0,1,1,1,7,2,1,0,6,6,5,1
15,18,4,1,1,0,3,1,0,0,1,1,1,0,2,1,0,2,3,5,1
14,20,0,1,1,0,3,0,0,1,1,1,1,0,2,2,0,6,3,11,1
0,12,4,0,1,0,3,0,0,16,1,1,1,1,0,9,2,0,0,0,1
13,23,0,1,1,4,3,3,1,1,1,1,1,5,2,1,0,6,11,13,1
2,19,4,1,1,0,3,3,0,11,1,1,1,0,0,3,0,4,10,5,1
14,23,0,1,1,0,3,1,0,0,1,1,1,0,2,1,0,6,11,14,0
1,18,0,1,1,0,3,1,0,1,1,1,1,8,0,1,0,2,4,3,1
7,15,4,1,1,0,3,0,0,5,1,1,1,7,0,0,5,0,0,0,1
11,17,0,0,1,4,3,0,1,8,1,1,1,7,2,4,0,6,1,11,1
14,18,0,0,1,0,3,1,0,1,1,1,1,0,2,7,0,9,3,13,1
11,18,4,0,1,0,3,0,0,2,1,1,1,1,2,1,0,6,6,8,1
10,18,4,1,1,0,3,0,0,16,1,1,1,0,0,5,3,6,0,6,1
8,20,0,1,1,0,3,0,0,0,1,1,1,0,0,2,0,6,2,7,1
7,19,4,0,1,0,3,3,0,2,1,1,1,7,0,1,0,6,0,6,1
2,15,4,1,1,0,3,0,0,2,1,1,1,0,0,1,0,6,10,5,1
2,18,4,1,1,0,3,0,0,0,1,1,1,7,0,1,0,5,3,6,1
0,15,4,1,1,0,3,3,0,2,1,1,1,0,0,0,5,0,0,0,1
1,18,4,1,1,0,3,0,0,11,1,1,1,0,0,0,5,0,0,0,1
11,23,4,0,1,0,3,0,0,0,1,1,1,0,2,1,0,8,6,14,1
9,14,0,0,1,4,3,0,1,0,1,1,1,7,0,0,5,0,0,0,1
6,15,4,0,1,0,3,3,0,2,1,1,1,0,0,1,0,6,6,9,1
12,20,4,1,0,0,3,1,0,13,1,1,0,8,2,5,0,2,4,13,0
15,15,4,0,1,4,3,0,1,10,1,1,1,5,2,1,0,6,10,3,1
1,18,4,0,0,0,3,1,0,4,0,1,0,0,0,0,5,0,0,0,1
9,13,4,0,1,0,3,0,0,15,1,1,1,1,0,0,5,0,0,0,0
5,20,4,0,1,4,3,3,1,2,1,1,1,7,0,1,0,2,1,4,1
3,15,4,0,1,0,3,1,0,2,1,1,1,0,0,1,0,5,3,6,1
11,13,4,0,0,0,3,0,0,15,1,1,0,1,2,0,5,0,0,0,1
5,20,4,0,1,2,3,3,0,2,1,1,1,8,0,1,0,5,6,8,0
15,23,2,0,1,0,3,0,0,0,1,1,1,5,2,1,0,6,8,14,1
13,19,0,1,1,3,3,0,1,1,1,1,1,0,2,1,5,0,0,0,1
2,18,4,0,1,0,3,0,0,2,1,1,1,5,0,1,0,7,10,12,1
3,15,4,1,1,0,3,1,0,2,1,1,1,0,0,1,0,1,3,5,1
0,17,4,0,1,0,3,0,0,7,1,1,1,0,0,0,5,0,0,0,1
14,19,4,1,1,0,3,0,0,12,1,1,1,0,2,1,0,4,3,8,0
7,18,4,0,1,0,3,1,0,0,1,1,1,0,0,2,0,6,8,10,1
1,17,4,0,1,0,3,0,0,2,1,1,1,5,0,1,2,1,0,2,1
10,20,4,0,1,0,3,0,0,5,1,1,1,0,0,1,0,8,10,14,1
0,15,4,1,1,0,3,3,0,10,1,1,1,0,0,1,0,6,0,6,0
11,21,0,1,1,4,3,0,1,1,1,1,1,0,2,0,5,0,0,0,0
11,15,4,0,1,0,3,0,0,14,1,1,1,0,2,1,0,6,6,10,1
10,18,0,1,1,0,3,3,0,1,1,1,1,7,0,1,0,6,11,9,1
15,20,4,0,1,0,3,1,0,2,1,1,1,0,2,1,0,6,4,9,1
9,18,4,0,1,0,3,0,0,2,1,1,1,7,0,1,0,5,7,10,1
8,20,0,0,1,0,3,3,0,0,1,1,1,0,0,6,0,6,0,2,1
4,18,4,1,1,0,3,0,0,2,1,1,1,7,0,2,0,6,4,7,1
3,15,4,1,1,0,3,0,0,12,1,1,1,0,0,1,0,2,4,2,0
12,19,0,0,1,3,3,0,1,1,1,1,1,7,2,1,0,6,4,8,1
15,15,0,0,1,0,3,1,0,1,1,1,1,0,2,3,0,4,3,4,1
5,19,4,0,1,0,3,0,0,2,1,1,1,5,0,0,5,0,0,0,1
10,16,4,1,1,0,3,1,0,0,1,1,1,0,0,1,0,1,6,4,1
0,18,4,0,1,0,3,1,0,16,1,1,1,0,0,1,0,8,2,8,1
9,15,4,0,1,0,0,0,0,16,1,1,1,0,0,8,3,7,0,0,1
12,18,0,0,1,4,3,0,1,0,1,1,1,0,2,1,0,6,10,8,1
0,17,4,1,1,0,3,0,0,2,1,1,1,0,0,3,2,1,0,1,1
6,18,4,0,1,0,3,0,0,2,1,1,1,7,0,1,0,6,6,8,1
11,20,4,1,1,0,3,1,0,2,1,1,1,0,2,1,2,6,0,6,1
9,18,4,0,1,0,3,1,0,2,1,1,1,8,0,7,5,4,0,7,1
9,14,0,0,1,0,3,0,0,11,1,1,1,0,0,3,0,6,7,12,0
7,20,4,0,1,0,3,3,0,5,1,1,1,0,0,2,0,1,3,4,1
11,20,0,1,1,3,3,0,1,1,1,1,1,0,2,3,1,6,0,11,1
8,20,4,1,1,0,3,0,0,2,1,1,1,1,0,3,0,9,2,10,0
0,18,4,1,1,0,3,0,0,2,1,1,1,0,0,1,0,2,3,5,1
11,15,4,1,1,0,3,0,0,14,1,1,1,1,2,1,0,8,3,7,1
5,19,4,1,1,0,3,1,0,12,1,1,1,0,0,1,5,0,0,0,0
10,16,4,0,1,0,3,0,0,15,1,1,1,0,0,0,5,0,0,0,0
15,20,4,1,1,0,3,3,0,11,1,1,1,8,2,4,0,6,1,12,1
8,18,4,0,0,0,3,0,0,2,1,1,0,0,0,1,5,0,0,5,0
0,15,4,0,1,3,3,0,1,9,1,1,1,8,0,1,0,3,6,2,1
9,18,4,1,1,0,3,0,0,12,1,1,1,0,0,1,0,6,8,10,1
15,18,2,0,1,0,3,0,0,2,1,1,1,5,2,1,0,6,4,8,1
3,15,4,0,1,4,3,0,1,9,1,1,1,0,0,1,5,1,0,1,1
0,15,4,0,1,0,3,1,0,7,1,1,1,0,0,1,0,8,3,6,1
7,20,4,1,1,0,3,0,0,0,1,1,1,0,0,2,0,8,3,11,1
1,15,4,1,1,0,3,0,0,2,1,1,1,7,0,1,0,5,3,5,1
13,20,0,0,1,0,0,0,0,0,1,1,1,5,2,5,0,8,6,9,1
4,19,0,1,1,0,3,1,0,2,1,1,1,0,0,1,0,6,3,6,1
3,19,4,1,1,0,3,0,0,2,1,1,1,0,0,1,0,2,3,8,1
1,15,4,0,1,0,3,0,0,12,1,1,1,0,0,1,0,7,5,12,0
0,15,4,1,0,2,3,0,0,2,1,1,0,0,0,1,5,0,0,1,1
4,17,0,1,1,0,0,3,0,0,1,1,1,3,0,5,3,7,3,6,0
1,15,4,0,1,0,3,3,0,9,1,1,1,7,0,0,5,0,0,0,1
9,21,4,1,0,2,3,3,0,12,0,1,0,7,1,1,0,2,9,2,1
3,15,4,1,1,4,3,0,1,14,1,1,1,5,0,1,0,8,6,6,0
3,18,4,1,1,0,3,0,0,2,1,1,1,5,0,1,5,0,0,4,1
4,20,4,1,0,0,3,3,0,3,1,1,0,0,0,0,5,0,0,0,1
14,18,4,1,1,0,3,0,0,2,1,1,1,0,2,3,0,4,3,9,1
8,15,4,0,1,0,3,0,0,7,1,1,1,0,0,1,0,8,11,10,1
10,21,0,0,1,4,3,0,1,1,1,1,1,5,0,1,0,6,5,14,0
10,15,0,0,1,0,3,1,0,0,1,1,1,0,0,1,2,0,0,0,0
11,15,4,1,1,4,3,0,1,12,1,1,1,0,2,1,0,6,2,8,1
5,0,4,0,0,0,3,3,1,9,1,1,1,5,0,0,5,0,0,3,0
7,20,4,1,1,0,3,0,0,0,1,1,1,0,0,1,0,4,2,5,1
14,20,4,1,1,0,3,1,0,2,1,1,1,0,2,1,0,8,11,12,1
7,18,0,1,1,0,3,0,0,1,1,1,1,0,0,1,5,0,0,0,0
9,14,0,0,1,4,3,0,1,0,1,1,1,0,0,1,0,6,10,7,1
14,21,0,1,1,0,3,1,0,0,1,1,1,5,2,1,0,5,5,14,1
11,20,0,0,1,0,3,0,0,0,1,1,1,0,2,1,0,6,11,14,1
12,9,0,0,1,4,3,1,1,5,1,1,1,7,2,2,2,0,0,0,1
12,21,0,1,1,0,3,1,0,0,1,1,1,0,2,2,0,4,3,14,1
15,18,4,1,1,4,3,0,1,12,1,1,1,7,2,6,0,4,4,5,0
13,21,0,0,1,0,3,0,0,1,1,1,1,5,2,3,0,6,7,13,1
11,14,0,1,1,4,3,0,1,0,1,1,1,7,2,1,0,6,5,12,1
2,17,4,0,1,0,3,0,0,2,1,1,1,5,0,1,0,6,4,12,1
5,20,4,0,1,0,3,0,0,11,1,1,1,0,0,1,0,6,2,6,0
1,15,4,0,0,0,3,3,0,16,1,1,0,0,0,1,5,1,0,4,1
13,15,2,0,1,0,3,1,0,7,1,1,1,0,2,0,5,0,0,0,1
0,15,4,0,1,3,3,0,1,2,1,1,1,5,0,1,0,2,3,2,1
4,20,4,0,1,4,3,0,1,2,1,1,1,5,0,1,0,6,2,13,1
0,18,4,1,1,0,3,0,0,2,1,1,1,0,0,0,5,0,0,0,1
15,14,0,0,1,4,3,0,1,0,1,1,1,0,2,1,0,6,5,14,1
1,15,4,0,1,0,3,3,0,11,1,1,1,7,0,0,5,0,0,0,1
12,23,3,0,1,0,3,3,0,0,1,1,1,0,2,7,0,6,5,14,1
5,18,4,1,1,0,3,1,0,9,1,1,1,0,0,1,0,6,3,2,1
15,19,4,1,1,0,3,0,0,9,1,1,1,0,2,3,0,6,3,10,1
8,0,4,1,1,0,3,1,0,12,1,1,1,8,0,6,1,3,0,9,0
9,15,4,0,1,4,3,0,1,2,1,1,1,7,0,1,0,6,6,5,1
4,15,4,0,1,0,3,0,0,2,1,1,1,0,0,6,0,4,0,6,1
14,8,0,0,1,3,3,2,1,2,1,1,1,0,2,1,1,6,4,5,0
2,19,4,1,1,0,3,3,0,2,1,1,1,0,0,3,0,6,3,6,1
8,15,0,0,1,4,3,0,1,0,1,1,1,7,0,1,0,9,4,12,1
12,15,0,1,1,0,3,0,0,0,1,1,1,7,2,1,0,6,4,8,1
9,18,4,1,1,0,3,0,0,0,1,1,1,5,0,1,0,5,7,8,1
3,15,4,0,1,0,1,3,0,9,1,1,1,0,0,1,0,6,6,7,1
9,21,0,1,1,0,3,1,0,0,1,1,1,8,0,4,5,6,0,14,0
4,18,4,0,1,0,3,0,0,2,1,1,1,0,0,1,0,3,3,5,1
14,14,0,0,1,0,3,3,0,0,1,1,1,7,2,1,0,6,5,12,1
1,15,4,0,1,0,3,1,0,2,1,1,1,0,0,1,0,5,3,2,1
6,18,0,1,0,0,3,0,0,8,1,1,1,2,0,1,5,0,0,0,1
6,15,4,0,1,0,3,0,0,2,1,1,1,1,0,0,5,0,0,0,1
14,20,0,1,1,3,3,3,1,1,1,1,1,0,2,1,0,6,6,11,0
14,19,2,0,1,0,3,0,0,12,1,1,1,0,2,1,0,7,10,12,1
5,15,4,1,1,0,3,0,0,2,1,1,1,0,0,1,0,6,1,6,1
1,18,4,1,1,4,3,0,1,11,1,1,1,5,0,1,0,1,3,4,1
12,15,4,0,1,0,3,3,0,5,1,1,1,0,2,1,0,9,10,11,0
8,13,4,0,1,0,3,0,0,2,1,1,1,0,0,1,2,0,0,0,1
0,15,4,0,1,0,3,0,0,16,1,1,1,5,0,0,5,0,0,0,0
7,15,4,1,1,0,3,0,0,2,1,1,1,5,0,1,0,6,4,8,1
9,13,0,1,1,0,3,1,0,0,1,1,1,0,0,1,0,6,6,9,1
4,15,4,0,1,0,3,1,0,7,1,1,1,0,0,1,0,6,11,6,1
5,15,4,0,1,0,3,3,0,2,1,1,1,1,0,1,0,1,3,2,0
14,19,4,1,1,0,3,1,0,0,1,1,1,8,2,1,5,0,0,0,1
7,18,4,1,1,4,3,0,1,11,1,1,1,5,0,1,0,6,6,6,1
13,15,0,0,1,3,3,0,1,2,1,1,1,0,2,1,0,6,7,10,1
2,15,4,0,1,0,3,0,0,15,1,1,1,1,0,0,5,0,0,0,0
6,21,4,1,1,0,3,0,0,14,1,1,1,1,0,3,0,6,6,10,0
5,19,4,1,1,0,3,3,0,2,1,1,1,0,0,1,0,6,4,5,1
1,15,4,0,1,0,3,3,0,2,1,1,1,5,0,2,2,1,0,3,1
0,17,4,1,1,0,3,0,0,16,1,1,1,0,0,0,5,0,0,0,0
13,15,0,1,1,0,3,0,0,0,1,1,1,0,2,1,0,6,6,6,1
12,21,4,0,1,0,3,1,0,2,1,1,1,8,2,1,0,5,2,9,1
13,20,0,1,1,0,3,1,0,1,1,1,1,0,2,1,0,6,10,11,1
7,16,4,1,1,4,3,0,1,11,1,1,1,5,0,0,5,0,0,0,0
8,15,3,1,1,0,3,0,0,7,1,1,1,7,0,1,0,3,4,4,1
1,15,4,1,1,0,3,1,0,2,1,1,1,0,0,1,1,4,0,2,1
13,23,4,0,1,2,3,3,0,12,1,1,1,0,2,1,0,6,6,14,1
5,0,4,0,1,0,3,0,0,2,1,1,1,0,0,0,2,0,0,6,1
8,20,4,0,1,0,3,3,0,2,1,1,1,5,0,3,0,6,7,12,1
14,21,4,1,1,0,3,0,0,0,1,1,1,5,2,2,0,9,4,14,1
10,15,0,0,1,0,3,3,0,8,1,1,1,7,0,1,0,8,11,11,1
6,15,4,0,1,4,3,0,1,11,1,1,1,5,0,0,5,0,0,0,0
0,15,4,0,1,0,3,0,0,2,1,1,1,7,0,1,2,0,0,0,1
5,19,4,0,1,0,3,3,0,2,1,1,1,0,0,1,0,6,6,6,1
11,20,0,0,1,0,3,3,0,1,1,1,1,0,2,0,5,0,0,0,0
15,18,0,0,1,0,3,0,0,0,1,1,1,7,2,4,0,6,3,11,1
4,21,4,1,1,4,3,3,1,2,1,1,1,5,0,2,0,6,0,9,1
6,20,4,1,1,0,3,1,0,11,1,1,1,0,0,1,0,6,2,10,1
14,0,0,1,1,4,3,0,1,1,1,1,1,7,2,0,5,0,0,0,1
9,15,4,1,1,0,3,3,0,0,1,1,1,0,0,1,2,4,0,5,1
3,19,4,0,1,3,3,3,1,2,1,1,1,5,0,1,0,4,2,2,1
9,14,4,0,1,0,3,0,0,0,1,1,1,0,0,1,0,8,1,6,1
6,19,4,1,1,0,3,0,0,12,1,1,1,7,0,1,0,6,2,11,0
15,20,4,0,1,4,3,0,1,12,1,1,1,5,2,1,0,6,6,14,0
8,18,3,1,1,0,3,0,0,0,1,1,1,7,0,1,0,3,4,4,1
1,18,4,1,1,0,3,3,0,11,1,1,1,0,0,1,0,6,2,7,1
7,18,0,1,1,3,3,0,1,0,1,1,1,7,0,3,5,0,0,0,0
9,21,0,1,1,4,3,0,1,0,1,1,1,5,0,0,5,0,0,0,0
2,20,4,1,1,0,3,0,0,2,1,1,1,0,0,1,5,6,0,4,1
7,20,4,1,1,0,3,0,0,2,1,1,1,0,0,1,0,1,3,8,1
5,20,4,0,1,0,3,0,0,10,1,1,1,8,0,1,0,6,1,13,0
0,15,4,1,1,0,3,0,0,2,1,1,1,0,0,0,5,0,0,0,1
8,20,4,0,1,0,3,3,0,11,1,1,1,5,0,1,0,9,8,13,0
2,18,4,0,1,2,3,3,0,2,1,1,1,8,0,1,0,5,3,6,0
9,18,0,1,1,0,3,0,0,0,1,1,1,0,0,1,0,6,2,13,0
8,18,4,1,0,0,3,0,0,0,1,1,1,0,0,1,0,8,4,8,0
15,20,0,1,1,3,3,3,1,1,1,1,1,5,2,0,5,0,0,0,1
4,18,4,1,1,0,3,0,0,2,1,1,1,1,0,3,2,0,0,0,0
14,18,2,1,1,0,3,0,0,0,1,1,1,0,2,0,5,0,0,7,1
15,19,0,1,1,3,3,0,1,1,1,1,1,5,2,3,5,0,0,0,1
9,21,4,0,1,0,3,1,0,0,1,1,1,0,0,6,0,8,6,13,1
1,18,4,1,0,0,3,0,0,14,0,1,1,7,0,1,0,2,6,2,1
13,21,0,1,1,0,3,0,0,1,1,1,1,0,2,2,0,6,2,13,1
3,20,4,0,1,0,3,1,0,2,1,1,1,0,0,1,5,1,0,2,1
4,21,4,0,1,0,3,0,0,11,1,1,1,0,0,1,0,9,4,12,1
7,15,0,0,1,0,3,1,0,2,1,1,1,0,0,3,0,4,6,5,1
11,15,0,0,1,4,3,0,1,1,1,1,1,7,2,1,0,6,6,9,1
1,17,4,1,1,0,3,3,0,0,1,1,1,0,0,2,0,6,2,12,0
12,17,4,0,0,0,3,1,0,2,1,1,0,0,2,1,0,4,3,8,1
8,18,4,1,1,0,3,1,0,5,1,1,1,0,0,1,0,9,3,2,1
1,18,4,1,1,0,3,3,0,16,1,1,1,0,0,9,2,0,0,0,1
11,18,4,0,1,0,3,0,0,0,1,1,1,0,2,1,0,6,3,5,1
1,14,4,0,1,0,3,3,0,2,1,1,1,0,0,1,0,3,5,4,0
7,15,4,0,1,0,0,0,0,16,1,1,1,0,0,5,3,8,2,6,1
6,19,4,1,1,0,3,1,0,12,1,1,1,0,0,2,0,4,2,7,0
1,15,4,0,1,0,3,0,0,2,1,1,1,7,0,1,2,0,0,0,1
11,17,4,0,1,0,3,1,0,0,1,1,1,0,2,1,0,6,4,13,1
7,17,4,0,1,0,3,1,0,0,1,1,1,0,0,2,0,6,2,10,1
4,15,4,0,1,0,3,0,0,2,1,1,1,7,0,1,0,6,5,7,1
1,17,4,1,1,0,3,0,0,2,1,1,1,0,0,1,0,3,2,2,1
13,20,0,1,1,0,3,1,0,1,1,1,1,0,2,1,0,8,6,12,1
8,20,4,0,1,0,3,1,0,0,1,1,1,0,0,2,0,7,11,12,0
1,15,4,1,1,0,3,0,0,16,1,1,1,1,0,1,5,4,0,3,0
3,17,4,0,1,0,3,3,0,9,1,1,1,0,0,1,0,6,6,8,0
9,20,4,0,1,0,3,0,0,15,1,1,1,0,0,1,5,7,0,0,0
12,18,2,1,1,1,3,0,1,5,1,1,1,0,2,2,0,5,1,6,1
2,15,4,0,1,0,3,0,0,11,1,1,1,0,0,1,0,9,4,12,1
1,18,0,1,1,3,3,0,1,2,1,1,1,0,0,1,0,2,9,5,1
10,19,4,1,1,0,3,3,0,2,1,1,1,0,0,1,0,6,2,8,1
15,19,4,1,1,0,3,0,0,2,1,1,1,7,2,1,0,4,0,3,1
4,15,4,0,1,0,3,0,0,15,1,1,1,7,0,0,5,0,0,0,0
5,18,4,0,1,2,3,0,0,12,1,1,1,0,0,1,0,4,3,6,0
12,17,4,1,1,0,3,0,0,0,1,1,1,0,2,1,0,2,3,4,1
2,18,4,0,1,0,3,3,0,11,1,1,1,0,0,1,5,4,0,3,0
14,14,0,1,1,0,3,0,0,2,1,1,1,0,2,1,5,0,0,5,1
8,0,0,0,1,0,3,0,0,1,1,1,1,1,0,1,0,6,3,6,1
5,20,4,1,1,0,3,3,0,2,1,1,1,7,0,1,0,1,8,3,1
4,15,4,1,1,0,3,0,0,4,1,1,1,5,0,1,5,0,0,1,0
4,12,4,0,1,0,3,0,0,0,1,1,1,1,0,0,5,0,0,5,1
9,22,4,0,1,3,3,0,1,0,1,1,1,0,0,1,0,7,9,13,1
10,20,0,1,1,4,3,0,1,1,1,1,1,5,0,0,5,0,0,0,0
3,20,4,0,1,0,0,0,0,11,1,1,1,0,0,5,3,7,3,12,1
7,15,4,1,1,0,3,3,0,0,1,1,1,0,0,1,0,5,2,5,0
5,17,4,1,0,0,3,0,0,2,1,1,0,0,0,1,0,9,6,4,1
2,18,4,1,1,0,3,0,0,2,1,1,1,0,0,1,0,6,6,11,1
13,20,4,1,1,3,3,3,1,2,1,1,1,1,2,1,5,6,0,7,1
6,9,4,0,1,0,3,1,0,5,1,1,1,7,0,2,0,8,8,6,1
8,20,4,1,1,0,3,0,0,0,1,1,1,1,0,1,0,6,6,7,1
9,15,0,0,1,0,0,0,0,16,1,1,1,0,0,5,3,9,0,8,1
6,20,4,1,1,4,3,1,1,16,1,1,1,5,0,1,5,1,0,2,1
5,19,4,1,1,0,3,3,0,2,1,1,1,7,0,1,0,2,5,5,1
1,19,4,1,1,0,3,1,0,2,1,1,1,0,0,0,5,0,0,0,1
10,18,4,0,1,4,3,0,1,9,1,1,1,7,0,1,0,5,8,8,1
0,18,4,1,1,0,3,1,0,2,1,1,1,0,0,1,0,6,2,8,0
15,17,2,1,1,0,3,0,0,2,1,1,1,0,2,1,0,9,6,12,1
4,17,4,1,1,0,3,0,0,2,1,1,1,0,0,1,0,4,4,1,0
9,15,4,0,1,0,3,0,0,12,1,1,1,1,0,1,0,6,6,11,1
14,14,0,0,0,0,3,2,0,8,1,1,0,0,2,0,5,0,0,0,1
2,18,4,1,1,0,3,0,0,0,1,1,1,0,0,1,0,6,2,6,1
14,19,4,1,1,0,3,3,0,2,1,1,1,5,2,1,2,4,0,5,1
8,15,4,0,1,0,3,0,0,0,1,1,1,0,0,5,0,9,5,7,0
10,20,4,1,1,0,3,1,0,0,1,1,1,0,0,1,0,6,4,13,0
15,21,0,1,1,4,3,0,1,1,1,1,1,5,2,0,5,0,0,0,1
3,19,4,0,1,0,3,1,0,2,1,1,1,0,0,1,0,9,5,12,1
0,18,4,1,1,4,3,0,1,16,1,1,1,5,0,2,5,1,0,2,0
8,21,4,0,1,0,3,0,0,0,1,1,1,5,0,2,0,6,2,14,1
7,22,4,0,1,4,3,0,1,12,1,1,1,0,0,1,0,7,0,8,0
3,20,0,1,1,0,3,0,0,1,1,1,1,0,0,1,0,3,2,3,1
15,16,3,0,1,0,3,0,1,9,1,1,1,8,2,1,0,7,4,4,1
2,15,4,0,1,0,3,0,0,16,1,1,1,0,0,3,5,6,0,5,1
6,20,4,1,1,4,3,0,1,2,1,1,1,6,0,1,0,6,10,11,1
12,15,0,1,1,0,3,3,0,1,1,1,1,0,2,0,5,0,0,0,1
0,15,4,1,1,0,3,0,0,2,1,1,1,0,0,1,0,6,2,7,1
2,16,4,0,0,0,3,1,0,15,1,1,0,0,0,0,5,0,0,0,0
13,20,4,1,1,0,3,0,0,0,1,1,1,1,2,1,0,6,3,12,1
10,20,4,0,1,0,3,3,0,11,1,1,1,5,0,1,0,3,6,14,1
13,18,0,1,1,0,3,3,0,1,1,1,1,0,2,2,0,6,0,8,1
6,18,0,0,0,0,3,3,0,1,1,0,1,5,0,1,0,6,11,11,1
5,20,4,1,1,0,3,0,0,0,1,1,1,0,0,1,0,6,1,9,1
13,21,0,1,1,4,3,0,1,0,1,1,1,5,2,1,0,6,6,13,1
13,15,0,1,1,4,3,0,1,1,1,1,1,7,2,9,2,0,0,0,1
7,18,0,1,1,0,3,1,0,0,1,1,1,0,0,1,5,0,0,0,1
12,15,4,0,1,4,3,0,1,0,1,1,1,7,2,1,0,6,8,8,1
0,18,4,1,1,0,3,1,0,2,1,1,1,8,0,3,0,2,4,3,1
0,18,4,0,1,0,3,3,0,2,1,1,1,5,0,1,0,9,7,5,1
4,18,4,1,1,2,3,0,0,2,1,1,1,2,0,1,0,6,1,3,0
12,20,4,0,0,0,3,0,0,16,1,1,0,5,2,2,0,1,6,6,0
3,15,4,1,1,0,3,3,0,2,1,1,1,5,0,1,0,3,10,2,1
15,16,4,0,0,0,3,2,0,15,1,0,1,4,2,1,5,5,0,2,1
13,15,4,1,1,3,3,0,1,0,1,1,1,7,2,7,0,6,1,9,1
13,20,0,0,1,3,3,0,1,1,1,1,1,5,2,1,0,6,9,14,1
1,18,4,1,1,0,3,1,0,16,1,1,1,0,0,2,5,1,0,2,0
5,20,4,0,1,0,3,0,0,12,1,1,1,0,0,1,0,6,6,6,0
1,17,4,1,1,4,3,3,1,12,1,1,1,0,0,1,2,2,0,4,1
14,20,0,1,1,0,3,3,0,0,1,1,1,0,2,6,0,4,0,13,0
0,17,4,1,1,0,3,0,0,16,1,1,1,0,0,1,0,8,1,6,1
5,18,4,0,1,4,3,0,1,2,1,1,1,0,0,1,0,4,4,5,1
2,18,4,0,0,0,3,1,0,2,1,1,1,0,0,1,0,4,6,5,1
14,18,0,1,0,4,3,0,1,8,1,1,0,7,1,1,1,2,0,2,1
8,16,0,0,1,4,3,0,1,2,1,1,1,0,0,1,0,6,6,10,0
0,15,4,1,1,0,3,1,0,2,1,1,1,0,0,1,0,4,4,2,1
14,11,0,1,0,4,3,0,1,0,1,1,1,0,2,0,5,0,0,0,1
6,18,4,0,1,0,3,1,0,0,1,1,1,0,0,3,0,1,4,2,1
5,15,4,1,1,0,3,0,0,2,1,1,1,0,0,0,5,0,0,0,1
9,15,0,0,1,3,3,0,1,0,1,1,1,0,0,1,0,6,2,11,1
6,18,4,1,1,0,3,1,0,12,1,1,1,0,0,1,5,3,0,4,1
11,18,4,0,1,0,3,0,0,11,1,1,1,2,2,1,0,6,3,11,1
6,11,4,1,1,0,3,0,0,10,1,1,1,0,0,1,0,1,5,1,1
8,15,4,1,0,0,3,0,0,0,1,1,0,7,0,1,1,4,0,8,1
13,18,0,1,1,3,3,0,1,2,1,1,1,5,2,1,0,6,3,9,1
1,15,4,1,1,0,3,0,0,7,1,1,1,0,0,1,0,6,1,6,1
8,15,0,0,0,0,3,3,0,8,1,1,0,7,0,1,0,3,6,5,1
13,18,4,0,1,4,3,0,1,0,1,1,1,5,2,1,0,6,3,5,1
10,16,0,0,1,0,3,0,0,1,1,1,1,0,0,1,0,6,10,13,1
13,7,4,0,1,0,3,0,0,5,1,1,1,7,2,2,0,2,3,14,1
14,17,4,1,1,0,3,0,0,2,1,1,1,1,2,1,5,0,0,5,1
7,17,0,1,1,4,3,0,1,1,1,1,1,0,0,9,2,0,0,0,1
0,18,4,0,1,0,3,1,0,16,1,1,1,8,0,1,5,2,0,3,0
2,18,4,1,1,0,3,3,0,2,1,1,1,0,0,0,5,0,0,0,1
4,18,4,0,1,0,1,0,0,11,1,1,1,0,0,1,0,9,11,3,0
8,17,4,1,1,0,3,0,0,2,1,1,1,0,0,0,5,0,0,0,0
12,21,0,1,1,0,3,0,0,0,1,1,1,5,2,1,0,6,4,13,1
3,15,4,1,1,0,3,3,0,2,1,1,1,0,0,1,5,0,0,6,1
8,15,0,1,1,0,3,1,0,0,1,1,1,8,0,1,0,6,1,7,1
2,19,0,1,1,4,3,0,1,8,1,1,1,7,0,1,0,7,4,11,0
14,20,0,1,1,3,3,0,1,1,1,1,1,5,2,1,0,8,8,13,1
1,15,4,1,1,0,3,0,0,16,1,1,1,0,0,1,5,0,0,0,1
10,17,4,1,1,0,3,1,0,2,1,1,1,0,0,1,0,6,3,8,1
13,14,4,0,0,0,3,0,0,15,1,1,0,7,2,0,5,0,0,5,1
11,20,4,0,1,0,3,3,0,11,1,1,1,0,2,1,0,7,6,13,1
5,14,4,1,1,0,3,0,1,9,1,1,1,5,0,6,0,1,4,3,1
8,15,4,1,1,0,3,0,0,0,1,1,1,7,0,1,0,2,2,5,1
5,15,4,1,1,0,3,1,0,2,1,1,1,0,0,1,0,4,5,5,1
8,20,4,0,1,0,3,1,0,0,1,1,1,0,0,4,0,6,1,12,1
4,19,0,1,1,3,3,0,1,2,1,1,1,0,0,0,5,0,0,0,1
9,15,4,0,1,0,3,3,0,2,1,1,1,0,0,1,0,6,11,8,1
4,15,4,0,1,0,3,1,0,2,1,1,1,7,0,1,2,2,0,4,1
10,19,4,1,1,0,3,1,0,0,1,1,1,0,0,1,0,6,8,11,1
8,20,0,0,1,0,3,1,0,1,1,1,1,0,0,1,1,8,0,11,1
8,20,4,0,1,0,3,0,0,2,1,1,1,0,0,1,0,6,2,9,1
4,20,0,0,1,4,3,0,1,1,1,1,1,5,0,1,0,1,4,2,1
13,20,4,1,1,4,3,0,1,9,1,1,1,5,2,6,0,1,0,1,1
6,20,4,0,0,0,3,0,0,11,1,1,0,0,0,0,5,0,0,0,0
3,19,4,1,1,0,3,3,0,11,1,1,1,5,0,1,0,1,8,4,0
8,15,0,1,1,0,3,3,0,1,1,1,1,7,0,1,0,8,1,8,1
4,17,0,0,1,0,3,1,0,15,1,1,1,0,0,1,5,9,0,2,0
13,19,0,1,1,4,3,0,1,0,1,1,1,0,2,1,0,6,3,12,1
11,17,0,1,1,0,3,0,0,1,1,1,1,7,2,1,0,6,6,9,1
1,18,4,1,1,0,3,1,0,7,1,1,1,0,0,0,5,0,0,0,1
9,20,4,0,1,4,3,0,1,5,1,1,1,5,0,1,0,6,3,13,1
10,15,4,1,1,0,3,3,0,0,1,1,1,7,0,1,0,5,2,8,1
6,15,0,0,1,4,3,0,1,1,1,1,1,0,0,1,0,4,3,4,1
3,15,4,0,1,0,3,3,0,14,1,1,1,0,0,1,0,2,6,8,1
0,15,4,1,1,0,3,0,0,16,1,1,1,0,0,2,0,1,1,3,1
9,20,4,0,1,3,3,0,1,2,1,1,1,1,0,3,0,6,6,13,1
0,18,4,1,1,0,3,0,0,2,1,1,1,7,0,0,5,0,0,0,1
3,20,4,1,1,0,3,3,0,4,1,1,1,0,0,2,0,1,8,1,1
1,15,4,0,1,0,3,0,0,2,1,1,1,1,0,9,2,0,0,0,0
8,17,0,0,1,4,3,0,1,1,1,1,1,0,0,1,0,6,4,8,0
3,18,4,1,0,0,3,3,0,2,1,0,1,0,0,0,5,0,0,4,1
0,18,4,1,1,0,3,1,0,14,1,1,1,0,0,1,0,6,0,3,1
15,15,0,1,1,0,3,0,0,1,1,1,1,0,2,1,0,6,6,12,1
10,16,4,1,1,0,3,3,0,2,1,1,1,0,0,0,5,0,0,10,1
4,18,4,1,1,0,3,0,0,11,1,1,1,1,0,1,0,3,7,9,1
3,15,4,0,1,0,3,0,0,2,1,1,1,0,0,9,2,0,0,0,1
0,15,0,1,1,0,3,1,0,1,1,1,1,0,0,1,5,1,0,2,1
8,20,2,1,1,0,3,1,0,7,1,1,1,0,0,1,5,6,0,7,1
11,21,0,1,1,4,3,0,1,8,1,1,1,5,2,3,0,6,1,11,1
1,15,4,0,1,0,3,3,0,2,1,1,1,8,0,1,0,4,1,3,1
14,20,4,1,1,0,3,1,0,0,1,1,1,0,2,2,0,6,3,11,1
13,20,0,1,1,0,3,0,0,0,1,1,1,5,2,1,0,6,9,14,1
14,20,4,0,1,0,3,1,0,5,1,1,1,0,2,1,0,9,0,13,1
14,6,0,0,1,4,3,0,1,0,1,1,1,7,2,1,0,7,8,10,1
1,14,4,0,1,0,3,0,0,5,1,1,1,8,0,1,2,6,0,8,1
1,15,4,0,1,0,3,1,0,12,1,1,1,0,0,3,0,1,2,6,0
10,16,0,0,1,0,3,1,0,0,1,1,1,0,0,1,0,1,2,3,1
12,18,0,0,1,0,3,0,0,0,1,1,1,7,2,1,0,6,6,11,1
4,15,2,1,1,0,3,1,0,7,1,1,1,7,0,1,5,0,0,2,1
10,15,4,1,1,0,3,0,0,12,1,1,1,7,0,1,0,6,4,4,1
10,19,4,0,1,4,3,3,1,11,1,1,1,0,0,1,0,4,4,5,1
6,15,0,0,1,4,3,3,1,8,1,1,1,7,0,1,0,6,6,8,1
0,15,4,0,1,0,3,1,0,2,1,1,1,0,0,0,5,0,0,0,1
4,18,4,0,1,0,3,1,0,11,1,1,1,8,0,6,0,2,2,5,1
9,18,0,0,1,0,3,0,0,1,1,1,1,0,0,4,0,6,5,8,0
8,20,4,1,1,0,3,1,0,0,1,1,1,8,0,1,1,6,0,10,1
0,15,4,1,1,0,3,0,0,11,1,1,1,0,0,0,5,0,0,0,0
7,18,4,1,1,0,3,0,0,0,1,1,1,0,0,3,0,1,2,4,1
14,20,0,0,1,0,3,0,0,1,1,1,1,5,2,3,0,6,2,13,1
2,18,4,0,0,0,3,0,0,2,1,1,0,1,0,0,5,0,0,3,1
7,18,4,1,1,4,3,0,1,11,1,1,1,0,0,1,0,6,6,12,1
11,19,0,1,1,4,3,0,1,0,1,1,1,0,2,1,0,1,2,4,1
8,18,4,0,1,0,3,0,0,0,1,1,1,5,0,1,0,4,3,12,0
4,16,4,1,1,0,3,2,0,10,1,1,1,4,0,1,0,9,10,1,1
9,18,4,0,1,0,3,0,0,5,1,1,1,0,0,1,0,1,3,6,1
3,15,0,0,1,3,3,0,1,1,1,1,1,5,0,1,5,6,0,2,1
2,17,4,1,1,0,3,0,0,2,1,1,1,0,0,1,0,2,4,5,0
1,15,4,0,1,0,3,1,0,2,1,1,1,0,0,1,0,3,2,5,1
11,20,0,0,1,2,0,1,0,0,1,1,1,0,2,4,0,8,6,14,1
11,20,4,1,1,0,3,3,0,2,1,1,1,5,2,1,0,6,6,11,1
7,20,4,1,1,0,3,1,0,0,1,1,1,0,0,1,0,6,10,11,1
0,15,4,0,1,0,3,0,0,2,1,1,1,0,0,0,5,0,0,0,1
10,20,0,0,1,0,3,1,0,1,1,1,1,0,0,1,0,8,11,11,1
4,20,4,1,1,0,3,1,0,2,1,1,1,5,0,2,0,1,2,5,1
6,18,4,1,1,0,3,1,0,2,1,1,1,0,0,1,5,0,0,0,1
6,18,4,0,0,0,3,3,0,0,1,0,1,5,0,4,0,6,4,11,1
11,18,4,0,1,3,3,0,1,10,1,1,1,0,2,1,0,6,6,10,1
15,18,2,0,1,0,3,0,0,16,1,1,1,1,0,1,3,3,0,1,1
9,15,0,0,1,0,3,0,0,0,1,1,1,7,0,6,5,0,0,0,1
0,13,4,0,1,0,3,3,0,10,1,1,1,8,0,0,5,0,0,0,1
15,20,4,0,1,0,3,0,0,15,1,1,1,7,2,4,5,6,0,2,0
15,18,0,1,1,0,3,0,0,1,1,1,1,0,2,1,0,5,3,2,1
5,20,4,1,1,0,3,1,0,11,1,1,1,0,0,4,0,6,10,10,0
5,18,4,0,1,0,3,3,0,2,1,1,1,0,0,1,0,2,11,5,1
11,20,4,1,1,0,3,0,0,2,1,1,1,1,2,1,0,3,4,10,1
11,10,0,0,1,0,0,0,0,7,1,1,1,0,2,5,3,6,3,10,1
12,20,4,0,1,3,3,0,1,0,1,1,1,5,0,2,0,6,8,14,1
10,16,0,0,1,0,3,0,0,2,1,1,1,0,0,1,0,6,3,10,0
5,20,4,0,1,0,3,0,0,15,1,1,1,0,0,4,5,0,0,0,0
14,0,4,1,0,0,3,3,0,2,1,1,0,7,2,0,5,0,0,6,1
11,5,3,0,1,3,1,0,1,2,1,1,1,0,2,6,0,6,10,4,1
2,15,4,0,1,0,3,0,0,2,1,1,1,5,0,1,0,6,4,4,1
7,21,4,0,1,4,3,0,1,9,1,1,1,5,0,1,0,6,10,14,1
8,18,4,0,1,0,3,0,0,5,1,1,1,5,0,1,2,0,0,0,1
4,17,4,0,1,0,3,0,0,2,1,1,1,0,0,1,0,6,1,8,0
6,19,4,1,1,0,3,1,0,0,1,1,1,0,0,2,0,6,8,13,1
14,21,0,1,1,4,3,0,1,1,1,1,1,5,2,0,5,0,0,0,0
12,20,4,1,1,0,3,0,0,2,1,1,1,7,2,3,0,6,2,12,1
4,12,4,0,1,2,3,0,0,3,1,1,1,1,0,1,0,6,8,13,0
10,21,0,0,1,0,3,3,0,0,1,1,1,0,0,1,0,6,8,14,1
9,21,4,0,1,0,3,0,0,14,1,1,1,0,0,1,2,0,0,9,1
13,19,0,1,1,0,3,0,0,0,1,1,1,5,2,2,0,6,6,10,1
4,19,4,1,1,4,3,0,1,0,1,1,1,0,0,1,0,4,6,6,0
12,20,0,0,1,0,3,3,0,14,1,1,1,5,2,1,0,4,3,6,0
12,18,4,0,1,0,3,0,0,14,1,1,1,0,2,1,0,4,4,9,1
7,15,4,1,1,0,3,3,0,7,1,1,1,0,0,1,2,0,0,9,1
8,17,0,0,1,4,3,0,1,8,1,1,1,0,0,1,0,6,6,7,1
8,15,0,1,1,0,3,0,0,8,1,1,1,0,0,1,1,4,0,8,1
12,15,3,1,1,0,3,0,0,0,1,1,1,7,2,1,0,6,4,9,0
12,20,2,0,1,0,3,1,0,0,1,1,1,0,2,4,0,9,1,12,1
13,18,0,0,1,3,3,0,1,1,1,1,1,7,2,3,0,9,8,12,0
7,13,0,0,1,0,3,3,0,4,1,1,1,0,0,1,0,6,4,7,1
2,17,0,1,1,0,3,3,0,8,1,1,1,5,0,1,0,3,2,8,1
8,19,4,1,1,0,3,0,0,11,1,1,1,5,0,1,0,4,8,5,0
9,20,4,1,1,4,3,0,1,0,1,1,1,5,0,1,0,6,3,11,0
9,18,4,1,1,0,3,0,0,0,1,1,1,0,0,2,5,1,0,1,1
2,15,4,1,1,0,3,0,0,12,1,1,1,0,0,1,2,1,0,3,1
11,20,0,0,1,0,3,1,0,0,1,1,1,0,2,1,0,6,3,14,1
13,20,4,0,1,2,3,3,0,0,1,1,1,5,2,1,0,7,6,12,0
9,20,4,0,1,4,3,0,1,2,1,1,1,5,0,1,0,4,10,5,1
5,20,4,0,1,0,3,0,0,2,1,1,1,0,0,4,0,6,10,9,1
7,13,4,0,1,0,3,3,0,11,1,1,1,7,0,1,0,6,2,6,1
8,23,0,1,1,0,3,0,0,0,1,1,1,5,0,1,0,6,11,14,1
6,14,4,1,1,4,3,3,1,11,1,1,1,0,0,1,0,5,8,7,1
15,19,0,1,1,0,3,1,0,2,1,1,1,0,2,4,0,4,1,6,1
13,15,4,0,1,0,3,0,0,7,1,1,1,7,2,1,0,6,11,3,0
15,21,4,0,1,0,3,3,0,14,1,1,1,7,2,0,5,0,0,0,1
4,15,4,1,1,0,3,0,0,2,1,1,1,1,0,1,0,3,5,6,1
10,18,0,1,1,0,3,0,0,0,1,1,1,0,0,1,0,6,4,10,1
9,21,0,1,1,0,3,0,0,0,1,1,1,5,0,3,0,2,2,8,0
10,20,4,1,1,0,3,0,0,3,1,1,1,0,0,0,5,0,0,0,1
12,18,4,0,1,0,3,3,0,11,1,1,1,5,2,1,0,6,7,10,1
10,18,0,1,1,4,3,0,1,8,1,1,1,7,0,1,0,6,6,7,1
3,20,4,1,1,0,3,0,0,2,1,1,1,8,0,1,0,2,3,5,0
14,19,0,1,1,0,3,1,0,1,1,1,1,0,2,1,0,6,3,11,0
5,22,0,1,1,0,3,3,0,1,1,1,1,0,0,1,0,6,3,13,1
7,20,4,1,1,0,3,0,0,2,1,1,1,5,0,0,5,0,0,0,1
10,0,4,0,1,0,3,0,0,2,1,1,1,7,0,1,0,6,4,7,1
10,18,0,0,1,0,3,1,0,8,1,1,1,0,0,1,0,6,3,11,1
12,20,0,1,1,3,3,0,1,0,1,1,1,5,2,1,0,6,3,10,1
12,18,2,0,1,0,1,3,0,0,1,1,1,0,2,1,0,6,7,12,1
5,14,0,0,1,0,3,3,0,0,1,1,1,7,0,1,0,8,8,6,0
8,20,4,0,1,0,3,0,0,0,1,1,1,5,0,1,0,3,9,14,0
10,20,4,0,1,0,3,3,0,14,1,1,1,0,0,3,0,8,10,12,1
5,18,4,1,1,0,3,0,0,0,1,1,1,0,0,6,0,2,10,4,1
6,15,4,0,0,4,3,0,1,14,1,1,1,0,0,1,0,6,6,10,1
3,15,4,1,1,0,3,0,0,12,1,1,1,0,0,2,0,6,2,3,1
0,15,4,0,1,0,3,0,0,3,1,1,1,0,0,2,0,2,2,5,1
14,19,0,1,1,0,3,0,0,0,1,1,1,1,2,1,5,0,0,0,1
7,20,4,0,1,0,3,1,0,12,1,1,1,8,0,1,0,6,4,10,0
1,18,4,0,1,4,3,0,1,2,1,1,1,0,0,0,5,0,0,0,1
5,20,4,0,1,0,3,1,0,2,1,1,1,8,0,4,5,1,0,2,0
4,18,4,1,1,0,3,0,0,2,1,1,1,7,0,0,5,0,0,0,1
9,18,0,1,1,0,3,1,0,0,1,1,1,0,0,3,5,6,0,12,0
7,17,4,1,1,0,3,1,0,2,1,1,1,0,0,1,0,6,8,7,1
13,20,4,1,1,3,3,3,1,5,1,1,1,5,2,1,0,6,4,11,1
15,18,0,0,1,4,3,0,1,1,1,1,1,7,2,1,0,4,4,5,1
4,18,4,0,1,0,3,0,0,2,1,1,1,7,0,0,5,0,0,0,1
2,13,4,0,1,4,3,0,1,2,1,1,1,7,0,6,2,2,0,5,1
5,20,4,1,1,0,3,0,0,11,1,1,1,0,0,1,0,5,8,5,1
11,20,4,0,1,0,3,0,0,0,1,1,1,1,2,1,0,6,3,12,1
12,20,0,0,1,0,1,0,0,0,1,1,1,0,2,1,0,7,7,13,1
12,0,4,1,1,0,3,0,0,0,1,1,1,7,2,0,5,0,0,3,1
5,17,0,1,1,0,3,1,0,1,1,1,1,8,0,1,5,0,0,0,1
4,13,4,0,1,0,3,3,0,4,1,1,1,0,0,1,0,4,6,7,1
8,20,4,1,1,0,3,1,0,0,1,1,1,8,0,6,0,1,0,1,1
14,18,4,1,1,0,3,0,0,9,1,1,1,0,0,4,0,6,5,4,1
4,21,4,1,1,0,3,0,0,2,1,1,1,7,0,2,0,6,4,8,1
8,20,4,1,1,4,3,0,1,0,1,1,1,5,0,3,2,6,0,5,1
13,15,0,1,1,0,3,0,0,8,1,1,1,0,2,1,0,6,3,5,1
5,20,4,1,0,0,3,3,0,2,1,1,1,5,0,0,5,0,0,5,1
4,20,4,1,1,0,1,3,0,10,1,1,1,0,0,1,0,6,7,10,1
9,20,4,1,1,0,3,1,0,0,1,1,1,8,0,4,0,9,6,7,1
15,21,0,1,1,0,3,0,0,1,1,1,1,0,2,3,0,6,2,11,1
14,18,0,1,1,4,3,0,1,8,1,1,1,0,2,1,0,2,0,3,0
9,19,0,1,1,0,3,1,0,0,1,1,1,0,0,1,0,6,7,10,0
5,22,4,0,1,0,3,0,0,15,1,1,1,1,0,1,5,6,0,1,1
5,20,4,1,1,0,3,0,0,12,1,1,1,0,0,1,0,7,8,5,1
11,17,0,1,1,0,3,0,0,8,1,1,1,0,2,3,0,6,1,11,1
2,18,0,1,1,0,3,2,0,8,1,1,1,0,0,1,5,3,0,0,1
4,18,4,1,1,0,3,0,0,2,1,1,1,7,0,1,0,2,4,2,1
9,20,0,1,1,0,3,0,0,0,1,1,1,0,0,2,0,6,3,13,0
0,18,4,1,1,0,3,1,0,16,1,1,1,8,0,2,5,2,0,3,0
0,15,4,1,1,0,3,0,0,2,1,1,1,0,0,0,5,0,0,0,1
15,9,0,0,1,0,3,1,0,2,1,1,1,7,2,3,0,8,7,4,1
5,18,4,0,1,4,3,0,1,10,1,1,1,5,0,1,0,6,0,3,0
9,20,4,1,1,0,3,1,0,2,1,1,1,0,0,6,0,5,0,10,1
7,16,4,0,1,0,3,0,0,2,1,1,1,0,0,0,5,0,0,0,1
15,18,0,1,1,4,3,0,1,1,1,1,1,7,2,1,0,4,4,5,1
12,20,0,1,1,0,3,0,0,0,1,1,1,0,2,1,0,8,2,14,1
7,20,4,1,1,0,3,1,0,11,1,1,1,5,0,1,0,7,2,11,0
4,19,4,1,1,0,3,1,0,11,1,1,1,0,0,1,0,4,5,7,0
10,16,4,0,1,4,3,0,1,0,1,1,1,0,0,1,0,6,4,4,1
8,20,4,1,1,0,3,0,0,0,1,1,1,0,0,2,0,8,6,12,0
5,20,0,0,1,0,3,0,0,1,1,1,1,5,0,1,0,6,1,9,1
9,20,4,0,0,0,3,3,0,14,1,1,0,0,0,1,5,2,0,2,1
1,18,4,1,1,4,3,3,1,12,1,1,1,0,0,1,0,5,9,2,1
2,18,4,0,1,0,3,0,0,2,1,1,1,7,0,1,0,6,4,11,1
2,18,4,1,1,0,3,0,0,12,1,1,1,0,0,1,5,0,0,0,0
12,18,0,1,1,0,3,0,0,0,1,1,1,0,2,0,5,0,0,0,1
12,13,4,1,0,0,3,3,0,13,1,0,0,8,2,6,2,0,0,0,1
6,18,4,1,1,0,3,0,0,2,1,1,1,1,0,0,5,0,0,0,1
11,20,4,1,1,2,3,1,0,12,1,1,1,0,2,1,0,6,3,12,0
9,17,4,1,1,0,3,0,0,2,1,1,1,0,0,1,0,6,1,8,1
1,18,4,0,1,0,3,1,0,16,1,1,1,5,0,0,5,0,0,8,0
9,14,0,0,1,0,3,0,0,0,1,1,1,7,0,1,0,6,7,12,1
7,15,4,1,1,4,3,3,1,14,1,1,1,5,0,1,5,0,0,0,1
10,12,3,1,1,0,3,0,0,0,1,1,1,1,0,0,5,0,0,4,1
2,14,4,0,1,4,3,0,1,2,1,1,1,5,0,0,5,0,0,0,1
6,20,4,0,1,0,3,0,0,0,1,1,1,0,0,1,0,6,6,11,1
3,21,4,0,1,0,3,1,0,0,1,1,1,0,0,1,0,7,5,14,1
13,12,4,0,1,0,3,0,0,12,1,1,1,7,2,1,0,6,7,13,1
7,20,4,1,1,0,3,1,0,2,1,1,1,0,0,1,0,6,8,13,1
2,15,4,0,1,4,3,0,1,2,1,1,1,0,0,1,0,6,2,7,1
5,15,4,0,1,0,3,1,0,2,1,1,1,0,0,1,0,2,4,6,1
7,19,4,1,1,0,3,0,0,2,1,1,1,5,0,2,0,6,11,8,1
1,18,4,1,1,0,3,1,0,2,1,1,1,0,0,0,5,0,0,0,1
4,20,4,0,1,2,3,0,0,3,1,1,1,1,0,1,0,4,10,6,1
1,18,4,0,1,0,3,0,0,16,1,1,1,5,0,0,5,0,0,0,0
7,18,4,0,1,0,3,1,0,2,1,1,1,0,0,2,0,6,8,6,1
9,20,0,1,1,0,3,0,0,0,1,1,1,0,0,5,0,7,4,13,0
5,19,4,0,1,0,3,0,0,2,1,1,1,8,0,1,5,0,0,0,1
14,20,0,0,1,4,3,0,1,1,1,1,1,5,2,1,0,7,5,13,1
10,20,4,1,1,3,3,0,1,2,1,1,1,0,0,1,5,0,0,0,1
12,17,2,0,1,0,3,1,0,12,1,1,1,0,2,4,0,6,4,11,1
15,19,4,1,1,0,3,0,0,2,1,1,1,0,2,1,0,8,0,9,1
3,18,4,1,1,0,3,0,0,12,1,1,1,0,0,1,5,0,0,0,1
13,20,0,1,1,0,3,1,0,1,1,1,1,0,2,3,0,9,5,12,1
4,18,4,1,1,0,3,0,0,11,1,1,1,5,0,1,0,7,8,10,0
8,15,0,0,1,0,3,0,0,0,1,1,1,7,0,1,0,6,8,8,1
15,15,0,0,1,0,3,0,0,1,1,1,1,0,2,1,0,7,2,10,1
0,18,4,0,1,0,3,3,0,16,1,1,1,1,0,1,5,1,0,3,1
15,21,0,0,1,0,3,1,0,0,1,1,1,0,2,1,0,9,2,14,1
13,20,4,0,1,0,3,1,0,0,1,1,1,5,2,7,1,9,0,10,0
5,18,4,0,1,3,3,0,1,2,1,1,1,5,0,1,0,6,10,8,1
10,17,0,0,1,0,3,3,0,0,1,1,1,0,0,0,5,0,0,0,0
8,20,4,1,1,0,3,0,0,11,1,1,1,0,0,3,0,6,4,6,1
7,18,4,1,1,0,3,0,0,2,1,1,1,7,0,1,0,6,8,8,1
15,20,4,0,1,4,3,0,1,0,1,1,1,0,2,1,5,6,0,5,1
7,20,0,1,1,0,3,3,0,1,1,1,1,0,0,1,0,6,5,13,0
0,18,4,1,1,0,3,0,0,9,1,1,1,0,0,1,0,3,0,3,1
14,18,0,0,1,0,3,1,0,0,1,1,1,0,2,4,0,6,5,12,1
6,17,4,0,1,0,3,0,0,9,1,1,1,0,0,3,0,4,10,3,1
10,18,4,0,1,4,3,0,1,0,1,1,1,7,0,7,0,6,6,9,1
13,0,0,0,1,4,3,3,1,1,1,1,1,7,2,1,0,6,4,6,1
0,18,4,1,1,0,3,3,0,11,1,1,1,0,0,0,5,0,0,0,1
14,20,0,1,1,0,3,0,0,1,1,1,1,0,2,1,0,6,8,13,1
1,19,4,0,1,0,3,0,0,2,1,1,1,5,0,0,5,0,0,0,1
3,15,4,0,1,0,3,3,0,12,1,1,1,0,0,1,0,6,2,5,0
12,20,4,0,1,0,3,0,0,11,1,1,1,0,2,1,0,7,10,13,0
5,20,4,1,1,0,3,0,0,0,1,1,1,5,0,1,0,2,4,4,0
12,18,4,1,1,0,3,0,0,0,1,1,1,0,2,2,0,6,8,10,0
11,17,4,1,1,0,3,0,0,0,1,1,1,7,2,0,5,0,0,0,1
6,15,4,0,1,0,3,0,0,12,1,1,1,0,0,1,0,6,11,11,0
13,20,4,1,1,3,3,1,0,0,1,1,1,0,2,7,0,6,5,14,1
0,17,4,1,1,0,3,0,0,2,1,1,1,0,0,1,5,0,0,0,1
14,18,0,0,1,0,3,0,0,1,1,1,1,7,2,1,0,6,8,10,1
5,15,4,1,1,0,3,0,0,7,1,1,1,0,0,1,0,8,11,6,0
10,20,0,1,1,0,3,1,0,0,1,1,1,0,0,2,0,6,11,12,0
12,18,0,1,1,4,3,0,1,1,1,1,1,0,2,1,0,6,4,10,1
7,16,4,0,1,0,3,0,0,12,1,1,1,5,0,0,5,0,0,0,1
1,18,4,1,1,0,3,0,0,16,1,1,1,0,0,0,5,0,0,0,1
10,14,4,0,1,0,3,0,0,14,1,1,1,0,0,0,5,0,0,0,1
6,18,4,0,0,0,3,1,0,2,1,1,0,0,0,0,5,0,0,4,1
1,15,4,1,1,0,3,0,0,2,1,1,1,5,0,1,2,6,0,2,0
11,14,0,0,1,0,3,0,0,2,1,1,1,0,2,3,0,6,2,12,1
7,17,0,1,1,0,3,0,0,2,1,1,1,8,0,1,1,6,0,10,1
5,17,4,1,1,0,3,1,0,0,1,1,1,8,0,1,0,8,8,8,1
0,18,4,0,1,0,3,0,0,2,1,1,1,7,0,1,0,2,6,2,1
13,21,4,0,1,0,3,1,0,0,1,1,1,5,2,3,0,6,10,14,0
14,20,0,1,1,4,3,0,1,0,1,1,1,5,2,1,0,6,11,10,1
9,9,4,0,0,0,1,3,1,9,1,0,1,5,0,9,2,0,0,0,1
5,19,4,1,1,0,3,0,0,2,1,1,1,0,0,1,0,4,2,6,0
6,21,4,0,1,0,3,3,0,5,1,1,1,5,0,1,0,8,6,14,0
9,18,4,1,1,0,3,3,0,2,1,1,1,1,0,2,5,0,0,0,1
10,13,4,0,0,0,3,0,0,2,1,1,0,8,0,1,5,0,0,5,1
12,19,4,1,1,0,3,3,0,0,1,1,1,0,2,7,0,6,0,9,1
0,18,4,0,1,0,3,3,0,2,1,1,1,0,0,0,5,0,0,0,1
9,20,4,1,1,0,3,0,0,12,1,1,1,0,0,1,0,6,6,8,1
13,20,4,1,1,0,3,3,0,12,1,1,1,0,2,2,0,8,11,13,1
1,18,4,0,1,0,3,1,0,2,1,1,1,5,0,1,5,1,0,2,1
4,18,4,1,1,0,3,2,0,2,1,1,1,6,0,3,0,3,10,3,1
10,20,0,1,1,0,3,2,0,0,1,1,1,0,0,1,0,6,6,12,1
12,18,0,0,1,3,3,0,1,2,1,1,1,0,2,1,0,6,6,11,1
10,15,0,1,1,0,3,0,0,0,1,1,1,7,0,0,5,0,0,0,1
7,19,4,1,1,0,3,0,0,0,1,1,1,0,0,1,0,7,10,5,1
9,15,4,1,1,0,3,3,0,2,1,1,1,0,0,1,0,6,3,6,1
9,15,0,0,1,0,3,0,0,0,1,1,1,0,0,1,0,6,5,12,1
1,18,4,1,1,0,3,0,0,0,1,1,1,0,0,3,0,6,4,12,1
3,18,4,0,1,0,3,0,0,2,1,1,1,0,0,1,0,6,10,9,1
4,20,4,1,1,0,3,0,0,11,1,1,1,0,0,6,0,6,0,3,1
6,21,4,1,1,0,3,0,0,0,1,1,1,5,0,1,0,6,5,12,0
1,15,4,0,1,0,3,0,0,2,1,1,1,0,0,0,5,0,0,0,1
11,20,4,1,0,0,3,3,0,13,1,1,0,1,2,3,0,5,2,8,0
5,20,4,0,1,0,3,1,0,2,1,1,1,7,0,4,0,6,1,11,1
10,18,4,1,1,0,3,1,0,4,1,1,1,2,0,5,3,6,1,6,1
10,15,0,1,1,0,3,1,0,0,1,1,1,0,0,1,0,4,2,6,1
8,15,0,0,1,0,3,1,0,7,1,1,1,0,0,1,0,6,11,5,1
15,15,0,0,1,4,3,3,1,9,1,1,1,7,2,1,0,4,6,3,1
11,15,4,0,1,0,3,1,0,2,1,1,1,0,2,1,2,6,0,6,0
0,17,4,0,1,0,3,3,0,2,1,1,1,0,0,1,0,6,2,7,1
15,20,4,1,1,0,3,0,0,2,1,1,1,5,2,1,0,6,8,10,1
8,20,4,0,1,0,3,0,0,5,1,1,1,7,0,3,0,3,3,3,1
13,20,0,1,1,3,3,0,0,1,1,1,1,0,2,7,0,6,5,11,0
5,20,4,1,1,0,3,1,0,12,1,1,1,0,0,1,5,0,0,0,0
9,20,4,1,1,0,3,3,0,14,1,1,1,0,0,1,0,6,6,10,0
14,14,4,0,1,0,3,0,0,2,1,1,1,0,2,1,0,6,5,14,1
3,20,4,1,1,0,3,1,0,11,1,1,1,0,0,1,5,4,0,3,0
1,18,4,0,1,0,3,1,0,2,1,1,1,8,0,1,0,1,2,5,1
6,20,4,1,1,0,3,3,0,11,1,1,1,0,0,2,5,1,0,3,0
4,18,4,1,1,2,3,0,0,2,1,1,1,0,0,1,0,4,10,4,1
0,18,4,0,1,0,3,3,0,4,1,1,1,7,0,1,0,6,4,9,1
0,16,4,0,1,0,3,3,0,2,1,1,1,0,0,1,0,6,9,4,0
7,20,4,1,1,0,3,1,0,11,1,1,1,0,0,1,0,7,10,14,0
14,17,4,1,1,0,3,0,0,2,1,1,1,7,2,1,2,4,0,5,1
9,0,4,0,1,0,3,3,0,2,1,1,1,0,0,1,0,6,4,9,1
10,21,4,1,1,0,3,3,0,0,1,1,1,0,0,1,0,6,3,10,0
1,18,2,1,1,0,3,0,0,2,1,1,1,0,0,1,5,6,0,5,1
9,20,2,1,1,0,3,2,0,5,1,1,1,0,0,6,0,6,9,10,1
6,18,4,1,1,0,3,0,0,2,1,1,1,0,0,1,0,1,3,2,1
6,20,4,1,1,0,3,0,0,5,1,1,1,0,0,1,0,6,4,12,1
14,20,0,0,1,0,3,0,0,1,1,1,1,5,2,1,0,6,0,13,1
9,18,0,1,1,0,3,3,0,1,1,1,1,7,0,3,0,6,3,9,1
9,20,4,1,1,0,3,3,0,2,1,1,1,1,0,0,5,0,0,13,1
14,19,4,1,1,3,3,1,1,2,1,1,1,0,2,1,0,6,8,10,1
8,13,4,1,1,0,3,0,0,7,1,1,1,0,0,1,5,6,0,7,1
4,18,4,0,1,0,3,0,0,0,1,1,1,1,0,6,0,1,10,1,1
5,18,4,0,1,0,3,0,0,2,1,1,1,1,0,5,0,6,8,7,1
9,18,0,0,1,0,3,0,0,8,1,1,1,0,0,5,0,6,4,7,1
9,15,3,1,1,0,3,0,0,0,1,1,1,1,0,1,5,6,0,4,1
4,20,4,1,1,4,3,0,1,2,1,1,1,5,0,1,0,1,2,2,1
7,18,4,1,1,0,3,0,0,2,1,1,1,7,0,1,0,6,6,2,1
2,18,4,0,1,0,3,0,0,2,1,1,1,7,0,1,0,6,2,5,1
7,18,4,0,1,3,3,0,1,5,1,1,1,0,0,1,0,6,6,9,1
10,17,4,0,1,0,3,3,0,2,1,1,1,7,0,1,0,4,6,9,1
0,18,4,1,1,0,3,0,0,16,1,1,1,5,0,0,5,0,0,0,0
12,10,4,0,1,4,3,0,1,0,1,1,1,0,2,5,0,6,8,10,1
14,15,0,0,1,0,3,3,0,1,1,1,1,0,2,6,2,0,0,0,1
8,20,4,0,1,0,3,1,0,2,1,1,1,0,0,0,5,0,0,0,1
3,18,4,1,1,0,3,3,0,11,1,1,1,0,0,1,0,6,4,6,1
0,18,4,0,1,0,3,0,0,16,1,1,1,5,0,0,5,0,0,0,1
1,18,4,0,1,0,3,0,0,15,1,1,1,0,0,0,5,0,0,0,1
1,18,4,1,1,0,3,0,0,16,1,1,1,0,0,1,5,1,0,2,0
4,15,4,1,1,0,3,1,0,14,1,1,1,1,0,1,0,6,3,7,0
7,20,4,0,1,0,3,0,0,5,1,1,1,7,0,1,0,6,10,8,1
3,14,4,0,1,4,3,0,1,16,1,1,1,8,0,9,5,0,0,0,0
3,13,4,0,1,0,3,0,0,15,1,1,1,7,0,1,5,0,0,0,1
3,20,4,1,1,0,3,0,0,2,1,1,1,0,0,1,0,2,3,5,1
12,16,0,1,1,4,3,3,1,1,1,1,1,0,2,1,5,0,0,0,0
4,15,0,0,1,0,3,1,0,2,1,1,1,0,0,0,5,0,0,0,1
8,18,4,0,1,0,3,0,0,9,1,1,1,7,0,1,0,6,11,8,1
3,20,4,0,1,0,3,0,0,14,1,1,1,5,0,1,0,6,3,10,1
8,15,4,1,1,4,3,0,1,7,1,1,1,0,0,1,0,3,1,3,1
0,18,4,1,1,0,3,0,0,2,1,1,1,0,0,0,5,0,0,0,1
4,20,4,1,1,0,1,1,0,2,1,1,1,0,0,1,0,3,7,3,0
9,18,4,0,1,0,3,1,0,2,1,1,1,8,0,2,0,6,6,9,1
0,15,4,0,1,0,3,0,0,2,1,1,1,1,0,9,2,1,0,1,0
11,21,0,0,1,4,3,0,1,1,1,1,1,5,2,1,0,6,10,8,1
13,19,0,0,1,0,3,0,0,2,1,1,1,0,2,1,0,9,6,6,1
11,20,0,1,1,0,3,0,0,2,1,1,1,0,2,1,0,6,4,9,1
5,17,4,1,0,0,3,0,0,2,1,1,0,0,0,0,5,0,0,0,1
11,20,4,1,1,0,3,1,0,2,1,1,1,0,2,1,0,6,5,11,1
12,18,0,1,1,1,3,0,1,1,1,1,1,7,2,6,0,5,1,3,1
11,18,0,0,1,0,3,0,0,1,1,1,1,7,2,1,0,6,5,12,1
11,18,0,1,1,0,3,1,0,0,1,1,1,8,2,1,0,6,6,9,0
6,11,4,1,1,4,3,0,1,0,1,1,1,0,0,1,0,6,1,10,1
8,18,0,1,1,4,3,0,1,1,1,1,1,5,0,1,5,0,0,0,1
3,15,0,1,1,0,3,1,0,0,1,1,1,7,0,1,0,6,8,8,1
13,20,0,0,1,0,3,0,0,1,1,1,1,0,2,1,0,6,6,14,1
0,18,4,0,1,0,3,0,0,16,1,1,1,0,0,1,0,4,3,5,0
13,20,0,0,1,0,3,1,0,0,1,1,1,0,2,1,0,8,11,14,1
6,18,4,1,1,0,3,0,0,10,1,1,1,0,0,4,0,6,3,10,1
5,19,4,1,1,0,3,1,0,0,1,1,1,0,0,1,0,4,2,3,1
3,17,4,0,1,0,3,3,0,16,1,1,1,5,0,9,2,0,0,0,1
5,15,3,1,1,0,3,0,0,2,1,1,1,6,0,1,0,5,10,3,0
2,15,4,0,1,0,3,1,0,12,1,1,1,0,2,1,0,9,2,6,0
8,19,4,1,1,0,3,0,0,0,1,1,1,0,0,1,0,7,11,7,1
9,21,4,0,1,0,3,1,0,0,1,1,1,5,0,2,0,6,0,14,0
15,20,0,0,1,0,3,1,0,0,1,1,1,0,2,1,1,9,0,12,0
12,14,4,0,1,0,3,2,0,11,1,1,1,8,2,1,0,6,10,7,1
0,15,4,1,1,0,3,3,0,2,1,1,1,0,0,1,0,3,6,5,1
14,18,4,0,1,0,3,3,0,0,1,1,1,1,2,1,2,6,0,9,0
13,21,4,0,1,0,3,1,0,0,1,1,1,0,2,1,0,8,8,14,0
0,15,4,0,1,0,3,1,0,2,1,1,1,8,0,0,5,0,0,2,1
15,15,0,1,1,4,3,0,1,1,1,1,1,7,2,6,0,2,3,2,1
4,16,4,1,1,4,3,0,1,10,1,1,1,4,0,1,0,9,8,11,0
6,18,4,1,1,0,3,0,0,5,1,1,1,0,0,0,5,0,0,5,1
11,18,4,1,1,0,3,0,0,0,1,1,1,1,2,0,5,0,0,4,0
8,13,4,0,1,0,3,0,0,7,1,1,1,0,0,1,5,0,0,3,1
3,13,4,0,1,0,3,3,0,15,1,1,1,7,0,1,5,2,0,2,0
6,15,0,0,1,0,3,0,0,2,1,1,1,0,0,0,5,0,0,0,1
2,18,4,0,1,0,3,1,0,7,1,1,1,0,0,1,0,2,1,4,1
0,15,4,0,1,0,3,0,0,5,1,1,1,0,0,1,2,1,0,3,1
13,15,4,0,1,4,3,0,1,12,1,1,1,7,2,1,0,9,6,11,1
4,15,4,0,1,4,3,0,1,11,1,1,1,5,0,1,5,6,0,8,0
9,14,0,0,1,2,3,1,1,2,1,1,1,8,0,9,2,1,0,1,1
15,18,2,1,1,0,3,1,0,0,1,1,1,0,2,1,0,9,3,12,1
14,21,0,1,1,4,3,0,1,1,1,1,1,7,2,6,5,0,0,13,1
5,20,4,1,1,0,3,0,0,10,1,1,1,0,0,1,0,6,5,3,0
10,14,4,0,0,4,3,3,1,15,1,1,0,0,0,0,5,0,0,0,0
6,20,4,0,1,3,3,0,1,11,1,1,1,5,0,1,0,6,4,11,0
7,15,4,0,1,4,3,0,1,12,1,1,1,0,0,1,5,6,0,4,0
14,8,4,0,1,4,3,0,1,2,1,1,1,0,2,1,0,5,4,5,1
10,21,4,0,1,0,3,0,0,0,1,1,1,0,0,1,0,6,4,13,1
8,14,0,0,1,4,3,0,1,2,1,1,1,5,0,1,2,0,0,0,1
7,20,4,1,1,4,3,0,1,9,1,1,1,5,0,3,5,1,0,3,1
10,20,4,0,1,0,3,3,0,14,1,1,1,0,0,7,0,6,6,9,1
12,16,4,1,1,0,3,0,0,2,1,1,1,7,2,0,5,0,0,0,1
11,20,4,0,0,0,3,0,0,0,1,1,0,0,2,1,0,5,3,12,1
3,6,2,1,1,1,1,3,1,14,1,1,1,7,1,9,2,0,0,0,1
11,20,4,1,1,0,3,0,0,0,1,1,1,7,2,1,0,6,5,9,0
11,17,4,0,1,0,3,0,0,2,1,1,1,0,2,1,2,0,0,0,1
10,18,4,0,1,0,3,3,0,11,1,1,1,5,0,1,0,3,6,2,1
12,20,2,1,1,0,3,1,0,0,1,1,1,0,2,1,0,6,6,12,1
11,17,0,0,1,4,3,0,1,0,1,1,1,5,2,1,0,6,11,11,1
5,18,4,0,1,0,3,3,0,2,1,1,1,0,0,1,0,3,2,5,1
12,18,0,1,1,4,3,0,1,8,1,1,1,0,2,1,0,1,3,7,1
14,19,4,0,1,0,3,0,0,2,1,1,1,7,2,1,0,6,0,11,1
1,17,4,0,1,0,3,0,0,2,1,1,1,5,0,1,0,2,3,5,1
8,0,4,1,1,4,3,0,1,2,1,1,1,5,0,0,5,0,0,6,1
9,18,4,1,1,4,3,0,1,11,1,1,1,5,0,1,0,6,6,10,1
15,13,4,1,1,0,3,0,0,2,1,1,1,0,2,1,2,6,0,9,1
13,14,4,1,0,0,3,0,0,0,1,1,0,0,2,1,1,6,0,12,1
14,21,0,1,1,0,3,0,0,1,1,1,1,0,2,3,0,6,2,13,1
0,17,4,1,1,0,3,1,0,16,1,1,1,0,0,0,5,0,0,0,0
6,21,0,1,1,0,3,0,0,1,1,1,1,5,0,1,1,4,0,13,0
6,15,4,0,1,0,3,1,0,0,1,1,1,0,0,1,0,6,6,12,1
15,17,2,1,1,0,3,1,0,2,1,1,1,0,2,1,0,6,1,11,1
7,18,4,0,1,0,3,0,0,5,1,1,1,1,0,1,0,9,10,13,1
2,15,4,1,1,0,3,0,0,2,1,1,1,5,0,0,5,0,0,0,1
12,16,3,1,1,0,3,3,0,0,1,1,1,0,2,0,5,0,0,4,1
1,17,4,0,1,0,3,1,0,2,1,1,1,0,0,1,5,6,0,2,0
4,15,4,1,1,0,3,0,0,0,1,1,1,1,0,0,5,0,0,3,1
7,17,4,0,0,0,3,1,0,0,1,0,0,8,0,6,0,4,0,9,1
14,20,4,1,1,3,3,1,1,0,1,1,1,5,2,7,0,8,10,13,1
2,15,4,1,0,0,3,0,0,2,1,1,1,0,0,0,5,0,0,3,1
6,20,4,1,0,0,3,0,0,2,1,1,0,0,0,0,5,0,0,0,1
6,21,4,1,1,0,3,0,0,2,1,1,1,0,0,1,0,6,6,9,1
6,15,4,1,0,0,3,1,0,2,1,1,0,8,0,0,5,0,0,0,1
14,21,4,1,1,3,3,0,1,2,1,1,1,5,2,1,0,6,3,11,1
7,17,4,1,1,0,3,1,0,12,1,1,1,0,0,1,0,9,6,8,0
1,18,4,0,1,0,3,0,0,2,1,1,1,5,0,0,5,0,0,0,1
0,15,4,1,1,0,3,1,0,16,1,1,1,0,0,1,5,1,0,2,0
3,17,0,1,1,0,3,1,0,1,1,1,1,0,0,0,5,0,0,0,1
5,20,4,1,1,0,3,2,0,11,1,1,1,0,0,1,5,6,0,2,0
10,18,0,1,1,0,3,1,0,1,1,1,1,0,0,7,1,6,0,12,1
5,19,4,1,1,0,3,0,0,14,1,1,1,0,0,1,0,6,8,10,1
5,17,4,1,1,0,3,1,0,0,1,1,1,0,0,6,5,1,0,1,0
13,12,0,0,1,4,3,0,1,1,1,1,1,5,2,1,0,6,11,12,1
12,18,4,1,1,0,3,3,0,14,1,1,1,1,2,1,0,6,3,10,1
13,16,4,0,1,0,3,0,0,12,1,1,1,0,2,1,0,6,7,13,1
13,18,4,0,1,0,3,1,0,0,1,1,1,0,2,1,0,6,3,7,1
10,18,4,0,1,0,3,1,0,0,1,1,1,8,0,1,0,4,4,7,1
14,12,2,0,0,0,3,0,0,0,1,1,1,0,2,1,5,0,0,5,1
3,18,4,1,1,3,3,0,1,5,1,1,1,5,0,0,5,0,0,4,1
3,18,4,1,1,0,3,3,0,11,1,1,1,7,0,1,5,0,0,0,0
11,17,0,1,0,0,3,1,0,0,1,1,0,8,2,0,5,0,0,0,1
11,11,4,1,1,4,3,0,1,11,1,1,1,7,2,0,5,0,0,0,1
10,18,4,1,1,0,3,0,0,0,1,1,1,1,0,1,0,4,2,3,0
11,20,4,0,1,0,3,1,0,2,1,1,1,0,2,1,0,6,0,9,0
14,15,4,1,1,0,3,0,0,12,1,1,1,0,2,1,5,0,0,0,1
13,18,4,1,1,0,3,0,0,12,1,1,1,0,2,1,0,2,3,6,1
7,18,0,1,1,0,3,3,0,0,1,1,1,0,0,1,0,6,4,9,1
1,18,4,0,0,0,3,0,0,2,1,1,0,0,0,0,5,0,0,0,1
6,18,4,0,1,0,3,1,0,2,1,1,1,5,0,0,5,0,0,0,1
11,18,4,0,1,0,3,3,0,2,1,1,1,0,2,1,2,4,0,5,1
8,19,4,0,1,0,3,1,0,7,1,1,1,0,0,5,5,0,0,2,1
10,19,0,1,1,0,3,0,0,8,1,1,1,0,0,5,0,8,4,10,1
11,21,0,1,1,4,3,0,1,1,1,1,1,5,2,0,5,0,0,0,1
3,15,4,0,1,4,3,0,1,14,1,1,1,7,0,1,0,9,6,9,1
0,18,4,1,1,0,3,1,0,16,1,1,1,8,0,1,5,0,0,0,0
15,18,4,1,0,0,3,0,0,9,1,1,0,0,2,1,0,4,4,4,1
0,15,4,0,1,0,3,3,0,2,1,1,1,5,0,3,0,6,2,6,1
3,19,4,1,1,0,3,0,0,2,1,1,1,0,0,0,5,0,0,0,1
13,21,0,1,1,0,3,2,0,0,1,1,1,0,2,6,0,2,9,7,0
13,20,0,1,1,0,3,0,0,1,1,1,1,0,2,5,0,5,9,7,1
4,20,4,1,1,4,3,0,1,0,1,1,1,5,0,1,0,1,4,3,0
0,15,4,0,1,0,0,0,0,16,1,1,1,0,0,5,3,8,0,6,0
3,15,4,1,1,0,3,0,0,12,1,1,1,7,0,1,0,3,3,3,1
14,15,0,1,1,0,3,2,0,1,1,1,1,8,2,1,0,6,6,7,1
7,15,4,0,1,0,3,0,0,0,1,1,1,5,0,1,0,6,3,11,1
13,20,0,0,1,0,3,0,0,0,1,1,1,5,2,1,0,6,2,14,0
6,15,4,0,1,0,1,1,0,2,1,1,1,8,0,5,0,6,8,7,1
2,13,4,0,1,0,3,0,0,15,1,1,1,1,0,1,5,6,0,2,1
10,16,4,0,1,4,3,3,1,11,1,1,1,5,0,0,5,0,0,0,0
14,20,0,0,1,3,3,1,1,0,1,1,1,0,2,1,0,6,10,13,1
14,18,0,1,1,0,3,0,0,0,1,1,1,0,2,1,0,6,6,11,0
14,19,4,0,1,0,3,1,0,2,1,1,1,0,2,1,0,6,11,9,1
9,16,0,0,1,0,3,0,0,2,1,1,1,0,0,1,0,7,11,3,1
6,15,4,0,1,0,0,1,0,6,1,1,1,5,0,5,3,6,2,14,1
1,15,4,0,0,0,3,0,0,2,1,1,0,0,0,0,5,0,0,0,1
15,18,4,0,1,0,1,1,0,0,1,1,1,0,2,5,3,6,2,13,1
0,17,4,1,1,0,3,0,0,2,1,1,1,0,0,0,5,0,0,0,1
7,18,4,0,1,0,3,1,0,0,1,1,1,0,0,1,0,5,8,10,1
8,18,0,1,1,0,3,1,0,8,1,1,1,0,0,1,0,7,8,7,1
2,17,4,1,1,0,3,0,0,0,1,1,1,0,0,1,0,4,6,5,0
14,15,4,0,1,0,3,0,0,2,1,1,1,0,2,1,0,6,8,13,1
8,13,4,1,0,0,3,3,0,0,1,1,1,0,2,1,5,0,0,6,1
6,15,4,1,1,0,3,0,0,12,1,1,1,0,0,1,0,6,6,13,1
2,18,0,1,1,4,3,0,1,8,1,1,1,0,0,0,5,0,0,0,1
7,15,4,0,1,4,3,0,1,0,1,1,1,0,0,1,5,0,0,0,0
10,20,4,0,1,0,3,3,0,12,1,1,1,0,0,1,0,6,6,5,1
7,15,4,1,1,0,3,0,0,2,1,1,1,0,0,1,0,6,8,8,1
6,18,0,0,1,0,3,1,0,2,1,1,1,0,0,2,0,6,3,10,1
10,15,0,1,1,0,3,0,0,1,1,1,1,5,0,1,0,6,8,13,0
2,17,0,0,1,0,3,1,0,0,1,1,1,0,0,6,2,1,0,3,1
11,15,4,0,1,0,3,0,0,11,1,1,1,7,2,1,2,4,0,4,0
13,20,0,0,1,0,0,0,0,0,1,1,1,5,2,5,0,8,6,9,1
14,14,4,0,1,0,3,3,0,16,1,1,1,0,2,1,0,6,1,8,1
0,13,4,1,0,0,3,0,0,16,1,1,0,0,0,0,5,0,0,6,1
1,18,4,0,1,0,3,1,0,2,1,1,1,0,0,3,0,1,6,2,1
6,20,4,0,1,0,3,0,0,0,1,1,1,5,0,1,0,8,0,14,1
5,18,4,0,1,0,3,0,0,0,1,1,1,7,0,1,0,6,3,6,1
3,17,4,1,1,0,3,0,0,14,1,1,1,0,2,0,5,0,0,7,1
8,21,4,0,1,0,3,1,0,2,1,1,1,8,0,1,0,7,11,11,1
5,20,0,1,1,0,3,0,0,1,1,1,1,0,0,1,0,5,2,6,1
13,21,4,1,1,0,3,0,0,0,1,1,1,0,2,2,0,9,4,14,1
2,15,4,0,1,0,3,1,0,16,1,1,1,0,0,1,0,8,1,6,1
6,20,4,1,1,0,3,0,0,11,1,1,1,5,0,1,0,6,3,13,0
5,17,4,0,1,0,3,3,0,16,1,1,1,5,0,1,0,4,1,8,0
9,16,4,0,1,0,3,0,0,2,1,1,1,0,0,1,0,5,1,3,1
13,15,0,0,1,0,3,3,0,0,1,1,1,7,2,3,2,6,0,6,1
4,18,4,0,1,0,3,1,0,2,1,1,1,0,0,0,5,0,0,4,1
5,20,4,1,1,0,3,1,0,0,1,1,1,0,0,1,0,6,2,13,1
13,0,4,1,1,4,3,0,1,0,1,1,1,7,2,0,5,0,0,7,1
10,16,0,0,1,0,3,0,0,15,1,1,1,0,0,0,5,0,0,0,0
6,18,4,0,1,4,3,0,1,9,1,1,1,0,0,1,0,4,8,8,0
0,15,4,1,1,3,3,0,1,16,1,1,1,5,0,9,2,0,0,0,0
14,20,4,1,1,0,3,0,0,12,1,1,1,0,2,1,0,7,3,9,0
10,19,4,0,1,0,3,3,0,2,1,1,1,0,0,1,0,6,3,9,1
4,17,4,1,1,0,3,0,0,2,1,1,1,1,0,1,0,2,5,4,1
12,20,0,1,1,0,3,1,0,1,1,1,1,0,2,3,0,7,4,13,1
14,11,4,0,0,0,3,1,0,0,1,1,0,0,2,1,0,3,1,6,1
3,20,4,0,1,0,3,1,0,9,1,1,1,8,0,1,2,6,0,8,0
12,15,2,0,1,0,3,1,0,12,1,1,1,7,2,1,0,6,8,6,1
7,17,4,1,1,0,3,0,0,2,1,1,1,8,0,0,5,0,0,0,1
6,15,4,1,1,0,3,1,0,2,1,1,1,0,0,1,0,6,1,11,1
7,18,4,1,1,0,3,3,0,2,1,1,1,0,0,1,0,4,3,9,1
14,21,0,1,1,4,3,0,1,0,1,1,1,0,2,1,0,6,5,12,0
9,15,4,1,1,0,3,1,0,2,1,1,1,0,0,1,0,8,2,11,1
15,15,4,1,0,0,3,0,0,0,1,1,0,1,2,0,5,0,0,4,1
5,20,0,0,1,0,3,0,0,15,1,1,1,5,0,1,5,6,0,0,0
12,15,0,0,1,3,3,0,1,0,1,1,1,7,2,1,0,6,4,14,1
3,20,4,1,1,0,3,0,0,2,1,1,1,5,0,1,0,1,8,4,1
7,15,4,0,1,0,3,3,0,12,1,1,1,0,0,2,0,6,0,9,1
3,18,0,0,1,0,3,0,0,1,1,1,1,5,0,1,0,6,3,12,1
12,17,4,1,1,0,3,3,0,2,1,1,1,0,2,1,0,6,3,8,0
3,15,4,0,1,0,0,1,0,16,1,1,1,0,0,5,3,8,2,7,0
14,18,4,1,0,0,3,1,0,16,1,1,0,0,2,1,5,0,0,0,1
5,0,0,1,1,4,3,3,1,2,1,1,1,0,0,0,5,0,0,0,1
12,23,0,1,1,0,3,3,0,5,1,1,1,0,2,1,0,8,4,13,1
2,19,4,0,1,0,3,1,0,0,1,1,1,8,0,1,0,6,2,14,1
15,19,4,1,1,0,3,0,0,2,1,1,1,0,2,3,0,4,10,2,1
5,18,4,1,1,0,3,0,0,2,1,1,1,7,0,1,0,4,2,4,1
10,14,0,1,1,0,3,1,0,15,1,1,1,0,0,1,5,0,0,0,0
10,13,0,0,1,0,3,0,0,15,1,1,1,0,0,0,5,0,0,0,1
10,21,4,1,1,0,3,0,0,12,1,1,1,0,0,1,0,6,4,9,0
15,21,0,0,1,4,3,0,1,1,1,1,1,5,2,2,0,6,1,13,1
11,20,4,0,1,0,3,0,0,0,1,1,1,0,2,2,0,6,11,10,1
5,17,4,0,0,0,3,1,0,15,1,0,0,8,0,6,5,3,0,1,0
11,16,4,1,0,4,3,0,1,13,1,0,0,5,2,2,4,3,0,11,0
11,20,0,1,1,0,3,0,0,0,1,1,1,0,2,1,0,6,4,11,1
10,20,4,1,1,0,3,1,0,12,1,1,1,8,0,1,0,6,10,13,1
15,20,0,1,1,0,3,3,0,1,1,1,1,0,2,4,0,6,5,11,1
9,18,0,0,1,0,3,0,0,2,1,1,1,0,0,0,5,0,0,0,1
11,11,4,0,1,0,3,0,0,11,1,1,1,0,2,3,0,9,3,14,1
14,15,4,1,0,0,3,1,0,0,1,1,0,0,2,0,5,0,0,4,1
5,20,0,1,1,0,3,3,0,1,1,1,1,0,0,1,5,0,0,0,0
11,15,0,0,1,4,3,1,1,0,1,1,1,0,2,1,0,8,11,11,1
11,20,0,1,1,0,3,0,0,1,1,1,1,8,2,1,5,0,0,0,1
2,15,4,0,1,0,3,0,0,2,1,1,1,0,0,0,5,0,0,0,1
7,20,4,0,1,0,3,0,0,0,1,1,1,0,0,2,0,6,8,12,0
13,20,0,0,1,4,3,0,1,0,1,1,1,5,2,1,0,6,0,6,0
1,19,4,1,1,0,3,0,0,12,1,1,1,0,0,1,0,2,2,5,0
4,17,4,0,1,0,3,1,0,2,1,1,1,0,0,1,2,4,0,5,0
12,20,4,0,1,0,3,0,0,12,1,1,1,0,2,6,0,6,6,12,0
2,18,4,1,1,0,3,0,0,2,1,1,1,7,0,0,5,0,0,0,1
11,16,0,1,1,0,3,0,0,1,1,1,1,7,2,0,5,0,0,4,0
13,21,4,0,1,0,3,1,0,0,1,1,1,5,2,1,0,8,3,14,0
1,15,4,1,1,0,3,0,0,7,1,1,1,0,0,1,0,6,6,9,0
9,15,0,1,1,0,3,1,0,2,1,1,1,0,0,1,0,6,8,11,1
7,15,4,0,1,0,3,0,0,2,1,1,1,0,0,1,0,5,8,5,1
13,17,4,0,1,0,3,3,0,11,1,1,1,0,2,1,0,6,10,11,1
10,21,4,0,1,0,3,1,0,12,1,1,1,5,0,1,0,6,4,14,1
5,20,4,0,1,0,3,0,0,9,1,1,1,0,0,1,2,1,0,1,1
7,17,0,1,1,0,3,0,0,16,1,1,1,0,0,1,0,4,6,5,1
11,20,0,0,1,0,3,0,0,1,1,1,1,7,2,1,2,1,0,2,1
11,18,4,1,1,0,3,3,0,0,1,1,1,7,2,1,0,6,6,9,1
3,19,4,1,1,0,3,1,0,2,1,1,1,0,0,0,5,0,0,0,1
5,18,4,1,1,0,3,3,0,2,1,1,1,0,0,1,0,6,2,3,1
9,18,4,0,1,3,3,3,1,2,1,1,1,8,0,1,0,6,6,7,1
2,18,4,1,1,2,3,0,0,2,1,1,1,7,0,9,2,0,0,0,1
9,20,4,1,1,0,3,0,0,2,1,1,1,1,0,1,0,6,4,10,1
10,20,4,1,1,0,3,0,0,11,1,1,1,0,0,1,0,3,6,3,1
9,17,0,0,1,0,3,1,0,0,1,1,1,0,0,1,5,6,0,10,0
11,20,4,0,1,0,3,3,0,2,1,1,1,8,0,2,0,2,8,4,1
9,18,4,0,1,3,3,0,1,16,1,1,1,5,0,9,5,0,0,0,1
3,19,4,0,1,0,3,0,0,2,1,1,1,7,0,1,0,4,2,2,0
6,15,4,0,1,0,3,0,0,2,1,1,1,8,0,1,0,6,10,12,1
4,18,4,0,1,0,3,0,0,9,1,1,1,0,0,1,0,3,4,8,1
13,7,2,1,0,0,1,0,0,11,1,0,1,5,2,9,2,0,0,14,1
3,18,4,0,0,0,3,1,0,12,1,1,0,8,0,1,0,6,2,5,0
12,21,4,1,1,0,3,1,0,0,1,1,1,0,2,1,1,8,0,11,1
6,16,4,1,0,0,3,0,0,2,1,1,0,0,0,0,5,0,0,4,1
15,20,0,0,1,0,3,0,0,0,1,1,1,0,2,1,0,6,5,12,1
13,11,4,1,1,4,3,0,1,11,1,1,1,0,2,9,2,3,0,0,1
9,18,4,1,1,0,3,0,0,2,1,1,1,0,0,0,5,0,0,4,1
2,18,4,1,0,0,3,0,0,2,1,1,1,0,0,1,0,2,6,5,1
13,20,0,1,1,3,3,0,1,1,1,1,1,5,2,0,5,0,0,0,1
3,18,4,1,1,4,3,0,1,2,1,1,1,5,0,0,5,0,0,0,1
12,18,4,0,1,4,3,0,1,0,1,1,1,7,2,4,0,6,10,11,1
4,18,4,0,1,0,1,1,0,16,1,1,1,0,0,1,0,4,10,3,1
14,8,0,0,1,4,3,0,1,0,1,1,1,0,2,1,0,6,4,8,1
13,15,4,1,1,0,3,1,0,7,1,1,1,8,2,1,0,2,11,3,1
4,18,4,0,1,0,0,0,0,16,1,1,1,0,0,5,3,6,1,9,1
2,18,4,0,1,4,3,0,1,2,1,1,1,5,0,1,2,2,0,6,1
5,15,4,0,1,0,3,0,0,2,1,1,1,7,0,1,2,6,0,2,1
11,20,4,0,1,0,3,0,0,2,1,1,1,0,2,1,0,3,10,6,1
11,15,4,0,1,0,3,0,0,10,1,1,1,0,2,1,0,9,3,11,0
13,15,2,1,1,3,3,0,1,0,1,1,1,0,2,3,0,6,4,9,1
7,18,4,1,1,0,3,0,0,2,1,1,1,1,0,1,0,6,11,7,1
15,15,4,1,1,3,3,0,1,0,1,1,1,0,2,2,0,6,6,9,1
4,19,4,1,1,0,3,3,0,11,1,1,1,7,0,1,0,2,0,3,0
13,15,4,0,1,0,3,3,0,15,1,1,1,0,2,0,5,0,0,0,0
13,18,0,1,1,4,3,0,1,0,1,1,1,5,2,0,5,0,0,0,1
7,18,0,0,1,0,3,0,0,1,1,1,1,0,0,1,0,6,11,9,1
1,15,4,1,1,0,3,0,0,2,1,1,1,0,0,1,0,3,2,6,1
5,18,4,0,1,0,3,0,0,2,1,1,1,0,0,1,0,4,10,4,1
14,20,0,0,1,0,3,1,0,0,1,1,1,0,2,2,0,6,0,13,0
9,20,0,1,1,0,3,1,0,1,1,1,1,5,0,4,0,6,0,11,1
10,20,0,0,1,0,3,0,0,1,1,1,1,0,0,7,0,7,10,14,1
7,20,4,1,1,0,3,1,0,2,1,1,1,0,0,1,0,2,6,5,1
6,18,4,0,1,4,3,3,1,11,1,1,1,5,0,1,0,6,8,12,0
11,16,4,0,1,4,3,0,1,11,1,1,1,0,2,1,0,6,10,13,0
6,15,4,1,1,0,3,3,0,0,1,1,1,0,0,1,0,6,5,10,1
1,17,4,0,1,4,3,0,0,16,1,1,1,0,0,1,0,9,5,11,0
3,20,4,1,1,0,3,0,0,2,1,1,1,0,0,1,0,6,2,11,0
8,20,4,1,1,0,3,1,0,11,1,1,1,0,0,1,0,6,4,10,1
7,15,0,0,1,0,0,0,0,0,1,1,1,0,0,5,3,8,9,12,0
12,20,4,0,1,0,3,0,0,11,1,1,1,0,2,1,0,8,4,10,0
5,20,4,1,1,0,3,2,0,0,1,1,1,0,0,1,0,6,6,10,0
12,21,0,0,1,3,3,0,1,0,1,1,1,5,2,1,0,6,11,14,1
3,17,4,1,1,0,3,1,0,0,1,1,1,0,0,3,5,0,0,0,1
2,18,4,1,1,0,3,3,0,4,1,1,1,0,0,0,5,0,0,0,1
14,21,0,1,1,4,3,0,1,1,1,1,1,5,2,1,0,2,3,2,1
13,20,4,0,1,3,3,3,1,0,1,1,1,0,2,4,0,9,2,10,0
0,14,4,0,0,0,3,0,0,16,1,1,0,0,0,0,5,0,0,0,1
12,20,4,0,1,3,3,0,1,15,1,1,1,5,0,4,5,5,0,1,0
9,18,0,1,1,4,3,0,1,0,1,1,1,5,0,0,5,0,0,0,1
0,18,4,1,1,0,3,0,0,2,1,1,1,0,0,0,5,0,0,0,1
9,20,4,1,1,0,3,0,0,2,1,1,1,5,0,7,0,7,0,9,1
14,23,0,1,1,4,3,0,1,8,1,1,1,0,2,1,0,6,6,13,1
2,16,4,1,1,4,3,0,1,2,1,1,1,4,0,1,0,5,8,5,1
10,17,0,1,1,0,3,1,0,1,1,1,1,0,2,0,5,0,0,7,1
13,23,0,0,1,3,3,3,1,0,1,1,1,5,2,1,0,6,7,13,1
8,18,2,0,1,4,3,0,1,2,1,1,1,5,0,1,0,6,11,7,1
3,20,4,0,1,0,3,0,0,2,1,1,1,0,0,1,1,9,0,2,1
5,20,0,1,1,0,3,1,0,1,1,1,1,0,0,1,2,4,0,4,0
7,15,0,0,1,0,3,3,0,1,1,1,1,0,0,1,2,4,0,4,1
15,21,4,1,1,0,3,1,0,0,1,1,1,0,2,1,2,6,0,5,1
2,16,4,0,1,0,3,0,0,15,1,1,1,7,0,0,5,0,0,0,1
4,20,4,0,1,2,3,0,0,2,1,1,1,0,0,1,0,2,4,6,1
3,18,4,0,1,0,3,0,0,0,1,1,1,7,0,1,0,9,6,4,1
11,19,0,1,1,0,1,1,0,1,1,1,1,8,2,1,0,6,11,12,1
9,18,4,0,1,0,3,0,0,2,1,1,1,5,0,1,0,6,3,8,1
8,22,0,1,1,0,3,3,0,7,1,1,1,8,0,1,0,6,6,7,0
15,9,0,0,1,0,1,1,0,2,1,1,1,7,2,1,0,4,7,4,1
5,20,4,0,1,0,3,3,0,14,1,1,1,0,0,1,0,4,3,9,0
13,18,4,0,1,0,3,3,0,11,1,1,1,1,2,1,0,6,3,7,1
13,15,0,1,1,4,3,0,1,1,1,1,1,8,2,7,1,6,0,9,1
6,18,4,0,1,0,3,0,0,11,1,1,1,1,0,1,0,5,4,6,1
0,15,4,0,1,4,3,0,1,2,1,1,1,5,0,1,0,1,0,2,1
13,20,4,0,1,0,3,1,0,0,1,1,1,0,2,1,0,6,6,14,1
0,18,4,0,1,0,3,0,0,2,1,1,1,0,0,1,0,1,2,6,1
0,18,4,1,1,0,3,3,0,2,1,1,1,0,0,1,0,1,4,1,1
4,10,4,0,1,0,0,0,0,16,1,1,1,4,0,5,3,8,3,10,1
13,21,0,0,1,0,3,3,0,1,1,1,1,1,2,1,0,9,6,14,0
5,17,4,0,1,0,3,0,0,2,1,1,1,0,0,1,0,6,4,5,1
0,15,4,1,1,0,3,0,0,16,1,1,1,0,0,2,5,1,0,2,0
8,20,4,0,1,0,3,0,0,7,1,1,1,1,0,1,0,6,3,7,1
7,19,4,0,1,0,3,0,0,2,1,1,1,7,0,1,0,6,8,9,1
3,19,4,1,1,0,3,3,0,2,1,1,1,7,0,1,0,6,6,6,1
4,14,4,1,1,4,3,0,1,2,1,1,1,5,0,1,0,6,5,8,1
15,20,4,0,1,0,3,1,0,2,1,1,1,0,2,1,0,6,8,11,1
9,18,4,1,1,0,3,1,0,9,1,1,1,8,0,1,0,6,6,8,1
6,18,0,1,1,0,3,1,0,0,1,1,1,0,0,2,5,1,0,2,0
0,18,4,1,1,4,3,0,1,16,1,1,1,0,0,9,2,0,0,0,1
6,20,4,1,1,0,3,0,0,0,1,1,1,0,0,1,0,6,2,14,1
13,0,4,0,1,4,3,0,1,2,1,1,1,0,2,1,0,6,4,6,1
14,18,0,1,1,0,3,0,0,1,1,1,1,1,2,1,0,4,11,5,1
11,8,0,0,1,4,3,1,1,0,1,1,1,0,2,1,1,6,0,12,0
4,20,4,1,1,0,3,0,0,0,1,1,1,0,0,1,1,3,0,6,0
1,18,0,1,1,3,3,0,1,1,1,1,1,1,0,3,0,6,5,6,1
15,20,0,1,1,4,3,0,1,0,1,1,1,5,2,1,0,6,4,12,1
3,15,4,1,1,0,3,1,0,0,1,1,1,0,0,1,0,6,2,8,0
15,15,0,1,1,4,3,0,1,1,1,1,1,7,2,0,5,0,0,0,1
0,18,4,0,1,0,3,3,0,11,1,1,1,0,0,1,0,9,8,8,0
12,23,0,1,1,0,3,3,0,13,1,1,1,8,2,2,0,6,2,11,0
15,21,0,0,1,0,3,0,0,0,1,1,1,5,2,4,0,6,4,13,1
6,20,4,0,1,0,3,0,0,2,1,1,1,0,0,1,0,6,8,13,1
3,20,4,0,1,0,3,0,0,5,1,1,1,7,0,1,0,8,9,6,1
8,15,4,1,1,0,3,3,0,5,1,1,1,7,0,1,0,6,11,3,1
3,20,4,1,1,0,3,1,0,11,1,1,1,8,0,1,5,8,0,4,0
11,14,4,1,1,4,3,0,1,12,1,1,1,7,2,1,0,3,2,5,1
9,19,0,0,1,0,3,3,0,1,1,1,1,0,0,1,5,0,0,0,0
9,21,4,0,1,0,3,3,0,2,1,1,1,5,0,2,0,6,2,10,1
11,21,4,1,1,0,3,3,0,0,1,1,1,0,2,1,0,6,4,14,1
5,16,4,0,0,0,3,3,1,9,1,0,0,5,0,6,0,1,0,3,1
3,18,4,0,1,0,3,1,0,15,1,1,1,1,0,1,5,5,0,2,1
4,19,4,0,1,0,3,0,0,2,1,1,1,0,0,2,0,9,0,11,1
13,20,4,1,1,0,3,0,0,9,1,1,1,5,2,1,0,6,8,9,1
7,21,4,1,1,0,3,3,0,14,1,1,1,0,0,1,0,6,10,10,0
12,18,4,1,1,2,3,0,0,12,1,1,1,2,2,6,5,0,0,0,1
5,20,4,1,1,0,3,0,0,5,1,1,1,5,0,2,0,6,10,10,0
1,18,4,1,1,0,3,1,0,2,1,1,1,0,0,1,0,1,4,4,1
5,18,4,0,1,3,3,0,1,2,1,1,1,5,0,1,5,4,0,3,1
0,18,4,1,0,0,3,0,0,16,1,1,0,5,0,1,5,1,0,4,0
9,17,0,1,1,4,3,0,1,0,1,1,1,1,0,1,5,1,0,1,0
2,18,4,0,1,0,3,0,0,15,1,1,1,1,0,0,5,0,0,0,0
14,20,0,1,1,2,2,3,0,3,1,1,1,0,2,6,0,6,4,13,1
4,18,4,1,1,0,3,3,0,2,1,1,1,0,0,3,0,6,3,6,0
9,20,4,1,1,4,3,1,1,6,1,1,1,5,0,9,2,6,0,14,1
15,18,4,1,1,0,3,1,0,12,1,1,1,0,2,0,5,0,0,5,1
13,18,2,0,1,4,3,1,1,0,1,1,1,0,2,1,0,2,6,7,0
7,20,4,1,1,0,3,3,0,14,1,1,1,0,0,1,0,8,3,12,0
7,20,4,1,1,2,3,1,0,2,1,1,1,0,0,1,0,6,10,14,0
10,15,0,1,1,0,3,0,0,1,1,1,1,0,0,0,5,0,0,3,1
6,20,4,1,1,3,3,1,1,0,1,1,1,8,0,4,5,1,0,2,1
13,20,0,1,1,4,3,0,1,1,1,1,1,5,2,1,0,6,6,10,1
11,14,4,1,0,0,3,3,0,16,1,1,0,0,2,1,5,0,0,0,0
13,20,0,0,1,0,3,1,0,0,1,1,1,0,2,1,0,8,4,14,1
8,18,0,1,1,0,3,1,0,1,1,1,1,0,0,1,5,0,0,0,1
14,21,0,0,1,4,3,0,1,1,1,1,1,5,2,0,5,0,0,0,1
5,19,4,0,1,0,3,3,0,11,1,1,1,0,0,1,0,6,10,12,0
11,15,4,0,1,0,3,3,0,14,1,1,1,0,2,1,0,4,1,9,1
4,18,4,1,1,0,3,3,0,2,1,1,1,7,0,1,0,4,7,5,1
0,15,4,0,1,0,3,0,0,2,1,1,1,7,0,1,0,2,4,4,1
3,20,4,1,0,0,3,3,0,2,1,1,0,0,0,2,5,3,0,3,0
1,18,4,0,1,0,3,0,0,2,1,1,1,7,0,0,5,0,0,0,1
2,18,4,0,1,0,3,1,0,2,1,1,1,8,0,0,5,0,0,0,1
0,15,4,0,1,0,3,3,0,2,1,1,1,0,0,1,5,1,0,2,1
13,19,4,1,1,0,3,3,0,13,1,1,1,5,2,2,0,5,4,11,1
6,21,4,1,1,0,3,0,0,0,1,1,1,1,0,1,0,6,8,13,1
11,17,4,1,1,0,3,0,0,0,1,1,1,0,2,1,2,0,0,0,1
7,19,4,0,1,0,3,0,0,0,1,1,1,7,0,1,0,6,6,12,1
14,22,0,1,1,0,3,0,0,0,1,1,1,0,2,2,0,6,8,10,1
7,20,4,0,1,0,3,1,0,2,1,1,1,5,0,1,0,6,2,13,0
11,22,4,1,1,0,3,1,0,0,1,1,1,0,2,1,0,4,8,14,1
13,20,4,0,1,0,3,1,0,9,1,1,1,8,2,1,0,6,6,8,1
4,15,4,0,1,0,3,3,0,15,1,1,1,0,0,1,5,0,0,0,0
4,20,4,1,1,3,3,0,1,0,1,1,1,5,0,1,0,2,2,4,1
3,17,4,1,1,0,3,3,0,0,1,1,1,7,0,1,0,4,6,4,1
15,15,0,0,1,4,3,0,1,1,1,1,1,0,2,1,0,6,11,6,1
14,8,1,1,1,4,3,0,1,4,1,1,1,0,2,4,5,0,0,2,1
11,20,0,0,1,3,3,0,1,8,1,1,1,0,2,3,0,2,1,8,1
5,17,4,0,1,0,3,3,0,2,1,1,1,0,0,1,0,6,6,5,1
13,18,4,1,1,0,3,1,0,0,1,1,1,8,2,1,0,5,4,10,1
11,20,4,1,1,0,3,0,0,2,1,1,1,0,2,2,0,6,11,10,1
2,19,0,1,1,0,3,0,0,1,1,1,1,0,0,1,0,3,6,2,1
10,19,0,0,1,0,3,3,0,15,1,1,1,7,0,0,5,0,0,0,1
7,20,4,0,1,0,3,3,0,12,1,1,1,0,0,1,0,8,6,13,0
10,20,4,1,0,0,3,1,0,0,1,1,0,0,0,2,0,1,4,4,1
0,15,4,0,1,4,3,0,1,2,1,1,1,5,0,1,5,6,0,3,1
1,18,4,1,1,0,3,0,0,16,1,1,1,0,0,2,0,1,1,3,1
10,15,4,0,1,0,3,3,0,2,1,1,1,0,0,1,0,9,11,9,1
5,18,4,0,1,4,3,0,1,5,1,1,1,7,0,1,0,8,4,4,1
6,15,4,0,1,0,3,3,0,11,1,1,1,5,0,1,0,6,2,12,0
9,20,0,1,1,0,3,1,0,0,1,1,1,7,0,4,0,6,6,14,1
6,18,4,0,1,0,3,1,0,12,1,1,1,0,0,1,0,5,2,9,1
1,18,4,0,1,0,3,0,0,2,1,1,1,0,0,0,5,0,0,0,1
9,15,2,1,1,0,3,0,0,14,1,1,1,0,0,1,0,2,4,8,0
12,15,4,0,1,0,3,1,0,16,1,1,1,0,2,1,0,8,1,6,1
13,20,0,0,1,0,3,1,0,0,1,1,1,0,2,1,0,6,7,12,0
3,18,4,1,1,0,3,3,0,2,1,1,1,7,0,0,5,0,0,0,1
15,17,0,0,1,0,3,0,0,0,1,1,1,7,2,1,0,6,8,12,1
12,17,4,0,1,0,3,0,0,0,1,1,1,0,2,1,0,6,3,12,1
6,21,4,0,1,4,3,0,1,11,1,1,1,5,0,1,0,6,2,14,1
2,19,4,0,1,0,0,0,0,0,1,1,1,0,0,5,3,9,2,12,1
11,19,0,0,1,0,3,1,0,0,1,1,1,0,2,3,0,6,6,12,1
12,16,4,0,1,0,3,1,0,2,1,1,1,0,2,1,0,6,6,10,1
5,20,4,1,1,0,3,0,0,2,1,1,1,0,0,1,0,6,6,5,1
13,12,4,0,1,0,3,0,0,15,1,1,1,7,2,1,2,0,0,9,1
11,15,0,0,1,0,1,1,0,0,1,1,1,8,2,1,0,6,11,14,0
1,18,4,0,1,0,3,0,0,2,1,1,1,5,0,2,0,1,2,3,1
11,15,0,0,1,0,3,0,0,0,1,1,1,0,2,1,0,6,11,9,0
0,15,4,0,1,0,3,1,0,2,1,1,1,8,0,1,2,0,0,0,1
3,18,4,1,1,4,3,0,1,14,1,1,1,0,0,1,0,6,8,6,1
12,15,0,1,1,0,3,3,0,1,1,1,1,0,2,1,5,0,0,0,1
4,15,4,1,1,0,3,1,0,11,1,1,1,0,0,1,0,4,1,7,1
11,15,4,1,1,4,3,0,1,0,1,1,1,0,2,0,5,0,0,0,0
5,18,4,1,1,0,3,3,0,2,1,1,1,0,0,1,0,8,3,6,1
2,17,4,1,1,0,3,0,0,11,1,1,1,0,2,3,0,6,6,6,1
5,20,4,0,1,0,3,0,0,2,1,1,1,0,0,1,0,2,4,4,1
7,15,0,0,1,0,0,1,0,0,1,1,1,0,0,5,3,6,1,12,0
6,20,0,0,1,0,1,1,0,1,1,1,1,8,0,5,0,9,6,13,0
10,18,0,1,1,4,3,0,1,1,1,1,1,5,0,1,0,4,4,5,1
11,17,0,1,1,0,3,1,0,0,1,1,1,8,2,1,5,0,0,0,1
13,17,2,1,1,3,3,0,1,12,1,1,1,0,2,1,0,7,8,11,1
0,15,4,1,1,0,3,3,0,2,1,1,1,0,0,0,5,0,0,0,1
7,15,4,0,1,0,3,3,0,14,1,1,1,0,0,0,5,0,0,0,1
6,15,4,1,1,0,3,1,0,0,1,1,1,0,0,3,5,0,0,4,0
5,20,4,0,1,0,3,1,0,12,1,1,1,0,0,1,0,6,10,6,0
11,20,4,0,1,0,3,1,0,2,1,1,1,8,2,1,0,6,1,6,1
13,20,0,1,1,3,3,0,1,1,1,1,1,5,2,3,0,6,2,6,0
0,18,4,0,1,0,3,0,0,16,1,1,1,0,0,3,1,8,0,6,1
9,18,4,0,1,0,3,0,0,0,1,1,1,0,0,1,0,4,2,7,1
0,18,4,1,1,0,3,1,0,2,1,1,1,8,0,1,5,2,0,3,1
11,18,4,0,1,0,3,0,0,0,1,1,1,7,2,1,0,6,8,11,1
0,18,4,0,1,0,3,1,0,16,1,1,1,0,0,0,5,0,0,0,1
11,20,0,1,1,3,3,0,1,1,1,1,1,5,2,3,0,6,10,12,1
9,20,4,1,1,0,3,0,0,0,1,1,1,0,0,2,0,9,0,11,1
8,15,0,0,1,4,3,0,1,0,1,1,1,0,0,1,0,4,7,8,1
12,20,4,0,1,4,3,0,1,11,1,1,1,5,2,2,0,4,6,10,0
3,18,0,1,1,4,3,0,1,8,1,1,1,5,0,1,1,7,0,0,1
10,20,0,1,1,0,3,0,0,1,1,1,1,0,0,1,2,6,0,4,0
14,23,4,1,1,3,3,0,1,5,1,1,1,5,2,1,0,8,4,14,1
11,20,4,1,1,0,3,0,0,2,1,1,1,0,2,1,0,4,1,4,1
4,19,4,1,1,0,3,1,0,2,1,1,1,0,0,1,0,4,0,4,1
1,14,4,1,1,0,3,0,0,2,1,1,1,0,0,0,5,0,0,0,1
14,20,4,0,1,0,3,1,0,0,1,1,1,5,2,2,0,6,11,13,1
13,15,0,0,1,4,3,0,1,1,1,1,1,0,2,0,5,0,0,5,1
12,16,2,1,1,0,3,0,0,3,1,1,1,0,2,1,0,9,7,13,1
10,15,4,1,1,0,3,0,0,15,1,1,1,0,0,1,5,0,0,0,0
8,18,0,1,1,0,3,0,0,0,1,1,1,7,0,1,0,6,8,13,1
14,17,0,1,1,4,3,0,1,1,1,1,1,7,2,1,0,7,2,12,1
15,20,0,1,1,0,3,1,0,0,1,1,1,5,2,1,0,6,11,12,1
5,20,4,1,0,0,3,1,0,12,1,1,0,8,0,1,5,3,0,3,0
15,0,4,0,1,0,3,0,0,10,1,1,1,0,2,1,0,6,3,6,1
14,19,4,1,1,0,3,3,0,12,1,1,1,0,2,1,0,2,0,4,0
8,17,4,0,1,0,3,1,0,2,1,1,1,7,0,1,2,4,0,6,1
7,20,4,1,1,0,3,1,0,9,1,1,1,0,0,4,0,6,6,3,1
2,0,4,1,0,4,3,0,1,2,1,1,1,7,0,0,5,0,0,0,1
2,15,4,1,1,0,3,1,0,0,1,1,1,0,0,1,0,2,4,3,0
10,16,4,1,1,4,3,0,1,0,1,1,1,7,0,1,0,5,6,4,0
8,15,4,1,1,0,3,1,0,2,1,1,1,0,0,1,2,0,0,0,1
4,21,4,0,1,0,3,1,0,2,1,1,1,0,0,1,0,6,3,11,1
6,18,4,0,0,0,3,3,0,0,1,1,0,0,0,1,5,2,0,3,1
7,21,4,0,1,0,3,1,0,0,1,1,1,0,0,2,0,8,1,14,0
9,20,0,0,1,0,3,0,0,0,1,1,1,0,0,1,0,7,11,14,0
4,20,4,1,1,2,3,3,0,2,1,1,1,3,0,4,0,2,10,6,1
7,15,4,0,1,0,3,0,0,2,1,1,1,7,0,1,0,6,7,7,1
13,15,4,0,0,0,3,0,0,9,1,1,0,1,2,1,0,6,3,7,1
9,20,4,0,1,0,3,0,0,14,1,1,1,0,0,1,0,6,3,10,1
9,17,0,1,1,0,3,0,0,1,1,1,1,0,0,1,0,6,4,7,1
10,18,4,0,1,0,1,1,0,16,1,1,1,0,0,5,3,6,10,8,0
15,22,4,0,1,0,3,3,0,11,1,1,1,0,2,1,0,7,8,11,1
14,14,0,1,0,0,3,0,0,2,1,1,0,0,2,0,5,0,0,0,1
13,20,0,1,1,0,3,1,0,0,1,1,1,5,2,3,0,1,3,1,1
0,18,4,1,1,0,3,0,0,14,1,1,1,0,0,1,0,4,0,9,1
10,20,4,0,1,0,3,0,0,2,1,1,1,1,0,1,0,6,4,7,1
12,20,2,1,1,0,3,1,0,0,1,1,1,0,2,1,0,9,8,12,0
12,2,0,1,1,3,3,0,1,5,1,1,1,7,2,0,2,0,0,4,1
3,18,4,0,1,0,3,1,0,2,1,1,1,0,0,0,5,0,0,0,1
13,20,4,1,1,0,3,2,0,0,1,1,1,0,2,2,0,3,6,7,1
8,20,4,1,1,0,3,0,0,0,1,1,1,7,0,1,0,6,4,6,1
6,20,0,1,1,4,3,0,1,10,1,1,1,6,0,1,0,6,8,11,1
5,20,4,1,1,0,3,0,0,0,1,1,1,7,0,1,0,3,5,9,0
12,16,4,0,1,0,3,3,0,3,1,1,1,0,2,1,0,7,7,13,1
10,18,4,0,1,0,3,3,0,0,1,1,1,2,0,1,0,8,7,14,1
8,15,0,0,1,4,3,0,1,9,1,1,1,7,0,1,2,4,0,3,1
11,15,4,1,1,0,3,0,0,0,1,1,1,0,2,1,0,3,1,4,1
13,19,0,0,1,0,3,0,0,0,1,1,1,0,2,1,0,6,6,11,1
11,18,0,1,1,0,3,0,0,1,1,1,1,0,2,1,2,0,0,0,1
9,18,4,0,1,0,3,1,0,0,1,1,1,0,0,4,2,6,0,10,0
1,15,4,0,1,0,3,0,0,2,1,1,1,1,0,0,5,0,0,0,1
5,20,4,0,1,3,3,0,1,2,1,1,1,8,0,1,0,6,7,7,1
2,18,4,0,1,0,3,2,0,16,1,1,1,0,0,6,5,1,0,2,0
8,0,3,1,1,4,3,3,1,1,1,1,1,7,2,0,5,0,0,6,1
14,20,4,0,1,0,3,0,0,0,1,1,1,5,2,1,0,7,11,14,0
8,0,4,0,0,4,3,0,1,9,1,1,1,7,0,0,5,0,0,0,1
9,20,0,1,1,0,3,1,0,0,1,1,1,0,0,4,5,4,0,3,0
13,23,0,0,1,0,3,0,0,1,1,1,1,0,2,8,0,6,3,14,1
6,21,0,0,1,0,3,0,0,1,1,1,1,5,0,1,0,6,6,11,0
13,20,4,0,1,0,3,0,0,12,1,1,1,1,2,3,0,6,2,12,1
13,15,0,0,1,4,3,0,1,1,1,1,1,7,2,1,0,5,4,4,1
15,23,0,0,1,0,3,0,0,2,1,1,1,0,2,1,0,6,4,10,1
7,18,4,0,1,0,3,1,0,7,1,1,1,7,0,1,0,5,3,9,1
12,21,0,0,1,4,3,0,1,1,1,1,1,0,2,7,1,6,0,6,1
4,21,4,1,1,0,3,1,0,11,1,1,1,0,0,6,0,2,4,3,0
4,20,4,0,1,0,3,0,0,0,1,1,1,7,0,1,0,1,2,5,1
10,20,0,0,1,0,3,1,0,0,1,1,1,0,0,1,0,9,6,13,0
6,15,4,0,1,0,3,0,0,14,1,1,1,0,0,1,0,6,1,10,1
6,19,4,0,1,0,3,3,0,11,1,1,1,0,0,1,0,9,11,11,1
4,18,0,1,1,4,3,0,1,0,1,1,1,7,0,1,5,2,0,4,0
2,17,4,1,1,0,3,0,0,2,1,1,1,0,0,6,2,2,0,2,1
9,20,4,0,1,0,3,1,0,2,1,1,1,5,0,1,0,6,8,8,1
13,20,4,1,1,0,3,3,0,12,1,1,1,5,2,1,0,7,7,14,1
15,18,0,0,1,3,3,2,1,1,1,1,1,0,2,1,0,2,3,6,1
15,21,0,1,1,0,3,3,0,0,1,1,1,0,2,1,0,7,10,14,1
0,18,4,1,1,0,3,0,0,2,1,1,1,0,0,0,5,0,0,0,1
14,20,0,1,1,0,3,1,0,0,1,1,1,0,2,1,0,6,5,6,1
12,21,0,0,1,4,3,0,1,0,1,1,1,0,2,1,0,6,8,14,1
3,14,4,1,1,0,3,0,0,2,1,1,1,0,0,1,0,1,1,5,1
15,18,0,1,1,0,3,0,0,0,1,1,1,0,2,1,0,5,3,8,1
10,16,4,1,1,0,3,0,0,0,1,1,1,0,0,1,0,5,2,10,1
8,20,4,1,1,0,3,0,0,0,1,1,1,0,0,1,0,6,7,12,1
2,18,4,1,1,0,3,1,0,16,1,1,1,0,0,7,5,1,0,2,0
10,21,0,1,1,0,3,1,0,1,1,1,1,1,0,1,0,6,6,9,1
12,5,4,1,1,3,3,0,1,2,1,1,1,8,0,6,1,4,0,4,1
10,21,4,1,1,0,3,1,0,11,1,1,1,0,0,1,2,4,0,3,0
7,15,4,0,1,0,3,0,0,11,1,1,1,5,0,1,0,6,2,8,1
13,12,2,0,1,4,3,0,1,0,1,1,1,0,2,1,0,6,11,12,0
5,20,4,0,1,0,3,1,0,2,1,1,1,0,0,2,0,3,4,2,1
9,15,4,1,1,0,3,0,0,5,1,1,1,7,0,0,5,0,0,3,1
14,21,4,1,1,3,3,3,1,2,1,1,1,5,2,1,5,0,0,4,0
0,15,4,0,1,0,2,0,0,10,1,1,1,0,0,1,0,6,8,6,1
3,18,4,0,1,3,3,3,1,2,1,1,1,5,0,0,5,0,0,0,1
2,18,4,1,0,0,3,1,0,16,1,1,0,8,0,0,5,0,0,0,0
9,15,0,1,1,0,3,0,0,1,1,1,1,7,0,1,5,0,0,0,0
14,20,4,0,1,0,3,3,0,2,1,1,1,0,2,4,0,2,1,2,1
6,15,0,1,1,0,3,0,0,2,1,1,1,0,0,1,5,0,0,0,1
7,15,4,0,1,0,3,0,0,2,1,1,1,7,0,1,0,6,4,3,1
1,18,4,1,0,0,3,1,0,2,1,1,0,0,0,0,5,0,0,4,1
7,15,4,1,1,0,3,0,0,5,1,1,1,0,0,1,0,3,3,5,1
5,15,4,1,1,0,3,3,0,2,1,1,1,0,0,1,0,4,2,6,1
5,20,4,1,1,0,3,0,0,0,1,1,1,5,0,2,0,6,11,13,1
1,18,4,0,1,0,3,0,0,16,1,1,1,5,0,0,5,0,0,0,0
13,19,4,1,1,0,3,1,0,0,1,1,1,0,2,1,0,7,5,12,1
4,18,4,0,1,0,3,3,0,2,1,1,1,5,0,1,0,6,7,7,1
15,19,4,1,1,0,3,1,0,0,1,1,1,0,2,6,0,5,0,8,0
4,18,4,1,1,0,3,1,0,0,1,1,1,5,0,1,0,6,6,11,1
15,20,4,1,1,0,3,1,0,0,1,1,1,0,2,4,0,6,10,13,1
1,18,4,1,1,0,3,0,0,2,1,1,1,5,0,2,5,1,0,1,1
7,20,4,1,1,2,3,3,0,12,1,1,1,0,0,1,0,6,6,14,0
7,15,4,0,1,0,3,1,0,2,1,1,1,8,0,6,0,1,11,3,1
7,14,0,1,1,0,3,0,0,2,1,1,1,7,0,1,0,6,8,6,0
11,8,0,0,1,2,0,0,1,3,1,1,0,1,1,6,1,1,4,12,1
14,19,3,1,1,0,2,0,0,2,1,1,1,0,2,4,0,8,4,9,1
6,20,4,0,1,0,3,0,0,12,1,1,1,0,0,1,0,6,11,13,0
4,20,4,0,1,0,1,3,0,0,1,1,1,0,0,5,0,9,6,13,1
15,20,4,1,1,3,3,0,1,9,1,1,1,5,2,1,0,6,3,10,1
0,17,4,1,1,0,3,1,0,2,1,1,1,0,0,1,0,2,1,4,0
8,20,4,0,1,0,3,0,0,0,1,1,1,7,0,1,0,5,7,9,1
9,19,0,0,1,0,3,0,0,0,1,1,1,0,0,1,0,6,3,14,1
5,20,4,1,1,1,3,0,1,12,1,1,1,0,0,1,0,5,1,6,1
10,8,0,0,1,4,3,0,1,1,1,1,1,7,0,1,0,5,2,7,1
12,16,4,0,1,0,3,0,0,15,1,1,1,0,2,0,5,0,0,0,1
7,13,4,1,1,4,3,0,1,5,1,1,1,7,0,1,0,1,1,5,1
3,15,4,1,1,0,3,0,0,12,1,1,1,0,0,0,5,0,0,0,0
3,15,4,0,1,0,3,0,0,2,1,1,1,0,0,1,0,4,1,2,1
8,17,4,0,1,0,3,0,0,2,1,1,1,7,0,0,5,0,0,0,1
11,11,4,0,0,0,3,1,0,12,1,1,0,0,2,1,2,3,0,6,1
3,17,4,1,1,0,3,1,0,9,1,1,1,0,0,1,5,1,0,3,1
13,20,4,1,1,0,3,1,0,0,1,1,1,8,2,1,0,6,3,13,0
6,14,4,0,0,0,3,1,0,2,1,1,0,8,0,8,5,0,0,0,1
12,19,4,0,1,0,3,3,0,2,1,1,1,5,2,1,0,6,8,10,1
0,18,4,0,1,0,3,0,0,2,1,1,1,7,0,3,5,0,0,0,1
1,18,4,1,1,4,3,0,1,2,1,1,1,7,0,1,0,2,4,3,1
9,17,4,1,1,0,3,1,0,0,1,1,1,0,0,1,0,9,10,11,1
1,17,4,1,1,0,3,0,0,7,1,1,1,0,0,0,5,0,0,0,1
4,15,4,0,1,4,0,0,1,16,1,1,1,0,0,5,3,9,4,6,0
3,18,4,1,1,0,3,0,0,16,1,1,1,0,0,1,0,6,4,4,1
8,15,0,0,1,0,3,3,0,2,1,1,1,0,0,3,0,4,1,2,1
8,20,0,1,1,0,3,0,0,1,1,1,1,7,0,2,0,6,8,12,1
6,19,4,0,1,0,3,0,0,0,1,1,1,7,0,1,0,6,1,11,1
12,15,0,1,1,0,3,0,0,1,1,1,1,5,2,1,5,0,0,0,0
11,20,4,1,1,0,3,0,0,0,1,1,1,7,2,1,0,6,5,9,0
1,17,4,0,1,0,3,1,0,16,1,1,1,0,0,2,5,1,0,2,0
14,14,4,1,1,0,3,0,0,12,1,1,1,7,2,1,0,6,1,7,1
12,20,4,1,1,0,3,3,0,11,1,1,1,0,2,1,0,7,2,11,0
13,18,0,1,1,3,3,2,1,1,1,1,1,0,2,1,0,2,10,4,1
6,19,0,0,1,0,3,0,0,0,1,1,1,0,0,1,0,6,8,14,0
13,15,4,0,1,0,3,0,0,2,1,1,1,7,2,1,0,3,3,5,1
10,19,0,0,1,0,3,0,0,0,1,1,1,0,0,1,0,7,2,5,0
12,18,0,0,1,0,3,0,0,1,1,1,1,0,2,1,0,9,4,12,1
12,18,0,0,1,0,3,3,0,0,1,1,1,0,2,1,0,8,2,14,1
3,15,4,0,0,0,3,1,0,2,1,1,0,0,0,0,5,0,0,4,1
5,20,4,0,1,0,3,1,0,2,1,1,1,8,0,1,0,3,3,5,1
10,15,4,0,1,0,3,0,0,2,1,1,1,0,0,6,0,4,3,6,1
4,18,4,0,1,3,3,0,1,2,1,1,1,0,0,1,0,6,3,9,1
3,15,4,0,1,0,3,0,0,2,1,1,1,0,0,0,5,0,0,0,1
7,14,4,0,0,4,3,0,1,2,1,1,0,0,0,1,5,0,0,8,0
5,18,4,0,1,3,3,0,1,0,1,1,1,5,0,1,0,6,7,9,1
1,18,2,1,1,0,3,1,0,2,1,1,1,6,0,3,0,2,1,3,0
9,3,3,1,1,3,1,3,1,14,1,1,1,7,2,1,0,6,4,7,1
13,18,4,0,1,0,3,0,0,15,1,1,1,1,2,1,5,0,0,0,0
9,19,4,0,1,0,3,0,0,2,1,1,1,0,0,1,0,6,6,12,1
8,20,4,0,1,0,3,0,0,5,1,1,1,0,0,1,0,6,3,6,0
1,19,4,0,1,0,3,0,0,2,1,1,1,0,0,0,5,0,0,0,1
14,18,4,0,1,0,3,0,0,12,1,1,1,0,2,1,0,6,2,10,1
11,20,4,0,0,0,3,0,0,2,1,1,0,0,2,1,0,6,3,5,1
9,14,0,1,1,0,3,0,0,9,1,1,1,0,0,1,0,6,3,8,1
2,15,4,1,0,0,3,0,0,9,1,1,1,0,0,1,0,5,2,8,0
8,16,4,0,1,4,3,0,1,0,1,1,1,7,0,1,0,5,2,5,1
1,15,4,0,1,0,3,0,0,0,1,1,1,5,0,1,0,6,4,12,0
9,20,4,1,1,0,3,0,0,11,1,1,1,0,0,6,0,1,8,6,1
12,17,0,0,1,0,3,0,0,1,1,1,1,0,2,1,0,6,3,10,1
15,20,2,1,1,0,3,0,0,0,1,1,1,0,2,1,0,6,0,9,1
10,20,4,1,1,0,3,1,0,14,1,1,1,0,0,1,0,6,8,12,0
11,18,0,1,1,0,3,1,0,0,1,1,1,0,2,1,0,4,1,3,1
5,20,4,0,1,0,3,3,0,11,1,1,1,8,0,3,5,0,0,0,1
11,18,0,1,1,4,3,0,1,1,1,1,1,5,2,0,5,0,0,0,0
2,13,4,0,1,0,3,0,0,15,1,1,1,7,0,0,5,0,0,0,0
6,14,4,1,1,0,3,0,0,12,1,1,1,0,0,9,2,0,0,0,0
14,19,4,0,1,3,3,0,1,0,1,1,1,7,2,1,0,6,11,11,1
0,17,4,1,1,0,3,0,0,16,1,1,1,5,0,0,5,0,0,0,0
4,20,4,0,1,0,3,0,0,2,1,1,1,0,0,1,0,3,1,4,0
10,12,3,0,1,0,3,3,0,0,1,1,1,0,0,1,0,6,8,9,1
7,15,4,1,1,0,3,0,0,7,1,1,1,0,0,1,5,0,0,0,0
8,20,4,1,1,0,3,3,0,0,1,1,1,5,0,3,0,3,1,5,1
15,18,0,1,1,4,3,0,1,0,1,1,1,7,2,1,5,6,0,2,1
6,17,4,0,1,0,3,1,0,2,1,1,1,8,0,8,5,6,0,7,1
1,17,4,1,1,0,3,3,0,16,1,1,1,8,0,1,5,0,0,0,1
6,22,0,1,1,0,3,0,0,1,1,1,1,0,0,7,1,4,0,13,1
8,20,0,1,1,0,3,0,0,1,1,1,1,5,0,1,0,6,1,9,0
3,15,4,0,1,4,3,0,1,2,1,1,1,7,0,1,0,6,9,7,1
12,15,4,1,1,0,3,3,0,11,1,1,1,0,2,1,0,2,3,6,1
14,20,0,0,1,0,3,1,0,0,1,1,1,0,2,1,0,8,11,13,1
11,22,0,1,1,0,3,0,0,0,1,1,1,1,2,3,0,6,6,10,1
6,15,4,0,1,0,3,0,0,2,1,1,1,0,0,1,0,6,5,7,1
11,16,4,0,0,0,3,1,0,15,1,0,0,8,0,1,5,6,0,1,0
2,18,4,1,0,0,3,0,0,0,1,1,1,0,0,1,0,5,4,2,0
0,15,4,0,1,0,3,1,0,2,1,1,1,0,0,1,5,0,0,0,1
5,18,3,0,1,3,3,0,1,1,1,1,1,0,2,1,0,1,2,6,1
2,18,4,0,1,0,3,3,0,2,1,1,1,5,0,1,0,1,2,3,1
12,10,2,1,1,3,3,0,1,2,1,1,1,0,2,4,0,6,8,10,1
4,18,4,1,1,0,3,0,0,9,1,1,1,0,0,1,0,4,2,5,1
14,22,0,0,1,0,3,0,0,0,1,1,1,0,2,3,0,6,2,11,1
0,15,4,0,0,0,3,0,0,2,1,1,0,0,0,0,5,0,0,0,1
8,18,4,1,1,0,3,2,0,5,1,1,1,7,0,1,0,6,3,8,1
11,20,4,0,1,0,3,0,0,0,1,1,1,1,2,3,0,6,0,9,1
7,15,4,0,1,0,3,0,0,2,1,1,1,0,0,1,0,4,3,6,1
8,17,4,0,1,0,3,0,0,2,1,1,1,0,0,1,0,6,6,12,1
1,18,4,1,1,0,3,1,0,12,1,1,1,0,0,1,0,2,4,5,1
11,14,4,1,1,0,3,0,0,2,1,1,0,1,2,1,4,3,7,6,1
8,15,4,0,1,0,3,0,0,7,1,1,1,0,0,1,2,0,0,0,1
2,18,4,0,1,0,3,1,0,2,1,1,1,0,0,1,0,3,3,4,1
0,17,4,1,1,0,3,0,0,16,1,1,1,0,0,1,0,1,4,2,1
9,18,0,0,1,0,3,0,0,0,1,1,1,0,0,0,5,0,0,10,1
8,19,4,0,1,0,3,3,0,2,1,1,1,0,0,1,0,6,6,10,1
7,18,0,1,1,0,3,0,0,1,1,1,1,0,0,1,0,8,3,10,1
14,0,0,1,1,4,3,0,1,1,1,1,1,7,2,0,5,0,0,0,1
5,18,4,1,1,0,3,0,0,12,1,1,1,5,0,1,5,0,0,2,1
10,15,4,1,1,0,3,1,0,10,1,1,1,0,0,4,0,6,8,11,1
7,20,4,0,1,0,3,3,0,9,1,1,1,0,0,2,0,6,2,8,1
3,15,4,0,1,0,3,0,0,15,1,1,1,0,0,0,5,0,0,0,0
10,15,4,0,1,0,3,3,0,4,1,1,1,0,0,1,0,5,3,4,1
15,9,4,0,1,0,3,1,0,12,1,1,1,7,2,2,0,8,2,4,1
1,14,4,1,1,4,3,0,1,16,1,1,1,5,0,0,5,0,0,0,1
10,20,4,1,1,0,3,0,0,2,1,1,1,0,0,1,0,3,2,4,1
1,17,4,0,1,0,3,1,0,0,1,1,1,0,0,1,0,6,3,13,0
11,18,4,0,1,3,3,0,1,0,1,1,1,7,2,1,0,6,2,6,1
15,20,0,1,1,0,3,0,0,1,1,1,1,0,2,1,0,6,10,11,1
14,20,0,1,1,0,3,3,0,0,1,1,1,0,2,6,5,0,0,0,0
7,16,0,0,1,0,3,0,0,0,1,1,1,7,0,1,0,6,3,9,0
6,11,4,1,1,0,3,0,0,0,1,1,1,0,0,1,0,1,4,6,1
3,15,4,0,1,0,3,0,0,2,1,1,1,7,0,1,0,6,5,6,0
13,15,0,0,1,0,3,0,0,1,1,1,1,0,2,1,0,6,3,14,1
12,15,4,1,1,0,3,1,0,0,1,1,1,0,2,1,5,0,0,4,1
5,15,0,0,1,0,1,1,0,1,1,1,1,0,0,1,0,6,8,8,1
10,10,0,1,1,4,3,0,1,2,1,1,1,7,0,0,5,0,0,0,1
8,19,3,1,1,3,3,0,1,0,1,1,1,0,0,1,0,3,6,6,1
8,20,4,1,1,0,3,1,0,11,1,1,1,5,0,1,0,6,2,12,0
11,20,0,1,0,4,3,0,1,1,1,1,1,0,2,0,5,0,0,0,1
15,18,0,1,1,4,3,0,1,0,1,1,1,5,2,1,0,6,4,9,1
15,15,4,0,1,0,3,0,0,0,1,1,1,7,2,1,0,5,0,6,0
8,19,4,0,0,0,3,1,0,2,0,1,0,0,0,2,0,6,8,9,1
0,18,4,0,1,0,3,2,0,11,1,1,1,8,0,1,0,3,10,1,1
5,17,4,0,1,0,3,1,0,15,1,1,1,0,0,1,5,3,0,1,0
12,15,0,1,1,0,3,0,0,1,1,1,1,0,2,1,0,6,2,7,1
8,20,0,1,1,4,3,0,1,1,1,1,1,0,0,0,5,0,0,0,1
9,20,2,0,1,4,3,0,1,0,1,1,1,5,0,1,0,6,0,11,1
11,20,4,0,1,0,3,0,0,2,1,1,1,0,2,1,0,3,5,2,1
9,20,4,1,1,0,3,0,0,0,1,1,1,0,0,1,5,6,0,6,0
7,18,4,1,1,0,3,0,0,0,1,1,1,0,0,1,5,0,0,0,1
5,20,4,1,1,2,3,3,0,2,1,1,1,0,0,1,5,0,0,0,0
2,22,4,0,1,0,3,0,0,9,1,1,1,0,0,2,0,7,2,11,1
14,20,0,1,1,0,3,0,0,0,1,1,1,1,2,1,5,6,0,14,1
7,19,4,0,1,0,3,3,0,12,1,1,1,0,0,1,0,6,6,8,0
1,17,4,0,1,0,3,1,0,2,1,1,1,8,0,1,0,9,6,12,0
9,15,0,1,1,0,3,0,0,8,1,1,1,7,0,1,0,3,6,8,0
4,15,4,0,1,0,3,0,0,2,1,1,1,0,0,1,2,0,0,0,1
9,18,4,1,1,4,3,0,1,4,1,1,1,0,0,1,0,6,6,5,1
14,14,0,1,1,4,3,0,1,9,1,1,1,5,2,1,0,6,8,11,1
5,15,0,0,1,4,3,0,1,1,1,1,1,7,0,0,5,0,0,0,1
9,19,4,1,1,0,3,0,0,12,1,1,1,0,0,1,0,6,2,11,1
10,21,4,1,1,0,3,0,0,5,1,1,1,0,0,1,0,8,3,8,1
4,20,4,1,1,0,3,0,0,2,1,1,1,0,0,4,0,1,8,6,0
3,18,4,1,1,0,3,0,0,2,1,1,1,7,0,1,5,0,0,2,1
2,19,4,1,1,0,3,1,0,2,1,1,1,0,0,1,0,6,4,5,1
12,15,0,0,1,0,3,0,0,0,1,1,1,0,2,1,0,6,2,10,1
9,15,0,1,1,4,3,0,1,5,1,1,1,0,0,1,0,6,2,8,1
10,18,4,1,1,0,3,0,0,0,1,1,1,0,0,7,0,6,5,13,1
0,18,4,1,1,0,3,3,0,16,1,1,1,0,0,1,0,2,4,3,1
1,18,4,0,1,3,3,0,1,2,1,1,1,5,0,0,5,0,0,0,1
2,18,4,0,1,0,3,0,0,2,1,1,1,0,0,4,0,2,1,3,1
4,18,4,0,1,3,3,1,1,2,1,1,1,0,0,1,0,2,4,5,1
7,20,0,0,1,4,3,0,1,1,1,1,1,0,0,1,0,6,10,11,1
9,20,4,0,1,0,3,0,0,2,1,1,1,8,0,1,0,6,4,10,1
6,18,4,0,1,0,3,1,0,2,1,1,1,8,0,2,0,1,3,3,1
1,14,4,1,1,0,3,0,0,2,1,1,1,5,0,1,0,1,2,3,1
1,18,4,0,1,0,3,0,0,16,1,1,1,0,0,0,5,0,0,0,0
12,20,0,1,1,0,3,0,0,0,1,1,1,0,2,1,0,8,8,14,1
0,15,4,0,1,0,3,0,0,2,1,1,1,0,0,0,5,0,0,0,1
9,18,4,1,1,0,3,0,0,0,1,1,1,1,0,0,5,0,0,0,1
7,15,4,1,1,0,3,0,0,5,1,1,1,0,0,6,0,3,6,4,1
3,20,4,1,1,0,3,0,0,12,1,1,1,7,0,1,0,2,9,4,0
0,14,4,1,0,0,3,1,0,16,1,1,0,8,0,1,5,1,0,1,0
1,18,4,1,1,0,3,0,0,2,1,1,1,0,0,1,0,1,10,3,1
6,15,4,1,1,4,3,0,1,14,1,1,1,7,0,1,0,6,8,7,1
10,20,0,0,1,0,3,0,0,0,1,1,1,5,0,3,0,6,5,14,0
11,20,0,0,1,3,3,0,1,0,1,1,1,5,2,1,2,7,0,0,1
8,11,4,0,0,0,3,0,0,5,0,1,1,0,0,0,5,0,0,0,1
10,20,0,1,1,0,3,1,0,0,1,1,1,0,0,3,0,6,8,12,1
2,17,4,0,1,0,3,1,0,2,1,1,1,0,0,1,2,2,0,3,1
0,18,4,0,1,0,3,1,0,2,1,1,1,0,0,9,2,0,0,0,1
14,6,0,0,1,4,3,0,1,0,1,1,1,7,2,1,0,7,8,10,1
15,18,0,0,1,4,3,0,1,1,1,1,1,0,2,1,0,6,3,11,1
15,22,0,1,1,4,3,0,1,1,1,1,1,0,2,1,0,9,6,10,1
0,15,4,1,1,0,3,2,0,0,1,1,1,0,0,9,2,1,0,1,1
4,20,0,0,1,3,3,0,1,0,1,1,1,5,0,1,5,6,0,4,0
8,18,4,0,1,0,3,0,0,11,1,1,1,0,0,1,0,3,6,6,0
9,15,4,0,0,0,3,0,0,2,1,1,0,0,0,1,0,9,3,8,1
9,20,4,1,1,0,3,1,0,12,1,1,1,0,0,1,0,6,4,13,1
3,15,4,0,1,0,3,0,0,12,1,1,1,7,0,1,0,5,3,6,1
4,20,0,0,1,0,0,2,0,0,1,1,1,3,0,5,3,7,3,6,1
7,17,0,1,1,0,3,0,0,1,1,1,1,7,0,1,2,0,0,0,1
2,19,4,1,1,0,3,0,0,2,1,1,1,0,0,1,5,2,0,3,1
4,18,0,0,1,4,3,0,1,1,1,1,1,0,0,1,5,0,0,0,0
12,9,4,0,1,0,3,1,0,5,1,1,1,5,2,2,0,8,3,8,1
10,16,4,1,1,3,3,3,1,10,1,1,1,0,0,1,0,6,6,10,0
12,21,0,1,1,0,3,1,0,0,1,1,1,0,2,4,0,6,2,14,1
10,10,0,0,1,0,0,0,0,0,1,1,1,7,0,5,3,8,3,10,1
10,20,0,0,1,0,3,0,0,1,1,1,1,0,0,2,0,6,4,12,0
4,20,4,0,1,3,3,0,1,2,1,1,1,5,0,1,0,6,2,9,1
7,20,4,0,1,4,3,0,1,0,1,1,1,5,0,1,0,7,5,14,1
15,21,0,1,1,0,3,0,0,0,1,1,1,0,2,3,0,6,3,13,0
0,15,4,0,1,0,3,3,0,7,1,1,1,1,0,1,0,5,1,6,1
8,18,4,0,1,0,3,0,0,0,1,1,1,7,0,1,0,7,2,12,0
6,17,4,1,1,0,3,0,0,2,1,1,1,0,0,5,0,6,5,7,1
12,0,4,0,0,0,3,1,0,15,0,0,1,0,2,0,5,0,0,1,1
6,20,4,1,1,0,3,1,0,14,1,1,1,5,0,1,0,8,4,12,1
11,17,4,0,1,0,3,1,0,0,1,1,1,0,2,1,0,6,6,9,1
6,19,0,1,1,0,3,0,0,1,1,1,1,0,0,1,0,6,2,7,1
1,15,4,0,1,4,3,0,1,11,1,1,1,5,0,0,5,0,0,0,0
11,18,2,0,0,0,3,1,0,0,1,1,1,7,2,1,0,6,4,8,1
0,15,4,0,1,0,3,1,0,2,1,1,1,0,0,1,5,6,0,2,1
13,17,0,1,1,4,3,0,1,1,1,1,1,0,2,1,0,7,5,12,0
9,15,0,1,1,0,3,0,0,2,1,1,1,0,0,3,0,6,2,5,1
4,20,4,1,1,0,3,1,0,0,1,1,1,0,0,1,0,9,1,12,0
14,23,0,0,1,4,3,0,1,1,1,1,1,0,2,0,5,0,0,4,0
15,20,4,0,1,0,3,1,0,11,1,1,1,0,2,1,0,4,10,6,0
13,18,4,1,1,0,3,0,0,0,1,1,1,0,2,1,0,6,2,7,1
8,20,4,1,1,0,3,0,0,12,1,1,1,0,0,1,0,8,8,10,1
1,14,4,0,0,0,3,3,0,14,1,1,0,0,0,1,5,2,0,3,0
14,18,2,0,1,0,1,3,0,0,1,1,1,0,2,1,0,6,10,9,1
4,20,4,1,1,0,3,1,0,2,1,1,1,0,0,3,5,0,0,0,1
11,20,4,1,1,0,3,1,0,0,1,1,1,5,2,1,0,3,5,14,0
6,15,4,0,1,0,3,3,0,7,1,1,1,0,0,1,0,6,8,9,0
12,15,4,0,1,0,3,3,0,14,1,1,1,0,2,1,0,4,2,6,1
13,15,0,1,1,0,3,3,0,5,1,1,1,7,2,1,0,8,3,10,1
1,14,4,0,1,0,3,0,0,2,1,1,1,5,0,1,0,6,4,5,1
9,20,0,0,1,3,3,0,1,1,1,1,1,5,0,1,0,6,4,12,1
11,15,4,1,1,0,3,1,0,2,1,1,1,8,2,1,0,8,2,6,1
10,20,4,1,1,0,3,0,0,2,1,1,1,0,0,1,0,6,7,9,1
8,20,4,0,1,0,3,1,0,2,1,1,1,5,0,1,0,6,3,14,1
2,18,4,0,1,0,3,3,0,0,1,1,1,0,0,1,0,9,3,12,1
4,18,4,1,1,0,3,1,0,2,1,1,1,8,0,1,0,3,4,2,1
13,21,4,1,1,3,3,0,1,2,1,1,1,5,2,1,1,6,0,7,1
9,21,0,0,1,4,3,0,1,0,1,1,1,5,0,1,0,6,2,10,1
7,20,4,0,1,0,3,0,0,0,1,1,1,0,0,7,0,7,5,10,1
8,21,4,1,1,4,3,1,1,0,1,1,1,0,0,0,5,0,0,0,0
15,20,0,0,1,3,3,0,1,1,1,1,1,5,2,2,0,7,8,13,1
11,21,4,1,1,0,3,0,0,11,1,1,1,8,2,4,0,8,1,13,0
2,18,4,0,1,0,3,0,0,0,1,1,1,1,0,1,0,3,3,4,0
9,14,4,0,1,0,3,0,0,5,1,1,1,0,0,1,0,8,1,6,1
14,23,4,0,1,0,3,1,0,2,1,1,1,0,2,1,0,6,8,13,1
14,20,4,1,1,4,3,3,1,0,1,1,1,0,2,1,0,6,8,14,1
11,17,0,0,1,4,3,0,1,8,1,1,1,2,2,1,0,6,5,9,1
11,15,4,0,1,3,3,0,1,2,1,1,1,7,2,1,0,6,1,9,1
13,19,0,0,1,4,3,3,1,8,1,1,1,0,2,1,0,6,6,10,1
10,15,4,0,1,3,3,0,1,2,1,1,1,5,0,0,5,0,0,10,1
3,18,4,1,1,0,3,0,0,2,1,1,1,0,0,6,1,2,0,6,1
4,15,4,0,1,4,3,0,1,0,1,1,1,5,0,1,0,6,10,9,0
8,19,4,0,1,0,3,1,0,12,1,1,1,0,0,1,0,7,11,5,1
15,20,0,0,1,4,3,3,1,0,1,1,1,0,2,1,0,6,5,6,1
3,13,4,0,1,0,3,3,0,15,1,1,1,1,0,1,5,6,0,9,0
7,18,4,1,1,0,3,0,0,2,1,1,1,7,0,2,0,6,11,8,1
6,15,4,0,1,0,3,0,0,11,1,1,1,0,0,1,0,6,1,12,1
4,15,4,0,1,0,3,3,0,7,1,1,1,0,0,1,0,6,4,9,0
11,20,0,1,1,0,3,3,0,1,1,1,1,0,2,7,1,9,0,13,1
15,20,0,1,1,0,3,0,0,1,1,1,1,0,2,1,2,2,0,4,1
4,19,4,1,1,0,3,3,0,9,1,1,1,0,0,1,0,6,5,7,1
11,15,4,0,1,0,3,0,0,15,1,1,1,1,0,4,2,5,0,8,0
6,20,0,1,1,0,3,1,0,0,1,1,1,0,0,2,5,0,0,0,0
15,20,0,0,1,4,3,0,1,0,1,1,1,7,2,1,0,8,3,14,1
3,20,4,1,1,0,3,3,0,11,1,1,1,0,0,0,5,0,0,0,1
9,14,4,0,1,0,3,3,0,2,1,1,1,8,0,8,0,8,3,8,1
11,8,4,0,1,4,3,0,1,11,1,1,1,0,2,1,0,6,4,14,0
1,18,4,1,1,0,3,0,0,2,1,1,1,0,0,2,0,6,2,7,1
9,18,0,1,1,0,3,0,0,1,1,1,1,0,0,0,5,0,0,0,1
7,20,0,1,1,4,3,0,1,0,1,1,1,0,0,1,1,8,0,10,1
1,18,4,0,1,0,3,0,0,2,1,1,1,1,0,0,5,0,0,0,1
11,15,4,0,1,0,3,0,0,2,1,1,1,0,2,1,0,6,0,9,1
2,13,4,0,1,0,3,3,0,15,1,1,1,1,0,0,5,0,0,0,1
3,19,4,1,1,0,3,3,0,2,1,1,1,0,0,3,0,8,6,11,1
12,18,0,1,1,0,3,0,0,1,1,1,1,0,2,1,5,0,0,0,1
4,18,4,0,1,0,3,0,0,2,1,1,1,0,0,1,5,0,0,0,1
2,15,2,1,0,4,3,0,1,0,1,1,1,0,0,0,5,0,0,0,1
2,18,4,1,1,0,3,2,0,11,1,1,1,7,0,1,0,2,1,4,0
11,18,0,1,0,0,3,3,0,8,1,1,1,2,2,1,5,0,0,0,1
7,18,4,0,1,3,3,0,1,2,1,1,1,8,0,1,0,6,2,5,1
8,18,4,0,1,0,3,0,0,2,1,1,1,0,0,1,0,6,6,6,1
5,17,4,1,1,0,3,3,0,2,1,1,1,7,0,1,0,6,2,6,1
14,15,0,0,1,0,3,0,0,1,1,1,1,0,2,1,2,0,0,3,0
11,21,0,1,1,0,3,1,0,0,1,1,1,0,2,1,0,6,5,14,1
10,14,4,0,1,0,3,3,0,12,1,1,1,0,0,3,1,8,0,12,0
2,15,4,0,1,0,3,0,0,15,1,1,1,7,0,1,5,6,0,9,0
5,17,0,0,1,0,3,0,0,2,1,1,1,1,0,2,0,4,11,3,1
12,18,0,1,1,0,1,1,0,16,1,1,1,8,2,1,5,0,0,0,0
13,15,0,0,1,0,3,1,0,1,1,1,1,0,2,8,5,0,0,0,1
12,21,0,1,1,4,3,3,1,1,1,1,1,7,2,1,0,6,4,8,0
9,18,0,1,0,0,3,0,0,9,1,1,1,2,0,1,0,7,6,14,1
8,18,4,0,1,0,3,0,0,2,1,1,1,0,0,1,0,6,2,11,1
8,18,4,0,1,0,3,0,0,2,1,1,1,1,0,1,0,3,6,2,1
15,18,4,1,1,0,3,1,0,0,1,1,1,5,2,1,0,6,2,14,1
6,17,4,1,1,0,3,3,0,12,1,1,1,0,0,4,5,0,0,0,1
4,18,4,1,1,0,3,0,0,16,1,1,1,1,0,2,0,6,4,7,1
2,18,4,0,1,0,3,3,0,2,1,1,1,7,0,1,0,1,2,2,1
11,15,4,0,1,0,3,1,0,7,1,1,1,8,2,1,0,6,11,3,1
12,15,0,0,1,4,3,3,1,8,1,1,1,5,2,1,0,6,3,6,1
8,15,2,0,1,0,3,1,0,0,1,1,1,0,0,3,0,2,8,5,1
10,18,4,0,0,0,3,0,0,2,1,1,0,0,0,0,5,0,0,0,1
6,17,0,1,1,4,3,0,1,8,1,1,1,0,0,1,0,4,5,7,1
9,15,0,0,1,0,3,3,0,15,1,1,1,0,0,0,5,0,0,0,1
9,20,4,1,1,0,3,3,0,12,1,1,1,0,0,2,0,6,6,13,0
0,18,4,0,1,0,3,0,0,2,1,1,1,7,0,1,0,3,2,2,1
8,18,4,1,1,0,2,1,0,3,1,1,1,0,0,5,3,6,2,13,1
7,20,4,1,1,0,3,3,0,11,1,1,1,5,0,0,5,0,0,0,0
9,20,4,1,1,0,3,0,0,2,1,1,1,5,0,1,0,4,9,6,1
10,18,0,1,1,4,3,0,1,11,1,1,1,0,0,1,0,6,6,7,1
13,20,0,1,1,0,3,0,0,0,1,1,1,0,2,1,0,6,10,14,1
0,17,4,1,1,3,3,0,1,16,1,1,1,5,0,1,5,6,0,2,1
6,20,0,0,1,0,3,0,0,2,1,1,1,8,0,1,0,6,6,12,1
13,21,4,0,1,0,3,0,0,9,1,1,1,0,2,3,0,6,8,11,1
3,19,4,1,1,0,3,1,0,2,1,1,1,0,0,1,0,6,2,5,1
4,15,4,1,1,0,3,0,0,2,1,1,1,0,0,1,5,6,0,7,1
13,15,0,1,1,4,3,0,1,1,1,1,1,5,2,0,5,0,0,0,1
13,20,4,1,1,0,3,3,0,0,1,1,1,0,2,1,0,6,3,14,1
0,15,4,1,1,0,3,0,0,2,1,1,1,7,0,0,5,0,0,0,1
3,20,4,1,1,0,3,1,0,2,1,1,1,5,0,1,5,1,0,2,1
15,15,0,1,1,0,3,0,0,0,1,1,1,0,2,1,0,6,5,12,1
11,21,0,1,1,4,3,0,1,0,1,1,1,0,2,2,0,6,1,9,0
3,21,4,1,1,4,3,0,1,14,1,1,1,7,0,0,5,0,0,0,0
14,20,0,0,1,0,3,0,0,0,1,1,1,5,2,1,0,7,0,13,1
13,19,0,0,1,3,3,0,1,0,1,1,1,5,2,1,0,6,3,10,1
12,17,4,0,1,3,3,0,1,2,1,1,1,5,2,1,0,2,8,3,1
5,15,4,0,1,0,3,0,0,2,1,1,1,5,0,1,0,6,4,6,1
2,18,4,1,1,0,3,0,0,2,1,1,1,0,0,0,5,0,0,0,1
13,11,4,0,0,0,3,0,0,15,1,1,0,0,2,0,5,0,0,0,1
8,15,3,1,1,0,3,0,0,7,1,1,1,0,0,1,0,6,2,6,1
6,15,0,1,1,0,3,0,0,0,1,1,1,0,0,2,0,6,1,10,0
2,15,4,0,1,0,3,1,0,2,1,1,1,0,0,1,0,1,6,2,1
14,6,0,0,1,4,3,0,1,16,1,1,1,7,2,9,2,0,0,0,0
6,15,4,1,0,0,3,0,0,12,1,1,0,0,0,0,5,0,0,0,1
15,20,4,1,1,0,3,1,0,10,1,1,1,8,2,1,0,9,0,3,0
12,14,0,1,1,4,3,0,1,9,1,1,1,0,2,0,5,0,0,0,1
0,18,4,1,1,0,3,1,0,2,1,1,1,0,0,1,0,2,2,4,0
0,15,4,1,1,0,3,0,0,16,1,1,1,0,0,9,2,0,0,0,0
0,16,4,1,1,0,3,0,0,2,1,1,1,0,0,9,2,0,0,0,1
14,8,0,1,1,4,3,0,1,11,1,1,1,7,2,1,0,6,4,12,1
5,18,4,1,0,4,3,0,1,9,1,1,1,0,0,0,5,0,0,0,0
7,20,4,1,1,0,3,0,0,12,1,1,1,0,0,1,0,6,11,9,1
9,15,0,1,1,0,3,0,0,1,1,1,1,0,0,1,0,6,0,9,0
1,17,4,0,1,0,3,1,0,2,1,1,1,0,0,1,0,3,6,2,1
0,15,4,0,1,0,3,0,0,2,1,1,1,0,0,1,2,1,0,1,1
10,15,4,0,1,0,3,3,0,12,1,1,1,0,0,1,0,6,3,10,1
2,15,4,0,0,0,3,0,0,15,1,1,1,7,0,0,5,0,0,0,1
9,18,4,1,1,2,3,0,0,12,1,1,1,5,0,1,5,0,0,0,1
7,17,4,1,1,4,3,0,1,0,1,1,1,5,0,1,0,6,1,8,0
2,18,4,1,1,0,3,0,0,2,1,1,1,0,0,0,5,0,0,0,1
10,23,3,1,1,0,3,3,0,0,1,1,1,0,2,7,0,6,11,7,1
15,20,2,0,1,3,3,0,1,2,1,1,1,5,2,1,4,6,0,11,0
4,15,0,0,1,0,1,0,0,9,1,1,1,0,0,1,0,6,2,3,1
1,18,4,0,1,0,0,1,0,16,1,1,1,0,0,5,3,6,3,6,1
3,20,0,1,1,3,3,0,1,1,1,1,1,5,0,1,0,3,4,9,1
10,20,0,1,1,0,3,0,0,0,1,1,1,5,0,0,5,0,0,0,0
9,0,1,1,0,2,3,1,0,4,0,0,0,3,0,0,5,0,5,2,1
6,20,4,1,1,3,3,0,1,5,1,1,1,5,0,1,5,1,0,2,1
14,20,0,0,1,0,3,0,0,0,1,1,1,5,2,1,0,6,4,11,1
12,15,4,1,1,0,3,1,0,16,1,1,1,8,0,2,0,2,5,3,0
12,20,0,1,1,0,3,1,0,0,1,1,1,0,2,6,0,9,6,14,1
6,15,4,0,1,4,3,3,1,2,1,1,1,0,0,1,0,6,0,6,1
14,20,0,1,1,0,3,1,0,1,1,1,1,0,2,1,0,6,3,12,1
4,18,2,1,0,0,1,3,0,14,1,1,1,0,2,1,5,0,0,6,0
11,20,4,1,1,0,3,3,0,11,1,1,1,5,2,1,0,4,0,4,0
0,15,4,1,1,0,3,3,0,2,1,1,1,7,0,0,5,0,0,0,1
8,19,4,0,1,0,3,0,0,11,1,1,1,0,0,1,0,9,8,10,1
5,20,4,1,1,0,3,1,0,12,1,1,1,0,0,4,0,6,4,5,0
13,20,0,0,1,0,3,0,0,1,1,1,1,8,2,7,1,9,0,13,1
6,15,4,0,1,0,3,0,0,2,1,1,1,0,0,1,0,1,2,5,1
9,20,4,0,1,0,3,0,0,11,1,1,1,5,0,4,0,6,6,12,1
11,17,0,0,1,0,3,0,0,8,1,1,1,7,2,4,0,6,1,11,1
13,20,0,0,1,0,0,0,0,0,1,1,1,0,2,5,3,8,9,14,0
3,15,0,1,1,4,3,0,1,8,1,1,1,5,0,1,1,1,0,1,1
8,20,4,1,1,0,3,0,0,2,1,1,1,0,0,1,2,0,0,0,1
7,20,4,1,1,0,3,0,0,12,1,1,1,0,0,1,0,6,10,9,1
2,18,4,0,1,0,3,0,0,16,1,1,1,5,0,0,5,0,0,0,1
2,18,4,1,0,0,3,0,0,2,1,1,1,5,0,0,5,0,0,4,1
10,0,0,0,1,2,3,0,1,1,1,1,1,1,0,6,0,3,4,8,1
0,18,4,1,1,0,3,0,0,2,1,1,1,5,0,0,5,0,0,5,1
10,20,0,1,1,0,3,0,0,5,1,1,1,0,0,2,2,6,0,10,1
1,15,4,0,1,0,3,1,0,2,1,1,1,0,0,1,2,1,0,3,1
11,15,4,1,1,0,3,0,0,2,1,1,1,7,2,1,0,4,4,8,1
6,20,4,0,1,0,3,0,0,11,1,1,1,0,0,3,0,6,8,11,0
12,19,4,0,1,0,3,0,0,12,1,1,1,0,2,1,0,9,3,12,1
3,15,4,0,1,0,3,1,0,2,1,1,1,0,0,1,0,6,6,10,1
1,15,4,1,0,0,3,2,0,2,1,0,1,3,0,9,2,4,3,2,1
10,15,0,1,1,0,3,0,0,2,1,1,1,0,0,1,0,8,8,7,1
9,0,0,0,1,3,3,3,1,0,1,1,1,0,0,1,1,8,0,11,1
9,20,0,1,1,4,3,0,1,0,1,1,1,5,0,1,0,6,10,13,1
6,20,4,0,1,0,3,1,0,14,1,1,1,0,0,1,0,4,4,2,1
3,20,0,0,1,0,3,3,0,1,1,1,1,5,0,1,0,8,8,13,1
4,18,4,1,1,0,3,0,0,2,1,1,1,0,0,1,0,3,4,5,1
14,15,0,1,1,4,3,0,1,8,1,1,1,5,2,0,5,0,0,0,1
3,19,4,1,1,0,3,0,0,9,1,1,1,0,0,0,5,0,0,0,1
0,15,4,0,1,4,3,0,1,16,1,1,1,5,0,2,5,1,0,2,0
9,18,0,1,0,4,3,0,1,1,1,1,1,5,0,1,0,6,6,10,1
11,20,4,0,1,0,3,0,0,11,1,1,1,5,2,1,5,8,0,13,1
0,17,4,1,1,0,3,3,0,11,1,1,1,8,0,1,5,1,0,1,1
11,18,0,1,1,0,3,1,0,0,1,1,1,0,2,1,0,3,3,11,1
9,15,4,0,1,3,3,0,1,2,1,1,1,5,0,1,0,6,7,7,1
13,19,0,1,1,1,3,0,0,11,1,1,1,0,2,2,0,4,10,6,1
3,18,4,0,1,0,3,3,0,2,1,1,1,0,0,1,0,3,3,4,1
8,18,0,1,1,0,3,0,0,0,1,1,1,7,0,1,0,6,6,9,1
3,20,4,1,1,0,3,1,0,2,1,1,1,0,0,1,0,1,3,4,1
7,20,4,0,1,0,3,0,0,2,1,1,1,0,0,1,0,7,8,13,1
0,15,4,0,1,0,3,0,0,2,1,1,1,7,0,1,5,1,0,2,1
6,20,4,1,1,4,3,0,1,14,1,1,1,0,0,1,5,0,0,0,1
10,18,4,0,1,4,3,3,1,2,1,1,1,0,0,1,0,6,8,9,1
12,17,0,0,1,3,3,3,1,0,1,1,1,5,2,1,0,6,6,10,1
2,20,4,0,1,0,3,3,0,11,1,1,1,5,0,1,2,8,0,5,0
2,17,4,1,1,0,3,0,0,9,1,1,1,0,0,1,2,4,0,3,1
2,15,4,1,1,0,3,0,0,2,1,1,1,7,0,1,0,2,3,4,1
11,14,4,0,1,0,3,0,0,2,1,1,1,7,2,1,0,3,1,5,1
0,15,4,0,1,0,3,3,0,16,1,1,1,0,0,1,5,1,0,2,0
0,18,4,1,1,0,3,3,0,16,1,1,1,0,0,1,5,0,0,0,1
3,18,4,0,1,0,3,0,0,2,1,1,1,0,0,1,5,0,0,0,1
9,21,4,0,0,2,3,1,0,2,0,0,0,0,0,1,0,6,10,7,1
7,15,4,0,1,0,3,3,0,9,1,1,1,0,0,1,2,6,0,9,1
7,18,4,0,1,0,3,1,0,5,1,1,1,5,0,2,0,6,3,8,1
12,21,0,1,1,4,3,0,1,1,1,1,1,5,2,1,0,6,6,12,0
10,15,4,1,1,0,3,3,0,10,1,1,1,8,0,1,0,6,1,3,0
11,18,4,1,1,0,3,0,0,11,1,1,1,2,2,2,0,6,4,14,1
8,19,4,0,0,0,3,1,0,2,0,1,0,0,0,1,0,6,3,9,1
4,19,4,1,1,0,3,0,0,2,1,1,1,0,0,2,0,1,0,1,1
13,18,0,1,1,3,3,0,1,2,1,1,1,0,2,0,5,0,0,0,1
4,18,4,0,1,0,3,0,0,11,1,1,1,7,0,1,0,6,4,5,0
1,18,4,1,1,3,3,0,1,2,1,1,1,5,0,1,0,1,6,2,1
12,21,4,1,1,4,3,0,1,0,1,1,1,5,2,1,0,6,5,14,1
11,8,0,0,1,4,3,0,1,2,1,1,1,7,2,1,0,3,8,3,1
8,20,4,0,1,0,2,0,0,2,1,1,1,7,0,1,0,2,4,6,1
8,21,0,1,1,4,3,0,1,0,1,1,1,5,0,6,0,6,0,13,0
3,15,4,1,0,0,3,0,0,2,1,1,0,7,0,0,5,0,0,4,1
6,15,4,1,1,0,3,3,0,2,1,1,1,8,0,0,5,0,0,0,1
12,21,0,1,1,0,3,0,0,0,1,1,1,0,2,2,0,6,2,9,1
3,15,4,0,1,4,3,3,1,11,1,1,1,7,0,1,0,2,8,5,1
7,21,4,0,1,0,3,1,0,0,1,1,1,0,0,6,0,9,0,14,1
5,15,4,0,1,0,3,1,0,16,1,1,1,7,0,6,5,0,0,0,0
6,20,4,1,1,0,3,0,0,2,1,1,1,5,0,0,5,0,0,0,1
14,17,0,0,1,4,3,0,1,8,1,1,1,0,2,1,0,2,0,3,1
11,20,0,0,1,0,3,0,0,0,1,1,1,0,2,1,0,6,2,12,0
11,20,0,0,1,3,3,0,1,1,1,1,1,5,2,1,0,6,6,14,1
0,18,4,0,1,0,3,1,0,11,1,1,1,8,0,6,0,1,0,1,1
9,18,0,1,1,0,3,1,0,8,1,1,1,0,0,4,0,5,5,3,1
13,18,0,0,1,0,3,0,0,1,1,1,1,0,2,7,5,0,0,0,1
11,21,4,1,1,0,3,3,0,11,1,1,1,0,2,1,0,8,4,13,1
9,20,4,1,1,0,3,0,0,4,1,1,1,0,0,1,2,0,0,0,1
9,20,4,0,1,0,3,0,0,2,1,1,1,0,0,6,0,6,0,13,1
9,18,4,0,1,0,3,3,0,2,1,1,1,0,0,1,0,6,2,10,1
15,15,0,0,1,0,3,3,0,1,1,1,1,0,2,1,0,4,2,6,1
10,18,4,1,1,0,3,3,0,2,1,1,1,0,0,1,0,6,3,7,1
3,20,4,0,1,0,0,0,0,16,1,1,1,0,0,5,3,8,1,8,0
5,20,4,1,1,3,3,0,1,0,1,1,1,0,0,1,0,8,2,6,1
1,15,4,1,1,0,3,0,0,2,1,1,1,0,0,1,0,3,6,4,1
0,15,4,0,0,0,3,3,0,5,0,1,1,7,0,0,5,0,0,0,1
4,0,4,1,1,4,3,0,1,10,1,1,1,6,0,0,5,0,0,3,0
9,12,3,0,0,4,3,3,1,1,1,1,0,7,1,0,5,0,0,0,1
5,17,4,0,1,0,3,0,0,2,1,1,1,0,0,3,0,6,8,6,1
1,17,4,0,1,0,3,0,0,7,1,1,1,0,0,4,0,6,1,10,1
9,21,4,1,1,0,3,1,0,12,1,1,1,1,0,1,0,6,6,3,1
3,18,4,1,1,0,3,0,0,0,1,1,1,0,0,1,0,5,2,5,1
11,20,0,1,1,3,3,1,1,1,1,1,1,0,2,1,0,6,3,13,1
13,20,2,1,1,0,3,2,0,0,1,1,1,0,2,1,0,6,6,12,0
13,20,0,1,1,0,3,1,0,0,1,1,1,8,2,3,0,6,7,13,0
14,21,0,1,1,0,3,0,0,1,1,1,1,0,2,1,0,6,5,14,1
0,17,4,1,1,0,3,1,0,16,1,1,1,5,0,1,5,0,0,0,0
0,15,4,0,1,0,3,0,0,2,1,1,1,7,0,1,0,3,1,2,1
3,18,4,1,1,0,3,0,0,2,1,1,1,7,0,1,0,4,10,5,1
12,21,4,0,1,0,3,2,0,0,1,1,1,8,2,2,0,6,3,10,0
3,15,0,1,1,0,3,1,0,1,1,1,1,0,0,1,5,1,0,3,1
8,20,4,1,1,0,3,1,0,12,1,1,1,8,0,1,5,0,0,0,1
10,21,4,0,1,0,3,1,0,0,1,1,1,0,0,4,0,9,1,13,0
6,19,4,0,1,0,3,3,0,0,1,1,1,0,0,1,0,6,0,9,0
6,20,4,1,1,0,3,1,0,2,1,1,1,0,0,1,0,5,5,7,1
6,15,4,1,1,4,3,0,1,0,1,1,1,7,0,1,5,1,0,1,0
0,18,4,0,1,0,3,0,0,0,1,1,1,0,0,1,0,1,10,1,0
14,19,2,1,1,0,3,1,0,0,1,1,1,5,2,3,0,6,11,14,1
5,18,4,0,1,0,3,3,0,12,1,1,1,0,0,6,2,0,0,9,1
13,19,0,0,1,0,3,1,0,0,1,1,1,0,2,2,0,6,10,11,1
14,15,2,0,1,0,3,0,0,0,1,1,1,7,2,1,0,7,1,12,0
10,18,4,0,1,0,3,3,0,2,1,1,1,5,0,1,0,4,11,4,1
9,20,4,0,1,0,3,0,0,0,1,1,1,0,0,3,0,8,1,13,1
3,18,4,0,1,0,3,3,0,2,1,1,1,7,0,1,5,0,0,0,0
11,20,4,1,1,0,3,0,0,2,1,1,1,5,2,1,0,6,11,8,1
14,17,4,0,1,0,3,0,0,11,1,1,1,7,2,1,0,6,4,11,1
5,18,4,1,0,0,3,1,0,0,1,1,1,5,0,5,0,9,4,3,1
13,20,0,1,1,0,3,1,0,0,1,1,1,7,2,3,0,6,7,13,1
4,20,4,1,1,0,3,3,0,10,1,1,1,4,0,1,0,9,8,10,0
2,18,4,1,1,0,3,1,0,2,1,1,1,8,0,4,0,1,4,5,1
12,19,4,1,1,0,3,0,0,2,1,1,1,8,0,4,0,4,4,5,1
7,17,4,0,1,0,3,0,0,0,1,1,1,0,0,1,0,7,2,11,1
8,16,4,0,0,0,3,0,0,15,1,1,0,1,0,0,5,0,0,1,0
5,20,0,1,1,4,3,0,1,1,1,1,1,5,0,1,0,6,2,6,1
2,17,4,1,1,0,3,1,0,2,1,1,1,0,0,6,2,1,0,2,0
15,10,2,1,1,4,3,0,1,7,1,1,1,0,2,1,0,6,8,10,1
0,18,4,0,1,0,3,3,0,2,1,1,1,8,0,0,5,0,0,0,0
4,15,4,0,1,4,3,0,1,2,1,1,1,0,0,1,0,6,10,8,1
14,21,4,0,1,0,3,0,0,12,1,1,1,0,2,1,0,6,6,13,1
7,15,0,1,1,0,3,3,0,1,1,1,1,0,0,1,0,8,8,10,0
7,19,4,1,1,3,3,0,1,2,1,1,1,5,0,1,0,4,8,6,1
11,14,4,1,1,0,3,0,0,0,1,1,1,0,2,1,2,6,0,6,1
3,18,4,1,1,0,3,0,0,9,1,1,1,7,0,1,0,6,5,10,1
10,18,4,0,1,0,3,0,0,0,1,1,1,0,0,7,0,5,5,8,1
1,15,4,0,1,0,3,0,0,2,1,1,1,5,0,1,0,2,3,2,1
14,20,4,0,1,0,3,1,0,2,1,1,1,5,2,1,0,6,11,14,1
10,21,4,1,1,0,3,3,0,14,1,1,1,0,0,3,0,6,4,10,0
14,18,0,0,1,0,3,0,0,2,1,1,1,0,2,6,2,0,0,0,1
12,11,3,1,1,0,3,0,0,0,1,1,1,0,2,6,0,1,8,6,1
9,20,4,1,1,0,3,1,0,12,1,1,1,0,0,1,0,7,7,13,1
13,21,4,0,1,0,3,1,0,0,1,1,1,5,2,0,5,0,0,14,1
3,20,4,1,1,0,3,0,0,14,1,1,1,0,0,0,5,0,0,0,1
15,15,4,0,1,3,3,2,1,2,1,1,1,8,2,1,0,3,9,2,1
14,17,0,1,1,0,3,3,0,0,1,1,1,0,2,1,0,7,6,10,1
3,18,0,1,1,0,3,0,0,1,1,1,1,0,0,9,2,0,0,0,1
15,15,4,1,1,0,3,0,0,10,1,1,1,0,2,1,0,6,8,6,1
9,18,0,0,1,0,3,0,0,1,1,1,1,5,0,2,0,6,8,12,0
1,14,0,1,1,0,3,0,0,16,1,1,1,5,0,1,5,2,0,2,0
11,16,4,1,1,0,3,1,0,11,1,1,1,0,2,1,0,3,4,4,0
0,18,4,0,1,0,3,0,0,2,1,1,1,1,0,1,0,3,2,6,1
0,8,0,1,0,0,2,3,0,3,0,1,1,0,0,0,5,0,5,5,1
7,20,4,0,1,0,3,0,0,0,1,1,1,0,0,2,0,6,1,13,1
4,21,4,0,1,0,3,2,0,11,1,1,1,0,0,0,5,0,0,0,0
8,18,4,0,1,0,3,1,0,0,1,1,1,0,0,1,0,8,2,14,1
12,19,4,0,1,0,3,0,0,2,1,1,1,1,2,1,0,6,11,9,1
6,13,4,0,1,0,3,0,0,2,1,1,1,0,0,1,0,6,8,12,1
14,21,0,0,1,4,3,0,1,1,1,1,1,0,2,1,0,6,6,14,1
3,15,4,1,1,0,3,2,0,2,1,1,1,7,0,1,5,3,0,1,1
11,15,4,0,1,0,3,0,0,11,1,1,1,7,2,1,0,6,4,10,1
4,18,4,0,1,0,3,0,0,2,1,1,1,5,0,1,0,8,0,11,1
7,17,4,0,1,0,3,0,0,2,1,1,1,7,0,1,0,4,1,2,1
6,18,0,1,0,0,3,0,0,14,1,1,1,0,0,1,0,2,4,1,1
6,18,0,1,1,0,3,0,0,0,1,1,1,7,0,1,0,6,3,11,1
9,18,0,1,1,0,3,0,0,0,1,1,1,0,0,1,5,6,0,7,1
9,20,4,0,1,0,3,1,0,2,1,1,1,8,0,1,0,5,0,6,1
0,18,4,0,1,4,3,0,1,14,1,1,1,0,0,1,5,0,0,0,0
13,19,4,1,1,0,3,0,0,2,1,1,1,5,2,1,0,5,6,2,1
5,20,4,0,1,0,3,0,0,2,1,1,1,0,0,1,0,3,6,4,1
12,16,0,1,1,0,3,0,0,0,1,1,1,0,2,1,0,7,10,12,0
14,15,4,0,1,0,3,1,0,0,1,1,1,7,2,1,0,4,11,5,1
8,18,4,1,1,0,3,3,0,2,1,1,1,0,0,1,5,0,0,0,0
12,15,0,1,1,0,3,1,0,1,1,1,1,0,2,1,0,6,8,6,1
6,20,4,1,1,0,3,1,0,2,1,1,1,8,0,1,0,6,6,12,1
6,18,0,1,1,4,3,1,1,0,1,1,1,0,0,1,0,6,8,11,1
8,15,4,1,1,0,3,0,0,2,1,1,1,1,0,1,0,6,4,7,1
8,15,4,0,1,0,3,0,0,2,1,1,1,0,0,0,5,0,0,0,1
7,8,4,0,1,4,3,0,1,2,1,1,1,0,0,1,0,6,4,7,1
0,18,4,1,1,0,3,0,0,16,1,1,1,1,0,0,5,0,0,0,0
15,11,0,0,1,4,3,0,1,0,1,1,1,7,2,1,0,6,10,0,1
9,16,3,1,1,0,3,0,0,9,1,1,1,0,0,1,0,7,6,7,0
8,15,4,0,1,0,3,0,0,2,1,1,1,0,0,1,0,6,6,5,1
7,15,4,0,0,0,3,0,0,2,1,1,0,0,0,0,5,0,0,0,1
11,15,0,1,1,0,3,0,0,0,1,1,1,0,2,1,0,8,3,12,1
13,20,4,1,1,0,3,1,0,2,1,1,1,8,2,3,0,1,10,3,1
5,10,4,1,1,0,3,0,0,2,1,1,1,0,0,1,0,1,5,1,0
5,18,4,0,0,0,3,1,0,0,1,1,0,0,0,1,5,0,0,0,0
3,15,4,0,1,0,3,1,0,2,1,1,1,0,0,1,1,1,0,2,1
10,18,4,0,1,0,3,0,0,2,1,1,1,0,0,1,0,6,3,9,1
0,15,4,1,1,0,3,0,0,2,1,1,1,0,0,1,0,6,8,8,1
15,22,0,0,1,4,3,0,1,0,1,1,1,0,2,1,0,9,3,14,1
6,11,4,0,1,4,3,0,1,11,1,1,1,0,0,1,0,6,10,10,1
2,17,2,0,1,0,3,0,0,2,1,1,1,0,0,1,0,6,4,11,1
13,20,0,1,1,3,3,3,1,0,1,1,1,5,2,2,0,6,6,13,0
4,19,4,1,1,0,3,1,0,2,1,1,1,7,0,1,0,1,10,1,1
11,15,0,0,1,0,3,0,0,1,1,1,1,0,2,1,0,6,3,9,1
1,15,4,0,1,0,0,0,0,16,1,1,1,1,0,5,3,5,1,2,1
1,17,4,0,1,0,3,1,0,2,1,1,1,0,0,6,0,1,6,1,1
9,18,4,1,1,0,3,1,0,0,1,1,1,0,0,1,0,3,5,10,1
3,20,4,0,1,0,3,0,0,2,1,1,1,5,0,1,0,6,3,10,1
5,17,4,0,1,0,3,1,0,0,1,1,1,0,0,1,0,2,2,2,1
10,20,0,1,1,0,3,3,0,0,1,1,1,0,0,0,5,0,0,0,1
13,19,4,0,1,0,3,1,0,0,1,1,1,0,2,1,0,9,6,12,1
0,18,4,1,1,0,3,1,0,2,1,1,1,0,0,1,0,6,2,3,1
0,18,4,0,1,0,2,0,0,16,1,1,1,1,0,5,3,6,2,5,0
5,17,4,0,1,4,3,0,1,2,1,1,1,7,0,1,0,5,2,3,1
14,14,0,1,0,0,3,0,0,0,1,1,0,0,2,0,5,0,0,0,0
10,18,0,1,1,0,3,0,0,0,1,1,1,5,0,1,0,6,3,10,0
13,20,4,1,1,0,3,0,0,0,1,1,1,1,2,5,0,6,9,7,0
10,17,0,0,1,0,3,1,0,1,1,1,1,0,0,1,0,6,2,12,1
10,16,4,0,1,0,3,0,0,12,1,1,1,7,0,1,0,7,8,10,1
0,15,4,0,1,0,3,0,0,2,1,1,1,0,0,0,5,0,0,0,1
1,18,4,1,1,0,3,3,0,10,1,1,1,0,0,1,5,6,0,4,1
15,15,0,1,1,4,3,0,1,1,1,1,1,7,2,0,5,0,0,0,1
1,17,4,1,1,0,3,3,0,16,1,1,1,0,0,1,0,6,2,8,1
13,20,0,0,1,0,3,1,0,1,1,1,1,0,2,1,0,8,2,14,0
9,14,4,0,1,0,3,0,0,2,1,1,1,7,0,1,0,6,1,8,1
10,8,4,0,1,2,3,3,1,2,1,1,1,5,0,4,0,1,4,3,1
3,18,4,0,1,0,0,3,0,16,1,1,1,0,0,5,3,8,1,6,1
4,18,0,1,1,0,3,0,0,2,1,1,1,0,0,1,0,4,6,7,1
2,17,4,1,1,0,3,0,0,2,1,1,1,8,0,1,0,8,2,7,1
5,18,4,0,0,0,3,0,0,2,1,1,0,0,0,1,0,2,3,4,1
0,17,4,1,1,0,3,0,0,16,1,1,1,5,0,0,5,0,0,0,0
3,18,4,1,1,0,3,0,0,2,1,1,1,0,0,0,5,0,0,2,1
1,17,4,1,0,0,3,1,0,16,1,1,0,0,0,0,5,0,0,3,0
0,15,4,1,1,0,3,3,0,2,1,1,1,0,0,0,5,0,0,0,1
2,20,4,0,1,0,3,0,0,11,1,1,1,5,0,1,0,6,6,14,0
4,13,4,1,1,0,3,0,0,2,1,1,1,0,0,1,2,4,0,6,1
8,20,4,1,1,0,3,3,0,11,1,1,1,1,0,3,0,6,4,5,0
8,18,4,1,1,0,3,1,0,11,1,1,1,7,0,1,0,4,2,4,0
4,20,4,0,0,0,3,0,0,2,1,1,1,5,0,1,0,1,4,1,1
2,15,4,0,1,0,3,1,0,0,1,1,1,7,0,1,0,1,2,2,0
12,22,4,1,1,0,3,1,0,0,1,1,1,0,2,7,1,9,0,13,1
11,18,0,1,1,0,3,0,0,1,1,1,1,0,2,7,2,4,0,6,1
4,20,4,0,1,0,3,0,0,0,1,1,1,0,0,1,0,6,4,9,0
1,18,4,1,1,0,3,0,0,2,1,1,1,0,0,0,5,0,0,0,1
11,18,4,0,1,0,3,1,0,10,1,1,1,0,2,4,0,9,11,11,1
0,15,4,0,1,0,3,0,0,4,1,1,1,0,0,1,0,4,3,2,1
3,15,4,1,1,0,3,3,0,2,1,1,1,0,0,1,0,6,4,6,1
13,20,0,0,1,0,3,3,0,1,1,1,1,0,2,1,0,6,6,13,1
1,18,4,0,1,0,3,2,0,2,1,1,1,6,0,2,0,2,10,3,1
1,18,4,0,1,0,3,1,0,2,1,1,1,0,0,2,0,6,2,9,1
5,18,4,1,1,0,3,0,0,10,1,1,1,0,0,1,0,9,3,6,0
5,18,4,0,1,0,3,3,0,2,1,1,1,0,0,2,0,9,4,4,1
1,17,4,0,1,0,3,0,0,15,1,1,1,0,0,0,5,0,0,0,1
11,21,0,1,1,3,3,0,1,0,1,1,1,5,2,1,0,7,6,14,1
11,23,4,0,1,0,3,0,0,0,1,1,1,0,2,1,0,8,11,14,0
14,20,0,0,1,0,3,0,0,1,1,1,1,0,2,1,0,6,4,13,1
12,21,4,0,1,0,3,1,0,0,1,1,1,0,2,1,0,6,5,14,0
4,20,4,0,1,0,3,0,0,0,1,1,1,2,0,3,0,6,7,9,1
12,18,4,0,1,0,3,3,0,0,1,1,1,1,2,1,0,6,8,13,0
13,20,0,0,1,0,3,0,0,1,1,1,1,0,2,1,0,8,2,14,0
15,20,4,0,1,0,3,0,0,2,1,1,1,1,2,1,0,6,10,13,1
14,11,0,1,1,4,3,0,1,1,1,1,1,0,2,6,5,0,0,0,1
11,21,0,0,1,4,3,0,1,1,1,1,1,5,2,0,5,0,0,0,0
13,18,0,0,1,4,3,0,1,1,1,1,1,7,2,1,0,8,11,11,0
2,15,4,1,1,0,3,3,0,16,1,1,1,5,0,0,5,0,0,5,1
1,18,4,1,1,0,3,0,0,2,1,1,1,0,0,1,0,1,6,6,1
13,21,4,1,1,0,3,0,0,0,1,1,1,5,2,1,0,6,11,12,1
0,15,4,0,1,0,3,0,0,2,1,1,1,7,0,1,0,6,3,9,1
3,5,4,0,1,0,0,1,0,4,1,1,1,0,0,5,3,6,2,4,1
10,19,0,1,1,0,3,1,0,0,1,1,1,0,0,3,0,6,6,12,1
2,0,4,1,1,0,3,0,0,2,1,1,1,7,0,1,0,6,4,9,1
4,16,4,0,1,4,3,0,1,2,1,1,1,0,0,1,0,9,3,5,0
12,19,0,0,1,0,3,3,0,0,1,1,1,8,2,3,0,6,6,13,1
9,21,0,0,1,0,3,0,0,0,1,1,1,0,0,3,0,7,6,13,0
13,18,0,1,1,0,3,3,0,11,1,1,1,0,2,1,0,2,4,7,1
0,18,4,1,1,0,3,3,0,2,1,1,1,0,0,3,0,6,2,6,1
4,15,4,0,1,0,3,0,0,2,1,1,1,7,0,0,5,0,0,0,1
15,19,4,0,0,0,3,1,0,2,0,1,0,0,2,1,0,6,8,9,1
7,18,4,0,1,0,3,1,0,2,1,1,1,0,0,0,5,0,0,0,1
13,22,0,1,1,4,3,0,1,0,1,1,1,0,2,1,0,6,9,11,0
9,15,0,0,1,0,0,0,0,0,1,1,1,0,0,5,3,6,2,12,0
13,21,0,1,1,0,3,3,0,1,1,1,1,1,2,1,1,6,0,9,1
14,20,0,0,1,0,3,1,0,0,1,1,1,0,2,1,0,7,4,14,1
10,18,0,1,1,3,1,0,1,1,1,1,1,7,1,5,3,9,11,13,1
5,17,4,0,1,0,3,0,0,2,1,1,1,0,0,1,0,6,3,2,1
15,21,4,0,1,4,3,0,1,0,1,1,1,0,2,1,0,6,4,8,1
0,18,4,1,1,0,3,0,0,16,1,1,1,5,0,1,5,1,0,2,1
11,16,0,0,1,0,3,0,0,2,1,1,1,7,2,1,0,6,10,10,0
3,20,4,1,1,0,3,0,0,11,1,1,1,0,0,1,0,9,8,12,1
12,21,0,1,1,4,3,0,1,0,1,1,1,0,2,2,0,6,0,11,1
4,18,4,0,1,0,3,0,0,2,1,1,1,7,0,1,0,6,2,3,1
1,15,4,0,1,4,3,0,1,2,1,1,1,5,0,1,0,4,5,6,1
2,18,4,0,1,0,3,3,0,2,1,1,1,5,0,1,0,1,4,2,1
15,20,0,0,1,3,3,3,1,0,1,1,1,0,2,1,0,9,3,14,1
15,20,4,0,1,0,3,0,0,15,1,1,1,1,2,1,2,6,0,9,0
12,22,0,1,1,0,3,1,0,0,1,1,1,0,2,2,0,9,2,11,1
8,15,0,0,1,4,3,3,1,0,1,1,1,8,0,1,0,6,2,7,1
12,21,4,1,1,0,3,1,0,2,1,1,1,8,2,2,5,2,0,3,1
0,18,4,1,1,0,3,0,0,16,1,1,1,1,0,0,5,0,0,0,0
9,7,4,0,0,0,3,0,0,2,0,0,0,3,0,2,0,4,10,2,0
7,17,0,1,1,0,3,0,0,1,1,1,1,0,0,2,5,0,0,0,0
4,20,4,0,1,3,3,0,1,0,1,1,1,5,0,1,0,6,7,10,1
13,21,4,1,1,3,3,0,1,0,1,1,1,5,2,2,0,6,2,11,1
8,20,4,0,1,0,3,1,0,0,1,1,1,0,0,1,0,9,5,14,1
10,18,0,1,1,0,3,0,0,1,1,1,1,0,0,1,0,6,4,9,0
1,15,4,0,1,0,3,3,0,2,1,1,1,0,0,1,5,0,0,0,1
11,20,0,1,1,0,3,3,0,1,1,1,1,0,2,1,0,2,1,2,1
3,15,4,1,1,4,3,3,1,5,1,1,1,0,0,6,0,1,2,2,1
4,13,4,0,1,0,3,0,0,15,1,1,1,1,0,0,5,0,0,0,1
1,13,4,1,1,0,3,0,0,7,1,1,1,7,0,1,0,6,6,6,1
5,15,4,1,1,4,3,0,1,5,1,1,1,7,0,1,0,3,4,3,1
8,15,4,0,1,0,3,0,0,2,1,1,1,7,0,1,0,4,3,7,1
13,15,0,0,1,0,3,0,0,15,1,1,1,1,2,0,5,0,0,0,0
11,18,4,0,1,0,3,0,0,2,1,1,1,0,2,2,5,6,0,7,1
2,15,4,0,1,0,3,0,0,2,1,1,1,0,0,1,0,6,3,6,1
8,18,4,1,1,0,3,1,0,0,1,1,1,0,0,1,0,4,6,6,0
6,14,0,0,1,0,3,3,0,2,1,1,1,7,0,1,0,6,8,8,1
6,15,4,0,1,0,3,3,0,2,1,1,1,1,0,0,5,0,0,0,1
11,21,4,1,1,0,3,1,0,12,1,1,1,0,2,2,0,6,6,10,1
0,18,4,0,1,0,3,0,0,0,1,1,1,0,0,2,0,2,0,4,1
13,15,4,0,1,0,3,0,0,15,1,1,1,0,2,1,5,6,0,8,1
6,11,4,1,1,4,3,0,1,5,1,1,1,7,0,0,5,0,0,0,1
10,15,4,0,1,0,3,1,0,2,1,1,1,0,0,1,0,6,6,8,1
13,20,4,1,1,0,3,0,0,0,1,1,1,5,0,4,0,5,5,14,1
10,20,4,1,1,0,3,0,0,0,1,1,1,0,0,1,0,6,6,12,0
3,19,4,1,1,0,3,0,0,2,1,1,1,1,0,1,0,3,3,3,1
5,20,4,1,1,0,3,1,0,2,1,1,1,7,0,1,0,6,4,2,1
12,20,2,1,1,1,3,3,1,12,1,1,1,1,2,6,0,5,8,6,0
9,20,4,0,1,0,3,0,0,11,1,1,1,5,0,1,0,6,6,14,0
1,15,4,0,1,0,3,0,0,2,1,1,1,0,0,1,0,1,3,3,1
12,23,0,1,1,0,3,1,0,1,1,1,1,0,2,2,0,6,8,13,1
12,18,4,0,1,0,3,0,0,2,1,1,1,0,2,1,0,6,6,10,1
5,20,0,0,1,4,3,0,1,11,1,1,1,5,0,1,0,6,3,9,0
9,18,4,1,1,0,3,0,0,11,1,1,1,0,0,3,0,6,7,8,0
3,13,4,1,1,0,3,1,0,7,1,1,1,8,0,1,0,2,4,6,1
15,19,2,1,1,0,1,1,0,0,1,1,1,0,2,1,0,9,11,14,1
7,21,4,0,1,0,3,1,0,0,1,1,1,0,0,2,0,7,8,13,0
1,18,4,0,1,0,3,1,0,16,1,1,1,0,0,1,5,0,0,0,0
14,20,0,1,1,0,3,1,0,0,1,1,1,0,2,6,0,6,5,11,1
7,20,0,1,1,0,3,0,0,0,1,1,1,7,0,1,0,6,2,9,0
1,18,4,1,1,0,3,0,0,16,1,1,1,2,0,2,0,6,1,5,1
8,20,4,0,1,0,3,3,0,11,1,1,1,8,0,1,0,6,2,8,1
14,21,0,0,1,3,3,0,1,0,1,1,1,5,2,1,0,9,2,13,1
15,20,0,1,1,4,3,0,1,1,1,1,1,5,2,1,0,6,7,13,1
12,2,0,1,1,3,3,0,1,16,1,1,1,7,0,2,0,7,6,4,0
0,18,4,1,1,0,3,0,0,10,1,1,1,0,0,1,0,9,0,3,1
5,20,4,1,1,0,3,3,0,2,1,1,1,0,0,2,0,8,3,2,1
10,20,4,1,1,0,3,1,0,0,1,1,1,0,0,7,0,5,8,5,1
14,23,0,0,1,4,3,0,1,0,1,1,1,7,2,1,0,8,11,14,1
14,8,1,1,1,3,3,1,1,4,1,1,1,0,2,4,5,0,0,3,1
5,15,4,1,1,0,3,1,0,2,1,1,1,0,0,0,5,0,0,0,1
8,18,4,0,1,0,3,3,0,0,1,1,1,0,0,1,0,6,8,11,1
13,15,4,0,1,3,3,0,1,2,1,1,1,5,2,1,0,1,6,2,1
5,20,4,0,1,0,3,1,0,2,1,1,1,5,0,4,0,6,8,11,1
13,21,0,1,1,4,3,0,1,0,1,1,1,5,2,9,2,8,0,14,0
13,19,4,1,1,3,3,0,1,2,1,1,1,5,2,1,0,2,6,1,1
1,19,4,1,1,0,3,1,0,11,1,1,1,8,0,1,0,2,10,4,1
11,20,0,0,1,0,3,0,0,0,1,1,1,0,2,1,2,6,0,6,1
3,18,4,1,1,0,3,0,0,2,1,1,1,7,0,1,0,4,2,5,1
1,15,4,0,1,0,3,3,0,2,1,1,1,1,0,3,0,5,3,3,1
3,18,4,1,1,0,3,1,0,0,1,1,1,7,0,6,0,2,4,5,1
14,8,1,1,0,3,1,1,1,0,1,0,1,0,2,4,5,0,0,2,1
6,18,4,1,1,0,3,0,0,9,1,1,1,7,0,1,0,4,3,8,1
11,17,4,0,0,0,3,1,0,0,1,1,0,0,2,1,0,9,2,13,1
5,15,4,1,1,0,3,0,0,12,1,1,1,0,0,4,0,5,3,8,1
3,20,4,1,1,0,3,1,0,2,1,1,1,5,0,1,2,1,0,2,1
3,18,4,0,1,0,3,1,0,2,1,1,1,0,0,1,0,6,8,4,1
14,20,0,0,1,4,3,0,1,1,1,1,1,5,2,1,0,6,11,13,0
3,15,0,1,1,0,3,0,0,1,1,1,1,0,0,1,0,6,3,11,0
12,15,4,1,1,0,3,0,0,2,1,1,1,0,2,2,2,0,0,0,1
5,10,4,1,0,0,3,0,0,2,1,1,0,7,0,0,5,0,0,0,1
7,18,4,1,1,4,3,1,1,4,1,1,1,0,0,1,0,4,8,5,1
9,15,0,1,1,0,3,0,0,1,1,1,1,0,0,2,0,6,2,10,1
3,20,0,1,1,0,3,1,0,1,1,1,1,0,0,4,5,1,0,2,0
4,15,4,1,1,0,3,0,0,7,1,1,1,1,0,1,0,6,4,6,0
12,17,0,1,1,3,3,0,1,1,1,1,1,0,2,1,0,6,8,9,1
2,19,4,0,0,0,3,0,0,16,1,1,0,0,0,1,5,1,0,4,1
11,11,4,0,1,0,3,0,0,11,1,1,1,0,2,1,0,9,10,0,1
15,20,0,1,1,0,3,0,0,1,1,1,1,0,2,1,0,6,7,12,1
7,8,0,0,1,4,3,0,1,2,1,1,1,0,0,1,0,1,2,3,1
11,15,4,0,1,3,3,0,1,0,1,1,1,7,2,1,0,9,2,12,1
12,23,3,0,1,0,3,0,0,0,1,1,1,0,2,1,0,6,8,14,0
2,18,4,1,1,0,3,1,0,12,1,1,1,0,2,3,0,1,11,6,1
13,22,4,1,1,3,3,0,1,0,1,1,1,7,2,1,0,6,9,11,1
3,18,4,0,1,0,3,0,0,9,1,1,1,5,0,0,5,0,0,0,1
0,17,4,0,1,4,3,0,1,16,1,1,1,5,0,0,5,0,0,0,0
8,16,4,1,1,0,3,3,0,2,1,1,1,7,0,1,0,7,5,10,1
15,18,4,0,1,0,3,1,0,0,1,1,1,0,2,1,0,6,3,12,1
13,21,0,1,1,4,3,0,1,1,1,1,1,0,2,1,0,2,3,3,1
14,20,0,0,1,0,3,0,0,1,1,1,1,1,2,2,0,8,11,14,1
9,15,4,1,1,4,3,0,1,14,1,1,1,1,0,1,0,6,6,7,1
11,18,0,0,1,0,3,1,0,8,1,1,1,0,2,1,0,6,6,8,1
8,19,0,1,1,0,3,0,0,0,1,1,1,1,0,1,0,6,4,9,1
12,17,0,0,1,4,3,0,1,0,1,1,1,7,2,1,0,7,8,11,1
11,21,0,0,1,0,3,0,0,1,1,1,1,1,2,1,0,6,4,13,1
0,15,4,0,1,3,3,3,1,11,1,1,1,0,0,1,0,6,6,6,1
9,11,4,1,0,0,3,1,0,4,0,1,0,0,0,1,0,0,5,6,1
10,20,0,1,1,0,3,1,0,1,1,1,1,0,0,1,0,6,6,12,0
14,15,4,0,1,0,3,1,0,0,1,1,1,0,2,3,0,5,0,4,1
2,20,4,1,1,0,3,0,0,2,1,1,1,0,0,3,0,2,2,4,1
0,18,4,0,1,0,3,0,0,16,1,1,1,8,0,3,1,2,0,6,0
5,20,4,0,1,0,3,3,0,2,1,1,1,7,0,1,0,4,8,5,1
3,19,4,0,0,0,3,3,0,2,1,1,0,0,0,1,0,6,10,7,1
1,18,4,1,1,0,3,3,0,2,1,1,1,0,0,1,0,2,4,4,1
5,20,4,1,1,4,3,0,1,10,1,1,1,5,0,0,5,0,0,0,1
12,21,4,0,1,3,3,0,1,0,1,1,1,5,2,1,0,6,8,14,0
8,18,4,0,1,3,3,0,1,0,1,1,1,7,0,1,0,6,10,11,1
13,18,4,1,1,0,3,3,0,2,1,1,1,0,2,1,0,5,10,12,1
11,18,0,0,1,4,3,0,1,0,1,1,1,5,2,1,0,4,5,5,1
15,21,4,0,1,0,3,0,0,0,1,1,1,0,2,1,0,7,1,13,0
7,20,4,0,1,0,3,0,0,2,1,1,1,0,0,1,2,6,0,4,1
3,18,4,1,1,0,3,3,0,11,1,1,1,0,0,1,5,0,0,0,1
10,20,0,0,1,0,0,0,0,0,1,1,1,0,0,5,3,6,4,14,1
1,18,4,1,1,0,3,0,0,10,1,1,1,2,0,1,5,6,0,1,1
8,19,4,0,1,0,3,0,0,0,1,1,1,5,0,1,1,6,0,12,1
5,17,4,0,1,0,3,0,0,2,1,1,1,7,0,0,5,0,0,0,1
5,15,4,0,1,0,3,0,0,4,1,1,1,5,0,1,2,0,0,0,1
0,15,4,1,0,0,3,1,0,6,0,1,0,6,0,0,5,0,0,3,1
4,15,0,1,1,0,3,0,0,2,1,1,1,0,0,0,5,0,0,0,1
5,19,4,1,1,0,3,3,0,0,1,1,1,0,0,1,0,6,4,9,1
6,18,4,0,1,0,3,0,0,2,1,1,1,0,0,1,0,6,8,11,1
12,19,0,0,1,0,3,0,0,1,1,1,1,0,2,1,0,6,2,9,1
8,21,4,1,1,0,3,1,0,0,1,1,1,0,0,1,1,6,0,13,1
10,16,0,0,1,4,3,0,1,1,1,1,1,7,0,1,0,9,11,14,0
8,18,4,0,1,0,3,1,0,7,1,1,1,8,0,1,2,0,0,0,1
14,19,2,1,1,0,2,3,0,12,1,1,1,0,2,1,0,4,4,5,1
1,15,4,1,1,0,3,0,0,2,1,1,1,7,0,1,0,6,1,4,1
6,21,4,1,1,0,3,1,0,14,1,1,1,0,0,1,0,6,8,10,1
7,19,4,1,1,4,3,3,1,0,1,1,1,5,0,1,5,1,0,2,0
4,17,4,0,1,4,3,0,1,16,1,1,1,0,0,1,0,6,2,5,0
7,18,4,0,1,0,3,3,0,2,1,1,1,0,0,4,0,6,4,6,1
11,18,0,1,1,0,3,3,0,0,1,1,1,0,2,3,5,4,0,2,1
7,21,0,1,1,0,3,1,0,0,1,1,1,0,0,2,0,6,3,9,0
15,19,4,0,1,0,3,3,0,12,1,1,1,0,2,1,0,6,5,5,0
1,18,4,0,1,0,3,1,0,16,1,1,1,8,0,1,5,2,0,5,0
15,23,0,1,1,0,3,3,0,0,1,1,1,0,2,1,0,8,8,14,1
8,20,4,1,1,0,3,0,0,2,1,1,1,0,0,2,0,7,11,9,1
8,15,0,1,0,0,3,0,0,1,1,1,1,0,0,0,5,0,0,4,1
7,20,0,1,1,0,3,1,0,1,1,1,1,8,0,2,0,6,1,9,0
15,15,4,1,1,0,3,0,0,0,1,1,1,5,2,1,0,4,4,2,1
1,18,4,0,1,0,3,0,0,2,1,1,1,0,0,1,5,2,0,2,1
10,21,0,1,1,4,3,3,1,1,1,1,1,5,0,1,0,2,5,4,1
4,15,4,1,0,0,3,0,0,15,1,1,1,0,0,1,5,0,0,1,0
8,13,0,1,1,4,3,0,1,8,1,1,1,7,0,1,5,0,0,0,1
10,15,0,0,1,4,3,0,1,2,1,1,1,7,0,1,0,6,8,7,1
14,20,0,0,1,0,3,0,0,1,1,1,1,0,2,1,0,7,5,14,1
0,18,4,1,0,0,3,0,0,2,1,1,0,0,0,1,1,3,0,2,1
2,18,4,1,1,0,3,0,0,2,1,1,1,5,0,1,2,0,0,0,0
13,20,0,1,1,0,3,1,0,1,1,1,1,0,2,1,0,6,4,12,1
14,8,0,0,1,4,3,0,1,11,1,1,1,0,2,1,0,6,4,14,1
4,17,4,1,1,0,3,0,0,2,1,1,1,0,0,1,0,6,4,8,1
13,15,0,1,1,0,3,0,0,2,1,1,1,0,2,0,5,0,0,0,1
4,18,0,1,1,0,3,0,0,2,1,1,1,0,0,1,0,3,4,8,1
9,19,0,1,1,0,3,1,0,1,1,1,1,0,0,2,0,9,6,13,1
7,20,4,1,1,0,3,0,0,14,1,1,1,0,0,1,0,6,3,12,1
2,18,4,0,1,0,3,1,0,2,1,1,1,0,0,1,0,4,6,3,1
11,18,4,1,1,0,3,1,0,11,1,1,1,0,2,1,0,6,4,11,0
0,15,4,0,1,0,3,0,0,2,1,1,1,7,0,0,5,0,0,0,1
3,15,4,0,1,0,0,0,0,16,1,1,1,0,0,5,3,9,2,6,1
6,15,4,0,1,0,3,0,0,12,1,1,1,1,0,1,0,6,3,7,1
8,15,4,0,0,0,3,1,0,0,1,1,0,0,0,0,5,0,0,8,1
14,19,0,0,1,0,1,3,0,1,1,1,1,0,2,1,0,7,11,10,1
0,15,4,0,1,0,3,0,0,2,1,1,1,7,0,0,5,0,0,0,1
14,14,0,1,1,4,3,0,1,5,1,1,1,7,2,0,5,0,0,0,1
6,15,0,0,1,0,3,0,0,2,1,1,1,0,0,1,0,6,0,3,1
6,13,4,0,0,0,3,1,0,0,1,1,0,0,0,0,5,0,0,13,1
0,15,4,0,1,0,3,0,0,2,1,1,1,7,0,1,0,4,6,6,1
3,19,4,0,1,0,3,3,0,11,1,1,1,7,0,1,0,7,10,12,1
3,17,4,1,1,0,3,3,0,2,1,1,1,0,0,1,0,2,4,4,1
12,9,4,0,0,0,3,1,0,5,1,1,0,5,2,2,0,1,3,6,1
9,14,4,1,1,4,3,0,1,9,1,1,1,7,0,1,0,6,8,7,1
3,18,4,0,1,0,3,1,0,11,1,1,1,0,0,1,0,2,2,4,0
7,15,4,0,1,0,3,0,0,16,1,1,1,0,0,1,0,9,2,7,1
11,16,0,1,1,4,3,3,1,1,1,1,1,5,2,0,5,0,0,2,0
13,20,4,0,1,0,3,0,0,0,1,1,1,0,2,1,0,7,3,11,0
13,11,4,0,0,0,3,0,0,15,1,1,0,0,2,0,5,0,0,0,1
4,18,4,0,1,0,3,1,0,2,1,1,1,0,0,1,0,2,3,4,1
7,17,4,1,1,0,3,0,0,5,1,1,1,7,0,1,0,6,4,9,1
2,19,4,1,1,0,3,1,0,0,1,1,1,8,0,3,0,3,1,4,1
11,15,0,1,1,0,3,0,0,2,1,1,1,7,2,1,2,6,0,10,1
14,20,4,1,1,0,3,3,0,0,1,1,1,0,2,1,0,6,8,13,1
4,20,4,0,1,4,3,0,1,0,1,1,1,7,0,1,0,4,6,8,1
1,17,0,0,1,0,3,0,0,1,1,1,1,0,0,1,0,4,2,5,1
0,18,4,0,1,0,3,3,0,14,1,1,1,0,0,1,0,4,0,1,0
8,17,4,0,1,4,3,1,1,0,1,1,1,0,0,1,0,4,3,5,1
10,21,4,1,1,0,3,3,0,0,1,1,1,0,0,1,0,6,11,3,0
13,19,4,1,1,0,3,0,0,7,1,1,1,0,2,1,0,3,8,9,1
5,20,4,1,1,0,3,0,0,2,1,1,1,0,0,1,0,3,6,6,1
15,20,0,1,1,4,3,1,1,1,1,1,1,0,2,6,0,6,0,8,1
2,18,4,0,1,0,3,0,0,2,1,1,1,5,0,4,0,6,6,2,1
12,18,0,1,1,0,3,0,0,1,1,1,1,7,2,1,0,8,8,10,1
15,21,0,0,1,3,3,1,1,1,1,1,1,0,2,4,0,6,10,10,1
6,17,4,1,1,0,3,0,0,2,1,1,1,0,0,1,0,6,2,7,1
15,15,0,0,1,0,3,1,0,0,1,1,1,0,2,0,5,0,0,0,1
5,18,4,0,1,0,3,1,0,2,1,1,1,0,0,1,0,5,2,6,1
11,19,4,0,1,0,3,0,0,0,1,1,1,0,2,1,0,4,3,5,1
10,20,4,1,1,0,3,1,0,0,1,1,1,5,0,1,0,6,3,11,1
1,21,4,1,1,0,3,0,0,2,1,1,1,5,0,1,0,5,2,13,1
5,17,4,1,1,0,3,3,0,7,1,1,1,0,0,1,5,0,0,0,1
5,18,4,0,1,0,3,0,0,15,1,1,1,7,0,1,5,0,0,0,0
9,15,4,0,1,0,3,3,0,2,1,1,1,0,0,1,2,2,0,3,1
15,15,0,1,1,0,3,1,0,1,1,1,1,0,2,1,5,0,0,0,1
7,15,4,1,1,0,3,0,0,0,1,1,1,7,0,0,5,0,0,0,0
3,18,4,0,1,0,3,3,0,5,1,1,1,5,0,1,0,1,4,4,1
6,20,4,1,1,3,3,0,1,11,1,1,1,0,0,1,0,6,6,12,1
11,16,4,0,1,0,3,0,0,15,1,1,1,0,2,0,5,0,0,0,0
1,15,4,0,1,0,3,0,0,7,1,1,1,0,0,1,0,6,1,6,1
12,18,0,0,1,4,3,0,1,0,1,1,1,0,2,0,5,0,0,0,1
2,15,4,1,1,0,3,0,0,12,1,1,1,0,0,1,0,5,7,9,1
4,20,4,1,1,0,3,0,0,0,1,1,1,0,0,4,0,2,9,6,1
10,18,4,0,1,3,3,0,1,11,1,1,1,5,0,3,2,1,0,3,0
8,21,4,1,1,4,3,0,1,2,1,1,1,0,0,2,0,2,2,3,1
2,15,4,0,1,4,3,1,1,9,1,1,1,0,0,1,2,6,0,6,0
7,15,4,1,1,0,3,0,0,16,1,1,1,5,0,1,5,0,0,0,1
5,20,4,1,1,0,3,0,0,5,1,1,1,1,0,6,0,3,5,6,0
15,20,0,1,1,0,3,1,0,0,1,1,1,0,2,6,0,4,0,9,1
7,15,4,0,1,0,3,0,0,2,1,1,1,0,0,0,5,0,0,0,1
2,18,4,1,0,0,3,3,0,2,1,1,0,0,0,0,5,0,0,0,1
15,20,0,1,1,4,3,0,1,0,1,1,1,5,2,1,0,6,4,10,1
11,17,0,0,1,0,3,1,0,1,1,1,1,0,2,0,5,0,0,0,1
11,21,0,0,1,0,0,0,0,11,1,1,1,5,2,4,0,8,6,12,0
15,20,4,0,1,4,3,0,1,0,1,1,1,5,2,2,0,6,6,10,1
6,18,4,0,1,0,3,1,0,2,1,1,1,1,0,1,0,1,4,6,1
5,20,4,0,1,0,3,3,0,2,1,1,1,8,0,2,0,6,3,7,1
4,15,4,1,1,0,3,1,0,2,1,1,1,0,0,1,0,6,2,6,1
7,15,4,0,0,0,3,2,0,12,1,0,0,0,0,1,0,6,10,12,0
15,17,4,1,1,0,3,0,0,2,1,1,1,5,2,1,0,6,8,5,1
3,17,4,0,1,0,3,0,0,2,1,1,1,0,0,1,0,6,4,4,1
3,18,0,0,1,0,3,0,0,1,1,1,1,0,0,1,0,6,1,9,1
15,17,2,1,1,0,3,1,0,0,1,1,1,0,2,1,0,7,8,12,1
6,20,4,0,1,0,3,3,0,14,1,1,1,0,0,7,0,6,8,10,1
15,21,4,1,1,0,3,0,0,0,1,1,1,0,2,4,0,6,1,12,1
11,19,4,0,1,3,3,0,1,2,1,1,1,5,2,1,0,6,2,10,1
13,17,0,0,1,0,3,0,0,1,1,1,1,0,2,1,0,6,8,11,1
15,21,0,1,1,4,3,0,1,1,1,1,1,5,2,0,5,0,0,0,0
2,18,4,0,1,0,0,3,0,16,1,1,1,0,0,5,3,9,1,4,0
6,20,4,1,1,0,3,0,0,2,1,1,1,7,0,1,0,5,5,5,1
4,15,4,0,1,4,3,0,1,15,1,1,1,7,0,1,5,0,0,1,0
11,19,0,0,1,0,3,1,0,0,1,1,1,0,2,1,0,7,6,12,1
8,16,4,0,0,0,3,3,0,2,1,1,0,0,0,1,0,3,6,5,0
1,14,4,0,1,0,3,0,0,2,1,1,1,5,0,0,5,0,0,0,1
6,20,4,0,1,4,3,0,1,14,1,1,1,0,0,1,5,0,0,0,0
2,19,4,0,1,0,3,1,0,2,1,1,1,5,0,1,0,6,6,11,1
6,20,4,1,1,0,3,1,0,2,1,1,1,0,0,1,0,4,2,6,1
10,15,0,1,1,0,3,0,0,1,1,1,1,7,0,1,0,6,6,12,1
14,20,0,0,1,3,3,0,1,0,1,1,1,5,2,1,0,6,9,14,1
6,20,0,1,1,4,3,0,1,9,1,1,1,5,0,1,0,6,4,10,0
1,18,4,1,1,0,3,0,0,2,1,1,1,7,0,1,2,2,0,4,1
3,15,4,0,1,0,0,0,0,16,1,1,1,0,0,5,3,8,2,6,1
15,15,4,1,1,0,3,0,0,2,1,1,1,7,2,1,0,6,1,9,1
9,18,1,1,1,0,3,1,0,4,1,1,1,0,0,4,0,9,2,9,0
12,20,0,0,1,0,3,3,0,11,1,1,1,0,2,1,0,9,10,14,1
0,13,4,0,1,0,3,0,0,16,1,1,1,0,0,1,5,1,0,4,0
3,18,4,0,1,0,3,0,0,2,1,1,1,6,0,9,2,5,0,14,1
8,20,0,1,1,0,3,0,0,0,1,1,1,7,0,1,0,8,8,9,1
5,22,4,0,0,0,3,1,0,0,1,1,1,0,0,1,0,6,6,13,1
9,20,0,0,1,2,3,0,0,0,1,1,1,0,0,1,0,6,3,12,0
8,13,4,0,1,4,3,3,1,0,1,1,1,0,0,1,5,0,0,0,1
11,18,4,0,1,0,3,0,0,0,1,1,1,0,2,1,0,6,4,9,1
2,18,4,1,1,0,3,3,0,0,1,1,1,7,0,1,0,6,3,12,1
7,20,0,1,1,0,3,0,0,0,1,1,1,0,0,3,0,6,4,10,1
15,18,0,0,1,3,3,2,1,0,1,1,1,0,2,1,0,6,6,10,1
4,18,4,0,1,0,0,1,0,16,1,1,1,0,0,5,3,9,4,6,0
10,18,4,0,1,0,3,0,0,2,1,1,1,7,0,1,0,6,4,10,1
6,18,4,1,1,0,3,3,0,2,1,1,1,8,0,1,0,2,4,5,1
4,17,4,0,1,0,3,1,0,2,1,1,1,8,0,1,0,6,8,9,1
15,20,0,1,1,0,3,0,0,0,1,1,1,7,2,1,0,6,1,10,1
10,20,4,0,1,0,3,1,0,10,1,1,1,0,0,1,0,6,3,14,1
8,20,0,1,1,0,3,0,0,1,1,1,1,7,0,1,0,6,10,13,1
3,20,4,1,1,0,3,1,0,12,1,1,1,0,0,1,0,6,4,9,0
9,0,0,1,1,4,3,0,1,0,1,1,1,7,0,1,0,6,3,9,1
9,20,4,1,1,0,3,3,0,0,1,1,1,0,0,1,0,6,4,12,0
8,20,4,1,1,0,3,1,0,0,1,1,1,8,0,3,5,0,0,0,1
13,15,0,1,1,0,3,0,0,0,1,1,1,0,2,1,5,0,0,0,1
8,21,4,1,1,0,3,0,0,0,1,1,1,5,0,3,0,2,8,3,1
8,18,0,1,1,0,3,0,0,1,1,1,1,0,0,1,0,9,7,13,1
11,20,4,1,1,0,3,3,0,11,1,1,1,0,2,1,0,8,3,11,0
3,18,4,1,1,0,3,0,0,0,1,1,1,0,0,3,0,4,2,4,1
11,18,4,0,1,0,3,0,0,2,1,1,1,0,2,1,0,7,8,11,1
13,15,4,1,1,0,3,3,0,4,1,1,1,7,2,1,0,6,8,7,1
5,18,4,1,1,0,3,0,0,0,1,1,1,1,0,4,5,0,0,0,1
1,18,4,0,1,4,3,0,1,2,1,1,1,5,0,1,0,1,3,2,0
13,19,4,1,1,0,3,0,0,0,1,1,1,7,2,1,0,6,5,10,0
13,21,4,0,1,0,3,0,0,0,1,1,1,5,2,6,0,6,3,14,1
9,17,0,1,1,3,3,0,1,1,1,1,1,7,0,1,0,6,3,10,1
11,20,4,1,1,2,3,1,0,12,1,1,1,0,2,1,0,6,6,12,1
4,20,4,1,1,0,3,3,0,2,1,1,1,0,0,1,0,4,4,4,0
10,20,4,1,1,0,3,0,0,2,1,1,1,7,0,3,0,6,2,11,1
8,20,4,0,1,0,3,0,0,2,1,1,1,5,0,1,0,6,6,11,1
14,19,4,0,1,0,3,0,0,2,1,1,1,0,2,5,0,9,5,5,1
15,15,4,0,1,4,3,0,1,0,1,1,1,7,2,1,0,3,6,2,1
14,20,4,0,1,4,3,0,1,2,1,1,1,5,2,1,0,9,8,14,1
3,15,4,0,1,0,3,0,0,2,1,1,1,7,0,0,5,0,0,0,1
12,22,4,1,1,0,3,1,0,0,1,1,1,8,2,7,0,6,6,13,1
10,20,0,1,1,0,3,0,0,8,1,1,1,0,0,1,0,3,1,11,1
2,18,4,1,1,0,3,1,0,0,1,1,1,0,0,1,0,1,6,4,1
10,4,0,0,0,0,3,0,0,0,1,0,0,1,0,3,0,6,2,11,1
7,22,0,1,1,0,3,0,0,1,1,1,1,0,0,1,0,6,8,13,1
13,11,0,0,1,4,3,0,1,1,1,1,1,7,2,1,0,6,7,12,1
2,16,4,1,1,0,3,0,0,2,1,1,1,0,0,9,2,0,0,0,1
1,15,4,1,1,0,3,3,0,2,1,1,1,0,0,0,5,0,0,0,1
13,20,0,1,1,0,3,1,0,1,1,1,1,0,2,1,0,6,4,12,0
1,18,4,0,1,0,3,3,0,11,1,1,1,0,0,0,5,0,0,0,0
9,15,4,0,1,0,3,0,0,12,1,1,1,7,0,0,5,0,0,0,1
15,18,0,0,1,0,3,0,0,1,1,1,1,5,2,3,0,6,10,12,1
14,20,0,1,1,0,3,0,0,1,1,1,1,0,2,1,0,6,6,13,1
7,15,4,1,1,0,3,0,0,2,1,1,1,5,0,0,5,0,0,5,1
9,15,4,1,1,0,3,1,0,12,1,1,1,0,0,1,0,3,2,7,1
15,19,4,1,1,0,3,0,0,2,1,1,1,0,2,2,0,6,1,7,1
7,17,4,0,1,0,3,0,0,2,1,1,1,7,0,1,0,9,8,9,1
1,18,4,0,1,0,3,0,0,16,1,1,1,0,0,0,5,0,0,0,0
15,22,0,0,1,4,3,0,1,1,1,1,1,0,2,1,0,9,6,14,0
1,18,4,1,1,0,3,0,0,16,1,1,1,0,0,2,5,1,0,4,1
15,21,0,1,1,0,3,0,0,1,1,1,1,0,2,1,0,6,6,8,1
5,20,4,1,1,0,3,1,0,0,1,1,1,0,0,1,0,4,4,5,0
15,19,4,0,1,0,3,0,0,15,1,1,1,0,2,1,5,6,0,9,1
10,15,0,1,1,4,3,0,1,1,1,1,1,0,0,0,5,0,0,0,1
1,17,4,1,0,0,3,0,0,16,1,1,0,0,0,1,1,1,0,1,0
10,18,4,0,1,0,3,0,0,4,1,1,0,8,0,1,0,6,7,9,1
2,18,4,1,1,0,3,0,0,11,1,1,1,0,0,0,5,0,0,0,1
12,20,0,1,1,3,3,0,1,1,1,1,1,5,2,7,1,6,0,10,1
11,15,4,0,1,0,3,0,0,2,1,1,1,0,2,7,2,1,0,2,0
1,18,4,1,1,0,3,0,0,16,1,1,1,5,0,1,0,2,5,5,1
9,18,4,0,0,0,3,0,0,2,0,1,1,0,0,4,0,6,5,10,1
2,15,4,0,1,0,3,0,0,2,1,1,1,0,0,1,0,2,2,4,1
11,20,4,1,1,0,3,0,0,2,1,1,1,1,2,1,0,3,6,2,1
10,21,0,1,1,4,3,0,1,1,1,1,1,5,0,1,0,5,5,14,0
7,15,4,1,1,0,3,3,0,2,1,1,1,1,0,1,0,6,10,3,1
13,19,4,0,1,0,3,0,0,2,1,1,1,5,2,8,0,6,3,11,1
4,15,0,0,1,0,3,1,0,2,1,1,1,0,0,1,2,0,0,0,1
5,14,4,0,1,0,3,0,0,12,1,1,1,7,0,1,0,6,10,8,1
4,20,4,0,1,0,3,0,0,2,1,1,1,0,0,1,0,6,5,13,0
2,15,4,1,1,0,3,0,0,2,1,1,1,0,0,0,5,0,0,0,1
1,18,4,1,1,0,3,3,0,2,1,1,1,0,0,2,0,6,4,12,1
8,18,4,0,1,0,3,1,0,12,1,1,1,2,0,3,0,6,7,9,1
4,21,4,1,1,0,3,3,0,14,1,1,1,0,0,1,0,6,2,13,0
12,18,0,0,1,0,3,1,0,8,1,1,1,7,2,1,0,6,8,8,1
1,18,4,1,1,0,3,0,0,16,1,1,1,1,0,0,5,0,0,0,1
2,18,4,0,1,0,3,0,0,2,1,1,1,0,0,1,0,2,2,3,1
7,17,4,0,1,0,3,0,0,2,1,1,1,0,0,1,0,8,6,10,1
15,20,4,0,1,4,3,1,1,10,1,1,1,0,2,1,0,9,8,14,1
13,18,0,0,1,0,3,0,0,1,1,1,1,7,2,1,0,8,6,11,1
11,17,0,0,1,0,3,1,0,0,1,1,1,0,2,3,0,7,2,12,0
8,15,0,0,0,0,3,0,0,2,1,1,1,7,0,1,0,5,6,5,1
3,15,4,0,1,0,0,0,0,16,1,1,1,0,0,5,3,6,1,5,1
3,20,4,0,1,4,3,0,1,2,1,1,1,0,0,1,0,1,4,3,1
1,15,4,1,1,0,3,0,0,2,1,1,1,0,0,0,5,0,0,0,0
14,20,4,1,1,0,3,0,0,0,1,1,1,0,2,1,0,7,3,10,1
1,18,4,1,1,0,3,0,0,0,1,1,1,7,0,1,0,7,6,4,1
5,20,4,1,1,0,3,0,0,2,1,1,1,7,0,0,5,0,0,0,1
14,15,4,0,1,0,3,3,0,0,1,1,1,1,2,1,0,4,2,6,1
14,20,0,1,1,0,3,1,0,1,1,1,1,0,2,1,0,9,11,11,0
11,20,0,1,1,4,3,3,1,1,1,1,1,0,2,1,0,6,2,9,0
8,20,4,0,1,0,3,0,0,2,1,1,1,5,0,1,0,6,8,12,1
13,21,4,0,1,4,3,1,1,0,1,1,1,0,2,1,0,7,6,14,0
14,20,4,0,0,0,3,1,0,0,1,1,0,0,2,2,0,6,6,9,0
5,17,4,0,1,0,3,0,0,7,1,1,1,0,0,1,0,5,6,5,1
10,20,4,0,1,0,3,0,0,9,1,1,1,0,0,1,0,9,11,14,1
1,17,0,1,1,0,3,0,0,1,1,1,1,5,0,1,0,6,4,12,1
12,13,4,1,0,0,3,3,0,13,1,0,0,8,2,6,5,0,0,13,1
8,15,4,0,1,4,3,0,1,5,1,1,1,0,0,1,2,3,0,4,1
3,15,4,1,1,0,3,3,0,2,1,1,1,7,0,1,0,6,8,7,1
15,20,4,1,1,0,3,0,0,2,1,1,1,0,2,1,0,6,8,5,1
6,15,4,0,1,0,3,0,0,2,1,1,1,1,0,1,0,6,3,6,1
11,18,4,1,1,0,3,3,0,10,1,1,1,1,2,1,0,6,3,5,0
0,18,4,0,1,0,3,1,0,2,1,1,1,7,0,1,0,2,7,3,1
12,19,4,0,1,0,3,3,0,2,1,1,1,0,2,1,0,6,0,9,1
11,18,0,1,1,0,3,1,0,2,1,1,1,0,2,3,5,1,0,4,1
13,20,4,0,1,4,3,0,1,11,1,1,1,5,2,1,0,8,3,13,0
2,18,4,1,1,0,3,1,0,0,1,1,1,0,0,0,5,0,0,0,0
0,14,4,0,1,0,3,3,0,16,1,1,1,8,0,3,0,2,1,6,1
3,18,4,1,1,0,3,3,0,14,1,1,1,0,0,7,0,6,1,9,1
8,15,4,0,0,0,3,0,0,2,1,1,0,0,0,0,5,0,0,0,1
14,19,4,1,1,0,3,0,0,16,1,1,1,5,2,1,5,0,0,0,0
13,0,4,0,1,0,3,0,0,12,1,1,1,7,2,1,0,6,3,11,1
10,21,4,1,1,0,3,1,0,0,1,1,1,0,0,1,0,7,5,14,0
7,18,4,1,1,0,3,0,0,11,1,1,1,0,0,1,0,6,8,7,1
3,19,4,0,1,0,3,3,0,2,1,1,1,0,0,0,5,0,0,0,0
10,15,0,1,1,3,3,0,1,2,1,1,1,7,0,1,0,2,1,3,1
0,12,4,0,1,0,3,0,0,7,1,1,1,8,0,0,5,0,0,0,1
6,21,4,0,1,0,3,0,0,5,1,1,1,0,0,1,0,8,11,14,1
0,18,4,0,0,0,3,0,0,16,1,1,0,0,0,0,5,0,0,0,0
12,18,0,0,1,0,3,0,0,0,1,1,1,0,2,1,0,6,4,11,0
15,15,0,0,1,4,3,0,1,0,1,1,1,0,2,1,0,8,10,8,1
4,15,4,0,1,0,1,0,0,14,1,1,1,0,0,1,5,0,0,0,1
6,13,4,0,1,0,3,3,0,15,1,1,1,1,0,1,5,0,0,0,1
14,20,4,1,1,0,3,1,0,2,1,1,1,5,2,1,0,6,11,10,1
11,20,4,0,1,0,3,1,0,0,1,1,1,8,2,1,0,7,3,13,1
11,15,4,0,0,0,3,0,0,0,1,1,0,1,2,1,0,6,6,6,0
6,15,4,0,1,0,3,0,0,2,1,1,1,0,0,0,5,0,0,5,1
10,8,0,1,1,4,3,0,1,16,1,1,1,7,0,6,5,1,0,3,1
9,18,0,1,1,3,3,0,1,8,1,1,1,7,0,1,0,2,8,7,1
10,14,4,0,1,4,3,0,1,12,1,1,1,5,0,1,2,6,0,8,0
15,20,4,0,1,0,3,1,0,0,1,1,1,0,2,1,0,4,5,6,0
15,15,0,0,1,4,3,0,1,1,1,1,1,7,2,0,5,0,0,0,1
3,19,4,1,1,0,3,3,0,2,1,1,1,7,0,0,5,0,0,0,1
8,20,4,1,1,0,3,1,0,2,1,1,1,0,0,1,0,6,6,9,1
1,18,4,0,1,3,3,0,1,2,1,1,1,5,0,0,5,0,0,0,1
12,15,4,1,1,0,3,1,0,2,1,1,1,8,2,1,0,6,3,13,1
12,18,2,1,0,0,3,0,0,2,1,1,1,5,2,1,5,0,0,2,1
6,14,0,0,1,0,3,0,0,2,1,1,1,7,0,1,0,8,8,7,1
13,21,4,0,1,3,3,0,1,0,1,1,1,5,2,1,0,6,4,14,1
2,18,4,1,1,0,3,0,0,0,1,1,1,1,0,1,0,2,3,3,1
12,20,4,1,1,0,3,0,0,9,1,1,1,0,2,6,2,1,0,2,1
9,21,4,1,1,4,3,3,1,14,1,1,1,5,0,3,0,6,8,13,0
7,21,4,0,1,0,0,0,0,16,1,1,1,0,0,5,3,9,5,7,0
5,15,4,0,1,4,3,0,1,2,1,1,1,5,0,0,5,0,0,0,1
6,20,4,1,1,0,3,0,0,2,1,1,1,1,0,1,1,1,0,1,1
11,15,0,1,1,2,3,1,0,1,1,1,1,8,2,1,5,0,0,0,0
4,20,4,1,1,0,3,0,0,2,1,1,1,5,0,3,0,1,0,1,0
6,18,0,0,1,0,3,3,0,4,1,1,1,7,0,1,0,5,6,5,1
10,18,0,1,1,0,1,1,0,0,1,1,1,0,0,5,3,7,7,13,1
10,20,4,0,1,3,3,3,1,0,1,1,1,0,0,1,0,6,10,10,1
10,20,4,0,1,0,3,1,0,10,1,1,1,0,0,7,0,9,3,4,1
0,18,4,0,1,0,3,0,0,16,1,1,1,1,0,1,0,2,2,4,0
9,20,0,0,1,0,3,3,0,1,1,1,1,0,0,1,0,6,8,14,1
7,18,4,0,1,0,3,1,0,0,1,1,1,0,0,1,0,7,8,9,0
14,18,4,1,1,0,3,0,0,2,1,1,1,0,2,1,0,3,5,6,1
0,15,4,0,1,0,0,0,0,16,1,1,1,0,0,5,3,9,2,7,0
6,17,4,1,1,0,3,0,0,5,1,1,1,0,0,1,0,6,5,13,1
12,11,4,0,1,0,3,0,0,11,1,1,1,0,2,1,0,6,10,10,1
8,21,4,1,1,0,3,1,0,2,1,1,1,0,0,3,0,6,4,8,1
12,22,4,1,1,0,3,0,0,0,1,1,1,0,2,2,0,6,4,10,1
14,18,4,0,1,0,3,0,0,9,1,1,1,5,2,1,0,4,8,3,1
11,15,0,0,1,3,3,0,1,0,1,1,1,0,2,1,0,8,8,12,1
2,15,2,1,0,0,3,0,0,3,1,1,0,1,0,1,5,2,0,6,1
7,18,4,1,1,0,3,0,0,0,1,1,1,0,0,3,0,6,8,5,1
14,20,4,1,1,0,3,0,0,12,1,1,1,0,2,1,0,6,3,12,1
1,19,4,1,1,3,3,0,1,2,1,1,1,5,0,1,0,6,3,12,1
10,20,4,0,1,0,3,0,0,2,1,1,1,5,0,1,2,0,0,0,1
9,15,4,1,1,0,3,0,0,0,1,1,1,0,0,4,5,6,0,3,0
11,15,4,1,1,0,3,3,0,12,1,1,1,0,2,1,0,4,6,5,1
9,16,4,1,1,0,3,0,0,2,1,1,1,0,0,0,5,0,0,0,0
2,18,4,1,1,0,3,0,0,16,1,1,1,0,0,0,5,0,0,0,1
6,21,0,1,1,0,3,0,0,1,1,1,1,5,0,1,0,3,1,10,1
6,15,4,1,1,0,3,0,0,11,1,1,1,0,0,1,0,6,0,8,0
0,15,4,1,0,0,3,0,0,2,1,1,0,0,0,0,5,0,0,0,1
12,20,2,1,1,0,3,1,0,12,1,1,1,0,2,1,0,7,10,11,1
5,15,4,0,0,0,3,0,0,2,1,1,1,0,0,1,5,0,0,4,1
3,18,4,0,1,0,3,3,0,0,1,1,1,0,0,1,0,6,2,9,0
5,18,4,0,1,0,3,0,0,2,1,1,1,0,0,6,2,2,0,5,1
5,20,4,1,1,0,3,2,0,0,1,1,1,8,0,1,0,6,10,10,0
15,21,0,1,1,4,3,0,1,1,1,1,1,5,2,0,5,0,0,0,0
11,19,4,1,1,0,3,0,0,7,1,1,1,4,0,1,0,5,8,5,1
15,20,4,1,1,4,3,0,1,12,1,1,1,0,2,1,0,6,3,9,1
15,15,4,0,1,0,3,0,0,2,1,1,1,8,2,1,0,3,6,5,1
12,21,0,0,1,0,3,0,0,1,1,1,1,0,2,1,0,6,8,14,1
0,17,4,0,0,0,3,1,0,16,1,1,0,0,0,2,5,2,0,3,0
12,15,0,1,1,4,3,0,1,1,1,1,1,0,2,0,5,0,0,0,1
0,18,4,1,1,0,3,0,0,2,1,1,1,0,0,0,5,0,0,0,1
10,15,0,1,1,0,3,3,0,1,1,1,1,0,0,1,0,5,3,4,1
2,18,4,1,0,0,3,3,0,14,1,1,1,0,2,3,0,2,4,6,1
8,20,4,1,1,0,3,3,0,11,1,1,1,0,0,6,0,6,8,7,1
6,18,4,0,1,0,3,1,0,2,1,1,1,0,0,1,0,5,8,7,1
1,18,4,0,1,0,3,3,0,2,1,1,1,5,0,1,5,0,0,0,0
15,18,0,1,1,0,3,0,0,0,1,1,1,0,2,1,0,4,3,10,1
8,20,4,1,1,4,3,3,1,11,1,1,1,5,0,0,5,0,0,0,0
10,20,0,0,1,4,3,0,1,0,1,1,1,0,0,1,0,7,8,11,0
3,18,4,0,1,4,3,0,1,2,1,1,1,7,0,1,0,3,6,3,1
7,19,0,1,1,4,3,0,1,1,1,1,1,5,0,1,5,0,0,0,1
1,15,4,1,1,0,3,1,0,2,1,1,1,0,0,2,0,1,3,4,1
14,21,0,1,1,0,3,0,0,1,1,1,1,0,2,2,0,2,4,12,0
14,18,4,0,1,0,3,0,0,0,1,1,1,7,2,1,5,0,0,0,1
10,15,4,1,1,0,3,0,0,0,1,1,1,7,0,1,0,6,4,10,1
9,21,4,0,1,0,3,1,0,0,1,1,1,0,0,3,0,9,6,12,1
4,20,4,0,1,0,3,1,0,15,1,1,1,0,0,2,5,3,0,1,0
12,20,0,0,1,0,3,0,0,8,1,1,1,5,2,1,0,7,5,10,1
1,17,4,1,1,0,3,0,0,2,1,1,1,0,0,1,0,2,4,4,0
12,20,4,0,1,0,3,0,0,0,1,1,1,5,0,2,0,4,3,1,1
6,18,4,0,1,0,3,0,0,0,1,1,1,1,0,1,0,4,11,5,1
1,18,4,0,1,0,3,0,0,16,1,1,1,5,0,6,5,2,0,2,1
3,19,0,0,1,0,0,3,0,0,1,1,1,0,0,5,3,2,9,2,1
8,18,4,0,1,4,3,0,1,2,1,1,1,5,0,1,0,6,8,8,1
15,20,0,1,1,3,3,0,1,1,1,1,1,5,2,3,0,6,7,12,1
14,21,0,1,1,3,3,0,1,9,1,1,1,0,2,6,0,6,6,12,0
0,12,4,0,1,0,3,0,0,16,1,1,1,0,0,0,5,0,0,0,1
4,18,4,1,1,0,3,1,0,2,1,1,1,0,0,6,0,2,0,4,1
7,18,4,1,1,0,3,0,0,5,1,1,1,8,0,1,0,6,6,5,1
3,17,4,0,1,4,3,0,1,2,1,1,1,7,0,1,5,4,0,2,1
0,18,4,1,1,0,3,0,0,2,1,1,1,0,0,0,5,0,0,0,1
1,14,4,0,1,0,3,0,0,7,1,1,1,0,0,1,0,2,1,4,1
4,19,4,0,1,0,3,0,0,0,1,1,1,5,0,1,0,6,5,12,1
1,18,4,1,1,0,3,0,0,2,1,1,1,0,0,3,0,3,6,4,1
11,17,0,0,1,0,3,0,0,0,1,1,1,0,2,1,0,6,6,11,0
6,17,4,1,1,0,3,3,0,11,1,1,1,0,0,1,5,0,0,1,1
12,20,0,1,1,0,3,2,0,1,1,1,1,8,2,0,5,0,0,0,1
8,20,4,0,1,0,3,0,0,0,1,1,1,0,0,2,0,6,3,13,0
0,17,4,1,1,0,3,0,0,16,1,1,1,1,0,1,0,2,1,2,0
9,20,4,1,1,0,3,0,0,11,1,1,1,0,0,1,0,8,4,11,1
9,20,4,1,1,0,3,0,0,2,1,1,1,0,0,1,0,2,3,4,1
5,15,4,0,1,0,3,3,0,9,1,1,1,0,0,1,0,6,2,8,1
3,20,4,1,1,0,3,3,0,2,1,1,1,5,0,2,0,1,4,3,1
3,19,4,1,1,0,3,0,0,12,1,1,1,5,0,9,2,0,0,0,1
8,20,4,1,0,0,3,1,0,0,1,1,0,0,0,0,5,0,0,0,0
7,20,0,0,1,0,3,0,0,1,1,1,1,5,0,1,0,6,5,14,0
12,15,0,0,1,3,3,0,1,0,1,1,1,5,2,0,5,0,0,0,1
10,13,4,0,1,0,3,0,0,15,1,1,1,0,0,1,5,0,0,0,0
2,15,4,0,1,0,3,0,0,15,1,1,1,1,0,0,5,0,0,0,0
10,20,0,0,1,0,3,1,0,0,1,1,1,0,0,3,0,8,2,14,1
5,18,4,0,1,0,3,0,0,15,1,1,1,7,0,1,5,0,0,0,0
7,18,0,0,1,0,3,0,0,1,1,1,1,0,0,0,5,0,0,0,1
1,18,4,0,1,0,3,3,0,11,1,1,1,8,0,1,0,2,4,5,0
10,19,0,1,1,3,3,0,1,1,1,1,1,7,0,1,0,4,2,3,1
7,18,4,1,1,0,3,0,0,2,1,1,1,5,0,1,0,3,4,4,0
15,23,0,1,1,0,3,0,0,0,1,1,1,0,2,1,0,8,8,13,1
3,15,4,0,1,0,0,1,0,16,1,1,1,0,0,5,3,8,1,6,1
7,19,4,1,1,0,3,1,0,7,1,1,1,5,0,3,2,0,0,0,1
7,18,0,1,1,0,3,3,0,1,1,1,1,7,0,3,0,4,4,5,1
13,19,4,0,1,0,3,0,0,0,1,1,1,0,2,2,0,1,2,11,1
1,15,4,0,0,0,3,0,0,2,0,1,1,0,0,1,0,5,9,13,1
9,18,0,0,1,0,3,0,0,1,1,1,1,0,0,1,0,6,7,12,1
0,18,4,1,1,0,3,0,0,16,1,1,1,7,0,0,5,0,0,0,0
15,11,4,0,0,0,3,1,0,15,0,1,1,0,2,0,5,0,0,2,0
11,13,4,0,0,0,3,0,0,0,1,1,0,1,2,0,5,0,0,4,1
1,15,4,1,1,4,3,0,1,2,1,1,1,7,0,1,0,6,4,4,1
5,18,4,0,1,3,3,0,1,2,1,1,1,7,0,0,5,0,0,0,1
4,20,4,1,1,0,3,0,0,4,1,1,1,5,0,1,0,6,6,9,0
6,20,4,0,1,0,3,3,0,2,1,1,1,0,0,1,0,6,2,8,1
10,23,4,1,1,4,3,1,1,5,1,1,1,5,0,1,0,6,6,6,1
5,20,4,1,1,0,3,0,0,2,1,1,1,0,0,1,0,6,1,11,1
6,20,4,1,1,0,2,1,0,2,1,1,1,0,0,4,0,2,4,5,1
6,13,4,0,1,0,3,0,0,15,1,1,1,1,0,1,5,0,0,0,0
12,15,4,0,1,3,3,0,1,11,1,1,1,5,2,6,0,3,4,9,1
1,18,4,1,1,0,3,1,0,16,1,1,1,0,0,2,5,2,0,2,1
14,19,4,1,1,0,3,0,0,2,1,1,1,0,2,1,0,6,0,9,1
4,18,0,1,1,0,3,0,0,9,1,1,1,0,0,0,5,0,0,0,1
14,22,0,0,1,0,3,1,0,1,1,1,1,0,2,1,1,9,0,11,1
5,19,4,1,1,0,3,1,0,2,1,1,1,5,0,1,0,2,4,4,1
11,23,0,0,1,0,3,0,0,0,1,1,1,0,2,7,0,8,8,13,0
9,15,2,0,1,0,3,0,0,12,1,1,1,0,0,1,0,7,2,5,0
4,20,4,0,1,0,3,0,0,3,1,1,1,0,0,1,0,6,2,6,1
4,20,0,1,1,0,3,1,0,2,1,1,1,0,0,1,0,2,2,2,1
15,20,0,1,1,0,3,0,0,1,1,1,1,0,2,1,0,6,3,13,0
1,15,4,0,1,0,3,0,0,2,1,1,1,7,0,1,0,2,2,3,1
15,15,0,0,1,4,3,0,1,1,1,1,1,0,2,6,5,0,0,0,1
4,18,4,0,1,4,3,0,1,11,1,1,1,0,0,0,5,0,0,4,0
12,20,0,0,1,0,3,0,0,8,1,1,1,7,2,1,0,7,3,11,1
12,15,4,1,1,0,3,3,0,12,1,1,1,0,2,1,0,6,11,8,0
2,15,4,0,1,0,3,1,0,2,1,1,1,0,0,1,0,2,8,6,1
0,15,4,1,1,4,3,0,1,16,1,1,1,0,0,0,5,0,0,0,1
3,20,4,0,1,0,3,3,0,12,1,1,1,0,0,1,0,9,6,12,0
9,20,4,0,1,4,3,0,1,0,1,1,1,0,0,1,0,9,1,11,1
0,17,4,1,1,0,3,0,0,16,1,1,1,5,0,0,5,0,0,0,0
13,18,0,0,1,0,3,0,0,0,1,1,1,0,2,1,0,6,2,12,1
5,20,4,1,1,0,3,1,0,0,1,1,1,0,0,1,0,3,2,4,1
2,18,4,1,1,0,3,0,0,0,1,1,1,8,0,1,0,3,9,4,1
6,15,4,1,1,4,3,1,1,2,1,1,1,0,0,1,0,6,4,8,1
14,8,0,0,1,4,3,0,1,16,1,1,1,0,2,1,5,0,0,1,1
9,15,4,1,1,0,3,0,0,2,1,1,1,0,0,1,0,5,3,8,1
10,20,4,0,1,0,3,3,0,12,1,1,1,5,0,1,0,8,11,13,1
15,20,4,0,1,0,3,3,0,0,1,1,1,0,2,1,0,6,6,9,1
9,18,0,1,1,0,3,1,0,0,1,1,1,8,0,1,0,6,6,5,1
1,15,4,1,1,3,3,2,1,2,1,1,1,3,0,2,0,2,3,2,1
7,19,4,1,1,0,3,3,0,0,1,1,1,0,0,1,0,7,10,11,1
13,14,4,0,0,0,3,0,0,15,1,1,0,1,2,0,5,0,0,1,0
9,18,4,0,1,0,3,0,0,14,1,1,1,7,0,1,0,6,8,10,1
7,15,4,0,1,0,3,3,0,11,1,1,1,0,0,1,0,8,6,10,1
14,21,0,0,1,0,3,0,0,1,1,1,1,0,2,6,0,4,0,14,1
12,22,4,1,1,3,3,3,1,11,1,1,1,0,2,1,0,8,8,10,0
8,20,4,0,1,0,3,0,0,9,1,1,1,0,0,3,2,6,0,9,1
0,13,4,1,1,0,3,3,0,10,1,1,1,0,0,0,5,0,0,0,1
4,12,4,1,1,0,3,0,0,16,1,1,1,1,0,1,1,3,0,1,0
12,20,4,0,1,3,1,0,1,0,1,1,1,0,2,1,0,6,7,13,1
13,20,0,1,1,0,3,1,0,0,1,1,1,8,2,4,0,6,4,13,0
8,20,4,1,1,0,3,1,0,11,1,1,1,8,0,1,5,1,0,2,1
2,16,4,0,1,0,3,0,0,15,1,1,1,7,0,1,5,6,0,3,0
2,18,4,1,1,3,3,0,1,2,1,1,1,5,0,0,5,0,0,0,1
1,15,4,1,1,0,3,0,0,2,1,1,1,5,0,2,0,2,4,5,1
9,17,4,0,0,2,3,0,0,4,0,0,0,0,0,1,2,0,0,9,1
8,21,0,1,1,4,3,0,1,1,1,1,1,5,0,9,2,0,0,0,0
2,20,4,0,1,0,3,0,0,2,1,1,1,0,0,6,5,1,0,3,1
7,18,0,1,1,0,3,3,0,1,1,1,1,0,0,1,0,7,5,9,1
3,19,4,1,1,0,3,3,0,2,1,1,1,0,0,2,0,6,4,10,1
2,18,4,0,1,0,3,2,0,2,1,1,1,0,0,0,5,0,0,0,1
8,20,4,0,1,0,3,0,0,2,1,1,1,0,0,1,0,6,9,6,0
1,18,4,0,1,0,3,0,0,2,1,1,1,0,0,1,0,4,1,4,1
6,14,4,0,1,4,3,0,1,0,1,1,1,7,0,1,0,6,8,7,1
6,18,4,1,1,0,3,0,0,2,1,1,1,2,0,1,0,6,3,9,1
11,21,0,0,1,3,3,0,1,0,1,1,1,5,2,1,0,9,10,14,1
13,20,4,1,1,0,3,1,0,0,1,1,1,0,2,2,0,6,4,13,0
4,18,4,0,1,0,3,0,0,11,1,1,1,0,0,0,5,0,0,0,0
14,20,0,1,1,4,3,3,1,1,1,1,1,0,2,0,5,0,0,0,1
11,16,0,0,1,0,3,0,0,1,1,1,1,5,2,0,5,0,0,0,0
3,15,4,0,1,0,3,0,0,14,1,1,1,0,0,1,0,2,8,6,1
10,14,4,0,1,0,3,3,0,0,1,1,1,7,0,3,0,5,7,8,1
1,17,4,0,1,0,3,1,0,2,1,1,1,0,0,1,0,1,2,6,1
6,20,0,0,1,0,2,0,0,2,1,1,1,0,0,1,0,6,4,9,0
13,20,0,1,1,0,3,1,0,0,1,1,1,0,2,2,5,0,0,0,1
13,20,2,0,1,0,3,2,0,0,1,1,1,0,2,1,0,2,9,6,0
14,22,0,1,1,0,3,0,0,0,1,1,1,0,2,1,0,7,3,11,1
3,15,4,1,1,2,3,0,0,3,1,1,1,2,0,1,1,2,1,5,0
13,12,0,0,1,4,3,0,1,1,1,1,1,7,2,1,0,6,4,12,1
10,20,4,0,1,4,3,0,1,0,1,1,1,0,0,1,0,6,6,13,0
8,19,4,1,1,0,3,0,0,12,1,1,1,0,0,1,5,0,0,0,1
13,15,0,0,1,0,3,0,0,0,1,1,1,0,2,1,0,9,2,13,1
4,20,4,0,1,0,3,1,0,2,1,1,1,0,0,1,0,9,4,9,0
1,17,4,1,1,0,3,0,0,2,1,1,1,0,0,1,0,1,4,1,1
10,12,0,0,1,0,3,0,0,0,1,1,1,0,0,1,2,0,0,0,1
12,17,0,1,1,0,3,0,0,0,1,1,1,0,2,2,0,6,3,12,1
15,20,4,0,1,0,3,0,0,4,1,1,1,0,2,1,0,6,3,9,1
9,21,4,0,1,3,3,3,1,5,1,1,1,5,0,1,0,6,3,8,1
8,20,4,1,1,4,3,0,1,0,1,1,1,0,0,2,0,7,2,7,1
3,18,4,0,1,0,3,0,0,2,1,1,1,7,0,1,0,2,6,2,1
11,17,0,1,1,0,3,1,0,1,1,1,1,8,2,1,0,7,7,12,1
14,6,0,1,1,3,3,0,1,0,1,1,1,5,2,1,0,2,8,4,0
14,18,0,0,1,4,1,1,1,8,1,1,1,0,2,5,0,6,8,11,0
9,17,4,0,1,0,3,0,0,0,1,1,1,0,0,1,0,8,8,14,1
6,20,4,1,1,0,3,0,0,12,1,1,1,0,0,2,0,6,3,13,0
7,20,4,1,1,0,3,1,0,0,1,1,1,0,0,1,0,7,4,14,0
7,19,0,1,1,4,3,0,1,1,1,1,1,7,0,1,0,4,6,3,1
2,20,4,0,1,4,3,0,1,11,1,1,1,5,0,1,0,1,4,5,0
6,18,4,1,1,0,3,0,0,2,1,1,1,0,0,1,0,6,2,8,1
13,18,4,0,1,0,3,0,0,0,1,1,1,7,2,3,0,6,10,12,1
0,15,4,0,1,0,3,3,0,2,1,1,1,7,0,3,0,4,3,5,1
2,19,4,1,1,0,3,0,0,2,1,1,1,0,0,1,0,2,3,3,1
12,20,0,1,1,0,3,3,0,1,1,1,1,0,2,0,5,0,0,0,1
13,20,4,0,1,0,3,1,0,0,1,1,1,5,2,1,0,6,7,10,1
12,15,4,1,1,0,3,0,0,12,1,1,1,7,2,1,0,6,3,8,1
2,18,4,1,0,0,3,1,0,16,1,1,0,0,0,1,5,1,0,4,1
0,15,4,0,1,0,3,1,0,16,1,1,1,0,0,3,0,6,3,6,0
13,21,4,1,1,3,3,2,1,0,1,1,1,0,2,6,0,2,9,7,1
3,19,4,1,0,0,3,0,0,2,1,1,0,0,0,1,5,1,0,5,1
9,20,4,0,1,0,3,1,0,0,1,1,1,0,0,4,0,6,0,13,0
9,17,0,0,1,0,3,3,0,1,1,1,1,0,0,1,2,0,0,0,1
10,19,4,1,1,0,3,0,0,2,1,1,1,0,0,1,0,6,8,10,1
5,15,4,0,1,0,0,1,0,16,1,1,1,0,0,5,3,6,2,6,1
12,15,0,0,1,0,3,0,0,1,1,1,1,0,2,6,5,0,0,3,0
3,7,4,1,1,4,3,0,1,2,1,1,1,7,0,5,2,2,0,2,1
4,20,2,0,1,0,3,1,0,2,1,1,1,0,0,3,0,6,8,9,1
8,15,4,0,1,0,3,0,0,5,1,1,1,7,0,1,2,6,0,5,1
8,20,4,1,1,0,3,0,0,0,1,1,1,0,0,7,0,6,3,13,0
8,15,4,1,1,0,3,0,0,11,1,1,1,7,0,1,0,6,8,5,1
9,14,0,1,1,0,3,0,0,0,1,1,1,0,0,1,1,6,0,12,1
12,2,0,1,1,3,3,0,1,3,1,1,1,7,2,2,0,6,2,6,0
12,18,2,1,1,0,3,0,0,12,1,1,1,0,2,1,0,6,8,12,0
7,18,4,0,1,0,3,3,0,14,1,1,1,0,0,1,0,6,0,6,0
15,21,4,1,1,0,3,1,0,9,1,1,1,0,2,1,0,6,10,8,1
15,22,0,1,1,0,3,0,0,1,1,1,1,0,2,1,0,8,9,14,1
12,16,4,0,1,0,3,0,0,15,1,1,1,7,2,0,5,0,0,0,1
12,17,4,1,1,0,3,0,0,2,1,1,1,8,2,1,5,0,0,0,1
1,18,4,0,1,0,3,0,0,10,1,1,1,2,0,1,0,6,7,13,1
1,15,4,0,1,0,3,1,0,2,1,1,1,8,0,1,0,6,3,13,0
10,18,4,0,1,0,3,0,0,0,1,1,1,0,0,1,0,6,8,13,0
1,15,4,0,1,4,3,0,1,2,1,1,1,0,0,1,5,4,0,2,1
2,15,4,0,1,0,3,3,0,12,1,1,1,0,0,0,5,0,0,0,0
0,18,4,1,1,0,3,3,0,11,1,1,1,0,0,0,5,0,0,0,1
4,20,4,1,1,0,3,3,0,11,1,1,1,0,0,1,0,2,4,4,1
8,18,4,1,1,0,3,0,0,2,1,1,1,1,0,2,0,6,3,7,1
4,17,4,0,1,0,3,0,0,16,1,1,1,0,0,1,0,6,5,7,0
0,18,4,0,1,0,3,0,0,2,1,1,1,0,0,0,5,0,0,0,1
13,17,0,0,1,0,3,1,0,1,1,1,1,0,2,1,0,6,3,9,1
4,17,4,1,1,0,3,0,0,2,1,1,1,7,0,1,0,4,2,7,1
14,15,0,1,1,4,3,0,1,1,1,1,1,5,2,1,0,5,0,8,1
12,16,4,0,1,0,3,0,0,12,1,1,1,2,2,1,5,6,0,3,1
5,18,0,0,1,0,3,2,0,8,1,1,1,0,0,1,0,6,1,10,1
8,18,4,0,1,0,3,0,0,2,1,1,1,0,0,1,0,7,8,5,1
3,18,4,0,1,4,3,0,1,14,1,1,1,5,0,0,5,0,0,0,1
9,20,0,1,1,3,3,0,1,1,1,1,1,5,0,1,5,0,0,0,1
15,20,0,0,1,0,3,0,0,0,1,1,1,0,2,1,0,8,10,13,1
5,20,4,1,1,0,3,3,0,0,1,1,1,5,0,1,0,3,4,10,0
5,18,0,0,1,0,3,0,0,0,1,1,1,7,0,1,0,6,8,9,1
2,15,4,0,1,0,3,0,0,2,1,1,1,0,0,1,5,1,0,1,1
15,17,0,0,1,4,3,0,1,0,1,1,1,7,2,1,0,6,3,9,1
5,14,4,0,1,4,3,0,1,16,1,1,1,5,0,1,0,2,1,6,1
15,20,4,0,1,0,3,1,0,0,1,1,1,0,2,4,0,6,8,13,1
9,14,0,0,1,0,3,0,0,15,1,1,1,1,0,0,5,0,0,0,1
5,10,3,1,1,4,3,0,1,0,1,1,1,6,0,4,0,6,10,3,0
12,17,0,1,1,0,3,0,0,0,1,1,1,0,2,1,1,6,0,11,1
11,20,0,1,1,4,3,0,1,1,1,1,1,5,2,1,0,6,11,12,0
9,19,4,1,1,4,3,3,1,0,1,1,1,0,0,1,0,6,6,7,1
6,20,4,1,1,0,3,3,0,11,1,1,1,0,0,1,0,6,6,14,0
14,18,2,1,1,0,3,0,0,0,1,1,1,0,2,0,5,0,0,10,0
12,18,4,1,1,0,3,1,0,2,1,1,1,0,2,1,0,6,7,12,1
1,18,4,0,1,0,3,1,0,16,1,1,1,8,0,6,5,1,0,2,0
14,20,4,1,1,4,3,0,1,0,1,1,1,5,2,1,0,6,8,13,1
7,18,4,0,1,0,3,2,0,0,1,1,1,0,0,2,0,6,6,11,0
0,21,4,0,1,0,3,0,0,14,1,1,1,0,0,1,0,6,3,9,0
6,20,4,1,1,0,3,0,0,14,1,1,1,0,0,1,0,6,3,12,0
13,20,0,1,1,0,3,0,0,1,1,1,1,0,2,1,1,8,0,13,1
11,18,4,1,1,0,3,0,0,0,1,1,1,5,2,1,0,6,3,12,1
4,19,0,1,1,0,3,3,0,0,1,1,1,0,0,3,0,6,2,11,0
15,18,0,1,1,0,3,0,0,1,1,1,1,0,2,1,0,6,7,12,1
5,19,4,1,1,0,3,1,0,2,1,1,1,0,0,1,0,6,2,8,0
4,15,4,0,1,0,3,0,0,2,1,1,1,0,0,2,0,6,6,7,0
13,20,4,1,1,0,3,3,0,0,1,1,1,0,2,1,0,8,7,12,1
8,18,4,0,1,0,3,0,0,0,1,1,1,7,0,3,0,6,4,10,1
2,15,4,1,0,0,3,0,0,2,1,1,0,0,0,0,5,0,0,0,1
13,15,4,1,1,0,3,0,0,2,1,1,1,1,2,1,0,6,3,10,1
15,11,4,0,1,4,3,0,1,11,1,1,1,7,2,1,0,6,3,6,1
3,20,4,1,1,0,3,1,0,12,1,1,1,8,0,1,5,0,0,0,0
4,19,4,0,1,0,3,0,0,7,1,1,1,0,0,1,0,3,10,2,1
9,20,0,1,1,0,3,1,0,1,1,1,1,0,0,6,1,1,0,11,1
2,18,4,1,1,0,3,1,0,2,1,1,1,8,0,0,5,0,0,0,0
1,18,4,1,1,0,3,0,0,2,1,1,1,0,0,0,5,0,0,0,1
5,20,4,1,1,0,3,0,0,2,1,1,1,0,0,1,0,2,4,4,1
11,17,0,1,1,0,3,3,0,8,1,1,1,0,2,0,5,0,0,0,1
0,18,4,0,1,0,3,0,0,16,1,1,1,5,0,2,0,2,1,2,1
7,18,0,0,1,0,0,1,0,0,1,1,1,0,0,5,3,9,11,12,1
13,14,4,0,0,4,3,0,1,15,1,1,0,7,2,0,5,0,0,0,0
11,17,0,1,1,0,3,0,0,2,1,1,1,0,2,1,2,6,0,9,1
11,20,4,0,1,0,0,3,0,11,1,1,1,5,2,4,0,8,6,12,0
9,18,0,0,1,0,3,3,0,1,1,1,1,5,0,1,0,6,3,13,1
0,18,4,1,1,0,3,0,0,16,1,1,1,5,0,0,5,0,0,0,0
12,22,4,1,0,0,3,0,0,15,1,0,1,8,0,7,1,7,0,1,1
6,18,0,1,1,0,3,1,0,0,1,1,1,0,0,1,0,4,6,8,1
0,17,0,0,1,4,3,0,1,1,1,1,1,0,0,1,0,6,8,6,1
3,18,4,0,1,0,3,0,0,2,1,1,1,7,0,1,0,6,10,5,1
12,20,0,0,1,3,3,0,1,0,1,1,1,0,2,1,0,9,4,13,1
14,21,0,1,1,4,3,0,1,0,1,1,1,0,2,1,0,8,2,11,0
1,17,4,1,1,0,3,1,0,12,1,1,1,0,0,9,2,3,0,1,1
8,14,0,1,0,0,3,2,0,2,1,1,0,8,0,1,5,3,0,3,1
2,17,4,1,1,0,3,1,0,2,1,1,1,8,0,1,0,2,3,4,1
6,18,0,1,1,0,3,0,0,0,1,1,1,0,0,1,0,6,4,9,1
13,0,4,1,1,0,3,0,0,0,1,1,1,1,2,1,0,6,4,6,1
11,8,0,0,1,2,0,3,0,0,1,1,1,0,2,1,1,8,4,12,1
6,18,4,1,1,0,3,0,0,2,1,1,1,1,0,1,5,0,0,1,0
2,15,4,1,1,0,3,1,0,16,1,1,1,1,0,9,2,0,0,0,1
10,17,0,0,1,0,3,0,0,2,1,1,1,8,0,1,0,6,2,7,1
7,19,0,1,1,0,3,0,0,0,1,1,1,0,0,3,5,0,0,0,1
3,15,4,0,1,4,3,0,1,2,1,1,1,7,0,1,0,6,6,3,1
13,19,0,0,1,3,3,3,1,0,1,1,1,5,2,1,0,6,9,11,1
3,18,4,0,1,0,0,0,0,16,1,1,1,1,0,5,3,6,1,9,1
9,15,4,1,1,2,3,1,0,7,1,1,1,2,0,5,2,6,3,5,1
7,20,4,1,1,0,3,0,0,5,1,1,1,0,0,1,0,6,6,6,1
14,14,0,1,1,4,3,0,1,0,1,1,1,0,2,1,0,6,5,12,1
9,19,4,1,1,0,3,0,0,2,1,1,1,0,0,1,2,2,0,6,1
6,21,0,1,1,3,3,0,1,0,1,1,1,5,0,1,0,6,8,13,0
12,19,4,0,1,0,3,1,0,0,1,1,1,0,2,1,0,8,5,12,1
8,18,4,0,1,3,3,0,1,5,1,1,1,5,0,2,0,9,6,6,1
15,18,0,1,1,0,3,3,0,0,1,1,1,7,2,1,5,8,0,2,1
12,21,0,1,1,0,3,0,0,0,1,1,1,5,2,2,0,6,6,12,1
11,10,4,0,1,0,0,1,0,7,1,1,1,0,2,5,3,6,3,8,1
11,15,0,0,1,0,1,1,0,0,1,1,1,0,2,1,0,8,5,12,1
11,19,4,0,1,0,3,3,0,2,1,1,1,0,2,1,0,6,11,8,1
13,21,0,1,1,0,3,1,0,1,1,1,1,0,2,2,0,1,5,14,1
0,18,4,0,1,0,3,0,0,2,1,1,1,0,0,1,0,4,2,3,1
10,20,4,1,1,3,3,3,1,10,1,1,1,5,0,1,0,6,8,8,1
3,20,4,1,0,0,3,0,0,2,1,1,1,5,0,9,2,0,0,0,1
15,22,0,1,1,4,3,0,1,1,1,1,1,0,2,1,0,6,9,11,1
12,18,0,0,1,4,3,3,1,8,1,1,1,7,2,1,0,6,6,9,1
10,15,4,1,1,4,3,0,1,11,1,1,1,5,0,1,0,4,1,6,0
0,15,4,1,1,0,3,1,0,2,1,1,1,0,0,1,0,3,2,2,1
2,19,4,0,1,0,3,3,0,2,1,1,1,0,0,3,0,1,0,1,1
6,18,4,1,1,0,3,1,0,2,1,1,1,8,0,1,1,6,0,10,1
6,17,4,1,1,0,3,0,0,0,1,1,1,7,0,4,0,6,4,12,1
0,17,4,0,1,0,2,0,0,2,1,1,1,0,0,1,0,1,3,5,1
10,18,0,0,1,0,3,1,0,1,1,1,1,0,0,1,0,7,11,13,1
10,18,0,0,1,0,3,0,0,0,1,1,1,0,0,1,0,6,7,9,0
6,15,0,0,0,0,3,0,0,0,1,1,1,0,0,0,5,0,0,4,1
15,15,0,0,1,3,3,0,1,0,1,1,1,0,2,1,0,9,1,11,1
6,21,4,1,1,0,3,0,0,0,1,1,1,5,0,1,0,7,8,12,1
2,22,4,0,1,0,3,1,0,7,1,1,1,8,0,1,0,9,6,10,0
4,16,4,1,0,0,3,3,0,3,1,0,1,0,0,0,5,0,0,5,0
5,20,4,1,1,0,3,1,0,2,1,1,1,0,0,1,0,2,10,3,0
1,14,4,0,1,0,3,0,0,5,1,1,1,7,0,1,2,6,0,5,1
15,20,2,1,1,0,3,1,0,0,1,1,1,0,2,2,0,7,11,12,0
5,15,4,1,1,0,3,0,0,2,1,1,1,7,0,1,0,4,6,5,1
12,19,4,1,1,3,3,1,1,2,1,1,1,0,2,2,0,1,1,4,1
1,18,4,1,1,0,3,3,0,2,1,1,1,0,0,1,0,1,3,3,1
15,20,0,0,1,4,3,0,1,1,1,1,1,7,2,6,0,6,0,11,1
11,17,4,1,1,0,3,1,0,11,1,1,1,0,2,1,0,6,4,8,1
5,22,4,0,1,0,3,3,0,15,1,1,1,0,0,0,5,0,0,0,0
9,20,0,0,1,0,3,0,0,2,1,1,1,0,0,1,0,8,4,6,1
12,14,4,0,1,0,3,1,0,12,1,1,1,0,2,1,0,9,10,14,0
9,15,4,0,1,4,3,0,1,0,1,1,1,0,0,0,5,0,0,0,1
15,20,4,0,1,0,3,3,0,11,1,1,1,5,2,1,0,6,10,14,1
3,20,4,1,1,0,3,0,0,11,1,1,1,5,0,1,0,1,3,2,1
14,19,4,0,1,0,3,3,0,0,1,1,1,5,2,3,0,4,0,6,1
0,13,4,1,1,0,3,0,0,10,1,1,1,8,0,0,5,0,0,0,0
6,20,4,1,1,3,3,0,1,2,1,1,1,5,0,1,5,0,0,0,1
7,21,4,0,1,0,3,1,0,0,1,1,1,0,0,1,0,6,2,13,0
13,14,4,0,1,4,3,0,1,0,1,1,1,8,2,1,0,6,2,14,1
9,20,4,0,1,0,3,0,0,0,1,1,1,7,0,3,0,6,3,10,1
0,18,4,1,1,0,3,1,0,16,1,1,1,0,0,0,5,0,0,0,0
6,19,4,0,1,0,3,0,0,2,1,1,1,0,0,1,0,6,3,9,1
7,20,4,0,1,0,3,1,0,0,1,1,1,0,0,1,0,5,10,10,1
6,14,0,0,1,0,3,1,0,9,1,1,1,0,0,0,5,0,0,0,1
13,15,2,0,1,0,3,0,0,0,1,1,1,1,2,1,0,9,11,7,0
1,18,4,1,1,0,3,0,0,12,1,1,1,1,0,1,0,6,10,10,0
10,18,4,1,1,0,3,0,0,0,1,1,1,0,0,1,2,0,0,8,1
15,15,4,0,1,0,3,0,0,9,1,1,1,2,0,6,0,5,5,4,1
0,15,4,1,1,0,3,0,0,2,1,1,1,0,0,0,5,0,0,0,1
13,18,0,1,1,0,3,1,0,1,1,1,1,0,2,1,1,6,0,12,1
9,19,4,1,1,0,3,3,0,12,1,1,1,0,0,1,0,6,8,8,1
14,15,4,0,1,0,3,1,0,0,1,1,1,0,2,1,0,6,3,10,1
6,18,4,0,1,0,3,3,0,2,1,1,1,7,0,1,0,6,4,9,1
8,21,4,0,1,0,3,0,0,5,1,1,1,5,0,1,0,8,4,14,0
8,18,4,0,1,0,3,0,0,0,1,1,1,7,0,1,0,1,4,2,1
14,20,4,1,1,0,3,3,0,0,1,1,1,5,2,1,0,6,4,14,1
2,15,4,0,1,0,3,3,0,9,1,1,1,5,0,1,0,6,3,9,1
11,19,4,1,1,0,3,3,0,2,1,1,1,0,2,1,0,6,5,12,0
9,14,4,0,0,0,3,0,0,2,1,1,0,0,0,0,5,0,0,4,1
4,19,4,0,1,0,3,0,0,2,1,1,1,0,0,1,0,6,10,6,1
10,20,4,1,1,0,3,0,0,0,1,1,1,0,0,1,0,7,7,14,1
5,18,4,0,1,0,3,0,0,9,1,1,1,0,0,1,2,2,0,3,0
4,19,4,1,1,0,3,0,0,2,1,1,1,0,0,1,0,3,6,6,1
4,18,0,0,1,0,3,0,0,2,1,1,1,0,0,1,0,9,4,5,1
9,18,4,1,1,0,3,1,0,2,1,1,1,7,0,1,5,0,0,0,1
15,15,2,0,1,0,3,1,0,2,1,1,1,7,2,1,5,0,0,0,1
14,15,0,0,1,0,1,3,0,1,1,1,1,4,2,5,5,8,0,11,1
11,18,4,0,1,0,3,0,0,0,1,1,1,5,2,0,5,0,0,0,1
14,14,0,1,1,4,3,0,1,0,1,1,1,0,2,0,5,0,0,0,1
15,18,4,0,1,0,1,3,0,10,1,1,1,0,2,1,0,6,7,10,1
4,18,0,1,1,0,3,0,0,8,1,1,1,7,0,1,0,6,4,6,1
12,20,2,1,1,0,3,0,0,0,1,1,1,0,2,1,0,6,6,12,1
9,19,4,1,1,0,3,1,0,2,1,1,1,0,0,1,0,6,6,8,1
9,20,4,0,1,0,3,1,0,0,1,1,1,5,0,1,0,7,6,13,1
13,15,4,1,0,0,3,0,0,0,1,1,0,0,2,1,0,2,2,4,0
12,21,0,1,1,4,3,0,1,1,1,1,1,7,2,1,0,6,2,8,1
2,18,4,1,1,0,3,3,0,2,1,1,1,8,0,3,5,1,0,1,1
0,17,4,0,1,0,3,0,0,15,1,1,1,0,0,1,5,3,0,1,1
14,18,4,0,1,3,3,0,1,0,1,1,1,5,2,1,0,8,6,10,1
14,18,0,1,0,3,3,2,1,8,1,1,1,0,2,1,0,2,6,8,1
9,12,4,0,1,0,3,0,0,5,1,1,1,7,0,1,5,0,0,4,1
12,21,4,1,1,0,3,0,0,0,1,1,1,5,2,2,0,6,4,10,1
14,19,0,0,1,0,3,1,0,0,1,1,1,0,2,1,0,9,3,12,1
10,18,4,1,1,0,3,1,0,10,1,1,1,8,0,1,0,6,8,3,1
4,18,4,0,1,0,3,1,0,2,1,1,1,0,0,1,0,2,3,2,0
1,18,4,0,1,0,3,3,0,2,1,1,1,0,0,1,5,0,0,0,1
3,14,4,0,1,4,3,0,1,16,1,1,1,5,0,1,1,9,0,2,1
3,15,4,1,1,0,3,1,0,7,1,1,1,0,0,9,2,0,0,0,1
13,15,4,0,1,0,3,0,0,2,1,1,1,7,2,6,0,6,6,8,1
7,20,0,0,1,0,3,3,0,0,1,1,1,0,0,1,0,6,1,13,1
8,20,4,0,1,0,3,0,0,0,1,1,1,0,0,1,0,6,3,14,1
3,20,4,0,1,0,3,0,0,0,1,1,1,7,0,2,0,6,3,9,1
2,18,4,0,1,0,3,2,0,2,1,1,1,0,0,1,2,3,0,4,1
3,19,4,1,1,0,3,0,0,12,1,1,1,0,0,1,0,2,9,2,0
15,20,4,0,1,0,3,3,0,5,1,1,1,0,2,2,0,9,10,14,1
6,20,4,1,1,3,3,0,1,0,1,1,1,5,0,4,5,0,0,11,1
9,17,4,0,1,3,3,0,1,2,1,1,1,5,0,1,5,0,0,0,1
15,20,4,0,1,0,3,2,0,0,1,1,1,0,2,1,0,9,10,10,0
13,0,2,1,0,4,3,3,1,0,1,1,1,7,2,0,5,0,0,0,1
13,21,0,0,1,3,3,0,1,1,1,1,1,5,2,3,0,6,7,14,1
14,20,4,1,1,0,3,0,0,0,1,1,1,0,2,1,0,6,8,6,1
6,20,4,0,1,0,3,0,0,0,1,1,1,5,0,9,2,3,0,14,1
6,20,4,0,1,0,3,0,0,2,1,1,1,5,0,2,0,1,8,11,1
1,15,4,0,1,0,3,0,0,2,1,1,1,7,0,0,5,0,0,0,1
10,20,0,0,1,4,3,0,1,8,1,1,1,5,0,1,0,7,5,11,0
2,18,4,1,1,0,3,3,0,16,1,1,1,5,0,0,5,0,0,0,0
2,17,4,0,1,0,3,0,0,2,1,1,1,5,0,1,0,6,6,6,1
11,2,0,0,1,3,3,1,1,7,1,1,1,7,2,0,5,0,0,4,1
11,17,4,1,1,3,3,0,1,2,1,1,1,0,2,1,0,3,6,10,1
5,17,4,0,1,0,3,0,0,0,1,1,1,0,0,4,0,6,1,11,1
9,15,4,1,1,0,3,0,0,2,1,1,1,1,0,1,0,6,8,5,1
9,14,4,0,1,4,3,0,1,11,1,1,1,0,0,1,0,6,10,6,1
0,18,4,0,0,0,3,3,0,16,1,1,0,0,0,0,5,0,0,3,0
4,18,4,1,1,0,3,1,0,4,1,1,1,0,0,6,0,4,6,7,1
2,12,4,1,1,4,3,0,1,16,1,1,1,5,0,0,5,0,0,5,1
11,19,4,1,1,0,3,3,0,12,1,1,1,8,2,1,5,0,0,0,1
15,18,4,1,1,0,3,0,0,11,1,1,1,0,2,1,0,5,0,6,1
3,15,4,0,1,0,3,0,0,2,1,1,1,0,0,6,5,0,0,0,1
15,18,4,0,1,0,3,0,0,9,1,1,1,0,2,1,0,2,1,8,1
12,17,0,0,1,3,3,0,1,1,1,1,1,0,2,1,0,6,8,11,1
3,15,4,0,1,0,3,1,0,2,1,1,1,0,0,1,2,6,0,6,1
10,21,4,0,1,3,3,0,1,0,1,1,1,5,0,1,0,7,8,13,1
0,21,4,1,1,0,3,3,0,2,1,1,1,0,0,1,0,2,8,3,0
13,18,4,0,1,0,3,0,0,2,1,1,1,7,2,1,0,8,2,10,1
14,18,4,0,1,0,3,1,0,2,1,1,1,1,2,1,0,6,8,13,1
6,20,4,0,1,0,3,1,0,2,1,1,1,8,0,8,5,0,0,0,1
1,15,4,1,1,0,3,0,0,11,1,1,1,7,0,1,5,4,0,4,0
4,15,0,0,1,0,3,0,0,15,1,1,1,0,0,0,5,0,0,0,0
11,18,4,1,1,0,3,0,0,0,1,1,1,7,2,7,0,6,1,9,1
0,18,4,1,1,0,3,1,0,16,1,1,1,5,0,1,0,1,2,3,1
10,19,4,0,1,0,3,1,0,15,1,1,1,0,0,1,5,6,0,2,1
15,19,4,1,1,0,3,1,0,0,1,1,1,0,2,3,0,6,3,12,1
0,18,4,0,1,0,3,0,0,2,1,1,1,0,0,0,5,0,0,0,1
15,18,0,0,1,3,3,0,1,2,1,1,1,0,2,1,0,6,7,5,1
6,17,4,0,1,0,3,0,0,2,1,1,1,0,0,1,0,6,3,10,1
15,15,4,0,1,0,3,0,0,2,1,1,1,0,2,1,0,9,2,12,1
2,17,4,0,1,0,3,0,0,2,1,1,1,0,0,6,2,4,0,5,1
14,18,0,1,1,0,3,0,0,0,1,1,1,0,2,1,0,6,4,13,1
5,15,4,0,1,0,3,2,0,0,1,1,1,0,0,1,0,6,10,12,1
8,15,4,0,1,4,3,0,1,7,1,1,1,8,0,1,0,6,4,9,1
9,15,4,0,1,3,3,0,1,2,1,1,1,0,0,1,0,3,2,8,1
10,17,4,0,1,0,3,3,0,0,1,1,1,0,0,4,0,6,5,12,1
3,18,4,1,1,0,3,0,0,14,1,1,1,0,0,0,5,0,0,0,1
4,18,4,0,1,0,3,0,0,16,1,1,1,5,0,1,5,0,0,2,1
12,15,0,0,1,0,3,0,0,8,1,1,1,7,2,1,0,7,0,8,1
7,20,4,1,1,0,3,0,0,2,1,1,1,0,0,2,0,6,8,11,1
1,18,4,0,1,0,3,3,0,2,1,1,1,0,0,0,5,0,0,0,1
8,15,3,0,1,0,3,0,0,3,1,1,1,1,0,6,0,6,2,6,1
0,18,4,1,1,0,3,3,0,11,1,1,1,0,0,1,5,1,0,3,0
2,18,4,1,1,0,3,0,0,16,1,1,1,5,0,0,5,0,0,0,1
2,15,4,0,1,0,0,0,0,12,1,1,1,0,0,5,3,6,9,12,0
1,15,4,0,1,0,3,3,0,11,1,1,1,7,0,1,0,7,3,5,1
1,18,4,1,1,0,3,0,0,2,1,1,1,5,0,1,5,0,0,0,1
1,18,4,1,1,0,3,0,0,2,1,1,1,0,0,1,5,0,0,0,1
6,20,4,0,1,4,3,0,1,2,1,1,1,5,0,1,0,6,10,12,1
2,18,4,0,1,0,3,0,0,2,1,1,1,0,0,1,2,0,0,0,1
3,15,4,1,1,0,3,0,0,5,1,1,1,7,0,1,0,8,10,6,1
12,16,4,1,1,0,3,0,0,2,1,1,1,0,2,0,5,0,0,4,1
0,17,4,0,1,0,3,0,0,2,1,1,1,0,0,0,5,0,0,0,1
6,21,4,1,1,0,3,1,0,0,1,1,1,5,0,1,0,6,5,14,1
13,15,4,1,1,0,3,0,0,0,1,1,1,0,2,1,0,2,0,1,1
3,15,4,0,1,0,3,0,0,14,1,1,1,0,0,0,5,0,0,0,1
11,21,0,1,1,0,3,0,0,1,1,1,1,5,2,1,0,6,3,13,1
7,15,4,1,1,0,3,0,0,2,1,1,1,7,0,1,0,6,8,11,1
6,20,4,1,1,0,3,3,0,11,1,1,1,0,0,0,5,0,0,10,1
12,20,4,0,1,4,3,0,1,0,1,1,1,5,2,1,0,7,2,12,1
1,18,4,0,1,0,3,0,0,16,1,1,1,5,0,0,5,0,0,0,0
10,15,4,0,1,0,3,0,0,0,1,1,1,2,0,6,0,6,6,14,1
13,16,4,0,1,0,3,0,0,11,1,1,1,0,2,1,0,6,4,10,0
7,15,0,1,1,0,3,0,0,0,1,1,1,0,0,2,0,6,5,7,1
2,17,4,1,1,0,3,1,0,0,1,1,1,8,0,1,5,2,0,4,1
12,20,4,0,1,0,3,1,0,0,1,1,1,0,2,1,0,8,2,14,1
12,15,0,0,1,0,3,0,0,1,1,1,1,0,2,2,0,2,2,6,1
7,17,4,0,1,0,0,0,0,16,1,1,1,0,0,5,3,7,1,5,1
7,20,4,1,1,4,3,0,1,0,1,1,1,5,0,0,5,0,0,0,1
7,21,4,1,1,0,3,3,0,2,1,1,1,0,0,2,0,4,4,8,1
1,14,4,1,1,0,3,0,0,2,1,1,1,0,0,1,0,1,10,1,1
5,11,4,0,0,4,3,0,1,15,1,1,1,7,0,1,5,0,0,0,1
13,21,0,1,1,4,3,0,1,0,1,1,1,5,2,0,5,0,0,0,1
14,18,0,0,1,0,3,2,0,1,1,1,1,0,2,1,2,6,0,10,1
9,0,4,1,1,4,3,0,1,12,1,1,1,0,0,1,0,6,4,6,0
9,19,4,1,1,0,3,1,0,0,1,1,1,0,0,1,0,4,5,7,0
2,15,0,1,1,0,3,0,0,4,1,1,1,0,0,1,0,6,6,7,1
5,15,4,0,1,0,3,3,0,2,1,1,1,0,0,1,0,6,5,9,0
1,15,4,1,1,0,3,0,0,2,1,1,1,7,0,0,5,0,0,0,1
5,20,4,1,1,0,3,0,0,0,1,1,1,0,0,1,5,0,0,0,0
9,15,4,0,1,3,3,0,1,2,1,1,1,7,0,1,0,6,4,7,1
11,20,4,0,1,0,3,1,0,12,1,1,1,5,2,1,0,6,6,10,1
9,18,4,0,1,0,3,1,0,2,1,1,1,0,0,1,0,6,10,13,1
4,20,4,0,1,0,3,3,0,2,1,1,1,0,0,1,0,7,0,3,1
1,18,4,1,1,3,3,0,1,2,1,1,1,5,0,1,0,6,4,5,1
3,20,4,1,1,0,3,0,0,0,1,1,1,0,0,1,0,8,2,7,1
9,14,0,1,1,4,3,0,1,9,1,1,1,7,0,0,5,0,0,0,1
9,20,0,1,1,0,3,0,0,0,1,1,1,7,0,1,5,6,0,5,1
11,21,0,1,1,0,3,3,0,0,1,1,1,0,2,3,0,8,8,12,0
15,18,0,1,1,0,3,3,0,1,1,1,1,0,2,0,5,0,0,0,1
2,15,4,0,1,4,0,0,1,16,1,1,1,0,0,5,3,9,2,7,0
2,19,4,0,1,3,3,0,1,2,1,1,1,5,0,3,0,2,7,4,1
14,18,4,0,1,0,3,1,0,0,1,1,1,7,2,1,0,7,2,11,1
10,19,4,1,1,0,3,3,0,11,1,1,1,0,0,1,0,6,4,11,1
7,20,4,1,1,0,3,0,0,11,1,1,1,5,0,0,5,0,0,0,1
1,15,4,1,1,0,3,3,0,2,1,1,1,0,0,1,0,3,4,5,1
3,18,4,0,1,0,3,3,0,14,1,1,1,0,0,1,0,9,8,7,1
15,22,4,1,1,0,3,1,0,0,1,1,1,8,2,3,0,6,6,13,1
5,15,4,0,1,0,3,0,0,0,1,1,1,0,0,1,2,1,0,1,1
12,20,0,1,1,0,3,0,0,0,1,1,1,0,2,2,0,6,6,10,1
13,18,0,1,1,0,3,0,0,1,1,1,1,0,2,0,5,0,0,0,1
14,18,2,0,1,3,3,0,1,0,1,1,1,0,2,3,0,6,6,9,0
9,20,4,1,1,0,3,3,0,2,1,1,1,0,0,1,0,6,3,10,1
12,20,4,1,1,0,3,1,0,14,1,1,1,0,2,1,0,8,4,12,1
9,9,4,0,1,0,3,1,0,12,1,1,1,7,0,2,0,8,1,8,0
7,15,4,0,1,0,3,3,0,2,1,1,1,0,0,0,5,0,0,0,1
15,15,0,1,1,4,3,0,1,0,1,1,1,0,2,0,5,0,0,0,1
13,7,0,0,0,0,3,0,0,11,1,1,0,7,2,1,0,2,3,3,1
15,20,0,0,1,4,3,0,1,1,1,1,1,5,2,1,0,6,8,13,0
6,13,4,0,1,0,3,0,0,15,1,1,1,0,0,0,5,0,0,0,1
7,21,4,0,1,4,3,0,1,0,1,1,1,5,0,1,2,2,0,3,0
2,18,4,1,1,0,3,0,0,2,1,1,1,5,0,1,0,1,4,3,1
1,18,4,1,1,0,3,0,0,2,1,1,1,5,0,1,2,2,0,2,1
11,18,4,1,1,0,3,0,0,5,1,1,1,7,2,1,0,6,3,8,1
13,17,2,1,1,0,3,1,0,7,1,1,1,0,2,1,5,0,0,1,1
7,13,4,0,1,0,3,0,0,2,1,1,1,1,0,1,0,6,4,13,0
4,20,4,0,1,0,3,1,0,2,1,1,1,5,0,0,5,0,0,3,1
8,15,4,0,1,0,3,0,0,2,1,1,1,7,0,3,0,6,8,6,1
8,20,0,1,1,0,3,0,0,1,1,1,1,7,0,1,0,2,1,3,1
0,19,4,1,1,0,3,1,0,16,1,1,1,5,0,1,0,2,2,2,1
7,15,4,0,1,4,3,0,1,2,1,1,1,0,0,9,2,0,0,0,1
14,14,0,0,1,0,3,0,0,2,1,1,1,7,2,3,1,6,0,12,0
10,17,0,0,1,0,0,0,0,1,1,1,1,0,0,5,3,6,3,12,1
14,20,0,0,1,0,3,0,0,0,1,1,1,0,2,1,0,9,3,14,0
14,15,4,0,1,0,3,0,0,0,1,1,1,0,2,6,0,6,8,12,1
4,21,4,1,1,0,3,1,0,0,1,1,1,0,0,1,0,2,3,3,0
15,20,0,1,1,0,3,0,0,0,1,1,1,0,2,1,0,6,4,13,1
6,18,4,1,1,4,3,0,1,5,1,1,1,7,0,0,5,0,0,0,1
0,18,4,0,1,0,3,0,0,16,1,1,1,0,0,1,0,2,10,4,1
3,15,4,1,1,3,3,0,1,2,1,1,1,0,0,1,0,2,9,4,1
1,18,4,1,1,0,3,3,0,16,1,1,1,0,0,1,5,2,0,3,0
13,19,0,0,1,0,3,1,0,0,1,1,1,0,2,1,0,9,6,10,1
3,20,0,1,1,0,3,0,0,1,1,1,1,0,0,1,0,6,8,4,1
8,19,4,0,1,0,3,1,0,0,1,1,1,0,0,1,0,2,3,4,1
5,17,0,1,1,4,3,0,1,1,1,1,1,0,0,6,0,3,4,10,0
8,17,3,1,1,0,2,0,0,2,1,1,1,0,2,1,0,6,4,6,1
0,15,4,0,1,4,3,0,1,2,1,1,1,5,0,0,5,0,0,0,1
14,19,0,1,1,0,3,1,0,0,1,1,1,0,2,0,5,0,0,0,1
2,19,4,0,1,0,3,0,0,2,1,1,1,0,0,7,0,9,11,5,1
0,18,4,1,1,4,3,0,1,5,1,1,1,0,0,1,0,1,3,6,1
14,15,0,0,1,0,1,0,0,0,1,1,1,0,2,5,0,6,5,13,1
15,20,4,0,1,0,3,1,0,0,1,1,1,0,2,1,0,6,3,12,0
12,18,4,1,1,0,3,1,0,12,1,1,1,8,2,1,0,2,3,5,1
7,18,0,1,1,0,3,0,0,0,1,1,1,0,0,1,0,6,6,12,1
11,21,0,0,1,0,3,1,0,0,1,1,1,0,2,1,0,8,2,14,0
7,20,4,1,1,0,3,3,0,2,1,1,1,0,0,2,0,9,3,11,1
12,20,4,0,1,0,3,0,0,0,1,1,1,5,2,1,0,6,7,9,1
4,17,0,0,1,0,3,3,0,0,1,1,1,0,0,2,0,6,1,9,1
3,19,4,1,1,0,3,1,0,2,1,1,1,0,0,2,0,1,1,2,1
13,18,4,1,1,0,3,1,0,0,1,1,1,0,2,1,5,0,0,2,1
12,18,0,0,1,4,3,0,1,8,1,1,1,7,2,1,0,7,0,11,1
11,15,0,0,1,0,3,1,0,1,1,1,1,0,2,1,0,6,0,11,1
1,18,4,1,1,3,3,1,1,2,1,1,1,5,0,1,0,7,1,13,1
2,18,4,1,1,0,3,3,0,16,1,1,1,5,0,1,5,3,0,2,0
14,19,4,1,1,3,3,0,1,11,1,1,1,5,2,3,0,8,2,11,1
15,15,0,0,1,4,3,0,1,0,1,1,1,7,2,1,0,6,10,8,1
9,20,0,1,1,0,3,1,0,8,1,1,1,0,0,4,0,6,5,7,1
0,17,4,1,1,0,3,0,0,16,1,1,1,0,0,0,5,0,0,0,0
3,18,4,0,1,0,3,1,0,2,1,1,1,0,0,1,0,7,5,10,1
2,17,4,1,1,0,3,0,0,4,1,1,1,7,0,1,0,3,6,4,1
7,19,4,0,1,0,3,1,0,7,1,1,1,0,0,1,5,5,0,2,1
6,15,0,0,1,4,3,0,1,0,1,1,1,0,0,0,5,0,0,5,0
0,17,4,0,1,0,3,0,0,2,1,1,1,0,0,0,5,0,0,0,1
2,15,4,1,1,0,3,0,0,2,1,1,1,7,0,0,5,0,0,0,1
6,20,4,0,1,0,1,1,0,0,1,1,1,8,0,5,0,9,8,13,1
10,19,0,1,1,0,3,3,0,0,1,1,1,0,0,2,0,6,11,10,1
13,15,0,1,1,0,3,3,0,4,1,1,1,0,2,1,2,0,0,5,1
9,20,4,0,1,0,3,3,0,11,1,1,1,0,0,1,0,6,6,13,1
2,15,4,0,0,0,3,0,0,2,1,1,0,0,0,0,5,0,0,0,1
15,15,4,0,1,4,3,0,1,4,1,1,1,0,2,1,0,6,4,9,1
3,17,4,0,1,0,3,1,0,7,1,1,1,0,0,1,0,2,1,4,0
12,21,4,0,1,4,3,0,1,0,1,1,1,0,2,1,0,6,6,13,0
2,18,4,1,1,0,3,2,0,2,1,1,1,0,0,1,5,3,0,3,1
1,18,2,1,1,0,3,1,0,16,1,1,1,0,0,3,3,3,0,1,1
9,3,0,0,0,0,1,3,0,14,0,1,1,7,0,4,0,5,8,7,0
0,18,4,0,1,0,3,3,0,2,1,1,1,0,0,0,5,0,0,0,1
8,21,4,1,1,4,3,0,1,0,1,1,1,5,0,2,0,6,6,11,1
3,15,4,1,1,0,3,3,0,2,1,1,1,7,0,1,0,6,8,9,1
6,18,0,0,1,0,3,1,0,0,1,1,1,0,0,1,5,1,0,2,1
5,20,4,0,1,0,3,0,0,10,1,1,1,5,0,1,0,6,7,13,0
11,21,0,1,1,0,3,0,0,1,1,1,1,0,2,1,1,6,0,12,1
7,18,4,1,1,0,3,1,0,2,1,1,1,1,0,1,5,6,0,4,1
14,20,0,1,1,4,3,0,1,0,1,1,1,5,2,1,0,6,3,10,1
10,17,4,0,1,0,3,1,0,2,1,1,1,5,0,1,2,4,0,3,0
11,20,4,0,1,0,3,1,0,2,1,1,1,0,2,2,5,0,0,0,1
4,20,4,1,1,4,3,0,1,0,1,1,1,5,0,0,5,0,0,0,0
14,18,2,0,1,0,3,0,0,2,1,1,1,0,2,1,0,6,11,7,1
12,20,4,0,1,3,3,3,1,9,1,1,1,5,2,1,0,2,3,4,1
10,15,4,1,1,0,3,1,0,14,1,1,1,0,0,1,0,6,6,10,1
7,15,4,0,0,0,3,0,0,2,1,0,1,5,0,0,5,0,0,2,1
14,17,0,0,1,0,0,1,0,0,1,1,1,0,2,5,3,9,3,12,1
4,18,4,1,1,0,3,0,0,2,1,1,1,1,0,1,0,1,2,2,1
9,20,4,1,1,0,3,3,0,12,1,1,1,7,0,1,0,6,3,10,1
11,18,4,0,1,0,3,0,0,0,1,1,1,0,2,2,0,6,3,7,0
8,21,0,1,1,4,3,1,1,1,1,1,1,0,0,3,0,6,4,13,1
1,18,4,1,1,0,3,1,0,2,1,1,1,8,0,2,0,2,2,2,1
2,18,4,1,1,4,3,0,1,2,1,1,1,5,0,1,2,6,0,2,1
13,15,0,1,1,4,3,1,1,5,1,1,1,8,2,6,0,8,6,6,1
6,20,4,1,1,0,3,0,0,2,1,1,1,5,0,1,0,6,8,13,1
15,18,4,0,0,0,3,1,0,16,1,1,0,0,2,0,5,0,0,5,1
4,18,4,0,1,0,1,0,0,2,1,1,1,0,0,1,0,4,3,3,1
12,18,4,0,1,4,3,0,1,0,1,1,1,0,2,1,0,6,2,8,0
14,19,0,1,1,4,3,1,1,1,1,1,1,0,2,1,0,2,11,3,1
11,15,0,0,1,0,1,0,0,0,1,1,1,0,2,1,0,6,3,11,0
2,20,4,0,1,0,3,0,0,0,1,1,1,5,0,1,0,9,4,12,1
3,19,4,1,1,0,3,1,0,12,1,1,1,0,0,0,5,0,0,0,1
5,15,4,1,1,0,3,0,0,0,1,1,1,0,0,6,0,6,3,8,1
11,11,4,0,1,0,3,3,0,11,1,1,1,0,2,1,0,9,3,14,1
6,19,4,0,1,0,3,0,0,2,1,1,1,7,0,1,0,4,0,6,1
6,20,0,1,1,0,3,1,0,0,1,1,1,0,0,1,0,6,8,12,0
7,18,4,0,1,3,3,0,1,2,1,1,1,7,0,0,5,0,0,0,1
4,15,4,1,1,0,3,0,0,2,1,1,1,5,0,1,0,6,2,8,1
4,18,0,1,0,0,3,3,0,9,1,1,1,2,0,0,5,0,0,0,1
0,17,4,1,1,0,3,0,0,2,1,1,1,1,0,1,0,3,2,4,1
9,7,4,0,0,0,3,0,0,11,1,0,0,8,0,6,0,4,7,7,1
10,12,0,0,1,0,3,0,0,1,1,1,1,1,0,1,0,5,11,12,1
10,18,4,1,1,0,3,0,0,2,1,1,1,0,0,2,0,6,1,10,0
10,12,2,1,1,0,3,0,0,12,1,1,1,2,0,1,0,6,7,9,1
8,21,4,0,1,0,3,1,0,7,1,1,1,0,0,3,0,9,4,12,1
1,18,4,0,1,0,3,3,0,2,1,1,1,7,0,1,2,2,0,4,1
7,15,0,0,1,4,3,0,0,11,1,1,1,7,0,1,0,9,2,11,1
5,20,4,1,1,0,3,0,0,12,1,1,1,0,0,1,0,6,2,9,1
14,20,0,0,1,0,3,1,0,0,1,1,1,0,2,1,0,6,6,13,1
14,20,0,0,1,0,3,0,0,1,1,1,1,0,2,1,0,6,11,9,1
7,15,0,0,1,0,1,0,0,0,1,1,1,8,0,1,1,9,0,12,0
6,15,4,0,1,0,1,0,0,10,1,1,1,8,0,8,5,6,0,0,1
9,13,4,0,1,0,3,0,0,2,1,1,1,0,0,1,0,6,4,7,1
7,18,4,0,1,0,3,0,0,0,1,1,1,5,0,1,0,6,8,13,0
2,15,0,1,1,4,3,0,1,0,1,1,1,0,0,1,2,2,0,2,1
6,20,4,0,1,0,3,3,0,11,1,1,1,0,0,1,0,4,4,14,1
2,15,4,1,0,0,3,3,0,13,1,1,0,8,0,0,5,0,0,0,1
4,15,4,0,1,0,0,0,0,0,1,1,1,5,0,5,3,7,2,12,1
11,15,0,0,1,0,3,0,0,0,1,1,1,5,2,1,0,6,4,9,1
12,15,0,1,1,3,3,0,1,0,1,1,1,7,2,6,0,6,3,12,1
11,20,0,0,1,0,3,1,0,0,1,1,1,0,2,1,0,6,5,14,0
13,20,4,1,1,0,3,3,0,2,1,1,1,0,2,1,5,0,0,0,1
12,18,4,1,1,4,3,3,1,14,1,1,1,0,2,1,5,0,0,0,1
15,20,0,0,1,0,3,0,0,1,1,1,1,0,2,6,0,6,0,13,0
1,18,4,0,1,0,3,0,0,0,1,1,1,7,0,3,0,2,4,5,1
4,19,4,0,1,0,3,1,0,16,1,1,1,0,0,2,0,9,1,11,0
8,18,4,1,1,4,3,3,1,2,1,1,1,0,0,2,0,8,6,12,1
6,17,0,1,1,0,3,3,0,8,1,1,1,0,0,1,0,4,3,10,1
0,18,4,1,1,0,3,0,0,16,1,1,1,7,0,0,5,0,0,0,0
5,18,0,1,0,0,3,0,1,9,1,1,1,5,0,1,0,3,4,8,1
8,19,0,1,1,0,3,0,0,8,1,1,1,7,0,1,0,6,5,7,1
7,18,4,0,1,0,3,0,0,2,1,1,1,0,0,1,0,6,7,8,1
15,20,0,1,1,0,3,1,0,12,1,1,1,0,2,6,0,6,6,10,1
13,19,0,1,1,0,3,1,0,1,1,1,1,0,2,1,0,5,9,6,1
7,21,4,0,1,4,3,0,1,0,1,1,1,5,0,1,0,6,8,13,0
3,18,0,0,1,0,3,3,0,0,1,1,1,5,0,1,5,4,0,3,1
1,18,4,1,1,0,3,0,0,2,1,1,1,5,0,1,0,6,3,13,1
6,15,4,0,1,0,3,1,0,4,1,1,1,0,0,1,0,4,8,9,1
8,20,4,0,1,0,3,3,0,2,1,1,1,1,0,1,0,6,6,9,0
0,18,4,1,1,0,3,1,0,16,1,1,1,0,0,0,5,0,0,0,0
1,17,4,1,1,0,3,3,0,2,1,1,1,3,0,2,0,7,3,6,1
13,15,2,0,1,0,3,1,0,7,1,1,1,0,2,6,0,6,8,7,1
15,20,4,1,1,3,3,3,1,10,1,1,1,0,2,1,0,8,7,10,1
9,18,4,0,1,0,3,0,0,2,1,1,1,7,0,1,2,0,0,0,1
6,20,4,1,1,0,3,3,0,12,1,1,1,5,0,1,0,6,9,14,1
3,18,4,0,1,0,3,1,0,2,1,1,1,0,0,1,0,6,2,11,1
11,22,3,1,1,0,3,0,0,0,1,1,1,0,2,1,0,7,2,13,0
11,14,4,0,1,3,3,0,1,3,1,1,0,7,2,1,4,3,7,6,0
15,22,4,0,1,0,3,0,0,15,1,1,1,1,2,0,5,0,0,0,0
12,20,0,1,1,3,3,0,1,1,1,1,1,5,2,1,0,6,4,13,1
4,15,4,1,1,0,3,0,0,2,1,1,1,0,0,0,5,0,0,0,1
3,15,4,1,1,0,3,0,0,2,1,1,1,7,0,1,0,5,2,4,1
14,19,0,0,1,0,1,0,0,0,1,1,1,0,2,1,0,7,3,14,1
6,20,4,1,1,0,3,1,0,2,1,1,1,0,0,1,0,5,5,5,1
3,13,4,0,1,4,3,0,1,15,1,1,1,7,0,1,5,0,0,0,0
2,15,4,0,0,0,3,0,0,0,1,1,0,7,0,0,5,0,0,5,1
10,20,4,1,1,0,3,3,0,2,1,1,1,0,0,2,0,5,0,6,1
3,17,4,0,1,0,3,0,0,2,1,1,1,1,0,0,5,0,0,2,1
4,15,4,0,1,0,1,3,0,11,1,1,1,0,0,1,0,6,7,9,0
13,20,2,1,1,0,3,1,0,12,1,1,1,0,2,4,0,6,8,11,0
0,15,4,1,1,0,3,0,0,2,1,1,1,0,0,0,5,0,0,0,1
5,20,4,0,1,0,3,0,0,0,1,1,1,0,0,1,0,6,4,13,0
1,15,4,0,0,0,3,1,0,2,1,1,0,0,0,1,0,1,6,5,1
1,15,4,1,1,0,3,0,0,2,1,1,1,7,0,0,5,0,0,0,1
8,20,4,0,1,0,3,1,0,0,1,1,1,0,0,1,0,9,3,11,1
2,18,4,0,1,0,3,0,0,2,1,1,1,7,0,1,5,1,0,2,1
2,15,4,0,1,4,3,0,1,2,1,1,1,5,0,1,0,6,4,12,1
3,19,4,1,1,4,3,0,1,14,1,1,1,5,0,1,0,2,4,7,1
9,17,4,0,1,0,3,0,0,2,1,1,1,0,0,1,0,6,6,12,1
12,16,0,1,1,0,3,3,0,1,1,1,1,0,2,1,5,0,0,0,1
11,20,4,0,1,0,3,1,0,11,1,1,1,0,2,1,0,8,3,14,0
1,19,4,1,1,0,3,3,0,16,1,1,1,5,0,1,5,1,0,2,0
3,22,4,1,1,0,3,1,0,7,1,1,1,8,0,1,0,6,3,7,1
4,18,4,0,1,0,3,3,0,11,1,1,1,5,0,1,2,2,0,3,0
13,21,4,1,1,3,3,3,1,5,1,1,1,5,2,2,0,6,2,13,1
7,17,0,1,1,0,3,0,0,1,1,1,1,7,0,4,0,6,4,11,1
10,20,0,0,1,4,3,0,1,1,1,1,1,0,0,5,2,9,0,6,1
9,13,4,0,1,4,3,0,1,0,1,1,1,0,0,1,0,6,4,13,1
6,20,4,1,1,0,3,1,0,12,1,1,1,0,0,1,0,3,5,14,1
2,18,4,0,0,0,3,0,0,2,1,1,0,0,0,0,5,0,0,0,1
8,21,4,1,1,0,3,0,0,2,1,1,1,5,0,6,0,2,3,3,1
9,17,4,0,1,0,3,0,0,0,1,1,1,0,0,1,0,8,3,10,0
3,18,4,0,1,0,3,3,0,2,1,1,1,7,0,1,0,4,9,7,1
8,20,4,1,1,0,3,1,0,0,1,1,1,0,0,1,0,7,11,12,1
4,18,4,0,1,0,3,0,0,2,1,1,1,0,0,6,5,0,0,1,1
10,20,4,1,1,0,3,1,0,0,1,1,1,5,0,1,2,0,0,0,1
9,20,4,1,1,0,3,0,0,0,1,1,1,0,0,1,0,6,10,11,0
13,17,2,0,1,0,3,0,0,2,1,1,1,0,2,1,0,9,6,10,1
11,15,4,1,1,0,3,0,0,2,1,1,1,0,2,0,5,0,0,0,1
14,20,4,1,1,0,3,1,0,0,1,1,1,0,2,2,0,6,8,13,1
10,18,0,1,1,0,3,0,0,2,1,1,1,0,0,3,0,6,4,9,1
8,1,3,1,1,0,2,3,0,0,1,1,1,0,0,6,0,6,3,11,1
2,16,4,0,1,0,3,3,0,2,1,1,1,0,0,0,5,0,0,4,1
11,17,4,1,1,0,3,0,0,0,1,1,1,1,2,1,0,3,4,10,1
3,19,4,1,1,0,3,0,0,2,1,1,1,0,0,1,0,2,9,2,1
15,13,4,0,1,0,3,3,0,15,1,1,1,1,2,0,5,0,0,0,1
12,17,2,0,1,0,3,3,0,0,1,1,1,0,2,1,0,9,6,11,0
5,15,4,0,1,3,3,3,1,2,1,1,1,5,0,1,0,2,4,4,1
10,20,0,0,1,4,3,0,1,0,1,1,1,5,0,1,0,6,8,14,0
0,15,4,1,1,0,3,0,0,2,1,1,1,1,0,9,2,0,0,0,1
10,20,4,0,1,3,3,0,1,2,1,1,1,5,0,0,5,0,0,0,1
10,21,4,1,1,0,3,1,0,12,1,1,1,0,2,0,5,0,0,0,0
5,17,4,1,1,0,3,1,0,2,1,1,1,0,0,1,0,6,2,9,1
6,19,4,0,1,0,3,0,0,0,1,1,1,5,0,1,5,0,0,2,1
9,15,4,0,1,0,3,0,0,0,1,1,1,0,0,1,0,6,11,8,0
2,18,4,0,1,0,3,0,0,4,1,1,1,7,0,1,0,5,10,7,1
7,15,4,1,0,0,3,1,0,0,1,0,1,0,0,1,5,0,0,2,1
5,17,4,1,1,3,3,0,1,12,1,1,1,0,2,1,5,0,0,0,1
12,18,4,1,1,0,3,0,0,2,1,1,1,0,2,0,5,0,0,0,1
10,19,4,1,1,0,3,0,0,2,1,1,1,1,0,3,0,6,4,9,1
13,15,0,0,1,0,3,1,0,0,1,1,1,8,2,3,0,6,6,6,1
8,20,4,0,1,0,3,3,0,3,1,1,1,0,0,2,0,9,1,13,0
14,20,0,1,1,3,3,0,1,1,1,1,1,5,2,1,0,6,4,13,1
14,19,4,1,1,0,3,0,0,2,1,1,1,0,2,1,0,6,3,12,1
15,22,4,0,1,0,3,1,0,0,1,1,1,8,2,1,0,7,6,14,1
8,18,4,0,1,0,3,0,0,0,1,1,1,0,0,4,0,6,4,12,1
8,19,4,1,1,0,3,1,0,0,1,1,1,0,0,1,5,6,0,2,1
11,19,0,0,1,0,3,1,0,8,1,1,1,0,2,1,0,4,0,1,1
0,17,4,0,1,0,3,0,0,16,1,1,1,7,0,0,5,0,0,0,0
14,20,4,0,1,0,3,0,0,0,1,1,1,1,0,6,0,8,8,14,0
7,15,4,0,1,4,3,0,1,5,1,1,1,0,0,1,0,6,10,9,1
10,20,4,1,1,0,3,1,0,12,1,1,1,8,0,3,1,8,0,13,0
2,18,4,0,1,0,3,0,0,2,1,1,1,5,0,0,5,0,0,0,1
7,15,4,1,1,3,3,0,1,5,1,1,1,5,0,1,0,6,6,10,1
14,4,2,0,0,0,3,2,0,0,1,0,0,7,2,3,0,6,2,12,1
2,19,4,0,1,0,3,0,0,12,1,1,1,7,0,1,0,2,2,5,1
4,15,4,0,1,0,3,1,0,2,1,1,1,1,0,1,0,6,2,11,1
14,15,0,1,1,0,3,0,0,0,1,1,1,0,2,0,5,0,0,0,1
12,0,4,1,1,4,3,0,1,9,1,1,1,5,0,6,1,4,0,1,1
15,15,4,0,0,0,2,3,0,6,1,1,0,8,2,6,0,6,2,6,1
12,20,0,0,1,0,3,0,0,0,1,1,1,0,2,1,0,7,2,13,1
11,18,4,0,1,0,3,3,0,14,1,1,1,0,2,7,0,4,1,9,1
7,20,4,1,1,0,3,0,0,11,1,1,1,0,0,1,0,7,8,5,1
15,19,0,1,1,0,3,1,0,0,1,1,1,0,2,1,0,6,4,14,0
6,19,4,0,0,0,3,3,0,0,1,1,0,0,0,1,5,0,0,6,0
8,15,4,0,1,4,3,0,1,9,1,1,1,5,0,1,0,6,2,8,1
6,20,4,1,1,0,3,1,0,2,1,1,1,5,0,1,0,6,0,2,1
9,15,4,1,1,0,3,0,0,2,1,1,1,0,0,1,0,6,2,6,1
6,18,4,1,1,0,3,0,0,0,1,1,1,0,0,1,0,6,9,6,0
5,18,4,1,0,0,3,1,0,12,1,1,1,2,0,1,5,0,0,0,0
7,19,4,1,1,0,3,0,0,2,1,1,1,0,0,1,0,6,6,10,1
3,17,0,1,1,0,3,1,0,0,1,1,1,0,0,2,0,9,1,12,1
8,15,0,0,1,0,3,0,0,0,1,1,1,7,0,1,0,6,1,10,1
7,20,4,0,1,0,3,0,0,2,1,1,1,0,0,1,0,6,8,8,1
6,15,0,1,1,0,3,1,0,0,1,1,1,0,0,1,0,3,2,8,1
5,15,4,0,1,0,3,0,0,7,1,1,1,0,0,1,0,6,4,7,1
10,20,4,1,1,0,3,1,0,0,1,1,1,0,0,1,0,8,11,12,1
8,15,4,0,1,0,3,0,0,0,1,1,1,7,0,1,0,8,4,11,1
10,20,4,0,1,3,3,3,1,11,1,1,1,5,0,1,0,6,3,14,0
14,6,0,1,1,0,3,0,0,16,1,1,1,8,2,3,0,2,8,4,0
7,15,4,1,1,0,3,1,0,2,1,1,1,0,0,1,0,6,10,8,1
8,20,0,0,1,0,2,1,0,0,1,1,1,0,0,5,0,6,4,13,1
12,15,4,1,1,0,3,3,0,2,1,1,1,0,2,0,5,0,0,0,1
4,20,4,1,1,0,3,1,0,2,1,1,1,0,0,1,0,2,3,3,1
11,18,4,1,1,0,3,3,0,11,1,1,1,0,2,1,0,6,0,8,1
14,18,0,0,1,0,3,0,0,1,1,1,1,1,2,6,0,6,6,14,0
11,20,0,1,1,0,3,0,0,0,1,1,1,0,2,1,5,6,0,11,1
5,15,4,0,1,0,1,1,0,0,1,1,1,0,0,5,0,9,3,2,1
9,17,4,0,1,0,0,1,0,12,1,1,1,0,0,5,3,9,3,12,1
11,20,4,1,1,0,3,3,0,12,1,1,1,5,2,0,5,0,0,0,1
7,20,0,0,1,4,3,3,1,14,1,1,1,5,0,1,0,9,8,10,1
12,19,4,1,1,0,3,3,0,2,1,1,1,5,2,0,5,0,0,12,1
0,15,0,0,1,0,3,0,0,8,1,1,1,0,0,1,0,2,0,3,0
8,18,4,1,1,0,3,0,0,0,1,1,1,0,0,1,0,4,2,4,1
12,15,4,0,1,4,3,0,1,2,1,1,1,7,2,1,0,6,8,10,1
14,19,0,1,1,0,3,1,0,8,1,1,1,0,2,5,0,6,5,10,1
4,20,4,1,1,4,3,0,1,2,1,1,1,5,0,1,5,6,0,7,1
10,20,0,1,1,3,3,0,1,1,1,1,1,5,0,1,1,6,0,12,1
5,18,4,1,1,0,3,1,0,0,1,1,1,0,0,2,5,0,0,0,1
0,17,4,1,1,0,3,0,0,2,1,1,1,0,0,1,0,4,2,4,1
7,20,4,0,1,0,3,0,0,2,1,1,1,0,0,1,0,7,4,11,1
0,17,4,1,1,0,3,3,0,5,1,1,1,0,0,2,5,3,0,3,1
6,14,4,1,0,0,3,1,0,16,1,1,0,0,0,0,5,0,0,5,0
6,18,4,0,1,0,3,1,0,2,1,1,1,7,0,1,0,6,8,7,1
8,21,0,1,1,0,3,1,0,1,1,1,1,0,0,2,0,6,3,11,1
3,15,4,0,1,4,3,0,1,14,1,1,1,5,0,1,0,6,6,10,1
11,20,4,1,1,0,3,0,0,0,1,1,1,0,2,1,0,7,2,10,1
6,15,4,0,1,0,3,3,0,2,1,1,1,0,0,1,0,6,10,11,1
14,8,4,0,1,4,3,0,1,0,1,1,1,0,2,1,0,3,4,1,1
13,20,0,1,1,0,3,1,0,0,1,1,1,0,2,1,0,8,8,14,1
9,16,4,0,1,0,3,0,0,0,1,1,1,7,0,1,0,7,3,10,1
12,15,4,0,1,0,3,3,0,14,1,1,1,7,2,1,0,8,6,10,1
12,18,0,0,1,0,3,0,0,0,1,1,1,0,2,1,0,6,6,11,1
12,13,4,0,1,4,3,0,1,15,1,1,1,7,2,1,5,0,0,2,1
3,18,4,0,1,0,3,1,0,2,1,1,1,0,0,1,0,1,3,2,1
11,15,0,0,1,0,1,3,0,14,1,1,1,0,2,1,0,6,6,12,1
13,20,4,0,1,0,3,1,0,0,1,1,1,0,2,1,0,9,3,13,0
5,18,4,1,1,0,3,3,0,11,1,1,1,0,0,1,0,2,2,4,1
7,20,4,1,1,0,3,3,0,12,1,1,1,0,0,1,1,4,0,6,0
10,14,0,0,1,0,3,1,0,9,1,1,1,8,0,3,0,6,3,8,1
0,15,4,0,0,0,3,1,0,2,1,1,0,0,0,1,5,1,0,1,1
13,20,4,0,1,0,3,1,0,12,1,1,1,0,2,1,0,6,3,10,0
12,20,0,0,1,0,3,1,0,1,1,1,1,0,2,1,0,6,0,11,1
13,18,0,1,1,0,3,0,0,0,1,1,1,0,2,1,0,6,2,14,1
8,19,4,0,1,0,3,0,0,7,1,1,1,5,0,1,0,6,2,10,1
2,15,4,0,1,0,0,0,0,7,1,1,1,0,0,5,2,8,0,9,1
0,15,4,1,1,0,3,0,0,2,1,1,1,0,0,9,2,0,0,0,1
15,15,0,0,1,0,3,3,0,2,1,1,1,0,2,1,0,6,4,6,1
10,20,4,0,1,0,3,1,0,11,1,1,1,0,0,1,0,7,2,11,1
10,5,4,1,1,0,3,0,0,4,1,1,1,0,0,3,1,6,0,4,1
15,20,0,0,1,3,3,0,1,1,1,1,1,0,2,1,0,6,8,11,1
0,10,4,0,1,0,0,0,0,7,1,1,1,0,0,5,3,1,3,1,1
11,20,0,0,1,0,3,0,0,1,1,1,1,0,2,3,0,8,11,14,1
14,20,4,0,1,0,3,0,0,2,1,1,1,0,2,1,0,6,11,14,1
6,20,0,0,1,0,0,0,0,0,1,1,1,0,0,5,0,8,6,9,1
7,20,4,1,1,0,3,0,0,11,1,1,1,0,0,2,0,6,2,9,1
12,19,0,1,1,0,3,1,0,2,1,1,1,0,2,1,0,6,2,7,1
4,17,4,0,1,0,3,1,0,0,1,1,1,0,0,3,0,1,1,1,1
5,18,4,1,1,0,3,3,0,2,1,1,1,0,0,1,5,0,0,0,1
5,20,4,0,1,0,3,1,0,0,1,1,1,0,0,1,0,6,3,11,0
9,19,0,0,1,0,3,3,0,0,1,1,1,0,0,3,0,6,7,7,0
3,15,4,1,1,0,3,0,0,16,1,1,1,1,0,9,2,0,0,0,1
2,18,4,0,1,0,3,0,0,4,1,1,1,0,0,0,5,0,0,0,1
15,19,0,0,1,0,3,1,0,1,1,1,1,0,2,1,0,4,6,14,1
7,15,0,1,1,0,3,3,0,1,1,1,1,7,0,1,0,5,8,8,1
0,15,4,1,0,0,3,0,0,2,1,1,0,0,0,1,5,2,0,1,1
3,15,4,0,1,0,3,0,0,15,1,1,1,0,0,0,5,0,0,0,0
15,15,0,0,1,4,3,0,1,1,1,1,1,0,2,0,5,0,0,0,1
15,20,0,0,1,0,3,1,0,1,1,1,1,0,2,3,0,9,4,14,0
15,20,0,0,1,0,3,0,0,0,1,1,1,0,2,2,0,6,2,9,1
1,18,4,1,1,0,3,0,0,16,1,1,1,0,0,0,5,0,0,0,1
11,23,4,0,1,0,3,0,0,5,1,1,1,0,2,1,0,8,5,10,1
5,20,4,1,1,0,3,1,0,11,1,1,1,0,0,1,0,7,1,10,1
12,18,4,1,1,0,3,0,0,2,1,1,1,0,2,1,0,2,4,4,1
5,20,4,0,1,0,3,1,0,2,1,1,1,0,0,2,0,1,10,2,1
3,15,4,0,1,0,3,1,0,2,1,1,1,0,0,1,0,4,3,5,1
9,21,0,1,1,0,3,0,0,0,1,1,1,0,0,0,5,0,0,0,0
3,18,4,1,1,0,3,0,0,0,1,1,1,0,0,2,5,5,0,2,0
11,18,0,0,0,0,3,0,0,8,1,1,1,0,2,1,0,7,4,5,1
5,20,4,1,1,0,3,3,0,4,1,1,1,0,0,1,0,4,6,4,1
1,15,4,0,1,0,3,3,0,2,1,1,1,0,0,1,5,3,0,2,1
9,19,4,1,1,0,3,1,0,0,1,1,1,0,0,1,0,6,6,10,0
15,15,0,0,1,0,3,0,0,0,1,1,1,5,2,1,0,6,1,14,1
6,20,4,1,1,0,3,1,0,0,1,1,1,0,0,1,0,6,3,11,1
1,15,4,1,1,4,3,0,1,2,1,1,1,7,0,1,0,6,1,8,1
9,18,0,0,1,0,1,1,0,0,1,1,1,8,0,1,0,7,7,12,1
8,17,3,0,1,0,2,3,0,0,1,1,1,0,2,1,0,1,9,6,1
0,18,4,0,1,0,3,0,0,2,1,1,1,0,0,1,5,1,0,1,0
5,15,4,0,1,0,3,0,0,2,1,1,1,7,0,1,5,0,0,0,1
8,1,4,1,0,0,3,3,0,2,0,0,1,5,0,4,0,6,9,11,1
1,18,4,0,1,4,3,0,1,16,1,1,1,0,0,1,5,1,0,2,1
5,18,4,1,1,0,3,0,0,11,1,1,1,0,0,1,5,0,0,0,0
6,21,4,1,1,0,3,3,0,14,1,1,1,5,0,1,0,6,4,12,1
3,15,4,0,0,0,3,1,0,16,1,1,0,0,0,0,5,0,0,0,1
6,21,4,0,1,0,3,0,0,0,1,1,1,0,0,1,0,6,0,14,0
11,18,4,1,1,0,3,1,0,0,1,1,1,5,2,1,0,6,2,12,1
15,18,4,0,0,0,3,1,0,2,0,1,0,0,2,1,0,6,2,9,1
2,15,4,0,1,0,3,0,0,2,1,1,1,0,0,0,5,0,0,0,1
15,10,2,1,1,4,3,0,1,14,1,1,1,6,2,0,5,0,0,0,1
6,21,4,0,1,0,3,0,0,11,1,1,1,0,0,4,0,6,1,13,0
1,15,4,1,1,0,3,0,0,2,1,1,1,7,0,1,0,6,6,6,1
15,20,0,0,1,4,3,0,1,1,1,1,1,0,2,1,0,7,3,12,1
1,18,4,0,1,4,3,0,1,2,1,1,1,5,0,1,0,3,5,3,1
3,20,4,0,1,0,3,3,0,2,1,1,1,0,0,1,0,4,3,4,1
13,15,4,1,1,0,3,0,0,2,1,1,1,7,2,1,0,6,5,7,1
9,20,4,0,1,0,3,0,0,2,1,1,1,0,0,1,0,6,3,11,1
4,20,4,1,1,0,3,1,0,16,1,1,1,0,0,1,0,2,1,3,1
3,15,4,1,1,0,3,0,0,2,1,1,1,7,0,1,5,0,0,1,1
8,15,0,0,1,4,3,0,1,0,1,1,1,7,0,1,0,6,3,10,1
5,17,4,0,1,0,3,0,0,15,1,1,1,0,0,1,5,0,0,0,0
2,16,4,1,1,0,3,3,0,3,1,1,1,8,0,1,5,6,0,5,1
2,19,4,0,1,3,0,0,1,16,1,1,1,0,0,5,3,6,9,7,1
13,15,2,0,1,0,3,3,0,7,1,1,1,0,2,1,0,6,1,6,1
3,17,0,0,1,0,3,0,0,1,1,1,1,0,0,1,0,6,10,12,1
0,17,4,1,1,0,3,3,0,7,1,1,1,0,0,1,5,0,0,0,1
12,16,4,0,1,0,3,3,0,0,1,1,1,0,2,1,0,5,10,10,1
14,11,0,1,0,4,3,0,1,8,1,1,0,7,1,6,1,9,0,0,1
5,15,4,0,1,0,3,1,0,9,1,1,1,0,0,1,0,4,2,8,1
8,17,4,0,1,0,3,3,0,2,1,1,1,5,0,1,0,6,8,8,1
2,18,0,1,1,0,3,0,0,8,1,1,1,0,0,1,0,2,3,4,1
10,15,4,1,1,0,3,0,0,0,1,1,1,7,0,1,0,6,2,9,1
11,21,0,1,1,0,3,3,0,1,1,1,1,0,2,1,0,6,8,12,0
4,18,0,0,1,0,3,1,0,0,1,1,1,0,0,1,0,8,4,9,1
1,15,4,0,1,0,3,0,0,5,1,1,1,7,0,1,2,5,0,3,1
4,20,4,0,1,0,3,3,0,2,1,1,1,8,0,3,0,6,3,11,1
15,18,0,1,0,0,3,0,0,0,1,1,0,0,2,1,5,2,0,4,1
4,15,0,0,1,0,3,0,0,2,1,1,1,7,0,1,0,6,4,10,1
15,18,0,0,1,0,3,1,0,2,1,1,1,8,2,1,0,6,8,6,1
3,22,4,1,1,0,3,0,0,7,1,1,1,0,0,1,0,8,4,10,1
10,20,0,0,1,4,3,1,1,0,1,1,1,0,0,1,0,6,6,10,1
8,19,4,1,0,0,3,0,0,2,1,1,0,0,0,1,0,2,2,4,1
6,15,0,0,1,0,3,1,0,1,1,1,1,0,0,0,5,0,0,0,1
10,20,4,0,1,0,3,0,0,2,1,1,1,0,0,1,0,6,3,10,1
12,22,4,1,1,3,3,0,1,0,1,1,1,5,2,1,0,6,9,11,1
1,18,4,1,1,0,3,0,0,2,1,1,1,0,0,1,1,3,0,2,1
15,20,0,0,1,0,3,0,0,0,1,1,1,0,2,1,0,6,2,14,0
14,18,0,0,1,0,3,0,0,0,1,1,1,0,2,0,5,0,0,7,0
14,15,4,0,1,0,3,3,0,2,1,1,1,8,2,1,0,6,6,8,1
8,15,4,1,1,0,3,2,0,0,1,1,1,0,0,1,0,6,6,7,0
14,15,0,0,1,4,3,0,1,2,1,1,1,7,2,1,0,6,6,7,1
3,18,4,1,1,0,3,0,0,2,1,1,1,0,0,1,0,3,2,4,1
1,15,4,0,1,0,3,0,0,15,1,1,1,0,0,0,5,0,0,0,0
10,20,0,1,1,0,3,1,0,0,1,1,1,0,0,3,0,6,10,12,1
15,22,0,0,1,0,3,0,0,0,1,1,1,0,2,2,0,9,3,13,0
13,15,0,1,1,4,3,0,1,0,1,1,1,0,2,1,0,9,0,6,1
13,18,2,1,0,4,3,0,1,0,1,1,1,5,2,1,0,7,6,10,0
14,20,4,1,1,0,3,0,0,0,1,1,1,1,2,1,0,6,6,10,1
1,15,4,0,1,0,3,0,0,7,1,1,1,0,0,0,5,0,0,0,1
6,18,4,1,1,0,3,1,0,11,1,1,1,5,0,4,5,1,0,1,0
3,15,4,0,1,0,3,3,0,2,1,1,1,0,0,1,5,0,0,0,1
6,18,0,0,1,0,3,0,0,8,1,1,1,2,0,1,0,5,3,3,1
6,20,4,1,1,0,3,0,0,5,1,1,1,0,0,1,0,6,2,13,1
15,19,4,1,1,0,3,1,0,0,1,1,1,0,2,6,0,6,3,11,1
9,18,4,1,1,0,3,0,0,0,1,1,1,0,0,1,5,0,0,0,0
2,15,4,1,1,0,3,3,0,11,1,1,1,5,0,1,5,0,0,0,0
15,20,0,1,1,0,3,0,0,1,1,1,1,0,2,1,0,8,1,13,1
11,20,4,0,1,0,3,0,0,10,1,1,1,1,2,1,0,9,11,14,0
2,18,4,1,1,0,3,0,0,4,1,1,1,0,0,1,0,1,4,1,1
5,17,4,0,1,0,3,3,0,2,1,1,1,0,0,1,2,6,0,4,1
8,20,4,1,1,0,3,3,0,0,1,1,1,0,0,1,0,6,3,8,0
6,18,4,1,1,4,3,0,1,5,1,1,1,5,0,1,0,6,6,8,1
13,19,4,1,1,0,3,0,0,12,1,1,1,0,2,1,0,6,9,11,0
0,18,4,1,1,0,3,0,0,16,1,1,1,7,0,1,5,1,0,3,1
4,18,4,1,1,0,3,1,0,11,1,1,1,1,0,1,5,0,0,0,0
0,18,4,0,1,0,3,0,0,16,1,1,1,1,0,3,0,1,2,2,1
14,18,0,0,1,0,3,3,0,11,1,1,1,0,2,6,0,6,0,11,1
4,20,4,1,1,2,3,3,0,2,1,1,1,0,0,1,0,2,4,3,1
4,19,4,0,1,0,3,0,0,7,1,1,1,7,0,1,0,6,6,7,1
10,20,0,1,1,0,3,0,0,1,1,1,1,1,0,1,1,6,0,10,1
4,15,4,0,1,0,3,3,0,15,1,1,1,0,0,1,5,0,0,0,0
2,18,4,1,1,0,3,3,0,9,1,1,1,7,0,1,5,1,0,2,1
6,20,4,0,1,2,3,1,0,2,1,1,1,5,0,1,0,6,8,12,1
9,20,2,0,1,0,1,1,0,0,1,1,1,0,0,1,0,6,4,12,1
5,20,4,1,1,0,3,0,0,2,1,1,1,1,0,6,0,1,6,2,1
11,21,0,1,1,4,3,0,1,1,1,1,1,5,2,0,5,0,0,0,1
8,20,4,0,1,0,3,1,0,9,1,1,1,0,0,1,0,7,2,10,1
5,20,4,1,1,0,3,3,0,12,1,1,1,0,0,1,0,4,2,3,0
7,16,0,1,1,4,3,0,1,1,1,1,1,7,0,1,1,6,0,2,0
6,13,4,0,1,0,3,0,0,2,1,1,1,0,0,1,0,4,9,7,1
14,18,4,0,1,0,3,0,0,0,1,1,1,1,2,3,0,6,3,10,1
0,18,4,1,1,0,3,0,0,2,1,1,1,7,0,1,5,0,0,0,1
5,15,4,1,1,4,3,0,1,2,1,1,1,7,0,1,0,6,4,6,1
3,17,4,0,1,0,0,1,0,16,1,1,1,0,0,5,3,9,4,10,1
13,18,0,0,1,0,3,0,0,1,1,1,1,0,2,1,0,6,2,10,1
11,18,4,1,1,0,3,3,0,2,1,1,1,0,2,1,0,9,2,11,1
13,20,0,0,1,4,3,0,1,1,1,1,1,5,2,1,1,6,0,10,1
6,20,4,0,1,0,3,0,0,11,1,1,1,0,0,1,0,8,2,14,0
15,23,0,1,1,4,3,0,1,1,1,1,1,5,2,0,5,0,0,0,1
9,19,4,0,1,0,3,1,0,2,1,1,1,0,0,6,0,7,6,13,1
9,20,4,0,1,0,3,0,0,0,1,1,1,0,0,1,0,8,9,13,1
4,15,4,1,1,0,3,3,0,2,1,1,1,0,0,1,0,6,11,6,0
9,18,0,0,1,0,3,0,0,2,1,1,1,6,0,1,0,5,10,5,1
0,13,4,0,1,0,3,0,0,15,1,1,1,1,0,1,5,0,0,0,0
3,18,4,0,1,0,3,1,0,2,1,1,1,0,0,1,0,6,8,10,1
7,20,4,0,1,0,3,0,0,2,1,1,1,0,0,1,0,6,2,11,1
4,20,4,0,1,4,3,1,1,11,1,1,1,0,0,6,0,4,4,7,1
8,21,4,1,1,4,3,0,1,4,1,1,1,0,0,1,0,5,3,8,1
13,11,4,0,1,0,3,2,0,0,1,1,1,0,2,1,0,6,3,10,1
13,0,2,1,1,4,3,0,1,0,1,1,1,0,2,1,0,6,3,7,1
3,20,4,0,1,0,3,1,0,0,1,1,1,0,0,1,0,7,6,5,0
6,20,4,1,0,0,3,3,0,3,1,1,0,0,0,2,5,2,0,3,1
15,21,0,0,1,0,3,1,0,1,1,1,1,0,2,1,0,6,5,14,0
2,18,4,1,1,4,3,0,1,11,1,1,1,7,0,1,2,3,0,3,1
8,15,4,0,1,4,3,0,1,2,1,1,1,5,0,0,5,0,0,0,1
7,15,4,1,1,0,3,3,0,2,1,1,1,0,0,0,5,0,0,0,1
9,18,0,1,1,0,3,0,0,0,1,1,1,0,0,1,0,6,6,11,0
2,18,4,1,1,4,3,0,1,11,1,1,1,5,0,1,2,4,0,4,1
14,20,0,1,1,3,3,0,1,1,1,1,1,0,2,1,0,6,10,10,1
4,15,4,1,1,0,3,0,0,2,1,1,1,0,0,1,0,9,4,7,1
14,0,0,1,1,4,3,0,1,1,1,1,1,7,2,0,5,0,0,0,1
8,20,0,0,1,3,3,0,1,2,1,1,1,0,0,1,5,0,0,0,1
3,18,4,1,1,4,3,0,1,12,1,1,1,0,0,1,5,0,0,2,0
10,15,0,0,1,0,3,0,0,8,1,1,1,0,0,0,5,0,0,0,1
4,20,4,0,1,0,3,1,0,2,1,1,1,0,0,6,0,6,4,2,1
14,19,4,1,1,4,3,0,1,0,1,1,1,7,2,1,0,4,3,7,1
5,19,4,0,1,0,3,0,0,12,1,1,1,1,0,1,0,6,10,9,1
15,13,4,0,0,0,3,0,0,2,1,1,0,0,2,6,5,0,0,13,1
0,17,4,0,1,0,3,0,0,2,1,1,1,0,0,0,5,0,0,0,1
12,20,0,0,1,0,1,1,0,0,1,1,1,0,2,5,0,9,6,13,1
6,15,4,1,1,4,3,0,1,10,1,1,1,5,0,1,0,6,0,6,1
13,15,4,0,1,0,3,0,0,0,1,1,1,7,2,1,0,5,4,8,0
0,14,4,1,1,4,3,0,1,2,1,1,1,5,0,1,0,2,1,2,1
8,15,4,0,0,0,2,1,0,12,0,1,1,0,0,4,0,2,4,5,0
7,20,0,0,1,0,3,1,0,1,1,1,1,0,0,1,0,8,3,11,1
2,18,4,0,1,0,3,1,0,15,1,1,1,8,0,1,5,0,0,0,0
4,15,4,0,1,0,3,0,0,2,1,1,1,0,0,1,0,6,4,6,1
6,20,4,1,1,0,3,1,0,0,1,1,1,0,0,1,0,6,3,10,0
8,15,4,0,1,0,3,1,0,0,1,1,1,0,0,1,0,2,4,4,1
2,15,4,0,1,0,3,1,0,2,1,1,1,0,0,1,0,7,3,10,1
1,15,4,0,1,0,3,0,0,2,1,1,1,7,0,9,2,0,0,0,1
9,0,4,1,1,4,3,0,1,12,1,1,1,7,0,0,5,0,0,0,0
10,20,4,1,1,0,3,0,0,11,1,1,1,0,0,1,0,8,4,9,0
2,17,4,0,1,0,3,1,0,0,1,1,1,0,0,1,2,6,0,3,0
4,18,4,0,1,0,3,0,0,0,1,1,1,7,0,1,0,6,8,10,1
9,15,0,1,1,0,3,1,0,1,1,1,1,0,0,1,0,6,8,10,0
6,20,0,0,1,0,0,0,0,0,1,1,1,5,0,5,0,8,6,14,1
4,15,4,0,0,0,3,0,0,2,1,0,1,5,0,1,2,0,0,2,1
0,18,4,0,1,0,3,3,0,2,1,1,1,0,0,6,0,1,0,1,0
11,20,0,0,1,0,3,0,0,0,1,1,1,0,2,1,0,6,4,13,1
8,20,0,0,1,0,3,1,0,0,1,1,1,0,0,2,0,7,1,13,1
13,20,0,0,1,3,3,3,1,0,1,1,1,0,2,1,0,6,7,13,0
8,8,0,0,1,4,3,0,1,5,1,1,1,7,0,1,0,6,4,6,1
10,18,0,1,1,0,3,1,0,0,1,1,1,0,0,1,0,6,3,9,1
7,19,4,1,1,0,3,0,0,0,1,1,1,0,0,1,0,3,2,6,1
9,16,4,0,1,4,3,0,1,5,1,1,1,7,0,1,0,6,6,4,1
13,18,3,0,1,0,3,3,0,9,1,1,1,0,2,6,0,9,0,7,0
3,18,4,0,1,0,3,1,0,2,1,1,1,0,0,1,1,6,0,5,1
8,15,2,1,1,0,3,1,0,4,1,1,1,0,0,1,0,4,6,7,1
7,16,4,0,1,0,3,0,0,2,1,1,1,0,0,1,0,6,10,10,1
10,15,4,1,1,4,3,1,1,12,1,1,1,0,0,1,0,6,10,10,1
9,15,0,1,1,0,3,0,0,1,1,1,1,1,0,3,2,0,0,6,1
13,20,4,1,1,0,3,3,0,0,1,1,1,5,2,3,0,7,7,12,1
2,15,4,0,1,0,3,0,0,2,1,1,1,0,0,1,5,2,0,2,1
0,15,4,1,1,0,3,0,0,2,1,1,1,0,0,0,5,0,0,0,1
15,20,0,0,1,3,3,0,1,0,1,1,1,0,2,1,0,6,3,9,1
5,20,4,1,1,3,3,0,1,2,1,1,1,5,0,1,2,0,0,0,1
1,17,4,0,1,0,3,0,0,2,1,1,1,0,0,1,0,8,4,13,1
1,15,4,0,1,4,3,3,1,10,1,1,1,5,0,4,0,6,5,10,0
10,17,4,1,1,0,3,0,0,12,1,1,1,0,0,0,5,0,0,0,0
9,20,0,1,1,0,3,0,0,0,1,1,1,0,0,1,0,8,11,13,0
9,17,0,1,1,0,3,1,0,2,1,1,1,0,0,1,2,6,0,8,1
3,18,4,0,1,4,3,0,1,14,1,1,1,5,0,0,5,0,0,2,1
3,20,4,0,0,0,3,1,0,2,1,1,0,0,0,1,5,3,0,3,1
4,15,4,1,1,0,3,0,0,0,1,1,1,0,0,0,5,0,0,0,0
7,17,0,0,1,0,3,0,0,0,1,1,1,0,0,1,0,6,6,10,1
11,21,0,1,1,4,3,0,1,1,1,1,1,5,2,0,5,0,0,0,1
0,15,4,0,1,0,3,0,0,2,1,1,1,7,0,0,5,0,0,0,1
4,21,4,1,1,0,3,3,0,2,1,1,1,5,0,2,5,1,0,3,1
13,15,4,0,1,0,3,0,0,2,1,1,1,1,2,1,0,3,6,11,1
8,20,4,1,1,0,3,0,0,11,1,1,1,7,0,1,0,6,4,13,1
1,18,4,1,1,0,3,0,0,2,1,1,1,7,0,1,5,2,0,4,1
5,18,4,0,1,0,3,0,0,2,1,1,1,1,0,1,0,3,4,6,1
9,18,0,0,1,0,3,0,0,0,1,1,1,7,0,1,0,6,3,11,1
3,15,4,0,1,0,3,3,0,3,1,1,1,0,0,6,0,6,1,5,1
9,21,4,0,1,0,3,0,0,12,1,1,1,0,0,1,0,6,2,14,1
6,15,4,0,1,4,3,0,1,2,1,1,1,0,0,0,5,0,0,0,1
14,18,0,0,1,0,3,1,0,0,1,1,1,0,2,1,2,0,0,0,1
4,17,4,0,1,4,3,0,1,2,1,1,1,0,0,1,0,9,3,7,1
13,20,0,1,1,0,3,0,0,0,1,1,1,0,2,1,0,8,4,13,0
9,15,0,0,1,4,3,0,1,0,1,1,1,7,0,1,0,8,8,10,1
6,15,4,0,1,4,3,3,1,14,1,1,1,7,0,1,0,6,3,7,0
1,15,4,0,1,0,3,0,0,2,1,1,1,7,0,0,5,0,0,0,1
1,15,2,1,1,0,3,1,0,16,1,1,1,0,0,1,5,1,0,2,0
1,15,4,0,1,0,3,0,0,15,1,1,1,0,0,0,5,0,0,0,1
6,18,4,0,1,0,3,0,0,2,1,1,1,8,0,1,0,6,6,5,1
1,15,4,0,1,0,0,0,0,16,1,1,1,1,0,5,3,9,1,6,1
1,18,4,1,1,4,3,0,1,11,1,1,1,5,0,0,5,0,0,0,1
5,20,4,1,1,4,3,0,1,0,1,1,1,5,0,1,0,6,3,8,1
1,18,4,0,1,0,3,0,0,2,1,1,1,0,0,0,5,0,0,0,1
15,21,0,0,1,4,3,0,1,1,1,1,1,0,2,6,0,6,10,14,1
8,20,4,1,1,0,2,0,0,12,1,1,1,0,0,4,0,6,4,5,0
13,0,4,1,1,4,3,0,1,12,1,1,1,7,2,0,5,0,0,0,1
10,18,4,0,1,4,3,0,1,0,1,1,1,0,0,7,0,5,6,6,1
9,16,0,0,1,0,3,1,0,0,1,1,1,0,0,1,0,7,6,13,1
5,20,4,1,1,0,3,1,0,0,1,1,1,0,0,1,0,5,3,6,0
14,18,0,0,1,0,1,0,0,1,1,1,1,0,2,5,0,6,2,13,1
12,15,0,1,1,0,3,3,0,0,1,1,1,0,2,0,5,0,0,0,1
13,15,0,1,1,0,3,0,0,1,1,1,1,0,2,1,0,3,0,3,1
8,17,3,1,0,0,2,3,0,2,1,1,0,0,2,1,0,6,4,6,1
2,15,4,0,1,0,3,0,0,15,1,1,1,7,0,0,5,0,0,0,0
12,16,4,1,0,0,3,2,0,2,1,0,0,0,2,1,0,6,3,2,1
8,20,4,0,1,0,3,0,0,2,1,1,1,0,0,1,2,3,0,2,1
3,20,0,0,1,0,3,0,0,1,1,1,1,0,0,1,0,6,8,14,1
4,20,4,0,1,0,3,1,0,0,1,1,1,8,0,1,0,4,3,9,0
7,15,4,0,1,0,3,0,0,2,1,1,1,0,0,1,5,0,0,4,1
14,19,0,1,1,3,3,0,1,8,1,1,1,5,2,1,5,1,0,1,1
11,20,0,1,1,0,3,3,0,0,1,1,1,0,2,0,5,0,0,0,1
5,19,4,1,1,0,3,0,0,0,1,1,1,0,0,1,0,3,1,5,0
9,20,0,1,1,0,3,1,0,1,1,1,1,0,0,1,0,8,4,11,1
3,11,4,1,1,4,3,3,1,9,1,1,1,0,0,1,0,6,3,2,1
8,20,4,1,1,0,3,1,0,0,1,1,1,0,0,2,0,6,1,12,0
4,18,4,0,1,0,3,0,0,14,1,1,1,0,0,1,0,6,3,10,1
1,14,4,1,1,0,3,0,0,2,1,1,1,7,0,1,5,5,0,2,1
8,18,4,0,1,0,3,0,0,0,1,1,1,7,0,3,0,6,8,8,1
14,19,4,0,1,0,3,3,0,14,1,1,1,5,2,1,0,6,3,10,1
6,20,0,1,1,4,3,0,1,1,1,1,1,0,0,5,0,7,5,9,0
5,19,4,0,1,0,3,1,0,12,1,1,1,0,0,1,0,6,5,10,0
0,18,4,0,1,0,3,0,0,16,1,1,1,5,0,0,5,0,0,0,1
1,18,4,1,1,0,3,1,0,2,1,1,1,0,0,0,5,0,0,0,1
15,18,4,0,1,0,3,0,0,12,1,1,1,0,2,1,0,2,2,4,0
11,8,4,0,1,4,3,0,1,4,1,1,1,0,2,0,5,0,0,1,1
0,15,4,1,1,0,3,0,0,2,1,1,1,0,0,9,2,0,0,0,1
7,15,0,1,1,4,3,0,1,1,1,1,1,7,0,1,0,6,8,9,1
9,15,4,0,1,0,3,0,0,2,1,1,1,7,0,0,5,0,0,0,1
8,13,4,1,1,4,3,0,1,11,1,1,1,0,0,1,0,4,2,6,1
8,23,4,0,1,0,3,0,0,5,1,1,1,0,0,2,0,8,2,10,0
9,18,0,1,1,0,3,3,0,0,1,1,1,0,0,1,0,6,2,10,0
12,14,0,1,1,4,3,0,1,0,1,1,1,5,2,1,0,6,8,6,1
5,18,4,1,1,0,3,0,0,14,1,1,1,7,0,1,5,0,0,0,1
0,18,4,1,1,0,3,0,0,2,1,1,1,0,0,3,0,2,7,6,1
2,18,4,1,0,0,3,1,0,2,1,1,1,0,0,0,5,0,0,0,1
15,20,4,0,1,0,3,0,0,12,1,1,1,7,2,1,0,7,6,9,1
14,20,0,1,1,0,3,0,0,2,1,1,1,5,2,3,0,6,4,12,1
5,19,4,1,1,2,3,1,0,12,1,1,1,0,2,1,0,1,11,6,1
1,15,4,0,1,0,3,0,0,2,1,1,1,0,0,1,0,6,5,5,1
13,21,0,1,1,0,3,0,0,1,1,1,1,5,2,1,0,6,10,13,1
7,18,4,1,1,0,3,3,0,2,1,1,1,7,0,1,0,5,4,6,1
13,20,0,0,1,0,0,1,0,0,1,1,1,0,2,5,3,2,9,12,1
12,20,4,0,1,0,3,0,0,2,1,1,1,7,2,1,5,0,0,0,1
1,18,4,1,1,0,3,0,0,2,1,1,1,0,0,1,0,1,1,6,1
15,18,0,1,1,0,3,3,0,1,1,1,1,0,2,1,5,0,0,0,1
11,11,4,0,1,4,3,0,1,15,1,1,1,7,2,1,5,9,0,0,1
1,18,4,0,1,0,3,1,0,16,1,1,1,8,0,1,0,9,1,6,0
11,13,4,0,1,0,3,3,0,10,1,1,1,8,2,1,0,6,8,13,1
0,18,4,1,1,4,3,0,1,11,1,1,1,0,0,6,0,1,0,2,0
11,20,0,0,1,3,3,0,1,1,1,1,1,5,2,3,0,8,11,13,1
13,12,0,0,1,0,3,0,0,1,1,1,1,5,2,5,2,0,0,5,1
13,17,4,1,1,0,3,1,0,2,1,1,1,8,2,1,0,8,4,10,1
15,15,2,1,1,0,3,1,0,0,1,1,1,0,2,1,0,6,1,9,1
4,20,4,1,1,0,3,0,0,2,1,1,1,5,0,0,5,0,0,0,1
12,15,4,0,1,0,3,0,0,2,1,1,1,5,2,1,2,0,0,0,1
8,15,0,0,1,0,3,3,0,5,1,1,1,7,0,1,0,6,4,10,1
15,15,4,0,1,4,3,0,1,0,1,1,1,0,2,1,0,6,6,5,1
8,16,4,0,1,0,3,0,0,11,1,1,1,2,0,1,0,7,1,13,1
6,18,4,1,1,0,3,0,0,4,1,1,1,0,0,5,5,0,0,1,1
9,15,4,0,1,2,3,0,0,2,1,1,1,0,0,1,0,2,10,8,1
12,15,4,0,1,0,3,3,0,15,1,1,1,0,2,0,5,0,0,0,0
9,15,4,1,1,0,3,1,0,11,1,1,1,8,0,1,0,8,3,10,1
5,19,4,1,1,0,3,3,0,2,1,1,1,0,0,1,0,6,10,9,0
1,14,4,0,0,0,3,1,0,2,1,1,0,0,0,1,0,6,1,8,1
15,19,0,1,1,0,3,0,0,8,1,1,1,0,2,4,0,6,0,11,1
14,15,2,1,1,0,3,2,0,0,1,1,1,0,2,1,0,6,3,7,0
0,18,4,1,1,0,3,1,0,16,1,1,1,0,0,0,5,0,0,0,0
2,20,4,1,1,0,3,0,0,2,1,1,1,1,0,1,0,1,2,3,1
2,18,4,0,0,0,3,1,0,2,1,1,1,0,0,1,0,1,2,5,1
4,18,4,0,1,0,3,0,0,5,1,1,1,0,0,1,0,9,2,4,1
2,20,4,1,1,0,3,0,0,5,1,1,1,5,0,2,0,1,2,5,1
1,18,4,0,1,3,3,3,1,2,1,1,1,0,0,9,2,0,0,0,1
4,19,4,1,1,0,3,0,0,2,1,1,1,0,0,1,0,1,4,5,0
11,21,0,1,1,4,3,3,1,1,1,1,1,5,2,0,5,0,0,0,0
6,16,4,0,1,3,3,0,1,2,1,1,1,7,0,9,2,0,0,0,1
15,19,4,0,1,0,3,3,0,11,1,1,1,7,2,1,0,6,8,8,1
0,15,4,0,1,0,3,0,0,2,1,1,1,0,0,1,0,6,2,7,1
5,17,4,0,1,4,3,0,1,2,1,1,1,5,0,1,0,3,5,6,1
7,17,0,1,1,0,3,1,0,1,1,1,1,8,0,1,0,6,2,13,1
10,18,0,0,1,0,3,0,0,1,1,1,1,0,0,1,0,6,2,14,0
9,14,0,0,0,2,3,0,1,0,1,1,0,1,0,1,0,5,3,6,1
14,20,0,1,1,0,3,1,0,0,1,1,1,0,2,1,0,8,11,13,0
6,20,4,1,1,0,3,3,0,11,1,1,1,8,0,1,0,3,3,5,0
7,19,4,0,1,0,3,0,0,0,1,1,1,7,0,1,0,6,4,11,1
7,20,0,1,1,0,3,0,0,2,1,1,1,0,0,1,0,1,6,2,1
0,18,4,1,1,0,3,0,0,16,1,1,1,0,0,1,1,4,0,6,1
9,20,4,1,0,0,3,1,0,0,1,1,0,0,0,1,0,3,3,4,1
5,17,0,0,1,0,3,1,0,0,1,1,1,1,0,6,0,4,1,3,1
7,18,4,1,1,0,3,0,0,0,1,1,1,1,0,1,0,6,3,6,0
3,19,4,1,1,3,3,0,1,2,1,1,1,5,0,3,0,2,2,4,1
1,15,4,0,1,0,3,0,0,2,1,1,1,0,0,1,0,4,11,4,1
3,19,4,0,1,0,3,0,0,0,1,1,1,0,0,1,0,8,3,11,1
5,18,4,0,1,1,1,3,1,9,1,1,1,0,0,1,0,5,3,2,0
1,15,4,0,1,0,3,0,0,2,1,1,1,5,0,1,0,1,2,2,1
11,15,4,1,1,0,3,3,0,16,1,1,1,1,0,2,0,4,1,3,0
11,20,4,0,1,0,3,3,0,11,1,1,1,0,2,1,0,6,4,8,1
13,19,4,0,1,3,3,0,1,0,1,1,1,0,2,1,2,8,0,8,1
13,20,0,1,1,0,3,1,0,1,1,1,1,0,2,1,0,6,10,14,1
4,20,4,1,1,0,3,1,0,2,1,1,1,7,0,4,2,1,0,2,1
0,15,4,0,1,0,3,0,0,2,1,1,1,7,0,1,5,0,0,0,1
13,20,4,0,1,0,3,0,0,0,1,1,1,0,2,7,0,9,3,13,1
1,19,4,1,1,0,3,3,0,2,1,1,1,0,0,2,0,1,3,5,1
6,18,4,0,1,0,3,0,0,5,1,1,1,8,0,3,0,8,3,13,1
2,15,4,1,1,0,3,0,0,11,1,1,1,7,0,6,0,6,3,11,0
12,21,0,1,1,4,3,0,1,1,1,1,1,5,2,0,5,0,0,0,1
12,17,4,1,1,0,3,0,0,2,1,1,1,7,2,1,0,6,4,9,1
6,19,4,1,1,0,3,3,0,11,1,1,1,8,0,2,0,6,4,12,1
3,15,4,0,1,0,3,3,0,15,1,1,1,5,0,0,5,0,0,0,0
10,15,0,1,1,0,3,0,0,0,1,1,1,0,0,3,0,4,6,5,1
7,21,4,0,1,4,3,0,1,0,1,1,1,5,0,1,0,9,5,14,0
5,18,4,0,1,0,3,1,0,2,1,1,1,0,0,1,0,6,3,9,1
7,19,4,1,1,0,3,1,0,2,1,1,1,0,0,1,0,4,5,5,1
12,20,4,1,1,4,3,0,1,5,1,1,1,0,2,1,2,6,0,8,0
7,20,4,1,1,4,3,0,1,5,1,1,1,7,0,1,0,6,6,6,1
10,14,0,1,1,0,3,0,0,0,1,1,1,0,0,1,2,0,0,0,0
12,15,2,1,1,0,3,0,0,0,1,1,1,0,2,4,0,6,8,12,1
12,20,0,1,1,3,3,0,1,1,1,1,1,5,2,5,0,7,8,11,0
0,18,4,0,1,0,3,1,0,16,1,1,1,0,0,2,0,2,0,2,1
15,20,4,1,1,3,3,0,1,11,1,1,1,0,2,4,0,6,4,7,0
13,15,4,0,1,0,3,0,0,2,1,1,1,7,2,1,0,6,6,2,1
13,18,4,1,1,4,3,0,1,12,1,1,1,0,2,1,0,6,5,8,1
12,20,0,1,1,0,3,1,0,0,1,1,1,0,2,2,0,6,1,14,1
10,20,4,0,1,0,3,0,0,2,1,1,1,1,0,1,0,6,3,3,1
6,18,4,0,1,0,3,0,0,2,1,1,1,7,0,1,0,3,4,6,1
14,20,4,1,1,4,3,3,1,11,1,1,1,0,2,1,0,7,6,14,1
10,19,2,1,1,0,3,3,0,7,1,1,1,0,0,1,0,6,1,10,1
10,19,4,1,1,3,3,0,1,2,1,1,1,5,0,3,0,6,8,11,1
12,18,0,0,1,0,3,1,0,1,1,1,1,0,2,1,0,6,6,12,1
12,22,4,0,1,0,3,0,0,0,1,1,1,0,2,7,0,9,3,13,0
12,18,2,0,1,0,3,0,0,0,1,1,1,7,2,1,0,6,8,11,1
3,20,4,0,0,4,3,0,1,9,1,1,0,0,0,1,0,4,3,4,1
2,18,4,0,1,0,3,3,0,16,1,1,1,5,0,2,0,1,2,5,1
13,13,0,1,1,4,3,0,1,8,1,1,1,0,2,9,2,0,0,0,1
0,18,4,1,0,0,3,3,0,2,1,1,0,0,0,0,5,0,0,0,1
12,15,0,0,1,4,3,0,1,1,1,1,1,7,2,0,5,0,0,0,1
12,21,0,1,1,0,3,0,0,1,1,1,1,0,2,1,0,6,3,14,1
0,15,4,1,1,3,3,0,1,2,1,1,1,5,0,0,5,0,0,0,1
15,17,0,0,1,0,3,1,0,0,1,1,1,0,2,1,0,6,10,10,1
4,10,1,1,1,2,0,0,0,0,1,1,1,3,0,5,3,3,9,2,0
0,15,4,0,1,0,3,0,0,7,1,1,1,7,0,1,0,2,4,4,1
4,19,4,1,1,0,3,0,0,2,1,1,1,5,0,0,5,0,0,0,1
13,15,0,0,1,0,3,0,0,1,1,1,1,7,2,1,0,6,8,9,1
15,18,2,1,1,0,3,1,0,12,1,1,1,2,2,3,3,6,7,13,1
10,21,4,1,1,0,3,1,0,2,1,1,1,0,0,1,0,5,6,9,1
11,8,4,1,0,4,3,3,1,13,1,0,0,8,2,6,5,0,0,8,0
12,21,4,1,1,4,3,0,1,12,1,1,1,5,2,6,0,6,3,13,1
9,20,0,0,1,0,3,1,0,1,1,1,1,0,0,1,5,6,0,4,0
6,20,0,0,0,0,3,3,0,0,1,1,1,5,0,1,0,6,11,13,0
6,15,4,1,1,0,3,0,0,7,1,1,1,8,0,1,0,5,6,5,1
12,20,0,1,1,3,3,0,1,0,1,1,1,5,2,1,0,6,8,13,1
12,17,0,0,1,0,3,0,0,0,1,1,1,7,2,1,0,6,8,10,1
14,20,4,1,1,0,3,0,0,12,1,1,1,1,2,1,0,6,3,13,1
7,18,4,0,1,3,3,0,1,2,1,1,1,5,0,2,0,6,11,4,1
2,18,4,0,1,0,3,3,0,11,1,1,1,8,0,1,0,6,2,12,1
13,20,0,1,1,0,3,1,0,0,1,1,1,0,2,1,0,9,2,13,0
10,17,4,1,1,0,3,0,0,12,1,1,1,0,0,2,0,7,11,12,0
5,18,4,1,0,0,3,1,0,2,1,1,1,0,0,1,0,5,11,4,1
10,18,4,0,1,0,3,1,0,11,1,1,1,0,0,1,0,6,6,14,0
2,15,4,1,1,4,3,0,1,9,1,1,1,5,0,0,5,0,0,0,1
1,15,4,1,1,0,3,1,0,12,1,1,1,0,0,1,0,3,10,2,1
9,15,0,0,1,0,3,3,0,2,1,1,1,1,0,2,0,8,11,11,1
2,18,4,1,0,0,3,0,0,2,1,1,0,8,0,5,5,6,0,3,1
7,18,4,1,1,0,3,0,0,2,1,1,1,0,0,2,0,3,6,9,1
8,11,4,0,1,4,3,0,1,11,1,1,1,7,0,1,0,3,7,4,1
12,15,4,0,1,0,3,0,0,0,1,1,1,1,2,5,0,6,6,6,1
2,18,4,1,1,0,3,0,0,2,1,1,1,7,0,0,5,0,0,0,1
8,20,4,0,0,0,3,0,0,3,1,1,0,0,0,0,5,0,0,0,1
2,18,4,0,1,4,3,0,1,2,1,1,1,1,0,1,0,6,8,5,1
2,18,4,0,1,0,1,1,0,16,1,1,1,8,0,1,5,0,0,0,1
9,20,2,1,1,4,3,0,1,0,1,1,1,6,0,1,0,6,10,14,0
1,17,4,1,1,0,3,0,0,2,1,1,1,5,0,0,5,0,0,0,1
8,20,0,0,1,0,3,2,0,0,1,1,1,0,0,1,0,9,3,10,1
3,19,4,1,1,0,3,0,0,2,1,1,1,0,0,1,5,1,0,3,1
4,15,4,1,0,4,3,0,1,16,1,1,1,5,0,0,5,0,0,3,0
14,17,0,0,1,0,3,0,0,1,1,1,1,0,2,3,0,6,2,9,1
11,20,4,1,1,0,3,0,0,16,1,1,1,2,0,6,0,4,5,4,1
2,17,4,1,0,0,3,0,0,2,1,1,0,0,2,3,2,1,0,6,1
2,16,4,0,1,0,3,0,0,2,1,1,1,0,0,1,0,1,6,2,1
12,18,4,0,1,0,3,0,0,2,1,1,1,0,2,1,2,0,0,0,1
10,20,4,1,1,0,3,0,0,10,1,1,1,8,0,1,0,6,3,10,1
14,8,0,0,1,4,3,3,1,9,1,1,1,0,2,0,5,0,0,0,1
4,18,4,0,1,2,3,0,0,2,1,1,1,5,0,1,5,0,0,3,1
2,18,4,1,1,0,3,1,0,0,1,1,1,0,0,2,0,3,1,4,1
4,19,4,0,1,0,3,0,0,2,1,1,1,0,0,3,0,6,0,9,1
9,15,4,0,1,0,3,0,0,2,1,1,1,5,0,1,0,5,11,7,1
3,13,4,0,0,0,3,0,0,2,1,1,0,0,0,0,5,0,0,4,1
15,20,4,1,1,0,3,1,0,2,1,1,1,0,2,3,0,6,2,13,1
0,15,4,0,1,0,3,0,0,9,1,1,1,7,0,1,0,4,0,1,0
11,18,0,1,1,0,3,3,0,1,1,1,1,1,2,1,0,3,10,4,1
13,21,0,0,1,4,3,0,1,9,1,1,1,5,2,1,0,6,11,14,1
11,15,0,1,1,0,3,1,0,2,1,1,1,8,2,1,5,6,0,7,1
14,21,4,1,1,0,3,1,0,0,1,1,1,0,2,1,0,7,2,14,1
6,18,4,0,1,0,3,0,0,11,1,1,1,0,0,1,5,0,0,0,1
15,17,4,0,1,0,3,1,0,0,1,1,1,0,2,1,0,6,2,13,1
6,21,0,1,1,4,3,0,1,1,1,1,1,0,0,1,0,5,0,6,1
14,20,0,0,1,3,3,0,1,1,1,1,1,0,2,1,0,8,3,11,1
15,20,0,1,1,0,3,1,0,1,1,1,1,0,2,1,0,8,10,14,1
0,18,4,1,1,0,3,1,0,2,1,1,1,0,0,0,5,0,0,0,1
5,15,4,0,1,3,3,0,1,2,1,1,1,7,0,1,2,0,0,0,1
3,15,4,0,1,3,3,3,1,2,1,1,1,5,0,1,0,3,9,4,1
0,18,4,0,1,0,3,0,0,2,1,1,1,5,0,1,0,4,0,4,1
9,15,4,1,1,0,3,0,0,2,1,1,1,0,0,1,0,8,2,6,0
14,23,4,0,1,0,3,0,0,0,1,1,1,5,2,1,0,8,8,14,1
15,15,0,0,1,0,3,0,0,0,1,1,1,7,2,1,0,6,2,10,1
13,20,0,1,1,4,3,0,1,0,1,1,1,5,2,1,0,6,11,14,0
15,20,4,0,1,0,3,0,0,14,1,1,1,5,2,1,0,4,3,9,1
10,16,4,1,1,0,3,0,0,15,1,1,1,7,0,0,5,0,0,0,1
8,19,3,0,1,4,3,0,1,0,1,1,1,0,0,6,0,1,9,6,0
0,18,4,0,1,0,3,1,0,5,1,1,1,0,0,1,5,2,0,3,1
13,12,0,0,1,2,3,0,0,1,1,1,1,0,2,5,0,0,5,13,0
15,15,0,1,1,0,3,1,0,2,1,1,1,0,2,1,0,6,2,10,1
0,18,4,0,1,0,3,3,0,11,1,1,1,8,0,1,5,0,0,0,0
4,15,4,1,1,0,3,0,0,14,1,1,1,1,0,1,0,6,3,7,1
9,15,4,0,1,0,3,0,0,2,1,1,1,0,0,1,1,6,0,6,1
6,20,0,0,1,3,3,0,1,11,1,1,1,0,0,1,0,9,10,8,1
3,19,4,0,1,0,3,3,0,2,1,1,1,0,0,1,0,6,6,10,1
1,15,4,0,1,0,3,1,0,2,1,1,1,0,0,1,0,4,3,6,1
1,18,4,0,1,0,3,0,0,2,1,1,1,0,0,1,0,3,6,5,0
3,18,4,0,1,0,3,0,0,2,1,1,1,1,0,6,0,1,9,2,1
12,20,4,0,1,0,3,1,0,12,1,1,1,8,2,2,0,9,6,12,1
12,15,0,0,1,0,3,0,0,9,1,1,1,0,2,1,0,6,10,8,1
10,20,4,1,1,0,3,1,0,2,1,1,1,7,0,4,0,6,6,12,1
7,20,4,1,1,4,3,0,1,0,1,1,1,5,0,1,0,9,8,14,0
0,15,4,1,1,0,3,0,0,1,1,1,1,0,0,1,0,5,6,3,1
5,15,4,0,1,0,3,1,0,2,1,1,1,0,0,1,0,6,3,8,1
6,15,4,0,1,0,3,0,0,1,1,1,1,8,0,8,5,0,0,0,1
1,19,4,1,1,0,3,0,0,2,1,1,1,7,0,1,0,4,4,5,1
7,20,4,1,1,0,3,3,0,11,1,1,1,5,0,1,5,0,0,0,0
11,20,4,0,1,0,3,1,0,2,1,1,1,0,2,1,0,6,11,12,1
11,21,4,0,1,0,3,0,0,0,1,1,1,0,2,1,0,6,3,13,0
9,18,0,0,1,0,3,0,0,5,1,1,1,5,0,1,0,6,3,5,1
13,20,0,0,1,0,3,1,0,0,1,1,1,0,2,1,0,6,5,11,1
15,13,0,1,1,4,3,0,1,0,1,1,1,7,2,6,5,2,0,3,1
5,20,4,1,1,3,3,0,1,2,1,1,1,5,0,1,0,6,5,6,1
0,15,4,0,1,0,3,3,0,2,1,1,1,5,0,1,0,6,3,2,1
6,15,4,1,1,0,3,1,0,2,1,1,1,8,0,1,0,6,6,12,1
12,11,4,0,1,4,3,0,1,11,1,1,1,0,2,1,0,6,8,6,0
15,15,0,1,1,0,3,0,0,1,1,1,1,0,2,0,5,0,0,0,1
7,20,4,0,1,4,3,0,1,2,1,1,1,5,0,1,0,6,6,6,1
9,20,4,0,1,0,3,0,0,2,1,1,1,5,0,1,0,6,3,11,1
1,18,4,1,1,0,3,3,0,2,1,1,1,0,0,1,0,2,5,2,0
11,19,4,1,1,0,3,3,0,2,1,1,1,0,2,1,0,3,6,2,1
3,13,4,0,1,0,3,3,0,15,1,1,1,0,0,0,5,0,0,0,0
5,17,4,0,1,0,3,0,0,0,1,1,1,0,0,1,2,0,0,0,1
15,21,0,1,1,4,3,0,1,1,1,1,1,0,2,1,0,6,5,14,0
6,12,4,1,1,0,3,0,0,5,1,1,1,7,0,1,0,6,4,5,1
13,22,0,1,1,0,3,0,0,0,1,1,1,0,2,2,0,9,2,12,1
0,15,4,0,1,0,3,0,0,2,1,1,1,1,0,1,2,2,0,2,1
15,19,0,0,1,4,3,0,1,1,1,1,1,0,2,1,0,6,3,11,1
5,18,4,0,1,0,3,0,0,0,1,1,1,0,0,1,0,3,1,4,0
13,19,0,1,1,0,3,0,0,1,1,1,1,0,2,1,0,6,10,11,1
0,15,4,0,1,0,3,3,0,2,1,1,1,8,0,1,0,8,1,5,1
6,20,0,0,0,0,3,0,0,1,1,1,1,0,0,1,0,5,2,14,0
13,15,4,0,1,0,3,3,0,2,1,1,1,0,2,7,1,2,0,1,1
2,18,4,0,1,0,3,0,0,2,1,1,1,5,0,1,2,4,0,5,1
11,20,0,1,1,0,3,0,0,1,1,1,1,5,2,1,0,6,1,12,1
0,18,4,1,1,0,3,0,0,16,1,1,1,5,0,2,5,1,0,2,1
0,17,4,1,1,3,3,0,1,2,1,1,1,0,0,1,0,2,9,4,1
12,15,4,0,1,0,3,3,0,14,1,1,1,7,2,0,5,0,0,0,1
0,15,4,1,1,0,3,1,0,11,1,1,1,0,0,1,0,1,2,4,0
12,15,0,1,1,0,3,2,0,0,1,1,1,0,2,2,0,4,1,1,1
12,15,2,0,1,0,3,1,0,12,1,1,1,0,2,1,5,0,0,11,0
3,18,4,0,1,0,3,3,0,2,1,1,1,0,0,1,5,0,0,1,1
9,14,4,0,1,4,3,0,1,15,1,1,1,7,0,0,5,0,0,0,1
9,20,4,1,1,0,3,0,0,0,1,1,1,5,0,1,0,6,6,12,1
12,18,0,1,1,0,3,0,0,0,1,1,1,0,2,1,0,6,3,8,1
0,18,4,0,1,0,3,0,0,16,1,1,1,5,0,1,0,1,1,3,1
7,15,0,0,1,4,3,0,1,0,1,1,1,5,0,1,0,6,1,9,1
12,21,0,0,1,0,3,0,0,1,1,1,1,0,2,1,0,6,6,13,1
4,15,4,0,1,0,3,1,0,7,1,1,1,0,0,6,0,2,3,6,1
1,14,4,1,1,0,3,0,0,2,1,1,1,0,0,1,2,2,0,3,1
2,14,4,0,1,0,3,0,0,4,1,1,1,0,0,1,0,5,8,6,1
13,17,0,1,1,0,3,1,0,1,1,1,1,0,2,1,0,6,2,13,1
11,21,0,1,1,4,3,0,1,1,1,1,1,5,2,0,5,0,0,0,1
9,20,4,0,1,0,1,3,0,2,1,1,1,0,0,1,0,6,7,7,0
9,15,0,0,1,0,3,3,0,8,1,1,1,5,0,1,0,7,4,11,1
5,15,4,0,1,0,3,0,0,2,1,1,1,0,0,6,0,6,3,11,1
8,20,4,0,1,0,3,3,0,0,1,1,1,5,0,1,0,6,6,13,1
15,20,4,0,1,0,3,1,0,12,1,1,1,5,2,2,0,6,2,14,1
13,15,0,1,1,4,3,0,1,1,1,1,1,5,2,0,5,0,0,0,1
15,18,0,0,1,4,3,3,1,1,1,1,1,0,2,1,0,5,2,3,1
1,18,4,0,1,0,3,1,0,2,1,1,1,0,0,1,0,6,4,7,1
6,17,0,0,1,0,3,0,0,2,1,1,1,0,0,1,0,6,0,6,0
3,19,4,1,1,0,3,0,0,0,1,1,1,0,0,1,0,6,3,12,1
13,17,4,1,1,0,3,3,0,9,1,1,1,8,2,1,0,4,2,7,1
2,18,4,0,1,0,3,0,0,2,1,1,1,0,0,1,5,9,0,0,1
13,21,0,0,1,0,3,0,0,1,1,1,1,0,2,1,0,9,1,14,1
5,15,4,0,0,0,3,0,0,2,1,1,1,0,0,1,0,6,4,5,1
10,18,4,1,1,0,3,3,0,5,1,1,1,0,0,2,0,6,4,8,1
11,20,4,0,1,0,3,1,0,11,1,1,1,0,2,3,0,8,4,12,0
2,18,4,0,1,0,3,0,0,2,1,1,1,0,0,1,0,2,2,2,1
8,15,4,0,1,0,3,0,0,11,1,1,1,0,0,1,0,6,8,5,1
15,21,0,1,1,4,3,0,1,1,1,1,1,5,2,0,5,0,0,0,1
11,20,0,1,1,0,3,0,0,0,1,1,1,0,2,1,0,8,2,6,1
7,18,4,0,1,4,3,0,1,2,1,1,1,5,0,1,0,4,6,5,1
15,20,4,1,1,0,3,3,0,11,1,1,1,1,2,3,0,3,6,5,0
14,15,0,0,1,0,3,0,0,0,1,1,1,7,2,1,0,6,1,10,1
14,20,4,1,1,0,3,0,0,0,1,1,1,5,2,2,5,3,0,2,0
12,13,0,0,1,4,3,0,1,8,1,1,1,7,2,1,0,6,6,9,1
1,18,4,1,1,0,3,0,0,2,1,1,1,7,0,3,0,2,3,6,1
2,17,4,1,1,0,3,0,0,2,1,1,1,0,0,1,0,1,1,1,1
15,20,0,0,1,4,3,0,1,1,1,1,1,0,2,1,0,6,4,10,1
14,19,4,0,1,0,3,1,0,0,1,1,1,5,2,1,0,5,5,2,0
5,15,4,0,1,0,3,0,0,15,1,1,1,7,0,0,5,0,0,0,1
1,15,4,1,1,0,3,1,0,2,1,1,1,0,0,2,0,1,11,6,1
4,12,4,0,1,0,3,0,0,16,1,1,1,0,0,0,5,0,0,5,0
13,14,0,0,1,0,3,0,0,0,1,1,1,0,2,1,0,6,10,12,1
1,14,4,0,0,0,3,0,0,2,1,1,0,1,0,0,5,0,0,0,1
7,15,4,0,1,0,3,0,0,0,1,1,1,0,0,1,0,6,8,9,0
15,18,0,0,1,0,3,0,0,0,1,1,1,7,2,1,0,6,6,10,1
8,15,4,1,1,0,3,0,0,2,1,1,1,7,0,0,5,0,0,1,1
9,15,0,0,1,0,3,0,0,0,1,1,1,0,0,1,5,6,0,6,1
8,18,0,1,1,0,3,1,0,0,1,1,1,8,0,2,0,2,2,7,1
9,15,4,1,1,0,3,0,0,2,1,1,1,5,0,1,0,6,2,5,1
12,21,4,0,1,0,3,1,0,0,1,1,1,0,2,3,0,6,2,14,0
7,18,4,1,1,0,3,0,0,0,1,1,1,5,0,2,0,6,11,11,0
12,19,4,0,1,0,3,3,0,0,1,1,1,0,2,1,0,8,3,14,1
11,10,4,0,1,3,0,0,1,16,1,1,1,0,2,5,3,8,3,8,1
15,20,4,0,1,0,3,0,0,0,1,1,1,0,2,1,0,6,3,12,0
1,18,4,0,1,0,3,0,0,11,1,1,1,5,0,1,0,1,3,2,1
6,15,4,0,1,0,3,0,0,11,1,1,1,7,0,1,0,6,2,7,1
3,20,4,1,1,0,3,3,0,3,1,1,1,0,0,1,0,4,1,5,1
14,18,0,0,1,4,3,0,1,1,1,1,1,0,2,1,0,4,0,4,1
12,21,0,1,1,4,3,3,1,0,1,1,1,0,2,1,0,6,8,12,0
0,15,4,0,0,0,3,0,0,16,1,1,0,0,0,1,5,2,0,4,1
14,8,0,0,0,4,3,0,1,0,1,0,1,0,2,1,0,6,4,14,1
6,20,4,1,1,0,3,0,0,2,1,1,1,7,0,1,0,6,8,11,1
13,15,4,0,1,0,3,0,0,0,1,1,1,0,2,1,0,6,2,10,1
2,15,4,0,1,0,0,1,0,16,1,1,1,0,0,5,3,9,0,1,0
4,0,4,1,1,4,3,0,1,10,1,1,1,0,0,1,0,6,4,7,1
1,18,4,0,1,0,3,3,0,11,1,1,1,7,0,1,0,2,6,3,1
1,18,4,0,1,3,3,0,1,2,1,1,1,5,0,0,5,0,0,0,1
6,15,4,0,1,0,3,0,0,4,1,1,1,0,0,1,2,0,0,0,1
11,21,3,0,1,0,0,3,0,0,1,1,1,0,2,4,5,8,0,14,0
2,18,4,0,1,0,3,1,0,11,1,1,1,0,2,0,5,0,0,2,1
8,15,4,1,1,0,3,1,0,11,1,1,1,0,0,1,5,2,0,2,0
3,20,4,1,1,0,3,0,0,2,1,1,1,5,0,2,0,6,6,8,1
9,21,0,1,1,0,3,1,0,1,1,1,1,8,0,3,0,6,8,12,0
4,19,4,0,1,0,3,0,0,2,1,1,1,0,0,1,0,4,6,6,0
15,19,4,0,1,0,3,1,0,2,1,1,1,0,2,1,0,6,8,11,1
0,16,4,0,1,0,3,1,0,2,1,1,1,0,0,1,0,5,0,3,0
10,15,0,1,1,0,3,0,0,2,1,1,1,0,0,1,0,4,3,9,1
2,19,4,1,1,0,3,0,0,2,1,1,1,7,0,1,0,3,4,4,1
5,10,4,0,1,0,3,0,0,0,1,1,1,0,0,5,0,6,8,10,1
12,20,4,0,1,0,3,0,0,0,1,1,1,5,0,4,0,8,5,14,0
7,15,4,1,1,0,3,1,0,2,1,1,1,8,0,1,0,4,1,3,0
9,18,4,1,0,0,3,0,0,2,1,1,0,0,0,2,5,2,0,1,1
12,14,0,0,1,0,3,0,0,2,1,1,1,0,2,1,0,6,10,11,1
7,18,4,1,1,3,3,0,1,0,1,1,1,0,0,1,0,6,10,9,0
8,17,0,1,1,0,3,1,0,0,1,1,1,0,0,1,0,7,2,9,1
11,18,0,0,1,0,3,1,0,1,1,1,1,0,2,7,0,5,3,5,1
9,14,0,0,1,4,3,0,1,2,1,1,1,7,0,1,0,8,4,6,1
6,20,4,0,1,0,3,1,0,0,1,1,1,0,0,1,0,6,0,11,0
12,18,0,0,1,0,1,1,0,0,1,1,1,0,2,1,0,8,10,11,1
1,17,4,1,1,0,3,0,0,2,1,1,1,7,0,1,1,2,0,4,1
12,17,3,0,1,0,3,0,0,2,1,1,1,0,2,1,0,7,4,9,1
12,20,4,0,1,0,3,0,0,0,1,1,1,7,2,1,0,6,3,14,1
3,15,4,1,1,0,3,1,0,12,1,1,1,0,0,1,0,4,2,5,0
10,19,4,1,1,0,3,1,0,2,1,1,1,0,0,1,0,6,4,10,1
12,15,4,0,1,0,3,0,0,14,1,1,1,0,2,1,0,4,6,10,1
8,15,0,1,1,4,3,0,1,0,1,1,1,0,0,1,0,4,0,9,0
15,23,0,1,1,0,3,3,0,1,1,1,1,7,2,2,0,8,6,14,1
8,18,0,1,1,0,3,0,0,0,1,1,1,0,0,1,0,6,2,9,1
12,15,0,1,1,0,3,1,0,0,1,1,1,0,2,1,0,6,4,6,1
2,15,4,0,1,0,3,0,0,2,1,1,1,0,0,0,5,0,0,0,1
12,20,4,0,1,0,3,0,0,5,1,1,1,5,0,2,0,8,3,14,1
13,21,0,0,1,0,3,1,0,0,1,1,1,0,2,6,0,9,6,14,0
13,12,3,1,1,0,3,3,0,9,1,1,1,0,2,1,0,6,5,9,1
2,15,4,0,1,0,3,0,0,0,1,1,1,0,0,5,2,7,0,3,1
2,18,4,1,1,0,3,0,0,2,1,1,1,0,0,0,5,0,0,0,1
8,15,4,1,1,4,3,0,1,12,1,1,1,7,0,1,0,9,6,6,0
1,18,4,1,1,0,3,1,0,0,1,1,1,8,0,1,0,4,6,12,0
15,15,4,1,1,4,3,0,1,0,1,1,1,5,2,1,0,4,4,5,0
2,15,4,0,1,0,3,1,0,11,1,1,1,8,0,1,0,9,2,12,0
10,20,0,0,1,0,3,1,0,1,1,1,1,0,0,1,1,6,0,14,0
10,20,0,1,1,0,3,0,0,1,1,1,1,8,0,1,5,4,0,2,1
2,10,4,0,1,4,3,0,1,2,1,1,1,0,0,4,0,1,10,1,1
10,18,0,1,1,0,3,1,0,1,1,1,1,7,0,1,0,5,6,10,1
12,14,0,0,1,4,3,0,1,0,1,1,1,0,2,1,0,6,3,14,1
12,16,0,1,1,0,3,0,0,0,1,1,1,0,2,0,5,0,0,10,1
4,19,4,1,1,0,3,0,0,10,1,1,1,4,0,4,5,9,0,3,0
5,15,4,1,1,0,3,0,0,12,1,1,1,0,0,1,0,6,3,5,1
13,17,4,1,1,0,3,0,0,0,1,1,1,0,2,1,0,5,4,7,0
12,18,4,1,1,4,3,0,1,5,1,1,1,5,2,6,0,1,4,2,1
11,21,4,0,1,3,3,0,1,2,1,1,1,5,2,3,0,6,8,12,1
15,18,4,0,1,0,3,0,0,14,1,1,1,1,2,0,5,0,0,6,1
11,18,4,1,1,0,3,0,0,12,1,1,1,0,2,6,5,0,0,8,0
14,20,0,0,1,0,3,1,0,1,1,1,1,0,2,1,5,0,0,0,1
10,13,4,1,1,0,3,0,0,10,1,1,1,7,0,1,0,6,1,13,1
10,19,4,0,1,0,3,0,0,2,1,1,1,5,0,1,0,5,4,12,1
13,15,0,1,1,4,3,3,0,8,1,1,1,7,2,3,0,6,5,11,1
4,19,4,0,1,0,3,0,0,11,1,1,1,5,0,1,0,6,4,10,1
9,18,4,0,1,3,3,0,1,0,1,1,1,0,0,3,0,8,6,6,1
10,20,4,1,1,4,3,0,1,0,1,1,1,7,0,0,5,0,0,0,0
4,15,4,1,1,4,3,3,1,11,1,1,1,0,0,0,5,0,0,5,1
3,20,4,0,1,0,3,0,0,0,1,1,1,0,0,2,0,6,3,14,1
1,15,4,1,1,0,3,0,0,2,1,1,1,8,0,4,0,1,1,3,1
13,18,0,0,1,0,3,0,0,11,1,1,1,0,2,1,0,7,6,13,0
3,18,0,0,1,0,1,1,0,0,1,1,1,0,2,5,5,0,0,2,1
2,18,4,1,1,0,3,3,0,2,1,1,1,5,0,0,5,0,0,3,1
12,2,0,1,1,3,3,0,1,0,1,1,1,7,2,0,2,0,0,4,0
8,20,4,1,1,0,3,1,0,12,1,1,1,8,0,1,5,3,0,2,1
6,20,4,0,1,0,3,0,0,11,1,1,1,0,0,0,5,0,0,0,1
6,18,4,1,1,0,3,0,0,0,1,1,1,1,0,5,0,6,6,10,0
2,18,4,1,1,0,3,0,0,2,1,1,1,7,0,1,0,3,3,2,0
8,20,4,1,1,0,3,3,0,0,1,1,1,7,0,3,1,6,0,13,1
9,20,4,1,1,0,3,1,0,12,1,1,1,0,0,1,5,0,0,0,0
15,19,0,1,1,0,3,1,0,0,1,1,1,0,2,0,5,0,0,0,1
9,18,4,1,1,0,3,0,0,5,1,1,1,0,0,1,0,6,3,6,1
7,20,4,1,1,0,3,3,0,2,1,1,1,0,0,1,0,5,5,13,1
7,8,4,0,1,4,3,0,1,16,1,1,1,7,0,1,1,6,0,6,0
7,22,4,1,1,0,3,1,0,7,1,1,1,8,0,1,0,5,4,7,1
7,20,4,1,1,0,3,3,0,0,1,1,1,0,0,1,0,6,3,10,1
4,18,0,0,1,0,1,0,0,0,1,1,1,0,0,1,0,8,7,11,1
10,18,4,0,1,0,3,1,0,0,1,1,1,0,0,1,0,7,5,11,1
15,20,0,1,1,0,3,1,0,1,1,1,1,0,2,1,0,8,2,13,1
3,14,4,0,1,4,3,0,1,9,1,1,1,0,0,0,5,0,0,0,0
13,20,0,0,1,0,3,0,0,0,1,1,1,0,2,1,0,6,4,11,1
6,15,4,0,1,3,3,0,1,2,1,1,1,7,0,1,0,4,3,2,1
2,17,4,1,1,0,3,3,0,4,1,1,1,0,0,1,0,6,4,5,0
14,20,4,1,1,0,3,0,0,2,1,1,1,1,2,1,2,0,0,0,1
7,15,4,0,1,0,3,0,0,2,1,1,1,0,0,1,2,6,0,6,1
14,23,0,0,1,0,3,1,0,0,1,1,1,0,2,1,0,8,6,14,1
11,21,0,1,1,0,3,0,0,0,1,1,1,0,2,3,0,6,2,13,0
2,16,4,0,1,0,3,3,0,12,1,1,1,0,0,1,0,7,10,4,1
0,18,4,1,1,0,3,3,0,16,1,1,1,7,0,0,5,0,0,0,0
10,18,4,0,1,0,0,0,0,16,1,1,1,1,0,5,3,5,3,7,1
13,11,3,0,1,0,3,0,0,15,1,1,1,7,2,0,5,0,0,0,0
12,21,0,0,1,0,3,0,0,1,1,1,1,5,2,1,0,8,6,14,0
12,15,0,0,1,0,3,0,0,0,1,1,1,0,2,1,0,9,4,12,1
5,18,4,1,1,0,3,0,0,2,1,1,1,0,0,1,0,6,1,6,1
3,15,4,0,1,0,3,3,0,2,1,1,1,0,0,0,5,0,0,0,1
7,20,4,1,1,4,3,0,1,0,1,1,1,0,0,1,0,6,8,12,0
2,16,4,0,1,4,3,0,1,15,1,1,1,5,0,0,5,0,0,0,0
15,18,0,0,1,0,3,0,0,0,1,1,1,7,2,1,0,6,2,10,1
13,17,0,1,1,0,3,0,0,2,1,1,1,0,2,1,0,6,2,10,1
15,21,0,0,1,0,3,0,0,1,1,1,1,0,2,3,0,6,1,11,1
4,21,4,1,1,4,3,0,1,0,1,1,1,5,0,1,0,6,6,9,0
15,20,4,0,1,0,3,0,0,0,1,1,1,0,2,3,0,6,11,9,1
15,18,0,1,1,4,3,3,1,0,1,1,1,5,2,1,0,6,7,10,1
8,20,0,0,1,0,3,0,0,0,1,1,1,7,0,3,0,9,5,12,0
15,18,0,1,1,0,3,0,0,1,1,1,1,0,2,0,5,0,0,0,1
5,18,4,1,1,0,3,0,0,0,1,1,1,7,0,1,0,6,5,9,0
12,20,0,1,1,0,3,1,0,0,1,1,1,0,2,1,0,6,2,13,1
0,15,4,0,1,0,2,0,0,10,1,1,1,0,0,0,5,0,0,0,1
4,0,4,0,0,0,3,1,0,14,1,1,1,7,2,0,5,0,0,7,1
12,18,4,1,1,0,3,0,0,2,1,1,1,0,2,1,2,0,0,0,1
5,19,4,1,1,0,3,0,0,12,1,1,1,7,0,1,0,6,6,6,0
10,20,4,1,1,0,3,1,0,11,1,1,1,0,0,1,0,6,2,11,1
5,17,4,1,1,0,3,0,0,11,1,1,1,0,0,1,2,6,0,8,0
10,20,0,1,1,3,3,0,1,2,1,1,1,0,0,3,0,4,2,5,1
8,20,4,1,1,0,3,3,0,12,1,1,1,0,0,1,0,4,11,9,0
9,13,4,0,1,0,3,3,0,0,1,1,1,8,0,6,0,6,10,7,0
1,18,4,0,1,0,3,1,0,2,1,1,1,0,0,1,0,2,4,4,1
10,20,0,1,1,3,3,0,1,1,1,1,1,7,0,1,0,7,11,12,1
7,18,4,0,1,0,3,0,0,5,1,1,1,0,0,1,0,3,2,4,1
3,20,4,0,1,0,3,3,0,2,1,1,1,5,0,2,5,0,0,0,1
14,20,2,1,1,0,1,1,0,0,1,1,1,0,2,1,0,7,8,13,1
2,17,4,1,1,0,3,0,0,2,1,1,1,5,0,1,2,1,0,2,1
13,20,0,1,1,0,3,0,0,1,1,1,1,0,2,3,0,6,3,12,1
9,15,0,1,1,0,3,0,0,1,1,1,1,0,0,0,5,0,0,0,1
9,20,4,0,1,0,3,1,0,0,1,1,1,0,0,1,0,6,7,13,1
9,15,4,0,1,0,3,0,0,2,1,1,1,7,0,8,2,6,0,4,1
12,22,4,0,1,4,3,0,1,0,1,1,1,7,2,1,0,9,2,14,1
5,20,4,1,1,0,3,3,0,11,1,1,1,0,0,1,5,0,0,0,1
9,18,0,1,1,0,3,0,0,1,1,1,1,0,0,2,5,0,0,0,0
5,15,4,0,1,0,3,1,0,10,1,1,1,8,0,1,0,6,3,7,1
5,20,4,0,1,0,3,0,0,11,1,1,1,5,0,6,0,1,10,1,1
6,18,0,1,1,0,3,0,0,0,1,1,1,7,0,1,5,1,0,2,1
4,18,4,1,1,0,3,0,0,2,1,1,1,0,0,1,0,1,2,3,1
2,15,4,1,1,0,3,0,0,16,1,1,1,0,0,1,0,7,1,5,0
11,15,4,0,1,0,3,0,0,2,1,1,1,0,2,1,2,6,0,3,1
14,20,4,1,0,0,3,3,0,2,1,1,0,5,2,0,5,0,0,4,1
10,5,0,0,1,0,1,0,0,2,1,1,1,0,0,1,1,6,0,14,1
8,17,4,1,1,0,3,3,0,0,1,1,1,1,0,1,2,0,0,4,1
1,19,4,1,1,0,3,0,0,0,1,1,1,0,0,1,0,3,6,5,0
5,15,4,0,0,0,3,1,0,2,1,1,0,0,0,0,5,0,0,0,1
0,15,4,1,1,4,3,3,1,14,1,1,1,5,0,1,5,0,0,0,0
2,17,4,1,1,0,3,1,0,2,1,1,1,0,0,6,2,1,0,1,0
6,15,0,0,1,4,3,0,1,2,1,1,1,5,0,1,0,6,6,8,1
8,20,4,1,1,0,3,3,0,0,1,1,1,7,0,1,0,3,6,8,1
4,15,4,0,1,0,3,3,0,4,1,1,1,0,0,1,2,0,0,0,0
6,20,0,1,1,0,3,0,0,0,1,1,1,0,0,2,0,6,6,13,0
9,18,4,0,1,0,3,0,0,5,1,1,1,0,0,1,2,8,0,6,1
5,15,4,0,1,3,3,0,1,10,1,1,1,8,0,1,0,6,7,10,1
5,8,3,0,1,0,3,0,1,9,1,1,1,1,0,4,0,1,4,3,0
1,19,4,1,1,4,3,0,1,11,1,1,1,5,0,0,5,0,0,0,1
14,19,0,1,1,0,3,3,0,0,1,1,1,7,2,3,0,6,5,7,1
11,20,4,0,1,3,3,1,1,0,1,1,1,8,2,1,0,6,4,10,1
0,18,4,0,1,0,3,3,0,14,1,1,1,0,0,3,0,6,0,6,0
1,15,4,1,1,0,3,0,0,12,1,1,1,0,0,1,2,2,0,5,0
7,18,4,0,1,0,3,0,0,12,1,1,1,5,0,0,5,0,0,4,0
12,21,4,0,1,0,3,1,0,0,1,1,1,0,2,1,0,9,8,14,0
14,15,4,1,1,0,3,3,0,14,1,1,1,0,2,0,5,0,0,0,0
11,15,4,0,1,0,3,0,0,12,1,1,1,7,2,1,0,6,4,12,1
12,20,0,1,1,4,3,0,1,1,1,1,1,5,2,2,5,0,0,0,1
14,18,4,0,1,0,3,0,0,9,1,1,1,5,2,1,0,6,8,14,1
5,20,4,0,1,0,3,0,0,2,1,1,1,5,0,1,2,0,0,0,0
14,21,0,1,1,4,3,1,1,0,1,1,1,8,2,2,0,8,11,13,0
11,20,4,1,1,0,3,0,0,11,1,1,1,2,2,3,0,6,7,13,1
9,13,0,1,1,0,3,1,0,8,1,1,1,0,0,1,0,3,1,6,1
6,19,4,0,1,0,3,0,0,12,1,1,1,0,0,0,5,0,0,0,1
14,18,0,1,1,4,3,0,1,8,1,1,1,0,2,1,0,2,3,8,0
3,15,4,0,1,4,3,0,1,4,1,1,1,0,0,1,0,5,4,5,1
1,17,4,1,1,0,3,3,0,2,1,1,1,0,0,0,5,0,0,0,1
0,15,4,1,1,0,3,0,0,16,1,1,1,0,0,1,5,1,0,2,0
7,20,0,1,1,0,3,1,0,0,1,1,1,0,0,4,0,1,0,1,1
7,20,4,0,1,0,3,1,0,2,1,1,1,5,0,1,0,6,8,13,0
13,20,0,1,1,0,3,0,0,9,1,1,1,0,2,1,0,7,0,0,1
13,18,0,0,1,3,3,0,1,1,1,1,1,5,2,1,0,6,6,13,0
10,0,4,0,0,0,3,0,0,7,1,0,0,0,0,0,5,0,0,7,0
4,21,4,1,1,0,3,0,0,9,1,1,1,0,0,2,0,6,1,8,1
10,20,4,0,1,3,3,0,1,2,1,1,1,0,0,1,0,8,2,13,1
3,16,4,1,1,0,3,1,1,9,1,1,1,8,0,1,0,1,1,3,1
14,15,0,0,1,3,3,0,1,0,1,1,1,0,2,1,0,6,2,13,1
4,15,4,0,1,0,3,1,0,2,1,1,1,0,0,1,0,3,10,8,1
11,15,0,0,1,0,3,0,0,1,1,1,1,0,2,1,5,0,0,0,1
7,17,4,1,1,0,3,0,0,2,1,1,1,1,0,2,0,6,3,9,0
4,15,0,1,1,0,3,0,0,11,1,1,1,0,0,1,0,4,2,4,0
10,21,4,0,1,4,3,0,1,0,1,1,1,5,0,1,0,7,4,14,1
8,15,4,0,1,0,3,1,0,11,1,1,1,8,0,1,0,9,1,4,1
6,18,4,0,1,0,3,0,0,2,1,1,1,0,0,1,0,6,3,10,1
0,18,4,1,1,0,3,0,0,2,1,1,1,5,0,1,0,1,2,3,1
10,17,4,1,1,0,3,1,0,12,1,1,1,0,0,1,0,2,2,4,1
2,19,4,1,1,0,3,3,0,2,1,1,1,0,0,2,5,1,0,4,1
13,21,0,0,1,0,3,1,0,0,1,1,1,0,2,3,0,9,4,12,1
12,18,4,1,1,0,3,0,0,0,1,1,1,0,2,1,0,6,1,4,1
15,13,0,1,1,4,3,3,1,1,1,1,1,0,2,0,5,0,0,0,1
13,15,4,1,1,0,3,1,0,2,1,1,1,0,2,1,0,8,3,6,1
10,19,4,1,1,0,3,0,0,12,1,1,1,8,0,1,5,0,0,0,1
15,21,4,0,1,0,3,0,0,12,1,1,1,1,2,1,5,6,0,13,1
8,20,4,1,1,0,3,0,0,0,1,1,1,0,0,1,2,2,0,5,1
12,15,4,1,0,0,3,3,0,13,1,1,0,8,2,1,0,5,2,6,0
6,20,4,1,1,0,3,0,0,2,1,1,1,7,0,1,0,6,0,7,1
12,15,0,0,1,0,3,1,0,0,1,1,1,0,2,1,0,6,6,12,1
2,18,4,0,1,0,3,1,0,2,1,1,1,0,0,1,0,6,6,11,1
5,18,4,0,1,2,3,1,0,2,1,1,1,8,0,1,0,2,6,8,0
11,20,4,1,1,0,3,0,0,0,1,1,1,7,2,6,0,8,0,8,1
8,19,4,0,1,4,3,0,1,2,1,1,1,0,0,1,0,4,11,5,1
3,15,0,1,1,0,3,1,0,1,1,1,1,0,0,1,0,6,8,8,1
0,18,4,1,1,0,3,2,0,0,1,1,1,8,0,1,5,2,0,1,1
8,22,4,0,1,0,3,0,0,7,1,1,1,7,0,1,0,9,6,8,1
10,15,0,1,1,0,1,0,0,0,1,1,1,0,0,1,0,6,7,10,1
3,18,4,0,1,0,3,0,0,0,1,1,1,1,0,5,0,6,4,11,0
13,15,0,1,1,4,3,0,1,0,1,1,1,0,2,1,0,6,5,12,1
2,17,2,0,1,0,3,0,0,15,1,1,1,7,0,1,5,2,0,2,1
15,18,0,0,1,0,3,3,0,0,1,1,1,0,2,0,5,0,0,0,1
6,15,4,0,1,0,3,3,0,2,1,1,1,0,0,0,5,0,0,10,1
10,15,4,1,1,0,3,1,0,11,1,1,1,0,0,4,0,6,2,11,1
1,13,4,0,1,0,3,1,0,15,1,1,1,0,0,1,5,3,0,2,1
9,20,0,0,1,0,0,1,0,0,1,1,1,0,0,5,0,8,4,9,1
13,15,0,1,1,4,3,0,1,0,1,1,1,0,2,1,0,6,4,10,0
15,20,0,1,1,0,3,1,0,0,1,1,1,0,2,1,0,8,4,14,1
8,20,0,1,1,0,3,0,0,0,1,1,1,7,0,1,0,8,10,13,1
2,18,4,0,1,0,3,0,0,15,1,1,1,0,0,1,5,0,0,0,0
2,15,4,0,1,0,3,1,0,7,1,1,1,7,0,0,5,0,0,0,1
11,13,0,0,1,0,3,0,0,0,1,1,1,1,2,1,0,6,4,13,1
0,18,4,0,1,0,3,0,0,2,1,1,1,5,0,0,5,0,0,0,1
6,11,4,0,1,0,3,0,0,7,1,1,1,0,0,1,0,6,10,12,1
8,17,4,1,1,0,3,0,0,0,1,1,1,0,0,1,0,9,4,10,1
12,18,0,1,1,4,3,0,1,0,1,1,1,0,2,2,0,6,8,10,1
1,18,4,0,1,0,3,1,0,16,1,1,1,0,0,6,5,1,0,2,1
10,14,0,1,1,0,3,1,0,15,1,1,1,0,0,1,5,0,0,0,1
10,8,0,1,1,4,3,3,1,4,1,1,1,0,0,1,0,6,8,6,1
0,18,4,0,1,0,3,0,0,11,1,1,1,7,0,3,0,6,8,4,1
15,20,0,0,1,0,3,1,0,0,1,1,1,0,2,1,0,6,11,14,1
6,17,0,1,1,0,3,1,0,0,1,1,1,0,0,2,0,1,1,1,0
11,15,4,0,1,0,3,0,0,14,1,1,1,5,2,1,0,6,3,9,1
12,20,4,0,1,0,3,0,0,3,1,1,1,0,2,2,0,9,2,13,1
15,23,0,0,1,4,3,0,1,0,1,1,1,5,2,1,0,8,11,13,1
9,17,0,1,1,0,3,0,0,1,1,1,1,5,0,1,0,6,7,10,0
5,15,0,0,1,0,3,0,0,9,1,1,1,5,0,0,5,0,0,0,1
4,19,4,1,1,0,3,3,0,11,1,1,1,5,0,1,0,6,3,12,1
10,10,4,0,1,4,0,3,1,6,1,1,1,4,0,5,3,8,8,14,1
2,18,4,1,1,0,3,0,0,2,1,1,1,0,0,1,0,1,3,4,1
9,5,1,1,1,2,0,1,0,4,0,1,1,3,0,4,3,4,10,9,1
0,18,4,0,1,0,3,0,0,8,1,1,1,0,0,1,0,2,1,8,1
14,20,0,1,1,0,3,1,0,1,1,1,1,0,2,1,5,0,0,0,1
15,22,4,1,1,0,3,0,0,0,1,1,1,0,2,1,0,6,3,14,1
10,0,4,1,1,0,3,0,0,12,1,1,1,0,0,1,0,6,1,11,1
11,15,4,0,1,0,3,0,0,12,1,1,1,0,2,1,0,2,6,4,1
11,20,4,1,1,0,3,0,0,0,1,1,1,0,2,1,0,6,3,14,1
11,4,2,1,0,4,3,0,1,0,1,0,0,1,0,2,0,7,5,12,1
13,20,0,0,1,0,3,0,0,15,1,1,1,5,2,0,5,0,0,0,1
9,20,4,0,1,0,3,0,0,2,1,1,1,0,0,1,0,6,8,12,1
5,20,4,1,1,0,3,1,0,0,1,1,1,0,0,5,0,6,5,2,1
2,19,4,1,1,0,3,1,0,16,1,1,1,0,0,2,5,2,0,2,1
0,15,4,0,1,0,3,1,0,7,1,1,1,0,0,1,2,1,0,1,1
6,15,4,1,1,0,3,3,0,2,1,1,1,7,0,1,0,5,4,6,1
13,15,4,0,1,0,3,0,0,2,1,1,1,5,2,1,0,6,6,12,1
7,18,4,1,1,0,3,1,0,16,1,1,1,0,0,1,0,8,3,11,1
13,16,4,0,1,4,3,0,1,5,1,1,1,5,2,1,0,6,0,13,1
2,22,4,1,1,0,3,0,0,11,1,1,1,0,0,1,0,7,2,13,1
3,18,0,0,1,0,3,0,0,0,1,1,1,0,0,1,0,5,9,4,1
9,11,4,0,1,0,3,0,0,5,1,1,1,0,0,1,0,6,10,10,1
14,8,0,0,1,4,3,0,1,2,1,1,1,0,2,1,5,0,0,0,1
8,19,4,1,1,0,3,1,0,12,1,1,1,0,0,1,5,6,0,5,1
13,6,0,1,1,2,3,3,0,0,1,1,1,8,2,9,2,0,0,0,0
1,13,4,1,1,0,3,0,0,16,1,1,1,1,0,6,5,1,0,3,0
9,18,4,1,1,0,3,0,0,0,1,1,1,1,0,1,0,6,2,7,1
6,20,4,1,1,0,3,0,0,11,1,1,1,0,0,1,0,4,0,8,0
7,4,0,0,1,4,3,1,1,11,1,1,1,7,0,2,0,7,5,10,1
15,17,0,0,1,0,3,0,0,1,1,1,1,0,2,1,0,6,2,8,0
11,11,4,0,1,0,3,1,0,7,1,1,1,0,2,1,0,6,1,10,1
4,19,4,0,1,0,3,0,0,2,1,1,1,0,0,0,5,0,0,4,1
8,20,4,1,1,0,3,0,0,11,1,1,1,0,0,1,0,6,6,12,0
8,18,4,0,1,0,3,0,0,0,1,1,1,0,0,1,0,4,2,9,1
11,8,3,0,1,0,3,0,1,7,1,0,1,1,2,6,0,6,4,12,1
11,16,0,1,1,0,3,0,0,1,1,1,1,7,2,0,5,0,0,0,1
15,10,2,1,1,4,3,0,1,12,1,1,1,7,2,1,3,3,0,1,0
15,20,4,1,1,3,3,0,1,0,1,1,1,0,2,1,0,8,2,12,1
14,14,4,1,0,0,3,0,0,2,1,1,0,0,2,1,0,5,6,6,1
15,15,0,1,1,0,3,0,0,0,1,1,1,7,2,1,0,6,4,9,1
0,17,4,0,1,0,3,0,0,2,1,1,1,0,0,0,5,0,0,0,1
12,20,4,1,1,0,3,0,0,0,1,1,1,0,2,1,0,9,10,14,1
12,21,4,1,1,0,3,1,0,0,1,1,1,8,2,1,0,7,1,13,1
1,18,4,0,1,0,3,1,0,2,1,1,1,8,0,7,5,1,0,4,0
7,15,4,0,1,4,3,0,1,2,1,1,1,5,0,1,0,4,5,6,1
3,20,4,1,1,0,3,0,0,2,1,1,1,0,0,1,0,8,4,5,0
8,15,4,0,1,3,3,0,1,9,1,1,1,5,0,1,0,9,10,8,1
6,19,4,0,1,0,3,0,0,2,1,1,1,0,0,1,0,5,6,7,1
10,15,4,0,1,4,3,0,1,5,1,1,1,5,0,1,0,9,4,8,1
13,18,0,1,1,0,3,0,0,1,1,1,1,0,2,1,5,0,0,0,1
9,18,4,1,1,0,3,0,0,0,1,1,1,0,0,1,0,3,2,6,0
12,15,0,1,1,0,3,0,0,0,1,1,1,7,2,1,0,6,11,11,1
1,18,4,1,1,0,3,1,0,16,1,1,1,0,0,1,5,0,0,0,1
14,19,0,0,1,0,3,3,0,8,1,1,1,0,2,1,0,6,0,11,0
7,10,4,0,1,4,3,0,1,7,1,1,1,7,0,0,5,0,0,0,1
7,15,4,0,1,0,3,0,0,12,1,1,1,7,0,1,0,6,10,10,1
5,18,4,0,1,0,1,1,0,0,1,1,1,8,0,5,5,0,0,0,0
13,18,0,0,1,4,3,0,1,1,1,1,1,0,2,1,0,6,0,6,1
3,17,4,1,1,0,3,1,0,2,1,1,1,0,0,9,2,0,0,0,1
12,20,4,1,1,0,3,0,0,2,1,1,1,8,2,1,0,6,11,4,1
13,23,0,0,1,3,3,3,1,0,1,1,1,0,2,1,0,8,4,14,1
15,13,4,0,1,0,3,0,0,15,1,1,1,0,2,1,5,0,0,0,1
11,11,4,1,1,0,3,0,0,11,1,1,1,0,2,1,0,6,1,6,1
5,15,4,0,0,0,3,0,0,15,1,1,1,0,0,1,5,0,0,1,1
7,20,4,0,1,0,3,1,0,2,1,1,1,0,0,1,0,7,5,9,1
14,18,4,1,1,0,3,3,0,0,1,1,1,0,2,7,0,7,10,9,0
13,15,0,1,1,4,3,0,1,1,1,1,1,5,2,0,5,0,0,0,1
14,19,0,1,1,4,3,3,1,1,1,1,1,4,2,1,0,8,8,10,0
7,18,4,1,1,0,3,0,0,2,1,1,1,7,0,1,5,0,0,0,1
3,13,4,0,1,2,3,0,1,0,1,1,1,0,0,1,0,5,4,6,0
5,14,4,0,1,4,3,0,1,2,1,1,1,7,0,1,0,1,2,4,1
8,18,4,1,1,0,3,0,0,5,1,1,1,0,0,0,5,0,0,0,1
12,20,0,1,1,0,3,3,0,1,1,1,1,0,2,2,0,7,8,10,1
15,18,4,1,1,3,3,3,1,0,1,1,1,5,2,6,0,3,9,4,0
9,20,0,1,1,4,3,0,1,1,1,1,1,5,0,0,5,0,0,0,1
12,15,4,1,1,0,3,0,0,0,1,1,1,0,2,1,0,5,2,5,1
6,15,0,1,1,1,1,0,0,14,0,1,1,6,0,1,0,4,10,9,1
9,20,0,1,1,0,3,2,0,1,1,1,1,0,0,1,0,9,4,10,1
11,5,0,0,1,3,3,0,1,2,1,1,1,0,2,0,5,0,0,0,1
9,15,0,1,1,0,3,3,0,2,1,1,1,0,0,3,0,6,2,6,1
0,18,4,1,1,0,3,3,0,2,1,1,1,0,0,1,0,2,6,6,1
7,20,0,1,1,4,3,0,1,0,1,1,1,7,0,1,0,6,4,9,1
14,19,4,0,1,0,3,0,0,11,1,1,1,0,2,1,0,6,4,12,1
0,17,4,0,1,4,3,0,1,16,1,1,1,5,0,0,5,0,0,0,0
9,15,0,0,1,4,0,0,1,6,1,1,1,5,0,5,3,6,2,14,1
15,20,0,0,1,0,1,1,0,0,1,1,1,0,2,1,0,9,10,14,1
5,19,4,0,1,0,3,0,0,0,1,1,1,0,0,1,0,3,2,5,1
2,19,0,1,1,0,3,0,0,8,1,1,1,7,0,1,0,6,6,3,0
9,18,4,1,1,4,3,0,1,11,1,1,1,5,0,1,5,0,0,0,1
9,17,0,1,1,0,3,1,0,8,1,1,1,0,0,3,5,1,0,1,1
3,15,4,0,1,0,3,0,0,2,1,1,1,7,0,0,5,0,0,0,1
7,21,0,1,1,0,3,3,0,1,1,1,1,7,0,2,0,6,4,10,0
11,19,4,1,1,0,3,0,0,12,1,1,1,5,2,3,0,2,5,4,1
7,18,4,1,1,0,3,0,0,0,1,1,1,0,0,1,0,4,10,5,1
1,18,4,1,1,0,3,1,0,16,1,1,1,0,0,1,1,6,0,6,0
12,18,0,0,1,0,3,0,0,1,1,1,1,8,2,5,0,6,4,9,1
15,19,0,1,1,0,3,0,0,0,1,1,1,0,2,1,5,4,0,3,0
9,20,4,1,1,0,3,0,0,0,1,1,1,0,0,1,0,6,3,13,0
14,18,2,0,1,0,1,0,0,0,1,1,1,0,2,1,0,9,6,12,1
2,18,4,1,1,0,3,0,0,0,1,1,1,7,0,1,0,2,2,4,0
6,20,4,0,1,0,3,3,0,3,1,1,1,1,0,2,0,3,8,10,1
8,17,4,0,1,0,3,3,0,2,1,1,1,0,0,1,0,3,2,8,1
4,18,4,1,1,0,3,1,0,16,1,1,1,0,0,2,0,1,1,3,0
11,20,4,0,1,0,3,0,0,12,1,1,1,0,2,1,0,7,3,11,0
4,20,4,1,1,0,3,0,0,2,1,1,1,5,0,1,0,6,4,10,0
10,15,0,1,1,0,3,0,0,0,1,1,1,7,0,1,2,0,0,0,1
2,17,4,0,1,0,3,0,0,2,1,1,1,7,0,0,5,0,0,0,1
6,18,4,0,0,0,3,0,0,2,1,1,1,2,0,1,0,5,6,5,1
1,18,4,1,1,0,3,0,0,0,1,1,1,0,0,1,0,2,2,4,1
1,15,4,1,1,0,3,0,0,2,1,1,1,0,0,1,5,2,0,1,1
0,19,4,1,1,2,3,1,0,0,1,1,1,0,0,1,0,4,3,8,0
13,15,4,0,1,0,3,1,0,0,1,1,1,0,2,3,0,1,1,5,0
5,20,4,1,1,0,3,0,0,0,1,1,1,1,0,5,2,6,0,2,0
12,20,4,1,1,0,3,3,0,11,1,1,1,5,2,1,0,6,6,11,1
2,18,4,0,1,0,3,3,0,2,1,1,1,1,0,1,5,5,0,3,1
4,21,4,1,1,0,1,1,0,14,1,1,1,0,2,1,0,6,11,7,0
5,17,4,0,1,3,3,0,1,0,1,1,1,5,0,1,0,3,8,11,1
12,19,4,0,1,4,3,0,1,2,1,1,1,7,2,1,0,6,4,10,1
0,13,4,0,1,4,3,0,1,8,1,1,1,7,0,1,0,1,6,3,1
10,5,4,0,1,3,3,0,1,2,1,1,1,8,0,0,5,0,0,0,1
1,18,4,1,1,0,3,3,0,2,1,1,1,0,0,1,0,4,1,4,1
10,18,4,0,1,0,3,1,0,2,1,1,1,7,0,1,0,3,8,10,1
2,20,4,1,1,4,3,0,1,9,1,1,1,0,0,1,0,1,6,3,0
0,18,4,0,0,0,3,0,0,16,1,1,0,0,0,0,5,0,0,5,0
10,0,4,0,1,0,3,3,0,10,1,1,1,0,0,1,0,6,3,6,1
5,18,0,0,1,4,3,0,1,1,1,1,1,7,0,1,0,6,10,7,1
11,20,4,0,1,0,3,3,0,11,1,1,1,2,2,1,0,6,5,14,1
6,17,0,1,1,0,3,0,0,2,1,1,1,0,0,0,5,0,0,0,1
4,20,0,1,0,0,3,0,0,0,1,1,1,0,0,1,0,7,6,13,1
11,20,4,0,1,0,3,1,0,12,1,1,1,0,2,1,0,6,5,12,1
11,21,4,1,1,4,3,0,1,0,1,1,1,5,2,1,0,6,2,14,1
4,18,4,1,1,0,3,0,0,2,1,1,1,7,0,1,0,6,11,3,1
10,20,0,1,1,0,3,1,0,1,1,1,1,0,0,1,0,6,6,14,0
0,18,4,0,1,0,3,0,0,16,1,1,1,5,0,0,5,0,0,0,1
15,19,0,1,1,4,3,0,1,0,1,1,1,0,2,1,5,0,0,0,1
13,19,0,0,1,0,0,0,0,7,1,1,1,0,2,5,0,8,6,9,1
13,17,2,1,1,0,3,1,0,2,1,1,1,0,2,1,0,6,4,8,1
13,14,0,0,1,0,3,3,0,0,1,1,1,7,2,1,0,6,7,12,1
2,18,4,1,1,0,3,0,0,16,1,1,1,7,0,1,5,6,0,4,1
10,18,4,1,1,0,3,1,0,2,1,1,1,0,0,1,0,6,3,7,0
12,19,4,1,1,0,3,0,0,0,1,1,1,0,2,4,0,4,4,6,1
7,21,4,0,1,0,3,3,0,0,1,1,1,5,0,2,0,6,8,14,1
5,20,4,1,1,0,3,3,0,2,1,1,1,0,0,1,0,2,1,4,0
14,8,0,0,1,4,3,0,1,0,1,1,1,0,2,1,0,6,4,14,1
1,18,4,0,1,0,3,0,0,16,1,1,1,0,0,0,5,0,0,0,0
15,23,0,0,1,3,3,0,1,15,1,1,1,5,2,0,5,0,0,10,1
1,17,4,0,1,0,3,0,0,2,1,1,1,0,0,0,5,0,0,0,1
0,15,4,0,1,4,3,0,1,4,1,1,1,0,0,1,0,5,6,6,1
0,17,4,1,1,0,2,0,0,2,1,1,1,0,0,1,0,4,4,6,1
5,20,4,1,1,0,3,1,0,4,1,1,1,0,0,1,0,5,10,3,0
9,15,4,0,1,0,3,0,0,0,1,1,1,7,0,1,0,5,4,3,1
3,17,4,0,1,0,3,3,0,15,1,1,1,0,0,0,5,0,0,0,0
12,18,4,0,1,0,3,0,0,2,1,1,1,0,2,6,0,8,6,6,1
1,18,4,0,1,0,3,0,0,2,1,1,1,0,0,0,5,0,0,0,1
8,15,4,0,1,0,3,0,0,11,1,1,1,0,0,0,5,0,0,0,0
8,18,4,0,1,0,3,1,0,0,1,1,1,0,0,1,0,6,3,8,1
13,11,4,0,1,4,3,0,1,0,1,1,1,0,2,1,0,6,3,6,1
8,15,4,1,1,0,3,0,0,0,1,1,1,0,0,1,0,7,6,9,1
9,20,4,1,1,0,3,0,0,0,1,1,1,0,0,1,0,6,6,12,1
12,14,4,0,0,0,3,0,0,15,1,1,0,0,2,0,5,0,0,0,1
4,12,0,0,1,4,3,0,1,0,1,1,1,0,0,0,5,0,0,0,1
15,20,2,1,1,0,3,1,0,0,1,1,1,0,2,1,0,7,1,13,0
10,12,3,1,1,0,3,0,0,0,1,1,1,0,0,1,0,6,10,4,1
13,15,0,0,1,0,3,0,0,2,1,1,1,7,2,1,0,2,8,4,1
8,20,4,0,1,4,3,0,1,9,1,1,1,5,0,0,5,0,0,0,1
11,15,0,0,1,0,1,1,0,0,1,1,1,0,2,1,0,9,4,12,0
8,6,0,1,1,3,3,0,1,7,1,1,1,8,0,1,0,2,8,4,1
6,18,4,1,1,0,3,1,0,0,1,1,1,0,0,1,5,0,0,1,0
13,18,4,0,1,0,3,0,0,4,1,1,1,0,2,1,0,6,4,9,1
0,18,4,0,1,0,3,1,0,16,1,1,1,0,0,0,5,0,0,0,1
4,18,4,0,1,0,3,0,0,11,1,1,1,0,0,1,5,0,0,0,0
11,21,0,0,1,0,3,1,0,0,1,1,1,5,2,3,0,6,6,13,1
4,15,4,0,1,0,3,0,0,9,1,1,1,7,0,1,0,6,2,8,1
3,13,4,1,1,0,3,3,0,11,1,1,1,0,0,1,5,0,0,0,0
3,15,4,0,1,0,3,0,0,12,1,1,1,0,0,1,0,6,3,11,0
6,20,4,1,1,0,3,1,0,2,1,1,1,0,0,1,0,6,2,13,1
13,18,0,0,1,3,1,1,1,0,1,1,1,8,2,1,1,8,0,13,1
10,21,4,1,1,0,3,3,0,14,1,1,1,5,0,0,5,0,0,14,0
1,17,4,0,1,0,3,3,0,16,1,1,1,5,0,1,5,6,0,3,1
5,20,4,0,1,0,3,0,0,2,1,1,1,0,0,1,0,6,2,6,1
14,14,4,0,1,4,3,0,1,12,1,1,1,7,2,1,0,6,4,5,0
13,12,0,0,1,4,3,0,1,1,1,1,1,0,2,1,2,0,0,0,1
9,16,4,0,1,0,3,1,0,12,1,1,1,0,0,1,0,7,1,10,1
11,20,0,1,1,4,3,0,1,1,1,1,1,5,2,1,0,7,3,11,1
9,20,4,0,1,0,3,0,0,2,1,1,1,1,0,1,0,6,8,13,1
7,18,4,1,1,0,3,1,0,5,1,1,1,0,0,1,0,6,3,6,1
4,20,4,0,1,0,3,1,0,11,1,1,1,0,0,1,0,4,3,3,1
2,18,4,0,1,0,3,1,0,2,1,1,1,0,0,1,2,1,0,2,1
15,20,4,0,1,4,3,0,1,0,1,1,1,0,2,1,0,4,3,14,1
2,15,4,0,1,4,3,0,1,0,1,1,1,7,0,1,0,6,2,6,0
15,21,0,1,1,4,3,0,1,1,1,1,1,5,2,0,5,0,0,0,0
14,18,0,0,1,0,1,1,0,0,1,1,1,8,2,1,5,0,0,0,0
8,17,4,0,1,0,3,3,0,2,1,1,1,7,0,0,5,0,0,3,1
15,23,0,1,1,3,3,0,1,0,1,1,1,5,2,1,0,6,6,14,1
2,19,4,0,1,0,3,1,0,0,1,1,1,0,0,1,0,9,6,12,1
6,20,4,0,1,0,3,0,0,2,1,1,1,5,0,1,0,6,4,13,1
3,18,4,0,1,0,3,0,0,2,1,1,1,0,0,1,0,4,6,4,1
12,18,0,0,1,0,3,0,0,0,1,1,1,0,2,1,0,7,3,11,1
13,16,4,0,0,0,3,1,0,5,1,1,0,0,2,1,5,3,0,3,1
14,20,0,1,1,0,3,0,0,1,1,1,1,0,2,2,0,6,6,10,0
7,20,4,0,1,0,3,0,0,11,1,1,1,0,0,1,0,7,7,10,0
7,4,0,0,1,4,3,0,1,0,1,1,1,7,0,2,0,7,5,12,1
11,21,0,1,1,4,3,0,1,0,1,1,1,7,2,6,0,8,0,9,1
8,20,0,1,1,0,3,1,0,0,1,1,1,0,0,1,5,6,0,1,1
0,18,4,0,1,0,3,0,0,16,1,1,1,0,0,6,5,1,0,2,0
12,20,2,1,1,0,3,1,0,0,1,1,1,0,2,1,0,9,8,12,0
2,18,4,0,1,0,3,3,0,2,1,1,1,0,0,1,0,6,8,11,1
13,20,0,0,1,0,3,1,0,1,1,1,1,0,2,2,0,9,0,14,1
1,18,4,0,1,4,3,0,1,2,1,1,1,7,0,1,5,6,0,4,1
7,15,4,1,1,4,3,0,1,0,1,1,1,5,0,0,5,0,0,0,1
12,20,4,1,1,3,3,2,1,2,1,1,1,7,2,5,4,6,4,11,0
13,5,0,0,1,3,3,0,1,4,1,1,1,0,2,4,0,6,10,14,1
13,15,4,1,1,0,3,0,0,0,1,1,1,0,2,1,0,6,4,10,1
10,15,4,0,1,0,1,0,0,0,1,1,1,8,0,5,0,6,4,2,1
9,18,0,0,1,0,3,1,0,0,1,1,1,0,0,1,0,7,3,10,1
8,20,4,1,1,0,3,0,0,2,1,1,1,5,0,3,0,6,3,12,1
12,20,0,1,1,4,3,0,1,1,1,1,1,7,2,1,0,8,6,11,1
13,0,4,0,1,4,3,0,1,9,1,1,1,0,2,1,0,6,3,9,1
11,15,0,1,1,4,3,0,1,8,1,1,1,0,2,1,0,6,8,7,1
6,17,4,1,1,0,3,1,0,0,1,1,1,0,0,1,0,5,6,6,1
14,20,4,1,1,0,3,3,0,0,1,1,1,0,2,2,0,6,8,13,1
2,18,4,0,1,0,3,0,0,11,1,1,1,0,0,0,5,0,0,0,0
3,18,4,0,1,0,3,0,0,2,1,1,1,0,0,1,0,4,4,2,1
15,23,4,0,1,0,3,0,0,15,1,1,1,0,2,1,5,6,0,14,0
1,18,4,0,1,0,3,3,0,2,1,1,1,1,0,0,5,0,0,0,1
11,8,0,0,1,2,1,0,1,0,1,0,1,8,2,4,0,6,4,12,0
7,18,4,0,1,0,3,0,0,0,1,1,1,0,0,1,0,4,2,8,1
10,20,4,1,1,0,3,3,0,5,1,1,1,5,0,1,0,6,4,10,1
12,18,0,0,1,0,3,0,0,1,1,1,1,7,2,1,0,6,6,9,1
4,20,4,0,0,0,3,1,0,2,1,1,1,0,0,1,0,6,6,8,1
5,15,4,1,1,0,3,0,0,12,1,1,1,0,0,2,0,6,2,6,1
14,15,4,1,1,0,3,0,0,0,1,1,1,0,2,1,0,5,0,4,1
13,20,0,1,0,0,3,1,0,1,1,1,1,0,2,1,5,0,0,0,1
9,20,4,1,1,0,3,0,0,9,1,1,1,0,0,1,2,6,0,10,1
5,20,4,0,1,3,3,0,1,10,1,1,1,8,0,1,0,6,2,6,0
13,20,4,1,0,0,3,1,0,0,1,1,0,0,2,0,5,0,0,0,1
2,18,4,1,1,3,3,0,1,0,1,1,1,7,0,1,5,0,0,0,0
2,18,4,1,1,0,3,1,0,12,1,1,1,0,2,1,0,6,6,6,1
7,18,4,0,1,0,3,1,0,0,1,1,1,0,0,1,0,8,3,12,0
11,20,0,0,1,4,3,0,1,1,1,1,1,5,2,0,5,0,0,0,1
6,15,4,1,1,0,3,3,0,14,1,1,1,0,0,0,5,0,0,10,1
7,13,4,0,1,0,3,0,0,2,1,1,1,0,0,1,0,6,10,6,0
1,18,4,0,1,0,3,0,0,16,1,1,1,5,0,0,5,0,0,0,0
1,19,4,0,0,0,3,1,0,2,0,1,0,0,0,0,5,0,0,5,1
10,15,0,0,1,0,3,0,0,15,1,1,1,0,0,1,5,6,0,1,1
12,15,4,1,1,0,3,0,0,2,1,1,1,1,2,1,0,2,11,3,1
7,15,4,1,1,4,3,0,1,12,1,1,1,7,0,1,5,6,0,4,0
12,17,4,0,1,0,3,0,0,2,1,1,1,0,2,2,0,6,3,8,1
4,20,4,1,1,0,3,0,0,9,1,1,1,5,0,1,2,2,0,8,0
2,15,4,1,1,0,3,0,0,2,1,1,1,7,0,1,0,1,1,1,1
12,19,0,0,1,4,3,0,1,1,1,1,1,7,2,1,0,6,2,10,1
13,20,0,1,1,3,3,3,1,1,1,1,1,5,2,7,5,0,0,0,1
15,22,4,0,1,0,3,1,0,7,1,1,1,8,2,1,0,5,4,6,1
14,15,0,1,1,0,3,0,0,8,1,1,1,7,2,1,0,6,1,7,1
5,20,4,1,1,0,3,0,0,12,1,1,1,5,0,1,0,6,2,13,1
6,20,0,1,1,0,3,1,0,0,1,1,1,0,0,1,0,6,6,12,1
7,20,0,1,1,0,3,0,0,2,1,1,1,0,0,1,0,6,4,10,1
12,20,0,1,1,0,3,0,0,0,1,1,1,0,2,1,0,6,2,12,1
9,20,0,1,1,0,3,0,0,2,1,1,1,8,0,1,0,2,7,7,1
10,21,4,0,1,0,3,0,0,0,1,1,1,0,0,7,0,6,1,13,0
6,18,4,1,1,0,3,0,0,0,1,1,1,7,0,1,0,6,6,9,1
4,16,0,0,1,0,3,0,0,1,1,1,1,4,0,1,5,9,0,4,0
0,15,4,1,1,0,3,3,0,14,1,1,1,0,0,1,5,2,0,2,1
11,15,4,0,1,0,3,0,0,2,1,1,1,1,2,1,2,6,0,4,1
5,18,4,0,1,0,3,0,0,4,1,1,1,5,0,1,0,1,3,1,1
5,12,4,0,1,0,3,0,0,0,1,1,1,7,0,0,5,0,0,4,1
10,20,4,0,1,0,3,1,0,10,1,1,1,0,0,1,0,6,8,14,0
11,15,4,0,1,0,3,0,0,0,1,1,1,8,0,4,0,4,1,4,0
8,16,4,0,1,0,3,0,0,2,1,1,1,0,0,1,0,3,6,5,1
7,21,4,1,1,0,3,1,0,12,1,1,1,5,0,1,0,9,2,14,1
14,20,0,0,1,0,3,1,0,0,1,1,1,0,2,1,0,6,3,11,1
4,15,0,0,1,0,0,0,0,16,1,1,1,0,0,5,3,9,1,1,1
8,21,4,1,1,0,3,0,0,0,1,1,1,7,0,4,0,2,2,4,1
11,17,4,1,0,0,3,0,0,0,1,1,0,0,2,1,0,6,2,6,1
2,18,4,1,1,0,3,0,0,2,1,1,1,0,0,1,0,5,5,7,0
0,18,4,0,1,0,3,0,0,2,1,1,1,7,0,1,5,0,0,0,1
11,23,0,0,1,2,3,3,0,1,1,1,1,5,2,1,0,6,8,14,0
2,18,4,0,1,4,3,0,1,9,1,1,1,5,0,0,5,0,0,0,1
6,18,0,1,1,0,3,3,0,0,1,1,1,0,0,1,0,6,3,12,1
12,20,4,0,1,0,3,0,0,0,1,1,1,1,2,1,0,8,10,14,0
1,18,4,0,1,0,3,0,0,2,1,1,1,7,0,1,5,0,0,0,0
5,20,4,0,1,0,3,0,0,0,1,1,1,5,0,1,0,6,3,12,1
14,18,0,0,1,0,3,0,0,0,1,1,1,0,2,1,0,8,11,13,1
5,20,4,0,1,2,3,3,0,2,1,1,1,5,0,4,5,0,0,3,1
3,16,4,1,1,0,3,0,1,9,1,1,1,8,0,1,0,3,1,4,1
5,15,0,0,1,0,3,3,0,0,1,1,1,0,0,1,0,8,8,8,0
8,13,4,0,1,4,3,0,1,9,1,1,1,7,0,0,5,0,0,0,1
6,15,4,0,1,0,0,0,0,16,1,1,1,0,0,5,3,2,2,7,1
4,21,4,0,1,0,3,0,0,14,1,1,1,7,0,0,5,0,0,0,1
13,16,0,0,1,4,3,0,1,1,1,1,1,0,2,1,0,6,3,7,1
14,19,4,1,1,0,3,3,0,0,1,1,1,4,2,3,0,8,8,11,1
13,20,0,0,1,0,3,3,0,9,1,1,1,0,2,1,0,6,3,14,1
13,20,2,1,1,4,3,0,1,0,1,1,1,5,2,1,0,9,0,11,0
7,20,4,1,1,0,3,0,0,2,1,1,1,5,0,1,5,0,0,0,0
3,15,4,0,1,0,3,0,0,4,1,1,1,0,0,1,0,6,8,9,1
7,17,4,1,1,0,3,0,0,0,1,1,1,5,0,1,0,2,5,4,0
6,15,4,0,1,0,3,3,0,2,1,1,1,0,0,1,0,6,5,11,1
12,21,4,1,1,0,3,0,0,0,1,1,1,0,2,1,0,7,2,14,1
3,18,4,1,1,0,3,0,0,2,1,1,1,5,0,1,5,0,0,2,0
14,20,0,0,1,4,3,3,1,1,1,1,1,0,2,1,0,6,10,12,1
4,19,4,1,1,0,3,0,0,2,1,1,1,5,0,1,0,2,4,4,1
8,20,4,1,1,0,3,0,0,2,1,1,1,7,0,1,5,0,0,0,1
4,18,4,0,1,0,3,0,0,2,1,1,1,0,0,1,2,2,0,4,1
0,8,4,0,1,4,2,0,1,11,1,1,1,0,0,1,0,1,4,5,1
10,20,4,1,1,0,3,1,0,2,1,1,1,5,0,1,0,7,7,12,1
14,19,4,1,1,0,3,0,0,0,1,1,1,0,2,1,5,0,0,0,1
6,15,0,0,1,0,3,0,0,0,1,1,1,7,0,1,0,6,0,9,1
11,16,0,0,1,2,3,1,1,0,1,1,1,8,2,6,1,6,0,7,1
10,16,4,1,1,0,3,1,0,0,1,1,1,0,0,1,0,6,6,10,1
14,8,1,1,0,3,1,1,1,0,1,0,1,0,2,4,5,0,0,2,0
9,15,4,1,1,0,3,3,0,14,1,1,1,7,0,1,0,4,6,6,1
6,20,4,1,1,0,3,1,0,2,1,1,1,0,0,1,0,6,1,11,1
1,18,4,0,1,0,3,0,0,2,1,1,1,0,0,1,0,1,3,4,0
2,17,4,0,1,0,3,0,0,2,1,1,1,1,0,1,2,1,0,2,1
15,20,0,0,1,0,3,3,0,1,1,1,1,0,2,4,0,6,4,9,0
4,20,4,1,1,0,3,0,0,2,1,1,1,0,0,1,0,6,3,9,1
0,17,4,0,1,0,3,0,0,16,1,1,1,0,0,1,0,4,1,6,1
13,18,4,0,1,4,3,0,1,5,1,1,1,0,2,1,0,8,6,12,1
7,16,0,1,1,0,3,2,0,1,1,1,1,4,0,1,5,5,0,4,0
6,18,4,0,1,0,3,3,0,0,1,1,1,0,0,1,0,6,6,9,1
3,15,4,1,1,0,3,3,0,2,1,1,1,0,0,1,0,6,6,3,1
5,20,0,0,1,0,3,0,0,1,1,1,1,5,0,1,5,0,0,0,0
6,19,4,0,0,0,3,0,0,16,1,1,0,0,0,0,5,0,0,5,0
13,15,0,1,1,0,3,0,0,1,1,1,1,0,2,7,1,6,0,9,1
0,15,4,0,1,0,3,0,0,14,1,1,1,0,0,3,0,2,10,4,0
8,18,4,1,1,0,3,0,0,11,1,1,1,7,0,1,0,4,6,6,0
14,20,0,0,1,0,1,1,0,1,1,1,1,0,2,5,0,9,8,11,1
9,20,4,1,1,0,3,1,0,2,1,1,1,8,0,8,5,0,0,0,1
12,16,4,0,1,3,3,0,1,2,1,1,1,5,2,1,0,6,4,8,1
14,18,4,1,1,3,3,0,1,12,1,1,1,0,2,1,0,6,10,10,1
14,18,0,1,1,0,3,0,0,2,1,1,1,0,2,1,0,4,6,10,1
5,20,4,0,1,0,3,0,0,2,1,1,1,0,0,1,0,6,6,9,0
13,0,4,1,1,4,3,0,1,2,1,1,1,5,2,0,5,0,0,6,1
6,15,0,1,1,0,3,0,0,11,1,1,1,0,0,4,0,4,4,7,0
7,20,0,1,1,4,3,0,1,1,1,1,1,5,0,0,5,0,0,0,0
14,15,4,1,1,0,3,0,0,2,1,1,1,0,2,2,0,5,2,2,1
10,14,0,0,1,0,3,3,0,15,1,1,1,0,0,0,5,0,0,0,1
4,18,0,0,1,0,3,1,0,0,1,1,1,0,0,1,0,8,5,11,1
11,15,0,1,1,0,3,3,0,1,1,1,1,0,2,1,0,8,8,8,1
12,18,3,0,1,3,3,0,1,0,1,1,1,0,2,1,0,7,4,9,1
8,20,4,0,1,3,3,3,1,2,1,1,1,5,0,2,5,1,0,1,0
12,19,0,0,1,0,1,0,0,0,1,1,1,0,2,1,0,8,8,13,1
9,13,0,0,1,0,3,0,0,0,1,1,1,0,0,1,0,8,4,6,1
9,20,4,0,1,0,3,0,0,12,1,1,1,5,0,1,0,7,2,12,0
14,20,4,0,1,0,3,1,0,0,1,1,1,0,2,1,0,7,8,14,1
1,18,4,1,1,0,3,0,0,2,1,1,1,5,0,1,0,2,4,5,1
10,20,0,0,1,3,3,0,1,0,1,1,1,5,0,1,1,8,0,12,1
13,17,0,1,1,0,3,0,0,2,1,1,1,0,2,1,0,6,3,9,1
1,18,4,1,1,0,3,0,0,5,1,1,1,0,0,1,0,3,5,6,1
7,18,4,1,1,0,3,0,0,2,1,1,1,0,0,1,0,6,7,8,1
4,18,4,0,1,0,3,0,0,2,1,1,1,0,0,1,0,9,4,10,1
15,20,4,0,1,0,3,1,0,0,1,1,1,0,2,1,0,6,6,10,1
9,18,4,0,1,4,3,0,1,2,1,1,1,0,0,1,0,6,11,5,1
12,15,0,1,1,0,3,1,0,1,1,1,1,0,2,1,1,4,0,4,1
14,20,0,0,1,3,3,0,1,0,1,1,1,5,2,1,0,7,6,11,1
14,23,4,1,1,0,3,3,0,0,1,1,1,5,2,7,5,0,0,2,1
5,15,4,0,1,0,3,0,0,11,1,1,1,7,0,1,0,9,2,4,1
12,18,3,0,1,0,3,0,0,0,1,1,1,0,2,7,0,7,8,9,1
14,14,0,0,0,0,3,0,0,0,1,1,0,0,2,1,0,6,5,12,1
8,20,4,1,1,0,3,1,0,2,1,1,1,8,0,1,0,6,9,6,1
4,15,0,0,1,4,3,0,1,2,1,1,1,5,0,1,0,6,3,9,1
1,15,4,0,1,4,3,0,1,9,1,1,1,5,0,0,5,0,0,0,1
11,15,0,1,1,4,3,0,1,0,1,1,1,7,2,6,0,4,3,5,1
11,21,4,0,1,0,3,0,0,0,1,1,1,0,2,1,0,7,1,13,0
5,15,4,0,1,4,3,1,1,2,1,1,1,0,0,0,5,0,0,0,1
4,15,4,0,1,0,3,0,0,11,1,1,1,8,0,1,0,1,6,5,0
13,15,4,1,1,0,3,0,0,2,1,1,1,0,2,1,0,5,5,6,1
10,20,4,0,1,0,3,0,0,11,1,1,1,2,0,6,0,6,3,14,1
10,18,3,1,1,0,3,3,0,0,1,1,1,0,0,1,0,4,2,9,1
15,20,0,1,1,3,3,0,1,1,1,1,1,5,2,0,5,0,0,0,1
4,18,4,1,0,0,3,0,0,2,1,1,0,1,0,0,5,0,0,4,1
10,12,3,1,1,4,3,0,1,9,1,1,1,0,0,1,0,6,8,9,1
10,17,0,0,1,0,3,1,0,1,1,1,1,0,0,1,2,0,0,4,1
5,18,4,0,1,4,3,0,1,2,1,1,1,0,0,0,5,0,0,0,1
1,18,4,1,1,4,3,0,1,16,1,1,1,5,0,9,5,3,11,5,1
12,15,4,0,1,0,3,0,0,14,1,1,1,0,2,7,0,6,3,9,1
9,15,4,1,1,4,3,0,1,0,1,1,1,5,0,1,0,5,0,8,0
15,19,4,0,1,4,3,0,1,2,1,1,1,0,2,2,0,9,11,11,1
9,18,0,0,1,3,3,0,1,0,1,1,1,7,0,1,0,6,7,9,1
10,18,4,1,1,4,3,0,1,0,1,1,1,7,0,1,0,3,4,4,1
7,15,0,1,1,0,3,0,0,2,1,1,1,7,0,0,5,0,0,0,1
9,20,4,0,1,0,3,1,0,11,1,1,1,5,0,1,0,6,3,12,1
6,11,4,1,1,4,3,0,1,11,1,1,1,0,0,0,5,0,0,0,1
11,15,0,0,1,4,3,0,1,0,1,1,1,7,2,1,0,6,11,11,1
3,15,4,1,1,0,3,3,0,11,1,1,1,0,0,1,0,6,2,6,0
6,20,4,0,1,0,3,1,0,0,1,1,1,0,0,1,0,6,3,12,1
2,20,4,1,1,0,3,0,0,2,1,1,1,5,0,1,0,6,3,14,0
3,18,0,0,1,4,3,0,1,0,1,1,1,5,0,1,0,6,8,14,1
1,18,4,1,1,0,3,0,0,16,1,1,1,0,0,0,5,0,0,0,1
3,18,4,0,1,0,3,0,0,9,1,1,1,0,0,1,0,6,10,10,1
8,20,4,1,1,0,3,0,0,2,1,1,1,0,0,3,0,6,6,12,1
7,19,4,0,1,0,1,0,0,16,1,1,1,0,0,1,0,8,3,7,0
2,19,4,0,1,0,0,0,0,16,1,1,1,0,0,5,3,2,3,2,1
12,20,0,1,1,4,3,0,1,1,1,1,1,0,2,1,0,1,3,3,0
10,21,4,1,1,0,3,1,0,0,1,1,1,5,0,2,0,6,11,8,1
5,15,0,1,1,4,3,0,1,1,1,1,1,7,0,1,0,6,2,6,1
13,20,0,0,1,3,3,0,1,0,1,1,1,5,2,4,0,6,10,14,1
10,21,4,1,1,0,3,3,0,2,1,1,1,0,0,1,1,6,0,10,1
1,19,4,0,1,0,3,3,0,2,1,1,1,0,0,3,0,1,6,4,1
0,18,4,1,1,3,3,3,1,0,1,1,1,7,0,1,0,1,3,1,1
8,12,2,0,0,0,3,0,0,9,1,1,1,2,0,1,0,6,3,5,1
5,20,4,1,1,0,3,1,0,12,1,1,1,0,0,1,5,0,0,0,0
3,18,4,1,1,0,3,3,0,2,1,1,1,0,0,1,0,2,9,4,1
15,21,4,0,1,0,3,1,0,0,1,1,1,0,2,6,0,6,3,14,1
8,15,4,1,1,0,3,0,0,7,1,1,1,0,0,1,0,3,3,9,1
6,17,4,0,1,0,3,0,0,14,1,1,1,0,0,1,0,6,6,10,1
2,17,4,1,1,0,3,0,0,2,1,1,1,0,0,3,0,1,1,1,1
15,22,0,1,1,4,3,0,1,0,1,1,1,0,2,1,0,6,9,14,1
11,15,4,1,1,0,3,0,0,2,1,1,1,7,2,1,0,3,1,6,1
15,22,0,1,1,0,3,0,0,15,1,1,1,1,2,0,5,0,0,0,0
4,19,4,0,1,0,3,3,0,2,1,1,1,0,0,0,5,0,0,0,1
6,20,0,0,1,0,3,0,0,0,1,1,1,0,0,1,0,6,0,9,0
7,19,0,1,1,0,3,0,0,0,1,1,1,0,0,1,0,6,6,9,0
6,20,4,0,1,0,3,3,0,2,1,1,1,5,0,1,5,0,0,0,1
2,18,0,1,1,0,3,2,0,8,1,1,1,0,0,1,5,3,0,0,1
4,20,4,1,1,0,3,0,0,2,1,1,1,5,0,0,5,0,0,0,1
9,15,0,1,1,3,3,3,1,0,1,1,1,0,0,3,0,6,7,12,1
0,18,4,1,1,0,3,0,0,2,1,1,1,1,0,9,2,0,0,0,1
9,20,4,0,1,0,3,0,0,2,1,1,1,0,0,1,0,6,10,11,1
11,21,4,1,1,0,3,0,0,0,1,1,1,0,2,2,0,3,1,8,1
1,18,4,1,1,0,3,1,0,2,1,1,1,0,0,1,0,4,11,4,1
14,18,4,1,1,0,3,0,0,9,1,1,1,0,2,1,0,6,8,12,1
8,17,4,0,1,0,3,0,0,2,1,1,1,0,0,1,0,6,6,8,1
15,18,2,1,1,0,3,0,0,12,1,1,1,0,2,1,0,7,8,11,0
15,21,0,0,1,0,3,0,0,0,1,1,1,0,2,4,0,6,5,13,1
13,18,4,1,1,0,3,0,0,0,1,1,1,0,2,1,0,5,3,6,0
11,19,4,0,1,0,3,1,0,12,1,1,1,0,2,1,2,3,0,5,0
12,18,4,1,1,0,3,0,0,0,1,1,1,1,0,4,0,4,8,3,1
1,15,4,0,1,0,3,3,0,2,1,1,1,7,0,1,0,2,7,4,1
13,11,4,0,1,4,3,0,1,0,1,1,1,0,2,1,0,6,10,6,1
2,18,4,1,1,0,3,0,0,9,1,1,1,0,0,1,5,2,0,4,1
11,17,4,1,1,3,3,0,1,0,1,1,1,0,2,1,0,6,5,10,1
7,14,4,0,1,0,3,0,0,16,1,1,1,7,0,3,0,8,10,11,1
0,15,4,0,1,0,3,0,0,2,1,1,1,8,0,1,0,3,6,4,1
8,18,4,0,1,4,3,0,1,9,1,1,1,7,0,1,0,6,11,8,1
4,20,4,0,1,0,3,0,0,2,1,1,1,5,0,1,0,6,6,11,0
14,18,4,0,0,0,3,0,0,0,1,1,0,0,2,1,0,6,3,13,1
12,20,4,1,1,0,3,0,0,14,1,1,1,0,2,1,5,0,0,2,1
15,18,4,0,1,3,3,0,1,0,1,1,1,0,2,1,0,4,2,5,1
6,20,4,1,1,0,2,0,0,10,1,1,1,0,0,4,0,8,3,13,1
3,15,4,0,1,0,3,0,0,12,1,1,1,0,0,1,0,6,2,6,1
10,0,4,0,1,0,3,0,0,12,1,1,1,0,0,1,0,6,4,11,0
10,20,4,0,1,0,3,0,0,0,1,1,1,7,0,3,2,0,0,0,1
3,15,4,1,1,0,3,0,0,12,1,1,1,0,0,1,0,2,4,4,0
3,15,0,0,1,4,3,0,1,8,1,1,1,0,0,9,2,3,0,0,0
13,15,4,1,0,0,3,1,0,7,1,1,0,0,2,1,5,0,0,4,1
2,14,4,1,1,0,3,1,0,3,1,1,1,0,0,1,0,2,7,6,1
14,15,4,1,1,0,3,3,0,0,1,1,1,1,2,0,5,0,0,7,1
13,20,0,1,1,0,3,0,0,0,1,1,1,5,2,4,0,1,9,14,1
2,15,4,0,1,0,3,0,0,15,1,1,1,0,0,0,5,0,0,0,0
14,20,0,1,1,3,3,0,1,1,1,1,1,0,2,1,0,6,4,9,1
11,0,4,0,0,0,3,0,0,0,1,1,1,7,2,1,0,8,4,8,1
5,18,4,1,1,0,3,0,0,2,1,1,1,7,0,1,0,6,8,9,1
14,18,4,0,0,0,3,1,0,0,1,0,0,0,2,6,5,0,0,5,1
15,8,4,0,1,4,3,0,1,12,1,1,1,0,2,1,0,6,4,12,0
1,18,4,0,1,4,3,0,1,2,1,1,1,5,0,1,0,1,3,1,1
15,20,4,1,1,0,3,1,0,0,1,1,1,0,2,1,0,6,8,8,1
5,15,4,1,1,0,3,0,0,2,1,1,1,7,0,1,0,1,2,2,1
2,16,4,0,1,0,3,3,0,10,1,1,1,4,0,1,5,5,0,4,1
8,21,4,0,1,4,3,3,1,11,1,1,1,5,0,1,0,7,10,13,0
7,15,4,0,1,0,3,1,0,7,1,1,1,0,0,1,0,8,4,6,1
15,17,4,1,0,0,3,1,0,0,1,0,0,8,2,6,0,8,0,7,1
4,15,4,0,0,0,3,1,0,15,1,1,0,0,0,0,5,0,0,0,0
10,15,0,0,1,0,3,0,0,8,1,1,1,7,0,1,0,6,0,8,1
13,18,4,0,1,0,3,1,0,0,1,1,1,5,2,1,0,6,2,8,1
5,18,4,0,1,0,3,0,0,0,1,1,1,7,0,5,0,6,4,2,1
9,20,0,1,1,0,3,1,0,0,1,1,1,0,0,1,5,0,0,0,1
3,18,4,0,1,0,3,0,0,2,1,1,1,1,0,1,0,3,3,5,1
4,22,4,0,1,0,3,3,0,7,1,1,1,0,0,7,0,9,8,8,1
4,15,0,1,1,0,3,1,0,2,1,1,1,0,0,1,5,0,0,0,1
13,16,4,0,0,0,3,0,0,15,1,1,0,7,2,0,5,0,0,1,1
7,19,0,1,1,0,3,0,0,1,1,1,1,5,0,1,5,0,0,0,1
14,11,4,1,1,0,3,0,0,2,1,1,1,0,2,1,0,5,3,2,1
13,15,0,0,1,0,3,0,0,0,1,1,1,0,2,1,0,6,6,9,1
12,21,0,0,1,4,3,0,1,9,1,1,1,5,2,1,0,6,3,14,1
4,20,4,1,1,4,3,0,1,2,1,1,1,7,0,1,0,2,5,4,0
12,18,0,1,1,0,3,0,0,1,1,1,1,0,2,1,5,0,0,0,1
12,19,0,1,1,3,3,3,1,0,1,1,1,5,2,1,0,4,2,5,1
4,15,4,1,1,0,3,0,0,16,1,1,1,0,0,1,5,6,0,2,1
14,18,4,0,1,3,3,0,1,2,1,1,1,5,2,3,5,0,0,0,1
12,17,4,0,1,0,3,0,0,9,1,1,1,0,2,1,0,4,6,3,1
9,20,0,1,1,0,1,0,0,0,1,1,1,0,0,5,5,9,0,3,1
2,17,4,1,0,0,3,0,0,16,1,1,0,0,0,0,5,0,0,0,1
8,20,0,1,1,0,3,1,0,2,1,1,1,0,0,1,0,2,2,6,1
3,18,4,0,1,0,3,1,0,2,1,1,1,0,0,5,2,2,0,3,1
7,20,0,0,1,0,3,3,0,1,1,1,1,5,0,1,0,8,11,13,0
12,13,0,1,1,0,3,0,0,8,1,1,1,0,2,0,5,0,0,0,1
5,15,4,1,1,0,3,0,0,11,1,1,1,0,0,6,0,6,3,2,1
14,10,2,0,1,4,3,0,1,5,1,1,1,7,2,1,0,6,3,3,1
8,15,2,0,1,0,3,1,0,7,1,1,1,0,0,1,0,9,11,12,1
5,20,4,1,1,0,3,0,0,2,1,1,1,5,0,1,0,4,6,3,1
0,15,4,0,1,0,3,0,0,2,1,1,1,7,0,0,5,0,0,0,1
11,20,0,1,1,0,3,3,0,1,1,1,1,5,2,1,0,6,0,14,1
5,20,4,1,1,0,3,0,0,0,1,1,1,0,0,2,0,3,1,3,1
6,19,4,0,1,0,3,0,0,11,1,1,1,0,0,2,0,6,3,6,1
0,18,4,1,1,0,3,0,0,2,1,1,1,7,0,1,0,3,0,1,1
7,20,0,1,1,0,3,0,0,1,1,1,1,0,0,2,5,0,0,0,0
0,14,4,1,1,0,3,0,0,3,1,1,1,8,0,1,0,2,1,6,1
9,20,4,0,1,0,3,0,0,12,1,1,1,0,0,2,0,9,2,13,0
14,21,4,1,1,0,3,3,0,12,1,1,1,0,2,6,0,6,9,14,0
3,20,4,0,1,0,3,1,0,0,1,1,1,5,0,1,0,6,5,11,0
12,20,4,0,1,0,3,0,0,2,1,1,1,8,0,1,1,4,0,1,1
8,21,4,1,1,0,3,3,0,5,1,1,1,5,0,2,0,2,6,6,1
0,15,4,0,1,4,3,0,1,2,1,1,1,5,0,1,0,2,2,3,1
3,15,4,1,1,0,3,0,0,2,1,1,1,7,0,1,0,6,4,4,1
3,15,4,1,1,0,3,0,0,2,1,1,1,7,0,1,0,1,4,4,1
4,18,4,1,1,0,3,3,0,2,1,1,1,0,0,0,5,0,0,0,1
10,20,4,0,1,0,3,3,0,0,1,1,1,8,0,1,0,6,4,12,0
14,20,0,0,1,4,3,0,1,0,1,1,1,0,2,1,0,9,5,10,1
14,21,0,0,1,4,3,0,1,0,1,1,1,5,2,1,0,6,2,14,0
1,15,4,1,1,0,3,0,0,2,1,1,1,0,0,1,0,5,9,6,1
5,18,0,1,1,0,3,1,0,0,1,1,1,0,0,1,0,4,2,10,0
0,17,0,1,1,3,3,2,0,8,1,1,1,0,0,1,5,2,0,1,0
11,20,0,0,1,0,3,1,0,0,1,1,1,0,2,1,0,6,3,10,1
13,20,4,1,1,4,3,0,1,9,1,1,1,1,2,1,0,1,3,6,1
13,0,0,1,1,4,3,3,1,1,1,1,1,7,2,0,5,0,0,0,1
8,19,4,0,1,0,3,1,0,2,1,1,1,0,0,1,0,6,3,7,1
5,18,4,0,1,3,1,0,1,0,1,1,1,5,0,5,0,6,3,10,1
0,15,4,1,1,0,3,0,0,2,1,1,1,0,0,0,5,0,0,0,1
0,17,4,0,1,0,3,0,0,2,1,1,1,0,0,1,0,1,1,2,1
11,17,0,1,1,0,3,0,0,1,1,1,1,0,2,2,0,8,8,12,0
11,10,0,1,1,4,3,0,1,0,1,1,1,0,2,0,5,0,0,0,0
8,20,4,0,1,0,3,0,0,11,1,1,1,7,0,1,0,6,6,5,1
14,0,4,0,1,4,3,0,1,0,1,1,1,7,2,1,0,6,3,9,1
11,14,0,0,1,0,3,3,0,14,1,1,1,0,2,1,5,0,0,0,1
15,22,0,0,1,0,3,0,0,1,1,1,1,0,2,2,0,9,0,13,1
9,20,4,0,1,0,3,0,0,11,1,1,1,0,0,1,5,2,0,3,0
12,20,4,0,1,0,3,0,0,12,1,1,1,0,2,6,2,6,0,14,1
9,18,4,0,1,4,3,0,1,2,1,1,1,7,0,1,0,6,3,8,1
12,20,0,1,1,0,3,1,0,1,1,1,1,8,2,1,5,0,0,0,1
5,15,4,0,1,0,3,1,0,2,1,1,1,0,0,1,0,1,3,2,1
14,17,0,0,1,0,3,3,0,1,1,1,1,7,2,3,2,6,0,9,1
10,15,0,1,1,0,3,0,0,15,1,1,1,7,0,1,5,0,0,0,1
14,20,0,0,1,0,3,1,0,0,1,1,1,0,2,1,0,4,1,13,0
10,19,4,1,1,0,3,0,0,2,1,1,1,0,0,1,0,5,10,8,1
5,19,4,1,1,0,3,3,0,2,1,1,1,0,0,0,5,0,0,0,1
6,18,4,1,0,0,3,0,0,2,1,1,1,5,0,1,5,0,0,2,0
1,19,4,1,1,0,3,1,0,2,1,1,1,0,0,1,1,3,0,4,0
12,15,4,0,1,0,3,0,0,2,1,1,1,7,2,1,0,6,3,8,1
12,19,4,0,1,0,3,1,0,12,1,1,1,0,2,2,0,9,6,10,1
4,15,4,1,1,4,3,0,1,2,1,1,1,5,0,1,0,6,6,6,1
3,13,4,0,1,0,3,1,0,15,1,1,1,0,0,1,5,0,0,0,0
3,19,0,0,1,0,3,0,0,0,1,1,1,0,0,1,2,0,0,0,1
13,20,0,1,1,4,3,0,1,1,1,1,1,5,2,1,0,6,4,13,1
7,18,4,0,1,0,3,0,0,0,1,1,1,0,0,1,0,6,7,9,0
7,20,4,1,1,0,3,1,0,11,1,1,1,8,0,1,0,6,3,7,0
8,20,4,1,0,0,3,0,0,2,1,1,0,0,0,2,5,0,0,0,1
9,20,4,0,1,0,3,0,0,0,1,1,1,0,0,1,0,8,7,14,1
13,23,0,0,1,2,0,3,0,0,1,1,1,0,2,5,1,8,4,14,1
1,17,4,0,1,0,3,0,0,2,1,1,1,0,0,1,5,4,0,2,1
12,18,4,1,1,0,3,1,0,2,1,1,1,0,2,1,0,4,4,9,1
0,18,4,1,1,0,3,1,0,16,1,1,1,7,0,1,0,2,1,2,1
9,20,4,0,1,0,3,1,0,0,1,1,1,0,0,1,0,4,3,4,1
5,20,4,1,1,0,3,0,0,2,1,1,1,0,0,1,0,6,4,6,1
4,15,4,1,1,4,3,0,1,0,1,1,1,7,0,1,0,6,6,8,0
13,20,0,1,1,0,3,1,0,1,1,1,1,5,2,1,0,6,6,13,1
6,20,4,0,1,0,2,0,0,10,1,1,1,0,0,1,0,6,8,13,1
10,12,2,0,1,0,3,3,0,7,1,1,1,0,0,1,2,0,0,0,1
5,17,0,0,1,0,3,0,0,2,1,1,1,0,0,1,2,6,0,5,1
12,18,0,1,1,0,3,1,0,0,1,1,1,0,2,1,0,4,3,8,1
8,15,0,1,1,0,3,0,0,8,1,1,1,7,0,1,0,7,8,8,0
11,18,4,1,1,0,3,1,0,2,1,1,1,0,2,1,0,6,3,11,1
10,18,4,0,1,3,1,1,1,0,1,1,1,7,0,5,3,6,7,13,0
4,19,4,1,1,0,3,0,0,2,1,1,1,7,0,1,0,4,2,4,1
9,16,4,1,1,0,3,0,0,12,1,1,1,7,0,1,0,7,6,10,1
13,19,0,1,1,0,3,0,0,0,1,1,1,0,2,3,0,6,0,6,1
4,15,0,0,1,4,3,0,1,0,1,1,1,0,0,1,0,4,2,2,1
4,12,2,0,1,4,3,3,1,14,1,1,1,0,0,1,0,6,8,7,1
6,15,0,1,1,4,3,0,1,8,1,1,1,7,0,4,0,1,1,5,0
7,14,4,0,1,4,3,3,1,2,1,1,1,8,0,1,0,6,8,8,1
12,22,4,0,1,0,3,0,0,9,1,1,1,8,0,1,1,4,0,8,0
14,15,4,0,1,0,3,1,0,2,1,1,1,0,2,1,0,2,2,2,1
9,20,4,0,1,4,3,0,1,11,1,1,1,5,0,1,0,6,8,11,0
13,15,0,1,1,3,3,0,1,9,1,1,1,5,2,1,0,6,2,10,1
0,15,4,0,1,0,3,3,0,5,1,1,1,7,0,1,0,6,2,8,1
0,15,4,0,1,0,3,0,0,2,1,1,1,7,0,1,0,4,0,1,1
3,15,4,1,1,0,3,1,0,2,1,1,1,0,0,1,5,0,0,0,1
14,20,4,1,1,0,3,0,0,9,1,1,1,5,0,4,0,5,5,14,1
9,14,4,1,1,0,3,0,0,2,1,1,1,8,0,8,5,6,0,4,1
11,17,4,1,1,0,3,3,0,0,1,1,1,0,2,0,5,0,0,0,1
7,20,4,1,1,0,3,0,0,2,1,1,1,5,0,1,0,6,2,10,1
9,19,0,1,1,4,3,0,1,0,1,1,1,5,0,1,0,6,9,11,1
11,15,4,0,1,0,3,0,0,2,1,1,1,5,2,1,0,3,6,6,1
8,18,4,0,0,0,3,2,0,2,1,1,0,0,0,0,5,0,0,0,1
3,19,4,1,1,0,3,0,0,0,1,1,1,0,0,3,0,2,2,5,0
12,20,4,0,1,0,3,0,0,11,1,1,1,0,2,1,0,8,10,14,0
7,15,0,0,1,0,3,3,0,2,1,1,1,0,0,0,5,0,0,0,1
6,20,4,0,1,0,3,0,0,0,1,1,1,5,0,1,0,5,8,14,1
9,18,4,1,1,3,3,0,1,2,1,1,1,0,0,1,0,6,4,9,1
6,15,4,1,1,0,3,3,0,12,1,1,1,0,0,1,0,6,6,9,1
15,20,0,1,1,0,3,0,0,1,1,1,1,0,2,0,5,0,0,0,1
8,18,4,0,1,0,3,3,0,5,1,1,1,7,0,1,0,8,3,13,1
15,18,4,0,1,4,3,0,1,2,1,1,1,5,2,1,0,4,3,4,1
9,16,3,0,1,0,3,0,0,2,1,1,1,6,0,1,0,6,10,8,1
4,18,0,1,1,0,3,0,0,0,1,1,1,5,0,0,5,0,0,0,0
12,15,3,0,1,3,3,0,1,9,1,1,1,0,2,1,0,7,2,8,1
13,19,4,0,1,0,3,0,0,0,1,1,1,0,2,3,0,6,6,12,1
13,20,0,0,1,0,3,1,0,1,1,1,1,0,2,1,0,6,3,11,1
3,15,0,0,1,0,3,0,0,1,1,1,1,7,0,0,5,0,0,0,1
4,15,4,0,1,4,3,0,1,2,1,1,1,7,0,0,5,0,0,0,1
9,18,4,1,1,0,3,0,0,2,1,1,1,7,0,1,0,6,6,9,1
5,20,4,1,1,0,3,1,0,0,1,1,1,0,0,1,0,5,3,10,0
4,18,4,1,1,0,3,0,0,14,1,1,1,7,0,1,0,2,4,5,1
2,13,4,0,1,0,3,0,0,15,1,1,1,1,0,0,5,0,0,0,1
2,15,4,0,1,0,3,0,0,2,1,1,1,7,0,1,0,6,3,3,1
3,15,4,0,1,4,3,3,1,12,1,1,1,0,0,1,0,7,8,5,1
5,15,4,1,1,0,3,0,0,14,1,1,1,0,0,0,5,0,0,10,1
13,18,4,1,1,4,3,0,1,0,1,1,1,7,2,1,0,2,2,5,0
5,15,4,0,1,0,3,1,0,2,1,1,1,0,0,1,0,6,2,4,1
9,21,4,0,1,0,0,1,0,5,0,1,1,0,0,5,3,6,9,9,1
1,17,0,0,1,0,3,0,0,1,1,1,1,7,0,1,5,3,0,4,1
9,15,4,0,1,0,3,0,0,2,1,1,1,0,0,6,0,5,0,6,1
4,15,4,0,1,0,3,1,0,7,1,1,1,7,0,6,2,0,0,0,1
15,19,4,1,1,3,3,3,1,0,1,1,1,5,2,1,0,2,4,5,1
11,19,0,1,1,0,3,1,0,0,1,1,1,0,2,1,0,3,2,11,1
6,15,0,1,1,0,3,0,0,0,1,1,1,7,0,1,0,6,4,10,1
0,18,4,0,1,0,3,0,0,5,1,1,1,7,0,1,0,6,5,9,1
11,11,4,0,1,0,3,0,0,0,1,1,1,0,2,1,0,6,8,10,1
2,18,4,1,1,0,3,0,0,2,1,1,1,7,0,4,0,6,4,5,1
1,18,4,1,1,0,3,1,0,16,1,1,1,0,0,1,5,1,0,2,1
3,18,4,1,1,0,3,0,0,2,1,1,1,1,0,1,0,6,2,3,1
13,13,4,0,1,0,3,0,0,15,1,1,1,1,2,1,5,3,0,2,0
0,15,4,0,0,0,3,1,0,16,1,1,0,0,0,1,5,0,0,2,0
15,23,0,0,1,4,3,0,1,0,1,1,1,0,2,1,0,6,11,14,0
4,15,4,0,1,3,3,0,1,2,1,1,1,0,0,1,0,3,2,5,1
4,12,4,0,0,0,3,0,0,15,1,1,1,7,0,1,5,0,0,1,1
9,20,4,0,1,0,3,0,0,2,1,1,1,5,0,1,0,8,5,11,1
11,14,4,0,0,0,3,1,0,16,1,1,0,0,2,2,0,1,1,2,1
11,16,4,0,1,0,3,0,0,15,1,1,1,0,2,0,5,0,0,0,1
4,20,4,0,1,0,3,0,0,2,1,1,1,0,0,1,2,1,0,1,1
2,15,4,0,1,3,3,0,1,2,1,1,1,0,0,3,0,1,4,5,1
3,19,4,1,1,0,3,1,0,2,1,1,1,7,0,1,0,4,2,6,1
12,15,4,1,1,0,3,0,0,12,1,1,1,0,2,1,0,5,11,3,1
5,19,4,0,1,0,3,1,0,2,1,1,1,0,0,1,2,2,0,2,1
1,18,4,0,1,0,3,3,0,16,1,1,1,0,0,1,0,1,1,3,1
6,15,4,0,1,0,3,3,0,14,1,1,1,0,0,7,0,4,10,13,1
3,18,4,1,1,0,3,0,0,2,1,1,1,0,0,1,0,4,6,4,1
14,20,0,1,1,3,3,0,1,0,1,1,1,0,2,1,0,6,2,10,1
4,20,4,0,1,0,3,0,0,11,1,1,1,5,0,0,5,0,0,0,1
2,15,0,1,1,0,3,0,0,8,1,1,1,7,0,1,0,1,1,3,0
5,18,4,0,1,3,3,0,1,2,1,1,1,5,0,1,0,3,1,4,1
9,20,4,0,1,0,3,3,0,5,1,1,1,0,0,1,0,6,10,11,0
13,19,0,1,1,0,3,0,0,0,1,1,1,7,2,1,0,6,6,10,1
11,15,0,1,1,0,3,3,0,2,1,1,1,0,2,1,0,4,8,7,0
2,18,4,1,1,0,3,0,0,0,1,1,1,0,0,4,0,8,10,11,1
14,15,2,1,1,4,3,0,1,2,1,1,1,0,2,0,5,0,0,0,1
4,15,4,0,1,0,3,3,0,4,1,1,1,0,0,1,0,6,8,8,1
4,15,4,0,1,0,3,0,0,4,1,1,1,7,0,1,0,9,6,7,0
13,17,4,1,1,0,3,1,0,1,1,1,1,8,2,8,5,6,0,4,1
11,18,0,0,1,0,1,1,0,0,1,1,1,0,2,1,0,6,7,9,1
2,18,4,1,1,0,3,0,0,11,1,1,1,0,0,1,0,6,3,12,1
2,18,4,1,1,0,3,3,0,2,1,1,1,0,0,0,5,0,0,0,0
7,21,4,1,1,0,3,0,0,5,1,1,1,5,0,2,0,6,6,8,1
0,18,4,0,1,4,3,3,1,11,1,1,1,5,0,1,0,2,3,3,0
8,15,4,1,1,0,3,1,0,2,1,1,1,0,0,1,0,2,1,3,1
2,18,4,0,1,0,3,0,0,2,1,1,1,0,0,1,0,1,4,4,1
10,18,4,0,1,3,3,0,1,2,1,1,1,5,0,1,0,8,6,8,1
9,20,4,1,1,0,3,1,0,16,1,1,1,0,0,2,5,6,0,11,0
12,17,4,1,1,0,3,3,0,0,1,1,1,0,2,1,0,2,4,4,0
12,18,4,1,1,0,3,3,0,9,1,1,1,1,2,1,0,6,5,6,1
5,17,4,1,1,0,3,1,0,0,1,1,1,0,0,4,2,1,0,2,1
6,15,4,0,1,0,3,3,0,11,1,1,1,0,0,0,5,0,0,2,0
11,19,0,1,1,0,3,3,0,1,1,1,1,5,2,1,0,6,0,11,1
14,21,0,0,1,3,3,0,1,1,1,1,1,5,2,2,0,6,8,12,1
9,13,4,0,1,0,3,0,0,2,1,1,1,8,0,1,0,6,10,6,1
13,20,0,0,1,3,3,0,1,0,1,1,1,5,2,1,0,8,11,14,0
9,15,0,1,1,0,3,3,0,0,1,1,1,1,0,1,0,8,1,11,1
8,15,4,0,1,0,3,0,0,16,1,1,1,1,0,1,1,6,0,5,0
0,15,4,0,1,0,3,0,0,2,1,1,1,7,0,0,5,0,0,0,1
13,19,4,0,1,0,3,3,0,12,1,1,1,0,2,1,0,2,9,6,0
7,18,4,0,1,0,3,3,0,2,1,1,1,0,0,1,0,6,3,12,1
6,19,4,1,1,0,3,0,0,0,1,1,1,0,0,0,5,0,0,0,0
8,15,4,0,0,0,3,0,0,7,1,0,0,0,0,6,5,0,0,2,1
10,18,4,1,1,0,3,0,0,2,1,1,1,1,0,1,0,6,8,13,1
0,15,4,1,1,0,3,1,0,16,1,1,1,0,0,9,2,0,0,0,0
14,7,4,1,1,0,1,0,0,12,1,1,1,4,2,3,0,5,8,14,1
7,20,4,1,1,4,3,0,1,2,1,1,1,7,0,2,0,6,6,5,1
14,20,0,1,1,4,3,0,1,1,1,1,1,5,2,0,5,0,0,0,1
3,20,4,1,1,0,3,1,0,11,1,1,1,1,0,1,0,5,4,6,0
10,20,4,1,1,0,3,0,0,0,1,1,1,0,0,1,0,6,6,8,0
14,19,0,1,1,0,3,1,0,1,1,1,1,0,2,3,0,6,3,12,1
7,15,4,0,1,0,3,1,0,2,1,1,1,0,0,1,2,6,0,5,1
8,20,4,0,1,0,3,1,0,11,1,1,1,0,0,1,0,8,6,12,1
11,20,0,0,1,0,3,0,0,1,1,1,1,1,2,1,0,8,4,14,0
1,18,4,0,1,0,3,0,0,0,1,1,1,0,0,1,0,6,6,12,1
5,18,0,1,1,0,3,0,0,1,1,1,1,0,0,1,2,0,0,0,0
10,20,0,0,1,0,3,3,0,0,1,1,1,1,0,1,0,8,3,13,0
13,0,4,0,1,4,3,0,1,12,1,1,1,7,2,6,0,6,4,11,1
5,18,4,1,1,0,3,3,0,11,1,1,1,1,0,4,5,0,0,0,1
14,20,0,1,1,0,3,3,0,1,1,1,1,0,2,1,0,6,11,11,1
4,17,4,1,1,0,3,0,0,7,1,1,1,0,0,1,0,3,3,4,1
7,8,4,1,1,0,3,2,0,16,1,1,1,0,0,1,5,0,0,1,0
0,18,4,1,1,0,3,0,0,8,1,1,1,7,0,1,0,1,1,1,1
3,18,4,0,1,0,3,0,0,2,1,1,1,7,0,1,0,6,6,5,1
11,20,4,0,1,0,3,1,0,2,1,1,1,0,2,2,0,6,8,8,1
1,15,4,1,1,0,3,3,0,2,1,1,1,7,0,0,5,0,0,0,1
6,18,4,0,1,0,3,1,0,5,1,1,1,0,0,1,0,6,4,9,1
12,20,0,1,1,0,3,0,0,1,1,1,1,5,2,1,0,6,7,13,1
5,15,4,1,1,4,3,3,1,16,1,1,1,0,0,4,5,0,0,2,0
8,13,4,1,1,0,3,0,0,4,1,1,1,0,0,1,0,4,6,7,1
12,19,4,0,0,0,3,1,0,2,0,1,0,0,2,2,0,6,6,9,1
8,18,4,0,1,0,3,0,0,14,1,1,1,7,0,1,0,6,1,9,1
14,13,4,1,1,0,3,3,0,0,1,1,1,0,2,1,5,0,0,0,1
1,14,4,1,1,4,3,0,1,16,1,1,1,0,0,0,5,0,0,0,0
7,20,0,0,1,4,3,0,1,0,1,1,1,5,0,1,0,8,3,14,0
12,18,0,1,1,0,3,0,0,0,1,1,1,1,2,1,0,6,10,10,0
9,20,0,1,1,0,0,2,0,0,1,1,1,3,0,5,3,7,3,9,1
0,17,4,0,1,0,3,0,0,2,1,1,1,1,0,1,2,1,0,3,1
9,18,0,1,1,0,3,0,0,2,1,1,1,0,0,1,5,0,0,0,1
3,15,4,0,1,0,3,0,0,2,1,1,1,5,0,1,0,5,1,6,1
2,21,4,0,1,3,3,1,0,16,1,1,1,0,0,3,0,6,5,11,1
7,20,4,0,1,0,3,0,0,2,1,1,1,0,0,1,0,4,5,7,1
2,22,0,0,1,0,3,1,0,1,1,1,1,7,0,1,0,7,6,14,1
10,20,4,0,1,0,3,0,0,2,1,1,1,5,0,1,0,6,3,14,1
9,13,4,0,1,0,3,1,0,0,1,1,1,0,0,9,2,0,0,13,1
7,19,4,1,1,0,3,0,0,7,1,1,1,0,0,1,5,0,0,0,1
3,15,4,1,1,0,3,3,0,11,1,1,1,7,0,0,5,0,0,0,0
10,17,0,1,1,0,3,1,0,0,1,1,1,8,0,1,0,6,3,10,0
11,18,4,1,1,0,3,3,0,10,1,1,1,8,2,1,0,6,0,6,1
0,18,4,1,1,0,3,3,0,16,1,1,1,0,0,2,5,1,0,1,1
12,20,4,1,1,0,3,0,0,0,1,1,1,7,2,0,5,0,0,0,1
3,19,4,1,1,0,3,1,0,2,1,1,1,0,0,5,5,6,0,2,0
12,20,4,1,1,0,3,0,0,0,1,1,1,0,2,2,0,6,4,10,1
3,18,4,1,1,0,3,0,0,2,1,1,1,5,0,2,0,6,5,7,1
6,18,4,0,1,0,3,3,0,2,1,1,1,0,0,1,0,6,5,11,1
12,15,2,1,1,0,3,0,0,5,1,1,1,7,2,1,0,9,4,11,1
15,23,0,0,1,4,3,0,1,0,1,1,1,5,2,2,5,1,0,2,1
0,18,4,1,1,0,3,0,0,2,1,1,1,0,0,1,0,2,8,5,1
12,0,4,0,1,4,3,3,1,9,1,1,1,7,2,0,5,0,0,0,1
15,20,0,1,1,3,3,0,1,1,1,1,1,5,2,1,5,6,0,2,1
9,15,4,1,1,0,3,3,0,4,1,1,1,7,0,1,0,6,6,7,1
13,18,0,1,1,0,3,0,0,0,1,1,1,0,2,1,0,2,8,6,1
15,21,4,1,1,4,3,3,1,12,1,1,1,0,2,1,0,5,6,8,1
4,15,4,1,1,0,3,0,0,2,1,1,1,7,0,0,5,0,0,0,1
7,20,4,0,1,0,3,0,0,12,1,1,1,5,0,1,0,6,6,9,0
4,15,4,0,0,0,3,0,0,2,1,1,1,5,0,0,5,0,0,4,1
13,12,3,1,1,0,3,0,0,0,1,1,1,1,2,0,5,0,0,4,1
15,15,0,0,1,4,3,0,1,4,1,1,1,0,2,1,0,6,4,7,1
10,21,0,0,1,0,3,0,0,0,1,1,1,5,0,1,0,8,11,14,1
3,20,4,1,1,0,2,0,0,2,1,1,1,0,0,6,0,2,3,5,1
5,15,4,1,1,0,3,0,0,2,1,1,1,0,0,1,0,6,2,2,1
11,20,4,0,1,0,3,3,0,2,1,1,1,5,2,3,0,6,11,12,1
1,15,4,0,1,0,3,0,0,2,1,1,1,0,0,9,2,0,0,0,1
15,21,0,1,1,0,3,0,0,4,1,1,1,0,2,1,0,6,3,9,1
9,20,4,0,1,0,3,3,0,0,1,1,1,0,0,1,0,5,0,13,1
13,20,0,1,1,0,3,1,0,0,1,1,1,0,2,3,0,6,7,13,1
0,18,4,0,0,0,3,1,0,2,1,1,1,5,0,1,0,1,6,2,1
14,21,0,1,1,4,3,0,1,1,1,1,1,5,2,1,0,9,4,11,0
8,18,4,1,1,3,3,0,1,0,1,1,1,0,0,2,0,6,2,10,0
11,22,4,1,1,4,3,0,1,0,1,1,1,7,2,3,0,4,6,8,0
15,15,0,1,1,3,3,0,1,0,1,1,1,0,2,0,5,0,0,0,1
7,18,4,0,1,0,3,0,0,0,1,1,1,5,0,1,0,6,5,10,1
10,20,4,1,1,0,3,1,0,0,1,1,1,0,0,5,0,7,5,13,1
1,14,4,0,1,4,3,0,1,16,1,1,1,5,0,0,5,0,0,0,0
4,18,4,1,1,0,3,0,0,2,1,1,1,0,0,1,0,4,10,3,1
9,18,4,1,1,0,3,3,0,5,1,1,1,0,0,1,0,3,3,5,1
7,18,4,1,1,4,3,0,1,4,1,1,1,5,0,1,0,6,8,6,1
6,20,4,0,1,3,3,1,1,5,1,1,1,5,0,1,0,6,3,10,0
2,18,4,1,1,0,3,0,0,2,1,1,1,0,0,1,0,6,6,2,1
1,19,4,1,1,0,3,1,0,16,1,1,1,0,0,2,5,2,0,2,1
4,15,4,1,1,4,3,0,1,14,1,1,1,7,0,1,0,4,6,7,1
4,20,4,0,1,0,3,1,0,2,1,1,1,0,0,1,0,8,2,7,1
4,18,4,0,1,0,3,0,0,11,1,1,1,0,0,0,5,0,0,0,0
2,19,4,0,1,0,3,0,0,2,1,1,1,0,0,1,0,4,4,5,1
6,14,4,1,1,4,3,1,1,12,1,1,1,0,0,1,0,6,5,11,0
11,20,4,0,1,3,3,0,1,0,1,1,1,5,2,1,0,6,3,14,1
13,12,2,0,1,0,3,0,0,0,1,1,1,0,2,1,0,6,11,13,1
3,14,4,1,1,4,3,3,1,12,1,1,1,0,0,1,0,2,3,5,1
5,18,4,0,1,4,3,0,1,0,1,1,1,0,0,5,0,6,4,9,1
11,18,4,0,1,0,3,3,0,0,1,1,1,0,2,1,0,6,11,9,1
9,8,1,0,1,2,3,1,0,4,1,0,1,0,0,9,2,0,0,14,1
2,15,4,0,1,4,3,0,1,2,1,1,1,0,0,1,0,4,3,4,1
0,15,4,0,1,0,3,0,0,2,1,1,1,7,0,1,5,6,0,1,1
13,20,0,1,1,0,3,3,0,0,1,1,1,0,2,1,0,6,4,10,1
7,3,4,0,1,0,3,3,0,12,1,1,1,7,0,6,0,5,10,7,1
15,19,0,1,1,0,3,3,0,1,1,1,1,7,2,1,0,6,6,10,0
12,18,4,1,1,0,3,0,0,12,1,1,1,1,2,1,0,2,2,4,1
10,19,2,1,1,0,3,3,0,12,1,1,1,0,0,1,0,6,11,7,1
8,18,4,1,1,0,3,0,0,0,1,1,1,0,0,1,0,4,2,7,1
6,18,4,0,1,0,3,1,0,0,1,1,1,0,0,0,5,0,0,12,0
5,20,4,0,1,0,3,0,0,2,1,1,1,0,0,1,0,6,8,13,1
5,20,4,0,0,0,3,1,0,0,1,1,0,0,0,1,0,2,3,4,0
1,18,4,1,1,0,3,3,0,2,1,1,1,5,0,0,5,0,0,0,1
15,22,0,1,1,0,3,0,0,0,1,1,1,5,0,2,0,7,8,14,1
4,20,4,0,1,4,3,3,1,14,1,1,1,0,0,1,0,6,6,9,1
1,14,4,1,1,0,3,3,0,2,1,1,1,8,0,1,0,6,1,5,1
7,15,4,1,1,3,3,0,1,2,1,1,1,7,0,6,0,1,11,4,1
2,17,4,0,1,0,3,1,0,0,1,1,1,5,0,1,0,1,3,2,1
8,18,0,1,1,4,3,0,1,0,1,1,1,7,0,1,0,6,8,7,0
5,20,4,1,1,0,3,3,0,2,1,1,1,7,0,2,0,4,2,7,1
14,18,0,1,1,0,3,0,0,0,1,1,1,7,2,1,0,7,5,12,1
9,20,0,1,1,0,3,0,0,0,1,1,1,1,0,3,0,6,3,13,1
11,20,4,1,1,0,3,1,0,16,1,1,1,0,2,3,5,6,0,2,0
13,20,0,0,1,0,3,1,0,0,1,1,1,0,2,1,0,7,3,13,1
6,15,4,1,1,0,3,0,0,0,1,1,1,0,0,4,0,2,1,2,1
1,18,4,1,1,0,3,0,0,2,1,1,1,0,0,2,0,3,3,4,1
11,20,4,0,1,0,3,0,0,2,1,1,1,0,2,3,0,3,3,6,1
1,18,4,1,1,4,3,0,1,16,1,1,1,1,0,1,5,1,0,1,1
8,21,4,0,1,4,3,0,1,2,1,1,1,5,0,0,5,0,0,0,1
2,18,4,1,1,4,3,1,1,0,1,1,1,8,0,1,0,5,2,6,1
1,15,4,1,1,0,3,1,0,2,1,1,1,0,0,1,2,0,0,0,1
4,18,4,0,1,4,3,0,1,0,1,1,1,5,0,1,0,6,2,9,0
11,18,4,1,1,0,3,1,0,2,1,1,1,8,2,2,0,3,1,5,1
15,14,0,0,1,0,3,0,0,15,1,1,1,0,2,0,5,0,0,0,1
11,15,0,1,1,0,3,0,0,0,1,1,1,7,2,1,2,6,0,6,1
10,19,0,1,1,0,3,3,0,8,1,1,1,7,0,1,0,3,6,3,1
12,21,4,1,1,0,3,2,0,5,1,1,1,8,2,2,0,6,10,10,1
12,15,4,0,1,0,3,3,0,2,1,1,1,1,2,1,0,5,4,9,1
14,11,0,1,1,4,3,0,1,1,1,1,1,7,2,1,2,0,0,0,1
7,15,4,1,1,0,3,0,0,2,1,1,1,7,0,0,5,0,0,5,1
13,18,0,1,1,0,3,0,0,1,1,1,1,1,2,5,0,9,4,10,1
8,19,4,0,1,0,3,1,0,2,1,1,1,8,0,1,0,6,8,11,1
9,0,4,1,0,2,3,3,0,4,0,0,0,0,0,0,5,0,0,7,1
8,15,4,1,0,0,3,0,0,16,1,1,0,1,0,1,0,9,5,7,0
14,8,1,1,0,2,3,1,0,2,0,0,1,3,2,4,0,5,9,2,1
11,10,4,0,0,0,3,0,0,2,1,1,0,0,2,0,5,0,0,0,1
12,15,4,0,1,4,3,0,1,0,1,1,1,5,2,1,0,5,10,4,1
5,17,4,0,1,0,3,0,0,2,1,1,1,0,0,1,2,6,0,3,1
4,18,4,1,1,0,3,3,0,11,1,1,1,0,0,0,5,0,0,0,1
14,19,0,0,1,0,3,0,0,1,1,1,1,7,2,1,0,6,5,10,0
6,11,4,1,1,4,3,0,1,11,1,1,1,0,0,0,5,0,0,0,1
8,13,0,1,1,0,3,0,0,0,1,1,1,0,0,1,0,4,1,13,1
1,18,4,0,1,3,3,0,1,2,1,1,1,7,0,1,0,6,3,9,1
13,15,4,0,1,0,3,0,0,15,1,1,1,1,2,0,5,0,0,0,1
14,20,4,0,1,0,3,0,0,2,1,1,1,5,0,2,0,7,5,12,0
8,13,4,0,1,0,3,0,0,2,1,1,1,0,0,1,0,6,6,7,1
1,17,4,0,1,0,3,3,0,16,1,1,1,5,0,1,0,4,6,5,1
12,21,4,1,1,0,3,1,0,0,1,1,1,0,2,1,0,5,4,8,1
10,17,4,0,1,0,3,0,0,11,1,1,1,1,0,1,0,6,2,10,0
4,15,4,0,1,0,3,0,0,15,1,1,1,1,0,1,5,0,0,1,0
4,15,0,0,1,3,3,0,1,2,1,1,1,0,0,1,0,4,8,5,1
7,19,0,1,1,0,3,0,0,0,1,1,1,0,0,1,0,6,5,7,1
6,18,0,0,1,0,3,0,0,2,1,1,1,0,0,0,5,0,0,0,1
11,11,3,1,1,0,3,0,0,0,1,1,1,0,2,1,0,3,3,6,1
4,18,4,1,1,0,3,1,0,11,1,1,1,0,0,6,5,4,0,3,1
14,15,0,0,1,4,3,0,1,1,1,1,1,7,2,1,0,6,5,10,1
5,20,4,0,1,0,3,1,0,2,1,1,1,0,0,7,5,5,0,3,1
5,17,0,1,1,0,3,0,0,1,1,1,1,0,0,1,0,4,2,6,0
9,13,4,0,1,0,3,0,0,0,1,1,1,0,0,1,2,6,0,5,1
9,18,0,1,1,0,3,1,0,2,1,1,1,0,0,1,5,0,0,0,1
3,15,4,0,1,0,3,0,0,2,1,1,1,0,0,1,5,2,0,2,1
13,0,0,0,1,4,3,0,1,1,1,1,1,5,2,1,0,6,4,6,1
8,20,4,1,1,4,3,0,1,0,1,1,1,7,0,1,0,5,8,5,0
1,14,4,0,1,0,3,1,0,5,1,1,1,5,0,7,2,1,0,4,1
7,18,4,0,1,3,3,0,1,0,1,1,1,8,0,1,0,3,6,6,1
0,15,4,1,1,0,3,0,0,2,1,1,1,0,0,0,5,0,0,0,1
3,17,4,1,1,0,3,0,0,9,1,1,1,0,0,9,2,5,0,0,1
1,15,4,0,1,3,3,0,1,9,1,1,1,5,0,2,0,6,2,9,1
10,18,2,1,1,1,3,3,0,14,1,1,1,0,0,2,0,2,8,6,0
11,23,0,1,1,2,3,0,0,0,1,1,1,0,2,1,0,6,6,14,0
14,21,0,0,1,0,3,0,0,1,1,1,1,0,2,1,0,6,8,14,1
2,15,4,0,1,0,3,0,0,2,1,1,1,1,0,1,0,6,6,6,1
3,14,4,0,1,0,3,3,0,14,1,1,1,0,0,7,0,2,8,5,1
12,18,4,1,1,3,3,0,1,0,1,1,1,5,2,1,5,0,0,1,1
1,17,4,0,1,3,3,0,0,11,1,1,1,7,0,1,0,6,5,10,1
3,11,3,1,1,4,3,3,1,1,1,1,1,7,1,6,0,1,9,2,1
5,19,4,1,1,0,3,0,0,2,1,1,1,0,0,0,5,0,0,0,1
15,19,4,1,0,0,3,0,0,2,1,1,0,0,2,1,5,0,0,0,1
7,18,4,0,1,0,0,0,0,16,1,1,1,0,0,5,3,9,0,8,1
14,21,4,1,1,0,3,3,0,9,1,1,1,0,2,1,0,6,3,8,1
1,18,4,0,1,0,3,0,0,2,1,1,1,5,0,0,5,0,0,0,1
9,18,4,1,1,0,3,1,0,2,1,1,1,0,0,1,0,3,5,8,1
14,18,0,1,1,0,1,0,0,1,1,1,1,8,2,5,5,0,0,2,0
15,21,0,1,1,4,3,0,1,1,1,1,1,5,2,0,5,0,0,0,1
9,23,2,1,1,3,3,0,1,2,1,1,1,5,0,1,0,6,8,6,1
15,18,0,0,1,0,3,2,0,0,1,1,1,0,2,1,0,6,3,10,0
6,20,4,0,0,0,2,0,0,3,1,1,0,1,0,5,4,6,4,13,0
0,15,4,1,1,0,3,0,0,2,1,1,1,5,0,0,5,0,0,0,1
7,15,4,1,1,0,3,0,0,2,1,1,1,0,0,0,5,0,0,0,1
9,18,4,0,1,0,3,1,0,0,1,1,1,0,0,1,5,0,0,0,0
1,18,4,1,1,0,3,0,0,2,1,1,1,0,0,0,5,0,0,0,1
11,20,4,0,1,0,3,3,0,15,1,1,1,1,2,1,5,6,0,0,0
9,18,4,0,1,0,3,0,0,11,1,1,1,0,0,1,0,6,7,10,1
7,20,4,1,1,0,3,0,0,0,1,1,1,0,0,1,0,6,1,9,1
2,18,2,1,1,0,3,0,0,12,1,1,1,0,0,1,0,7,6,9,0
7,13,4,1,1,4,3,0,1,16,1,1,1,0,0,1,5,4,0,5,0
7,18,4,0,1,0,3,1,0,2,1,1,1,7,0,1,0,8,8,11,1
12,20,4,0,1,0,3,0,0,0,1,1,1,5,2,1,0,9,3,14,1
13,21,4,1,1,2,3,0,0,0,1,1,1,5,2,4,0,2,10,14,1
2,16,4,0,0,0,3,0,0,15,1,1,0,0,0,0,5,0,0,2,0
13,0,0,1,1,4,3,3,1,1,1,1,1,7,2,0,5,0,0,0,1
12,20,4,0,1,3,3,0,1,0,1,1,1,5,2,1,0,7,3,12,1
7,21,0,1,1,4,3,0,1,0,1,1,1,5,0,1,0,6,5,14,0
11,18,4,1,0,0,3,0,0,7,1,0,0,0,2,0,5,0,0,4,1
0,18,4,0,1,0,3,0,0,2,1,1,1,1,0,3,0,4,0,1,1
10,15,0,1,1,4,3,0,1,1,1,1,1,5,0,1,0,5,3,8,1
9,21,4,0,1,0,3,3,0,0,1,1,1,0,0,1,0,8,2,13,0
0,18,4,0,1,4,3,0,1,14,1,1,1,0,0,3,0,6,0,6,0
14,19,0,0,1,0,3,3,0,8,1,1,1,7,2,1,0,7,0,9,1
3,18,4,0,1,0,3,0,0,2,1,1,1,7,0,1,5,0,0,0,1
9,16,4,0,1,0,3,0,0,2,1,1,1,0,0,1,0,6,10,7,1
9,18,0,1,1,0,3,1,0,8,1,1,1,0,0,4,2,1,0,5,1
5,15,4,1,1,0,3,0,0,2,1,1,1,7,0,4,0,5,10,3,1
10,21,4,1,1,0,3,0,0,0,1,1,1,5,0,4,0,6,2,14,1
4,20,4,0,1,0,3,0,0,0,1,1,1,5,0,1,1,6,0,11,1
15,15,0,0,1,0,1,0,0,0,1,1,1,0,2,1,0,6,10,12,0
1,15,4,0,1,0,3,0,0,2,1,1,1,1,0,0,5,0,0,0,1
8,18,4,0,1,4,3,0,1,0,1,1,1,7,0,2,0,3,1,2,1
9,15,0,0,1,0,3,3,0,1,1,1,1,5,0,1,0,5,4,6,1
4,17,4,0,1,0,3,1,0,11,1,1,1,0,0,6,0,4,3,5,1
11,8,0,1,1,4,3,3,1,13,1,0,1,8,2,6,0,5,2,11,0
12,18,4,0,1,0,3,0,0,0,1,1,1,7,2,1,0,6,6,6,1
1,18,4,1,0,0,3,0,0,2,1,1,0,0,0,0,5,0,0,0,1
5,15,4,1,0,0,3,0,0,2,1,1,1,7,0,1,0,6,6,5,1
2,18,4,1,1,0,3,1,0,2,1,1,1,8,0,6,0,2,4,4,1
7,20,4,0,1,0,3,0,0,12,1,1,1,1,0,1,0,6,10,9,1
10,15,4,1,1,0,3,1,0,2,1,1,1,0,0,0,5,0,0,7,1
9,18,4,1,1,0,3,0,0,2,1,1,1,7,0,3,5,0,0,0,1
12,15,2,0,1,0,3,0,0,5,1,1,1,0,2,1,0,9,6,10,1
3,14,4,0,1,0,3,0,0,12,1,1,1,0,0,1,0,6,8,5,0
15,20,4,1,1,4,3,0,1,4,1,1,1,0,2,1,0,5,8,5,1
4,15,4,1,1,0,3,0,0,0,1,1,1,1,0,1,0,1,3,3,0
11,20,4,0,1,0,3,0,0,2,1,1,1,0,2,0,5,0,0,0,1
11,15,4,1,1,0,3,0,0,2,1,1,1,0,2,1,0,6,3,7,1
3,18,4,0,1,0,3,0,0,16,1,1,1,5,0,1,5,0,0,5,0
4,18,4,1,1,0,3,3,0,2,1,1,1,7,0,1,0,9,6,6,1
7,20,0,0,1,0,3,0,0,0,1,1,1,0,0,1,0,9,11,14,1
9,18,0,0,1,0,3,1,0,0,1,1,1,0,0,2,0,6,8,14,1
0,18,4,0,1,0,3,0,0,2,1,1,1,5,0,0,5,0,0,0,1
8,13,4,0,1,0,3,0,0,7,1,1,1,0,0,1,2,0,0,6,1
6,15,4,0,1,3,3,0,1,2,1,1,1,5,0,9,2,0,0,0,1
8,20,4,0,1,0,3,0,0,0,1,1,1,0,0,2,0,9,11,14,1
14,9,0,0,1,4,3,1,1,5,1,1,1,7,2,2,0,8,1,6,1
0,13,4,1,1,2,3,3,0,2,1,1,1,8,0,1,5,0,0,0,1
14,8,0,0,1,4,3,0,1,16,1,1,1,1,2,1,1,6,0,7,1
6,15,4,1,1,0,3,0,0,2,1,1,1,7,0,9,2,0,0,0,1
13,22,4,1,1,3,3,0,1,0,1,1,1,0,2,1,0,8,9,11,1
8,13,4,1,1,0,3,0,0,7,1,1,1,7,0,1,2,0,0,9,1
14,21,4,0,1,0,3,0,0,0,1,1,1,5,2,1,0,6,3,14,1
10,20,0,0,1,0,3,0,0,0,1,1,1,0,0,4,0,6,6,12,1
1,15,4,0,1,0,3,0,0,2,1,1,1,7,0,9,2,0,0,0,1
1,18,4,1,1,0,3,3,0,0,1,1,1,0,0,0,5,0,0,0,1
9,20,4,0,1,0,3,0,0,2,1,1,1,5,0,2,0,6,4,12,1
15,15,0,1,1,4,3,0,1,1,1,1,1,7,2,1,5,4,0,2,1
8,14,4,1,0,0,3,0,0,2,1,1,0,0,0,1,5,0,0,1,1
1,18,4,0,1,0,3,0,0,2,1,1,1,0,0,0,5,0,0,0,1
6,18,4,1,1,0,3,0,0,2,1,1,1,0,0,1,0,1,0,3,1
6,15,0,0,1,4,3,0,1,0,1,1,1,1,0,1,0,6,11,6,1
13,19,4,1,1,0,3,1,0,12,1,1,1,0,2,1,0,6,10,10,1
7,16,4,0,1,0,0,0,0,16,1,1,1,0,0,5,3,6,4,10,1
4,20,4,0,1,0,3,0,0,2,1,1,1,0,0,1,2,6,0,3,1
5,18,4,1,1,0,3,0,0,16,1,1,1,0,0,1,0,6,1,8,1
4,15,4,0,1,0,3,0,0,2,1,1,1,1,0,1,2,3,0,4,1
15,19,4,0,1,0,3,0,0,0,1,1,1,7,2,4,0,6,10,10,1
1,17,4,0,1,0,0,0,0,2,0,1,1,3,0,5,3,7,3,9,0
7,15,4,0,1,4,3,0,1,2,1,1,1,7,0,1,0,5,2,5,1
3,16,1,0,1,0,3,1,0,5,1,1,1,0,0,1,0,3,9,2,0
3,15,4,0,1,4,3,0,1,9,1,1,1,5,0,0,5,0,0,0,0
15,20,0,1,1,0,3,0,0,1,1,1,1,0,2,1,0,5,5,5,1
7,15,4,0,1,0,3,0,0,2,1,1,1,0,0,1,0,4,1,4,1
8,15,4,0,0,0,3,0,0,0,1,1,1,5,0,1,0,2,4,4,1
2,18,4,0,1,0,3,0,0,11,1,1,1,8,0,1,0,2,2,4,0
9,20,0,1,1,0,3,1,0,2,1,1,1,5,0,0,5,0,0,0,1
7,20,4,1,1,0,3,0,0,2,1,1,1,0,0,2,0,2,8,8,1
7,15,4,0,1,0,3,0,0,2,1,1,1,7,0,1,5,0,0,0,1
0,15,4,1,0,0,3,3,0,2,1,1,0,0,0,0,5,0,0,0,1
0,15,0,1,1,4,3,0,1,8,1,1,1,7,0,0,5,0,0,0,1
6,15,4,0,1,4,3,0,1,2,1,1,1,6,0,1,0,5,1,9,1
3,20,4,0,1,3,3,3,1,11,1,1,1,5,0,1,0,6,3,11,1
8,21,0,1,1,4,3,0,1,0,1,1,1,5,0,1,5,6,0,14,1
13,18,4,0,1,0,3,0,0,0,1,1,1,7,2,2,0,6,6,7,1
4,15,4,0,1,0,0,0,0,16,1,1,1,0,0,5,3,9,1,11,1
4,10,4,1,1,0,3,0,0,0,1,1,1,8,0,4,0,1,2,3,1
0,15,4,1,1,0,3,0,0,2,1,1,1,0,0,1,2,1,0,2,1
5,15,0,0,0,3,3,3,1,8,1,1,1,0,0,1,0,7,6,5,1
2,18,4,0,1,0,3,0,0,2,1,1,1,0,0,1,0,2,3,4,1
14,21,0,1,1,4,3,1,1,1,1,1,1,8,2,6,0,6,8,12,0
0,15,4,1,1,0,3,0,0,2,1,1,1,1,0,9,2,0,0,0,1
6,15,4,1,1,0,3,0,0,2,1,1,1,7,0,9,2,0,0,0,1
12,18,2,1,1,0,3,0,0,0,1,1,1,0,2,1,1,9,0,12,1
5,18,0,1,0,0,3,2,0,1,1,1,1,0,2,3,5,0,0,0,1
0,18,4,0,1,0,3,0,0,14,1,1,1,5,0,1,0,2,10,2,1
9,17,2,0,1,0,3,1,0,0,1,1,1,0,0,1,0,6,1,11,0
3,15,4,1,1,0,3,1,0,0,1,1,1,8,0,3,1,1,0,2,1
11,15,4,0,1,0,3,1,0,0,1,1,1,0,2,1,0,8,1,12,0
13,18,0,1,1,0,3,0,0,0,1,1,1,7,2,1,0,6,6,11,0
6,20,4,0,1,0,3,0,0,2,1,1,1,0,0,1,0,3,6,5,0
4,20,4,0,1,0,3,1,0,2,1,1,1,0,0,1,0,9,11,3,1
1,18,4,0,1,0,0,0,0,16,1,1,1,0,0,5,3,4,1,4,0
11,15,0,0,1,0,3,1,0,1,1,1,1,0,2,1,2,0,0,4,1
6,19,4,1,1,0,3,1,0,12,1,1,1,0,0,1,5,0,0,0,1
1,18,4,1,1,0,3,0,0,2,1,1,1,0,0,0,5,0,0,0,1
11,20,4,1,1,0,3,1,0,12,1,1,1,0,2,1,0,6,10,11,1
10,17,0,0,1,0,3,3,0,11,1,1,1,0,0,1,0,6,10,11,1
4,18,4,0,1,0,3,0,0,2,1,1,1,0,0,1,0,4,3,6,1
0,15,4,0,1,0,3,0,0,2,1,1,1,0,0,1,2,0,0,0,0
9,20,0,0,1,0,3,1,0,2,1,1,1,0,0,4,0,7,8,10,1
12,21,4,1,1,0,3,0,0,0,1,1,1,0,2,6,0,2,7,8,1
3,15,4,1,1,0,3,3,0,9,1,1,1,0,0,1,0,6,8,8,1
9,20,4,0,1,0,3,1,0,2,1,1,1,0,0,1,0,9,6,11,1
5,22,4,1,1,0,3,0,0,0,1,1,1,0,0,1,0,4,6,8,1
10,15,4,0,1,0,3,1,0,0,1,1,1,0,0,1,0,6,3,11,1
8,13,4,1,1,4,3,0,1,2,1,1,1,7,0,1,5,6,0,6,1
14,15,0,1,1,4,3,0,1,1,1,1,1,0,2,1,0,4,8,7,1
10,19,4,0,1,0,3,0,0,12,1,1,1,0,0,6,0,6,6,10,0
14,0,4,1,1,0,3,0,0,12,1,1,1,7,2,1,0,6,3,11,1
15,20,0,1,1,3,3,0,1,1,1,1,1,0,2,6,1,4,0,2,1
4,20,4,1,1,0,3,3,0,2,1,1,1,3,0,2,0,7,3,9,1
1,15,4,1,1,0,3,0,0,2,1,1,1,7,0,1,0,1,3,6,1
1,18,4,0,1,0,3,3,0,15,1,1,1,1,0,2,5,3,0,2,0
12,22,0,0,1,3,3,0,1,1,1,1,1,5,2,1,0,6,9,14,1
9,21,0,1,1,0,3,0,0,1,1,1,1,0,0,2,0,6,8,14,1
10,22,4,1,1,3,3,0,1,0,1,1,1,0,0,3,0,6,6,11,1
2,15,4,0,1,0,0,1,0,16,1,1,1,0,0,5,3,9,2,7,0
9,20,4,0,1,0,3,0,0,5,1,1,1,7,0,1,0,8,8,14,1
10,18,4,1,1,3,3,0,1,2,1,1,1,5,0,1,0,6,6,5,1
1,18,4,0,1,0,3,0,0,2,1,1,1,1,0,0,5,0,0,0,1
9,20,4,0,1,0,3,0,0,5,1,1,1,0,0,1,0,6,10,13,1
14,20,0,1,1,0,3,0,0,1,1,1,1,0,2,1,0,3,4,14,1
1,17,4,1,1,0,3,0,0,9,1,1,1,2,0,1,0,6,5,9,1
11,15,0,0,1,0,1,0,0,1,1,1,1,0,2,1,5,0,0,0,1
8,15,4,1,1,0,3,1,0,5,1,1,1,0,0,1,0,3,1,6,1
6,20,0,1,1,2,2,0,0,3,1,1,1,0,0,6,0,2,4,5,1
12,20,4,0,1,3,3,0,1,0,1,1,1,5,2,1,5,0,0,2,1
9,19,4,0,1,0,3,0,0,0,1,1,1,0,0,1,0,4,3,6,1
8,20,4,1,1,0,3,1,0,0,1,1,1,0,0,1,0,9,11,13,0
4,15,4,1,1,0,3,0,0,2,1,1,1,0,0,0,5,0,0,3,1
9,18,4,0,1,0,3,0,0,2,1,1,1,0,0,1,5,6,0,3,1
14,17,4,1,1,0,3,3,0,9,1,1,1,0,2,6,0,2,0,8,0
2,18,4,0,1,0,1,1,0,16,1,1,1,8,0,1,0,8,6,11,0
12,18,4,1,1,0,3,1,0,9,1,1,1,8,0,6,0,4,5,8,1
12,15,0,1,1,4,3,0,1,1,1,1,1,7,2,1,0,6,10,9,1
14,6,2,0,0,1,3,3,1,0,1,0,0,1,1,9,2,0,0,0,1
2,17,4,0,1,4,3,0,1,0,1,1,1,5,0,0,5,0,0,0,1
6,20,4,0,1,0,3,1,0,0,1,1,1,0,0,1,0,6,6,13,0
1,15,4,1,0,0,3,1,0,5,0,1,1,0,0,1,0,2,9,5,1
0,18,4,0,1,0,3,0,0,2,1,1,1,0,0,0,5,0,0,0,1
13,20,4,0,1,0,3,1,0,0,1,1,1,5,2,7,0,9,11,14,0
15,18,4,0,1,4,3,1,1,2,1,1,1,5,2,1,0,6,3,11,1
3,15,4,1,1,0,3,0,0,2,1,1,1,0,0,3,0,3,2,3,1
0,18,4,1,1,0,3,3,0,14,1,1,1,7,0,1,0,2,2,2,0
15,20,0,1,0,4,3,0,1,1,1,1,0,7,2,1,4,3,0,6,0
9,18,0,1,1,4,3,3,1,1,1,1,1,0,0,6,0,4,2,8,1
14,18,2,1,1,0,3,1,0,0,1,1,1,0,2,3,0,9,10,12,1
12,17,4,0,1,0,3,0,0,11,1,1,1,0,2,2,0,6,8,7,1
7,21,0,1,1,4,3,0,1,0,1,1,1,5,0,1,0,6,10,8,0
12,20,0,1,1,0,3,0,0,1,1,1,1,7,2,1,0,6,4,11,1
14,20,0,0,1,0,3,0,0,1,1,1,1,5,2,0,5,0,0,0,1
15,17,0,0,1,0,3,1,0,0,1,1,1,0,2,4,2,6,0,3,1
3,13,4,1,1,0,3,0,0,2,1,1,1,5,0,1,5,0,0,2,1
0,15,4,1,1,0,3,0,0,16,1,1,1,1,0,1,5,1,0,2,0
0,12,4,0,1,0,3,0,0,7,1,1,1,8,0,0,5,0,0,5,1
1,17,4,1,1,0,3,1,0,2,1,1,1,7,0,1,0,6,6,13,1
8,18,4,0,1,0,3,3,0,7,1,1,1,0,0,1,0,3,3,6,1
1,15,4,0,1,0,3,0,0,2,1,1,1,1,0,1,2,1,0,2,1
7,18,4,1,1,4,3,0,1,2,1,1,1,7,0,1,0,6,2,3,1
12,18,0,0,1,0,1,1,0,1,1,1,1,8,2,5,5,0,0,3,0
8,18,3,1,1,0,1,3,0,0,1,1,1,0,2,1,0,8,2,6,1
0,15,4,0,0,0,3,3,0,8,1,1,0,7,0,0,5,0,0,0,0
4,18,4,0,1,0,3,0,0,16,1,1,1,5,0,1,5,0,0,0,0
10,20,4,0,1,0,3,0,0,9,1,1,1,2,0,1,0,6,3,14,1
14,20,2,1,1,4,3,0,1,0,1,1,1,5,2,1,0,7,0,13,0
10,20,4,1,1,0,3,0,0,0,1,1,1,0,0,3,0,6,4,14,1
6,15,4,0,1,0,3,1,0,14,1,1,1,0,0,1,0,6,8,12,1
2,18,4,0,1,0,3,1,0,2,1,1,1,5,0,1,0,6,3,5,1
6,20,4,0,1,0,3,0,0,5,1,1,1,0,0,1,0,8,2,13,0
15,20,0,1,1,4,3,0,1,0,1,1,1,5,2,0,5,0,0,0,1
14,20,0,0,1,0,3,1,0,0,1,1,1,0,2,6,0,8,8,11,0
1,18,4,1,1,0,3,0,0,2,1,1,1,0,0,1,0,1,2,2,1
13,20,4,1,1,0,3,0,0,0,1,1,1,1,2,1,0,2,10,4,1
2,18,4,0,1,0,3,1,0,16,1,1,1,0,0,1,0,5,6,6,1
14,6,0,0,1,3,3,0,1,0,1,1,1,8,2,1,0,2,8,4,0
12,15,0,0,1,3,3,0,1,1,1,1,1,5,2,1,0,6,6,10,1
1,18,4,1,1,0,3,0,0,2,1,1,1,0,0,3,0,4,2,5,1
7,20,0,1,1,4,3,0,1,1,1,1,1,5,0,1,5,0,0,0,1
0,13,4,1,1,0,3,3,0,2,1,1,1,0,0,1,5,0,0,0,1
3,20,4,0,1,0,3,0,0,11,1,1,1,5,0,1,0,6,6,9,0
15,18,0,0,1,0,3,0,0,0,1,1,1,0,2,1,0,6,4,9,1
13,20,4,1,1,0,3,1,0,0,1,1,1,0,2,3,0,7,2,12,1
11,20,4,0,1,4,3,0,1,11,1,1,1,5,2,1,0,6,3,4,1
0,15,4,0,1,0,3,0,0,2,1,1,1,0,0,9,2,0,0,0,1
5,20,4,0,1,0,3,0,0,11,1,1,1,0,0,1,0,6,10,9,0
6,15,4,1,1,0,3,0,0,2,1,1,1,0,0,1,0,5,0,6,0
1,15,4,1,1,0,3,0,0,2,1,1,1,0,0,0,5,0,0,0,1
4,18,4,0,1,2,3,0,0,2,1,1,1,0,0,1,5,0,0,6,1
4,18,4,1,1,0,3,0,0,16,1,1,1,0,0,1,5,0,0,0,0
6,20,4,1,1,0,3,0,0,2,1,1,1,0,0,1,0,6,1,6,0
4,18,4,0,1,0,3,0,0,2,1,1,1,0,0,1,2,1,0,3,1
10,20,4,1,1,0,3,3,0,0,1,1,1,0,0,4,5,0,0,2,1
7,15,4,0,1,0,3,0,0,2,1,1,1,5,0,2,0,6,11,9,1
13,17,0,1,1,0,3,1,0,0,1,1,1,0,2,1,0,6,4,7,1
10,18,4,0,1,0,3,3,0,0,1,1,1,0,0,1,0,7,11,14,0
0,17,4,0,1,0,3,0,0,16,1,1,1,0,0,1,5,4,0,1,0
13,18,0,0,1,4,3,0,1,1,1,1,1,5,2,0,5,0,0,0,0
12,15,4,1,1,4,3,0,1,0,1,1,1,7,2,1,5,5,0,2,0
2,18,4,0,1,0,3,0,0,11,1,1,1,1,0,1,0,6,3,3,0
7,15,4,0,1,0,3,0,0,2,1,1,1,7,0,1,0,5,10,10,1
0,18,4,1,1,0,3,0,0,16,1,1,1,7,0,0,5,0,0,0,0
8,15,4,0,1,0,3,0,0,0,1,1,1,7,0,1,0,7,1,8,1
14,15,0,1,1,4,3,0,1,1,1,1,1,5,2,0,5,0,0,0,1
15,22,0,1,1,4,3,0,1,1,1,1,1,0,2,0,5,0,0,0,1
10,12,4,0,1,0,3,3,0,2,1,1,1,0,0,1,2,0,0,0,1
5,23,4,0,1,2,3,0,1,0,1,1,1,5,0,6,0,6,4,3,1
8,23,4,0,1,0,3,3,0,5,1,1,1,0,0,2,0,6,2,10,0
10,14,0,0,1,0,3,0,0,15,1,1,1,7,0,1,5,0,0,0,1
6,11,4,0,1,4,3,0,1,10,1,1,1,0,0,1,0,6,8,6,1
6,21,0,1,1,0,3,1,0,0,1,1,1,0,0,1,1,6,0,14,0
15,18,4,0,1,0,3,0,0,0,1,1,1,7,2,1,0,5,3,2,1
7,19,4,0,1,0,3,1,0,0,1,1,1,0,0,2,0,8,3,12,1
4,19,4,0,1,0,3,0,0,9,1,1,1,0,0,1,0,6,8,8,1
15,17,4,0,1,0,3,0,0,15,1,1,1,0,2,0,5,0,0,1,1
5,15,4,0,1,0,3,0,0,15,1,1,1,7,0,1,5,6,0,1,0
12,15,4,1,1,0,3,2,0,0,1,1,1,0,2,0,5,0,0,10,1
3,18,4,0,1,0,3,3,0,2,1,1,1,7,0,1,0,4,6,5,1
7,20,4,0,1,3,3,0,1,2,1,1,1,5,0,1,0,4,4,6,1
2,18,4,1,1,0,3,1,0,0,1,1,1,0,0,1,5,0,0,0,1
14,20,0,1,1,3,3,2,0,8,1,1,1,0,2,1,0,6,5,11,1
13,20,4,0,1,0,3,0,0,0,1,1,1,5,2,3,0,6,7,12,1
4,19,4,0,1,4,3,0,1,0,1,1,1,0,0,1,0,4,7,5,1
2,19,4,0,1,2,3,0,0,2,1,1,1,0,0,1,5,0,0,0,1
15,18,4,1,1,0,3,0,0,10,1,1,1,0,2,1,0,6,8,10,1
9,20,4,0,1,0,3,3,0,11,1,1,1,0,0,1,0,7,10,14,1
12,20,4,0,1,0,3,1,0,0,1,1,1,0,2,1,0,8,6,12,1
9,19,4,0,1,4,3,0,1,0,1,1,1,5,0,1,0,6,2,7,1
8,20,0,1,1,3,3,0,1,2,1,1,1,5,0,0,5,0,0,0,1
6,20,4,0,1,0,3,0,0,0,1,1,1,5,0,1,0,6,6,11,0
4,15,4,0,1,0,3,3,0,2,1,1,1,8,0,1,0,1,0,1,0
15,23,0,0,1,0,3,0,0,0,1,1,1,0,2,1,0,8,8,14,1
13,18,0,1,1,0,3,0,0,1,1,1,1,0,2,4,0,6,1,11,1
1,18,4,1,1,0,3,0,0,2,1,1,1,0,0,1,2,2,0,4,1
10,17,2,0,1,0,3,1,0,0,1,1,1,0,0,1,0,6,1,8,0
8,15,0,0,1,0,3,1,0,1,1,1,1,0,0,1,2,0,0,0,1
14,19,2,1,1,0,3,0,0,0,1,1,1,0,2,1,0,6,1,9,1
7,18,0,1,1,0,3,1,0,0,1,1,1,8,0,0,5,0,0,5,1
11,20,4,0,1,0,3,0,0,5,1,1,1,7,2,1,0,9,6,12,1
5,20,4,1,1,0,3,3,0,2,1,1,1,0,0,1,0,6,1,13,0
13,12,2,1,1,0,3,0,0,5,1,1,1,0,2,1,0,6,4,12,1
6,18,4,1,1,0,3,0,0,4,1,1,1,5,0,5,2,0,0,9,1
10,20,4,0,1,0,3,1,0,0,1,1,1,0,0,1,0,9,11,14,1
12,15,0,0,1,0,0,1,0,0,1,1,1,0,2,5,3,9,3,12,0
6,18,4,1,1,4,3,0,1,0,1,1,1,7,0,0,5,0,0,5,1
10,14,0,0,1,0,3,0,0,2,1,1,1,1,0,1,0,8,1,7,1
1,15,4,0,1,0,3,3,0,2,1,1,1,0,0,9,2,0,0,0,1
11,20,4,1,1,0,3,0,0,5,1,1,1,0,2,2,0,8,4,6,1
10,15,0,0,1,0,0,0,0,16,1,1,1,0,0,5,3,9,5,7,1
14,21,0,0,1,0,3,0,0,1,1,1,1,0,2,2,0,6,11,13,0
13,0,4,1,1,4,3,0,1,12,1,1,1,0,2,0,5,0,0,0,1
12,19,4,1,1,0,3,1,0,2,1,1,1,0,2,1,0,6,3,9,1
8,0,4,0,1,4,3,0,1,2,1,1,1,7,0,1,0,6,3,9,1
5,20,4,0,1,0,3,0,0,2,1,1,1,7,0,1,0,6,8,9,1
5,15,4,1,1,0,3,0,0,2,1,1,1,0,0,1,0,6,3,2,1
5,17,4,1,1,0,3,1,0,0,1,1,1,0,0,4,0,4,10,6,1
3,11,4,1,1,4,3,0,1,11,1,1,1,0,0,1,0,6,10,2,1
14,20,4,1,1,0,3,3,0,14,1,1,1,0,2,1,0,6,4,9,0
2,18,4,1,1,0,3,0,0,2,1,1,1,0,0,6,0,3,7,6,1
7,18,4,0,1,0,3,0,0,2,1,1,1,7,0,1,2,6,0,3,1
10,19,0,1,1,0,3,0,0,1,1,1,1,0,0,1,0,8,11,10,0
1,18,4,1,1,0,3,3,0,2,1,1,1,1,0,1,1,4,0,7,1
9,21,4,1,1,0,3,1,0,12,1,1,1,0,0,1,0,8,6,13,0
10,20,4,1,1,3,3,0,1,5,1,1,1,0,0,1,0,5,3,9,1
15,18,0,1,1,4,3,3,1,1,1,1,1,0,2,1,0,6,11,3,1
2,15,4,0,1,0,3,0,0,2,1,1,1,7,0,1,0,3,8,6,1
12,22,4,0,1,0,3,0,0,0,1,1,1,8,2,7,1,9,0,10,1
5,13,4,0,1,0,3,0,0,15,1,1,1,1,0,1,5,0,0,0,0
14,15,0,1,1,0,3,3,0,0,1,1,1,0,2,1,0,6,4,9,1
11,19,4,1,1,0,3,0,0,2,1,1,1,0,2,2,0,4,6,5,1
5,22,4,1,1,0,3,1,0,0,1,1,1,0,0,1,0,8,0,11,1
11,15,4,0,1,0,3,0,0,11,1,1,1,0,2,1,0,4,10,4,0
13,20,4,1,1,0,3,1,0,11,1,1,1,0,2,2,0,6,4,10,1
5,18,0,1,1,1,1,2,1,9,1,1,1,6,0,1,0,5,10,6,0
2,18,4,0,1,0,3,0,0,11,1,1,1,0,0,6,0,4,3,4,1
4,20,4,1,1,3,3,0,1,2,1,1,1,5,0,1,0,6,1,10,1
12,20,0,0,1,0,3,0,0,11,1,1,1,2,2,6,0,6,7,14,1
14,19,4,0,1,0,3,1,0,2,1,1,1,0,2,1,0,6,8,5,1
12,19,0,1,1,3,3,0,1,2,1,1,1,8,2,3,5,0,0,0,1
15,19,0,1,1,4,3,0,1,1,1,1,1,0,2,1,5,0,0,0,1
12,21,0,0,1,0,3,0,0,1,1,1,1,0,2,1,0,6,5,14,0
1,14,4,1,1,0,3,1,0,2,1,1,1,0,0,1,0,1,8,1,1
6,20,4,0,1,0,3,1,0,5,1,1,1,0,0,1,0,6,6,14,1
15,20,0,0,1,0,3,1,0,0,1,1,1,0,2,1,0,9,4,14,1
2,22,4,1,1,0,3,0,0,7,1,1,1,5,0,1,0,6,6,14,1
9,19,0,1,1,0,3,3,0,1,1,1,1,0,0,1,5,0,0,0,0
15,20,0,1,1,3,3,0,1,0,1,1,1,0,2,3,0,6,6,12,1
15,21,0,1,1,4,3,1,1,1,1,1,1,0,2,1,0,6,6,14,1
8,19,4,0,1,4,3,0,1,16,1,1,1,1,0,1,0,9,6,7,1
7,20,4,1,1,0,3,1,0,0,1,1,1,0,0,1,0,6,3,8,1
6,20,4,0,1,2,3,3,0,3,1,1,1,0,0,1,0,6,10,13,1
3,10,1,1,1,3,3,0,1,5,1,1,1,0,0,4,0,1,9,3,1
9,21,4,1,1,0,3,2,0,0,1,1,1,0,0,1,0,2,6,8,1
2,19,4,0,1,0,3,3,0,16,1,1,1,0,0,1,5,2,0,4,1
0,18,4,0,1,0,3,3,0,7,1,1,1,0,0,1,2,0,0,0,1
7,16,4,0,1,0,3,0,0,3,1,1,1,7,0,1,0,6,2,10,1
13,18,0,0,1,0,3,0,0,1,1,1,1,0,2,2,5,0,0,0,1
0,15,4,1,1,0,3,0,0,2,1,1,1,7,0,1,2,1,0,2,1
2,13,4,0,1,0,3,0,0,15,1,1,1,1,0,0,5,0,0,0,0
11,17,4,0,1,4,3,3,1,16,1,1,1,5,2,4,0,9,1,5,1
10,19,4,0,1,0,3,1,0,12,1,1,1,0,0,1,0,6,3,10,1
2,18,4,1,1,0,3,0,0,0,1,1,1,0,0,1,0,3,6,6,1
15,18,4,1,1,3,3,1,1,0,1,1,1,0,2,1,2,8,0,4,1
11,21,0,1,1,0,3,3,0,0,1,1,1,0,2,1,0,8,8,14,1
4,17,4,1,1,0,3,1,0,2,1,1,1,7,0,1,0,2,1,1,1
13,18,0,0,1,0,3,2,0,0,1,1,1,8,2,6,5,1,0,1,0
3,18,4,1,0,0,3,1,0,16,1,1,0,0,0,1,0,5,1,3,1
3,16,4,0,0,0,3,1,0,2,1,1,0,0,0,0,5,0,0,4,0
0,17,4,1,1,0,3,1,0,16,1,1,1,0,0,1,5,1,0,2,1
7,20,0,1,1,0,3,0,0,1,1,1,1,0,0,1,0,6,10,8,0
0,13,4,1,1,4,3,0,1,8,1,1,1,0,0,0,5,0,0,0,1
15,18,0,1,1,0,3,0,0,1,1,1,1,0,2,1,0,6,5,9,1
13,20,4,1,1,0,3,0,0,0,1,1,1,7,2,1,0,6,6,11,0
15,18,4,0,0,0,1,1,0,0,0,0,1,0,2,1,0,6,6,11,0
7,20,4,1,1,0,3,0,0,2,1,1,1,0,0,1,0,6,7,12,1
13,20,4,0,1,0,3,1,0,2,1,1,1,0,2,4,0,8,10,10,1
1,17,4,0,1,0,3,3,0,2,1,1,1,5,0,1,0,2,9,2,0
4,15,4,0,0,0,3,0,0,2,1,0,1,5,0,0,5,0,0,2,1
5,19,0,1,1,4,3,0,1,1,1,1,1,5,0,1,0,6,3,2,1
11,15,4,0,1,0,3,0,0,0,1,1,1,0,2,1,0,6,3,9,1
5,20,4,1,1,0,3,0,0,2,1,1,1,0,0,1,2,4,0,6,1
15,22,0,1,1,0,3,0,0,1,1,1,1,0,2,1,0,4,2,8,1
7,18,4,1,1,0,3,1,0,0,1,1,1,0,0,3,1,4,0,1,1
9,20,0,1,1,0,3,3,0,0,1,1,1,0,0,2,0,6,4,11,0
1,18,4,1,1,0,3,1,0,0,1,1,1,0,0,1,0,1,2,2,1
1,15,4,0,1,0,3,0,0,2,1,1,1,0,0,1,0,6,3,9,1
3,17,4,0,1,0,0,1,0,16,1,1,1,0,0,5,3,8,1,8,0
4,15,4,1,1,0,3,0,0,2,1,1,1,8,0,1,5,0,0,0,1
4,17,4,1,1,0,3,3,0,2,1,1,1,0,0,1,0,4,2,4,1
0,17,4,1,1,0,3,0,0,16,1,1,1,5,0,0,5,0,0,0,0
5,18,4,1,1,0,3,0,0,2,1,1,1,7,0,1,0,2,2,2,1
5,20,4,1,1,0,3,0,0,11,1,1,1,0,0,2,0,9,8,12,0
15,22,0,1,1,0,3,0,0,0,1,1,1,0,2,1,0,6,4,14,1
5,20,4,1,1,0,3,0,0,11,1,1,1,0,0,1,0,6,1,5,0
7,20,4,0,1,0,3,3,0,11,1,1,1,0,0,1,0,6,1,9,1
12,13,4,1,1,0,3,0,0,0,1,1,1,0,2,1,5,0,0,4,0
1,15,4,1,1,4,3,0,1,2,1,1,1,5,0,1,5,0,0,0,1
5,18,4,1,1,4,3,0,1,10,1,1,1,0,0,1,0,6,3,6,0
7,20,4,0,1,0,3,0,0,0,1,1,1,0,0,1,0,6,8,10,1
0,15,4,1,1,0,3,3,0,11,1,1,1,0,0,1,0,4,3,4,1
14,20,0,1,1,0,3,1,0,1,1,1,1,1,2,1,0,4,3,10,1
11,15,0,0,1,0,0,0,0,16,1,1,1,0,2,5,3,9,1,11,0
1,15,4,0,1,0,3,1,0,2,1,1,1,8,0,1,5,2,0,4,1
2,18,4,1,1,0,3,1,0,11,1,1,1,0,0,1,0,3,2,14,1
15,20,0,0,1,3,3,0,1,0,1,1,1,0,2,2,0,6,2,12,1
12,15,0,1,1,0,3,0,0,0,1,1,1,0,2,1,0,6,11,11,1
1,18,4,0,1,0,3,1,0,2,1,1,1,0,0,6,2,4,0,8,1
10,20,4,0,1,0,3,0,0,11,1,1,1,5,0,1,0,9,11,14,0
4,15,0,0,1,0,3,1,0,3,1,1,1,0,0,6,0,2,2,5,0
8,17,4,1,1,0,3,0,0,7,1,1,1,7,0,1,0,2,3,5,1
10,20,4,1,1,3,3,0,1,12,1,1,1,0,0,1,0,4,2,5,1
1,18,4,0,1,0,3,3,0,16,1,1,1,5,0,2,5,1,0,1,0
15,20,0,1,1,0,3,0,0,0,1,1,1,0,2,4,0,7,8,12,1
13,15,0,1,1,0,3,0,0,1,1,1,1,1,2,5,0,9,4,10,1
8,20,4,1,1,0,3,3,0,2,1,1,1,0,0,2,0,3,0,3,1
7,19,4,1,1,3,3,0,1,2,1,1,1,5,0,0,5,0,0,0,1
0,15,4,0,1,2,3,0,0,2,1,1,1,0,0,1,5,0,0,1,1
3,21,4,0,1,0,3,1,0,2,1,1,1,0,0,2,5,0,0,0,1
5,20,0,0,1,0,3,0,0,1,1,1,1,0,0,1,0,6,3,9,0
9,21,0,0,1,0,3,2,0,1,1,1,1,0,0,1,0,6,6,11,0
13,15,4,0,1,0,3,3,0,2,1,1,1,0,2,7,0,5,0,8,1
10,20,0,0,1,0,3,1,0,9,1,1,1,0,0,1,2,6,0,0,1
13,11,4,0,0,0,3,0,0,15,1,1,0,0,2,0,5,0,0,0,1
5,17,4,1,1,0,3,1,0,0,1,1,1,0,0,2,0,6,2,10,1
8,18,0,1,1,0,3,0,0,0,1,1,1,0,0,1,0,6,2,10,0
1,18,4,0,1,0,3,3,0,2,1,1,1,0,0,0,5,0,0,0,1
2,18,4,0,1,0,3,0,0,4,1,1,1,0,0,1,0,4,3,7,1
3,20,4,0,1,0,3,0,0,12,1,1,1,0,0,1,0,6,6,10,0
11,14,0,1,1,4,3,0,1,16,1,1,1,7,2,1,0,8,1,5,1
2,15,4,0,1,0,3,0,0,7,1,1,1,7,0,1,0,6,6,9,1
14,21,0,1,1,4,3,0,1,1,1,1,1,5,2,0,5,0,0,0,1
9,19,0,0,1,0,3,0,0,1,1,1,1,7,0,1,0,6,5,11,1
13,19,4,0,1,0,3,0,0,11,1,1,1,0,2,3,0,6,10,13,1
1,17,4,0,1,0,3,1,0,2,1,1,1,0,0,1,0,1,6,2,0
11,15,4,0,1,4,3,3,1,2,1,1,1,1,2,1,2,6,0,10,1
1,15,4,1,1,3,3,3,1,10,1,1,1,5,0,1,0,6,3,4,1
2,18,0,1,1,0,3,0,0,8,1,1,1,0,0,4,0,1,0,1,1
1,18,4,0,0,0,3,3,0,11,1,1,0,0,0,0,5,0,0,0,0
10,19,4,1,1,3,3,0,1,2,1,1,1,5,0,1,5,0,0,0,1
4,18,4,0,1,2,3,3,0,2,1,1,1,5,0,1,5,0,0,1,1
13,20,0,1,1,0,3,0,0,1,1,1,1,0,2,1,0,6,6,14,1
1,18,4,0,1,4,3,0,1,11,1,1,1,5,0,1,0,6,6,5,0
14,8,4,0,1,4,3,0,1,12,1,1,1,0,2,1,5,0,0,0,1
5,15,4,1,1,0,3,0,0,0,1,1,1,0,0,1,0,6,8,7,1
9,21,4,1,1,0,3,1,0,14,1,1,1,5,0,1,0,2,3,12,0
8,20,0,1,1,0,3,1,0,0,1,1,1,0,0,2,0,8,3,12,1
2,19,4,1,1,0,3,1,0,16,1,1,1,0,0,1,0,4,3,5,0
12,15,0,1,1,4,3,0,1,0,1,1,1,7,2,0,5,0,0,0,1
4,20,4,1,1,0,3,0,0,16,1,1,1,5,0,1,1,2,0,6,1
8,20,4,1,1,0,3,1,0,0,1,1,1,5,0,1,1,3,0,1,1
4,18,4,0,1,3,3,3,1,2,1,1,1,5,0,1,2,0,0,4,1
6,15,4,1,1,0,3,0,0,0,1,1,1,0,0,4,0,6,8,12,1
12,20,4,0,1,2,3,0,0,0,1,1,1,2,2,1,0,7,3,14,1
7,21,0,1,1,0,3,1,0,1,1,1,1,0,0,1,0,6,8,14,1
12,22,0,1,1,0,3,0,0,0,1,1,1,0,2,1,0,9,3,14,1
12,20,4,1,1,0,3,3,0,3,1,1,1,1,2,6,0,2,7,5,1
4,16,4,0,1,0,3,0,0,15,1,1,1,7,0,1,5,3,0,1,0
3,20,4,1,1,0,3,1,0,0,1,1,1,0,0,1,0,3,5,6,0
13,15,4,0,1,0,3,0,0,15,1,1,1,0,2,0,5,0,0,0,1
8,10,4,0,1,4,3,0,1,7,1,1,1,7,0,0,5,0,0,0,1
8,18,4,1,1,0,3,1,0,12,1,1,1,0,2,3,0,1,11,6,1
4,19,4,0,1,0,3,0,0,11,1,1,1,5,0,1,0,6,4,10,1
0,18,4,1,1,0,3,0,0,11,1,1,1,5,0,1,0,1,2,3,0
7,21,4,0,1,0,3,1,0,2,1,1,1,0,0,3,0,6,8,9,1
0,14,4,1,1,4,3,0,1,5,1,1,1,7,0,0,5,0,0,0,1
13,0,0,1,1,4,3,0,1,1,1,1,1,7,2,0,5,0,0,6,1
15,17,2,0,1,0,3,1,0,7,1,1,1,0,2,0,5,0,0,5,1
9,21,4,1,1,0,3,1,0,2,1,1,1,5,0,3,0,5,8,12,1
11,18,0,0,1,0,3,0,0,1,1,1,1,1,2,1,0,1,1,4,1
14,19,0,0,1,0,3,3,0,0,1,1,1,0,2,1,0,6,4,14,1
6,20,4,1,1,0,3,1,0,0,1,1,1,0,0,1,0,5,9,7,0
5,18,4,1,1,0,3,3,0,11,1,1,1,0,0,1,0,2,11,4,0
13,20,4,0,1,0,3,1,0,0,1,1,1,0,2,2,0,6,6,13,1
7,19,4,0,1,4,3,0,1,0,1,1,1,0,0,1,0,4,6,5,0
13,20,0,0,1,0,3,0,0,0,1,1,1,0,2,1,0,6,1,14,1
7,19,4,1,1,0,3,3,0,2,1,1,1,0,0,1,0,3,5,5,0
12,13,4,0,1,0,3,0,0,0,1,1,1,0,2,1,0,6,4,13,1
12,18,2,1,1,0,3,1,0,2,1,1,1,0,2,1,5,0,0,0,1
13,19,4,0,1,0,3,1,0,0,1,1,1,1,2,1,0,6,5,14,1
15,22,4,1,0,0,3,1,0,0,1,0,1,0,2,1,0,8,0,14,1
1,18,4,1,1,0,3,3,0,11,1,1,1,0,0,0,5,0,0,0,1
4,19,4,0,1,0,3,3,0,2,1,1,1,5,0,0,5,0,0,0,1
0,18,4,1,1,0,3,0,0,2,1,1,1,5,0,2,0,2,4,3,0
2,15,4,0,1,0,3,0,0,15,1,1,1,7,0,0,5,0,0,0,1
2,18,4,1,1,0,3,0,0,0,1,1,1,7,0,5,0,6,4,6,0
14,14,4,0,0,0,3,0,0,12,1,1,0,0,2,0,5,0,0,0,1
11,20,4,0,1,0,3,0,0,16,1,1,1,5,0,2,0,4,8,8,0
5,18,4,1,1,0,3,1,0,0,1,1,1,0,0,2,0,6,1,11,0
13,0,4,0,1,4,3,0,1,2,1,1,1,0,2,6,0,2,4,6,1
4,19,4,1,1,0,3,0,0,2,1,1,1,0,0,1,0,6,2,7,1
11,17,0,1,1,0,3,0,0,0,1,1,1,0,2,1,0,6,3,8,1
12,20,4,1,1,0,3,0,0,2,1,1,1,8,2,1,0,8,6,12,1
10,17,2,1,1,0,3,3,0,5,1,1,1,0,0,6,0,6,6,11,1
6,15,0,0,1,3,3,0,1,0,1,1,1,8,0,1,0,6,2,12,1
15,20,4,0,1,0,3,0,0,2,1,1,1,7,2,1,0,6,8,12,1
13,10,4,1,1,4,3,0,1,0,1,1,1,8,2,5,0,6,9,10,1
15,22,4,0,1,0,3,0,0,15,1,1,1,1,2,0,5,0,0,0,0
12,20,4,0,1,0,3,1,0,11,1,1,1,0,2,4,0,6,5,10,0
2,21,0,1,1,0,3,0,0,9,1,1,1,0,0,1,2,2,0,2,0
10,18,4,0,1,0,3,0,0,12,1,1,1,5,0,1,0,6,2,14,1
1,15,4,0,1,0,0,1,0,16,1,1,1,0,0,5,3,9,5,7,0
15,8,3,0,1,0,2,3,0,10,1,1,1,0,2,4,0,6,4,3,1
3,18,4,1,1,0,3,1,0,0,1,1,1,0,0,1,0,5,2,4,0
6,17,0,1,1,0,3,0,0,1,1,1,1,0,0,1,0,6,8,9,1
10,18,0,0,1,0,3,0,0,0,1,1,1,0,0,1,0,8,2,6,1
11,15,4,0,1,4,3,0,1,2,1,1,1,1,2,1,0,6,4,10,1
10,11,4,1,1,4,3,0,1,4,1,1,1,0,0,1,2,0,0,0,1
13,15,0,1,1,0,3,1,0,2,1,1,1,0,2,1,0,3,4,3,1
2,20,4,1,1,0,3,0,0,11,1,1,1,0,0,1,5,6,0,5,0
15,21,0,0,1,0,3,2,0,0,1,1,1,0,2,1,0,9,6,14,1
15,15,0,0,1,4,3,0,1,2,1,1,1,7,2,1,0,6,2,6,1
5,16,4,0,1,0,3,3,0,0,1,1,1,0,0,1,0,7,3,8,0
6,20,4,1,1,0,3,1,0,12,1,1,1,0,0,1,0,6,10,11,1
15,15,3,1,1,0,1,3,0,0,1,1,1,6,2,1,0,5,10,3,0
6,15,4,0,1,0,3,0,0,2,1,1,1,7,0,1,0,6,6,11,0
2,15,4,0,1,0,3,0,0,2,1,1,1,0,0,0,5,0,0,0,1
8,18,4,0,1,0,3,0,0,5,1,1,1,0,0,1,0,9,2,3,1
1,18,4,0,1,0,3,1,0,2,1,1,1,0,0,0,5,0,0,0,1
15,20,0,1,1,3,3,1,1,1,1,1,1,0,2,4,0,6,6,12,1
2,15,4,0,1,0,3,0,0,0,1,1,1,7,0,1,0,7,8,12,0
7,17,0,1,1,0,3,0,0,2,1,1,1,1,0,1,0,6,6,10,1
10,15,4,0,1,0,3,1,0,2,1,1,1,0,0,1,0,6,8,10,1
6,13,4,0,0,0,3,3,0,2,1,1,0,0,0,0,5,0,0,6,1
1,15,4,1,1,4,3,0,1,2,1,1,1,0,0,1,0,3,6,2,1
5,19,0,1,1,3,3,0,1,0,1,1,1,5,0,0,5,0,0,0,1
8,19,4,0,1,4,3,0,1,2,1,1,1,7,0,1,0,6,4,9,1
5,15,4,0,0,0,3,1,0,15,1,1,0,0,0,0,5,0,0,0,0
6,20,4,0,1,0,3,3,0,2,1,1,1,5,0,1,0,6,6,11,1
4,20,4,0,1,0,3,1,0,11,1,1,1,0,0,1,0,7,7,8,0
9,20,4,0,1,2,3,1,0,2,1,1,1,5,0,1,0,6,3,11,1
11,23,0,0,1,0,3,0,0,0,1,1,1,5,2,1,0,8,8,14,1
10,17,0,1,0,0,3,1,0,1,1,1,0,0,0,1,0,4,6,8,1
11,15,4,0,1,0,3,1,0,2,1,1,1,0,2,1,0,4,2,9,1
14,19,0,1,1,3,3,0,1,2,1,1,1,5,2,0,5,0,0,0,1
0,16,4,0,1,0,3,0,0,2,1,1,1,0,0,0,5,0,0,2,0
0,18,4,1,1,0,3,3,0,2,1,1,1,5,0,1,0,3,6,5,1
8,17,4,1,1,0,3,1,0,7,1,1,1,0,0,1,0,3,4,6,1
3,15,4,1,1,4,3,0,1,2,1,1,1,7,0,0,5,0,0,0,1
12,18,4,0,1,0,3,3,0,2,1,1,1,7,2,1,0,2,4,2,1
3,15,4,0,1,0,3,0,0,2,1,1,1,7,0,0,5,0,0,0,1
14,23,2,0,1,4,3,0,1,5,1,1,1,5,2,1,5,0,0,3,0
2,15,4,1,1,0,3,0,0,2,1,1,1,0,0,1,0,2,2,5,1
2,14,0,0,1,0,3,3,0,4,1,1,1,0,0,1,0,5,8,7,1
11,20,4,0,1,0,3,0,0,12,1,1,1,0,2,1,0,6,6,11,1
12,0,4,0,1,0,3,0,0,2,1,1,1,7,2,6,0,6,4,9,1
10,20,0,0,1,0,0,1,0,0,1,1,1,0,0,5,3,9,3,14,1
0,18,4,0,1,0,3,0,0,2,1,1,1,7,0,1,0,4,6,3,1
9,14,4,0,0,0,3,1,0,2,1,1,0,8,0,8,5,0,0,0,1
12,19,4,0,1,4,3,0,1,0,1,1,1,0,2,7,5,6,0,8,1
1,15,4,1,1,3,3,0,1,3,1,1,1,0,0,2,5,2,0,2,1
1,18,4,0,1,0,3,0,0,2,1,1,1,1,0,0,5,0,0,0,0
0,17,4,0,1,0,3,0,0,2,1,1,1,7,0,1,0,6,3,9,1
6,17,0,0,1,0,3,0,0,1,1,1,1,1,0,1,0,5,8,6,1
6,19,4,0,1,0,0,3,0,7,1,1,0,0,0,5,4,8,4,7,0
6,19,0,0,1,0,2,0,0,2,1,1,1,0,0,5,0,6,5,11,1
15,14,0,1,1,4,3,0,1,0,1,1,1,5,2,1,0,6,1,12,1
13,20,0,0,1,0,3,1,0,0,1,1,1,0,2,1,0,6,7,13,1
11,20,4,0,1,0,3,0,0,0,1,1,1,7,2,1,0,7,11,13,1
9,17,0,1,1,0,3,0,0,0,1,1,1,7,0,1,0,6,6,6,0
8,15,3,0,0,0,3,0,0,7,1,1,0,0,0,0,5,0,0,3,1
6,20,4,1,1,0,3,0,0,0,1,1,1,5,0,1,0,6,2,12,1
2,18,4,1,1,0,3,0,0,2,1,1,1,0,0,0,5,0,0,0,1
6,15,4,0,1,3,3,0,1,0,1,1,1,0,0,1,0,8,6,12,1
2,14,4,0,1,0,3,0,0,7,1,1,1,0,0,0,5,0,0,0,1
0,18,4,1,1,0,3,1,0,0,1,1,1,0,0,3,0,4,2,5,0
13,19,4,1,1,0,3,0,0,11,1,1,1,0,2,2,0,6,3,12,0
15,20,4,0,1,4,3,1,1,0,1,1,1,5,2,1,0,6,3,14,1
3,20,4,0,1,0,3,3,0,14,1,1,1,0,0,1,0,9,3,12,0
6,20,4,1,1,0,3,0,0,2,1,1,1,0,0,1,0,6,6,12,1
9,18,4,1,1,0,3,1,0,4,1,1,1,0,0,1,0,6,8,7,1
4,20,4,0,1,0,3,3,0,11,1,1,1,0,0,6,0,2,3,4,0
13,18,0,0,1,0,3,0,0,1,1,1,1,5,2,5,0,6,4,14,1
6,20,4,1,1,0,3,3,0,2,1,1,1,0,0,1,0,3,5,10,1
7,17,0,0,1,0,3,1,0,0,1,1,1,0,0,1,0,4,10,8,0
13,15,4,1,1,4,3,3,1,0,1,1,1,7,2,6,0,1,6,7,1
8,15,0,1,1,0,3,1,0,1,1,1,1,0,0,1,0,6,3,5,1
6,20,4,1,1,0,3,3,0,2,1,1,1,7,0,1,0,4,3,8,1
9,16,0,0,1,0,3,0,0,0,1,1,1,8,0,1,0,7,6,13,1
11,15,4,0,1,0,3,1,0,2,1,1,1,0,2,0,5,0,0,10,1
13,20,4,0,1,0,3,1,0,0,1,1,1,0,2,3,0,6,7,12,0
3,15,4,0,1,0,3,0,0,2,1,1,1,8,0,1,0,6,1,4,1
9,15,4,1,1,4,3,0,1,5,1,1,1,0,0,1,0,6,5,9,0
8,19,0,1,1,0,3,0,0,1,1,1,1,0,0,1,0,3,4,10,1
8,17,0,1,1,0,3,0,0,0,1,1,1,0,0,1,0,4,6,5,1
10,20,2,1,1,0,3,0,0,12,1,1,1,0,0,3,0,9,8,12,1
6,15,4,1,1,0,3,0,0,2,1,1,1,0,0,0,5,0,0,0,1
10,19,4,1,1,3,3,0,1,0,1,1,1,5,0,1,0,7,3,11,1
0,13,4,1,1,4,3,0,1,16,1,1,1,0,0,9,5,0,0,0,1
11,20,4,1,1,0,3,0,0,0,1,1,1,0,2,1,0,4,4,10,1
3,15,0,1,1,4,1,0,1,1,1,1,1,0,2,5,5,0,0,6,0
13,23,2,1,1,3,3,3,1,5,1,1,1,5,2,9,5,0,11,13,1
7,20,4,0,1,0,3,1,0,5,1,1,1,0,0,1,5,1,0,4,1
12,18,4,0,1,0,3,0,0,0,1,1,1,7,2,7,0,5,5,8,1
7,15,4,0,1,0,3,0,0,2,1,1,1,0,0,1,0,6,4,11,1
10,20,4,1,1,0,3,0,0,12,1,1,1,5,0,1,0,6,6,5,0
15,22,0,1,1,0,3,1,0,1,1,1,1,0,2,3,0,6,0,14,1
14,18,0,1,1,0,3,0,0,1,1,1,1,0,2,7,0,4,3,6,1
4,20,0,1,1,0,3,3,0,3,1,1,1,0,0,1,0,9,7,13,1
12,16,0,1,1,0,3,3,0,0,1,1,1,0,2,3,0,1,0,1,0
11,20,4,1,1,0,3,1,0,2,1,1,1,8,2,1,0,6,4,10,1
15,20,0,1,1,4,3,0,1,1,1,1,1,5,2,1,0,6,3,9,1
13,21,0,1,1,0,3,0,0,1,1,1,1,0,2,5,0,6,4,13,1
15,22,0,0,1,0,3,1,0,1,1,1,1,0,2,1,0,9,8,14,1
12,18,4,0,1,0,3,1,0,0,1,1,1,0,2,1,0,6,8,8,1
6,20,4,1,1,0,3,1,0,0,1,1,1,0,0,2,0,4,2,8,0
2,18,4,0,1,0,3,0,0,11,1,1,1,0,0,1,0,6,4,2,1
12,15,0,1,1,0,3,1,0,0,1,1,1,0,2,1,0,6,8,12,1
7,19,4,1,1,0,3,0,0,11,1,1,1,0,0,1,5,6,0,4,1
13,21,0,0,1,3,3,0,1,1,1,1,1,5,2,5,0,6,6,11,1
0,15,4,0,1,0,3,0,0,16,1,1,1,0,0,1,0,2,2,4,0
14,20,0,1,1,4,3,3,1,1,1,1,1,5,2,0,5,0,0,0,1
8,15,4,0,1,4,3,0,1,7,1,1,1,7,0,0,5,0,0,0,1
15,20,0,1,1,4,3,0,1,0,1,1,1,0,2,1,0,6,10,13,1
6,20,4,0,1,4,3,0,1,11,1,1,1,5,0,0,5,0,0,0,0
7,20,4,0,1,0,3,0,0,9,1,1,1,0,0,1,0,6,10,10,1
4,15,4,0,1,0,3,0,0,15,1,1,1,1,0,0,5,0,0,1,0
10,20,0,0,1,0,3,1,0,1,1,1,1,8,0,6,0,4,3,4,1
15,15,0,0,1,0,3,1,0,1,1,1,1,0,2,1,0,6,4,11,1
4,18,4,1,1,4,3,0,1,2,1,1,1,7,0,1,0,4,4,3,1
7,18,4,0,0,0,3,0,0,0,1,1,0,7,0,1,0,6,5,8,1
6,20,4,1,1,4,3,0,1,11,1,1,1,5,0,1,0,6,2,11,0
13,20,0,1,1,3,3,0,1,0,1,1,1,5,2,2,0,2,11,8,1
11,10,4,1,0,4,3,0,1,12,1,1,0,7,2,0,5,0,0,0,0
6,17,4,0,1,0,3,0,0,2,1,1,1,0,0,1,0,5,5,9,1
12,15,0,1,1,3,3,0,1,0,1,1,1,5,2,1,0,6,6,12,1
15,18,0,1,1,0,3,1,0,1,1,1,1,0,2,1,0,8,2,8,1
12,20,4,1,1,0,3,1,0,11,1,1,1,0,2,1,0,8,4,11,0
2,18,4,1,1,0,3,0,0,2,1,1,1,1,0,0,5,0,0,0,1
12,17,4,1,1,0,3,0,0,0,1,1,1,0,2,1,5,0,0,11,1
12,18,4,1,1,0,3,0,0,2,1,1,1,0,2,0,5,0,0,4,1
8,19,0,1,1,0,3,0,0,1,1,1,1,0,0,1,0,6,8,9,0
5,15,4,1,1,0,3,0,0,2,1,1,1,0,0,1,0,3,4,3,1
5,17,4,0,1,0,3,3,0,2,1,1,1,0,0,1,0,3,4,4,1
12,17,0,0,1,0,3,0,0,8,1,1,1,7,2,0,5,0,0,0,1
3,20,4,0,1,0,3,0,0,5,1,1,1,7,0,1,0,6,4,14,1
12,22,4,1,1,0,3,1,0,11,1,1,1,8,2,1,0,6,6,10,0
8,15,4,0,1,0,3,3,0,5,1,1,1,7,0,1,0,8,3,10,1
12,15,4,0,1,0,3,0,0,12,1,1,1,0,2,1,0,6,3,11,1
0,15,4,1,1,0,3,0,0,0,1,1,1,7,0,0,5,0,0,0,0
10,20,4,1,1,0,3,0,0,12,1,1,1,0,0,1,0,1,3,5,0
5,17,0,1,1,4,3,0,1,0,1,1,1,0,0,1,0,4,10,7,0
13,18,0,0,1,4,3,1,1,0,1,1,1,0,2,1,0,9,8,14,1
12,21,0,1,1,0,3,0,0,1,1,1,1,0,2,1,0,6,3,14,1
14,23,4,0,1,0,2,3,0,5,1,1,1,0,2,6,0,8,6,13,1
11,14,4,0,1,0,3,0,0,2,1,1,1,5,2,0,5,0,0,0,1
3,15,4,0,1,0,0,0,0,16,1,1,1,0,0,5,3,8,4,6,0
7,20,4,0,1,0,0,0,0,16,1,1,1,1,0,5,3,9,0,8,1
10,20,0,1,1,0,3,1,0,1,1,1,1,8,0,1,5,0,0,0,1
0,18,4,1,1,0,3,0,0,16,1,1,1,0,0,9,2,0,0,0,0
9,18,4,0,1,4,3,0,1,14,1,1,1,7,0,1,0,6,6,6,1
0,17,4,0,1,0,3,1,0,16,1,1,1,0,0,1,0,4,2,3,0
2,18,4,0,1,0,3,0,0,2,1,1,1,5,0,0,5,0,0,3,1
1,17,4,0,1,0,3,0,0,2,1,1,1,0,0,1,0,2,5,4,1
13,20,0,1,1,3,3,0,1,0,1,1,1,5,2,1,0,6,11,14,1
8,20,4,1,1,0,3,0,0,0,1,1,1,5,0,2,0,4,8,7,1
0,15,4,0,1,0,3,0,0,2,1,1,1,0,0,2,0,6,3,6,1
11,20,0,1,1,0,3,1,0,0,1,1,1,0,2,1,0,6,10,13,1
5,8,4,0,1,2,3,0,1,2,1,1,1,5,0,4,0,1,4,3,0
3,18,4,0,1,0,3,0,0,11,1,1,1,5,0,1,0,4,3,5,0
12,21,4,0,1,0,3,1,0,0,1,1,1,8,2,2,0,7,2,13,0
14,23,0,0,1,0,3,1,0,1,1,0,1,0,2,7,0,6,11,14,1
14,17,4,0,1,0,3,1,0,2,1,1,1,5,2,1,0,6,3,10,1
4,18,0,1,1,4,3,0,1,0,1,1,1,0,0,1,0,2,2,5,0
13,19,2,1,1,0,3,0,0,0,1,1,1,0,2,3,0,9,0,7,1
3,19,4,0,1,0,3,3,0,2,1,1,1,0,0,1,0,2,4,3,1
4,12,4,0,1,0,3,0,0,7,1,1,1,7,0,1,5,0,0,1,1
12,18,2,0,1,0,3,0,0,0,1,1,1,0,2,1,0,6,11,11,1
3,20,4,1,1,0,3,1,0,2,1,1,1,0,0,1,2,4,0,4,1
8,11,4,0,0,0,3,0,0,5,0,1,1,0,0,1,0,6,8,13,1
13,20,0,1,1,3,3,3,1,1,1,1,1,5,2,0,5,0,0,0,1
15,20,0,1,1,4,3,0,1,1,1,1,1,5,2,1,0,6,3,9,1
7,18,0,1,1,0,3,0,0,2,1,1,1,0,0,1,2,0,0,0,1
1,18,4,0,1,0,3,0,0,7,1,1,1,0,0,0,5,0,0,0,1
14,19,2,0,1,4,3,3,1,12,1,1,1,7,2,1,0,5,0,9,1
13,15,0,0,1,0,3,1,0,1,1,1,1,0,2,1,1,6,0,11,1
13,20,2,1,1,0,3,0,0,0,1,1,1,0,2,3,0,6,4,12,1
12,14,0,1,1,0,3,0,0,0,1,1,1,7,2,1,1,8,0,12,1
9,20,0,1,1,4,3,0,1,1,1,1,1,5,0,1,0,7,6,14,1
5,20,0,1,1,0,3,0,0,0,1,1,1,0,0,2,2,0,0,0,1
9,15,3,1,1,0,3,0,0,0,1,1,1,6,0,1,0,5,10,9,1
7,15,4,0,1,0,0,0,0,16,1,1,1,0,0,5,3,6,4,6,1
6,15,4,0,1,0,3,1,0,12,1,1,1,0,0,0,5,0,0,10,0
11,15,0,0,1,0,1,3,0,1,1,1,1,0,2,1,0,6,3,8,1
4,15,4,1,1,4,3,0,1,9,1,1,1,0,0,0,5,0,0,0,1
7,18,4,1,0,0,3,1,0,2,1,0,1,0,0,9,2,0,0,1,0
9,20,4,0,1,4,3,0,1,14,1,1,1,7,0,1,0,6,6,12,1
3,20,4,1,1,0,3,1,0,2,1,1,1,7,0,1,0,6,6,8,1
4,19,4,1,1,0,3,0,0,11,1,1,1,0,0,1,0,6,6,9,0
2,19,4,1,1,0,3,0,0,2,1,1,1,5,0,1,0,2,3,5,1
8,17,0,1,1,0,3,3,0,8,1,1,1,0,0,1,0,3,2,8,1
11,18,4,0,1,0,3,3,0,2,1,1,1,0,2,1,0,6,5,10,1
14,20,4,0,1,3,3,2,1,0,1,1,1,0,2,2,0,9,3,12,0
15,21,4,1,1,0,3,0,0,12,1,1,1,0,2,1,0,7,10,14,1
12,17,4,0,1,0,3,0,0,2,1,1,1,5,2,1,0,6,4,13,1
9,15,0,1,1,4,3,0,1,1,1,1,1,7,0,0,5,0,0,0,1
15,20,0,1,1,0,3,1,0,0,1,1,1,0,2,1,0,6,2,12,1
2,18,4,1,1,0,3,1,0,16,1,1,1,0,0,4,0,1,1,2,1
10,17,4,1,1,4,3,0,1,2,1,1,1,7,0,0,5,0,0,0,0
3,17,0,1,1,0,3,0,0,1,1,1,1,5,0,1,0,2,8,5,1
6,21,4,0,1,0,3,3,0,11,1,1,1,0,0,2,0,6,0,14,0
14,0,0,0,1,4,3,0,1,1,1,1,1,0,2,6,0,8,3,8,1
12,17,4,0,1,0,3,3,0,2,1,1,1,5,2,1,0,5,4,13,1
13,19,4,1,1,0,3,3,0,12,1,1,1,0,2,2,0,2,6,5,0
13,21,0,1,1,0,3,0,0,1,1,1,1,5,2,1,1,6,0,13,1
3,15,4,0,1,0,3,1,0,15,1,1,1,0,0,1,5,5,0,2,0
9,18,0,1,1,0,3,1,0,0,1,1,1,0,0,1,0,6,7,10,1
9,18,4,0,1,0,3,1,0,12,1,1,1,0,0,1,0,6,2,10,1
9,20,0,1,1,4,3,3,1,1,1,1,1,0,0,2,0,8,0,6,1
1,18,4,1,1,0,3,1,0,16,1,1,1,0,0,1,5,1,0,4,0
2,17,4,1,1,0,3,3,0,2,1,1,1,1,0,2,0,4,8,7,1
3,19,4,1,1,0,3,0,0,0,1,1,1,0,0,3,1,3,0,9,0
11,15,4,1,1,3,3,0,1,10,1,1,1,0,2,1,0,8,3,8,1
11,11,4,0,0,0,3,1,0,15,1,1,0,0,2,0,5,0,0,0,1
1,15,4,1,1,0,3,1,0,12,1,1,1,0,0,2,0,2,1,5,0
11,18,4,0,1,0,3,3,0,0,1,1,1,0,2,1,0,8,2,11,0
11,17,0,1,1,0,3,1,0,1,1,1,1,0,2,1,2,0,0,0,0
4,15,4,0,1,0,3,1,0,2,1,1,1,7,0,3,0,6,4,6,1
2,15,0,1,1,4,3,0,1,2,1,1,1,7,0,0,5,0,0,0,1
10,22,4,1,1,0,3,0,0,0,1,1,1,0,0,1,0,7,4,14,1
9,15,3,1,1,0,3,0,0,2,1,1,1,6,0,1,0,5,10,9,1
11,21,0,1,1,0,3,0,0,1,1,1,1,1,2,1,0,1,6,4,0
7,20,4,1,1,0,3,0,0,12,1,1,1,7,0,1,0,6,3,8,1
12,19,0,1,1,3,3,3,1,1,1,1,1,0,2,1,5,0,0,0,1
7,13,4,0,1,0,3,3,0,2,1,1,1,0,0,1,0,4,2,6,1
13,20,0,1,1,0,3,0,0,1,1,1,1,5,2,1,0,6,8,10,1
8,20,0,1,1,3,3,0,1,2,1,1,1,5,0,0,5,0,0,0,1
0,15,4,1,1,0,3,0,0,2,1,1,1,0,0,1,2,2,0,3,1
15,22,4,1,1,0,3,0,0,11,1,1,1,0,2,1,0,7,8,14,1
14,20,0,1,1,0,3,0,0,1,1,1,1,0,2,1,2,0,0,0,1
5,20,4,1,1,3,3,3,1,2,1,1,1,5,0,2,0,6,6,9,1
15,20,0,0,1,0,3,3,0,0,1,1,1,0,2,1,2,8,0,2,1
14,20,4,0,1,0,3,0,0,0,1,1,1,0,0,2,0,4,8,14,0
7,20,4,1,1,4,3,0,1,0,1,1,1,5,0,0,5,0,0,0,0
10,16,2,1,1,4,3,0,1,0,1,1,1,0,0,1,0,7,11,7,0
9,18,4,1,1,4,3,0,1,0,1,1,1,5,0,1,5,0,0,0,1
10,19,4,1,1,0,3,1,0,2,1,1,1,8,0,1,5,0,0,0,1
13,23,0,0,1,0,3,3,0,2,1,1,1,0,2,1,0,6,7,13,1
14,20,4,0,1,0,3,0,0,11,1,1,1,0,2,1,0,6,8,13,0
13,19,2,1,1,3,3,0,1,2,1,1,1,5,2,1,0,6,4,8,1
10,14,4,1,1,0,3,1,0,15,1,1,1,0,0,4,5,0,0,1,0
5,17,0,1,1,0,3,1,0,1,1,1,1,0,0,3,0,2,8,4,0
2,18,4,0,1,2,3,3,0,0,1,1,1,0,0,1,0,6,10,12,0
11,20,0,1,1,3,3,0,1,1,1,1,1,5,2,0,5,0,0,0,1
8,13,0,0,1,0,3,0,0,0,1,1,1,7,0,0,5,0,0,0,1
14,21,0,0,1,0,3,3,0,1,1,1,1,0,2,1,0,8,4,13,0
1,18,4,0,1,0,3,1,0,2,1,1,1,7,0,1,0,4,6,7,0
9,20,4,1,1,0,3,0,0,2,1,1,1,5,0,2,0,6,4,6,1
7,4,2,0,1,3,1,2,1,0,1,0,1,0,0,6,0,9,10,11,1
9,19,4,1,1,0,3,1,0,0,1,1,1,0,0,3,0,2,10,6,1
10,19,0,1,1,4,3,1,1,0,1,1,1,0,0,1,0,8,5,10,0
14,15,3,1,1,0,3,3,0,2,1,1,1,3,2,4,0,7,10,2,1
12,15,4,0,1,0,3,0,0,2,1,1,1,7,2,1,0,2,2,6,1
6,18,4,0,1,4,3,0,1,11,1,1,1,0,0,0,5,0,0,0,1
11,20,0,1,1,0,3,0,0,1,1,1,1,7,2,1,0,6,4,7,1
10,15,0,1,1,0,3,1,0,0,1,1,1,0,0,1,0,6,3,12,1
2,19,4,1,1,0,3,1,0,12,1,1,1,8,0,1,0,3,2,4,1
14,19,4,1,1,0,3,1,0,9,1,1,1,0,2,3,0,6,3,10,1
10,18,0,0,1,0,3,0,0,1,1,1,1,5,0,1,1,3,0,14,1
6,18,4,1,1,0,3,1,0,2,1,1,1,0,0,1,0,4,11,6,1
6,14,4,0,1,0,3,3,0,14,1,1,1,0,0,1,0,8,6,12,1
8,17,4,0,1,0,3,3,0,9,1,1,1,1,0,1,0,6,8,7,0
1,18,4,1,1,0,3,3,0,2,1,1,1,7,0,1,5,2,0,4,1
15,15,0,0,1,0,3,1,0,1,1,1,1,0,2,1,0,6,4,9,1
7,20,4,0,1,0,3,3,0,11,1,1,1,0,0,3,0,9,10,14,1
8,15,0,0,1,4,3,0,1,0,1,1,1,0,0,1,0,6,4,8,0
5,20,4,0,1,0,3,1,0,0,1,1,1,0,0,5,0,9,4,13,1
4,18,4,1,1,0,3,0,0,11,1,1,1,0,0,1,0,6,2,7,1
12,9,0,0,1,0,3,1,0,5,1,1,1,7,2,2,0,8,3,6,1
8,4,0,0,1,4,3,0,1,11,1,1,1,7,0,3,0,7,5,0,1
1,15,4,0,0,0,3,0,0,4,0,1,0,2,0,0,5,0,0,0,1
15,18,0,0,1,0,3,1,0,1,1,1,1,0,2,1,0,4,2,5,1
6,20,4,0,1,3,3,0,1,0,1,1,1,5,0,1,0,8,4,11,1
8,18,4,0,1,0,3,3,0,0,1,1,1,0,0,7,1,4,0,9,1
12,20,0,1,1,0,3,0,0,1,1,1,1,0,2,1,0,6,4,10,1
3,15,4,0,1,0,3,0,0,5,1,1,1,7,0,1,0,6,3,5,1
2,18,4,0,1,0,3,3,0,15,1,1,1,0,0,1,5,2,0,2,1
2,18,4,0,0,0,3,1,0,2,1,1,0,8,0,0,5,0,0,0,1
1,18,4,0,1,4,3,0,1,16,1,1,1,5,0,1,5,1,0,1,0
7,15,4,1,1,0,3,1,0,0,1,1,1,0,0,1,0,8,4,6,1
13,21,0,1,1,0,3,0,0,0,1,1,1,1,2,3,0,6,7,13,0
10,18,0,1,1,3,3,0,1,1,1,1,1,0,0,1,5,0,0,0,1
15,20,0,0,1,0,3,3,0,0,1,1,1,0,2,1,0,9,5,13,1
8,15,4,0,0,0,1,0,0,0,1,0,1,0,0,1,0,8,11,7,1
10,20,4,0,1,0,3,0,0,2,1,1,1,5,0,1,0,6,6,10,1
6,17,0,0,1,0,3,1,0,1,1,1,1,0,0,1,0,3,2,10,1
12,18,4,0,1,0,3,3,0,0,1,1,1,0,2,1,0,6,6,8,1
1,16,4,0,1,0,3,0,0,11,1,1,1,0,0,1,0,7,3,13,0
2,15,4,1,1,0,3,0,0,4,1,1,1,7,0,1,0,6,3,9,1
10,15,4,0,1,0,3,3,0,2,1,1,1,0,0,1,0,6,3,10,1
6,17,4,0,1,0,3,0,0,2,1,1,1,0,0,1,0,9,6,12,1
6,20,4,0,1,0,3,3,0,2,1,1,1,0,0,1,0,4,9,13,1
12,18,0,1,1,0,3,0,0,0,1,1,1,7,2,1,0,2,7,8,1
11,17,0,1,1,0,3,1,0,0,1,1,1,8,2,4,0,9,1,12,1
11,15,0,1,1,0,3,0,0,0,1,1,1,0,2,1,0,6,2,12,1
5,20,4,1,1,0,3,0,0,0,1,1,1,1,0,1,0,3,1,8,1
13,20,0,1,1,0,3,1,0,0,1,1,1,0,2,1,0,6,3,12,1
1,15,4,1,1,0,3,1,0,2,1,1,1,0,0,1,5,5,0,3,1
1,15,4,0,1,0,3,3,0,2,1,1,1,7,0,1,0,1,1,3,1
5,15,4,0,1,0,0,0,0,16,1,1,1,1,0,5,3,6,3,2,1
4,17,4,1,1,0,3,0,0,11,1,1,1,7,0,1,5,6,0,5,1
0,15,4,1,1,4,3,0,1,0,1,1,1,7,0,1,0,1,8,3,1
13,15,4,0,1,0,3,1,0,2,1,1,1,0,2,1,0,6,6,11,1
11,20,0,0,1,0,3,3,0,1,1,1,1,5,2,7,0,8,11,14,0
14,20,4,1,1,0,3,0,0,0,1,1,1,0,2,1,0,8,11,11,0
8,19,4,0,1,0,3,0,0,0,1,1,1,0,0,1,0,6,3,13,0
9,20,0,1,1,0,3,0,0,1,1,1,1,0,0,1,0,6,3,13,0
0,15,4,1,1,0,3,0,0,5,1,1,1,5,0,0,5,0,0,0,1
5,18,4,1,1,0,3,1,0,0,1,1,1,0,0,1,0,6,8,2,1
1,15,4,1,0,4,3,1,0,6,0,1,0,6,0,2,0,4,2,14,1
13,21,4,0,1,0,3,1,0,0,1,1,1,0,2,1,0,9,2,14,1
15,19,0,1,1,3,3,0,1,1,1,1,1,0,2,1,5,0,0,0,1
12,20,0,1,1,0,3,1,0,1,1,1,1,0,2,2,0,7,0,14,0
4,20,4,0,1,0,3,0,0,2,1,1,1,0,0,1,2,6,0,6,1
1,19,4,1,1,0,3,1,0,16,1,1,1,5,0,1,0,6,2,8,1
12,18,0,1,1,0,3,0,0,8,1,1,1,2,0,4,0,7,5,11,1
11,21,4,0,1,4,3,0,1,11,1,1,1,5,2,1,0,6,11,14,0
7,18,4,0,1,0,3,1,0,2,1,1,1,0,0,1,5,0,0,0,1
6,18,4,0,1,3,3,3,1,2,1,1,1,0,0,2,0,2,3,3,1
13,11,3,0,1,0,3,0,0,15,1,1,1,7,2,0,5,0,0,0,0
6,9,0,0,1,3,3,1,1,5,1,1,1,7,0,2,0,8,5,6,1
2,18,4,0,1,0,3,0,0,15,1,1,1,1,0,2,5,1,0,1,0
1,18,4,0,1,0,3,3,0,2,1,1,1,0,0,1,0,6,3,12,1
2,18,0,0,1,0,3,3,0,8,1,1,1,7,0,1,0,2,0,3,1
14,18,2,0,1,0,3,1,0,0,1,1,1,1,2,1,0,6,11,13,1
11,15,0,1,1,3,0,0,1,6,1,1,1,5,2,5,3,6,2,12,1
14,20,0,1,1,0,3,1,0,1,1,1,1,7,2,1,0,6,5,13,1
13,0,4,1,1,4,3,0,1,9,1,1,1,5,2,0,5,0,0,0,1
14,15,4,1,1,0,3,0,0,0,1,1,1,1,2,3,0,6,11,9,1
10,15,4,1,1,0,3,3,0,2,1,1,1,0,0,1,0,5,4,6,1
14,8,0,0,1,4,3,3,1,11,1,1,1,0,2,1,0,6,4,14,1
12,20,0,1,1,0,3,3,0,8,1,1,1,0,2,4,0,6,0,11,1
5,18,4,0,1,0,3,0,0,0,1,1,1,0,0,2,0,5,2,6,0
8,15,4,0,1,4,3,1,1,5,1,1,1,0,0,1,0,5,9,2,1
14,20,0,1,1,0,3,0,0,0,1,1,1,5,2,2,0,6,4,10,1
3,15,4,0,1,3,3,0,1,15,1,1,1,0,0,0,5,0,0,0,1
5,18,4,1,1,0,3,3,0,0,1,1,1,5,0,1,0,6,3,9,0
11,17,0,0,1,0,3,0,0,1,1,1,1,7,2,6,0,1,2,4,1
6,15,4,1,1,0,3,3,0,11,1,1,1,0,0,1,0,4,11,4,0
4,18,4,0,1,0,3,0,0,2,1,1,1,1,0,0,5,0,0,0,1
2,18,0,1,0,0,3,0,0,1,1,1,1,0,2,3,5,0,0,2,1
5,15,4,0,1,0,3,0,0,9,1,1,1,0,0,0,5,0,0,0,1
2,17,4,0,1,0,3,3,0,2,1,1,1,0,0,0,5,0,0,0,1
12,19,0,0,1,0,3,0,0,0,1,1,1,0,2,1,0,6,3,14,1
15,18,0,1,0,0,3,1,0,1,1,0,1,0,2,1,0,8,0,14,0
5,17,4,0,1,0,3,1,0,2,1,1,1,0,0,1,0,7,3,5,1
5,18,4,0,1,0,3,0,0,2,1,1,1,0,0,1,0,6,8,10,1
2,18,4,0,1,0,3,0,0,2,1,1,1,7,0,1,0,3,2,6,1
8,0,4,1,1,4,3,3,1,0,1,1,1,0,0,1,0,8,4,6,1
10,18,4,0,1,0,3,0,0,0,1,1,1,1,0,5,0,8,3,9,1
5,14,4,0,0,0,3,0,0,2,1,1,0,0,0,0,5,0,0,3,1
14,18,0,0,1,0,3,0,0,0,1,1,1,5,2,1,0,6,8,13,1
2,15,4,1,1,0,3,0,0,7,1,1,1,0,0,1,0,3,4,4,1
7,22,4,0,1,0,3,1,0,7,1,1,1,8,0,1,0,6,6,10,0
11,22,4,0,1,0,3,0,0,0,1,1,1,5,2,1,0,7,0,14,0
4,20,4,0,1,0,3,0,0,11,1,1,1,7,0,1,0,6,4,9,0
11,18,4,0,1,0,3,1,0,2,1,1,1,0,2,1,0,6,3,8,1
1,18,4,0,1,0,3,1,0,2,1,1,1,1,0,1,0,4,4,3,1
0,15,4,1,1,0,3,0,0,2,1,1,1,0,0,0,5,0,0,0,1
7,16,4,0,1,0,3,0,0,2,1,1,1,0,0,1,0,6,10,10,1
11,15,0,1,1,0,3,3,0,0,1,1,1,0,2,1,0,6,4,12,1
4,19,4,1,1,0,3,0,0,2,1,1,1,0,0,1,0,4,3,2,1
9,19,4,0,1,0,3,0,0,2,1,1,1,1,0,3,0,6,6,8,1
9,18,0,1,1,3,3,0,1,1,1,1,1,5,0,1,0,6,1,9,1
3,5,4,0,1,3,3,0,1,2,1,1,1,0,0,1,1,6,0,7,1
2,16,4,0,1,4,3,0,1,2,1,1,1,0,0,1,0,7,1,4,1
6,20,4,0,1,0,3,1,0,2,1,1,1,0,0,3,0,6,0,13,1
11,20,4,0,1,0,3,0,0,2,1,1,1,0,2,1,0,6,6,8,1
8,20,4,0,1,0,3,1,0,2,1,1,1,0,0,3,0,5,0,2,1
13,12,0,1,1,2,3,3,0,1,1,1,1,0,2,1,2,0,0,4,1
12,17,4,1,1,0,3,3,0,0,1,1,1,0,2,0,5,0,0,0,1
3,20,4,1,1,0,3,1,0,12,1,1,1,0,0,6,0,1,3,5,0
6,15,4,0,1,0,3,3,0,5,1,1,1,5,0,1,0,6,3,3,1
7,20,0,0,1,0,3,0,0,0,1,1,1,0,0,3,0,9,2,14,0
6,13,4,0,0,4,3,0,1,14,1,1,1,0,2,1,5,0,0,6,1
5,15,4,0,1,0,3,3,0,0,1,1,1,0,0,1,0,6,2,7,1
10,10,0,0,0,0,3,0,0,2,0,1,1,7,0,4,0,0,5,10,1
7,15,4,0,1,0,3,0,0,0,1,1,1,0,0,1,0,5,11,3,1
4,15,4,0,1,0,3,0,0,2,1,1,1,0,0,1,0,6,6,11,1
2,22,4,0,1,0,3,1,0,7,1,1,1,0,0,0,5,0,0,0,1
7,20,4,1,1,0,3,0,0,0,1,1,1,0,0,1,0,6,4,13,1
7,15,4,0,1,4,3,0,1,9,1,1,1,0,0,1,0,6,3,8,1
6,18,4,0,0,0,3,3,0,2,1,1,0,0,0,1,0,1,3,3,1
15,20,4,0,1,3,3,0,1,0,1,1,1,5,2,1,0,6,10,14,1
15,21,0,1,1,4,3,0,1,1,1,1,1,5,2,0,5,0,0,0,1
11,14,4,0,1,0,3,0,0,0,1,1,1,7,2,1,0,2,10,5,1
3,20,4,0,1,0,3,1,0,2,1,1,1,0,0,1,0,6,8,9,1
1,18,4,0,1,0,3,3,0,11,1,1,1,0,0,0,5,0,0,0,1
13,20,2,1,1,0,3,1,0,0,1,1,1,0,2,3,0,6,6,11,0
9,20,4,1,1,0,3,1,0,0,1,1,1,0,0,1,0,6,0,11,0
7,20,4,1,1,0,3,0,0,5,1,1,1,0,0,1,2,1,0,6,1
2,19,4,1,1,0,3,1,0,0,1,1,1,0,0,5,5,2,0,2,0
2,21,4,0,1,0,3,1,0,0,1,1,1,5,0,1,0,9,4,14,0
11,15,4,0,0,0,3,1,0,2,1,0,0,8,2,6,5,0,0,2,1
2,18,4,0,1,0,3,0,0,2,1,1,1,0,0,1,0,4,4,3,1
11,16,4,0,1,0,3,1,0,12,1,1,1,0,2,1,0,7,5,12,1
15,14,4,0,0,0,3,0,0,15,1,1,0,0,2,0,5,0,0,1,1
5,20,4,0,1,0,3,0,0,2,1,1,1,0,0,1,0,6,11,8,0
7,18,0,1,1,0,3,0,0,0,1,1,1,7,0,1,0,6,2,8,1
5,22,4,1,1,0,3,0,0,7,1,1,1,8,0,1,0,6,8,7,1
10,18,4,1,1,3,3,0,1,2,1,1,1,5,0,1,5,0,0,0,1
9,18,4,1,1,2,3,0,0,12,1,1,1,0,0,1,0,4,3,6,0
2,15,4,0,1,0,3,0,0,2,1,1,1,0,0,1,2,1,0,3,1
11,19,4,1,1,0,3,0,0,16,1,1,1,1,0,2,5,4,0,2,1
0,15,4,0,1,4,3,0,1,2,1,1,1,0,0,0,5,0,0,0,0
7,20,4,0,0,0,3,0,0,2,1,1,1,5,0,1,0,6,4,13,1
13,20,0,1,1,0,3,0,0,0,1,1,1,5,2,3,0,6,5,12,1
2,19,4,1,1,0,3,0,0,2,1,1,1,0,0,1,0,3,8,5,1
15,20,4,0,1,0,3,2,0,2,1,1,1,0,2,1,0,6,6,12,1
6,18,4,0,1,0,3,3,0,14,1,1,1,0,0,0,5,0,0,0,0
7,18,4,0,1,4,3,0,1,2,1,1,1,5,0,0,5,0,0,0,1
3,15,4,0,1,0,3,3,0,0,1,1,1,0,0,1,0,6,1,10,1
1,18,4,1,1,0,3,0,0,16,1,1,1,5,0,1,5,0,0,0,0
8,15,4,1,1,0,3,0,0,9,1,1,1,7,0,3,0,6,2,6,1
1,15,4,0,1,0,3,0,0,7,1,1,1,7,0,1,2,2,0,2,1
0,15,4,0,1,4,3,0,1,2,1,1,1,5,0,1,0,6,2,8,1
14,20,0,1,1,3,3,0,1,1,1,1,1,0,2,1,0,8,10,13,1
8,20,4,1,1,0,3,0,0,2,1,1,1,0,0,3,0,1,0,1,1
1,15,4,1,1,0,3,0,0,2,1,1,1,7,0,1,0,4,4,4,1
11,23,0,0,1,4,3,0,1,0,1,1,1,5,2,1,0,6,8,13,1
0,15,4,1,1,0,3,3,0,2,1,1,1,7,0,1,0,2,7,4,1
14,20,4,0,1,0,3,0,0,0,1,1,1,0,2,7,0,9,0,9,0
5,18,4,1,1,0,3,0,0,2,1,1,1,0,0,1,0,2,4,5,1
10,15,0,1,1,0,3,0,0,8,1,1,1,0,0,1,0,6,6,8,1
11,18,0,1,1,2,3,1,0,1,1,1,1,5,2,1,5,0,0,0,1
3,19,4,1,1,0,3,0,0,2,1,1,1,0,0,1,0,2,2,4,1
9,18,4,0,1,0,3,0,0,0,1,1,1,0,0,1,0,6,6,11,0
7,15,4,1,1,0,3,3,0,0,1,1,1,0,0,0,5,0,0,0,1
7,20,0,0,1,0,3,1,0,0,1,1,1,0,0,1,2,6,0,9,1
11,14,4,1,1,0,3,3,0,16,1,1,1,0,2,1,0,8,1,8,1
2,20,4,1,1,0,3,0,0,12,1,1,1,0,2,3,0,1,9,6,1
11,17,4,0,1,0,3,0,0,0,1,1,1,0,2,1,0,6,3,13,1
3,18,0,1,1,0,3,0,0,8,1,1,1,5,0,0,5,0,0,0,0
6,20,4,0,1,0,3,0,0,0,1,1,1,0,0,5,0,6,6,13,1
3,17,4,0,1,0,0,3,0,16,1,1,1,0,0,5,3,3,3,4,1
1,18,4,0,1,0,3,0,0,16,1,1,1,7,0,1,5,3,0,3,0
14,15,0,1,1,4,3,0,1,1,1,1,1,0,2,1,0,2,0,2,0
11,20,4,0,1,0,3,1,0,2,1,1,1,5,2,1,0,6,6,14,1
13,0,4,0,1,4,3,0,1,15,1,1,1,7,2,0,5,0,0,0,1
12,21,4,1,1,0,3,0,0,0,1,1,1,5,2,2,0,6,0,9,0
5,15,4,1,1,0,0,1,0,0,1,1,1,0,0,5,3,6,1,6,1
12,20,2,1,1,1,3,3,0,14,1,1,1,0,2,2,0,4,8,9,1
7,22,4,1,1,0,3,1,0,0,1,1,1,0,0,1,0,9,3,14,1
1,18,4,1,1,0,3,0,0,16,1,1,1,0,0,0,5,0,0,0,1
2,18,4,1,1,0,3,1,0,2,1,1,1,8,0,1,0,2,8,4,1
5,20,0,1,1,2,3,0,1,0,1,1,1,8,0,5,0,2,4,6,0
1,18,4,0,1,4,3,0,1,16,1,1,1,5,0,2,5,0,0,0,1
6,20,0,0,1,0,1,1,0,1,1,1,1,8,0,5,0,6,9,13,0
14,18,4,0,1,0,3,0,0,0,1,1,1,0,2,7,0,5,0,9,0
3,15,4,0,1,3,3,0,1,3,1,1,1,0,0,2,0,2,4,2,1
5,15,4,0,1,4,3,0,1,0,1,1,1,7,0,1,0,6,4,6,1
13,20,4,0,1,3,3,3,1,3,1,1,1,0,2,1,0,9,7,13,1
8,15,4,0,1,4,3,0,1,7,1,1,1,0,0,1,0,6,8,9,1
0,15,4,0,1,0,3,3,0,16,1,1,1,5,0,0,5,0,0,0,0
14,20,0,0,1,4,3,0,1,0,1,1,1,0,2,6,0,6,9,11,1
7,20,4,1,1,0,3,0,0,16,1,1,1,5,0,4,0,1,1,3,1
8,19,4,0,1,0,3,0,0,0,1,1,1,0,0,3,0,9,6,6,1
9,15,4,0,1,0,1,0,0,11,1,1,1,0,0,1,0,7,7,9,0
2,15,4,0,1,3,3,0,1,5,1,1,1,0,0,1,0,6,3,4,1
7,20,4,1,1,0,3,0,0,2,1,1,1,0,0,1,5,0,0,0,0
12,18,0,1,1,0,3,0,0,1,1,1,1,0,2,7,5,0,0,0,1
10,10,2,0,1,4,3,0,1,5,1,1,1,0,0,1,0,6,3,8,1
13,19,0,1,1,3,3,1,1,1,1,1,1,0,2,1,0,2,7,4,1
4,15,4,1,1,0,3,0,0,2,1,1,1,0,0,1,2,4,0,5,1
12,18,0,1,0,0,3,0,0,0,1,1,1,2,2,1,0,8,2,14,1
12,20,0,1,1,0,3,1,0,1,1,1,1,0,2,1,0,6,3,13,1
5,19,4,1,1,0,3,0,0,2,1,1,1,0,0,1,5,0,0,0,1
9,18,0,0,1,4,3,0,1,0,1,1,1,0,0,1,0,6,6,10,0
8,20,4,1,1,0,3,1,0,2,1,1,1,0,0,0,5,0,0,0,1
0,18,4,0,1,0,3,0,0,2,1,1,1,0,0,0,5,0,0,0,1
10,18,0,0,1,0,1,0,0,0,1,1,1,0,0,5,0,6,5,11,1
5,15,0,0,1,0,3,1,0,0,1,1,1,0,0,1,0,4,3,5,1
12,22,0,1,1,3,3,0,1,1,1,1,1,5,2,7,1,8,0,10,1
10,19,0,1,1,4,3,0,1,1,1,1,1,0,0,1,0,5,2,10,1
1,15,4,1,1,0,3,3,0,2,1,1,1,1,0,1,0,5,9,6,1
3,18,4,1,1,0,3,3,0,2,1,1,1,0,0,1,0,2,10,4,1
13,20,2,1,1,0,3,1,0,0,1,1,1,0,2,1,0,7,10,11,1
6,20,0,1,0,3,2,0,1,3,1,1,0,1,0,5,4,6,4,13,0
15,22,0,0,1,3,3,0,1,0,1,1,1,0,2,1,0,6,9,14,1
6,15,4,0,1,0,3,0,0,2,1,1,1,0,0,1,0,6,11,12,1
7,20,4,0,1,0,3,1,0,2,1,1,1,5,0,1,0,6,2,14,1
5,15,0,1,1,0,3,1,0,1,1,1,1,8,0,1,0,1,2,2,1
0,18,4,1,1,4,3,0,1,16,1,1,1,5,0,2,5,1,0,1,0
6,20,4,1,1,3,3,0,1,2,1,1,1,5,0,2,0,1,4,2,0
14,23,0,1,1,4,3,0,1,8,1,1,1,5,2,0,5,0,0,0,1
0,17,4,0,0,0,3,0,0,2,1,1,0,7,0,1,5,1,0,1,1
2,15,2,1,1,0,3,0,0,7,1,1,1,0,0,1,0,6,1,7,1
9,20,0,1,1,0,3,3,0,1,1,1,1,5,0,1,0,7,7,10,1
14,14,0,0,1,4,3,0,1,0,1,1,1,7,2,1,5,8,0,7,1
14,20,2,1,1,0,3,1,0,0,1,1,1,0,2,3,0,6,6,11,0
3,16,4,0,1,0,3,0,0,15,1,1,1,0,0,1,5,6,0,2,0
2,18,4,0,1,0,3,0,0,15,1,1,1,0,0,0,5,0,0,1,0
0,18,4,0,1,0,3,0,0,2,1,1,1,7,0,0,5,0,0,0,0
15,18,0,0,1,0,3,0,0,2,1,1,1,0,2,3,0,6,2,6,1
15,21,4,0,1,4,3,0,1,11,1,1,1,5,2,1,0,8,6,14,0
0,15,4,1,1,0,3,1,0,11,1,1,1,0,0,1,2,4,0,6,0
6,15,4,1,1,0,3,0,0,2,1,1,1,5,0,1,0,6,6,6,1
14,20,4,0,1,0,3,1,0,0,1,1,1,8,2,7,0,9,1,13,0
2,17,4,0,0,0,3,0,0,9,1,1,1,2,0,1,2,7,0,0,0
10,20,0,1,1,4,3,0,1,0,1,1,1,0,0,1,0,6,10,9,1
6,15,4,0,1,4,3,0,1,2,1,1,1,5,0,0,5,0,0,0,1
9,18,0,1,1,0,3,0,0,0,1,1,1,5,0,6,0,1,4,11,1
3,18,4,1,1,0,3,0,0,0,1,1,1,0,0,5,2,6,0,6,0
5,20,4,1,1,0,3,3,0,0,1,1,1,5,0,2,0,6,8,12,1
8,20,4,0,1,0,3,1,0,9,1,1,1,0,0,1,0,7,11,3,1
7,15,4,0,1,0,3,0,0,0,1,1,1,0,0,1,0,4,3,6,1
8,20,2,1,0,0,2,0,0,2,1,1,1,1,0,9,2,1,11,5,1
11,23,0,1,1,3,3,0,1,16,1,1,1,5,2,1,5,8,0,7,0
10,10,4,1,0,0,3,0,0,0,1,1,0,0,0,5,5,0,0,0,1
4,18,0,0,1,0,3,0,0,2,1,1,1,7,0,0,5,0,0,0,1
12,3,0,1,1,3,3,3,1,12,1,1,1,7,2,6,0,5,8,7,1
11,20,4,1,1,0,3,0,0,0,1,1,1,0,2,2,0,7,6,12,1
2,17,4,1,0,0,3,0,0,2,1,1,0,0,0,1,0,3,6,2,1
4,18,4,1,1,0,3,3,0,4,1,1,1,5,0,1,0,4,4,3,1
1,13,4,0,1,0,3,3,0,16,1,1,1,0,0,1,5,6,0,5,0
8,20,4,0,1,0,3,1,0,2,1,1,1,0,0,1,0,6,8,8,1
0,18,4,1,1,0,3,3,0,16,1,1,1,0,0,1,0,4,10,6,1
5,19,4,1,1,0,3,0,0,2,1,1,1,1,0,0,5,0,0,0,1
9,20,4,0,1,0,3,3,0,0,1,1,1,0,0,3,1,9,0,11,0
14,12,0,0,1,0,3,0,0,1,1,1,1,7,2,1,0,6,8,13,1
5,15,4,0,1,0,3,0,0,2,1,1,1,0,0,2,0,6,3,7,1
2,20,4,1,1,2,3,0,0,2,1,1,1,7,0,1,0,2,4,2,1
7,15,0,1,1,3,3,0,1,5,1,1,1,0,0,2,0,6,8,9,0
13,23,0,0,1,0,3,0,0,1,1,1,1,0,2,1,0,8,2,13,1
0,15,4,0,1,0,3,0,0,2,1,1,1,0,0,9,2,3,0,1,1
2,19,4,1,1,0,3,1,0,2,1,1,1,0,0,1,0,3,2,5,1
14,21,0,1,1,0,3,0,0,1,1,1,1,0,2,1,0,8,6,10,1
1,15,4,0,1,0,3,1,0,2,1,1,1,0,0,1,0,1,3,2,1
3,15,4,0,1,0,0,0,0,16,1,1,1,0,0,5,3,4,1,6,1
10,16,4,1,1,0,3,0,0,10,1,1,1,0,0,1,5,6,0,4,0
3,20,4,1,1,0,3,0,0,2,1,1,1,5,0,1,1,6,0,6,1
2,16,0,0,1,0,3,0,0,11,1,1,1,0,0,0,5,0,0,0,0
14,15,4,1,1,4,3,1,1,0,1,1,1,0,2,1,0,6,3,6,0
8,20,4,0,1,0,3,3,0,5,1,1,1,0,0,1,0,6,9,14,1
0,15,4,0,1,4,3,0,1,16,1,1,1,0,0,1,5,4,0,2,1
6,15,4,1,1,4,3,0,1,2,1,1,1,1,0,1,0,6,11,6,1
0,18,4,1,1,0,3,0,0,16,1,1,1,1,0,1,0,1,3,6,0
9,20,0,0,1,3,3,0,1,2,1,1,1,5,0,1,0,7,6,13,1
13,20,0,1,1,3,3,0,1,0,1,1,1,7,2,3,0,6,6,13,0
11,21,4,0,1,0,3,0,0,0,1,1,1,0,2,1,0,6,0,11,0
1,15,4,0,1,0,3,0,0,2,1,1,1,5,0,0,5,0,0,0,1
14,15,0,1,1,4,3,0,1,8,1,1,1,0,2,0,5,0,0,0,1
8,21,0,1,1,4,3,0,1,0,1,1,1,5,0,1,0,6,11,13,0
2,15,4,0,0,0,3,0,0,2,1,1,0,0,0,0,5,0,0,0,1
10,18,0,0,1,0,3,0,0,0,1,1,1,0,0,1,2,1,0,1,1
15,15,0,1,1,3,3,0,1,10,1,1,1,5,2,1,0,6,8,5,1
15,18,4,1,1,0,3,0,0,0,1,1,1,0,2,1,0,5,4,9,1
11,16,4,0,0,0,3,1,0,15,0,0,1,4,2,0,5,0,0,5,0
3,18,4,0,1,4,3,0,1,16,1,1,1,5,0,6,5,0,0,2,1
2,19,0,1,1,0,3,0,0,8,1,1,1,0,0,1,0,2,2,5,0
11,20,4,0,1,3,3,0,1,0,1,1,1,7,2,1,1,7,0,11,1
12,17,2,1,1,0,3,0,0,0,1,1,1,0,2,1,0,9,3,8,0
7,15,0,0,1,4,3,0,1,1,1,1,1,0,0,1,0,6,7,7,0
12,13,4,1,1,0,3,0,0,2,1,1,1,7,2,6,5,0,0,2,1
11,16,0,1,1,0,3,0,0,1,1,1,1,7,2,0,5,0,0,0,1
4,15,4,1,0,0,3,0,0,9,1,1,1,2,0,1,5,4,0,1,1
13,23,0,0,1,2,3,0,0,1,1,1,1,0,2,8,0,6,3,14,0
8,17,4,1,1,0,3,0,0,2,1,1,1,0,0,0,5,0,0,0,1
1,17,4,1,1,0,3,1,0,16,1,1,1,0,0,4,5,1,0,2,0
1,18,4,1,1,0,3,3,0,2,1,1,1,7,0,1,0,2,5,5,1
13,18,0,1,1,3,3,1,1,0,1,1,1,0,2,6,0,6,2,14,1
10,16,4,1,1,0,3,1,0,2,1,1,1,0,0,1,0,6,6,10,1
3,15,4,1,1,0,3,0,0,2,1,1,1,0,0,1,1,3,0,4,1
12,19,4,0,1,4,3,0,1,2,1,1,1,7,2,1,0,8,8,10,0
11,18,4,0,1,0,3,0,0,2,1,1,1,1,0,4,2,4,0,4,1
4,17,4,0,1,0,3,0,0,15,1,1,1,7,0,0,5,0,0,0,0
5,19,4,1,1,0,3,0,0,2,1,1,1,5,0,1,5,0,0,0,1
4,15,0,0,0,4,3,0,1,1,1,1,1,5,0,1,5,0,0,1,1
6,20,4,1,1,0,3,3,0,2,1,1,1,0,0,1,5,1,0,1,1
6,20,4,0,0,0,3,1,0,5,1,1,0,0,0,2,2,1,0,8,1
10,19,0,1,1,0,3,0,0,0,1,1,1,7,0,1,0,8,3,11,1
3,18,4,1,1,0,3,0,0,2,1,1,1,7,0,1,0,6,3,8,1
7,18,0,0,1,0,3,0,0,2,1,1,1,0,0,0,5,0,0,0,1
4,19,4,0,1,0,3,1,0,2,1,1,1,8,0,6,0,3,0,6,0
3,19,4,1,1,0,3,1,0,2,1,1,1,5,0,2,0,1,4,4,1
10,20,0,1,1,0,3,1,0,0,1,1,1,0,0,1,0,8,2,13,1
8,20,0,1,1,4,3,0,1,1,1,1,1,5,0,1,2,8,0,2,1
13,19,4,1,1,0,3,0,0,0,1,1,1,7,2,1,0,6,6,11,1
0,17,4,1,1,0,3,0,0,16,1,1,1,5,0,0,5,0,0,0,0
0,13,4,0,1,0,3,0,0,2,1,1,1,0,0,0,5,0,0,0,1
8,18,2,1,1,0,3,1,0,0,1,1,1,0,0,1,0,6,7,7,1
15,20,4,0,1,0,3,1,0,0,1,1,1,0,2,1,0,7,2,13,1
10,20,0,1,1,0,3,1,0,0,1,1,1,0,0,1,0,6,3,10,1
4,15,4,0,1,0,3,0,0,2,1,1,1,0,0,0,5,0,0,5,1
12,20,4,0,1,0,3,1,0,2,1,1,1,8,2,1,0,6,6,9,0
11,21,4,1,1,0,3,0,0,12,1,1,1,0,2,6,0,6,6,11,1
12,20,0,1,1,0,3,0,0,1,1,1,1,0,2,7,0,6,0,9,1
3,15,4,0,1,0,3,0,0,2,1,1,1,8,0,1,0,6,6,4,1
14,20,0,0,1,4,3,0,1,1,1,1,1,0,2,1,0,9,8,14,0
15,20,4,1,1,0,3,1,0,12,1,1,1,0,2,1,0,7,10,10,1
10,15,4,0,1,3,3,0,1,2,1,1,1,5,0,1,0,6,4,11,1
7,18,4,0,1,0,3,1,0,5,1,1,1,0,0,1,0,8,6,9,1
3,18,4,0,1,0,3,0,0,2,1,1,1,7,0,1,0,6,5,8,1
13,20,0,0,1,0,3,3,0,1,1,1,1,0,2,7,0,9,6,13,1
9,9,0,0,1,0,3,0,0,5,1,1,1,7,0,9,2,0,0,0,1
9,18,0,0,1,3,3,0,1,0,1,1,1,5,0,0,5,0,0,0,1
1,15,4,1,1,0,3,0,0,2,1,1,1,0,0,1,0,1,11,3,0
14,15,0,1,1,0,3,3,0,1,1,1,1,0,2,6,5,0,0,0,1
6,18,4,0,1,0,3,1,0,5,1,1,1,0,0,3,2,1,0,3,1
10,17,0,0,1,0,0,0,0,0,1,1,1,7,0,5,3,6,2,10,1
15,23,0,0,1,0,3,0,0,0,1,1,1,0,2,1,0,6,11,13,1
14,20,0,0,1,0,3,0,0,1,1,1,1,0,2,1,0,5,6,13,1
6,15,4,0,1,0,3,0,0,14,1,1,1,7,0,0,5,0,0,10,0
3,20,4,1,1,4,3,0,1,11,1,1,1,5,0,1,5,0,0,0,0
5,20,4,1,1,0,3,0,0,2,1,1,1,1,0,2,5,0,0,0,1
0,17,4,0,1,4,3,0,1,16,1,1,1,5,0,0,5,0,0,0,1
3,18,4,0,1,0,3,1,0,11,1,1,1,5,0,2,0,6,1,13,0
2,18,4,1,1,0,3,3,0,2,1,1,1,5,0,1,0,3,2,2,1
15,19,4,0,1,0,3,0,0,0,1,1,1,0,2,1,0,6,5,12,1
5,20,4,0,0,2,3,1,0,2,1,1,0,0,0,1,5,4,0,1,1
1,17,4,0,1,0,0,2,0,16,1,1,1,3,0,5,3,7,3,6,1
6,15,4,0,1,0,3,0,0,2,1,1,1,0,0,0,5,0,0,0,1
6,20,4,0,1,0,3,0,0,2,1,1,1,0,0,1,0,5,5,2,1
6,16,4,1,1,0,3,0,0,2,1,1,1,0,0,1,5,0,0,1,1
0,15,4,0,1,0,3,1,0,2,1,1,1,0,0,1,5,2,0,1,1
8,21,0,0,1,3,3,0,1,1,1,1,1,5,0,1,1,7,0,13,1
14,20,4,0,1,0,3,0,0,12,1,1,1,7,2,1,0,6,8,11,1
15,20,4,0,1,4,3,0,1,2,1,1,1,7,2,1,0,6,1,13,1
10,20,4,0,1,0,3,0,0,0,1,1,1,0,0,1,0,8,10,12,1
10,19,4,1,1,0,3,0,0,12,1,1,1,7,0,1,0,6,11,13,1
4,18,2,0,1,0,3,3,0,5,1,1,1,0,0,1,0,9,4,6,1
1,18,4,0,1,0,3,0,0,2,1,1,1,7,0,1,0,2,2,4,1
0,18,4,1,1,0,3,3,0,16,1,1,1,7,0,0,5,0,0,0,0
11,20,4,0,1,0,3,1,0,0,1,1,1,0,2,1,0,6,6,14,0
15,18,4,1,1,0,3,0,0,0,1,1,1,0,2,1,0,6,5,6,1
7,16,4,1,1,0,3,0,0,0,1,1,1,7,0,0,5,0,0,0,1
1,15,4,0,1,0,3,1,0,2,1,1,1,0,0,1,5,1,0,2,1
10,20,0,1,1,4,3,0,1,1,1,1,1,5,0,1,0,6,7,12,1
4,17,4,0,1,0,3,1,0,15,1,1,1,0,0,1,5,3,0,1,0
13,15,0,0,1,3,3,0,0,15,1,1,1,0,2,7,5,9,0,1,0
6,13,0,0,1,0,0,0,0,16,1,1,1,6,0,5,3,6,1,9,1
7,20,4,0,1,0,3,0,0,4,1,1,1,0,0,3,0,6,6,9,1
8,18,4,0,1,0,3,1,0,2,1,1,1,5,0,1,0,3,4,1,1
2,18,4,1,1,0,3,0,0,2,1,1,1,1,0,0,5,0,0,5,1
4,18,4,1,1,0,3,0,0,9,1,1,1,7,0,1,0,4,5,3,0
7,15,4,0,1,0,3,0,0,0,1,1,1,0,0,2,0,6,3,9,1
0,18,4,1,1,0,3,0,0,2,1,1,1,7,0,1,0,4,2,3,1
8,21,0,1,1,4,3,0,1,1,1,1,1,5,0,0,5,0,0,0,1
5,18,4,0,1,0,3,3,0,0,1,1,1,0,0,1,0,6,7,8,0
15,18,4,1,1,0,3,3,0,2,1,1,1,1,2,1,0,4,1,5,1
8,15,4,0,1,0,3,1,0,0,1,1,1,0,0,1,2,6,0,2,1
2,15,4,0,1,0,3,3,0,2,1,1,1,0,0,3,0,2,3,4,1
9,15,0,1,1,0,0,3,0,6,1,1,1,7,0,5,3,6,2,14,1
4,20,4,1,1,0,3,1,0,0,1,1,1,0,0,4,0,1,2,6,0
6,17,4,1,1,0,3,0,0,9,1,1,1,0,0,1,0,6,0,1,1
12,16,4,1,1,0,3,0,0,2,1,1,1,7,2,1,0,1,6,3,1
13,20,0,1,1,4,3,0,1,1,1,1,1,5,2,1,0,6,8,11,0
15,19,0,0,1,3,3,0,1,0,1,1,1,0,2,1,0,6,1,12,1
0,18,4,0,1,0,3,1,0,2,1,1,1,0,0,1,0,4,8,5,0
14,20,0,1,1,4,3,0,1,1,1,1,1,0,2,1,5,0,0,0,0
4,15,2,1,1,0,3,0,0,16,1,1,1,0,0,3,0,6,1,6,0
15,15,0,0,1,0,3,3,0,9,1,1,1,0,2,1,0,6,11,8,1
4,18,4,0,1,0,3,1,0,2,1,1,1,0,0,1,0,6,8,8,1
12,21,0,1,1,0,3,1,0,1,1,1,1,0,2,2,0,7,2,12,0
2,17,4,0,1,0,3,0,0,16,1,1,1,0,0,1,5,6,0,7,1
10,20,0,0,1,3,3,0,1,5,1,1,1,0,0,6,0,6,10,10,1
2,18,4,1,1,0,3,0,0,9,1,1,1,0,0,0,5,0,0,0,1
12,21,0,0,1,0,3,3,0,0,1,1,1,0,2,6,0,8,2,13,0
1,18,4,0,1,0,3,1,0,2,1,1,1,0,0,1,0,6,4,4,1
9,20,0,0,1,0,0,3,0,0,1,1,1,0,0,5,3,9,0,14,0
1,18,4,0,1,0,3,1,0,2,1,1,1,8,0,0,5,0,0,0,1
11,21,0,0,1,0,0,1,0,0,0,1,1,0,2,5,3,7,9,13,1
4,16,4,0,0,0,3,0,0,15,1,1,1,4,0,0,5,0,0,0,0
15,20,0,0,1,0,3,0,0,0,1,1,1,1,2,1,0,6,10,14,1
11,15,4,1,1,0,3,0,0,2,1,1,1,0,2,0,5,0,0,10,1
4,10,4,0,1,4,3,3,1,7,1,1,1,7,0,1,0,1,3,1,1
9,14,4,1,1,0,3,0,0,2,1,1,1,0,0,3,0,3,1,6,1
2,19,0,1,1,0,1,1,0,8,1,1,1,0,0,5,0,6,5,3,1
3,18,4,0,0,0,3,0,0,2,1,1,0,6,0,0,5,0,0,3,1
8,21,4,1,1,0,3,1,0,0,1,1,1,8,0,1,0,6,4,13,1
3,20,4,0,1,0,3,3,0,14,1,1,1,0,0,1,0,6,4,10,0
6,13,4,0,0,0,3,0,0,3,1,0,1,1,0,0,5,0,0,5,1
8,18,4,0,1,0,3,0,0,0,1,1,1,5,0,1,0,6,6,11,1
15,18,0,1,1,0,3,0,0,2,1,1,1,1,2,1,0,6,0,9,1
11,13,4,0,1,0,3,3,0,10,1,1,1,0,2,0,5,0,0,0,1
12,20,4,0,1,0,3,0,0,9,1,1,1,0,2,4,0,6,5,9,1
0,21,4,1,1,4,3,0,1,2,1,1,1,7,0,3,0,2,4,3,1
10,20,0,0,1,3,3,0,1,0,1,1,1,0,0,1,1,6,0,11,1
8,20,4,1,1,0,3,1,0,11,1,1,1,0,0,1,0,9,3,8,0
1,17,4,0,1,4,3,1,0,2,1,1,1,7,0,1,0,4,5,13,1
9,17,4,0,1,0,3,1,0,0,1,1,1,8,0,6,0,1,3,7,0
2,15,4,0,1,0,0,0,0,16,1,1,1,0,0,5,3,9,1,6,0
11,17,4,1,1,0,3,0,0,0,1,1,1,5,2,1,0,6,4,12,1
6,20,4,0,1,0,3,0,0,2,1,1,1,7,0,3,0,3,1,11,1
8,20,4,1,1,0,3,0,0,12,1,1,1,7,0,1,0,6,4,13,1
9,17,4,0,1,0,3,0,0,2,1,1,1,0,0,1,5,0,0,0,1
14,21,0,0,1,4,3,0,1,1,1,1,1,5,2,1,0,7,10,14,1
15,22,0,1,1,3,3,3,1,1,1,1,1,8,2,1,0,6,9,13,0
8,20,4,1,1,3,3,0,1,9,1,1,1,0,0,4,0,6,4,11,1
8,15,0,0,1,0,1,0,0,0,1,1,1,0,0,1,0,9,10,14,0
14,20,4,1,1,4,3,3,1,0,1,1,1,5,2,2,0,6,0,11,0
6,15,4,1,1,0,3,0,0,12,1,1,1,7,0,1,0,6,3,9,1
7,19,0,0,1,0,3,1,0,0,1,1,1,0,0,2,0,1,2,3,0
10,16,4,0,1,0,3,0,0,15,1,1,1,7,0,1,5,5,0,2,0
14,18,4,0,1,0,3,1,0,12,1,1,1,0,2,6,0,2,0,2,0
11,20,0,1,1,3,3,0,1,0,1,1,1,5,2,0,5,0,0,0,1
9,15,4,1,1,4,3,0,1,0,1,1,1,7,0,1,0,6,4,9,1
9,21,4,0,1,0,3,1,0,11,1,1,1,0,0,1,5,6,0,3,0
15,15,4,0,1,0,3,3,0,0,1,1,1,0,2,1,0,4,3,5,1
14,21,4,0,1,4,3,0,1,5,1,1,1,5,2,1,0,8,10,14,1
4,18,4,1,1,0,3,0,0,2,1,1,1,0,0,1,0,6,2,8,1
9,18,0,1,1,0,3,1,0,0,1,1,1,0,0,0,5,0,0,0,1
9,14,4,1,1,0,3,0,0,2,1,1,1,0,0,1,0,5,2,6,1
11,20,4,1,1,0,3,0,0,12,1,1,1,0,2,1,2,6,0,5,0
14,20,0,1,1,4,3,0,1,0,1,1,1,5,2,1,0,6,11,6,1
8,21,4,1,1,0,3,3,0,0,1,1,1,5,0,2,0,6,6,11,0
3,15,4,0,0,0,3,0,0,2,1,1,0,7,0,0,5,0,0,0,1
14,20,4,0,1,0,2,0,0,0,1,1,1,0,2,5,0,6,4,13,1
13,20,4,1,1,0,3,0,0,12,1,1,1,0,2,1,0,8,8,14,1
0,15,4,0,1,0,3,1,0,2,1,1,1,0,0,1,0,4,0,8,1
3,21,4,1,1,0,3,1,0,2,1,1,1,7,0,1,0,6,6,9,1
9,20,4,0,1,0,3,1,0,0,1,1,1,5,0,3,0,7,2,9,1
10,15,0,1,1,0,3,1,0,1,1,1,1,7,0,1,0,6,2,11,1
3,18,4,1,1,0,3,0,0,0,1,1,1,7,0,1,0,6,3,5,1
15,15,2,0,1,0,3,1,0,2,1,1,1,0,2,1,0,6,0,9,0
3,18,4,0,1,0,3,0,0,14,1,1,1,0,0,1,0,4,6,5,1
0,18,4,1,0,0,3,0,0,16,1,1,0,0,0,1,5,2,0,3,1
13,19,4,0,1,0,3,1,0,0,1,1,1,7,2,1,0,9,5,12,0
7,15,0,1,1,4,3,0,1,0,1,1,1,7,0,0,5,0,0,0,1
8,15,4,1,1,0,3,0,0,11,1,1,1,1,0,0,5,0,0,0,1
8,20,0,1,1,0,3,1,0,11,1,1,1,0,0,3,0,6,1,11,1
1,17,4,0,1,0,3,1,0,2,1,1,1,0,0,2,0,6,1,13,1
11,16,0,0,1,0,0,3,0,11,1,1,1,5,2,0,5,8,0,12,0
3,19,0,1,1,0,3,0,0,8,1,1,1,0,0,1,1,3,0,6,1
2,15,4,0,1,0,3,0,0,7,1,1,1,0,0,1,0,8,4,9,1
3,18,4,0,1,4,3,0,1,2,1,1,1,6,0,1,0,5,10,3,1
2,18,4,0,1,0,3,3,0,2,1,1,1,0,0,1,0,5,8,3,1
4,20,2,1,1,0,3,1,0,2,1,1,1,0,0,3,5,1,0,1,1
8,20,4,0,1,0,3,1,0,12,1,1,1,0,0,1,0,6,3,9,1
15,20,0,1,1,0,3,0,0,2,1,1,1,0,2,1,0,2,4,5,1
2,19,4,1,1,0,3,1,0,16,1,1,1,0,0,1,5,6,0,7,1
0,18,4,1,1,0,3,1,0,2,1,1,1,8,0,1,0,2,0,2,1
15,21,0,0,1,3,3,3,1,1,1,1,1,5,2,1,0,6,2,14,1
12,17,2,1,1,3,3,0,1,2,1,1,1,5,2,1,0,6,7,8,1
9,18,0,1,1,3,3,0,1,1,1,1,1,0,0,1,0,2,6,4,0
1,14,4,0,0,4,3,0,1,16,1,1,0,5,0,0,5,0,0,5,1
4,18,4,0,1,0,3,0,0,2,1,1,1,0,0,7,0,4,1,4,1
4,19,0,0,1,0,0,0,0,16,1,1,1,4,0,5,3,9,10,0,1
6,18,4,0,1,0,3,0,0,16,1,1,1,2,0,1,5,0,0,0,1
7,15,0,1,1,3,3,3,0,1,1,1,1,0,0,7,0,6,2,11,1
11,15,0,1,1,4,3,3,1,0,1,1,1,7,2,0,5,0,0,0,1
0,17,4,1,1,0,3,3,0,16,1,1,1,0,0,0,5,0,0,0,0
8,19,0,0,1,0,3,0,0,8,1,1,1,0,0,1,0,3,6,5,1
13,15,0,1,1,0,3,0,0,1,1,1,1,0,2,6,0,4,6,8,1
2,18,4,1,1,0,3,0,0,2,1,1,1,0,0,1,0,9,8,5,0
14,20,4,0,1,0,3,1,0,0,1,1,1,0,2,1,0,5,10,14,1
8,18,4,1,1,0,3,1,0,2,1,1,1,7,0,1,5,0,0,0,1
1,18,4,1,1,0,3,0,0,16,1,1,1,0,0,1,5,2,0,3,0
4,18,0,0,1,0,1,0,0,9,1,1,1,0,0,1,0,6,3,8,1
13,19,4,0,1,0,3,1,0,0,1,1,1,0,2,1,0,6,3,11,1
11,21,0,1,1,4,3,0,1,1,1,1,1,0,2,2,0,6,6,10,1
12,21,0,1,1,3,3,0,1,0,1,1,1,5,2,1,0,7,6,12,1
9,15,0,0,1,0,3,0,0,15,1,1,1,0,0,1,5,6,0,9,1
2,18,4,0,1,0,3,0,0,2,1,1,1,0,0,1,0,2,1,5,1
9,20,0,0,1,0,3,1,0,1,1,1,1,5,0,1,0,7,11,13,1
9,20,4,0,1,0,3,0,0,2,1,1,1,7,0,1,0,8,8,13,1
15,20,0,1,1,0,3,0,0,1,1,1,1,0,2,1,0,3,5,4,1
9,20,4,1,1,0,3,1,0,2,1,1,1,0,0,1,0,6,11,8,1
4,18,4,0,1,0,3,0,0,2,1,1,1,0,0,1,0,3,6,1,1
13,20,0,0,1,0,0,3,0,0,1,1,1,0,2,5,0,8,6,14,1
10,20,4,1,1,4,3,0,1,12,1,1,1,7,0,1,0,6,11,11,1
4,19,4,0,1,0,3,0,0,2,1,1,1,0,0,1,0,6,4,6,1
15,20,0,1,1,0,3,0,0,1,1,1,1,7,2,1,0,6,10,13,1
11,19,4,1,0,0,3,0,0,2,1,1,0,5,2,2,5,1,0,4,1
5,18,4,0,1,0,0,0,0,11,1,1,1,0,0,5,3,9,2,12,1
10,19,4,0,1,0,3,3,0,2,1,1,1,7,0,1,0,6,6,9,1
10,21,0,1,1,0,3,0,0,0,1,1,1,0,0,1,0,8,3,12,0
7,20,4,0,1,0,3,0,0,0,1,1,1,0,0,1,0,6,6,8,1
12,15,4,1,1,0,3,0,0,2,1,1,1,1,2,1,2,0,0,8,1
1,22,4,0,1,0,3,1,0,0,1,1,1,8,0,1,0,6,9,13,1
14,20,4,1,1,3,3,0,1,0,1,1,1,5,2,0,5,0,0,0,1
10,16,4,0,1,0,3,1,0,2,1,1,1,0,0,1,0,6,1,5,1
11,10,4,1,1,4,3,0,1,12,1,1,1,7,2,4,0,6,5,10,0
14,19,0,1,1,3,3,3,1,0,1,1,1,0,2,1,0,6,2,11,1
9,20,4,0,1,0,3,1,0,11,1,1,1,0,0,1,0,8,4,14,1
0,15,4,0,1,0,3,3,0,2,1,1,1,0,0,1,2,6,0,3,1
3,20,4,1,1,0,3,1,0,2,1,1,1,0,0,1,0,8,5,11,1
10,20,4,0,1,0,3,1,0,0,1,1,1,5,0,2,0,6,2,12,0
3,15,4,0,0,0,3,0,0,15,1,1,0,0,0,0,5,0,0,0,0
10,15,0,0,1,0,3,1,0,1,1,1,1,0,0,1,0,1,3,11,1
10,21,0,1,1,3,3,0,1,5,1,1,1,5,0,1,0,6,10,13,1
8,16,0,1,1,4,3,0,1,1,1,1,1,7,0,0,5,0,0,0,1
15,23,0,1,1,0,3,0,0,0,1,1,1,0,2,1,0,6,5,14,1
12,20,0,1,1,0,3,1,0,1,1,1,1,0,2,1,0,4,4,8,1
8,16,4,1,1,3,3,0,1,5,1,1,1,0,0,1,0,6,4,3,1
3,18,4,1,1,0,3,3,0,2,1,1,1,5,0,1,0,6,4,8,1
3,16,4,1,1,0,3,0,0,2,1,1,1,0,0,0,5,0,0,4,1
14,20,0,0,1,0,3,0,0,1,1,1,1,0,2,7,0,6,0,9,1
6,15,4,0,1,0,3,0,0,2,1,1,1,0,0,1,0,6,6,7,1
1,18,4,0,1,4,3,0,1,2,1,1,1,0,0,0,5,0,0,0,0
6,18,4,0,1,0,3,0,0,11,1,1,1,5,0,1,0,6,8,11,1
4,15,4,0,1,0,3,1,0,2,1,1,1,0,0,4,0,2,5,3,1
1,18,4,1,1,0,3,1,0,2,1,1,1,8,0,1,0,3,2,8,1
2,15,4,0,1,4,3,1,0,16,1,1,1,0,0,7,0,4,2,5,1
15,20,0,0,1,0,0,0,0,0,1,1,1,7,2,5,3,6,5,12,1
6,17,4,0,1,0,3,1,0,2,1,1,1,0,0,1,0,2,8,4,1
9,15,0,0,1,0,3,1,0,0,1,1,1,8,0,1,0,9,4,8,1
1,18,4,0,1,0,3,1,0,16,1,1,1,0,0,2,5,1,0,1,0
3,21,0,0,1,0,3,2,0,1,1,1,1,0,0,1,0,6,6,14,0
13,18,4,0,1,0,3,3,0,2,1,1,1,7,2,1,0,5,7,10,1
13,21,0,1,1,0,3,0,0,1,1,1,1,0,2,2,0,6,4,13,0
8,20,0,1,1,3,3,3,1,1,1,1,1,0,0,2,0,6,1,10,1
7,19,0,0,1,0,3,0,0,1,1,1,1,0,0,1,0,6,6,10,1
1,18,4,0,1,4,3,0,1,16,1,1,1,5,0,1,5,1,0,6,0
12,17,0,1,1,0,3,3,0,1,1,1,1,0,2,1,0,6,3,9,0
4,18,4,1,1,0,3,3,0,2,1,1,1,0,0,1,0,6,4,4,1
12,7,0,0,1,0,3,0,0,11,1,1,1,7,2,6,0,4,8,14,1
15,13,4,0,1,0,3,3,0,15,1,1,1,0,2,1,5,0,0,0,1
9,17,4,1,1,4,3,0,1,2,1,1,1,0,0,1,5,0,0,0,1
13,18,0,0,1,0,3,1,0,0,1,1,1,8,2,1,0,6,6,10,1
2,18,4,1,1,3,3,0,1,2,1,1,1,7,0,1,0,6,4,2,1
5,12,4,0,1,0,3,0,0,15,1,1,1,7,0,0,5,0,0,0,1
1,18,4,1,1,4,3,0,1,11,1,1,1,5,0,0,5,0,0,0,1
15,21,0,0,1,0,0,1,0,0,1,1,1,0,2,5,3,9,3,14,1
12,21,0,1,1,0,3,0,0,1,1,1,1,0,2,6,0,1,0,11,1
1,15,4,1,1,0,3,1,0,2,1,1,1,0,0,4,0,1,4,5,1
5,15,0,0,1,0,0,1,0,0,1,1,1,0,0,5,3,4,1,1,0
1,18,4,1,1,0,3,0,0,9,1,1,1,0,0,1,2,6,0,8,0
5,20,4,0,1,0,3,1,0,0,1,1,1,0,0,1,0,6,1,13,0
0,15,4,0,1,0,3,0,0,2,1,1,1,0,0,0,5,0,0,0,1
3,17,4,0,1,0,3,1,0,2,1,1,1,0,0,1,1,9,0,10,1
0,17,4,1,1,0,3,0,0,7,1,1,1,0,0,1,0,2,3,3,1
13,20,0,0,1,4,3,0,1,1,1,1,1,5,2,1,0,6,3,14,1
14,18,0,0,1,0,3,0,0,1,1,1,1,7,2,1,0,6,2,10,1
15,19,0,0,1,0,3,1,0,1,1,1,1,0,2,1,0,6,8,11,1
15,21,4,0,1,4,3,0,1,12,1,1,1,5,2,1,0,2,8,5,1
11,18,4,0,1,0,3,1,0,16,1,1,1,0,2,1,0,7,1,11,0
2,19,4,1,1,0,3,1,0,2,1,1,1,5,0,1,0,4,4,4,1
6,18,4,1,1,0,3,3,0,2,1,1,1,0,0,1,0,4,8,7,0
13,15,4,1,1,4,3,0,1,0,1,1,1,7,2,1,0,6,1,5,1
14,18,0,1,1,0,3,0,0,1,1,1,1,0,2,1,0,5,2,3,1
6,11,4,0,1,0,3,1,0,11,1,1,1,0,0,1,0,9,4,13,1
6,11,4,0,1,0,3,0,0,4,1,1,1,0,0,1,0,5,8,12,1
15,17,0,1,1,0,3,3,0,1,1,1,1,5,2,1,5,0,0,3,1
1,13,4,0,1,0,3,1,0,15,1,1,1,0,0,1,5,0,0,0,1
7,15,4,0,1,0,3,0,0,5,1,1,1,7,0,1,0,8,4,10,1
3,18,4,0,1,0,3,1,0,9,1,1,1,0,0,1,0,7,8,4,1
7,14,4,1,1,0,3,0,0,16,1,1,1,0,0,1,0,8,1,8,1
5,20,4,0,0,0,3,0,0,15,1,1,1,5,0,1,5,9,0,2,0
2,18,4,0,1,0,3,1,0,2,1,1,1,0,0,0,5,0,0,4,1
15,19,4,1,1,0,3,1,0,7,1,1,1,5,2,1,0,3,4,4,1
8,19,0,1,1,0,3,0,0,1,1,1,1,0,0,1,0,6,4,7,1
7,18,4,0,1,0,3,1,0,0,1,1,1,0,0,1,0,6,1,11,0
9,15,4,0,1,3,3,0,1,2,1,1,1,0,0,9,2,0,0,0,1
11,21,4,1,1,0,3,0,0,0,1,1,1,5,2,2,0,1,0,1,0
15,20,4,0,1,0,3,0,0,2,1,1,1,5,2,1,0,6,11,14,1
14,18,0,1,1,0,3,0,0,0,1,1,1,7,2,1,5,5,0,7,1
2,17,4,1,1,0,3,0,0,2,1,1,1,0,0,1,0,2,4,4,1
13,15,0,1,1,4,3,3,1,1,1,1,1,7,2,0,5,0,0,0,1
0,15,4,0,1,0,3,0,0,2,1,1,1,0,0,1,2,4,0,3,1
0,18,4,1,1,0,3,0,0,2,1,1,1,7,0,2,5,1,0,1,1
6,15,0,1,1,0,3,0,0,0,1,1,1,0,0,1,0,6,2,10,1
7,21,4,1,1,0,3,0,0,2,1,1,1,0,0,1,0,8,1,10,1
10,21,0,1,1,4,3,0,1,1,1,1,1,7,0,1,0,6,11,14,1
6,15,4,0,0,0,3,1,0,2,1,1,0,8,0,8,5,1,0,7,1
6,15,4,0,1,0,3,3,0,14,1,1,1,0,0,0,5,0,0,7,1
8,18,0,1,1,0,3,0,0,1,1,1,1,1,0,1,0,3,10,3,1
15,20,2,1,1,0,2,0,0,10,1,1,1,0,2,4,0,6,8,5,1
15,19,4,0,1,0,3,0,0,12,1,1,1,0,2,1,0,9,10,13,1
8,15,4,0,1,0,3,0,0,12,1,1,1,0,0,1,0,9,1,10,1
7,20,4,1,1,0,3,0,0,16,1,1,1,5,0,1,1,6,0,11,1
14,0,4,0,1,3,3,3,1,0,1,1,1,7,2,1,0,6,4,6,1
15,20,0,1,1,0,3,1,0,0,1,1,1,0,2,1,0,8,1,8,1
15,20,0,1,1,0,3,0,0,0,1,1,1,0,2,1,0,6,7,13,0
11,21,0,0,1,4,3,0,1,1,1,1,1,0,2,1,0,6,6,12,1
6,15,4,0,1,0,3,0,0,2,1,1,1,8,0,3,0,6,6,9,1
5,17,4,0,1,0,3,0,0,2,1,1,1,0,0,1,0,5,8,8,1
6,18,4,0,1,4,3,0,1,5,1,1,1,7,0,1,0,3,6,9,1
14,20,0,1,1,0,3,1,0,0,1,1,1,5,2,1,0,6,4,12,0
8,18,0,0,1,0,3,0,0,1,1,1,1,7,0,0,5,0,0,0,1
3,18,4,1,1,0,3,1,0,2,1,1,1,8,0,1,0,4,1,5,1
8,20,0,1,0,0,3,2,0,2,1,1,1,0,0,0,5,0,0,1,1
1,18,4,1,1,0,3,0,0,0,1,1,1,0,0,1,0,1,9,3,0
8,19,0,1,1,3,3,0,1,0,1,1,1,7,0,0,5,0,0,0,1
15,14,0,1,1,4,3,0,1,0,1,1,1,7,2,1,0,6,6,5,1
14,15,0,0,1,0,3,1,0,2,1,1,1,0,2,1,0,6,4,10,0
5,18,4,1,1,0,3,0,0,2,1,1,1,5,0,1,0,8,8,11,1
9,15,4,0,1,0,3,0,0,2,1,1,1,0,0,1,5,0,0,0,1
3,18,4,0,1,0,3,3,0,2,1,1,1,7,0,1,0,3,5,8,1
15,19,4,0,1,0,3,3,0,0,1,1,1,0,2,1,0,5,0,6,1
4,15,4,1,1,0,3,3,0,7,1,1,1,0,0,1,0,6,10,9,1
2,19,4,0,1,0,3,3,0,2,1,1,1,0,0,1,0,6,1,11,1
5,20,4,1,1,0,3,0,0,2,1,1,1,0,0,2,0,1,6,2,1
13,20,0,1,1,0,3,0,0,1,1,1,1,5,2,2,0,6,4,11,0
7,21,4,1,1,0,3,1,0,16,1,1,1,0,0,3,0,6,1,11,1
11,20,4,0,1,0,3,1,0,0,1,1,1,0,2,1,0,8,10,13,1
11,20,0,1,1,3,3,0,1,0,1,1,1,0,2,1,0,6,11,13,1
3,15,4,0,1,0,3,3,0,2,1,1,1,0,0,1,0,6,3,2,1
3,15,4,0,1,0,3,3,0,2,1,1,1,0,0,1,5,0,0,2,1
13,15,4,0,1,0,3,0,0,15,1,1,1,1,2,1,5,0,0,0,1
4,15,0,0,1,0,3,1,0,8,1,1,1,0,0,4,0,2,1,3,1
4,15,4,1,1,4,3,0,1,11,1,1,1,7,0,1,0,3,4,5,1
3,20,4,1,1,4,3,3,1,12,1,1,1,5,0,1,0,6,2,11,1
4,18,4,0,0,0,3,0,0,2,1,1,1,5,0,1,0,4,4,4,1
5,18,4,1,1,0,3,3,0,16,1,1,1,0,0,1,5,0,0,2,0
6,20,4,1,1,0,3,1,0,11,1,1,1,0,0,1,0,3,2,10,1
2,15,4,1,1,0,3,1,0,12,1,1,1,8,0,3,0,6,3,4,1
7,20,4,0,1,0,3,0,0,9,1,1,1,0,0,1,2,8,0,14,1
9,16,4,0,1,0,3,0,0,11,1,1,1,7,0,1,0,6,4,13,1
7,20,4,0,1,0,3,0,0,2,1,1,1,5,0,0,5,0,0,0,1
2,15,4,0,1,4,3,0,1,2,1,1,1,7,0,1,0,7,6,5,1
15,19,0,1,1,4,3,0,1,1,1,1,1,7,2,0,5,0,0,0,1
0,15,4,0,1,0,3,3,0,2,1,1,1,0,0,0,5,0,0,0,1
7,16,4,1,1,0,3,0,0,3,1,1,1,0,0,1,0,6,1,5,1
7,20,4,1,1,0,3,0,0,5,1,1,1,7,0,1,0,6,5,6,1
5,15,4,0,1,0,0,0,0,0,1,1,1,0,0,5,3,9,1,6,1
5,20,4,1,1,0,3,3,0,12,1,1,1,5,0,1,0,6,4,12,0
9,16,0,0,1,0,3,1,0,0,1,1,1,0,0,1,0,7,4,10,0
3,19,4,0,1,0,3,0,0,7,1,1,1,5,0,1,5,0,0,0,1
12,23,2,1,1,0,3,1,0,5,1,1,1,0,2,1,0,6,8,14,1
8,17,4,0,1,0,3,0,0,2,1,1,1,0,0,1,0,6,4,10,1
4,19,4,1,1,0,3,0,0,14,1,1,1,4,0,1,0,5,8,5,1
4,18,4,0,1,0,3,1,0,10,1,1,1,0,0,4,0,6,5,11,1
11,3,0,0,1,3,1,3,1,1,1,1,1,7,2,1,0,5,3,12,0
14,15,2,1,0,0,3,1,0,2,1,1,1,1,2,1,0,5,6,2,1
10,15,4,1,1,4,3,0,1,2,1,1,1,0,0,1,0,5,11,7,1
13,15,0,1,1,0,3,0,0,0,1,1,1,0,2,1,1,6,0,12,1
14,23,4,0,1,4,3,0,1,5,1,1,1,5,2,1,0,6,4,14,1
3,12,4,0,1,0,3,0,0,16,1,1,1,7,0,1,5,0,0,4,1
6,15,4,0,1,3,3,0,1,0,1,1,1,8,0,1,0,6,3,12,1
8,16,0,0,1,0,3,0,0,3,1,1,1,1,0,1,0,6,1,10,0
6,18,4,1,1,0,3,1,0,0,1,1,1,7,0,1,0,5,2,6,1
1,19,4,0,1,0,3,3,0,11,1,1,1,0,0,3,0,1,2,3,0
12,20,0,1,1,0,3,0,0,1,1,1,1,7,2,4,0,1,2,3,1
5,18,4,1,1,0,3,0,0,2,1,1,1,0,0,1,0,6,10,6,1
8,17,4,0,0,0,3,0,0,2,1,1,0,0,0,1,0,3,6,7,0
14,20,4,1,1,0,3,0,0,11,1,1,1,1,2,1,0,6,8,11,1
9,18,0,1,1,0,3,3,0,1,1,1,1,7,0,1,0,5,10,5,0
7,18,4,0,1,0,3,3,0,12,1,1,1,0,0,2,0,9,11,12,0
1,18,4,1,1,0,3,0,0,16,1,1,1,0,0,0,5,0,0,0,1
8,21,4,0,1,0,3,0,0,0,1,1,1,0,0,1,0,6,8,13,1
3,18,4,1,1,0,3,0,0,2,1,1,1,0,0,9,2,0,0,0,0
8,14,4,1,0,0,2,0,0,2,1,1,0,0,2,5,4,6,1,6,1
12,20,4,0,1,0,3,3,0,11,1,1,1,7,2,1,0,6,10,13,1
5,20,4,1,1,0,3,0,0,2,1,1,1,0,0,1,0,6,3,9,1
11,21,0,1,1,0,3,3,0,1,1,1,1,0,2,1,0,6,3,13,0
6,15,4,0,1,4,3,0,1,2,1,1,1,5,0,1,0,6,4,10,1
1,18,4,0,1,4,3,0,1,9,1,1,1,5,0,0,5,0,0,0,1
11,21,4,0,1,0,3,0,0,11,1,1,1,0,2,1,0,6,6,13,1
3,18,4,0,1,0,3,0,0,14,1,1,1,7,0,1,0,6,4,9,1
3,17,4,0,1,0,3,0,0,2,1,1,1,0,0,1,0,6,3,6,1
9,15,0,0,1,4,3,0,1,0,1,1,1,0,0,0,5,0,0,0,0
5,18,4,0,1,0,3,3,0,2,1,1,1,0,0,1,0,6,2,9,1
15,17,2,1,1,0,3,0,0,0,1,1,1,0,2,3,0,6,8,12,1
4,15,4,1,1,4,3,0,1,16,1,1,1,0,0,1,5,6,0,7,1
1,17,4,1,1,0,3,1,0,2,1,1,1,0,0,2,0,1,8,5,1
2,15,4,1,1,0,3,3,0,2,1,1,1,0,0,0,5,0,0,0,1
10,18,0,1,1,0,3,0,0,8,1,1,1,0,0,0,5,0,0,0,1
15,21,0,0,1,4,3,0,1,0,1,1,1,5,2,1,0,6,4,13,0
5,21,4,1,1,0,3,1,0,2,1,1,1,5,0,1,0,2,4,3,1
9,15,0,0,1,0,3,3,0,15,1,1,1,0,0,1,5,0,0,1,1
15,15,4,0,1,4,3,0,1,12,1,1,1,0,2,1,0,6,2,6,0
2,18,4,0,1,0,3,1,0,2,1,1,1,8,0,1,5,1,0,2,0
2,19,4,0,1,0,3,0,0,16,1,1,1,0,0,1,0,9,2,7,1
7,21,0,0,1,3,1,1,1,1,1,1,1,0,2,1,0,6,11,9,0
15,19,0,0,1,3,3,0,1,2,1,1,1,0,2,1,0,6,6,10,1
4,15,4,1,1,0,3,0,0,2,1,1,1,0,0,1,5,0,0,1,0
8,20,4,0,1,3,3,1,1,2,1,1,1,0,0,1,0,6,1,9,1
8,13,0,1,0,0,3,0,0,2,1,1,1,0,0,1,0,4,4,5,1
10,21,4,1,1,0,3,0,0,12,1,1,1,5,0,1,0,6,4,11,0
3,16,4,1,1,0,3,0,0,2,1,1,1,0,0,9,2,0,0,0,1
1,18,4,0,1,0,3,1,0,2,1,1,1,0,0,0,5,0,0,0,1
3,20,4,1,1,0,3,3,0,2,1,1,1,7,0,1,0,2,2,3,1
6,17,4,1,1,0,3,1,0,2,1,1,1,0,0,4,5,0,0,2,1
9,18,0,1,1,0,3,1,0,1,1,1,1,0,0,1,0,8,7,12,1
13,17,4,0,1,0,3,1,0,0,1,1,1,7,2,1,0,6,6,6,1
0,17,4,1,1,0,3,0,0,2,1,1,1,1,0,1,1,3,0,2,1
2,20,4,1,1,2,3,3,0,2,1,1,1,0,0,4,0,2,6,6,1
5,18,4,1,0,0,3,0,0,0,1,0,1,0,0,1,5,0,0,2,1
10,21,0,0,1,3,3,0,1,0,1,1,1,5,0,1,0,6,3,12,1
3,15,4,0,1,4,3,0,1,16,1,1,1,0,0,1,0,6,5,6,1
2,19,4,1,0,0,3,0,0,16,1,1,0,0,0,0,5,0,0,0,1
4,15,0,0,1,0,0,0,0,16,1,1,1,0,0,5,3,9,2,7,1
10,18,4,0,1,0,3,0,0,2,1,1,1,1,0,1,0,6,1,10,1
3,15,4,0,1,3,3,0,1,2,1,1,1,5,0,1,0,1,3,3,1
12,21,0,1,1,4,3,0,1,1,1,1,1,5,2,1,0,6,2,11,1
13,12,2,1,1,0,3,0,0,0,1,1,1,1,2,9,2,0,0,13,1
3,15,4,1,1,0,3,1,0,14,1,1,1,0,0,1,5,0,0,1,1
4,15,4,1,1,0,3,1,0,2,1,1,1,8,0,6,5,0,0,3,0
13,18,0,1,1,3,3,0,1,0,1,1,1,5,2,0,5,0,0,0,1
6,18,4,1,1,0,3,3,0,2,1,1,1,8,0,8,5,0,0,0,1
6,18,4,1,0,0,3,0,0,2,1,1,1,0,0,5,0,2,4,5,1
8,15,4,0,1,0,3,1,0,7,1,1,1,0,0,1,0,6,4,7,1
8,10,4,0,0,0,3,0,0,7,1,1,0,0,0,0,5,0,0,0,1
0,17,4,1,0,0,3,0,0,16,1,1,0,1,0,0,5,0,0,3,1
14,14,4,0,1,4,3,0,1,12,1,1,1,7,2,1,0,6,10,11,1
9,20,0,0,1,0,3,1,0,0,1,1,1,0,0,1,0,7,10,14,1
4,20,4,1,1,0,3,0,0,2,1,1,1,7,0,1,0,6,4,9,1
12,21,0,0,1,0,3,0,0,0,1,1,1,0,2,1,0,6,2,9,1
7,15,4,0,1,4,3,0,1,0,1,1,1,0,0,1,0,4,6,6,1
3,20,4,1,1,0,3,0,0,2,1,1,1,0,0,1,0,3,3,4,1
9,20,4,1,1,0,3,0,0,12,1,1,1,1,0,1,0,8,6,13,1
5,18,4,1,1,0,3,0,0,2,1,1,1,0,0,1,0,2,2,4,1
3,20,4,0,1,0,3,0,0,14,1,1,1,5,0,7,5,2,0,2,1
7,21,0,0,1,0,3,0,0,0,1,1,1,0,0,1,1,6,0,14,1
15,19,4,0,0,0,3,0,0,4,0,0,0,0,0,1,0,6,10,4,1
0,17,4,0,0,0,3,1,0,16,1,1,0,0,0,0,5,0,0,0,0
10,17,4,0,1,0,3,1,0,0,1,1,1,0,0,1,0,6,7,13,1
1,18,4,1,1,0,3,0,0,2,1,1,1,5,0,4,5,0,0,2,1
0,18,4,1,1,0,3,0,0,16,1,1,1,7,0,0,5,0,0,0,0
0,18,4,1,1,0,3,0,0,16,1,1,1,1,0,0,5,0,0,0,1
13,16,4,0,1,0,3,0,0,15,1,1,1,7,2,0,5,0,0,0,0
2,14,4,0,1,0,3,0,0,15,1,1,1,8,0,0,5,0,0,0,0
9,21,4,1,1,0,3,1,0,12,1,1,1,5,0,1,0,7,2,9,0
15,22,0,0,1,0,3,0,0,0,1,1,1,0,2,1,0,6,2,11,1
15,18,0,1,1,0,3,0,0,1,1,1,1,0,2,1,0,6,6,4,1
10,15,0,1,1,0,3,0,0,8,1,1,1,0,0,0,5,0,0,0,1
8,21,4,1,1,0,3,0,0,9,1,1,1,5,0,0,5,0,0,0,1
12,20,0,1,1,3,3,0,1,1,1,1,1,5,2,5,0,9,6,6,1
6,20,4,0,1,0,1,1,0,0,1,1,1,0,0,5,0,9,2,13,1
0,15,4,1,1,0,3,1,0,2,1,1,1,0,0,1,5,0,0,0,1
14,18,0,1,1,4,3,0,1,0,1,1,1,0,2,1,0,4,2,5,1
4,19,4,1,1,0,3,1,0,2,1,1,1,8,0,1,5,0,0,0,1
2,18,4,0,1,0,3,1,0,2,1,1,1,1,0,1,2,4,0,4,1
11,15,4,0,1,0,3,0,0,12,1,1,1,8,2,1,0,6,6,9,1
14,15,0,0,1,3,3,0,1,0,1,1,1,5,2,0,5,0,0,0,1
12,23,3,0,1,0,3,3,0,0,1,1,1,0,2,7,0,8,8,13,1
2,18,4,1,1,3,3,0,1,2,1,1,1,0,0,1,0,6,2,2,1
12,15,2,1,1,0,3,0,0,0,1,1,1,7,2,1,5,0,0,11,0
14,19,0,1,1,3,3,0,1,8,1,1,1,0,2,5,0,6,9,7,0
15,22,0,1,1,0,3,3,0,0,1,1,1,0,2,1,0,9,6,13,1
6,18,4,1,1,3,3,0,1,2,1,1,1,8,0,1,0,5,2,9,1
14,18,0,0,1,4,3,0,1,0,1,1,1,7,2,1,0,4,6,5,1
11,20,4,0,1,0,3,1,0,0,1,1,1,0,2,1,0,6,6,11,1
10,20,0,1,1,0,3,1,0,1,1,1,1,0,0,4,0,6,11,10,1
6,18,4,0,1,0,3,0,0,5,1,1,1,7,0,1,0,6,10,10,1
0,13,4,1,1,0,3,0,0,2,1,1,1,0,0,1,5,0,0,0,1
10,18,4,1,1,0,3,1,0,4,1,1,1,2,0,5,3,5,2,5,1
13,18,4,0,1,0,3,1,0,2,1,1,1,0,2,5,5,6,0,2,1
0,18,4,1,0,0,2,1,0,6,0,1,0,6,0,0,4,2,8,6,0
8,18,4,0,1,0,3,3,0,2,1,1,1,0,0,1,0,6,11,6,1
8,18,4,0,1,0,3,3,0,7,1,1,1,0,0,0,5,0,0,0,1
2,18,4,0,1,0,3,0,0,16,1,1,1,7,0,6,5,8,0,2,1
15,20,0,1,1,0,3,3,0,0,1,1,1,0,2,3,2,2,0,3,0
10,17,4,1,1,0,3,1,0,0,1,1,1,0,0,1,0,4,2,9,1
3,18,4,1,1,4,3,0,1,9,1,1,1,0,0,1,5,1,0,1,0
1,18,4,0,1,0,3,3,0,9,1,1,1,0,0,1,0,1,3,3,1
5,19,4,0,1,0,3,0,0,2,1,1,1,0,0,1,0,5,6,6,1
6,17,0,0,1,4,3,1,0,1,1,1,1,0,0,7,0,9,5,13,1
15,18,4,0,1,0,3,1,0,0,1,1,1,0,2,6,0,4,8,8,1
5,15,4,0,1,0,3,0,0,7,1,1,1,0,0,1,2,0,0,0,1
3,15,4,0,1,0,3,1,0,0,1,1,1,0,0,1,0,5,8,6,1
14,15,4,0,1,3,3,0,1,2,1,1,1,0,2,1,0,8,8,10,1
4,20,0,1,1,3,3,0,1,1,1,1,1,5,0,1,0,6,10,12,1
8,19,4,0,1,0,2,0,0,12,1,1,1,0,0,1,0,8,2,5,1
11,20,0,1,1,0,3,1,0,0,1,1,1,0,2,1,2,7,0,0,1
14,20,0,0,1,0,3,0,0,0,1,1,1,0,2,1,0,6,6,14,1
12,20,4,1,1,0,3,0,0,2,1,1,1,7,2,1,0,1,8,4,1
4,16,2,1,1,0,3,1,0,0,1,1,1,0,0,1,0,6,6,5,0
4,15,4,1,1,0,3,0,0,11,1,1,1,0,0,1,0,6,1,7,1
6,20,4,0,1,0,3,1,0,2,1,1,1,0,0,1,0,4,5,7,1
12,18,4,0,1,0,3,3,0,2,1,1,1,0,2,6,0,6,0,11,1
10,19,4,1,1,0,3,0,0,2,1,1,1,0,0,1,0,6,7,7,1
2,15,4,1,1,4,3,0,1,11,1,1,1,5,0,0,5,0,0,0,0
8,21,4,0,1,0,3,1,0,12,1,1,1,0,0,1,0,6,3,11,0
9,15,0,0,1,0,3,3,0,1,1,1,1,7,0,1,5,0,0,1,1
2,17,4,0,1,0,3,3,0,16,1,1,1,5,0,1,0,6,2,6,1
0,15,4,0,1,0,3,0,0,2,1,1,1,0,0,1,0,4,4,4,1
4,20,4,0,1,4,3,0,1,2,1,1,1,7,0,1,0,9,0,0,1
15,20,4,0,1,0,3,0,0,0,1,1,1,0,2,1,0,6,10,13,1
3,13,4,1,1,0,3,0,0,2,1,1,1,7,0,1,0,6,10,5,1
8,18,0,0,1,0,3,0,0,8,1,1,1,7,0,1,0,6,8,11,1
1,15,4,1,1,0,3,1,0,12,1,1,1,0,0,1,0,2,2,4,0
8,20,4,0,1,0,3,1,0,12,1,1,1,0,0,1,0,6,3,8,1
1,18,4,0,1,0,3,3,0,2,1,1,1,0,0,1,0,5,5,9,1
4,20,4,0,1,3,3,0,1,2,1,1,1,5,0,0,5,0,0,0,1
13,20,0,1,1,3,3,1,1,2,1,1,1,5,2,1,0,2,7,8,1
4,20,4,0,1,4,3,0,1,3,1,1,1,0,0,1,0,4,4,5,1
6,20,4,1,1,0,3,0,0,2,1,1,1,7,0,1,0,6,4,10,1
12,18,4,1,1,4,3,3,1,0,1,1,1,0,2,2,0,5,6,6,1
2,18,4,1,1,0,3,0,0,2,1,1,1,0,0,1,0,5,4,2,1
7,14,4,1,1,0,3,0,0,2,1,1,1,0,0,9,2,0,0,0,1
6,6,0,0,1,2,2,0,0,3,0,1,1,0,0,1,0,4,8,13,0
4,15,4,0,1,0,1,0,0,16,1,1,1,0,0,1,0,8,3,11,1
6,19,4,1,1,0,3,3,0,12,1,1,1,0,0,1,0,3,5,10,0
3,20,4,0,1,0,3,0,0,2,1,1,1,0,0,1,0,6,3,5,0
6,20,4,1,1,0,3,0,0,2,1,1,1,0,0,0,5,0,0,0,1
8,18,4,0,1,0,1,3,0,0,1,1,1,0,0,1,0,4,3,8,0
12,18,4,0,1,0,3,0,0,2,1,1,1,5,2,1,0,4,8,4,1
0,15,0,1,1,0,3,0,0,1,1,1,1,0,0,1,0,2,10,2,1
1,15,4,0,1,4,3,3,1,2,1,1,1,5,0,1,0,2,3,2,1
4,18,4,1,1,0,3,0,0,0,1,1,1,0,0,2,0,4,2,3,0
14,18,0,0,1,0,3,1,0,1,1,1,1,0,2,1,0,5,3,5,1
9,7,4,1,0,2,3,0,1,12,1,0,0,7,0,9,2,0,0,0,1
6,18,4,1,1,0,3,1,0,12,1,1,1,1,0,1,0,3,8,8,1
12,18,4,0,1,0,3,0,0,0,1,1,1,8,2,1,0,7,2,13,1
6,18,0,1,1,4,3,0,1,1,1,1,1,7,0,1,0,5,2,5,0
15,20,4,1,1,0,3,0,0,0,1,1,1,5,2,1,0,5,3,14,0
8,21,3,1,1,0,3,0,0,0,1,1,1,0,0,6,0,7,0,8,0
8,13,0,0,1,0,3,0,0,8,1,1,1,7,0,1,5,6,0,3,1
6,15,4,1,1,0,3,1,0,0,1,1,1,8,0,1,0,6,4,12,0
3,20,4,1,1,0,3,0,0,2,1,1,1,5,0,1,0,6,5,7,1
10,18,0,0,1,0,1,1,0,1,1,1,1,0,0,5,3,6,7,13,1
3,18,4,1,1,4,3,3,1,0,1,1,1,7,0,1,0,6,5,9,0
8,16,4,1,1,0,3,0,0,0,1,1,1,0,0,9,2,0,0,0,1
1,13,4,1,1,0,3,1,0,7,1,1,1,0,0,0,5,0,0,0,1
7,15,4,1,1,0,3,0,0,12,1,1,1,0,0,1,0,4,2,5,0
4,16,4,0,1,0,3,0,0,15,1,1,1,4,0,1,5,9,0,1,0
11,18,4,0,1,0,3,3,0,2,1,1,1,5,2,1,0,6,0,9,1
1,18,4,0,1,0,3,0,0,2,1,1,1,0,0,0,5,0,0,0,1
12,21,0,1,1,4,3,1,1,0,1,1,1,0,2,1,0,9,11,14,0
10,15,4,1,1,0,3,0,0,2,1,1,1,0,0,1,2,0,0,0,1
10,20,4,1,1,0,3,3,0,0,1,1,1,0,0,1,0,8,2,13,1
0,17,4,0,1,0,3,3,0,2,1,1,1,0,0,1,0,2,3,4,1
9,15,4,1,1,0,3,0,0,5,1,1,1,1,0,1,2,6,0,3,1
1,17,4,0,1,0,3,1,0,2,1,1,1,0,0,1,5,4,0,4,1
3,20,4,1,1,0,3,0,0,16,1,1,1,0,0,2,5,1,0,3,0
14,18,0,0,1,0,1,1,0,0,1,1,1,8,2,1,0,6,3,9,0
7,18,0,0,1,0,1,1,0,1,1,1,1,0,0,5,0,6,10,11,0
6,21,0,1,1,0,3,1,0,0,1,1,1,8,0,1,0,6,6,13,1
14,22,4,1,1,0,3,0,0,0,1,1,1,7,2,1,0,5,9,13,1
1,13,4,0,1,4,3,0,1,7,1,1,1,0,0,0,5,0,0,0,1
9,15,4,1,1,0,3,0,0,2,1,1,1,7,0,1,0,6,1,6,1
4,18,4,0,1,0,3,0,0,16,1,1,1,7,0,1,0,8,3,8,1
5,20,4,0,1,0,3,3,0,5,1,1,1,5,0,1,0,2,3,5,1
0,15,4,0,1,0,3,0,0,2,1,1,1,0,0,0,5,0,0,0,1
8,20,4,0,0,0,3,1,0,15,1,1,1,0,0,1,5,6,0,1,0
12,20,0,1,0,0,3,0,0,0,1,1,1,0,2,1,0,9,4,14,0
6,17,4,1,1,0,3,0,0,7,1,1,1,0,0,1,0,6,11,7,1
5,18,4,0,1,0,3,0,0,5,1,1,1,0,0,6,0,3,3,8,1
13,0,4,1,1,0,3,1,0,0,1,1,1,0,2,1,1,8,0,11,1
1,18,4,1,1,0,3,1,0,16,1,1,1,8,0,1,5,2,0,3,0
11,21,4,1,1,4,3,0,1,11,1,1,1,5,2,1,0,9,6,14,0
9,18,0,0,1,4,3,0,1,14,1,1,1,0,0,1,0,6,6,6,0
10,15,0,0,1,0,1,0,0,0,1,1,1,8,0,1,5,0,0,0,1
5,0,4,1,0,0,3,3,0,0,1,1,0,6,0,0,5,0,0,3,0
12,20,4,1,1,0,3,1,0,0,1,1,1,0,2,5,0,9,4,11,1
2,18,4,0,1,0,3,0,0,2,1,1,1,8,0,1,0,4,10,5,1
11,20,0,1,1,3,3,3,1,1,1,1,1,5,2,0,5,0,0,0,1
3,19,0,0,1,0,3,3,0,0,1,1,1,0,0,1,0,6,3,11,0
15,20,4,0,1,0,3,0,0,2,1,1,1,0,2,1,0,5,0,4,1
15,15,4,1,1,0,3,0,0,2,1,1,1,7,2,1,2,6,0,5,1
10,18,0,1,1,4,3,0,1,8,1,1,1,5,0,0,5,0,0,0,1
1,18,4,0,1,0,3,3,0,2,1,1,1,1,0,1,0,1,3,4,1
0,17,4,1,1,0,3,1,0,2,1,1,1,8,0,1,0,3,1,6,0
14,19,0,1,1,4,3,0,1,1,1,1,1,7,2,1,0,4,3,6,1
5,19,4,0,1,0,3,0,0,16,1,1,1,0,0,6,0,1,0,2,1
10,8,0,0,1,4,3,3,1,0,1,1,1,0,0,1,0,3,4,8,0
5,20,4,1,1,0,3,0,0,2,1,1,1,0,0,1,0,6,4,9,1
15,22,4,1,1,0,3,0,0,15,1,1,1,1,2,0,5,0,0,0,0
15,19,0,0,1,3,3,0,1,1,1,1,1,5,2,1,2,6,0,8,1
12,21,0,1,1,4,3,0,1,0,1,1,1,5,2,1,0,6,2,13,1
10,20,4,1,1,0,3,0,0,14,1,1,1,7,0,1,0,4,6,7,1
6,19,4,0,1,0,3,1,0,7,1,1,1,0,0,1,0,6,11,12,1
5,18,4,0,1,0,3,0,0,0,1,1,1,0,0,1,0,2,2,8,1
8,20,4,1,1,4,3,3,1,11,1,1,1,5,0,0,5,0,0,0,1
15,23,0,1,1,3,3,3,1,0,1,1,1,5,2,2,0,6,11,13,1
2,15,4,1,1,0,3,0,0,2,1,1,1,7,0,1,0,6,8,5,1
15,15,0,0,1,0,3,0,0,0,1,1,1,0,2,1,0,6,3,14,1
11,18,0,0,1,4,3,0,1,8,1,1,1,7,2,1,0,6,5,8,1
4,20,4,0,1,0,3,0,0,12,1,1,1,5,0,1,0,7,2,11,0
4,18,4,1,0,0,3,1,0,2,1,1,1,0,0,4,0,4,4,2,1
9,17,4,1,1,4,3,0,1,0,1,1,1,5,0,1,5,6,0,4,0
6,15,4,0,1,4,3,0,1,0,1,1,1,0,0,1,0,6,4,12,1
13,23,0,0,1,4,3,0,1,0,1,1,1,5,2,1,0,6,11,14,1
13,15,0,1,1,4,3,0,1,1,1,1,1,5,2,0,5,0,0,0,1
7,3,4,0,1,3,3,3,1,12,1,1,1,7,0,6,1,6,0,1,0
6,13,4,0,1,0,3,3,0,2,1,1,1,7,0,1,0,4,2,6,1
14,20,4,0,1,0,3,0,0,0,1,1,1,5,2,1,0,7,8,14,1
7,20,4,1,1,0,3,0,0,2,1,1,1,0,0,1,0,3,3,3,1
5,15,4,0,1,0,3,1,0,2,1,1,1,0,0,1,2,6,0,6,1
10,20,0,0,1,0,3,0,0,1,1,1,1,5,0,1,2,1,0,3,0
14,20,2,0,1,0,1,0,0,0,1,1,1,0,2,1,0,7,8,12,1
14,23,0,0,1,0,3,1,0,0,1,1,1,0,2,6,0,6,4,14,0
0,15,4,0,1,0,3,0,0,16,1,1,1,0,0,1,5,4,0,2,1
2,18,4,0,1,3,3,0,1,2,1,1,1,5,0,0,5,0,0,0,1
0,17,4,1,1,0,3,0,0,2,1,1,1,7,0,1,0,2,1,4,1
6,20,4,0,1,0,0,1,0,16,1,1,1,0,0,8,3,8,0,14,1
9,20,4,1,1,0,3,3,0,5,1,1,1,5,0,2,5,6,0,6,1
1,18,4,1,1,0,3,1,0,2,1,1,1,0,0,1,0,5,2,5,1
0,18,4,1,1,0,3,0,0,16,1,1,1,5,0,1,0,6,2,5,1
8,15,4,0,1,0,3,0,0,2,1,1,1,0,0,1,0,3,2,4,1
9,15,4,1,1,0,3,0,0,2,1,1,1,5,0,1,0,3,6,3,1
3,15,0,0,1,0,3,0,0,0,1,1,1,7,0,1,0,5,6,5,0
14,15,4,1,0,0,3,0,0,0,1,0,1,0,2,7,0,6,4,13,1
7,20,0,1,1,0,3,1,0,1,1,1,1,8,0,1,0,6,7,9,1
5,15,4,0,1,0,3,0,0,2,1,1,1,1,0,0,5,0,0,0,1
2,20,4,1,1,0,3,3,0,2,1,1,1,0,0,1,5,2,0,3,1
8,21,0,1,1,4,3,0,1,0,1,1,1,5,0,1,0,6,4,13,0
4,17,4,0,1,3,3,0,1,7,1,1,1,5,0,1,0,2,6,4,1
13,20,0,1,1,4,3,0,1,1,1,1,1,5,2,1,0,6,5,14,1
10,21,4,1,1,0,3,1,0,12,1,1,1,0,0,2,0,4,3,9,1
9,15,0,0,1,3,3,0,1,15,1,1,1,7,0,1,5,6,0,9,1
13,20,0,0,1,3,3,3,1,1,1,1,1,0,2,7,0,9,5,13,1
7,18,0,0,1,4,3,0,1,0,1,1,1,0,0,1,0,6,6,14,1
10,18,4,0,1,0,1,1,0,16,1,1,1,0,0,5,3,6,0,6,0
1,18,4,1,1,0,3,1,0,2,1,1,1,0,0,0,5,0,0,0,1
8,20,4,1,1,0,3,1,0,0,1,1,1,0,0,1,0,8,1,8,0
13,20,4,1,1,0,3,1,0,0,1,1,1,0,2,2,0,6,6,14,1
5,18,4,0,1,0,3,0,0,2,1,1,1,1,0,1,0,3,1,4,1
5,19,4,1,1,0,3,0,0,2,1,1,1,5,0,1,0,6,7,10,1
10,8,0,0,1,4,3,0,1,4,1,1,1,0,0,1,0,6,4,6,1
5,20,4,0,1,0,3,0,0,2,1,1,1,5,0,1,0,6,11,4,1
15,18,0,0,1,0,3,1,0,1,1,1,1,0,2,2,0,6,8,13,1
4,19,4,1,1,3,3,3,1,2,1,1,1,0,0,2,0,4,2,5,1
3,20,4,0,1,0,3,1,0,15,1,1,1,0,0,0,5,0,0,0,0
12,20,4,0,1,0,3,3,0,2,1,1,1,1,2,1,0,6,3,8,1
0,17,4,1,1,0,3,0,0,16,1,1,1,0,0,0,5,0,0,0,0
9,15,0,0,1,4,3,0,1,0,1,1,1,0,0,1,0,6,6,9,1
9,15,4,0,1,0,3,3,0,5,1,1,1,0,0,1,0,8,3,10,1
4,15,4,0,0,0,3,0,0,9,1,1,0,0,0,1,5,6,0,8,0
1,19,4,1,1,0,3,3,0,7,1,1,1,7,0,1,0,2,4,3,1
8,18,4,1,1,0,3,0,0,5,1,1,1,5,0,1,0,8,4,8,1
10,14,0,0,1,0,3,0,0,14,1,1,1,0,0,1,0,6,2,12,1
2,16,4,1,0,0,3,3,0,13,1,0,0,8,0,6,5,1,0,1,0
12,19,4,0,1,0,3,0,0,0,1,1,1,0,2,1,0,6,6,10,1
0,18,4,0,1,0,3,0,0,2,1,1,1,7,0,0,5,0,0,2,1
7,15,4,0,1,0,3,1,0,12,1,1,1,7,0,1,0,6,2,8,1
12,20,4,0,1,0,3,0,0,0,1,1,1,0,2,1,0,7,3,12,1
9,20,0,1,1,0,3,1,0,1,1,1,1,0,0,1,5,0,0,0,1
13,19,0,0,1,0,0,0,0,0,1,1,1,5,2,5,0,8,6,9,0
5,20,4,0,1,0,3,3,0,2,1,1,1,0,0,1,0,6,3,11,1
11,15,0,0,1,4,3,0,1,1,1,1,1,5,2,1,0,6,1,10,1
8,15,0,1,1,4,3,0,1,8,1,1,1,0,0,1,5,6,0,0,0
8,15,4,1,1,0,3,0,0,2,1,1,1,0,0,2,0,2,8,6,1
4,15,4,1,1,0,3,1,0,2,1,1,1,0,0,6,0,1,2,7,1
14,19,4,0,1,3,3,0,1,0,1,1,1,1,2,1,0,6,8,11,1
15,18,0,1,1,3,3,0,1,1,1,1,1,5,2,1,0,2,4,4,1
13,15,4,0,1,0,3,0,0,15,1,1,1,7,2,0,5,0,0,0,1
3,14,4,0,1,3,3,0,1,2,1,1,1,5,0,0,5,0,0,0,1
0,15,4,0,1,0,3,0,0,7,1,1,1,0,0,0,5,0,0,0,1
0,17,4,1,1,0,3,0,0,16,1,1,1,0,0,1,0,2,2,4,1
11,18,4,0,1,0,3,0,0,0,1,1,1,0,2,4,0,6,6,11,1
11,21,4,0,1,0,1,1,0,0,1,1,1,8,2,1,0,9,6,14,1
8,20,4,0,1,4,3,3,1,5,1,1,1,5,0,0,5,0,0,0,1
10,20,4,1,1,0,3,0,0,0,1,1,1,7,0,1,0,8,3,12,0
10,18,4,0,1,0,3,1,0,2,1,1,1,0,0,3,0,4,7,5,1
13,15,4,0,1,0,1,0,0,0,1,1,1,0,2,5,0,9,4,10,0
15,13,0,0,1,0,3,0,0,0,1,1,1,0,2,6,0,6,6,13,1
4,20,4,0,1,0,1,1,0,14,1,1,1,0,0,1,0,8,3,13,1
1,18,4,0,0,3,3,1,1,2,1,1,0,0,0,1,2,1,0,5,1
11,15,4,0,1,0,3,0,0,14,1,1,1,0,2,1,0,2,3,8,0
0,18,4,0,1,0,3,0,0,16,1,1,1,7,0,1,5,4,0,2,1
0,14,4,1,1,4,3,0,1,16,1,1,1,5,0,9,5,3,0,1,0
6,15,0,0,1,4,3,0,1,0,1,1,1,7,0,1,0,6,6,9,0
15,15,4,1,1,0,3,3,0,4,1,1,1,0,2,1,0,4,6,4,1
9,18,0,1,1,0,3,1,0,0,1,1,1,0,0,1,5,0,0,0,1
2,13,0,1,1,4,3,0,1,8,1,1,1,7,0,0,5,0,0,0,1
4,15,4,0,1,0,3,0,0,2,1,1,1,0,0,1,0,2,3,5,1
3,15,4,0,1,0,3,0,0,12,1,1,1,7,0,1,0,6,4,5,1
5,20,4,0,1,0,3,1,0,15,1,1,1,8,0,1,5,0,0,0,0
8,15,2,0,1,0,3,0,0,2,1,1,1,0,0,3,0,6,4,7,1
14,15,0,0,1,0,3,0,0,1,1,1,1,0,2,0,5,0,0,4,1
1,18,4,0,1,0,3,0,0,2,1,1,1,1,0,3,0,2,4,3,1
13,15,4,0,1,0,3,1,0,2,1,1,1,0,2,1,0,6,10,11,1
10,19,4,1,1,0,3,0,0,12,1,1,1,0,0,1,0,6,11,4,1
1,15,4,0,1,3,3,3,1,9,1,1,1,7,0,1,5,1,0,1,1
6,20,0,1,1,0,3,0,0,1,1,1,1,0,0,1,0,2,3,4,1
7,18,4,0,1,3,1,0,1,0,1,1,1,5,0,5,0,6,8,9,1
9,18,0,0,1,0,3,1,0,1,1,1,1,0,0,3,0,6,3,6,1
2,15,4,1,1,0,3,0,0,0,1,1,1,0,0,1,0,6,4,3,1
14,17,0,0,1,0,3,0,0,1,1,1,1,0,2,0,5,0,0,0,1
11,20,4,1,1,0,3,0,0,0,1,1,1,0,2,1,0,6,5,12,1
11,19,0,1,1,0,3,0,0,1,1,1,1,7,2,6,0,1,10,2,1
0,18,4,0,0,0,3,0,0,7,1,0,0,0,0,0,5,0,0,2,1
1,18,4,1,1,0,3,0,0,12,1,1,1,7,0,1,0,5,9,7,1
14,19,0,1,1,3,3,0,1,1,1,1,1,0,2,1,0,2,11,3,1
7,18,0,0,0,0,3,1,0,16,1,1,0,0,0,0,5,0,0,0,0
11,10,4,1,1,4,3,0,1,14,1,1,1,7,2,0,5,0,0,0,1
7,15,4,0,1,0,3,0,0,16,1,1,1,5,0,1,0,1,1,4,1
0,15,4,0,1,0,3,1,0,11,1,1,1,0,0,0,5,0,0,0,1
15,9,0,0,0,0,3,1,0,9,1,1,0,8,2,2,0,8,3,8,0
10,18,4,0,1,0,3,0,0,0,1,1,1,0,0,1,0,8,3,10,1
3,20,4,1,0,0,3,1,0,0,1,1,0,0,0,0,5,0,0,0,1
3,20,4,1,1,4,3,0,1,2,1,1,1,0,0,1,1,4,0,2,1
4,19,4,1,1,0,3,1,0,16,1,1,1,5,0,2,5,0,0,0,1
15,21,0,1,1,4,3,0,1,1,1,1,1,5,2,0,5,0,0,0,1
8,18,4,1,0,0,3,2,0,0,1,0,1,0,0,1,0,6,2,7,1
15,17,0,0,1,0,3,1,0,1,1,1,1,0,2,1,0,5,3,6,1
1,18,4,0,1,0,3,3,0,16,1,1,1,0,0,1,5,4,0,6,0
0,18,4,1,1,0,3,3,0,2,1,1,1,0,0,1,5,0,0,0,1
6,20,4,0,1,0,3,3,0,15,1,1,1,0,0,2,5,6,0,10,0
0,18,4,0,1,0,3,0,0,2,1,1,1,0,0,0,5,0,0,0,1
10,18,0,1,0,0,3,3,0,1,1,1,0,7,1,5,0,9,4,2,1
10,15,4,1,1,0,3,0,0,12,1,1,1,7,0,6,5,0,0,2,1
14,18,4,0,1,0,3,1,0,0,1,1,1,0,2,1,0,5,3,14,1
2,18,4,1,1,0,3,1,0,2,1,1,1,0,0,1,5,2,0,2,0
14,14,4,0,1,4,3,0,1,12,1,1,1,5,2,0,5,0,0,5,1
0,15,4,0,1,0,3,0,0,2,1,1,1,0,0,1,0,4,0,1,1
11,20,4,1,1,0,3,1,0,0,1,1,1,0,2,2,0,8,8,13,1
8,21,4,1,1,0,3,1,0,0,1,1,1,7,0,3,0,2,2,3,1
9,19,4,0,1,0,0,1,0,16,1,1,1,0,0,5,3,9,0,11,0
0,18,4,0,1,0,0,3,0,6,1,1,1,5,0,5,3,6,2,6,1
4,19,4,0,1,0,3,1,0,2,1,1,1,8,0,1,0,2,2,3,1
11,20,4,1,1,0,3,0,0,0,1,1,1,0,2,1,0,7,2,11,1
10,15,4,0,0,0,3,0,0,0,1,1,0,0,0,1,0,5,1,8,1
12,20,4,1,1,0,3,1,0,2,1,1,1,8,2,1,0,6,10,13,1
11,20,4,1,1,3,3,0,1,2,1,1,1,5,2,0,5,0,0,0,1
12,16,0,0,1,0,3,0,0,1,1,1,1,7,2,1,0,7,10,4,1
3,18,4,0,1,0,3,1,0,0,1,1,1,0,0,1,5,6,0,4,1
10,18,4,1,1,0,3,0,0,2,1,1,1,7,0,1,2,0,0,0,1
14,20,4,1,1,3,3,1,1,2,1,1,1,5,2,2,0,6,4,12,1
15,18,4,0,0,0,3,3,0,0,1,1,0,0,2,1,5,0,0,5,0
1,15,4,1,1,0,3,1,0,2,1,1,1,0,0,1,5,0,0,0,1
11,8,0,1,1,4,3,3,1,13,1,0,1,8,2,6,0,6,4,11,0
6,18,4,1,1,4,3,0,1,0,1,1,1,0,0,1,0,5,3,8,1
15,18,0,1,1,0,3,0,0,2,1,1,1,0,2,1,0,6,1,9,1
8,18,4,0,1,0,3,0,0,0,1,1,1,0,0,1,0,6,3,10,0
3,15,4,1,1,4,3,0,1,11,1,1,1,5,0,1,0,6,5,4,0
2,18,0,1,1,0,3,1,0,8,1,1,1,0,0,1,5,1,0,3,0
11,23,0,0,1,3,3,0,1,1,1,1,1,5,2,1,0,6,11,14,0
1,19,4,0,1,4,3,0,1,2,1,1,1,5,0,1,5,6,0,2,1
11,15,4,1,1,0,3,0,0,7,1,1,1,0,2,1,0,6,2,5,1
1,18,4,0,1,0,3,0,0,16,1,1,1,5,0,1,0,6,6,2,0
6,17,0,1,1,0,3,3,0,1,1,1,1,0,0,1,0,5,6,10,1
15,19,0,1,1,0,3,1,0,0,1,1,1,0,2,0,5,0,0,0,1
9,18,0,0,1,0,3,1,0,0,1,1,1,0,0,1,0,6,8,11,0
8,18,0,1,1,0,3,1,0,0,1,1,1,7,0,1,5,6,0,2,1
10,20,4,1,1,0,3,0,0,10,1,1,1,5,0,1,0,6,3,10,0
0,18,4,0,1,0,3,0,0,2,1,1,1,8,0,1,5,0,0,0,1
12,18,2,0,0,0,3,2,0,0,1,1,1,7,2,1,0,9,6,10,1
14,17,3,0,1,0,2,3,0,0,1,1,1,0,2,6,0,4,5,6,1
8,21,0,0,1,3,3,3,1,0,1,1,1,0,0,1,0,8,11,13,1
8,18,4,0,1,3,3,3,1,11,1,1,1,5,0,1,0,4,4,5,0
1,15,4,1,1,0,3,1,0,2,1,1,1,8,0,1,5,3,0,3,0
0,15,4,1,1,0,3,0,0,2,1,1,1,0,0,0,5,0,0,0,1
15,19,4,1,1,0,3,0,0,2,1,1,1,1,2,1,0,6,8,6,1
13,18,0,1,1,4,3,0,1,0,1,1,1,7,2,1,0,1,3,6,1
6,18,4,0,1,0,3,0,0,2,1,1,1,0,0,1,1,3,0,2,1
5,18,4,0,1,0,3,0,0,2,1,1,1,0,0,0,5,0,0,0,0
4,15,4,0,1,0,3,1,0,0,1,1,1,0,0,6,0,3,6,3,1
6,15,4,0,1,0,3,0,0,4,1,1,1,7,0,1,0,5,6,9,1
6,19,4,0,1,3,3,0,1,2,1,1,1,5,0,1,0,6,6,10,1
3,14,4,1,1,0,3,0,0,12,1,1,1,0,0,3,0,2,1,4,1
3,19,4,0,1,0,3,3,0,2,1,1,1,0,0,0,5,0,0,0,1
0,15,4,1,1,3,3,0,1,2,1,1,1,5,0,9,2,0,0,0,1
14,17,0,0,1,0,3,1,0,8,1,1,1,0,2,1,0,6,1,11,1
1,18,4,0,1,0,3,1,0,16,1,1,1,0,0,6,5,2,0,3,1
6,18,4,0,1,0,3,1,0,2,1,1,1,0,0,2,5,1,0,1,1
10,20,0,1,1,0,3,0,0,0,1,1,1,0,0,0,5,0,0,0,1
4,20,4,0,1,0,3,0,0,11,1,1,1,0,0,1,0,6,3,12,1
5,20,4,1,1,0,3,1,0,0,1,1,1,0,0,2,0,2,8,4,0
13,18,4,0,1,0,3,0,0,2,1,1,1,5,2,1,0,2,10,1,1
14,23,2,0,1,4,3,0,1,5,1,1,1,5,2,1,0,6,5,14,0
15,20,0,0,1,0,3,0,0,1,1,1,1,5,2,6,0,4,3,14,1
6,20,4,0,1,0,3,1,0,11,1,1,1,0,0,1,0,6,8,12,0
2,18,4,0,1,0,3,0,0,2,1,1,1,0,0,1,0,2,3,4,1
3,15,4,1,1,0,3,0,0,2,1,1,1,7,0,1,0,5,2,5,1
15,18,4,1,1,0,3,0,0,0,1,1,1,0,2,1,0,4,10,5,1
10,19,4,0,1,0,3,1,0,0,1,1,1,0,0,1,0,8,4,10,1
1,15,4,0,1,0,3,0,0,2,1,1,1,0,0,4,0,2,4,5,1
15,22,4,1,1,3,3,3,1,0,1,1,1,0,2,1,0,9,2,14,1
10,17,4,0,1,3,3,0,1,0,1,1,1,0,0,1,0,6,8,8,1
5,19,4,1,1,4,3,0,1,12,1,1,1,0,0,6,0,6,5,11,1
11,17,4,1,1,0,3,1,0,7,1,1,1,0,2,1,0,3,6,5,1
0,18,4,0,1,0,3,0,0,11,1,1,1,5,0,0,5,0,0,0,1
7,15,4,0,1,0,3,0,0,7,1,1,1,0,0,1,0,6,3,9,1
12,17,0,1,1,0,3,0,0,0,1,1,1,8,2,1,0,8,4,10,1
4,18,4,0,1,0,3,1,0,11,1,1,1,8,0,4,0,4,1,7,0
13,19,0,1,1,0,3,0,0,0,1,1,1,0,2,1,5,8,0,7,1
3,18,4,0,1,0,3,0,0,2,1,1,1,7,0,1,0,6,8,5,1
5,20,4,1,1,0,3,0,0,10,1,1,1,5,0,1,0,6,8,8,0
4,18,4,1,1,0,3,0,0,2,1,1,1,0,0,0,5,0,0,0,1
10,16,0,0,1,0,0,1,0,0,1,1,1,7,0,5,3,9,3,12,0
7,18,4,0,1,0,3,0,0,2,1,1,1,0,0,1,0,3,3,9,1
8,20,4,1,1,0,3,0,0,0,1,1,1,0,0,3,0,6,5,6,1
3,18,4,0,1,0,3,1,0,2,1,1,1,8,0,0,5,0,0,0,1
8,20,4,1,1,0,3,0,0,2,1,1,1,0,0,0,5,0,0,0,1
4,18,4,1,1,0,3,0,0,2,1,1,1,0,0,1,0,2,7,8,1
14,15,4,1,1,0,3,0,0,12,1,1,1,0,2,1,0,6,4,12,1
13,19,4,0,1,3,3,0,1,0,1,1,1,5,2,1,0,6,6,6,1
3,15,4,1,1,0,3,1,0,2,1,1,1,7,0,1,0,4,2,2,0
3,15,4,1,1,0,3,3,0,11,1,1,1,0,0,1,0,6,2,5,1
15,19,0,1,1,4,3,0,1,1,1,1,1,5,2,1,0,6,6,9,1
9,15,3,0,1,0,3,3,0,0,1,1,1,7,0,6,0,6,0,6,1
2,18,4,1,1,0,3,1,0,2,1,1,1,1,0,1,0,4,8,5,1
1,18,4,0,1,0,3,1,0,2,1,1,1,0,0,1,5,6,0,2,1
6,18,0,1,1,0,3,0,0,0,1,1,1,0,0,0,5,0,0,0,1
15,23,0,0,1,0,3,0,0,15,1,1,1,0,2,1,5,6,0,14,1
11,19,4,1,1,0,3,3,0,2,1,1,1,0,2,0,5,0,0,0,1
14,20,4,1,1,0,3,0,0,2,1,1,1,5,2,1,0,4,11,9,1
5,15,0,1,1,0,3,3,0,1,1,1,1,7,0,1,0,6,2,4,1
5,20,4,1,1,0,3,0,0,2,1,1,1,0,0,1,2,1,0,5,1
3,15,4,1,1,0,3,3,0,0,1,1,1,0,0,1,0,6,3,5,1
12,15,0,1,1,0,3,3,0,2,1,1,1,0,2,1,5,0,0,0,1
14,18,0,1,0,0,3,1,0,1,1,1,1,0,2,1,0,5,6,14,1
11,15,4,0,1,4,3,0,1,2,1,1,1,5,2,1,0,6,3,8,1
7,18,4,1,1,0,3,0,0,0,1,1,1,0,0,1,0,6,2,7,1
4,17,0,1,1,0,0,0,0,16,1,1,1,3,0,5,3,7,3,6,0
6,15,4,0,1,0,3,0,0,4,1,1,1,7,0,1,0,5,3,6,1
1,18,4,0,1,0,3,0,0,2,1,1,1,0,0,1,0,6,6,9,1
2,18,4,0,0,0,3,0,0,2,1,1,1,0,0,1,0,2,4,4,0
0,15,4,0,1,0,3,3,0,11,1,1,1,0,0,0,5,0,0,0,1
5,17,4,1,1,0,3,1,0,16,1,1,1,0,0,1,0,7,3,11,1
14,17,0,0,1,0,3,0,0,0,1,1,1,0,2,1,0,6,2,10,0
8,20,4,0,1,0,3,1,0,2,1,1,1,8,0,1,0,8,2,13,1
12,21,0,1,1,3,3,0,1,1,1,1,1,0,2,5,3,7,1,13,1
4,18,4,0,1,0,3,0,0,2,1,1,1,0,0,1,0,3,2,5,1
0,17,4,1,1,0,3,1,0,16,1,1,1,8,0,1,5,2,0,2,0
5,15,4,0,1,0,3,0,0,5,1,1,1,0,0,6,0,8,6,8,1
9,18,4,0,1,0,3,1,0,0,1,1,1,0,0,1,0,6,10,11,0
5,20,4,0,1,0,3,0,0,15,1,1,1,0,0,1,5,0,0,0,0
13,20,0,0,1,0,3,3,0,0,1,1,1,0,2,1,0,6,3,14,0
3,15,3,0,1,0,3,0,0,2,1,1,1,6,0,1,0,5,10,3,1
3,22,0,1,1,0,3,1,0,1,1,1,1,0,0,1,0,9,6,14,0
4,15,4,1,1,0,3,0,0,3,1,1,1,0,0,1,0,2,7,5,1
1,15,4,0,1,0,3,0,0,14,1,1,1,0,0,1,2,2,0,2,1
7,19,4,0,1,0,3,0,0,16,1,1,1,0,0,1,0,8,0,8,0
13,21,0,1,1,4,3,1,1,0,1,1,1,7,2,2,0,1,10,7,1
7,6,2,1,1,1,3,0,0,11,1,1,0,7,1,3,0,1,10,6,1
12,20,4,1,1,0,3,0,0,0,1,1,1,0,2,1,0,6,6,7,1
11,17,0,1,1,4,3,3,1,8,1,1,1,5,2,1,0,6,5,8,1
6,21,0,1,1,0,3,0,0,1,1,1,1,0,0,1,0,8,6,14,1
0,15,4,0,1,0,3,0,0,2,1,1,1,0,0,1,0,6,8,6,1
9,16,4,0,1,0,3,3,0,2,1,1,1,0,0,9,2,0,0,0,0
8,20,4,1,1,0,3,0,0,2,1,1,1,7,0,3,0,4,8,3,1
3,18,4,0,1,0,3,0,0,11,1,1,1,0,0,1,0,6,8,6,1
6,18,4,0,1,0,3,1,0,2,1,1,1,0,0,1,0,6,4,9,1
12,18,4,0,1,0,3,0,0,2,1,1,1,0,2,1,0,6,8,13,1
1,18,4,0,1,0,3,0,0,2,1,1,1,5,0,9,2,0,0,0,1
5,18,4,0,1,2,3,3,0,2,1,1,1,5,0,1,0,5,3,5,1
6,20,4,0,1,4,3,0,1,2,1,1,1,0,0,1,0,6,8,7,1
4,15,4,0,1,0,3,0,0,15,1,1,1,7,0,1,5,0,0,1,1
12,15,4,0,1,0,3,0,0,0,1,1,1,0,2,1,0,8,8,7,1
13,15,4,1,1,0,3,0,0,12,1,1,1,0,2,1,0,7,11,5,1
14,20,4,0,1,0,3,0,0,2,1,1,1,0,2,7,2,6,0,8,1
9,20,0,1,1,4,3,0,1,0,1,1,1,5,0,1,5,6,0,14,0
4,15,4,0,1,0,3,0,0,16,1,1,1,0,0,0,5,0,0,0,1
15,22,0,0,1,4,3,1,1,0,1,1,1,0,2,1,0,8,3,14,1
11,18,4,0,1,0,3,0,0,0,1,1,1,7,2,1,0,6,2,11,0
10,15,4,0,1,0,3,0,0,5,1,1,1,0,0,6,0,1,4,5,0
11,16,4,0,1,0,3,0,0,2,1,1,1,5,2,1,0,7,6,3,1
1,15,4,1,1,4,3,0,0,16,1,1,1,0,0,1,0,4,2,5,0
9,16,0,1,1,0,3,0,0,1,1,1,1,5,0,1,5,0,0,0,0
13,19,0,0,1,0,0,3,0,0,1,1,1,0,2,5,0,9,6,9,1
2,18,4,1,1,0,3,1,0,16,1,1,1,8,0,2,5,1,0,2,0
9,20,4,1,1,0,3,1,0,0,1,1,1,0,0,4,5,0,0,0,1
0,15,4,1,1,0,3,0,0,2,1,1,1,0,0,0,5,0,0,0,1
1,15,4,1,1,0,3,3,0,2,1,1,1,0,0,1,0,6,5,5,1
2,15,4,1,1,0,3,1,0,2,1,1,1,0,0,1,2,2,0,5,1
8,18,4,1,1,0,3,0,0,2,1,1,1,0,0,6,0,6,6,8,1
8,18,4,1,1,0,3,1,0,12,1,1,1,0,0,1,0,6,3,9,1
1,18,4,1,1,3,3,1,1,16,1,1,1,7,0,5,3,3,1,5,0
0,18,4,0,1,0,3,3,0,2,1,1,1,0,0,0,5,0,0,0,1
0,15,4,1,1,0,3,3,0,2,1,1,1,0,0,1,0,6,4,6,1
9,13,0,0,1,4,3,0,1,2,1,1,1,0,0,6,5,6,0,7,1
6,4,0,0,1,4,3,0,1,11,1,1,1,1,0,3,0,7,5,10,1
12,16,4,0,1,0,3,0,0,15,1,1,1,7,2,0,5,0,0,0,1
3,20,4,0,1,0,3,0,0,2,1,1,1,0,0,1,2,2,0,6,1
12,18,4,0,1,3,3,0,1,2,1,1,1,5,2,1,0,6,8,6,1
5,18,4,1,1,0,3,0,0,2,1,1,1,0,0,4,0,2,2,3,1
2,15,4,1,1,0,3,0,0,16,1,1,1,0,0,9,2,1,0,1,1
10,19,4,1,1,0,3,0,0,12,1,1,1,0,0,1,5,0,0,0,1
5,23,3,1,1,0,3,3,0,0,1,1,1,0,2,1,0,6,2,6,0
13,20,0,1,1,0,3,1,0,0,1,1,1,0,2,1,0,6,5,13,0
1,18,4,1,1,0,3,1,0,12,1,1,1,0,0,0,5,0,0,0,0
6,20,4,0,1,0,3,1,0,2,1,1,1,0,0,1,0,8,8,11,1
14,22,4,1,1,3,3,0,1,0,1,1,1,5,2,1,0,6,9,11,1
9,18,4,0,1,0,3,0,0,11,1,1,1,5,0,3,0,8,2,12,1
10,20,4,0,1,0,3,0,0,0,1,1,1,0,0,1,0,8,2,14,1
1,18,4,0,1,4,3,0,1,16,1,1,1,5,0,2,0,2,2,2,0
6,20,4,1,1,0,3,1,0,10,1,1,1,0,0,1,0,6,3,10,1
8,15,4,0,1,0,3,0,0,12,1,1,1,2,0,1,0,7,7,14,1
9,15,0,1,1,4,3,0,1,1,1,1,1,7,0,0,5,0,0,0,1
11,20,4,0,1,0,3,3,0,2,1,1,1,5,2,2,0,4,0,9,1
5,17,4,1,0,0,3,1,0,0,1,0,1,5,0,1,0,1,6,2,1
11,16,4,0,1,0,3,1,0,15,1,1,1,0,2,1,5,7,0,0,1
1,18,4,1,1,0,3,0,0,9,1,1,1,0,0,1,1,3,0,1,0
10,20,0,0,1,0,3,0,0,0,1,1,1,5,0,4,2,6,0,14,1
9,20,0,1,1,0,3,3,0,11,1,1,1,0,0,1,0,9,7,7,0
13,20,4,0,1,0,3,0,0,5,1,1,1,7,2,1,2,8,0,4,1
6,15,4,0,1,0,1,0,0,2,1,1,1,0,0,8,5,0,0,0,1
4,15,2,1,1,0,3,0,0,0,1,1,1,0,0,4,0,6,1,12,0
15,20,0,1,1,0,3,3,0,1,1,1,1,1,2,1,0,6,8,8,1
3,18,0,1,1,0,3,0,0,1,1,1,1,5,0,0,5,0,0,0,1
12,18,2,1,1,0,3,1,0,0,1,1,1,0,2,4,5,0,0,11,0
1,18,4,0,1,0,3,1,0,2,1,1,1,0,0,2,0,3,4,3,0
12,2,0,0,1,3,3,0,1,1,1,1,1,7,2,4,2,0,0,4,1
5,20,4,0,1,0,3,3,0,2,1,1,1,7,0,1,0,6,6,9,1
4,20,4,1,1,0,3,0,0,16,1,1,1,5,0,6,0,8,0,8,1
0,15,4,1,0,0,3,0,0,16,1,1,1,0,0,1,0,4,2,4,1
2,15,4,0,1,0,0,0,0,16,1,1,1,0,0,5,3,8,1,6,1
7,18,0,0,1,0,3,0,0,9,1,1,1,0,0,1,0,7,2,10,1
9,18,4,0,1,0,3,0,0,2,1,1,1,7,0,1,5,0,0,0,1
15,20,0,1,1,0,3,2,0,0,1,1,1,0,2,1,2,2,0,4,1
9,15,4,0,1,0,3,0,0,3,1,1,1,1,0,1,0,9,8,10,1
15,21,0,1,1,4,3,1,1,0,1,1,1,5,2,1,0,4,5,14,1
3,15,3,1,1,0,3,0,0,0,1,1,1,6,0,1,0,5,10,9,0
8,16,0,1,1,0,3,3,0,1,1,1,1,7,0,1,0,1,6,2,1
5,20,4,1,1,0,3,0,0,0,1,1,1,0,0,3,0,6,3,10,1
5,18,4,0,1,0,3,2,0,2,1,1,1,0,0,2,0,6,3,10,1
4,12,4,0,1,4,3,0,1,0,1,1,1,7,0,0,5,0,0,5,1
10,12,4,0,1,0,3,0,0,12,1,1,1,8,0,1,0,0,11,9,1
6,21,4,1,1,4,3,0,0,11,1,0,1,0,0,7,0,6,7,11,0
4,15,4,0,1,0,3,0,0,15,1,1,1,7,0,1,2,3,0,8,0
1,18,4,0,1,0,3,0,0,2,1,1,1,5,0,0,5,0,0,0,1
2,19,4,1,1,0,3,0,0,2,1,1,1,7,0,1,0,7,4,12,1
15,18,0,0,1,3,3,0,1,1,1,1,1,5,2,1,0,6,2,8,1
6,18,4,0,1,0,3,3,0,14,1,1,1,0,0,1,0,4,8,7,1
0,18,4,1,1,0,3,3,0,16,1,1,1,7,0,0,5,0,0,0,0
0,18,4,1,0,4,3,3,1,6,1,1,1,5,0,1,0,4,2,8,0
7,15,4,0,1,0,3,0,0,2,1,1,1,0,0,1,1,6,0,9,1
0,18,4,0,1,0,3,0,0,2,1,1,1,0,0,1,0,1,2,2,1
4,20,4,0,1,0,3,0,0,2,1,1,1,5,0,1,0,2,3,5,0
14,21,0,1,1,4,3,0,1,0,1,1,1,5,2,1,0,6,8,14,0
1,18,4,1,1,0,3,0,0,2,1,1,1,5,0,0,5,0,0,0,1
8,12,4,0,1,0,3,0,0,7,1,1,1,0,0,1,2,0,0,0,1
15,23,0,0,1,0,3,0,0,1,1,1,1,0,2,1,0,6,8,13,1
8,17,4,1,1,0,3,1,0,0,1,1,1,8,0,4,0,9,6,8,0
8,17,4,0,1,0,3,0,0,2,1,1,1,1,0,1,2,6,0,10,0
1,18,4,1,1,0,3,0,0,2,1,1,1,7,0,0,5,0,0,0,1
9,15,4,0,1,0,3,0,0,15,1,1,1,1,0,1,5,0,0,1,1
15,20,2,1,1,0,3,1,0,0,1,1,1,0,2,1,0,9,1,14,1
12,19,4,1,1,3,3,0,1,2,1,1,0,1,2,5,4,6,7,7,1
6,15,4,0,1,0,3,0,0,3,1,1,1,0,0,1,0,6,2,10,1
0,18,4,0,1,0,3,0,0,16,1,1,1,0,0,0,5,0,0,0,0
10,14,4,0,0,0,3,0,0,2,1,1,0,2,0,1,0,6,7,5,1
2,18,4,1,1,2,3,1,0,2,1,1,1,0,0,1,5,4,0,1,1
0,10,4,0,1,0,0,0,0,7,1,1,1,0,0,5,3,1,3,1,1
8,17,4,1,1,0,3,0,0,0,1,1,1,0,0,2,0,6,2,12,1
15,22,0,1,1,3,3,0,1,0,1,1,1,8,2,1,0,6,9,13,0
15,21,0,0,1,0,3,1,0,0,1,1,1,0,2,2,0,8,2,14,1
4,18,4,0,1,0,3,0,0,2,1,1,1,2,0,1,0,6,2,6,1
8,20,4,1,1,0,3,1,0,2,1,1,1,0,0,3,0,4,8,5,1
11,10,4,0,1,3,0,0,1,16,1,1,1,0,2,5,3,8,3,8,1
11,23,0,1,1,3,3,0,1,1,1,1,1,5,2,1,0,6,6,14,1
13,17,0,1,1,0,3,0,0,1,1,1,1,0,2,1,0,9,3,8,1
0,18,4,0,1,0,3,1,0,16,1,1,1,8,0,1,0,1,4,2,1
10,20,4,1,1,0,3,0,0,0,1,1,1,5,0,2,0,7,1,3,1
2,18,4,1,0,0,3,0,0,9,1,1,1,2,0,1,0,6,4,4,1
3,18,4,0,1,0,3,3,0,2,1,1,1,7,0,1,0,4,4,4,1
9,9,4,0,0,0,3,1,1,9,1,1,0,8,0,4,0,1,1,4,0
0,18,4,0,1,0,3,0,0,16,1,1,1,5,0,0,5,0,0,0,1
4,18,4,1,1,0,3,3,0,10,1,1,1,5,0,1,0,6,10,1,1
1,18,4,0,1,0,3,0,0,2,1,1,1,0,0,0,5,0,0,0,1
6,20,4,0,1,0,3,1,0,2,1,1,1,8,0,1,0,2,1,5,1
9,13,4,0,1,0,3,0,0,15,1,1,1,1,0,0,5,0,0,0,1
9,18,4,0,1,0,3,0,0,2,1,1,1,0,0,2,0,6,6,7,1
9,21,3,1,1,0,3,3,0,14,1,1,1,0,2,7,0,9,0,9,1
2,15,4,0,1,0,3,0,0,2,1,1,1,0,0,1,0,6,6,8,0
2,16,4,0,1,0,3,0,0,2,1,1,1,0,0,1,0,9,10,2,0
1,18,4,0,1,0,3,3,0,2,1,1,1,0,0,0,5,0,0,0,1
11,20,0,0,1,0,3,1,0,0,1,1,1,0,2,6,0,6,5,14,1
6,13,4,1,1,4,3,0,1,10,1,1,1,6,0,0,5,0,0,3,1
7,17,4,0,1,4,3,0,1,12,1,1,1,0,0,1,0,4,10,9,0
1,18,4,0,1,0,3,0,0,2,1,1,1,7,0,1,0,6,6,6,1
10,15,4,1,1,0,3,0,0,12,1,1,1,0,0,1,0,4,6,5,1
8,17,4,0,1,0,3,0,0,0,1,1,1,7,0,6,0,6,6,8,0
13,19,4,1,1,3,3,0,1,2,1,1,1,5,2,1,0,6,10,5,1
11,20,4,1,1,3,3,0,1,2,1,1,1,5,2,0,5,0,0,0,1
9,20,0,1,1,0,3,3,0,0,1,1,1,0,0,6,0,6,9,7,0
10,21,0,0,1,4,3,0,1,1,1,1,1,5,0,1,0,6,8,9,1
10,16,4,0,1,0,3,1,0,2,1,1,1,7,0,1,0,6,10,13,1
15,21,0,0,1,0,3,1,0,1,1,1,1,0,2,1,0,8,8,14,1
1,18,4,1,1,0,3,0,0,2,1,1,1,0,0,0,5,0,0,0,1
4,18,4,0,1,0,3,2,0,16,1,1,1,0,0,7,3,3,1,1,1
2,15,4,0,1,3,3,0,1,2,1,1,1,5,0,0,5,0,0,0,1
13,20,0,0,1,0,3,1,0,0,1,1,1,5,2,1,0,6,7,13,1
5,17,4,1,1,0,3,0,0,2,1,1,1,0,0,1,0,4,1,6,1
14,21,0,0,1,0,3,0,0,1,1,1,1,0,2,2,0,6,4,14,1
12,20,4,0,1,0,3,0,0,11,1,1,1,7,2,1,0,6,4,11,1
2,15,4,1,1,0,3,1,0,2,1,1,1,7,0,6,0,1,6,4,1
15,15,2,1,1,0,1,2,0,0,1,1,1,6,2,1,0,3,10,9,1
6,18,4,1,1,0,3,0,0,2,1,1,1,7,0,1,0,6,3,9,1
2,15,4,1,1,0,3,3,0,2,1,1,1,0,0,1,0,1,4,4,1
3,18,4,1,1,0,3,1,0,2,1,1,1,0,0,1,0,2,4,3,1
14,18,4,1,1,0,3,0,0,0,1,1,1,0,2,1,0,7,2,7,1
12,21,4,1,1,0,3,1,0,0,1,1,1,0,2,2,0,9,8,12,0
5,20,4,1,1,0,3,3,0,11,1,1,1,0,0,0,5,0,0,0,0
7,17,4,0,1,0,3,0,0,0,1,1,1,0,0,1,0,6,3,9,1
5,17,4,0,1,0,3,0,0,2,1,1,1,0,0,2,0,6,11,7,1
10,19,0,1,1,0,3,1,0,1,1,1,1,0,0,1,0,3,6,14,1
4,18,4,1,1,0,3,0,0,2,1,1,1,0,0,1,0,3,9,3,0
2,18,4,1,1,0,3,0,0,0,1,1,1,0,0,1,0,1,2,4,0
1,15,4,1,1,0,3,1,0,7,1,1,1,7,0,1,0,3,4,6,1
11,20,4,0,1,3,3,0,1,0,1,1,1,5,2,1,0,6,1,11,1
15,20,0,0,1,0,3,1,0,0,1,1,1,0,2,1,2,6,0,9,1
5,20,4,0,1,0,3,1,0,2,1,1,1,8,0,5,2,6,0,5,1
6,18,0,1,1,4,3,0,1,0,1,1,1,0,0,0,5,0,0,0,0
3,20,0,1,1,0,3,2,0,1,1,1,1,0,0,1,0,3,9,4,0
0,17,4,1,1,0,3,0,0,0,1,1,1,7,0,2,0,6,2,8,1
9,18,4,1,1,0,3,0,0,0,1,1,1,7,0,1,0,6,6,6,1
5,18,4,1,1,0,3,0,0,2,1,1,1,1,0,2,0,5,2,6,1
0,18,4,0,1,0,3,3,0,2,1,1,1,0,0,2,0,2,2,3,1
10,15,4,0,1,0,3,3,0,5,1,1,1,0,0,1,2,8,0,5,1
15,19,4,0,1,0,3,1,0,15,1,1,1,0,2,4,5,0,0,0,1
9,15,4,0,0,0,3,0,0,2,1,1,0,0,0,1,5,2,0,4,1
2,18,4,0,1,0,3,1,0,16,1,1,1,5,0,0,5,0,0,2,0
13,20,4,0,1,0,3,1,0,0,1,1,1,8,2,1,0,8,3,14,1
14,20,0,1,1,0,3,1,0,2,1,1,1,0,2,1,0,6,8,10,0
10,12,3,0,1,0,3,0,0,15,1,1,1,7,0,0,5,0,0,4,1
9,20,0,1,1,0,3,0,0,0,1,1,1,0,0,3,0,6,6,6,1
1,18,4,1,1,0,3,1,0,0,1,1,1,0,0,1,1,1,0,1,1
2,15,4,1,1,0,3,0,0,2,1,1,1,0,0,1,2,0,0,0,1
14,18,4,1,1,3,3,0,1,0,1,1,1,0,2,1,0,6,2,9,1
11,20,4,0,1,0,3,3,0,2,1,1,1,5,2,1,0,4,11,12,1
15,18,0,0,1,0,1,3,0,0,1,1,1,0,2,1,0,8,11,12,0
4,18,4,1,1,0,3,0,0,2,1,1,1,0,0,1,0,4,2,7,0
12,14,4,0,0,0,3,0,0,15,1,1,0,1,2,1,5,0,0,1,1
1,18,4,1,1,0,3,0,0,2,1,1,1,7,0,1,0,5,4,2,0
12,20,0,1,1,3,3,0,1,1,1,1,1,7,2,5,4,6,7,11,0
2,18,4,1,1,0,3,0,0,2,1,1,1,1,0,1,0,6,3,8,1
6,20,4,1,1,0,3,1,0,2,1,1,1,0,0,1,0,2,4,3,1
9,15,4,1,1,0,3,3,0,2,1,1,1,7,0,1,0,6,8,8,1
2,15,4,1,1,0,3,1,0,2,1,1,1,0,0,1,2,4,0,5,0
2,17,4,0,1,0,3,0,0,4,1,1,1,2,0,1,2,4,3,5,1
14,15,0,0,1,0,3,0,0,0,1,1,1,1,2,1,0,8,11,14,1
7,15,4,0,1,0,3,3,0,9,1,1,1,0,0,1,0,6,6,12,1
10,15,4,0,1,0,3,0,0,2,1,1,1,7,0,1,0,5,1,8,1
10,18,4,0,1,0,3,0,0,15,1,1,1,7,0,1,5,3,0,1,1
13,14,4,0,0,0,3,0,0,0,1,1,0,0,2,0,5,0,0,5,1
5,15,4,0,1,3,3,0,1,10,1,1,1,5,0,1,0,6,3,3,1
2,22,4,0,1,0,3,0,0,7,1,1,1,0,0,1,0,8,6,7,1
6,18,4,0,1,0,3,0,0,0,1,1,1,0,0,1,0,7,11,13,1
5,20,4,1,1,0,3,1,0,0,1,1,1,0,0,1,0,6,10,4,1
3,15,4,1,1,0,3,0,0,5,1,1,1,7,0,1,0,3,9,6,0
5,15,4,1,1,0,3,0,0,2,1,1,1,0,0,1,0,1,7,3,1
9,14,4,1,1,0,3,0,0,12,1,1,1,7,0,1,0,2,7,5,1
7,15,4,0,1,0,3,3,0,2,1,1,1,0,0,1,0,5,2,7,1
2,17,4,1,1,0,3,3,0,11,1,1,1,7,2,1,0,3,6,6,1
7,19,0,0,1,0,3,0,0,1,1,1,1,0,0,3,0,5,5,12,1
3,13,4,0,1,2,3,3,1,0,1,1,1,8,0,6,0,1,4,4,1
5,20,4,1,1,0,3,0,0,12,1,1,1,5,0,1,0,1,11,3,0
6,15,4,0,1,4,3,0,1,0,1,1,1,7,0,1,0,6,8,7,0
10,15,0,0,1,0,3,1,0,2,1,1,1,7,0,6,0,6,8,10,1
0,18,4,0,1,0,3,0,0,7,1,1,1,0,0,1,5,0,0,0,1
4,15,4,0,1,0,3,1,0,2,1,1,1,0,0,1,0,6,3,9,1
10,18,2,1,1,0,3,3,0,0,1,1,1,0,0,6,0,6,0,12,0
9,20,4,0,1,4,3,3,1,2,1,1,1,0,0,1,0,6,8,11,1
0,17,4,0,1,0,3,0,0,0,1,1,1,7,0,0,5,0,0,0,0
11,20,0,1,1,4,3,3,1,1,1,1,1,5,2,0,5,0,0,0,0
10,1,4,0,0,0,3,3,0,15,0,1,0,0,0,2,0,6,10,9,1
13,21,0,1,1,0,3,0,0,1,1,1,1,0,2,1,0,5,8,9,1
9,15,4,1,1,0,3,0,0,2,1,1,1,0,0,9,2,0,0,0,1
3,15,4,1,1,0,3,3,0,2,1,1,1,0,0,0,5,0,0,0,1
12,17,0,1,1,0,3,0,0,1,1,1,1,0,2,4,0,5,4,3,1
13,21,0,1,1,3,3,3,1,1,1,1,1,5,2,1,0,6,6,14,1
10,18,4,0,1,4,3,0,1,11,1,1,1,0,0,1,0,9,4,9,1
2,18,4,0,1,3,3,0,1,2,1,1,1,5,0,0,5,0,0,0,1
11,20,4,1,1,3,3,0,1,2,1,1,1,5,2,0,5,0,0,0,1
5,18,4,1,1,0,3,1,0,11,1,1,1,0,0,1,0,8,2,8,1
3,15,4,0,1,0,3,0,0,2,1,1,1,7,0,1,0,3,3,9,1
15,21,0,0,1,0,3,0,0,1,1,1,1,0,2,2,0,6,6,14,1
1,18,4,0,1,0,3,0,0,2,1,1,1,7,0,1,0,4,4,3,1
7,19,0,0,1,0,3,0,0,1,1,1,1,1,0,1,0,6,1,5,1
6,15,4,0,1,0,3,0,0,2,1,1,1,8,0,1,0,5,11,8,1
3,15,4,0,1,0,3,3,0,11,1,1,1,0,0,0,5,0,0,0,1
10,20,4,1,1,0,3,0,0,0,1,1,1,1,0,1,0,8,11,12,0
2,18,4,1,1,0,3,1,0,16,1,1,1,8,0,1,0,8,3,6,1
1,17,4,0,1,0,3,3,0,2,1,1,1,0,0,1,0,6,2,13,1
2,17,4,0,1,0,3,0,0,2,1,1,1,5,0,1,0,6,5,6,0
6,21,0,1,1,0,3,0,0,0,1,1,1,0,0,1,0,6,6,11,1
11,15,4,1,1,4,3,0,1,7,1,1,1,0,2,1,0,6,3,7,1
15,21,0,1,1,4,3,0,1,0,1,1,1,5,2,1,0,6,4,13,1
4,15,4,0,1,0,3,0,0,2,1,1,1,5,0,1,0,1,10,1,1
2,15,4,0,1,4,3,0,1,2,1,1,1,0,0,1,0,2,4,4,1
6,19,4,0,1,3,3,1,1,2,1,1,1,0,0,1,0,5,2,6,1
12,17,4,0,1,0,3,1,0,2,1,1,1,0,2,6,0,6,8,10,1
9,15,4,0,1,0,3,1,0,2,1,1,1,8,0,1,0,6,6,10,1
11,16,0,0,1,4,3,0,1,1,1,1,1,5,2,0,5,0,0,0,0
15,19,0,1,1,0,3,3,0,1,1,1,1,1,2,0,5,0,0,0,1
7,18,0,1,1,4,3,0,1,8,1,1,1,7,0,3,0,6,6,5,1
5,17,4,1,1,0,3,0,0,2,1,1,1,0,0,1,0,4,2,6,1
3,15,4,1,1,4,3,0,1,2,1,1,1,7,0,1,0,6,2,5,0
2,16,4,0,1,0,0,2,0,16,1,1,1,4,0,5,3,9,1,4,0
14,17,0,1,1,0,3,0,0,1,1,1,1,0,2,1,0,5,5,6,0
2,18,0,0,1,0,3,1,0,0,1,1,1,0,0,0,5,0,0,0,0
12,19,4,0,0,2,3,1,0,2,0,1,0,0,2,1,0,2,8,12,1
15,20,0,1,1,0,3,1,0,0,1,1,1,0,2,6,0,8,2,13,1
11,3,0,0,1,3,3,3,1,12,1,1,1,7,2,3,0,6,2,12,1
10,18,4,1,1,4,3,3,1,9,1,1,1,0,0,0,5,0,0,0,1
9,20,4,1,1,0,3,0,0,0,1,1,1,0,0,1,0,6,3,13,0
10,20,0,1,1,4,3,0,1,0,1,1,1,0,0,1,0,7,11,14,1
8,18,4,0,1,0,3,1,0,2,1,1,1,0,0,1,0,6,2,10,1
9,21,4,1,1,4,3,0,1,0,1,1,1,5,0,1,0,7,8,13,1
2,22,4,1,1,0,3,1,0,0,1,1,1,0,0,1,0,7,4,11,1
2,15,4,1,1,0,3,0,0,0,1,1,1,0,0,1,0,1,3,2,1
15,15,0,1,1,0,3,0,0,1,1,1,1,0,2,3,0,6,0,6,1
10,20,4,1,1,0,3,0,0,0,1,1,1,0,0,2,0,6,8,12,1
3,18,0,1,1,0,3,0,0,8,1,1,1,0,0,5,0,2,9,5,0
9,8,1,1,0,1,3,1,1,13,1,0,0,1,0,9,2,5,1,3,1
5,15,4,1,0,0,3,0,0,2,1,1,1,5,0,1,5,0,0,4,1
7,18,4,0,1,0,3,3,0,2,1,1,1,8,0,1,0,6,7,12,1
1,19,4,1,1,0,3,1,0,2,1,1,1,0,0,1,0,4,2,6,1
9,16,4,1,0,0,3,3,0,13,1,0,0,8,0,0,5,0,0,4,0
15,21,0,0,1,4,3,3,1,1,1,1,1,0,2,6,0,8,0,14,1
14,15,4,0,1,0,3,0,0,0,1,1,1,7,2,0,5,0,0,10,0
10,22,4,1,1,0,3,3,0,11,1,1,1,0,0,3,0,4,6,13,0
15,18,4,0,1,0,3,1,0,15,1,1,1,0,2,1,5,6,0,2,0
7,15,4,0,1,0,3,1,0,15,1,1,1,0,0,0,5,0,0,0,0
0,17,4,1,1,0,3,3,0,7,1,1,1,0,0,1,0,3,8,6,1
11,19,0,0,1,0,3,3,0,0,1,1,1,0,2,1,0,9,0,13,0
13,21,0,0,1,0,3,1,0,1,1,1,1,0,2,1,0,8,10,11,1
0,8,4,0,1,3,3,2,1,11,1,1,1,1,0,1,0,3,8,1,1
5,15,4,0,0,0,3,0,0,0,1,1,1,0,0,5,0,8,4,2,1
15,11,4,0,0,0,3,1,0,15,0,1,1,0,2,0,5,0,0,0,0
11,14,4,0,1,0,3,0,0,12,1,1,1,7,2,1,0,6,8,7,1
12,20,4,0,1,0,3,3,0,3,1,1,1,0,2,1,0,9,7,13,1
10,16,4,1,0,0,3,1,0,2,1,1,0,0,0,1,0,3,6,4,1
15,20,4,0,1,4,3,0,1,9,1,1,1,5,2,1,0,6,8,14,1
4,18,4,1,1,0,3,0,0,2,1,1,1,5,0,1,5,0,0,0,1
9,21,0,1,1,3,3,0,1,0,1,1,1,0,0,6,0,2,8,12,1
3,16,4,0,1,0,3,0,1,9,1,1,1,0,0,9,2,3,0,1,0
12,15,4,0,0,0,3,1,0,3,0,0,1,0,2,1,0,4,2,5,1
12,18,4,0,1,0,3,3,0,0,1,1,1,0,2,1,0,2,0,3,1
13,11,0,0,1,4,3,0,1,1,1,1,1,7,2,1,0,9,10,0,1
4,20,4,0,1,0,3,0,0,2,1,1,1,0,0,1,0,9,1,13,1
3,15,4,0,1,0,3,0,0,9,1,1,1,7,0,1,0,6,6,9,1
13,15,4,0,1,2,3,0,0,2,1,1,1,1,2,1,0,6,3,12,1
8,19,4,0,1,0,3,1,0,0,1,1,1,0,0,2,0,8,11,7,0
9,14,4,1,1,4,3,0,1,14,1,1,1,5,0,0,5,0,0,0,1
11,21,0,1,1,4,3,0,1,0,1,1,1,5,2,0,5,0,0,0,1
2,18,4,1,1,0,3,0,0,16,1,1,1,5,0,4,0,7,1,11,1
11,21,0,0,1,4,3,1,1,1,1,1,1,5,2,1,0,7,4,12,0
15,21,0,1,1,4,3,0,1,1,1,1,1,5,2,0,5,0,0,0,0
6,11,4,0,1,4,3,0,1,5,1,1,1,7,0,6,0,1,10,2,1
10,21,4,1,1,0,3,3,0,9,1,1,1,0,0,1,0,6,2,8,1
1,15,4,1,1,0,3,1,0,2,1,1,1,7,0,9,2,1,0,1,1
6,20,4,1,1,0,3,1,0,11,1,1,1,8,0,8,5,2,0,7,1
12,21,0,0,1,0,3,0,0,0,1,1,1,0,2,2,0,6,3,13,1
0,15,4,1,1,0,3,0,0,2,1,1,1,0,0,0,5,0,0,0,1
2,15,4,1,1,0,3,0,0,2,1,1,1,7,0,1,0,6,4,2,1
9,15,4,0,1,0,3,0,0,4,1,1,1,0,0,1,5,0,0,1,1
9,20,0,1,1,0,3,0,0,0,1,1,1,0,0,0,5,0,0,0,1
12,20,2,1,1,3,3,0,1,3,1,1,1,7,2,1,4,6,7,13,0
13,21,4,1,1,3,3,1,0,0,1,1,1,0,2,7,0,6,5,14,1
9,20,4,1,1,4,3,0,1,0,1,1,1,5,0,1,0,6,6,8,0
3,20,4,1,1,0,3,0,0,9,1,1,1,0,0,1,0,3,4,8,1
11,17,0,1,1,0,3,0,0,8,1,1,1,0,2,4,0,6,1,11,1
2,15,4,0,1,0,3,1,0,2,1,1,1,8,0,1,0,6,2,6,1
11,17,0,1,1,0,3,0,0,1,1,1,1,0,2,1,0,4,2,4,0
1,14,4,1,1,4,3,0,1,16,1,1,1,5,0,0,5,0,0,0,1
6,21,4,0,1,0,3,3,0,5,1,1,1,5,0,1,0,9,11,14,1
9,12,3,1,1,0,3,3,0,2,1,1,1,3,0,0,5,0,0,4,1
14,14,0,1,1,4,3,0,1,0,1,1,1,7,2,0,5,0,0,0,1
11,20,0,1,1,0,3,1,0,1,1,1,1,0,2,3,2,3,0,2,1
11,17,4,0,1,0,3,0,0,0,1,1,1,0,2,4,5,6,0,2,1
13,17,0,1,1,0,3,1,0,2,1,1,1,8,2,1,2,2,0,5,1
3,19,0,1,1,0,3,1,0,0,1,1,1,0,0,1,0,4,4,5,1
4,15,0,1,1,0,3,1,0,2,1,1,1,6,0,2,0,2,1,3,1
8,15,4,0,0,0,3,0,0,0,1,1,0,0,0,1,0,4,3,3,1
3,18,4,0,1,0,3,3,0,2,1,1,1,8,0,1,0,3,9,3,1
3,18,4,1,1,3,3,0,1,2,1,1,1,5,0,1,0,2,8,4,1
8,21,4,0,1,4,3,0,1,2,1,1,1,7,0,1,0,4,1,9,1
9,18,0,1,1,4,3,1,1,1,1,1,1,0,0,7,5,0,0,0,1
4,18,0,0,1,0,3,0,0,0,1,1,1,0,0,1,0,6,3,11,1
0,15,4,1,1,4,3,3,1,2,1,1,1,0,0,1,0,1,3,2,1
9,17,4,0,1,0,3,0,0,2,1,1,1,5,0,1,0,6,3,7,1
5,19,4,1,1,0,3,0,0,0,1,1,1,0,0,3,0,4,4,6,1
2,20,4,0,1,0,3,3,0,0,1,1,1,0,0,1,0,7,0,14,0
9,20,4,1,1,0,3,0,0,0,1,1,1,8,0,1,0,6,0,13,1
0,15,4,0,1,0,3,1,0,2,1,1,1,0,0,1,0,3,0,1,1
15,19,0,1,1,0,3,0,0,0,1,1,1,0,2,3,0,6,5,5,1
7,19,0,1,1,0,3,0,0,0,1,1,1,0,0,1,5,4,0,7,0
8,18,4,0,1,0,3,1,0,2,1,1,1,0,0,1,2,1,0,2,1
2,15,4,0,1,0,3,3,0,2,1,1,1,5,0,1,0,3,2,5,1
11,20,0,1,1,3,3,0,1,1,1,1,1,5,2,1,0,3,1,9,0
1,18,4,1,1,0,3,3,0,2,1,1,1,7,0,1,0,2,3,3,1
3,18,4,0,1,3,3,0,1,0,1,1,1,5,0,1,0,1,3,4,1
11,19,4,1,1,0,3,0,0,12,1,1,1,0,2,1,0,6,6,10,0
9,0,4,1,0,0,3,3,0,0,0,0,1,3,0,4,0,7,3,9,1
11,15,0,1,1,0,3,0,0,2,1,1,1,5,2,3,0,6,7,10,1
15,20,4,1,1,0,3,3,0,10,1,1,1,5,2,4,0,6,11,3,0
12,18,0,1,1,0,3,0,0,0,1,1,1,0,2,0,5,0,0,0,0
9,17,4,0,1,0,3,0,0,0,1,1,1,0,0,1,2,6,0,10,0
7,15,4,0,1,0,3,0,0,2,1,1,1,0,0,0,5,0,0,0,0
11,23,0,1,1,2,3,0,0,1,1,1,1,0,2,1,0,6,6,14,0
6,13,4,1,1,0,3,0,0,5,1,1,1,7,0,0,5,0,0,6,1
9,15,4,0,1,0,3,3,0,14,1,1,1,0,0,1,0,4,8,13,0
2,18,0,1,1,0,3,2,0,8,1,1,1,0,0,1,0,3,1,1,1
5,17,4,0,1,0,3,3,0,2,1,1,1,7,0,1,0,3,3,4,1
14,17,0,1,1,0,3,1,0,1,1,1,1,0,2,0,5,0,0,10,0
10,20,0,1,1,0,3,3,0,1,1,1,1,5,0,1,1,6,0,13,0
15,18,0,0,1,0,3,1,0,0,1,1,1,0,2,1,0,9,3,9,1
12,20,0,0,1,3,3,3,1,1,1,1,1,0,2,1,5,0,0,0,1
4,20,0,1,1,2,3,0,0,3,1,1,1,0,0,6,1,6,0,13,1
9,16,4,0,1,0,3,0,0,12,1,1,1,7,0,1,5,6,0,4,0
4,18,4,0,1,0,3,0,0,14,1,1,1,7,0,1,0,6,4,6,0
10,20,0,0,1,0,3,0,0,0,1,1,1,0,0,1,0,7,11,14,1
12,2,0,1,1,3,3,0,1,3,1,1,1,7,2,6,0,6,10,6,1
12,15,2,0,0,0,3,2,0,0,1,1,1,0,2,1,0,6,6,10,0
14,15,4,0,1,0,3,1,0,12,1,1,1,0,2,1,0,6,3,11,1
0,18,4,1,1,0,3,1,0,16,1,1,1,0,0,0,5,0,0,0,1
15,21,0,1,1,3,3,0,1,0,1,1,1,5,2,4,0,6,5,13,1
5,20,4,1,1,0,3,0,0,0,1,1,1,0,0,1,5,0,0,0,0
14,20,4,0,1,0,3,1,0,0,1,1,1,0,2,1,0,6,4,11,1
2,14,4,0,1,4,3,0,1,15,1,1,1,0,0,0,5,0,0,0,1
10,15,0,1,1,0,3,0,0,0,1,1,1,7,0,1,0,6,3,11,1
5,20,4,1,1,0,3,3,0,9,1,1,1,0,0,1,0,6,6,8,1
11,11,4,1,1,0,3,0,0,4,1,1,1,0,2,1,0,1,1,1,1
10,21,0,0,1,0,3,0,0,1,1,1,1,0,0,1,0,6,4,14,1
10,18,4,0,1,4,3,3,1,14,1,1,1,5,0,1,0,6,3,10,1
2,13,4,0,1,0,3,0,0,15,1,1,1,1,0,0,5,0,0,0,1
14,19,4,1,1,0,3,1,0,0,1,1,1,0,2,2,0,6,3,12,1
0,18,4,0,1,0,3,1,0,2,1,1,1,0,0,1,5,0,0,0,1
15,16,0,0,1,0,0,3,0,16,1,1,1,0,0,2,3,4,0,8,0
6,18,4,1,1,0,3,0,0,0,1,1,1,0,0,0,5,0,0,0,1
0,17,4,0,1,4,3,0,1,16,1,1,1,0,0,0,5,0,0,0,1
0,15,4,1,0,0,3,3,0,3,0,0,1,0,0,0,5,0,0,0,1
9,13,4,1,1,2,3,0,1,0,1,1,1,1,0,1,0,1,4,6,0
12,18,4,0,1,0,3,0,0,2,1,1,1,0,2,1,0,6,2,11,1
11,17,0,1,1,4,3,0,1,8,1,1,1,0,2,1,0,4,1,5,0
9,15,4,1,0,0,3,0,0,4,0,1,0,7,0,1,0,1,8,1,1
7,15,4,0,1,3,3,0,1,2,1,1,1,0,0,1,0,5,6,7,1
9,17,4,1,1,0,3,0,0,2,1,1,1,1,0,1,0,5,5,7,1
8,15,4,0,1,3,3,0,1,0,1,1,1,5,0,1,0,7,11,3,1
11,15,0,1,1,4,3,1,1,0,1,1,1,0,2,1,0,4,6,8,1
0,18,4,1,1,0,3,1,0,16,1,1,1,8,0,1,5,2,0,3,1
3,15,4,0,1,0,3,1,0,2,1,1,1,0,0,1,0,2,6,2,1
0,18,4,0,1,0,3,0,0,16,1,1,1,0,0,3,5,0,0,0,1
1,18,4,1,1,0,3,0,0,11,1,1,1,1,0,1,5,4,0,4,1
15,21,0,1,1,4,3,0,1,0,1,1,1,5,2,1,0,6,4,14,1
14,21,0,0,1,0,3,1,0,1,1,1,1,0,2,3,0,6,3,11,0
5,18,4,0,1,0,3,1,0,2,1,1,1,0,0,1,0,2,2,3,1
9,14,0,1,1,4,3,0,1,0,1,1,1,5,0,0,5,0,0,0,1
15,20,4,0,1,0,3,1,0,15,1,1,1,0,2,2,5,3,0,1,1
7,19,4,1,1,0,3,1,0,0,1,1,1,0,0,1,0,6,4,9,1
1,18,4,1,1,0,3,0,0,2,1,1,1,0,0,0,5,0,0,0,1
3,18,4,0,1,0,3,3,0,2,1,1,1,0,0,0,5,0,0,0,1
12,19,0,1,1,0,3,3,0,2,1,1,1,0,2,1,5,0,0,0,1
9,17,4,1,1,0,3,0,0,5,1,1,1,0,0,2,0,3,6,8,1
11,16,0,0,1,0,3,0,0,0,1,1,1,0,2,1,0,6,6,14,1
8,18,4,1,1,0,3,0,0,2,1,1,1,0,0,1,0,6,4,3,1
14,15,0,0,1,3,3,0,1,0,1,1,1,0,2,1,0,6,3,11,1
12,18,0,0,1,0,3,0,0,1,1,1,1,0,2,1,0,6,3,12,1
15,19,0,1,1,3,3,0,1,1,1,1,1,0,2,1,0,6,8,10,1
9,9,0,0,0,0,3,1,0,5,1,1,0,1,0,2,0,6,3,6,1
3,18,4,0,1,0,3,0,0,11,1,1,1,0,0,1,0,6,8,11,1
1,18,4,0,1,0,3,1,0,2,1,1,1,8,0,1,0,6,3,6,1
7,18,4,0,1,0,3,0,0,2,1,1,1,0,0,1,2,0,0,0,1
0,18,4,1,1,0,3,3,0,2,1,1,1,1,0,0,5,0,0,1,1
3,20,4,0,1,0,3,1,0,2,1,1,1,6,0,9,2,5,0,0,1
11,19,0,1,1,0,3,0,0,1,1,1,1,0,2,2,0,1,0,9,1
1,18,4,0,1,3,3,0,1,0,1,1,1,0,0,3,0,4,6,6,0
8,15,4,0,1,4,3,0,1,2,1,1,1,7,0,1,2,3,0,3,1
7,11,4,0,1,4,3,0,1,11,1,1,1,0,0,1,0,5,3,6,1
0,15,4,1,1,0,3,0,0,1,1,1,1,0,0,1,0,4,2,4,1
5,15,4,1,1,0,3,0,0,2,1,1,1,0,0,1,0,9,10,1,1
7,20,4,1,1,0,3,0,0,11,1,1,1,8,0,1,0,6,6,6,1
15,22,0,0,1,0,3,3,0,0,1,1,1,0,2,1,0,8,9,14,0
6,20,4,1,1,3,3,0,1,2,1,1,1,7,0,3,0,6,6,6,1
3,11,0,1,1,4,3,0,1,1,1,1,1,0,0,6,5,0,0,0,1
10,20,0,1,1,0,3,0,0,0,1,1,1,0,0,3,0,6,2,12,0
5,15,4,0,1,0,3,3,0,7,1,1,1,7,0,1,0,5,11,6,1
1,15,4,1,1,0,3,0,0,2,1,1,1,0,0,1,0,2,3,3,1
14,20,4,0,1,0,3,0,0,2,1,1,1,0,2,1,0,6,8,14,1
8,15,4,0,1,4,3,3,1,5,1,1,1,5,0,0,5,0,0,0,1
11,20,4,0,0,0,3,0,0,0,1,1,0,0,2,1,0,6,4,13,1
4,20,4,1,1,0,3,0,0,2,1,1,1,5,0,1,0,6,10,8,1
10,21,4,0,1,0,3,1,0,2,1,1,1,0,0,2,0,6,8,13,1
8,18,4,1,1,0,3,0,0,2,1,1,1,5,0,1,0,6,6,5,1
13,18,0,0,1,0,3,1,0,0,1,1,1,0,2,1,0,6,7,10,1
5,20,4,0,1,4,3,0,1,12,1,1,1,5,0,1,0,9,6,4,0
3,15,4,0,1,0,3,0,0,2,1,1,1,5,0,1,5,0,0,0,1
4,20,4,1,1,0,3,0,0,2,1,1,1,0,0,1,5,2,0,3,1
5,12,4,0,1,0,3,3,0,12,1,1,1,0,0,1,0,6,3,5,1
6,18,4,1,1,0,3,3,0,2,1,1,1,7,0,4,0,5,5,5,1
13,18,4,1,1,0,3,1,0,0,1,1,1,0,2,0,5,0,0,5,1
4,18,4,1,1,0,3,0,0,2,1,1,1,0,0,0,5,0,0,0,1
14,19,0,1,1,3,3,0,1,0,1,1,1,5,2,1,5,0,0,0,1
7,20,4,0,1,3,3,3,1,0,1,1,1,8,0,2,5,0,0,0,1
9,17,0,1,1,0,3,0,0,1,1,1,1,0,0,0,5,0,0,0,1
1,18,4,1,1,0,3,1,0,7,1,1,1,0,0,1,0,2,3,2,1
10,18,4,0,1,0,3,3,0,2,1,1,1,0,0,2,0,6,3,13,1
8,16,0,0,1,0,3,0,0,0,1,1,1,0,0,1,0,3,2,3,1
15,15,0,0,1,4,3,0,1,0,1,1,1,7,2,1,0,6,6,7,1
10,15,0,1,1,0,3,3,0,1,1,1,1,0,0,1,0,8,6,9,0
7,21,4,1,1,0,3,1,0,2,1,1,1,0,0,1,0,6,5,13,0
9,15,4,0,1,0,3,0,0,14,1,1,1,0,0,1,0,6,10,10,1
3,18,4,1,1,0,3,0,0,2,1,1,1,0,0,0,5,0,0,0,1
6,20,4,0,1,0,3,0,0,11,1,1,1,0,0,4,0,6,5,14,1
9,19,4,0,1,0,3,1,0,11,1,1,1,0,0,3,0,6,2,12,1
6,18,4,1,1,0,3,0,0,2,1,1,1,0,0,5,0,6,6,9,1
5,14,4,0,0,0,3,2,0,5,1,1,0,0,0,1,2,1,0,3,1
10,18,4,0,1,4,3,1,1,2,1,1,1,0,0,1,2,0,0,0,1
9,17,4,0,1,0,3,3,0,11,1,1,1,8,0,4,0,6,4,7,0
2,16,4,0,1,0,3,0,0,15,1,1,1,1,0,1,5,1,0,1,0
9,15,0,0,1,4,3,0,1,0,1,1,1,5,0,0,5,0,0,0,1
15,19,0,1,1,0,3,1,0,0,1,1,1,8,2,1,2,6,0,5,1
11,21,0,0,1,0,3,0,0,0,1,1,1,0,2,1,0,6,11,12,0
9,20,0,1,1,0,3,3,0,1,1,1,1,0,0,1,0,6,1,13,1
11,10,4,0,1,4,3,0,1,7,1,1,1,7,2,0,5,0,0,0,1
5,15,4,0,0,0,3,0,0,2,1,1,0,6,0,0,5,0,0,3,1
12,18,4,0,1,0,3,2,0,0,1,1,1,0,2,7,0,9,6,10,1
3,15,4,0,0,0,3,3,0,14,1,1,0,0,0,1,0,2,4,4,1
1,18,4,1,1,0,3,0,0,11,1,1,1,0,0,1,0,4,1,4,0
7,8,1,0,1,0,3,1,0,4,1,1,1,0,0,4,0,5,2,3,1
7,16,4,0,1,0,3,0,0,0,1,1,1,7,0,1,0,7,2,7,0
9,20,0,0,1,0,3,0,0,1,1,1,1,0,0,3,0,6,4,12,1
14,15,0,0,1,4,3,0,1,1,1,1,1,5,2,1,0,5,10,10,1
14,20,0,1,1,0,3,0,0,1,1,1,1,5,2,3,0,5,0,11,1
4,15,4,0,1,0,3,3,0,2,1,1,1,0,0,0,5,0,0,3,1
8,18,0,1,0,0,3,2,0,0,1,1,1,7,0,1,5,0,0,1,1
6,15,4,1,0,4,3,3,1,12,1,0,1,5,0,1,0,8,0,11,0
2,18,4,1,1,0,3,0,0,16,1,1,1,5,0,1,5,1,0,3,0
1,18,4,0,1,0,3,0,0,2,1,1,1,0,0,0,5,0,0,0,1
11,18,4,1,1,0,3,1,0,0,1,1,1,0,2,1,2,2,0,4,1
1,15,4,1,1,4,3,3,1,10,1,1,1,5,0,0,5,0,0,0,0
3,15,4,0,1,0,3,1,0,7,1,1,1,8,0,1,0,6,4,7,1
11,14,0,0,1,0,3,3,0,0,1,1,1,7,2,1,0,6,1,8,1
2,18,4,1,1,4,3,1,1,0,1,1,1,0,0,1,0,3,2,5,0
7,20,4,0,1,0,3,0,0,11,1,1,1,0,0,1,0,6,6,10,1
10,20,0,1,1,3,3,0,1,1,1,1,1,5,0,1,0,6,2,14,1
2,18,4,0,1,0,3,3,0,2,1,1,1,0,0,2,0,1,6,1,1
9,13,0,1,1,4,3,0,1,1,1,1,1,7,0,1,5,6,0,5,0
13,18,0,1,1,0,3,1,0,1,1,1,1,8,2,1,0,6,6,7,0
5,15,4,0,1,0,3,0,0,2,1,1,1,0,0,1,0,6,10,8,1
10,19,2,1,1,0,3,1,0,2,1,1,1,0,0,1,5,6,0,3,1
12,20,4,1,1,0,3,3,0,14,1,1,1,0,2,7,0,6,8,9,0
0,17,4,1,1,0,3,0,0,16,1,1,1,0,0,3,0,2,2,5,0
14,21,0,1,1,4,3,0,1,1,1,1,1,5,2,1,0,6,11,14,0
10,15,4,1,1,0,3,0,0,2,1,1,1,7,0,1,0,6,8,9,1
12,21,0,0,1,0,3,1,0,1,1,1,1,0,2,6,0,8,2,13,1
6,15,0,0,1,4,3,0,1,1,1,1,1,0,0,1,0,5,4,12,1
5,19,4,0,1,0,3,1,0,0,1,1,1,0,0,1,0,1,2,2,1
13,20,2,1,1,3,3,0,1,0,1,1,1,0,2,1,0,6,3,11,1
7,18,4,1,1,0,3,3,0,5,1,1,1,0,0,0,5,0,0,0,1
10,10,4,1,0,0,3,0,0,0,1,1,0,0,0,5,0,6,5,3,1
12,16,2,1,1,0,3,0,0,0,1,1,1,0,2,1,0,5,1,8,1
11,15,0,0,1,4,3,0,1,0,1,1,1,7,2,1,0,6,6,9,1
9,20,0,1,1,4,3,1,1,1,1,1,1,5,0,1,0,9,4,11,1
2,17,0,1,1,0,3,3,0,8,1,1,1,7,0,0,5,0,0,0,1
11,23,0,1,1,0,3,0,0,1,1,1,1,0,2,1,0,6,7,13,1
11,20,4,0,1,0,3,1,0,0,1,1,1,0,2,1,0,9,8,14,1
10,0,4,1,1,4,3,0,1,0,1,1,1,7,0,1,0,4,3,6,1
14,20,0,1,1,0,3,0,0,1,1,1,1,0,2,1,0,8,6,13,0
1,18,4,0,1,0,3,3,0,16,1,1,1,0,0,1,0,2,5,4,0
10,15,0,0,1,4,3,0,1,1,1,1,1,8,0,4,0,6,1,6,1
11,18,4,1,1,0,3,3,0,14,1,1,1,7,2,1,0,6,6,9,1
2,20,4,1,1,0,3,1,0,11,1,1,1,8,0,1,5,2,0,3,1
11,21,4,0,0,0,3,1,0,0,1,0,0,0,2,3,2,6,0,4,0
1,18,4,1,1,0,3,0,0,2,1,1,1,7,0,2,0,1,6,2,0
4,15,4,0,1,0,3,0,0,2,1,1,1,7,0,0,5,0,0,5,1
12,19,0,1,1,0,3,3,0,8,1,1,1,0,2,1,1,4,0,6,1
14,11,0,1,1,0,3,0,0,1,1,1,1,0,2,1,0,6,3,12,1
5,14,4,0,0,0,3,0,0,2,1,1,0,8,0,1,5,0,0,0,1
14,14,4,0,1,0,3,0,0,0,1,1,1,0,2,1,0,6,3,11,1
10,15,0,1,1,0,3,0,0,8,1,1,1,7,0,1,0,5,4,5,1
9,20,4,0,1,0,3,0,0,2,1,1,1,0,0,2,0,6,11,14,1
7,18,0,1,1,0,3,1,0,2,1,1,1,0,0,0,5,0,0,0,1
9,15,0,0,1,0,3,0,0,1,1,1,1,0,0,1,0,9,3,11,1
0,18,4,1,1,0,3,1,0,2,1,1,1,8,0,1,0,2,0,4,1
14,20,4,1,1,3,3,1,1,2,1,1,1,0,2,6,0,5,3,7,1
8,18,0,1,1,0,3,0,0,1,1,1,1,0,0,1,1,6,0,10,0
1,18,4,0,1,0,3,0,0,16,1,1,1,0,0,1,0,4,2,5,0
0,15,4,0,0,3,3,1,0,6,0,1,1,7,0,1,0,4,2,5,1
9,20,0,1,1,0,3,3,0,1,1,1,1,0,0,1,0,6,8,11,0
2,18,4,1,1,0,3,1,0,0,1,1,1,8,0,1,5,1,0,3,0
4,10,4,1,1,3,3,0,1,2,1,1,1,0,0,1,0,3,5,3,1
14,17,2,0,1,0,3,1,0,0,1,1,1,0,2,1,0,6,6,11,0
4,15,4,0,1,0,3,0,0,15,1,1,1,1,0,0,5,0,0,0,0
7,18,4,1,1,0,3,0,0,2,1,1,1,2,0,1,0,6,7,14,1
2,19,4,1,0,0,3,1,0,2,1,1,0,0,0,1,5,3,0,4,1
11,23,4,1,1,0,3,1,0,0,1,1,1,0,2,2,0,6,2,11,1
4,19,4,1,1,0,3,1,0,12,1,1,1,0,0,1,0,2,7,5,0
13,20,4,0,1,4,3,3,1,2,1,1,1,7,2,4,5,0,0,0,0
12,21,0,0,1,0,3,0,0,1,1,1,1,0,2,1,0,6,8,14,1
15,20,0,0,1,0,3,1,0,11,1,1,1,0,2,1,0,6,8,14,1
6,15,4,0,1,0,0,3,0,16,1,1,1,0,0,8,3,4,0,8,1
14,15,0,1,1,0,3,1,0,0,1,1,1,0,2,1,0,6,1,11,1
4,21,4,1,1,0,3,0,0,0,1,1,1,0,0,2,0,9,11,9,0
10,20,4,0,1,0,0,3,0,11,1,1,1,5,0,5,3,6,4,12,1
7,17,4,1,1,0,3,1,0,12,1,1,1,0,2,1,0,6,11,6,0
2,18,4,0,1,0,3,1,0,16,1,1,1,0,0,2,5,1,0,2,1
3,21,4,0,1,0,3,1,0,12,1,1,1,8,0,1,0,2,2,8,0
6,15,4,1,1,0,3,0,0,7,1,1,1,2,0,1,0,6,4,9,1
12,21,0,0,1,4,3,0,1,1,1,1,1,5,2,1,1,6,0,14,1
9,20,0,1,1,0,3,1,0,0,1,1,1,0,0,3,0,6,3,13,0
11,20,4,1,1,0,3,0,0,2,1,1,1,0,2,1,5,0,0,0,1
13,15,4,0,1,0,3,3,0,2,1,1,1,7,2,9,2,0,0,0,0
7,18,4,0,0,0,3,2,0,0,1,0,1,0,0,7,2,2,0,4,1
10,20,4,0,1,0,3,3,0,2,1,1,1,5,0,1,0,6,2,13,1
13,21,0,0,1,0,3,3,0,0,1,1,1,0,2,3,0,9,6,13,1
9,18,4,1,1,0,3,0,0,11,1,1,1,0,0,1,0,6,4,8,1
15,8,4,0,0,4,3,0,1,11,1,0,1,0,2,1,0,6,4,12,1
8,21,0,0,1,4,3,0,1,1,1,1,1,0,0,5,0,9,8,8,1
7,20,4,1,1,0,3,1,0,0,1,1,1,0,0,1,0,2,2,3,1
12,15,4,0,1,4,3,0,1,9,1,1,1,8,0,6,0,6,8,8,1
3,20,4,1,1,0,3,0,0,16,1,1,1,5,0,2,5,1,0,3,0
12,15,4,1,1,0,3,3,0,0,1,1,1,8,2,2,5,0,0,0,1
8,21,0,1,1,0,3,0,0,0,1,1,1,0,0,1,0,9,6,14,1
12,21,0,0,1,3,3,1,1,0,1,1,1,0,2,1,0,7,2,14,1
2,18,4,1,0,0,3,0,0,2,1,1,1,7,0,1,0,6,6,2,1
7,2,0,1,1,3,3,0,1,2,1,1,1,7,0,0,5,0,0,4,1
15,20,4,0,1,4,3,0,1,0,1,1,1,5,2,2,0,6,4,9,1
12,20,0,0,1,0,3,0,0,0,1,1,1,0,2,1,0,9,8,11,0
6,18,4,0,1,0,3,0,0,0,1,1,1,0,0,1,0,2,11,5,1
11,15,4,1,1,0,3,3,0,12,1,1,1,0,2,0,5,0,0,7,1
5,18,4,0,1,3,3,0,1,2,1,1,1,7,0,1,0,2,3,3,1
7,20,4,1,1,0,3,0,0,2,1,1,1,0,0,1,0,6,8,10,1
11,18,0,0,1,0,3,1,0,1,1,1,1,0,2,1,0,4,5,14,1
0,18,4,0,0,0,3,1,0,2,0,0,1,0,0,4,0,6,6,2,0
15,19,2,1,1,0,3,0,0,12,1,1,1,5,2,1,0,7,4,10,1
13,13,4,0,0,0,3,0,0,15,1,1,0,1,2,1,5,0,0,2,1
11,18,0,1,1,4,3,0,1,1,1,1,1,7,2,0,5,0,0,0,1
4,20,4,0,0,0,3,1,0,2,1,1,0,0,0,1,2,0,0,8,1
11,20,4,1,1,2,3,0,0,11,1,1,1,2,2,1,0,6,3,14,0
14,18,0,0,1,0,3,0,0,8,1,1,1,7,2,1,0,6,2,8,1
9,14,4,0,1,0,3,0,0,5,1,1,1,0,0,1,0,5,4,5,1
11,0,4,0,1,4,3,0,1,0,1,1,1,0,2,1,0,6,4,7,1
10,19,4,1,1,0,3,0,0,0,1,1,1,1,0,1,0,6,6,10,1
4,20,0,1,1,0,3,1,0,2,1,1,1,0,0,1,0,6,6,9,1
1,17,2,1,1,4,3,0,0,16,1,1,1,7,0,1,0,6,5,11,0
11,15,4,1,0,0,3,1,0,2,1,1,0,0,2,1,0,6,5,4,1
6,18,0,1,1,0,3,0,0,0,1,1,1,7,0,1,0,6,4,10,1
10,15,4,1,1,0,3,0,0,2,1,1,1,1,0,3,2,0,0,0,1
13,0,2,1,1,0,3,0,0,12,1,1,1,0,2,1,0,6,4,9,1
2,18,4,0,1,0,3,0,0,5,1,1,1,0,0,6,0,8,10,11,1
9,21,0,1,1,0,3,1,0,2,0,1,1,6,0,2,0,2,8,9,0
9,20,4,0,1,3,3,0,1,0,1,1,1,0,0,1,0,6,11,6,0
1,18,4,0,1,0,3,3,0,2,1,1,1,0,0,1,0,6,4,6,1
4,18,4,0,1,0,1,3,0,14,1,1,1,0,0,1,0,6,3,9,1
9,3,4,0,1,3,3,3,1,12,1,1,1,7,0,6,0,5,9,7,1
12,15,4,0,1,3,3,1,1,5,1,1,1,0,2,1,0,8,6,8,1
12,19,4,1,1,0,3,0,0,2,1,1,1,0,2,4,0,8,8,11,1
4,20,0,1,1,0,3,0,0,0,1,1,1,5,0,1,0,6,7,13,0
14,15,4,0,1,0,3,1,0,2,1,1,1,0,2,1,5,4,0,4,1
1,18,4,0,1,0,3,3,0,10,1,1,1,5,0,0,5,0,0,0,1
11,15,4,0,1,0,3,0,0,14,1,1,1,0,2,1,0,6,3,9,1
9,21,4,0,1,0,3,1,0,14,1,1,1,0,0,0,5,0,0,10,0
8,18,0,0,0,0,3,0,0,0,1,1,1,5,0,0,5,0,0,0,0
6,18,4,0,1,0,3,3,0,2,1,1,1,7,0,1,0,6,8,11,1
4,12,4,0,1,0,3,3,0,9,1,1,1,2,0,1,0,6,5,9,1
12,3,4,1,1,3,3,3,1,12,1,1,1,7,2,6,0,5,8,1,0
2,14,4,1,1,0,3,1,0,2,1,1,1,0,2,1,0,6,11,7,1
2,18,4,1,1,0,3,3,0,2,1,1,1,1,0,6,0,1,2,6,1
12,20,4,1,1,0,3,3,0,11,1,1,1,8,2,0,5,0,0,0,0
0,18,4,0,1,0,3,1,0,2,1,1,1,0,0,1,0,3,4,4,1
0,15,4,1,1,0,3,0,0,16,1,1,1,0,0,3,0,4,10,2,1
4,20,4,1,1,0,3,1,0,11,1,1,1,0,0,1,0,4,1,4,1
14,8,0,0,1,4,3,0,1,1,1,1,1,0,2,1,5,0,0,0,1
3,15,4,0,1,0,3,1,0,4,1,1,1,0,0,1,0,5,6,9,1
0,15,4,0,1,0,3,0,0,2,1,1,1,0,0,0,5,0,0,0,1
14,16,4,0,0,0,3,0,0,0,1,1,0,7,2,0,5,0,0,0,1
1,15,4,1,1,4,3,3,1,9,1,1,1,0,0,1,0,1,2,2,1
13,15,0,1,1,0,3,1,0,0,1,1,1,0,2,3,0,4,0,6,1
13,20,0,1,1,0,3,1,0,0,1,1,1,0,2,1,0,6,7,10,0
6,18,4,1,1,0,3,3,0,14,1,1,1,0,0,1,0,4,2,7,0
15,13,4,0,1,0,3,0,0,15,1,1,1,7,2,1,5,0,0,0,1
1,15,4,1,1,3,3,0,1,2,1,1,1,0,0,1,5,0,0,0,1
10,15,0,0,1,0,3,3,0,0,1,1,1,0,0,1,0,8,1,12,1
4,21,0,1,1,0,3,0,0,1,1,1,1,5,0,4,0,6,10,8,1
14,15,0,1,1,4,3,1,1,1,1,1,1,0,2,1,0,6,2,12,1
13,20,4,0,1,2,3,3,0,12,1,1,1,5,2,3,0,2,8,12,0
10,20,0,1,1,0,3,3,0,0,1,1,1,0,0,2,0,9,8,12,0
7,20,4,0,1,0,3,1,0,2,1,1,1,0,0,1,0,6,11,12,1
0,15,4,0,1,0,3,0,0,2,1,1,1,1,0,9,2,0,0,0,1
8,13,4,1,1,0,3,0,0,0,1,1,1,7,0,1,5,6,0,6,1
2,15,4,1,0,0,3,0,0,9,1,1,0,0,0,1,2,4,0,3,1
15,15,0,0,1,0,3,0,0,0,1,1,1,0,2,1,0,6,5,7,1
12,21,4,0,1,4,3,0,1,0,1,1,1,5,2,1,0,8,8,13,1
1,18,4,1,1,0,3,1,0,2,1,1,1,0,0,1,0,4,3,5,1
5,15,4,0,1,4,3,3,1,9,1,1,1,7,0,1,0,6,10,8,1
2,18,4,0,1,0,3,0,0,2,1,1,1,0,0,1,0,8,4,9,1
2,16,4,0,1,0,3,1,0,2,1,1,1,8,0,1,0,7,10,13,1
3,20,4,0,1,0,1,1,0,0,1,1,1,8,0,5,0,6,9,9,1
7,21,4,1,1,0,3,1,0,0,1,1,1,5,0,1,1,8,0,13,0
0,15,4,1,0,0,3,0,0,9,1,1,1,7,0,0,5,0,0,0,0
7,17,4,0,1,4,3,0,1,2,1,1,1,7,0,1,0,6,8,10,1
9,10,0,0,0,0,0,0,0,6,0,1,0,6,0,5,3,6,10,1,0
5,18,4,1,1,3,3,0,1,0,1,1,1,5,0,1,0,6,4,6,1
2,15,4,0,1,0,3,0,0,2,1,1,1,0,0,0,5,0,0,0,1
15,23,0,1,1,3,3,0,1,0,1,1,1,0,2,1,0,8,6,14,1
9,19,4,1,0,0,3,0,0,2,1,1,0,7,0,3,5,0,0,0,1
15,18,0,1,1,0,3,1,0,1,1,1,1,0,2,1,0,4,6,5,1
8,20,4,1,1,0,3,1,0,5,1,1,1,0,0,2,0,6,3,13,1
5,18,4,1,1,0,3,3,0,2,1,1,1,5,0,1,0,5,2,3,1
13,13,4,0,1,0,3,0,0,15,1,1,1,1,2,1,5,0,0,0,1
15,11,3,0,0,4,3,0,1,1,1,0,0,7,1,6,0,9,3,2,1
13,0,4,1,1,0,3,0,0,12,1,1,1,1,2,0,5,0,0,6,1
2,15,4,1,1,0,3,0,0,0,1,1,1,0,0,3,0,1,3,1,0
2,18,4,1,1,0,3,1,0,0,1,1,1,1,0,1,0,4,3,6,1
15,21,0,1,1,4,3,0,1,0,1,1,1,5,2,6,0,2,0,14,1
4,18,4,0,1,0,3,0,0,2,1,1,1,0,0,1,0,4,2,5,1
12,15,4,0,1,0,3,0,0,0,1,1,1,7,2,1,0,7,2,12,1
4,20,4,0,1,2,3,3,0,0,1,1,1,0,0,1,1,9,0,12,0
4,20,0,1,1,4,3,0,1,0,1,1,1,0,0,1,0,3,6,9,1
6,19,4,0,1,0,3,0,0,16,1,1,1,1,0,1,5,5,0,6,0
11,14,4,0,1,4,3,3,1,12,1,1,1,0,2,1,0,6,10,6,1
15,15,0,1,1,0,3,0,0,1,1,1,1,1,2,1,0,6,3,11,1
15,22,0,1,1,0,3,0,0,1,1,1,1,0,2,1,0,6,9,14,1
3,20,4,0,1,0,3,0,0,2,1,1,1,0,0,1,0,4,4,3,1
13,0,4,1,1,0,3,3,0,12,1,1,1,1,2,0,5,0,0,7,0
11,18,4,0,1,3,1,3,1,14,1,1,1,0,2,1,0,8,8,13,1
2,15,0,0,1,4,3,0,1,8,1,1,1,7,0,1,5,3,0,0,1
8,22,4,1,1,0,3,0,0,7,1,1,1,8,0,1,0,6,3,7,1
3,20,4,1,0,0,3,0,0,2,1,1,0,0,0,2,0,3,6,4,1
9,20,0,1,1,0,3,1,0,0,1,1,1,0,0,6,0,6,0,8,1
6,18,4,0,1,0,3,0,0,2,1,1,1,0,0,1,0,6,3,9,1
3,18,4,0,1,0,3,0,0,2,1,1,1,7,0,1,0,6,1,8,0
7,17,0,0,1,4,3,0,1,1,1,1,1,0,0,0,5,0,0,0,1
0,18,4,1,1,0,3,1,0,0,1,1,1,7,0,1,0,4,3,6,0
12,15,0,0,1,3,3,0,1,1,1,1,1,7,2,1,0,6,11,4,1
7,20,4,0,1,0,3,0,0,2,1,1,1,0,0,1,0,6,6,10,1
15,15,4,0,1,0,3,0,0,15,1,1,1,1,2,0,5,0,0,0,1
1,18,4,0,1,0,3,3,0,9,1,1,1,0,0,0,5,0,0,0,1
15,18,4,1,1,0,3,0,0,10,1,1,1,8,2,1,0,6,8,10,1
15,18,0,1,1,0,3,0,0,2,1,1,1,7,2,1,0,6,10,8,1
2,18,4,1,1,0,3,0,0,5,1,1,1,7,0,1,2,1,0,2,1
2,18,4,0,1,0,3,0,0,9,1,1,1,5,0,1,0,2,3,3,1
5,20,4,1,0,0,3,1,0,0,1,1,0,0,0,2,0,1,3,4,1
1,18,4,0,1,0,3,1,0,2,1,1,1,8,0,0,5,0,0,0,1
11,15,0,1,1,0,3,0,0,1,1,1,1,0,2,3,0,1,1,2,1
14,17,0,0,1,0,3,0,0,1,1,1,1,1,2,1,1,6,0,12,1
4,15,4,1,1,0,3,0,0,0,1,1,1,7,0,1,0,6,3,4,0
8,21,4,1,1,0,3,0,0,2,1,1,1,1,0,1,0,7,11,3,1
8,20,0,1,1,0,3,0,0,0,1,1,1,0,0,1,0,7,11,12,0
2,15,4,1,1,0,3,3,0,2,1,1,1,0,0,1,0,1,6,2,1
7,19,4,0,1,3,3,0,1,7,1,1,1,0,0,1,0,6,6,4,1
11,21,0,0,1,0,3,1,0,0,1,1,1,0,2,3,0,6,4,14,1
11,16,4,0,1,4,3,0,1,0,1,1,1,0,2,1,0,9,6,10,0
1,18,4,0,1,4,3,0,1,2,1,1,1,7,0,1,0,2,2,2,0
8,19,0,1,1,4,3,0,1,1,1,1,1,5,0,1,0,6,5,8,1
10,15,0,1,1,4,3,0,1,1,1,1,1,0,0,1,0,4,8,5,1
14,20,4,1,1,0,3,1,0,2,1,1,1,7,2,1,2,2,0,2,1
14,18,4,1,1,0,3,3,0,14,1,1,1,0,2,1,0,2,6,4,1
7,20,0,1,1,4,3,0,1,1,1,1,1,0,0,1,0,6,4,9,1
14,22,4,0,1,0,3,1,0,0,1,1,1,0,2,1,0,7,6,14,1
15,20,4,0,1,4,3,0,1,11,1,1,1,5,2,1,0,9,0,14,0
5,15,4,0,1,0,3,0,0,2,1,1,1,0,0,0,5,0,0,2,1
8,20,4,0,1,3,3,1,1,0,1,1,1,5,0,1,1,6,0,12,1
9,15,4,0,1,0,1,3,0,2,1,1,1,0,0,1,0,6,11,3,1
8,18,4,1,1,0,3,0,0,0,1,1,1,0,0,3,0,6,8,6,1
3,18,4,1,1,0,3,0,0,2,1,1,1,7,0,1,0,3,2,6,1
12,20,0,0,1,0,3,3,0,1,1,1,1,0,2,1,0,7,6,14,0
5,16,4,0,1,4,3,0,1,0,1,1,1,5,0,1,0,5,10,2,1
15,18,4,0,1,0,3,2,0,0,1,1,1,0,2,1,0,6,10,10,1
1,15,4,1,1,0,3,0,0,5,1,1,1,7,0,1,0,1,3,5,1
6,18,0,0,1,0,1,3,0,14,1,1,1,0,0,1,0,6,8,12,1
13,19,0,0,1,0,3,0,0,1,1,1,1,0,2,1,0,6,7,11,1
1,18,4,1,1,0,3,1,0,4,1,1,1,5,0,4,0,1,4,1,1
2,15,4,1,1,0,3,3,0,11,1,1,1,0,0,0,5,0,0,0,0
13,18,0,0,1,0,3,1,0,0,1,1,1,0,2,3,0,6,5,12,1
6,18,0,0,1,0,3,3,0,1,1,1,1,0,0,1,0,8,4,7,0
8,21,4,1,1,0,3,0,0,11,1,1,1,1,0,1,0,6,2,10,1
15,20,4,0,1,0,3,1,0,9,1,1,1,0,2,4,0,6,10,14,1
3,6,0,1,1,1,3,3,1,9,1,1,1,8,0,9,2,5,0,0,0
14,18,4,0,1,0,3,0,0,2,1,1,1,0,2,1,0,5,0,4,1
12,21,4,0,1,0,3,0,0,0,1,1,1,5,2,2,0,6,2,13,0
4,15,4,1,1,4,3,0,1,2,1,1,1,7,0,1,0,2,4,2,1
9,17,3,1,1,0,3,3,0,2,1,1,1,0,2,0,5,0,0,7,1
4,18,4,0,1,0,3,0,0,2,1,1,1,7,0,1,0,8,2,6,1
10,20,4,0,1,0,3,1,0,14,1,1,1,0,0,7,0,6,6,9,0
0,15,4,0,1,0,3,0,0,5,1,1,1,0,0,1,0,6,3,6,1
14,19,4,0,1,0,3,3,0,2,1,1,1,8,2,1,0,3,0,6,1
13,19,0,1,1,0,3,0,0,0,1,1,1,5,2,1,0,6,3,11,1
7,19,0,1,1,0,3,0,0,1,1,1,1,0,0,1,1,7,0,0,1
5,15,4,0,1,0,3,1,0,2,1,1,1,7,0,1,0,2,4,2,1
6,13,4,0,1,4,3,0,1,10,1,1,1,5,0,1,0,6,8,6,1
3,15,0,0,1,3,3,0,1,1,1,1,1,0,0,1,0,6,4,10,1
5,20,4,0,1,2,3,0,0,2,1,1,1,5,0,1,0,6,6,8,1
12,15,4,0,1,0,3,1,0,16,1,1,1,0,2,2,0,9,8,7,1
2,18,4,1,0,0,3,1,0,16,1,1,0,0,0,0,5,0,0,4,0
12,21,4,0,1,0,3,1,0,0,1,1,1,0,2,1,0,6,10,13,1
10,19,0,1,1,0,3,3,0,0,1,1,1,0,0,1,0,8,2,10,1
7,9,0,0,0,0,2,1,0,12,1,1,1,7,2,1,0,8,2,6,1
0,12,4,0,1,4,3,3,1,2,1,1,1,7,0,1,0,6,8,5,1
10,15,4,0,1,0,3,3,0,2,1,1,1,0,0,1,0,5,11,10,1
14,15,0,0,1,0,3,1,0,8,1,1,1,0,2,1,0,2,5,8,1
15,19,4,0,1,0,3,0,0,0,1,1,1,0,2,1,0,6,8,12,1
14,21,4,1,1,0,3,1,0,12,1,1,1,0,2,6,0,6,8,14,1
4,18,4,1,1,0,3,0,0,2,1,1,1,0,0,1,0,3,2,8,1
13,15,0,1,1,0,3,0,0,0,1,1,1,7,2,1,0,2,6,6,1
11,10,3,1,1,3,3,0,1,0,1,1,1,7,2,4,0,1,8,3,1
14,23,2,0,1,0,3,0,0,5,1,1,1,5,2,1,0,6,11,13,1
2,18,4,0,1,0,3,0,0,2,1,1,1,5,0,1,0,6,3,9,1
2,15,4,0,1,4,3,0,1,4,1,1,1,0,0,6,0,1,8,5,1
4,18,4,0,1,0,3,0,0,2,1,1,1,1,0,0,5,0,0,5,1
7,15,0,0,1,4,3,0,1,0,1,1,1,0,0,0,5,0,0,0,1
5,21,4,1,1,4,3,0,1,0,1,1,1,5,0,2,0,2,6,2,0
12,20,4,1,1,0,3,0,0,12,1,1,1,0,2,6,0,7,6,13,1
9,20,0,0,1,0,3,0,0,0,1,1,1,0,0,6,5,0,0,0,1
2,18,4,1,1,0,3,1,0,4,1,1,1,0,0,0,5,0,0,0,1
8,17,4,0,1,0,3,0,0,4,1,1,1,0,0,1,0,6,4,9,1
1,17,4,0,1,0,3,1,0,2,1,1,1,0,0,1,0,2,5,6,1
10,19,4,0,1,0,3,0,0,0,1,1,1,0,0,6,0,8,3,14,1
8,15,2,1,1,0,3,0,0,7,1,1,1,0,0,1,0,6,4,7,1
10,15,4,0,1,0,3,0,0,15,1,1,1,7,0,0,5,0,0,0,0
14,20,4,0,1,0,3,3,0,0,1,1,1,5,2,1,0,6,5,13,0
13,21,0,1,1,4,3,3,1,1,1,1,1,5,2,0,5,0,0,0,0
12,19,0,0,1,0,3,3,0,0,1,1,1,0,2,2,0,6,4,14,1
6,15,0,0,1,0,3,1,0,0,1,1,1,0,0,1,0,5,5,6,0
3,17,4,0,1,0,3,1,0,2,1,1,1,5,0,1,0,1,4,2,1
8,17,4,0,1,4,3,0,1,2,1,1,1,7,0,1,0,6,8,10,1
4,20,4,0,1,0,3,0,0,11,1,1,1,5,0,1,0,6,2,7,0
9,18,4,1,1,0,3,3,0,14,1,1,1,1,0,1,0,6,3,10,1
8,21,4,1,1,4,3,0,1,5,1,1,1,0,0,6,0,8,4,8,0
13,18,0,0,1,0,3,1,0,0,1,1,1,8,2,1,0,6,11,9,0
13,20,0,0,1,4,3,3,1,0,1,1,1,5,2,3,0,9,0,6,1
6,13,0,1,0,4,3,0,1,1,1,1,1,0,0,1,5,0,0,0,1
7,15,4,1,1,0,3,1,0,2,1,1,1,7,0,1,0,1,10,2,1
12,19,4,1,1,0,3,1,0,0,1,1,1,0,2,2,0,4,4,7,1
9,20,4,1,1,0,3,0,0,12,1,1,1,0,0,6,0,2,11,3,1
11,20,0,1,1,0,3,3,0,1,1,1,1,7,2,3,2,0,0,0,1
0,15,4,1,1,0,3,3,0,2,1,1,1,7,0,0,5,0,0,0,1
15,15,0,0,0,0,3,3,0,0,1,1,1,0,2,1,0,7,4,3,1
12,15,4,0,1,0,3,3,0,2,1,1,1,0,2,1,0,3,4,6,1
7,20,0,0,1,0,3,1,0,0,1,1,1,5,0,1,0,9,5,14,0
15,19,0,0,1,0,3,1,0,0,1,1,1,0,2,1,0,6,10,14,1
15,19,0,0,1,0,3,0,0,0,1,1,1,0,2,6,0,8,4,11,1
3,17,4,1,1,0,3,0,0,9,1,1,1,5,0,1,0,2,3,4,1
8,15,4,0,1,0,3,3,0,2,1,1,1,7,0,1,0,6,8,6,1
0,18,4,1,1,4,3,0,1,11,1,1,1,8,0,1,0,3,2,5,0
5,12,4,1,1,4,3,0,1,0,1,1,1,5,0,1,0,6,3,9,1
0,17,4,1,1,0,3,3,0,2,1,1,1,0,0,3,5,4,0,1,1
15,22,0,0,1,4,3,0,1,1,1,1,1,0,2,1,0,6,0,10,1
4,18,0,0,1,0,1,1,0,0,1,1,1,0,0,0,5,0,0,0,0
14,20,4,0,1,0,3,0,0,0,1,1,1,0,2,1,0,6,5,14,1
11,21,4,1,1,0,3,0,0,2,1,1,1,0,2,0,5,0,0,0,1
11,20,4,0,1,0,3,0,0,2,1,1,1,0,2,2,0,6,2,11,1
8,20,0,1,1,0,3,0,0,1,1,1,1,0,0,1,0,3,8,4,1
0,15,4,1,1,0,3,0,0,16,1,1,1,0,0,0,5,0,0,0,0
14,20,0,0,0,0,3,1,0,0,1,1,0,0,2,1,5,2,0,4,1
8,18,0,1,1,3,3,0,1,1,1,1,1,7,0,1,5,0,0,0,1
7,20,0,1,1,4,3,0,1,1,1,1,1,5,0,1,0,6,1,9,1
3,15,4,1,1,0,3,3,0,0,1,1,1,0,0,2,5,1,0,1,0
14,20,4,0,1,0,3,3,0,2,1,1,1,5,0,6,0,5,5,12,1
12,18,2,0,1,0,3,0,0,2,1,1,1,0,2,1,0,3,6,6,1
14,19,4,1,1,0,3,0,0,2,1,1,1,1,0,4,0,2,5,4,1
7,20,4,0,1,0,3,0,0,2,1,1,1,5,0,1,0,6,3,10,1
5,20,0,1,1,4,3,0,1,1,1,1,1,0,0,1,0,6,6,6,1
6,20,4,1,1,0,3,0,0,5,1,1,1,7,0,1,0,3,6,6,1
15,15,4,1,0,0,3,0,0,0,1,1,0,0,2,0,5,0,0,4,1
15,20,2,1,1,4,3,1,1,0,1,1,1,0,2,1,0,6,1,9,1
0,8,4,0,1,0,3,0,0,2,1,1,1,0,0,1,0,1,4,1,1
13,16,0,0,1,0,3,1,0,0,1,1,1,0,2,1,0,6,10,13,1
13,21,0,1,1,4,3,0,1,0,1,1,1,0,2,2,0,6,6,13,0
7,20,4,1,1,0,3,1,0,0,1,1,1,8,0,1,1,2,0,6,1
12,20,4,0,1,4,3,0,1,2,1,1,1,5,2,1,0,5,0,3,1
12,15,2,1,0,0,3,1,0,2,1,1,1,0,2,1,0,6,6,8,1
0,17,4,1,1,0,3,0,0,16,1,1,1,7,0,1,0,2,2,2,0
15,19,4,0,0,0,3,1,0,2,0,1,0,5,2,1,0,0,5,13,1
2,19,4,0,1,0,0,3,0,16,1,1,1,0,0,5,3,9,0,0,0
0,16,4,0,1,0,3,3,0,11,1,1,1,8,0,1,5,1,0,2,0
6,19,0,0,1,0,1,1,0,1,1,1,1,0,0,5,0,6,6,10,0
1,18,4,0,1,0,3,0,0,2,1,1,1,1,0,1,0,5,10,9,1
0,18,4,0,1,0,3,0,0,2,1,1,1,0,0,0,5,0,0,0,1
13,18,4,0,0,0,3,0,0,14,1,1,1,0,2,1,0,8,6,10,0
12,21,4,0,1,3,3,0,1,0,1,1,1,5,2,1,0,6,4,13,1
15,18,0,0,1,0,3,0,0,0,1,1,1,7,2,6,5,0,0,0,1
1,15,4,0,1,0,3,3,0,11,1,1,1,0,0,0,5,0,0,0,0
0,18,4,1,0,0,3,0,0,2,1,1,0,7,0,0,5,0,0,4,1
4,15,4,0,1,0,3,0,0,15,1,1,1,1,0,1,2,6,0,9,0
10,0,2,1,1,4,3,0,1,0,1,1,1,5,0,1,1,6,0,11,1
5,20,4,0,1,0,3,1,0,2,1,1,1,0,0,2,0,6,10,9,1
4,18,4,1,1,0,3,0,0,2,1,1,1,1,0,0,5,0,0,2,1
4,20,4,0,1,4,3,0,1,2,1,1,1,7,0,1,0,6,0,6,1
12,20,0,1,1,0,3,1,0,1,1,1,1,0,2,2,0,5,2,12,1
13,18,4,0,1,4,3,0,1,0,1,1,1,7,2,7,0,4,10,5,1
4,18,4,1,1,4,3,0,1,7,1,1,1,7,0,1,0,3,6,4,1
4,12,4,0,0,2,3,0,0,0,1,1,0,0,0,1,5,0,0,1,1
1,13,4,0,1,0,3,3,0,9,1,1,1,1,0,1,5,6,0,4,0
6,21,0,0,1,0,3,0,0,1,1,1,1,0,0,8,5,5,0,11,1
0,18,4,1,1,0,3,1,0,0,1,1,1,0,0,1,5,0,0,0,1
13,21,0,1,1,4,3,0,1,1,1,1,1,0,2,1,0,7,2,13,0
15,23,4,1,1,0,3,0,0,2,1,1,1,5,2,0,5,0,0,3,1
3,19,4,0,1,0,3,1,0,2,1,1,1,0,0,1,5,1,0,2,1
11,18,0,1,1,3,3,0,1,0,1,1,1,0,2,1,2,3,0,6,1
2,17,4,0,1,4,3,0,1,2,1,1,1,0,0,1,0,4,10,3,1
11,8,0,0,1,4,3,0,1,11,1,1,1,0,2,4,0,6,8,14,1
13,15,0,1,1,0,3,0,0,0,1,1,1,7,2,1,0,6,4,9,0
6,15,4,0,1,0,3,0,0,12,1,1,1,0,0,1,0,6,6,8,1
15,20,0,1,1,3,3,0,1,1,1,1,1,0,2,1,5,0,0,0,1
9,7,2,0,1,0,1,0,0,2,1,1,1,6,0,3,0,5,10,3,1
14,15,0,1,1,0,3,1,0,0,1,1,1,1,2,1,0,6,3,9,1
7,20,4,1,1,0,3,1,0,2,1,1,1,0,0,1,0,4,5,9,1
4,0,4,1,0,4,3,0,1,0,1,0,1,7,0,0,5,0,0,1,1
14,15,4,0,1,3,3,0,1,5,1,1,1,5,0,2,0,2,3,4,0
14,21,4,0,1,0,3,0,0,0,1,1,1,0,2,2,0,7,2,14,1
7,18,4,0,1,0,3,3,0,5,1,1,1,0,0,2,0,6,6,6,1
10,20,4,1,1,0,3,1,0,12,1,1,1,0,0,1,0,5,6,13,1
13,23,0,0,1,0,3,3,0,0,1,1,1,0,2,1,0,6,2,14,0
13,20,0,0,1,0,0,3,0,0,1,1,1,5,2,5,0,9,6,14,1
8,15,3,1,1,0,3,0,0,7,1,1,1,0,0,1,0,3,2,3,1
8,15,4,0,1,0,3,3,0,2,1,1,1,8,0,1,0,6,6,9,1
13,20,4,0,1,0,0,0,0,12,1,1,1,0,2,5,3,6,9,14,0
7,15,4,1,1,0,3,0,0,2,1,1,1,7,0,1,0,5,8,4,1
13,15,4,0,1,0,3,0,0,15,1,1,1,0,2,0,5,0,0,0,1
6,18,4,1,1,0,3,1,0,2,1,1,1,8,0,1,0,1,2,2,1
4,21,4,1,1,4,3,0,1,0,1,1,1,5,0,1,0,6,2,13,0
4,20,4,1,1,0,3,0,0,9,1,1,1,0,0,1,0,6,6,8,1
10,17,0,1,1,0,3,1,0,1,1,1,1,0,0,1,0,7,7,11,1
2,19,4,1,1,0,3,0,0,0,1,1,1,4,0,3,0,5,8,4,1
3,20,4,0,1,0,3,1,0,2,1,1,1,8,0,1,0,8,3,14,1
0,17,4,1,1,0,3,3,0,16,1,1,1,5,0,0,5,0,0,2,1
14,18,0,1,1,0,3,0,0,2,1,1,1,7,2,1,0,6,5,9,1
4,15,2,1,1,3,3,0,1,3,1,1,1,0,0,1,0,9,1,2,1
13,20,4,1,1,0,3,0,0,2,1,1,1,0,2,1,0,6,4,10,1
8,20,4,0,1,0,3,2,0,0,1,1,1,0,0,1,0,6,3,10,1
2,15,4,1,1,0,3,0,0,16,1,1,1,0,0,1,5,1,0,3,1
2,18,4,1,1,0,3,0,0,2,1,1,1,0,0,1,0,1,3,2,1
15,20,0,1,1,0,3,0,0,1,1,1,1,0,2,0,5,0,0,0,1
5,22,4,1,1,0,3,0,0,15,1,1,1,0,0,0,5,0,0,0,0
9,18,4,1,1,0,3,3,0,0,1,1,1,1,0,1,0,5,1,4,1
5,10,4,0,1,2,3,3,0,12,1,1,1,0,0,4,5,0,0,0,1
0,18,4,0,1,0,3,0,0,2,1,1,1,0,0,0,5,0,0,0,1
0,18,4,0,1,0,3,0,0,2,1,1,1,5,0,1,5,0,0,0,1
0,18,4,1,0,0,3,0,0,16,1,1,0,1,0,0,5,0,0,4,0
13,15,0,0,1,0,3,0,0,1,1,1,1,8,2,1,0,6,6,11,1
7,21,0,1,1,0,3,0,0,0,1,1,1,0,0,1,2,2,0,3,0
6,18,4,1,1,0,3,1,0,2,1,1,1,0,0,3,0,3,5,11,1
5,19,0,1,1,0,3,0,0,0,1,1,1,1,0,6,5,1,0,3,0
14,0,4,0,1,4,3,1,1,0,1,1,1,0,2,6,0,6,4,9,1
8,20,4,1,1,0,3,1,0,12,1,1,1,0,0,1,0,8,8,13,1
11,21,0,0,1,0,3,3,0,1,1,1,1,0,2,1,0,8,11,14,1
4,15,4,0,1,0,3,3,0,2,1,1,1,0,0,1,0,6,8,8,1
5,18,4,1,1,0,3,1,0,2,1,1,1,1,0,1,0,3,1,2,1
8,20,4,0,1,4,3,0,1,0,1,1,1,5,0,1,0,7,8,12,0
13,20,0,1,1,3,3,0,1,1,1,1,1,5,2,2,0,6,8,13,1
1,18,4,1,1,0,3,3,0,2,1,1,1,0,0,1,0,2,2,3,1
9,5,4,1,1,0,3,0,0,4,1,1,1,0,0,9,2,0,0,0,1
4,19,4,1,1,0,3,1,0,2,1,1,1,0,0,1,2,2,0,3,1
0,17,4,1,1,0,3,1,0,0,1,1,1,8,0,4,0,4,1,1,1
10,17,4,0,1,0,3,0,0,2,1,1,1,0,0,1,0,4,6,2,1
4,20,4,0,1,0,3,1,0,2,1,1,1,0,0,1,0,7,5,9,1
5,17,4,0,1,0,3,3,0,2,1,1,1,0,0,1,0,5,2,6,1
15,20,0,0,1,0,3,0,0,1,1,1,1,0,2,1,2,8,0,14,1
0,18,4,1,1,0,3,1,0,2,1,1,1,8,0,1,5,0,0,1,1
5,20,4,0,1,0,3,0,0,2,1,1,1,0,0,1,0,6,2,2,1
1,18,4,0,1,0,3,0,0,7,1,1,1,0,0,1,0,1,3,2,1
11,23,2,1,1,4,3,3,1,13,1,1,1,7,2,2,0,5,2,11,0
13,18,4,0,1,3,3,0,1,2,1,1,1,5,2,1,0,2,3,5,1
1,15,4,1,1,0,3,3,0,11,1,1,1,5,0,1,0,1,3,2,0
2,17,4,0,1,0,3,0,0,16,1,1,1,0,0,6,0,1,4,4,0
14,15,4,0,1,0,3,0,0,12,1,1,1,0,2,6,5,0,0,1,1
11,18,4,0,1,0,3,1,0,0,1,1,1,7,2,4,0,6,1,11,1
7,15,4,0,1,0,3,0,0,12,1,1,1,0,0,0,5,0,0,0,1
9,3,0,0,1,0,0,3,0,12,1,1,1,7,0,5,3,5,2,12,1
7,18,4,1,1,0,3,0,0,2,1,1,1,5,0,1,0,6,8,11,1
9,20,0,1,1,3,3,0,1,0,1,1,1,0,0,1,5,0,0,0,1
3,18,4,0,1,0,3,1,0,2,1,1,1,0,0,0,5,0,0,4,1
10,20,4,1,1,0,3,1,0,0,1,1,1,0,0,1,0,6,4,10,1
7,20,4,0,1,0,3,0,0,0,1,1,1,5,0,1,1,6,0,11,1
3,15,4,0,1,0,3,1,0,2,1,1,1,0,0,1,0,6,3,6,1
0,17,4,0,1,0,2,3,0,2,1,1,1,0,0,1,0,2,3,5,1
3,18,4,0,1,3,3,0,1,9,1,1,1,5,0,0,5,0,0,0,1
15,20,0,0,1,4,3,0,1,0,1,1,1,5,2,1,0,6,4,5,1
5,12,4,0,1,0,3,0,0,0,1,1,1,8,0,5,5,0,0,5,1
3,15,4,0,1,0,3,0,0,16,1,1,1,5,0,1,0,1,6,2,1
8,18,4,1,1,0,3,3,0,2,1,1,1,1,0,1,0,3,8,1,1
1,18,4,0,1,0,3,1,0,16,1,1,1,0,0,1,0,6,5,6,0
8,18,4,0,1,0,3,0,0,0,1,1,1,7,0,4,0,6,8,8,1
5,15,4,0,1,0,3,1,0,0,1,1,1,0,0,1,0,7,8,9,1
9,15,0,1,1,4,3,0,1,1,1,1,1,0,0,1,2,6,0,5,0
6,18,4,0,1,0,3,0,0,2,1,1,1,7,0,1,0,4,3,8,1
9,17,0,0,1,0,3,0,0,1,1,1,1,0,0,1,2,0,0,0,1
11,15,4,0,1,0,1,3,0,14,1,1,1,0,2,1,0,6,6,10,1
0,15,4,1,1,4,3,0,1,9,1,1,1,0,0,9,2,1,0,1,1
0,15,4,1,1,0,3,0,0,1,1,1,1,0,0,1,1,3,0,4,0
7,20,4,1,1,3,3,2,1,0,1,1,1,8,0,2,0,2,3,7,1
3,18,4,1,0,0,3,3,0,2,1,1,0,0,0,1,0,2,3,4,1
10,20,4,0,1,0,3,3,0,2,1,1,1,5,0,1,0,6,4,11,1
7,20,0,1,1,0,3,0,0,1,1,1,1,0,0,1,1,4,0,13,0
14,20,4,0,1,0,3,0,0,14,1,1,1,0,2,1,0,6,0,9,1
0,18,4,1,1,0,3,0,0,2,1,1,1,0,0,0,5,0,0,0,1
0,15,4,1,1,0,3,1,0,9,1,1,1,0,0,1,0,1,0,1,0
8,20,4,1,1,0,3,0,0,0,1,1,1,1,0,3,0,5,3,6,1
0,15,4,1,1,0,3,1,0,16,1,1,1,0,0,1,5,1,0,3,0
14,20,0,1,1,0,3,1,0,1,1,1,1,0,2,1,5,0,0,0,1
7,15,4,0,1,0,3,3,0,0,1,1,1,7,0,1,0,6,11,8,0
7,19,4,1,1,0,3,0,0,0,1,1,1,7,0,1,0,4,2,4,1
10,15,0,0,1,0,0,0,0,16,1,1,1,1,0,5,3,9,11,7,0
10,20,4,1,1,0,3,3,0,2,1,1,1,0,0,7,1,2,0,4,1
6,15,4,0,1,0,1,0,0,0,1,1,1,0,0,5,0,6,8,11,0
6,18,0,1,1,0,2,0,0,2,1,1,1,1,0,1,0,1,4,5,1
8,15,0,0,1,4,3,0,1,1,1,1,1,7,0,0,5,0,0,4,1
7,17,4,1,1,3,3,3,1,0,1,1,1,0,0,1,0,3,4,4,1
15,18,0,0,1,0,3,3,0,0,1,1,1,0,2,1,0,9,6,10,1
5,15,4,0,1,3,3,0,1,2,1,1,1,7,0,1,0,6,6,4,1
5,15,4,0,1,0,3,0,0,12,1,1,1,7,0,1,2,6,0,6,1
6,19,4,0,1,0,3,1,0,2,1,1,1,0,0,1,5,0,0,0,1
13,15,0,1,1,0,3,1,0,0,1,1,1,7,2,6,0,5,0,3,1
11,16,4,1,1,0,3,1,0,2,1,1,1,0,2,1,0,6,2,5,1
12,20,0,1,1,4,3,1,1,1,1,1,1,0,2,6,0,6,0,8,1
4,21,4,0,1,4,3,0,1,0,1,1,1,5,0,1,0,6,6,13,0
0,18,4,1,1,0,3,1,0,10,1,1,1,8,0,1,0,1,0,1,1
4,18,4,1,1,0,3,1,0,2,1,1,1,0,0,0,5,0,0,0,1
0,17,4,0,1,0,2,0,0,2,1,1,1,0,0,0,5,0,0,5,1
15,21,0,0,1,0,3,0,0,1,1,1,1,0,2,3,0,6,10,14,1
11,11,0,1,1,4,3,0,1,1,1,1,1,0,2,1,0,9,3,10,1
4,15,4,0,1,0,3,0,0,14,1,1,1,0,0,1,0,4,6,7,0
5,18,4,0,1,0,3,1,0,11,1,1,1,7,0,1,0,6,3,9,0
3,18,0,1,1,0,3,0,0,0,1,1,1,7,0,1,0,2,2,2,1
8,15,4,0,0,0,3,3,0,13,1,1,0,8,0,2,0,5,4,8,1
12,23,2,1,1,0,3,0,0,5,1,1,1,0,2,1,0,6,6,6,1
12,17,4,0,1,0,3,1,0,0,1,1,1,0,2,3,0,6,3,6,1
4,15,4,1,1,0,3,0,0,3,1,1,1,0,0,0,5,0,0,0,1
7,20,4,1,1,0,3,0,0,2,1,1,1,7,0,1,0,6,3,9,1
8,15,4,0,1,0,3,0,0,2,1,1,1,5,0,1,0,6,1,8,1
9,15,4,0,1,3,3,0,1,2,1,1,1,0,0,1,0,6,3,7,0
4,16,0,0,1,0,3,0,0,2,1,1,1,0,0,1,0,6,10,3,1
6,20,4,0,1,0,3,0,0,3,1,1,1,1,0,1,0,6,2,13,1
0,17,4,1,1,0,3,1,0,7,1,1,1,0,0,1,0,2,3,2,0
13,15,0,0,1,0,3,0,0,9,1,1,1,1,2,1,0,9,3,10,1
1,18,4,1,1,0,3,3,0,12,1,1,1,7,0,1,2,3,0,3,1
3,15,4,0,1,0,3,0,0,11,1,1,1,0,0,1,0,6,6,4,1
4,15,4,1,1,0,3,1,0,7,1,1,1,0,0,1,0,6,11,9,1
8,15,4,0,0,0,3,0,0,0,1,1,1,7,0,1,0,6,6,10,0
14,20,4,1,1,0,3,0,0,0,1,1,1,0,2,1,0,6,6,10,1
6,15,4,1,1,0,1,3,0,2,1,1,1,8,0,8,5,0,0,0,1
13,20,0,1,1,0,3,0,0,1,1,1,1,0,2,1,0,6,3,11,1
4,21,4,0,1,4,3,0,1,0,1,1,1,0,0,1,0,8,2,13,1
4,18,4,0,1,0,3,0,0,15,1,1,1,1,0,1,2,6,0,9,0
15,19,4,0,1,0,3,3,0,2,1,1,1,0,2,1,0,6,5,10,1
6,9,4,0,0,0,3,1,0,2,1,1,0,1,0,2,0,1,8,6,1
11,21,4,0,1,0,3,3,0,4,1,1,1,5,2,1,0,6,6,11,1
5,15,4,0,1,0,3,0,0,11,1,1,1,0,0,6,0,6,3,4,1
3,18,4,1,1,0,3,0,0,0,1,1,1,0,0,3,0,9,3,12,1
3,18,4,0,1,0,3,1,0,2,1,1,1,0,0,1,0,3,4,2,1
4,19,4,0,1,0,3,0,0,2,1,1,1,7,0,1,1,3,0,1,1
3,19,4,0,1,0,3,0,0,2,1,1,1,0,0,9,2,0,0,0,1
15,13,4,0,0,0,3,1,0,15,1,1,0,8,2,1,5,0,0,8,0
2,15,4,1,1,0,3,0,0,2,1,1,1,7,0,9,2,0,0,0,1
8,18,4,0,1,0,3,0,0,0,1,1,1,0,0,1,0,6,3,12,1
5,18,4,0,1,0,3,1,0,2,1,1,1,0,0,2,0,1,2,2,1
2,18,4,0,1,0,3,0,0,2,1,1,1,7,0,1,5,6,0,1,1
0,18,4,1,1,0,3,0,0,2,1,1,1,0,0,0,5,0,0,0,1
2,18,4,1,1,0,3,1,0,2,1,1,1,0,0,1,0,6,4,2,1
10,15,4,0,1,0,3,0,0,5,1,1,1,2,0,6,0,8,4,14,1
5,17,3,1,1,0,3,3,0,0,1,1,1,7,2,1,0,1,2,6,0
2,18,4,0,1,0,1,1,0,2,1,1,1,0,2,5,0,9,2,6,1
6,15,4,1,1,0,3,1,0,2,1,1,1,8,0,8,0,6,3,10,1
11,8,0,1,1,4,3,0,1,11,1,1,1,0,2,0,5,0,0,0,0
14,20,4,0,1,0,3,3,0,2,1,1,1,5,2,1,0,7,4,13,1
7,13,4,0,0,2,3,0,0,3,1,1,0,2,0,1,5,4,7,5,1
4,18,4,1,1,0,3,0,0,0,1,1,1,0,0,1,0,6,3,7,0
6,20,4,0,1,0,3,1,0,0,1,1,1,0,0,1,0,6,6,12,1
7,16,4,0,1,0,3,0,0,5,1,1,1,0,0,1,0,6,10,4,1
14,21,0,0,1,0,3,3,0,2,1,1,1,5,2,1,0,6,5,14,1
0,18,4,0,0,0,3,1,0,16,1,1,0,0,0,0,5,0,0,3,0
10,14,4,1,1,0,3,3,0,11,1,1,1,0,0,1,0,6,5,11,1
0,15,4,1,1,0,3,0,0,2,1,1,1,0,0,9,2,0,0,0,1
12,20,0,1,1,3,3,0,1,1,1,1,1,5,2,1,0,6,8,11,1
1,15,4,0,1,0,3,0,0,2,1,1,1,0,0,2,0,1,3,6,1
13,20,0,1,1,3,3,0,1,0,1,1,1,0,2,1,0,6,4,13,1
0,18,4,1,1,0,3,0,0,2,1,1,1,0,0,2,0,2,4,3,1
13,20,4,1,1,0,3,0,0,0,1,1,1,0,2,1,0,6,10,14,1
6,20,4,1,1,0,3,1,0,11,1,1,1,5,0,4,0,5,5,10,1
9,18,4,0,1,0,3,1,0,2,1,1,1,0,0,1,0,6,7,7,1
15,18,0,1,1,4,3,0,1,1,1,1,1,5,2,1,5,1,0,2,1
8,13,4,1,1,0,3,0,0,0,1,1,1,1,0,1,0,6,2,7,1
0,17,4,0,1,0,3,0,0,2,1,1,1,0,0,0,5,0,0,0,1
7,4,0,0,1,4,1,0,1,0,1,1,1,0,0,2,0,7,5,10,1
8,11,3,0,1,0,3,0,0,7,1,1,1,7,0,1,0,9,1,6,1
4,20,2,1,1,0,3,3,0,2,1,1,1,0,0,1,0,9,8,13,0
11,17,4,0,1,0,3,3,0,11,1,1,1,0,2,1,0,6,8,11,0
5,20,4,1,1,0,3,3,0,11,1,1,1,0,0,1,0,2,2,5,0
8,20,4,1,1,0,3,1,0,12,1,1,1,0,0,1,0,6,6,11,0
13,20,0,0,1,0,1,3,0,0,1,1,1,0,2,1,0,9,7,12,1
6,15,4,0,1,0,3,0,0,2,1,1,1,0,0,0,5,0,0,0,1
14,20,0,1,1,0,3,1,0,2,1,1,1,0,2,1,0,6,3,9,1
7,16,0,1,1,0,3,0,0,0,1,1,1,0,0,0,5,0,0,0,1
6,19,4,0,1,0,3,0,0,2,1,1,1,7,0,1,0,3,5,5,1
0,19,4,1,1,0,3,0,0,2,1,1,1,0,0,0,5,0,0,0,1
5,20,0,1,1,3,3,3,1,0,1,1,1,8,0,1,5,0,0,0,1
7,20,4,1,1,4,3,0,1,0,1,1,1,7,0,1,0,9,6,12,1
1,18,4,1,1,0,3,0,0,7,1,1,1,7,0,0,5,0,0,4,1
7,15,4,1,1,0,3,3,0,14,1,1,1,0,0,1,0,6,6,7,1
12,21,4,0,1,4,3,0,1,0,1,1,1,5,2,1,0,9,0,13,0
14,21,0,0,1,0,3,0,0,2,1,1,1,0,2,1,0,6,6,9,0
1,14,4,1,1,4,3,0,1,12,1,1,1,5,0,1,0,2,8,5,1
4,19,4,1,1,0,3,0,0,0,1,1,1,0,0,1,0,6,6,9,0
13,19,0,0,1,0,3,3,0,0,1,1,1,0,2,7,0,9,0,13,1
7,15,4,0,1,0,3,1,0,2,1,1,1,0,0,1,0,6,11,11,1
8,20,4,1,1,0,3,0,0,0,1,1,1,0,0,1,0,6,9,13,1
6,20,4,0,1,0,3,1,0,0,1,1,1,8,0,1,0,4,10,13,0
4,20,0,1,1,0,3,0,0,2,1,1,1,5,0,6,1,1,0,1,1
7,21,0,0,1,4,3,0,1,0,1,1,1,5,0,6,0,6,8,14,0
12,20,4,1,1,0,3,1,0,12,1,1,1,5,2,2,0,6,6,12,0
3,15,4,1,1,0,3,0,0,11,1,1,1,0,0,1,2,6,0,6,1
11,20,4,1,1,3,3,0,1,2,1,1,1,5,2,0,5,0,0,0,1
1,18,0,0,1,0,0,0,0,16,1,1,1,0,0,5,3,2,9,6,1
8,20,4,0,1,0,3,2,0,5,1,1,1,7,0,1,2,6,0,10,1
3,20,4,1,1,0,3,0,0,0,1,1,1,0,0,1,0,3,8,3,0
2,15,4,1,1,0,3,0,0,2,1,1,1,0,0,0,5,0,0,0,0
3,15,4,0,1,4,3,0,1,2,1,1,1,5,0,1,0,6,10,6,1
15,20,4,0,0,0,3,0,0,0,1,1,0,0,2,2,0,6,1,12,1
10,15,4,0,1,0,3,0,0,0,1,1,1,7,0,1,0,5,2,6,1
6,21,4,1,1,3,3,3,1,0,1,1,1,5,0,9,2,0,0,13,0
0,18,4,1,1,0,3,3,0,2,1,1,1,0,0,1,0,3,3,5,1
11,15,0,0,1,4,3,3,1,8,1,1,1,0,2,1,0,6,6,8,1
4,18,4,0,1,3,3,3,1,2,1,1,1,5,0,0,5,0,0,4,1
13,15,0,1,1,4,3,0,1,1,1,1,1,0,2,0,5,0,0,0,1
4,20,0,0,1,0,3,1,0,0,1,1,1,0,0,1,0,6,3,11,0
8,15,4,0,1,0,3,0,0,7,1,1,1,8,0,5,0,6,4,5,1
7,20,0,1,1,0,3,1,0,2,1,1,1,0,0,1,1,8,0,11,1
15,21,4,1,1,0,3,1,0,4,0,1,1,0,2,4,0,6,8,11,1
11,18,4,1,0,0,3,0,0,0,1,0,0,0,2,3,0,6,7,12,1
4,17,4,1,1,0,3,0,0,2,1,1,1,7,0,1,2,2,0,5,1
12,15,0,0,1,0,3,0,0,1,1,1,1,7,2,1,0,4,10,4,1
2,18,0,1,0,0,3,0,0,1,1,1,1,7,0,0,5,0,0,4,1
2,18,4,1,1,4,3,0,1,4,1,1,1,5,0,0,5,0,0,0,1
9,20,4,1,1,0,3,1,0,12,1,1,1,0,0,1,0,7,11,13,0
14,19,2,1,1,0,3,1,0,2,1,1,1,0,2,1,0,5,9,11,1
8,17,4,0,1,0,2,0,0,2,1,1,1,0,0,1,0,6,4,5,1
15,22,0,1,1,0,3,3,0,0,1,1,1,0,2,2,0,8,8,12,0
1,18,4,1,1,4,3,0,1,16,1,1,1,0,0,1,0,1,2,2,0
13,0,4,0,1,4,3,0,1,9,1,1,1,1,2,0,5,0,0,0,1
6,15,4,0,1,0,3,0,0,11,1,1,1,1,0,8,0,6,3,11,1
9,15,0,1,1,0,3,0,0,1,1,1,1,0,0,1,0,5,6,8,1
8,20,4,1,1,0,3,3,0,2,1,1,1,0,0,1,0,6,4,5,1
1,15,2,1,1,0,3,3,0,16,1,1,1,0,0,1,5,6,0,2,0
1,18,4,0,1,0,3,0,0,11,1,1,1,1,0,1,0,1,1,4,0
10,18,0,0,1,4,3,1,1,1,1,1,1,5,0,1,5,0,0,0,0
7,20,0,0,1,4,3,0,1,0,1,1,1,5,0,1,0,6,10,14,0
9,15,4,1,1,4,3,0,1,5,1,1,1,7,0,1,0,6,10,6,1
6,20,4,1,1,0,3,0,0,11,1,1,1,0,0,1,0,6,3,13,0
1,18,4,0,1,0,3,3,0,2,1,1,1,0,0,1,0,3,9,4,1
7,20,0,1,1,0,3,0,0,1,1,1,1,0,0,5,0,6,5,13,1
0,15,4,1,1,0,3,3,0,3,1,1,1,0,0,1,0,4,1,6,1
4,19,4,0,1,0,3,3,0,2,1,1,1,0,0,1,0,6,2,10,1
7,21,4,0,1,0,3,1,0,0,1,1,1,0,0,1,0,8,4,13,0
11,20,4,1,1,0,3,1,0,2,1,1,1,0,2,1,2,0,0,0,1
13,20,0,1,1,3,3,0,1,0,1,1,1,5,2,1,5,0,0,0,1
12,17,4,1,1,4,3,0,1,0,1,1,1,0,2,1,0,2,2,4,1
7,19,4,1,1,0,3,3,0,9,1,1,1,0,0,0,5,0,0,0,1
5,15,4,0,1,0,3,0,0,2,1,1,1,0,0,1,2,0,0,0,1
11,18,0,1,1,0,3,1,0,8,1,1,1,0,2,4,0,1,6,3,1
8,15,4,1,1,4,3,3,1,5,1,1,1,5,0,1,0,6,4,8,1
10,19,4,1,1,4,3,0,1,12,1,1,1,5,0,1,0,4,5,6,0
4,20,4,1,1,0,3,0,0,11,1,1,1,5,0,1,0,2,2,8,1
5,15,4,0,1,3,3,0,1,2,1,1,1,0,0,1,0,5,8,4,1
7,15,4,1,1,0,3,1,0,7,1,1,1,0,0,0,5,0,0,0,1
0,15,4,1,1,0,3,1,0,2,1,1,1,0,0,3,0,1,8,1,1
11,19,0,0,1,4,3,0,1,8,1,1,1,0,2,1,0,7,0,0,1
10,19,4,1,1,0,3,3,0,12,1,1,1,0,0,2,0,6,3,9,1
0,18,4,1,1,0,3,0,0,11,1,1,1,0,0,1,0,1,3,2,0
4,20,4,0,1,0,3,0,0,0,1,1,1,5,0,3,0,9,6,13,0
9,16,4,0,1,0,3,0,0,5,1,1,1,7,0,1,0,6,6,13,1
8,17,0,0,1,0,1,1,0,1,1,1,1,0,2,1,0,6,11,9,1
9,21,4,1,1,0,3,1,0,2,1,1,1,0,0,2,0,6,8,13,0
7,8,4,0,1,4,3,0,1,5,1,1,1,0,0,1,0,6,4,12,0
10,20,4,1,1,0,3,1,0,0,1,1,1,0,0,2,0,1,2,7,1
8,20,4,0,1,0,3,0,0,5,1,1,1,5,0,1,0,6,6,12,1
9,15,4,1,1,4,3,3,1,2,1,1,1,0,0,1,0,6,5,6,1
4,21,4,1,1,2,3,1,0,2,1,1,1,5,0,1,0,6,10,12,1
3,18,4,0,1,0,3,3,0,14,1,1,1,0,0,1,0,8,6,9,1
2,20,4,1,1,0,3,0,0,2,1,1,1,7,0,1,2,2,0,2,0
10,14,0,1,1,0,3,1,0,0,1,1,1,0,0,0,5,0,0,5,1
1,18,4,1,1,0,3,1,0,2,1,1,1,0,0,2,0,1,2,3,1
1,15,4,0,1,0,0,0,0,16,1,1,1,1,0,5,3,9,1,6,1
3,18,4,1,1,0,3,1,0,12,1,1,1,0,0,1,0,6,3,3,1
5,19,4,1,1,3,3,3,1,2,1,1,1,5,0,0,5,0,0,3,1
14,20,4,0,1,0,3,0,0,0,1,1,1,0,2,2,0,7,0,13,1
2,18,4,1,1,0,3,0,0,4,1,1,1,5,0,5,0,6,3,9,1
7,20,4,1,1,0,3,1,0,0,1,1,1,0,0,1,0,8,5,14,0
6,15,0,1,1,0,3,0,0,0,1,1,1,7,0,0,5,0,0,0,0
1,14,4,1,1,0,3,0,0,3,1,1,1,8,0,1,1,2,1,5,1
15,19,0,1,1,0,3,0,0,1,1,1,1,1,2,1,0,3,6,4,1
8,0,4,0,0,0,3,0,0,15,1,1,1,1,0,0,5,0,0,1,1
9,16,4,1,1,0,3,1,0,0,1,1,1,0,0,1,0,6,3,10,1
9,20,4,0,1,0,3,0,0,4,1,1,1,0,0,1,0,6,6,7,1
7,15,4,0,1,0,0,3,0,16,1,1,1,7,0,5,3,9,1,5,1
9,20,4,0,0,0,3,1,0,11,1,1,0,8,0,1,5,9,0,3,0
15,16,3,0,1,0,3,0,0,15,1,1,1,7,2,1,5,7,0,2,0
10,14,4,0,0,0,3,0,0,2,1,1,0,7,0,1,2,0,0,0,1
1,18,4,0,1,0,3,0,0,2,1,1,1,0,0,2,0,1,6,2,1
4,17,4,0,1,0,3,0,0,0,1,1,1,1,0,1,0,9,3,6,1
8,23,0,1,1,4,3,0,1,8,1,1,1,5,0,0,5,0,0,0,1
12,15,4,0,1,3,3,0,1,5,1,1,1,5,2,1,2,0,0,6,1
15,20,0,1,1,4,3,0,1,1,1,1,1,7,2,6,0,6,4,13,1
10,20,4,0,1,0,3,0,0,0,1,1,1,5,0,1,0,7,7,13,1
5,18,4,0,1,0,3,0,0,2,1,1,1,7,0,1,0,6,3,5,1
7,20,4,1,1,0,3,1,0,0,1,1,1,0,0,1,0,6,4,10,0
1,19,4,1,1,0,3,1,0,2,1,1,1,8,0,1,0,1,3,3,1
12,10,4,1,1,4,3,0,1,0,1,1,1,0,2,5,0,6,2,10,0
11,21,4,1,1,0,3,1,0,0,1,1,1,0,2,3,0,6,3,12,1
11,21,0,1,1,0,3,3,0,0,1,1,1,0,2,2,0,6,8,13,1
5,15,0,1,1,0,3,1,0,0,1,1,1,0,0,1,2,6,0,6,0
15,18,0,0,1,0,0,0,0,0,1,1,1,0,2,5,3,6,9,9,1
0,15,4,0,1,0,3,0,0,2,1,1,1,0,0,1,0,1,3,1,1
5,18,4,1,1,0,3,0,0,2,1,1,1,0,0,1,0,3,10,4,1
10,18,4,0,1,0,3,3,0,0,1,1,1,2,0,1,0,6,7,13,1
4,15,4,0,1,0,3,0,0,10,1,1,1,0,0,6,0,6,0,10,1
15,20,0,1,1,0,3,3,0,1,1,1,1,0,2,1,0,6,0,13,1
6,17,4,1,1,0,3,0,0,5,1,1,1,0,0,0,5,0,0,0,1
10,14,4,0,1,0,3,0,0,0,1,1,1,0,0,7,0,5,1,8,1
1,18,4,0,1,0,3,3,0,16,1,1,1,1,0,0,5,0,0,0,1
14,21,0,1,1,0,3,2,0,0,1,1,1,0,2,2,0,6,3,14,0
15,22,0,1,1,0,3,1,0,2,1,1,1,0,2,1,0,6,2,8,1
8,20,0,1,1,3,3,0,1,1,1,1,1,8,0,1,0,9,6,8,1
2,18,4,0,1,0,3,0,0,16,1,1,1,0,0,1,5,2,0,2,1
12,16,4,0,1,0,3,1,0,15,1,1,1,0,2,1,5,0,0,0,0
0,18,4,1,1,0,3,0,0,2,1,1,1,0,0,0,5,0,0,0,1
7,18,0,1,1,0,3,0,0,1,1,1,1,0,0,1,0,6,2,8,0
13,18,4,0,1,2,3,3,0,2,1,1,1,8,2,1,0,2,6,3,1
10,15,4,1,1,0,3,0,0,2,1,1,1,0,0,1,0,8,6,8,1
7,20,4,1,1,0,3,0,0,2,1,1,1,1,0,2,0,6,3,9,0
4,19,4,0,1,0,3,3,0,2,1,1,1,0,0,0,5,0,0,0,1
1,18,4,1,1,0,3,0,0,16,1,1,1,0,0,2,0,2,3,5,0
14,18,0,1,1,0,3,0,0,0,1,1,1,0,2,1,0,4,4,4,1
5,15,4,0,1,3,1,0,1,0,1,1,1,8,0,5,0,6,3,9,1
11,17,4,0,1,0,3,3,0,2,1,1,1,0,2,2,0,4,2,8,1
3,20,4,1,1,0,3,1,0,2,1,1,1,0,0,1,5,2,0,2,1
0,19,4,0,1,0,3,1,0,2,1,1,1,0,0,2,0,2,4,2,1
11,23,4,0,1,0,3,0,0,0,1,1,1,0,2,1,0,6,8,14,0
9,20,0,1,1,3,3,0,1,1,1,1,1,5,0,1,5,0,0,0,1
10,18,4,1,1,0,3,0,0,0,1,1,1,7,0,1,0,5,3,5,1
9,20,4,0,1,0,3,3,0,11,1,1,1,0,0,6,0,8,0,10,0
7,17,4,0,1,0,3,0,0,0,1,1,1,0,0,1,0,6,5,11,0
3,18,4,1,1,0,3,0,0,0,1,1,1,1,0,1,0,5,1,6,1
12,18,4,0,1,0,3,0,0,2,1,1,1,0,2,1,0,6,8,7,1
15,20,0,0,1,0,3,0,0,0,1,1,1,0,2,6,0,6,3,12,1
3,18,4,1,1,0,3,1,0,2,1,1,1,0,0,1,0,5,6,2,1
14,18,0,0,1,3,3,0,1,0,1,1,1,0,2,1,0,6,3,6,1
13,21,0,0,1,3,3,0,1,0,1,1,1,0,2,2,0,6,1,14,1
5,15,4,1,1,0,3,0,0,0,1,1,1,1,0,6,0,1,3,4,1
6,18,4,1,1,0,3,1,0,12,1,1,1,0,0,1,0,4,2,8,1
15,20,0,1,1,4,3,1,1,1,1,1,1,5,2,1,0,8,10,12,1
14,20,4,1,1,3,3,0,1,2,1,1,1,0,2,1,0,6,5,9,1
5,18,0,1,1,4,3,0,1,0,1,1,1,0,0,1,0,4,1,1,1
14,21,4,0,1,4,3,1,0,2,1,1,1,0,2,7,0,9,5,14,1
0,18,4,1,1,4,3,3,1,0,1,1,1,0,0,2,0,2,2,2,0
6,18,4,0,1,0,3,0,0,16,1,1,1,0,0,1,5,1,0,2,0
11,20,0,1,1,0,3,1,0,1,1,1,1,8,2,3,0,1,2,5,1
9,19,0,0,1,0,3,0,0,0,1,1,1,5,0,1,0,6,3,10,1
11,18,4,1,1,0,3,0,0,2,1,1,1,0,2,1,0,9,11,4,1
13,15,0,1,0,3,3,3,1,13,1,1,0,8,2,2,0,2,4,6,1
0,18,4,1,1,0,3,0,0,16,1,1,1,5,0,0,5,0,0,0,0
3,15,4,1,1,0,3,3,0,2,1,1,1,0,0,0,5,0,0,0,1
14,22,4,0,1,0,3,0,0,9,1,1,1,5,0,2,0,4,5,14,1
8,18,4,1,1,0,3,0,0,5,1,1,1,5,0,2,0,6,2,2,1
4,18,4,0,1,0,3,0,0,2,1,1,1,7,0,1,0,6,6,11,1
8,18,4,0,1,0,3,0,0,0,1,1,1,0,0,1,0,6,4,8,1
8,20,0,0,1,3,3,0,1,1,1,1,1,0,0,3,0,6,4,9,1
0,15,4,1,1,3,3,0,1,2,1,1,1,0,0,0,5,0,0,0,1
0,15,4,0,1,0,3,0,0,2,1,1,1,0,0,1,2,4,0,6,0
9,18,4,1,1,3,3,0,1,2,1,1,1,5,0,1,5,0,0,3,1
9,20,4,0,1,0,3,3,0,11,1,1,1,7,0,1,0,9,6,11,1
10,12,4,0,1,0,3,0,0,0,1,1,1,7,0,1,2,0,0,5,1
0,18,4,0,1,0,3,0,0,2,1,1,1,7,0,1,5,2,0,2,1
11,20,4,1,1,0,3,3,0,0,1,1,1,0,2,1,0,7,3,9,1
6,20,4,0,1,0,3,0,0,2,1,1,1,0,0,1,0,2,0,3,1
11,15,4,1,1,0,3,0,0,2,1,1,1,0,2,6,0,1,6,3,1
0,15,4,0,1,0,0,0,0,6,1,1,1,7,0,5,3,6,2,6,1
10,17,0,0,1,0,3,0,0,2,1,1,1,7,0,1,0,6,4,10,1
14,8,0,0,1,4,3,0,1,11,1,1,1,7,2,1,0,6,4,12,1
9,17,3,1,1,3,3,3,1,1,1,1,1,0,2,1,5,0,0,6,1
9,18,4,1,1,0,3,0,0,0,1,1,1,0,0,3,0,2,3,6,1
8,17,4,0,0,0,3,1,0,2,1,1,0,0,0,2,0,2,2,8,1
12,16,3,0,1,0,3,0,0,0,1,1,1,7,2,1,0,7,2,4,1
4,20,4,1,1,0,3,0,0,0,1,1,1,0,0,1,0,3,1,3,1
8,20,4,0,1,0,3,1,0,12,1,1,1,0,0,1,0,9,11,14,1
5,18,4,0,0,0,3,0,0,2,1,1,0,0,0,1,2,2,0,4,1
3,15,4,1,1,0,3,3,0,2,1,1,1,0,0,1,5,0,0,2,1
1,17,4,0,1,0,3,0,0,2,1,1,1,0,0,0,5,0,0,0,1
0,18,4,0,1,0,3,0,0,5,1,1,1,5,0,1,0,3,3,2,1
0,18,4,1,1,0,3,0,0,2,1,1,1,0,0,1,5,0,0,0,1
6,20,4,0,1,0,3,1,0,0,1,1,1,0,0,2,0,6,1,12,1
8,16,4,0,1,0,3,0,0,2,1,1,1,0,0,1,0,7,6,2,1
2,18,4,1,1,0,3,0,0,2,1,1,1,0,0,1,0,1,4,3,1
6,16,0,1,1,0,3,3,0,1,1,1,1,0,0,1,0,5,0,4,1
15,21,0,1,1,0,3,1,0,1,1,1,1,5,2,2,0,6,6,14,1
0,15,4,1,1,0,3,0,0,2,1,1,1,0,0,0,5,0,0,0,1
7,3,4,0,1,0,3,3,0,12,1,1,1,7,0,1,1,6,0,12,1
4,12,4,0,1,0,3,0,0,15,1,1,1,7,0,0,5,0,0,1,1
10,19,4,1,1,0,3,0,0,2,1,1,1,0,0,3,0,1,6,3,1
14,14,0,1,1,4,3,0,1,2,1,1,1,7,2,1,0,2,5,12,1
13,20,4,1,1,0,3,1,0,12,1,1,1,0,2,1,2,6,0,8,1
5,15,4,1,0,0,3,0,0,2,1,1,0,0,0,1,5,0,0,0,1
14,21,0,1,1,0,3,1,0,1,1,1,1,0,2,1,0,6,8,14,1
14,13,4,0,1,0,3,0,0,0,1,1,1,0,2,1,0,6,4,7,1
6,21,0,1,1,4,3,0,1,0,1,1,1,5,0,1,0,5,8,10,0
8,15,4,0,1,0,3,1,0,2,1,1,1,0,0,1,2,4,0,5,0
11,18,0,1,1,4,3,0,1,0,1,1,1,7,2,1,0,6,1,8,1
7,16,0,0,1,0,3,0,0,1,1,1,1,0,0,1,0,6,5,10,0
8,20,4,0,1,0,3,2,0,0,1,1,1,0,0,0,5,0,0,0,1
13,14,4,0,0,0,3,0,0,0,1,1,0,0,2,1,0,5,7,8,0
10,20,4,1,1,0,3,0,0,10,1,1,1,0,0,1,0,6,7,10,1
7,20,0,0,1,0,3,0,0,0,1,1,1,0,0,1,0,6,1,13,1
7,18,4,1,1,0,3,3,0,2,1,1,1,1,0,0,5,0,0,0,1
12,19,4,1,1,0,3,0,0,0,1,1,1,0,2,1,0,1,11,3,1
4,15,4,0,1,4,3,1,1,11,1,1,1,7,0,1,0,6,0,4,1
6,20,4,1,1,0,3,3,0,10,1,1,1,0,0,1,0,9,0,11,0
0,13,4,1,1,0,3,0,0,2,1,1,1,7,0,1,5,5,0,3,1
10,20,0,1,1,0,3,1,0,1,1,1,1,0,0,1,0,6,4,13,1
5,17,4,1,1,4,3,3,1,9,1,1,1,0,0,1,0,4,4,1,1
1,15,4,0,1,0,3,0,0,2,1,1,1,0,0,0,5,0,0,0,1
11,21,0,1,1,4,3,0,1,1,1,1,1,5,2,0,5,0,0,0,1
11,18,4,0,1,0,3,0,0,0,1,1,1,1,2,1,0,4,4,5,1
5,17,4,1,1,0,3,0,0,11,1,1,1,1,0,1,0,6,3,4,0
15,19,4,0,1,4,3,0,1,0,1,1,1,0,2,6,0,4,4,14,1
0,15,4,0,1,4,3,0,1,2,1,1,1,5,0,1,0,4,10,5,1
11,20,4,0,1,0,3,1,0,0,1,1,1,5,2,2,0,6,6,14,1
3,18,4,1,1,0,3,0,0,2,1,1,1,7,0,1,5,0,0,0,1
8,15,0,1,1,0,3,1,0,0,1,1,1,8,0,1,0,9,4,7,1
5,20,4,1,1,0,3,0,0,11,1,1,1,5,0,1,2,6,0,2,1
0,17,4,0,1,4,3,0,1,2,1,1,1,0,0,1,0,2,2,3,1
9,18,0,1,1,0,3,1,0,1,1,1,1,0,0,6,0,3,6,6,1
12,15,4,0,1,3,3,1,1,12,1,1,1,0,2,1,5,8,0,11,1
0,15,4,1,1,0,3,0,0,2,1,1,1,0,0,0,5,0,0,0,1
7,15,4,0,1,4,3,0,1,0,1,1,1,0,0,9,2,0,0,0,1
14,15,2,1,1,0,3,3,0,9,1,1,1,1,2,1,0,6,8,7,0
2,20,4,1,1,0,3,1,0,2,1,1,1,0,0,1,0,6,4,12,1
11,14,4,0,1,0,3,0,0,2,1,1,1,0,2,1,0,8,8,7,1
9,18,4,0,1,0,3,3,0,0,1,1,1,0,0,6,5,0,0,13,1
11,20,4,1,1,0,3,0,0,0,1,1,1,5,2,2,0,6,11,10,0
0,18,4,0,1,0,3,0,0,2,1,1,1,0,0,1,5,1,0,1,1
7,19,4,1,1,0,3,0,0,2,1,1,1,0,0,1,0,5,6,6,1
12,18,3,0,1,4,3,0,1,0,1,1,1,0,2,6,0,2,0,3,1
5,18,4,0,1,0,3,0,0,14,1,1,1,5,0,0,5,0,0,2,0
8,20,4,0,1,0,3,0,0,9,1,1,1,5,0,2,0,6,11,12,1
13,7,4,1,1,0,3,0,0,11,1,1,1,7,2,7,2,2,0,2,1
4,12,4,1,1,0,3,0,0,2,1,1,1,7,0,1,2,0,0,5,1
12,20,4,0,1,0,3,1,0,0,1,1,1,8,2,2,0,8,1,13,1
7,20,4,1,1,4,3,3,1,0,1,1,1,8,0,1,5,5,0,3,1
5,15,4,0,1,0,3,3,0,2,1,1,1,7,0,1,5,0,0,0,1
3,20,0,0,1,0,3,0,0,1,1,1,1,0,0,6,5,0,0,0,1
10,10,3,1,1,3,3,0,1,0,1,1,1,7,0,4,0,6,8,3,0
6,20,0,1,1,0,3,1,0,0,1,1,1,0,0,1,0,6,5,13,1
8,15,4,0,1,0,3,0,0,0,1,1,1,0,0,1,0,6,1,8,1
11,15,0,0,1,0,3,3,0,8,1,1,1,0,2,1,0,6,6,7,1
2,16,4,0,1,0,3,1,0,2,1,1,1,0,0,1,0,6,1,6,1
0,15,4,0,1,0,3,0,0,2,1,1,1,0,0,0,5,0,0,0,1
11,20,4,1,0,0,3,0,0,0,1,1,0,0,2,2,0,9,3,13,0
13,21,0,0,1,0,3,1,0,0,1,1,1,8,2,1,0,8,1,14,1
7,22,4,1,1,0,3,3,0,0,1,1,1,7,0,1,0,6,8,11,1
5,15,4,1,1,0,3,1,0,10,1,1,1,8,0,1,0,6,8,5,1
7,20,4,0,1,0,3,0,0,2,1,1,1,5,0,0,5,0,0,0,1
7,16,4,0,1,0,3,3,0,0,1,1,1,7,0,1,0,6,6,8,1
6,18,0,1,1,0,3,1,0,2,1,1,1,8,0,1,0,6,1,10,1
6,18,4,0,1,3,3,0,1,2,1,1,1,7,0,1,0,7,6,10,1
0,15,4,0,1,0,3,0,0,2,1,1,1,5,0,1,0,4,6,3,1
7,21,0,1,1,0,3,1,0,1,1,1,1,0,2,3,0,6,11,11,1
13,20,0,1,1,3,3,0,1,1,1,1,1,5,2,1,0,6,7,7,1
15,19,0,0,1,3,3,0,1,0,1,1,1,5,2,2,0,6,2,9,1
2,18,4,0,1,0,3,0,0,2,1,1,1,1,0,9,2,0,0,0,1
9,20,4,0,1,3,3,0,1,0,1,1,1,5,0,1,0,8,9,14,1
4,15,0,1,1,0,3,0,0,9,1,1,1,5,0,1,0,6,3,9,1
7,15,4,1,1,0,3,0,0,0,1,1,1,0,0,2,0,7,6,12,1
14,21,0,1,1,3,3,0,1,1,1,1,1,5,2,1,0,6,4,14,1
2,15,4,1,1,0,3,0,0,2,1,1,1,0,0,1,0,2,3,3,1
2,18,4,0,1,0,3,3,0,9,1,1,1,7,0,2,5,6,0,0,1
7,15,0,1,1,4,3,0,1,1,1,1,1,0,0,1,0,5,11,3,1
5,15,4,0,0,0,3,0,0,15,1,1,0,0,0,1,5,6,0,1,1
4,18,4,1,1,0,3,0,0,2,1,1,1,0,0,1,0,6,6,8,1
5,5,4,0,1,0,3,1,0,4,1,1,1,0,0,4,2,0,0,0,1
5,20,4,1,1,0,3,0,0,14,1,1,1,0,0,1,0,6,2,9,0
0,15,4,1,1,0,3,3,0,3,1,1,1,0,0,2,0,4,1,6,1
2,18,4,0,1,0,0,1,0,16,1,1,1,1,0,5,3,9,4,7,0
8,15,3,0,1,0,3,0,0,7,1,1,1,0,0,1,0,3,4,9,1
3,18,4,0,1,0,3,0,0,2,1,1,1,0,0,1,0,4,3,6,1
9,18,0,1,1,4,3,0,1,2,1,1,1,0,0,1,0,6,7,5,1
2,19,4,1,1,0,3,3,0,2,1,1,1,0,0,1,0,6,6,7,1
9,20,4,1,1,0,3,0,0,5,1,1,1,7,0,1,0,6,4,10,1
15,16,0,0,1,0,3,0,0,0,1,1,1,0,2,1,5,6,0,5,1
12,18,2,0,1,0,3,0,0,2,1,1,1,0,2,1,0,7,8,11,1
4,19,4,1,1,0,3,0,0,2,1,1,1,1,0,3,0,6,6,5,1
10,14,4,0,1,0,3,3,0,11,1,1,1,8,0,7,0,5,8,5,0
1,15,4,1,0,4,3,0,0,6,0,1,0,6,0,2,0,6,8,14,1
6,20,4,1,1,0,3,0,0,7,1,1,1,0,0,1,0,5,6,9,1
5,19,4,1,0,0,3,0,0,11,1,1,0,0,0,0,5,0,0,0,1
13,15,0,1,1,0,3,0,0,0,1,1,1,7,2,1,0,2,6,6,1
2,16,4,0,1,0,3,1,0,15,1,1,1,0,0,1,5,5,0,2,1
4,18,4,0,1,0,3,0,0,2,1,1,1,0,0,1,0,2,2,6,1
14,19,4,1,1,0,3,3,0,12,1,1,1,0,2,1,0,2,0,4,1
14,20,4,0,1,0,3,3,0,12,1,1,1,0,2,1,0,6,3,14,1
4,19,4,1,1,0,3,0,0,2,1,1,1,7,0,1,0,6,11,6,1
8,20,0,1,1,0,3,2,0,0,1,1,1,8,0,6,5,3,0,1,1
15,15,0,1,1,0,3,3,0,1,1,1,1,7,2,1,0,6,4,12,1
9,15,0,0,1,0,3,3,0,8,1,1,1,0,0,4,0,6,1,8,1
13,15,4,1,1,4,3,0,1,0,1,1,1,0,2,1,1,3,0,1,1
7,20,4,1,1,0,3,1,0,2,1,1,1,0,0,1,0,6,3,13,1
15,19,4,0,1,0,3,0,0,2,1,1,1,0,2,4,0,6,10,2,1
0,17,4,0,1,0,3,1,0,2,1,1,1,8,0,1,2,2,0,4,1
10,19,4,0,0,0,3,0,0,2,1,1,0,1,0,0,5,0,0,0,1
3,15,4,1,1,4,3,0,1,16,1,1,1,7,0,6,5,4,0,3,1
14,21,0,1,1,0,3,3,0,1,1,1,1,5,2,2,0,6,0,14,1
11,17,0,0,1,0,3,1,0,1,1,1,1,0,2,1,0,6,6,10,0
1,18,4,1,1,0,3,0,0,16,1,1,1,2,0,1,5,5,0,3,0
0,15,4,1,1,0,3,0,0,2,1,1,1,0,0,0,5,0,0,0,1
7,20,4,0,1,0,3,1,0,0,1,1,1,8,0,1,0,8,6,12,0
11,15,4,1,1,3,3,0,1,0,1,1,1,5,2,1,0,4,8,5,0
13,15,0,0,1,4,3,0,1,0,1,1,1,0,2,1,2,8,0,8,0
1,18,4,0,0,0,3,0,0,16,1,1,0,0,0,2,5,2,0,4,0
8,15,0,0,1,0,3,0,0,0,1,1,1,1,0,2,0,9,11,12,1
6,18,4,0,1,0,3,1,0,2,1,1,1,0,0,1,0,6,2,12,1
3,15,4,1,1,4,3,0,1,2,1,1,1,5,0,1,0,6,2,5,1
4,19,4,0,1,0,3,3,0,14,1,1,1,0,0,1,0,4,3,6,1
12,20,0,0,1,0,3,0,0,1,1,1,1,0,2,1,0,6,6,12,1
3,0,1,1,1,0,3,1,0,4,1,1,1,6,0,1,1,3,1,9,1
11,16,3,0,1,0,0,3,0,15,1,1,1,4,2,0,5,0,0,0,0
3,18,4,1,1,0,3,0,0,2,1,1,1,0,0,2,0,2,2,3,1
11,22,4,1,1,0,3,1,0,7,1,1,1,8,2,1,0,6,6,10,0
0,18,4,1,1,0,3,1,0,16,1,1,1,7,0,0,5,0,0,0,0
14,20,4,1,1,0,3,1,0,0,1,1,1,0,2,1,0,5,0,9,1
13,15,4,0,1,0,3,0,0,2,1,1,1,1,2,1,0,6,6,6,1
5,15,4,0,1,0,3,0,0,2,1,1,1,0,0,1,0,8,2,6,1
2,15,4,1,1,0,3,0,0,2,1,1,1,5,0,1,0,3,4,3,1
14,10,0,0,1,4,3,0,1,0,1,1,1,7,2,5,0,6,5,10,1
0,15,4,0,1,0,3,0,0,2,1,1,1,5,0,1,0,4,6,6,1
2,15,4,0,1,0,3,3,0,2,1,1,1,7,0,1,2,4,0,6,1
3,18,4,1,1,0,3,0,0,14,1,1,1,1,0,1,0,6,8,6,1
6,18,4,1,1,0,3,0,0,12,1,1,1,0,0,1,0,5,9,9,1
10,15,0,1,1,0,3,1,0,1,1,1,1,0,0,1,0,6,3,12,1
1,18,4,0,1,0,3,0,0,2,1,1,1,0,0,0,5,0,0,0,1
6,21,4,1,1,0,3,0,0,11,1,1,1,5,0,1,0,6,6,12,1
13,21,4,1,1,4,3,0,1,5,1,1,1,5,2,1,0,6,5,14,1
4,15,4,0,0,0,3,3,0,16,1,1,1,4,0,1,5,8,0,4,1
14,14,0,1,0,0,3,0,0,0,1,1,0,8,2,1,5,0,0,0,1
1,19,4,1,1,0,3,0,0,16,1,1,1,0,0,1,5,2,0,3,0
7,20,4,0,1,4,3,0,1,2,1,1,1,5,0,1,0,5,11,6,1
11,22,0,1,1,0,3,1,0,1,1,1,1,0,2,2,0,7,6,13,1
13,0,3,1,1,4,3,0,1,9,1,1,1,6,2,0,0,2,10,12,1
12,18,4,1,1,0,3,1,0,2,1,1,1,0,2,2,0,1,4,1,1
9,20,4,0,1,4,3,0,1,11,1,1,1,5,0,6,0,6,6,12,1
3,15,4,1,1,0,3,0,0,2,1,1,1,8,0,1,5,0,0,4,1
12,23,0,1,1,4,3,0,1,1,1,1,1,5,2,1,0,6,7,13,0
4,20,4,0,1,4,3,0,1,11,1,1,1,5,0,0,5,0,0,0,1
5,15,4,0,1,2,3,3,0,2,1,1,1,1,0,1,0,5,3,2,1
10,15,4,0,1,0,3,0,0,14,1,1,1,0,0,1,0,6,6,10,0
0,18,4,1,1,0,3,3,0,16,1,1,1,8,0,0,5,0,0,0,0
3,18,0,0,1,4,3,0,1,8,1,1,1,5,0,5,0,2,9,3,1
6,18,4,1,1,0,3,3,0,14,1,1,1,0,0,1,5,0,0,0,1
10,16,4,0,0,0,3,1,0,2,1,1,0,0,0,0,5,0,0,5,1
6,18,4,1,1,0,3,0,0,0,1,1,1,0,0,0,5,0,0,0,1
12,18,2,1,1,1,3,0,1,12,1,1,1,2,2,6,0,5,3,6,1
15,16,4,0,1,0,3,1,0,10,1,1,1,0,2,1,0,6,3,10,1
2,18,4,0,1,0,3,0,0,2,1,1,1,7,0,1,2,2,0,3,1
14,15,4,0,1,0,3,0,0,0,1,1,1,5,0,2,0,7,5,10,1
8,21,0,1,1,0,3,0,0,0,1,1,1,0,0,3,0,2,5,12,0
0,18,4,0,1,0,3,1,0,16,1,1,1,0,0,1,0,1,2,2,0
10,0,4,1,1,0,3,0,0,5,1,1,1,7,0,6,0,3,4,9,1
9,15,0,0,1,4,3,0,1,0,1,1,1,0,0,1,0,6,3,6,1
4,12,4,0,1,0,3,0,0,7,1,1,1,5,0,1,0,6,2,9,1
8,20,4,1,1,0,3,0,0,0,1,1,1,0,0,1,0,7,6,14,0
9,18,4,1,1,4,3,0,1,0,1,1,1,1,0,1,0,6,11,8,1
6,14,4,0,1,0,3,0,0,2,1,1,1,7,0,1,0,6,5,7,0
12,20,0,1,1,4,3,3,1,1,1,1,1,0,2,2,0,9,8,14,1
2,17,4,0,1,0,3,0,0,2,1,1,1,0,0,1,0,6,3,6,1
10,16,4,0,1,0,3,3,0,15,1,1,1,7,0,0,5,0,0,10,1
15,19,0,1,1,0,3,0,0,1,1,1,1,0,2,0,5,0,0,0,1
2,15,4,0,1,0,3,1,0,2,1,1,1,0,0,1,0,4,10,1,1
0,9,3,0,1,0,2,0,0,16,1,1,1,1,0,9,0,8,4,6,0
9,20,4,1,1,0,3,1,0,0,1,1,1,0,0,1,5,0,0,0,0
3,15,4,1,1,0,3,0,0,0,1,1,1,0,0,1,0,3,4,8,1
7,21,4,1,1,3,3,0,1,0,1,1,1,5,0,1,5,2,0,5,1
14,19,4,1,1,0,3,0,0,2,1,1,1,0,2,3,0,6,6,11,1
11,15,4,0,1,4,3,0,1,10,1,1,1,0,2,1,0,8,8,11,1
7,15,4,1,1,0,3,0,0,12,1,1,1,0,0,1,0,6,4,8,1
7,19,4,0,1,0,3,1,0,0,1,1,1,0,0,1,0,4,10,9,1
10,18,4,1,1,0,3,1,0,0,1,1,1,0,0,1,0,6,6,10,1
8,18,4,0,1,0,3,0,0,7,1,1,1,2,0,1,0,3,4,3,1
8,20,0,0,1,4,3,0,1,1,1,1,1,5,0,1,0,8,8,12,1
4,18,4,1,1,0,3,3,0,10,1,1,1,0,0,1,0,6,11,3,0
9,20,4,1,1,0,3,0,0,0,1,1,1,0,0,1,5,0,0,0,0
2,18,4,0,1,0,3,0,0,2,1,1,1,0,0,3,5,0,0,4,1
12,20,0,0,1,0,3,1,0,0,1,1,1,0,2,1,0,6,10,13,0
6,13,4,0,1,0,3,0,0,4,1,1,1,0,0,1,5,0,0,4,1
0,17,4,0,1,0,3,0,0,2,1,1,1,0,0,1,0,9,3,8,1
0,15,4,1,1,0,3,3,0,2,1,1,1,0,0,0,5,0,0,0,1
14,18,4,1,1,0,3,0,0,5,1,1,1,0,2,1,5,6,0,3,1
9,17,4,0,1,0,3,0,0,0,1,1,1,0,0,1,0,6,5,4,0
13,19,4,1,1,0,3,3,0,12,1,1,1,0,2,1,0,6,3,7,1
7,20,4,1,1,0,3,3,0,0,1,1,1,5,0,1,0,5,2,9,1
11,15,4,1,1,0,3,3,0,2,1,1,1,0,2,1,2,8,0,6,1
11,19,0,1,1,0,3,0,0,2,1,1,1,0,2,1,0,6,6,13,1
4,15,4,0,1,4,3,0,1,2,1,1,1,5,0,1,0,6,4,6,1
8,20,0,1,1,0,3,0,0,1,1,1,1,7,0,2,0,6,10,10,0
12,21,4,0,1,0,3,0,0,11,1,1,1,5,2,1,0,8,2,14,0
0,18,4,0,1,0,3,1,0,16,1,1,1,0,0,9,2,1,0,1,1
14,8,0,0,1,4,3,0,1,2,1,1,1,1,2,0,5,0,0,1,1
7,10,0,0,1,0,3,0,0,2,1,1,1,0,0,5,0,8,2,10,1
5,20,4,1,1,0,3,0,0,2,1,1,1,5,0,5,0,6,4,2,1
7,15,4,1,1,4,3,3,1,2,1,1,1,7,0,1,5,0,0,0,1
5,15,4,1,1,4,3,0,1,2,1,1,1,0,0,1,0,4,2,2,1
4,0,4,0,1,0,3,0,0,2,1,1,1,7,0,6,0,2,4,6,1
9,21,0,1,1,0,3,0,0,0,1,1,1,0,0,4,0,2,3,5,1
12,20,0,0,1,0,3,0,0,1,1,1,1,1,2,1,0,6,10,13,0
11,21,4,0,1,0,3,1,0,0,1,1,1,8,2,1,0,7,2,11,0
7,17,4,0,1,0,3,0,0,0,1,1,1,0,0,2,0,6,1,12,0
2,17,4,0,1,0,3,0,0,0,1,1,1,0,0,3,0,4,2,5,1
8,8,4,1,1,4,3,0,1,11,1,1,1,7,0,1,0,6,8,6,1
7,20,4,1,1,0,3,0,0,2,1,1,1,7,0,1,0,3,5,10,1
10,15,0,1,1,0,3,0,0,8,1,1,1,7,0,1,0,6,6,5,1
10,17,4,1,1,0,3,3,0,0,1,1,1,0,0,3,0,9,8,12,0
15,20,0,0,1,4,3,0,1,1,1,1,1,5,2,1,2,6,0,14,1
15,18,0,0,1,0,3,1,0,1,1,1,1,7,2,0,5,0,0,0,1
11,20,0,0,1,2,3,0,0,1,1,1,1,0,2,1,0,5,3,6,1
15,20,0,0,1,0,3,0,0,1,1,1,1,0,2,1,0,6,1,14,1
7,18,0,1,1,4,3,0,1,0,1,1,1,5,0,2,0,6,6,11,1
6,19,4,1,1,0,3,3,0,7,1,1,1,0,0,1,0,1,3,6,1
7,19,4,0,1,0,3,3,0,11,1,1,1,5,0,1,0,7,7,12,1
8,20,4,0,1,0,3,2,0,0,1,1,1,0,0,1,0,3,6,14,0
0,17,4,0,1,0,2,0,0,5,1,1,1,0,0,1,0,6,4,5,0
2,12,0,0,1,4,3,0,1,1,1,1,1,8,0,1,0,1,3,5,1
12,18,4,0,1,0,3,0,0,0,1,1,1,0,2,1,0,7,2,11,1
8,21,0,0,1,0,1,0,0,0,1,1,1,0,0,5,0,9,4,7,0
11,20,4,0,1,0,3,1,0,2,1,1,1,8,2,1,0,6,6,7,1
10,20,4,1,1,0,3,0,0,12,1,1,1,0,0,1,0,6,1,13,1
15,18,0,1,1,0,3,1,0,0,1,1,1,0,2,1,0,6,4,11,1
8,17,4,0,1,0,3,3,0,2,1,1,1,0,0,1,0,6,3,13,1
11,18,0,0,1,0,3,3,0,8,1,1,1,7,2,1,0,6,8,5,1
8,20,4,0,1,0,3,0,0,0,1,1,1,0,0,2,0,6,6,9,1
13,19,2,1,1,0,3,1,0,7,1,1,1,0,2,4,0,2,1,7,1
8,13,4,0,1,0,3,1,0,2,1,1,1,0,0,1,5,4,0,7,1
8,15,4,0,1,0,3,0,0,2,1,1,1,0,0,1,2,0,0,0,1
3,18,4,0,1,0,3,3,0,2,1,1,1,7,0,1,2,6,0,8,1
7,20,4,0,1,0,3,0,0,2,1,1,1,8,0,1,0,8,8,12,1
14,18,4,0,1,0,3,1,0,0,1,1,1,0,2,1,0,4,2,14,1
10,18,4,0,1,3,3,0,1,2,1,1,1,0,0,1,0,6,7,11,1
5,18,4,1,1,3,3,0,1,2,1,1,1,7,0,1,5,0,0,0,1
2,16,4,1,1,0,3,0,0,11,1,1,1,0,0,1,0,3,4,5,1
15,22,0,1,1,0,3,0,0,1,1,1,1,0,2,1,0,6,2,14,1
11,15,4,1,1,4,3,0,1,14,1,1,1,7,2,1,5,4,0,2,1
8,15,4,0,1,4,3,0,1,0,1,1,1,7,0,1,0,9,3,10,0
2,22,4,1,1,0,3,0,0,0,1,1,1,0,0,1,0,7,2,14,1
1,15,4,0,1,0,3,0,0,2,1,1,1,0,0,1,5,0,0,0,1
8,1,4,1,1,4,3,3,1,0,1,1,1,7,0,3,0,6,3,11,1
10,15,4,0,1,0,3,0,0,2,1,1,1,0,0,1,0,6,2,7,1
2,18,4,0,1,0,3,1,0,2,1,1,1,7,0,1,0,2,2,4,1
1,18,4,1,1,0,3,1,0,2,1,1,1,0,0,1,0,5,3,2,1
9,15,0,0,1,4,3,0,1,0,1,1,1,0,0,1,0,6,6,6,0
7,18,4,1,1,0,3,0,0,2,1,1,1,8,0,1,1,6,0,12,0
12,20,0,1,1,0,3,1,0,0,1,1,1,0,2,2,0,6,6,12,1
7,20,4,0,1,0,3,3,0,11,1,1,1,5,0,1,0,9,3,12,0
11,17,4,0,1,0,0,1,0,0,1,1,1,0,2,5,3,9,3,13,1
15,10,3,1,1,4,3,0,1,0,1,1,1,6,2,4,0,6,10,3,1
15,15,0,1,1,4,3,0,1,1,1,1,1,7,2,0,5,0,0,0,1
11,15,0,0,1,0,3,0,0,0,1,1,1,0,2,3,0,9,3,12,1
13,15,4,0,1,0,3,1,0,15,1,1,1,8,0,2,5,5,0,0,0
4,18,4,0,1,0,3,0,0,2,1,1,1,7,0,0,5,0,0,0,1
13,20,4,1,1,0,3,0,0,12,1,1,1,0,2,1,0,6,8,14,1
8,20,4,0,1,0,3,0,0,0,1,1,1,5,0,1,0,6,3,13,1
8,0,4,1,1,4,3,0,1,5,1,1,1,7,0,1,0,3,4,8,1
1,18,4,1,1,0,3,0,0,2,1,1,1,0,0,0,5,0,0,0,1
11,17,0,0,1,0,3,1,0,1,1,1,1,0,2,1,0,6,4,9,1
15,18,0,0,1,0,3,0,0,0,1,1,1,1,2,1,0,4,11,14,1
6,20,0,0,1,0,3,0,0,0,1,1,1,0,0,1,5,0,0,0,1
5,20,4,1,1,0,3,0,0,2,1,1,1,5,0,1,0,6,1,11,1
0,18,4,0,0,0,3,0,0,2,0,1,1,0,0,1,0,2,9,2,0
5,18,4,1,1,0,3,0,0,2,1,1,1,0,0,1,5,0,0,4,1
4,20,4,0,1,0,3,1,0,0,1,1,1,0,0,1,0,6,6,11,0
15,18,0,1,1,0,3,3,0,1,1,1,1,0,2,1,0,6,1,9,1
1,15,4,1,1,0,3,0,0,2,1,1,1,7,0,9,2,0,0,0,1
1,17,4,0,1,0,3,1,0,11,1,1,1,8,0,1,0,4,3,8,0
10,20,0,1,1,0,3,3,0,0,1,1,1,0,0,2,0,6,8,12,1
0,15,4,0,1,0,3,0,0,2,1,1,1,0,0,9,2,0,0,0,1
1,18,4,0,1,4,3,0,1,11,1,1,1,0,0,1,0,6,3,5,1
8,18,0,0,1,0,3,0,0,1,1,1,1,0,0,1,0,6,4,11,1
6,21,4,0,1,4,3,3,1,11,1,1,1,5,0,1,0,6,6,11,0
4,18,0,1,1,0,3,0,0,0,1,1,1,0,0,2,0,6,8,10,1
1,21,4,0,1,0,3,3,0,11,1,1,1,5,0,1,0,7,4,13,0
14,7,4,1,0,0,3,0,0,2,1,1,0,7,2,2,2,2,0,4,1
7,20,4,0,1,0,3,3,0,2,1,1,1,0,0,1,0,9,11,13,1
4,18,4,1,1,0,3,0,0,16,1,1,1,0,0,0,5,0,0,0,1
4,20,4,1,1,0,3,1,0,0,1,1,1,0,0,1,0,8,1,11,0
10,18,4,0,1,0,3,0,0,2,1,1,1,0,0,1,0,4,5,3,1
9,18,0,0,1,3,3,0,1,0,1,1,1,7,0,1,0,6,6,9,1
10,20,4,1,1,0,3,3,0,2,1,1,1,0,0,6,2,0,0,0,1
1,14,4,1,1,0,3,1,0,16,1,1,1,0,0,1,5,2,0,2,1
14,18,2,1,0,3,3,0,1,0,1,1,1,5,2,1,5,0,0,0,1
13,19,0,0,1,0,0,0,0,0,1,1,1,0,2,5,5,8,0,14,0
14,20,4,1,1,0,3,2,0,2,1,1,1,0,2,1,0,6,3,11,1
6,20,4,1,1,0,3,1,0,0,1,1,1,0,0,2,5,1,0,4,1
2,14,4,0,1,0,3,0,0,9,1,1,1,5,0,1,2,3,0,0,1
8,15,4,1,1,0,3,0,0,0,1,1,1,0,0,1,5,0,0,1,1
4,18,4,0,1,0,3,1,0,2,1,1,1,0,0,1,0,3,5,3,1
13,19,4,0,1,0,3,0,0,0,1,1,1,0,2,1,0,7,0,11,0
5,15,4,1,0,0,3,0,0,2,1,1,1,0,0,1,0,6,6,8,1
0,17,4,0,0,0,3,0,0,16,1,1,0,7,0,1,5,2,0,4,1
3,15,4,0,1,0,3,0,0,2,1,1,1,7,0,1,0,3,6,2,1
12,23,2,0,1,4,3,0,1,0,1,1,1,0,2,1,0,6,5,7,0
6,18,0,0,1,0,3,1,0,0,1,1,1,8,0,1,0,1,9,2,1
15,17,4,0,1,0,3,3,0,2,1,1,1,7,2,4,0,4,5,5,1
10,14,4,0,1,0,3,3,0,0,1,1,1,7,0,1,0,8,10,14,1
13,21,4,0,1,4,3,0,1,0,1,1,1,0,2,1,0,6,6,7,1
2,20,4,1,1,3,3,0,1,9,1,1,1,5,0,3,5,1,0,4,1
3,18,4,1,1,0,3,1,0,11,1,1,1,0,0,1,0,6,3,2,1
1,15,4,1,1,4,3,0,1,11,1,1,1,0,0,1,5,1,0,2,0
13,18,4,1,1,0,3,1,0,4,1,1,1,0,2,0,5,0,0,7,1
15,21,0,1,1,3,3,2,1,1,1,1,1,0,2,2,0,6,10,10,1
15,18,4,0,1,0,3,0,0,0,1,1,1,0,2,1,0,6,11,12,0
6,15,4,0,1,0,3,3,0,14,1,1,1,7,0,1,0,6,4,9,1
1,18,4,1,1,4,3,0,1,11,1,1,1,5,0,0,5,0,0,0,1
1,17,4,0,1,4,3,0,1,2,1,1,1,0,0,1,5,1,0,2,1
1,18,4,0,1,0,3,3,0,2,1,1,1,0,0,0,5,0,0,0,1
2,18,4,1,1,3,3,0,1,2,1,1,1,5,0,0,5,0,0,0,1
10,19,0,1,1,0,3,0,0,8,1,1,1,0,0,1,0,6,3,11,1
15,20,0,1,1,0,3,1,0,0,1,1,1,0,2,6,0,2,0,2,1
5,18,4,0,1,0,3,0,0,0,1,1,1,1,0,1,0,6,8,6,0
5,20,4,1,1,0,3,0,0,2,1,1,1,1,0,1,2,1,0,2,0
8,20,4,1,1,0,3,1,0,11,1,1,1,8,0,1,0,8,4,13,0
13,17,0,1,1,0,3,0,0,1,1,1,1,7,2,4,0,6,3,10,1
13,18,4,1,1,0,3,0,0,11,1,1,1,0,2,1,0,2,3,5,1
7,15,4,0,1,0,3,0,0,2,1,1,1,0,0,1,0,6,7,8,1
0,17,4,1,1,0,3,1,0,16,1,1,1,0,0,1,5,1,0,2,1
6,15,4,1,1,4,3,0,1,5,1,1,1,7,0,1,0,6,6,6,1
2,14,4,1,1,0,3,0,0,2,1,1,1,0,0,1,5,6,0,1,1
6,17,4,1,1,0,3,0,0,16,1,1,1,0,0,1,0,8,6,8,1
4,15,4,1,1,0,3,0,0,2,1,1,1,7,0,1,5,1,0,3,1
8,20,4,1,1,0,3,1,0,11,1,1,1,8,0,1,0,6,3,12,0
5,17,4,1,1,0,3,3,0,0,1,1,1,0,0,1,0,6,10,8,1
6,21,4,0,1,3,3,0,1,0,1,1,1,5,0,1,0,6,4,14,1
15,20,4,1,1,0,3,3,0,10,1,1,1,0,2,3,0,6,0,13,1
2,18,4,1,1,4,3,0,1,0,1,1,1,5,0,0,5,0,0,0,1
11,15,0,1,1,4,3,0,1,1,1,1,1,0,2,1,5,0,0,0,0
7,18,4,1,1,0,3,0,0,0,1,1,1,0,0,3,0,6,8,12,0
7,18,0,1,1,4,3,0,1,0,1,1,1,5,0,0,5,0,0,0,1
8,20,4,1,1,4,3,3,1,5,1,1,1,5,0,0,5,0,0,0,1
4,15,4,0,1,0,0,0,0,16,1,1,1,1,0,5,3,9,1,7,1
14,20,0,1,1,4,3,0,1,1,1,1,1,5,2,0,5,0,0,0,1
7,18,4,1,1,2,3,0,0,2,1,1,1,0,0,1,0,5,4,6,1
10,18,4,1,1,0,3,0,0,11,1,1,1,0,0,1,0,5,3,4,1
8,17,4,0,1,0,3,1,0,2,1,1,1,8,0,1,0,4,11,5,1
7,20,0,0,1,3,3,3,1,1,1,1,1,5,0,2,0,6,8,12,0
13,19,4,1,1,0,3,0,0,2,1,1,1,0,2,1,0,6,6,11,1
1,18,4,1,1,0,3,1,0,2,1,1,1,0,0,1,2,2,0,5,1
5,15,4,0,1,0,3,3,0,2,1,1,1,5,0,1,0,6,2,4,1
1,18,4,1,1,2,3,1,0,2,1,1,1,2,0,1,0,5,6,3,1
3,15,0,1,1,0,1,1,0,1,1,1,1,0,0,5,0,6,5,7,0
12,15,4,1,1,0,3,3,0,0,1,1,1,7,2,1,2,0,0,8,1
11,20,4,1,1,0,3,0,0,12,1,1,1,0,2,1,5,6,0,4,0
13,19,4,0,1,0,3,0,0,12,1,1,1,7,2,1,0,4,6,6,1
8,16,0,0,1,0,3,0,0,0,1,1,1,7,0,1,0,6,3,10,1
13,20,4,0,1,0,3,1,0,0,1,1,1,0,2,3,0,8,10,14,0
8,21,0,1,1,0,3,1,0,0,1,1,1,0,0,1,0,9,4,14,0
14,19,0,0,1,0,1,1,0,0,1,1,1,0,2,5,0,6,5,10,0
14,15,4,0,1,0,3,1,0,12,1,1,1,8,2,1,0,9,6,12,1
12,14,0,1,1,2,3,0,0,3,1,1,0,2,1,6,1,2,7,5,1
3,15,4,0,1,0,3,0,0,2,1,1,1,7,0,1,0,6,1,8,1
2,16,4,1,1,0,3,1,0,0,1,1,1,0,0,1,5,6,0,4,0
9,18,4,1,1,0,3,1,0,0,1,1,1,0,0,2,5,5,0,7,0
0,15,4,0,1,0,3,3,0,5,1,1,1,0,0,1,0,5,2,4,1
3,15,4,0,1,0,3,0,0,2,1,1,1,0,0,9,2,0,0,0,1
10,18,4,0,1,0,1,0,0,0,1,1,1,0,0,5,3,6,7,13,1
3,20,4,0,1,0,3,1,0,12,1,1,1,0,0,6,0,5,3,6,0
14,23,2,1,1,0,3,0,0,5,1,1,1,0,2,1,0,6,6,10,1
8,20,0,1,1,0,3,0,0,0,1,1,1,5,0,1,1,6,0,10,0
2,18,4,1,1,0,3,1,0,2,1,1,1,8,0,3,0,2,2,3,1
4,15,4,0,0,0,3,0,0,3,1,0,1,0,0,1,0,6,4,5,1
13,20,0,0,1,0,3,1,0,1,1,1,1,5,2,7,0,6,10,13,0
4,15,0,0,1,0,3,1,0,2,1,1,1,0,0,1,0,2,2,5,1
7,18,4,0,1,0,3,1,0,0,1,1,1,0,0,1,0,6,3,10,0
4,19,4,1,1,0,3,0,0,0,1,1,1,0,0,0,5,0,0,1,1
1,17,4,0,1,0,3,3,0,16,1,1,1,1,0,0,5,0,0,0,1
7,19,4,1,1,4,3,1,1,16,1,1,1,5,0,1,0,6,3,5,1
7,14,4,1,1,0,3,0,0,3,1,1,1,0,0,1,0,6,4,6,1
2,22,4,0,1,4,3,0,1,11,1,1,1,5,0,1,0,7,6,14,1
11,15,0,0,1,0,3,0,0,1,1,1,1,7,2,0,5,0,0,0,1
14,10,4,0,1,4,3,3,1,2,1,1,1,7,2,0,5,0,0,0,1
3,15,4,0,1,0,3,0,0,9,1,1,1,7,0,1,2,2,0,2,1
12,19,4,0,1,0,3,1,0,0,1,1,1,0,2,1,0,7,4,11,1
15,15,0,1,1,4,3,0,1,1,1,1,1,7,2,0,5,0,0,0,1
3,15,4,1,1,0,3,0,0,12,1,1,1,0,0,1,0,6,4,5,0
11,21,4,1,1,0,3,1,0,12,1,1,1,0,2,1,0,6,2,14,1
12,20,4,0,1,0,3,3,0,0,1,1,1,0,2,7,0,5,0,9,1
10,20,4,0,1,0,3,1,0,0,1,1,1,5,0,3,0,6,7,14,0
2,18,4,1,1,0,3,0,0,2,1,1,1,0,0,1,0,6,6,6,1
15,18,4,0,1,0,3,3,0,2,1,1,1,0,2,1,0,3,4,5,1
6,18,4,1,1,0,3,0,0,2,1,1,1,0,0,1,0,6,5,6,1
15,18,0,1,1,0,3,0,0,0,1,1,1,0,2,1,0,3,8,5,0
7,20,0,1,1,4,3,0,1,0,1,1,1,5,0,1,0,6,11,13,0
7,20,4,0,1,0,3,0,0,0,1,1,1,0,0,1,0,6,1,8,0
15,22,4,0,1,0,3,1,0,7,1,1,1,0,2,1,0,9,6,10,1
8,20,4,0,1,0,3,0,0,0,1,1,1,5,0,1,0,7,5,2,1
0,17,4,0,0,0,3,0,0,16,1,1,0,0,0,0,5,0,0,1,1
4,15,4,0,1,4,3,3,1,16,1,1,1,0,0,1,0,6,5,7,0
0,18,4,1,1,0,3,1,0,16,1,1,1,8,0,1,0,1,1,7,1
5,20,4,1,1,0,3,1,0,11,1,1,1,8,0,1,0,3,2,5,0
12,20,4,1,1,3,3,0,1,0,1,1,1,0,2,1,0,7,2,13,1
2,18,4,1,1,0,3,0,0,11,1,1,1,0,0,1,0,4,3,3,1
11,20,4,0,1,0,3,0,0,0,1,1,1,7,2,7,0,6,10,5,1
4,15,4,0,1,0,3,1,0,2,1,1,1,0,0,1,2,0,0,5,1
9,7,4,0,1,0,0,0,0,11,1,1,1,7,0,5,3,2,3,12,1
9,23,0,1,1,0,3,0,0,1,1,1,1,0,0,2,0,6,6,7,1
1,18,4,1,1,0,3,1,0,11,1,1,1,2,0,1,0,6,4,6,0
6,20,4,0,1,0,3,1,0,11,1,1,1,0,0,1,0,6,6,12,0
1,18,4,0,1,4,3,0,1,11,1,1,1,5,0,0,5,0,0,0,1
11,20,0,1,1,4,3,0,1,1,1,1,1,0,2,1,1,8,0,11,1
7,20,4,1,1,0,3,2,0,0,1,1,1,0,0,1,0,9,6,12,1
8,15,4,0,1,0,3,0,0,12,1,1,1,7,0,1,0,6,8,6,1
7,20,0,1,1,0,3,1,0,0,1,1,1,5,0,3,0,6,4,12,1
10,12,1,1,1,2,3,0,0,4,1,1,0,2,0,1,1,3,7,9,1
3,17,4,1,1,0,3,0,0,16,1,1,1,7,0,1,1,8,0,6,0
2,18,4,1,1,0,3,0,0,2,1,1,1,0,0,1,0,2,1,4,1
7,18,0,0,1,0,0,0,0,16,1,1,1,1,0,5,3,6,2,7,1
12,18,4,0,1,0,3,0,0,0,1,1,1,1,2,1,0,6,3,14,1
10,21,0,1,1,4,3,0,1,1,1,1,1,0,0,0,5,0,0,0,0
2,18,4,1,1,4,3,0,1,16,1,1,1,0,0,1,0,8,4,5,1
5,15,4,1,1,3,3,3,1,0,1,1,1,0,0,1,0,6,8,4,0
0,18,4,0,1,0,3,0,0,2,1,1,1,5,0,0,5,0,0,0,1
4,15,4,1,1,4,3,0,1,2,1,1,1,5,0,1,5,0,0,0,1
15,18,0,1,1,0,3,3,0,1,1,1,1,0,2,0,5,0,0,0,1
12,20,4,1,1,0,3,0,0,11,1,1,1,7,2,1,0,6,8,11,0
9,20,0,1,1,4,3,0,1,1,1,1,1,5,0,1,0,6,8,11,1
8,15,0,1,1,0,3,1,0,2,1,1,1,8,0,1,0,4,2,5,1
11,20,0,1,1,0,3,0,0,2,1,1,1,0,2,1,0,2,7,5,1
7,15,1,1,1,3,3,1,0,4,1,1,1,0,0,3,0,9,2,11,1
13,15,0,1,1,0,3,0,0,0,1,1,1,0,2,1,0,3,4,5,1
9,19,0,1,1,0,3,1,0,2,1,1,1,0,0,1,0,2,5,5,1
9,15,0,0,1,0,3,0,0,1,1,1,1,7,0,1,0,6,4,12,1
5,20,4,1,1,0,3,1,0,4,1,1,1,7,0,1,2,0,0,0,1
7,20,0,1,1,0,3,1,0,0,1,1,1,8,0,0,5,0,0,0,0
3,15,4,1,1,0,3,3,0,2,1,1,1,7,0,1,0,6,2,5,1
15,22,4,0,1,0,3,0,0,15,1,1,1,1,0,1,2,6,0,0,1
14,21,0,1,1,0,3,1,0,0,1,1,1,0,2,1,0,6,1,13,1
12,20,4,1,1,0,3,0,0,16,1,1,1,8,0,6,1,2,0,4,0
12,15,4,0,1,4,3,0,1,9,1,1,1,0,2,1,0,6,8,8,1
2,18,4,1,1,0,3,3,0,2,1,1,1,0,0,0,5,0,0,0,1
8,19,0,1,1,0,3,0,0,8,1,1,1,0,0,1,0,7,4,9,1
6,16,0,1,1,0,3,0,0,2,1,1,1,0,0,1,5,1,0,2,1
5,15,4,0,1,0,3,0,0,0,1,1,1,1,0,9,2,0,0,0,1
6,20,0,1,1,0,3,0,0,11,1,1,1,0,0,1,0,1,2,3,1
10,19,4,1,1,0,3,0,0,2,1,1,1,5,0,1,0,6,8,6,1
9,15,4,1,1,0,3,0,0,2,1,1,1,7,0,4,0,4,8,5,1
15,15,2,1,1,0,3,1,0,12,1,1,1,0,2,1,0,7,6,9,1
3,15,4,0,1,3,3,3,1,2,1,1,1,0,0,6,1,3,0,2,1
11,8,0,0,1,2,0,3,0,11,1,1,1,0,2,0,5,0,0,12,1
2,22,4,1,1,0,3,1,0,11,1,1,1,8,0,2,0,7,0,0,0
12,18,4,0,1,0,3,0,0,0,1,1,1,7,2,4,5,0,0,4,1
8,17,4,1,1,0,3,0,0,2,1,1,1,1,0,1,0,3,8,5,1
8,19,4,1,1,3,3,0,1,2,1,1,1,0,0,0,5,0,0,0,1
0,8,4,0,1,4,3,0,1,16,1,1,1,0,0,1,0,6,8,3,0
3,18,4,0,1,0,3,1,0,0,1,1,1,0,0,1,0,3,4,4,1
15,21,0,1,1,3,3,3,1,0,1,1,1,0,2,1,0,6,3,13,0
3,15,4,0,1,0,3,0,0,7,1,1,1,0,0,1,0,5,6,6,0
4,15,4,1,1,0,3,3,0,2,1,1,1,8,0,0,5,0,0,0,0
12,18,0,0,1,4,3,0,1,1,1,1,1,5,2,0,5,0,0,0,1
3,17,0,1,1,4,3,0,1,8,1,1,1,5,0,0,5,0,0,0,1
15,19,4,0,1,0,3,3,0,2,1,1,1,0,2,1,0,4,10,4,1
7,19,4,1,1,0,3,0,0,2,1,1,1,1,0,1,0,5,0,6,1
10,18,0,0,1,0,3,0,0,1,1,1,1,0,0,1,0,6,7,8,1
5,20,4,0,1,0,3,0,0,14,1,1,1,7,0,1,0,2,8,12,1
7,18,0,0,1,0,3,1,0,0,1,1,1,0,0,1,0,6,8,5,0
2,14,4,1,1,0,3,0,0,2,1,1,1,4,0,3,0,8,7,4,1
3,18,4,1,1,4,3,0,1,0,1,1,1,0,0,1,0,6,6,8,0
5,20,4,1,1,0,3,0,0,5,1,1,1,7,0,1,5,8,0,4,1
13,20,0,1,1,0,3,0,0,0,1,1,1,5,2,1,0,6,7,13,0
15,20,0,0,1,0,3,0,0,2,1,1,1,0,2,1,0,9,6,13,1
11,21,0,1,1,4,3,0,1,1,1,1,1,0,2,1,0,6,11,13,1
5,18,4,1,1,0,3,0,0,5,1,1,1,0,0,1,0,6,4,4,1
0,15,4,0,1,2,2,0,0,2,1,1,1,0,0,1,0,4,6,7,1
5,18,4,0,1,0,3,0,0,2,1,1,1,0,0,1,0,3,2,4,1
11,17,4,1,1,0,3,0,0,0,1,1,1,0,2,4,0,6,4,11,1
3,11,4,0,1,0,3,0,0,2,1,1,1,0,0,1,0,9,10,2,1
0,18,4,1,1,0,3,0,0,2,1,1,1,7,0,1,0,2,11,3,1
11,19,4,0,1,4,3,0,1,0,1,1,1,5,2,1,2,6,0,10,1
1,18,4,1,1,0,3,0,0,9,1,1,1,0,0,1,0,6,3,8,0
9,15,4,0,1,0,3,0,0,5,1,1,1,7,0,1,0,8,4,10,1
13,14,0,0,1,0,3,0,0,15,1,1,1,0,2,7,5,5,0,2,1
12,9,0,0,1,4,3,1,1,12,1,1,1,7,2,2,0,8,8,6,0
5,17,4,1,1,0,3,1,0,0,1,1,1,8,0,1,0,1,2,5,1
8,15,4,1,1,0,3,0,0,0,1,1,1,7,0,1,0,6,6,5,1
8,17,3,0,1,0,2,0,0,0,1,1,1,0,2,1,0,6,4,6,1
7,17,4,1,1,0,3,0,0,0,1,1,1,0,0,1,0,7,7,12,1
5,15,4,1,1,0,3,0,0,12,1,1,1,0,0,1,0,6,3,10,0
12,21,4,1,1,0,3,0,0,2,1,1,1,0,2,2,0,1,6,3,1
12,20,0,1,1,0,3,1,0,1,1,1,1,0,2,6,0,1,6,14,1
8,21,4,0,1,0,3,1,0,5,1,1,1,7,0,2,2,1,0,2,1
14,14,0,1,1,0,3,1,0,0,1,1,1,8,2,1,0,2,3,8,0
10,17,0,0,1,0,0,1,0,16,1,1,1,0,0,5,3,9,3,7,1
4,15,4,0,1,0,3,0,0,15,1,1,1,1,0,0,5,0,0,0,0
10,19,4,1,1,0,3,0,0,11,1,1,1,1,0,1,0,6,4,6,0
14,20,0,1,1,3,3,1,1,0,1,1,1,0,2,1,0,8,4,12,1
2,18,4,0,1,0,3,1,0,2,1,1,1,1,0,3,2,1,0,3,1
3,20,4,1,1,0,3,1,0,11,1,1,1,0,0,1,2,1,0,3,0
4,15,4,0,1,0,0,0,0,16,1,1,1,0,0,5,3,9,2,7,0
9,18,4,1,1,0,3,0,0,2,1,1,1,1,0,3,0,6,11,3,1
1,15,4,0,0,0,3,0,0,2,1,1,0,0,0,0,5,0,0,0,1
9,20,4,0,1,4,3,0,1,0,1,1,1,5,0,5,5,6,0,5,1
6,15,4,0,1,0,3,3,0,14,1,1,1,7,0,1,5,6,0,2,1
7,20,4,1,1,0,3,1,0,2,1,1,1,0,0,4,2,0,0,0,1
8,20,4,0,1,3,3,3,1,2,1,1,1,5,0,2,0,6,8,12,0
8,15,4,0,1,0,3,0,0,9,1,1,1,7,0,1,0,6,10,10,1
2,18,4,0,1,0,3,0,0,4,1,1,1,0,0,1,0,9,8,7,1
9,20,0,1,1,0,3,1,0,0,1,1,1,0,0,1,0,9,5,13,0
1,15,4,1,1,4,3,0,1,9,1,1,1,5,0,0,5,0,0,0,1
4,18,4,0,1,0,3,0,0,2,1,1,1,0,0,1,0,2,4,3,1
11,14,4,1,1,0,3,0,0,2,1,1,1,7,2,1,0,6,10,5,1
7,15,4,1,1,0,3,0,0,2,1,1,1,7,0,9,2,0,0,0,1
7,21,4,1,1,0,3,0,0,0,1,1,1,5,0,3,0,1,2,4,1
13,18,0,1,1,0,3,3,0,0,1,1,1,0,2,1,0,6,4,12,0
1,15,4,0,1,0,3,0,0,2,1,1,1,0,0,1,0,6,5,7,1
9,15,4,0,1,0,1,3,0,0,1,1,1,0,0,1,0,9,3,11,1
9,15,4,0,0,0,1,3,0,9,1,0,1,0,0,1,5,6,0,7,1
1,15,4,0,1,4,3,1,0,16,1,1,1,0,0,1,0,4,5,5,1
7,19,0,1,1,0,3,3,0,0,1,1,1,0,0,4,0,6,3,11,0
0,15,4,0,1,0,3,3,0,16,1,1,1,0,0,1,5,8,0,2,1
15,20,0,1,1,0,3,0,0,1,1,1,1,0,2,0,5,0,0,0,1
3,20,4,1,1,0,3,1,0,11,1,1,1,8,0,1,0,3,5,9,1
5,17,4,0,1,0,3,3,0,16,1,1,1,0,0,1,5,0,0,0,1
14,17,4,1,1,0,3,1,0,0,1,1,1,8,2,1,5,6,0,4,0
5,15,4,1,1,4,3,0,1,0,1,1,1,0,0,1,0,8,2,6,1
8,16,4,0,1,0,3,0,0,0,1,1,1,0,0,1,0,6,6,10,1
7,17,4,1,1,0,3,0,0,2,1,1,1,7,0,1,0,4,5,6,1
12,15,4,0,1,0,3,3,0,2,1,1,1,0,2,1,0,6,8,6,0
7,15,4,1,1,4,3,0,1,5,1,1,1,7,0,0,5,0,0,0,1
1,18,4,1,1,0,3,3,0,2,1,1,1,0,0,1,2,1,0,4,1
13,18,0,1,1,0,3,0,0,0,1,1,1,0,2,7,1,1,0,1,1
10,20,0,1,1,0,3,0,0,1,1,1,1,0,0,1,0,6,3,10,1
9,18,4,1,1,0,3,1,0,12,1,1,1,0,0,1,0,2,8,5,0
5,17,3,1,1,0,3,0,0,2,1,1,1,0,0,1,0,3,8,4,1
4,20,4,1,1,0,3,3,0,9,1,1,1,0,0,1,0,6,8,9,1
7,18,4,0,1,0,3,0,0,2,1,1,1,0,0,1,0,6,10,13,1
12,15,4,1,1,0,3,3,0,5,1,1,1,0,2,1,2,8,0,8,1
12,15,0,0,1,3,3,0,1,0,1,1,1,7,2,1,0,6,10,11,1
15,18,4,0,1,0,3,0,0,0,1,1,1,0,2,1,0,4,1,9,1
8,20,4,0,1,0,3,0,0,2,1,1,1,0,0,1,5,6,0,4,1
2,18,4,1,1,0,3,0,0,2,1,1,1,7,0,3,0,2,3,6,0
11,18,4,0,1,0,3,0,0,11,1,1,1,2,2,6,0,6,6,14,1
3,20,4,0,0,0,3,1,0,11,1,1,0,0,0,0,5,0,0,4,0
6,18,4,1,1,0,3,3,0,4,1,1,1,7,0,1,0,1,8,7,1
12,21,0,1,1,0,3,0,0,0,1,1,1,0,2,4,0,6,6,14,1
3,21,0,1,1,0,3,0,0,1,1,1,1,0,0,1,0,6,6,11,0
8,1,4,1,1,4,3,3,1,9,1,1,1,5,0,3,0,6,3,11,0
5,15,4,1,1,0,3,3,0,2,1,1,1,0,0,1,0,2,4,4,1
1,18,4,0,1,0,3,0,0,16,1,1,1,1,0,0,5,0,0,2,1
4,12,4,0,1,4,3,0,1,2,1,1,1,5,0,1,2,0,0,5,1
10,20,4,0,1,0,3,1,0,0,1,1,1,0,0,1,0,6,8,14,1
8,21,4,0,1,0,3,1,0,0,1,1,1,0,0,1,0,6,3,14,0
0,18,4,0,0,0,3,0,0,16,1,1,0,0,0,1,5,1,0,1,0
11,20,4,0,1,0,3,0,0,2,1,1,1,0,2,1,0,9,1,10,1
3,20,4,1,1,0,3,0,0,9,1,1,1,0,0,2,0,6,6,10,0
1,15,4,1,1,4,3,0,1,2,1,1,1,7,0,0,5,0,0,0,1
14,21,4,0,1,0,3,3,0,0,1,1,1,5,2,1,0,6,2,14,1
10,20,4,0,1,0,3,1,0,0,1,1,1,0,0,1,0,8,2,11,1
2,15,4,0,1,0,3,0,0,7,1,1,1,0,0,1,0,2,3,5,1
5,19,4,1,1,0,3,0,0,2,1,1,1,0,0,2,0,3,0,8,1
3,12,4,1,1,0,3,0,0,9,1,1,1,0,0,0,5,0,0,0,1
2,18,4,0,1,0,3,0,0,11,1,1,1,5,0,1,0,1,3,2,1
3,15,4,0,1,0,3,0,0,11,1,1,1,0,0,1,0,6,4,9,1
1,18,4,1,1,0,3,0,0,16,1,1,1,0,0,1,5,0,0,0,1
1,18,4,0,1,0,3,0,0,2,1,1,1,7,0,1,0,6,2,6,1
7,22,4,1,1,0,3,1,0,7,1,1,1,7,0,1,0,6,6,10,1
14,13,0,1,1,4,3,0,1,0,1,1,1,7,2,1,5,6,0,2,1
3,19,4,1,1,0,3,0,0,0,1,1,1,0,0,1,1,1,0,4,1
8,20,0,1,0,0,3,3,0,0,1,1,1,7,0,1,0,8,2,10,1
1,15,0,0,1,3,3,0,1,2,1,1,1,8,0,0,5,0,0,0,1
6,15,0,0,1,0,3,3,0,0,1,1,1,7,0,1,0,6,4,8,0
0,19,4,1,1,0,3,1,0,16,1,1,1,0,0,1,5,1,0,3,0
1,15,4,0,1,0,3,1,0,2,1,1,1,0,0,1,0,6,3,8,1
2,0,4,1,1,4,3,0,1,2,1,1,1,0,0,1,0,1,4,1,1
10,15,4,0,1,0,3,0,0,2,1,1,1,0,0,1,0,6,4,6,1
14,23,0,1,1,4,3,0,1,0,1,1,1,5,2,1,0,6,11,14,0
8,18,4,0,1,0,2,0,0,2,1,1,1,0,0,1,0,4,4,5,0
7,18,4,0,1,0,3,0,0,5,1,1,1,0,0,1,0,6,6,2,1
8,15,0,0,1,0,3,0,0,1,1,1,1,0,0,1,0,6,2,11,1
12,19,0,0,1,0,1,0,0,8,1,1,1,0,2,5,0,7,5,10,0
13,17,2,1,1,4,3,0,1,5,1,1,1,0,2,1,0,6,6,6,1
15,22,4,1,1,4,3,0,1,0,1,1,1,5,2,2,0,6,6,13,1
15,18,0,0,1,0,3,0,0,0,1,1,1,0,2,1,0,4,11,5,0
12,21,0,1,1,4,3,0,1,1,1,1,1,5,2,0,5,0,0,0,1
3,18,4,1,1,0,3,1,0,2,1,1,1,0,0,1,0,3,5,8,1
14,20,0,1,1,0,3,1,0,1,1,1,1,8,2,1,5,0,0,0,0
2,18,4,0,1,0,3,3,0,11,1,1,1,0,0,0,5,0,0,0,0
10,11,4,0,1,0,3,0,0,15,1,1,1,0,0,0,5,0,0,0,1
13,20,4,1,1,4,3,0,1,11,1,1,1,5,2,4,0,6,10,13,1
11,23,0,0,1,3,3,0,1,0,1,1,1,5,2,1,0,6,6,13,1
8,13,4,1,1,0,3,0,0,7,1,1,1,0,0,6,5,0,0,0,1
4,20,4,0,1,0,3,0,0,9,1,1,1,0,0,1,2,1,0,1,1
10,23,0,0,1,2,3,1,0,0,1,1,1,5,0,1,0,6,11,14,0
14,15,0,1,1,0,3,1,0,0,1,1,1,5,2,0,5,0,0,0,1
10,14,4,1,0,0,3,0,0,2,1,1,0,7,0,1,0,6,3,3,1
11,11,0,1,1,4,3,0,1,1,1,1,1,0,2,1,0,9,3,10,1
8,19,4,1,1,0,3,3,0,2,1,1,1,7,0,1,0,6,3,10,1
9,20,4,1,1,4,3,0,1,11,1,1,1,5,0,3,0,3,4,4,0
4,17,4,0,1,0,3,0,0,0,1,1,1,2,0,2,0,6,3,13,1
3,20,4,1,1,0,3,1,0,2,1,1,1,0,0,3,0,8,3,11,1
7,11,0,1,1,4,3,0,1,1,1,1,1,0,0,1,0,6,8,10,1
1,18,4,0,1,0,3,0,0,2,1,1,1,1,0,1,0,4,2,6,1
0,15,4,1,0,0,3,0,0,3,0,0,1,0,0,0,5,0,0,2,1
10,20,4,1,1,3,3,0,1,2,1,1,1,5,0,1,2,0,0,0,1
2,18,4,1,1,0,3,0,0,2,1,1,1,5,0,1,0,3,9,6,0
13,23,4,0,1,0,3,1,0,1,1,1,1,0,2,8,5,8,0,14,1
0,16,4,1,1,0,3,0,0,16,1,1,1,0,0,9,2,0,0,0,1
9,20,4,1,1,0,3,1,0,2,1,1,1,7,0,1,0,6,5,10,1
7,19,4,1,1,0,3,3,0,2,1,1,1,7,0,0,5,0,0,0,1
0,18,4,1,1,0,3,1,0,16,1,1,1,0,0,1,1,2,0,2,1
7,19,4,0,1,0,3,1,0,16,1,1,1,0,0,1,0,9,1,11,0
9,14,0,0,1,2,3,0,1,0,1,1,1,0,0,6,1,6,0,12,0
15,18,0,1,1,0,3,3,0,1,1,1,1,0,2,1,5,0,0,0,1
3,18,0,1,1,0,3,3,0,1,1,1,1,7,0,1,0,1,2,3,1
5,18,4,0,1,0,3,3,0,11,1,1,1,0,0,1,0,2,2,4,1
4,15,4,0,1,0,3,3,0,7,1,1,1,0,0,1,5,0,0,3,1
10,19,4,1,1,0,3,0,0,2,1,1,1,0,0,3,2,0,0,0,1
3,18,4,0,1,0,3,0,0,2,1,1,1,7,0,0,5,0,0,4,1
5,18,4,1,1,0,3,0,0,0,1,1,1,0,0,4,0,1,1,5,0
13,19,0,0,1,0,3,3,0,0,1,1,1,0,2,1,0,6,5,10,0
10,15,0,0,1,3,3,0,1,1,1,1,1,5,0,1,0,6,4,10,1
8,21,4,1,1,0,3,1,0,0,1,1,1,0,0,1,2,0,0,0,1
2,13,4,1,1,0,3,0,0,0,1,1,1,1,0,1,5,1,0,6,1
11,20,4,1,1,0,3,0,0,2,1,1,1,0,2,1,0,6,4,9,1
0,18,4,0,1,0,3,0,0,2,1,1,1,7,0,1,0,6,7,9,1
13,12,0,0,1,2,3,0,0,1,1,1,1,1,2,5,2,0,0,9,1
8,21,4,0,1,0,3,0,0,2,1,1,1,5,0,3,0,6,4,12,1
1,17,4,0,1,0,3,0,0,2,1,1,1,0,0,1,5,0,0,0,1
8,15,4,1,1,0,3,0,0,2,1,1,1,0,0,1,0,6,6,10,1
10,15,0,1,1,3,3,1,1,1,1,1,1,0,0,1,0,6,2,4,1
9,20,4,1,1,0,3,0,0,12,1,1,1,0,0,2,0,6,2,4,1
9,18,4,0,1,0,3,0,0,2,1,1,1,0,0,1,0,6,3,8,1
15,18,0,1,1,3,3,0,1,0,1,1,1,5,2,1,0,4,6,2,1
2,15,4,1,1,4,3,3,1,2,1,1,1,0,0,1,0,6,5,7,1
9,18,4,1,0,0,3,0,0,6,1,0,1,5,0,9,2,4,0,14,1
5,17,3,1,1,0,3,0,0,0,1,1,1,7,2,1,0,6,6,6,0
11,14,4,1,1,0,3,0,0,7,1,1,1,0,2,0,5,0,0,5,1
3,15,4,0,1,0,3,0,0,2,1,1,1,0,0,1,0,6,3,10,1
15,20,2,1,1,0,3,1,0,0,1,1,1,0,2,3,0,6,8,12,0
0,13,4,1,1,0,3,3,0,10,1,1,1,0,0,0,5,0,0,0,1
11,20,0,1,1,0,3,0,0,1,1,1,1,8,2,1,0,6,6,11,1
5,15,4,0,1,0,3,3,0,2,1,1,1,0,0,1,0,4,7,6,1
3,17,3,1,1,0,2,3,0,1,1,1,1,0,2,1,0,1,2,6,1
14,20,4,0,1,0,3,0,0,0,1,1,1,5,2,1,0,6,3,11,1
0,18,4,1,1,0,3,1,0,16,1,1,1,0,0,1,0,1,8,6,1
12,20,2,0,1,0,3,0,0,0,1,1,1,0,2,1,0,9,8,12,0
15,18,0,0,1,0,3,3,0,0,1,1,1,0,2,1,0,6,0,9,1
10,20,4,1,1,4,3,0,1,0,1,1,1,0,0,1,0,8,6,8,1
0,17,4,0,1,0,3,1,0,7,1,1,1,8,0,0,5,0,0,0,1
6,20,0,1,1,0,3,3,0,1,1,1,1,0,0,2,0,5,0,11,1
9,18,0,0,1,0,3,0,0,0,1,1,1,5,0,1,0,6,7,7,1
11,21,4,0,1,4,3,0,1,11,1,1,1,0,2,1,0,6,4,14,1
8,18,4,0,1,0,3,2,0,0,1,1,1,8,0,1,0,6,3,8,1
13,17,0,1,1,3,3,0,1,1,1,1,1,5,2,1,1,2,0,2,1
9,18,4,1,1,4,3,0,1,5,1,1,1,5,0,1,5,0,0,4,1
14,15,4,1,1,0,3,1,0,0,1,1,1,0,2,1,0,6,8,6,1
8,20,4,0,1,0,3,0,0,2,1,1,1,1,0,3,0,6,8,6,1
7,19,4,0,1,0,3,3,0,11,1,1,1,0,0,1,0,6,7,7,1
10,21,4,0,1,4,3,3,1,0,1,1,1,5,0,1,5,0,0,8,0
15,22,0,0,1,0,3,1,0,1,1,1,1,0,2,1,0,6,9,13,1
12,15,4,0,1,3,3,0,1,0,1,1,1,0,2,1,0,6,2,8,1
14,21,0,1,1,0,3,0,0,0,1,1,1,5,2,4,0,6,10,12,1
7,18,0,1,1,3,3,3,1,2,1,1,1,5,0,1,0,3,8,8,1
3,21,0,1,1,4,3,0,1,1,1,1,1,0,0,1,0,7,6,14,1
8,18,4,0,1,0,3,0,0,2,1,1,1,0,0,1,0,6,8,11,1
5,17,4,0,1,0,3,1,0,2,1,1,1,0,0,4,0,6,3,11,1
7,20,4,0,1,0,3,0,0,11,1,1,1,0,0,3,0,6,4,11,0
7,17,4,1,1,0,3,3,0,2,1,1,1,0,0,1,0,5,2,6,1
4,18,4,0,1,0,3,0,0,7,1,1,1,0,0,1,5,0,0,1,1
0,15,4,1,1,3,3,0,1,2,1,1,1,5,0,9,2,0,0,0,1
2,20,4,1,1,2,3,1,0,2,1,1,1,0,0,6,0,1,6,2,1
0,15,4,0,1,4,3,0,1,16,1,1,1,7,0,1,5,6,0,3,1
1,14,4,0,0,0,3,0,0,16,1,1,0,0,0,0,5,0,0,0,0
15,20,2,0,1,3,3,1,1,10,1,1,1,0,2,4,0,6,11,11,1
1,18,4,1,1,3,3,0,0,16,1,1,1,0,0,7,5,4,0,5,1
15,19,0,0,1,0,3,0,0,9,1,1,1,5,2,4,0,6,11,8,1
14,19,0,0,1,0,3,3,0,1,1,1,1,0,2,7,0,5,0,13,0
3,17,4,0,1,0,3,0,0,2,1,1,1,0,0,1,0,4,8,5,0
15,20,0,0,1,3,3,0,1,0,1,1,1,5,2,1,0,8,2,13,1
6,15,4,0,1,0,3,0,0,7,1,1,1,0,0,0,5,0,0,10,0
9,18,4,1,1,0,3,0,0,2,1,1,1,0,0,1,0,6,5,6,1
0,15,4,0,1,0,3,1,0,7,1,1,1,8,0,0,5,0,0,0,1
4,15,0,0,1,0,1,0,0,0,1,1,1,0,0,1,0,4,3,3,0
4,19,4,0,1,0,3,1,0,16,1,1,1,0,0,1,0,7,4,11,0
13,15,4,1,1,0,3,0,0,7,1,1,1,0,2,1,0,6,1,9,1
4,18,4,0,1,0,3,0,0,2,1,1,1,0,0,1,0,6,6,8,0
8,15,2,1,1,0,3,1,0,7,1,1,1,0,0,0,5,0,0,7,0
8,21,4,0,1,0,3,0,0,0,1,1,1,0,0,2,0,2,6,8,0
13,20,0,0,1,4,3,0,1,1,1,1,1,5,2,1,0,6,8,14,1
2,18,4,1,1,0,3,0,0,2,1,1,1,0,0,1,0,3,4,4,1
15,8,3,0,1,0,3,0,1,9,1,1,1,1,2,6,0,3,4,3,0
9,15,4,0,1,0,3,1,0,11,1,1,1,0,0,1,5,6,0,4,0
9,18,4,1,1,0,3,0,0,2,1,1,1,7,0,1,5,0,0,0,1
11,21,0,1,1,4,3,0,1,0,1,1,1,5,2,1,0,6,5,14,1
3,18,4,0,1,0,3,1,0,0,1,1,1,0,0,1,0,5,9,6,1
4,18,4,1,0,0,3,1,0,2,1,1,1,0,0,0,5,0,0,4,1
9,15,4,1,1,3,3,3,1,5,1,1,1,5,0,0,5,0,0,0,1
0,15,4,0,1,0,3,3,0,11,1,1,1,7,0,1,0,4,3,6,1
6,20,4,0,1,0,3,1,0,2,1,1,1,8,0,1,0,8,1,6,1
7,20,4,0,1,0,3,0,0,2,1,1,1,7,0,4,0,1,2,2,1
2,15,4,0,1,0,3,0,0,4,1,1,1,0,0,0,5,0,0,0,1
11,17,4,0,1,0,3,0,0,16,1,1,1,1,2,1,5,6,0,7,1
6,19,4,1,1,3,3,3,1,2,1,1,1,5,0,1,0,4,2,5,1
11,15,0,1,1,0,3,0,0,8,1,1,1,5,2,1,0,6,4,6,1
13,23,0,1,1,2,3,3,0,0,1,1,1,5,2,1,0,4,6,13,1
5,0,4,1,1,4,3,0,1,2,1,1,1,0,0,1,0,6,4,6,1
13,0,0,1,1,0,3,0,0,1,1,1,1,0,2,1,0,8,4,9,1
5,14,0,0,1,4,3,1,1,2,1,1,1,0,0,1,2,8,0,10,1
14,17,2,0,1,0,2,0,0,12,1,1,1,0,2,1,0,6,3,11,0
4,15,4,0,0,0,3,3,0,9,1,1,1,0,0,1,0,6,4,4,1
14,13,0,1,1,0,3,0,0,8,1,1,1,0,2,1,5,6,0,7,1
0,18,4,1,1,0,3,0,0,5,1,1,1,7,0,1,2,1,0,3,1
0,15,4,0,1,0,3,3,0,2,1,1,1,7,0,0,5,0,0,0,1
13,21,0,0,1,2,0,0,0,0,1,1,1,5,2,5,0,8,6,14,0
9,20,4,1,1,0,3,0,0,11,1,1,1,5,0,1,5,8,0,6,1
7,19,4,1,1,2,3,0,0,2,1,1,1,0,0,1,0,5,10,8,0
14,8,0,0,1,4,3,1,1,16,1,1,1,0,2,1,1,6,0,6,1
11,20,4,0,1,3,3,0,1,0,1,1,1,0,2,1,0,8,2,13,0
1,18,4,0,1,0,3,1,0,9,1,1,1,0,0,4,2,1,0,2,1
15,20,4,0,1,0,3,0,0,0,1,1,1,5,2,1,2,6,0,14,1
13,15,4,0,1,0,3,0,0,12,1,1,1,0,2,1,0,6,3,5,1
15,11,0,0,1,4,3,0,1,1,1,1,1,0,2,6,0,6,3,14,1
6,17,4,1,1,0,3,0,0,0,1,1,1,0,0,9,2,0,0,0,1
13,21,0,1,1,0,3,1,0,0,1,1,1,0,2,6,0,2,5,8,0
3,18,4,0,1,0,3,3,0,2,1,1,1,0,0,0,5,0,0,0,1
10,20,4,1,1,0,3,0,0,12,1,1,1,0,0,1,0,9,6,14,1
2,18,4,1,1,0,3,0,0,16,1,1,1,0,0,1,5,3,0,4,0
7,8,0,1,1,4,3,0,1,1,1,1,1,0,0,1,1,1,0,4,1
8,18,4,0,1,0,3,0,0,11,1,1,1,7,0,6,0,6,8,11,1
5,20,4,1,1,0,3,1,0,12,1,1,1,0,0,1,5,0,0,0,1
11,15,4,0,1,0,3,0,0,0,1,1,1,0,2,1,0,9,4,14,1
13,20,0,1,1,0,3,0,0,1,1,1,1,0,2,1,0,6,6,14,1
14,20,2,0,1,0,1,1,0,0,1,1,1,0,2,1,0,9,11,12,1
0,17,4,0,1,0,3,0,0,2,1,1,1,7,0,1,0,3,4,2,1
6,15,4,0,1,0,3,1,0,2,1,1,1,8,0,8,5,0,0,0,1
8,18,0,0,1,4,3,0,1,0,1,1,1,0,0,1,0,6,6,9,1
7,13,4,1,1,0,3,0,0,2,1,1,1,0,0,0,5,0,0,7,1
13,23,0,0,1,3,3,3,1,2,1,1,1,5,2,1,0,8,11,14,1
14,11,2,1,0,3,3,2,1,0,1,1,1,0,2,0,5,0,0,0,1
3,14,4,0,1,0,3,0,0,2,1,1,1,7,0,1,0,6,1,8,1
1,15,4,0,1,0,3,3,0,2,1,1,1,0,0,0,5,0,0,0,1
8,20,4,1,1,0,3,0,0,2,1,1,1,0,0,1,0,6,2,8,1
9,21,4,1,1,4,3,0,1,0,1,1,1,7,0,1,0,6,6,12,1
10,14,0,1,1,4,3,0,1,0,1,1,1,7,0,1,0,6,5,7,0
10,20,4,1,1,4,3,0,1,0,1,1,1,5,0,1,0,6,8,13,0
2,15,4,1,1,0,3,0,0,2,1,1,1,0,0,1,5,1,0,2,1
8,1,3,0,1,0,2,0,0,2,1,1,1,0,0,6,0,6,3,13,1
7,15,4,0,1,2,3,0,0,2,1,1,1,0,0,1,0,6,6,12,0
5,20,4,1,1,3,3,0,1,0,1,1,1,5,0,4,0,6,8,7,1
8,18,0,1,1,4,3,0,1,8,1,1,1,2,0,0,5,0,0,0,1
11,21,0,1,1,4,3,0,1,1,1,1,1,5,2,0,5,0,0,0,1
1,18,4,1,1,0,3,0,0,2,1,1,1,0,0,1,0,3,8,5,1
15,18,0,1,1,0,3,0,0,1,1,1,1,7,2,1,0,7,10,11,1
5,15,4,0,0,0,3,3,0,15,1,1,1,0,0,0,5,0,0,0,1
6,20,4,1,1,0,3,0,0,2,1,1,1,5,0,1,0,6,3,5,1
8,18,4,0,1,0,3,0,0,12,1,1,1,5,0,3,0,6,5,11,0
4,20,4,0,1,0,3,0,0,2,1,1,1,0,0,2,0,3,8,8,1
9,20,4,1,1,3,3,3,1,5,1,1,1,7,0,1,0,8,4,12,1
4,20,4,0,1,3,3,3,1,2,1,1,1,5,0,1,0,2,9,4,1
11,15,0,0,1,4,3,0,1,0,1,1,1,0,2,1,0,8,2,10,1
0,15,4,1,1,0,3,0,0,2,1,1,1,0,0,1,0,6,8,6,1
3,15,4,0,1,0,3,0,0,2,1,1,1,0,0,1,0,6,3,3,1
5,20,4,0,1,0,3,1,0,2,1,1,1,0,0,1,0,3,1,2,1
14,22,1,1,1,3,3,1,0,14,1,1,1,0,2,1,0,9,5,11,0
14,15,0,1,1,4,3,0,1,8,1,1,1,0,2,0,5,0,0,0,1
15,22,4,0,1,0,3,0,0,11,1,1,1,8,2,1,0,9,6,14,1
14,19,4,1,1,0,3,3,0,0,1,1,1,4,2,3,0,5,8,5,1
7,15,4,1,1,0,3,1,0,12,1,1,1,0,0,1,0,2,1,4,0
7,15,0,1,1,4,3,0,1,1,1,1,1,7,0,1,0,5,6,8,0
11,20,4,0,1,0,3,0,0,0,1,1,1,0,2,7,0,9,8,13,1
3,20,4,1,1,4,3,0,1,0,1,1,1,5,0,1,1,6,0,13,1
14,23,2,1,1,0,3,0,0,0,1,1,1,5,2,2,0,6,8,13,1
3,19,4,1,1,0,3,1,0,2,1,1,1,0,0,1,5,5,0,3,0
2,15,4,0,1,0,3,0,0,9,1,1,1,7,0,3,0,6,6,9,1
4,20,4,1,1,4,3,0,1,2,1,1,1,5,0,6,0,2,3,2,0
9,20,4,1,1,3,3,3,1,12,1,1,1,5,0,1,0,6,4,9,1
14,18,4,0,1,0,3,0,0,11,1,1,1,5,2,1,0,6,2,11,1
5,15,4,1,1,0,3,0,0,2,1,1,1,7,0,1,0,6,4,8,1
0,15,4,1,0,0,2,0,0,6,0,1,0,6,0,0,2,0,0,0,1
14,20,4,0,1,0,3,0,0,2,1,1,1,0,2,1,0,4,4,13,1
1,15,4,0,1,0,3,0,0,11,1,1,1,0,0,1,0,7,3,9,0
6,20,4,0,1,0,3,1,0,2,1,1,1,8,0,1,0,8,8,13,1
11,20,4,1,1,0,3,0,0,0,1,1,1,1,2,1,2,6,0,5,1
4,18,4,0,1,0,3,0,0,15,1,1,1,1,0,0,5,0,0,0,1
9,18,4,0,1,0,3,0,0,0,1,1,1,7,0,1,0,8,11,8,1
8,0,4,1,1,0,3,0,0,12,1,1,1,0,0,6,0,2,3,6,1
7,20,0,0,1,0,3,1,0,0,1,1,1,0,0,5,0,7,6,11,0
5,15,4,0,1,0,3,0,0,5,1,1,1,7,0,1,0,6,2,3,0
5,17,4,0,1,0,3,1,0,2,1,1,1,8,0,1,0,6,8,6,1
5,15,4,1,1,3,3,0,1,2,1,1,1,5,0,0,5,0,0,0,1
11,20,4,1,1,3,3,0,1,2,1,1,1,5,2,0,5,0,0,0,1
11,20,0,1,1,0,3,0,0,1,1,1,1,0,2,1,0,6,10,6,0
6,18,4,0,1,0,3,0,0,14,1,1,1,0,0,1,0,4,6,7,1
10,21,0,0,1,4,3,0,1,1,1,1,1,7,0,1,0,4,4,5,1
2,18,4,1,1,0,3,0,0,0,1,1,1,7,0,1,0,3,2,6,1
9,17,4,1,1,0,3,3,0,2,1,1,1,0,0,2,0,6,3,7,1
3,20,4,0,1,3,3,3,1,2,1,1,1,5,0,1,0,2,4,3,1
1,15,4,1,1,0,3,0,0,2,1,1,1,0,0,1,0,4,1,5,1
3,20,4,1,1,0,3,1,0,2,1,1,1,0,0,1,0,4,6,5,1
1,14,4,1,1,4,3,0,1,16,1,1,1,5,0,0,5,0,0,0,1
8,20,0,0,1,0,3,0,0,1,1,1,1,0,0,1,0,8,11,14,0
5,19,4,0,0,0,3,0,0,11,1,1,0,0,0,1,0,4,2,5,0
8,18,3,0,1,0,3,0,0,2,1,1,1,0,0,1,0,8,2,7,1
11,14,0,0,1,4,3,0,1,0,1,1,1,7,2,1,0,6,8,11,1
9,21,4,1,1,4,3,0,1,0,1,1,1,0,0,1,5,6,0,7,1
2,16,4,1,1,0,3,0,0,2,1,1,1,0,0,1,5,1,0,1,1
13,17,4,0,1,0,3,1,0,15,1,1,1,8,2,4,5,6,0,2,0
8,17,0,0,1,0,3,0,0,0,1,1,1,0,0,2,0,6,11,13,1
0,18,4,0,1,0,3,3,0,2,1,1,1,0,0,0,5,0,0,0,1
12,20,0,1,1,0,3,1,0,0,1,1,1,0,2,4,0,8,4,14,1
2,18,4,1,0,0,3,1,0,16,1,1,0,0,0,1,5,0,0,0,1
0,18,4,0,1,0,3,0,0,2,1,1,1,8,0,1,5,0,0,0,1
11,20,0,1,1,3,3,0,1,0,1,1,1,0,2,1,0,6,2,14,1
2,15,4,0,1,0,0,0,0,16,1,1,1,0,0,5,3,9,1,6,0
11,20,4,1,1,0,3,0,0,12,1,1,1,7,2,1,0,6,8,11,1
14,20,0,1,1,4,3,0,1,1,1,1,1,5,2,1,0,6,5,9,1
9,20,0,0,1,0,3,1,0,0,1,1,1,0,0,4,0,6,4,14,1
9,20,4,0,1,3,3,2,1,5,1,1,1,0,0,1,0,6,6,10,1
11,15,0,0,1,0,1,1,0,0,1,1,1,8,2,1,0,9,3,9,1
11,20,0,1,1,4,3,0,1,0,1,1,1,5,2,1,0,6,6,12,1
0,17,4,0,1,0,3,1,0,2,1,1,1,0,0,1,1,4,0,1,1
1,18,4,0,0,0,3,0,0,2,0,1,1,5,0,1,0,2,9,5,1
6,20,4,0,1,0,3,1,0,2,1,1,1,8,0,1,0,5,0,6,0
5,18,4,1,1,0,3,0,0,11,1,1,1,0,0,2,0,1,2,2,1
2,15,4,1,1,0,3,0,0,2,1,1,1,0,0,1,0,2,1,2,1
2,19,4,1,1,0,3,0,0,0,1,1,1,0,0,1,0,3,3,3,0
3,14,4,0,1,0,3,3,0,11,1,1,1,0,0,0,5,0,0,0,0
5,15,4,1,1,0,3,0,0,2,1,1,1,0,0,0,5,0,0,0,1
6,20,0,0,1,0,3,0,0,0,1,1,1,0,0,1,0,6,11,12,1
0,15,4,1,1,0,3,0,0,2,1,1,1,0,0,1,0,5,1,5,0
6,19,4,1,1,0,3,1,0,2,1,1,1,0,0,1,0,2,8,4,0
14,11,4,0,0,0,3,1,0,0,1,1,0,0,2,0,5,0,0,0,1
15,19,0,1,1,0,3,1,0,2,1,1,1,0,2,0,5,0,0,0,1
9,20,0,1,1,0,3,0,0,0,1,1,1,5,0,1,0,6,8,13,0
7,20,0,1,1,4,3,0,1,1,1,1,1,5,0,1,2,0,0,0,1
8,20,4,0,1,3,3,0,1,0,1,1,1,5,0,1,0,6,8,13,0
4,19,4,0,1,0,3,0,0,15,1,1,1,1,0,0,5,0,0,0,1
3,18,0,1,1,0,3,0,0,1,1,1,1,5,0,5,0,6,3,5,1
0,17,4,0,1,0,3,0,0,15,1,1,1,0,0,1,5,3,0,1,1
4,15,4,1,1,0,3,3,0,3,1,1,1,1,0,6,0,1,2,5,0
12,20,4,1,1,0,3,1,0,0,1,1,1,0,2,4,0,6,3,12,1
14,20,4,1,1,0,3,2,0,0,1,1,1,0,2,6,0,6,10,12,1
10,17,4,1,1,3,3,0,1,11,1,1,1,0,0,1,0,7,2,10,1
1,15,4,1,0,1,3,3,0,5,0,1,0,2,0,2,0,2,10,5,1
3,18,4,0,1,0,3,0,0,2,1,1,1,0,0,1,0,8,4,9,0
7,22,4,1,1,0,3,0,0,0,1,1,1,7,0,2,0,9,4,10,1
6,20,0,0,1,0,3,1,0,0,1,1,1,0,0,2,0,6,3,12,1
15,20,0,1,1,4,3,0,1,1,1,1,1,0,2,0,5,0,0,0,1
10,20,0,1,1,4,3,0,1,1,1,1,1,0,0,1,1,6,0,11,1
3,20,4,0,1,0,3,3,0,14,1,1,1,0,0,1,0,9,6,3,0
7,19,4,0,1,0,3,1,0,11,1,1,1,8,0,1,0,7,4,12,0
7,18,4,1,1,0,3,3,0,9,1,1,1,0,0,4,0,4,5,8,1
10,18,4,0,1,0,3,3,0,2,1,1,1,0,0,6,0,5,6,7,1
7,20,0,1,1,0,3,0,0,0,1,1,1,0,0,1,0,6,2,14,0
6,18,4,0,1,0,3,0,0,2,1,1,1,0,0,1,0,6,8,10,1
13,21,4,0,1,3,3,0,1,2,1,1,1,5,2,1,0,6,3,14,1
11,14,0,1,1,0,3,0,0,0,1,1,1,7,2,1,0,8,8,8,1
1,15,4,0,1,0,3,1,0,7,1,1,1,0,0,1,0,5,1,5,1
0,18,4,1,1,3,3,0,1,2,1,1,1,5,0,1,0,2,6,4,1
0,15,4,1,1,0,3,0,0,16,1,1,1,1,0,1,5,1,0,3,0
8,20,4,0,1,0,3,3,0,4,1,1,1,0,0,5,0,9,6,7,0
14,18,0,0,1,0,3,0,0,0,1,1,1,0,2,1,0,8,4,10,1
7,20,4,1,1,0,3,1,0,5,1,1,1,0,0,1,0,8,2,13,1
12,15,4,0,1,0,3,0,0,0,1,1,1,7,2,1,0,6,3,9,1
7,21,4,1,1,0,3,1,0,0,1,1,1,0,0,2,0,1,8,9,0
1,19,4,1,1,0,3,3,0,2,1,1,1,1,0,3,0,4,4,6,1
6,11,4,0,1,4,3,0,1,11,1,1,1,0,0,0,5,0,0,0,1
14,18,4,0,1,0,3,0,0,0,1,1,1,0,2,1,0,7,5,11,1
2,18,0,0,0,0,3,0,0,8,1,1,0,0,0,5,5,2,0,3,1
2,18,4,0,1,0,1,0,0,16,1,1,1,0,0,1,0,8,7,8,1
0,18,4,1,1,0,3,0,0,2,1,1,1,0,0,0,5,0,0,0,1
9,18,4,1,1,0,3,0,0,0,1,1,1,0,0,0,5,0,0,0,1
9,21,4,0,1,0,3,0,0,5,1,1,1,5,0,1,0,8,1,13,1
3,15,4,0,1,0,3,0,0,12,1,1,1,0,0,1,0,6,8,5,0
4,18,4,0,1,0,3,0,0,2,1,1,1,7,0,1,0,6,1,8,1
3,15,4,0,1,0,3,0,0,2,1,1,1,6,0,1,1,6,0,9,0
9,18,4,1,1,4,3,0,1,0,1,1,1,0,0,1,5,0,0,0,0
13,11,2,0,0,0,3,1,0,15,1,1,1,0,2,1,5,9,0,0,1
0,17,4,1,1,0,3,0,0,2,1,1,1,0,0,3,0,5,2,2,1
14,19,0,0,1,0,3,0,0,1,1,1,1,0,2,1,0,6,2,14,0
11,20,4,1,1,0,3,1,0,7,1,1,1,0,2,1,0,9,11,14,1
14,20,0,1,1,0,3,0,0,0,1,1,1,7,2,1,0,6,11,13,1
14,15,0,1,1,0,3,0,0,0,1,1,1,0,2,1,0,6,6,10,1
14,19,0,1,1,0,3,1,0,2,1,1,1,8,2,1,0,8,6,10,1
4,18,4,0,1,0,3,0,0,16,1,1,1,7,0,1,1,6,0,2,1
13,21,0,1,1,4,3,0,1,1,1,1,1,5,2,0,5,0,0,0,1
3,15,4,0,1,0,3,0,0,0,1,1,1,0,0,1,0,9,8,11,0
10,20,4,1,1,0,3,0,0,2,1,1,1,7,0,1,1,3,0,2,1
7,15,4,0,1,0,3,0,0,2,1,1,1,0,0,1,0,8,6,11,1
2,0,4,1,1,4,3,3,1,5,1,1,1,7,0,6,0,2,4,3,1
5,20,4,0,1,4,3,0,1,0,1,1,1,0,0,2,0,9,6,2,0
13,20,4,0,1,3,3,3,1,11,1,1,1,5,2,1,0,6,8,11,0
2,15,4,0,1,0,3,0,0,15,1,1,1,0,0,0,5,0,0,0,0
12,18,0,0,1,0,3,0,0,1,1,1,1,0,2,1,0,8,3,12,1
12,13,4,0,1,0,3,0,0,15,1,1,1,7,2,1,5,0,0,0,1
8,15,4,1,1,0,3,0,0,2,1,1,1,7,0,1,0,6,6,2,1
12,11,4,0,1,4,3,3,1,9,1,1,1,0,2,6,2,1,0,2,1
10,21,0,1,1,4,3,3,1,1,1,1,1,5,0,1,0,6,4,14,1
7,21,0,1,1,0,3,0,0,0,1,1,1,0,0,1,5,6,0,14,1
6,20,4,0,1,0,3,0,0,12,1,1,1,0,0,1,0,6,0,9,0
7,15,4,0,1,0,3,0,0,12,1,1,1,0,0,1,0,7,3,9,1
6,15,0,0,1,0,3,1,0,0,1,1,1,0,0,1,0,6,3,9,0
5,18,2,1,1,1,3,2,1,9,1,1,1,0,0,1,0,5,3,2,1
14,15,0,0,1,0,1,0,0,8,1,1,1,7,2,5,0,6,4,9,1
12,20,4,1,1,0,3,1,0,12,1,1,1,0,2,2,0,6,3,10,1
9,20,0,1,1,0,3,0,0,0,1,1,1,5,0,4,0,8,3,11,0
4,0,4,0,1,4,3,0,1,2,1,1,1,7,0,1,0,6,4,9,1
7,20,4,0,1,0,3,0,0,0,1,1,1,0,0,4,0,6,10,14,1
7,17,4,0,1,0,3,3,0,11,1,1,1,0,0,4,0,4,8,8,1
8,20,4,0,1,3,3,0,1,0,1,1,1,5,0,3,0,6,6,13,1
0,18,4,1,1,0,3,3,0,16,1,1,1,0,0,0,5,0,0,0,1
0,15,4,1,1,0,3,1,0,16,1,1,1,0,0,0,5,0,0,0,0
6,15,4,0,1,0,3,3,0,5,1,1,1,7,0,1,0,8,3,11,1
15,15,0,0,1,0,3,1,0,0,1,1,1,8,2,6,0,6,6,13,1
1,19,4,1,1,0,3,1,0,2,1,1,1,0,0,1,0,1,4,4,1
11,20,4,0,1,0,3,0,0,2,1,1,1,7,2,1,0,6,1,8,1
6,17,4,1,1,0,3,3,0,2,1,1,1,7,0,1,0,1,2,7,1
15,15,0,0,1,3,3,3,1,1,1,1,1,5,2,1,0,7,6,13,1
0,19,4,1,1,0,3,0,0,2,1,1,1,0,0,1,0,4,0,9,1
6,19,4,0,1,0,3,1,0,12,1,1,1,0,0,1,0,3,6,8,0
5,21,4,1,1,4,3,0,1,0,1,1,1,0,0,1,0,8,1,4,0
4,20,4,1,1,0,3,0,0,2,1,1,1,0,0,0,5,0,0,4,1
5,17,4,1,1,0,3,3,0,2,1,1,1,7,0,1,0,6,2,5,1
10,21,4,1,1,0,3,0,0,0,1,1,1,5,0,1,0,7,4,14,1
4,12,2,1,0,0,3,3,0,3,1,1,1,0,0,1,0,6,2,5,1
2,18,4,1,0,0,3,0,0,2,1,1,1,0,0,1,0,2,6,4,1
15,18,0,1,1,0,3,0,0,0,1,1,1,0,2,1,2,6,0,5,1
8,15,4,1,1,0,3,1,0,12,1,1,1,0,0,1,1,6,0,12,1
13,15,4,0,1,0,3,0,0,15,1,1,1,1,2,0,5,0,0,0,1
14,8,0,0,1,4,3,0,1,0,1,1,1,0,2,1,0,6,2,14,1
12,18,4,1,1,0,3,3,0,14,1,1,1,0,2,1,5,0,0,0,1
11,15,0,1,1,0,3,0,0,0,1,1,1,7,2,1,0,6,2,9,0
14,15,2,1,0,0,3,0,0,0,1,1,1,0,2,1,5,0,0,0,1
13,11,0,1,1,4,3,0,1,1,1,1,1,0,2,1,0,9,3,14,1
15,20,4,1,1,0,3,1,0,0,1,1,1,0,2,3,0,6,7,12,1
14,8,1,0,0,3,1,1,1,0,1,0,1,0,2,4,5,0,0,2,0
4,10,4,0,1,4,3,0,1,7,1,1,1,0,0,5,0,6,2,10,0
11,11,3,1,1,0,3,0,0,0,1,1,1,7,2,1,0,6,5,6,1
2,18,4,1,1,0,3,3,0,2,1,1,1,0,0,1,0,4,2,5,1
11,20,0,0,1,3,3,0,1,0,1,1,1,0,2,1,2,6,0,10,1
10,18,4,1,1,0,3,1,0,0,1,1,1,8,0,1,5,0,0,11,0
9,18,0,0,1,0,0,0,0,0,1,1,1,7,0,5,3,6,9,12,1
13,20,0,1,1,0,3,1,0,0,1,1,1,8,2,1,0,7,10,14,1
7,18,0,1,1,3,3,0,1,1,1,1,1,0,0,1,2,0,0,0,1
3,20,4,0,1,0,3,1,0,2,1,1,1,0,0,1,0,5,6,6,1
1,15,4,1,1,0,3,2,0,0,1,1,1,3,0,5,3,7,3,6,0
12,20,4,0,1,0,3,0,0,0,1,1,1,0,2,1,0,4,4,10,1
3,15,4,0,1,0,0,1,0,16,1,1,1,0,0,5,3,9,2,8,1
7,13,0,1,1,0,3,0,0,0,1,1,1,7,0,1,0,6,2,13,1
9,1,4,1,1,4,3,0,1,15,1,1,1,5,0,3,5,0,0,0,1
15,23,0,1,1,4,3,0,1,1,1,1,1,5,2,0,5,0,0,3,1
1,15,4,1,1,0,3,3,0,11,1,1,1,1,0,1,0,4,1,5,1
8,18,4,1,1,0,3,0,0,2,1,1,1,0,0,3,0,3,3,1,1
10,15,4,1,1,0,3,1,0,4,1,1,1,0,0,4,0,1,2,7,1
1,15,4,1,1,0,3,1,0,2,1,1,1,8,0,1,5,6,0,2,1
7,17,0,1,1,0,3,0,0,0,1,1,1,0,0,1,0,6,6,9,1
4,14,0,0,1,0,3,3,0,2,1,1,1,0,0,1,0,2,5,3,1
0,17,4,0,1,0,3,3,0,2,1,1,1,7,0,1,5,1,0,1,1
8,18,0,1,1,4,3,0,1,1,1,1,1,0,0,1,5,0,0,0,1
12,19,4,0,1,0,3,3,0,0,1,1,1,0,2,1,0,6,5,7,0
5,17,4,0,1,0,3,0,0,2,1,1,1,5,0,1,0,2,11,5,1
2,17,4,0,1,0,0,1,0,16,1,1,1,0,2,5,3,9,11,6,0
0,15,4,0,1,0,3,0,0,2,1,1,1,7,0,0,5,0,0,0,1
2,15,4,1,0,0,3,0,0,0,1,0,1,7,0,1,2,6,0,2,1
13,20,4,0,1,0,3,1,0,0,1,1,1,0,2,1,0,6,8,14,1
8,20,4,1,0,0,3,0,0,2,1,1,1,0,0,1,0,2,5,3,1
1,17,4,0,1,0,3,1,0,16,1,1,1,0,0,6,5,1,0,2,0
13,15,4,0,1,0,3,0,0,2,1,1,1,0,2,1,0,6,6,11,1
5,18,4,1,1,0,3,0,0,2,1,1,1,0,0,2,0,1,3,3,1
15,15,0,1,1,4,3,0,1,2,1,1,1,7,2,6,0,6,5,6,1
10,20,4,0,1,0,3,1,0,2,1,1,1,0,0,2,0,6,11,10,1
12,19,3,1,1,0,3,0,0,0,1,1,1,7,2,1,0,7,4,9,1
11,20,0,0,1,0,3,1,0,0,1,1,1,0,2,1,0,7,5,14,1
14,15,4,0,1,3,3,0,1,0,1,1,1,0,2,1,0,9,8,11,1
3,18,4,0,1,0,3,3,0,11,1,1,1,0,0,9,2,0,0,0,0
9,15,0,0,1,0,3,0,0,1,1,1,1,0,0,1,0,6,6,9,0
14,17,2,1,1,0,3,0,0,0,1,1,1,0,2,1,0,6,1,11,1
10,20,0,1,1,0,3,1,0,8,1,1,1,7,0,3,0,7,6,11,1
11,20,4,1,1,0,3,3,0,12,1,1,1,0,2,2,0,6,8,9,1
13,19,4,0,1,0,3,3,0,2,1,1,1,0,2,1,0,6,5,11,1
6,19,4,1,1,0,3,0,0,2,1,1,1,0,0,1,0,6,8,11,1
13,21,4,0,1,0,3,1,0,0,1,1,1,0,2,4,0,9,10,14,0
0,15,4,0,1,0,3,0,0,2,1,1,1,0,0,1,0,1,6,2,1
10,20,0,1,1,0,3,1,0,0,1,1,1,0,0,7,1,9,0,13,1
8,20,4,1,1,0,3,0,0,0,1,1,1,0,0,1,0,6,9,7,1
13,15,0,1,0,0,3,1,0,13,1,1,0,8,2,1,0,5,2,6,1
3,15,4,0,1,0,3,1,0,2,1,1,1,0,0,1,0,4,3,5,1
10,17,2,0,1,0,3,1,0,12,1,1,1,0,0,1,0,7,8,10,0
7,13,4,0,1,0,3,0,0,0,1,1,1,0,0,6,0,6,6,6,0
7,15,4,1,1,0,3,0,0,12,1,1,1,0,0,1,0,6,1,6,0
4,20,4,0,1,0,3,1,0,2,1,1,1,7,0,1,0,2,7,4,1
6,19,4,1,1,0,3,0,0,2,1,1,1,0,0,1,5,0,0,0,1
4,20,4,0,1,0,3,1,0,2,1,1,1,0,0,1,0,2,5,8,1
10,20,4,0,1,0,3,0,0,0,1,1,1,5,0,1,2,0,0,0,0
11,19,0,1,1,3,3,1,1,0,1,1,1,0,2,1,0,8,3,6,1
8,18,4,0,1,0,3,1,0,2,1,1,1,7,0,1,5,4,0,1,1
5,18,4,0,1,0,3,1,0,2,1,1,1,0,0,2,0,5,4,3,1
12,19,0,1,1,0,3,3,0,0,1,1,1,0,2,1,0,6,3,11,1
8,15,4,0,1,0,3,0,0,7,1,1,1,0,0,1,0,6,11,7,0
15,21,0,1,1,4,3,0,1,1,1,1,1,5,2,0,5,0,0,0,0
13,15,4,0,1,0,3,1,0,0,1,1,1,0,2,4,0,6,3,10,1
13,19,0,1,1,0,3,3,0,1,1,1,1,0,2,2,0,1,0,2,1
10,21,0,0,1,4,3,0,1,1,1,1,1,0,0,6,0,9,6,14,0
9,20,4,1,1,0,3,0,0,12,1,1,1,7,0,1,5,8,0,5,0
11,16,4,1,1,0,3,1,0,0,1,1,1,0,2,1,5,6,0,4,0
11,21,4,0,1,0,3,1,0,0,1,1,1,0,2,1,0,8,10,14,0
1,15,4,1,1,0,3,1,0,10,1,1,1,8,0,1,5,1,0,1,0
0,18,4,1,1,0,3,1,0,11,1,1,1,0,0,3,0,1,4,3,1
13,20,0,1,1,0,3,0,0,0,1,1,1,0,2,1,0,6,3,12,1
3,20,4,1,1,0,3,0,0,2,1,1,1,7,0,1,0,6,3,6,1
1,18,4,0,1,0,3,0,0,2,1,1,1,0,0,1,0,6,6,2,1
6,15,4,0,1,0,3,0,0,0,1,1,1,1,0,4,0,1,1,3,1
7,15,4,0,0,0,3,3,0,2,1,1,0,0,0,0,5,0,0,3,1
2,18,4,1,1,0,3,0,0,11,1,1,1,5,0,1,0,4,4,5,1
11,23,0,0,1,3,3,0,1,0,1,1,1,5,2,1,0,8,6,14,1
11,21,4,1,1,0,3,3,0,12,1,1,1,0,2,2,0,6,3,14,0
12,20,0,0,1,0,3,0,0,1,1,1,1,0,2,1,0,9,8,14,1
4,22,4,0,1,0,3,0,0,7,1,1,1,0,0,1,0,6,4,7,1
3,15,0,1,1,0,3,1,0,1,1,1,1,0,0,1,1,6,0,2,0
4,17,2,0,1,0,3,1,0,7,1,1,1,0,0,1,0,6,6,7,0
4,17,4,1,1,0,3,0,0,2,1,1,1,7,0,1,0,6,7,9,1
0,18,4,1,1,0,3,0,0,11,1,1,1,0,0,0,5,0,0,0,0
3,15,4,1,1,0,3,0,0,14,1,1,1,0,0,1,0,2,3,4,1
9,19,4,1,1,0,3,1,0,2,1,1,1,0,0,2,0,1,4,4,1
0,15,4,0,1,0,3,0,0,2,1,1,1,0,0,0,5,0,0,0,1
2,18,4,0,0,0,3,1,0,2,1,1,0,8,0,0,5,0,0,5,1
0,15,4,0,1,0,3,1,0,2,1,1,1,0,0,1,0,4,8,8,1
5,12,4,0,1,0,3,0,0,2,1,1,1,0,0,1,2,0,0,0,1
15,18,4,0,1,3,3,0,1,2,1,1,1,5,2,1,0,6,7,9,1
5,18,4,1,1,0,3,0,0,2,1,1,1,7,0,1,0,3,2,4,1
0,18,4,1,1,0,3,0,0,2,1,1,1,0,0,1,0,1,2,2,1
15,17,2,0,1,0,3,0,0,2,1,1,1,0,2,1,0,6,6,11,1
11,18,4,0,1,0,3,0,0,16,1,1,1,0,2,1,0,1,3,2,1
1,15,4,0,1,4,3,0,1,11,1,1,1,5,0,0,5,0,0,0,1
15,20,4,1,1,0,3,0,0,9,1,1,1,5,2,1,0,6,8,8,1
15,21,0,1,1,3,3,2,1,1,1,1,1,0,2,1,0,6,10,10,1
2,15,4,0,1,0,3,0,0,15,1,1,1,0,0,0,5,0,0,0,0
6,15,4,1,1,4,3,0,1,0,1,1,1,7,0,0,5,0,0,0,1
8,20,4,1,0,0,3,1,0,2,1,1,0,0,0,1,0,4,3,8,1
6,15,4,1,1,0,3,0,0,11,1,1,1,0,0,1,0,4,0,8,0
9,20,4,0,1,3,3,0,1,0,1,1,1,5,0,1,0,8,10,12,1
3,18,4,1,1,0,3,0,0,14,1,1,1,0,0,1,0,4,4,9,1
11,15,0,1,1,0,1,3,0,0,1,1,1,0,2,1,5,0,0,0,1
3,13,4,0,1,0,3,0,0,15,1,1,1,1,0,1,5,0,0,0,1
12,20,0,0,1,0,3,0,0,0,1,1,1,0,2,1,0,6,10,14,1
8,20,4,0,1,0,3,1,0,11,1,1,1,0,0,1,0,6,4,7,1
15,17,0,0,1,0,3,0,0,1,1,1,1,0,2,1,0,7,6,13,1
15,13,0,1,1,0,3,1,0,1,1,1,1,0,2,1,0,6,10,13,1
9,20,4,1,1,2,3,3,0,2,1,1,1,3,0,4,0,2,3,6,1
1,18,4,0,1,0,3,0,0,2,1,1,1,0,0,0,5,0,0,0,1
7,15,4,0,1,0,3,0,0,2,1,1,1,0,0,2,0,6,11,12,1
13,21,0,1,1,3,3,0,1,0,1,1,1,5,2,1,0,6,2,14,1
13,18,0,0,1,0,3,1,0,1,1,1,1,0,2,7,5,0,0,0,1
2,17,4,0,1,0,3,3,0,2,1,1,1,7,0,1,2,8,0,5,1
9,16,4,0,1,4,3,0,1,5,1,1,1,5,0,1,0,1,6,4,1
12,16,4,0,1,0,3,0,0,5,1,1,1,5,2,1,0,6,4,13,0
11,20,4,1,1,3,3,0,1,11,1,1,1,0,2,4,0,4,2,5,0
8,20,4,1,1,0,3,1,0,2,1,1,1,0,0,1,1,3,0,7,1
14,8,0,0,1,4,3,0,1,0,1,1,1,0,2,1,5,0,0,1,1
2,15,4,0,1,0,3,1,0,2,1,1,1,0,0,1,0,6,2,4,1
15,15,0,1,1,0,3,1,0,1,1,1,1,0,2,0,5,0,0,5,0
12,21,4,1,1,0,3,0,0,11,1,1,1,0,2,4,0,6,10,11,0
14,15,4,1,1,0,3,3,0,0,1,1,1,0,2,0,5,0,0,10,1
6,15,0,0,1,0,0,3,0,16,1,1,1,0,0,5,3,6,1,8,1
10,18,4,0,1,0,3,0,0,2,1,1,1,0,0,1,0,6,4,10,1
8,15,4,1,1,0,3,3,0,0,1,1,1,7,0,1,0,6,1,9,1
15,19,0,0,1,0,3,1,0,1,1,1,1,0,2,3,0,6,6,12,1
8,20,4,1,1,4,3,1,1,0,1,1,1,0,0,1,0,8,11,12,0
10,15,3,0,1,0,3,3,0,0,1,1,1,1,0,1,0,8,4,10,0
7,15,4,1,1,0,3,0,0,2,1,1,1,7,0,2,0,6,3,10,1
10,20,0,1,1,0,3,1,0,1,1,1,1,0,0,1,0,5,8,14,1
2,15,4,0,1,0,3,1,0,2,1,1,1,0,0,1,0,6,2,2,0
10,17,0,1,1,4,3,1,1,1,1,1,1,8,0,1,1,6,0,7,1
3,18,4,1,0,0,3,1,0,16,1,1,0,8,0,1,1,1,0,5,1
0,18,4,0,1,0,3,1,0,2,1,1,1,0,0,0,5,0,0,0,1
9,15,4,0,1,0,3,0,0,11,1,1,1,0,0,4,0,5,4,5,0
11,11,3,0,1,0,3,0,0,15,1,1,1,7,2,1,5,3,0,2,1
7,20,4,1,1,0,3,1,0,2,1,1,1,5,0,1,0,6,8,13,0
2,15,4,1,1,0,3,0,0,2,1,1,1,0,0,1,0,2,8,5,1
6,20,4,0,1,0,3,3,0,2,1,1,1,5,0,1,0,6,6,9,1
1,18,4,0,1,0,3,1,0,2,1,1,1,0,0,1,0,6,2,4,1
0,15,4,0,1,0,3,0,0,2,1,1,1,0,0,0,5,0,0,0,1
0,8,4,1,1,0,2,1,0,2,1,1,1,0,0,1,0,1,4,3,1
7,11,4,1,1,0,3,0,0,0,1,1,1,7,0,1,0,3,4,2,1
15,13,4,0,1,0,3,0,0,15,1,1,1,1,2,1,5,0,0,0,1
3,18,4,0,1,0,3,0,0,12,1,1,1,7,0,1,0,7,10,8,1
7,18,4,0,1,0,3,3,0,5,1,1,1,5,0,1,0,2,2,5,1
5,15,4,0,1,0,3,0,0,2,1,1,1,7,0,1,0,6,4,5,1
7,15,0,0,1,0,3,3,0,1,1,1,1,1,0,5,2,6,0,6,0
15,19,0,0,1,0,3,0,0,0,1,1,1,7,2,1,0,6,0,8,0
6,20,4,1,1,0,3,3,0,14,1,1,1,0,0,1,0,2,3,2,1
0,18,4,1,1,0,3,0,0,2,1,1,1,1,0,1,0,3,2,4,1
11,15,0,0,1,0,1,3,0,0,1,1,1,0,2,1,0,6,7,8,0
13,19,0,1,1,0,3,1,0,1,1,1,1,0,2,1,0,6,8,10,1
7,20,4,0,1,0,3,0,0,0,1,1,1,5,0,5,0,7,5,13,1
11,20,4,1,1,2,3,0,0,0,1,1,1,0,2,1,0,4,3,6,1
6,21,4,0,1,4,3,0,1,0,1,1,1,5,0,4,0,6,2,11,0
4,20,4,1,1,2,3,3,0,2,1,1,1,3,0,4,0,4,3,6,1
4,18,3,1,1,3,3,3,1,1,1,1,1,7,1,6,0,1,9,2,1
6,18,4,0,1,0,3,0,0,14,1,1,1,0,0,1,0,6,0,9,1
3,15,4,0,1,0,3,0,0,12,1,1,1,0,0,1,0,6,8,10,0
15,17,0,1,1,4,3,0,1,1,1,1,1,0,2,1,0,6,4,10,1
15,19,0,1,1,0,3,1,0,1,1,1,1,0,2,1,0,4,3,5,1
3,15,4,0,1,4,3,0,1,14,1,1,1,5,0,1,5,6,0,4,0
7,17,0,0,1,0,3,1,0,1,1,1,1,7,0,1,0,7,5,9,1
13,15,0,1,1,4,3,0,1,0,1,1,1,7,2,1,0,4,6,7,0
14,20,4,1,1,0,3,3,0,2,1,1,1,0,2,1,0,6,6,5,1
12,18,4,0,1,0,3,3,0,16,1,1,1,5,2,1,0,4,11,3,1
10,21,0,0,1,4,3,0,1,1,1,1,1,0,0,1,0,7,6,14,1
7,15,4,1,1,4,3,0,1,2,1,1,1,0,0,1,0,4,4,5,1
10,20,4,0,1,0,3,0,0,2,1,1,1,0,0,1,0,6,4,13,1
14,21,4,0,1,0,3,0,0,2,1,1,1,5,2,1,0,5,5,9,1
12,22,4,1,1,0,3,1,0,0,1,1,1,8,2,7,1,9,0,13,0
2,18,4,0,1,0,3,1,0,4,1,1,1,7,0,1,0,6,8,7,1
10,12,2,0,1,0,3,3,0,15,1,1,1,1,0,1,2,0,0,9,1
10,21,4,0,1,0,3,1,0,0,1,1,1,5,0,1,0,6,2,14,0
11,20,0,1,1,3,3,0,1,1,1,1,1,0,2,3,0,6,6,13,1
3,18,4,1,1,0,3,0,0,2,1,1,1,0,0,1,0,5,5,3,1
13,16,4,0,1,0,3,0,0,15,1,1,1,0,2,1,5,6,0,2,0
11,20,4,1,1,2,3,0,0,12,1,1,1,2,2,1,0,6,6,14,1
4,18,0,1,1,0,3,3,0,2,1,1,1,0,0,1,0,2,2,3,1
5,18,4,0,1,0,3,3,0,2,1,1,1,0,0,2,0,3,6,3,1
5,17,4,1,1,0,3,0,0,2,1,1,1,0,0,1,0,5,6,6,1
9,20,4,1,1,3,3,0,1,2,1,1,1,5,0,0,5,0,0,0,1
13,20,0,0,1,0,0,1,0,0,1,1,1,1,2,5,3,9,3,14,1
10,19,4,1,1,0,3,1,0,2,1,1,1,0,0,1,0,1,2,4,1
13,19,0,1,1,4,3,0,1,9,1,1,1,0,2,1,0,6,5,10,1
2,17,4,1,0,0,3,0,0,2,1,1,0,0,0,2,5,1,0,1,1
2,18,4,0,1,3,3,0,1,2,1,1,1,5,0,0,5,0,0,0,1
6,11,4,1,1,0,3,0,0,4,1,1,1,0,0,1,0,9,8,14,1
8,20,4,0,1,0,3,0,0,2,1,1,1,0,0,1,0,3,3,2,1
2,19,4,1,1,0,3,1,0,2,1,1,1,8,0,2,0,2,2,3,1
14,18,4,0,1,0,3,1,0,0,1,1,1,0,2,1,0,5,3,7,1
7,15,4,0,1,0,3,0,0,2,1,1,1,0,0,1,0,8,3,6,1
3,0,4,0,1,0,3,0,0,2,1,1,1,6,0,1,1,6,0,9,1
10,20,0,0,1,0,3,1,0,0,1,1,1,0,0,1,0,8,6,14,1
3,18,4,1,1,0,3,0,0,2,1,1,1,0,0,1,0,2,2,3,1
4,20,4,0,1,0,3,1,0,2,1,1,1,8,0,1,0,6,6,10,1
10,17,4,0,1,0,3,0,0,12,1,1,1,2,0,1,0,6,3,9,1
2,18,4,1,1,0,3,0,0,15,1,1,1,7,0,1,5,3,0,1,1
9,14,0,0,1,0,3,3,0,2,1,1,1,0,0,1,0,8,4,6,1
8,18,2,1,1,4,3,0,1,0,1,1,1,7,0,1,0,6,6,7,1
3,14,4,0,1,0,3,0,0,2,1,1,1,7,0,1,0,6,2,5,1
10,21,4,1,1,0,3,1,0,12,1,1,1,8,0,1,0,6,6,12,0
10,18,4,0,1,0,3,1,0,0,1,1,1,0,0,1,0,7,1,9,0
11,15,4,1,1,0,3,0,0,2,1,1,1,7,2,1,2,6,0,9,1
13,20,2,1,1,0,3,0,0,12,1,1,1,0,2,1,0,6,3,14,1
8,16,0,1,1,0,3,0,0,1,1,1,1,0,0,1,5,6,0,2,1
15,18,0,0,1,0,3,0,0,0,1,1,1,5,2,1,0,7,2,12,1
8,15,4,0,1,0,3,0,0,2,1,1,1,5,0,0,5,0,0,7,1
7,21,4,0,1,0,3,3,0,0,1,1,1,0,0,1,0,8,8,14,0
14,20,0,0,1,0,3,3,0,1,1,1,1,5,2,1,0,6,2,12,0
14,18,0,0,1,3,3,3,1,0,1,1,1,5,2,1,0,6,3,9,1
13,16,0,0,1,0,3,0,0,15,1,1,1,7,2,0,5,0,0,0,0
2,19,4,1,1,0,3,3,0,16,1,1,1,8,0,3,5,6,0,4,0
14,18,4,0,1,0,3,0,0,0,1,1,1,0,2,6,0,6,2,9,1
6,20,4,0,1,0,3,0,0,11,1,1,1,0,0,1,0,7,0,14,1
6,19,4,0,1,0,3,1,0,2,1,1,1,0,0,1,0,1,8,5,1
1,14,4,0,1,0,3,1,0,12,1,1,1,8,0,1,5,2,0,2,0
11,14,4,0,1,0,3,0,0,2,1,1,1,0,2,1,0,5,1,6,1
4,18,4,1,1,3,3,0,1,2,1,1,1,5,0,1,2,0,0,0,1
1,18,4,0,1,0,3,0,0,9,1,1,1,0,0,1,0,6,2,10,1
15,21,4,1,1,4,3,0,1,12,1,1,1,0,2,4,0,6,1,11,1
6,19,4,0,1,0,3,0,0,12,1,1,1,7,0,1,0,6,6,10,1
8,21,4,1,1,4,3,0,1,5,1,1,1,5,0,1,0,6,10,3,1
0,17,4,0,0,0,3,3,0,16,1,1,0,8,0,1,5,2,0,3,1
2,15,4,0,1,0,3,1,0,16,1,1,1,0,0,1,0,6,4,7,1
10,19,0,1,1,3,3,0,1,0,1,1,1,5,0,1,0,6,10,14,1
6,19,4,1,1,0,3,0,0,0,1,1,1,0,0,5,0,6,9,7,1
15,15,0,0,1,0,3,0,0,1,1,1,1,7,2,1,0,6,4,6,1
8,15,4,1,1,0,3,1,0,12,1,1,1,0,0,1,0,6,6,4,0
14,21,0,1,1,3,3,0,1,0,1,1,1,5,2,1,0,7,6,12,1
1,16,4,1,1,0,3,3,0,12,1,1,1,0,0,1,5,1,0,2,1
5,15,4,0,1,0,3,0,0,2,1,1,1,1,0,1,0,4,3,6,1
6,21,4,1,1,0,3,0,0,14,1,1,1,0,0,4,0,2,4,12,0
7,17,1,1,1,3,3,1,0,4,1,1,1,0,0,4,0,9,2,11,1
15,18,0,1,1,0,3,1,0,0,1,1,1,0,2,1,0,7,8,5,1
0,15,0,1,1,0,3,3,0,1,1,1,1,0,0,3,0,4,0,4,0
4,16,4,1,1,4,3,0,1,16,1,1,1,4,0,1,5,6,0,4,0
6,15,0,0,1,4,3,0,1,1,1,1,1,5,0,1,0,6,2,9,1
10,20,4,1,1,3,3,0,1,2,1,1,1,5,0,1,0,6,2,2,1
1,18,4,1,1,0,3,0,0,16,1,1,1,0,0,0,5,0,0,0,1
10,19,0,1,1,4,3,0,1,0,1,1,1,0,0,1,0,6,3,7,1
14,13,4,0,1,0,3,0,0,14,1,1,1,1,2,0,5,0,0,12,1
8,21,0,1,1,4,3,0,1,0,1,1,1,5,0,1,0,6,6,13,0
5,19,0,0,1,4,3,0,1,1,1,1,1,0,0,1,0,6,8,6,1
7,16,0,0,1,4,3,0,1,1,1,1,1,0,0,1,5,0,0,0,1
13,21,4,0,1,0,3,1,0,0,1,1,1,0,2,1,0,6,3,14,0
4,17,4,0,1,0,3,0,0,4,1,1,1,7,0,3,0,4,1,1,1
13,20,0,0,1,3,3,0,1,0,1,1,1,5,2,2,0,7,2,14,1
5,19,4,0,1,0,3,0,0,2,1,1,1,7,0,6,0,4,2,6,1
5,18,4,1,1,0,3,3,0,0,1,1,1,0,0,1,0,6,2,7,1
5,15,4,1,1,3,3,3,1,10,1,1,1,8,0,1,5,6,0,3,1
0,18,4,1,1,0,3,0,0,16,1,1,1,0,0,3,0,2,2,4,1
5,15,4,1,1,0,3,1,0,2,1,1,1,0,0,2,0,4,1,5,1
9,14,0,0,1,0,3,0,0,15,1,1,1,7,0,1,5,6,0,3,0
12,20,4,0,1,3,3,0,1,0,1,1,1,0,2,1,5,0,0,0,0
13,15,0,1,1,0,3,3,0,8,1,1,1,0,2,3,1,2,0,1,1
4,21,4,0,1,0,3,1,0,0,1,1,1,0,0,1,0,3,5,8,0
14,21,4,1,1,0,3,0,0,2,1,1,1,5,2,1,5,0,0,0,1
6,12,4,0,1,0,3,0,0,7,1,1,1,0,0,1,5,0,0,4,1
2,18,4,0,1,0,3,1,0,2,1,1,1,0,0,4,0,1,5,2,0
13,20,2,1,1,0,3,1,0,0,1,1,1,0,2,1,0,6,8,12,1
9,18,4,1,1,0,3,3,0,2,1,1,1,0,0,6,5,0,0,0,1
10,21,4,1,1,0,3,0,0,5,1,1,1,7,0,1,0,6,2,13,1
9,21,4,1,1,4,3,0,1,0,1,1,1,5,0,1,0,6,3,11,0
9,19,4,0,1,0,3,0,0,2,1,1,1,5,0,1,0,6,4,10,1
9,20,0,1,1,0,3,1,0,0,1,1,1,0,0,3,0,6,6,13,1
8,0,4,0,1,4,3,0,1,2,1,1,1,5,0,1,0,6,3,6,1
13,20,4,0,1,2,3,1,0,12,1,1,1,5,2,1,0,5,9,13,0
14,21,0,1,1,4,3,0,1,1,1,1,1,7,2,6,0,6,4,13,1
9,15,4,0,1,0,3,0,0,2,1,1,1,0,0,1,5,0,0,1,1
11,20,4,0,1,0,3,0,0,0,1,1,1,0,2,6,0,4,0,6,1
4,18,4,1,1,0,3,3,0,2,1,1,1,0,0,0,5,0,0,3,1
4,12,4,0,1,0,3,0,0,0,1,1,1,0,0,1,0,6,5,9,0
14,19,0,1,1,4,3,0,1,1,1,1,1,0,2,1,5,0,0,0,1
2,17,4,0,0,0,3,1,0,15,1,1,0,8,0,0,5,0,0,0,0
0,8,4,0,1,2,2,0,0,2,1,1,1,0,0,1,0,1,4,3,1
9,0,4,0,1,2,3,3,0,2,1,1,1,0,0,0,5,0,0,12,1
11,18,4,0,1,0,3,1,0,2,1,1,1,8,2,3,2,1,0,1,1
4,14,0,1,1,0,3,0,0,2,1,1,1,5,0,1,0,6,10,1,1
15,22,0,0,1,0,3,1,0,1,1,1,1,0,2,1,0,9,6,14,1
6,20,4,1,1,0,3,0,0,3,1,1,1,1,0,1,0,4,2,6,1
6,15,4,1,1,0,3,3,0,2,1,1,1,0,0,1,0,5,9,2,1
10,18,4,0,1,0,3,1,0,2,1,1,1,0,0,7,0,5,3,10,1
2,16,4,0,1,0,3,0,0,15,1,1,1,7,0,0,5,0,0,0,1
13,15,4,1,0,0,3,0,0,7,1,0,0,0,2,1,2,0,0,2,1
9,15,0,0,0,0,3,3,0,0,0,0,1,7,0,4,0,6,9,11,1
4,15,0,0,1,0,3,3,0,0,1,1,1,0,0,1,0,6,1,7,1
6,15,4,1,1,0,3,0,0,10,1,1,1,0,0,1,0,6,3,8,1
3,15,4,0,1,0,3,3,0,2,1,1,1,8,0,1,0,6,4,12,0
3,15,4,0,1,0,3,0,0,14,1,1,1,0,0,1,0,6,6,6,1
9,18,4,0,1,0,3,0,0,2,1,1,1,7,0,1,0,6,11,4,1
5,20,4,0,1,0,3,0,0,2,1,1,1,7,0,1,5,6,0,4,1
8,20,4,0,1,0,3,0,0,0,1,1,1,0,0,1,0,6,4,13,0
4,18,4,1,1,0,3,0,0,11,1,1,1,7,2,1,0,6,11,6,1
4,20,4,1,1,0,3,1,0,0,1,1,1,0,0,0,5,0,0,0,0
4,19,4,0,1,0,3,3,0,9,1,1,1,0,0,2,0,6,2,8,1
9,17,0,1,1,0,3,0,0,1,1,1,1,0,0,1,0,3,1,8,0
2,15,0,1,1,3,3,0,1,8,1,1,1,5,0,0,5,0,0,0,1
13,20,0,0,1,0,3,0,0,1,1,1,1,0,2,7,1,6,0,9,0
0,18,4,0,1,0,3,0,0,2,1,1,1,0,0,0,5,0,0,0,1
4,18,4,0,1,0,3,1,0,0,1,1,1,0,0,1,0,6,2,8,1
13,19,4,0,1,0,3,1,0,0,1,1,1,0,2,1,0,2,1,6,0
6,20,4,1,1,0,3,0,0,5,1,1,1,0,0,1,0,8,0,9,1
11,18,4,1,1,0,3,1,0,0,1,1,1,0,2,6,2,1,0,5,1
5,15,4,1,1,4,3,0,1,12,1,1,1,0,0,1,0,4,2,5,0
4,18,4,1,1,0,3,1,0,0,1,1,1,0,0,1,0,4,3,9,1
3,18,4,0,1,0,1,0,0,0,1,1,1,0,0,5,1,9,0,2,1
14,8,0,0,1,4,3,0,1,1,1,1,1,0,2,1,0,6,3,14,1
7,15,4,0,1,3,3,0,1,2,1,1,1,0,0,1,0,6,4,5,1
0,15,4,0,1,0,3,0,0,7,1,1,1,0,0,1,0,2,2,6,1
2,18,4,0,1,0,3,3,0,7,1,1,1,0,0,1,0,2,10,3,1
3,15,4,1,1,0,3,0,0,3,1,1,1,0,0,1,0,4,4,5,1
1,15,4,1,1,4,3,0,1,2,1,1,1,5,0,0,5,0,0,0,1
0,19,4,0,1,3,3,0,1,16,1,1,1,0,0,1,5,2,0,4,0
2,15,4,1,1,0,3,1,0,0,1,1,1,0,0,2,5,1,0,1,1
10,18,0,1,1,0,3,0,0,1,1,1,1,0,0,1,0,5,11,3,1
10,20,4,1,1,1,3,0,0,11,1,1,1,0,0,7,0,5,10,8,1
2,13,4,1,1,0,3,0,0,0,1,1,1,0,0,6,0,4,10,12,1
12,9,0,0,1,0,3,1,0,9,1,1,1,7,2,2,0,4,8,6,1
8,20,0,1,1,0,3,1,0,0,1,1,1,0,0,1,0,7,2,13,0
2,18,4,1,1,0,3,0,0,10,1,1,1,5,0,1,0,9,0,1,0
10,20,4,1,1,0,3,3,0,10,1,1,1,0,0,7,0,6,8,13,0
0,18,4,1,1,0,3,1,0,0,1,1,1,0,0,1,1,8,0,9,1
1,18,4,0,1,0,3,1,0,15,1,1,1,0,0,1,5,1,0,1,0
5,20,4,0,1,4,3,0,1,0,1,1,1,0,0,1,5,1,0,1,0
10,20,4,1,1,0,3,0,0,2,1,1,1,5,0,1,0,1,6,2,1
12,20,2,1,1,0,3,0,0,12,1,1,1,0,2,1,0,6,8,13,1
7,20,4,1,1,0,3,0,0,5,1,1,1,0,0,1,0,8,3,11,0
6,15,4,0,1,0,3,0,0,7,1,1,1,0,0,1,5,0,0,0,1
6,19,4,0,1,3,3,0,1,0,1,1,1,0,0,1,0,4,9,14,1
7,15,4,1,1,0,3,0,0,2,1,1,1,0,0,0,5,0,0,0,1
8,1,4,1,1,4,0,3,1,16,1,1,1,5,0,5,3,6,3,11,0
3,18,4,0,1,4,3,0,1,11,1,1,1,5,0,1,5,0,0,0,0
7,18,4,1,1,0,3,0,0,2,1,1,1,0,0,1,0,6,4,10,1
11,16,4,0,1,0,3,0,0,2,1,1,1,0,2,1,0,6,10,7,1
3,17,4,1,1,0,3,0,0,0,1,1,1,0,0,1,0,6,2,8,1
1,14,4,1,1,0,3,1,0,2,1,1,1,0,0,3,1,6,0,2,1
9,20,4,0,1,0,3,1,0,2,1,1,1,0,0,3,0,3,5,3,1
6,20,4,1,1,2,3,3,0,3,1,1,1,1,0,1,0,2,9,2,1
15,20,4,1,1,0,3,1,0,2,1,1,1,0,2,1,0,6,4,10,1
10,20,4,1,1,0,3,1,0,0,1,1,1,0,0,3,0,6,3,13,0
14,21,4,0,1,0,3,0,0,12,1,1,1,0,2,6,0,6,8,13,0
0,18,4,0,1,0,3,0,0,2,1,1,1,0,0,2,0,2,0,2,1
6,13,4,0,0,0,3,0,0,15,1,1,0,1,0,1,5,0,0,1,0
14,18,4,0,1,4,3,0,1,0,1,1,1,0,2,1,0,8,2,10,1
14,20,0,1,1,0,3,3,0,0,1,1,1,0,2,1,0,6,10,9,1
15,20,4,0,1,4,3,0,1,0,1,1,1,5,2,1,0,6,8,14,1
4,19,4,1,1,0,3,3,0,2,1,1,1,1,0,1,0,3,4,5,1
10,17,4,0,1,0,3,1,0,15,1,1,1,0,0,1,5,0,0,0,1
3,19,4,1,1,0,3,0,0,2,1,1,1,0,0,0,5,0,0,0,1
0,15,4,0,1,0,3,3,0,11,1,1,1,7,0,1,0,2,2,4,1
10,21,4,1,1,0,3,1,0,0,1,1,1,8,0,1,0,4,6,9,1
5,20,4,0,1,0,3,1,0,2,1,1,1,0,0,3,0,4,7,3,1
7,20,4,0,1,0,3,3,0,2,1,1,1,5,0,1,0,6,5,10,1
15,20,0,0,1,0,3,0,0,1,1,1,1,5,2,1,0,6,8,14,0
6,15,4,0,1,0,3,0,0,14,1,1,1,0,0,1,0,4,3,6,1
4,15,4,1,0,0,3,3,0,2,1,1,1,2,0,1,5,0,0,3,1
5,15,4,1,1,0,3,0,0,12,1,1,1,0,0,1,0,5,3,5,0
0,18,4,1,1,0,3,1,0,11,1,1,1,8,0,1,5,4,0,3,0
8,17,4,1,1,0,3,0,0,0,1,1,1,7,0,1,0,6,6,8,1
8,15,0,1,1,0,3,2,0,0,1,1,1,0,0,6,5,1,0,1,0
10,20,0,1,1,0,3,0,0,0,1,1,1,0,0,1,0,8,3,11,1
2,18,4,1,1,0,3,0,0,16,1,1,1,0,0,1,5,1,0,1,0
2,18,4,0,1,4,3,0,1,9,1,1,1,5,0,0,5,0,0,0,1
9,15,4,1,1,0,3,0,0,2,1,1,1,5,0,1,5,0,0,4,1
15,15,4,0,1,0,3,2,0,0,1,1,1,0,2,1,0,6,6,12,1
3,15,4,0,1,4,3,0,1,2,1,1,1,0,0,1,0,6,4,5,1
5,18,4,0,1,4,3,0,1,11,1,1,1,7,0,1,0,4,10,2,1
15,20,0,1,1,0,3,0,0,1,1,1,1,0,2,3,0,6,2,9,1
5,19,4,1,1,0,3,3,0,12,1,1,1,0,0,1,0,6,10,10,0
1,18,4,1,1,0,3,3,0,11,1,1,1,5,0,0,5,0,0,0,0
14,15,4,1,1,0,3,0,0,0,1,1,1,8,2,1,0,6,3,7,0
10,20,4,1,1,0,3,0,0,9,1,1,1,2,0,3,0,9,6,14,1
15,19,4,0,1,3,3,1,1,0,1,1,1,0,2,3,0,8,3,10,1
12,17,0,0,1,0,3,1,0,1,1,1,1,8,2,1,5,0,0,0,1
4,15,4,0,1,0,3,3,0,2,1,1,1,0,0,1,2,0,0,0,1
3,20,4,0,1,0,3,0,0,2,1,1,1,0,0,1,0,6,10,7,1
8,20,4,1,1,0,3,1,0,2,1,1,1,7,0,1,0,6,6,14,1
5,20,4,0,1,0,3,1,0,2,1,1,1,0,0,1,0,8,1,13,0
11,21,4,0,1,4,3,0,1,11,1,1,1,5,2,1,0,6,8,11,0
4,19,4,0,1,0,3,1,0,2,1,1,1,8,0,1,0,2,6,6,1
3,18,4,0,1,0,3,1,0,2,1,1,1,0,0,4,0,1,4,3,1
6,15,4,0,1,0,3,0,0,11,1,1,1,5,0,1,0,6,3,11,1
10,23,0,0,1,0,3,0,0,2,1,1,1,5,0,1,0,6,7,10,1
5,15,4,1,1,0,3,0,0,5,1,1,1,0,0,1,0,8,4,6,1
4,18,2,0,1,3,3,3,1,14,1,1,1,7,1,3,0,9,4,2,1
12,13,4,0,0,0,3,0,0,15,1,1,1,7,2,0,5,0,0,0,1
1,17,4,0,1,3,3,3,1,2,1,1,1,5,0,1,0,6,3,3,1
11,8,0,0,1,4,3,0,1,11,1,1,1,1,2,0,5,0,0,0,1
7,19,4,0,1,0,3,3,0,0,1,1,1,0,0,0,5,0,0,0,1
13,19,4,0,1,0,3,0,0,0,1,1,0,0,2,1,0,9,7,12,0
10,16,0,1,1,0,3,0,0,2,1,1,1,7,0,1,0,6,7,7,1
0,15,4,1,1,0,3,0,0,16,1,1,1,0,0,9,2,1,0,1,1
15,22,4,0,1,0,3,0,0,15,1,1,1,0,2,1,5,7,0,14,1
5,18,4,1,1,0,3,1,0,0,1,1,1,8,0,1,0,6,7,6,1
13,20,0,1,1,0,3,0,0,0,1,1,1,0,2,1,0,6,10,12,1
13,21,0,0,1,4,3,3,1,0,1,1,1,5,2,1,0,6,4,14,1
4,18,4,0,1,0,3,0,0,2,1,1,1,5,0,1,2,0,0,0,1
10,20,4,1,1,0,3,1,0,2,1,1,1,0,0,1,0,3,4,5,1
10,20,4,1,1,0,3,0,0,0,1,1,1,5,0,1,0,5,5,14,0
10,18,0,1,1,0,3,0,0,0,1,1,1,7,0,1,0,4,4,12,1
12,15,4,0,1,0,3,0,0,12,1,1,1,0,2,1,0,6,10,11,1
15,15,4,1,1,0,3,1,0,0,1,1,1,0,2,1,0,5,0,6,1
15,18,0,0,1,0,3,3,0,0,1,1,1,0,2,3,0,6,2,12,1
7,15,0,0,1,0,0,2,0,16,1,1,1,6,0,5,3,6,1,11,0
13,18,0,1,1,4,3,0,1,0,1,1,1,5,2,0,5,0,0,0,0
1,18,4,1,1,0,3,0,0,2,1,1,1,0,0,1,2,4,0,3,1
8,15,4,0,1,0,3,0,0,7,1,1,1,7,0,1,0,6,6,9,1
12,21,0,1,1,0,3,0,0,1,1,1,1,5,2,2,0,7,2,13,0
1,18,4,0,1,0,3,0,0,2,1,1,1,5,0,0,5,0,0,0,1
5,15,4,0,0,0,3,0,0,2,1,1,1,7,0,1,0,5,6,10,1
11,15,0,1,1,0,3,1,0,1,1,1,1,0,2,4,0,1,2,3,0
11,20,0,1,1,4,3,0,1,0,1,1,1,5,2,1,0,6,10,12,1
0,15,4,0,1,0,3,1,0,2,1,1,1,0,0,1,0,1,1,6,1
15,21,0,1,1,4,3,0,1,0,1,1,1,5,2,4,0,9,11,14,1
2,15,4,0,1,0,3,0,0,2,1,1,1,0,0,1,2,4,0,3,1
3,17,4,1,1,0,3,3,0,2,1,1,1,7,0,1,5,0,0,0,1
1,18,4,1,1,0,3,1,0,16,1,1,1,0,0,1,0,2,3,3,1
14,20,4,1,1,3,3,3,1,2,1,1,1,0,2,7,0,6,5,9,1
11,15,0,0,1,0,3,3,0,0,1,1,1,0,2,1,5,6,0,7,0
13,21,4,1,1,4,3,0,1,0,1,1,1,5,2,1,0,7,0,14,1
8,20,4,1,1,3,3,0,1,11,1,1,1,0,0,4,0,6,6,12,1
15,15,0,0,1,4,3,0,1,0,1,1,1,7,2,1,0,6,4,10,1
9,20,4,1,1,0,3,0,0,5,1,1,1,0,0,1,0,6,9,6,1
0,13,4,1,1,0,3,1,0,2,1,1,1,8,0,1,5,1,0,2,1
7,18,4,0,1,0,3,3,0,2,1,1,1,0,0,1,0,4,2,5,1
12,13,4,1,1,0,3,3,0,0,1,1,1,0,2,1,0,6,3,13,1
12,18,3,0,1,0,3,0,0,0,1,1,1,0,2,1,0,7,4,8,1
13,17,2,1,1,0,3,0,0,2,1,1,1,7,2,1,0,6,6,7,1
10,21,4,1,1,4,3,0,1,0,1,1,1,5,0,1,0,8,4,14,1
8,15,4,0,0,0,3,3,0,2,1,1,1,7,0,0,5,0,0,0,1
0,17,4,1,1,0,3,0,0,2,1,1,1,7,0,0,5,0,0,0,0
3,19,4,1,1,0,3,3,0,0,1,1,1,0,0,1,0,6,1,8,1
7,20,4,1,1,0,3,0,0,0,1,1,1,5,0,1,2,1,0,3,1
2,18,4,1,1,0,3,0,0,4,1,1,1,5,0,1,2,0,0,0,1
10,15,4,0,1,3,3,0,1,5,1,1,1,5,0,1,0,6,3,8,1
13,15,4,0,1,0,3,0,0,5,1,1,1,0,2,1,0,1,10,3,1
2,0,4,1,1,4,3,0,1,5,1,1,1,7,0,1,0,8,4,9,0
12,15,0,1,1,0,3,0,0,0,1,1,1,0,2,1,0,4,3,3,1
15,0,4,0,0,0,1,1,0,2,0,0,1,0,2,1,0,0,11,9,1
9,15,4,1,1,0,3,0,0,2,1,1,1,0,0,1,0,6,7,5,1
5,14,0,1,1,0,3,0,0,2,1,1,1,8,0,1,5,0,0,0,0
13,15,4,1,1,0,3,1,0,0,1,1,1,0,2,2,5,0,0,1,0
10,20,4,0,1,0,3,0,0,11,1,1,1,5,0,1,0,8,4,14,1
8,15,0,1,1,4,3,0,1,0,1,1,1,7,0,1,0,4,3,9,1
14,18,4,0,1,0,3,3,0,2,1,1,1,0,2,1,0,7,11,12,1
13,15,0,1,1,0,3,0,0,1,1,1,1,1,2,6,1,3,0,6,1
4,18,4,1,1,3,3,0,1,2,1,1,1,0,0,1,5,0,0,0,1
8,18,0,1,1,4,3,3,1,1,1,1,1,7,0,1,0,6,3,8,1
12,14,4,0,1,4,3,0,1,14,1,1,1,0,2,1,0,2,3,2,1
6,20,4,1,0,0,3,1,0,2,1,1,0,5,0,2,0,1,3,3,1
5,18,4,1,1,0,3,0,0,0,1,1,1,0,0,1,0,5,3,3,1
10,15,0,0,1,0,3,0,0,0,1,1,1,5,0,1,0,6,3,12,1
1,18,4,1,0,0,3,0,0,2,1,1,0,0,0,0,5,0,0,4,1
11,19,4,1,1,0,3,1,0,7,1,1,1,0,2,1,0,9,11,5,1
6,15,4,0,1,0,3,0,0,0,1,1,1,7,0,1,5,2,0,4,1
2,18,4,1,1,0,3,3,0,5,1,1,1,7,0,2,0,1,1,3,1
14,23,2,1,1,0,3,0,0,5,1,1,1,0,2,1,0,6,4,14,1
4,18,4,0,1,0,3,0,0,2,1,1,1,5,0,1,0,6,4,6,1
0,15,4,1,1,0,3,0,0,7,1,1,1,7,0,1,5,0,0,1,1
15,23,0,1,1,3,3,3,1,0,1,1,1,5,2,1,0,6,6,3,1
9,20,0,1,1,2,3,3,0,1,1,1,1,1,0,1,0,6,3,14,0
9,15,4,0,1,0,3,1,0,2,1,1,1,0,0,1,0,6,8,6,1
12,15,4,1,1,4,3,0,1,5,1,1,1,0,2,6,0,6,4,10,1
6,15,4,0,1,0,3,0,0,2,1,1,1,0,0,0,5,0,0,6,1
9,20,4,0,1,2,3,1,0,2,1,1,1,5,0,1,0,5,6,12,1
12,20,4,1,1,4,3,0,1,11,1,1,1,5,2,0,5,0,0,0,0
4,20,4,1,1,0,3,0,0,2,1,1,1,5,0,0,5,0,0,0,1
1,15,4,1,0,0,3,0,0,2,1,1,0,1,0,0,5,0,0,0,1
15,20,0,1,1,0,3,0,0,1,1,1,1,0,2,1,0,6,8,13,1
6,20,4,0,1,0,3,1,0,5,1,1,1,0,0,1,0,8,4,14,1
2,18,4,1,0,0,3,1,0,16,1,1,0,8,0,1,5,1,0,5,0
6,20,0,0,1,0,3,3,0,1,1,1,1,0,0,1,0,6,5,12,0
10,14,0,0,1,0,3,0,0,2,1,1,1,7,0,0,5,0,0,0,1
8,20,4,0,1,0,3,0,0,12,1,1,1,0,0,6,5,0,0,0,0
0,15,4,1,1,0,3,3,0,2,1,1,1,5,0,0,5,0,0,0,1
15,18,0,1,1,0,3,3,0,1,1,1,1,7,2,1,0,5,4,3,1
12,15,0,1,1,4,3,0,1,1,1,1,1,7,2,1,0,6,6,6,1
9,3,3,0,1,0,1,3,1,9,1,1,1,7,0,6,0,5,4,7,0
6,18,0,0,1,0,3,0,0,1,1,1,1,0,0,5,0,6,6,10,0
0,18,4,1,1,0,3,0,0,5,1,1,1,0,0,1,5,1,0,2,1
6,18,0,1,1,1,3,3,0,14,1,1,1,7,0,7,0,4,8,6,1
12,18,0,0,1,0,3,0,0,0,1,1,1,0,2,1,0,6,6,9,1
1,18,4,1,1,0,3,3,0,11,1,1,1,0,0,3,0,4,2,4,0
1,15,4,0,1,0,3,0,0,2,1,1,1,5,0,4,0,2,4,3,1
6,18,4,0,1,0,3,3,0,14,1,1,1,0,0,1,0,6,6,9,1
8,18,4,1,1,0,3,0,0,12,1,1,1,0,0,1,0,3,9,9,1
14,20,0,0,1,3,3,0,1,0,1,1,1,5,2,1,0,6,4,13,1
7,3,4,1,1,4,3,3,1,12,1,1,1,7,0,6,0,5,5,7,1
3,18,4,0,1,0,3,3,0,14,1,1,1,0,0,0,5,0,0,0,1
8,19,4,0,1,0,3,1,0,0,1,1,1,0,0,0,5,0,0,0,1
0,18,4,0,1,0,3,0,0,16,1,1,1,0,0,1,5,6,0,2,1
9,15,4,1,1,0,3,0,0,12,1,1,1,0,0,1,0,6,2,12,0
11,20,4,1,1,0,3,1,0,0,1,1,1,8,2,1,0,8,1,13,1
2,19,4,0,1,0,3,0,0,12,1,1,1,0,0,1,0,7,1,5,0
11,15,4,0,1,0,3,0,0,2,1,1,1,0,2,1,2,6,0,6,0
12,20,4,0,1,0,3,0,0,2,1,1,1,0,2,2,5,0,0,0,1
8,20,4,0,1,0,3,2,0,11,1,1,1,0,0,1,0,6,1,12,1
10,20,0,0,1,0,3,1,0,15,1,1,1,0,0,0,5,0,0,0,1
0,17,4,1,1,0,3,1,0,2,1,1,1,0,0,9,2,0,0,0,1
8,20,4,0,1,0,3,0,0,2,1,1,1,5,0,1,0,6,2,8,1
4,18,4,0,1,0,3,1,0,2,1,1,1,0,0,3,0,1,4,2,1
8,22,4,0,1,3,3,0,1,0,1,1,1,0,0,1,0,7,9,13,1
5,20,4,1,1,0,3,1,0,12,1,1,1,0,0,1,0,6,2,9,1
0,18,4,0,1,0,3,1,0,16,1,1,1,0,0,1,0,2,2,6,0
1,18,4,1,1,0,3,0,0,16,1,1,1,0,0,1,0,2,4,5,1
10,19,0,1,1,3,3,0,1,0,1,1,1,0,0,1,0,6,7,9,0
15,20,0,1,1,4,3,0,1,1,1,1,1,5,2,3,0,6,10,12,1
4,19,4,1,1,4,3,0,1,0,1,1,1,0,0,1,0,6,4,8,0
12,20,2,1,1,0,3,3,0,0,1,1,1,0,2,1,0,7,11,8,1
14,18,4,0,1,0,3,0,0,0,1,1,1,0,2,3,5,5,0,2,1
7,17,4,0,1,0,3,3,0,0,1,1,1,0,0,2,0,6,5,7,1
5,19,0,0,1,3,3,3,1,1,1,1,1,0,0,2,0,6,2,7,1
5,18,0,1,1,0,3,0,0,0,1,1,1,0,0,5,0,9,8,10,0
12,15,0,0,1,0,3,3,0,0,1,1,1,0,2,1,0,6,11,10,1
15,11,4,1,0,0,3,1,0,4,0,1,0,0,0,1,0,5,8,4,1
0,18,4,0,1,0,3,0,0,2,1,1,1,0,0,1,0,2,4,3,1
14,18,4,0,1,0,3,0,0,2,1,1,1,0,2,1,0,6,6,10,1
1,18,4,0,1,0,3,0,0,2,1,1,1,5,0,1,0,1,4,2,1
14,20,0,1,1,4,3,0,1,1,1,1,1,0,2,1,2,0,0,0,1
11,20,4,0,1,4,3,0,1,11,1,1,1,5,2,0,5,0,0,0,1
7,15,0,1,1,0,3,3,0,1,1,1,1,0,0,2,0,6,3,9,0
6,17,4,0,1,0,3,3,0,4,1,1,1,0,0,1,0,4,8,7,0
7,15,4,0,1,0,3,1,0,2,1,1,1,0,0,1,0,5,2,8,1
4,18,4,0,1,0,3,0,0,2,1,1,1,0,0,1,0,3,7,5,1
14,20,0,1,1,4,3,0,1,1,1,1,1,5,2,5,0,6,4,13,1
7,15,4,1,1,4,3,0,1,7,1,1,1,0,0,1,5,0,0,1,1
9,20,4,1,1,0,3,0,0,2,1,1,1,7,0,1,2,6,0,10,1
15,19,3,1,1,3,3,0,1,0,1,1,1,0,2,6,5,3,0,4,1
1,13,4,0,0,0,3,0,0,2,0,1,0,6,0,0,5,0,0,5,1
14,23,0,0,1,0,3,1,0,0,1,1,1,0,2,1,0,8,11,14,1
5,20,4,1,1,0,3,0,0,11,1,1,1,0,0,1,0,6,8,6,0
14,20,4,1,1,3,3,0,1,0,1,1,1,0,2,1,0,6,1,13,1
15,19,0,1,1,4,3,0,1,0,1,1,1,5,2,0,5,0,0,0,1
1,18,4,0,1,0,3,0,0,2,1,1,1,7,0,0,5,0,0,0,1
9,20,4,1,1,0,3,1,0,0,1,1,1,8,0,1,0,6,6,11,1
9,20,4,1,1,0,3,1,0,0,1,1,1,0,0,1,0,7,6,13,1
13,21,4,0,1,4,3,0,1,0,1,1,1,5,2,1,0,6,5,14,1
9,20,0,0,1,0,3,1,0,0,1,1,1,0,0,1,0,9,11,14,1
3,18,0,0,1,0,3,3,0,8,1,1,1,5,0,1,5,0,0,0,1
10,16,4,1,1,0,3,3,0,12,1,1,1,0,0,1,0,6,2,8,0
2,14,4,0,1,0,3,3,0,15,1,1,1,0,0,1,5,0,0,0,1
0,17,4,1,1,0,3,3,0,2,1,1,1,7,0,1,0,6,3,7,1
4,18,4,1,1,3,3,0,1,2,1,1,1,7,0,1,0,4,2,6,1
11,20,4,0,1,0,3,0,0,2,1,1,1,0,2,1,0,6,8,13,1
0,18,4,1,1,0,3,1,0,16,1,1,1,8,0,0,5,0,0,0,0
11,16,4,0,1,0,3,1,0,2,1,1,1,0,2,1,0,1,1,1,1
7,15,4,0,1,0,3,0,0,2,1,1,1,7,0,0,5,0,0,0,1
5,20,4,0,1,0,3,1,0,11,1,1,1,0,0,1,0,6,4,11,0
12,21,4,1,1,0,3,1,0,0,1,1,1,0,2,1,0,6,4,11,1
7,15,4,1,1,2,3,1,0,2,1,1,1,8,0,1,0,5,4,3,0
7,15,4,1,1,3,3,0,1,2,1,1,1,5,0,1,0,3,4,8,1
10,18,4,0,1,0,3,0,0,2,1,1,1,7,0,1,0,6,3,5,1
13,17,0,0,1,0,3,0,0,8,1,1,1,0,2,3,0,2,6,5,0
8,8,4,0,1,4,3,0,1,11,1,1,1,7,0,1,0,6,4,5,1
1,18,4,0,1,0,3,1,0,2,1,1,1,0,0,1,0,5,4,5,1
0,15,4,0,1,0,3,1,0,2,1,1,1,7,0,1,2,3,0,2,1
5,18,4,0,1,0,0,3,0,16,1,1,1,0,0,5,3,9,4,2,1
13,20,0,1,1,0,3,1,0,0,1,1,1,0,2,6,0,2,0,8,1
6,18,4,0,1,0,3,0,0,0,1,1,1,7,0,1,0,6,3,9,1
9,14,4,1,1,4,3,0,1,14,1,1,1,5,0,1,0,6,8,8,1
2,12,4,0,1,0,3,3,0,0,1,1,1,0,0,1,0,6,2,12,1
5,20,4,1,1,4,3,0,1,9,1,1,1,7,0,1,0,6,8,8,1
6,19,4,0,1,0,3,1,0,2,1,1,1,0,0,1,0,3,5,8,1
13,20,4,0,1,0,3,0,0,2,1,1,1,7,2,4,0,6,5,11,1
12,15,4,0,1,0,3,0,0,12,1,1,1,7,2,1,0,6,3,7,1
4,18,4,0,1,0,3,1,0,2,1,1,1,8,0,1,1,6,0,10,1
14,19,4,1,1,0,3,1,0,12,1,1,1,0,2,1,0,2,2,4,0
2,18,4,0,1,4,3,3,1,9,1,1,1,7,0,0,5,0,0,0,1
14,17,4,0,1,0,3,1,0,2,1,1,1,0,2,1,2,0,0,0,1
3,13,4,0,1,0,3,3,0,2,1,1,1,0,0,0,5,0,0,0,1
1,15,4,0,1,0,3,3,0,2,1,1,1,0,0,0,5,0,0,0,1
7,19,4,1,1,0,3,0,0,7,1,1,1,0,0,1,0,6,4,6,0
10,20,4,1,1,0,3,0,0,0,1,1,1,0,0,3,0,8,4,12,1
14,15,4,0,1,0,3,3,0,12,1,1,1,0,2,1,5,6,0,2,1
10,20,4,1,1,0,3,0,0,2,1,1,1,0,0,1,0,8,3,8,1
13,21,0,0,1,3,3,3,1,0,1,1,1,0,2,6,0,6,9,14,0
13,15,0,0,1,0,0,0,0,7,1,1,1,0,2,5,0,8,6,9,1
12,20,4,1,1,3,3,0,1,0,1,1,1,5,2,2,0,6,8,10,1
14,20,0,0,1,0,3,1,0,1,1,1,1,5,2,2,0,6,2,12,1
1,17,4,1,1,0,3,0,0,2,1,1,1,7,0,1,0,2,8,5,0
6,18,4,1,1,0,3,1,0,2,1,1,1,7,0,1,0,4,11,5,1
12,21,0,1,1,0,3,2,0,1,1,1,1,0,2,0,5,0,0,0,1
2,16,4,0,1,0,3,0,0,2,1,1,1,0,0,0,5,0,0,0,1
2,18,4,0,1,0,3,0,0,16,1,1,1,1,0,0,5,0,0,0,1
12,15,4,0,1,4,3,0,1,0,1,1,1,5,2,0,5,0,0,0,1
13,20,0,0,1,4,3,0,1,0,1,1,1,5,2,1,0,6,3,11,1
10,20,4,1,1,0,3,1,0,2,1,1,1,0,0,1,0,3,5,9,1
10,16,4,0,1,0,3,0,0,2,1,1,1,0,0,1,0,6,11,10,1
11,22,4,0,1,0,3,1,0,7,1,1,1,0,2,1,0,8,6,10,1
2,15,4,0,1,0,3,3,0,2,1,1,1,0,0,1,0,1,1,1,1
15,20,0,0,1,0,3,0,0,0,1,1,1,0,2,6,5,6,0,5,1
8,15,0,0,1,0,3,0,0,0,1,1,1,0,0,1,0,6,2,10,0
12,17,0,1,1,0,3,3,0,1,1,1,1,0,2,0,5,0,0,0,1
2,15,4,1,1,0,3,0,0,2,1,1,1,0,0,1,0,6,6,5,1
14,8,0,0,1,4,3,0,1,9,1,1,1,0,2,1,0,4,5,8,1
7,15,4,0,1,0,3,0,0,4,1,1,1,7,0,1,0,6,8,9,1
12,15,4,1,0,0,3,3,0,13,1,0,0,8,2,6,0,2,7,11,1
9,20,0,0,1,2,3,1,0,1,1,1,1,0,0,1,0,7,3,14,1
11,14,4,0,0,0,3,3,0,2,1,1,0,0,2,0,5,0,0,8,1
1,19,4,1,1,0,3,0,0,16,1,1,1,0,0,1,5,1,0,2,0
5,17,4,0,1,0,3,3,0,2,1,1,1,5,0,1,2,2,0,2,0
4,15,4,0,1,0,3,0,0,2,1,1,1,7,0,1,0,1,10,1,1
14,19,4,0,1,0,3,3,0,0,1,1,1,0,2,2,0,6,2,11,0
3,18,4,1,1,0,3,0,0,2,1,1,1,7,0,1,0,2,3,5,1
2,22,4,1,1,3,3,0,1,0,1,1,1,5,0,1,0,1,9,2,1
15,19,0,0,1,0,3,0,0,0,0,1,1,5,0,2,0,7,8,12,1
9,20,4,0,1,0,3,1,0,2,1,1,1,0,0,2,0,6,6,6,1
2,18,4,1,1,0,3,1,0,16,1,1,1,0,0,1,0,1,1,1,1
3,15,4,1,1,0,3,0,0,2,1,1,1,7,0,1,0,4,2,5,1
1,18,4,1,1,0,3,3,0,2,1,1,1,0,0,1,0,4,4,5,1
0,15,4,0,1,4,3,0,1,2,1,1,1,7,0,1,0,5,0,6,1
12,15,4,0,1,0,3,0,0,2,1,1,1,1,2,1,0,1,2,4,1
8,15,4,0,1,3,3,0,1,2,1,1,1,5,0,1,0,6,11,8,1
0,17,4,1,1,0,3,1,0,11,1,1,1,0,0,1,0,2,4,3,1
6,19,0,1,1,0,3,0,0,0,1,1,1,5,0,2,0,5,0,10,1
3,20,4,0,1,0,3,1,0,2,1,1,1,0,0,1,0,2,8,6,1
2,17,4,1,1,0,3,0,0,2,1,1,1,0,0,1,0,6,3,2,0
8,20,4,0,1,4,3,0,1,0,1,1,1,7,0,1,0,6,6,9,1
7,20,4,1,1,4,3,0,1,5,1,1,1,5,0,2,0,1,3,4,1
7,21,0,1,1,0,3,0,0,2,1,1,1,0,0,1,0,6,2,13,1
10,21,0,1,1,0,3,0,0,1,1,1,1,0,0,1,0,6,3,13,0
14,6,0,0,1,4,3,0,1,0,1,1,1,8,2,1,0,7,8,7,0
8,20,0,0,1,0,3,1,0,0,1,1,1,0,0,2,0,6,8,12,1
3,15,4,1,0,0,3,0,0,2,1,1,0,0,0,1,5,0,0,1,1
0,15,4,0,1,0,3,0,0,2,1,1,1,7,0,0,5,0,0,0,0
2,17,4,1,1,3,3,3,0,16,1,1,1,7,0,2,0,9,2,11,1
4,15,4,0,1,0,3,0,0,0,1,1,1,0,0,1,2,6,0,6,0
11,11,4,0,1,4,3,0,1,0,1,1,1,0,2,1,0,9,10,14,1
10,14,4,0,0,0,3,0,0,15,1,1,0,0,0,0,5,0,0,0,0
15,18,0,0,1,0,3,1,0,2,1,1,1,0,2,1,0,6,2,10,1
12,21,0,0,1,0,3,0,0,1,1,1,1,5,2,1,0,6,3,13,0
0,15,4,0,1,4,3,0,1,16,1,1,1,7,0,1,5,1,0,1,1
0,18,4,0,1,0,3,0,0,2,1,1,1,0,0,0,5,0,0,0,1
14,8,0,0,1,4,3,3,1,1,1,1,1,0,2,1,5,0,0,0,1
9,16,4,1,1,4,3,1,1,0,1,1,1,0,0,0,5,0,0,4,1
3,15,4,1,1,0,3,0,0,7,1,1,1,0,0,1,0,6,1,7,1
6,18,4,1,1,0,3,0,0,16,1,1,1,5,0,1,5,1,0,3,0
5,15,4,1,1,0,3,1,0,0,1,1,1,0,0,1,0,6,5,5,1
10,17,4,1,1,0,3,0,0,0,1,1,1,0,0,0,5,0,0,0,0
12,20,0,1,1,0,3,0,0,1,1,1,1,7,2,1,5,0,0,0,1
10,23,2,1,1,0,3,0,0,12,1,1,1,0,0,6,0,6,6,7,0
6,15,4,0,1,0,3,1,0,2,1,1,1,8,0,1,0,6,2,10,1
2,18,0,1,1,0,3,3,0,8,1,1,1,0,0,1,0,2,4,5,1
1,18,4,0,1,3,3,0,1,5,1,1,1,5,0,1,0,2,2,4,0
15,18,4,0,0,0,3,1,0,2,1,1,0,0,2,0,5,0,0,2,1
5,21,4,0,1,4,3,0,1,5,1,1,1,5,0,1,2,2,0,2,0
13,18,4,0,1,0,3,0,0,2,1,1,1,0,2,1,0,7,8,12,1
8,20,0,0,1,3,3,0,1,2,1,1,1,5,0,1,0,6,6,7,1
6,15,4,0,1,3,3,0,1,2,1,1,1,7,0,1,5,0,0,8,1
9,20,4,0,1,3,3,0,1,0,1,1,1,0,0,3,0,6,7,12,1
7,16,4,1,1,0,3,0,0,2,1,1,1,0,0,1,0,6,2,5,1
7,15,4,0,1,0,3,3,0,14,1,1,1,0,0,1,0,6,6,9,1
2,18,4,0,1,0,3,0,0,11,1,1,1,5,0,1,0,6,7,12,0
15,22,4,1,0,0,3,3,0,11,1,0,1,0,2,1,0,8,0,14,0
12,20,4,0,1,4,3,0,1,0,1,1,1,5,2,1,0,6,10,12,1
10,4,0,0,0,0,3,2,0,8,1,0,0,7,0,3,1,6,0,0,1
4,15,4,0,0,0,3,1,0,2,1,1,1,0,0,1,0,4,4,4,1
1,18,4,0,1,0,3,3,0,11,1,1,1,0,0,1,0,9,10,13,0
10,20,4,1,1,4,3,0,1,11,1,1,1,0,0,6,2,0,0,0,0
4,20,4,1,1,0,3,3,0,2,1,1,1,0,0,4,0,4,4,5,1
13,18,4,0,1,4,3,0,1,0,1,1,1,0,2,9,2,0,0,0,1
14,20,0,1,1,0,3,3,0,0,1,1,1,0,2,1,0,6,3,14,0
15,22,0,1,1,0,3,0,0,15,1,1,1,1,2,0,5,0,0,0,0
2,18,0,1,1,4,3,0,1,8,1,1,1,7,0,0,5,0,0,0,1
7,20,4,1,1,0,3,1,0,11,1,1,1,0,0,1,0,6,4,10,0
3,18,4,0,1,0,3,1,0,2,1,1,1,0,0,1,0,3,2,5,1
10,21,0,1,1,3,3,0,1,1,1,1,1,5,0,1,0,6,3,14,1
0,19,4,0,1,0,3,3,0,2,1,1,1,0,0,3,0,4,0,6,1
2,17,4,0,1,0,3,0,0,2,1,1,1,0,0,1,2,6,0,6,1
0,17,4,1,1,0,3,0,0,2,1,1,1,0,0,1,2,3,0,3,1
2,18,4,0,1,4,3,0,1,2,1,1,1,7,0,1,0,6,8,6,1
0,17,4,0,1,0,3,1,0,2,1,1,1,8,0,0,5,0,0,0,1
6,18,4,0,1,0,3,0,0,0,1,1,1,1,0,1,0,6,4,9,0
9,0,4,1,1,0,3,3,0,2,1,1,1,3,0,4,0,7,4,6,1
5,18,0,0,1,4,3,0,1,1,1,1,1,0,0,1,5,0,0,0,0
6,20,4,1,1,0,3,0,0,0,1,1,1,7,0,1,0,4,5,7,1
6,17,4,0,1,0,3,1,0,2,1,1,1,0,0,1,0,6,5,12,1
4,19,4,1,1,0,3,0,0,2,1,1,1,0,0,1,0,6,10,8,1
6,14,4,0,1,0,3,1,0,7,1,1,1,8,0,1,0,2,1,6,1
4,18,4,1,1,0,3,1,0,2,1,1,1,8,0,1,0,3,1,4,0
9,15,4,1,1,3,3,3,1,0,1,1,1,8,0,6,5,0,0,5,0
1,17,4,0,1,0,3,0,0,2,1,1,1,0,0,1,2,2,0,3,1
5,20,4,1,1,0,3,0,0,4,1,1,1,0,0,1,2,0,0,0,1
14,20,0,1,1,0,3,1,0,0,1,1,1,0,2,1,0,7,5,14,1
13,20,4,0,1,4,3,1,1,0,1,1,1,5,2,1,0,1,9,14,1
13,18,0,1,1,0,3,3,0,0,1,1,1,0,2,1,0,8,7,12,1
15,19,4,0,1,0,3,0,0,0,1,1,1,0,2,3,0,6,3,11,1
6,20,4,1,1,0,3,1,0,12,1,1,1,0,0,0,5,0,0,0,1
1,18,4,0,1,0,3,0,0,2,1,1,1,7,0,3,0,4,3,6,1
8,19,4,0,1,0,3,3,0,12,1,1,1,0,0,1,0,9,11,14,0
4,18,4,1,1,0,3,0,0,2,1,1,1,7,0,1,0,4,4,3,1
4,18,0,1,1,2,3,0,0,0,1,1,1,0,0,1,5,0,0,0,0
3,17,4,0,1,0,3,1,0,2,1,1,1,0,0,0,5,0,0,0,1
13,14,4,0,1,4,3,0,1,9,1,1,1,0,2,1,0,6,5,7,1
3,15,0,1,1,0,3,1,0,1,1,1,1,0,0,1,2,0,0,0,0
10,20,0,0,1,0,3,1,0,1,1,1,1,5,0,1,0,6,6,13,1
3,18,4,1,1,0,3,0,0,0,1,1,1,5,0,1,5,0,0,4,0
10,17,0,1,1,0,3,0,0,2,1,1,1,0,0,2,0,4,2,7,1
8,20,0,1,0,0,3,0,0,0,1,1,1,5,0,1,0,8,6,10,1
7,18,4,1,1,0,3,0,0,0,1,1,1,7,0,1,0,6,3,8,1
7,15,4,0,1,4,3,0,1,11,1,1,1,5,0,1,0,6,3,2,1
8,20,0,0,1,4,3,0,1,1,1,1,1,0,0,1,0,9,3,13,1
11,20,4,1,1,0,3,0,0,2,1,1,1,5,2,1,0,6,3,8,1
9,15,0,0,1,0,3,3,0,2,1,1,1,0,0,1,0,6,11,8,1
1,18,4,0,1,0,3,1,0,2,1,1,1,0,0,1,2,6,0,2,1
15,22,4,1,1,0,3,0,0,15,1,1,1,1,2,0,5,0,0,0,0
4,20,4,0,1,0,3,1,0,15,1,1,1,1,0,1,5,7,0,0,1
10,20,4,1,1,0,3,1,0,11,1,1,1,0,0,1,0,7,8,14,0
13,12,4,0,1,0,3,0,0,15,1,1,1,1,2,1,5,0,0,1,1
6,20,4,1,1,2,3,3,0,3,1,1,1,0,0,1,0,6,8,13,1
7,15,4,0,1,0,3,2,0,2,1,1,1,6,0,1,0,6,10,9,1
0,15,4,0,1,0,3,1,0,1,1,1,1,7,0,1,0,4,4,4,1
11,13,0,0,1,0,3,3,0,8,1,1,1,7,2,1,0,6,6,5,1
6,21,4,1,1,0,3,0,0,5,1,1,1,0,0,1,0,6,5,9,0
0,15,4,0,1,0,3,0,0,7,1,1,1,0,0,0,5,0,0,0,1
2,17,4,1,1,4,3,3,1,5,1,1,1,0,0,1,0,1,2,4,1
3,15,4,0,1,0,3,3,0,16,1,1,1,0,0,1,5,6,0,2,0
14,17,4,1,0,0,3,1,0,0,1,1,0,0,2,1,2,0,0,0,1
5,20,4,1,1,3,3,3,1,2,1,1,1,5,0,0,5,0,0,0,1
4,18,0,1,1,0,3,0,0,9,1,1,1,0,0,0,5,0,0,0,1
10,18,4,1,1,0,3,0,0,2,1,1,1,0,0,1,0,6,8,6,1
3,18,4,0,1,0,3,0,0,2,1,1,1,7,0,1,0,3,6,5,1
7,15,4,1,1,0,3,0,0,0,1,1,1,0,0,1,0,4,4,8,1
9,18,0,0,1,0,3,0,0,1,1,1,1,1,0,1,2,0,0,0,1
7,15,4,0,1,0,3,0,0,9,1,1,1,0,0,1,5,6,0,2,1
0,18,4,1,1,0,3,3,0,16,1,1,1,1,0,1,0,2,1,2,0
0,15,4,0,1,4,3,0,1,11,1,1,1,7,0,0,5,0,0,0,1
9,20,4,0,1,4,3,0,1,5,1,1,1,5,0,1,0,8,11,11,1
2,15,4,1,0,0,3,0,0,2,1,1,1,0,0,1,0,1,6,4,1
6,17,4,1,1,0,3,0,0,2,1,1,1,0,0,0,5,0,0,0,0
14,19,4,0,1,0,0,0,0,12,1,1,1,4,2,5,3,9,3,12,1
8,18,4,1,0,3,3,0,1,2,1,1,1,5,0,0,5,0,0,1,1
8,15,4,1,1,0,3,0,0,2,1,1,1,0,0,1,1,6,0,12,1
7,18,4,1,1,0,3,1,0,0,1,1,1,0,0,1,2,1,0,4,0
12,19,0,1,1,4,3,3,1,1,1,1,1,0,2,7,5,0,0,0,1
14,22,4,1,0,0,3,0,0,0,1,0,1,0,2,1,0,6,9,14,1
1,18,4,0,1,0,3,0,0,2,1,1,1,0,0,1,0,3,4,4,1
14,23,2,1,1,3,3,0,1,5,1,1,1,5,2,1,0,6,8,13,1
15,20,4,0,1,0,3,0,0,2,1,1,1,7,2,1,0,6,4,10,1
2,17,4,1,1,0,3,3,0,2,1,1,1,5,0,1,0,6,2,9,1
7,18,4,1,1,0,3,1,0,0,1,1,1,1,0,1,0,6,3,7,0
11,19,0,0,1,0,1,0,0,0,1,1,1,0,2,1,0,4,11,5,1
0,18,4,1,1,0,3,1,0,16,1,1,1,0,0,1,5,1,0,3,1
13,17,4,0,0,0,3,3,0,15,1,1,0,0,2,0,5,0,0,0,1
2,18,4,1,1,0,3,0,0,0,1,1,1,5,0,1,2,0,0,0,0
11,21,0,0,1,0,3,1,0,0,1,1,1,8,2,1,0,6,3,13,0
9,20,4,1,1,0,3,0,0,2,1,1,1,0,0,0,5,0,0,0,1
9,17,4,0,1,0,3,1,0,0,1,1,1,8,0,1,0,6,6,10,1
10,15,0,0,1,0,0,1,0,16,1,1,1,0,0,5,3,8,1,7,1
13,15,0,1,1,0,3,1,0,0,1,1,1,0,2,1,0,6,2,14,1
3,15,4,0,1,0,0,0,0,16,1,1,1,0,0,5,3,9,1,8,0
2,20,4,0,1,0,3,0,0,2,1,1,1,0,0,1,0,6,3,12,0
9,19,0,1,1,0,3,0,0,2,1,1,1,0,0,0,5,0,0,0,1
7,20,4,0,1,0,3,2,0,2,1,1,1,5,0,1,0,6,10,10,1
3,21,4,1,1,0,3,0,0,2,1,1,1,5,0,9,2,0,0,0,1
8,15,4,0,1,0,3,3,0,2,1,1,1,5,0,1,0,6,6,10,1
6,18,4,0,1,0,3,0,0,14,1,1,1,0,0,1,0,5,0,6,1
9,20,4,0,1,2,3,1,0,0,1,1,1,8,0,4,0,5,9,12,0
11,21,4,0,1,0,3,3,0,14,1,1,1,0,2,1,0,6,6,13,1
6,20,4,0,1,0,2,0,0,2,1,1,1,0,0,1,0,4,4,5,1
3,13,4,0,1,0,3,0,0,2,1,1,1,0,0,1,0,6,1,7,1
1,18,4,1,1,0,3,0,0,16,1,1,1,5,0,0,5,0,0,5,1
0,18,4,0,1,0,3,0,0,2,1,1,1,5,0,3,0,5,3,3,1
10,0,4,0,1,0,3,3,0,2,1,1,1,0,0,1,0,6,4,11,1
11,18,4,1,1,0,3,3,0,4,1,1,1,0,2,1,0,1,3,1,1
8,20,4,1,1,0,3,0,0,0,1,1,1,5,0,1,0,6,11,13,1
5,20,0,1,1,4,3,0,1,0,1,1,1,5,0,1,0,6,8,13,0
4,15,4,1,1,2,3,3,0,2,1,1,1,0,0,1,0,4,3,6,1
7,20,0,0,1,0,3,0,0,0,1,1,1,0,0,1,0,7,7,13,0
4,18,4,0,1,0,3,0,0,2,1,1,1,0,0,1,0,6,5,7,0
8,19,4,0,1,0,3,0,0,2,1,1,1,5,0,1,2,4,0,5,1
4,12,4,1,0,0,3,0,0,2,1,1,1,0,0,0,5,0,0,4,1
7,21,0,0,1,3,3,3,1,1,1,1,1,5,0,6,1,1,0,4,1
9,18,4,1,1,0,3,1,0,2,1,1,1,8,0,1,0,5,2,6,1
10,19,4,0,1,0,3,1,0,2,1,1,1,5,0,1,0,4,7,10,1
6,20,4,0,1,0,3,0,0,2,1,1,1,0,0,1,0,6,3,8,1
14,20,0,1,1,3,3,0,1,1,1,1,1,7,2,7,0,6,8,9,1
2,14,4,0,1,3,3,0,1,9,1,1,1,5,0,0,5,0,0,0,1
8,15,4,0,1,0,3,0,0,2,1,1,1,0,0,1,0,6,3,5,1
5,20,4,1,1,0,3,0,0,0,1,1,1,0,0,1,5,0,0,0,0
7,20,4,1,1,3,3,0,1,5,1,1,1,5,0,1,0,6,4,13,1
7,18,4,1,1,0,3,1,0,2,1,1,1,0,0,1,0,5,10,10,1
15,15,0,0,1,0,3,0,0,0,1,1,1,7,2,3,0,6,8,11,1
5,15,4,1,1,0,3,0,0,2,1,1,1,7,0,1,0,6,1,2,1
5,18,4,0,0,0,3,0,0,16,1,1,0,0,0,1,5,0,0,4,0
10,18,0,0,1,4,3,0,1,8,1,1,1,5,0,4,0,6,3,11,1
11,8,3,0,1,0,0,3,0,0,1,0,1,4,2,6,5,8,0,14,0
5,17,4,0,1,0,3,0,0,2,1,1,1,5,0,0,5,0,0,0,1
14,20,0,0,1,0,3,1,0,2,1,1,1,0,2,6,0,6,6,10,1
1,17,4,0,1,0,3,3,0,2,1,1,1,7,0,2,5,2,0,4,1
7,15,4,1,1,0,3,0,0,2,1,1,1,0,0,1,0,6,2,4,0
15,17,0,1,1,0,3,3,0,1,1,1,1,0,2,1,5,1,0,2,1
5,15,4,0,1,0,3,0,0,0,1,1,1,7,0,1,0,6,6,10,1
14,19,2,1,1,4,3,0,1,12,1,1,1,0,2,1,0,6,6,7,1
15,18,0,0,1,0,3,1,0,0,1,1,1,0,2,1,0,9,3,14,1
12,15,4,0,1,0,3,0,0,0,1,1,1,0,2,1,0,6,1,6,1
8,19,0,0,1,0,3,0,0,0,1,1,1,0,0,3,0,8,4,13,1
15,22,4,1,1,3,3,0,1,0,1,1,1,8,2,1,0,6,9,13,1
13,20,0,0,1,0,3,0,0,0,1,1,1,0,2,2,0,6,6,11,1
0,18,4,1,1,0,3,0,0,2,1,1,1,5,0,2,0,6,2,7,1
1,18,4,0,1,0,0,1,0,16,1,1,1,0,0,5,3,9,3,7,0
15,15,4,1,1,0,3,3,0,10,1,1,1,0,2,1,0,6,8,13,0
11,22,0,1,1,3,3,0,1,1,1,1,1,8,2,7,1,9,0,13,1
14,23,0,0,1,0,3,0,0,1,1,1,1,0,2,1,0,6,5,14,0
4,15,4,0,1,0,3,0,0,7,1,1,1,5,0,1,5,0,0,3,1
1,15,4,0,1,0,3,0,0,16,1,1,1,0,0,4,0,1,1,4,1
6,20,4,0,1,0,3,0,0,12,1,1,1,0,0,1,0,7,2,11,1
11,21,4,1,1,0,3,1,0,12,1,1,1,0,2,2,0,6,3,10,0
8,15,4,0,0,0,3,0,0,2,1,1,0,0,0,0,5,0,0,0,1
1,15,4,1,1,0,3,0,0,2,1,1,1,6,0,1,0,2,1,3,1
12,20,4,1,1,0,3,0,0,2,1,1,1,5,2,1,0,2,2,3,1
15,13,4,0,1,0,3,0,0,15,1,1,1,1,2,0,5,0,0,0,1
13,17,4,0,1,0,3,1,0,2,1,1,1,0,2,1,0,8,2,10,1
13,21,0,1,1,0,3,1,0,2,1,1,1,0,2,1,0,6,10,13,1
3,19,4,0,1,3,3,0,1,11,1,1,1,0,0,6,0,6,6,10,1
4,15,4,1,1,0,3,0,0,2,1,1,1,0,0,1,5,0,0,0,0
3,15,4,0,1,0,3,3,0,2,1,1,1,7,0,1,0,5,8,3,1
8,20,4,0,1,0,3,1,0,11,1,1,1,0,0,1,2,8,0,4,1
3,13,4,1,1,0,3,0,0,2,1,1,1,7,0,1,2,6,0,2,1
9,19,4,0,1,0,3,0,0,2,1,1,1,0,0,1,0,9,6,12,1
14,14,4,1,1,0,3,3,0,12,1,1,1,0,2,0,5,0,0,5,1
5,17,4,0,1,0,0,0,0,16,1,1,1,0,0,5,3,9,1,1,1
3,18,4,0,1,0,3,0,0,9,1,1,1,0,0,0,5,0,0,0,1
0,15,4,1,1,0,3,1,0,7,1,1,1,8,0,1,5,0,0,0,1
3,15,4,1,1,4,3,0,1,0,1,1,1,5,0,1,0,8,3,12,0
0,17,4,1,1,0,3,0,0,2,1,1,1,8,0,1,5,1,0,2,0
8,15,0,0,1,0,3,1,0,16,1,1,1,0,0,1,5,2,0,4,0
14,11,4,0,1,0,3,2,0,11,1,1,1,0,2,1,0,6,3,10,0
13,0,4,1,1,4,3,0,1,0,1,1,1,7,2,6,0,6,3,11,1
7,16,1,0,1,3,3,0,1,0,1,1,1,0,0,1,0,9,2,9,0
2,15,4,0,1,0,3,3,0,10,1,1,1,0,0,1,0,9,3,3,1
10,21,4,0,1,0,3,3,0,0,1,1,1,0,0,1,0,6,11,13,1
7,15,4,0,1,0,3,0,0,0,1,1,1,0,0,2,0,2,2,6,1
13,20,4,1,1,0,3,0,0,0,1,1,1,0,2,2,0,6,4,13,1
12,17,0,0,1,0,3,3,0,1,1,1,1,0,2,4,0,6,8,10,1
6,15,4,1,1,0,3,0,0,2,1,1,1,7,0,1,0,4,6,6,1
5,15,4,0,1,0,3,0,0,4,1,1,1,7,0,1,0,5,10,6,1
13,20,0,0,1,0,3,0,0,1,1,1,1,1,2,1,0,6,8,13,1
11,20,0,1,1,0,3,1,0,0,1,1,1,0,2,1,0,8,6,12,1
14,15,4,0,1,0,3,1,0,2,1,1,1,7,2,1,0,6,10,11,1
8,14,4,1,0,0,3,1,0,7,1,1,0,8,0,0,5,0,0,0,1
13,11,2,0,0,0,3,1,0,15,1,1,0,0,2,1,5,9,0,6,1
7,18,4,1,1,0,3,0,0,2,1,1,1,5,0,1,0,6,11,11,1
13,15,4,0,1,2,3,3,0,2,1,1,1,0,2,1,0,6,6,11,1
12,15,4,1,1,4,3,0,1,0,1,1,1,1,2,1,0,4,4,6,1
15,21,0,1,1,3,3,3,1,0,1,1,1,0,2,6,5,6,0,14,1
8,18,4,0,1,0,3,0,0,2,1,1,1,0,0,1,0,3,11,3,1
1,15,4,0,1,0,3,0,0,2,1,1,1,5,0,1,0,6,6,9,1
7,18,4,0,1,0,3,0,0,2,1,1,1,7,0,1,0,6,6,9,1
13,18,4,0,1,0,3,1,0,2,1,1,1,0,2,1,0,2,2,3,1
0,15,4,0,1,4,3,0,1,2,1,1,1,7,0,1,0,5,3,7,1
14,13,4,0,1,4,3,0,1,5,1,1,1,0,2,6,2,6,0,6,1
6,20,4,0,1,0,3,3,0,5,1,1,1,5,0,1,0,3,6,8,1
9,13,0,0,1,0,3,3,0,8,1,1,1,0,0,1,0,8,2,7,1
6,19,4,1,1,4,3,0,1,0,1,1,1,0,0,1,0,6,8,12,1
4,15,4,0,1,0,3,3,0,0,1,1,1,5,0,2,0,1,1,1,0
7,21,0,1,1,0,3,0,0,0,1,1,1,5,0,4,0,6,10,12,0
2,14,4,1,1,0,3,1,0,2,1,1,1,7,2,1,0,1,7,7,1
1,15,4,0,1,0,3,0,0,0,1,1,1,0,0,1,0,7,4,2,1
14,14,4,0,1,0,3,0,0,12,1,1,1,0,2,1,5,0,0,4,1
15,20,0,1,1,4,3,0,1,0,1,1,1,0,2,0,5,0,0,0,1
15,20,4,0,1,0,3,0,0,0,1,1,1,0,2,1,0,6,6,13,1
1,18,4,1,1,0,3,1,0,12,1,1,1,0,0,1,0,2,2,5,1
6,13,4,0,1,4,3,0,1,10,1,1,1,0,0,1,0,8,8,13,0
3,20,4,0,1,0,0,0,0,12,1,1,1,0,0,5,3,8,9,14,0
14,19,0,1,1,0,3,1,0,1,1,1,1,0,2,2,0,6,11,10,0
1,18,4,1,1,0,3,1,0,16,1,1,1,8,0,1,5,0,0,0,0
12,18,4,0,1,0,3,1,0,0,1,1,1,0,2,1,0,8,3,11,1
6,20,4,0,1,0,3,1,0,0,1,1,1,0,0,1,0,8,2,14,1
8,18,4,0,1,0,3,1,0,0,1,1,1,0,0,1,0,7,4,10,1
9,15,4,1,1,0,3,0,0,2,1,1,1,7,0,3,0,6,3,8,1
9,20,4,0,1,3,3,0,1,0,1,1,1,0,0,4,0,8,3,12,1
0,15,4,0,1,0,2,3,0,6,1,1,1,8,0,6,0,6,2,6,1
8,15,4,0,1,0,3,3,0,11,1,1,1,0,0,1,0,6,3,13,0
14,19,4,0,1,0,3,0,0,2,1,1,1,0,2,1,0,6,8,10,1
11,20,4,0,1,0,3,0,0,2,1,1,1,0,2,3,0,6,0,6,1
3,15,4,0,1,0,3,1,0,15,1,1,1,0,0,0,5,0,0,0,0
1,18,4,0,1,0,3,1,0,2,1,1,1,8,0,0,5,0,0,0,1
4,18,4,0,1,0,3,0,0,0,1,1,1,0,0,3,0,6,6,5,0
12,19,4,0,0,2,3,1,0,2,0,1,0,0,2,1,0,1,8,3,1
0,15,4,1,1,1,1,3,0,14,1,1,1,0,0,1,0,4,10,2,1
14,17,4,1,1,0,3,3,0,0,1,1,1,0,2,4,0,6,5,10,1
14,15,4,0,1,0,3,0,0,0,1,1,1,0,2,1,0,6,4,14,1
12,20,0,0,1,4,3,0,1,0,1,1,1,5,2,1,0,6,10,14,0
10,15,0,1,1,0,3,2,0,1,1,1,1,7,0,1,0,6,1,6,1
9,17,4,0,1,0,3,1,0,2,1,1,1,0,0,1,0,2,6,1,1
2,18,4,1,1,0,3,0,0,16,1,1,1,5,0,2,5,1,0,2,1
4,18,4,1,1,0,3,1,0,7,1,1,1,0,0,6,5,0,0,1,0
13,18,0,1,1,3,3,1,1,1,1,1,1,5,2,1,0,1,2,2,1
7,19,4,1,1,0,3,0,0,0,1,1,1,0,0,2,0,6,0,9,0
13,20,0,1,1,0,3,0,0,1,1,1,1,0,2,1,0,7,0,11,1
11,21,0,0,1,4,3,0,1,1,1,1,1,5,2,1,0,3,5,14,1
11,16,4,0,1,0,3,0,0,0,1,1,1,0,2,0,5,0,0,4,1
9,20,4,1,1,3,3,0,1,2,1,1,1,5,0,0,5,0,0,0,1
5,19,4,0,1,0,3,1,0,0,1,1,1,0,0,1,0,6,2,5,0
4,19,4,1,1,0,3,1,0,0,1,1,1,0,0,1,0,6,4,4,1
8,19,4,1,1,0,3,1,0,0,1,1,1,8,0,0,5,0,0,0,1
12,21,0,0,1,0,3,0,0,1,1,1,1,0,2,2,0,6,4,13,1
14,20,0,1,0,0,3,1,0,1,1,1,1,0,2,1,0,5,2,5,1
11,19,4,1,1,0,3,1,0,2,1,1,1,7,2,1,0,9,3,13,1
13,17,0,0,1,0,3,1,0,1,1,1,1,7,2,1,0,8,4,10,1
7,18,0,1,1,0,3,0,0,2,1,1,1,0,0,6,1,4,0,6,1
14,21,4,1,1,4,3,1,1,0,1,1,1,0,2,6,0,6,1,8,1
12,14,4,0,1,0,3,0,0,12,1,1,1,7,2,0,5,0,0,0,1
15,21,4,0,1,0,3,3,0,0,1,1,1,0,2,1,0,9,8,13,1
12,20,4,1,1,0,3,0,0,5,1,1,1,0,2,2,0,6,3,13,1
5,17,4,0,1,0,3,3,0,2,1,1,1,7,0,1,0,5,6,3,1
2,20,2,1,1,0,3,0,0,0,1,1,1,0,0,3,5,3,0,2,1
10,16,4,0,1,0,3,0,0,15,1,1,1,7,0,0,5,0,0,0,1
9,16,4,0,1,0,3,0,0,2,1,1,1,7,0,1,0,7,3,10,1
8,17,0,1,1,0,3,0,0,1,1,1,1,0,0,0,5,0,0,0,1
8,18,4,0,1,0,3,1,0,7,1,1,1,8,0,1,0,6,11,7,1
15,15,0,0,1,0,3,0,0,2,1,1,1,0,2,1,2,0,0,0,1
4,20,4,1,1,0,3,1,0,2,1,1,1,1,0,0,5,0,0,0,1
0,15,4,0,1,0,3,0,0,2,1,1,1,0,0,1,2,2,0,3,1
15,16,4,0,1,0,3,0,0,15,1,1,1,7,2,0,5,0,0,0,1
12,15,4,0,1,0,3,1,0,15,1,1,1,8,0,4,5,5,0,1,0
4,15,4,0,0,0,3,0,0,2,1,1,0,0,0,0,5,0,0,1,1
9,18,4,1,1,0,3,0,0,12,1,1,1,0,0,6,0,3,0,8,0
12,21,0,1,1,4,3,0,1,0,1,1,1,5,2,1,0,8,6,14,0
11,15,0,0,1,4,3,0,1,1,1,1,1,0,2,1,0,6,2,11,1
11,15,4,1,1,0,3,0,0,12,1,1,1,2,2,6,0,3,4,3,1
4,20,4,0,1,0,3,3,0,2,1,1,1,0,0,1,0,6,0,3,1
8,19,0,0,1,0,3,1,0,2,1,1,1,8,0,1,0,6,2,7,1
3,11,4,1,1,4,3,0,1,0,1,1,1,7,0,1,0,6,3,2,1
5,23,4,0,1,0,3,0,0,2,1,1,1,0,0,1,0,6,7,7,0
6,11,4,1,1,0,3,1,0,4,1,1,1,0,0,1,0,1,1,4,1
2,20,0,1,1,0,3,0,0,1,1,1,1,0,0,2,0,7,2,12,1
2,18,4,0,1,0,3,1,0,16,1,1,1,0,0,4,0,6,5,5,1
4,12,4,0,1,0,3,3,0,7,1,1,1,0,0,1,0,0,11,9,1
14,18,0,0,1,0,3,0,0,1,1,1,1,7,2,1,0,8,8,9,1
10,19,4,1,1,0,3,3,0,14,1,1,1,5,0,1,0,4,8,9,1
8,23,3,1,1,0,3,0,0,2,1,1,1,0,0,1,0,6,5,6,1
3,20,4,1,1,0,3,1,0,12,1,1,1,0,0,1,5,6,0,4,0
0,15,4,0,1,0,3,3,0,2,1,1,1,0,0,1,0,2,4,3,1
0,15,4,1,1,0,3,0,0,10,1,1,1,0,0,1,0,6,8,1,1
9,15,0,0,0,0,3,0,0,0,1,0,1,0,0,4,0,8,0,11,1
5,19,4,1,1,0,3,0,0,2,1,1,1,0,0,0,5,0,0,0,1
5,19,4,1,1,0,3,0,0,2,1,1,1,7,0,1,0,3,10,5,1
9,14,4,0,1,4,3,0,1,12,1,1,1,0,0,1,0,6,11,6,1
0,17,4,1,1,0,3,1,0,16,1,1,1,0,0,1,5,1,0,1,1
9,17,4,0,1,0,3,1,0,2,1,1,1,7,0,1,0,6,5,12,1
14,20,4,1,1,0,3,1,0,12,1,1,1,5,2,1,0,6,11,13,1
6,19,4,0,1,0,3,0,0,11,1,1,1,0,0,3,0,6,8,12,1
11,21,4,1,1,0,3,1,0,0,1,1,1,0,2,2,0,6,2,13,1
7,16,4,0,0,0,3,0,0,2,1,1,0,0,0,0,5,0,0,4,1
13,23,2,0,1,0,3,0,0,1,1,1,1,0,2,8,5,6,0,7,1
9,16,0,1,1,0,3,3,0,1,1,1,1,0,0,0,5,0,0,0,1
14,20,0,1,1,0,3,0,0,0,1,1,1,0,2,1,0,6,0,11,1
14,20,4,0,1,0,3,0,0,0,1,1,1,7,2,1,0,7,4,10,1
2,16,4,0,1,0,3,0,0,15,1,1,1,5,0,0,5,0,0,0,0
2,15,4,1,1,0,3,1,0,2,1,1,1,8,0,1,0,2,2,4,1
7,18,4,1,1,0,3,0,0,0,1,1,1,7,0,1,1,8,0,9,0
1,15,4,1,1,0,3,0,0,10,1,1,1,0,0,1,0,1,3,3,0
14,23,4,0,1,0,3,3,0,12,1,1,1,0,2,1,0,6,4,14,1
10,20,4,0,1,0,3,3,0,14,1,1,1,0,0,1,0,6,6,9,0
11,17,4,0,1,0,3,1,0,0,1,1,1,8,2,1,0,6,2,6,1
7,20,4,1,1,0,3,1,0,0,1,1,1,0,0,1,0,4,5,7,0
4,15,4,0,1,0,0,3,0,16,1,1,1,1,0,5,3,9,1,6,1
10,20,4,1,1,0,3,0,0,0,1,1,1,0,0,1,0,7,10,13,1
11,20,4,1,1,0,3,3,0,3,1,1,1,8,0,2,5,4,0,5,0
1,18,4,0,1,3,3,0,1,2,1,1,1,5,0,0,5,0,0,0,1
13,15,0,0,1,4,3,0,1,0,1,1,1,7,2,1,0,6,10,10,1
13,15,0,1,1,4,3,0,1,8,1,1,1,5,2,1,5,0,0,0,1
3,20,4,1,1,0,3,1,0,2,1,1,1,0,0,1,0,5,5,6,1
9,20,0,0,1,0,3,0,0,0,1,1,1,0,0,3,0,6,10,11,1
8,18,4,1,1,0,3,2,0,0,1,1,1,0,0,1,5,3,0,1,1
2,18,4,1,1,0,3,0,0,2,1,1,1,0,0,1,0,1,2,3,1
11,21,4,1,1,0,3,1,0,0,1,1,1,0,2,1,0,9,3,14,1
9,18,4,1,1,0,3,1,0,0,1,1,1,0,0,1,0,6,8,8,1
14,15,0,1,1,0,3,3,0,1,1,1,1,0,2,0,5,0,0,0,1
4,15,0,0,0,4,3,0,1,9,1,1,1,5,0,1,0,4,6,5,0
9,18,4,0,1,0,3,1,0,5,1,1,1,5,0,1,2,6,0,4,1
12,17,4,1,1,0,3,1,0,2,1,1,1,8,2,1,0,7,8,7,1
15,16,4,1,0,0,3,0,1,0,1,0,0,0,2,6,0,1,0,3,1
1,18,4,0,1,0,3,1,0,0,1,1,1,0,0,1,0,4,6,13,0
4,18,4,0,1,0,3,0,0,2,1,1,1,0,0,1,2,6,0,6,1
12,18,2,0,0,0,3,0,0,0,1,1,1,2,2,1,0,9,4,14,1
8,19,4,1,1,4,3,0,1,0,1,1,1,7,0,1,1,3,0,2,1
2,18,2,0,1,0,1,1,0,12,1,1,1,0,2,1,0,6,11,7,1
0,18,4,1,1,0,3,3,0,9,1,1,1,7,0,1,5,2,0,3,1
7,15,4,1,1,0,3,0,0,0,1,1,1,7,0,1,0,5,4,5,1
1,18,4,1,1,0,3,0,0,16,1,1,1,5,0,0,5,0,0,0,1
3,18,4,1,1,0,3,0,0,2,1,1,1,7,0,1,0,2,1,3,1
6,20,4,0,1,0,3,3,0,2,1,1,1,5,0,3,0,5,6,12,1
5,15,4,0,1,0,3,3,0,2,1,1,1,7,0,1,2,0,0,0,0
10,14,0,0,1,0,3,0,0,1,1,1,1,0,0,7,0,3,3,5,1
14,19,0,1,1,0,3,0,0,0,1,1,1,0,2,1,0,6,5,6,1
2,15,4,1,1,0,3,0,0,2,1,1,1,0,0,1,0,6,6,4,0
13,21,0,1,1,0,3,0,0,0,1,1,1,5,2,1,0,9,3,14,1
10,20,0,1,1,0,3,0,0,1,1,1,1,7,0,1,0,6,4,9,1
6,18,4,0,1,4,3,0,1,0,1,1,1,5,0,1,0,1,8,1,0
0,18,4,1,1,0,3,0,0,2,1,1,1,0,0,1,5,1,0,1,1
2,17,4,0,1,0,3,0,0,15,1,1,1,7,0,0,5,0,0,0,0
11,20,0,0,1,0,3,3,0,1,1,1,1,5,2,1,0,6,11,14,0
0,15,4,0,1,0,3,1,0,16,1,1,1,0,0,1,0,4,1,4,1
8,18,0,0,1,0,3,3,0,2,1,1,1,7,0,1,0,6,11,11,1
2,18,0,1,1,0,3,0,0,8,1,1,1,5,0,1,0,3,4,1,1
15,22,0,1,1,0,3,0,0,0,1,1,1,5,2,1,0,6,6,14,1
15,20,0,1,1,3,3,0,1,1,1,1,1,0,2,1,0,6,2,5,0
12,18,4,1,1,4,3,1,1,0,1,1,1,0,2,1,0,2,2,6,1
2,20,4,1,1,4,3,0,1,2,1,1,1,5,0,1,0,2,3,2,1
13,15,4,0,1,0,3,3,0,2,1,1,1,0,2,1,0,6,11,10,1
1,15,4,0,1,0,3,0,0,3,1,1,1,1,0,5,2,6,1,5,1
0,17,4,0,1,3,3,3,1,2,1,1,1,0,0,9,2,0,0,0,1
8,20,4,1,1,0,3,1,0,0,1,1,1,5,0,1,0,3,3,1,1
0,8,4,1,1,4,3,1,1,16,1,1,1,0,0,1,0,1,4,1,1
11,23,0,0,1,0,3,1,0,0,1,1,1,0,2,1,0,6,4,14,1
11,20,0,0,1,0,3,3,0,1,1,1,1,0,2,1,0,8,8,14,1
0,18,4,1,1,0,3,1,0,2,1,1,1,0,0,1,0,1,3,3,1
8,18,4,1,1,0,1,1,0,0,1,1,1,0,0,1,0,3,7,8,1
4,15,4,0,1,3,3,0,1,2,1,1,1,7,0,1,0,6,1,4,1
11,20,4,1,1,0,3,1,0,0,1,1,1,1,2,3,0,3,6,4,1
2,13,0,1,0,4,3,0,1,8,1,1,1,7,2,0,5,0,0,0,1
7,19,0,0,1,0,3,0,0,8,1,1,1,5,0,1,5,0,0,0,1
6,19,4,0,1,0,3,0,0,12,1,1,1,0,0,1,0,4,3,6,1
5,20,4,1,1,0,3,1,0,2,1,1,1,0,0,1,0,6,4,9,0
1,19,4,1,1,0,3,0,0,2,1,1,1,0,0,0,5,0,0,0,1
14,18,0,0,1,4,3,0,1,1,1,1,1,0,2,1,5,0,0,0,1
2,18,4,1,1,0,3,0,0,2,1,1,1,5,0,1,0,3,1,5,1
14,19,0,0,1,0,3,0,0,0,1,1,1,0,2,1,1,6,0,11,1
8,16,0,0,1,0,3,0,0,2,1,1,1,7,0,1,0,6,2,8,1
13,15,4,0,1,4,3,0,1,0,1,1,1,7,2,0,5,0,0,0,1
15,9,4,0,1,0,3,1,0,12,1,1,1,7,2,2,0,4,1,4,0
15,16,0,1,1,0,3,0,0,0,1,1,1,7,2,0,5,0,0,0,0
11,20,4,1,1,0,3,0,0,0,1,1,1,0,2,2,0,6,1,10,1
8,0,4,0,1,0,3,1,0,0,1,1,1,8,0,1,1,6,0,12,1
14,18,4,1,1,3,3,3,1,0,1,1,1,5,2,1,0,8,4,12,0
0,15,4,1,1,0,0,0,0,6,1,1,1,7,0,5,3,6,2,6,1
2,18,4,1,1,0,3,0,0,2,1,1,1,7,0,1,0,2,2,5,1
8,17,0,1,1,3,3,0,1,1,1,1,1,0,0,0,5,0,0,0,1
8,20,4,1,1,4,3,0,1,0,1,1,1,5,0,1,0,5,9,7,0
3,18,4,1,1,0,3,0,0,0,1,1,1,7,0,1,1,3,0,4,1
6,15,4,1,1,0,3,0,0,9,1,1,1,0,0,1,5,1,0,1,1
10,14,4,0,1,0,3,2,0,0,1,1,1,0,0,7,2,2,0,4,1
10,10,4,1,0,4,3,0,1,2,1,1,0,0,0,0,5,0,0,0,1
9,18,0,1,1,0,3,0,0,8,1,1,1,0,0,4,0,8,1,11,1
8,19,4,0,1,0,3,0,0,9,1,1,1,0,0,0,5,0,0,0,1
12,17,0,1,1,0,3,3,0,1,1,1,1,7,2,1,0,5,1,8,1
15,20,0,1,1,0,3,0,0,1,1,1,1,1,2,6,5,1,0,2,1
2,18,4,1,1,0,3,0,0,2,1,1,1,0,0,1,2,2,0,4,0
5,18,4,0,1,0,3,0,0,2,1,1,1,0,0,1,0,6,3,7,1
4,18,4,1,1,0,3,0,0,2,1,1,1,0,0,0,5,0,0,0,1
14,8,0,0,1,4,3,0,1,0,1,1,1,7,2,1,0,6,2,7,1
2,18,4,1,1,0,3,3,0,9,1,1,1,0,0,1,0,6,2,5,0
13,20,4,1,1,3,3,0,1,2,1,1,1,5,0,2,0,2,3,4,1
4,15,4,0,1,3,3,3,1,2,1,1,1,5,0,1,5,0,0,2,1
5,15,0,1,1,0,3,1,0,2,1,1,1,0,0,0,5,0,0,0,0
15,20,4,1,1,0,3,0,0,0,1,1,1,0,2,1,0,5,0,6,1
4,15,4,0,1,3,3,0,0,11,1,1,1,0,0,1,0,6,5,11,1
13,21,4,0,1,0,3,0,0,0,1,1,1,5,2,1,0,6,6,13,1
14,19,4,1,1,3,3,3,1,2,1,1,1,5,2,1,0,6,5,9,1
13,12,2,1,0,4,3,0,1,12,1,1,1,2,2,1,0,6,6,5,1
12,15,4,0,1,0,3,0,0,16,1,1,1,0,2,1,5,6,0,5,1
2,18,4,0,1,4,3,3,1,16,1,1,1,7,0,2,0,8,2,7,1
9,15,4,0,1,4,3,0,1,5,1,1,1,7,0,1,0,6,3,8,1
10,8,4,1,1,4,3,0,1,12,1,1,1,7,0,1,0,1,4,1,1
1,15,4,1,1,0,3,3,0,2,1,1,1,0,0,1,5,0,0,0,1
8,20,4,1,1,0,3,1,0,0,1,1,1,0,0,2,0,8,11,11,1
14,15,4,0,1,0,3,3,0,0,1,1,1,0,0,6,0,4,5,4,1
6,20,4,0,1,0,3,0,0,2,1,1,1,0,0,1,0,3,8,9,1
13,20,4,0,1,0,3,1,0,0,1,1,1,0,2,6,0,7,5,14,1
10,15,0,0,1,4,3,0,1,1,1,1,1,0,0,1,0,6,3,10,0
10,0,4,1,1,3,3,0,1,2,1,1,1,7,0,1,0,3,3,8,1
8,18,0,1,0,0,3,0,0,8,1,1,0,5,0,1,1,2,0,5,1
12,18,0,1,1,0,3,3,0,8,1,1,1,7,2,1,0,6,0,8,1
15,18,4,0,1,3,3,0,1,2,1,1,1,7,2,1,0,8,11,11,1
10,16,4,1,1,0,3,1,0,10,1,1,1,8,0,1,0,9,3,10,0
11,15,4,0,1,4,3,0,1,11,1,1,1,7,2,1,0,6,4,9,0
0,18,4,0,1,0,3,2,0,2,1,1,1,0,0,1,0,3,1,2,1
9,18,4,1,0,0,3,0,0,2,1,0,0,0,0,6,2,0,0,4,1
4,20,4,1,1,0,3,0,0,0,1,1,1,0,0,1,0,8,4,10,0
8,19,4,1,1,0,3,0,0,2,1,1,1,0,0,1,0,3,3,2,1
13,15,4,0,1,0,3,0,0,0,1,1,1,7,2,1,0,6,10,11,1
9,17,4,0,1,0,3,0,0,0,1,1,1,7,0,1,0,8,4,12,1
15,15,0,1,1,4,3,0,1,1,1,1,1,7,2,0,5,0,0,0,1
13,21,4,1,1,4,3,0,1,5,1,1,1,0,2,1,0,9,6,13,0
5,18,4,0,1,0,3,0,0,2,1,1,1,0,0,1,0,5,3,2,1
1,19,4,1,1,0,3,0,0,7,1,1,1,0,0,1,5,0,0,0,1
6,20,4,0,1,0,3,0,0,11,1,1,1,5,0,1,0,6,8,12,1
3,17,4,0,1,0,3,0,0,2,1,1,1,0,0,1,0,9,4,4,1
7,15,4,1,1,0,3,1,0,2,1,1,1,0,0,1,0,6,8,8,1
13,12,4,0,0,0,3,0,0,15,1,1,0,1,2,1,5,0,0,1,1
9,17,0,1,1,0,3,0,0,1,1,1,1,0,0,2,5,0,0,0,1
1,15,0,0,1,0,0,1,0,16,1,1,1,0,0,5,3,9,11,5,0
11,8,0,1,1,4,3,0,1,11,1,1,1,0,2,0,5,0,0,0,1
12,20,4,0,1,0,3,3,0,0,1,1,1,5,2,1,0,8,11,9,1
5,17,4,0,1,0,3,0,0,16,1,1,1,8,0,1,0,9,1,4,0
10,18,4,1,1,0,3,1,0,12,1,1,1,0,0,2,0,3,2,10,0
15,18,0,1,1,0,3,0,0,1,1,1,1,0,2,0,5,0,0,0,1
15,20,0,1,1,4,3,0,1,1,1,1,1,0,2,1,5,6,0,3,1
12,20,4,1,1,0,3,0,0,0,1,1,1,0,2,1,0,8,6,12,1
9,13,0,0,1,0,3,0,0,0,1,1,1,0,0,1,0,6,3,13,1
13,15,4,0,1,4,3,0,1,7,1,1,1,1,0,6,0,5,3,3,1
4,14,0,0,1,0,3,0,0,16,1,1,1,0,0,6,0,6,7,7,0
0,17,4,0,1,0,3,0,0,16,1,1,1,1,0,6,5,1,0,1,1
7,20,4,1,1,0,3,0,0,2,1,1,1,0,0,1,0,6,6,11,1
8,20,0,1,1,0,3,0,0,1,1,1,1,0,0,0,5,0,0,0,1
15,18,0,1,1,0,3,1,0,1,1,1,1,0,2,6,0,2,0,2,0
7,15,4,0,1,3,3,0,0,2,1,1,1,0,0,7,0,6,2,11,1
11,11,4,0,0,0,3,0,0,4,0,1,0,0,2,1,2,0,0,0,1
7,18,4,0,1,0,3,3,0,11,1,1,1,7,0,1,0,6,10,11,0
11,17,0,0,1,0,3,3,0,1,1,1,1,0,2,1,0,7,2,11,1
4,20,4,1,1,0,3,1,0,2,1,1,1,0,0,2,0,3,4,9,1
7,21,0,1,1,4,3,0,1,1,1,1,1,5,0,1,0,6,6,4,0
10,20,0,1,1,0,3,0,0,1,1,1,1,0,0,2,0,7,0,11,0
12,15,0,0,1,0,3,1,0,1,1,1,1,0,2,1,0,6,3,11,0
7,3,4,0,1,0,1,3,0,12,1,0,1,7,0,6,0,6,7,12,1
3,20,4,0,1,0,3,1,0,2,1,1,1,0,0,1,0,6,6,6,1
10,20,0,1,1,0,3,0,0,0,1,1,1,0,0,0,5,0,0,0,1
8,20,4,0,0,0,3,0,0,2,1,1,1,5,0,1,5,0,0,1,1
12,20,0,1,1,0,3,0,0,1,1,1,1,0,2,2,0,6,2,13,1
9,14,4,1,1,0,3,2,0,11,1,1,1,8,0,1,0,6,10,12,1
12,20,0,0,1,0,3,0,0,1,1,1,1,0,2,1,0,6,3,13,1
0,18,4,0,1,0,3,1,0,0,1,1,1,0,0,1,0,3,8,8,1
0,15,4,0,1,4,3,0,0,16,1,1,1,0,0,1,0,4,5,5,1
8,21,4,0,1,4,3,0,1,0,1,1,1,5,0,0,5,0,0,0,0
10,18,4,1,1,0,3,0,0,2,1,1,1,7,0,4,2,0,0,0,1
4,18,4,0,1,0,3,3,0,2,1,1,1,0,0,1,0,3,2,6,0
12,15,4,0,1,0,3,3,0,11,1,1,1,0,2,1,5,0,0,0,1
8,21,4,0,1,4,3,0,1,9,1,1,1,5,0,9,2,2,0,0,1
14,20,0,1,1,0,3,0,0,0,1,1,1,0,2,1,0,7,3,10,0
15,15,0,1,1,0,3,3,0,1,1,1,1,0,2,2,0,6,8,9,1
2,17,4,0,1,0,0,1,0,16,1,1,1,0,0,5,3,9,2,7,0
5,15,4,0,1,0,3,0,0,2,1,1,1,1,0,1,5,0,0,2,1
3,18,0,1,1,0,3,0,0,8,1,1,1,7,0,1,0,3,4,8,1
4,18,4,0,1,0,3,0,0,15,1,1,1,1,0,1,5,0,0,0,0
13,18,0,1,1,3,3,0,1,2,1,1,1,8,2,6,0,1,9,7,1
2,15,4,1,1,0,3,1,0,2,1,1,1,0,0,1,2,4,0,6,1
5,20,4,0,1,3,3,0,1,10,1,1,1,5,0,7,0,6,8,5,1
6,20,4,0,1,0,3,0,0,14,1,1,1,0,0,1,0,4,8,9,1
9,15,4,0,1,4,3,0,1,2,1,1,1,7,0,6,0,6,11,6,1
6,21,4,1,1,0,3,3,0,2,1,1,1,0,0,1,0,6,6,11,1
2,18,4,0,1,0,3,1,0,2,1,1,1,0,0,1,0,2,4,2,1
4,15,4,0,1,0,3,0,0,2,1,1,1,0,0,1,0,6,6,9,1
4,12,4,0,1,0,3,0,0,4,1,1,1,2,0,1,2,0,0,5,1
5,17,4,0,1,0,1,1,0,16,1,1,1,8,0,1,0,8,8,6,0
6,17,0,0,1,0,3,0,0,1,1,1,1,0,0,1,0,6,5,10,1
10,17,0,1,1,0,3,0,0,1,1,1,1,0,0,0,5,0,0,0,1
5,20,4,1,1,0,3,0,0,11,1,1,1,5,0,6,0,8,3,11,0
14,19,4,0,1,4,3,0,1,2,1,1,1,0,2,6,0,4,6,2,1
0,18,4,0,1,4,3,0,1,16,1,1,1,5,0,0,5,0,0,0,1
14,20,4,1,1,0,3,0,0,12,1,1,1,5,2,1,0,6,8,14,0
4,21,4,1,1,0,3,0,0,0,1,1,1,7,0,2,0,6,6,9,1
1,15,4,1,1,4,3,0,1,2,1,1,1,7,0,0,5,0,0,0,1
7,15,4,0,1,0,3,3,0,5,1,1,1,7,0,2,0,6,6,8,1
5,19,4,0,1,0,3,3,0,2,1,1,1,0,0,1,0,1,3,2,1
14,20,4,1,1,0,3,0,0,12,1,1,1,7,2,2,0,6,6,11,1
0,17,4,0,1,0,3,1,0,7,1,1,1,0,0,1,2,3,0,3,0
15,20,4,0,1,4,3,0,1,0,1,1,1,0,2,1,0,5,5,6,1
14,11,4,0,1,4,3,0,1,0,1,1,1,7,2,6,0,5,3,7,1
8,13,4,0,1,0,3,3,0,2,1,1,1,0,0,0,5,0,0,0,1
10,14,4,1,1,0,3,0,0,9,1,1,1,0,0,3,1,6,0,12,1
6,19,4,0,1,0,3,1,0,2,1,1,1,8,0,4,5,1,0,1,0
0,18,4,0,1,0,3,1,0,16,1,1,1,0,0,1,0,1,1,2,1
9,18,4,1,1,4,3,0,1,2,1,1,1,7,0,1,0,4,8,6,1
4,12,4,0,1,0,3,0,0,0,1,1,1,0,0,1,0,6,8,12,1
9,18,4,0,1,3,3,3,1,2,1,1,1,7,0,1,0,6,8,8,1
10,17,4,1,1,0,3,1,0,2,1,1,1,0,0,1,0,6,4,4,1
11,18,4,1,0,0,1,3,0,0,0,1,1,5,2,1,0,6,8,5,0
8,15,0,1,1,0,3,0,0,7,1,1,1,0,0,1,5,0,0,2,1
9,20,0,1,1,0,3,1,0,1,1,1,1,0,0,1,0,7,7,13,1
7,18,4,1,1,0,3,0,0,2,1,1,1,0,0,1,0,3,6,3,1
1,15,4,1,0,0,3,0,0,2,1,1,0,0,0,0,5,0,0,0,1
6,20,4,1,1,0,3,1,0,5,1,1,1,8,0,1,0,6,2,11,1
1,15,4,0,1,0,3,0,0,2,1,1,1,0,0,1,0,1,4,1,1
11,17,4,0,1,0,3,0,0,2,1,1,1,8,2,6,0,4,6,5,1
3,13,4,0,1,0,3,0,0,15,1,1,1,7,0,1,5,0,0,0,0
1,15,4,1,1,0,3,0,0,12,1,1,1,0,0,1,0,6,6,2,1
2,14,4,0,0,0,3,1,0,2,1,1,0,0,0,1,2,6,0,5,1
11,16,4,1,1,0,3,0,0,2,1,1,1,5,2,0,5,0,0,0,0
9,20,4,1,1,0,3,0,0,2,1,1,1,8,0,3,0,6,8,12,1
4,20,4,1,1,4,3,0,1,5,1,1,1,5,0,1,0,6,0,9,1
6,18,0,1,1,0,3,0,0,1,1,1,1,0,0,1,5,0,0,0,1
4,18,4,1,1,0,3,3,0,16,1,1,1,7,0,4,5,2,0,3,0
7,15,4,1,1,0,3,0,0,0,1,1,1,0,0,1,0,8,2,12,1
14,22,0,1,1,0,3,0,0,1,1,1,1,0,2,1,0,4,9,7,1
3,18,4,0,1,0,3,0,0,16,1,1,1,0,0,1,1,8,0,10,1
2,18,4,1,1,0,3,1,0,2,1,1,1,8,0,1,0,4,7,5,1
4,12,2,1,1,0,3,0,0,0,1,1,1,0,0,1,0,6,1,9,1
11,21,0,0,1,0,3,0,0,0,1,1,1,5,2,3,0,6,6,13,0
7,15,4,0,1,0,3,0,0,2,1,1,1,0,0,1,0,6,4,3,1
6,19,4,1,1,0,3,3,0,12,1,1,1,0,0,1,5,0,0,0,0
5,17,4,0,1,0,0,0,0,16,1,1,1,0,0,5,3,9,1,1,1
15,15,2,0,1,0,3,2,0,0,1,1,1,6,2,3,0,6,10,11,1
1,15,4,1,1,0,3,0,0,2,1,1,1,0,0,1,0,2,3,6,1
5,15,4,0,1,0,3,0,0,2,1,1,1,0,0,1,0,4,4,4,1
3,15,4,0,1,0,3,0,0,2,1,1,1,0,0,0,5,0,0,0,1
6,15,4,1,1,4,3,3,1,2,1,1,1,7,0,1,0,6,6,6,1
0,15,4,0,1,0,3,2,0,2,1,1,1,0,0,1,0,3,6,2,0
0,15,4,0,1,0,3,3,0,16,1,1,1,0,0,1,0,2,1,3,1
8,18,4,0,1,4,3,0,1,0,1,1,1,7,0,1,0,6,3,10,1
9,9,0,0,1,4,3,1,1,5,1,1,1,5,0,2,0,8,3,6,1
4,20,4,0,1,0,3,3,0,0,1,1,1,0,0,6,0,1,0,2,1
7,18,4,0,1,0,3,0,0,2,1,1,1,0,0,1,0,6,3,10,1
14,15,4,0,1,0,3,3,0,2,1,1,1,7,2,1,0,6,11,6,1
7,18,4,0,1,0,3,0,0,2,1,1,1,0,0,1,0,9,4,12,1
14,20,0,0,1,3,3,2,1,8,1,1,1,5,2,1,0,3,9,11,1
2,15,4,1,1,0,3,0,0,2,1,1,1,1,0,0,5,0,0,0,1
1,18,2,0,1,0,3,2,0,12,1,1,1,6,0,0,3,5,10,12,0
11,20,0,1,1,0,3,0,0,1,1,1,1,0,2,1,0,3,10,11,0
6,18,4,0,1,0,3,3,0,2,1,1,1,0,0,1,0,6,3,14,1
1,18,4,1,0,0,3,3,0,16,1,1,0,0,0,1,5,3,0,3,0
9,19,4,0,1,0,3,0,0,12,1,1,1,0,0,1,0,6,4,11,1
1,18,4,1,1,0,3,1,0,2,1,1,1,8,0,1,0,6,6,8,0
3,15,0,1,1,0,3,1,0,1,1,1,1,0,0,1,0,6,4,9,1
6,15,4,1,1,0,3,0,0,0,1,1,1,0,0,1,0,6,11,6,1
9,15,0,0,1,3,3,0,1,0,1,1,1,0,0,1,0,7,6,14,0
2,15,4,1,1,0,3,0,0,2,1,1,1,0,0,0,5,0,0,0,1
10,10,4,0,1,4,3,0,1,2,1,1,1,0,0,1,0,3,2,8,1
9,18,4,0,1,4,3,3,1,2,1,1,1,0,0,1,0,6,4,9,1
0,18,4,1,1,4,3,0,1,2,1,1,1,5,0,9,2,0,0,0,1
0,18,4,1,1,0,3,1,0,0,1,1,1,5,0,1,0,1,2,2,1
14,18,4,0,1,0,3,3,0,2,1,1,1,5,2,1,5,0,0,0,1
15,15,4,0,1,0,3,1,0,0,1,1,1,0,2,4,0,5,5,8,1
3,20,4,1,1,0,3,0,0,0,1,1,1,7,0,3,0,1,3,6,1
15,15,0,1,1,0,3,1,0,1,1,1,1,0,2,4,0,5,1,8,1
1,15,4,0,1,0,3,0,0,2,1,1,1,7,0,0,5,0,0,0,1
2,18,4,1,1,0,3,3,0,2,1,1,1,7,0,2,0,3,4,3,1
6,15,4,1,1,3,3,0,1,2,1,1,1,7,0,1,0,3,4,2,1
1,15,4,1,1,0,3,3,0,2,1,1,1,0,0,1,5,2,0,3,1
10,14,4,0,1,0,3,3,0,2,1,1,1,0,0,1,0,8,11,11,1
15,15,0,0,1,4,3,0,1,0,1,1,1,8,2,1,0,9,1,10,1
2,18,4,0,1,4,3,0,1,2,1,1,1,5,0,0,5,0,0,0,1
3,15,4,1,1,0,3,1,0,2,1,1,1,0,0,1,1,4,0,6,1
9,18,0,1,1,3,3,3,1,1,1,1,1,0,0,1,0,6,6,8,1
14,18,0,0,1,0,3,0,0,0,1,1,1,0,2,1,0,6,5,12,1
3,18,4,0,1,0,3,0,0,2,1,1,1,7,0,1,0,6,2,9,1
15,20,0,0,1,0,3,1,0,0,1,1,1,8,2,2,5,6,0,5,1
4,15,4,0,1,4,3,3,1,14,1,1,1,0,0,1,0,4,6,7,1
11,18,4,1,1,0,3,3,0,16,1,1,1,0,2,1,5,6,0,4,1
8,20,4,0,1,3,3,0,1,2,1,1,1,5,0,1,0,6,11,8,1
6,19,4,1,1,0,3,0,0,9,1,1,1,1,0,1,0,3,6,7,1
0,18,4,0,1,0,3,3,0,2,1,1,1,0,0,1,0,3,2,2,1
7,21,4,1,1,0,3,0,0,0,1,1,1,1,0,1,1,6,0,12,0
8,18,4,0,1,0,3,0,0,2,1,1,1,0,0,1,0,6,1,8,1
6,15,4,0,1,0,3,0,0,12,1,1,1,7,0,1,0,6,3,10,1
7,14,0,0,1,0,3,0,0,0,1,1,1,0,0,1,0,6,1,6,1
8,13,4,0,0,0,3,0,0,15,1,0,1,1,0,0,5,0,0,2,1
2,19,0,0,1,4,3,0,1,8,1,1,1,5,0,1,0,2,3,4,1
12,16,0,0,1,0,3,0,0,0,1,1,1,0,2,1,0,7,0,10,0
3,18,4,0,1,0,3,1,0,14,1,1,1,0,0,1,0,2,3,2,0
2,14,4,1,1,3,3,3,1,2,1,1,1,5,0,3,0,2,7,3,1
2,18,4,0,1,0,3,0,0,16,1,1,1,5,0,3,0,2,1,6,0
1,15,4,0,1,0,3,0,0,2,1,1,1,7,0,0,5,0,0,0,1
12,20,0,1,1,0,3,0,0,1,1,1,1,7,2,1,0,8,8,11,1
12,13,4,0,1,0,3,0,0,0,1,1,1,7,2,6,0,2,4,6,1
0,18,4,0,1,0,3,1,0,16,1,1,1,0,0,0,5,0,0,0,1
4,15,4,0,1,0,1,0,0,16,1,1,1,0,0,1,0,6,8,8,1
4,15,0,0,0,0,3,0,0,2,1,1,1,7,0,1,0,9,6,5,1
9,20,4,1,1,0,3,0,0,11,1,1,1,0,0,3,5,6,0,3,0
12,18,4,0,1,4,3,0,1,12,1,1,1,7,2,6,0,4,6,6,1
15,20,4,1,1,0,3,0,0,0,1,1,1,7,2,2,0,8,8,10,1
13,18,0,1,1,0,3,0,0,8,1,1,1,0,2,1,0,2,4,5,1
6,17,4,0,1,0,3,0,0,2,1,1,1,0,0,1,0,6,5,10,0
12,18,4,1,1,0,3,0,0,2,1,1,1,5,2,1,0,4,4,10,1
14,18,4,0,1,0,3,3,0,0,1,1,1,1,2,1,0,6,6,10,1
9,20,4,1,1,0,3,0,0,5,1,1,1,0,0,1,0,6,3,13,1
7,18,4,0,1,4,3,0,1,2,1,1,1,1,0,1,0,6,11,6,1
13,20,4,0,1,4,3,0,1,0,1,1,1,5,2,1,0,6,0,13,0
13,20,0,1,1,3,3,3,1,1,1,1,1,5,2,1,0,6,7,13,0
2,18,4,0,1,0,3,0,0,2,1,1,1,7,0,6,0,2,3,4,1
14,8,3,0,1,0,2,0,0,16,1,1,1,1,2,9,0,5,4,7,1
3,18,4,0,1,0,0,0,0,16,1,1,1,0,0,5,3,9,1,1,1
14,15,0,1,1,4,3,0,1,1,1,1,1,5,2,0,5,0,0,0,0
2,18,4,1,1,0,3,0,0,4,1,1,1,0,0,1,5,0,0,0,1
2,16,4,0,1,0,3,1,0,15,1,1,1,0,0,1,5,3,0,0,0
15,20,0,1,1,0,3,0,0,0,1,1,1,0,2,4,0,6,4,14,1
15,22,0,1,1,0,3,0,0,0,1,1,1,0,2,1,0,6,0,14,1
8,21,0,0,1,0,3,2,0,1,1,1,1,0,0,2,0,9,1,11,1
12,19,4,0,1,0,3,0,0,0,1,1,1,0,2,1,0,6,3,11,1
4,19,4,1,1,0,3,3,0,2,1,1,1,0,0,1,0,3,5,7,1
3,20,4,1,1,0,3,1,0,2,1,1,1,8,0,1,2,2,0,4,0
10,20,4,1,1,0,3,1,0,12,1,1,1,0,0,1,0,6,2,14,1
5,18,4,0,1,0,3,1,0,0,1,1,1,0,0,5,2,6,0,3,0
7,20,4,1,1,0,3,0,0,0,1,1,1,0,0,1,0,5,8,5,1
13,0,0,1,1,4,3,0,1,0,1,1,1,7,2,1,0,6,4,6,1
12,20,4,0,1,0,3,0,0,0,1,1,1,0,2,1,0,6,2,4,1
9,20,0,1,1,3,3,0,1,1,1,1,1,0,0,1,0,2,9,4,0
15,18,4,0,1,0,3,1,0,2,1,1,1,0,2,2,0,6,2,10,1
4,20,0,1,1,4,3,0,1,11,1,1,1,0,0,1,0,1,4,2,0
4,21,4,1,1,0,3,1,0,0,1,1,1,8,0,1,0,7,10,9,1
3,11,4,0,1,4,3,0,1,15,1,1,1,7,0,1,5,9,0,0,1
6,20,4,1,1,0,3,1,0,0,1,1,1,0,0,2,0,6,0,13,0
11,19,4,0,1,0,3,0,0,0,1,1,1,0,2,1,0,6,8,5,0
14,20,0,1,1,0,3,0,0,1,1,1,1,0,2,1,1,6,0,9,1
9,10,4,0,0,2,0,0,0,6,0,1,0,3,0,5,3,0,3,6,0
12,21,4,0,1,3,3,0,1,0,1,1,1,5,2,1,0,6,2,8,1
11,21,4,1,1,0,3,1,0,0,1,1,1,0,2,2,0,6,10,11,1
6,13,4,0,1,0,3,1,0,2,1,1,1,0,0,1,2,4,0,6,1
3,20,4,1,1,0,3,0,1,9,1,1,1,0,0,6,0,7,4,2,0
12,15,0,0,1,3,3,3,1,1,1,1,1,7,2,1,0,6,8,10,1
7,20,4,1,1,0,3,3,0,11,1,1,1,5,0,1,0,6,4,13,1
15,15,4,0,1,0,3,3,0,10,1,1,1,0,2,1,0,6,3,10,1
4,15,4,1,1,0,3,1,0,7,1,1,1,0,0,6,5,0,0,4,1
0,17,4,1,1,0,3,0,0,11,1,1,1,0,0,1,0,4,2,4,0
12,15,2,1,1,0,3,0,0,2,1,1,1,0,2,1,0,6,4,7,1
4,20,4,1,1,0,3,0,0,2,1,1,1,5,0,1,5,6,0,3,0
0,18,4,1,0,0,3,1,0,2,1,0,0,8,0,0,5,0,0,2,1
9,15,4,1,1,0,3,1,0,12,1,1,1,0,0,1,0,6,2,13,0
4,18,4,1,1,0,3,0,0,2,1,1,1,0,0,1,0,8,4,6,1
1,15,4,0,1,0,3,0,0,2,1,1,1,0,0,1,5,0,0,0,1
10,20,4,1,1,0,3,1,0,0,1,1,1,0,0,1,0,6,8,10,0
9,11,4,0,1,4,3,0,1,0,1,1,1,0,0,1,0,9,10,10,1
7,19,4,0,0,0,3,1,0,2,1,0,0,0,0,1,0,6,0,9,1
5,20,4,1,1,3,3,0,1,2,1,1,1,5,0,1,0,1,2,4,1
4,19,4,1,1,0,3,1,0,2,1,1,1,0,0,0,5,0,0,5,1
14,14,4,0,1,4,3,3,1,12,1,1,1,5,2,1,5,6,0,11,1
5,20,4,0,1,0,3,0,0,12,1,1,1,5,0,1,0,6,4,4,1
6,18,4,1,1,0,3,3,0,2,1,1,1,1,0,1,0,6,3,9,1
5,20,4,1,1,0,3,0,0,11,1,1,1,0,0,1,2,6,0,10,1
15,22,0,0,1,0,3,0,0,1,1,1,1,0,2,1,0,9,0,8,0
10,15,4,0,1,0,3,0,0,0,1,1,1,0,0,1,0,6,8,10,0
8,18,4,0,1,0,3,0,0,2,1,1,1,0,0,1,0,6,3,11,1
11,20,4,1,1,0,3,0,0,0,1,1,1,7,2,1,0,6,11,11,1
13,15,0,0,1,0,1,0,0,1,1,1,1,0,2,1,0,6,7,6,1
1,18,4,0,1,0,3,0,0,2,1,1,1,1,0,1,2,4,0,6,1
0,17,4,1,1,0,3,0,0,16,1,1,1,0,0,1,5,3,0,3,1
4,15,4,1,1,4,3,0,1,0,1,1,1,0,0,1,0,4,3,5,0
5,20,4,1,1,0,3,3,0,11,1,1,1,0,0,1,0,2,2,3,1
5,17,4,1,1,0,3,0,0,2,1,1,1,8,0,1,0,6,6,9,1
2,22,4,0,1,0,3,0,0,15,1,1,1,1,0,0,5,0,0,0,1
13,20,0,0,1,4,3,0,1,0,1,1,1,5,2,1,1,6,0,14,1
13,16,0,0,1,0,3,0,0,0,1,1,1,0,2,1,0,7,6,10,1
6,20,4,1,1,0,3,1,0,2,1,1,1,0,0,3,0,1,3,4,1
7,11,4,1,1,0,3,0,0,11,1,1,1,0,0,1,0,6,8,6,1
6,18,4,0,1,0,3,0,0,4,1,1,1,0,0,1,0,1,1,1,1
5,17,0,1,0,0,3,0,0,1,1,1,1,7,2,1,5,0,0,6,1
0,16,4,0,1,4,3,3,1,2,1,1,1,0,0,0,5,0,0,0,1
9,18,4,1,1,0,3,3,0,11,1,1,1,5,0,1,0,6,7,8,0
12,17,4,0,1,0,3,1,0,0,1,1,1,0,2,1,0,9,3,11,1
13,18,4,0,1,0,3,0,0,0,1,1,1,0,2,7,1,9,0,13,1
11,11,3,0,1,0,3,0,0,7,1,1,1,0,2,6,0,3,8,6,1
8,19,4,0,1,0,3,0,0,2,1,1,1,0,0,1,1,4,0,6,1
3,15,4,1,1,3,3,3,1,2,1,1,1,8,0,1,0,6,2,7,1
7,4,4,0,0,4,3,0,1,11,1,0,0,1,0,0,5,0,0,0,1
6,20,4,0,1,4,3,0,1,14,1,1,1,5,0,1,0,6,0,9,1
8,20,4,1,1,0,3,3,0,11,1,1,1,0,0,3,0,6,8,7,0
15,15,4,0,1,0,3,3,0,14,1,1,1,0,2,1,0,2,4,2,1
3,19,4,1,1,0,3,0,0,2,1,1,1,1,0,9,2,0,0,0,1
12,11,3,0,1,0,3,0,0,0,1,1,1,0,2,6,0,3,5,2,1
15,20,0,0,1,0,3,1,0,0,1,1,1,0,2,1,0,6,6,12,0
2,18,4,0,1,0,0,1,0,16,1,1,1,0,0,5,3,8,2,7,0
7,20,0,1,1,4,3,3,1,1,1,1,1,5,0,2,5,0,0,0,0
3,15,4,0,1,4,3,0,1,14,1,1,1,0,0,0,5,0,0,0,0
6,18,4,0,1,0,3,0,0,2,1,1,1,7,0,1,0,4,3,5,1
3,18,4,1,1,0,3,1,0,16,1,1,1,0,0,1,5,0,0,4,0
10,20,4,0,1,4,3,0,1,0,1,1,1,5,0,1,2,6,0,5,1
13,20,4,0,1,0,3,1,0,2,1,1,1,0,2,6,0,6,0,6,1
3,18,4,0,1,0,3,3,0,14,1,1,1,5,0,1,0,2,3,3,1
11,20,4,0,1,0,3,0,0,2,1,1,1,0,2,1,0,3,5,14,1
9,20,0,1,1,0,3,0,0,1,1,1,1,0,0,3,0,6,4,11,1
11,22,0,1,0,3,3,0,1,1,1,1,1,7,2,1,0,6,6,10,1
15,20,0,1,1,0,3,3,0,11,1,1,1,5,2,1,0,4,3,14,1
6,19,4,1,1,0,3,3,0,11,1,1,1,8,0,1,0,6,8,12,0
1,14,4,1,1,0,3,0,0,2,1,1,1,7,0,1,0,5,3,6,1
3,18,3,1,1,1,1,3,1,9,1,1,1,6,0,9,0,5,10,6,1
10,20,4,1,1,0,3,1,0,0,1,1,1,0,0,1,0,6,8,13,1
8,15,4,1,1,0,3,0,0,2,1,1,1,7,0,3,0,6,2,9,1
12,20,4,1,1,0,3,0,0,12,1,1,1,0,2,2,0,6,6,9,1
9,15,0,0,1,4,3,0,1,1,1,1,1,0,0,1,0,9,4,8,1
10,19,4,0,1,3,3,0,1,2,1,1,1,5,0,1,0,6,5,12,1
0,18,4,1,1,0,3,3,0,2,1,1,1,0,0,9,2,0,0,0,1
7,15,4,0,1,0,3,0,0,7,1,1,1,0,0,1,0,6,3,9,1
1,15,4,1,1,0,3,0,0,16,1,1,1,0,0,1,5,4,0,2,1
8,20,4,0,1,0,3,0,0,0,1,1,1,0,0,1,2,0,0,0,0
5,15,4,1,0,0,3,3,0,16,1,1,0,0,0,1,0,3,4,3,0
14,20,2,1,1,0,3,0,0,0,1,1,1,0,2,1,0,6,1,11,1
6,14,0,1,1,3,3,0,1,2,1,1,1,0,0,1,0,2,7,5,1
15,22,4,0,1,0,3,1,0,0,1,1,1,0,2,1,0,5,9,14,1
0,15,4,1,1,4,3,0,1,9,1,1,1,7,0,1,5,3,0,1,1
8,17,0,1,1,0,3,1,0,0,1,1,1,0,0,4,0,6,2,5,1
12,21,4,1,1,0,3,1,0,0,1,1,1,0,2,2,0,6,2,13,1
0,17,4,1,1,0,3,0,0,16,1,1,1,5,0,0,5,0,0,0,1
4,14,0,0,1,0,3,0,0,2,1,1,1,5,0,1,0,3,5,5,1
12,23,0,1,1,4,3,0,1,0,1,1,1,5,2,1,0,8,7,13,0
10,23,0,1,1,4,3,3,1,9,1,1,1,0,0,1,0,6,6,10,1
12,15,4,0,1,0,3,0,0,0,1,1,1,0,2,1,0,6,10,11,1
14,18,4,0,0,0,3,1,0,2,1,1,1,0,2,1,0,9,6,13,1
13,19,0,1,1,0,3,1,0,2,1,1,1,8,2,1,0,6,6,10,1
6,18,4,1,1,0,3,1,0,12,1,1,1,0,0,1,0,4,6,3,0
14,21,0,0,1,4,3,0,1,0,1,1,1,5,2,6,0,6,5,11,1
7,5,4,0,1,4,3,0,1,4,1,1,1,0,0,0,5,0,0,0,1
1,18,4,1,1,0,3,0,0,2,1,1,1,0,0,0,5,0,0,0,1
0,17,4,1,1,0,3,1,0,2,1,1,1,8,0,3,5,1,0,1,1
4,20,4,0,1,0,3,0,0,0,1,1,1,0,0,1,0,4,2,13,0
15,20,4,0,1,0,3,0,0,0,1,1,1,0,2,4,0,6,8,14,1
3,15,4,0,1,0,0,0,0,16,1,1,1,0,0,5,3,9,1,6,0
8,20,4,0,1,0,1,0,0,0,1,1,1,8,0,5,0,6,9,7,0
9,16,4,1,1,0,3,0,0,11,1,1,1,5,0,1,0,5,0,3,0
10,14,0,1,1,0,3,0,0,0,1,1,1,7,0,1,0,6,2,8,1
3,18,4,1,1,0,3,0,0,2,1,1,1,7,0,1,0,6,5,9,1
8,20,4,0,1,0,3,3,0,2,1,1,1,0,0,2,0,7,0,13,1
0,13,4,1,1,0,3,0,0,10,1,1,1,0,0,1,5,1,0,3,1
13,15,4,0,1,0,3,0,0,2,1,1,1,0,2,1,0,5,3,6,1
13,20,4,1,1,3,3,0,1,2,1,1,1,5,2,3,1,3,0,11,1
7,19,0,1,1,0,3,0,0,0,1,1,1,7,0,0,5,0,0,0,1
1,17,4,0,1,3,3,0,1,2,1,1,1,0,0,1,0,7,3,12,1
11,20,4,0,1,0,3,1,0,0,1,1,1,0,2,1,0,9,3,13,0
1,15,4,0,1,0,3,0,0,2,1,1,1,0,0,1,0,3,6,2,1
2,18,4,1,1,0,3,3,0,2,1,1,1,0,0,1,5,2,0,4,1
0,18,4,0,1,0,3,0,0,2,1,1,1,7,0,1,5,0,0,0,1
13,21,0,1,1,4,3,0,1,1,1,1,1,0,2,2,0,9,6,14,1
0,18,4,0,1,0,3,1,0,2,1,1,1,0,0,3,0,1,2,2,1
10,20,4,0,1,0,1,3,0,0,1,1,1,0,0,1,0,5,7,12,1
15,19,4,1,1,0,3,0,0,11,1,1,1,0,2,1,5,4,0,4,1
6,21,4,0,1,0,3,0,0,11,1,1,1,0,0,1,0,6,2,13,0
0,18,4,1,1,0,3,3,0,11,1,1,1,0,0,3,0,1,6,1,1
1,14,4,1,1,0,3,0,0,2,1,1,1,0,0,1,0,5,1,3,1
10,19,0,1,1,0,1,0,0,1,1,1,1,4,0,5,3,5,7,13,1
0,15,4,0,1,0,3,3,0,0,1,1,1,0,0,1,2,1,0,2,1
5,19,4,0,1,0,3,3,0,9,1,1,1,0,0,1,0,6,10,9,1
4,20,4,1,1,4,3,0,1,11,1,1,1,5,0,1,0,4,4,8,0
2,17,4,1,1,0,3,1,0,12,1,1,1,0,2,1,0,1,6,6,1
0,18,4,1,1,0,3,1,0,2,1,1,1,0,0,1,0,1,3,3,0
2,14,4,0,1,0,3,3,0,9,1,1,1,8,0,1,2,6,0,8,1
0,15,4,0,1,0,3,0,0,2,1,1,1,7,0,0,5,0,0,0,1
1,15,4,0,1,0,3,0,0,16,1,1,1,0,0,0,5,0,0,0,1
13,15,4,0,1,4,3,0,1,0,1,1,1,7,2,1,0,6,6,6,1
3,18,4,1,1,4,3,0,1,11,1,1,1,5,0,0,5,0,0,0,1
4,15,4,0,1,0,3,0,0,2,1,1,1,5,0,1,0,3,7,8,1
1,15,2,0,1,0,3,1,0,2,1,1,1,0,0,1,0,2,4,2,1
12,15,0,0,1,0,3,0,0,0,1,1,1,0,2,1,0,6,11,12,1
5,18,0,0,1,0,3,0,0,0,1,1,1,0,0,1,0,3,2,5,0
15,20,4,0,1,0,3,3,0,11,1,1,1,1,2,3,0,6,2,5,1
0,15,4,0,1,0,3,0,0,2,1,1,1,7,0,0,5,0,0,0,1
14,20,4,1,1,0,3,0,0,12,1,1,1,0,2,3,2,0,0,0,1
13,20,0,0,1,4,3,0,1,9,1,1,1,5,2,1,0,6,5,10,1
3,18,4,0,1,0,3,0,0,2,1,1,1,5,0,1,0,2,4,4,1
10,15,0,0,1,0,3,0,0,2,1,1,1,0,0,1,0,6,8,6,1
10,16,4,1,1,4,3,0,1,11,1,1,1,2,0,1,0,5,3,5,1
8,15,4,0,1,4,3,3,1,2,1,1,1,7,0,1,0,9,6,5,1
10,20,4,0,1,3,3,0,1,2,1,1,1,5,0,0,5,0,0,0,1
12,20,4,1,1,0,3,3,0,11,1,1,1,0,2,1,0,7,0,12,0
12,20,0,1,1,0,3,3,0,1,1,1,1,0,2,2,5,0,0,0,1
13,21,0,0,1,0,3,1,0,0,1,1,1,0,2,1,0,9,5,14,0
13,21,4,0,1,3,3,1,1,0,1,1,1,0,2,4,0,6,5,12,1
4,12,4,0,1,2,3,3,0,3,1,1,1,1,0,0,5,0,0,5,1
13,20,4,1,1,3,3,0,1,0,1,1,1,5,2,1,0,6,3,12,1
13,20,0,1,1,4,3,1,1,1,1,1,1,0,2,1,0,8,6,11,0
1,14,4,0,1,4,3,0,1,11,1,1,1,5,0,0,5,0,0,0,0
7,18,4,1,1,0,3,1,0,7,1,1,1,7,0,1,0,5,2,5,1
9,15,3,0,1,0,0,3,0,6,1,1,1,6,0,6,0,8,8,14,0
7,20,0,0,1,0,3,0,0,1,1,1,1,0,0,2,0,2,10,8,1
15,9,0,0,0,0,3,1,0,12,0,1,1,7,2,0,0,0,5,0,0
8,18,4,1,1,0,3,0,0,11,1,1,1,0,0,1,0,4,4,8,1
11,3,0,1,1,3,3,3,1,12,1,1,1,7,2,6,5,5,0,1,1
5,20,4,0,0,0,3,3,0,0,1,1,1,7,0,1,0,6,4,10,0
15,21,0,1,1,0,3,1,0,1,1,1,1,5,2,2,0,6,1,12,1
6,19,4,0,1,0,3,0,0,7,1,1,1,0,0,1,0,6,11,12,1
12,20,0,0,1,0,3,0,0,9,1,1,1,0,2,2,0,6,11,8,1
2,17,4,1,1,0,3,0,0,2,1,1,1,7,0,1,2,6,0,4,1
4,15,4,0,1,3,1,0,1,0,1,1,1,0,0,5,3,6,9,13,1
3,0,1,1,1,1,3,1,1,14,1,1,1,6,0,9,2,5,1,2,0
13,20,4,1,1,0,3,1,0,2,1,1,1,0,2,1,0,5,0,9,1
9,15,4,0,1,0,3,3,0,14,1,1,1,0,0,1,0,6,8,10,1
10,10,4,0,1,3,0,0,1,16,1,1,1,0,0,5,3,8,3,7,1
4,19,4,1,1,0,3,0,0,2,1,1,1,0,0,1,0,3,5,5,1
13,15,0,1,1,4,3,0,1,1,1,1,1,7,2,1,5,0,0,0,1
8,16,0,0,1,4,3,0,1,1,1,1,1,0,0,1,0,6,2,8,0
13,18,4,1,1,0,3,1,0,2,1,1,1,0,2,1,0,6,6,10,1
7,20,4,0,1,4,3,3,1,12,1,1,1,5,0,1,0,6,10,8,0
1,15,4,0,1,0,3,0,0,12,1,1,1,0,0,1,0,6,4,2,1
2,18,4,1,1,0,3,0,0,2,1,1,1,0,0,1,2,1,0,4,1
0,18,4,0,1,0,3,0,0,2,1,1,1,7,0,1,0,2,3,3,1
4,12,4,0,1,4,3,0,1,0,1,1,1,7,0,1,0,6,2,7,1
3,15,0,1,1,0,3,0,0,1,1,1,1,0,0,0,5,0,0,0,0
10,16,4,1,1,0,3,0,0,11,1,1,1,0,0,1,0,7,0,3,1
8,15,4,0,1,0,3,1,0,7,1,1,1,8,0,1,0,6,2,12,1
0,15,4,0,1,4,3,0,1,9,1,1,1,5,0,0,5,0,0,0,1
0,19,4,0,1,0,3,0,0,2,1,1,1,1,0,3,0,3,10,6,1
9,18,4,0,1,0,3,0,0,2,1,1,1,0,0,3,0,6,8,6,1
2,15,4,0,1,0,3,0,0,2,1,1,1,0,0,3,0,6,4,11,1
1,17,4,0,1,0,3,0,0,2,1,1,1,5,0,1,0,6,4,9,1
10,14,0,1,1,0,3,3,0,0,1,1,1,7,0,1,0,1,8,5,1
0,15,4,0,1,0,3,0,0,2,1,1,1,0,0,0,5,0,0,0,1
6,15,4,0,0,0,3,0,0,2,1,1,0,0,0,1,5,0,0,4,1
10,20,0,0,1,4,3,0,1,0,1,1,1,5,0,1,0,6,6,14,1
10,17,0,0,1,0,3,0,0,2,1,1,1,8,0,3,1,6,0,11,0
1,18,4,1,1,0,3,0,0,2,1,1,1,0,0,0,5,0,0,0,1
7,15,0,0,1,0,3,0,0,2,1,1,1,7,0,1,2,6,0,5,1
15,20,4,1,1,4,3,1,1,0,1,1,1,0,2,4,0,6,10,14,1
13,15,4,1,1,0,3,3,0,5,1,1,1,7,2,0,5,0,0,10,1
11,15,4,0,1,0,3,0,0,7,1,1,1,0,2,1,0,6,3,7,1
3,18,4,0,1,0,3,0,0,2,1,1,1,0,0,1,0,3,6,4,1
9,15,4,1,1,0,3,3,0,0,1,1,1,1,0,3,0,6,8,6,1
1,18,4,1,1,0,3,0,0,2,1,1,1,0,0,0,5,0,0,0,1
2,18,4,1,1,0,3,0,0,2,1,1,1,7,0,0,5,0,0,0,1
6,17,4,0,1,0,1,0,0,0,1,1,1,0,0,1,0,4,10,13,0
13,11,4,0,1,4,3,0,1,15,1,1,1,7,2,0,5,0,0,0,0
1,18,4,0,1,0,3,0,0,2,1,1,1,1,0,1,0,4,1,9,1
2,20,4,1,1,0,3,0,0,11,1,1,1,1,0,3,0,6,6,12,1
13,20,4,1,1,4,3,0,1,0,1,1,1,5,2,1,0,7,6,14,1
9,18,4,1,1,0,3,0,0,2,1,1,1,7,0,1,0,5,0,6,1
12,15,0,0,1,4,3,0,1,0,1,1,1,7,2,1,0,6,8,11,1
10,21,4,1,1,0,3,1,0,12,1,1,1,0,0,1,0,2,6,4,1
7,20,0,0,1,0,3,0,0,0,1,1,1,0,0,3,0,6,2,9,1
9,15,0,0,1,0,3,2,0,0,1,1,1,6,0,1,0,6,10,11,0
4,20,4,0,1,0,3,1,0,0,1,1,1,0,0,2,0,7,1,13,1
3,13,4,0,1,0,3,0,0,15,1,1,1,0,0,2,5,1,0,1,0
9,16,4,0,1,0,3,0,0,2,1,1,1,7,0,1,5,5,0,5,1
7,17,4,0,1,3,3,0,1,2,1,1,1,0,0,1,0,4,8,9,1
7,20,0,1,1,0,3,0,0,0,1,1,1,0,0,1,0,8,4,12,0
13,15,4,1,1,4,3,0,1,9,1,1,1,0,2,9,2,1,0,1,1
10,21,0,1,1,0,3,0,0,1,1,1,1,0,0,0,5,0,0,0,0
0,18,4,0,1,4,3,0,1,2,1,1,1,5,0,2,0,1,8,2,1
11,17,4,1,1,0,3,1,0,0,1,1,1,0,2,3,0,9,2,11,1
6,15,0,0,1,0,3,0,0,0,1,1,1,0,0,3,0,6,2,6,1
11,16,4,0,1,0,3,0,0,15,1,1,1,7,2,1,5,6,0,2,0
14,20,4,0,1,3,3,0,1,0,1,1,1,7,2,1,0,6,11,13,1
11,0,0,1,1,4,3,0,1,1,1,1,1,7,2,0,5,0,0,0,1
2,16,4,0,1,0,3,0,0,15,1,1,1,5,0,0,5,0,0,0,1
9,13,4,0,1,0,3,0,0,2,1,1,1,1,0,6,0,4,3,5,1
3,18,4,1,1,0,3,3,0,2,1,1,1,0,0,0,5,0,0,0,1
12,19,0,0,1,0,3,1,0,0,1,1,1,0,2,1,0,6,8,10,0
4,18,4,0,1,0,1,3,0,2,1,1,1,0,0,1,5,0,0,2,1
10,20,0,1,1,4,3,0,1,1,1,1,1,5,0,1,0,3,1,11,0
13,15,0,0,1,0,3,0,0,0,1,1,1,7,2,1,0,6,10,7,1
2,18,4,1,1,0,3,3,0,0,1,1,1,0,0,1,0,2,4,5,1
0,18,4,0,1,4,3,0,1,11,1,1,1,0,0,1,0,4,2,6,0
5,17,4,1,1,0,3,1,0,0,1,1,1,8,0,1,0,2,2,5,1
4,20,4,1,1,4,3,0,1,0,1,1,1,5,0,1,0,3,3,3,0
14,18,4,0,1,0,3,0,0,16,1,1,1,1,0,6,0,4,3,4,0
4,18,4,1,1,2,3,1,0,0,1,1,1,0,0,1,1,4,0,4,0
7,20,4,1,1,4,3,0,1,11,1,1,1,5,0,1,5,0,0,0,0
10,14,4,1,1,0,3,0,0,12,1,1,1,7,0,1,0,5,2,5,1
1,15,4,1,1,0,3,0,0,2,1,1,1,0,0,1,2,6,0,2,1
11,20,0,1,1,0,3,0,0,0,1,1,1,0,2,1,0,6,3,13,1
6,18,4,0,1,0,3,0,0,14,1,1,1,0,0,1,0,4,6,9,0
9,18,4,0,1,0,3,1,0,0,1,1,1,0,0,5,0,6,4,11,1
2,18,4,1,0,0,3,3,0,2,1,1,0,0,0,0,5,0,0,0,1
1,18,4,1,1,0,3,3,0,2,1,1,1,8,0,1,0,2,9,2,0
2,15,4,0,1,0,3,0,0,2,1,1,1,0,0,1,0,2,2,4,0
13,20,0,1,1,0,3,3,0,0,1,1,1,5,2,2,0,6,3,14,1
5,6,0,0,1,2,3,3,0,0,1,1,1,8,0,1,0,2,10,4,1
11,18,4,0,1,0,3,3,0,11,1,1,1,5,2,1,0,6,5,14,0
13,17,4,0,1,0,3,3,0,0,1,1,1,0,2,4,0,8,2,6,1
14,18,0,0,1,0,3,0,0,0,1,1,1,0,2,6,0,7,0,10,1
5,18,4,0,1,0,3,3,0,2,1,1,1,0,0,1,0,3,3,5,1
14,20,0,0,1,0,3,0,0,1,1,1,1,1,2,1,2,6,0,14,0
1,14,4,0,0,0,3,0,0,2,1,1,0,0,0,0,5,0,0,0,1
7,19,4,1,1,3,3,3,1,0,1,1,1,0,0,1,0,6,3,6,0
9,20,4,0,1,0,3,1,0,0,1,1,1,8,0,4,0,6,10,12,0
10,14,4,1,1,0,3,3,0,11,1,1,0,0,0,3,0,6,7,12,1
12,21,4,0,1,4,3,0,1,0,1,1,1,5,2,2,0,6,2,13,1
0,17,4,1,1,0,3,0,0,2,1,1,1,0,0,1,0,4,2,3,0
12,18,4,1,1,4,3,0,1,0,1,1,1,5,2,1,0,5,4,2,1
7,20,4,0,1,0,3,0,0,5,1,1,1,7,0,1,0,6,3,6,0
9,20,4,1,1,4,3,0,1,14,1,1,1,7,0,1,0,9,6,10,1
14,15,0,1,0,0,3,3,0,8,1,1,1,2,2,1,0,6,6,14,1
12,16,0,1,1,0,3,0,0,1,1,1,1,7,2,1,0,1,6,3,1
3,15,4,1,1,0,3,0,0,2,1,1,1,5,0,1,0,6,8,9,0
9,15,0,0,1,4,3,0,1,1,1,1,1,7,0,1,0,6,8,6,0
8,20,0,1,1,0,3,3,0,1,1,1,1,0,0,2,0,9,11,13,1
11,15,2,1,1,3,3,0,1,0,1,1,1,0,2,1,0,6,1,7,1
15,19,4,1,1,0,3,0,0,0,1,1,1,0,2,1,0,3,3,4,1
14,19,2,1,1,0,3,0,0,2,1,1,1,0,2,1,5,0,0,0,1
13,18,0,0,1,3,3,0,1,0,1,1,1,7,2,1,0,6,4,11,0
10,20,0,1,1,3,3,0,1,1,1,1,1,7,0,1,0,6,4,9,1
13,12,4,0,1,0,3,0,0,0,1,1,1,1,0,4,0,6,4,4,0
7,15,4,1,1,0,3,0,0,2,1,1,1,0,0,0,5,0,0,0,1
14,17,4,0,1,0,2,3,0,2,1,1,1,1,2,1,0,2,3,5,1
9,20,0,1,1,4,3,0,1,1,1,1,1,5,0,1,0,6,9,14,0
11,17,4,1,1,0,3,0,0,0,1,1,1,1,2,1,0,3,8,4,1
0,18,4,1,1,0,3,0,0,2,1,1,1,0,0,1,2,2,0,3,1
12,15,4,0,1,0,3,1,0,0,1,1,1,0,2,1,0,6,8,12,1
15,15,4,0,1,0,3,0,0,4,1,1,1,0,2,4,0,4,1,3,1
0,18,0,1,1,0,3,1,0,8,1,1,1,0,0,1,0,1,0,1,0
12,20,0,0,1,0,3,3,0,1,1,1,1,0,2,2,0,7,6,12,1
15,20,0,1,1,4,3,3,1,1,1,1,1,0,2,1,0,6,0,9,1
14,23,0,1,1,4,3,0,1,0,1,1,1,5,2,1,0,8,11,14,0
15,20,2,1,1,3,3,0,1,2,1,1,1,0,2,1,0,7,6,9,1
5,18,4,1,1,0,3,0,0,9,1,1,1,7,0,1,0,4,11,5,1
14,21,0,1,1,4,3,0,1,0,1,1,1,5,2,1,0,7,3,14,1
2,19,2,0,1,0,1,3,0,16,1,1,1,0,0,1,0,9,10,11,1
15,15,0,0,1,3,3,0,1,15,1,1,1,5,2,1,5,6,0,2,1
2,15,4,0,1,0,3,3,0,11,1,1,1,0,0,1,0,6,4,11,1
7,18,4,0,1,0,3,3,0,11,1,1,1,7,0,1,0,5,0,6,0
5,18,4,0,1,0,3,0,0,12,1,1,1,0,0,6,0,4,8,6,0
15,15,0,0,1,3,3,0,1,1,1,1,1,5,2,0,5,0,0,4,1
9,18,0,1,1,0,3,1,0,1,1,1,1,5,0,1,0,6,7,13,1
9,16,4,0,1,0,3,0,0,2,1,1,1,7,0,1,0,5,3,7,1
6,13,4,0,0,0,3,0,0,15,1,1,0,0,0,0,5,0,0,0,1
6,18,4,1,1,0,3,0,0,2,1,1,1,0,0,3,0,8,0,11,1
13,20,0,1,1,0,3,1,0,1,1,1,1,0,2,2,0,6,10,11,1
7,4,0,0,0,4,3,1,1,0,1,0,0,7,0,0,5,0,0,0,1
6,17,0,1,1,3,3,0,1,2,1,1,1,0,0,1,0,6,5,10,1
3,15,4,0,1,0,3,0,0,2,1,1,1,0,0,0,5,0,0,0,1
13,20,4,1,1,0,3,0,0,0,1,1,1,5,2,7,0,7,8,13,1
6,19,4,1,1,0,3,0,0,2,1,1,1,7,0,1,0,6,5,9,1
12,15,0,0,1,0,3,0,0,1,1,1,1,0,2,7,0,6,11,9,1
15,15,0,0,1,4,3,0,1,0,1,1,1,5,2,1,0,6,2,11,1
8,20,4,0,1,0,3,0,0,2,1,1,1,0,0,6,0,3,6,10,1
15,11,3,1,1,0,3,0,1,9,1,1,1,0,2,6,0,3,4,2,1
15,20,0,0,1,0,3,0,0,1,1,1,1,7,2,3,0,6,6,12,0
12,20,4,1,1,0,3,0,0,2,1,1,1,0,2,2,0,6,6,10,1
1,15,4,1,1,0,3,1,0,2,1,1,1,0,0,1,0,5,5,6,1
0,18,4,1,1,3,3,0,1,2,1,1,1,5,0,9,2,0,0,0,1
1,14,4,0,1,4,3,0,1,2,1,1,1,5,0,1,5,0,0,0,1
6,18,4,1,1,0,3,0,0,11,1,1,1,2,0,1,0,6,4,11,1
2,15,4,0,1,0,0,0,0,16,1,1,1,0,0,5,3,8,3,6,1
2,22,4,1,1,0,3,0,0,11,1,1,1,5,0,3,0,7,6,11,0
8,19,4,0,1,0,3,0,0,0,1,1,1,7,0,3,0,6,6,6,0
6,20,4,1,1,4,3,1,1,0,1,1,1,0,0,1,0,6,3,14,1
11,20,4,0,1,0,3,1,0,2,1,1,1,8,2,1,0,8,6,10,1
0,13,4,1,1,0,3,0,0,8,1,1,1,0,0,1,0,2,9,3,1
7,8,4,0,1,4,3,0,1,2,1,1,1,7,0,1,0,6,4,3,1
3,15,4,1,1,4,3,0,1,2,1,1,1,7,0,1,0,4,4,5,1
2,16,4,0,1,0,3,3,0,11,1,1,1,0,0,1,0,1,10,1,1
14,18,4,1,1,0,3,0,0,2,1,1,1,1,2,1,0,3,1,2,1
13,21,0,0,1,4,3,0,1,2,1,1,1,7,2,1,0,9,11,13,1
15,20,0,0,1,0,3,1,0,1,1,1,1,0,2,6,0,8,0,14,1
6,18,4,1,1,0,3,0,0,2,1,1,1,0,0,1,0,6,3,10,1
1,17,4,0,0,0,3,3,0,2,1,1,0,0,0,1,2,2,0,6,1
2,18,4,1,1,0,3,0,0,2,1,1,1,0,0,0,5,0,0,0,1
14,20,0,0,1,0,3,1,0,0,1,1,1,8,2,1,0,8,11,14,1
14,20,4,0,1,0,3,0,0,14,1,1,1,0,2,1,0,8,4,13,1
6,20,0,0,1,0,3,1,0,0,1,1,1,0,0,1,0,6,5,13,0
13,15,4,0,1,0,3,0,0,15,1,1,1,0,2,1,5,0,0,0,0
14,20,0,1,1,0,3,0,0,1,1,1,1,0,2,1,0,6,8,11,1
4,15,4,0,1,0,3,0,0,2,1,1,1,7,0,1,0,4,2,4,1
15,23,0,0,1,0,3,3,0,1,1,1,1,0,2,1,0,8,8,14,1
10,16,4,0,1,0,3,3,0,2,1,1,1,0,0,1,0,6,3,7,1
1,15,4,0,1,0,3,3,0,12,1,1,1,7,2,3,0,3,9,6,1
0,18,4,0,1,0,3,0,0,2,1,1,1,0,0,0,5,0,0,0,1
6,18,4,1,1,0,3,1,0,11,1,1,1,0,0,1,5,0,0,0,1
2,17,4,0,1,0,3,0,0,2,1,1,1,0,0,1,0,6,4,7,1
5,20,4,0,1,0,3,0,0,11,1,1,1,0,0,1,0,6,10,0,1
0,18,4,1,1,2,3,3,0,2,1,1,1,5,0,1,0,2,3,3,1
1,15,4,0,1,0,3,0,0,7,1,1,1,0,0,1,2,1,0,3,1
10,19,4,1,1,0,3,0,0,2,1,1,1,5,0,1,1,6,0,10,1
14,7,3,1,1,0,1,0,0,9,1,1,1,4,2,1,0,5,8,14,1
1,17,4,1,1,0,3,1,0,12,1,1,1,0,0,1,0,4,6,6,0
7,15,4,0,1,0,3,0,0,7,1,1,1,0,0,1,2,5,0,9,1
4,15,4,1,1,0,3,1,0,2,1,1,1,0,0,1,0,6,5,8,1
3,15,4,0,1,0,3,0,0,2,1,1,1,0,0,0,5,0,0,0,1
3,20,4,0,1,0,3,0,0,0,1,1,1,7,0,1,0,7,2,11,1
7,18,4,0,1,4,3,3,1,2,1,1,1,7,0,0,5,0,0,0,1
4,15,4,1,1,4,3,1,1,0,1,1,1,0,0,1,0,7,8,8,1
8,20,0,1,1,0,3,2,0,1,1,1,1,8,0,1,0,2,9,2,0
3,15,4,0,1,0,3,0,0,2,1,1,1,5,0,1,0,6,4,8,1
10,20,4,1,1,0,3,1,0,0,1,1,1,0,0,2,0,9,11,12,0
0,18,4,0,1,0,3,2,0,5,1,1,1,0,0,1,0,3,9,2,0
7,19,4,1,1,0,3,1,0,0,1,1,1,0,0,3,0,2,10,4,0
8,18,4,0,1,0,3,3,0,2,1,1,1,5,0,1,0,3,4,5,1
6,15,4,1,1,0,3,0,0,7,1,1,1,0,0,1,0,6,3,7,1
6,15,4,0,1,0,3,0,0,5,1,1,1,0,0,6,0,3,6,2,1
2,18,4,1,1,0,3,1,0,2,1,1,1,0,0,1,0,1,2,4,1
10,15,4,1,1,0,3,0,0,14,1,1,1,0,0,1,0,6,6,7,1
2,18,4,1,1,0,3,0,0,11,1,1,1,0,0,1,0,3,8,6,1
14,8,1,0,1,3,1,1,1,0,1,0,1,0,2,4,5,0,0,11,0
13,20,0,0,1,0,3,1,0,0,1,1,1,0,2,1,0,2,4,14,1
13,18,4,0,1,0,3,0,0,2,1,1,1,7,2,1,0,6,10,10,1
11,15,4,0,1,3,3,3,1,0,1,1,1,5,2,1,0,7,2,12,1
13,18,0,0,1,0,3,0,0,0,1,1,1,0,2,1,0,9,2,11,1
9,15,4,0,1,0,3,1,0,12,1,1,1,8,0,1,0,9,6,11,1
11,22,4,0,1,0,3,1,0,2,1,1,1,8,2,1,0,7,6,13,1
7,19,0,0,1,0,3,1,0,0,1,1,1,0,0,2,0,6,11,11,1
12,15,0,0,1,3,3,3,1,1,1,1,1,7,2,7,0,5,6,9,1
7,15,4,1,1,3,3,0,1,0,1,1,1,5,0,1,0,6,7,12,1
8,20,4,0,1,0,3,1,0,0,1,1,1,5,0,1,0,6,8,13,0
9,20,4,1,1,3,3,0,1,0,1,1,1,5,0,1,5,0,0,0,0
15,20,4,1,1,0,3,0,0,4,1,1,1,0,2,4,0,5,10,7,1
4,20,4,0,1,0,3,0,0,2,1,1,1,0,0,1,0,6,4,3,0
12,16,4,0,1,0,3,2,0,5,1,1,1,0,2,1,0,6,10,10,1
12,20,4,0,1,0,3,3,0,2,1,1,1,0,2,1,0,6,11,11,1
1,18,4,0,1,0,3,1,0,2,1,1,1,0,0,1,0,4,5,5,0
2,19,4,1,1,0,3,0,0,0,1,1,1,5,0,1,0,2,2,2,1
8,16,4,0,1,0,3,0,0,12,1,1,1,7,0,1,0,6,4,8,0
14,20,0,1,1,0,3,0,0,1,1,1,1,7,2,1,2,6,0,4,1
0,15,4,1,1,0,3,3,0,16,1,1,1,0,0,0,5,0,0,0,0
5,17,4,1,1,0,3,1,0,2,1,1,1,0,0,1,0,4,8,5,1
6,17,0,1,1,3,3,0,1,2,1,1,1,7,0,1,0,6,3,10,1
13,18,0,1,1,0,3,3,0,8,1,1,1,0,2,3,0,3,1,5,1
12,16,4,0,0,0,3,0,0,15,1,1,0,0,2,0,5,0,0,0,1
3,15,4,1,1,0,3,1,0,2,1,1,1,0,0,1,0,6,8,10,1
3,15,4,0,1,0,3,1,0,14,1,1,1,0,0,0,5,0,0,0,1
14,19,0,0,1,0,3,3,0,0,1,1,1,7,2,1,0,6,3,11,1
14,14,0,0,1,0,3,3,0,2,1,1,1,0,2,1,0,8,5,14,1
11,19,0,1,1,3,3,0,1,8,1,1,1,7,1,6,0,4,3,10,1
12,17,0,1,1,0,3,3,0,1,1,1,1,0,2,2,0,7,2,9,1
7,18,0,1,1,0,3,0,0,0,1,1,1,7,0,1,0,6,8,6,1
15,20,0,1,1,0,3,1,0,0,1,1,1,0,2,1,0,7,5,12,1
14,19,0,1,1,0,3,0,0,8,1,1,1,0,2,0,5,0,0,0,1
5,18,4,1,0,0,3,0,0,2,1,1,0,0,0,0,5,0,0,0,0
10,21,4,0,1,0,3,1,0,0,1,1,1,0,0,1,0,8,3,14,0
11,21,4,1,1,0,3,0,0,5,1,1,1,0,2,1,2,6,0,14,1
10,16,4,0,1,0,3,3,0,11,1,1,1,0,0,0,5,0,0,0,0
13,18,0,0,1,3,3,0,1,1,1,1,1,0,2,1,0,6,6,6,1
11,20,4,1,1,4,3,0,1,12,1,1,1,5,2,1,0,6,8,12,1
0,18,4,1,1,0,3,0,0,16,1,1,1,7,0,0,5,0,0,0,0
11,18,4,0,1,0,3,0,0,4,1,1,1,0,2,1,0,4,3,4,1
12,20,4,0,1,0,3,0,0,0,1,1,1,0,2,2,0,9,0,14,1
6,18,4,0,1,0,3,3,0,12,1,1,1,0,0,1,0,5,2,9,1
3,15,4,1,1,0,3,0,0,16,1,1,1,0,0,1,1,1,0,2,0
9,18,1,0,0,0,3,1,0,15,1,0,1,0,0,4,5,9,0,2,0
8,20,0,0,1,0,3,0,0,0,1,1,1,0,0,3,0,6,2,11,1
13,17,4,0,1,0,3,1,0,2,1,1,1,0,2,8,2,8,0,10,1
8,15,4,1,1,0,3,3,0,12,1,1,1,0,0,1,0,6,10,8,1
3,17,4,1,1,0,3,0,0,2,1,1,1,0,0,1,0,6,1,3,1
5,20,4,0,1,3,3,0,1,2,1,1,1,5,0,0,5,0,0,0,1
10,19,4,0,1,0,3,1,0,0,1,1,1,0,0,1,0,9,3,14,1
12,18,4,1,1,0,3,1,0,11,1,1,1,8,2,1,5,8,0,7,1
7,20,4,1,1,0,3,1,0,12,1,1,1,8,0,1,0,6,10,12,1
6,20,4,1,1,0,3,0,0,0,1,1,1,0,0,1,0,6,2,12,1
12,20,0,0,1,0,3,0,0,0,1,1,1,0,2,1,0,8,10,14,1
4,17,4,1,1,0,3,0,0,2,1,1,1,0,0,1,5,0,0,1,0
2,17,4,0,1,0,3,0,0,2,1,1,1,5,0,6,2,1,0,2,0
12,18,0,1,1,0,3,0,0,1,1,1,1,0,2,5,0,6,8,13,0
11,9,0,0,1,4,3,1,1,2,1,1,1,5,2,2,0,8,2,4,0
9,18,4,0,1,0,3,0,0,2,1,1,1,0,0,1,0,6,0,9,1
10,15,0,1,1,0,3,1,0,0,1,1,1,0,0,1,0,7,1,9,0
15,20,0,0,1,0,3,0,0,0,1,1,1,8,2,1,0,9,2,13,1
8,20,0,1,1,0,3,1,0,0,1,1,1,5,0,1,0,9,3,13,1
8,15,4,1,1,0,3,1,0,7,1,1,1,1,0,1,0,5,11,3,1
12,20,0,1,1,0,3,0,0,0,1,1,1,5,2,1,0,6,3,14,1
15,17,0,0,1,4,3,0,1,1,1,1,1,5,2,1,0,9,8,12,1
3,15,4,0,1,0,3,0,0,16,1,1,1,5,0,1,0,1,3,5,0
6,20,4,0,1,0,3,0,0,2,1,1,1,0,0,1,0,6,0,11,1
7,20,4,0,1,0,3,1,0,2,1,1,1,0,0,1,0,3,3,11,1
6,18,4,1,1,0,3,0,0,0,1,1,1,7,0,1,0,5,2,6,0
3,13,4,0,1,4,3,0,1,15,1,1,1,7,0,1,5,6,0,2,0
9,18,0,1,1,0,3,0,0,2,1,1,1,0,0,1,0,7,10,5,1
9,20,4,1,1,0,3,0,0,12,1,1,1,0,0,1,5,6,0,13,1
9,18,4,1,1,0,3,0,0,0,1,1,1,7,0,1,0,6,8,10,1
15,18,4,1,1,0,3,3,0,0,1,1,1,0,2,4,0,9,3,6,1
1,17,4,1,1,4,3,0,0,16,1,1,1,7,0,1,0,4,5,5,0
2,18,4,0,1,0,3,0,0,2,1,1,1,5,0,1,0,6,8,9,1
10,20,0,1,1,4,3,0,1,1,1,1,1,5,0,0,5,0,0,0,0
11,18,4,1,1,4,3,0,1,0,1,1,1,0,2,0,5,0,0,0,1
3,18,4,0,1,0,3,1,0,2,1,1,1,0,0,1,0,5,3,8,1
4,10,4,0,1,0,0,3,0,16,1,1,1,4,0,5,3,8,3,10,1
6,15,4,0,1,0,3,3,0,12,1,1,1,0,0,1,0,2,3,9,0
12,16,0,1,1,0,3,0,0,1,1,1,1,0,2,0,5,0,0,4,0
9,18,0,1,1,0,3,1,0,0,1,1,1,8,0,1,0,6,4,9,1
2,18,4,1,1,0,3,0,0,4,1,1,1,0,0,0,5,0,0,0,1
13,15,0,0,1,4,3,0,1,0,1,1,1,0,2,1,0,6,4,10,0
7,20,4,1,1,0,3,1,0,9,1,1,1,0,0,1,0,4,5,10,1
13,20,0,0,1,3,3,0,1,0,1,1,1,0,2,2,0,6,10,10,1
15,20,4,0,1,0,3,0,0,11,1,1,1,5,2,4,0,7,8,5,1
4,17,4,0,1,0,3,0,0,2,1,1,1,0,0,1,2,0,0,0,1
7,22,4,0,1,3,3,3,0,11,1,1,1,0,0,7,0,9,2,14,1
1,18,4,1,1,0,3,0,0,2,1,1,1,7,0,0,5,0,0,0,1
5,17,4,0,1,0,3,0,0,2,1,1,1,7,0,1,0,9,2,2,1
0,17,4,1,0,0,3,1,0,2,1,1,0,0,0,0,5,0,0,0,1
1,15,4,1,1,0,3,3,0,2,1,1,1,0,0,1,0,2,2,4,1
13,20,4,1,1,0,3,0,0,0,1,1,1,0,2,2,0,6,6,13,1
14,14,0,0,1,0,3,0,0,0,1,1,1,0,2,1,0,6,5,14,1
10,15,4,1,1,0,3,3,0,2,1,1,1,0,0,1,0,3,8,5,1
9,13,4,0,0,0,3,0,0,15,1,1,0,1,0,0,5,0,0,8,0
7,20,4,1,1,0,3,0,0,0,1,1,1,0,0,1,0,6,3,11,1
13,19,4,1,1,0,3,0,0,12,1,1,1,1,2,3,0,3,6,5,0
1,18,4,0,1,3,3,0,1,2,1,1,1,5,0,0,5,0,0,0,1
12,13,0,1,1,0,3,3,0,8,1,1,1,0,2,1,5,0,0,0,1
15,20,0,1,1,3,3,0,1,0,1,1,1,5,2,3,0,6,7,6,0
7,20,4,0,1,0,3,1,0,2,1,1,1,8,0,2,0,9,4,12,0
11,14,4,0,0,0,3,1,0,4,1,1,0,2,2,1,2,0,0,0,1
14,17,4,0,1,0,3,3,0,2,1,1,1,0,2,1,0,9,3,11,1
10,20,4,0,1,0,3,3,0,2,1,1,1,5,0,0,5,0,0,3,1
0,18,4,0,1,4,3,0,1,2,1,1,1,5,0,0,5,0,0,0,1
8,15,4,0,1,0,3,3,0,2,1,1,1,7,0,1,0,6,11,8,1
3,15,4,1,1,0,3,0,0,4,1,1,1,7,0,0,5,0,0,0,1
6,9,4,0,0,0,3,1,0,12,1,0,1,7,0,9,2,8,0,13,0
0,17,4,0,1,0,2,0,0,2,1,1,1,0,0,1,0,6,6,9,1
13,20,4,0,1,0,3,0,0,2,1,1,1,5,2,1,0,2,7,5,1
7,18,0,0,0,0,3,0,0,1,1,0,1,5,0,7,2,6,0,5,1
2,18,4,0,1,0,3,0,0,9,1,1,1,7,0,1,0,7,2,11,1
3,18,4,0,1,0,3,0,0,0,1,1,1,0,0,6,0,1,6,3,1
12,14,0,0,1,4,3,0,1,0,1,1,1,0,2,1,0,6,2,8,0
15,19,0,0,1,4,3,0,1,0,1,1,1,5,2,1,0,6,5,10,0
5,20,4,0,1,4,3,0,1,2,1,1,1,5,0,1,0,6,4,6,1
13,22,4,1,1,0,3,3,0,0,1,1,1,7,2,1,0,6,9,11,0
3,20,4,0,1,0,3,1,0,2,1,1,1,0,0,1,0,1,3,4,1
13,21,4,0,1,0,3,1,0,0,1,1,1,0,2,2,0,7,1,11,1
11,19,4,0,1,0,3,0,0,2,1,1,1,0,2,1,0,5,5,8,1
0,15,4,0,1,0,3,1,0,16,1,1,1,0,0,1,0,4,0,6,0
13,21,0,1,1,4,3,0,1,0,1,1,1,5,2,1,0,6,5,14,1
0,17,4,1,1,0,3,3,0,2,1,1,1,0,0,1,0,6,4,8,1
1,18,4,0,1,0,3,0,0,2,1,1,1,0,0,1,0,4,6,4,0
14,18,4,1,1,0,3,3,0,0,1,1,1,0,2,1,0,6,4,9,1
9,20,0,0,1,0,3,0,0,0,1,1,1,0,0,1,0,8,3,14,0
8,17,3,0,1,0,2,0,0,2,1,1,1,0,2,1,0,6,4,9,1
12,18,4,0,1,0,3,0,0,9,1,1,1,7,2,1,0,6,8,10,1
11,20,4,0,1,0,3,0,0,12,1,1,1,0,2,1,0,8,4,13,0
15,15,3,0,1,0,3,0,0,7,1,1,1,0,2,6,0,2,6,4,1
3,15,4,1,1,0,3,3,0,11,1,1,1,5,0,1,0,4,4,3,0
8,18,4,0,1,0,3,1,0,0,1,1,1,0,0,1,2,3,0,3,1
8,15,4,0,1,0,3,1,0,2,1,1,1,0,0,1,0,6,8,8,1
6,19,4,1,1,0,3,0,0,2,1,1,1,0,0,1,0,4,8,6,1
9,20,4,1,1,0,3,3,0,2,1,1,1,0,0,3,5,0,0,0,1
2,17,4,0,1,0,3,3,0,16,1,1,1,1,0,1,5,6,0,2,0
14,15,0,1,1,4,3,0,1,0,1,1,1,5,2,0,5,0,0,0,1
9,20,0,1,1,3,3,0,1,0,1,1,1,0,0,3,0,8,6,12,1
3,15,4,1,1,0,3,1,0,14,1,1,1,0,0,1,0,6,8,10,1
13,15,4,1,1,0,3,3,0,2,1,1,1,0,2,1,0,4,3,6,1
15,18,0,1,1,0,3,0,0,1,1,1,1,1,2,0,5,0,0,4,1
14,20,4,0,1,3,3,3,1,0,1,1,1,5,2,1,0,6,5,14,0
10,21,0,1,1,4,3,3,1,1,1,1,1,5,0,1,0,6,8,7,0
2,18,4,1,1,0,3,1,0,12,1,1,1,0,0,1,0,7,7,13,1
0,15,4,1,1,0,3,3,0,11,1,1,1,0,0,0,5,0,0,0,0
3,20,4,0,1,0,3,3,0,2,1,1,1,0,0,1,5,0,0,0,1
7,18,0,1,1,0,3,1,0,0,1,1,1,8,0,1,0,6,4,12,1
10,15,0,0,1,0,3,0,0,1,1,1,1,0,0,7,0,6,1,9,1
8,20,0,1,1,0,3,0,0,9,1,1,1,0,0,3,1,4,0,1,1
10,15,4,1,1,0,3,0,0,4,1,1,1,2,0,1,0,5,6,3,1
14,8,4,0,1,0,3,3,0,2,1,1,1,1,2,1,5,0,0,1,1
9,13,0,0,1,4,3,0,1,8,1,1,1,7,0,0,5,0,0,0,1
13,11,0,0,1,4,3,0,1,15,1,1,1,7,2,1,5,9,0,0,0
6,18,4,0,1,0,3,3,0,4,1,1,1,7,0,1,0,6,6,7,1
10,18,4,0,1,0,3,0,0,2,1,1,1,0,0,7,0,5,11,5,1
9,21,0,0,1,0,3,3,0,1,1,1,1,5,0,3,0,6,6,12,1
8,18,4,0,1,0,3,0,0,0,1,1,1,0,0,2,0,7,1,10,1
9,16,4,0,1,4,3,0,1,2,1,1,1,5,0,1,0,6,6,8,0
14,15,2,1,1,0,3,0,0,0,1,1,1,1,2,1,0,6,6,12,1
14,21,0,1,1,4,3,0,1,1,1,1,1,5,2,1,0,6,2,14,0
7,15,0,1,1,3,3,0,1,2,1,1,1,7,0,0,5,0,0,0,1
13,15,4,1,1,4,3,1,1,0,1,1,1,7,2,1,1,1,0,1,1
14,19,0,1,1,3,3,0,1,8,1,1,1,5,2,1,0,6,4,10,1
4,14,0,0,1,0,3,3,0,2,1,1,1,0,0,0,5,0,0,0,0
7,15,0,1,1,0,3,1,0,2,1,1,1,0,0,1,0,6,6,10,1
5,2,0,1,1,3,3,0,1,3,1,1,1,7,0,6,0,6,10,6,1
0,17,4,0,1,0,3,0,0,16,1,1,1,5,0,1,5,0,0,0,1
15,15,4,0,1,0,3,3,0,5,1,1,1,0,2,6,2,8,0,2,1
6,18,4,0,1,3,3,0,1,0,1,1,1,5,0,1,0,6,2,10,0
9,20,4,1,1,0,3,1,0,0,1,1,1,0,0,1,0,7,3,13,1
12,15,4,0,1,4,3,3,1,2,1,1,1,0,2,1,0,6,8,8,1
8,20,4,1,1,0,3,1,0,2,1,1,1,8,0,3,0,1,1,5,1
11,21,4,0,1,0,3,0,0,15,1,1,1,0,2,1,5,6,0,8,0
15,20,2,1,1,4,3,0,1,0,1,1,1,7,2,1,0,7,1,9,1
3,18,4,0,1,0,3,3,0,2,1,1,1,0,0,1,0,6,10,8,0
2,14,0,1,1,0,3,0,0,16,1,1,1,0,0,1,0,6,1,5,1
0,18,4,1,1,0,3,0,0,2,1,1,1,0,0,1,0,2,4,4,1
3,18,4,0,1,0,3,1,0,2,1,1,1,0,0,0,5,0,0,0,1
11,4,4,0,0,0,1,1,0,9,0,0,1,7,0,4,0,6,5,11,1
13,0,4,1,1,4,3,0,1,0,1,1,1,0,2,1,0,8,3,12,1
14,20,4,0,1,0,3,1,0,12,1,1,1,8,2,4,0,6,8,11,1
15,20,0,1,0,0,3,1,0,0,1,1,0,0,2,0,5,0,0,0,1
8,15,4,0,0,0,3,1,0,2,1,1,1,0,0,0,5,0,0,0,1
3,17,4,1,1,0,3,1,0,2,1,1,1,8,0,1,5,2,0,2,1
0,18,4,1,1,0,3,0,0,2,1,1,1,7,0,1,0,6,2,7,1
1,15,4,0,0,0,3,0,0,2,1,1,0,1,0,0,5,0,0,0,1
2,18,4,1,1,0,3,1,0,2,1,1,1,8,0,2,0,6,6,7,1
1,18,4,0,1,0,3,1,0,2,1,1,1,0,0,2,0,2,4,4,1
7,20,4,0,1,0,3,1,0,2,1,1,1,7,0,1,0,7,5,12,1
1,17,4,0,1,0,3,0,0,2,1,1,1,1,0,0,5,0,0,0,1
13,17,4,0,1,0,3,1,0,7,1,1,1,0,2,1,0,2,1,2,1
1,15,4,1,1,0,3,0,0,2,1,1,1,0,0,3,5,6,0,2,1
4,16,4,0,1,0,3,0,0,2,1,1,1,4,0,1,0,9,10,4,1
9,17,0,1,1,4,3,1,1,0,1,1,1,0,0,6,0,4,11,5,0
15,11,4,0,0,0,3,1,0,15,0,1,1,0,2,0,5,0,0,0,1
10,17,4,1,1,0,3,0,0,2,1,1,1,5,0,2,0,6,2,8,1
11,20,4,0,1,0,3,0,0,11,1,1,1,0,2,1,0,7,3,14,1
14,15,4,1,1,0,3,3,0,9,1,1,1,8,0,2,0,4,0,4,0
9,21,4,0,1,0,3,0,0,4,0,1,1,5,0,1,0,4,8,9,1
15,15,0,0,1,4,3,0,1,0,1,1,1,0,2,1,0,9,3,14,1
1,15,4,1,1,0,3,0,0,16,1,1,1,1,0,1,0,6,3,7,1
14,18,0,0,1,4,3,0,1,0,1,1,1,0,2,1,0,6,5,12,0
7,15,4,0,1,0,3,0,0,0,1,1,1,0,0,1,0,5,3,9,1
13,18,2,1,1,0,3,0,0,2,1,1,1,0,2,1,0,6,1,11,1
9,18,0,1,1,0,3,1,0,0,1,1,1,0,0,2,0,7,1,11,1
14,15,0,1,1,4,3,0,1,0,1,1,1,7,2,1,0,6,3,7,1
4,12,2,0,0,4,3,0,1,0,1,1,1,2,0,1,0,6,4,5,1
11,18,0,0,1,0,3,1,0,1,1,1,1,0,2,1,0,7,2,12,1
3,19,4,1,1,0,3,0,0,0,1,1,1,7,0,1,5,6,0,5,0
13,21,0,0,1,2,0,0,0,0,1,1,1,5,2,1,0,9,6,12,0
4,15,4,0,1,3,3,0,1,0,1,1,1,0,0,1,0,2,3,6,0
5,17,0,1,1,0,3,0,0,1,1,1,1,0,0,1,2,0,0,0,1
11,20,4,1,1,0,3,0,0,2,1,1,1,0,2,1,0,3,4,9,1
8,20,4,0,1,4,3,0,1,0,1,1,1,5,0,1,0,6,5,12,1
1,19,4,0,1,0,3,1,0,2,1,1,1,5,0,1,0,1,3,4,1
0,18,4,1,1,0,3,0,0,16,1,1,1,0,0,9,2,0,0,0,0
13,18,0,0,1,0,3,0,0,0,1,1,1,1,2,1,0,6,6,6,1
8,20,4,0,1,0,3,3,0,11,1,1,1,0,0,1,0,6,8,13,0
11,20,0,1,1,2,3,3,0,0,1,1,1,0,2,4,0,4,10,13,0
14,22,4,1,1,0,3,0,0,0,1,1,1,0,2,1,0,8,9,11,0
15,20,4,1,1,0,3,0,0,0,1,1,1,0,2,3,0,6,3,10,1
5,17,4,1,1,0,3,1,0,11,1,1,1,0,0,1,5,0,0,0,0
3,18,4,1,1,0,3,0,0,2,1,1,1,0,0,1,5,0,0,0,1
13,23,2,1,1,0,3,0,0,0,1,1,1,0,2,2,0,6,6,7,0
12,17,4,1,1,4,3,0,1,2,1,1,1,5,2,4,2,1,0,2,1
7,18,0,0,1,0,3,0,0,0,1,1,1,7,0,3,0,6,8,12,1
2,12,4,0,1,0,3,0,0,15,1,1,1,1,0,0,5,0,0,0,0
2,18,4,1,1,4,3,0,1,9,1,1,1,7,0,1,2,4,0,0,1
5,17,4,1,1,0,3,1,0,5,1,1,1,8,0,1,2,8,0,6,0
12,19,4,1,1,3,3,0,1,2,1,1,1,7,2,1,0,6,4,8,1
15,20,0,1,1,0,3,0,0,1,1,1,1,0,2,1,0,3,4,10,1
2,17,4,1,1,0,3,0,0,16,1,1,1,0,0,1,0,2,2,3,1
2,18,4,0,1,0,3,3,0,0,1,1,1,0,0,1,0,3,1,4,1
11,21,0,0,1,0,3,0,0,1,1,1,1,1,2,1,0,6,2,9,1
5,0,4,1,1,4,3,0,1,0,1,1,1,7,0,6,0,2,4,1,1
9,18,4,0,1,0,3,0,0,7,1,1,1,1,0,1,0,5,3,6,1
12,18,4,1,0,0,3,0,0,0,1,1,1,0,2,4,5,0,0,3,0
13,15,4,1,1,0,1,1,0,2,1,1,1,8,2,8,5,0,0,0,1
3,15,4,0,1,0,3,1,0,12,1,1,1,0,0,1,0,8,10,8,1
10,16,4,0,1,4,3,0,1,15,1,1,1,0,0,0,5,0,0,2,0
1,18,4,0,1,3,3,0,1,2,1,1,1,5,0,0,5,0,0,0,1
4,20,4,1,1,0,3,0,0,2,1,1,1,5,0,1,0,1,10,3,1
14,20,0,1,1,0,3,0,0,1,1,1,1,5,2,2,0,6,0,14,1
14,19,4,0,1,0,3,0,0,0,1,1,1,0,2,1,0,7,5,11,1
3,15,4,1,1,0,3,1,0,12,1,1,1,0,0,1,0,6,2,9,1
0,18,4,1,1,4,3,0,1,11,1,1,1,5,0,1,5,1,0,2,0
6,18,0,1,1,0,3,0,0,0,1,1,1,0,0,0,5,0,0,0,1
0,15,4,1,1,0,3,0,0,2,1,1,1,0,0,0,5,0,0,0,1
10,21,4,0,1,0,3,0,0,0,1,1,1,0,0,4,0,9,1,14,0
1,18,4,0,1,0,3,0,0,2,1,1,1,5,0,9,2,0,0,0,1
5,20,4,0,1,0,3,1,0,0,1,1,1,8,0,1,5,4,0,3,0
7,4,0,0,1,4,3,0,1,0,1,1,1,7,0,3,1,9,0,10,1
14,18,0,1,1,0,3,0,0,0,1,1,1,7,2,1,0,6,4,6,1
3,18,4,1,1,0,3,1,0,2,1,1,1,0,0,1,0,1,6,2,1
15,20,0,1,1,0,3,0,0,0,1,1,1,0,2,2,5,6,0,0,1
4,18,4,0,1,0,3,0,0,2,1,1,1,5,0,1,2,0,0,0,1
14,19,4,1,1,0,3,3,0,2,1,1,1,0,2,1,0,6,4,10,1
5,18,0,1,0,0,3,1,0,1,1,1,1,0,2,5,5,0,0,0,0
8,18,4,1,1,0,3,0,0,2,1,1,1,1,0,0,5,0,0,0,1
6,17,0,1,1,0,3,0,0,0,1,1,1,7,0,1,0,6,6,10,0
6,20,4,0,1,0,3,0,0,12,1,1,1,0,0,1,0,6,6,13,0
13,19,0,1,1,3,3,1,1,1,1,1,1,7,2,2,0,6,1,12,1
7,18,4,1,1,0,3,0,0,2,1,1,1,0,0,1,0,2,3,3,1
3,18,4,0,1,3,3,0,1,5,1,1,1,5,0,6,0,1,3,2,1
2,17,4,0,1,0,1,1,0,11,1,1,1,0,2,1,0,6,7,7,0
2,18,4,0,0,0,3,1,0,2,1,1,0,0,0,0,5,0,0,2,1
9,21,4,1,1,3,3,0,1,5,1,1,1,5,0,1,0,6,3,5,1
11,18,0,0,1,4,3,0,1,1,1,1,1,0,2,1,2,0,0,0,0
1,17,4,1,1,0,3,0,0,9,1,1,1,0,0,1,0,6,5,7,0
0,15,4,0,0,0,3,0,0,2,1,1,0,7,0,0,5,0,0,0,1
11,15,4,0,1,3,3,0,1,2,1,1,1,5,2,0,5,0,0,0,1
1,18,4,0,1,0,3,1,0,2,1,1,1,0,0,1,0,4,3,5,1
6,18,4,0,0,0,3,0,0,0,1,0,1,0,0,7,0,5,5,7,1
4,12,4,0,0,0,3,0,0,16,1,1,0,1,0,0,5,0,0,5,0
4,15,4,0,1,4,3,0,1,15,1,1,1,7,0,1,5,9,0,2,0
12,18,4,0,0,0,3,1,0,0,1,1,1,0,2,1,0,5,2,8,1
8,16,4,0,1,0,3,1,0,0,1,1,1,0,0,1,0,7,3,10,0
12,21,4,1,1,0,3,3,0,2,1,1,1,5,2,1,0,6,2,8,1
8,20,0,1,1,3,3,0,1,1,1,1,1,5,0,1,2,0,0,0,1
8,20,4,1,1,0,3,1,0,4,1,1,1,0,0,1,0,6,8,7,1
4,15,4,1,1,0,3,0,0,7,1,1,1,0,0,0,5,0,0,1,1
4,19,4,1,1,0,3,0,0,2,1,1,1,5,0,1,0,3,6,5,1
2,18,4,0,1,3,3,0,1,2,1,1,1,5,0,1,0,6,2,8,1
7,18,0,1,1,0,3,0,0,0,1,1,1,0,0,0,5,0,0,0,1
13,18,0,0,1,0,3,1,0,1,1,1,1,0,2,1,5,0,0,0,1
11,17,0,1,1,0,3,0,0,1,1,1,1,0,2,4,0,6,5,12,1
9,18,4,0,1,0,3,0,0,2,1,1,1,0,0,3,5,0,0,4,1
8,15,4,0,1,0,3,1,0,2,1,1,1,0,0,1,0,6,2,11,1
10,18,0,1,1,0,3,0,0,1,1,1,1,0,0,7,0,6,8,10,1
1,19,4,1,1,0,3,0,0,2,1,1,1,1,0,0,5,0,0,0,1
15,17,0,1,1,0,3,0,0,0,1,1,1,1,2,1,0,6,2,12,1
6,18,0,0,1,4,3,0,1,1,1,1,1,5,0,1,0,5,0,2,1
6,17,4,1,1,0,3,0,0,16,1,1,1,1,0,0,5,0,0,0,0
12,19,4,1,1,0,3,3,0,0,1,1,1,7,2,1,0,6,3,12,1
8,17,0,1,1,4,3,3,1,1,1,1,1,5,0,0,5,0,0,0,1
15,20,4,1,1,0,3,0,0,0,1,1,1,0,2,3,0,6,3,14,1
14,20,4,0,1,0,3,1,0,0,1,1,1,0,2,6,0,6,3,10,1
14,20,4,0,0,0,3,0,0,0,1,1,0,0,2,1,0,5,3,13,0
6,20,4,0,0,0,2,0,0,0,1,1,0,1,0,5,4,6,4,7,0
7,20,4,0,1,0,3,0,0,0,1,1,1,0,0,5,0,6,2,13,0
8,18,4,1,0,0,3,3,0,2,1,0,1,0,0,2,0,6,11,12,1
7,13,4,0,1,0,3,0,0,2,1,1,1,0,0,1,5,0,0,2,1
6,20,4,0,1,0,3,0,0,11,1,1,1,1,0,1,0,6,6,12,0
13,21,0,0,1,4,3,0,1,1,1,1,1,5,2,1,0,6,6,13,0
2,15,4,0,1,0,3,3,0,11,1,1,1,0,0,1,0,2,6,2,1
3,18,4,1,1,0,3,0,0,2,1,1,1,6,0,1,0,5,8,3,1
7,15,0,0,1,0,3,0,0,0,1,1,1,0,0,1,0,6,3,11,1
15,18,0,0,1,0,3,3,0,1,1,1,1,7,2,1,0,8,4,11,1
5,18,4,0,1,0,3,1,0,16,1,1,1,0,0,1,0,6,2,5,1
5,22,3,1,1,3,3,0,1,0,1,1,1,8,0,1,0,6,3,8,0
3,18,4,0,1,3,3,0,1,2,1,1,1,5,0,1,5,1,0,1,1
13,21,4,1,1,4,3,0,1,0,1,1,1,0,2,1,0,9,10,14,0
2,17,2,1,1,0,3,0,0,2,1,1,1,5,0,3,0,2,1,3,1
8,15,4,1,1,0,3,0,0,2,1,1,1,0,0,1,0,4,3,6,1
8,20,0,1,1,0,3,0,0,0,1,1,1,0,0,1,0,6,5,12,1
9,21,0,1,1,0,3,0,0,0,1,1,1,0,0,6,0,6,0,9,0
10,19,4,1,1,4,3,3,1,0,1,1,1,0,0,1,0,6,6,7,1
0,18,4,1,1,3,3,0,1,2,1,1,1,5,0,0,5,0,0,0,1
0,18,4,0,1,0,3,3,0,2,1,1,1,0,0,3,0,3,6,4,1
4,18,0,1,1,0,3,0,0,0,1,1,1,0,0,1,0,6,3,7,1
9,19,4,1,1,0,3,1,0,0,1,1,1,0,0,1,5,0,0,0,1
1,18,4,0,1,0,3,0,0,11,1,1,1,0,0,1,0,6,4,4,1
12,18,0,1,1,0,3,0,0,0,1,1,1,7,2,2,0,6,2,10,1
7,18,0,1,1,4,3,0,1,0,1,1,1,5,0,0,5,0,0,0,1
8,21,4,0,1,0,3,0,0,0,1,1,1,0,0,2,0,6,11,13,0
4,20,4,0,1,0,3,1,0,2,1,1,1,0,0,2,0,6,5,7,1
11,20,4,0,1,0,3,1,0,0,1,1,1,0,2,1,0,4,11,14,1
15,19,4,0,1,3,3,0,1,0,1,1,1,5,2,3,0,6,8,10,1
12,13,0,0,1,4,3,0,1,1,1,1,1,0,2,1,5,0,0,0,1
1,21,0,1,1,0,3,1,0,9,1,1,1,0,0,1,2,2,0,0,1
5,20,4,0,1,3,3,0,1,2,1,1,1,5,0,0,5,0,0,0,1
8,20,4,0,1,0,3,0,0,2,1,1,1,0,0,3,0,6,0,2,1
1,18,4,1,1,4,3,3,1,12,1,1,1,5,0,1,0,4,3,6,1
12,13,0,1,1,4,3,0,1,8,1,1,1,7,2,0,5,0,0,0,1
7,21,4,0,1,4,3,3,0,11,1,1,1,0,0,2,5,6,0,11,0
14,17,0,1,1,0,3,1,0,1,1,1,1,0,2,1,0,4,1,6,1
1,15,0,0,1,0,0,1,0,6,0,1,1,6,0,5,3,6,8,14,0
1,17,4,1,1,4,3,0,1,2,1,1,1,7,0,1,0,3,6,5,0
9,15,4,1,1,0,3,0,0,0,1,1,1,7,0,1,0,7,6,12,1
2,15,4,1,1,4,3,0,1,2,1,1,1,7,0,3,0,3,4,4,1
15,18,2,1,1,0,3,1,0,12,1,1,1,0,2,1,0,6,1,9,1
7,20,0,1,1,4,3,1,1,1,1,1,1,0,0,2,0,1,0,1,1
8,21,4,0,1,0,3,0,0,11,1,1,1,0,0,3,0,9,2,13,1
2,21,4,0,1,3,3,0,1,9,1,1,1,5,0,1,0,7,2,3,1
1,18,4,1,1,0,3,1,0,11,1,1,1,0,0,0,5,0,0,0,0
7,15,4,0,1,0,3,1,0,2,1,1,1,0,0,1,0,1,8,6,1
8,1,4,1,1,4,3,3,1,11,1,1,1,5,0,3,5,0,0,0,0
13,21,0,0,1,0,3,0,0,1,1,1,1,5,2,8,0,6,3,14,1
15,12,2,0,1,4,3,0,1,0,1,1,1,5,2,1,0,6,8,9,1
10,20,4,0,1,4,3,0,1,0,1,1,1,5,0,1,0,9,6,14,1
14,20,4,0,1,0,3,1,0,2,1,1,1,8,2,1,0,6,6,13,1
13,12,3,1,1,0,3,0,0,0,1,1,1,7,2,1,0,6,0,9,0
12,21,4,0,1,3,3,2,1,0,1,1,1,0,2,2,0,6,6,12,1
14,8,4,0,1,4,3,3,1,0,1,1,1,0,2,1,0,3,9,14,1
15,17,4,1,1,0,3,0,0,0,1,1,1,1,2,4,0,6,1,3,1
11,20,0,1,1,0,3,3,0,1,1,1,1,0,2,1,0,6,3,13,1
7,4,2,0,1,3,3,2,0,11,1,1,1,7,0,3,1,9,2,11,1
8,21,4,1,1,0,3,1,0,0,1,1,1,8,0,1,1,6,0,9,0
1,18,4,1,1,0,3,3,0,2,1,1,1,0,0,0,5,0,0,0,1
3,19,0,1,1,4,3,0,1,8,1,1,1,0,0,1,0,5,9,8,1
7,12,4,0,1,0,3,0,0,7,1,1,1,0,0,1,0,6,11,5,1
8,11,4,0,0,0,3,1,0,2,0,1,1,0,0,1,0,7,8,10,1
9,20,4,0,1,0,3,0,0,2,1,1,1,1,0,1,0,6,3,6,1
11,20,4,1,1,0,3,3,0,12,1,1,1,0,2,1,0,9,11,14,1
12,17,4,1,1,0,3,1,0,0,1,1,1,8,2,4,5,0,0,2,1
9,16,4,0,1,0,3,0,0,11,1,1,1,0,0,1,5,6,0,7,1
11,17,0,1,1,3,3,0,1,0,1,1,1,5,2,1,0,6,6,12,1
0,18,4,0,1,0,3,3,0,2,1,1,1,0,0,1,0,2,6,2,1
14,19,0,0,1,3,3,1,1,1,1,1,1,8,2,6,5,0,0,0,1
9,20,4,0,1,0,3,0,0,11,1,1,1,0,0,2,0,7,4,11,1
2,14,4,0,0,0,3,0,0,2,1,1,0,0,0,0,5,0,0,5,1
4,18,4,1,1,0,3,0,0,2,1,1,1,7,0,1,2,0,0,0,1
8,16,4,0,1,0,3,3,0,11,1,1,1,0,0,1,0,7,0,3,0
12,18,2,1,1,0,3,1,0,0,1,1,1,0,2,4,0,2,1,7,1
12,15,4,0,1,0,3,0,0,2,1,1,1,0,2,1,0,6,2,3,1
12,21,4,0,1,0,3,0,0,0,1,1,1,0,2,4,0,6,5,14,1
3,15,4,0,1,0,3,0,0,12,1,1,1,0,0,1,0,2,9,3,1
1,15,0,0,1,0,0,0,0,16,1,1,1,0,0,5,3,9,3,9,0
1,19,4,1,1,0,3,3,0,2,1,1,1,5,0,1,0,4,2,5,1
14,20,0,0,1,4,3,0,1,1,1,1,1,5,2,1,0,4,2,4,0
8,17,4,0,0,0,3,0,0,0,1,0,1,0,0,1,0,8,11,13,1
2,15,4,0,1,4,3,0,1,11,1,1,1,5,0,1,0,2,3,4,0
0,15,4,0,1,0,3,1,0,16,1,1,1,0,0,1,0,6,1,3,0
10,15,0,1,1,0,3,0,0,1,1,1,1,0,0,0,5,0,0,0,1
0,15,4,0,1,4,3,0,1,2,1,1,1,0,0,1,5,1,0,1,1
2,18,4,1,1,0,3,0,0,2,1,1,1,0,0,3,0,4,2,4,0
1,15,4,1,1,4,3,0,1,2,1,1,1,7,0,1,5,1,0,1,1
3,18,4,0,1,0,3,3,0,5,1,1,1,5,0,1,0,3,8,8,1
15,15,4,0,1,0,3,0,0,2,1,1,1,7,2,1,0,3,4,4,1
0,18,4,1,1,0,3,0,0,11,1,1,1,8,0,0,5,0,0,0,1
6,20,0,0,1,0,3,0,0,0,1,1,1,0,0,1,0,9,5,13,1
4,18,4,0,1,0,3,0,0,2,1,1,1,5,0,1,5,0,0,0,1
0,18,4,0,1,0,3,0,0,16,1,1,1,0,0,1,5,1,0,1,0
15,15,4,1,0,0,3,0,0,0,1,1,0,0,2,0,5,0,0,4,1
12,20,4,1,1,0,3,0,0,2,1,1,1,5,2,2,0,6,11,13,1
10,21,4,1,1,0,3,1,0,12,1,1,1,0,0,1,1,4,0,5,0
0,18,4,1,1,2,3,1,0,12,1,1,1,0,0,1,0,5,3,3,0
3,15,4,0,1,0,3,0,0,12,1,1,1,0,0,1,0,6,6,8,1
8,17,4,1,1,0,3,3,0,2,1,1,1,8,0,1,0,6,6,7,1
9,12,4,0,1,0,3,3,0,12,1,1,1,0,0,1,0,6,5,12,0
10,17,4,1,1,0,3,0,0,2,1,1,1,0,0,1,0,6,2,8,1
3,15,4,1,1,0,3,0,0,2,1,1,1,1,0,9,2,0,0,0,1
13,19,0,0,1,3,3,0,1,1,1,1,1,5,2,1,0,6,6,13,0
15,19,0,1,1,0,3,1,0,1,1,1,1,0,2,1,0,6,4,5,1
2,18,4,1,0,0,3,1,0,0,1,1,1,0,2,1,0,1,9,6,0
3,20,4,0,1,0,3,0,0,0,1,1,1,0,0,7,0,4,5,9,0
1,18,4,0,1,0,3,0,0,14,1,1,1,0,0,1,0,2,6,2,1
9,15,4,0,1,0,3,0,0,2,1,1,1,7,0,1,0,6,10,5,1
7,20,4,0,1,0,3,3,0,14,1,1,1,1,0,1,0,6,8,7,0
3,15,4,0,1,0,0,0,0,16,1,1,1,0,0,5,3,8,1,6,1
0,15,4,1,1,1,3,3,0,11,1,1,1,0,0,2,0,4,10,6,1
9,11,4,0,1,0,3,0,0,15,1,1,1,0,0,1,5,0,0,0,1
15,21,0,1,1,3,3,0,1,1,1,1,1,5,2,1,0,6,2,14,1
9,19,4,0,1,0,3,0,0,2,1,1,1,0,0,2,0,6,3,10,0
15,21,0,0,1,4,3,0,1,1,1,1,1,5,2,3,0,6,6,13,0
10,20,0,1,1,4,3,0,1,0,1,1,1,5,0,1,0,6,5,10,0
15,21,0,0,0,0,3,1,0,5,0,1,0,0,2,2,0,6,10,13,1
10,19,4,0,1,0,3,0,0,2,1,1,1,0,0,4,5,4,0,7,1
5,17,4,1,1,0,3,1,0,2,1,1,1,0,0,1,0,3,4,4,1
8,20,0,1,1,4,3,0,1,1,1,1,1,0,0,0,5,0,0,0,1
5,18,4,0,0,0,3,0,0,15,1,1,1,0,0,0,5,0,0,0,1
13,17,2,0,1,0,3,0,0,7,1,1,1,0,2,1,0,6,6,9,0
13,14,4,1,0,0,3,1,0,12,1,1,0,0,2,1,0,6,5,7,0
3,18,4,1,1,0,3,0,0,2,1,1,1,0,0,1,0,3,5,3,1
2,15,4,0,1,0,3,0,0,4,1,1,1,5,0,1,0,6,6,7,1
9,19,0,0,1,0,3,1,0,0,1,1,1,0,0,1,0,6,0,11,1
5,18,4,0,1,0,3,0,0,2,1,1,1,0,0,1,0,6,2,9,1
9,18,4,0,1,3,3,3,1,11,1,1,1,5,0,1,0,6,2,10,0
15,21,4,1,1,4,3,0,1,11,1,1,1,5,2,1,0,7,4,14,1
9,20,0,1,1,0,3,2,0,0,1,1,1,3,0,2,0,7,3,9,0
7,18,4,0,1,0,3,3,0,0,1,1,1,0,0,1,0,5,2,8,1
9,18,4,1,1,3,3,0,1,2,1,1,1,7,0,1,0,6,3,8,1
15,20,4,0,1,0,3,0,0,11,1,1,1,1,2,2,0,9,6,10,0
13,20,4,0,1,0,3,0,0,2,1,1,1,0,2,1,0,6,3,13,1
7,20,4,0,1,0,3,0,0,12,1,1,1,7,0,4,0,1,4,2,1
12,15,4,0,1,0,3,0,0,0,1,1,1,7,2,1,0,6,2,8,1
1,18,4,0,1,0,3,3,0,16,1,1,1,0,0,6,5,1,0,2,0
12,18,4,0,1,0,3,0,0,2,1,1,1,7,2,1,0,6,4,9,1
15,21,4,1,1,0,3,0,0,0,1,1,1,0,2,1,0,6,1,13,1
14,18,4,0,1,0,3,0,0,0,1,1,1,0,2,7,0,6,3,10,1
5,15,4,0,1,0,3,3,0,11,1,1,1,0,0,1,0,4,10,4,0
13,17,0,0,1,0,3,0,0,15,1,1,1,1,2,0,5,0,0,0,1
11,20,0,1,1,3,3,1,1,0,1,1,1,0,2,1,2,6,0,4,1
7,13,4,0,1,0,3,3,0,11,1,1,1,7,0,6,0,4,6,6,0
7,15,4,0,0,0,3,0,0,2,1,1,0,0,0,0,5,0,0,0,1
2,18,4,1,1,0,3,0,0,0,1,1,1,8,0,4,0,1,1,2,0
3,15,4,0,1,0,3,0,0,2,1,1,1,7,0,1,5,0,0,0,1
15,18,4,1,1,0,3,1,0,10,1,1,1,8,2,4,0,6,8,10,0
7,18,0,1,1,4,3,1,1,0,1,1,1,0,0,2,0,8,6,9,0
11,17,4,0,1,0,3,1,0,0,1,1,1,8,2,0,5,0,0,0,0
12,18,4,0,1,0,3,0,0,2,1,1,1,0,2,0,5,0,0,0,1
0,15,4,0,1,0,3,1,0,16,1,1,1,0,0,0,5,0,0,4,1
0,17,4,1,1,0,3,0,0,2,1,1,1,0,0,1,0,3,8,1,1
12,15,4,0,1,0,3,0,0,2,1,1,1,0,2,5,0,9,6,10,1
3,18,4,0,1,0,0,0,0,16,1,1,1,0,0,5,3,8,2,6,0
5,21,4,1,1,0,3,1,0,2,1,1,1,8,0,4,0,4,4,5,1
9,20,4,0,1,0,3,0,0,2,1,1,1,1,0,1,0,6,7,7,1
14,15,4,0,0,0,3,3,0,2,1,1,0,0,2,1,5,0,0,5,1
12,20,4,1,1,2,3,1,0,12,1,1,1,0,2,1,0,5,10,12,1
6,18,4,1,0,0,3,0,0,2,1,1,0,0,0,0,5,0,0,0,1
9,20,4,0,1,0,3,3,0,2,1,1,1,0,0,7,0,9,0,8,1
9,18,4,1,1,0,3,0,0,4,1,1,1,5,0,1,2,0,0,0,1
3,13,4,0,1,0,3,1,0,15,1,1,1,8,0,1,5,0,0,0,1
3,20,4,1,1,0,3,1,0,11,1,1,1,0,0,0,5,0,0,0,1
0,18,4,0,1,0,3,3,0,11,1,1,1,0,0,1,0,1,4,2,0
5,18,4,0,1,0,3,1,0,0,1,1,1,8,0,1,0,9,2,12,0
2,18,4,1,1,0,3,0,0,4,1,1,1,5,0,0,5,0,0,0,1
4,15,4,1,1,0,3,0,0,0,1,1,1,0,0,1,0,3,4,3,1
11,21,0,1,1,0,3,1,0,1,1,1,1,0,2,4,0,1,2,11,1
6,15,4,1,1,0,3,0,0,2,1,1,1,7,0,1,0,6,3,6,1
12,21,4,0,1,0,3,1,0,0,1,1,1,8,2,2,0,8,0,9,0
14,20,4,1,1,3,3,0,1,2,1,1,1,5,2,1,0,7,8,12,0
5,20,0,1,1,2,3,3,0,0,1,1,1,0,0,1,0,2,11,3,1
9,15,4,1,1,0,3,3,0,11,1,1,1,0,0,6,0,3,0,1,1
1,14,4,0,1,0,3,0,0,15,1,1,1,0,0,0,5,0,0,0,0
15,21,0,1,1,3,3,0,1,1,1,1,1,0,2,1,0,7,7,9,1
8,20,4,0,1,0,3,1,0,0,1,1,1,0,0,1,0,6,8,8,1
1,17,2,1,1,0,3,3,0,7,1,1,1,0,0,1,0,2,4,3,1
4,20,0,1,0,0,3,3,0,3,1,1,1,0,0,1,0,2,2,5,1
8,17,4,1,1,0,3,3,0,12,1,1,1,0,2,1,0,9,11,6,1
3,21,4,0,1,3,3,0,1,2,1,1,1,5,0,1,0,6,4,8,1
14,15,4,1,1,4,3,3,1,2,1,1,1,0,2,1,0,6,5,7,1
6,18,4,0,1,0,3,0,0,2,1,1,1,1,0,1,5,0,0,0,1
4,20,4,0,1,0,3,0,0,11,1,1,1,0,0,1,0,7,4,5,1
12,18,0,1,1,0,3,0,0,8,1,1,1,0,2,1,0,2,0,8,1
4,15,4,0,0,0,3,0,0,2,1,1,1,7,0,0,5,0,0,5,1
0,17,4,1,1,0,3,0,0,9,1,1,1,5,0,1,2,1,0,1,1
9,17,4,0,1,0,3,3,0,2,1,1,1,0,0,1,0,4,4,9,1
9,13,0,1,1,0,3,0,0,8,1,1,1,0,0,1,0,4,6,7,1
12,13,4,0,1,0,3,0,0,15,1,1,1,0,2,1,5,0,0,0,0
11,21,4,1,1,4,3,1,1,0,1,1,1,0,2,1,0,6,11,14,1
10,15,0,1,1,0,3,0,0,1,1,1,1,5,0,0,5,0,0,10,1
8,17,4,1,1,0,3,1,0,7,1,1,1,0,0,1,2,0,0,3,1
11,11,2,0,0,4,3,0,1,8,1,1,0,7,1,0,5,0,0,0,1
1,13,0,1,1,4,3,3,1,8,1,1,1,0,0,1,5,4,0,3,1
5,15,4,0,1,0,3,0,0,15,1,1,1,0,0,0,5,0,0,0,1
6,13,4,0,1,0,3,0,0,14,1,1,1,0,0,1,5,0,0,13,1
4,15,4,0,1,0,3,0,0,16,1,1,1,0,0,1,5,9,0,3,1
5,20,4,0,1,0,3,3,0,2,1,1,1,5,0,1,5,0,0,0,0
14,18,4,0,1,0,3,0,0,0,1,1,1,7,2,3,0,6,10,8,0
12,21,0,0,1,0,3,0,0,1,1,1,1,5,2,1,0,6,6,14,1
13,18,4,0,1,0,3,1,0,2,1,1,1,8,2,1,0,6,10,10,1
5,17,4,1,0,0,3,3,0,2,1,1,0,0,0,0,5,0,0,2,1
4,15,4,0,1,0,3,0,0,15,1,1,1,7,0,1,5,0,0,0,0
4,15,4,0,1,0,3,0,0,2,1,1,1,5,0,1,0,6,2,11,0
13,20,4,0,1,0,3,1,0,12,1,1,1,0,2,1,0,9,10,14,0
2,15,4,0,1,0,3,0,0,2,1,1,1,7,0,0,5,0,0,4,1
15,19,0,1,1,0,3,0,0,1,1,1,1,0,2,1,5,0,0,0,1
15,22,0,1,1,0,3,3,0,1,1,1,1,0,2,1,0,3,9,14,1
0,17,4,1,1,0,3,0,0,2,1,1,1,8,0,1,0,6,2,9,1
0,18,4,1,1,0,3,0,0,2,1,1,1,5,0,1,0,6,4,3,1
12,18,4,0,1,0,3,1,0,2,1,1,1,8,2,7,5,0,0,0,1
0,17,4,0,1,0,3,3,0,11,1,1,1,5,0,1,0,2,7,8,1
9,15,4,1,1,3,3,0,1,2,1,1,1,5,0,1,5,0,0,0,1
2,17,4,0,1,4,3,0,1,0,1,1,1,0,0,1,2,6,0,3,1
13,19,0,1,1,0,3,0,0,1,1,1,1,0,2,1,0,1,3,11,1
4,15,4,0,1,3,3,0,1,2,1,1,1,0,0,1,0,6,10,10,1
14,20,4,0,1,0,3,3,0,2,1,1,1,7,2,1,0,2,11,3,1
12,18,0,1,1,0,3,1,0,1,1,1,1,0,2,1,0,6,8,11,1
11,13,4,0,1,0,3,0,0,2,1,1,1,1,2,1,0,4,1,6,1
10,20,4,1,1,0,3,0,0,2,1,1,1,0,0,1,0,4,1,2,1
11,21,4,0,1,0,3,0,0,0,1,1,1,5,2,3,0,6,10,12,0
14,15,4,1,1,0,3,0,0,2,1,1,1,0,2,2,0,3,3,10,1
10,20,4,0,1,0,3,1,0,0,1,1,1,8,0,5,0,9,4,13,1
14,20,4,0,0,0,3,0,0,9,1,1,1,0,2,1,0,6,6,14,0
3,19,4,1,1,0,3,1,0,7,1,1,1,0,0,0,5,0,0,0,1
5,20,4,1,1,4,3,0,1,9,1,1,1,0,0,1,0,6,3,9,1
10,18,0,1,1,0,3,1,0,0,1,1,1,0,0,1,0,5,8,12,1
9,18,4,0,1,4,3,3,1,0,1,1,1,0,0,2,0,8,1,10,1
7,20,4,0,1,0,3,1,0,0,1,1,1,0,0,1,5,8,0,6,0
7,18,4,0,1,0,3,2,0,5,1,1,1,0,0,1,0,6,10,9,1
4,19,4,0,1,0,3,3,0,2,1,1,1,1,0,1,0,3,10,1,1
4,18,4,0,1,3,3,3,1,2,1,1,1,5,0,1,0,2,3,3,1
12,13,4,0,1,4,3,0,1,0,1,1,1,0,2,1,0,4,6,6,1
8,1,3,1,0,3,3,0,1,1,1,1,0,7,1,0,5,0,0,0,1
12,20,4,0,1,0,3,0,0,2,1,1,1,0,2,1,0,6,6,12,1
10,18,4,0,1,0,1,1,0,0,1,1,1,0,0,5,3,6,11,13,1
12,20,0,0,1,0,3,0,0,0,1,1,1,7,2,2,0,6,10,12,0
8,21,4,1,1,0,3,0,0,2,1,1,1,0,0,2,0,6,3,8,0
13,15,0,0,1,0,3,1,0,0,1,1,1,0,2,1,0,6,3,12,1
0,15,4,1,1,0,3,0,0,7,1,1,1,0,0,1,5,0,0,1,1
2,18,4,0,1,0,3,0,0,0,1,1,1,0,0,3,0,6,4,6,1
13,20,4,0,1,3,3,1,1,0,1,1,1,0,2,1,0,6,3,13,1
11,20,4,0,1,0,0,3,0,11,1,1,1,5,2,4,0,8,6,12,1
2,19,4,1,1,0,3,3,0,2,1,1,1,5,0,1,0,2,3,5,1
14,23,0,0,1,3,3,0,1,1,1,1,1,5,2,1,0,6,5,14,0
15,15,0,1,1,0,3,1,0,1,1,1,1,0,2,1,0,6,1,13,1
5,14,4,0,1,0,3,0,0,2,1,1,1,7,0,1,0,5,10,2,1
4,15,4,0,1,0,3,3,0,2,1,1,1,7,0,0,5,0,0,0,1
13,13,4,0,0,0,3,3,0,15,1,1,0,1,2,0,5,0,0,6,1
0,18,4,1,1,0,3,0,0,2,1,1,1,7,0,1,0,6,8,6,1
10,20,0,1,1,0,3,3,0,1,1,1,1,7,0,1,1,6,0,11,1
14,21,0,0,1,3,3,1,1,0,1,1,1,5,2,6,0,6,2,14,1
10,20,0,0,1,4,3,0,1,1,1,1,1,7,0,1,0,6,8,6,1
10,11,4,0,1,0,3,0,0,4,1,1,1,0,0,1,2,0,0,0,1
9,14,4,0,1,0,3,1,0,12,1,1,1,7,0,3,0,6,8,6,1
10,20,2,1,1,0,3,1,0,12,1,1,1,0,0,1,0,7,5,11,1
14,20,0,1,1,0,3,1,0,0,1,1,1,0,2,1,0,6,8,11,1
9,20,4,0,1,0,3,0,0,0,1,1,1,0,0,1,0,6,4,13,1
5,17,0,1,1,0,3,3,0,8,1,1,1,7,0,1,5,2,0,3,1
4,0,4,0,1,4,3,0,1,10,1,1,1,0,0,1,1,6,0,7,1
5,20,4,1,1,0,3,0,0,0,1,1,1,0,0,1,0,6,4,8,0
15,15,4,0,0,0,3,0,0,7,1,0,0,0,2,0,5,0,0,3,1
10,16,4,0,1,0,3,1,0,15,1,1,1,7,0,1,5,6,0,1,1
3,18,4,0,1,0,3,1,0,0,1,1,1,7,0,1,0,7,10,10,1
1,17,4,0,1,0,3,0,0,2,1,1,1,0,0,0,5,0,0,0,0
12,18,0,1,1,0,3,0,0,1,1,1,1,0,2,1,0,7,3,12,1
12,13,0,0,1,0,3,3,0,8,1,1,1,7,2,6,5,0,0,0,0
9,20,4,1,1,0,3,3,0,2,1,1,1,0,0,1,0,4,11,7,1
3,18,4,0,1,0,3,3,0,2,1,1,1,0,0,1,5,1,0,1,1
12,20,4,0,1,0,3,0,0,0,1,1,1,5,2,2,0,6,6,12,1
0,15,4,1,1,4,3,0,1,10,1,1,1,5,0,0,5,0,0,0,1
9,15,0,1,1,0,3,0,0,1,1,1,1,0,0,1,0,8,11,9,1
12,15,0,1,1,0,3,1,0,9,1,1,1,0,2,1,0,6,3,3,1
10,18,4,0,1,0,3,3,0,11,1,1,1,7,0,1,0,6,3,12,1
2,18,4,1,1,3,3,0,1,2,1,1,1,5,0,0,5,0,0,0,1
4,15,0,1,1,0,3,0,0,0,1,1,1,0,0,6,5,1,0,1,0
0,8,4,0,1,4,3,0,1,16,1,1,1,0,0,1,0,6,4,5,1
0,18,4,1,1,0,3,1,0,2,1,1,1,0,0,1,0,2,2,6,1
8,13,0,0,1,4,3,3,1,8,1,1,1,7,0,0,5,0,0,0,1
3,14,4,0,1,0,3,3,0,12,1,1,1,0,2,3,0,1,10,6,1
13,18,0,0,1,0,3,0,0,9,1,1,1,0,2,2,0,2,8,10,1
2,16,4,0,1,0,3,0,0,15,1,1,1,0,0,0,5,0,0,0,0
8,20,0,0,1,3,3,0,1,0,1,1,1,0,0,1,0,6,1,13,1
1,18,4,1,1,0,3,0,0,2,1,1,1,0,0,0,5,0,0,0,1
9,18,4,0,1,0,3,1,0,11,1,1,1,0,0,1,0,7,3,9,1
8,20,4,0,1,0,3,0,0,2,1,1,1,0,0,1,0,6,8,8,1
2,18,4,0,1,0,3,1,0,2,1,1,1,0,0,0,5,0,0,0,1
15,23,4,0,1,0,3,3,0,0,1,1,1,0,2,1,0,8,8,13,0
2,15,4,0,1,0,3,1,0,2,1,1,1,0,0,4,0,1,3,5,1
3,15,4,0,1,3,0,0,1,16,1,1,1,0,0,5,3,2,1,4,0
7,18,4,0,1,0,3,1,0,2,1,1,1,0,0,1,0,8,7,7,1
3,18,4,0,1,0,3,0,0,2,1,1,1,7,0,1,5,3,0,5,1
2,22,4,0,1,0,3,1,0,15,1,1,1,0,0,0,5,0,0,0,1
0,18,4,1,1,0,3,0,0,16,1,1,1,5,0,1,5,1,0,3,1
0,16,4,1,1,0,3,0,0,0,1,1,1,0,0,9,2,1,0,1,1
8,18,0,1,1,0,3,1,0,1,1,1,1,0,0,1,0,3,4,9,1
14,6,0,0,1,3,3,0,1,0,1,1,1,7,2,1,0,6,8,7,1
9,20,4,1,1,0,3,0,0,12,1,1,1,0,0,1,5,6,0,5,0
12,23,4,0,1,0,3,0,0,9,1,1,1,5,2,2,0,6,11,14,0
8,20,4,0,1,0,3,0,0,11,1,1,1,7,0,1,0,7,6,11,1
6,20,4,1,1,0,3,0,0,0,1,1,1,0,0,1,0,6,3,13,1
8,20,4,0,1,4,3,0,1,0,1,1,1,5,0,2,0,6,11,13,1
0,15,4,1,1,0,3,0,0,16,1,1,1,0,0,1,5,2,0,1,1
3,17,4,0,1,0,3,0,0,2,1,1,1,1,0,9,2,0,0,0,1
7,20,4,1,1,0,3,0,0,0,1,1,1,0,0,1,1,6,0,13,1
9,15,4,1,1,0,3,0,0,12,1,1,1,0,0,1,0,6,8,11,0
9,20,4,0,1,0,3,1,0,2,1,1,1,8,0,1,0,6,2,8,1
7,19,4,1,1,0,3,1,0,11,1,1,1,0,0,1,0,4,4,5,0
13,15,0,1,1,4,3,0,1,1,1,1,1,0,2,1,0,1,1,6,0
15,15,0,1,1,4,3,0,1,0,1,1,1,7,2,1,0,9,6,9,1
0,18,4,0,1,0,3,0,0,16,1,1,1,5,0,0,5,0,0,0,1
6,20,4,1,1,4,3,0,1,0,1,1,1,0,0,4,0,8,1,11,0
9,17,0,1,1,0,3,3,0,1,1,1,1,0,0,1,5,0,0,0,1
6,20,4,1,1,3,3,0,1,0,1,1,1,0,0,1,0,6,6,13,1
14,8,4,0,1,4,3,3,1,16,1,1,1,1,2,1,0,6,4,5,1
9,13,4,1,1,0,3,1,0,5,1,1,1,0,0,1,0,6,1,13,1
15,18,0,0,1,3,3,0,1,1,1,1,1,0,2,1,0,7,11,12,1
3,20,4,0,1,0,3,3,0,15,1,1,1,0,0,2,5,9,0,2,0
9,13,4,0,1,0,3,0,0,0,1,1,1,0,0,1,0,6,2,13,1
9,18,4,0,1,0,3,1,0,2,1,1,1,0,0,1,2,0,0,6,1
15,20,4,0,0,0,3,3,0,14,1,1,0,1,2,1,2,4,0,3,1
3,18,0,1,1,1,3,0,1,9,1,1,1,8,0,1,0,5,3,6,0
8,15,4,0,1,0,3,0,0,2,1,1,1,7,0,1,0,6,3,6,1
7,18,4,0,1,0,3,0,0,5,1,1,1,5,0,1,2,0,0,0,1
1,18,4,1,1,0,3,1,0,12,1,1,1,0,0,1,0,3,4,5,1
14,20,4,0,1,4,3,0,1,0,1,1,1,5,2,1,0,6,8,14,0
4,18,4,0,0,0,3,0,0,0,1,1,1,7,0,1,0,7,2,5,1
13,12,0,0,1,2,3,0,0,0,1,1,1,0,2,1,0,1,11,14,1
4,18,4,0,1,0,3,0,0,16,1,1,1,0,0,6,0,3,5,7,0
12,15,0,1,0,0,3,1,0,3,0,1,1,0,2,1,0,2,8,5,1
5,20,4,1,1,0,3,0,0,0,1,1,1,1,0,5,2,6,0,2,0
3,19,4,1,1,0,3,1,0,2,1,1,1,0,0,0,5,0,0,0,0
9,20,4,1,1,0,3,3,0,12,1,1,1,0,0,1,0,7,5,12,1
1,15,4,0,1,0,3,0,0,2,1,1,1,7,0,1,0,2,5,5,1
10,15,4,1,0,0,3,0,0,0,1,1,0,0,0,0,5,0,0,0,1
8,18,4,1,1,4,3,0,1,2,1,1,1,2,0,1,0,6,5,9,1
12,15,0,1,1,4,3,0,1,1,1,1,1,7,2,0,5,0,0,0,1
12,16,4,0,1,0,3,0,0,11,1,1,1,0,2,1,0,6,6,10,1
0,15,4,0,1,0,3,0,0,2,1,1,1,0,0,0,5,0,0,3,1
7,20,4,0,1,0,3,3,0,2,1,1,1,0,0,1,0,6,8,12,1
7,18,4,0,1,0,3,0,0,2,1,1,1,7,0,1,1,4,0,6,1
6,21,4,0,1,4,3,0,1,4,1,1,1,5,0,4,0,4,8,1,1
6,18,4,0,1,0,3,3,0,0,1,1,1,7,0,1,0,8,3,9,1
14,20,4,0,1,0,3,3,0,14,1,1,1,0,2,1,0,6,3,12,0
13,22,4,0,1,3,3,3,0,11,1,1,1,0,2,7,0,9,5,14,1
12,19,4,1,1,4,3,0,1,0,1,1,1,0,2,1,0,6,10,10,1
5,18,4,1,1,0,3,0,0,7,1,1,1,7,0,1,0,2,2,4,1
9,13,0,1,1,0,3,0,0,0,1,1,1,0,0,1,0,6,4,12,1
1,15,4,1,1,4,3,0,1,16,1,1,1,0,0,1,5,8,0,4,0
8,21,0,0,1,0,3,0,0,5,1,1,1,5,0,2,0,6,11,13,1
12,20,0,0,1,0,3,1,0,0,1,1,1,0,2,4,0,6,10,13,1
12,18,0,1,1,0,3,3,0,0,1,1,1,0,2,0,5,0,0,0,1
3,19,4,1,1,0,3,3,0,2,1,1,1,5,0,0,5,0,0,0,1
3,18,4,1,1,0,3,0,0,2,1,1,1,7,0,1,5,0,0,2,0
7,18,4,1,1,0,3,1,0,2,1,1,1,0,0,0,5,0,0,0,1
3,13,4,0,1,0,3,3,0,0,1,1,1,0,0,6,0,2,2,4,1
10,20,4,1,1,0,3,3,0,11,1,1,1,0,0,0,5,0,0,0,0
2,15,4,0,1,0,0,0,0,16,1,1,1,1,0,5,3,1,1,1,1
11,19,4,1,1,0,3,1,0,2,1,1,1,8,2,1,0,6,5,12,1
14,20,4,1,1,0,3,1,0,0,1,1,1,0,2,1,0,8,4,11,1
13,12,4,0,1,4,3,0,1,0,1,1,1,7,2,0,5,0,0,12,1
10,18,4,1,1,0,3,0,0,0,1,1,1,7,0,7,2,0,0,0,1
4,15,4,1,1,0,3,0,0,2,1,1,1,0,0,1,0,6,8,6,1
5,20,4,0,1,0,3,0,0,2,1,1,1,0,0,1,0,2,2,4,0
2,18,4,1,1,0,3,0,0,16,1,1,1,8,0,2,0,2,1,3,0
11,15,4,0,1,0,3,0,0,12,1,1,1,0,2,1,5,6,0,5,1
15,20,0,1,1,0,3,0,0,0,1,1,1,0,2,1,0,6,3,14,1
5,15,4,0,1,0,3,0,0,2,1,1,1,0,0,2,0,6,2,9,0
14,21,4,0,1,3,3,3,1,9,1,1,1,5,2,1,0,6,6,12,1
3,18,4,0,1,0,3,0,0,2,1,1,1,5,0,1,5,0,0,0,1
11,19,4,0,0,0,3,1,0,16,1,1,0,0,2,1,5,3,0,5,1
1,15,4,0,1,0,3,0,0,12,1,1,1,0,0,0,5,0,0,0,0
15,21,0,0,1,4,3,0,1,0,1,1,1,0,2,1,0,9,4,14,0
12,15,4,0,1,4,3,0,1,9,1,1,1,5,0,6,0,6,5,8,1
15,20,0,0,1,0,3,1,0,1,1,1,1,0,2,1,0,6,6,14,1
7,15,4,1,1,0,3,0,0,12,1,1,1,0,0,1,0,7,4,12,1
14,21,0,0,1,0,3,0,0,0,1,1,1,0,2,1,0,6,11,14,1
14,17,0,0,1,0,3,0,0,1,1,1,1,1,2,1,0,4,4,10,1
14,18,4,0,1,0,3,0,0,0,1,1,1,7,2,1,0,6,4,12,1
6,15,0,0,1,0,3,0,0,0,1,1,1,0,0,2,0,6,3,7,1
1,18,4,1,1,0,3,2,0,16,1,1,1,7,0,5,3,3,1,1,0
14,18,0,1,1,0,3,1,0,2,1,1,1,0,2,1,0,9,8,12,0
12,11,3,1,1,0,3,0,0,0,1,1,1,0,2,6,0,1,3,2,1
10,17,0,1,1,4,3,0,1,1,1,1,1,0,0,1,0,6,3,7,1
7,17,0,1,1,4,3,0,1,0,1,1,1,0,0,0,5,0,0,0,0
10,15,4,0,1,0,3,0,0,0,1,1,1,0,0,7,0,6,3,8,1
6,14,4,1,1,0,3,0,0,14,1,1,1,0,0,1,0,6,1,7,0
14,15,4,1,1,0,3,3,0,16,1,1,1,5,2,0,5,0,0,5,1
15,20,0,1,1,4,3,0,1,1,1,1,1,5,2,0,5,0,0,0,0
6,20,4,1,1,4,3,0,1,11,1,1,1,5,0,0,5,0,0,0,1
15,18,0,1,1,4,3,0,1,0,1,1,1,0,2,0,5,0,0,0,0
14,8,4,0,0,0,3,2,0,2,1,0,0,0,2,6,5,0,0,1,0
6,15,4,0,1,4,3,0,1,2,1,1,1,7,0,1,5,0,0,5,1
11,18,4,0,1,0,3,1,0,2,1,1,1,0,2,1,1,3,0,5,1
13,20,0,1,1,0,3,0,0,0,1,1,1,0,2,1,0,8,0,8,1
1,18,4,1,1,0,3,3,0,2,1,1,1,0,0,1,0,1,1,3,1
2,18,4,1,1,0,3,1,0,2,1,1,1,7,0,1,0,2,3,2,1
5,20,4,1,1,0,3,0,0,2,1,1,1,7,0,6,0,1,6,6,1
9,20,4,0,1,0,3,0,0,11,1,1,1,5,0,1,0,9,0,14,0
14,18,4,0,1,0,3,3,0,14,1,1,1,5,2,0,5,0,0,12,0
12,18,4,0,1,0,3,0,0,0,1,1,1,5,2,1,0,7,3,12,0
9,20,4,1,1,3,3,0,1,2,1,1,1,0,0,4,0,6,9,11,1
13,20,4,1,1,0,3,1,0,0,1,1,1,5,2,1,2,1,0,3,1
13,15,0,0,1,4,3,0,1,1,1,1,1,0,2,1,0,6,3,8,1
0,15,4,0,1,0,3,1,0,2,1,1,1,0,0,1,5,8,0,2,1
10,18,4,1,1,0,3,0,0,2,1,1,1,0,0,1,0,5,8,5,1
9,18,4,1,1,0,3,1,0,0,1,1,1,7,0,1,0,6,3,11,1
15,11,4,0,0,0,3,1,0,15,0,0,1,0,0,4,2,5,0,2,1
5,17,0,1,1,0,1,1,0,1,1,1,1,0,2,1,5,0,0,6,0
13,21,4,0,1,2,3,3,0,0,1,1,1,5,2,9,2,0,0,14,0
5,18,4,1,1,0,3,0,0,2,1,1,1,1,0,5,0,5,5,3,1
9,13,0,0,1,4,3,0,1,8,1,1,1,0,0,0,5,0,0,0,1
2,18,4,1,1,0,3,0,0,11,1,1,1,0,0,1,0,6,6,2,0
4,19,4,1,1,0,3,0,0,2,1,1,1,0,0,1,0,3,4,3,1
2,22,4,1,1,3,3,3,0,11,1,1,1,7,0,1,0,6,2,11,0
15,19,4,0,1,0,3,3,0,11,1,1,1,0,2,3,0,6,8,10,1
10,15,4,1,0,0,3,0,0,0,1,1,0,0,0,1,0,5,3,5,1
2,18,4,0,1,0,3,3,0,2,1,1,1,0,0,1,2,2,0,2,1
6,15,4,1,1,0,3,0,0,14,1,1,1,0,0,0,5,0,0,7,1
8,17,4,1,1,4,3,0,1,0,1,1,1,0,0,1,0,8,8,6,0
7,15,4,0,1,0,3,0,0,7,1,1,1,0,0,1,0,6,8,9,1
8,15,4,1,1,0,3,1,0,2,1,1,1,0,0,2,0,6,2,9,1
8,17,4,0,1,0,3,0,0,2,1,1,1,1,0,1,2,0,0,0,1
9,15,4,0,1,0,3,0,0,0,1,1,1,0,0,1,0,6,4,12,1
11,18,4,1,1,0,3,3,0,2,1,1,1,0,2,1,0,6,2,9,0
7,20,0,1,1,0,3,1,0,1,1,1,1,0,0,2,0,6,8,13,0
11,20,0,1,1,3,3,0,1,0,1,1,1,5,2,1,0,6,2,11,1
15,20,4,1,1,0,3,0,0,0,1,1,1,0,2,1,0,5,1,5,1
0,17,4,0,1,0,3,1,0,7,1,1,1,8,0,0,5,0,0,0,1
3,18,4,0,1,4,3,0,1,2,1,1,1,5,0,0,5,0,0,4,1
12,22,0,1,1,0,3,0,0,0,1,1,1,0,2,2,0,9,0,13,1
9,13,4,0,1,0,3,0,0,15,1,1,1,1,0,1,5,0,0,0,0
0,15,4,1,1,0,3,3,0,16,1,1,1,0,0,1,5,4,0,3,0
13,20,4,1,1,2,3,3,0,0,1,1,1,0,2,1,1,9,0,12,1
8,15,4,1,1,0,3,0,0,2,1,1,1,5,0,1,0,6,4,9,1
14,18,4,0,1,0,3,1,0,2,1,1,1,0,2,1,0,2,5,4,1
9,19,4,1,1,4,3,0,1,11,1,1,1,5,0,0,5,0,0,0,1
13,19,4,0,1,0,3,1,0,0,1,1,1,0,2,1,0,6,3,11,1
15,20,4,0,1,0,3,1,0,0,1,1,1,0,2,1,0,6,3,12,1
5,18,4,0,1,0,3,0,0,2,1,1,1,7,0,1,0,2,6,6,1
0,15,4,0,1,0,3,0,0,5,1,1,1,7,0,0,5,0,0,0,1
11,20,4,1,1,0,3,1,0,2,1,1,1,0,2,1,0,1,6,3,1
4,15,4,0,1,4,3,0,1,11,1,1,1,5,0,1,0,4,10,2,0
12,20,0,1,1,0,3,0,0,1,1,1,1,0,2,1,0,4,4,7,1
11,8,0,0,1,4,3,0,1,11,1,1,1,1,2,0,5,0,0,0,1
1,17,4,1,1,0,3,3,0,16,1,1,1,5,0,1,0,1,4,2,0
0,15,4,0,1,0,3,3,0,14,1,1,1,0,0,1,0,2,8,5,0
15,22,4,1,1,0,3,1,0,0,1,1,1,8,0,2,0,4,6,4,1
0,15,4,0,1,0,3,3,0,2,1,1,1,0,0,1,0,3,4,4,1
3,20,4,1,1,4,3,0,1,9,1,1,1,5,0,0,5,0,0,0,1
9,18,4,1,1,0,3,1,0,0,1,1,1,0,0,1,5,0,0,0,0
13,17,4,1,1,0,3,3,0,4,1,1,1,0,2,1,0,5,2,7,1
9,20,4,0,1,3,3,0,1,0,1,1,1,5,0,1,0,6,7,12,1
2,15,4,1,1,0,3,1,0,2,1,1,1,0,0,0,5,0,0,0,1
9,18,0,1,1,0,3,0,0,1,1,1,1,0,0,0,5,0,0,0,1
4,20,0,0,1,0,0,3,0,0,1,1,1,3,0,5,3,7,4,6,0
8,20,4,1,1,3,3,2,1,5,1,1,1,5,0,1,0,9,4,2,1
7,18,4,0,1,0,3,0,0,7,1,1,1,0,0,5,5,0,0,2,1
13,18,4,0,1,4,3,0,1,11,1,1,1,5,2,1,0,6,6,11,0
7,19,4,0,1,0,3,3,0,12,1,1,1,7,0,1,0,6,11,8,0
15,20,0,1,1,4,3,0,1,1,1,1,1,0,2,1,0,6,3,12,1
8,20,4,0,1,4,3,0,1,2,1,1,1,0,0,1,0,6,8,10,1
14,15,2,1,1,3,3,0,1,2,1,1,1,0,2,1,0,6,11,6,1
7,13,0,1,1,4,3,0,1,0,1,1,1,6,0,1,0,5,1,4,1
7,18,0,0,1,0,3,1,0,2,1,1,1,7,0,1,0,6,5,11,1
11,19,4,1,0,3,3,0,1,2,1,1,0,0,2,1,0,6,2,6,1
8,18,4,1,1,0,3,1,0,5,1,1,1,8,0,2,0,8,6,12,1
14,14,4,1,0,0,3,0,0,0,1,1,0,0,2,0,5,0,0,4,1
12,19,0,0,1,0,1,1,0,0,1,1,1,8,2,5,0,9,6,10,0
10,21,0,0,1,0,0,1,0,0,1,1,1,0,2,5,3,9,11,13,0
8,11,3,1,0,4,3,0,1,8,1,1,0,7,1,1,0,9,3,2,1
13,21,0,0,1,0,3,1,0,1,1,1,1,5,2,1,0,8,8,14,0
11,19,0,1,1,3,3,0,1,8,1,1,1,7,1,4,1,8,0,10,1
1,15,4,1,1,4,3,0,1,2,1,1,1,5,0,0,5,0,0,0,1
1,18,4,0,0,0,3,0,0,2,0,1,1,5,0,1,0,5,9,10,1
11,19,4,0,1,0,3,1,0,2,1,1,1,0,2,1,0,6,8,11,1
13,10,4,1,1,2,3,3,0,2,1,1,1,8,2,8,5,0,0,0,1
0,17,4,1,1,0,3,0,0,7,1,1,1,0,0,2,0,2,4,2,1
3,19,4,0,1,0,0,1,0,0,1,1,1,0,0,5,3,5,9,9,1
14,14,0,1,1,4,3,0,1,0,1,1,1,7,2,0,5,0,0,0,1
12,19,4,0,1,0,3,1,0,2,1,1,1,0,2,1,0,4,3,3,1
12,15,2,0,1,4,3,0,1,0,1,1,1,5,2,1,0,6,11,12,0
8,20,4,1,1,0,3,0,0,0,1,1,1,0,0,1,0,6,9,4,1
4,15,4,0,1,0,3,3,0,2,1,1,1,5,0,1,0,4,10,8,1
11,18,0,0,1,0,1,0,0,1,1,1,1,0,2,1,0,6,3,10,1
3,15,4,0,1,0,0,0,0,16,1,1,1,0,0,5,3,9,1,6,1
8,13,0,1,1,4,3,0,1,8,1,1,1,7,0,6,0,6,6,10,1
14,19,0,0,1,4,3,0,1,0,1,1,1,7,2,6,0,6,0,10,1
11,18,0,1,1,3,3,0,1,0,1,1,1,0,2,1,0,6,11,5,1
14,19,0,1,1,0,3,3,0,1,1,1,1,0,2,1,5,0,0,0,1
5,17,4,0,1,0,3,0,0,15,1,1,1,1,0,0,5,0,0,0,0
10,12,4,0,1,0,3,0,0,12,1,1,1,2,0,1,0,6,7,14,1
1,18,4,0,1,4,3,0,1,2,1,1,1,5,0,0,5,0,0,0,1
1,17,4,0,1,0,3,3,0,2,1,1,1,5,0,1,0,4,4,2,1
1,18,2,1,1,0,3,1,0,16,1,1,1,0,0,1,5,2,0,2,0
1,15,4,1,1,3,3,0,1,2,1,1,1,0,0,0,5,0,0,4,0
0,15,4,1,1,3,3,0,1,2,1,1,1,0,0,0,5,0,0,0,1
13,17,2,0,1,0,3,1,0,15,1,1,1,1,2,4,5,5,0,2,1
6,18,4,0,1,0,3,0,0,0,1,1,1,0,0,1,0,6,6,13,0
7,20,0,0,1,4,3,0,1,1,1,1,1,5,0,0,5,0,0,0,1
13,14,0,0,1,0,3,0,0,15,1,1,1,7,2,0,5,0,0,0,0
15,19,4,0,0,0,3,0,0,2,0,0,0,5,0,2,0,4,10,9,0
1,17,4,1,1,0,3,3,0,2,1,1,1,0,0,1,1,4,0,10,1
7,21,4,0,1,4,3,0,1,16,1,1,1,5,0,2,0,2,11,3,0
8,18,0,0,1,3,3,0,1,2,1,1,1,0,0,3,0,6,7,8,1
12,15,4,1,1,0,3,1,0,11,1,1,1,8,2,1,0,1,3,2,1
7,20,0,1,1,0,3,0,0,0,1,1,1,5,0,1,0,6,10,13,0
11,15,0,0,1,0,3,0,0,8,1,1,1,7,2,4,0,6,1,11,1
2,15,4,0,1,0,3,0,0,2,1,1,1,0,0,3,0,6,4,4,1
0,18,4,0,1,0,3,1,0,2,1,1,1,0,0,1,0,4,3,6,1
14,21,4,1,1,4,3,1,1,2,1,1,1,5,2,2,0,6,8,9,1
7,20,4,1,1,0,3,0,0,0,1,1,1,0,0,2,0,8,11,13,0
5,18,4,1,1,0,3,3,0,2,1,1,1,0,0,6,0,4,4,5,1
8,18,0,0,1,0,3,1,0,0,1,1,1,7,0,2,0,3,8,8,1
12,20,4,1,1,4,3,0,1,11,1,1,1,5,2,1,0,6,10,13,1
13,20,0,0,1,4,3,0,1,0,1,1,1,5,2,1,0,6,6,14,0
10,16,0,0,1,4,3,0,1,15,1,1,1,7,0,0,5,0,0,0,0
11,15,4,1,1,0,3,0,0,2,1,1,1,0,2,3,0,6,2,5,1
1,15,4,0,1,0,3,0,0,2,1,1,1,8,0,1,0,1,6,5,1
0,18,4,0,1,0,3,0,0,16,1,1,1,5,0,1,5,0,0,0,1
15,15,4,0,0,0,3,0,0,0,1,1,0,0,2,0,5,0,0,4,1
2,15,4,0,1,0,3,3,0,2,1,1,1,7,0,6,0,6,3,7,1
3,20,4,1,1,0,3,0,0,2,1,1,1,0,0,1,0,3,5,4,0
14,23,0,0,1,3,3,3,1,0,1,1,1,0,2,1,0,8,11,14,0
13,20,0,0,1,0,3,1,0,0,1,1,1,5,2,3,0,6,7,13,0
9,18,4,0,1,0,3,0,0,0,1,1,1,0,0,1,0,5,6,6,1
14,16,3,1,1,0,3,3,0,1,1,1,1,4,2,1,0,5,8,4,0
13,18,0,0,1,0,3,0,0,1,1,1,1,0,2,1,0,7,7,13,1
4,20,4,1,1,0,3,1,0,11,1,1,1,0,0,1,1,9,0,6,1
13,21,0,0,1,0,3,0,0,0,1,1,1,5,2,1,0,6,6,14,1
2,18,4,1,1,0,3,3,0,2,1,1,1,5,0,0,5,0,0,0,1
4,15,4,1,1,0,3,0,0,0,1,1,1,0,0,1,0,4,2,8,0
6,20,0,1,1,0,3,0,0,0,1,1,1,0,0,1,0,6,6,13,1
14,22,0,1,1,3,3,0,1,1,1,1,1,5,2,1,0,6,9,11,1
12,20,4,1,1,0,3,1,0,0,1,1,1,0,2,2,0,6,6,10,1
11,22,0,1,1,0,3,0,0,1,1,1,1,0,2,1,1,9,0,12,1
12,11,4,0,0,0,3,1,0,15,0,1,1,0,2,0,5,0,0,0,0
1,15,4,1,1,0,3,3,0,2,1,1,1,5,0,1,0,1,2,3,1
4,15,2,1,1,0,3,1,0,7,1,1,1,0,0,1,5,0,0,1,1
11,21,0,1,1,0,3,0,0,0,1,1,1,7,2,2,0,6,4,7,1
5,20,4,0,1,0,3,1,0,12,1,1,1,0,0,1,5,6,0,4,0
12,15,4,0,1,0,3,1,0,9,1,1,1,8,2,1,0,6,11,9,1
8,18,4,0,1,0,3,1,0,2,1,1,1,0,0,1,2,0,0,0,1
2,15,0,1,1,0,3,0,0,8,1,1,1,7,0,1,0,6,4,8,1
14,18,0,0,1,0,3,3,0,2,1,1,1,7,2,1,0,6,6,9,1
8,15,4,0,1,0,3,3,0,2,1,1,1,7,0,1,0,6,8,12,1
2,18,4,0,1,0,3,0,0,2,1,1,1,0,0,1,0,1,2,2,1
10,20,4,0,1,0,3,3,0,5,1,1,1,0,0,1,0,8,10,10,1
10,21,4,0,1,4,3,0,1,14,1,1,1,5,0,1,0,6,6,13,0
8,0,4,0,0,0,1,0,0,0,0,0,1,5,0,1,0,6,9,9,1
4,18,3,1,1,0,1,0,0,0,1,1,1,0,2,0,5,0,0,7,1
12,17,4,0,1,0,3,0,0,2,1,1,1,7,2,4,0,5,4,3,1
9,20,4,1,1,0,3,0,0,0,1,1,1,7,0,1,0,5,9,6,0
2,18,0,1,0,0,3,2,0,1,1,1,1,7,2,0,5,0,0,0,1
4,14,4,0,1,0,3,0,0,3,1,1,1,1,0,1,0,8,1,6,0
7,15,0,1,1,0,3,3,0,11,1,1,1,0,0,1,0,6,3,9,1
3,20,4,1,1,0,3,0,0,12,1,1,1,0,0,1,5,6,0,3,0
1,15,4,0,1,0,3,0,0,2,1,1,1,0,0,0,5,0,0,4,1
3,18,0,1,1,4,3,0,1,1,1,1,1,7,0,1,5,4,0,4,1
7,20,0,1,1,0,3,0,0,0,1,1,1,1,0,1,0,8,2,12,0
3,14,4,1,1,4,3,0,1,14,1,1,1,7,0,1,0,6,6,8,1
15,18,2,1,1,3,3,0,1,12,1,1,1,0,2,1,3,3,0,8,1
0,17,4,1,1,0,2,0,0,16,1,1,1,0,0,5,3,6,1,5,1
2,18,4,0,1,0,3,0,0,2,1,1,1,0,0,1,2,2,0,4,1
6,20,4,1,1,3,3,0,1,2,1,1,1,7,0,5,4,6,4,6,0
4,20,4,1,1,0,3,0,0,2,1,1,1,5,0,1,0,6,6,2,1
9,18,0,1,1,4,3,0,1,1,1,1,1,5,0,1,5,0,0,0,1
11,19,4,0,1,0,3,0,0,16,1,1,1,0,2,1,0,8,2,6,1
2,17,4,0,1,0,3,3,0,2,1,1,1,0,0,3,0,3,6,2,1
14,15,0,0,1,0,1,0,0,14,1,1,1,0,2,1,0,6,3,10,1
15,20,4,1,1,0,3,0,0,12,1,1,1,0,2,1,0,6,10,13,1
12,15,4,1,1,0,3,1,0,12,1,1,1,0,2,0,5,0,0,3,1
11,15,0,1,1,0,1,0,0,0,1,1,1,0,2,0,5,0,0,0,1
0,18,4,0,1,0,3,1,0,2,1,1,1,5,0,1,0,1,3,1,1
10,21,0,0,1,0,1,1,0,1,1,1,1,0,0,5,0,6,8,14,1
9,20,4,0,1,0,3,1,0,2,1,1,1,0,0,1,0,6,5,12,0
15,16,0,0,1,0,3,0,0,15,1,1,1,7,2,0,5,0,0,0,1
7,18,4,0,1,0,3,3,0,2,1,1,1,0,0,1,0,6,11,6,1
6,15,0,1,1,0,3,1,0,7,1,1,1,0,0,0,5,0,0,3,1
13,20,4,1,1,3,3,1,1,5,1,1,1,5,2,1,0,1,3,2,1
13,20,0,1,1,0,3,0,0,1,1,1,1,0,2,1,0,8,11,14,1
7,18,0,1,1,0,3,0,0,0,1,1,1,5,0,1,0,6,4,13,0
11,15,0,1,1,4,3,0,1,1,1,1,1,0,2,0,5,0,0,0,0
13,18,4,1,1,0,3,0,0,2,1,1,1,0,2,1,0,1,2,4,1
9,15,4,0,1,0,3,0,0,14,1,1,1,7,0,1,0,6,4,9,0
14,18,0,0,1,0,0,3,0,0,1,1,1,0,2,5,3,9,2,13,1
4,19,4,1,1,0,3,0,0,16,1,1,1,4,0,1,5,8,0,4,1
10,8,0,0,1,3,3,0,1,2,1,1,1,0,0,1,0,6,4,3,1
0,18,4,0,1,0,3,1,0,2,1,1,1,0,0,9,2,0,0,0,1
1,18,4,0,1,0,3,0,0,2,1,1,1,0,0,0,5,0,0,0,1
14,21,0,1,1,0,3,0,0,0,1,1,1,0,2,1,0,6,3,13,1
9,18,4,0,1,0,3,0,0,5,1,1,1,7,0,1,0,6,3,10,1
9,18,0,0,1,4,3,3,1,8,1,1,1,0,0,0,5,0,0,0,1
7,18,4,0,1,0,3,1,0,0,1,1,1,0,0,1,5,0,0,0,1
4,15,4,0,1,0,3,0,0,2,1,1,1,5,0,0,5,0,0,0,1
8,15,0,1,1,0,3,0,0,11,1,1,1,7,0,6,0,4,6,5,0
11,14,4,0,0,0,3,0,0,15,1,1,0,1,2,0,5,0,0,0,1
15,19,0,0,1,0,3,0,0,1,1,1,1,8,2,4,0,5,6,5,1
9,20,0,1,1,0,3,1,0,0,1,1,1,0,0,1,2,8,0,10,0
3,20,4,0,1,0,3,3,0,2,1,1,1,5,0,1,5,1,0,3,1
6,17,4,1,1,0,3,0,0,12,1,1,1,0,0,1,0,6,2,9,1
8,15,0,0,1,0,3,0,0,1,1,1,1,5,0,1,0,6,10,11,1
13,20,4,0,1,0,3,1,0,5,1,1,1,0,2,2,0,6,3,12,1
8,18,4,1,1,0,3,0,0,0,1,1,1,0,0,1,0,6,2,10,0
4,20,4,1,1,0,3,3,0,11,1,1,1,0,0,1,0,6,4,6,1
5,14,4,1,1,4,3,0,1,12,1,1,1,0,0,1,5,0,0,0,1
11,18,0,1,1,4,3,0,1,1,1,1,1,0,2,1,0,6,3,6,0
7,18,4,1,1,0,3,1,0,2,1,1,1,0,0,0,5,0,0,0,1
4,18,4,0,1,0,3,0,0,16,1,1,1,5,0,1,5,6,0,3,1
1,18,4,1,1,0,3,0,0,2,1,1,1,0,0,9,2,0,0,0,1
1,18,4,0,1,0,3,0,0,2,1,1,1,1,0,9,2,0,0,0,1
9,20,0,1,1,3,3,0,1,0,1,1,1,5,0,1,0,6,4,13,1
12,14,4,0,0,0,3,0,0,4,0,1,0,0,2,0,5,0,0,4,1
5,15,4,0,1,0,3,0,0,2,1,1,1,7,0,1,2,6,0,2,1
14,19,0,1,1,0,3,0,0,0,1,1,1,0,2,1,0,6,2,14,1
12,21,0,1,1,0,3,1,0,1,1,1,1,5,2,2,0,7,2,12,1
8,18,4,0,1,0,3,0,0,5,1,1,1,7,0,2,0,6,4,3,1
3,19,4,0,1,0,3,1,0,2,1,1,1,0,0,1,0,3,6,5,1
14,18,4,1,1,0,3,1,0,0,1,1,1,7,2,1,5,5,0,3,1
15,19,3,1,1,3,3,0,1,0,1,1,1,1,2,4,5,6,0,4,1
3,14,4,0,1,0,3,3,0,12,1,1,1,8,0,1,0,6,4,3,0
13,20,4,1,1,0,3,0,0,0,1,1,1,5,2,7,0,1,8,1,1
5,21,4,1,1,0,3,0,0,2,1,1,1,0,0,3,0,1,2,4,1
7,20,4,0,1,0,3,3,0,11,1,1,1,0,0,1,0,6,10,5,1
14,19,4,1,1,4,3,0,1,2,1,1,1,0,2,1,0,6,3,7,1
12,18,4,1,1,0,3,0,0,2,1,1,1,7,2,4,5,0,0,4,1
12,11,4,0,1,4,3,0,1,0,1,1,1,7,2,1,0,9,8,6,1
12,15,0,1,1,4,3,0,1,1,1,1,1,0,2,1,0,1,10,1,1
2,18,4,1,1,0,3,1,0,16,1,1,1,0,0,6,5,1,0,1,0
12,20,0,0,1,0,3,0,0,0,1,1,1,7,2,1,0,9,4,10,0
10,15,4,1,1,0,3,3,0,12,1,1,1,0,0,1,0,6,6,12,1
7,22,0,1,1,0,3,0,0,1,1,1,1,0,0,2,0,6,8,14,0
4,19,4,0,1,0,3,0,0,2,1,1,1,1,0,1,0,6,4,7,1
7,19,4,1,1,0,3,0,0,0,1,1,1,0,0,1,0,4,6,6,1
4,18,4,1,1,4,3,0,1,9,1,1,1,7,0,1,0,6,4,8,1
11,14,4,1,0,0,3,0,0,2,1,1,0,0,2,1,0,2,3,5,1
1,18,4,0,1,4,3,0,1,2,1,1,1,5,0,1,0,3,2,5,0
2,18,4,1,1,0,3,3,0,11,1,1,1,5,0,1,0,1,2,2,0
0,18,4,0,1,0,3,0,0,11,1,1,1,0,0,1,0,2,3,2,1
9,15,4,1,1,3,3,3,1,12,1,1,1,0,0,1,5,2,0,4,1
5,20,4,1,1,0,3,0,0,2,1,1,1,7,0,4,0,1,1,1,1
15,20,4,0,1,0,3,0,0,2,1,1,1,0,2,1,0,6,10,6,1
2,15,4,0,1,0,3,0,0,2,1,1,1,0,0,1,0,2,4,5,1
4,16,4,1,1,4,3,3,1,0,1,1,1,4,0,1,0,5,8,5,1
13,18,0,1,1,4,3,0,1,0,1,1,1,0,2,1,0,6,6,6,1
2,15,4,1,1,0,3,0,0,2,1,1,1,0,0,1,0,9,1,7,1
5,18,4,0,1,0,3,0,0,2,1,1,1,7,0,1,0,6,8,4,1
13,0,4,1,1,4,3,0,1,12,1,1,1,7,2,1,0,8,3,9,1
10,8,4,1,1,4,3,3,1,11,1,1,1,0,0,1,5,0,0,0,0
8,18,4,1,1,0,3,0,0,2,1,1,1,7,0,3,0,4,6,4,1
4,12,4,1,1,4,3,0,0,16,1,1,1,0,0,1,0,6,5,5,0
0,17,4,0,1,0,3,0,0,2,1,1,1,0,0,1,0,3,10,1,1
1,17,4,1,1,4,3,0,0,16,1,1,1,0,0,1,5,4,0,1,1
11,16,4,1,0,0,3,3,0,13,1,1,0,8,2,2,0,2,2,8,0
9,18,4,0,1,0,3,0,0,0,1,1,1,0,0,7,0,5,1,9,1
12,19,0,1,1,0,3,0,0,0,1,1,1,0,2,1,0,2,3,4,1
12,16,0,0,1,0,3,2,0,1,1,1,1,0,2,1,0,9,10,12,0
8,20,0,1,1,0,3,0,0,0,1,1,1,7,0,1,0,7,8,11,0
10,21,4,0,1,0,3,0,0,0,1,1,1,0,0,1,0,6,3,14,0
8,20,4,0,1,0,3,0,0,2,1,1,1,5,0,1,0,6,3,12,1
9,20,4,1,1,0,3,3,0,14,1,1,1,0,0,1,0,6,6,13,1
6,14,4,0,1,0,3,1,0,2,1,1,1,8,0,8,5,0,0,0,1
7,15,4,1,1,0,3,0,0,2,1,1,1,0,0,0,5,0,0,0,1
9,15,0,1,1,4,3,0,1,1,1,1,1,0,0,0,5,0,0,0,1
4,15,4,0,1,3,1,3,1,9,1,1,1,0,0,1,0,9,11,3,1
0,15,4,0,1,0,3,3,0,2,1,1,1,1,0,3,2,1,0,2,1
4,18,4,1,1,0,3,0,0,16,1,1,1,0,0,0,5,0,0,0,1
13,20,4,1,1,3,3,0,1,0,1,1,1,7,2,1,0,6,6,10,1
10,20,0,0,1,0,3,0,0,0,1,1,1,0,0,1,0,9,5,14,1
6,15,4,0,1,0,3,0,0,0,1,1,1,0,0,1,0,1,1,2,1
15,20,0,1,1,0,3,1,0,0,1,1,1,0,2,1,0,7,7,12,1
8,20,4,0,1,0,3,1,0,2,1,1,1,0,0,1,0,6,4,2,1
12,18,0,0,1,0,3,0,0,1,1,1,1,0,2,2,0,4,3,8,1
2,19,4,1,1,0,3,1,0,12,1,1,1,0,2,3,0,3,9,6,1
0,15,4,0,1,0,3,3,0,2,1,1,1,0,0,0,5,0,0,0,1
11,22,4,0,1,0,3,1,0,11,1,1,1,8,2,1,0,9,0,14,0
9,18,4,0,1,2,3,3,0,2,1,1,1,5,0,1,5,0,0,11,1
8,20,4,0,1,0,3,1,0,0,1,1,1,0,0,4,0,8,11,13,0
5,18,4,0,1,0,3,0,0,0,1,1,1,0,0,0,5,0,0,0,1
9,21,4,1,1,0,3,1,0,2,1,1,1,0,0,1,0,6,6,12,1
7,20,4,1,1,0,3,0,0,2,1,1,1,0,0,1,0,1,10,2,1
6,18,0,1,1,0,3,0,0,0,1,1,1,0,0,1,0,4,3,10,0
15,21,0,1,1,0,3,1,0,0,1,1,1,0,2,1,0,8,3,14,1
2,18,4,1,1,3,3,0,1,16,1,1,1,5,0,0,5,0,0,0,1
15,18,4,1,1,0,3,0,0,14,1,1,1,0,2,1,0,2,3,2,1
8,15,4,0,1,4,3,0,1,11,1,1,1,7,0,6,0,6,6,7,0
12,15,4,1,1,3,3,0,1,2,1,1,1,5,2,1,0,2,3,4,1
14,8,4,0,1,4,3,0,1,16,1,1,1,1,2,1,5,0,0,1,1
13,17,0,0,1,0,3,0,0,0,1,1,1,0,2,1,0,6,4,10,1
0,15,4,0,1,0,3,0,0,7,1,1,1,0,0,1,0,2,3,3,1
5,17,4,1,1,0,3,3,0,2,1,1,1,5,0,1,0,4,4,2,1
8,16,4,0,1,4,3,0,1,11,1,1,1,5,0,1,0,7,4,5,1
9,13,4,0,1,0,3,3,0,4,1,1,1,0,2,0,5,0,0,7,1
10,21,4,1,1,0,3,1,0,0,1,1,1,7,0,1,0,6,8,11,1
3,18,4,1,1,0,3,3,0,11,1,1,1,0,0,0,5,0,0,0,1
14,19,0,0,1,3,3,0,1,8,1,1,1,5,2,1,0,6,9,11,1
12,13,0,1,1,0,3,0,0,0,1,1,1,0,2,6,5,0,0,13,1
4,18,0,1,1,0,3,0,0,0,1,1,1,8,0,0,5,0,0,0,0
15,20,4,1,1,0,3,3,0,0,1,1,1,5,0,4,0,5,8,12,1
15,15,4,1,1,0,3,3,0,10,1,1,1,0,2,1,0,6,5,3,1
5,21,4,0,1,3,3,0,1,2,1,1,1,5,0,1,0,6,2,8,1
2,17,4,1,1,0,3,1,0,11,1,1,1,0,2,3,0,1,6,6,1
5,18,4,0,1,0,3,3,0,5,1,1,1,7,0,1,2,0,0,2,1
13,15,4,0,1,0,3,0,0,2,1,1,1,5,2,2,0,1,4,1,1
7,20,4,0,1,0,3,0,0,0,1,1,1,0,0,1,0,7,10,12,1
4,17,4,1,1,0,3,1,0,9,1,1,1,0,0,1,0,6,3,9,1
5,23,4,1,1,4,3,3,1,5,1,1,1,0,0,1,0,6,2,4,1
8,15,4,0,1,0,3,0,0,2,1,1,1,7,0,1,0,6,6,4,1
3,18,4,0,1,0,3,0,0,11,1,1,1,0,0,1,0,2,3,4,0
8,15,4,1,1,0,3,0,0,7,1,1,1,1,0,0,5,0,0,1,1
7,11,4,1,1,4,3,0,1,5,1,1,1,0,0,1,0,6,10,6,1
15,18,0,1,1,0,3,1,0,0,1,1,1,0,2,1,0,8,2,9,1
13,18,0,1,1,4,3,0,1,1,1,1,1,5,2,1,5,0,0,0,0
13,12,0,1,1,2,3,0,0,1,1,1,1,0,2,1,1,0,0,1,1
5,20,4,1,1,0,3,1,0,2,1,1,1,8,0,6,5,0,0,0,0
10,20,4,0,1,0,3,0,0,2,1,1,1,0,0,1,0,6,4,13,1
12,16,0,1,1,4,3,0,1,1,1,1,1,7,2,0,5,0,0,0,1
12,20,4,0,1,0,3,1,0,0,1,1,1,8,2,1,5,0,0,0,1
3,15,4,0,0,0,3,0,0,12,1,0,1,0,0,1,5,6,0,4,1
5,20,4,0,1,4,3,0,1,2,1,1,1,7,0,1,0,6,10,9,1
9,20,4,1,1,0,3,1,0,0,1,1,1,1,0,1,0,6,3,8,1
7,18,4,0,1,0,3,3,0,11,1,1,1,5,0,1,0,9,10,10,0
13,19,4,0,1,3,3,0,1,15,1,1,1,0,2,0,5,0,0,0,1
7,4,0,0,1,4,3,0,1,0,1,1,1,0,0,3,0,7,5,12,1
4,20,0,1,1,0,3,3,0,2,1,1,1,3,0,4,0,4,3,2,0
3,15,4,1,1,0,3,1,0,0,1,1,1,0,0,1,1,4,0,6,1
10,18,4,1,1,4,3,0,1,10,1,1,1,8,0,1,0,6,7,10,1
8,20,4,0,1,0,2,0,0,10,1,1,1,0,0,1,0,6,4,13,1
14,20,0,0,1,4,3,0,1,0,1,1,1,0,2,1,0,9,5,10,1
14,18,2,0,1,0,1,0,0,0,1,1,1,0,2,1,0,7,8,11,0
10,18,4,0,1,0,3,0,0,15,1,1,1,7,0,1,2,6,0,8,1
12,20,4,0,1,0,3,0,0,2,1,1,1,7,2,2,0,8,2,8,1
12,20,0,1,1,0,3,1,0,1,1,1,1,0,2,1,5,0,0,0,1
13,20,0,0,1,0,3,1,0,0,1,1,1,0,2,1,0,7,7,10,1
14,20,4,0,1,0,3,0,0,0,1,1,1,0,2,1,0,7,3,10,1
14,10,4,1,1,4,3,0,1,14,1,1,1,4,2,5,0,8,8,10,1
15,15,4,1,1,0,3,0,0,0,1,1,1,7,2,1,2,6,0,6,1
4,0,4,0,1,0,1,3,0,10,1,1,1,4,0,1,0,8,7,11,1
7,18,4,0,1,0,3,0,0,0,1,1,1,0,0,0,5,0,0,0,1
15,14,0,1,1,0,3,3,0,0,1,1,1,0,2,1,0,8,8,11,1
4,19,4,1,1,0,3,1,0,16,1,1,1,1,0,1,5,4,0,3,1
5,20,4,1,1,0,3,3,0,11,1,1,1,0,0,1,0,2,4,4,1
11,18,0,0,1,0,3,0,0,2,1,1,1,8,2,1,5,6,0,8,1
11,20,4,0,1,0,3,3,0,0,1,1,1,0,2,3,0,9,10,12,0
15,15,0,1,0,0,3,0,0,2,0,1,1,0,2,1,0,6,6,5,1
7,20,4,0,1,0,3,0,0,0,1,1,1,0,0,1,0,6,3,6,0
2,18,4,1,1,0,3,0,0,16,1,1,1,0,0,1,0,2,4,4,0
13,15,0,1,1,4,3,3,0,8,1,1,1,7,2,1,0,6,5,11,1
0,15,4,1,0,0,3,0,0,2,1,1,1,0,0,0,5,0,0,0,1
13,18,0,0,1,0,3,0,0,0,1,1,1,0,2,1,0,6,7,12,1
1,15,4,1,1,4,3,1,0,16,1,1,1,0,0,1,0,6,5,11,1
5,20,4,1,1,4,3,0,1,0,1,1,1,7,0,1,0,6,4,8,1
13,21,0,1,1,0,3,0,0,0,1,1,1,0,2,3,1,6,0,13,0
9,14,0,0,1,0,3,1,0,0,1,1,1,0,0,0,5,0,0,5,0
14,20,4,1,1,0,3,0,0,14,1,1,1,0,2,1,0,6,4,10,1
4,20,0,1,1,0,3,0,0,0,1,1,1,1,0,2,0,9,8,11,1
7,20,4,1,1,0,3,0,0,5,1,1,1,0,0,0,5,0,0,0,1
6,19,4,0,1,4,3,0,1,14,1,1,1,0,0,1,0,6,0,13,0
10,18,4,0,1,0,3,0,0,0,1,1,1,2,0,1,0,6,7,14,1
14,15,4,0,1,4,3,0,1,0,1,1,1,5,2,1,0,5,2,14,0
5,20,4,1,1,0,3,0,0,2,1,1,1,1,0,1,2,5,0,3,1
11,16,0,0,1,0,3,1,0,1,1,1,1,0,2,1,0,6,1,10,0
6,19,4,1,1,3,3,0,1,2,1,1,1,5,0,0,5,0,0,0,1
7,15,4,1,1,4,3,0,1,10,1,1,1,0,0,1,0,6,8,10,1
12,18,2,1,1,0,3,1,0,1,1,1,1,0,2,1,5,0,0,2,1
15,20,0,1,1,0,3,1,0,1,1,1,1,0,2,1,0,5,5,12,1
7,20,4,1,1,0,3,0,0,0,1,1,1,5,0,1,0,6,2,12,1
12,18,0,0,1,0,3,3,0,1,1,1,1,0,2,1,0,6,8,10,1
8,18,4,0,1,3,3,0,1,2,1,1,1,7,0,1,0,3,1,8,1
9,16,4,1,1,4,3,0,1,11,1,1,1,0,0,1,5,3,0,3,0
15,19,0,1,1,0,3,0,0,0,1,1,1,0,2,2,0,6,8,10,0
10,20,0,1,1,0,3,0,0,15,1,1,1,0,0,3,5,9,0,0,0
3,15,4,1,1,0,3,1,0,2,1,1,1,0,0,1,0,4,6,5,1
11,23,0,0,1,4,3,0,1,0,1,1,1,5,2,1,0,6,7,14,0
4,15,2,1,1,0,3,1,0,2,1,1,1,7,0,1,5,4,0,7,1
2,15,4,1,1,0,3,0,0,11,1,1,1,7,0,1,2,1,0,2,0
2,18,4,0,1,0,3,0,0,2,1,1,1,7,0,5,5,9,0,2,1
10,17,0,1,1,0,3,1,0,0,1,1,1,0,0,1,0,4,8,9,1
3,17,4,1,1,0,3,0,0,2,1,1,1,2,0,1,0,6,5,3,1
11,18,4,0,1,0,3,1,0,2,1,1,1,8,2,0,5,0,0,0,1
14,21,4,0,1,0,3,3,0,9,1,1,1,0,2,1,0,6,11,14,1
0,15,4,0,0,0,3,1,0,2,1,1,1,0,0,1,0,4,4,4,1
7,15,0,1,1,0,3,0,0,1,1,1,1,0,0,1,0,6,6,8,0
1,15,4,1,1,0,3,0,0,2,1,1,1,0,0,1,0,2,5,3,1
15,21,0,1,1,0,3,0,0,1,1,1,1,5,2,1,0,6,2,14,1
3,17,0,0,1,0,3,0,0,8,1,1,1,0,0,1,0,1,4,1,1
10,19,4,0,1,0,3,0,0,2,1,1,1,0,0,1,2,0,0,0,1
10,15,0,0,1,0,3,0,0,1,1,1,1,7,0,1,0,4,10,1,1
12,11,4,0,0,0,3,1,0,12,0,1,1,0,2,1,0,6,8,10,1
11,22,4,0,1,0,3,0,0,2,1,1,1,8,2,1,0,7,0,0,1
10,20,4,0,1,0,3,1,0,10,1,1,1,0,0,1,0,8,8,13,1
7,20,4,1,1,0,3,0,0,0,1,1,1,0,0,1,0,7,5,14,1
3,20,4,1,1,0,3,0,0,2,1,1,1,0,0,3,0,1,4,2,1
10,7,4,0,0,0,3,0,0,2,1,0,0,7,0,2,2,0,0,2,1
13,0,4,0,1,4,3,0,1,2,1,1,1,7,2,6,0,2,5,6,1
15,18,4,0,1,0,3,0,0,0,1,1,1,0,2,1,2,8,0,14,1
4,19,4,0,1,0,3,1,0,2,1,1,1,5,0,2,5,1,0,1,1
11,20,4,0,1,4,3,0,1,14,1,1,1,0,2,1,0,9,4,12,1
9,20,0,1,1,0,3,1,0,2,1,1,1,0,0,1,5,0,0,0,1
1,18,4,1,1,0,3,1,0,2,1,1,1,0,0,1,0,1,2,4,1
11,20,0,1,1,0,3,0,0,1,1,1,1,0,2,1,0,3,10,11,1
0,19,4,0,1,0,3,0,0,2,1,1,1,0,0,1,0,1,0,1,1
1,10,4,1,1,0,3,3,0,7,1,1,1,0,0,5,3,3,1,1,1
3,15,4,1,1,0,3,0,0,5,1,1,1,7,0,1,0,6,6,6,1
12,20,0,1,1,4,3,0,1,1,1,1,1,0,2,0,5,0,0,0,1
3,12,0,0,1,0,3,0,0,1,1,1,1,7,0,0,5,0,0,4,1
0,15,4,0,1,0,3,0,0,2,1,1,1,7,0,0,5,0,0,0,1
12,18,4,1,1,0,3,3,0,12,1,1,1,0,2,1,5,0,0,2,1
13,15,4,0,1,4,3,0,1,4,1,1,1,7,2,1,0,5,6,7,1
7,20,4,1,1,0,3,0,0,0,1,1,1,7,0,1,1,9,0,11,1
12,23,4,0,1,0,3,1,0,0,1,1,1,0,2,7,0,6,11,10,1
6,15,4,0,1,3,3,0,1,12,1,1,1,0,0,0,5,0,0,0,1
13,15,4,0,1,0,3,0,0,2,1,1,1,0,2,1,0,8,3,12,1
4,18,4,1,1,0,3,0,0,0,1,1,1,1,0,1,2,0,0,2,1
11,14,4,0,1,0,3,0,0,12,1,1,1,7,2,0,5,0,0,0,1
13,18,0,1,1,0,3,1,0,1,1,1,1,1,2,1,5,0,0,0,1
4,18,0,0,1,0,3,0,0,2,1,1,1,7,0,1,0,3,5,7,1
6,17,0,1,1,0,3,0,0,1,1,1,1,0,0,1,0,6,8,7,1
9,19,4,1,1,0,3,1,0,2,1,1,1,0,0,1,0,1,2,5,1
6,18,4,0,1,0,3,3,0,4,1,1,1,0,0,2,0,1,8,7,1
14,15,0,1,1,3,3,1,1,1,1,1,1,0,2,1,0,8,3,12,1
15,18,0,1,1,4,3,0,1,1,1,1,1,0,2,1,0,6,6,13,1
14,15,0,1,1,0,1,0,0,0,1,1,1,0,2,5,5,0,0,2,1
9,21,4,1,1,0,3,0,0,0,1,1,1,5,0,1,1,8,0,13,1
0,18,4,1,1,0,3,1,0,2,1,1,1,0,0,6,0,2,7,8,1
0,15,4,0,1,0,3,1,0,2,1,1,1,0,0,1,0,6,3,2,1
9,20,0,1,1,0,3,0,0,0,1,1,1,0,0,1,0,8,4,12,1
10,20,2,1,1,0,3,1,0,12,1,1,1,0,0,1,0,9,4,14,1
8,15,4,0,0,0,3,0,0,5,1,1,0,0,0,0,5,0,0,4,1
1,18,4,0,1,0,3,0,0,9,1,1,1,0,0,1,0,6,6,8,1
9,14,4,1,1,0,3,1,0,12,1,1,1,8,0,1,0,6,1,6,0
1,17,4,1,1,0,3,1,0,0,1,1,1,8,0,1,5,1,0,1,1
14,15,0,0,1,0,3,0,0,8,1,1,1,0,2,1,0,2,0,3,0
3,18,4,1,1,0,3,0,0,11,1,1,1,0,0,1,0,6,4,3,1
7,15,0,0,1,4,3,0,1,0,1,1,1,0,0,1,0,9,2,10,0
14,20,0,0,1,3,3,0,1,1,1,1,1,7,2,6,2,0,0,0,1
11,20,4,0,1,3,3,0,1,11,1,1,1,5,2,1,0,6,3,14,1
13,22,4,1,1,0,3,0,0,0,1,1,1,7,2,1,0,1,9,11,0
15,18,0,0,1,0,3,3,0,0,1,1,1,0,2,1,0,6,2,9,1
0,18,4,1,1,0,3,0,0,2,1,1,1,0,0,1,0,6,7,8,1
4,20,4,0,1,0,3,1,0,2,1,1,1,8,0,1,0,6,1,11,1
3,18,1,1,1,3,1,1,1,1,1,1,1,7,1,5,3,9,9,2,1
7,16,4,0,1,0,3,0,0,2,1,1,1,0,0,1,0,6,1,4,1
10,20,0,0,1,4,3,1,1,0,1,1,1,0,0,1,0,3,5,6,0
11,21,0,1,1,0,3,0,0,1,1,1,1,0,2,2,0,6,8,11,1
13,19,0,1,1,4,3,0,1,8,1,1,1,0,2,5,0,6,6,7,1
1,18,4,1,1,0,3,0,0,2,1,1,1,7,0,1,1,6,0,9,1
8,21,4,0,1,4,3,0,1,5,1,1,1,5,0,2,0,6,4,12,1
3,12,4,0,0,0,3,0,0,0,1,1,0,0,0,0,5,0,0,4,1
5,14,0,0,1,4,3,1,1,0,1,1,1,8,0,1,0,5,7,5,1
8,19,4,1,1,0,3,0,0,0,1,1,1,0,0,2,0,6,8,7,0
14,17,2,1,1,0,3,1,0,0,1,1,1,0,2,1,0,6,4,11,1
6,15,4,0,1,0,3,1,0,7,1,1,1,0,0,1,5,0,0,0,1
6,15,4,0,1,0,3,3,0,7,1,1,1,0,0,0,5,0,0,0,1
11,14,0,0,1,4,3,0,1,0,1,1,1,0,2,1,0,6,5,8,1
8,16,4,0,1,0,3,0,0,0,1,1,1,7,0,1,0,6,6,7,0
6,20,4,0,1,0,3,0,0,0,1,1,1,5,0,1,0,6,3,14,0
11,20,0,1,1,3,3,3,1,1,1,1,1,5,2,1,0,6,8,14,1
9,14,0,1,1,4,3,0,1,0,1,1,1,0,0,4,0,6,5,12,1
12,20,0,0,1,3,3,0,1,0,1,1,1,5,2,1,0,7,10,10,1
15,18,0,0,1,3,3,0,1,0,1,1,1,0,2,1,0,6,4,13,1
10,18,4,0,1,0,3,0,0,0,1,1,1,0,0,1,0,6,2,10,1
8,14,0,1,1,4,3,0,1,0,1,1,1,7,0,1,0,2,2,7,1
5,18,4,1,1,0,3,1,0,11,1,1,1,0,0,1,0,6,4,3,0
13,18,4,0,1,0,3,1,0,2,1,1,1,0,2,1,0,6,4,9,1
4,18,4,0,1,0,3,0,0,2,1,1,1,1,0,1,0,6,3,11,1
8,15,4,0,1,0,3,0,0,12,1,1,1,0,0,1,0,6,6,8,0
9,20,4,0,1,2,3,1,0,0,1,1,1,5,0,1,0,5,3,14,1
13,15,0,1,1,0,3,1,0,0,1,1,1,0,2,1,0,6,10,11,1
9,20,4,0,1,0,3,0,0,9,1,1,1,5,0,1,0,6,11,8,1
5,15,4,0,1,0,3,0,0,0,1,1,1,7,0,1,0,6,4,12,1
10,20,4,1,1,0,3,3,0,14,1,1,1,0,0,1,0,6,8,10,1
4,19,4,0,1,0,3,1,0,2,1,1,1,0,0,3,0,4,4,5,1
8,20,0,0,1,0,1,0,0,0,1,1,1,0,0,1,0,9,7,13,1
0,18,4,0,1,4,3,0,1,7,1,1,1,7,0,1,0,6,6,6,1
9,20,4,0,1,0,3,1,0,2,1,1,1,0,0,1,0,4,6,9,1
10,17,0,0,1,0,3,3,0,8,1,1,1,0,0,1,0,6,6,11,1
6,19,4,0,1,0,3,0,0,2,1,1,1,0,0,2,0,6,11,11,1
9,13,4,0,1,0,3,3,1,9,1,1,1,0,0,1,0,6,4,7,0
7,20,4,0,1,0,3,0,0,2,1,1,1,0,0,7,1,6,0,2,1
9,18,0,0,1,0,3,2,0,1,1,1,1,0,0,1,5,0,0,0,1
9,18,4,1,1,0,3,0,0,2,1,1,1,7,0,3,0,2,3,6,1
8,19,4,0,1,0,3,1,0,7,1,1,1,0,0,1,0,6,11,5,1
2,19,4,1,1,0,3,1,0,2,1,1,1,0,0,0,5,0,0,0,1
4,21,0,1,1,0,3,0,0,0,1,1,1,0,0,1,0,6,4,7,0
7,18,4,0,1,0,3,0,0,2,1,1,1,5,0,1,0,6,1,10,1
10,18,4,0,1,0,3,3,0,0,1,1,1,0,0,3,0,6,2,8,1
14,18,0,1,1,0,3,3,0,1,1,1,1,8,2,1,0,6,6,9,0
11,21,0,0,1,0,1,1,0,1,1,1,1,0,2,4,0,6,10,14,1
6,17,0,0,0,0,3,0,0,0,1,0,1,0,0,1,0,9,6,11,1
8,20,4,0,1,0,3,1,0,0,1,1,1,0,0,4,0,6,1,11,1
3,18,4,0,1,0,3,1,0,2,1,1,1,8,0,1,0,2,1,8,1
4,20,0,1,1,0,3,0,0,0,1,1,1,0,0,1,0,6,2,5,1
14,7,0,1,1,0,2,0,0,2,1,1,1,7,2,6,0,2,3,7,1
15,19,0,0,1,0,3,0,0,1,1,1,1,0,2,4,2,6,0,3,1
3,15,4,0,1,0,3,0,0,15,1,1,1,0,0,1,5,5,0,2,0
8,18,0,1,0,0,3,2,0,1,1,1,1,0,0,1,5,0,0,1,0
0,15,4,0,1,3,3,0,1,16,1,1,1,5,0,1,5,0,0,0,0
9,18,4,0,1,0,3,0,0,2,1,1,1,0,0,1,0,6,1,9,1
14,20,4,0,1,4,3,0,1,0,1,1,1,5,2,1,0,6,8,7,1
15,19,0,1,1,3,3,0,1,2,1,1,1,5,2,0,5,0,0,0,1
11,20,0,0,1,0,3,3,0,1,1,1,1,0,2,2,0,6,1,11,1
12,20,4,0,1,0,3,3,0,2,1,1,1,7,2,1,0,6,5,6,1
0,15,4,1,1,0,3,1,0,2,1,1,1,0,0,9,2,0,0,0,1
15,18,0,0,1,0,3,0,1,9,1,1,1,1,2,6,0,1,0,2,1
8,18,4,0,1,0,3,0,0,5,1,1,1,5,0,1,0,6,4,8,1
10,18,0,0,1,3,3,0,1,0,1,1,1,7,0,1,0,6,4,9,1
13,17,4,0,1,0,3,0,0,15,1,1,1,1,2,4,5,0,0,1,0
3,15,4,0,1,0,3,0,0,0,1,1,1,0,0,6,0,5,9,2,0
1,18,4,1,1,0,3,0,0,16,1,1,1,5,0,1,5,1,0,1,1
0,15,4,0,1,0,3,0,0,2,1,1,1,0,0,0,5,0,0,0,1
8,15,0,0,1,0,3,0,0,8,1,1,1,7,0,1,0,6,6,5,0
2,15,4,0,1,4,3,0,1,9,1,1,1,7,0,0,5,0,0,0,0
6,18,4,1,1,0,3,0,0,2,1,1,1,7,0,0,5,0,0,0,1
1,18,4,1,1,0,3,0,0,12,1,1,1,0,0,1,0,2,2,3,0
6,15,4,0,1,0,3,1,0,7,1,1,1,0,0,1,0,6,3,9,1
12,18,4,0,1,0,3,0,0,2,1,1,1,5,2,1,0,2,3,2,1
15,20,0,0,1,0,3,0,0,1,1,1,1,5,2,1,0,6,11,12,1
11,20,4,1,1,0,3,0,0,2,1,1,1,0,2,3,0,6,6,13,1
11,17,0,1,1,0,3,3,0,1,1,1,1,0,2,1,0,4,1,6,0
11,10,2,0,1,4,3,0,1,0,1,1,1,0,2,4,0,8,3,11,0
1,12,1,0,1,4,3,0,0,14,1,1,1,1,0,1,0,9,2,9,1
14,15,4,1,1,0,3,0,0,5,1,1,1,7,2,1,0,6,3,8,1
5,19,4,1,1,0,3,1,0,2,1,1,1,8,0,1,5,6,0,2,1
12,17,0,1,1,0,3,0,0,9,1,1,1,0,2,1,0,6,6,10,1
3,15,4,1,1,0,3,0,0,14,1,1,1,7,0,1,0,6,8,7,1
14,15,0,0,1,0,3,0,0,0,1,1,1,7,2,6,0,8,10,9,1
2,18,4,1,1,0,3,0,0,11,1,1,1,0,0,1,5,2,0,2,0
3,19,4,1,1,0,3,3,0,2,1,1,1,0,0,1,0,6,2,8,1
8,18,4,0,1,0,3,0,0,11,1,1,1,7,0,1,0,6,8,13,0
1,18,4,0,1,0,3,0,0,16,1,1,1,0,0,0,5,0,0,0,1
4,21,4,1,1,0,3,0,0,0,1,1,1,5,0,2,0,2,6,3,0
4,18,4,1,1,0,3,0,0,2,1,1,1,0,0,1,2,6,0,2,0
7,15,4,1,1,0,3,0,0,2,1,1,1,0,0,1,0,4,2,5,1
7,15,4,1,1,0,3,1,0,7,1,1,1,0,0,9,2,0,0,0,1
10,15,2,0,1,0,3,0,0,12,1,1,1,0,0,1,0,9,4,14,1
9,19,4,0,1,0,3,0,0,14,1,1,1,0,0,1,0,6,6,7,1
15,20,0,1,1,0,3,0,0,1,1,1,1,0,2,3,0,3,2,5,1
7,22,4,1,1,0,3,0,0,7,1,1,1,0,0,2,0,6,6,10,1
4,15,4,0,1,0,3,0,0,2,1,1,1,0,0,1,0,4,6,8,1
1,15,4,1,1,0,3,3,0,2,1,1,1,0,0,0,5,0,0,0,1
0,18,4,0,1,0,3,0,0,16,1,1,1,0,0,1,5,2,0,3,0
6,15,4,0,1,0,3,3,0,2,1,1,1,0,0,1,0,6,8,6,1
11,11,4,1,0,0,3,0,0,11,1,1,0,0,2,1,0,3,3,6,1
6,18,4,1,1,4,3,0,1,0,1,1,1,7,0,0,5,0,0,0,1
6,20,4,0,1,0,3,1,0,0,1,1,1,8,0,1,5,0,0,0,0
7,15,0,1,1,4,3,0,0,8,1,1,1,7,0,1,0,6,5,11,1
12,13,4,0,0,0,3,3,0,3,1,1,1,0,2,1,0,9,4,13,1
6,20,0,0,1,0,3,0,0,0,1,1,1,7,0,1,0,6,5,12,0
9,18,4,0,1,0,3,0,0,12,1,1,1,1,0,1,0,9,3,9,1
0,18,4,0,1,0,3,3,0,16,1,1,1,0,0,1,1,3,0,2,1
14,19,4,0,1,0,3,1,0,9,1,1,1,4,0,1,5,5,0,4,0
11,15,0,1,1,4,3,0,1,1,1,1,1,7,2,1,0,6,3,6,1
4,18,4,0,1,0,3,0,0,0,1,1,1,0,0,1,2,2,0,1,0
15,16,0,0,1,0,3,0,0,1,1,1,1,0,2,1,0,6,2,13,1
5,20,4,0,1,0,3,3,0,11,1,1,1,0,0,1,0,4,10,6,0
14,20,0,1,1,0,3,1,0,1,1,1,1,0,2,1,0,6,10,10,1
0,17,4,1,1,4,3,0,1,0,1,1,1,1,0,0,5,0,0,0,0
5,18,4,1,1,0,3,0,0,12,1,1,1,0,0,1,0,6,1,6,1
12,15,4,0,1,4,3,0,1,0,1,1,1,0,2,1,0,6,6,10,1
4,20,4,0,1,0,3,0,0,2,1,1,1,0,0,1,0,3,10,5,1
5,15,4,1,0,0,3,1,0,2,1,1,0,0,0,1,5,0,0,2,1
13,21,0,1,1,0,3,1,0,0,1,1,1,5,2,4,0,8,2,14,1
15,18,4,0,1,0,3,2,0,10,1,1,1,0,2,1,0,9,1,4,0
7,20,4,1,1,0,3,3,0,2,1,1,1,0,0,1,0,6,10,13,0
0,17,4,0,1,0,3,0,0,0,1,1,1,0,0,3,0,1,6,2,1
5,17,3,0,1,0,3,3,0,0,1,1,1,0,2,0,5,0,0,6,1
7,19,0,0,1,0,3,3,0,0,1,1,1,0,0,1,0,8,3,13,1
12,15,4,0,1,0,3,0,0,16,1,1,1,5,0,1,1,4,0,1,1
9,20,0,0,1,0,3,1,0,1,1,1,1,0,0,2,0,7,11,12,0
14,21,0,0,1,0,3,2,0,1,1,1,1,0,2,6,0,2,3,2,0
2,15,4,0,1,0,3,0,0,2,1,1,1,7,0,0,5,0,0,0,1
3,18,4,0,1,0,3,1,0,2,1,1,1,7,0,1,0,3,4,4,1
3,20,4,0,1,0,3,1,0,0,1,1,1,5,0,1,0,1,3,2,0
2,20,4,1,1,0,3,3,0,11,1,1,1,1,0,4,5,1,0,3,0
2,18,4,1,1,0,3,0,0,0,1,1,1,0,0,1,0,4,4,5,1
1,15,4,1,1,0,3,3,0,2,1,1,1,0,0,0,5,0,0,0,1
2,18,4,1,1,0,3,0,0,2,1,1,1,0,0,1,0,2,6,2,1
9,20,4,1,1,0,3,0,0,9,1,1,1,0,0,1,0,6,2,10,1
7,20,4,0,1,0,3,1,0,2,1,1,1,0,0,6,5,1,0,1,1
4,18,0,1,0,0,3,0,0,2,1,1,1,0,0,1,2,0,0,0,0
8,19,4,0,1,0,3,3,0,2,1,1,1,0,0,1,0,8,11,8,1
14,20,2,0,0,0,3,1,0,0,1,1,1,0,2,1,0,7,2,13,1
15,20,0,0,1,4,3,0,1,0,1,1,1,5,2,1,0,6,8,14,1
13,21,0,1,1,3,3,0,1,0,1,1,1,5,2,1,0,6,6,10,0
14,20,4,1,1,0,3,0,0,0,1,1,1,1,2,2,0,3,11,14,1
4,15,0,0,0,4,3,0,1,9,1,1,1,2,0,1,0,9,4,5,1
12,18,4,0,1,0,3,0,0,0,1,1,1,0,2,1,0,6,3,13,1
10,15,0,0,1,4,3,0,1,8,1,1,1,7,0,1,0,6,5,8,1
7,18,4,1,1,0,3,1,0,7,1,0,1,0,0,6,0,6,11,11,1
10,20,0,1,1,4,3,0,1,1,1,1,1,0,0,1,0,6,4,12,1
9,13,4,0,1,0,3,1,0,2,1,1,1,0,0,1,2,0,0,0,1
0,15,4,0,1,0,3,0,0,2,1,1,1,7,0,1,5,1,0,2,1
13,17,0,0,1,3,3,0,1,0,1,1,1,5,2,1,0,6,1,11,1
6,18,4,1,1,0,3,0,0,2,1,1,1,7,0,0,5,0,0,0,1
6,14,4,0,0,0,3,1,0,0,1,1,0,8,0,1,0,2,4,5,1
8,20,4,1,1,0,3,1,0,0,1,1,1,8,0,1,0,6,8,12,0
6,20,4,0,1,0,3,1,0,12,1,1,1,0,0,1,0,7,4,9,1
10,15,0,1,1,0,3,0,0,1,1,1,1,0,0,1,0,6,8,8,1
8,20,4,1,1,0,3,1,0,0,1,1,1,0,0,3,0,1,8,5,1
10,20,0,0,1,0,3,0,0,0,1,1,1,0,0,1,0,6,8,14,1
1,15,4,1,1,0,3,0,0,9,1,1,1,0,0,9,2,3,0,0,1
13,8,0,1,1,4,3,0,1,0,1,1,1,7,2,1,1,1,0,1,1
0,18,4,1,1,0,3,3,0,2,1,1,1,7,0,1,0,2,3,4,1
1,18,4,0,1,0,3,0,0,2,1,1,1,5,0,0,5,0,0,0,1
11,20,4,1,1,3,3,0,1,0,1,1,1,0,2,1,0,6,2,13,1
1,15,4,0,1,0,3,0,0,2,1,1,1,0,0,1,0,6,3,5,1
8,18,4,0,0,0,3,1,0,2,1,1,1,0,0,1,0,4,4,5,0
7,6,4,0,1,4,3,0,1,7,1,1,1,8,0,1,0,6,8,4,1
2,15,4,0,1,0,3,0,0,2,1,1,1,7,0,1,0,6,10,4,1
0,15,4,1,1,0,3,0,0,16,1,1,1,7,0,1,5,2,0,2,0
11,17,4,0,1,0,3,3,0,0,1,1,1,0,2,1,5,4,0,2,0
13,15,4,1,1,0,3,0,0,9,1,1,1,8,2,1,0,1,11,3,1
4,20,2,1,1,0,3,3,0,0,1,1,1,0,0,1,0,6,2,11,0
10,12,4,0,1,0,3,0,0,2,1,1,1,0,0,1,2,0,0,4,1
8,0,4,0,1,0,3,0,0,0,1,1,1,7,0,1,1,6,0,11,1
9,15,4,1,1,0,3,3,0,5,1,1,1,7,0,1,0,5,3,6,1
10,18,0,1,1,0,3,1,0,0,1,1,1,0,0,1,0,7,2,10,0
7,18,4,0,1,0,3,1,0,2,1,1,1,0,0,1,0,7,10,10,1
12,21,4,0,1,0,3,0,0,0,1,1,1,1,2,2,0,6,6,9,0
13,15,0,0,1,3,3,1,1,2,1,1,1,0,2,1,0,1,9,2,1
0,15,4,1,1,0,3,0,0,2,1,1,1,0,0,1,0,1,4,2,0
11,18,4,0,1,0,3,0,0,12,1,1,1,2,2,1,0,6,6,6,1
9,18,4,1,1,4,3,3,1,0,1,1,1,0,0,1,0,4,3,6,1
13,20,4,1,1,3,3,0,1,2,1,1,1,5,2,1,0,6,11,3,1
7,18,4,1,1,0,3,0,0,0,1,1,1,1,0,2,0,1,6,3,1
15,22,0,1,1,0,3,0,0,1,1,1,1,0,2,1,0,7,8,14,1
3,15,4,0,1,0,3,0,0,2,1,1,1,7,0,1,0,5,5,6,1
14,15,0,1,1,0,3,0,0,0,1,1,1,7,2,1,0,6,8,11,1
2,18,4,0,1,0,3,0,0,2,1,1,1,0,0,1,0,2,1,4,1
2,18,4,0,1,0,3,1,0,2,1,1,1,0,0,3,0,2,3,2,1
5,12,0,0,1,0,3,0,0,7,1,1,1,8,0,1,5,0,0,0,1
1,17,0,0,1,0,3,0,0,1,1,1,1,5,0,1,5,0,0,0,1
6,15,4,0,1,0,3,0,0,11,1,1,1,0,0,0,5,0,0,0,1
0,15,4,0,1,0,3,1,0,16,1,1,1,0,0,0,5,0,0,0,0
5,19,4,0,1,0,3,0,0,2,1,1,1,0,0,2,0,9,3,12,1
3,18,4,1,1,0,3,0,0,2,1,1,1,0,0,0,5,0,0,0,1
7,15,4,0,1,0,3,0,0,2,1,1,1,7,0,1,0,6,2,10,1
9,20,4,1,1,0,3,0,0,0,1,1,1,1,0,3,0,3,3,9,0
7,20,4,1,1,0,3,3,0,11,1,1,1,0,0,1,0,6,10,5,0
3,21,0,0,1,0,3,3,0,1,1,1,1,0,0,1,0,9,4,14,1
3,18,4,0,0,0,3,0,0,2,1,1,0,7,0,0,5,0,0,0,1
2,15,4,1,1,0,3,0,0,2,1,1,1,7,0,1,0,3,2,4,1
3,18,4,0,1,0,3,3,0,0,1,1,1,0,0,1,1,1,0,1,0
13,16,4,0,1,0,3,0,0,15,1,1,1,7,2,1,5,6,0,2,0
15,20,0,1,1,0,3,1,0,1,1,1,1,0,2,3,0,4,0,6,0
3,15,4,1,1,0,3,3,0,2,1,1,1,7,0,1,0,6,4,5,1
15,18,0,0,1,0,3,0,0,1,1,1,1,0,2,1,0,6,1,6,1
9,15,4,0,1,0,3,0,0,2,1,1,1,1,0,0,5,0,0,3,1
14,22,0,1,1,3,3,0,1,1,1,1,1,0,2,1,0,7,8,11,1
2,18,4,1,1,0,3,0,0,11,1,1,1,5,0,1,0,6,3,11,1
4,20,4,1,1,3,3,0,1,2,1,1,1,7,0,3,0,3,6,6,1
2,18,4,1,1,0,3,0,0,2,1,1,1,0,0,1,0,5,4,6,1
2,18,4,1,1,0,3,1,0,11,1,1,1,8,0,1,0,5,10,5,1
9,21,0,1,1,0,3,0,0,1,1,1,1,5,0,1,5,0,0,0,0
8,15,4,0,1,0,1,0,0,0,1,1,1,0,0,5,2,0,0,5,0
3,15,4,1,1,0,3,1,0,2,1,1,1,0,0,0,5,0,0,0,0
1,18,4,0,1,0,3,3,0,16,1,1,1,5,0,0,5,0,0,0,0
10,20,0,1,1,0,3,0,0,1,1,1,1,0,0,1,0,8,10,10,1
6,18,4,1,1,0,3,0,0,2,1,1,1,7,0,3,0,6,5,7,1
4,15,4,1,1,0,3,0,0,0,1,1,1,0,0,1,0,9,10,8,0
13,20,0,1,1,3,3,0,1,0,1,1,1,5,2,2,5,0,0,0,0
15,15,0,1,1,0,3,0,0,2,1,1,1,0,2,1,0,6,11,6,1
14,15,4,1,1,3,3,0,1,2,1,1,1,0,2,1,0,5,5,7,1
0,15,4,0,1,0,3,0,0,16,1,1,1,0,0,1,0,3,5,6,1
5,23,0,1,1,0,3,0,0,1,1,1,1,5,0,1,0,6,5,14,0
12,14,0,0,1,0,3,0,0,2,1,1,1,7,2,1,0,6,10,8,1
13,18,4,1,1,0,3,1,0,2,1,1,1,0,2,1,0,6,3,6,1
1,12,4,0,1,0,3,0,0,7,1,1,1,2,0,1,2,0,0,0,1
12,13,0,0,1,0,3,0,0,15,1,1,1,7,2,1,5,0,0,0,1
15,9,0,0,1,0,0,1,1,7,1,1,1,1,2,5,3,1,1,6,0
1,15,2,1,1,0,3,3,0,7,1,1,1,0,0,1,5,2,0,5,0
10,15,0,0,1,0,3,3,0,1,1,1,1,7,0,1,0,6,8,11,1
2,19,4,1,1,3,3,0,1,2,1,1,1,7,0,0,5,0,0,0,1
4,20,4,1,1,0,3,3,0,2,1,1,1,0,0,1,0,8,0,6,0
11,19,4,0,1,0,3,0,0,0,1,1,1,5,2,1,0,6,3,12,1
10,15,4,0,1,0,3,0,0,2,1,1,1,0,0,1,5,0,0,0,1
9,20,4,1,1,2,3,3,0,2,1,1,1,3,0,4,0,4,3,6,1
1,15,4,1,1,0,3,0,0,16,1,1,1,0,0,0,5,0,0,0,1
15,22,0,1,1,0,3,1,0,0,1,1,1,0,2,1,0,7,6,11,1
4,15,4,1,1,0,3,1,0,16,1,1,1,0,0,1,0,6,2,7,0
9,20,4,1,1,0,3,0,0,11,1,1,1,5,0,4,0,6,4,11,1
5,20,4,0,1,0,3,3,0,5,1,1,1,7,0,1,2,6,0,4,1
2,15,4,0,1,0,0,3,0,16,1,1,1,0,0,5,3,9,1,7,0
7,20,4,0,1,0,3,0,0,2,1,1,1,1,0,1,0,6,2,9,1
11,21,0,1,1,0,3,0,0,0,1,1,1,5,2,1,0,6,3,13,1
5,18,4,1,1,0,3,0,0,2,1,1,1,0,0,1,0,6,3,8,1
3,18,4,1,1,3,3,0,1,2,1,1,1,5,0,0,5,0,0,0,1
8,20,4,0,1,4,3,0,1,0,1,1,1,5,0,1,0,7,7,9,0
14,20,0,0,1,0,3,1,0,0,1,1,1,0,2,2,0,6,2,13,0
8,20,4,1,1,0,3,0,0,2,1,1,1,0,0,1,0,2,3,2,1
10,8,0,0,1,0,1,3,0,16,1,1,1,0,0,1,5,0,0,3,1
12,19,4,1,1,0,3,0,0,2,1,1,1,0,2,0,5,0,0,3,1
5,15,3,0,1,0,3,3,0,9,1,1,1,0,0,1,0,6,10,9,1
0,18,4,0,1,0,3,0,0,11,1,1,1,0,0,1,0,1,3,2,1
3,15,4,1,1,0,3,0,0,2,1,1,1,7,0,1,0,6,8,5,1
15,22,0,1,1,0,3,0,0,15,1,1,1,1,2,0,5,0,0,0,0
15,21,0,0,1,0,3,3,0,0,1,1,1,0,2,1,0,8,8,14,1
6,20,4,1,1,0,3,0,0,11,1,1,1,0,0,1,5,6,0,7,1
7,15,4,1,1,0,3,0,0,5,1,1,1,7,0,1,0,6,6,6,1
10,20,0,0,1,0,3,1,0,0,1,1,1,0,0,1,0,3,6,4,0
11,17,4,0,1,2,3,1,0,2,1,1,1,8,2,1,5,0,0,0,1
10,19,4,0,1,3,3,0,1,2,1,1,1,0,0,4,0,6,8,10,1
4,18,4,0,0,0,3,0,0,0,1,1,0,0,0,1,5,1,0,1,1
14,15,0,0,1,0,3,0,0,1,1,1,1,7,2,1,0,6,8,10,1
7,22,4,1,1,0,3,0,0,7,1,1,1,0,0,1,0,6,3,10,1
3,20,4,1,1,0,3,0,0,2,1,1,1,7,0,1,0,3,4,8,0
14,20,0,1,1,0,3,0,0,1,1,1,1,1,2,3,0,3,2,4,1
7,18,4,0,1,0,3,3,0,11,1,1,1,0,0,1,0,6,11,5,1
4,13,4,0,1,0,3,0,0,15,1,1,1,1,0,1,2,6,0,9,0
10,19,4,1,1,3,3,0,1,2,1,1,1,7,0,1,0,4,3,5,1
4,15,4,0,1,0,3,0,0,3,1,1,1,1,0,6,0,4,2,6,1
2,15,4,0,1,0,0,0,0,16,1,1,1,1,0,5,3,9,1,6,0
3,20,4,1,1,0,3,1,0,2,1,1,1,5,0,2,0,1,4,2,1
13,12,2,0,1,4,3,0,1,0,1,1,1,0,2,1,0,6,0,9,1
12,21,4,0,1,4,3,0,1,11,1,1,1,5,2,1,0,6,8,14,0
11,20,4,0,1,0,3,1,0,12,1,1,1,0,2,1,0,3,6,14,1
6,20,4,1,1,0,3,0,0,12,1,1,1,0,0,1,0,6,0,9,0
2,19,4,0,1,0,3,0,0,2,1,1,1,0,0,1,0,7,6,7,1
8,19,4,0,1,0,3,0,0,0,1,1,1,0,0,1,0,4,6,7,1
11,20,0,1,1,0,3,0,0,0,1,1,1,5,2,0,5,0,0,0,0
6,20,4,1,1,0,3,0,0,14,1,1,1,1,0,1,0,6,8,12,1
11,18,4,0,1,0,3,3,0,0,1,1,1,0,2,1,0,6,4,6,1
4,20,4,1,1,3,3,0,1,2,1,1,1,5,0,1,2,2,0,4,1
1,14,4,0,0,0,3,1,0,16,1,1,0,0,0,0,5,0,0,5,0
4,13,4,1,0,0,3,0,0,0,1,1,1,0,2,1,5,0,0,6,1
4,17,4,1,1,0,3,3,0,11,1,1,1,1,0,1,0,8,2,11,0
13,20,4,0,1,0,3,0,0,0,1,1,1,0,2,1,0,9,10,14,1
12,20,4,1,1,2,3,1,0,0,1,1,1,8,2,1,0,6,3,12,0
9,15,4,1,1,0,3,0,0,12,1,1,1,7,0,0,5,0,0,0,1
5,18,4,0,1,0,3,0,0,11,1,1,1,0,0,1,0,6,1,5,0
6,20,4,0,1,0,3,0,0,12,1,1,1,5,0,1,0,2,2,6,1
14,20,4,0,1,0,3,1,0,0,1,1,1,0,2,1,0,6,2,11,1
1,18,4,0,1,3,3,0,1,2,1,1,1,5,0,0,5,0,0,0,1
11,22,0,1,1,0,3,1,0,1,1,1,1,0,2,2,0,6,0,8,0
9,20,4,0,1,0,3,0,0,0,1,1,1,0,0,1,0,7,3,13,1
6,17,4,0,0,0,3,0,0,2,1,1,0,2,0,1,5,0,0,0,1
10,20,4,1,1,0,3,1,0,0,1,1,1,0,0,1,0,9,6,12,0
5,15,4,0,1,0,3,0,0,15,1,1,1,0,0,1,5,6,0,1,0
12,19,4,0,1,0,3,3,0,2,1,1,1,0,2,1,0,6,3,9,1
7,20,4,1,1,0,3,3,0,0,1,1,1,1,0,1,0,9,6,12,0
0,15,4,0,1,0,3,0,0,2,1,1,1,7,0,0,5,0,0,0,1
2,17,4,0,1,0,3,0,0,15,1,1,1,1,0,1,5,3,0,1,0
5,20,4,1,1,0,3,1,0,12,1,1,1,0,0,3,0,6,2,12,0
5,18,4,0,1,0,3,1,0,0,1,1,1,0,0,1,0,2,2,2,0
12,20,2,1,1,0,3,1,0,0,1,1,1,5,2,6,5,0,0,8,1
6,19,4,1,1,0,3,1,0,0,1,1,1,0,0,1,0,6,0,9,1
13,14,4,0,0,0,3,0,0,15,1,1,0,0,2,0,5,0,0,1,1
9,15,4,1,1,0,3,0,0,14,1,1,1,0,0,0,5,0,0,0,1
4,15,4,1,1,0,3,3,0,2,1,1,1,0,0,1,0,6,10,7,1
4,21,4,1,1,0,3,0,0,0,1,1,1,0,0,4,0,9,2,8,1
4,15,4,0,1,0,3,0,0,15,1,1,1,0,0,0,5,0,0,0,1
5,20,4,1,1,0,3,0,0,4,1,1,1,0,0,1,0,1,8,4,1
0,9,4,0,1,4,3,1,1,5,1,1,1,7,0,2,0,8,1,4,0
5,22,4,1,1,0,3,1,0,0,1,1,1,0,0,1,0,6,2,13,1
10,15,4,0,1,3,3,0,1,2,1,1,1,5,0,1,0,6,6,3,1
0,18,4,0,1,0,3,1,0,7,1,1,1,0,0,1,0,2,1,6,1
13,15,0,0,1,0,3,0,0,0,1,1,1,5,2,1,0,4,7,8,0
1,17,4,0,1,0,3,1,0,2,1,1,1,7,0,1,0,6,10,12,1
8,19,4,0,1,0,3,0,0,2,1,1,1,1,0,1,0,2,11,3,1
6,18,0,0,1,4,3,0,1,0,1,1,1,0,0,0,5,0,0,0,1
12,15,4,0,1,0,3,0,0,0,1,1,1,0,2,1,0,6,3,8,1
7,20,4,0,1,0,3,0,0,2,1,1,1,0,0,1,0,7,10,13,1
1,18,4,1,1,0,3,0,0,16,1,1,1,1,0,1,5,1,0,4,1
12,20,0,1,1,0,3,0,0,1,1,1,1,0,2,1,0,6,8,13,1
11,16,4,0,1,3,3,0,1,3,1,1,1,0,2,1,0,6,2,5,1
3,14,4,0,1,0,3,3,0,14,1,1,1,0,0,7,0,2,1,2,1
13,12,4,0,1,0,3,0,0,15,1,1,1,1,2,1,5,0,0,1,1
4,12,4,0,0,0,3,0,0,16,1,1,1,2,0,1,5,0,0,5,1
11,20,0,1,1,0,3,0,0,1,1,1,1,5,2,1,1,6,0,11,1
5,20,0,0,1,0,3,0,0,1,1,1,1,5,0,1,5,0,0,0,1
12,15,0,1,1,0,3,0,0,8,1,1,1,0,2,1,1,8,0,11,1
7,20,4,0,1,0,3,3,0,0,1,1,1,0,0,1,0,8,10,10,0
7,15,4,0,1,0,3,0,0,0,1,1,1,0,0,1,0,6,2,8,1
2,18,4,1,1,0,3,0,0,2,1,1,1,7,0,1,0,2,4,4,1
8,15,4,0,0,0,3,0,0,2,1,1,0,0,0,0,5,0,0,0,1
6,18,0,1,1,4,3,0,1,0,1,1,1,0,0,0,5,0,0,0,0
14,19,0,0,1,0,1,0,0,0,1,1,1,0,2,1,0,6,9,7,1
3,15,4,0,1,0,0,0,0,16,1,1,1,0,0,5,3,9,2,5,1
12,21,4,1,1,0,3,0,0,2,1,1,1,5,2,4,0,2,3,2,1
15,9,0,0,1,4,3,1,1,9,1,1,1,7,2,2,0,4,2,6,0
15,20,0,0,1,0,3,0,0,1,1,1,1,7,2,1,0,6,6,13,1
3,18,4,1,1,0,3,0,0,7,1,1,1,0,0,5,0,6,4,2,1
6,20,4,1,1,3,3,3,1,2,1,1,1,5,0,1,0,3,8,9,1
1,18,4,0,1,0,3,0,0,16,1,1,1,5,0,1,5,6,0,2,1
8,20,4,1,1,0,3,0,0,0,1,1,1,7,0,1,0,8,4,11,1
5,20,4,0,1,0,3,3,0,11,1,1,1,0,0,0,5,0,0,0,0
10,15,0,0,1,0,3,0,0,1,1,1,1,0,0,1,0,6,2,10,0
10,20,4,1,1,0,3,3,0,9,1,1,1,0,0,4,0,6,1,11,1
12,20,0,0,1,0,3,0,0,0,1,1,1,5,2,1,0,6,7,13,1
3,19,4,1,1,0,3,1,0,11,1,1,1,0,0,1,0,1,4,5,0
1,18,4,0,1,0,3,0,0,2,1,1,1,0,0,0,5,0,0,0,1
0,18,4,0,1,0,2,0,0,16,1,1,1,1,0,5,3,6,1,6,1
9,15,0,0,1,0,3,3,0,1,1,1,1,0,0,1,0,6,3,8,1
0,18,4,1,1,0,3,0,0,1,1,1,1,0,0,2,0,5,0,4,0
14,18,4,0,1,0,3,1,0,0,1,1,1,0,2,3,0,8,11,11,1
1,17,0,0,1,4,3,0,1,1,1,1,1,7,0,0,5,0,0,0,1
9,18,4,1,1,0,3,0,0,0,1,1,1,0,0,1,0,6,3,11,1
9,20,4,0,1,0,3,1,0,12,1,1,1,0,0,3,0,6,4,12,1
5,19,0,1,1,4,3,0,1,1,1,1,1,0,0,1,0,6,2,10,1
11,8,0,0,1,2,3,2,1,0,1,1,1,0,2,6,1,1,4,12,1
11,21,4,0,1,4,3,0,1,12,1,1,1,0,2,1,0,9,2,13,0
9,15,0,0,1,4,3,3,1,0,1,1,1,0,0,1,0,6,6,6,1
12,16,4,0,1,0,3,0,0,15,1,1,1,7,2,1,5,7,0,1,1
5,20,4,0,1,0,3,3,0,0,1,1,1,0,0,1,0,6,6,13,1
2,18,4,1,1,0,3,0,0,2,1,1,1,7,0,0,5,0,0,0,1
7,20,4,0,1,0,3,3,0,12,1,1,1,7,0,1,2,6,0,10,1
6,20,4,0,1,0,0,1,0,11,1,1,1,0,0,5,3,9,1,14,1
13,15,0,1,1,4,3,0,1,1,1,1,1,7,2,1,5,0,0,0,1
14,20,0,1,1,0,3,3,0,1,1,1,1,0,2,1,0,7,2,11,0
7,15,4,1,1,0,3,0,0,2,1,1,1,7,0,1,0,6,3,9,1
6,20,4,0,1,0,3,1,0,2,1,1,1,0,0,1,0,6,0,11,1
4,20,4,1,1,0,3,0,0,2,1,1,1,7,0,1,0,6,5,5,1
9,19,4,0,1,0,3,0,0,7,1,1,1,0,0,6,2,6,0,6,1
14,19,0,0,1,0,3,3,0,0,1,1,1,1,2,3,0,6,6,12,0
15,18,0,1,1,3,3,0,1,0,1,1,1,0,2,1,0,6,1,9,1
6,18,4,0,1,0,3,0,0,2,1,1,1,7,0,1,0,4,0,6,1
9,0,4,1,1,0,3,3,0,5,1,1,1,7,0,0,5,0,0,6,1
6,18,4,0,1,0,3,1,0,2,1,1,1,0,0,1,0,2,2,4,1
4,19,4,1,1,0,3,0,0,2,1,1,1,5,0,1,0,1,3,3,1
10,15,4,0,1,0,3,0,0,2,1,1,1,0,0,1,0,6,1,10,1
15,20,0,1,1,0,3,0,0,0,1,1,1,0,2,1,1,9,0,12,1
3,20,4,1,1,0,3,1,0,2,1,1,1,8,0,1,0,4,1,5,1
14,18,0,0,1,0,1,1,0,0,1,1,1,0,2,1,0,8,11,14,1
15,18,0,0,1,0,3,1,0,0,1,1,1,0,2,1,0,6,4,10,1
10,21,0,1,1,3,3,0,1,1,1,1,1,0,0,1,0,7,4,13,0
13,20,0,1,1,3,3,0,1,1,1,1,1,5,2,1,0,6,6,14,1
5,19,4,1,1,0,3,3,0,0,1,1,1,0,0,1,0,5,5,3,0
10,0,4,0,0,0,3,3,0,2,1,1,0,0,0,0,5,0,0,3,1
0,18,4,0,1,0,3,0,0,16,1,1,1,0,0,1,0,6,7,5,0
6,18,0,0,1,0,1,1,0,1,1,1,1,8,0,5,5,0,0,3,1
3,20,0,1,1,0,3,0,0,1,1,1,1,0,0,2,0,1,3,4,0
5,20,4,1,1,0,3,0,0,2,1,1,1,7,0,1,5,0,0,0,1
2,19,4,1,1,0,3,0,0,16,1,1,1,0,0,1,5,1,0,2,1
6,20,4,1,1,0,3,0,0,2,1,1,1,5,0,1,0,2,5,12,1
10,20,0,1,1,3,3,0,1,1,1,1,1,5,0,1,0,5,7,10,0
1,15,4,1,1,0,3,1,0,2,1,1,1,8,0,2,5,0,0,0,1
14,20,0,1,1,3,3,3,1,0,1,1,1,0,2,1,0,6,3,10,1
12,22,4,1,1,0,3,0,0,2,1,1,1,8,0,2,0,6,8,8,1
3,21,0,0,1,0,0,1,0,0,1,1,1,0,0,5,3,9,2,14,0
15,17,4,0,1,0,3,1,0,2,1,1,1,0,2,1,0,6,4,8,1
3,15,4,0,1,0,3,3,0,2,1,1,1,7,0,1,0,2,9,4,1
15,20,0,1,1,0,3,1,0,0,1,1,1,0,2,1,0,6,4,9,1
10,18,0,1,1,0,3,0,0,1,1,1,1,0,0,3,0,4,4,4,1
3,18,4,1,1,0,3,0,0,16,1,1,1,5,0,1,0,6,1,5,0
1,18,4,0,1,3,3,0,1,2,1,1,1,5,0,0,5,0,0,0,1
9,17,4,0,1,0,3,3,0,2,1,1,1,0,0,1,0,3,5,6,1
2,18,4,1,1,0,3,1,0,11,1,1,1,8,0,4,0,2,4,2,1
5,0,4,1,1,0,1,3,1,9,1,1,1,3,0,5,3,7,3,6,1
3,18,4,1,1,0,3,1,0,12,1,1,1,0,0,0,5,0,0,0,0
7,15,4,0,0,0,3,1,0,2,1,0,1,5,0,4,0,6,11,12,1
14,15,4,0,1,4,3,0,1,2,1,1,1,0,2,1,0,6,6,11,1
0,15,4,1,1,0,3,3,0,2,1,1,1,0,0,3,0,2,4,3,1
11,15,4,0,1,0,1,1,0,16,1,1,1,0,2,1,5,0,0,2,1
4,15,0,1,1,4,3,3,1,8,1,1,1,5,0,0,5,0,0,0,1
10,15,2,1,1,0,3,0,0,0,1,1,1,0,0,1,0,6,1,8,1
11,21,4,0,1,0,3,0,0,0,1,1,1,5,2,1,0,6,6,13,1
5,18,4,0,0,0,3,3,0,2,1,1,0,7,0,0,5,0,0,0,1
6,18,4,0,1,0,3,0,0,2,1,1,1,8,0,1,0,2,1,4,1
3,17,4,1,1,0,3,1,0,2,1,1,1,0,0,1,0,2,3,2,1
10,13,4,1,1,0,3,0,0,2,1,1,1,0,0,1,5,0,0,5,1
12,18,4,0,1,3,3,0,1,2,1,1,1,7,2,1,5,0,0,1,1
1,18,4,1,1,0,3,1,0,16,1,1,1,0,0,4,0,8,1,6,0
14,5,0,0,1,3,2,0,1,2,1,1,1,0,2,0,2,0,0,0,1
13,20,2,1,1,0,3,3,0,12,1,1,1,0,2,3,0,2,7,12,1
0,15,4,1,1,0,3,0,0,16,1,1,1,1,0,1,0,8,6,6,0
0,15,4,1,1,0,3,0,0,2,1,1,1,0,0,9,2,0,0,0,1
11,15,0,0,1,0,1,1,0,0,1,1,1,8,2,1,0,6,6,10,0
1,18,4,0,1,0,3,1,0,12,1,1,1,0,0,1,0,4,3,4,1
14,18,0,1,0,4,3,3,1,9,1,1,1,2,2,0,5,0,0,0,1
5,18,0,1,1,0,3,0,0,0,1,1,1,7,0,6,0,8,8,8,1
13,23,0,0,1,4,3,0,1,0,1,1,1,0,2,1,0,6,5,14,1
12,20,4,1,1,0,3,3,0,11,1,1,1,0,2,1,0,6,3,11,1
15,19,0,0,1,3,3,0,1,1,1,1,1,5,2,1,5,0,0,0,1
1,19,4,1,0,0,3,1,0,12,0,1,0,0,0,1,0,2,10,5,0
2,18,4,0,1,0,3,3,0,5,1,1,1,0,0,6,0,6,6,6,1
2,16,4,0,1,3,3,0,1,2,1,1,1,5,0,1,0,6,10,3,1
10,18,0,0,1,0,3,1,0,0,1,1,1,7,0,1,0,6,8,10,0
5,18,4,1,1,0,3,0,0,2,1,1,1,0,0,1,0,3,2,3,1
6,20,4,0,1,0,3,0,0,5,1,1,1,0,0,1,0,6,9,14,1
5,20,4,0,1,0,3,0,0,2,1,1,1,0,0,1,0,6,5,8,1
4,13,4,0,1,0,3,1,0,15,1,1,1,8,0,1,5,0,0,0,0
12,15,0,0,1,4,3,0,1,1,1,1,1,0,2,1,5,0,0,0,1
4,20,4,1,1,0,3,0,0,11,1,1,1,0,0,6,0,1,0,4,0
6,15,4,1,1,0,3,3,0,3,1,1,1,1,0,0,5,0,0,5,1
0,15,4,1,1,0,3,1,0,0,1,1,1,0,0,1,0,4,4,6,0
13,21,4,0,1,2,3,1,0,0,1,1,1,8,2,4,0,9,6,14,0
5,19,4,1,1,0,3,3,0,0,1,1,1,0,0,2,0,4,11,6,1
6,18,4,1,1,0,3,3,0,5,1,1,1,5,0,0,5,0,0,5,1
6,15,4,0,1,0,3,0,0,2,1,1,1,7,0,1,0,1,6,3,1
7,18,4,0,1,0,3,3,0,11,1,1,1,1,0,1,0,4,3,6,0
14,15,4,0,1,0,3,3,0,14,1,1,1,0,2,1,5,0,0,0,0
15,20,2,1,1,0,3,1,0,12,1,1,1,0,2,1,0,6,1,11,1
11,15,4,0,1,0,3,0,0,2,1,1,1,5,0,2,0,6,8,4,1
13,22,0,0,1,0,3,1,0,0,1,1,1,0,2,2,0,6,6,11,1
3,15,4,1,1,0,3,0,0,2,1,1,1,5,0,9,2,0,0,0,1
5,20,4,0,1,0,3,3,0,11,1,1,1,0,0,3,2,0,0,0,0
5,21,4,0,1,2,3,3,0,2,1,1,1,0,0,1,0,5,3,12,1
9,20,4,1,1,0,3,0,0,14,1,1,1,0,0,1,0,6,3,13,1
5,15,4,1,1,0,3,0,0,0,1,1,1,7,0,1,2,6,0,6,1
10,21,0,1,1,4,3,0,1,1,1,1,1,5,0,1,0,6,11,14,1
0,18,4,1,1,0,3,1,0,16,1,1,1,0,0,1,5,0,0,0,1
3,20,4,1,1,0,3,1,0,2,1,1,1,0,0,2,0,6,6,4,1
10,20,0,1,1,0,3,0,0,0,1,1,1,5,0,3,1,9,0,12,1
3,18,4,0,0,0,3,0,0,0,1,1,0,7,0,1,0,6,3,4,1
1,18,4,1,1,0,3,0,0,16,1,1,1,1,0,0,5,0,0,0,1
7,15,4,0,1,0,3,0,0,7,1,1,1,0,0,0,5,0,0,0,1
4,20,4,1,1,0,3,0,0,2,1,1,1,0,0,1,5,6,0,2,1
7,20,4,1,1,0,3,0,0,2,1,1,1,0,0,4,0,6,6,11,1
13,15,4,0,1,0,3,1,0,2,1,1,1,8,2,8,2,6,0,10,1
6,15,4,0,1,0,3,0,0,2,1,1,1,0,0,1,5,0,0,0,1
13,20,0,1,1,0,3,1,0,0,1,1,1,0,2,3,0,6,3,12,1
4,20,4,0,1,2,3,0,0,0,1,1,1,5,0,1,0,6,3,11,1
13,20,4,0,1,0,3,1,0,0,1,1,1,0,2,1,0,6,1,14,1
9,21,0,0,1,0,3,3,0,0,1,1,1,5,0,3,0,6,4,13,1
12,20,4,1,1,0,3,0,0,11,1,1,1,5,2,1,0,8,4,12,0
12,15,4,1,1,0,3,0,0,2,1,1,1,8,0,2,0,5,8,12,1
14,18,0,1,1,0,3,0,0,0,1,1,1,7,2,1,0,6,6,10,1
12,20,4,1,1,4,3,0,1,0,1,1,1,5,2,4,0,8,4,11,1
3,18,4,1,1,0,3,3,0,2,1,1,1,0,0,1,0,1,4,4,1
12,14,0,0,1,0,3,0,0,2,1,1,1,0,2,1,0,8,11,12,1
14,19,0,0,1,3,3,0,1,0,1,1,1,0,2,1,0,4,6,7,1
0,13,4,0,1,0,3,0,0,2,1,1,1,7,0,0,5,0,0,0,1
9,18,4,1,1,0,3,1,0,5,1,1,1,8,0,3,0,2,3,5,1
14,18,0,1,1,0,3,0,0,2,1,1,1,1,2,2,0,6,3,7,1
11,21,0,1,1,0,3,3,0,1,1,1,1,0,2,1,0,6,5,13,1
5,17,4,0,1,0,3,1,0,2,1,1,1,8,0,1,0,6,2,8,1
14,20,0,0,1,4,3,0,1,0,1,1,1,5,2,1,0,6,5,14,1
0,18,4,0,1,0,3,1,0,2,1,1,1,0,0,0,5,0,0,0,1
14,8,0,0,1,4,3,0,1,0,1,1,1,0,2,0,5,0,0,3,1
3,18,4,0,1,4,3,3,1,2,1,1,1,7,0,1,1,2,0,2,1
2,18,0,1,1,0,3,3,0,8,1,1,1,0,0,1,0,8,3,11,1
0,15,4,0,1,0,3,1,0,2,1,1,1,0,0,1,0,3,4,2,1
15,15,4,0,1,3,3,0,1,2,1,1,1,5,2,0,5,0,0,4,1
13,20,0,1,1,4,3,0,1,1,1,1,1,0,2,1,0,5,2,8,1
4,18,4,0,1,0,3,1,0,0,1,1,1,0,0,4,0,4,6,6,1
12,18,0,1,1,0,3,0,0,0,1,1,1,7,2,1,0,6,2,12,0
2,20,4,1,1,0,3,1,0,2,1,1,1,0,0,1,0,2,3,4,0
13,19,0,0,1,4,3,0,1,0,1,1,1,0,2,1,0,7,8,11,1
9,20,4,1,1,0,3,1,0,2,1,1,1,7,0,1,5,0,0,0,1
11,18,4,1,1,3,3,0,1,0,1,1,1,7,2,1,0,6,6,9,1
1,15,4,1,1,0,3,1,0,2,1,1,1,0,0,1,0,1,4,3,1
2,18,0,0,1,4,3,0,1,8,1,1,1,5,0,1,0,1,1,1,1
1,18,4,1,1,4,3,0,1,10,1,1,1,5,0,0,5,0,0,0,1
15,17,4,0,1,0,3,0,0,2,1,1,1,7,2,4,0,9,1,4,1
10,21,0,0,1,0,3,1,0,0,1,1,1,0,0,1,0,8,5,14,0
4,20,4,1,1,0,3,0,0,16,1,1,1,0,0,1,0,6,2,7,1
10,18,4,1,1,0,3,0,0,14,1,1,1,0,0,1,0,6,3,10,1
14,17,2,1,1,0,3,1,0,0,1,1,1,0,2,3,0,9,5,12,0
15,20,4,1,1,0,3,1,0,2,1,1,1,0,2,1,0,6,0,3,1
9,15,4,1,1,4,3,0,1,12,1,1,1,7,0,1,0,6,10,11,1
9,20,4,1,1,0,3,3,0,11,1,1,1,0,0,4,0,6,4,12,0
4,17,4,0,1,0,3,3,0,2,1,1,1,0,0,1,0,6,6,6,1
6,13,4,1,1,0,3,1,0,0,1,1,1,0,0,0,5,0,0,13,1
7,19,4,0,1,2,3,0,0,2,1,1,1,0,0,1,0,6,6,7,1
1,17,4,1,1,0,3,1,0,16,1,1,1,8,0,1,5,2,0,3,0
15,15,4,0,1,0,3,0,0,15,1,1,1,7,2,0,5,0,0,0,1
15,20,4,0,1,0,3,0,0,2,1,1,1,5,2,1,0,6,10,12,1
2,18,4,0,1,0,3,1,0,2,1,1,1,0,0,1,2,1,0,3,1
8,20,0,0,1,0,3,0,0,1,1,1,1,0,0,1,0,6,3,13,1
2,15,4,0,1,0,3,0,0,11,1,1,1,1,0,1,2,6,0,3,0
3,19,4,1,1,0,3,1,0,2,1,1,1,8,0,4,0,1,4,5,1
14,8,0,0,1,4,3,3,1,2,1,1,1,0,2,0,5,0,0,0,1
2,15,0,0,1,0,3,0,0,8,1,1,1,0,0,1,0,2,0,3,1
0,17,4,1,1,0,3,1,0,2,1,1,1,0,0,1,0,6,8,5,1
14,8,1,0,1,3,1,2,1,0,1,1,1,0,2,1,1,3,2,12,1
5,15,4,1,1,0,3,3,0,9,1,1,1,7,0,1,0,6,11,4,1
8,20,4,0,0,0,3,0,0,0,1,1,1,5,0,3,0,6,6,13,1
0,15,4,0,1,0,3,0,0,2,1,1,1,0,0,0,5,0,0,0,1
2,18,4,1,1,0,3,0,0,2,1,1,1,0,0,0,5,0,0,0,1
7,20,4,0,1,0,3,0,0,0,1,1,1,0,0,1,0,6,3,14,0
11,15,4,0,1,0,3,0,0,0,1,1,1,0,2,1,0,6,8,12,0
12,15,0,1,1,0,3,0,0,8,1,1,1,0,2,1,1,2,0,5,1
14,11,4,0,1,0,3,0,0,0,1,1,1,0,2,1,0,9,1,14,1
2,15,4,1,1,0,3,0,0,2,1,1,1,0,0,1,0,5,3,6,1
5,17,4,1,1,0,3,0,0,2,1,1,1,0,0,6,0,6,2,2,1
8,15,4,1,1,4,3,0,1,9,1,1,1,7,0,1,0,6,3,8,1
2,18,4,1,1,0,3,0,0,11,1,1,1,1,0,1,5,6,0,2,1
9,11,4,0,1,0,3,3,0,11,1,1,1,0,0,1,0,9,3,14,1
1,18,4,0,1,0,3,3,0,9,1,1,1,0,0,1,5,1,0,2,0
0,17,4,1,1,0,3,3,0,16,1,1,1,0,0,0,5,0,0,0,0
12,21,0,0,1,0,3,1,0,0,1,1,1,0,2,2,0,7,11,14,1
11,19,4,1,1,0,3,0,0,0,1,1,1,7,2,3,0,3,0,6,1
11,19,4,1,1,3,3,0,1,0,1,1,1,7,2,1,0,6,3,4,1
11,18,4,1,1,0,3,0,0,11,1,1,1,0,2,1,0,6,0,11,1
10,18,4,0,1,0,1,1,0,2,1,1,1,8,0,5,0,6,3,10,1
6,20,4,0,1,0,3,1,0,0,1,1,1,0,0,1,0,2,5,4,1
12,20,4,0,1,4,3,1,1,11,1,1,1,0,2,1,0,7,6,14,1
10,17,2,1,1,0,3,0,0,7,1,1,1,0,0,1,0,6,2,7,1
9,17,0,1,1,0,3,0,0,1,1,1,1,0,0,1,0,2,3,3,1
5,20,4,0,1,0,3,1,0,0,1,1,1,0,0,1,0,6,2,12,1
7,19,4,1,1,0,3,0,0,9,1,1,1,7,0,1,0,4,6,8,1
11,18,0,0,1,3,3,1,1,0,1,1,1,0,2,1,5,8,0,14,0
13,18,0,1,1,0,3,0,0,0,1,1,1,5,2,1,0,6,3,7,0
13,19,0,1,1,0,3,0,0,0,1,1,1,0,2,1,0,6,2,7,1
4,20,0,0,1,0,3,0,0,2,1,1,1,0,0,1,0,6,11,13,1
6,15,4,0,1,3,3,0,1,0,1,1,1,0,0,1,0,6,8,10,1
5,18,4,1,0,0,3,0,0,0,1,1,0,7,2,5,5,0,0,6,1
4,18,4,1,1,0,3,0,0,2,1,1,1,5,0,1,0,4,3,6,1
12,15,4,0,1,0,3,1,0,2,1,1,1,8,2,1,0,5,6,12,1
7,15,0,1,1,4,3,0,1,0,1,1,1,0,0,1,0,7,0,2,1
8,15,0,1,0,0,3,0,0,8,1,1,0,0,0,1,0,6,3,8,1
5,12,4,1,1,0,3,0,0,0,1,1,1,1,0,1,0,6,11,5,1
6,15,4,0,1,0,3,0,0,2,1,1,1,0,0,0,5,0,0,5,1
13,11,3,1,1,0,3,0,0,15,1,1,1,7,2,0,5,0,0,0,1
13,15,0,1,1,0,3,0,0,0,1,1,1,1,2,1,5,0,0,1,1
0,18,4,1,1,0,3,0,0,11,1,1,1,7,0,0,5,0,0,0,0
8,18,4,1,1,0,3,0,0,12,1,1,1,0,0,2,0,6,1,8,0
8,19,0,1,1,0,3,0,0,0,1,1,1,0,0,4,0,2,5,6,0
14,15,0,0,1,3,3,0,1,1,1,1,1,5,2,1,0,6,1,11,1
7,17,4,0,1,0,3,0,0,11,1,1,1,7,0,1,0,7,8,11,0
2,15,4,0,1,0,3,3,0,4,1,1,1,0,0,0,5,0,0,0,1
8,13,4,0,0,0,3,0,0,15,1,1,0,1,0,0,5,0,0,0,1
3,20,4,1,1,0,3,1,0,2,1,1,1,0,0,1,0,6,1,9,1
8,21,4,1,1,4,3,0,1,14,1,1,1,0,0,1,0,6,6,13,1
3,15,4,0,1,0,3,0,0,2,1,1,1,0,0,1,0,6,10,10,1
10,20,0,1,1,0,3,0,0,2,1,1,1,0,0,1,0,8,6,10,1
7,20,4,1,1,0,3,0,0,2,1,1,1,0,0,1,0,4,8,4,1
7,20,4,0,1,0,3,0,0,2,1,1,1,5,0,1,0,6,6,11,1
2,19,4,1,1,0,3,3,0,2,1,1,1,0,0,1,5,6,0,3,0
5,17,4,0,1,0,3,0,0,2,1,1,1,0,0,1,0,6,10,2,1
4,15,0,0,1,0,1,3,0,0,1,1,1,0,0,1,0,4,7,9,1
1,18,4,0,1,0,3,0,0,2,1,1,1,0,0,1,0,3,6,5,1
9,18,4,1,1,0,3,0,0,0,1,1,1,0,0,2,5,1,0,1,0
4,19,4,0,1,0,3,3,0,0,1,1,1,0,0,1,0,6,3,11,0
12,20,4,0,1,0,3,1,0,0,1,1,1,0,2,1,0,8,6,13,1
9,20,0,0,1,0,3,1,0,0,1,1,1,0,0,1,0,9,3,13,0
7,15,0,0,1,0,3,0,0,2,1,1,1,0,0,1,0,6,11,11,1
13,14,0,0,1,0,3,3,0,0,1,1,1,0,2,1,0,6,5,14,0
13,18,4,0,1,0,3,1,0,0,1,1,1,0,2,1,0,6,6,8,1
8,15,0,0,1,0,3,1,0,0,1,1,1,0,0,1,0,6,3,6,1
11,20,0,1,1,0,3,0,0,1,1,1,1,0,2,3,0,7,10,12,1
5,20,0,1,1,0,3,3,0,1,1,1,1,0,0,2,0,2,3,8,1
15,18,4,0,1,4,3,0,1,2,1,1,1,5,2,1,0,1,3,3,1
5,15,4,1,1,0,3,0,0,12,1,1,1,0,0,6,5,1,0,1,1
4,16,4,0,1,0,3,1,0,0,1,1,1,8,0,1,5,6,0,7,0
13,0,4,1,1,0,3,3,0,0,1,1,1,7,2,6,0,6,3,6,1
6,15,4,0,1,0,1,0,0,2,1,1,1,8,0,8,5,0,0,0,1
6,18,4,1,1,0,3,0,0,2,1,1,1,0,0,0,5,0,0,0,1
5,18,0,1,1,0,3,0,0,1,1,1,1,0,0,1,2,0,0,0,1
1,19,4,0,0,0,3,1,0,2,0,1,0,0,0,0,5,0,0,5,1
7,20,4,1,1,0,3,0,0,2,1,1,1,5,0,1,0,6,5,9,1
9,15,0,1,1,0,3,0,0,1,1,1,1,0,0,1,5,0,0,0,0
14,20,4,1,1,0,3,0,0,12,1,1,1,5,2,1,0,6,6,14,1
12,18,4,1,1,0,3,1,0,2,1,1,1,8,2,1,0,3,4,4,1
12,15,4,0,1,0,3,1,0,0,1,1,1,0,2,1,0,6,8,11,1
1,19,4,1,1,4,3,0,1,16,1,1,1,5,0,1,5,1,0,5,0
8,6,4,0,1,0,3,0,0,7,1,1,1,8,0,1,0,2,11,3,1
7,18,4,0,1,0,3,3,0,2,1,1,1,0,0,1,0,6,10,8,1
2,17,4,0,1,0,3,1,0,2,1,1,1,0,0,1,0,6,3,9,1
0,18,4,1,1,0,3,1,0,2,1,1,1,0,0,3,0,1,2,2,1
15,19,0,0,1,0,1,1,0,0,1,1,1,0,2,1,0,8,2,6,1
15,20,0,0,1,4,3,0,1,0,1,1,1,5,2,6,0,6,0,13,0
6,20,4,0,1,0,3,1,0,0,1,1,1,0,0,5,0,7,6,13,1
3,18,4,1,1,0,3,1,0,2,1,1,1,8,0,1,0,1,8,5,1
2,18,4,1,1,0,3,1,0,2,1,1,1,8,0,1,0,2,2,4,1
3,21,4,1,1,3,3,0,1,2,1,1,1,5,0,9,2,0,0,0,1
0,18,4,1,1,0,3,1,0,16,1,1,1,0,0,2,5,1,0,2,0
8,8,3,0,1,0,2,0,0,3,1,1,1,0,2,1,0,1,4,6,1
13,18,4,1,1,0,3,3,0,11,1,1,1,1,2,3,0,3,8,6,1
2,18,4,0,1,3,1,0,1,16,1,1,1,0,0,1,0,8,2,7,1
10,18,4,0,1,0,3,3,0,0,1,1,1,7,0,1,0,7,2,13,1
9,18,0,0,1,0,3,0,0,1,1,1,1,0,0,1,0,6,6,11,1
12,20,0,1,1,0,3,0,0,0,1,1,1,7,2,1,0,6,6,11,1
4,10,4,0,0,2,3,0,0,2,1,1,0,0,0,5,5,0,0,3,1
5,20,4,0,1,0,3,0,0,2,1,1,1,7,0,1,0,6,4,5,1
9,15,0,0,1,3,3,0,1,2,1,1,1,0,0,1,0,6,4,12,1
13,19,0,1,1,4,3,0,1,1,1,1,1,7,2,1,0,6,3,10,1
10,20,4,1,1,3,3,0,1,10,1,1,1,5,0,1,0,6,4,10,1
5,15,4,0,1,0,3,0,0,2,1,1,1,0,0,1,0,9,3,6,1
4,20,4,0,1,0,3,3,0,0,1,1,1,7,0,6,0,2,9,3,0
6,18,4,1,1,0,3,1,0,2,1,1,1,8,0,1,0,1,2,2,1
13,19,4,1,1,0,3,3,0,0,1,1,1,0,2,4,0,4,5,7,1
6,14,0,0,1,0,3,1,0,0,1,1,1,0,0,1,0,6,1,8,0
15,20,4,0,1,0,3,0,0,10,1,1,1,0,2,4,0,6,8,10,1
7,18,4,1,1,0,3,1,0,12,1,1,1,0,0,1,0,7,2,5,1
4,16,0,0,1,0,3,0,0,0,1,1,1,0,0,1,5,1,0,1,0
14,18,4,1,1,0,3,1,0,0,1,1,1,0,2,1,0,6,3,12,1
4,15,4,0,1,0,3,0,0,2,1,1,1,0,0,1,0,4,5,7,1
10,20,4,1,1,0,3,1,0,0,1,1,1,0,0,7,0,5,1,9,1
3,15,4,0,1,0,3,0,0,2,1,1,1,5,0,1,0,4,2,4,1
7,20,4,0,1,0,3,0,0,0,1,1,1,0,0,2,0,7,2,12,1
7,15,4,0,1,0,3,0,0,2,1,1,1,0,0,1,0,6,3,4,1
15,18,0,1,1,0,3,0,0,1,1,1,1,7,2,1,0,8,4,6,1
14,19,4,1,1,0,3,1,0,0,1,1,1,0,2,4,0,8,4,12,1
7,19,4,0,1,0,3,3,0,0,1,1,1,1,0,0,5,0,0,4,1
1,15,4,0,1,0,3,0,0,7,1,1,1,0,0,1,0,3,4,2,1
7,15,4,0,1,0,3,0,0,0,1,1,1,1,0,1,0,6,6,6,1
2,18,4,0,1,0,3,0,0,2,1,1,1,8,0,1,0,2,6,5,1
7,20,4,0,1,0,3,0,0,0,1,1,1,5,0,1,1,9,0,14,0
5,15,4,0,1,0,3,3,0,10,1,1,1,0,0,1,0,9,3,10,0
8,20,4,1,1,3,3,0,1,2,1,1,1,0,0,1,0,6,10,13,1
1,19,4,1,1,0,3,0,0,12,1,1,1,7,0,1,0,6,3,5,1
12,15,4,0,1,4,3,0,1,2,1,1,1,7,2,1,0,6,4,6,1
11,15,4,0,0,0,3,3,0,4,0,1,0,0,2,1,0,6,8,9,1
5,20,0,1,1,0,3,0,0,0,1,1,1,0,0,2,5,0,0,0,1
10,20,4,0,1,0,3,1,0,2,1,1,1,0,0,7,0,9,1,13,1
15,16,4,0,1,0,3,0,0,12,1,1,1,7,2,1,0,7,6,10,1
13,20,0,0,1,0,3,0,0,0,1,1,1,0,2,1,0,6,0,13,1
3,20,4,0,1,3,3,0,1,5,1,1,1,5,0,6,0,6,9,4,0
4,12,4,0,0,4,3,0,1,0,1,1,1,7,0,0,5,0,0,4,1
8,21,4,1,1,0,3,0,0,0,1,1,1,0,0,2,0,6,4,12,1
3,18,4,1,1,0,3,0,0,2,1,1,1,1,0,0,5,0,0,0,1
5,20,4,1,1,0,3,0,0,2,1,1,1,1,0,1,0,4,8,1,1
9,19,4,1,1,0,3,0,0,12,1,1,1,0,0,1,5,0,0,0,1
8,13,0,1,1,0,3,0,0,1,1,1,1,1,0,1,1,6,0,13,1
1,15,4,1,1,0,3,0,0,16,1,1,1,0,0,2,0,1,1,3,1
2,15,4,1,1,0,3,3,0,16,1,1,1,1,0,1,0,2,1,2,0
7,21,0,1,1,4,3,0,1,1,1,1,1,5,0,0,5,0,0,0,1
2,12,4,0,1,0,3,0,0,7,1,1,1,0,0,1,0,6,4,9,1
13,19,4,0,1,0,3,1,0,4,1,1,0,0,2,1,0,6,7,7,1
3,17,4,0,1,0,3,0,0,2,1,1,1,7,0,1,0,5,4,9,1
9,17,4,0,1,4,3,0,1,11,1,1,1,5,0,1,5,6,0,3,0
2,13,4,0,1,4,3,3,1,0,1,1,1,0,0,1,5,6,0,6,1
9,18,4,0,1,0,3,0,0,2,1,1,1,7,0,1,0,2,4,5,1
6,15,4,1,1,0,3,3,0,0,1,1,1,1,0,1,0,6,3,10,0
4,18,4,1,1,0,3,1,0,2,1,1,1,8,0,1,1,2,0,1,1
8,21,0,1,1,0,3,0,0,0,1,1,1,0,0,3,1,6,0,13,0
9,17,0,0,1,0,3,3,0,1,1,1,1,0,0,1,0,2,7,8,1
13,20,0,1,1,4,3,0,1,9,1,1,1,5,2,1,1,6,0,12,1
3,19,4,0,1,2,0,0,1,0,1,1,1,5,0,5,3,5,1,12,1
11,18,4,1,1,0,3,0,0,12,1,1,1,2,2,2,5,0,0,0,1
14,20,0,1,1,0,3,1,0,0,1,1,1,0,2,1,0,6,3,10,1
11,17,4,0,1,0,3,0,0,2,1,1,1,0,2,1,0,6,2,10,1
7,20,4,1,1,0,3,0,0,2,1,1,1,1,0,0,5,0,0,0,1
8,13,4,1,1,0,3,1,0,2,1,1,1,0,0,1,0,5,6,6,1
3,20,4,1,1,4,3,0,1,2,1,1,1,5,0,0,5,0,0,0,1
9,14,0,1,1,4,3,0,1,0,1,1,1,7,0,1,0,6,8,5,1
8,21,4,0,1,0,3,0,0,2,1,1,1,0,0,2,0,6,6,9,1
3,19,4,1,1,0,3,0,0,12,1,1,1,0,0,1,0,2,10,5,0
4,16,4,1,1,0,3,0,0,10,1,1,1,4,0,1,0,5,8,5,1
15,19,4,1,1,3,3,0,1,2,1,1,1,5,2,3,0,4,6,6,1
8,19,4,0,1,0,3,0,0,0,1,1,1,0,0,2,0,9,3,10,1
10,19,0,1,1,0,3,0,0,0,1,1,1,0,0,1,0,4,4,10,1
11,16,0,0,1,0,3,3,0,1,1,1,1,0,2,1,0,7,1,13,0
0,18,4,0,1,4,3,3,1,16,1,1,1,5,0,9,2,3,0,1,1
12,14,0,1,1,0,3,0,0,2,1,1,1,0,2,1,0,6,8,7,1
15,20,0,0,1,0,3,2,0,1,1,1,1,0,2,1,0,6,10,12,1
12,20,0,0,1,0,3,0,0,1,1,1,1,0,2,5,0,6,6,13,0
12,18,2,1,1,0,3,3,0,0,1,1,1,0,2,6,0,6,0,9,1
12,15,0,1,1,0,3,0,0,1,1,1,1,7,2,0,5,0,0,2,1
10,5,2,0,1,3,3,0,1,2,1,1,1,5,0,0,5,0,0,0,1
10,19,0,1,1,0,3,0,0,0,1,1,1,5,0,1,5,0,0,0,0
4,18,4,1,1,0,3,0,0,11,1,1,1,0,0,1,0,6,3,10,1
5,15,4,0,1,4,3,0,1,2,1,1,1,0,0,1,0,8,1,8,1
13,15,0,1,1,3,3,3,1,8,1,1,1,0,2,3,0,2,1,5,1
3,18,4,1,1,4,3,0,1,0,1,1,1,0,0,5,0,6,8,6,0
13,20,4,0,1,0,3,0,0,0,1,1,1,8,2,1,0,7,10,13,1
9,20,4,0,1,0,3,1,0,12,1,1,1,0,0,1,0,8,4,12,0
11,15,0,1,1,0,3,0,0,1,1,1,1,1,2,1,2,0,0,0,1
5,16,0,0,1,0,3,0,0,1,1,1,1,0,0,1,0,6,10,4,1
2,18,4,0,1,0,3,1,0,2,1,1,1,0,0,1,2,1,0,3,1
14,21,4,1,1,0,3,1,0,2,1,1,1,8,2,1,0,6,6,9,1
8,15,4,0,1,0,3,3,0,12,1,1,1,0,0,3,0,6,8,9,1
7,18,4,0,1,0,3,1,0,0,1,1,1,8,0,7,5,4,0,4,0
8,15,4,0,1,0,3,3,0,7,1,1,1,0,0,1,5,8,0,7,1
10,16,4,1,1,0,3,0,0,15,1,1,1,7,0,1,5,1,0,1,1
9,20,0,0,1,0,3,0,0,0,1,1,1,0,0,4,0,9,3,11,1
13,19,4,1,1,2,3,3,0,2,1,1,1,0,2,1,0,6,3,12,1
13,17,0,0,1,0,3,0,0,2,1,1,1,0,2,1,0,2,3,8,1
13,19,4,0,1,0,3,0,0,15,1,1,1,7,2,3,5,0,0,0,1
1,18,4,1,1,0,3,0,0,2,1,1,1,5,0,1,0,1,6,3,1
9,16,4,1,1,0,3,0,1,9,1,1,1,5,0,1,0,7,11,3,0
4,20,4,0,1,0,3,3,0,2,1,1,1,5,0,1,0,7,11,13,1
7,18,0,0,1,0,3,2,0,1,1,1,1,0,0,1,0,6,3,7,1
0,15,4,1,0,0,3,0,0,2,1,0,1,0,0,1,0,8,0,2,1
0,18,4,1,1,0,3,3,0,2,1,1,1,5,0,0,5,0,0,1,1
11,21,0,1,1,0,3,1,0,1,1,1,1,0,2,1,0,6,2,12,1
8,20,4,1,1,4,3,0,1,0,1,1,1,7,0,1,0,5,4,6,0
12,21,4,1,1,0,3,3,0,0,1,1,1,0,2,0,5,0,0,3,0
2,17,4,0,1,0,3,1,0,2,1,1,1,8,0,4,0,6,1,12,1
13,15,4,0,1,4,3,0,1,12,1,1,1,0,2,4,0,6,6,7,1
12,20,4,1,1,0,3,0,0,0,1,1,1,5,0,4,0,5,8,4,1
8,15,4,0,1,0,3,0,0,2,1,1,1,0,0,1,0,4,6,8,1
13,20,0,1,1,4,3,0,1,1,1,1,1,5,2,1,0,6,3,13,0
7,20,4,1,1,0,3,1,0,0,1,1,1,5,0,3,0,6,4,10,0
3,18,4,0,1,0,1,1,0,16,1,1,1,0,0,1,5,0,0,0,0
1,18,4,1,1,0,3,1,0,2,1,1,1,1,0,1,5,0,0,4,1
10,17,0,0,1,4,3,0,1,0,1,1,1,0,0,0,5,0,0,0,0
4,18,4,0,1,0,3,3,0,11,1,1,1,0,0,1,0,9,10,8,1
7,20,4,1,1,0,3,3,0,11,1,1,1,7,0,1,0,6,6,6,0
6,20,4,1,1,0,3,0,0,0,1,1,1,0,0,1,0,6,5,12,0
8,17,4,0,1,0,3,0,0,2,1,1,1,0,0,1,0,6,1,7,1
5,18,4,0,1,0,3,3,0,2,1,1,1,8,0,1,5,0,0,0,1
7,15,4,1,0,0,3,0,0,2,1,1,0,7,0,0,5,0,0,0,1
5,15,4,1,1,0,3,0,0,2,1,1,1,0,0,1,0,2,4,2,1
7,19,0,1,1,0,3,3,0,0,1,1,1,0,0,1,5,0,0,0,1
13,18,4,0,1,0,3,0,0,2,1,1,1,0,2,1,0,4,2,5,1
9,17,0,0,1,0,0,1,0,0,1,1,1,0,0,5,3,9,0,12,1
10,20,0,1,1,3,3,0,1,1,1,1,1,5,0,1,0,6,3,13,0
10,15,4,1,1,0,3,1,0,2,1,1,1,8,0,3,0,1,1,1,1
6,15,4,0,1,3,3,3,1,2,1,1,1,5,0,1,0,6,3,8,1
6,15,4,0,1,0,3,1,0,2,1,1,1,0,0,3,0,2,5,3,1
9,15,4,0,1,4,3,0,1,5,1,1,1,0,0,0,5,0,0,0,1
7,19,4,1,1,3,3,0,1,2,1,1,1,5,0,1,0,2,6,5,1
2,15,4,0,1,0,3,0,0,2,1,1,1,0,0,1,0,6,6,9,1
3,15,4,0,1,0,3,1,0,2,1,1,1,0,0,0,5,0,0,0,1
13,15,4,0,1,0,3,0,0,15,1,1,1,1,2,0,5,0,0,0,1
7,18,0,1,1,0,3,0,0,1,1,1,1,7,0,1,1,4,0,6,0
4,18,4,0,0,0,3,0,0,16,1,1,0,0,0,0,5,0,0,4,0
13,20,4,1,1,0,3,1,0,0,1,1,1,1,2,1,0,8,3,13,1
13,16,4,0,1,0,3,1,0,15,1,1,1,7,2,0,5,0,0,2,0
13,15,0,1,1,4,3,3,1,1,1,1,1,7,2,0,5,0,0,0,1
7,20,4,0,1,0,3,0,0,0,1,1,1,7,0,1,0,6,8,11,1
13,19,0,1,1,0,3,1,0,1,1,1,1,8,2,1,0,1,2,5,1
15,22,0,1,1,0,3,0,0,0,1,1,1,0,2,3,0,9,6,12,1
6,21,4,0,1,4,3,0,1,14,1,1,1,5,0,0,5,0,0,10,0
0,15,4,1,1,0,3,0,0,2,1,1,1,0,0,9,2,0,0,0,1
14,20,4,0,1,0,3,0,0,2,1,1,1,5,2,1,0,6,6,14,1
14,15,4,0,1,0,3,0,0,16,1,1,1,5,0,6,1,4,0,5,0
9,20,0,1,1,0,3,0,0,0,1,1,1,1,0,1,0,6,6,11,1
1,14,4,0,1,0,3,0,0,16,1,1,1,8,0,1,0,6,5,7,1
1,18,4,1,1,0,3,1,0,11,1,1,1,0,0,1,5,2,0,3,1
5,20,4,1,1,0,3,1,0,2,1,1,1,1,0,1,2,1,0,2,0
14,14,0,0,1,3,3,0,1,2,1,1,1,7,2,1,0,6,6,11,1
10,20,4,0,1,0,3,1,0,12,1,1,1,0,0,1,0,6,3,10,0
5,15,4,0,1,3,3,0,1,2,1,1,1,5,0,1,2,6,0,4,1
2,15,4,1,1,0,3,3,0,16,1,1,1,0,0,1,0,1,3,3,0
1,15,4,0,1,4,3,0,1,2,1,1,1,5,0,0,5,0,0,0,1
5,10,4,0,1,4,3,0,1,2,1,1,1,0,0,5,0,6,5,10,0
14,15,0,1,1,0,3,0,0,0,1,1,1,0,2,1,0,7,11,12,1
4,18,4,1,1,4,3,3,1,14,1,1,1,0,0,1,0,4,6,7,1
1,18,4,1,1,0,3,1,0,2,1,1,1,0,0,1,5,0,0,0,1
12,18,4,0,1,0,3,3,0,9,1,1,1,8,2,1,0,6,10,8,1
3,20,4,1,1,0,3,1,0,2,1,1,1,5,0,1,0,2,2,5,0
13,21,0,0,1,0,3,0,0,9,1,1,1,5,2,1,0,6,6,14,1
9,15,4,0,1,0,3,0,0,2,1,1,1,1,0,0,5,0,0,5,1
13,18,4,0,1,4,3,0,1,11,1,1,1,5,2,1,0,9,6,13,0
5,20,4,1,1,3,3,0,1,2,1,1,1,5,0,1,0,4,11,4,0
2,17,4,0,1,0,3,1,0,0,1,1,1,8,0,0,5,0,0,0,1
7,18,4,0,1,0,3,3,0,2,1,1,1,0,0,9,2,0,0,0,0
11,20,4,0,1,0,1,0,0,10,1,1,1,0,2,1,0,9,3,10,1
1,18,4,0,1,0,3,0,0,2,1,1,1,0,0,0,5,0,0,0,1
10,17,4,0,1,0,3,1,0,2,1,1,1,8,0,1,0,4,10,7,1
4,19,0,0,1,0,3,0,0,2,1,1,1,0,0,1,0,6,10,12,1
15,18,0,0,1,0,3,3,0,1,1,1,1,0,2,1,0,5,2,10,1
13,19,4,1,1,0,3,0,0,0,1,1,1,0,2,1,0,5,2,6,1
6,20,4,0,1,0,3,1,0,0,1,1,1,0,0,1,0,8,11,14,1
11,18,4,1,1,0,3,1,0,2,1,1,1,0,2,7,5,0,0,0,1
14,20,4,0,1,0,3,1,0,0,1,1,1,0,2,3,0,6,0,11,0
8,18,4,0,1,0,3,0,0,5,1,1,1,7,0,1,0,8,3,12,1
3,15,4,1,0,0,3,0,0,2,1,1,0,0,0,0,5,0,0,0,1
13,21,0,0,1,4,3,0,1,1,1,1,1,5,2,1,0,6,6,14,0
8,20,4,1,1,0,3,0,0,2,1,1,1,0,0,1,0,6,0,4,1
8,17,2,0,1,0,3,1,0,7,1,1,1,2,0,1,0,6,4,9,1
14,18,0,0,1,4,3,0,1,1,1,1,1,0,2,1,0,4,6,9,1
1,19,4,0,1,0,3,3,0,2,1,1,1,0,0,0,5,0,0,0,1
15,19,4,1,1,0,3,0,0,2,1,1,1,0,2,3,0,6,2,6,1
10,20,4,1,1,0,3,0,0,2,1,1,1,0,0,1,0,6,3,12,1
8,19,4,0,1,0,2,0,0,2,1,1,1,0,0,1,0,6,4,7,1
9,3,4,0,0,0,1,3,0,12,0,0,1,7,0,0,5,0,0,1,1
8,15,0,0,1,4,3,0,1,2,1,1,1,0,0,1,0,6,11,6,1
6,14,4,0,1,4,3,0,1,5,1,1,1,5,0,1,0,1,2,5,1
12,13,4,0,1,0,3,0,0,15,1,1,1,1,2,0,5,0,0,0,1
8,18,0,0,1,0,3,0,0,0,1,1,1,0,0,1,0,8,4,12,0
13,19,0,1,1,4,3,0,1,1,1,1,1,0,2,1,0,6,6,8,1
5,20,4,0,1,0,3,0,0,2,1,1,1,5,0,1,0,6,2,4,1
10,15,4,0,1,0,3,0,0,2,1,1,1,7,0,1,0,6,4,10,1
6,18,4,0,1,0,3,1,0,0,1,1,1,8,0,1,0,6,1,13,0
2,18,4,0,1,0,3,0,0,2,1,1,1,0,0,3,0,1,8,6,1
5,15,4,1,1,0,3,1,0,10,1,1,1,0,0,6,0,5,0,3,0
13,21,0,0,1,4,3,0,1,1,1,1,1,5,2,7,0,9,3,14,1
4,15,4,1,1,0,3,0,0,2,1,1,1,7,0,1,0,6,3,5,1
12,15,0,1,1,0,3,0,0,0,1,1,1,1,2,3,0,1,8,1,1
0,18,4,1,1,3,3,0,1,2,1,1,1,7,0,1,5,3,0,1,1
9,19,0,1,1,0,3,1,0,0,1,1,1,0,0,3,0,6,3,13,1
6,15,4,1,1,0,3,0,0,12,1,1,1,7,0,1,2,0,0,8,1
0,18,4,1,1,0,3,0,0,2,1,1,1,5,0,1,0,1,4,1,1
13,20,4,0,1,3,3,0,1,2,1,1,1,5,2,1,0,2,2,4,1
9,14,0,1,1,0,3,3,0,0,1,1,1,0,0,1,0,5,10,7,1
3,20,4,0,1,0,3,0,0,2,1,1,1,0,0,1,0,6,9,7,0
6,15,0,1,1,4,3,0,1,1,1,1,1,0,0,1,0,6,1,12,0
6,20,4,1,1,0,3,3,0,11,1,1,1,8,0,1,0,3,0,3,0
12,20,4,0,1,0,3,0,0,0,1,1,1,1,2,1,0,6,3,13,1
0,18,4,0,1,4,3,0,1,2,1,1,1,5,0,1,0,8,2,9,1
1,15,4,1,1,0,3,0,0,2,1,1,1,6,0,1,0,5,10,3,0
11,18,4,1,1,4,3,0,1,12,1,1,1,5,2,1,0,6,3,9,1
14,15,4,0,1,0,3,3,0,2,1,1,1,0,2,1,0,6,11,9,1
6,18,4,0,1,0,3,3,0,2,1,1,1,5,0,1,5,0,0,11,1
5,17,0,1,1,4,3,0,1,1,1,1,1,5,0,4,0,9,4,2,1
8,20,4,1,1,0,3,0,0,2,1,1,1,5,0,1,0,6,10,12,1
9,15,4,0,1,0,3,0,0,0,1,1,1,1,0,1,0,6,8,6,0
1,14,4,0,1,4,3,0,1,9,1,1,1,7,0,1,2,6,0,8,0
7,15,4,1,1,0,3,0,0,2,1,1,1,7,0,1,0,6,6,9,1
4,10,0,1,1,0,0,0,0,7,1,1,1,3,0,5,3,3,3,9,1
12,18,4,0,1,0,3,0,0,14,1,1,1,0,2,3,0,6,8,10,1
10,21,0,0,1,4,3,0,1,0,1,1,1,5,0,1,0,6,3,14,0
5,10,4,1,1,4,3,0,1,2,1,1,1,0,0,5,0,6,4,10,1
5,20,4,0,1,0,3,1,0,5,1,1,1,0,0,1,0,6,3,9,1
1,18,4,1,1,0,3,0,0,0,1,1,1,1,0,1,0,1,3,2,0
4,18,4,0,1,0,3,0,0,2,1,1,1,7,0,1,0,4,4,5,1
13,15,0,0,1,4,3,0,1,0,1,1,1,5,2,1,0,6,4,10,1
0,15,4,0,1,0,3,0,0,16,1,1,1,1,0,3,5,1,0,1,0
1,15,4,0,1,0,3,1,0,2,1,1,1,8,0,1,0,3,1,4,1
12,11,2,1,1,4,3,0,1,0,1,1,1,0,2,1,0,9,1,13,1
7,20,4,1,1,0,3,1,0,2,1,1,1,0,0,2,0,1,8,1,1
10,19,0,0,1,0,3,1,0,0,1,1,1,0,0,1,0,8,8,13,1
5,20,4,0,1,0,3,1,0,11,1,1,1,0,0,4,0,8,1,11,0
9,17,0,1,1,4,3,3,1,1,1,1,1,7,0,1,0,6,5,9,1
11,18,4,0,1,3,3,0,1,0,1,1,1,7,2,1,0,6,4,8,1
9,19,4,0,1,0,3,3,0,2,1,1,1,0,0,1,0,9,3,10,1
2,14,4,1,1,0,3,3,0,2,1,1,1,0,0,1,0,3,1,5,1
12,17,4,1,1,0,3,3,0,0,1,1,1,0,2,0,5,0,0,0,1
11,13,0,1,1,0,3,0,0,8,1,1,1,7,2,1,5,6,0,5,1
0,18,4,1,1,0,3,0,0,16,1,1,1,1,0,0,5,0,0,0,0
12,18,4,0,1,0,3,3,0,12,1,1,1,8,2,1,0,7,11,9,1
4,15,4,0,1,0,3,0,0,2,1,1,1,0,0,1,0,4,1,4,1
5,20,0,0,1,0,3,1,0,1,1,1,1,0,0,1,0,6,4,6,0
9,18,1,0,1,0,0,1,0,0,1,1,1,1,0,5,3,9,9,9,0
14,19,0,1,1,0,3,1,0,1,1,1,1,0,2,1,5,0,0,0,1
2,15,4,0,1,0,3,0,0,2,1,1,1,1,0,0,5,0,0,0,1
2,15,4,1,0,0,3,0,0,2,1,1,1,0,0,1,0,6,4,2,1
14,20,4,0,1,0,3,1,0,0,1,1,1,0,2,3,0,9,6,13,0
1,15,4,0,1,0,3,0,0,2,1,1,1,0,0,1,0,6,4,9,1
11,15,0,0,1,0,3,0,0,1,1,1,1,0,2,1,0,6,3,14,1
1,18,4,0,1,0,3,0,0,0,1,1,1,0,0,1,0,5,3,8,1
3,15,4,0,1,0,0,0,0,16,1,1,1,0,0,5,3,2,4,1,1
0,15,4,0,1,0,3,0,0,2,1,1,1,0,0,0,5,0,0,0,1
1,18,4,1,1,0,3,1,0,2,1,1,1,0,0,0,5,0,0,0,1
5,19,4,1,1,0,3,0,0,2,1,1,1,0,0,1,0,2,3,5,1
14,18,0,0,1,0,3,0,0,8,1,1,1,5,2,1,0,7,4,11,1
2,18,4,1,0,0,3,1,0,2,1,1,1,0,0,0,5,0,0,4,1
6,20,4,0,1,0,3,0,0,2,1,1,1,5,0,4,0,9,6,11,1
10,20,2,0,1,0,3,1,0,12,1,1,1,0,0,1,0,6,11,14,1
6,21,4,1,1,0,3,0,0,2,1,1,1,8,0,8,5,6,0,11,1
11,20,4,0,1,0,3,0,0,11,1,1,1,0,2,1,2,2,0,5,1
8,18,4,0,0,0,3,1,0,9,1,1,0,0,0,0,5,0,0,0,1
1,18,4,1,1,0,3,0,0,2,1,1,1,7,0,0,5,0,0,0,1
0,18,4,1,1,0,3,1,0,16,1,1,1,0,0,2,0,2,0,1,0
14,22,1,1,1,3,3,1,1,0,1,1,1,1,2,1,0,9,9,11,0
13,23,2,1,1,0,3,3,0,5,1,1,1,0,2,1,5,6,0,3,1
6,19,4,0,1,0,3,0,0,2,1,1,1,7,0,1,1,6,0,11,1
12,11,4,1,0,0,3,0,0,5,0,1,1,0,2,1,0,6,8,13,1
6,15,4,0,1,0,3,1,0,0,1,1,1,7,0,3,0,2,3,6,1
1,18,4,0,1,0,3,0,0,16,1,1,1,1,0,0,5,0,0,0,0
0,17,4,0,1,4,3,0,0,16,1,1,1,7,0,1,5,4,0,1,0
11,16,4,0,1,0,3,0,0,0,1,1,1,7,2,1,0,6,1,8,1
2,15,4,1,1,0,3,0,0,16,1,1,1,0,0,6,5,1,0,3,1
1,17,4,0,0,0,3,1,0,15,0,0,0,0,0,0,5,0,0,2,0
15,20,4,0,1,0,3,0,0,11,1,1,1,1,2,6,0,6,6,11,1
8,18,4,0,1,0,3,0,0,12,1,1,1,7,0,3,0,6,3,10,0
6,19,4,0,1,0,3,0,0,2,1,1,1,0,0,1,0,3,5,11,1
9,18,3,1,0,0,3,0,0,14,1,1,0,7,1,0,5,0,0,2,1
3,19,4,1,1,0,3,0,0,2,1,1,1,7,0,1,1,2,0,5,1
0,18,4,0,1,0,3,0,0,16,1,1,1,0,0,0,5,0,0,0,0
13,19,0,0,1,0,3,0,0,8,1,1,1,0,2,1,1,3,0,11,1
3,18,4,1,0,0,3,1,0,16,1,1,0,8,0,0,5,0,0,1,0
4,18,4,0,1,0,1,0,0,0,1,1,1,0,0,1,0,6,7,7,0
10,21,4,0,1,0,3,0,0,0,1,1,1,5,0,7,0,5,5,14,1
10,15,4,0,1,0,3,0,0,12,1,1,1,0,0,1,0,6,11,10,1
4,18,4,0,1,0,3,1,0,2,1,1,1,0,0,1,0,3,1,4,0
5,17,4,1,0,0,3,1,0,12,1,1,0,0,2,0,5,0,0,6,1
11,15,4,0,1,0,3,3,0,12,1,1,1,0,2,1,0,6,11,12,1
14,8,0,1,1,4,3,3,1,11,1,1,1,0,2,1,0,6,4,4,1
9,23,3,1,1,3,3,0,1,0,1,1,1,0,0,9,5,8,11,13,0
11,11,0,0,1,0,3,0,0,15,1,1,1,0,2,1,5,9,0,0,1
9,14,4,0,1,0,3,0,0,4,1,1,0,8,0,1,0,6,7,6,0
8,15,4,0,1,0,3,3,0,2,1,1,1,0,0,0,5,0,0,0,1
5,15,4,1,1,0,3,0,0,4,1,1,1,7,0,0,5,0,0,4,1
1,18,4,1,1,0,3,0,0,2,1,1,1,0,0,1,0,1,11,4,1
10,19,4,0,1,0,3,3,0,2,1,1,1,7,0,1,0,6,2,8,1
9,15,0,0,1,0,3,0,0,0,1,1,1,7,0,1,2,6,0,5,1
11,19,4,0,1,0,3,0,0,11,1,1,1,0,2,1,0,4,4,5,1
3,18,4,0,1,0,3,1,0,0,1,1,1,0,0,1,0,2,8,4,0
0,18,4,1,1,0,3,2,0,8,1,1,1,0,0,1,5,3,0,1,0
4,18,4,0,1,0,3,0,0,2,1,1,1,0,0,1,0,6,2,5,1
9,18,4,1,1,0,3,0,0,0,1,1,1,0,0,3,0,6,3,12,0
14,20,2,0,1,4,3,0,1,0,1,1,1,0,2,1,0,6,8,12,1
9,14,0,1,1,0,3,3,0,2,1,1,1,0,0,3,0,1,4,4,1
9,21,4,1,1,0,3,0,0,0,1,1,1,5,0,3,0,6,4,12,1
7,20,4,1,1,3,3,0,1,9,1,1,1,5,0,1,0,2,2,8,1
15,22,4,0,1,0,3,0,0,15,1,1,1,0,2,0,5,0,0,0,1
3,21,4,0,1,0,3,0,0,5,1,1,1,0,0,2,0,6,2,10,0
0,18,4,1,1,4,3,0,1,14,1,1,1,0,0,0,5,0,0,0,1
6,20,4,1,1,0,3,1,0,11,1,1,1,8,0,1,5,3,0,2,0
0,18,4,0,1,0,3,3,0,2,1,1,1,0,0,3,0,1,0,1,0
13,20,0,0,1,0,3,0,0,0,1,1,1,0,2,1,0,9,4,14,1
12,18,4,0,1,0,3,0,0,0,1,1,1,2,2,6,0,7,7,14,1
8,19,0,1,1,0,3,0,0,0,1,1,1,0,0,1,0,6,8,13,0
10,15,4,1,1,0,1,0,0,0,1,1,1,0,0,5,0,9,8,7,0
14,18,4,0,1,0,3,0,0,12,1,1,1,1,2,1,0,6,3,10,0
15,23,2,0,1,0,3,1,0,15,1,1,1,0,2,1,5,6,0,14,0
1,18,4,1,1,0,3,0,0,16,1,1,1,5,0,1,0,3,5,8,0
4,12,4,1,0,0,3,0,0,0,1,1,1,0,0,0,5,0,0,5,1
15,17,4,0,1,0,3,0,0,0,1,1,1,7,2,1,0,6,4,11,1
10,17,4,1,1,0,3,1,0,0,1,1,1,0,0,1,0,1,2,3,1
14,14,0,1,1,4,3,0,1,0,1,1,1,7,2,1,0,6,5,7,1
3,18,4,1,1,0,3,3,0,9,1,1,1,0,0,1,2,1,0,4,1
5,15,4,0,0,0,3,0,0,2,1,1,1,0,0,1,0,6,4,8,1
8,20,4,1,1,3,3,0,1,0,1,1,1,0,0,1,0,6,11,13,1
4,20,4,1,1,0,3,1,0,4,1,1,1,0,0,1,0,6,6,9,1
8,13,0,1,0,4,3,3,1,8,1,1,1,0,0,0,5,0,0,0,1
12,15,4,1,1,0,3,3,0,2,1,1,1,8,2,1,5,0,0,0,1
6,20,4,1,1,0,3,3,0,11,1,1,1,8,0,1,0,6,0,9,0
15,22,0,1,1,0,3,0,0,1,1,1,1,5,2,1,0,5,9,10,1
1,15,4,1,1,0,3,1,0,0,1,1,1,0,0,1,0,1,3,6,1
7,15,4,1,1,0,3,3,0,4,1,1,1,0,0,1,0,6,2,7,1
11,19,0,1,1,0,3,0,0,2,1,1,1,0,2,1,0,6,6,13,1
15,21,0,1,1,4,3,0,1,1,1,1,1,5,2,0,5,0,0,0,1
15,15,4,1,1,4,3,0,1,16,1,1,1,1,0,2,5,4,0,4,0
7,15,4,1,1,0,3,0,0,2,1,1,1,5,0,1,0,5,2,10,1
14,20,4,0,0,0,3,0,0,2,1,1,1,5,2,1,5,0,0,13,1
10,18,0,1,1,0,3,3,0,1,1,1,1,0,0,1,0,6,1,12,0
11,18,4,1,1,0,3,0,0,16,1,1,1,5,2,2,5,1,0,2,0
12,15,4,1,1,3,3,3,1,2,1,1,1,5,2,0,5,0,0,4,1
3,15,0,0,1,4,3,0,1,1,1,1,1,0,0,1,0,4,3,5,1
15,15,0,0,1,0,3,0,0,1,1,1,1,7,2,1,0,4,8,5,0
8,15,0,0,1,0,3,2,0,8,1,1,1,0,0,1,0,2,6,7,1
3,18,4,1,1,0,3,0,0,2,1,1,1,0,0,1,5,0,0,0,1
8,20,4,1,1,0,3,2,0,0,1,1,1,8,0,1,5,3,0,1,0
9,20,4,0,1,0,3,0,0,2,1,1,1,5,0,1,0,7,11,13,1
0,17,4,1,0,0,3,3,0,16,1,1,0,0,0,0,5,0,0,3,0
10,19,0,1,1,0,3,0,0,0,1,1,1,0,0,2,0,6,3,9,1
15,15,0,1,1,0,3,3,0,0,1,1,1,0,2,4,0,6,10,11,1
10,14,4,0,1,4,3,0,1,15,1,1,1,7,0,0,5,0,0,0,0
2,18,4,1,1,0,3,0,0,16,1,1,1,0,0,2,5,1,0,2,0
10,16,0,0,1,4,3,0,1,0,1,1,1,2,0,1,0,6,1,14,1
14,20,4,0,1,0,3,0,0,2,1,1,1,7,2,1,0,6,4,9,1
0,15,4,0,1,0,3,0,0,11,1,1,1,0,0,0,5,0,0,0,0
7,20,4,1,1,4,3,0,1,2,1,1,1,5,0,1,0,5,0,9,1
13,15,4,1,1,0,3,3,0,4,1,1,1,0,2,1,0,5,6,7,1
1,18,4,1,1,0,3,1,0,10,1,1,1,0,0,1,0,6,1,10,0
3,18,4,1,1,0,3,3,0,2,1,1,1,7,0,1,0,1,2,2,1
7,15,4,0,1,0,3,0,0,2,1,1,1,0,0,1,0,6,10,9,1
7,20,4,0,1,0,3,3,0,2,1,1,1,0,0,1,0,8,10,6,1
6,18,4,0,1,0,3,0,0,11,1,1,1,0,0,1,0,2,3,5,0
4,17,4,1,1,0,3,3,0,2,1,1,1,3,0,4,0,4,3,4,1
4,17,4,1,1,0,3,0,0,2,1,1,1,5,0,1,5,3,0,1,1
9,18,4,0,1,0,3,0,0,0,1,1,1,0,0,1,0,5,2,6,0
5,18,4,1,1,4,3,0,1,10,1,1,1,5,0,1,0,8,3,6,1
0,15,4,0,1,0,3,0,0,2,1,1,1,0,0,0,5,0,0,0,1
15,9,0,0,1,0,3,1,0,12,1,1,1,7,2,2,0,8,1,4,0
8,20,4,0,1,0,3,0,0,2,1,1,1,0,0,1,0,7,6,12,1
11,20,4,1,1,0,3,1,0,0,1,1,1,0,2,6,0,8,0,11,1
13,19,4,1,1,0,3,1,0,12,1,1,1,0,2,0,5,0,0,5,1
10,14,0,0,1,0,3,1,0,15,1,1,1,8,0,1,5,0,0,0,0
4,20,4,0,1,0,3,0,0,4,1,1,1,0,0,1,0,1,3,4,1
13,21,0,1,1,0,3,1,0,0,1,1,1,1,2,3,0,6,8,10,0
10,20,4,1,1,0,3,3,0,12,1,1,1,0,0,1,0,8,11,13,0
0,15,4,0,1,0,3,3,0,2,1,1,1,0,0,0,5,0,0,0,1
11,20,4,1,1,0,3,0,0,0,1,1,1,7,2,4,0,1,1,2,0
13,0,4,1,1,0,3,3,0,12,1,1,1,0,2,0,5,0,0,7,1
2,16,4,1,1,0,3,0,0,2,1,1,1,0,0,1,0,1,6,2,1
3,18,4,1,1,4,3,0,1,14,1,1,1,0,0,1,5,4,0,3,0
13,20,4,0,1,0,3,3,0,11,1,1,1,5,2,1,0,6,2,13,0
0,18,4,1,1,4,3,0,1,11,1,1,1,5,0,0,5,0,0,0,1
13,21,4,1,1,3,3,2,1,0,1,1,1,8,2,1,0,2,9,7,1
1,18,4,1,1,0,3,1,0,2,1,1,1,8,0,1,1,1,0,1,1
3,16,4,0,1,0,3,0,0,2,1,1,1,7,0,1,5,3,0,2,1
8,20,4,0,1,0,3,0,0,15,1,1,1,0,0,1,5,6,0,1,0
0,18,4,0,1,0,3,0,0,9,1,1,1,5,0,1,0,4,3,3,1
12,15,0,0,1,0,3,0,0,15,1,1,1,7,2,1,5,0,0,0,1
13,15,0,0,1,0,3,3,0,7,1,1,1,0,2,0,5,0,0,5,1
1,15,4,0,1,4,3,0,1,12,1,1,1,7,0,1,0,7,3,2,1
5,20,4,0,1,4,3,0,1,2,1,1,1,5,0,1,0,5,11,6,0
13,21,4,1,1,3,3,0,1,0,1,1,1,5,2,1,0,6,4,14,1
6,19,0,0,1,0,3,0,0,9,1,1,1,0,0,1,0,4,0,9,1
4,18,4,0,1,0,1,0,0,16,1,1,1,7,0,1,0,9,10,8,1
7,15,0,1,1,0,3,0,0,0,1,1,1,7,0,1,0,6,8,5,1
0,15,4,1,1,0,3,1,0,2,1,1,1,0,0,1,0,4,2,5,1
14,10,4,1,1,4,3,0,1,0,1,1,1,0,2,5,0,6,5,10,1
7,20,4,1,1,0,3,0,0,0,1,1,1,0,0,3,0,6,7,12,1
11,15,0,1,1,0,3,1,0,1,1,1,1,7,2,1,2,6,0,8,1
13,21,0,0,1,0,3,1,0,0,1,1,1,0,2,1,0,9,5,14,1
2,18,4,1,1,0,3,3,0,2,1,1,1,0,0,1,0,6,3,6,1
15,21,0,1,1,4,3,0,1,1,1,1,1,5,2,0,5,0,0,0,1
14,15,4,1,1,0,3,0,0,2,1,1,1,0,2,1,0,6,5,9,1
2,18,4,1,1,0,3,0,0,0,1,1,1,0,0,1,0,2,1,4,0
1,17,4,1,1,0,3,0,0,2,1,1,1,0,0,0,5,0,0,0,1
6,19,4,1,1,0,3,1,0,2,1,1,1,8,0,1,0,3,6,10,0
9,20,4,1,1,0,3,1,0,2,1,1,1,0,0,1,0,4,3,4,1
13,15,0,0,1,0,3,0,0,1,1,1,1,0,2,1,0,4,0,6,1
9,0,3,1,1,0,1,3,0,2,1,1,1,3,2,0,5,0,0,6,1
0,18,4,1,1,0,3,0,0,16,1,1,1,5,0,0,5,0,0,3,1
10,10,4,0,1,4,3,0,1,2,1,1,1,0,0,5,2,0,0,0,1
9,20,4,1,1,0,3,3,0,11,1,1,1,0,0,3,5,6,0,3,0
9,20,4,1,1,0,3,1,0,2,1,1,1,5,0,1,0,6,8,11,0
2,18,4,1,1,0,3,3,0,2,1,1,1,7,0,1,0,3,5,9,1
12,15,4,0,1,0,3,3,0,2,1,1,1,0,2,0,5,0,0,2,1
15,21,4,1,1,3,3,0,1,2,1,1,1,0,2,1,0,8,2,8,1
4,15,0,0,1,0,3,0,0,14,1,1,1,7,0,1,0,6,8,9,1
15,18,0,1,1,4,3,0,1,1,1,1,1,7,2,1,2,6,0,2,1
1,18,4,1,1,0,3,0,0,2,1,1,1,0,0,0,5,0,0,0,1
7,19,4,0,1,0,3,3,0,2,1,1,1,7,0,1,0,6,2,7,1
8,18,4,1,1,0,3,0,0,0,1,1,1,0,0,1,0,6,4,9,1
1,18,4,1,1,0,3,3,0,2,1,1,1,0,0,2,0,1,1,5,1
7,18,4,0,1,4,3,0,1,2,1,1,1,5,0,1,0,6,4,2,1
6,18,4,0,1,0,3,1,0,7,1,1,1,0,0,1,0,4,11,9,1
9,18,4,0,0,0,3,3,0,2,1,1,0,8,0,1,5,0,0,4,1
9,15,4,1,1,0,3,0,0,2,1,1,1,0,0,9,2,0,0,0,1
12,15,0,0,1,0,3,0,0,1,1,1,1,1,2,1,0,6,6,7,1
6,19,4,0,1,0,3,0,0,12,1,1,1,1,0,1,2,1,0,2,1
11,18,4,1,1,0,3,0,0,2,1,1,1,2,2,2,5,0,0,0,1
5,15,4,0,1,4,3,0,1,14,1,1,1,0,0,0,5,0,0,0,0
3,18,4,1,1,0,3,1,0,2,1,1,1,5,0,1,0,1,6,2,1
10,14,4,1,0,0,3,0,0,0,1,1,0,0,0,1,1,6,0,8,0
6,15,4,0,1,0,3,0,0,0,1,1,1,7,0,1,0,4,9,7,1
0,18,4,1,1,0,3,3,0,2,1,1,1,7,0,3,0,1,2,2,1
10,15,4,0,1,0,3,1,0,2,1,1,1,0,0,6,0,6,7,7,1
13,20,0,0,1,3,3,3,1,1,1,1,1,5,2,7,0,9,11,13,1
15,21,0,1,1,4,3,0,1,0,1,1,1,5,2,1,0,8,2,13,1
6,15,4,1,1,0,3,1,0,5,1,1,1,0,0,1,0,6,5,6,1
13,15,4,0,1,0,3,1,0,0,1,1,1,8,2,3,5,0,0,5,1
5,19,4,1,1,0,3,3,0,2,1,1,1,0,0,1,0,4,6,10,1
7,15,0,1,1,0,3,0,0,1,1,1,1,0,0,0,5,0,0,0,1
0,18,4,0,1,0,3,2,0,2,1,1,1,0,0,1,0,3,6,2,1
3,18,4,0,1,0,3,0,0,14,1,1,1,7,0,1,0,2,4,4,1
14,15,0,0,1,3,3,0,1,1,1,1,1,0,2,1,0,6,8,11,1
14,22,0,1,1,0,3,0,0,0,1,1,1,0,2,1,0,7,8,13,1
0,15,4,0,1,0,3,3,0,2,1,1,1,0,0,1,5,0,0,1,1
15,21,0,1,1,0,3,1,0,0,1,1,1,0,2,4,0,9,5,14,1
5,15,4,0,1,0,3,0,0,0,1,1,1,5,0,1,0,6,3,9,1
11,15,4,1,1,0,3,0,0,0,1,1,1,5,2,1,5,0,0,4,0
4,15,4,0,1,0,3,0,0,16,1,1,1,8,0,1,0,6,10,8,1
7,18,4,0,1,0,3,0,0,2,1,1,1,0,0,1,0,6,11,5,1
12,15,4,0,1,0,3,0,0,12,1,1,1,0,2,1,0,6,6,9,1
3,20,4,1,1,0,3,0,0,2,1,1,1,5,0,2,0,2,8,3,1
2,15,4,0,1,0,3,0,0,15,1,1,1,0,0,0,5,0,0,0,1
3,15,0,1,1,0,3,0,0,0,1,1,1,0,0,1,0,6,2,7,0
0,18,4,1,1,0,3,0,0,2,1,1,1,5,0,1,0,1,8,5,1
4,18,4,1,1,0,1,0,0,0,1,1,1,0,0,5,0,6,4,7,1
11,15,4,0,1,0,3,1,0,2,1,1,1,0,2,1,0,6,5,11,1
12,20,4,0,1,0,3,0,0,0,1,1,1,0,2,1,0,6,2,8,1
0,15,4,0,1,0,0,0,0,16,1,1,1,0,0,5,3,9,0,6,0
10,20,0,0,1,4,3,0,1,1,1,1,1,5,0,1,5,0,0,0,0
8,20,0,0,1,0,3,1,0,0,1,1,1,0,0,1,0,3,4,10,1
13,17,2,0,1,0,3,3,0,7,1,1,1,0,2,0,5,0,0,7,1
9,18,2,0,1,0,3,2,0,0,1,1,1,6,0,3,0,3,10,11,0
10,14,4,0,1,4,3,0,1,15,1,1,1,5,0,0,5,0,0,0,1
14,8,0,0,1,4,3,0,1,11,1,1,1,7,2,1,0,6,4,6,1
11,18,4,0,1,0,3,0,0,0,1,1,1,0,2,1,0,4,3,5,1
13,7,0,1,1,0,3,0,0,5,1,1,1,7,2,2,2,2,0,3,1
2,18,4,1,1,0,3,1,0,16,1,1,1,0,0,0,5,0,0,5,1
12,16,3,0,1,0,3,0,0,0,1,1,1,0,2,1,0,7,2,4,0
8,20,4,0,1,0,3,0,0,0,1,1,1,0,0,1,0,8,11,13,0
8,17,4,0,1,0,3,1,0,7,1,1,1,8,0,1,0,5,6,7,1
4,18,4,0,1,0,3,0,0,2,1,1,1,5,0,1,5,0,0,3,1
2,19,4,1,1,0,3,3,0,11,1,1,1,5,0,0,5,0,0,0,0
1,17,4,0,1,0,3,0,0,7,1,1,1,0,0,0,5,0,0,0,1
3,13,4,1,1,0,3,0,1,9,1,1,1,5,0,6,0,1,4,4,1
10,15,4,1,1,0,3,0,0,5,1,1,1,0,0,1,0,1,4,3,1
4,15,4,0,0,0,3,1,0,15,1,1,0,0,0,0,5,0,0,1,0
5,20,4,1,1,0,3,1,0,0,1,1,1,8,0,0,5,0,0,0,1
1,15,0,0,1,4,3,3,0,8,1,1,1,0,0,1,0,4,5,8,0
9,20,4,1,1,0,3,0,0,2,1,1,1,5,0,3,0,6,6,6,1
8,18,4,0,1,0,3,0,0,0,1,1,1,0,0,1,0,7,2,13,1
11,18,4,0,1,0,3,0,0,11,1,1,1,0,2,1,0,7,10,10,1
7,22,4,1,1,0,3,1,0,7,1,1,1,8,0,1,0,6,6,10,1
11,15,0,0,1,0,3,0,0,1,1,1,1,0,2,1,0,6,10,8,1
0,17,4,1,1,0,3,3,0,16,1,1,1,8,0,0,5,0,0,0,0
15,20,0,0,1,0,3,0,0,0,1,1,1,5,2,1,0,6,8,14,1
12,20,0,1,1,0,3,0,0,1,1,1,1,7,2,2,5,0,0,0,1
12,15,0,0,1,4,3,0,1,0,1,1,1,7,2,1,0,4,4,7,1
7,18,4,1,1,0,3,1,0,10,1,1,1,0,0,1,0,9,8,11,0
10,15,4,1,1,0,3,3,0,0,1,1,1,0,0,1,2,6,0,8,0
10,20,0,1,1,0,3,0,0,1,1,1,1,0,0,4,0,6,5,12,0
12,13,0,0,1,4,3,0,1,0,1,1,1,1,2,1,0,8,2,12,1
12,15,0,1,1,0,3,0,0,2,1,1,1,0,2,0,5,0,0,0,1
4,17,4,0,1,0,3,1,0,2,1,1,1,0,0,1,0,6,4,8,1
14,5,2,0,1,3,1,0,1,2,1,1,1,0,2,3,0,6,10,14,1
8,20,4,1,1,0,3,0,0,0,1,1,1,0,0,1,0,7,3,13,1
1,13,4,0,1,4,3,0,1,2,1,1,1,5,0,1,5,0,0,0,1
15,22,0,1,1,3,3,0,1,1,1,1,1,7,2,1,0,4,6,8,0
7,19,4,1,1,0,3,0,0,0,1,1,1,1,0,1,0,6,4,10,1
0,18,4,0,1,0,3,1,0,2,1,1,1,0,0,1,0,3,7,5,1
5,14,4,0,1,3,3,0,1,15,1,1,1,0,0,1,5,0,0,1,0
0,17,4,1,1,0,3,0,0,2,1,1,1,7,0,1,0,6,3,5,1
1,15,4,0,1,0,3,0,0,2,1,1,1,0,0,1,0,6,3,10,1
9,15,4,1,1,0,3,0,0,2,1,1,1,0,0,9,2,0,0,0,1
0,15,4,0,1,0,3,1,0,16,1,1,1,0,0,1,0,1,2,3,0
2,18,4,1,1,3,3,0,1,2,1,1,1,5,0,0,5,0,0,0,1
5,15,0,1,1,4,3,0,1,1,1,1,1,0,0,1,0,5,2,5,0
7,19,4,0,1,0,3,0,0,2,1,1,1,7,0,2,0,6,8,11,1
10,18,4,0,1,0,3,3,0,0,1,1,1,7,0,1,0,6,10,10,0
6,13,4,0,1,0,3,3,0,10,1,1,1,0,0,1,0,6,5,6,1
0,18,4,1,1,0,3,1,0,11,1,1,1,0,0,1,0,8,8,6,1
7,20,4,1,1,0,3,1,0,0,1,1,1,0,0,2,0,1,8,5,1
15,19,0,1,1,4,3,0,1,1,1,1,1,7,2,0,5,0,0,0,1
12,15,2,1,1,0,3,1,0,0,1,1,1,0,2,4,5,0,0,11,0
9,14,4,0,1,4,3,0,1,0,1,1,1,0,0,1,0,8,1,7,1
9,20,4,0,1,3,3,0,1,2,1,1,1,7,0,1,0,2,4,6,1
11,20,4,0,1,0,3,0,0,0,1,1,1,0,2,1,0,7,0,8,1
11,18,4,1,1,0,3,0,0,5,1,1,1,0,2,1,0,2,2,4,1
7,19,4,0,1,0,3,1,0,0,1,1,1,5,0,5,0,6,4,10,1
14,14,0,1,1,4,3,0,1,0,1,1,1,5,2,0,5,0,0,0,1
0,15,4,0,1,0,3,0,0,7,1,1,1,0,0,1,0,6,6,6,1
4,18,4,1,1,0,3,1,0,2,1,1,1,0,0,1,0,4,0,8,1
2,18,4,0,1,0,3,0,0,2,1,1,1,0,0,1,0,8,2,6,1
0,17,4,1,1,0,3,3,0,16,1,1,1,0,0,1,0,3,4,3,0
10,15,4,0,1,0,3,0,0,12,1,1,1,7,0,1,0,6,2,12,1
5,15,4,0,1,0,3,0,0,7,1,1,1,0,0,1,0,2,2,4,1
11,14,4,0,1,4,3,3,1,0,1,1,1,0,2,1,0,8,8,12,1
5,18,4,0,1,0,3,3,0,5,1,1,1,0,0,1,0,9,10,10,1
7,20,0,1,1,0,3,1,0,1,1,1,1,0,0,1,0,6,5,12,1
14,18,4,1,1,0,3,3,0,2,1,1,1,7,2,1,0,5,9,2,1
0,18,4,1,1,0,3,0,0,9,1,1,1,0,0,1,0,6,0,8,1
10,14,4,1,1,0,3,0,0,15,1,1,1,7,0,1,5,0,0,1,1
9,20,0,1,1,0,3,1,0,0,1,1,1,0,0,1,0,6,4,11,1
5,14,4,0,1,0,3,0,0,2,1,1,1,0,0,0,5,0,0,4,1
3,19,4,0,1,0,3,0,0,12,1,1,1,0,0,1,0,6,2,10,0
10,13,0,1,1,0,3,0,0,8,1,1,1,7,0,1,0,6,6,13,1
5,17,4,1,1,0,3,0,0,2,1,1,1,0,0,1,0,6,3,11,1
11,20,0,1,1,3,3,0,1,0,1,1,1,5,2,1,0,6,1,11,1
6,15,4,0,1,0,3,0,0,2,1,1,1,7,0,0,5,0,0,0,1
7,10,4,0,0,4,3,0,1,0,1,1,0,0,0,5,5,0,0,1,1
9,18,4,1,1,0,3,1,0,0,1,1,1,0,0,1,0,6,1,11,1
2,18,4,1,1,0,3,1,0,2,1,1,1,0,0,0,5,0,0,0,1
7,3,0,0,1,0,1,3,0,12,1,1,1,7,0,1,0,5,3,7,1
9,18,4,1,1,0,3,3,0,2,1,1,1,7,0,1,5,0,0,0,1
4,20,4,1,1,0,3,0,0,9,1,1,1,7,0,1,0,6,6,8,1
14,21,4,0,1,4,3,0,1,0,1,1,1,0,2,1,0,7,5,14,1
0,15,4,1,1,0,3,3,0,2,1,1,1,0,0,1,5,0,0,0,1
4,15,4,0,1,0,3,0,0,2,1,1,1,0,0,0,5,0,0,2,1
3,20,4,0,1,0,3,1,0,2,1,1,1,0,0,1,0,6,8,12,1
8,18,2,1,0,0,3,0,0,2,1,1,1,0,0,1,5,0,0,8,1
9,15,4,0,1,4,3,0,1,9,1,1,1,5,0,1,0,6,11,11,1
3,19,4,0,1,0,3,0,0,2,1,1,1,0,0,3,5,0,0,0,1
11,15,0,0,1,3,1,0,1,2,1,1,1,5,2,1,0,6,7,8,1
1,18,4,1,1,0,3,0,0,2,1,1,1,0,0,1,0,1,10,2,1
4,15,4,1,1,4,3,0,1,2,1,1,1,5,0,1,0,6,6,9,1
5,20,4,1,1,0,3,0,0,2,1,1,1,7,0,2,0,2,11,3,1
1,15,4,0,1,0,3,3,0,16,1,1,1,0,0,2,0,8,3,7,0
15,20,0,1,1,0,3,0,0,0,1,1,1,5,2,2,0,6,10,13,0
13,11,4,0,1,0,3,0,0,11,1,1,1,0,2,1,0,9,3,14,1
2,18,4,0,1,0,3,0,0,2,1,1,1,8,0,1,0,2,8,4,1
6,18,4,0,1,3,3,0,1,2,1,1,1,5,0,1,0,6,3,9,1
4,19,4,0,1,0,3,1,0,2,1,1,1,0,0,1,0,6,3,10,1
1,18,4,0,1,0,3,0,0,2,1,1,1,0,0,0,5,0,0,0,1
14,15,4,0,1,0,3,0,0,0,1,1,1,7,2,2,0,6,3,11,1
8,17,4,0,1,0,3,0,0,11,1,1,1,0,0,1,0,9,2,8,1
4,18,4,0,1,4,3,0,1,14,1,1,1,7,0,1,0,2,6,6,1
11,21,4,0,1,3,3,0,1,0,1,1,1,5,2,1,0,6,3,11,0
13,18,0,1,1,2,3,1,0,2,1,1,1,0,2,1,0,4,3,7,1
2,15,4,1,1,0,3,1,0,0,1,1,1,0,0,0,5,0,0,0,1
13,20,4,0,1,2,3,3,0,12,1,1,1,0,2,1,0,6,10,14,1
15,19,4,1,1,0,3,0,0,7,1,1,1,7,2,1,0,6,11,5,1
15,20,0,0,1,0,3,1,0,0,1,1,1,0,2,1,0,9,4,14,1
14,15,0,0,1,0,3,0,0,0,1,1,1,0,2,1,0,6,6,13,1
0,15,4,1,1,0,3,0,0,16,1,1,1,1,0,1,0,1,1,2,0
11,16,0,0,1,0,3,0,0,1,1,1,1,0,2,0,5,0,0,0,1
10,17,0,0,1,0,3,0,0,8,1,1,1,7,0,4,0,6,4,11,1
3,18,4,0,1,0,3,1,0,2,1,1,1,0,0,1,5,1,0,1,1
3,18,4,0,1,0,3,3,0,14,1,1,1,0,0,1,0,8,4,10,0
8,20,4,0,1,0,3,0,0,2,1,1,1,5,0,1,0,4,7,7,1
5,14,4,1,0,0,3,3,0,2,1,1,0,7,0,1,2,0,0,4,1
5,20,4,1,1,0,3,3,0,11,1,1,1,0,0,1,2,8,0,4,0
6,15,4,0,1,3,3,0,1,2,1,1,1,7,0,1,0,6,8,10,1
5,15,4,1,1,0,3,0,0,0,1,1,1,7,0,6,0,1,6,3,1
12,21,4,0,1,0,3,3,0,0,1,1,1,0,2,1,0,7,6,13,0
14,18,0,1,1,0,3,0,0,1,1,1,1,1,2,6,5,0,0,0,0
12,18,4,0,1,0,3,1,0,0,1,1,1,8,2,3,0,3,4,5,0
2,15,4,1,1,4,3,0,1,9,1,1,1,7,0,9,2,4,0,0,1
6,13,4,1,1,4,3,0,1,0,1,1,1,7,0,1,5,0,0,0,1
4,20,4,0,1,3,3,0,1,2,1,1,1,5,0,1,0,6,4,11,1
3,15,4,1,1,0,3,1,0,2,1,1,1,0,0,1,0,3,8,5,1
7,20,4,1,1,0,3,3,0,2,1,1,1,5,0,1,0,2,8,4,1
10,20,4,1,1,0,3,0,0,2,1,1,1,0,0,1,0,6,0,9,0
8,21,0,0,1,0,3,1,0,0,1,1,1,8,0,3,1,9,0,12,0
9,15,0,0,1,0,0,0,0,16,1,1,1,0,0,5,3,9,4,6,1
13,15,0,1,1,4,3,0,1,0,1,1,1,7,2,1,0,8,2,11,1
5,20,4,1,1,0,3,1,0,2,1,1,1,8,0,1,0,1,8,6,0
9,19,4,1,1,0,3,1,0,0,1,1,1,0,0,1,0,6,8,6,1
15,20,0,0,1,4,3,0,1,1,1,1,1,0,2,6,0,6,0,9,0
3,20,4,1,1,0,3,0,0,9,1,1,1,0,0,1,0,6,8,14,1
10,19,4,0,1,0,3,1,0,2,1,1,1,8,0,1,0,1,2,7,1
1,18,4,0,1,0,3,0,0,2,1,1,1,5,0,0,5,0,0,0,1
3,14,4,0,0,0,3,1,0,2,1,1,0,0,0,0,5,0,0,1,1
5,17,4,0,0,0,3,0,0,2,1,1,0,0,0,0,5,0,0,0,1
9,21,0,1,1,0,3,0,0,1,1,1,1,5,0,2,0,6,11,12,1
1,18,4,0,1,0,3,1,0,0,1,1,1,0,0,2,0,7,3,12,0
7,18,4,0,1,0,3,0,0,2,1,1,1,5,0,1,0,6,3,11,1
3,15,4,0,1,0,3,0,0,2,1,1,1,7,0,1,0,6,1,9,1
7,15,0,0,1,0,3,1,0,0,1,1,1,0,0,6,1,4,0,1,1
5,15,4,0,1,0,3,0,0,2,1,1,1,7,0,1,0,4,3,2,1
11,21,4,0,1,0,3,1,0,0,1,1,1,0,2,1,2,6,0,14,1
9,20,4,0,1,0,3,0,0,0,1,1,1,5,0,1,0,6,6,10,0
8,20,0,1,1,0,3,0,0,0,1,1,1,5,0,1,0,6,6,14,0
0,18,4,1,1,0,3,0,0,16,1,1,1,7,0,0,5,0,0,0,1
4,18,4,0,1,0,3,0,0,2,1,1,1,7,0,1,0,3,4,9,1
9,18,0,0,1,0,3,0,0,1,1,1,1,7,0,1,0,6,11,13,1
2,22,4,1,1,0,3,0,0,7,1,1,1,0,0,3,0,6,4,5,1
5,21,4,0,1,0,3,1,0,2,1,1,1,8,0,1,0,6,6,9,1
8,20,0,0,1,0,3,0,0,1,1,1,1,0,0,1,0,8,11,13,1
14,20,4,0,1,0,3,0,0,0,1,1,1,0,2,1,0,6,6,12,1
15,15,0,1,1,4,3,3,1,1,1,1,1,0,2,1,0,6,0,9,1
4,18,4,0,1,0,3,0,0,2,1,1,1,1,0,1,0,6,2,5,1
11,20,4,0,1,0,3,1,0,0,1,1,1,8,2,1,0,6,6,11,1
11,21,0,1,1,0,3,0,0,1,1,1,1,0,2,1,0,6,6,12,1
14,21,0,0,1,0,3,0,0,1,1,1,1,7,2,1,0,4,4,3,1
3,18,4,1,1,0,3,0,0,2,1,1,1,0,0,1,0,6,8,5,1
15,21,0,1,1,3,3,3,1,2,1,1,1,0,2,1,0,6,4,13,1
13,20,4,0,1,0,3,0,0,0,1,1,1,0,2,1,0,6,6,14,1
12,18,0,0,1,4,3,0,1,1,1,1,1,7,2,1,0,6,4,10,1
8,19,4,0,1,0,3,0,0,2,1,1,1,0,0,1,0,6,4,12,1
0,18,4,0,1,0,3,0,0,11,1,1,1,7,0,1,0,3,10,1,1
0,15,4,1,1,4,3,0,1,2,1,1,1,7,0,0,5,0,0,2,1
2,18,4,0,1,0,0,1,0,16,1,1,1,0,0,5,3,1,4,1,1
1,18,4,0,1,0,3,0,0,2,1,1,1,0,0,1,2,4,0,5,1
5,20,4,0,1,0,3,1,0,12,1,1,1,8,0,2,0,9,8,12,0
14,20,0,1,1,0,3,0,0,1,1,1,1,5,2,1,0,6,3,12,0
15,18,4,1,1,0,3,0,0,0,1,1,1,0,2,6,5,0,0,0,1
13,19,4,1,1,0,3,0,0,12,1,1,1,7,2,1,0,6,6,11,1
3,15,4,1,1,0,3,0,0,5,1,1,1,0,0,1,5,6,0,4,1
11,18,4,0,0,0,3,0,0,7,1,1,0,0,2,1,5,0,0,5,1
2,18,4,1,1,4,3,0,1,2,1,1,1,7,0,0,5,0,0,0,1
10,15,0,1,1,0,3,0,0,0,1,1,1,7,0,1,0,6,6,8,1
6,15,0,1,1,0,3,1,0,1,1,1,1,0,0,1,0,3,1,2,1
2,18,4,0,1,0,3,3,0,16,1,1,1,1,0,1,5,2,0,2,0
4,18,4,0,1,0,3,1,0,2,1,1,1,8,0,4,0,1,9,2,1
6,20,4,1,1,0,3,0,0,0,1,1,1,0,0,1,5,0,0,0,1
13,20,0,1,1,2,3,1,0,1,1,1,1,8,2,7,0,9,10,13,1
0,18,4,0,1,0,3,0,0,2,1,1,1,5,0,0,5,0,0,0,1
0,9,4,0,1,0,3,1,0,5,1,1,1,7,0,2,0,8,8,6,1
11,15,0,1,1,4,3,0,1,1,1,1,1,0,2,0,5,0,0,0,0
12,20,4,1,1,0,3,0,0,2,1,1,1,0,2,1,0,5,3,10,1
3,17,0,1,1,0,3,1,0,1,1,1,1,0,0,1,0,6,4,7,1
7,21,0,1,1,0,3,1,0,1,1,1,1,0,2,3,0,9,4,6,1
14,21,0,1,1,0,3,1,0,0,1,1,1,0,2,1,0,9,5,14,1
4,20,4,0,1,0,3,1,0,0,1,1,1,0,0,1,0,2,3,4,1
7,22,4,1,1,0,3,0,0,2,1,1,1,0,0,7,1,4,0,10,1
13,20,2,1,0,0,3,1,0,0,1,1,1,0,2,1,0,7,6,14,0
2,18,4,0,1,0,3,0,0,2,1,1,1,0,0,6,0,6,6,11,1
3,18,4,1,1,0,3,1,0,2,1,1,1,0,0,1,0,2,4,4,1
3,17,0,0,1,0,3,0,0,8,1,1,1,2,0,1,5,0,0,0,0
15,20,0,1,1,0,3,0,0,1,1,1,1,0,2,2,0,9,11,13,1
9,18,4,1,1,0,3,0,0,2,1,1,1,7,0,1,5,0,0,0,1
13,0,4,1,1,0,3,0,0,12,1,1,1,1,2,1,0,6,3,6,1
5,17,4,0,1,0,3,3,0,2,1,1,1,5,0,1,2,0,0,0,0
13,21,0,0,1,4,3,0,1,0,1,1,1,5,2,1,0,6,6,14,0
9,15,4,0,1,0,3,1,0,0,1,1,1,0,0,5,2,8,0,5,1
0,15,4,0,1,0,3,0,0,2,1,1,1,0,0,0,5,0,0,0,1
11,14,0,0,0,0,3,1,0,0,1,1,0,0,2,0,5,0,0,5,1
11,20,4,0,0,0,3,2,0,0,1,1,0,0,2,0,5,0,0,0,1
3,18,4,0,1,0,3,1,0,2,1,1,1,0,0,1,0,4,4,5,1
0,17,4,0,1,0,3,1,0,7,1,1,1,0,0,0,5,0,0,0,1
13,20,0,0,1,0,3,0,0,0,1,1,1,5,2,6,0,6,6,10,1
5,17,4,0,1,0,3,1,0,2,1,1,1,8,0,1,0,2,1,3,1
8,18,4,0,1,0,3,0,0,2,1,1,1,7,0,1,0,6,1,12,1
5,20,4,1,1,0,3,3,0,10,1,1,1,0,0,1,5,6,0,4,1
13,11,3,0,1,0,3,0,0,15,1,1,1,7,2,0,5,0,0,0,1
3,15,4,0,1,0,3,1,0,2,1,1,1,0,0,1,0,7,1,4,1
15,19,0,1,1,4,3,1,1,0,1,1,1,0,2,1,0,6,6,11,1
15,15,0,0,1,4,3,0,1,1,1,1,1,7,2,1,0,6,10,11,1
10,19,4,1,1,0,3,0,0,2,1,1,1,0,0,3,0,6,8,10,1
14,21,0,1,1,4,3,0,1,1,1,1,1,5,2,0,5,0,0,0,1
0,15,4,1,1,0,3,0,0,2,1,1,1,7,0,1,0,5,2,6,1
15,15,0,1,1,0,3,0,0,0,1,1,1,0,2,1,0,5,3,3,1
10,15,4,0,1,4,3,0,1,9,1,1,1,5,0,1,0,6,4,11,1
9,16,0,0,1,0,3,0,0,0,1,1,1,0,0,1,0,7,1,13,1
7,10,0,0,1,4,0,0,1,0,1,1,1,6,0,5,3,6,10,8,0
4,18,4,0,1,0,3,0,0,2,1,1,1,0,0,0,5,0,0,0,1
7,20,4,1,1,0,3,0,0,11,1,1,1,0,0,3,0,6,8,12,0
15,20,0,0,1,0,3,2,0,1,1,1,1,8,2,1,0,6,3,6,1
12,20,2,1,1,3,3,0,1,0,1,1,1,5,2,1,0,7,7,12,1
2,15,4,1,0,0,3,1,0,14,1,1,1,0,2,1,0,9,6,6,1
11,20,4,0,1,0,3,0,0,0,1,1,1,5,0,4,0,5,5,14,0
12,16,4,0,1,0,3,0,0,2,1,1,1,0,2,1,0,6,4,8,1
5,18,4,0,1,3,3,0,1,2,1,1,1,5,0,1,0,6,2,8,1
13,19,4,1,1,4,3,0,1,0,1,1,1,1,2,1,0,1,3,1,1
3,19,4,0,1,0,3,0,0,2,1,1,1,7,0,2,0,9,2,8,1
15,15,0,0,1,0,3,0,0,2,1,1,1,7,2,1,0,6,6,5,1
5,20,4,0,1,0,3,0,0,15,1,1,1,5,0,1,5,0,0,0,0
12,18,0,1,1,0,3,0,0,2,1,1,1,7,2,1,0,6,5,12,1
15,15,4,0,1,0,3,0,0,2,1,1,1,0,2,0,5,0,0,5,1
12,18,0,1,1,0,3,0,0,8,1,1,1,0,2,1,1,6,0,11,1
2,18,4,0,1,4,3,0,1,2,1,1,1,0,0,1,2,3,0,5,1
11,17,0,0,1,0,3,1,0,1,1,1,1,0,2,1,2,0,0,0,0
7,19,0,0,1,4,3,0,1,0,1,1,1,7,0,1,2,6,0,10,1
13,19,0,0,1,3,3,0,1,0,1,1,1,7,2,1,0,6,6,7,1
2,15,4,0,1,4,3,0,1,9,1,1,1,5,0,1,0,2,10,4,1
7,18,4,0,1,0,3,0,0,7,1,1,1,1,0,1,2,0,0,4,1
6,20,4,0,1,0,1,0,0,0,1,1,1,0,0,5,0,6,5,13,1
12,19,4,0,1,0,3,1,0,2,1,1,1,0,2,1,0,6,4,6,1
0,17,4,0,1,0,3,1,0,7,1,1,1,8,0,0,5,0,0,0,1
1,18,4,0,1,0,3,1,0,5,1,1,1,7,0,1,0,3,5,6,1
1,18,4,0,1,4,3,0,1,16,1,1,1,5,0,0,5,0,0,0,1
6,21,4,1,1,0,3,3,0,2,1,1,1,0,0,8,2,6,0,8,1
5,18,4,1,1,0,3,0,0,11,1,1,1,0,0,1,0,6,3,3,1
15,20,0,0,1,0,3,2,0,0,1,1,1,0,2,1,0,6,10,12,1
9,20,0,1,1,0,3,3,0,0,1,1,1,0,0,2,0,6,0,10,1
12,17,0,0,1,0,3,0,0,1,1,1,1,1,2,1,0,5,6,8,1
12,19,0,1,1,0,3,0,0,0,1,1,1,0,2,1,0,8,2,12,1
11,20,4,1,1,0,3,0,0,0,1,1,1,0,2,2,0,6,2,7,1
6,15,4,0,0,0,3,0,0,2,1,1,0,0,0,0,5,0,0,4,0
13,17,0,0,1,3,3,0,1,1,1,1,1,5,2,1,0,7,3,13,1
1,14,4,0,1,4,3,0,1,2,1,1,1,5,0,0,5,0,0,0,1
1,18,4,0,1,4,3,0,1,2,1,1,1,5,0,2,0,3,6,3,1
15,18,0,1,0,0,3,0,0,0,0,1,1,0,2,1,0,6,9,13,1
14,20,4,1,1,0,3,1,0,0,1,1,1,0,2,7,0,7,5,14,1
3,18,4,0,1,4,3,0,1,2,1,1,1,7,0,1,1,6,0,5,1
14,18,0,1,1,4,3,3,1,1,1,1,1,0,2,1,0,6,4,10,1
12,20,0,1,1,0,3,1,0,2,1,1,1,8,2,1,5,0,0,0,1
10,21,0,0,1,0,3,3,0,1,1,1,1,0,0,1,0,6,4,14,1
6,19,4,1,1,3,3,0,1,2,1,1,1,5,0,0,5,0,0,0,1
3,15,4,1,1,0,3,0,0,0,1,1,1,5,0,1,0,5,4,6,1
2,17,4,1,1,0,3,1,0,0,1,1,1,8,0,4,2,1,0,2,0
1,18,4,0,1,0,3,3,0,11,1,1,1,5,0,2,0,6,2,13,0
2,18,2,1,1,0,3,0,0,2,1,1,1,0,0,1,0,7,4,7,1
4,18,4,0,1,0,3,1,0,2,1,1,1,7,0,1,0,6,2,3,1
9,18,4,1,1,4,3,0,1,0,1,1,1,7,0,1,5,0,0,0,0
8,11,4,0,1,4,3,0,1,11,1,1,1,7,0,1,0,9,1,6,1
11,20,4,1,1,0,3,0,0,0,1,1,1,7,2,2,0,6,0,9,1
13,19,0,1,1,0,3,1,0,1,1,1,1,8,2,8,5,0,0,0,1
14,22,0,1,1,0,3,1,0,1,1,1,1,8,2,7,0,9,0,13,1
3,17,4,0,1,0,0,0,0,16,1,1,1,1,0,5,3,9,1,7,0
9,19,3,0,1,0,3,0,0,4,1,1,0,7,0,6,0,3,10,3,1
2,18,4,1,1,0,3,0,0,2,1,1,1,7,0,1,0,6,3,5,1
1,18,4,1,1,0,3,0,0,2,1,1,1,5,0,0,5,0,0,4,1
4,17,4,0,1,0,3,0,0,11,1,1,1,5,0,4,0,6,4,12,1
1,18,4,0,1,0,3,3,0,16,1,1,1,0,0,1,5,1,0,1,0
2,18,4,1,1,4,3,0,1,2,1,1,1,5,0,9,2,0,0,0,1
14,12,4,0,0,4,3,0,1,0,1,1,0,0,2,0,5,0,0,4,1
9,15,4,0,1,0,3,1,0,2,1,1,1,0,0,1,0,4,10,8,1
14,20,4,0,1,0,3,3,0,11,1,1,1,5,2,0,5,0,0,13,1
14,21,0,1,1,4,3,0,1,1,1,1,1,5,2,1,0,6,11,14,0
9,21,0,1,1,4,3,3,1,1,1,1,1,5,0,0,5,0,0,0,1
12,15,0,1,1,0,3,3,0,0,1,1,1,8,2,1,0,6,4,10,1
3,19,0,1,1,0,3,3,0,8,1,1,1,0,0,4,0,1,3,4,1
0,17,4,0,0,0,3,3,0,8,1,1,0,7,0,1,1,4,0,1,1
2,18,4,1,1,0,3,1,0,2,1,1,1,8,0,0,5,0,0,0,1
7,18,4,1,1,0,3,0,0,2,1,1,1,0,0,1,5,0,0,0,1
13,21,4,1,1,0,3,3,0,12,1,1,1,0,2,1,0,6,4,7,0
11,21,4,1,1,4,3,0,1,0,1,1,1,0,2,3,0,5,0,9,0
14,23,2,0,1,0,3,0,0,0,1,1,1,0,2,1,0,6,8,13,0
14,21,0,0,1,0,3,1,0,1,1,1,1,0,2,1,0,6,8,14,1
3,18,4,1,1,0,3,1,0,2,1,1,1,0,0,9,2,2,0,1,1
6,20,4,1,1,0,3,0,0,2,1,1,1,5,0,1,0,6,6,11,1
2,16,4,0,0,0,3,0,0,15,1,1,0,0,0,0,5,0,0,0,0
10,21,4,1,1,0,3,3,0,0,1,1,1,5,0,4,0,6,5,14,0
0,15,4,1,1,0,3,0,0,2,1,1,1,0,0,0,5,0,0,0,1
8,20,0,0,1,0,3,0,0,0,1,1,1,1,0,1,0,6,8,12,1
5,20,4,0,1,0,3,0,0,2,1,1,1,0,0,1,0,6,1,9,1
10,20,0,1,1,0,3,1,0,1,1,1,1,0,0,1,0,6,4,13,1
4,18,4,0,1,4,3,0,1,2,1,1,1,7,0,1,0,6,4,8,1
14,20,0,0,1,0,3,0,0,1,1,1,1,0,2,1,0,6,5,10,0
13,18,4,0,1,0,3,3,0,2,1,1,1,0,2,9,2,0,0,0,1
1,18,4,1,1,0,3,0,0,16,1,1,1,0,0,1,5,2,0,4,0
9,17,4,1,1,0,3,0,0,2,1,1,1,0,0,1,0,7,11,11,1
6,19,4,0,1,0,3,3,0,2,1,1,1,0,0,1,0,1,5,1,0
9,18,0,1,1,0,3,0,0,0,1,1,1,7,0,1,0,6,6,4,1
6,21,4,1,1,0,3,1,0,2,1,1,1,8,0,8,5,5,0,4,1
12,20,4,0,1,0,3,0,0,2,1,1,1,0,2,1,0,9,11,13,1
9,20,4,1,1,0,3,3,0,14,1,1,1,0,0,1,0,9,6,12,1
11,18,4,0,1,0,3,0,0,2,1,1,1,0,2,1,0,7,10,12,1
15,20,4,1,1,0,3,3,0,0,1,1,1,1,2,1,0,6,3,8,1
10,20,0,1,1,4,3,0,1,0,1,1,1,7,0,1,0,6,7,12,1
10,0,4,1,0,4,3,3,1,14,1,1,1,0,2,0,5,0,0,7,1
11,21,4,1,1,0,3,0,0,0,1,1,1,5,2,1,0,6,4,14,1
4,21,4,0,1,0,3,3,0,7,1,1,1,0,0,1,0,2,2,9,1
6,19,4,1,1,0,1,1,0,2,1,1,1,8,0,8,5,0,0,0,1
2,15,4,0,1,0,3,0,0,2,1,1,1,0,0,1,0,7,4,9,1
0,15,4,0,1,0,3,0,0,16,1,1,1,5,0,1,1,6,0,6,1
11,17,4,0,1,0,3,3,0,0,1,1,1,0,2,1,5,6,0,11,0
3,15,4,1,1,0,3,0,0,0,1,1,1,0,0,1,0,6,8,11,1
10,15,4,0,1,0,3,0,0,11,1,1,1,0,0,1,0,3,4,5,0
6,15,4,0,1,0,3,0,0,2,1,1,1,7,0,0,5,0,0,0,1
15,19,3,1,1,0,3,3,0,0,1,1,1,0,2,6,0,8,0,8,1
15,15,0,1,1,4,3,0,1,0,1,1,1,7,2,1,0,6,5,9,1
8,20,4,0,1,0,3,3,0,7,1,1,1,0,0,1,2,6,0,7,1
1,18,4,1,1,0,3,0,0,7,1,1,1,5,0,1,0,3,6,4,1
13,19,0,0,1,0,3,1,0,2,1,1,1,0,2,1,0,6,3,14,1
8,18,2,1,1,0,3,3,0,7,1,1,1,0,0,1,0,6,6,7,1
7,20,4,1,1,0,3,0,0,2,1,1,1,0,0,7,0,5,3,9,1
1,12,4,1,1,4,3,3,0,16,1,1,1,2,0,1,0,6,5,5,0
3,18,4,0,1,0,3,1,0,0,1,1,1,0,0,1,0,5,10,8,1
1,14,4,0,1,3,3,0,1,2,1,1,1,7,0,1,0,8,6,6,1
4,15,4,1,1,0,3,1,0,4,1,1,1,0,0,4,0,1,4,1,0
4,20,4,1,1,0,3,0,0,2,1,1,1,5,0,1,0,2,3,2,1
8,17,4,1,1,0,3,3,0,2,1,1,1,0,0,1,0,6,6,9,1
9,19,4,0,1,3,3,0,1,11,1,1,1,0,0,1,0,6,10,8,0
0,15,4,1,1,0,3,0,0,2,1,1,1,0,0,0,5,0,0,2,1
14,18,0,1,1,0,3,1,0,0,1,1,1,0,2,1,0,8,2,11,1
7,20,4,0,1,2,3,1,0,2,1,1,1,7,0,1,0,4,4,8,1
7,19,4,1,1,0,3,0,0,2,1,1,1,0,0,1,0,6,8,8,1
15,20,0,1,1,4,3,0,1,1,1,1,1,5,2,1,5,0,0,0,1
11,17,4,0,0,0,3,3,0,0,1,1,0,0,2,1,0,6,5,8,1
4,19,0,0,1,3,3,3,1,2,1,1,1,7,0,1,5,4,0,6,1
1,17,4,1,1,0,3,1,0,2,1,1,1,8,0,1,0,3,3,5,1
11,5,2,0,1,3,3,0,1,2,1,1,1,0,2,3,0,6,10,7,1
15,18,0,0,1,0,3,0,0,0,1,1,1,0,2,1,0,9,3,14,1
12,15,2,1,1,0,3,0,0,0,1,1,1,0,2,1,0,6,1,6,1
4,19,4,0,1,0,3,1,0,2,1,1,1,0,0,1,0,3,4,5,1
14,19,0,0,1,0,3,3,0,2,1,1,1,5,2,1,0,6,11,13,1
1,18,4,0,1,0,3,1,0,2,1,1,1,0,0,2,0,1,2,2,1
1,18,4,1,1,0,3,0,0,16,1,1,1,5,0,0,5,0,0,5,0
13,17,2,1,1,0,3,0,0,7,1,1,1,0,2,1,5,0,0,6,1
3,18,4,1,1,0,3,1,0,9,1,1,1,5,0,1,0,2,2,2,1
5,20,4,0,1,0,3,0,0,2,1,1,1,0,0,4,2,0,0,0,1
1,15,4,0,1,0,3,0,0,11,1,1,1,0,0,1,0,4,4,4,0
11,18,4,1,1,3,3,0,1,0,1,1,1,0,2,7,0,5,4,5,1
11,20,0,1,1,0,3,0,0,0,1,1,1,0,2,1,0,6,10,13,1
10,0,0,0,1,4,3,3,1,1,1,1,1,7,0,1,0,8,4,11,1
7,20,4,1,1,0,3,0,0,2,1,1,1,8,0,1,0,6,8,12,1
7,15,4,0,1,4,3,0,1,2,1,1,1,7,0,0,5,0,0,0,1
4,20,4,1,0,0,3,0,0,2,1,1,0,0,0,1,5,0,0,2,1
5,19,4,1,1,3,3,1,1,2,1,1,1,0,0,1,0,6,4,11,1
0,18,4,0,1,0,3,0,0,16,1,1,1,5,0,1,5,0,0,0,0
7,15,4,1,1,0,3,0,0,2,1,1,1,0,0,1,0,3,3,5,1
5,20,0,1,0,0,3,1,0,0,1,1,1,0,2,3,5,0,0,6,0
14,19,0,0,1,4,3,0,1,1,1,1,1,5,2,0,5,0,0,0,1
1,14,4,0,1,4,3,0,1,16,1,1,1,0,0,0,5,0,0,5,1
7,20,0,0,1,0,3,3,0,0,1,1,1,0,0,1,0,6,10,14,1
4,14,4,0,1,4,3,0,1,9,1,1,1,7,0,1,0,2,3,4,1
1,18,4,0,1,0,3,0,0,2,1,1,1,5,0,9,2,0,0,0,1
9,20,4,0,1,0,3,1,0,0,1,1,1,0,0,7,0,6,11,13,0
12,18,4,1,1,0,3,0,0,2,1,1,1,0,2,1,2,0,0,0,0
9,15,1,0,1,0,0,1,0,4,1,1,0,6,0,5,3,5,7,9,1
4,20,4,1,1,0,3,1,0,2,1,1,1,0,0,1,0,4,6,2,0
5,20,4,0,1,3,3,1,1,0,1,1,1,8,0,6,0,4,3,9,0
10,15,4,1,1,0,3,1,0,15,1,1,1,0,0,4,5,0,0,0,0
6,18,4,1,1,4,3,0,1,2,1,1,1,0,0,1,5,0,0,0,1
10,20,0,1,1,4,3,0,1,1,1,1,1,5,0,2,0,6,11,7,0
12,16,4,0,1,0,3,3,0,3,1,1,1,8,2,1,0,9,1,13,0
7,21,0,1,1,4,3,0,1,1,1,1,1,5,0,0,5,0,0,0,0
10,21,4,1,1,0,3,0,0,0,1,1,1,5,0,4,0,9,6,11,0
13,14,4,1,1,0,3,3,0,12,1,1,1,0,2,9,2,0,0,0,1
13,15,0,1,1,0,3,3,0,0,1,1,1,0,2,1,0,6,1,10,1
12,20,4,1,1,0,3,0,0,0,1,1,1,0,2,1,1,8,0,12,1
4,19,4,1,1,0,3,3,0,0,1,1,1,8,0,1,0,3,9,11,1
15,20,2,1,0,3,3,0,1,2,1,1,0,7,2,1,4,6,0,6,0
2,15,4,0,1,0,3,0,0,15,1,1,1,1,0,0,5,0,0,0,0
0,18,4,0,1,0,3,1,0,2,1,1,1,8,0,0,5,0,0,5,1
9,15,0,1,1,0,3,0,0,0,1,1,1,7,0,1,0,6,4,9,1
6,15,0,0,1,4,3,0,1,1,1,1,1,7,0,1,0,4,5,7,1
13,17,0,1,1,0,3,3,0,8,1,1,1,0,2,4,5,0,0,0,1
7,20,4,0,1,0,3,0,0,2,1,1,1,0,0,1,0,6,0,6,1
3,17,4,1,1,0,3,1,0,2,1,1,1,0,0,1,5,0,0,0,1
9,18,4,0,1,0,3,0,0,2,1,1,1,7,0,1,0,6,4,8,1
0,17,4,1,1,0,3,0,0,2,1,1,1,7,0,0,5,0,0,0,0
12,14,0,1,1,4,3,0,1,2,1,1,1,7,2,0,5,0,0,0,1
14,16,3,0,1,0,0,3,0,16,1,1,1,4,2,9,5,8,0,14,1
1,18,4,1,1,0,3,0,0,16,1,1,1,5,0,1,1,1,0,2,1
5,20,4,0,1,0,3,0,0,0,1,1,1,1,0,1,0,8,6,6,1
0,17,4,0,1,3,3,0,1,2,1,1,1,5,0,1,0,8,2,4,1
1,18,4,1,1,4,3,0,1,12,1,1,1,0,0,1,0,2,9,4,1
5,18,4,1,1,0,3,0,0,11,1,1,1,0,0,1,5,0,0,0,0
1,15,4,1,0,0,3,0,0,2,0,1,1,6,0,0,0,5,8,12,1
15,21,4,0,1,0,3,2,0,0,1,1,1,0,2,1,0,9,10,14,1
3,15,4,1,1,0,3,0,0,2,1,1,1,0,0,0,5,0,0,0,1
14,20,0,1,1,0,3,1,0,0,1,1,1,5,2,1,0,6,5,14,1
8,16,4,0,0,0,3,0,0,15,1,1,0,2,0,0,5,0,0,0,0
5,15,4,0,1,0,3,0,0,0,1,1,1,7,0,1,0,4,2,6,1
9,20,0,0,1,0,0,1,0,0,1,1,1,0,0,5,3,9,4,14,0
8,21,4,1,1,0,3,0,0,0,1,1,1,0,0,2,0,9,8,12,0
8,18,4,0,1,3,3,0,1,2,1,1,1,5,0,2,0,6,6,9,1
10,19,4,0,1,0,3,3,0,11,1,1,1,0,0,1,0,1,10,3,1
1,15,4,0,1,0,0,0,0,16,1,1,1,0,0,5,3,5,1,7,1
14,15,0,1,1,0,3,3,0,1,1,1,1,0,2,1,0,5,0,4,1
13,19,0,1,1,3,3,0,1,1,1,1,1,5,2,1,5,0,0,0,0
8,15,0,0,1,0,3,0,0,1,1,1,1,7,0,1,0,6,8,11,1
12,18,4,1,1,0,3,1,0,12,1,1,1,0,2,5,3,7,0,13,0
3,18,4,0,1,0,3,0,0,11,1,1,1,7,0,1,0,6,1,3,0
3,21,4,1,1,0,3,3,0,16,1,1,1,0,0,9,2,0,0,0,0
4,18,0,1,0,0,1,1,0,14,1,1,1,0,2,1,5,0,0,0,1
13,20,4,0,1,4,3,1,1,0,1,1,1,0,2,1,1,9,0,12,1
13,21,0,1,1,0,3,0,0,0,1,1,1,0,2,2,0,6,6,13,1
5,15,0,1,0,0,3,3,0,1,1,1,1,5,0,1,5,0,0,4,1
5,17,3,1,1,0,3,3,0,1,1,1,1,0,2,1,5,0,0,6,1
0,15,4,0,0,0,3,0,0,2,0,1,1,7,0,1,0,2,8,5,1
6,18,4,0,1,0,3,3,0,2,1,1,1,8,0,1,0,4,11,7,1
2,17,4,1,0,0,3,3,0,0,1,1,0,7,2,0,5,0,0,0,1
13,18,0,1,1,0,3,0,0,1,1,1,1,7,2,1,0,8,8,11,1
12,19,0,0,1,4,3,0,1,1,1,1,1,5,2,1,0,6,10,10,1
7,10,4,1,1,0,3,0,0,2,1,1,1,7,0,1,0,1,3,1,1
9,18,4,1,1,0,3,0,0,12,1,1,1,5,0,1,0,7,11,8,1
14,15,0,1,0,0,3,0,0,1,1,1,1,7,2,4,0,6,4,7,1
7,4,4,0,1,4,3,1,1,0,1,1,1,7,0,2,0,7,5,11,1
0,18,4,0,1,0,3,0,0,2,1,1,1,0,0,0,5,0,0,0,0
3,15,4,0,1,0,3,0,0,2,1,1,1,7,0,1,1,4,0,5,1
9,15,4,0,1,0,0,0,0,0,1,1,1,7,0,5,3,3,9,6,1
5,15,4,0,1,0,3,0,0,2,1,1,1,1,0,6,0,3,6,3,1
12,15,4,0,1,0,3,0,0,2,1,1,1,0,2,1,0,6,6,8,1
11,21,0,1,1,0,3,0,0,0,1,1,1,0,2,4,0,6,5,14,1
3,18,4,0,1,4,3,0,1,0,1,1,1,5,0,1,0,1,3,5,0
7,15,4,0,1,0,3,0,0,2,1,1,1,7,0,3,0,4,3,4,1
7,20,4,1,1,0,3,0,0,4,1,1,1,0,0,3,0,1,6,4,1
9,15,4,0,1,0,3,3,0,2,1,1,1,0,0,1,0,8,4,10,1
2,18,0,0,1,0,3,1,0,8,1,1,1,0,0,3,0,6,6,11,1
1,15,4,0,1,0,3,0,0,2,1,1,1,0,0,1,0,6,6,4,1
15,18,4,0,1,0,3,0,0,0,1,1,1,7,2,4,0,6,8,12,1
1,18,4,1,1,0,3,1,0,2,1,1,1,0,0,1,0,4,6,2,1
1,18,4,0,1,0,0,0,0,0,1,1,1,0,0,5,3,5,9,6,0
5,18,4,1,1,0,3,3,0,2,1,1,1,8,0,1,0,2,2,6,1
7,13,4,1,0,0,3,3,0,2,1,1,1,0,0,1,5,0,0,3,1
6,18,4,1,1,0,3,1,0,0,1,1,1,8,0,1,0,6,1,10,1
12,15,0,1,1,4,3,3,1,0,1,1,1,0,2,1,0,6,4,8,1
7,17,4,0,1,0,3,1,0,7,1,1,1,0,0,1,2,0,0,0,1
7,11,4,0,1,4,3,0,1,9,1,1,1,0,0,1,0,6,5,14,1
2,15,4,0,1,0,3,0,0,15,1,1,1,0,0,0,5,0,0,0,1
8,0,4,1,0,0,3,3,0,0,1,0,1,0,0,1,0,6,4,2,1
4,18,0,0,1,0,1,1,0,10,1,1,1,0,0,1,0,9,8,10,0
8,20,4,0,1,3,3,0,1,2,1,1,1,5,0,1,1,8,0,12,1
11,18,0,0,1,0,3,1,0,2,1,1,1,0,2,1,0,8,3,11,1
7,15,0,0,1,0,3,3,0,1,1,1,1,0,0,1,0,6,3,10,1
14,20,4,0,1,0,3,0,0,2,1,1,1,0,2,1,0,6,8,11,1
2,15,4,1,1,0,3,1,0,0,1,1,1,5,0,3,0,1,2,2,1
14,18,4,0,1,3,3,0,1,0,1,1,1,1,0,4,0,4,5,4,1
10,17,4,1,1,0,3,0,0,0,1,1,1,0,0,1,0,6,2,8,1
4,18,4,0,1,0,3,0,0,9,1,1,1,7,0,1,0,1,0,1,1
11,10,4,0,1,2,3,3,0,2,1,1,1,0,2,1,0,1,3,1,1
7,15,0,1,1,3,3,0,1,0,1,1,1,7,0,1,0,6,6,5,1
14,20,0,0,1,0,3,3,0,1,1,1,1,0,2,1,0,6,11,14,1
1,15,4,0,1,0,3,1,0,12,1,1,1,0,0,1,0,4,4,3,0
2,17,4,1,1,4,3,1,1,11,1,1,1,0,0,1,0,7,4,5,0
14,15,0,0,1,3,1,3,1,1,1,1,1,0,2,1,5,0,0,0,1
9,20,0,1,1,0,3,3,0,0,1,1,1,0,0,1,2,4,0,5,0
9,20,0,0,1,0,3,1,0,0,1,1,1,0,0,1,0,9,3,14,0
1,18,4,1,0,0,3,1,0,2,0,1,1,0,0,1,0,2,5,5,1
10,0,4,0,1,0,3,3,0,12,1,1,1,0,0,6,0,6,4,12,1
1,18,4,1,1,0,3,3,0,2,1,1,1,0,0,2,0,3,4,8,1
0,18,4,0,1,0,3,3,0,16,1,1,1,5,0,3,5,1,0,2,1
2,16,4,1,1,0,3,1,0,4,1,1,1,0,0,1,0,5,2,7,1
10,18,4,1,1,0,3,0,0,12,1,1,1,0,0,1,0,6,3,10,1
4,18,4,1,1,0,1,0,0,2,1,1,1,0,0,1,5,0,0,0,1
13,0,0,0,1,0,3,0,0,1,1,1,1,1,2,6,1,4,0,6,0
0,17,4,0,1,0,3,0,0,2,1,1,1,0,0,1,0,6,3,9,1
10,18,4,1,1,0,3,1,0,0,1,1,1,0,0,6,5,0,0,0,0
9,20,0,0,1,4,3,0,1,1,1,1,1,5,0,2,0,9,10,11,0
0,15,4,1,1,0,3,0,0,2,1,1,1,5,0,1,0,3,3,2,1
14,7,4,0,1,0,1,0,0,11,1,1,1,4,2,3,0,5,8,14,1
4,18,4,0,1,0,3,0,0,4,1,1,1,0,0,4,0,4,6,9,1
11,18,0,0,0,0,3,3,0,1,1,1,1,0,2,1,5,0,0,0,1
12,15,4,0,1,0,3,0,0,0,1,1,1,0,2,7,5,4,0,6,1
5,15,4,1,1,0,3,0,0,2,1,1,1,1,0,0,5,0,0,0,1
2,18,4,1,1,0,3,3,0,9,1,1,1,0,0,1,0,6,1,9,1
6,21,0,1,1,0,3,0,0,1,1,1,1,5,0,1,0,1,8,11,0
3,15,4,1,1,0,3,0,0,2,1,1,1,0,0,1,5,0,0,4,0
1,18,4,0,1,0,3,1,0,2,1,1,1,8,0,0,5,0,0,0,1
2,18,4,1,1,0,3,0,0,9,1,1,1,0,0,1,0,6,3,9,1
15,18,0,0,1,0,1,1,0,1,1,1,1,0,2,5,3,6,7,13,1
1,14,4,0,1,0,3,0,0,2,1,1,1,5,0,0,5,0,0,1,1
5,20,4,0,1,0,3,1,0,12,1,1,1,0,0,1,0,4,2,3,1
3,20,4,1,1,0,3,3,0,2,1,1,1,5,0,1,5,3,0,3,0
0,15,4,1,0,0,3,0,0,16,1,1,0,1,0,0,5,0,0,3,1
8,20,4,1,1,0,3,0,0,0,1,1,1,7,0,1,1,6,0,13,1
3,15,4,0,1,4,3,0,1,2,1,1,1,0,0,1,0,6,5,5,1
13,12,0,0,1,2,3,0,0,1,1,1,1,7,2,1,1,0,0,0,1
10,21,4,1,1,0,3,1,0,2,1,1,1,0,0,4,0,5,3,12,1
7,20,4,1,1,0,3,0,0,2,1,1,1,0,0,1,5,0,0,0,0
5,15,4,0,1,0,3,0,0,2,1,1,1,0,0,5,2,6,0,10,1
2,18,0,1,1,4,3,0,1,1,1,1,1,5,0,1,0,2,6,2,1
12,20,0,1,1,0,3,1,0,0,1,1,1,8,2,7,5,5,0,5,1
7,18,4,1,0,0,3,0,0,2,1,1,0,0,0,1,1,3,0,5,1
15,20,4,1,1,0,3,1,0,0,1,1,1,0,2,1,0,6,3,11,1
12,20,4,0,1,0,3,0,0,2,1,1,1,7,2,1,0,8,2,10,1
2,15,4,0,1,0,3,0,0,2,1,1,1,7,0,1,0,6,3,9,1
13,14,4,0,1,4,3,0,1,12,1,1,1,8,2,1,0,2,2,5,1
4,15,4,0,1,0,3,0,0,7,1,1,1,7,0,1,0,6,4,9,1
12,10,4,0,1,4,3,0,1,0,1,1,1,0,2,5,0,6,5,3,1
8,13,4,0,1,0,3,3,0,2,1,1,1,0,0,1,0,6,8,13,1
0,18,4,1,1,0,3,0,0,2,1,1,1,0,0,0,5,0,0,0,1
14,23,0,0,1,0,3,3,0,8,1,1,1,0,2,4,0,8,6,10,1
5,15,4,1,0,0,3,0,0,2,1,1,0,7,0,0,5,0,0,4,1
9,16,4,0,1,0,3,0,0,15,1,1,1,7,0,0,5,0,0,0,0
5,18,4,1,0,0,3,0,0,0,1,1,1,5,0,1,5,6,0,3,1
13,18,4,1,1,0,3,0,0,0,1,1,1,1,2,3,0,1,10,1,1
9,19,0,1,1,0,3,0,0,1,1,1,1,8,0,1,0,2,3,4,1
7,18,4,1,1,0,3,0,0,2,1,1,1,0,0,2,0,5,1,2,1
14,18,0,0,1,4,3,0,1,8,1,1,1,5,2,5,0,2,4,5,1
11,21,4,1,1,4,3,0,1,0,1,1,1,5,2,4,5,8,0,14,0
3,13,4,1,0,0,3,0,0,2,1,1,0,0,0,0,5,0,0,4,1
8,19,4,0,1,0,3,0,0,2,1,1,1,8,0,1,0,2,9,4,1
0,18,4,1,1,0,3,3,0,2,1,1,1,0,0,0,5,0,0,0,1
3,17,4,0,1,4,3,0,1,9,1,1,1,0,0,1,0,6,6,10,1
1,14,4,0,1,0,3,3,0,2,1,1,1,5,0,0,5,0,0,0,1
13,19,4,1,1,3,3,0,1,0,1,1,1,0,2,7,0,6,1,10,1
5,15,4,1,1,3,3,0,1,2,1,1,1,0,0,1,0,6,4,5,1
0,15,0,1,1,4,3,0,1,8,1,1,1,5,0,0,5,0,0,0,1
13,16,0,0,1,4,3,0,1,0,1,1,1,0,2,1,0,6,5,7,0
2,15,4,0,1,0,3,0,0,2,1,1,1,1,0,1,0,2,10,6,1
14,20,0,1,1,4,3,0,1,0,1,1,1,5,2,1,0,6,3,12,1
1,15,4,0,1,0,0,3,0,7,1,1,1,0,0,5,3,9,4,6,1
13,18,0,1,1,0,3,3,0,0,1,1,1,0,2,1,0,6,7,12,0
0,17,4,0,1,0,3,0,0,2,1,1,1,0,0,0,5,0,0,0,1
0,18,2,1,1,1,3,3,0,14,1,1,1,7,0,1,0,2,1,2,1
6,17,4,0,0,0,3,1,0,2,1,1,0,0,0,1,0,4,6,6,1
15,15,4,0,1,4,3,0,1,0,1,1,1,0,2,1,0,6,3,10,1
9,20,4,0,1,4,3,0,1,2,1,1,1,5,0,1,0,6,3,12,1
11,18,4,0,1,0,3,3,0,2,1,1,1,0,2,1,0,6,2,8,1
0,17,4,1,1,0,3,0,0,2,1,1,1,8,0,1,0,6,6,6,1
6,18,4,0,0,0,3,0,0,2,1,1,0,0,0,1,0,6,0,6,1
11,8,4,0,1,4,3,3,1,11,1,1,1,0,2,0,5,0,0,5,1
8,20,4,1,1,0,3,0,0,12,1,1,1,0,0,1,5,0,0,0,1
10,15,0,0,1,0,1,3,0,0,1,1,1,0,0,1,0,6,3,10,1
7,17,4,0,1,0,3,3,0,2,1,1,1,7,0,1,0,6,6,10,1
5,22,4,0,1,0,3,1,0,15,1,1,1,0,0,0,5,0,0,0,1
9,0,0,1,1,0,3,3,0,0,1,1,1,0,0,1,0,6,4,11,1
12,11,0,0,1,4,3,0,1,1,1,1,1,0,2,1,0,9,7,12,0
9,18,4,1,1,0,3,1,0,0,1,1,1,0,0,1,0,7,3,13,1
6,20,4,0,1,0,3,1,0,11,1,1,1,0,0,1,0,6,6,12,0
11,18,4,0,1,0,3,0,0,2,1,1,1,0,2,0,5,0,0,0,1
3,17,4,1,1,0,3,0,0,2,1,1,1,0,0,1,0,4,3,9,1
12,15,4,1,1,0,3,0,0,14,1,1,1,0,2,1,5,0,0,0,1
11,18,0,1,1,4,3,0,1,1,1,1,1,0,2,1,5,0,0,0,0
1,15,4,0,1,0,3,0,0,7,1,1,1,7,0,0,5,0,0,0,1
1,19,4,1,1,0,3,1,0,2,1,1,1,0,0,1,0,2,5,6,1
13,18,0,0,1,0,3,0,0,0,1,1,1,1,2,1,0,6,4,7,1
4,15,4,1,1,0,3,0,0,0,1,1,1,8,0,1,0,6,1,8,0
12,20,4,1,1,0,3,1,0,2,1,1,1,0,2,1,5,0,0,4,1
4,17,0,1,1,0,3,1,0,2,1,1,1,0,0,1,5,6,0,6,1
11,20,0,0,1,4,3,0,1,1,1,1,1,5,2,1,0,8,0,13,0
13,18,4,1,1,3,3,0,1,0,1,1,1,0,2,2,5,2,0,3,1
15,20,4,1,1,0,3,0,0,10,1,1,1,0,2,1,0,9,0,3,0
13,21,0,0,1,0,3,0,0,0,1,1,1,0,2,1,0,6,11,14,1
10,12,4,0,1,0,3,0,0,15,1,1,1,7,0,1,5,0,0,0,1
3,15,4,0,1,0,3,3,0,4,1,1,1,0,0,1,5,0,0,4,0
8,15,4,0,1,4,3,0,1,11,1,1,1,5,0,1,0,6,10,11,1
0,18,4,0,1,0,3,3,0,16,1,1,1,0,0,1,0,9,2,8,0
11,21,4,1,1,3,3,3,1,0,1,1,1,5,2,3,0,6,10,13,1
5,18,0,1,1,0,3,2,0,0,1,1,1,0,0,1,5,1,0,1,0
15,15,0,1,1,4,3,0,1,1,1,1,1,0,2,1,0,5,5,5,1
7,15,4,0,0,0,3,0,0,2,1,1,0,0,0,0,5,0,0,0,1
8,11,4,0,0,0,3,0,0,5,0,1,1,7,0,1,0,2,9,2,1
11,21,0,0,1,0,3,0,0,1,1,1,1,5,2,7,0,9,8,14,0
5,12,4,0,1,0,3,0,0,0,1,1,1,0,0,1,0,6,3,4,0
8,18,0,1,1,0,1,0,0,16,1,1,1,8,0,1,5,0,0,0,0
15,23,4,0,1,0,3,0,0,12,1,1,1,0,2,1,0,8,2,14,0
11,17,4,0,1,0,3,1,0,0,1,1,1,0,2,0,5,0,0,0,1
10,19,4,0,1,4,3,0,1,12,1,1,1,5,0,0,5,0,0,0,1
8,20,0,0,1,0,3,1,0,0,1,1,1,0,0,1,0,6,3,13,1
10,15,0,1,1,0,3,1,0,1,1,1,1,0,0,1,0,6,4,12,1
15,21,4,0,1,0,3,0,0,2,1,1,1,0,2,4,0,6,4,13,1
2,17,4,0,1,0,3,3,0,16,1,1,1,0,0,1,0,9,4,7,1
7,15,4,1,1,0,3,0,0,9,1,1,1,0,0,1,5,5,0,2,1
6,18,4,0,0,0,3,0,0,0,1,1,1,0,0,1,0,6,4,13,1
5,18,4,1,0,0,3,0,0,9,1,1,1,2,0,1,0,6,2,8,1
2,14,4,0,0,0,3,1,0,16,1,1,0,0,0,1,5,1,0,3,1
2,17,0,0,1,0,3,3,0,1,1,1,1,0,0,1,0,4,4,5,0
15,20,0,1,1,0,3,1,0,1,1,1,1,8,2,1,0,6,4,5,1
6,20,4,0,1,0,3,0,0,0,1,1,1,0,0,1,0,6,9,11,0
10,16,0,1,1,4,3,0,1,1,1,1,1,0,0,1,0,6,2,10,0
11,18,4,0,1,0,3,0,0,0,1,1,1,0,2,1,0,7,11,12,0
10,15,0,0,1,0,3,0,0,1,1,1,1,0,0,1,0,6,3,12,1
5,18,4,0,0,0,3,0,0,11,1,1,0,0,0,0,5,0,0,0,0
0,17,4,1,1,0,3,3,0,2,1,1,1,0,0,1,0,4,2,3,1
9,21,4,0,1,2,3,0,0,2,1,1,1,8,0,1,0,6,10,14,1
0,17,4,0,1,0,3,0,0,7,1,1,1,7,0,1,0,2,6,3,1
9,8,1,0,1,2,0,0,1,0,1,1,1,1,0,9,3,5,9,12,1
14,11,4,0,1,0,3,0,0,5,1,1,1,0,2,2,0,9,3,10,0
13,20,0,0,1,0,3,0,0,0,1,1,1,0,2,2,0,6,6,12,1
15,21,0,1,1,4,3,0,1,1,1,1,1,7,2,1,0,6,2,9,1
7,20,4,0,1,0,3,0,0,2,1,1,1,5,0,1,0,6,11,10,1
5,17,0,1,1,0,1,1,0,1,1,1,1,0,2,3,5,0,0,0,1
14,8,1,1,1,3,3,0,1,5,1,1,1,1,2,1,0,3,9,3,0
9,15,4,0,1,0,0,0,0,6,1,1,1,7,0,5,3,6,2,14,1
13,18,0,1,1,3,3,0,1,1,1,1,1,7,2,1,5,0,0,2,1
4,15,4,0,1,0,3,1,0,2,1,1,1,0,0,1,0,6,3,9,1
14,21,0,0,1,4,3,0,1,0,1,1,1,0,2,6,0,8,8,14,1
14,18,0,1,1,0,3,1,0,0,1,1,1,0,2,1,0,6,2,5,1
7,19,4,0,1,0,3,3,0,2,1,1,1,0,0,1,0,3,2,3,0
12,18,4,0,1,0,3,3,0,15,1,1,1,8,0,2,5,1,0,1,1
2,15,4,0,1,0,3,0,0,11,1,1,1,5,0,1,0,7,2,5,1
9,20,4,0,1,0,3,0,0,2,1,1,1,8,0,1,0,6,0,8,1
2,15,4,1,1,4,3,0,1,2,1,1,1,5,0,1,0,6,8,5,1
14,15,4,1,1,0,3,0,0,0,1,1,1,0,2,1,0,5,4,10,1
8,15,4,0,1,0,3,3,0,7,1,1,1,1,0,1,0,6,2,7,0
15,20,0,1,1,0,3,0,0,1,1,1,1,0,2,1,0,6,0,14,1
7,20,4,1,1,0,3,3,0,11,1,1,1,0,0,1,0,6,4,12,1
10,14,4,0,0,4,3,0,1,14,1,1,0,0,0,1,0,2,3,4,1
8,15,0,0,1,4,3,0,1,1,1,1,1,7,0,1,0,6,6,9,1
11,15,4,0,1,3,3,0,1,0,1,1,1,0,2,1,0,6,3,9,1
13,20,0,1,1,4,3,0,1,1,1,1,1,0,2,7,0,5,0,9,0
0,15,4,1,1,0,3,0,0,2,1,1,1,0,0,0,5,0,0,0,1
15,19,0,1,1,0,3,2,0,8,1,1,1,0,2,3,5,3,0,3,1
3,17,4,1,1,0,3,0,0,2,1,1,1,7,0,1,0,6,8,3,1
6,18,4,0,1,0,3,0,0,2,1,1,1,0,0,1,0,6,2,7,1
15,18,4,1,1,0,3,0,0,2,1,1,1,1,2,1,0,6,4,6,1
14,18,4,0,1,0,3,3,0,9,1,1,1,0,2,0,5,0,0,0,1
7,20,4,1,1,0,3,1,0,0,1,1,1,0,0,4,0,6,6,6,1
4,20,4,0,1,0,3,0,0,11,1,1,1,0,0,2,0,6,3,12,0
11,15,0,0,1,0,1,0,0,0,1,1,1,0,2,1,0,6,3,11,1
11,11,4,1,0,0,3,0,0,0,1,1,0,0,2,1,5,3,0,1,1
7,21,0,1,1,4,3,0,1,1,1,1,1,5,0,0,5,0,0,0,1
1,15,4,1,1,0,3,3,0,11,1,1,1,0,0,4,5,1,0,3,0
9,15,4,1,1,0,3,0,0,15,1,1,1,0,0,1,5,0,0,0,1
11,15,0,1,1,4,3,0,1,8,1,1,1,2,2,3,0,6,4,9,1
10,20,4,1,0,0,3,0,0,2,1,1,0,0,0,1,2,3,0,4,1
5,18,3,0,1,0,3,0,0,0,1,1,1,0,0,1,0,7,8,9,1
13,21,0,1,1,0,3,1,0,0,1,1,1,5,2,2,0,6,2,13,1
7,20,4,1,1,0,3,0,0,12,1,1,1,8,0,1,0,9,10,13,1
0,18,4,1,1,0,3,0,0,2,1,1,1,0,0,0,5,0,0,4,1
14,18,0,1,1,0,3,0,0,0,1,1,1,7,2,1,0,8,8,10,1
0,18,4,1,1,0,3,0,0,16,1,1,1,5,0,1,1,4,0,1,1
1,15,4,0,1,4,3,1,1,16,1,1,1,0,0,1,0,1,1,2,0
12,14,4,0,1,0,3,0,0,15,1,1,1,0,2,1,5,0,0,2,1
14,17,0,1,1,0,3,0,0,1,1,1,1,0,2,1,2,0,0,0,1
3,15,0,1,1,4,3,0,1,1,1,1,1,0,0,0,5,0,0,0,0
11,15,4,1,1,0,3,0,0,0,1,1,1,0,2,1,0,4,4,4,1
12,20,4,0,1,0,3,3,0,11,1,1,1,0,2,1,5,0,0,0,0
9,15,0,0,1,0,1,3,0,0,1,1,1,0,0,1,0,9,7,10,0
6,17,4,0,1,0,3,0,0,2,1,1,1,0,0,0,5,0,0,2,1
10,15,0,1,1,0,3,1,0,2,1,1,1,8,0,1,0,6,4,10,1
1,15,4,1,1,0,3,0,0,2,1,1,1,0,0,0,5,0,0,0,1
2,17,4,0,1,0,3,1,0,2,1,1,1,8,0,1,0,9,4,12,1
14,19,0,1,1,4,3,0,1,1,1,1,1,0,2,1,0,6,3,9,1
14,18,4,0,1,0,3,1,0,2,1,1,1,0,2,1,0,6,3,10,1
11,16,4,1,0,0,3,0,0,5,0,1,1,2,0,1,0,6,5,5,1
9,20,0,1,1,3,3,0,1,0,1,1,1,0,0,6,5,0,0,0,1
6,19,4,0,1,0,0,1,0,0,1,1,1,0,0,5,0,8,6,9,1
11,20,4,1,1,0,3,0,0,16,1,1,1,1,0,4,0,4,5,4,0
13,19,0,1,1,0,3,1,0,1,1,1,1,0,2,1,5,0,0,0,1
5,15,4,0,1,0,3,1,0,2,1,1,1,0,0,1,0,5,6,8,1
5,18,4,1,1,0,3,0,0,2,1,1,1,1,0,1,0,6,3,6,0
5,18,4,1,1,2,3,3,1,0,1,1,1,5,0,1,0,5,4,3,1
2,20,4,0,1,0,3,0,0,2,1,1,1,0,0,3,0,6,2,12,0
6,14,4,0,1,0,3,0,0,2,1,1,1,0,0,8,5,5,0,5,1
0,18,4,0,1,4,3,0,1,16,1,1,1,5,0,0,5,0,0,0,1
5,20,4,1,1,0,3,1,0,2,1,1,1,8,0,2,0,3,1,3,1
8,21,4,1,1,4,3,0,1,9,1,1,1,0,0,4,0,2,6,3,1
15,20,4,0,1,0,3,1,0,12,1,1,1,0,2,1,0,3,6,14,1
10,15,0,0,1,0,3,0,0,0,1,1,1,7,0,1,2,6,0,8,1
13,18,0,0,1,0,3,0,0,1,1,1,1,7,2,1,0,6,6,3,1
15,20,4,0,1,0,3,0,0,2,1,1,1,8,0,4,0,4,8,5,1
3,15,4,0,1,0,3,3,0,2,1,1,1,0,0,1,0,6,10,8,1
4,17,4,0,1,0,3,1,0,0,1,1,1,0,0,1,0,6,1,10,1
3,18,4,1,1,0,3,1,0,12,1,1,1,0,0,1,0,6,5,10,0
2,15,4,0,0,0,3,1,0,16,1,1,0,0,0,0,5,0,0,0,0
11,20,0,1,1,4,3,0,1,0,1,1,1,5,2,2,0,6,3,11,0
13,15,4,0,1,3,3,0,1,5,1,1,1,5,2,1,0,5,3,6,1
13,18,0,0,1,0,3,1,0,0,1,1,1,0,2,1,0,9,3,14,1
3,14,4,0,1,0,3,0,0,5,1,1,1,7,0,1,0,3,1,3,1
6,18,4,0,1,3,3,3,1,11,1,1,1,0,0,9,2,0,0,0,1
12,19,0,1,1,3,3,0,1,0,1,1,1,0,2,1,5,0,0,0,1
4,15,4,0,1,0,3,0,0,2,1,1,1,0,0,1,0,2,3,6,1
0,15,4,0,1,0,3,0,0,2,1,1,1,0,0,1,0,5,0,2,1
15,18,0,0,1,0,3,2,0,0,1,1,1,0,2,1,0,9,10,12,1
1,15,4,1,1,0,3,1,0,2,1,1,1,8,0,1,5,1,0,3,1
4,18,4,1,1,0,3,0,0,0,1,1,1,0,0,1,0,6,2,7,0
3,15,4,1,1,0,3,1,0,2,1,1,1,0,0,1,0,6,1,6,1
7,15,4,0,1,0,3,0,0,14,1,1,1,7,0,1,0,6,1,10,1
7,15,4,0,1,0,3,3,0,2,1,1,1,0,0,1,0,6,4,5,1
6,20,4,0,1,0,3,0,0,0,1,1,1,7,0,1,0,6,0,9,1
1,18,4,1,1,0,3,0,0,2,1,1,1,5,0,1,0,2,3,4,1
10,15,4,0,1,3,3,3,1,5,1,1,1,0,0,2,0,6,4,13,1
5,18,4,0,1,0,3,3,0,11,1,1,1,5,0,0,5,0,0,0,0
10,21,0,1,1,4,3,0,1,0,1,1,1,0,0,3,0,5,1,8,1
4,19,4,0,1,3,3,1,1,11,1,1,1,0,0,1,0,6,2,4,1
9,15,4,0,0,0,3,1,0,5,1,1,0,0,0,1,2,1,0,4,1
8,19,4,1,1,3,3,0,1,12,1,1,1,0,0,1,0,8,11,8,1
12,13,4,1,1,0,3,0,0,9,1,1,1,0,2,1,0,4,6,6,1
10,13,4,0,1,0,3,0,0,15,1,1,1,1,0,0,5,0,0,0,0
0,15,4,0,1,4,3,0,1,16,1,1,1,5,0,0,5,0,0,4,0
6,20,4,1,1,0,3,1,0,11,1,1,1,0,0,1,1,1,0,2,0
0,18,4,1,0,0,3,3,0,2,1,1,1,0,0,0,5,0,0,0,1
14,8,0,0,1,4,3,0,1,2,1,1,1,7,2,6,5,0,0,0,1
0,18,4,1,1,0,3,1,0,16,1,1,1,0,0,1,5,0,0,0,1
4,15,4,0,1,0,3,0,0,4,1,1,1,5,0,1,0,6,6,12,1
6,20,4,1,1,0,3,1,0,2,1,1,1,0,0,1,0,1,11,3,1
1,17,4,1,1,0,3,0,0,2,1,1,1,0,0,1,1,4,0,6,1
4,18,4,1,1,0,3,3,0,0,1,1,1,8,0,1,0,9,6,9,1
2,18,4,0,0,0,3,1,0,2,1,1,0,0,0,0,5,0,0,4,1
2,18,4,1,1,0,3,1,0,0,1,1,1,0,0,6,5,1,0,3,0
2,16,4,0,1,0,3,0,0,15,1,1,1,0,0,0,5,0,0,0,0
9,16,0,0,1,4,3,0,1,0,1,1,1,0,0,1,0,6,6,10,1
15,15,0,1,1,4,3,0,1,1,1,1,1,0,2,1,5,0,0,0,1
8,15,0,0,1,0,3,0,0,1,1,1,1,0,0,0,5,0,0,0,1
1,18,4,1,1,0,3,0,0,2,1,1,1,1,0,0,5,0,0,0,1
15,19,4,0,1,0,3,1,0,0,1,1,1,0,2,6,5,0,0,0,1
10,20,4,1,1,0,3,1,0,0,1,1,1,5,0,1,0,6,3,13,0
5,20,4,1,1,3,3,0,1,0,1,1,1,5,0,1,0,6,10,9,1
0,12,4,1,1,0,3,0,0,16,1,1,1,8,0,1,5,0,0,0,1
0,18,4,1,0,0,3,1,0,16,1,1,0,5,0,1,5,1,0,2,1
4,18,4,0,1,0,3,0,0,2,1,1,1,0,0,1,0,2,2,6,0
1,18,4,1,1,3,3,0,1,2,1,1,1,5,0,1,0,4,2,5,1
2,15,0,0,1,0,3,0,0,1,1,1,1,0,0,1,0,2,1,3,1
1,15,4,0,0,0,3,1,0,2,1,1,0,0,0,0,5,0,0,0,1
10,18,4,0,1,0,3,0,0,2,1,1,1,8,0,1,0,6,3,11,1
0,15,4,0,1,0,3,1,0,7,1,1,1,8,0,0,5,0,0,0,1
4,19,4,0,1,0,3,1,0,2,1,1,1,0,0,2,0,3,2,9,1
0,18,4,1,1,0,3,1,0,0,1,1,1,8,0,1,5,0,0,0,1
5,20,4,0,1,0,3,0,0,2,1,1,1,0,0,1,0,2,10,4,1
7,20,4,0,1,0,3,1,0,16,1,1,1,5,0,3,0,6,4,11,0
9,21,0,1,1,0,1,1,0,0,1,1,1,0,2,1,0,9,11,13,0
0,18,4,0,1,0,3,0,0,2,1,1,1,5,0,0,5,0,0,0,1
9,20,0,0,1,4,3,0,1,0,1,1,1,0,0,4,0,9,6,14,0
11,15,4,0,1,0,1,3,0,10,1,1,1,4,2,1,0,8,8,11,1
2,13,4,1,0,0,3,1,0,2,1,1,0,0,2,0,5,0,0,6,1
13,15,0,0,1,4,3,0,1,1,1,1,1,7,2,1,0,6,2,7,1
11,20,4,0,1,0,3,1,0,0,1,1,1,8,2,1,0,6,1,13,1
9,14,4,0,1,0,3,0,0,2,1,1,1,0,0,9,2,0,0,1,1
11,15,4,0,1,0,3,0,0,16,1,1,1,1,2,1,0,6,3,7,1
10,19,4,1,1,0,3,3,0,12,1,1,1,0,0,0,5,0,0,0,0
7,19,4,0,1,0,3,0,0,0,1,1,1,0,0,1,0,6,3,10,0
8,18,4,1,1,0,3,0,0,0,1,1,1,7,0,1,0,6,6,7,1
14,22,0,1,1,0,3,0,0,1,1,1,1,0,2,1,0,7,0,11,1
3,20,4,0,1,3,3,0,1,2,1,1,1,5,0,1,0,6,2,6,1
14,20,4,1,1,0,3,1,0,0,1,1,1,0,2,1,0,6,8,12,0
0,15,4,1,1,0,3,2,0,8,1,1,1,0,0,1,0,2,1,4,1
2,18,4,0,1,0,3,0,0,2,1,1,1,7,0,0,5,0,0,0,1
1,15,4,0,1,0,3,1,0,2,1,1,1,0,0,1,2,1,0,2,1
12,15,4,0,1,0,3,0,0,0,1,1,1,7,2,1,0,6,10,11,1
4,19,4,1,1,0,3,1,0,2,1,1,1,5,0,1,0,4,0,3,1
6,18,4,1,1,0,3,0,0,0,1,1,1,0,0,1,0,5,9,7,1
5,18,4,0,0,0,3,1,0,2,1,1,0,0,0,1,0,6,3,8,1
13,19,0,1,1,0,3,1,0,1,1,1,1,0,2,1,0,1,6,4,1
10,18,4,0,1,0,3,0,0,2,1,1,1,0,0,1,0,6,8,6,1
12,2,0,0,1,3,3,0,1,0,1,1,1,7,2,4,0,7,10,4,1
9,20,4,0,1,0,3,1,0,0,1,1,1,0,0,4,0,9,10,14,1
2,14,4,1,1,4,3,0,1,0,1,1,1,5,0,0,5,0,0,0,1
14,14,0,0,1,0,3,0,0,0,1,1,1,0,2,0,5,0,0,0,1
12,15,4,0,1,4,3,0,1,0,1,1,1,5,2,1,0,6,10,6,1
11,8,4,1,0,2,3,0,1,3,1,0,0,1,2,6,5,0,0,3,1
15,18,0,1,1,0,3,0,0,1,1,1,1,0,2,1,1,3,0,5,0
12,15,4,0,1,0,3,0,0,16,1,1,1,8,0,6,1,6,0,5,1
1,18,4,1,1,0,3,1,0,2,1,1,1,0,0,1,2,2,0,4,1
15,21,0,1,1,4,3,0,1,0,1,1,1,5,2,3,0,9,6,14,0
4,15,4,1,1,0,3,0,0,9,1,1,1,7,0,4,2,6,0,10,1
15,19,4,0,1,0,3,0,0,0,1,1,1,0,2,1,0,6,10,13,1
9,20,4,0,1,3,3,3,1,2,1,1,1,5,0,1,0,6,5,11,1
5,18,4,0,1,2,3,3,0,2,1,1,1,5,0,1,5,0,0,2,1
8,17,0,1,1,0,3,1,0,8,1,1,1,0,0,0,5,0,0,0,1
1,18,4,0,0,0,3,1,0,16,1,1,0,0,0,1,5,2,0,3,0
11,22,4,0,1,0,3,0,0,0,1,1,1,0,2,2,0,6,8,10,0
12,10,2,0,1,4,3,3,1,0,1,1,1,0,2,4,0,0,5,0,1
2,18,4,1,1,0,3,0,0,16,1,1,1,0,0,1,5,2,0,2,0
7,9,4,0,0,0,3,1,0,12,1,1,0,7,2,1,0,1,7,6,0
4,15,4,1,1,0,3,0,0,2,1,1,1,1,0,0,5,0,0,0,1
5,11,4,1,1,0,3,1,0,15,1,1,1,0,0,1,5,3,0,1,1
14,23,0,1,1,4,3,0,1,1,1,1,1,5,2,2,0,6,11,13,0
3,20,4,0,1,0,3,1,0,11,1,1,1,0,0,1,0,6,3,4,1
4,15,4,0,1,0,3,1,0,2,1,1,1,0,0,1,0,1,4,2,1
9,20,4,0,1,0,3,0,0,0,1,1,1,0,0,1,0,6,3,14,1
0,17,4,1,1,2,2,3,0,3,1,1,1,0,0,1,0,2,4,5,1
5,20,0,1,1,4,3,0,1,0,1,1,1,7,0,1,0,8,6,5,1
2,19,4,1,1,0,3,1,0,0,1,1,1,0,0,1,0,3,3,9,1
8,20,4,0,1,0,3,3,0,0,1,1,1,0,0,2,0,9,11,12,1
0,17,4,0,1,4,3,0,1,16,1,1,1,5,0,0,5,0,0,0,1
7,15,4,1,0,0,3,0,0,3,1,0,0,0,0,0,5,0,0,5,1
14,15,0,1,1,0,3,0,0,1,1,1,1,0,2,0,5,0,0,0,1
9,20,0,0,1,0,3,1,0,2,1,1,1,5,0,1,0,6,3,11,1
8,19,0,1,1,0,3,1,0,1,1,1,1,0,0,3,0,8,8,11,1
10,15,0,1,1,4,3,3,1,1,1,1,1,8,0,1,5,0,0,0,0
15,20,4,0,1,0,3,0,1,9,1,1,1,0,2,6,0,3,0,2,0
13,23,4,0,1,2,3,1,0,0,1,1,1,0,2,8,0,8,3,14,1
11,14,4,0,0,0,3,0,0,16,1,1,0,0,2,0,5,0,0,5,0
12,20,4,1,1,0,3,3,0,11,1,1,1,5,2,1,0,9,6,14,0
4,15,4,0,0,0,3,0,0,2,1,1,0,0,0,1,5,6,0,3,1
12,18,4,0,1,0,3,0,0,2,1,1,1,0,2,1,0,6,4,8,1
0,15,4,1,1,4,3,0,1,2,1,1,1,5,0,1,5,0,0,0,1
4,20,0,1,1,0,3,1,0,1,1,1,1,5,0,1,1,4,0,6,1
8,19,4,1,1,0,3,3,0,12,1,1,1,0,0,1,0,3,8,5,1
10,20,0,0,1,0,3,1,0,0,1,1,1,0,0,0,5,0,0,0,1
12,17,0,0,1,0,3,1,0,0,1,1,1,0,2,1,0,9,2,12,0
7,8,4,1,1,0,3,2,0,2,1,1,1,1,0,1,0,1,3,1,1
11,18,0,0,1,0,3,3,0,8,1,1,1,0,2,1,5,3,0,3,1
2,15,0,1,1,0,3,0,0,0,1,1,1,0,0,1,2,4,0,3,1
0,18,4,1,1,0,3,3,0,2,1,1,1,7,0,1,0,5,8,8,1
14,20,4,1,1,0,3,0,0,2,1,1,1,0,2,5,0,6,6,2,1
13,20,4,1,1,0,3,0,0,0,1,1,1,0,2,7,0,5,6,5,1
9,18,0,1,1,0,1,0,0,1,1,1,1,0,0,5,5,0,0,0,1
15,23,0,0,1,0,3,0,0,0,1,1,1,5,2,4,0,8,8,14,1
14,18,0,0,1,0,1,0,0,0,1,1,1,8,2,5,0,6,3,9,1
12,15,4,1,0,0,3,0,0,0,1,1,0,0,2,1,5,0,0,5,1
15,21,4,1,1,0,3,1,0,0,1,1,1,0,2,1,0,2,2,4,1
5,17,4,0,1,0,3,0,0,2,1,1,1,7,0,6,0,6,6,11,1
13,15,4,0,1,0,3,1,0,2,1,1,1,7,2,3,2,6,0,5,1
14,15,0,0,1,0,3,0,0,9,1,1,1,0,2,1,0,6,6,7,1
4,15,4,1,0,0,1,3,0,14,1,1,1,0,2,1,5,0,0,2,1
13,19,0,0,1,3,3,0,1,1,1,1,1,0,2,1,0,6,7,10,0
7,15,0,0,1,0,0,0,0,16,1,1,1,0,0,5,3,8,2,7,0
6,15,4,0,1,0,3,0,0,12,1,1,1,0,0,1,0,6,6,10,1
0,17,4,1,1,0,3,1,0,16,1,1,1,8,0,1,5,8,0,2,0
10,20,4,1,1,0,3,0,0,2,1,1,1,7,0,1,0,6,5,11,1
9,20,4,0,1,0,3,1,0,12,1,1,1,5,0,1,0,7,7,14,0
4,21,4,1,1,0,3,0,0,2,1,1,1,5,0,1,0,6,3,8,1
10,13,4,0,1,0,3,0,0,15,1,1,1,1,0,1,5,0,0,0,0
12,15,4,1,1,0,3,3,0,2,1,1,1,0,2,1,0,2,11,3,1
4,18,0,1,1,0,3,1,0,0,1,1,1,0,0,6,5,1,0,5,1
12,20,0,0,1,0,3,3,0,1,1,1,1,0,2,1,0,9,2,13,1
7,17,4,0,1,0,3,0,0,2,1,1,1,0,0,1,2,2,0,3,1
14,15,0,1,1,4,3,0,1,0,1,1,1,7,2,1,0,6,4,11,1
0,15,4,0,1,0,3,0,0,2,1,1,1,5,0,1,0,3,7,8,1
2,18,4,1,1,3,3,0,1,2,1,1,1,5,0,0,5,0,0,2,1
8,11,3,1,1,4,3,0,1,4,1,1,1,0,0,6,0,9,4,7,1
14,20,0,1,1,0,3,1,0,0,1,1,1,0,2,1,0,9,4,14,1
10,20,4,1,1,0,3,1,0,0,1,1,1,0,0,1,2,4,0,6,1
0,15,4,0,1,4,3,0,1,2,1,1,1,7,0,1,5,2,0,2,1
13,20,0,1,1,0,3,0,0,0,1,1,1,0,2,1,0,8,2,11,0
7,20,0,0,1,4,3,0,1,0,1,1,1,0,0,1,0,7,5,11,0
11,20,0,0,1,0,3,1,0,0,1,1,1,0,2,1,0,6,4,13,0
10,15,4,1,1,0,3,1,0,12,1,1,1,7,0,1,0,6,4,12,1
2,18,4,1,1,4,3,0,1,16,1,1,1,5,0,1,5,1,0,2,0
14,15,4,1,1,3,3,3,1,0,1,1,1,0,2,1,0,4,6,6,1
1,18,4,1,0,0,3,1,0,16,1,1,0,0,0,1,5,1,0,2,1
11,18,0,1,1,0,3,3,0,1,1,1,1,0,2,1,0,8,4,10,1
7,18,4,1,1,0,3,0,0,2,1,1,1,5,0,1,0,6,4,5,1
14,19,4,0,1,0,3,1,0,2,1,1,1,8,2,6,0,6,6,7,1
0,18,4,0,1,0,3,3,0,2,1,1,1,7,0,3,0,1,2,3,1
9,18,4,0,1,0,3,1,0,0,1,1,1,5,0,2,0,6,8,10,0
4,20,0,0,0,0,3,0,0,0,1,1,1,0,0,1,0,2,6,2,1
11,11,4,0,1,4,3,1,1,11,1,1,1,0,2,1,0,6,2,2,1
1,18,4,1,1,0,3,0,0,2,1,1,1,0,0,1,5,0,0,0,1
4,12,2,0,1,0,3,0,0,7,1,1,1,0,0,1,0,6,3,9,1
12,18,4,1,1,0,3,0,0,0,1,1,1,0,2,1,0,2,3,3,1
13,20,0,1,1,0,3,0,0,1,1,1,1,0,2,1,0,6,0,13,1
7,15,4,1,1,0,3,1,0,0,1,1,1,0,0,1,0,6,1,8,1
4,20,4,1,1,0,3,1,0,11,1,1,1,0,0,1,0,4,2,3,1
14,18,4,0,1,0,3,0,0,12,1,1,1,1,2,0,5,0,0,0,0
6,15,4,0,1,0,3,1,0,2,1,1,1,8,0,1,0,6,6,4,1
3,18,4,1,1,4,3,0,1,5,1,1,1,0,0,1,0,6,4,5,1
11,8,0,1,1,4,3,0,1,4,1,1,1,0,2,1,0,6,4,7,1
0,17,4,1,0,0,3,3,0,2,1,1,0,8,0,1,5,0,0,1,1
6,17,4,1,1,0,3,1,0,11,1,1,1,0,0,1,0,4,3,8,1
11,17,4,0,1,0,3,0,0,2,1,1,1,0,2,1,2,2,0,2,1
5,15,4,0,1,0,0,0,0,16,1,1,1,0,0,5,3,9,1,6,1
7,19,4,1,1,0,3,3,0,0,1,1,1,0,0,2,0,5,0,8,0
13,18,0,0,1,0,3,0,0,0,1,1,1,0,2,3,0,6,6,6,1
2,0,4,0,1,0,3,0,0,4,1,1,1,0,0,1,0,6,3,9,1
1,18,4,1,1,0,3,0,0,16,1,1,1,0,0,0,5,0,0,0,1
0,17,4,1,1,0,3,0,0,2,1,1,1,0,0,1,2,4,0,3,1
3,15,4,1,1,0,3,0,0,2,1,1,1,7,0,1,0,6,1,2,1
2,22,4,1,1,0,3,0,0,9,1,1,1,0,0,2,0,7,6,8,0
12,11,4,0,1,4,3,0,1,15,1,1,1,0,2,1,5,0,0,0,1
10,20,4,1,1,0,3,0,0,0,1,1,1,0,0,6,0,5,0,9,1
12,18,4,1,1,0,3,3,0,0,1,1,1,0,2,1,5,0,0,0,1
15,20,0,1,1,0,3,1,0,0,1,1,1,0,2,1,0,6,4,13,1
11,21,0,1,1,4,3,0,1,1,1,1,1,5,2,0,5,0,0,0,1
3,21,4,0,1,0,3,0,0,0,1,1,1,5,0,5,0,8,4,13,1
7,15,0,0,1,0,3,1,0,0,1,1,1,0,0,1,0,6,2,11,1
9,17,4,0,1,0,3,1,0,2,1,1,1,8,0,8,5,2,0,4,1
5,18,4,1,1,3,3,0,1,0,1,1,1,0,0,1,0,4,4,5,0
15,18,0,1,1,3,3,0,1,0,1,1,1,0,2,1,0,6,2,10,1
1,18,4,0,1,0,0,0,0,16,1,1,1,1,0,5,3,9,2,8,1
12,22,4,1,1,0,3,0,0,2,1,1,1,8,2,1,1,9,0,12,1
11,20,4,1,1,0,3,3,0,0,1,1,1,0,2,1,0,6,3,13,1
12,18,0,1,1,0,3,0,0,5,1,1,1,7,2,1,0,6,10,8,1
8,20,4,1,1,3,3,0,1,0,1,1,1,7,0,7,1,3,0,9,1
2,15,4,1,0,0,3,0,0,2,1,1,1,5,0,1,0,1,4,3,0
8,20,4,0,1,0,3,0,0,2,1,1,1,0,0,1,0,3,5,11,0
8,21,4,0,1,4,3,1,1,5,1,1,1,8,0,1,0,6,4,13,1
12,18,0,0,1,0,3,0,0,0,1,1,1,0,2,6,0,1,3,3,1
8,19,4,1,1,4,3,0,1,0,1,1,1,0,0,0,5,0,0,0,1
6,20,0,1,1,0,3,0,0,1,1,1,1,0,0,2,0,1,2,2,1
9,17,3,0,0,4,3,0,1,1,1,1,0,7,1,6,0,9,3,13,1
6,20,4,0,1,0,3,1,0,0,1,1,1,0,0,1,0,5,8,12,1
6,20,4,1,1,0,3,0,0,2,1,1,1,0,0,1,2,1,0,2,1
4,20,4,0,1,0,3,3,0,2,1,1,1,8,0,0,5,0,0,0,0
7,18,4,1,1,0,3,0,0,0,1,1,1,5,0,1,0,6,11,8,1
2,15,4,0,1,0,3,1,0,2,1,1,1,0,0,1,0,2,3,4,1
5,20,4,0,1,0,3,1,0,11,1,1,1,8,0,6,5,1,0,5,1
10,12,2,1,1,4,3,0,1,0,1,1,1,0,0,1,0,6,11,13,0
9,18,4,0,1,0,3,0,0,0,1,1,1,0,0,0,5,0,0,0,0
10,20,4,0,1,0,3,0,0,2,1,1,1,0,0,1,0,6,6,11,1
5,19,4,0,0,0,3,0,0,2,1,1,0,0,0,1,0,2,5,4,1
14,23,4,0,1,0,3,0,0,1,1,1,1,0,2,8,0,6,3,14,1
13,18,4,0,1,0,3,0,0,0,1,1,1,0,2,2,0,6,6,10,1
8,11,3,0,1,0,3,0,0,7,1,1,1,0,0,6,0,3,8,6,1
6,17,4,1,1,0,3,1,0,2,1,1,1,0,0,1,0,1,4,2,1
14,18,0,0,1,0,3,0,0,5,1,1,1,7,2,6,0,8,3,10,1
8,20,4,1,1,0,3,3,0,2,1,1,1,0,0,1,0,6,6,14,1
12,20,4,0,1,3,3,0,1,0,1,1,1,5,2,1,0,6,8,8,1
9,20,4,0,1,0,3,0,0,2,1,1,1,5,0,7,5,5,0,4,1
14,15,0,0,1,0,3,0,0,0,1,1,1,0,2,0,5,0,0,0,1
15,11,4,0,1,0,3,0,0,11,1,1,1,0,2,6,0,6,10,10,1
14,15,0,1,1,4,3,0,1,8,1,1,1,7,2,6,0,6,0,11,1
8,20,4,1,1,0,3,0,0,12,1,1,1,7,0,1,0,7,6,10,1
13,15,0,0,1,0,3,0,0,1,1,1,1,0,2,3,5,0,0,0,1
3,14,4,0,1,0,3,2,0,11,1,1,1,0,0,1,0,3,3,2,1
4,15,4,1,1,0,3,3,0,2,1,1,1,1,0,1,0,6,2,4,1
5,18,4,0,1,4,3,0,1,2,1,1,1,7,0,0,5,0,0,0,1
4,13,4,0,0,0,3,1,0,14,1,1,0,0,2,1,5,0,0,2,1
4,20,0,1,1,0,3,0,0,0,1,1,1,0,0,1,0,4,6,5,1
13,17,0,1,1,0,3,0,0,0,1,1,1,0,2,1,0,6,3,10,1
0,17,4,0,1,0,3,1,0,2,1,1,1,1,0,9,2,0,0,0,1
15,20,0,1,1,4,3,0,1,0,1,1,1,0,2,1,0,9,0,11,0
5,17,4,0,1,0,3,0,0,15,1,1,1,1,0,0,5,0,0,0,0
13,20,0,1,1,0,3,1,0,1,1,1,1,0,2,5,0,7,4,11,0
9,21,4,0,1,0,3,0,0,0,1,1,1,5,0,1,0,6,10,14,1
5,15,4,1,1,0,3,1,0,2,1,1,1,0,0,1,5,2,0,1,1
10,20,4,0,1,0,3,0,0,0,1,1,1,5,0,1,0,9,3,14,1
13,20,0,0,1,0,3,0,0,0,1,1,1,0,2,1,0,8,4,13,0
7,20,4,1,1,0,3,1,0,0,1,1,1,0,0,2,0,1,3,2,0
5,18,4,0,0,0,3,3,0,9,1,1,1,7,0,1,0,6,6,2,1
9,20,4,1,1,0,3,3,0,12,1,1,1,8,0,6,0,6,9,13,1
5,20,4,1,1,0,3,2,0,0,1,1,1,0,0,6,0,2,10,1,1
2,15,4,0,1,3,3,0,1,2,1,1,1,0,0,9,2,0,0,0,1
3,18,4,1,1,0,3,1,0,2,1,1,1,0,0,0,5,0,0,0,1
12,3,0,0,1,4,3,3,1,12,1,1,1,7,2,6,0,5,10,7,1
7,17,4,1,1,0,3,3,0,5,1,1,1,7,0,0,5,0,0,0,1
15,19,4,0,1,0,3,0,0,15,1,1,1,8,2,1,5,0,0,0,1
6,4,0,0,1,4,3,3,1,9,1,1,1,7,0,3,0,7,5,10,1
15,20,0,0,1,0,3,2,0,1,1,1,1,8,2,1,0,6,10,12,1
14,18,4,0,0,0,3,1,0,12,1,0,1,0,2,1,0,6,4,14,1
9,17,4,0,1,0,3,3,0,0,1,1,1,0,0,1,0,6,3,11,0
0,18,4,1,1,0,3,1,0,9,1,1,1,0,0,1,5,1,0,1,1
4,18,4,0,1,0,3,0,0,15,1,1,1,7,0,1,5,7,0,1,0
11,15,0,1,1,0,3,0,0,0,1,1,1,1,2,0,5,0,0,0,1
15,20,0,0,1,4,3,0,1,0,1,1,1,0,2,1,0,7,0,13,0
8,18,4,0,1,0,3,2,0,2,1,1,1,0,0,1,0,6,3,7,1
13,21,0,1,1,0,3,1,0,1,1,1,1,5,2,1,0,6,6,14,1
8,20,4,1,1,0,3,0,0,2,1,1,1,0,0,3,0,6,2,3,1
8,13,4,0,1,0,3,1,0,7,1,1,1,8,0,1,0,6,1,7,1
1,14,4,0,1,4,3,0,1,2,1,1,1,5,0,0,5,0,0,0,1
2,17,0,1,0,0,3,1,0,1,1,1,1,0,2,0,5,0,0,0,1
6,17,4,0,1,0,3,0,0,0,1,1,1,7,0,1,2,6,0,5,1
10,18,0,1,1,0,3,1,0,0,1,1,1,0,0,0,5,0,0,0,1
7,18,0,1,1,0,3,0,0,2,1,1,1,7,0,1,0,9,4,11,1
8,18,4,1,1,0,3,1,0,11,1,1,1,8,0,1,5,0,0,2,0
12,20,4,1,1,0,3,3,0,0,1,1,1,8,2,1,5,0,0,0,1
1,19,4,1,1,0,3,3,0,0,1,1,1,0,0,1,0,5,5,6,0
12,20,0,1,1,3,3,0,1,2,1,1,1,5,2,5,4,6,11,6,0
15,15,2,1,1,0,3,0,0,0,1,1,1,0,2,3,0,6,2,7,0
15,23,3,1,1,0,3,0,0,0,1,1,1,0,2,0,5,0,0,4,1
10,20,4,1,1,0,3,1,0,2,1,1,1,0,0,3,0,4,3,6,1
9,20,4,1,1,2,3,1,0,0,1,1,1,8,0,7,0,5,6,8,0
12,15,0,0,1,4,3,0,1,1,1,1,1,8,2,1,5,0,0,0,0
9,13,4,0,1,0,3,0,0,15,1,1,1,0,0,1,5,0,0,0,0
10,16,4,1,1,0,3,1,0,2,1,1,1,0,0,1,0,6,6,10,1
6,15,4,1,1,0,3,3,0,2,1,1,1,0,0,1,5,0,0,2,1
10,20,0,1,1,0,3,1,0,0,1,1,1,8,0,3,0,9,10,14,1
12,2,0,1,1,3,3,2,1,0,1,1,1,7,2,0,2,0,0,4,0
6,20,4,0,1,0,3,0,0,0,1,1,1,0,0,1,0,6,10,12,1
13,21,0,1,1,4,3,3,1,1,1,1,1,0,2,2,0,6,2,7,1
10,12,4,0,1,0,3,3,0,2,1,1,1,0,0,1,0,6,11,12,1
10,20,0,0,1,3,0,0,1,0,1,1,1,0,0,5,3,9,11,12,1
6,13,4,1,0,0,3,0,0,0,1,1,1,0,0,9,2,0,0,13,1
15,20,0,1,1,4,3,0,1,1,1,1,1,0,2,0,5,0,0,0,1
8,17,0,0,1,0,3,0,0,0,1,1,1,0,0,1,0,6,8,9,1
3,15,4,0,1,0,3,1,0,2,1,1,1,0,0,9,2,3,0,1,1
12,17,4,0,1,0,3,1,0,2,1,1,1,8,2,1,0,6,6,11,1
6,18,4,0,1,0,3,0,0,11,1,1,1,7,0,1,0,6,0,11,0
12,14,0,1,1,0,3,3,0,2,1,1,1,0,2,1,0,2,5,3,1
11,19,4,1,1,0,3,0,0,12,1,1,1,0,2,0,5,0,0,0,0
10,15,0,0,1,0,3,0,0,1,1,1,1,0,0,1,0,7,2,13,1
6,15,4,1,1,0,3,3,0,14,1,1,1,1,0,0,5,0,0,7,1
11,15,0,1,1,3,3,0,1,0,1,1,1,0,2,1,5,2,0,4,1
7,21,4,0,1,4,3,0,0,11,1,1,1,0,0,7,0,9,2,14,0
1,14,4,0,0,0,3,0,0,16,1,1,0,0,0,1,0,6,2,4,0
6,18,4,1,1,0,3,0,0,0,1,1,1,0,0,1,1,4,0,7,1
9,14,0,0,1,0,3,0,0,2,1,1,1,0,0,1,0,6,3,5,1
4,20,4,1,1,0,3,1,0,2,1,1,1,7,0,1,5,0,0,0,1
7,18,4,1,1,0,3,0,0,11,1,1,1,0,0,1,0,4,1,4,1
13,15,0,1,1,3,3,0,1,1,1,1,1,5,2,0,5,0,0,0,1
4,15,4,1,1,0,3,3,0,14,1,1,1,7,0,0,5,0,0,0,1
2,15,4,0,1,0,3,0,0,2,1,1,1,0,0,0,5,0,0,0,1
6,20,4,0,1,0,3,3,0,11,1,1,1,1,0,1,0,6,2,14,0
5,15,4,1,1,4,3,0,1,9,1,1,1,7,0,1,2,6,0,3,1
9,20,4,0,1,0,3,3,0,11,1,1,1,0,0,1,0,8,7,13,1
9,20,4,0,1,0,3,0,0,0,1,1,1,0,0,3,0,6,6,13,0
9,20,0,0,1,0,3,0,0,1,1,1,1,0,0,1,0,6,8,13,0
4,15,4,1,1,0,3,1,0,11,1,1,1,8,0,1,5,2,0,3,0
0,17,4,1,1,0,3,0,0,2,1,1,1,8,0,0,5,0,0,0,1
11,18,4,0,1,0,3,0,0,2,1,1,1,0,2,1,0,7,10,8,1
9,20,0,1,1,0,3,1,0,2,1,1,1,8,0,3,0,6,4,13,0
2,16,4,0,1,3,3,0,1,2,1,1,1,5,0,1,5,6,0,2,1
7,15,4,1,1,0,3,0,0,2,1,1,1,1,0,1,0,6,11,4,1
15,18,4,1,1,0,3,0,0,2,1,1,1,7,2,1,5,6,0,5,1
7,20,4,1,1,0,3,1,0,0,1,1,1,0,0,1,0,6,3,12,1
5,19,4,0,1,0,3,0,0,2,1,1,1,0,0,1,0,1,3,5,1
5,20,4,0,1,0,1,1,0,2,1,1,1,8,0,5,0,6,6,2,1
0,15,4,0,1,0,3,1,0,11,1,1,1,0,0,0,5,0,0,0,1
5,18,4,1,1,0,3,3,0,2,1,1,1,0,0,2,5,0,0,0,1
11,19,4,0,1,0,3,3,0,2,1,1,1,0,2,1,0,3,2,4,1
8,15,4,0,0,0,3,3,0,2,1,1,1,7,0,1,0,6,11,10,1
9,16,0,0,1,0,0,1,0,16,1,1,1,0,0,5,3,7,3,5,0
6,18,4,0,1,0,3,0,0,4,1,1,1,0,0,1,5,0,0,1,1
5,20,4,1,1,0,3,0,0,0,1,1,1,1,0,1,0,5,5,7,1
11,15,0,0,1,4,3,0,1,1,1,1,1,0,2,1,2,6,0,2,1
5,19,0,1,1,0,3,1,0,0,1,1,1,0,0,1,0,6,5,12,0
13,21,4,1,1,2,3,1,0,1,1,1,1,8,2,8,5,0,0,0,1
10,21,0,1,1,3,3,0,1,1,1,1,1,5,0,1,0,6,10,13,1
12,20,4,0,1,0,3,3,0,14,1,1,1,0,2,7,0,8,8,13,0
11,17,0,1,1,0,3,0,0,0,1,1,1,0,2,1,0,6,4,9,1
5,20,4,1,1,0,3,0,0,0,1,1,1,5,0,2,0,1,2,2,0
11,23,0,0,1,0,3,0,0,0,1,1,1,0,2,3,0,8,11,14,1
12,20,4,1,1,0,3,0,0,2,1,1,1,5,2,1,5,0,0,0,1
5,19,4,0,1,0,3,1,0,2,1,1,1,0,0,1,0,5,2,7,1
13,20,4,1,1,3,3,0,1,0,1,1,1,5,2,1,0,2,9,6,0
8,20,4,1,1,0,3,1,0,9,1,1,1,1,0,4,2,4,0,3,1
1,18,4,1,1,0,3,3,0,11,1,1,1,5,0,2,0,6,6,10,1
8,20,4,1,1,0,3,3,0,2,1,1,1,0,0,1,0,6,6,7,1
15,15,0,0,1,4,3,0,1,0,1,1,1,5,2,1,0,6,1,8,0
3,18,4,1,1,0,3,0,0,2,1,1,1,0,0,1,5,0,0,0,1
11,18,4,1,1,0,3,3,0,4,1,1,1,2,2,1,0,6,6,9,1
5,17,4,1,1,0,3,3,0,0,1,1,1,8,0,0,5,0,0,0,0
7,20,4,1,1,0,3,1,0,0,1,1,1,8,0,1,0,6,3,12,0
12,16,4,0,1,0,3,3,0,2,1,1,1,0,2,1,0,5,10,5,1
2,18,4,0,0,0,3,0,0,16,1,1,0,5,0,0,5,0,0,4,0
4,18,4,0,1,0,3,0,0,16,1,1,1,0,0,1,0,6,1,4,1
3,20,4,0,1,0,3,1,0,2,1,1,1,0,0,2,5,1,0,1,1
10,16,0,0,1,0,3,0,0,15,1,1,1,7,0,1,5,7,0,0,1
6,18,4,1,0,0,3,0,0,9,1,1,1,0,0,1,0,6,6,10,1
14,15,0,1,1,0,3,0,0,1,1,1,1,0,2,0,5,0,0,0,1
3,20,4,1,1,0,3,0,0,2,1,1,1,5,0,7,0,4,5,8,1
12,20,4,0,1,0,3,0,0,0,1,1,1,0,2,1,0,6,4,11,1
12,23,4,0,1,0,3,0,0,2,1,1,1,5,2,1,0,6,8,10,1
1,18,4,1,1,0,3,0,0,2,1,1,1,5,0,1,2,1,0,3,0
11,20,0,1,1,0,3,0,0,1,1,1,1,0,2,1,0,6,10,12,1
9,18,0,1,1,0,3,0,0,1,1,1,1,1,0,1,5,0,0,0,1
1,18,4,1,1,0,3,3,0,2,1,1,1,0,0,1,0,3,6,3,1
9,20,4,0,1,0,3,1,0,0,1,1,1,8,0,1,0,6,3,8,1
12,15,4,0,1,0,3,0,0,0,1,1,1,0,2,1,0,4,8,6,1
7,15,4,1,1,0,3,0,0,0,1,1,1,7,0,1,1,4,0,6,1
9,15,4,1,1,0,3,0,0,2,1,1,1,0,0,1,5,0,0,5,1
6,20,4,1,1,0,3,1,0,0,1,1,1,0,0,1,0,8,3,14,0
0,18,4,1,1,0,3,0,0,16,1,1,1,1,0,1,0,1,10,4,0
9,20,0,1,1,0,3,0,0,0,1,1,1,0,0,3,0,2,2,6,0
7,21,4,0,1,0,3,0,0,12,1,1,1,5,0,1,0,6,3,13,1
2,18,4,1,1,0,3,0,0,2,1,1,1,0,0,5,0,2,2,3,1
9,15,4,0,1,0,3,3,0,2,1,1,1,0,0,1,0,6,5,6,1
3,11,4,0,1,0,3,1,0,15,1,1,1,0,0,1,5,9,0,2,0
8,18,4,0,1,0,3,1,0,7,1,1,1,7,0,1,0,8,3,9,1
6,14,4,1,1,0,3,0,0,2,1,1,1,7,0,0,5,0,0,0,1
4,15,4,1,1,0,3,0,0,2,1,1,1,0,0,2,0,1,4,1,1
6,21,4,1,1,3,3,0,1,0,1,1,1,5,0,1,5,0,0,0,1
14,8,4,0,1,4,3,0,1,11,1,1,1,0,2,0,5,0,0,0,1
5,16,4,1,1,0,3,0,0,2,1,1,1,0,0,0,5,0,0,0,1
7,20,4,1,1,0,3,1,0,0,1,1,1,0,0,1,0,2,4,5,0
4,17,4,1,1,0,3,1,0,0,1,1,1,8,0,2,0,3,4,8,0
3,18,4,1,1,0,3,3,0,2,1,1,1,5,0,0,5,0,0,0,1
1,18,4,0,1,0,3,0,0,2,1,1,1,0,0,1,2,1,0,4,1
5,18,4,0,1,3,3,0,1,0,1,1,1,5,0,1,0,6,4,11,0
9,18,0,1,1,0,3,0,0,8,1,1,1,7,0,0,5,0,0,0,1
14,15,0,0,1,4,3,0,1,8,1,1,1,5,2,1,0,6,3,10,1
11,15,4,0,1,4,3,0,1,14,1,1,1,7,2,7,0,9,6,9,1
5,19,4,1,1,0,3,0,0,2,1,1,1,0,0,1,0,4,1,4,1
11,14,0,0,1,2,3,3,1,0,1,1,1,8,2,6,0,1,1,7,0
5,15,4,1,1,4,3,0,1,2,1,1,1,5,0,1,0,4,10,4,1
13,20,0,1,1,0,1,1,0,0,1,1,1,8,2,5,0,9,6,11,0
6,15,4,0,1,0,3,0,0,2,1,1,1,7,0,1,0,3,6,8,1
12,11,3,0,1,4,3,0,1,0,1,1,1,0,2,1,0,9,4,14,1
2,16,4,0,1,0,0,0,0,16,1,1,1,0,0,5,3,7,2,7,1
12,20,0,0,1,0,3,1,0,2,1,1,1,0,2,4,0,8,11,10,1
4,20,4,1,0,0,3,1,0,2,1,1,0,0,0,1,5,3,0,4,0
12,20,4,1,1,0,3,1,0,11,1,1,1,0,2,2,0,8,2,11,0
7,15,4,1,0,0,3,3,0,3,1,0,1,0,0,0,5,0,0,5,1
0,15,4,0,1,4,3,0,1,16,1,1,1,0,0,1,5,8,0,2,0
3,18,4,0,1,0,3,1,0,2,1,1,1,7,0,1,0,8,6,10,1
13,20,4,1,0,0,3,1,0,0,1,1,0,8,2,1,5,0,0,0,0
10,14,0,0,1,0,3,1,0,0,1,1,1,0,0,1,0,8,5,14,0
1,15,4,0,1,0,3,3,0,2,1,1,1,0,0,1,0,3,5,5,0
3,17,4,1,1,0,3,0,0,0,1,1,1,1,0,1,0,4,4,1,1
3,18,4,0,1,0,3,1,0,0,1,1,1,7,0,1,0,6,9,11,1
9,15,0,0,1,3,3,0,1,0,1,1,1,5,0,1,0,6,9,13,1
13,12,2,0,1,0,3,0,0,15,1,1,1,1,0,4,5,0,0,1,0
12,15,0,1,1,4,3,0,1,1,1,1,1,0,2,1,5,0,0,0,1
13,18,0,1,1,0,3,0,0,0,1,1,1,7,2,6,0,6,6,10,1
2,15,4,1,1,0,3,0,0,0,1,1,1,7,0,1,0,2,3,2,0
10,20,4,0,1,0,3,0,0,5,1,1,1,7,0,1,0,8,3,14,1
10,20,4,0,1,0,3,1,0,15,1,1,1,8,0,1,1,9,0,9,0
6,20,4,1,1,0,2,1,0,10,1,1,1,0,0,4,0,6,4,13,1
8,20,4,0,1,0,3,0,0,0,1,1,1,7,0,1,0,6,8,13,1
15,21,0,0,1,4,3,0,1,1,1,1,1,0,2,1,0,6,3,14,1
9,20,0,0,1,0,3,0,0,1,1,1,1,0,0,1,0,7,11,12,0
8,15,0,1,1,0,3,0,0,0,1,1,1,0,0,6,0,4,6,7,1
6,17,4,0,1,0,3,1,0,2,1,1,1,0,0,1,0,5,6,10,1
2,15,4,0,1,0,3,1,0,4,1,1,1,0,0,1,0,6,3,6,1
7,18,4,0,1,0,3,1,0,2,1,1,1,0,0,1,0,6,5,8,1
15,22,3,1,1,0,3,0,0,0,1,1,1,0,2,1,0,7,8,14,1
7,15,4,0,1,0,0,0,0,16,1,1,1,0,0,5,3,6,1,8,1
5,15,0,0,1,4,3,0,1,2,1,1,1,0,0,2,2,0,0,0,1
2,17,4,1,1,0,3,3,0,2,1,1,1,1,0,0,5,0,0,0,1
1,18,4,1,1,4,3,0,1,10,1,1,1,5,0,0,5,0,0,0,0
4,20,4,1,1,0,3,1,0,0,1,1,1,0,0,1,0,1,2,4,0
4,17,4,1,1,0,3,1,0,2,1,1,1,0,0,1,0,4,5,10,1
2,18,4,1,1,0,3,1,0,16,1,1,1,8,0,4,0,1,1,2,1
5,20,4,1,1,0,3,0,0,2,1,1,1,5,0,1,0,6,4,2,0
4,21,4,1,1,0,3,0,0,2,1,1,1,0,0,2,0,2,1,3,0
7,20,4,0,1,0,3,3,0,5,1,1,1,0,0,1,0,6,2,9,0
11,18,0,0,1,0,3,3,0,0,1,1,1,0,2,0,5,0,0,0,1
6,11,4,1,1,4,3,0,1,11,1,1,1,0,0,0,5,0,0,0,1
0,15,4,1,0,0,3,0,0,2,1,1,0,0,0,0,5,0,0,0,1
9,15,0,1,1,0,3,3,0,4,1,1,1,0,0,0,5,0,0,0,1
0,18,4,1,1,0,3,0,0,2,1,1,1,0,0,9,2,0,0,0,1
14,19,0,1,1,0,3,1,0,1,1,1,1,8,2,1,5,0,0,0,1
2,17,4,1,1,0,3,1,0,2,1,1,1,0,0,1,0,3,6,5,1
11,21,0,1,1,4,3,0,1,1,1,1,1,5,2,0,5,0,0,0,1
13,20,0,0,1,3,3,0,1,1,1,1,1,5,2,1,0,6,9,13,0
13,21,0,1,1,4,3,0,1,1,1,1,1,5,2,9,2,0,0,0,1
15,20,4,0,1,0,3,0,0,2,1,1,1,5,2,2,0,6,10,8,1
0,18,4,1,1,0,3,0,0,16,1,1,1,0,0,9,2,0,0,0,1
14,18,4,0,1,0,3,0,0,12,1,1,1,5,2,1,0,6,11,9,1
10,20,4,1,1,0,3,0,0,0,1,1,1,0,0,4,0,5,5,11,0
7,8,4,0,1,4,3,3,1,11,1,1,1,1,0,1,5,0,0,0,0
3,15,4,0,1,0,3,3,0,0,1,1,1,8,0,1,0,1,2,2,1
5,18,4,1,1,0,3,3,0,0,1,1,1,0,0,2,0,6,1,5,1
4,18,4,0,1,2,3,3,0,2,1,1,1,0,0,1,0,6,8,8,1
12,14,4,0,1,0,3,0,0,12,1,1,1,7,2,0,5,0,0,0,1
10,17,4,0,0,0,3,1,0,15,1,1,0,8,0,1,5,3,0,3,1
13,20,0,1,1,0,3,0,0,1,1,1,1,0,2,1,0,6,10,9,1
14,18,4,0,1,0,3,0,0,5,1,1,1,7,2,6,0,6,2,13,1
5,15,4,1,1,0,3,1,0,2,1,1,1,5,0,1,0,2,6,4,1
11,21,4,1,1,0,3,3,0,0,1,1,1,5,2,2,0,6,6,13,1
3,15,4,0,1,0,3,1,0,2,1,1,1,0,0,1,0,6,1,4,1
3,20,4,0,1,0,3,3,0,2,1,1,1,5,0,1,0,2,3,3,1
5,15,4,0,1,0,3,1,0,2,1,1,1,0,0,1,0,2,2,6,1
14,19,0,1,1,4,3,0,1,0,1,1,1,0,2,1,0,6,6,9,1
6,20,4,0,1,0,3,0,0,2,1,1,1,0,0,1,0,6,3,9,0
4,20,4,1,1,0,3,1,0,2,1,1,1,0,0,4,0,1,3,3,1
7,20,0,1,1,0,3,0,0,0,1,1,1,5,0,1,0,6,4,13,1
11,15,4,0,1,0,3,0,0,7,1,1,1,7,2,1,0,5,11,3,1
1,18,4,1,1,0,3,1,0,0,1,1,1,0,0,1,0,4,2,6,0
13,20,0,0,1,4,3,0,1,0,1,1,1,7,2,1,0,6,10,13,1
12,15,4,0,1,0,3,0,0,2,1,1,1,1,2,5,0,6,4,10,1
4,19,4,0,1,0,3,0,0,15,1,1,1,0,0,1,5,0,0,0,0
3,15,4,0,0,0,3,3,0,2,1,1,0,0,0,0,5,0,0,0,1
8,20,0,0,1,0,3,1,0,0,1,1,1,0,0,3,0,6,8,13,0
9,20,4,0,1,3,3,1,1,5,1,1,1,0,0,1,0,6,3,10,1
3,20,4,0,1,0,3,1,0,2,1,1,1,0,0,1,0,9,2,11,1
3,18,4,0,1,0,3,0,0,2,1,1,1,7,0,1,0,9,10,10,1
4,12,4,0,0,4,3,0,1,9,1,1,1,2,0,0,5,0,0,0,1
10,18,0,1,1,3,3,0,1,1,1,1,1,0,0,1,5,0,0,0,0
9,20,4,0,1,4,3,3,1,11,1,1,1,5,0,1,0,6,6,8,1
8,20,4,0,1,0,3,3,0,12,1,1,1,0,0,1,1,2,0,0,1
10,14,4,0,1,0,3,3,0,2,1,1,1,0,0,1,0,5,8,7,1
8,15,4,1,1,0,3,0,0,0,1,1,1,5,0,1,2,0,0,0,1
2,15,4,0,1,0,3,0,0,2,1,1,1,5,0,1,0,6,2,12,1
5,15,4,0,1,4,3,0,1,12,1,1,1,0,0,1,0,4,3,9,0
2,18,2,0,1,0,3,3,0,2,1,1,1,0,0,3,0,3,0,1,1
0,15,4,1,1,0,3,0,0,2,1,1,1,0,0,3,0,2,6,4,1
4,15,4,1,1,2,3,0,0,2,1,1,1,0,0,1,5,0,0,2,0
12,18,4,1,1,0,3,3,0,0,1,1,1,8,2,1,0,4,10,4,1
14,19,0,0,1,3,3,0,1,1,1,1,1,5,2,0,5,0,0,0,1
4,18,4,1,1,3,3,0,1,2,1,1,1,0,0,1,5,0,0,4,1
13,21,0,1,1,0,3,1,0,1,1,1,1,0,2,1,0,8,3,12,1
7,16,0,0,1,3,3,0,1,0,1,1,1,7,0,1,0,6,6,5,1
11,15,0,1,1,4,3,0,1,1,1,1,1,5,2,1,0,4,2,2,1
10,13,4,0,1,4,3,0,1,15,1,1,1,7,0,0,5,0,0,0,1
1,18,4,0,1,0,3,3,0,7,1,1,1,7,0,1,0,5,3,4,1
8,15,0,1,1,0,3,0,0,1,1,1,1,1,0,1,0,6,6,10,0
10,18,4,0,1,0,1,1,0,16,1,1,1,0,0,5,3,3,7,6,1
1,18,4,0,1,0,3,2,0,2,1,1,1,0,0,1,5,6,0,2,1
15,19,0,1,1,4,3,0,1,0,1,1,1,0,2,1,0,6,2,5,1
2,15,4,1,1,0,3,0,0,16,1,1,1,0,0,0,5,0,0,0,1
4,20,4,0,1,0,3,0,0,0,1,1,1,0,0,1,0,6,0,9,0
5,20,0,0,1,0,3,0,0,0,1,1,1,5,0,1,0,6,11,13,0
1,18,4,0,1,0,3,1,0,7,1,1,1,0,0,1,0,2,6,4,0
15,20,0,1,1,0,3,1,0,0,1,1,1,0,2,1,0,6,3,9,1
8,16,2,1,1,0,3,2,0,5,1,1,1,0,0,1,5,6,0,2,1
12,18,4,0,1,0,3,0,0,9,1,1,1,7,2,1,0,6,2,8,1
1,18,4,1,1,0,3,1,0,2,1,1,1,0,0,3,0,4,2,4,1
9,15,4,0,1,0,3,0,0,2,1,1,1,7,0,1,0,5,7,9,1
12,18,4,1,1,0,3,0,0,0,1,1,1,0,2,0,5,0,0,0,1
10,15,4,1,1,0,3,3,0,12,1,1,1,0,0,1,0,6,6,5,1
3,18,4,1,1,0,3,1,0,16,1,1,1,5,0,1,5,0,0,2,0
3,19,4,1,1,0,3,3,0,2,1,1,1,0,0,1,5,0,0,0,1
1,18,4,0,1,3,3,0,1,0,1,1,1,7,0,1,0,7,8,13,1
14,12,4,0,1,0,3,0,0,0,1,1,1,1,2,1,2,0,0,0,1
14,18,0,1,1,0,3,0,0,1,1,1,1,7,2,1,5,0,0,0,1
15,20,0,0,1,0,3,1,0,0,1,1,1,0,2,1,0,6,8,13,1
7,15,4,1,1,0,3,3,0,11,1,1,1,0,0,0,5,0,0,0,1
0,15,4,0,1,4,3,0,1,14,1,1,1,5,0,0,5,0,0,0,1
6,15,4,1,1,0,3,0,0,7,1,1,1,1,0,1,0,1,3,3,1
1,15,4,0,1,0,3,0,0,7,1,1,1,0,0,1,0,6,1,3,1
10,18,0,0,1,0,3,1,0,8,1,1,1,0,0,1,0,7,0,11,0
8,18,4,0,1,0,3,0,0,2,1,1,1,0,0,2,0,7,11,13,1
15,21,0,1,1,0,3,3,0,0,1,1,1,7,2,1,0,6,0,11,1
10,21,4,1,1,0,3,1,0,0,1,1,1,0,0,2,0,1,1,7,0
8,18,4,1,1,0,3,0,0,2,1,1,1,7,0,0,5,0,0,0,1
9,20,4,0,1,0,3,0,0,2,1,1,1,5,0,3,0,6,6,6,1
8,18,4,1,1,0,3,0,0,0,1,1,1,1,0,1,0,6,8,8,1
5,15,4,0,1,0,3,0,0,2,1,1,1,0,0,1,0,4,4,4,0
15,15,0,1,1,4,3,0,1,1,1,1,1,0,2,0,5,0,0,0,1
12,18,3,0,1,0,3,3,0,2,1,1,1,0,2,1,0,6,5,6,1
13,20,0,0,1,4,3,0,1,0,1,1,1,5,2,1,0,9,10,14,0
11,15,4,0,1,0,3,1,0,0,1,1,1,0,2,1,0,8,10,10,1
7,15,4,0,1,4,3,0,1,11,1,1,1,5,0,1,0,4,4,6,1
5,18,4,1,1,3,3,0,1,0,1,1,1,0,0,1,0,6,5,13,1
11,15,0,1,1,3,3,0,1,0,1,1,1,0,2,0,5,0,0,0,1
5,20,4,1,1,0,3,0,0,0,1,1,1,0,0,1,0,6,2,13,1
1,18,4,0,1,3,3,0,1,16,1,1,1,5,0,9,2,1,0,1,0
12,15,0,1,1,4,3,0,1,8,1,1,1,7,2,1,0,6,6,8,1
13,19,0,1,1,0,3,0,0,1,1,1,1,1,2,1,1,3,0,5,1
4,20,4,0,0,0,3,0,0,0,1,1,0,0,0,1,2,4,0,6,0
1,15,4,1,1,0,3,0,0,10,1,1,1,8,0,0,5,0,0,0,0
2,16,4,0,1,0,3,0,0,15,1,1,1,0,0,0,5,0,0,0,0
3,15,4,1,1,0,3,3,0,11,1,1,1,5,0,1,0,9,3,5,0
5,20,4,1,1,0,3,1,0,12,1,1,1,0,0,1,0,6,3,9,0
13,20,0,0,1,0,3,0,0,0,1,1,1,0,2,3,0,6,4,14,1
3,17,4,0,1,0,3,0,0,15,1,1,1,7,0,1,5,6,0,1,1
13,20,0,0,1,0,3,1,0,0,1,1,1,5,2,1,0,6,4,14,1
11,20,0,1,1,4,3,0,1,1,1,1,1,0,2,0,5,0,0,0,1
2,15,0,1,1,0,3,1,0,1,1,1,1,0,0,1,0,8,4,11,1
1,17,4,0,1,0,0,0,0,16,1,1,1,0,0,2,3,4,0,0,0
1,18,4,0,1,4,3,0,1,16,1,1,1,5,0,0,5,0,0,0,0
7,13,4,1,1,0,3,0,0,0,1,1,1,0,0,1,0,6,6,9,1
0,17,4,0,1,0,3,3,0,2,1,1,1,0,0,1,2,2,0,6,1
11,21,0,1,1,0,3,1,0,1,1,1,1,0,2,2,0,8,8,12,0
8,20,0,0,1,4,3,0,1,0,1,1,1,5,0,3,0,7,8,13,1
15,22,0,1,1,0,3,1,0,1,1,1,1,0,2,1,0,9,3,14,0
10,14,0,1,1,0,3,0,0,2,1,1,1,0,0,0,5,0,0,0,1
4,19,4,1,1,0,3,3,0,2,1,1,1,0,0,1,5,0,0,5,1
15,18,4,1,1,4,3,0,1,2,1,1,1,0,2,1,0,4,2,6,1
7,15,0,1,1,0,3,0,0,0,1,1,1,0,0,0,5,0,0,0,1
6,15,4,1,1,4,3,0,1,10,1,1,1,0,0,4,0,6,8,5,1
4,20,2,0,1,0,3,1,0,7,1,1,1,0,0,1,0,6,4,9,0
4,20,4,1,1,0,3,3,0,7,1,1,1,1,0,1,0,6,11,6,1
13,19,0,1,1,0,3,0,0,0,1,1,1,0,2,2,0,9,4,12,1
15,9,0,0,1,0,3,1,0,2,1,1,1,7,2,2,0,4,1,4,0
0,18,4,1,1,0,3,3,0,11,1,1,1,0,0,0,5,0,0,0,0
7,20,4,1,1,0,3,0,0,2,1,1,1,0,0,1,0,6,6,5,1
6,21,0,0,1,0,3,0,0,0,1,1,1,5,0,1,0,6,6,13,0
4,15,4,0,1,0,3,1,0,7,1,1,1,0,0,1,0,3,4,4,1
2,15,4,0,1,4,3,0,1,11,1,1,1,5,0,0,5,0,0,0,1
8,21,4,0,1,0,3,0,0,5,1,1,1,5,0,1,0,6,8,13,1
14,19,0,1,1,0,3,0,0,0,1,1,1,1,2,1,0,6,3,7,0
9,13,4,1,1,2,3,0,0,0,1,1,1,1,0,1,5,0,0,6,0
12,19,0,1,1,0,3,1,0,0,1,1,1,8,2,2,5,2,0,3,1
14,15,0,0,1,0,3,0,0,8,1,1,1,0,2,1,1,6,0,10,1
6,20,4,0,1,0,3,3,0,11,1,1,1,7,0,1,0,4,1,9,1
0,18,4,1,1,4,3,3,1,16,1,1,1,5,0,1,5,1,0,1,1
2,18,4,1,1,0,3,1,0,2,1,1,1,0,0,1,0,3,1,4,1
12,20,4,1,1,0,3,0,0,16,1,1,1,5,0,2,0,8,8,8,1
5,17,0,1,1,0,3,1,0,2,1,1,1,1,0,1,2,6,0,5,1
3,15,4,1,1,0,3,0,0,2,1,1,1,7,0,1,0,8,6,9,1
13,23,4,0,1,4,3,0,1,9,1,1,1,5,2,1,0,6,6,14,1
0,18,4,1,1,0,3,0,0,16,1,1,1,1,0,1,5,3,0,3,1
7,18,4,1,1,0,3,0,0,0,1,1,1,0,0,4,0,6,6,11,1
2,18,4,1,1,0,3,2,0,0,1,1,1,0,0,1,5,3,0,4,0
11,21,0,1,1,0,3,0,0,1,1,1,1,0,2,2,0,6,0,9,0
6,15,0,1,1,0,3,0,0,8,1,1,1,0,0,5,0,2,9,3,1
4,20,4,0,1,0,3,0,0,0,1,1,1,0,0,6,0,6,6,12,0
0,18,4,0,1,0,1,0,0,16,1,1,1,8,0,1,5,0,0,0,0
3,20,4,1,1,0,3,1,0,0,1,1,1,0,0,1,0,2,2,2,1
3,15,4,1,1,0,3,0,0,12,1,1,1,0,0,1,0,5,6,6,1
9,20,4,0,1,4,3,0,1,2,1,1,1,5,0,1,0,6,3,11,1
10,20,4,1,1,0,3,0,0,2,1,1,1,7,0,1,0,6,3,6,1
1,18,4,1,1,0,3,0,0,16,1,1,1,0,0,0,5,0,0,0,1
7,18,4,0,1,0,3,0,0,2,1,1,1,1,0,1,2,0,0,4,1
15,15,4,1,1,3,3,0,1,12,1,1,1,0,2,1,0,6,4,5,1
7,19,0,0,1,0,3,3,0,0,1,1,1,7,0,1,0,6,2,9,1
1,15,4,1,1,0,3,3,0,16,1,1,1,0,0,1,5,1,0,1,0
2,16,4,0,1,0,3,0,0,2,1,1,1,0,0,1,5,6,0,3,0
0,15,4,1,1,0,3,0,0,2,1,1,1,0,0,1,5,0,0,0,1
2,20,0,1,1,0,3,0,0,8,1,1,1,5,0,5,0,7,4,3,1
3,18,4,0,1,0,3,0,0,12,1,1,1,7,0,1,0,6,6,6,1
10,20,0,0,1,0,3,1,0,1,1,1,1,5,0,1,0,5,3,14,1
11,15,0,1,1,0,3,3,0,1,1,1,1,0,2,1,0,4,4,9,1
1,15,4,0,1,0,3,0,0,12,1,1,1,7,0,1,2,3,0,5,1
15,21,0,0,1,0,3,1,0,0,1,1,1,0,2,1,0,8,3,14,1
9,20,4,0,1,0,3,0,0,0,1,1,1,0,0,1,0,6,3,13,1
11,20,4,1,1,0,3,0,0,0,1,1,1,0,2,1,0,6,2,14,1
5,20,4,1,1,2,3,3,0,2,1,1,1,5,0,1,0,1,8,3,1
4,15,4,1,1,0,3,3,0,11,1,1,1,5,0,0,5,0,0,5,1
1,18,4,0,1,0,3,1,0,2,1,1,1,7,0,0,5,0,0,2,1
3,20,0,1,1,0,3,1,0,1,1,1,1,8,0,1,5,5,0,2,1
11,20,0,1,1,0,3,1,0,0,1,1,1,0,2,2,0,6,0,14,0
9,20,4,1,1,0,3,1,0,0,1,1,1,8,0,1,0,7,4,13,0
3,15,4,0,1,0,3,0,0,2,1,1,1,0,0,1,0,5,9,6,1
3,19,4,1,1,0,3,3,0,2,1,1,1,0,0,6,0,1,6,7,1
13,20,4,1,1,4,3,0,1,0,1,1,1,0,2,1,0,7,6,13,1
12,19,4,1,1,0,3,3,0,2,1,1,1,0,2,1,0,6,8,7,1
11,20,0,1,1,3,3,0,1,1,1,1,1,5,2,1,0,6,4,10,1
13,17,0,0,1,0,3,1,0,1,1,1,1,0,2,1,0,5,2,6,0
2,15,0,0,1,4,3,0,1,1,1,1,1,0,0,1,5,8,0,4,0
7,19,4,0,1,0,3,3,0,2,1,1,1,7,0,1,0,5,5,8,1
9,20,0,0,1,0,3,0,0,0,1,1,1,0,0,1,0,9,7,14,1
0,18,4,1,1,0,3,1,0,16,1,1,1,8,0,0,5,0,0,0,0
10,20,0,1,1,4,3,0,1,0,1,1,1,5,0,1,0,6,6,10,0
4,15,4,0,1,3,3,0,1,2,1,1,1,5,0,0,5,0,0,1,1
15,13,4,1,1,0,3,0,0,10,1,1,1,0,2,1,5,6,0,3,0
6,18,4,1,1,0,3,0,0,2,1,1,1,7,0,0,5,0,0,0,1
6,18,4,1,1,0,3,1,0,12,1,1,1,0,0,1,0,5,4,10,1
11,20,0,1,1,0,3,0,0,8,1,1,1,5,2,3,0,1,3,11,1
15,18,0,1,1,0,3,0,0,1,1,1,1,0,2,1,0,8,6,9,1
4,18,4,1,1,0,3,0,0,2,1,1,1,0,0,1,5,0,0,4,0
4,15,4,0,1,0,3,0,0,2,1,1,1,0,0,1,0,3,2,2,1
15,18,4,1,1,4,3,0,1,0,1,1,1,0,2,0,5,0,0,0,1
3,15,4,0,1,0,3,3,0,11,1,1,1,0,0,1,0,1,8,3,1
10,17,0,0,1,0,3,0,0,0,1,1,1,7,0,1,0,7,11,12,1
9,21,0,1,1,4,3,0,1,1,1,1,1,0,0,0,5,0,0,0,1
4,20,4,1,1,3,3,3,1,11,1,1,1,5,0,1,0,3,2,2,1
0,18,4,1,1,0,3,0,0,2,1,1,1,8,0,1,0,1,1,1,0
9,16,0,1,1,0,3,0,0,1,1,1,1,0,0,0,5,0,0,0,1
13,19,4,1,1,0,3,3,0,12,1,1,1,0,2,1,0,6,8,11,1
4,20,4,1,1,0,3,3,0,2,1,1,1,5,0,2,0,1,2,3,1
13,20,4,1,1,0,1,1,0,0,1,1,1,8,2,5,0,6,9,13,0
9,15,3,0,1,0,3,0,0,2,1,1,1,6,0,1,0,5,10,9,1
5,18,4,0,1,3,3,3,1,2,1,1,1,0,0,1,0,4,2,5,1
1,17,4,0,1,0,3,0,0,2,1,1,1,0,0,1,0,2,1,3,1
1,17,4,0,1,0,3,0,0,16,1,1,1,5,0,2,5,6,0,2,1
7,17,0,0,1,0,1,1,0,1,1,1,1,0,2,1,0,7,11,9,0
2,17,4,0,1,0,3,0,0,2,1,1,1,5,0,1,0,6,6,5,1
12,11,4,1,1,0,3,2,0,11,1,1,1,0,2,1,0,1,10,1,1
1,18,4,1,1,0,3,0,0,2,1,1,1,7,0,0,5,0,0,0,1
2,17,0,1,1,4,3,3,0,8,1,1,1,7,0,1,0,9,5,11,1
12,20,0,1,1,3,3,0,1,1,1,1,1,5,2,2,5,0,0,0,1
6,20,4,0,1,0,3,3,0,11,1,1,1,5,0,1,0,6,6,11,0
15,19,2,1,1,0,3,1,0,0,1,1,1,0,2,1,5,6,0,7,1
4,18,4,0,1,0,3,0,0,2,1,1,1,0,0,1,0,6,4,9,1
7,17,4,0,1,0,3,0,0,0,1,1,1,0,0,1,0,4,8,4,1
4,20,4,0,1,0,3,0,0,2,1,1,1,0,0,6,2,1,0,3,0
3,18,4,0,1,0,3,1,0,2,1,1,1,0,0,1,0,5,8,8,1
6,15,4,0,1,0,3,1,0,2,1,1,1,8,0,2,0,6,6,7,1
1,17,4,1,1,0,3,0,0,2,1,1,1,0,0,1,0,6,2,10,1
2,13,4,0,1,0,3,0,0,2,1,1,1,7,0,1,5,6,0,6,1
0,15,4,1,1,0,3,1,0,11,1,1,1,0,0,1,2,6,0,8,1
1,18,4,1,1,0,3,3,0,2,1,1,1,1,0,0,5,0,0,0,0
9,18,4,0,1,0,3,1,0,0,1,1,1,7,0,1,0,6,11,8,1
2,15,4,0,1,0,3,0,0,2,1,1,1,1,0,3,2,6,0,6,1
1,15,4,0,1,0,3,3,0,14,1,1,1,0,0,0,5,0,0,0,0
4,20,4,1,1,2,3,1,0,2,1,1,1,8,0,1,0,2,3,6,1
5,15,4,1,1,0,3,0,0,2,1,1,1,1,0,1,0,6,8,7,1
7,18,4,0,1,0,3,2,0,2,1,1,1,0,0,2,5,1,0,1,0
6,21,4,0,1,0,0,1,0,2,1,1,0,0,2,5,4,2,7,7,0
3,18,4,0,1,0,3,0,0,11,1,1,1,0,0,6,1,2,0,2,1
1,18,4,1,1,0,3,0,0,10,1,1,1,0,0,0,5,0,0,0,0
9,20,4,1,1,0,3,0,0,0,1,1,1,1,0,6,0,5,0,6,0
14,20,4,1,0,0,3,1,0,0,1,1,0,0,2,1,5,0,0,0,0
13,15,0,1,1,2,3,3,0,0,1,1,1,0,2,9,2,0,0,0,1
10,18,4,0,1,0,3,0,0,2,1,1,1,7,0,3,0,2,7,7,1
13,18,4,0,1,0,3,0,0,0,1,1,1,1,2,1,0,6,10,10,1
12,16,0,1,1,0,3,0,0,1,1,1,1,7,2,1,0,6,3,13,1
6,18,4,0,1,0,3,0,0,12,1,1,1,5,0,2,0,6,6,12,1
0,15,4,1,1,0,3,0,0,2,1,1,1,7,0,0,5,0,0,2,1
6,15,0,0,1,0,3,0,0,3,1,1,1,0,0,1,0,2,8,5,1
13,12,0,0,1,4,3,0,1,1,1,1,1,0,2,1,0,6,11,12,0
11,20,4,1,1,0,3,0,0,2,1,1,1,5,0,6,0,4,5,4,0
7,17,0,1,1,4,3,0,1,2,1,1,1,5,0,0,5,0,0,0,1
14,11,4,0,1,4,3,0,1,11,1,1,1,0,2,1,0,9,10,7,0
11,17,0,0,1,0,3,1,0,1,1,1,1,0,2,1,0,6,3,11,0
15,21,0,1,1,4,3,0,1,1,1,1,1,5,2,0,5,0,0,0,0
13,0,4,1,1,0,3,0,0,12,1,1,1,1,2,1,1,3,0,6,1
12,18,4,0,1,0,3,1,0,2,1,1,1,0,2,1,0,2,2,4,1
13,15,4,0,1,0,3,3,0,0,1,1,1,0,2,1,0,9,3,11,1
9,15,4,0,1,0,3,3,0,12,1,1,1,0,0,2,0,6,1,11,0
6,17,4,0,1,0,3,0,0,2,1,1,1,0,0,1,2,1,0,2,1
9,18,0,0,1,0,3,0,0,0,1,1,1,0,0,1,0,7,2,11,1
2,15,4,0,1,0,3,0,0,12,1,1,1,7,0,1,0,7,7,9,1
14,22,0,1,1,0,3,0,0,1,1,1,1,0,2,7,1,9,0,13,1
10,8,0,0,1,3,3,0,1,15,1,1,1,0,0,1,5,3,0,1,1
12,20,4,1,1,0,3,0,0,0,1,1,1,0,2,2,0,6,4,9,1
11,20,0,1,1,4,3,3,1,1,1,1,1,0,2,1,5,0,0,0,1
1,14,4,1,1,0,3,1,0,16,1,1,1,8,0,1,5,1,0,2,1
12,15,0,0,1,0,3,3,0,0,1,1,1,8,2,1,0,6,4,6,0
8,13,4,1,1,0,3,3,0,7,1,1,1,0,0,1,5,0,0,0,1
13,0,2,1,1,4,3,1,1,12,1,1,1,0,2,1,0,7,4,9,1
5,20,4,1,1,0,3,0,0,2,1,1,1,5,0,1,0,1,8,5,1
13,20,0,1,1,0,3,0,0,0,1,1,1,5,2,1,0,2,3,14,1
3,15,4,1,1,0,3,1,0,0,1,1,1,0,0,1,1,4,0,2,1
9,15,4,0,1,0,3,3,0,2,1,1,1,0,0,1,0,6,6,11,1
13,15,4,1,1,0,3,0,0,0,1,1,1,0,2,1,1,6,0,6,1
14,8,4,0,1,4,3,0,1,16,1,1,1,1,0,4,0,5,5,3,0
13,15,0,0,1,0,3,0,0,0,1,1,1,7,2,1,0,9,3,14,1
11,18,4,1,1,2,3,0,0,12,1,1,1,2,2,1,0,6,6,14,1
7,15,0,1,1,0,3,3,0,0,1,1,1,0,0,1,1,8,0,9,0
4,15,4,0,1,3,3,0,1,2,1,1,1,7,0,1,0,6,4,7,1
7,20,4,1,1,4,3,0,1,2,1,1,1,5,0,9,2,0,0,0,1
2,18,4,1,1,4,3,0,1,16,1,1,1,5,0,0,5,0,0,0,0
12,18,0,0,1,4,3,3,1,0,1,1,1,7,2,1,0,6,8,10,1
7,20,4,0,1,0,3,0,0,2,1,1,1,0,0,1,0,5,2,6,1
4,17,0,1,0,0,3,0,0,11,1,1,1,7,2,0,5,0,0,0,1
6,18,0,1,1,0,3,0,0,0,1,1,1,0,0,1,0,4,2,7,1
2,18,4,0,1,0,3,0,0,2,1,1,1,0,0,1,5,1,0,3,1
4,20,4,0,1,0,3,0,0,15,1,1,1,0,0,1,5,6,0,1,0
5,20,4,0,1,0,3,0,0,2,1,1,1,0,0,1,5,0,0,0,1
8,15,4,0,1,0,3,0,0,0,1,1,1,7,0,1,0,8,2,8,0
4,15,0,0,1,0,1,3,0,0,1,1,1,0,0,1,0,6,10,8,0
9,17,4,0,1,0,3,0,0,5,1,1,1,0,0,0,5,0,0,4,1
6,20,0,1,1,3,3,0,1,1,1,1,1,5,0,1,0,6,3,12,0
0,18,4,1,1,0,3,0,0,2,1,1,1,5,0,1,5,0,0,0,1
14,15,0,0,1,0,0,0,0,0,1,1,1,0,2,5,0,8,6,9,1
15,22,0,0,1,0,3,1,0,0,1,1,1,0,2,2,0,9,3,14,0
15,18,0,1,1,4,3,0,1,0,1,1,1,0,2,1,1,6,0,9,1
15,21,0,1,1,4,3,0,1,0,1,1,1,0,2,1,0,7,10,14,0
13,18,4,1,1,0,3,3,0,0,1,1,1,0,2,1,0,6,4,6,1
13,21,0,0,1,0,3,1,0,0,1,1,1,0,2,2,0,6,6,14,1
6,18,4,1,1,0,3,1,0,5,1,1,1,0,0,1,0,6,2,9,0
9,16,4,0,0,0,3,0,0,0,1,1,0,0,0,1,5,1,0,3,1
13,12,2,0,1,0,3,0,0,1,1,1,1,0,2,1,1,0,0,11,1
8,18,4,0,1,0,1,1,0,2,1,1,1,8,0,1,0,6,7,10,1
3,15,4,0,1,0,3,0,0,2,1,1,1,7,0,0,5,0,0,0,1
10,15,0,0,1,0,3,0,0,4,1,1,1,2,0,5,2,9,3,5,1
1,18,4,1,1,0,3,1,0,16,1,1,1,0,0,1,1,4,0,6,1
6,20,4,1,1,0,3,0,0,16,1,1,1,1,0,1,5,6,0,7,1
9,20,4,1,1,3,3,0,1,12,1,1,1,7,0,3,0,6,3,11,1
10,19,0,0,1,0,3,0,0,2,1,1,1,0,0,3,0,6,2,12,1
7,3,4,1,1,4,3,3,1,12,1,1,1,7,0,6,0,5,5,7,0
7,20,4,0,1,0,3,0,0,0,1,1,1,0,0,1,0,6,8,13,1
7,15,4,0,1,0,3,0,0,2,1,1,1,0,0,1,0,6,6,5,1
15,18,0,0,1,0,3,0,0,0,1,1,1,0,2,3,0,6,2,10,1
4,15,4,0,1,0,3,1,0,0,1,1,1,0,0,1,0,7,5,9,0
1,17,4,0,1,0,3,0,0,2,1,1,1,0,0,4,0,4,4,5,1
4,18,4,1,0,0,3,0,0,9,1,1,1,2,0,1,0,4,6,3,1
14,19,4,1,1,0,3,0,0,0,1,1,1,0,2,0,5,0,0,2,1
10,18,0,0,1,4,3,0,1,0,1,1,1,0,0,1,0,8,6,6,0
6,20,0,0,1,0,2,0,0,10,1,1,1,0,0,1,0,8,4,13,0
7,18,4,1,1,3,3,1,1,2,1,1,1,0,0,1,0,2,2,6,1
0,15,4,0,1,0,3,3,0,8,1,1,1,7,0,3,0,1,6,3,0
3,18,4,1,1,0,3,1,0,11,1,1,1,0,0,1,0,6,8,5,1
14,21,0,1,1,4,3,3,1,0,1,1,1,5,2,1,0,8,4,14,0
11,20,0,1,1,3,3,1,1,1,1,1,1,5,2,2,0,8,6,14,1
11,20,4,1,1,0,3,1,0,12,1,1,1,0,2,1,0,9,11,14,0
13,20,0,1,1,3,3,3,1,0,1,1,1,0,2,1,2,2,0,5,1
13,15,2,1,1,0,3,1,0,7,1,1,1,0,2,1,0,2,10,3,1
11,21,4,0,1,0,3,1,0,0,1,1,1,0,2,3,0,6,3,9,1
0,15,4,1,1,0,2,0,0,3,1,1,1,0,0,5,3,6,2,5,1
14,11,4,0,1,0,3,1,0,0,1,1,1,0,2,1,0,6,8,14,1
13,18,0,1,1,0,3,0,0,1,1,1,1,7,2,1,0,5,3,10,1
14,21,4,0,1,4,3,0,1,0,1,1,1,5,2,1,0,6,4,14,0
12,14,0,1,1,0,3,0,0,0,1,1,1,8,2,7,1,6,0,5,1
9,16,0,1,1,0,3,0,0,1,1,1,1,7,0,1,0,6,6,4,0
0,18,4,0,1,0,3,1,0,2,1,1,1,0,0,1,5,4,0,5,1
0,17,4,0,1,0,3,0,0,9,1,1,1,0,0,3,0,2,2,2,1
15,20,0,0,1,4,3,0,1,0,1,1,1,0,2,1,0,6,5,14,1
14,17,0,0,1,0,3,0,0,8,1,1,1,0,2,4,0,6,6,10,1
9,14,4,0,1,0,3,3,0,0,1,1,1,0,0,1,0,5,1,5,1
14,20,0,1,1,3,3,0,1,1,1,1,1,0,2,1,0,6,6,10,1
4,15,4,1,1,0,3,0,0,2,1,1,1,7,0,1,2,2,0,3,1
2,15,4,1,1,0,3,0,0,9,1,1,1,0,0,1,5,3,0,3,1
0,1,4,0,0,2,2,0,0,3,0,1,0,0,0,0,5,0,5,5,0
6,20,4,0,1,4,3,0,1,0,1,1,1,0,0,1,0,9,4,11,0
4,20,0,1,1,0,3,0,0,1,1,1,1,5,0,1,0,1,1,3,1
2,14,4,1,1,0,3,3,0,11,1,1,1,7,2,1,0,6,7,7,0
4,20,4,0,1,0,3,0,0,2,1,1,1,0,0,1,0,6,6,12,1
3,15,4,0,1,0,3,1,0,2,1,1,1,8,0,1,0,6,2,8,1
2,15,4,1,1,0,3,3,0,11,1,1,1,5,0,0,5,0,0,0,0
6,20,0,0,1,4,3,0,1,1,1,1,1,5,0,1,0,6,6,8,1
14,17,2,1,0,0,3,1,0,0,1,0,1,7,2,3,0,7,6,11,1
8,20,4,1,1,0,3,1,0,0,1,1,1,8,0,1,0,5,1,7,1
7,21,4,0,1,0,3,1,0,0,1,1,1,0,0,1,0,9,4,14,0
10,17,0,0,1,0,3,0,0,0,1,1,1,0,0,1,2,6,0,8,0
9,21,0,0,1,4,3,0,1,1,1,1,1,5,0,1,0,6,10,14,1
15,15,0,1,1,0,3,0,0,1,1,1,1,7,2,1,0,6,8,8,1
0,8,4,1,1,4,3,3,1,2,1,1,1,0,0,1,5,0,0,3,1
0,17,4,1,1,0,3,1,0,16,1,1,1,8,0,1,5,1,0,2,1
11,20,4,1,1,0,3,3,0,2,1,1,1,5,2,3,0,6,0,8,1
2,18,4,1,1,0,3,1,0,2,1,1,1,0,0,0,5,0,0,0,1
1,18,4,0,1,0,3,1,0,2,1,1,1,0,0,2,0,1,6,5,1
15,13,4,0,0,0,3,0,0,0,1,1,0,0,2,0,5,0,0,5,1
6,15,4,0,1,0,3,0,0,2,1,1,1,7,0,9,2,0,0,0,1
7,17,4,0,1,0,3,1,0,2,1,1,1,0,0,1,2,6,0,9,1
8,20,4,1,1,0,3,0,0,11,1,1,1,0,0,0,5,0,0,0,0
9,20,4,0,1,0,3,1,0,12,1,1,1,0,0,1,0,7,11,9,1
14,18,0,1,1,0,3,0,0,0,1,1,1,1,2,1,0,6,6,11,1
2,15,0,1,1,4,3,0,1,2,1,1,1,5,0,0,5,0,0,0,1
15,19,4,0,1,0,3,1,0,0,1,1,1,0,2,1,0,6,3,14,1
4,20,4,0,1,0,3,1,0,2,1,1,1,0,0,2,0,9,10,13,1
2,18,0,1,1,0,3,0,0,8,1,1,1,7,0,1,0,5,6,6,1
11,21,0,0,1,0,3,0,0,2,1,1,1,5,2,3,0,6,5,13,1
10,18,4,1,1,0,3,0,0,2,1,1,1,7,0,2,0,3,6,4,1
13,0,0,1,1,3,3,0,1,1,1,1,1,5,2,1,1,8,0,11,1
0,18,4,1,1,0,3,3,0,5,1,1,1,0,0,1,0,3,3,2,1
3,15,4,1,1,0,3,3,0,2,1,1,1,7,0,1,0,6,8,8,1
1,13,4,0,0,0,3,0,0,2,1,1,0,0,0,1,5,2,0,4,1
1,17,4,0,1,0,3,0,0,15,1,1,1,0,0,1,5,7,0,0,1
9,18,4,1,1,0,3,0,0,12,1,1,1,0,0,3,5,0,0,0,0
6,20,4,1,1,0,3,0,0,2,1,1,1,0,0,0,5,0,0,2,1
11,15,0,0,1,0,1,0,0,0,1,1,1,0,2,1,0,4,10,12,1
11,20,4,0,1,0,3,0,0,0,1,1,1,5,2,1,0,9,10,13,1
2,18,4,1,1,0,3,0,0,2,1,1,1,0,0,1,0,3,1,5,1
14,7,4,1,0,0,3,0,0,9,1,0,1,4,0,9,2,5,0,14,1
10,19,4,0,1,0,3,1,0,2,1,1,1,0,0,1,0,3,4,5,1
0,13,4,1,1,2,3,1,0,2,1,1,1,0,0,1,5,0,0,6,1
0,15,4,1,1,0,3,3,0,2,1,1,1,0,0,3,0,3,6,5,1
2,18,4,0,1,0,3,0,0,2,1,1,1,0,0,1,0,9,7,12,1
8,16,0,0,0,0,3,3,0,1,1,1,0,0,0,0,5,0,0,4,0
13,20,2,0,1,3,3,0,1,0,1,1,1,5,2,3,0,6,7,13,1
11,17,4,0,1,0,3,3,0,2,1,1,1,0,2,1,0,1,3,6,0
12,20,0,0,1,0,3,0,0,1,1,1,1,0,2,1,0,6,6,12,0
0,18,4,1,1,0,3,3,0,2,1,1,1,0,0,0,5,0,0,0,1
2,18,4,0,1,0,3,3,0,11,1,1,1,1,0,1,0,6,1,7,0
6,11,4,0,1,4,3,0,1,4,1,1,1,7,0,1,0,4,4,6,1
13,20,0,1,1,0,3,1,0,1,1,1,1,0,2,1,1,6,0,13,1
2,18,4,0,1,0,3,0,0,15,1,1,1,5,0,0,5,0,0,0,0
13,21,0,0,1,0,3,0,0,1,1,1,1,5,2,3,0,6,4,14,1
0,18,4,0,1,0,3,0,0,2,1,1,1,8,0,1,0,2,1,3,1
8,15,4,0,1,0,3,3,0,2,1,1,1,0,0,1,0,6,2,7,1
14,18,4,1,0,0,3,0,0,0,1,1,0,0,2,1,2,0,0,8,0
6,20,0,1,1,0,3,0,0,1,1,1,1,5,0,5,0,6,6,10,1
12,13,4,1,1,0,3,0,0,2,1,1,1,0,2,1,0,6,3,6,1
3,19,4,1,1,0,3,0,0,2,1,1,1,0,0,0,5,0,0,0,0
12,20,2,1,1,0,3,0,0,0,1,1,1,0,2,1,5,6,0,7,0
13,21,4,1,1,0,3,0,0,0,1,1,1,0,2,2,0,6,1,12,0
1,18,4,0,1,0,3,3,0,2,1,1,1,0,0,1,0,2,3,4,1
15,15,2,0,1,0,3,3,0,0,1,1,1,0,2,4,0,6,1,12,1
4,15,4,0,1,0,3,0,0,0,1,1,1,0,0,1,0,4,1,4,1
6,17,4,0,1,0,3,0,0,16,1,1,1,1,0,1,0,8,1,8,1
13,19,4,1,1,0,3,3,0,0,1,1,1,0,2,0,5,0,0,7,1
9,15,4,0,1,0,3,0,0,14,1,1,1,0,0,1,0,6,6,10,1
7,15,4,1,1,0,3,1,0,12,1,1,1,0,0,1,0,6,11,8,1
11,15,0,0,1,0,0,0,0,16,1,1,1,0,2,5,3,9,0,6,0
3,20,4,1,1,0,3,0,0,16,1,1,1,5,0,2,0,1,3,2,0
14,14,0,0,0,0,3,0,0,0,1,1,0,0,2,0,5,0,0,0,1
14,22,0,1,1,3,3,3,1,1,1,1,1,0,2,1,0,6,8,8,1
4,18,4,0,1,0,3,0,0,16,1,1,1,5,0,6,0,1,4,3,1
14,17,4,1,1,0,3,0,0,2,1,1,1,0,2,3,0,2,11,4,1
15,18,0,0,0,3,1,3,1,1,1,0,1,0,2,1,0,8,11,12,1
4,20,4,1,1,0,3,1,0,2,1,1,1,5,0,2,5,0,0,0,1
10,19,0,1,1,0,3,0,0,2,1,1,1,0,0,3,5,0,0,0,1
5,8,3,0,1,0,3,0,1,9,1,1,1,1,0,6,0,1,4,3,0
4,15,0,0,1,0,3,1,0,2,1,1,1,0,0,1,0,4,2,5,0
11,15,4,0,1,0,3,0,0,10,1,1,1,0,2,1,0,6,5,10,1
6,18,4,1,0,0,3,0,0,9,1,1,0,1,0,1,0,1,2,4,1
4,15,4,0,1,0,3,0,0,2,1,1,1,0,0,1,0,3,2,6,1
1,17,4,0,1,0,3,0,0,16,1,1,1,1,0,1,5,6,0,3,0
11,21,0,0,1,0,3,1,0,1,1,1,1,8,2,3,0,6,6,12,1
0,18,4,0,1,0,3,0,0,16,1,1,1,5,0,1,5,4,0,2,1
14,20,4,1,0,0,3,0,0,0,1,1,1,2,2,1,0,7,6,14,1
0,15,4,0,1,0,3,3,0,2,1,1,1,7,0,0,5,0,0,0,1
12,18,2,0,1,0,1,1,0,0,1,1,1,0,2,1,0,9,7,12,0
13,15,0,0,1,4,3,0,1,0,1,1,1,7,2,1,0,6,6,7,1
0,15,4,0,1,0,3,3,0,2,1,1,1,7,0,1,5,1,0,3,1
9,20,4,0,1,0,3,1,0,2,1,1,1,8,0,3,0,6,3,9,0
4,15,4,0,1,0,3,0,0,15,1,1,1,0,0,1,5,0,0,0,0
14,20,4,1,0,0,3,3,0,9,1,1,0,0,2,0,5,0,0,0,1
12,19,0,0,1,0,3,0,0,0,1,1,1,7,2,1,0,7,5,7,1
9,21,0,0,1,0,3,0,0,0,1,1,1,0,0,1,0,6,8,13,1
3,20,4,1,1,0,3,1,0,2,1,1,1,0,0,1,1,6,0,7,1
8,16,4,0,1,0,3,0,0,0,1,1,1,7,0,1,0,6,4,8,0
0,15,4,0,1,0,3,0,0,7,1,1,1,0,0,0,5,0,0,0,1
0,17,4,1,1,0,3,1,0,5,1,1,1,0,0,1,0,1,3,3,1
2,18,4,1,0,0,3,3,0,11,1,0,1,0,0,4,0,8,4,14,1
13,18,0,1,1,0,3,1,0,1,1,1,1,0,2,7,1,6,0,10,1
6,20,4,1,1,0,3,1,0,0,1,1,1,8,0,0,5,0,0,10,0
5,17,4,0,1,0,3,0,0,2,1,1,1,0,0,1,0,4,1,4,1
0,18,4,1,1,0,3,0,0,2,1,1,1,5,0,1,0,2,3,2,1
11,20,4,0,1,0,3,1,0,0,1,1,1,0,2,2,5,9,0,0,0
5,20,4,1,1,0,3,1,0,2,1,1,1,8,0,1,2,0,0,0,0
0,17,4,0,1,0,3,0,0,2,1,1,1,0,0,1,0,6,3,6,1
0,18,4,1,1,4,3,3,1,11,1,1,1,5,0,0,5,0,0,0,0
3,18,4,1,1,0,3,0,0,2,1,1,1,7,0,0,5,0,0,0,1
5,19,4,0,1,0,3,1,0,2,1,1,1,1,0,1,0,6,11,4,1
6,20,4,0,1,0,3,0,0,2,1,1,1,5,0,1,0,8,2,14,1
1,18,4,0,1,0,0,0,0,16,1,1,1,1,0,5,3,1,1,1,1
11,20,4,1,1,0,3,3,0,0,1,1,1,0,2,2,0,7,0,12,1
7,18,4,1,1,0,3,0,0,5,1,1,1,0,0,1,0,8,3,6,1
8,20,0,0,1,0,3,3,0,0,1,1,1,0,0,1,0,6,6,13,1
0,18,4,0,1,0,3,0,0,2,1,1,1,0,0,0,5,0,0,0,1
4,17,4,0,1,0,3,0,0,2,1,1,1,5,0,0,5,0,0,0,1
11,20,0,1,1,0,3,1,0,0,1,1,1,0,2,1,0,6,10,12,1
6,17,4,0,1,0,3,0,0,2,1,1,1,0,0,2,0,6,2,11,1
13,21,0,0,1,4,3,0,1,0,1,1,1,5,2,1,0,8,3,14,1
0,15,4,0,1,0,3,0,0,2,1,1,1,7,0,1,0,6,4,3,1
7,18,0,0,1,0,1,1,0,8,1,1,1,0,0,5,1,6,0,9,1
12,18,4,0,1,0,3,1,0,11,1,1,1,8,2,1,0,6,6,9,1
8,0,4,0,1,0,3,0,0,2,1,1,1,1,0,1,1,6,0,9,1
11,20,4,1,1,0,3,1,0,0,1,1,1,0,2,1,0,9,0,11,1
15,23,0,0,1,4,3,0,1,0,1,1,1,0,2,1,0,6,7,13,0
4,19,4,0,1,0,3,3,0,2,1,1,1,0,0,0,5,0,0,0,1
12,2,0,0,1,3,1,2,1,16,1,1,1,7,2,5,3,6,10,6,0
9,20,4,1,1,0,3,0,0,0,1,1,1,0,0,1,0,6,0,4,0
12,15,0,1,1,0,3,0,0,1,1,1,1,7,2,1,0,6,2,11,1
14,15,4,1,0,0,3,0,0,16,1,1,0,0,2,1,5,0,0,0,1
2,18,4,1,1,0,3,1,0,9,1,1,1,0,0,1,0,4,3,2,1
4,18,4,0,1,0,3,1,0,2,1,1,1,8,0,3,0,2,7,4,1
10,20,4,1,1,0,3,0,0,0,1,1,1,7,0,1,5,0,0,0,1
3,15,4,0,1,0,3,3,0,2,1,1,1,0,0,1,0,5,3,2,1
1,18,4,1,1,0,3,0,0,2,1,1,1,5,0,1,0,1,10,1,1
0,18,4,0,1,0,3,0,0,16,1,1,1,8,0,1,0,2,3,3,0
1,18,4,1,1,0,3,0,0,2,1,1,1,5,0,1,5,1,0,1,1
8,15,4,1,1,0,3,0,0,4,1,1,1,0,0,1,2,0,0,0,1
4,18,4,0,1,0,3,1,0,2,1,1,1,0,0,1,0,6,2,5,1
12,15,4,1,1,0,3,0,0,0,1,1,1,1,2,0,5,0,0,3,1
4,18,4,1,1,0,3,0,0,2,1,1,1,1,0,1,0,2,6,2,1
3,18,4,0,1,4,3,0,1,2,1,1,1,5,0,1,0,6,6,5,1
12,2,0,1,0,3,3,2,1,0,1,0,1,7,2,0,2,0,0,4,0
9,15,4,0,1,0,3,0,0,16,1,1,1,1,0,1,0,9,8,7,0
6,18,4,0,1,0,3,1,0,5,1,1,1,0,0,1,0,6,5,10,1
14,19,0,0,1,0,3,3,0,1,1,1,1,0,2,1,0,6,11,10,1
10,20,0,0,1,0,3,3,0,1,1,1,1,5,0,1,0,5,2,14,1
11,20,4,0,1,0,3,1,0,0,1,1,1,8,0,2,0,7,5,12,0
0,18,4,1,1,0,3,1,0,16,1,1,1,0,0,1,0,6,1,8,1
15,20,4,1,1,0,3,0,0,4,1,1,1,0,2,6,0,4,6,4,1
13,17,4,0,1,0,3,0,0,2,1,1,1,1,2,1,0,2,5,8,1
13,20,0,0,1,0,3,0,0,0,1,1,1,0,2,1,0,6,5,14,1
1,18,4,0,1,0,3,0,0,10,1,1,1,5,0,1,0,7,8,13,0
14,20,4,0,1,0,3,0,0,2,1,1,1,8,2,1,0,5,3,12,1
10,12,0,0,1,0,3,0,0,1,1,1,1,8,0,5,2,0,0,9,0
10,20,0,0,1,0,3,1,0,1,1,1,1,5,0,1,0,8,8,14,1
10,15,2,0,1,0,3,0,0,2,1,1,1,2,0,1,0,5,7,6,1
9,20,4,0,1,0,3,1,0,0,1,1,1,0,0,1,0,8,3,13,1
2,19,4,1,1,4,3,0,1,0,1,1,1,5,0,1,0,6,10,4,1
8,17,0,1,1,0,3,1,0,0,1,1,1,0,0,1,0,8,8,6,0
13,12,2,0,0,0,3,0,0,15,1,1,1,0,2,1,5,0,0,1,1
7,19,0,0,1,0,3,1,0,0,1,1,1,0,0,6,0,9,5,14,1
13,23,0,1,1,0,3,0,0,0,1,1,1,5,2,1,0,6,7,14,0
2,22,0,1,1,0,3,0,0,1,1,1,1,0,0,1,0,7,2,14,0
10,15,0,0,1,0,1,0,0,0,1,1,1,0,0,1,0,4,7,7,1
7,18,4,0,1,0,3,3,0,10,1,1,1,0,0,1,0,6,5,8,1
7,20,0,1,1,0,3,2,0,1,1,1,1,0,0,1,0,6,3,10,1
4,21,4,1,1,0,3,1,0,7,1,1,1,8,0,1,0,2,6,3,0
10,15,0,1,1,3,3,0,1,1,1,1,1,0,0,1,5,0,0,0,1
1,18,4,1,1,0,3,0,0,2,1,1,1,5,0,1,5,2,0,3,0
0,17,4,0,1,0,3,3,0,11,1,1,1,1,0,3,5,6,0,3,1
8,20,4,1,1,0,3,1,0,2,1,1,1,8,0,2,0,6,1,10,1
1,17,4,1,1,0,3,1,0,7,1,1,1,8,0,1,0,2,1,4,1
12,20,0,0,1,4,3,0,1,1,1,1,1,5,2,1,0,6,3,13,1
3,16,4,0,1,0,3,0,0,15,1,1,1,0,0,1,5,0,0,0,1
8,21,0,0,1,0,3,0,0,0,1,1,1,5,0,1,0,6,10,14,1
14,20,4,0,1,0,3,0,0,0,1,1,1,0,2,1,1,9,0,10,1
9,18,4,0,1,0,3,1,0,12,1,1,1,0,0,1,0,6,6,11,0
2,17,4,1,1,0,3,1,0,0,1,1,1,0,2,3,0,1,2,7,1
3,15,4,1,1,0,3,3,0,11,1,1,1,0,0,0,5,0,0,0,0
3,18,4,0,1,0,3,0,0,2,1,1,1,0,0,1,1,9,0,11,1
5,18,4,0,1,0,3,0,0,0,1,1,1,0,0,1,0,6,5,4,1
13,20,0,0,1,0,3,1,0,0,1,1,1,0,2,6,1,9,0,13,1
1,18,4,1,1,0,3,0,0,11,1,1,1,7,0,1,0,4,3,2,1
14,18,4,1,1,0,3,0,0,2,1,1,1,5,2,1,5,0,0,4,1
2,15,4,0,1,0,3,0,0,2,1,1,1,7,0,6,2,1,0,2,1
10,20,4,0,1,0,3,0,0,11,1,1,1,0,0,1,0,9,7,14,1
0,18,4,0,1,0,3,0,0,2,1,1,1,0,0,0,5,0,0,0,1
15,15,4,0,1,0,3,2,0,2,1,1,1,0,2,2,2,6,0,2,1
8,6,0,0,1,0,3,0,0,7,1,1,1,8,0,1,0,6,8,3,0
9,17,4,0,1,0,3,1,0,0,1,1,1,0,0,1,0,7,1,13,0
15,18,4,1,1,0,3,0,0,0,1,1,1,0,2,1,0,5,3,9,1
15,21,0,1,1,4,3,0,1,1,1,1,1,5,2,0,5,0,0,0,0
4,7,0,0,1,0,3,0,0,2,1,1,1,7,0,6,2,2,0,2,1
0,18,4,0,1,0,3,3,0,11,1,1,1,0,0,3,2,1,0,2,1
14,15,2,0,1,0,3,1,0,0,1,1,1,0,2,1,0,6,1,11,1
6,19,4,0,1,0,3,0,0,0,1,1,1,0,0,1,0,8,2,10,1
6,18,0,1,1,0,3,0,0,0,1,1,1,0,0,1,0,1,6,5,1
8,21,4,1,1,0,3,2,0,0,1,1,1,8,0,1,0,2,6,4,1
3,19,4,1,1,0,3,0,0,2,1,1,1,0,0,1,0,3,8,3,1
1,15,4,1,1,0,3,0,0,12,1,1,1,7,0,0,5,0,0,0,1
6,19,4,0,1,0,3,0,0,2,1,1,1,0,0,9,2,0,0,0,1
2,19,0,1,1,0,3,0,0,8,1,1,1,0,0,1,0,2,1,5,1
13,20,0,1,1,3,3,0,1,0,1,1,1,5,2,1,0,6,6,14,1
13,20,2,1,1,0,3,3,0,0,1,1,1,0,2,3,0,6,8,11,1
15,20,4,0,1,0,3,0,0,11,1,1,1,7,2,1,0,4,10,9,1
6,9,4,0,1,0,3,1,0,12,1,1,1,7,0,2,0,8,8,4,1
10,15,4,1,1,0,3,0,0,2,1,1,1,5,0,1,0,6,2,10,1
7,20,0,0,1,4,3,0,1,0,1,1,1,0,0,1,0,6,6,11,1
5,15,0,0,1,0,3,0,0,0,1,1,1,0,0,1,0,8,2,2,1
6,18,4,0,1,0,3,3,0,11,1,1,1,8,0,1,0,4,1,6,0
13,15,4,0,1,0,3,3,0,2,1,1,1,0,2,9,2,0,0,0,1
0,15,4,0,0,0,3,3,0,16,1,1,0,0,0,0,5,0,0,2,0
10,13,4,0,1,3,3,0,1,15,1,1,1,7,0,1,2,6,0,9,0
0,17,4,0,1,0,3,0,0,2,1,1,1,0,0,0,5,0,0,0,1
15,21,0,1,1,0,3,1,0,0,1,1,1,0,2,3,0,6,8,13,1
4,20,4,1,1,0,3,3,0,2,1,1,1,5,0,1,2,0,0,0,1
7,15,0,0,1,0,3,0,0,1,1,1,1,0,0,1,0,6,6,11,1
13,20,0,1,1,0,3,0,0,0,1,1,1,0,2,1,0,9,5,14,1
12,15,0,1,1,4,3,0,1,1,1,1,1,0,2,1,0,6,6,10,1
3,19,4,0,1,0,0,1,0,16,1,1,1,0,0,5,3,9,5,7,1
12,17,0,1,1,0,3,0,0,0,1,1,1,0,2,1,0,6,4,12,1
12,20,4,0,1,0,3,0,0,0,1,1,1,0,2,1,0,7,4,14,1
14,18,0,0,1,4,3,3,1,8,1,1,1,5,2,1,0,7,0,11,1
0,15,4,0,1,0,3,0,0,11,1,1,1,5,0,1,2,2,0,3,0
2,18,4,1,1,0,3,0,0,2,1,1,1,0,0,4,0,1,1,2,1
9,18,0,0,1,0,3,3,0,1,1,1,1,0,0,3,0,6,3,12,1
13,20,0,1,1,3,3,0,1,0,1,1,1,0,2,3,0,6,6,13,0
10,17,4,1,1,0,3,1,0,16,1,1,1,8,0,6,1,1,0,2,1
15,19,0,0,1,0,3,0,0,0,1,1,1,0,2,1,0,9,11,11,1
12,18,4,0,1,0,3,0,0,2,1,1,1,0,2,1,0,4,6,3,1
13,17,4,0,1,4,3,0,1,0,1,1,1,0,2,1,5,6,0,2,0
14,15,4,1,1,0,3,0,0,0,1,1,1,7,2,1,0,2,2,4,1
11,20,0,1,1,0,3,0,0,0,1,1,1,0,2,1,0,6,6,14,1
1,18,4,0,1,0,3,1,0,2,1,1,1,8,0,1,0,1,2,7,1
0,15,0,0,0,0,2,1,0,6,0,1,0,6,0,0,0,6,8,5,1
7,19,4,1,1,0,3,1,0,2,1,1,1,5,0,1,0,6,11,6,1
6,17,0,0,1,4,3,0,1,1,1,1,1,1,0,5,0,9,3,13,0
14,19,0,1,1,0,3,0,0,0,1,1,1,0,2,1,0,6,5,12,1
7,15,0,0,1,0,3,0,0,0,1,1,1,7,0,1,0,6,2,7,1
5,18,4,0,0,0,3,0,0,2,1,1,0,0,0,0,5,0,0,0,0
11,15,0,1,1,0,3,0,0,8,1,1,1,0,2,1,0,2,1,5,1
0,18,4,1,1,0,3,0,0,2,1,1,1,0,0,0,5,0,0,0,1
2,18,4,0,1,0,3,1,0,15,1,1,1,8,0,1,5,5,0,2,0
14,8,0,0,1,0,3,1,0,2,1,1,1,0,2,1,0,6,4,1,1
11,21,4,0,1,0,3,1,0,0,1,1,1,0,2,4,0,6,1,11,1
15,22,0,1,1,0,3,3,0,1,1,1,1,0,2,2,0,6,2,14,1
5,20,4,0,1,0,3,1,0,15,1,1,1,8,0,4,5,0,0,0,1
3,15,4,0,1,0,3,3,0,9,1,1,1,7,0,0,5,0,0,0,1
8,15,4,0,1,0,3,0,0,11,1,1,1,0,0,1,0,6,1,10,1
7,17,0,0,1,0,3,0,0,1,1,1,1,0,0,1,2,6,0,4,1
7,18,4,0,1,0,3,0,0,2,1,1,1,0,0,1,0,6,4,9,1
14,23,2,1,1,0,3,0,0,5,1,1,1,0,2,1,0,8,11,13,0
12,16,4,0,1,0,3,1,0,11,1,1,1,8,2,1,0,7,10,13,0
6,19,4,1,1,3,3,0,1,2,1,1,1,5,0,2,0,6,8,10,1
10,20,0,1,1,3,3,3,1,1,1,1,1,5,0,1,5,0,0,0,1
9,20,4,1,1,0,3,1,0,12,1,1,1,0,0,1,0,6,5,10,0
5,20,0,1,1,0,3,1,0,0,1,1,1,8,0,1,0,9,2,13,1
4,15,4,0,0,0,3,0,0,2,1,1,1,0,0,1,0,6,4,5,1
7,18,4,1,1,0,3,0,0,0,1,1,1,1,0,1,0,6,8,8,1
0,18,4,0,1,0,3,0,0,2,1,1,1,7,0,1,0,6,8,8,1
10,20,4,0,1,3,3,0,1,2,1,1,1,5,0,1,0,8,6,14,1
3,15,4,1,1,0,3,0,0,2,1,1,1,7,0,1,0,2,6,4,1
10,20,4,0,1,0,3,0,0,0,1,1,1,0,0,1,0,6,4,14,1
13,15,0,1,1,0,3,0,0,1,1,1,1,0,2,2,0,6,6,7,1
1,18,4,0,0,0,3,1,0,2,1,1,0,0,0,0,5,0,0,0,1
3,21,0,1,1,0,3,0,0,8,1,1,1,0,0,1,1,2,0,0,1
1,18,4,1,1,0,3,1,0,16,1,1,1,8,0,3,0,1,1,2,1
15,22,0,1,1,0,3,0,0,1,1,1,1,0,2,1,0,7,4,12,0
10,18,0,1,1,0,3,0,0,1,1,1,1,0,0,1,0,4,2,4,1
4,18,4,0,1,0,3,0,0,11,1,1,1,0,0,3,0,8,6,12,1
8,15,0,1,1,4,3,3,1,8,1,1,1,0,0,1,0,6,5,5,1
1,18,4,0,1,0,3,0,0,16,1,1,1,7,0,6,5,1,0,2,1
3,18,4,1,1,0,3,3,0,11,1,1,1,0,0,1,5,0,0,0,0
8,20,4,0,1,0,1,0,0,16,1,1,1,0,0,1,0,9,4,11,0
12,20,0,1,1,0,3,0,0,0,1,1,1,0,2,1,0,6,8,13,0
14,20,0,1,1,3,3,0,1,0,1,1,1,5,2,1,0,6,2,12,0
10,14,4,0,1,4,3,3,1,14,1,1,1,0,0,1,0,2,10,2,0
14,20,0,1,1,0,3,0,0,1,1,1,1,0,2,1,0,6,4,13,0
1,15,4,1,1,0,3,0,0,2,1,1,1,7,0,0,5,0,0,0,1
5,15,4,0,1,0,3,0,0,2,1,1,1,7,0,1,0,4,8,6,1
11,18,0,1,1,0,3,0,0,0,1,1,1,0,2,0,5,0,0,0,0
12,19,4,1,0,0,3,0,0,2,1,1,0,7,2,1,5,0,0,1,1
13,15,0,1,1,0,3,0,0,0,1,1,1,0,2,1,0,7,3,11,1
5,17,4,1,0,0,3,3,0,2,1,1,0,0,0,1,0,3,4,3,1
14,15,4,0,1,0,3,1,0,5,1,1,1,0,2,1,2,6,0,8,1
9,0,4,1,1,0,3,0,0,2,1,1,1,0,0,1,1,8,0,12,1
14,20,4,0,1,0,3,0,0,2,1,1,1,0,2,2,0,6,11,13,1
9,15,0,0,1,0,3,3,0,0,1,1,1,8,0,3,0,4,6,8,0
2,18,4,0,1,4,3,0,1,9,1,1,1,5,0,1,5,5,0,0,0
12,19,4,0,1,0,3,1,0,0,1,1,1,0,2,0,5,0,0,10,1
11,16,0,0,1,0,3,0,0,0,1,1,1,0,2,1,0,6,10,7,1
14,20,0,0,1,0,3,0,0,0,1,1,1,5,2,1,0,6,3,13,0
11,15,0,0,1,0,1,0,0,0,1,1,1,7,2,1,0,6,10,10,1
3,21,4,1,1,0,3,1,0,2,1,1,1,0,0,1,0,3,5,3,1
14,11,0,0,1,4,3,1,1,1,1,1,1,0,2,1,0,9,3,14,1
8,18,2,0,1,0,1,1,0,0,1,1,1,0,0,1,0,9,8,14,0
10,17,4,1,1,0,3,0,0,0,1,1,1,7,0,1,0,6,3,8,0
9,18,0,1,1,0,3,0,0,1,1,1,1,0,0,1,2,0,0,0,0
10,19,4,0,1,2,3,3,0,4,0,1,0,5,0,1,0,0,10,5,1
14,19,0,0,1,0,3,1,0,1,1,1,1,0,2,1,0,6,5,12,0
12,20,0,0,1,0,3,3,0,8,1,1,1,5,2,1,0,6,0,11,1
12,21,0,0,1,0,3,3,0,1,1,1,1,0,2,2,0,6,8,13,1
14,18,2,1,1,0,3,1,0,0,1,1,1,0,2,1,5,0,0,0,1
3,18,4,0,1,0,3,0,0,16,1,1,1,0,0,9,2,1,0,6,1
8,21,0,1,1,0,3,1,0,1,1,1,1,0,0,1,0,8,4,11,0
15,15,0,0,1,4,3,0,1,1,1,1,1,5,2,1,0,6,4,12,0
14,8,0,1,1,0,3,0,0,2,1,1,1,0,2,1,5,0,0,1,1
3,15,4,1,1,0,3,3,0,11,1,1,1,0,0,1,0,4,2,4,1
2,15,4,1,1,0,3,3,0,2,1,1,1,0,0,1,2,6,0,4,1
1,13,4,0,1,0,3,0,0,10,1,1,1,0,0,1,0,8,3,13,1
12,17,4,0,1,0,3,0,0,0,1,1,1,0,2,1,0,6,4,10,1
4,20,4,0,1,0,3,0,0,2,1,1,1,7,0,1,0,6,5,9,1
11,20,4,0,1,0,3,0,0,2,1,1,1,5,2,1,0,6,4,11,1
15,15,2,1,1,3,3,0,1,0,1,1,1,5,2,1,0,6,8,8,1
11,20,4,1,1,0,3,0,0,2,1,1,1,0,2,1,2,4,0,3,1
6,21,0,1,1,0,3,1,0,0,1,1,1,5,0,1,0,6,8,14,1
5,15,0,0,1,4,3,0,1,1,1,1,1,5,0,1,0,5,4,5,0
8,17,0,1,1,4,3,0,1,0,1,1,1,0,0,1,0,9,6,9,1
6,20,4,1,1,0,3,0,0,11,1,1,1,5,0,1,0,6,6,13,1
13,17,2,0,1,0,3,0,0,7,1,1,1,0,2,1,0,9,6,7,1
5,18,4,1,0,0,3,0,0,2,1,1,1,7,0,1,0,2,4,2,1
2,15,4,0,1,0,3,0,0,2,1,1,1,0,0,0,5,0,0,0,1
9,18,4,0,1,0,3,3,0,0,1,1,1,7,0,1,0,6,4,10,1
1,15,4,1,1,0,3,0,0,16,1,1,1,0,0,1,0,6,3,6,0
15,19,0,1,1,0,3,0,0,0,1,1,1,7,2,0,5,0,0,0,1
2,18,4,1,1,4,3,0,1,9,1,1,1,5,0,0,5,0,0,0,1
9,14,4,0,1,4,3,3,1,9,1,1,1,0,0,1,0,6,5,7,1
12,15,0,1,1,4,3,0,1,8,1,1,1,0,2,1,0,2,3,3,1
11,19,4,1,1,4,3,0,1,5,1,1,1,5,2,1,0,1,2,4,1
13,21,0,0,1,0,3,0,0,1,1,1,1,0,2,1,0,6,8,14,0
6,18,4,1,1,0,3,0,0,9,1,1,1,0,0,1,0,6,6,10,1
12,20,4,0,1,4,3,0,1,0,1,1,1,0,2,1,0,6,10,14,1
5,17,4,1,1,0,3,1,0,2,1,1,1,0,0,1,0,5,3,6,1
0,18,4,0,1,0,3,1,0,2,1,1,1,0,0,1,0,2,3,2,1
10,21,0,1,1,0,3,1,0,0,1,1,1,0,0,3,0,6,2,12,1
9,18,1,0,1,0,0,1,0,4,1,1,1,0,0,5,3,9,2,9,1
14,18,4,0,1,0,3,3,0,14,1,1,1,0,2,1,0,6,6,12,1
1,15,4,0,0,0,3,0,0,2,1,1,0,1,0,0,5,0,0,0,1
0,18,4,0,1,0,3,0,0,2,1,1,1,0,0,1,0,3,4,4,1
14,18,4,0,1,0,1,0,0,0,1,1,1,0,2,5,0,9,3,11,1
4,17,4,1,1,0,3,0,0,11,1,1,1,0,0,1,0,4,6,6,1
12,22,0,1,1,0,3,0,0,0,1,1,1,0,2,2,0,9,6,11,1
8,19,4,0,1,0,3,1,0,12,1,1,1,7,0,6,0,4,2,8,1
6,19,4,1,1,0,3,0,0,12,1,1,1,7,0,1,0,4,0,9,1
2,15,4,0,1,0,3,1,0,2,1,1,1,0,0,0,5,0,0,0,1
9,18,4,0,1,0,3,3,0,4,1,1,1,0,0,5,0,6,6,7,1
9,21,4,0,1,4,3,0,1,0,1,1,1,0,0,6,0,5,6,13,1
3,19,4,0,1,0,3,3,0,2,1,1,1,5,0,1,0,6,3,10,1
7,18,4,1,1,0,3,0,0,14,1,1,1,7,0,1,0,6,6,9,1
6,20,4,0,1,0,3,1,0,2,1,1,1,0,0,1,0,6,0,13,1
5,10,3,1,1,0,3,0,0,2,1,1,1,7,0,6,0,1,3,3,1
13,15,0,1,1,0,3,0,0,2,1,1,1,7,2,6,0,2,3,5,1
13,7,2,1,0,0,1,0,0,11,1,0,1,5,2,9,2,0,0,14,1
3,15,4,0,1,0,3,3,0,14,1,1,1,0,0,1,0,6,6,10,1
15,20,0,1,1,4,3,0,1,1,1,1,1,0,2,1,0,8,11,14,1
15,22,0,1,1,3,3,1,1,0,1,1,1,0,2,2,0,9,8,14,1
2,18,4,1,1,0,3,3,0,2,1,1,1,7,0,0,5,0,0,0,1
14,18,4,0,1,3,3,0,1,9,1,1,1,0,2,1,5,6,0,2,1
1,18,0,1,1,0,3,1,0,1,1,1,1,0,0,1,0,1,1,4,0
1,18,4,1,1,0,3,0,0,2,1,1,1,7,0,0,5,0,0,0,1
7,10,4,0,1,0,3,0,0,12,1,1,1,8,0,4,0,6,10,10,0
12,20,4,0,1,0,3,1,0,2,1,1,1,0,2,4,0,9,0,13,1
4,20,4,1,1,0,3,0,0,2,1,1,1,5,0,1,0,6,7,9,1
0,15,4,1,1,0,3,1,0,11,1,1,1,0,0,1,0,1,8,3,1
15,22,4,1,1,0,3,0,0,15,1,1,1,1,2,0,5,0,0,0,0
9,15,4,1,0,0,3,1,0,12,1,1,0,0,0,0,5,0,0,4,1
0,18,4,1,1,0,3,0,0,16,1,1,1,7,0,0,5,0,0,0,1
0,17,4,1,1,0,3,0,0,16,1,1,1,5,0,0,5,0,0,0,0
13,20,0,1,1,0,3,1,0,1,1,1,1,0,2,2,0,6,3,11,1
6,15,4,0,1,0,3,1,0,2,1,1,1,0,0,1,0,6,2,7,1
3,20,4,0,1,4,3,0,1,5,1,1,1,5,0,1,0,6,2,5,1
12,15,0,1,1,0,3,3,0,13,1,1,1,8,2,2,0,5,2,11,1
0,15,4,1,1,0,3,1,0,7,1,1,1,0,0,0,5,0,0,1,1
7,18,4,1,1,0,3,0,0,2,1,1,1,5,0,1,0,6,2,8,1
6,11,4,0,1,4,3,0,1,5,1,1,1,7,0,1,0,6,8,6,1
4,20,4,0,1,0,3,1,0,2,1,1,1,0,0,2,2,6,0,3,0
4,19,4,0,1,0,1,1,0,16,1,1,1,0,0,1,0,8,5,11,1
12,19,4,1,1,4,3,0,1,2,1,1,1,0,2,1,0,4,0,3,1
15,22,0,1,1,0,3,0,0,0,1,1,1,7,2,1,0,6,9,14,1
9,18,4,1,1,0,1,1,0,6,1,1,1,8,0,6,0,6,2,14,1
14,15,0,0,1,0,3,0,0,2,1,1,1,7,2,1,0,6,11,10,1
1,18,4,0,1,0,3,0,0,2,1,1,1,7,0,3,0,1,3,3,1
12,21,0,1,1,4,3,3,1,0,1,1,1,5,2,1,0,6,8,13,0
2,14,4,0,1,0,3,3,0,2,1,1,1,0,0,1,0,3,1,5,1
15,22,4,1,1,0,3,0,0,15,1,1,1,1,2,0,5,0,0,0,0
1,15,4,1,1,0,3,0,0,7,1,1,1,0,0,1,0,2,4,5,1
0,15,4,0,1,0,3,0,0,2,1,1,1,0,0,3,0,6,6,6,1
11,18,4,0,1,0,3,0,0,0,1,1,1,0,2,1,0,6,2,9,1
11,21,4,1,1,3,3,1,1,0,1,1,1,5,2,3,0,2,2,4,1
13,19,4,1,1,2,3,0,0,2,1,1,0,0,2,1,0,2,7,12,1
6,20,4,0,1,0,3,0,0,0,1,1,1,0,0,1,0,6,3,10,1
11,8,2,1,1,4,3,3,1,5,1,1,1,0,2,1,0,6,4,8,1
15,21,0,0,1,0,3,1,0,1,1,1,1,0,2,4,0,7,8,13,1
8,18,4,1,0,0,3,2,0,0,1,0,1,0,0,0,5,0,0,2,1
6,20,4,0,1,0,2,3,0,10,1,1,1,0,0,1,0,8,6,6,1
10,16,4,0,1,0,3,0,0,15,1,1,1,0,0,1,5,3,0,1,1
11,18,4,0,1,0,1,1,0,0,1,1,1,0,2,1,0,6,3,9,1
8,18,0,0,1,0,1,0,0,0,1,1,1,0,0,1,0,9,11,14,1
9,15,4,0,1,0,3,3,0,14,1,1,1,0,0,1,0,6,3,10,1
11,19,0,0,1,0,1,1,0,8,1,1,1,0,2,5,0,6,4,11,1
13,20,4,1,1,0,3,0,0,9,1,1,1,5,2,1,0,6,3,14,1
9,19,4,1,1,0,3,0,0,0,1,1,1,7,0,3,0,6,6,10,1
15,18,0,1,1,0,3,0,0,0,1,1,1,0,2,1,0,6,4,6,1
9,18,3,1,1,3,3,0,1,9,1,1,1,0,0,1,0,6,5,8,1
11,20,0,1,1,0,3,0,0,2,1,1,1,0,2,1,0,6,4,10,1
11,20,4,0,1,3,3,3,1,11,1,1,1,5,2,1,0,6,0,8,0
8,15,4,0,0,0,3,3,0,3,1,1,1,0,0,1,0,9,4,5,1
1,14,4,0,0,0,3,1,0,5,0,1,0,0,0,0,5,0,0,5,0
3,19,4,0,1,0,3,0,0,2,1,1,1,7,0,1,0,6,6,5,1
12,23,3,0,1,0,3,3,0,1,1,1,1,0,2,7,0,8,8,14,1
13,20,0,0,1,0,3,0,0,0,1,1,1,5,2,2,0,9,3,12,0
8,20,4,1,1,0,3,0,0,3,1,1,1,0,0,1,0,6,8,5,1
0,18,4,1,1,4,3,0,1,16,1,1,1,0,0,1,5,6,0,2,1
6,21,4,1,1,0,3,0,0,2,1,1,1,7,0,1,0,6,5,13,1
3,17,4,0,1,0,3,0,0,2,1,1,1,7,0,1,0,6,3,11,1
12,18,4,0,1,0,3,1,0,0,1,1,1,0,2,1,0,6,5,11,0
11,20,4,0,1,0,3,0,0,12,1,1,1,0,2,1,0,6,6,14,1
12,20,0,1,1,4,3,0,1,1,1,1,1,5,2,1,0,6,5,9,1
9,9,0,0,1,0,3,1,0,2,1,1,1,7,0,2,0,8,1,4,0
13,19,0,0,1,0,0,0,0,0,1,1,1,5,2,5,0,8,6,9,0
13,18,0,0,1,0,3,0,0,1,1,1,1,0,2,3,0,6,6,12,1
13,19,4,1,1,3,3,0,1,0,1,1,1,0,2,3,0,4,5,6,1
15,22,3,1,1,0,3,0,0,0,1,0,1,0,2,6,0,6,0,11,0
5,18,4,0,1,0,3,1,0,2,1,1,1,0,0,2,0,2,2,3,1
14,8,0,1,1,4,3,3,1,0,1,1,1,1,2,1,5,0,0,0,1
3,20,4,1,1,0,3,1,0,0,1,1,1,0,0,3,0,3,6,4,0
15,19,4,1,0,0,3,0,0,2,0,0,0,0,2,1,0,6,10,9,1
0,18,4,1,1,0,3,0,0,16,1,1,1,1,0,1,5,8,0,6,1
10,17,0,1,1,3,3,0,1,1,1,1,1,5,0,1,5,0,0,0,1
3,20,4,1,1,0,3,3,0,2,1,1,1,8,0,2,0,6,1,9,0
6,15,4,0,1,4,3,0,1,9,1,1,1,5,0,1,0,6,6,10,1
13,0,0,0,1,4,3,0,1,1,1,1,1,7,2,0,5,0,0,0,1
1,18,4,1,1,0,3,1,0,2,1,1,1,8,0,1,0,1,3,4,0
4,20,4,0,1,0,3,1,0,0,1,1,1,0,0,1,0,7,3,11,1
6,20,4,0,1,3,3,0,1,2,1,1,1,5,0,1,0,3,4,9,1
0,18,4,0,1,0,3,1,0,16,1,1,1,0,0,1,5,0,0,0,0
9,20,0,0,1,3,3,3,1,1,1,1,1,5,0,1,2,0,0,0,1
13,20,0,0,1,0,3,0,0,1,1,1,1,0,2,1,0,7,7,12,0
0,15,4,1,1,0,3,0,0,2,1,1,1,0,0,0,5,0,0,0,1
5,20,4,1,1,0,3,1,0,10,1,1,1,8,0,4,0,1,1,3,1
11,15,0,0,1,0,1,1,0,16,1,1,1,0,2,1,5,6,0,3,1
13,20,4,0,1,0,3,1,0,15,1,1,1,5,2,7,5,6,0,9,1
6,20,4,0,1,0,3,1,0,2,1,1,1,0,0,1,0,8,8,11,1
6,15,4,0,1,0,3,0,0,2,1,1,1,0,0,1,2,0,0,6,1
14,19,0,1,1,3,3,0,1,0,1,1,1,5,2,1,0,6,6,7,1
4,18,4,1,1,0,3,0,0,2,1,1,1,7,0,0,5,0,0,0,1
3,15,4,1,1,0,3,1,0,12,1,1,1,0,0,1,1,3,0,6,0
15,20,4,0,1,4,3,0,1,0,1,1,1,7,2,3,0,6,10,10,1
6,15,4,0,1,0,3,1,0,2,1,1,1,0,0,1,0,6,2,12,0
11,17,0,0,1,4,3,0,1,8,1,1,1,2,2,0,5,0,0,0,1
5,15,4,1,1,0,3,3,0,2,1,1,1,0,0,1,5,0,0,0,1
9,20,4,0,1,0,3,0,0,2,1,1,1,5,0,1,0,8,11,13,1
11,17,0,0,1,0,3,0,0,1,1,1,1,1,2,3,0,9,2,12,0
9,0,1,0,1,0,1,1,0,14,1,1,1,6,0,0,5,0,0,3,1
3,18,4,1,1,0,3,1,0,0,1,1,1,0,0,1,0,3,2,3,0
15,20,4,1,1,0,3,1,0,0,1,1,1,8,2,4,0,6,4,13,1
1,14,4,1,1,0,3,3,0,11,1,1,1,0,0,1,0,1,1,3,1
11,20,4,1,1,0,3,0,0,12,1,1,1,0,2,1,0,7,10,12,1
2,18,0,1,1,0,3,3,0,8,1,1,1,5,0,1,0,1,6,3,1
6,20,0,1,1,0,3,1,0,0,1,1,1,0,0,1,0,4,6,4,0
2,17,4,0,1,0,3,3,0,2,1,1,1,5,0,1,0,9,3,6,1
13,15,0,0,1,3,3,0,1,1,1,1,1,5,2,1,0,6,5,11,1
10,18,4,1,1,0,3,3,0,11,1,1,1,0,0,3,0,3,2,4,1
14,10,4,0,1,4,3,0,1,0,1,1,1,0,2,5,0,6,5,10,1
15,15,4,0,1,0,3,2,0,10,1,1,1,7,2,1,0,6,3,10,1
0,17,4,0,1,0,3,0,0,16,1,1,1,0,0,0,5,0,0,0,0
3,22,0,0,1,0,3,1,0,1,1,1,1,0,0,1,0,5,2,10,1
15,18,4,0,1,0,3,0,0,11,1,1,1,0,2,1,0,2,4,4,0
11,20,0,0,1,4,3,0,1,1,1,1,1,5,2,1,0,6,6,12,1
11,18,4,1,1,0,3,0,0,0,1,1,1,1,2,1,0,6,4,5,1
0,17,4,0,1,0,3,0,0,7,1,1,1,0,0,1,5,0,0,0,1
3,18,4,1,1,0,3,3,0,4,1,1,1,0,0,1,5,0,0,0,1
2,15,4,1,1,0,3,0,0,2,1,1,1,0,0,0,5,0,0,0,1
5,15,4,1,1,0,3,0,0,2,1,1,1,0,0,1,0,4,8,8,1
1,18,4,1,1,0,3,0,0,0,1,1,1,1,0,1,0,1,2,2,1
6,20,4,1,1,0,3,0,0,2,1,1,1,5,0,1,0,4,6,6,1
12,18,4,0,1,0,3,1,0,12,1,1,1,0,2,2,0,6,10,13,1
9,16,4,1,1,0,3,3,0,11,1,1,1,0,0,1,5,6,0,7,0
7,20,4,0,1,4,3,0,1,5,1,1,1,5,0,1,0,8,6,10,1
0,18,4,1,1,2,3,3,0,3,1,1,1,8,0,1,0,2,7,5,1
7,15,4,0,1,0,3,1,0,2,1,1,1,0,0,1,0,6,2,8,1
2,18,4,1,1,0,3,3,0,2,1,1,1,7,0,1,2,3,0,3,1
8,15,4,0,1,0,3,0,0,7,1,1,1,0,0,0,5,0,0,0,1
12,17,0,1,1,0,3,1,0,1,1,1,1,8,2,1,5,0,0,0,1
2,14,4,1,1,0,3,1,0,2,1,1,1,8,0,1,0,6,10,5,1
13,17,4,0,1,0,3,0,0,15,1,1,1,7,2,1,0,7,10,9,1
3,18,4,0,1,4,3,0,1,2,1,1,1,5,0,0,5,0,0,0,1
13,20,4,1,1,0,3,0,0,9,1,1,1,7,2,3,0,6,6,10,0
9,13,4,1,1,0,3,3,0,11,1,1,1,7,0,6,0,6,6,10,1
14,19,0,0,1,3,3,0,1,0,1,1,1,7,2,1,0,6,3,11,1
8,15,2,0,1,0,3,1,0,7,1,1,1,0,0,1,0,6,10,8,1
13,18,0,1,1,0,3,3,0,0,1,1,1,0,2,4,0,6,11,12,1
0,18,4,0,1,2,3,3,0,2,1,1,1,0,0,1,0,4,3,8,1
1,15,4,1,1,0,3,3,0,12,1,1,1,0,0,2,0,3,1,9,1
8,20,4,1,1,3,3,0,1,0,1,1,1,5,0,2,0,6,8,13,0
4,15,4,0,1,0,3,3,0,2,1,1,1,0,0,1,0,4,2,5,1
4,18,4,1,1,0,3,0,0,2,1,1,1,7,0,1,0,6,4,8,1
2,18,4,0,1,0,3,1,0,2,1,1,1,0,0,1,0,6,3,6,1
15,17,0,1,1,0,3,3,0,1,1,1,1,0,2,1,2,2,0,8,1
8,17,0,0,1,0,3,0,0,1,1,1,1,0,0,1,0,6,8,9,1
8,15,0,0,1,0,3,0,0,2,1,1,1,0,0,1,5,6,0,3,1
10,15,0,0,1,0,3,0,0,8,1,1,1,5,0,3,0,6,11,11,1
3,11,4,1,1,4,3,0,1,0,1,1,1,7,0,1,0,6,1,6,1
12,16,0,0,1,0,3,1,0,0,1,1,1,0,2,1,0,7,6,13,1
5,17,4,0,1,0,3,1,0,2,1,1,1,0,0,1,0,6,1,8,1
4,15,4,0,1,0,3,1,0,2,1,1,1,8,0,1,2,6,0,6,0
13,15,4,1,1,0,3,0,0,11,1,1,1,5,2,2,0,6,4,12,1
10,18,4,0,1,0,3,1,0,15,1,1,1,1,0,1,5,0,0,0,0
14,0,4,0,1,0,3,0,0,12,1,1,1,0,2,0,5,0,0,0,1
12,16,0,0,1,0,3,3,0,1,1,1,1,0,2,1,0,1,2,3,0
12,20,0,1,1,0,3,3,0,0,1,1,1,7,2,1,5,6,0,11,1
0,21,4,1,1,0,3,1,0,2,1,1,1,0,0,3,0,2,0,2,0
10,17,0,1,1,0,3,0,0,0,1,1,1,0,0,1,0,6,3,13,1
1,15,4,1,1,0,3,1,0,16,1,1,1,0,0,1,0,1,2,6,0
11,20,0,1,1,0,3,0,0,0,1,1,1,0,2,1,0,7,10,13,1
8,18,4,0,1,0,3,0,0,4,1,1,1,7,0,1,5,0,0,1,1
6,15,4,0,1,0,3,3,0,11,1,1,1,0,0,3,0,4,0,4,1
6,20,4,0,1,0,3,0,0,0,1,1,1,0,0,4,0,6,6,11,1
12,20,4,0,1,0,3,1,0,0,1,1,1,0,2,1,0,7,11,12,1
5,11,4,0,1,4,3,0,1,15,1,1,1,0,0,1,5,9,0,0,0
13,0,4,1,1,4,3,0,1,0,1,1,1,0,2,6,0,4,3,6,1
7,22,4,0,1,0,3,1,0,0,1,1,1,0,0,1,0,9,4,11,1
15,15,0,1,1,4,3,0,1,1,1,1,1,0,2,0,5,0,0,0,1
0,18,4,0,1,0,3,1,0,2,1,1,1,0,0,0,5,0,0,0,0
10,23,2,0,1,4,3,0,1,5,1,1,1,5,0,1,5,6,0,7,1
7,20,0,1,1,0,3,1,0,0,1,1,1,0,0,1,0,8,3,9,1
4,21,4,0,1,4,3,0,1,5,1,1,1,5,0,1,0,1,4,3,1
9,16,4,1,1,0,3,0,0,0,1,1,1,0,0,1,0,5,10,10,0
6,20,4,1,1,0,3,1,0,2,1,1,1,0,0,2,0,6,0,11,1
0,18,4,0,1,0,3,0,0,16,1,1,1,7,0,0,5,0,0,0,0
10,20,4,1,1,0,3,0,0,12,1,1,1,7,0,1,0,8,8,11,1
5,20,0,1,1,3,3,3,1,1,1,1,1,5,0,1,0,6,11,9,1
5,19,4,0,1,0,3,3,0,9,1,1,1,0,0,1,0,2,2,8,0
3,18,4,1,1,0,3,0,0,2,1,1,1,5,0,1,0,1,2,2,1
4,12,4,0,1,4,3,0,1,7,1,1,1,2,0,1,0,6,8,5,1
10,18,0,0,1,0,3,0,0,0,1,1,1,5,0,2,0,9,4,12,1
1,15,4,1,1,0,3,0,0,7,1,1,1,0,0,1,0,2,3,5,0
1,15,4,1,1,0,3,0,0,9,1,1,1,5,0,0,5,0,0,0,1
8,20,4,1,1,0,3,0,0,2,1,1,1,5,0,2,0,7,0,9,1
13,20,4,1,1,0,3,0,0,2,1,1,1,0,2,2,0,6,3,7,1
15,15,0,0,1,4,3,0,1,0,1,1,1,0,2,3,0,6,6,6,1
12,15,0,0,1,3,3,0,1,1,1,1,1,5,2,1,0,6,7,6,1
15,19,0,0,1,0,3,0,0,0,1,1,1,7,2,1,0,6,2,9,1
6,19,4,1,1,0,3,0,0,2,1,1,1,5,0,1,0,4,5,6,1
11,17,0,1,1,0,3,3,0,1,1,1,1,0,2,0,5,0,0,0,1
1,17,4,0,1,0,3,0,0,15,1,1,1,7,0,1,5,5,0,9,1
7,15,4,1,1,0,3,0,0,2,1,1,1,7,0,1,0,1,3,5,1
11,18,4,0,1,0,3,1,0,0,1,1,1,0,2,1,0,6,2,11,0
15,20,4,0,1,4,3,0,1,2,1,1,1,0,2,1,0,6,0,9,0
13,15,2,1,1,0,3,3,0,7,1,1,1,0,2,1,5,0,0,0,1
7,18,4,0,1,3,3,1,1,2,1,1,1,7,0,1,0,6,8,11,1
10,17,4,1,1,0,3,0,0,5,1,1,1,0,0,6,0,8,10,10,1
4,10,2,0,1,4,3,3,1,7,1,1,1,0,0,1,0,6,3,8,1
5,18,4,1,1,0,3,1,0,0,1,1,1,7,0,1,0,2,4,4,1
15,15,4,0,1,4,3,0,1,0,1,1,1,7,2,1,0,6,6,5,1
6,17,4,1,1,0,3,1,0,2,1,1,1,8,0,1,0,3,6,5,0
11,20,0,1,1,0,3,1,0,0,1,1,1,0,2,2,0,8,11,13,0
2,18,4,1,1,0,3,0,0,2,1,1,1,7,0,1,0,1,3,2,1
8,20,4,1,1,0,3,0,0,2,1,1,1,8,0,3,0,9,1,13,1
3,19,4,1,1,0,3,0,0,2,1,1,1,5,0,0,5,0,0,0,1
14,20,2,0,1,0,3,0,0,0,1,1,1,0,2,3,0,9,11,14,1
8,18,4,0,1,0,3,1,0,2,1,1,1,0,0,1,0,6,1,9,1
6,20,0,0,1,0,3,3,0,8,1,1,1,0,0,3,0,3,0,3,0
5,18,4,1,1,2,3,3,0,12,1,1,1,1,0,1,0,5,3,2,0
1,14,4,0,0,0,3,3,0,16,1,1,0,0,0,0,5,0,0,4,1
0,19,4,1,1,3,3,3,1,2,1,1,1,0,0,1,0,4,6,7,1
9,13,4,1,1,4,3,0,1,0,1,1,1,7,0,1,0,5,1,13,1
15,20,0,1,1,0,3,3,0,1,1,1,1,0,2,1,0,6,8,12,1
4,15,4,1,1,0,3,1,0,2,1,1,1,7,0,1,2,0,0,0,1
14,19,0,1,1,0,3,3,0,1,1,1,1,0,2,3,0,6,5,12,1
4,13,4,0,1,0,3,0,0,15,1,1,1,1,0,0,5,0,0,0,1
4,18,4,1,1,0,3,3,0,2,1,1,1,7,0,1,0,6,2,8,0
5,20,4,0,1,0,3,1,0,2,1,1,1,0,0,1,0,9,4,10,1
12,15,4,1,1,0,3,0,0,5,1,1,1,0,2,1,0,6,10,10,1
12,15,0,1,1,0,3,0,0,1,1,1,1,5,2,7,0,5,5,5,0
12,3,0,1,1,3,1,3,1,1,1,1,1,7,2,1,1,6,0,12,1
8,20,4,0,1,0,3,0,0,0,1,1,1,0,0,1,0,6,2,13,1
14,14,4,1,1,0,3,0,0,2,1,1,1,0,2,1,5,0,0,1,1
4,18,4,0,1,0,3,3,0,11,1,1,1,0,0,2,0,6,2,12,1
4,15,4,1,1,0,3,0,0,12,1,1,1,7,0,1,0,4,3,6,0
6,18,4,0,1,0,3,0,0,2,1,1,1,0,0,1,0,6,3,6,1
11,20,0,1,1,3,3,0,1,1,1,1,1,5,2,1,0,6,4,10,1
10,21,4,1,1,0,3,1,0,12,1,1,1,0,0,1,0,6,8,8,1
14,8,4,0,1,4,3,3,1,11,1,1,1,0,2,0,5,0,0,5,1
3,18,4,0,0,4,3,0,1,15,1,1,1,7,0,0,5,0,0,0,1
11,15,4,0,1,0,3,0,0,12,1,1,1,7,2,1,0,6,10,10,1
1,19,4,1,1,0,3,1,0,12,1,1,1,0,0,1,0,9,10,10,0
1,15,4,0,1,0,3,0,0,2,1,1,1,5,0,1,0,6,8,13,1
14,20,0,0,1,0,3,0,0,0,1,1,1,5,2,1,0,8,6,13,0
10,21,0,1,1,4,3,0,1,1,1,1,1,5,0,1,0,6,11,13,0
7,20,4,1,1,0,3,0,0,2,1,1,1,5,0,0,5,0,0,0,1
7,21,0,1,1,4,3,0,1,1,1,1,1,5,0,1,0,6,10,8,0
7,21,0,1,1,0,3,1,0,1,1,1,1,0,0,1,0,2,4,4,1
2,18,4,1,1,0,3,1,0,2,1,1,1,0,0,9,2,1,0,1,1
2,18,4,1,1,0,3,1,0,2,1,1,1,8,0,1,5,1,0,2,1
0,18,4,0,1,4,3,0,1,11,1,1,1,5,0,0,5,0,0,0,1
11,18,4,0,0,0,3,0,0,16,1,1,0,0,2,1,5,4,0,4,1
4,18,4,1,1,4,3,0,1,11,1,1,1,2,0,1,0,9,4,9,0
4,15,4,0,1,0,3,0,0,2,1,1,1,7,0,1,0,4,4,9,1
8,16,4,0,1,0,3,0,0,9,1,1,1,7,0,1,0,6,6,7,1
7,19,4,0,1,3,3,0,1,2,1,1,1,5,0,3,0,6,3,9,1
1,18,4,0,1,0,3,3,0,2,1,1,1,0,0,1,0,4,11,5,1
3,11,4,0,1,4,3,0,1,11,1,1,1,7,0,1,0,9,3,2,0
6,19,4,1,1,0,3,0,0,2,1,1,1,0,0,1,0,1,3,2,1
1,18,4,1,1,0,3,0,0,2,1,1,1,0,0,1,0,2,6,2,0
14,20,0,1,1,3,3,0,1,1,1,1,1,5,2,1,0,6,11,12,1
5,15,4,1,1,0,3,0,0,2,1,1,1,1,0,1,2,0,0,0,0
10,15,0,1,1,0,3,0,0,0,1,1,1,1,0,0,5,0,0,0,0
15,18,0,0,1,0,1,1,0,0,1,1,1,0,2,1,0,6,4,9,1
11,20,0,1,1,0,3,0,0,0,1,1,1,0,2,2,0,6,4,14,1
2,19,4,0,1,0,3,0,0,5,1,1,1,7,0,1,0,3,3,4,1
2,15,4,0,1,0,3,0,0,7,1,1,1,5,0,1,0,3,6,3,1
7,15,4,0,1,0,3,0,0,11,1,1,1,0,0,1,0,6,4,12,1
14,12,4,0,1,0,3,0,0,1,1,1,1,1,2,5,2,0,0,9,1
5,18,4,1,1,0,3,0,0,2,1,1,1,0,0,1,2,6,0,6,1
9,12,3,0,0,0,3,3,0,1,1,1,0,7,1,1,0,9,3,12,1
3,20,4,0,1,0,3,0,0,0,1,1,1,5,0,5,0,6,4,11,0
7,18,4,1,1,0,3,1,0,5,1,1,1,0,0,1,0,6,10,13,1
8,18,0,0,1,0,3,1,0,0,1,1,1,8,0,1,0,6,6,9,1
8,15,0,0,1,0,3,1,0,1,1,1,1,0,0,1,0,9,8,4,1
9,19,0,0,1,0,3,0,0,0,1,1,1,0,0,3,0,4,5,6,0
6,9,4,0,0,4,3,1,1,12,1,0,1,1,0,9,2,0,0,0,0
14,15,2,1,1,0,3,1,0,0,1,1,1,0,2,1,5,0,0,11,1
15,15,0,0,1,4,3,0,1,0,1,1,1,0,2,2,0,7,8,12,0
11,22,4,1,1,0,3,1,0,7,1,1,1,8,0,2,0,6,8,8,1
1,18,4,1,1,0,3,1,0,2,1,1,1,0,0,1,5,3,0,4,1
8,18,4,1,1,0,3,3,0,5,1,1,1,0,0,1,0,6,9,6,0
7,21,4,0,1,0,3,0,0,0,1,1,1,0,0,1,0,4,3,13,0
15,18,0,1,1,4,3,0,1,1,1,1,1,7,2,0,5,0,0,4,1
5,20,0,1,1,0,3,3,0,0,1,1,1,0,0,1,0,3,10,2,0
15,18,0,1,1,3,3,0,1,0,1,1,1,0,2,1,0,6,2,9,1
15,15,4,1,1,0,3,1,0,2,1,1,1,0,2,4,0,2,4,2,1
7,18,0,1,1,0,3,3,0,11,1,1,1,0,0,1,0,6,6,11,1
0,18,4,1,0,0,3,1,0,16,1,1,0,8,0,1,5,2,0,3,0
1,15,4,1,1,4,3,0,1,9,1,1,1,5,0,0,5,0,0,0,1
9,15,4,0,1,0,3,3,0,2,1,1,1,0,0,2,0,6,11,8,1
0,18,4,1,1,0,3,0,0,11,1,1,1,0,0,3,0,6,4,5,0
11,15,4,0,1,0,3,0,0,0,1,1,1,0,2,6,0,6,6,10,1
14,20,0,1,1,3,3,0,1,0,1,1,1,5,2,1,0,6,4,14,1
12,19,0,1,1,0,3,3,0,1,1,1,1,0,2,1,5,0,0,0,0
9,18,2,0,1,0,3,0,0,2,1,1,1,0,0,1,0,6,4,7,1
15,20,2,1,1,0,3,1,0,0,1,1,1,0,2,4,0,9,8,12,0
3,15,4,1,1,0,3,1,0,2,1,1,1,0,0,1,0,1,1,2,1
2,18,4,1,1,0,3,0,0,11,1,1,1,5,0,1,0,6,6,5,0
3,20,4,0,1,0,3,0,0,15,1,1,1,0,0,0,5,0,0,0,1
14,15,2,1,1,0,3,0,0,12,1,1,1,0,2,1,5,0,0,0,1
7,21,0,1,1,4,3,0,1,1,1,1,1,0,0,2,0,6,3,14,1
1,18,4,0,1,0,3,0,0,2,1,1,1,0,0,0,5,0,0,0,1
13,23,4,1,1,0,3,0,0,2,1,1,1,5,2,8,5,8,0,11,1
0,18,4,0,1,0,3,0,0,2,1,1,1,0,0,0,5,0,0,0,1
9,20,2,1,1,1,3,3,1,14,1,1,1,0,0,1,0,5,3,6,1
8,17,4,0,1,3,3,0,1,16,1,1,1,7,0,5,3,6,1,11,1
5,19,4,1,1,0,3,0,0,2,1,1,1,0,0,1,0,1,10,5,0
12,22,0,1,1,0,3,0,0,1,1,1,1,8,2,7,1,9,0,13,1
10,17,4,1,1,0,3,1,0,0,1,1,1,0,0,1,0,6,1,10,0
0,18,4,1,1,0,3,0,0,16,1,1,1,0,0,2,0,1,1,2,1
3,15,4,0,1,0,3,1,0,2,1,1,1,0,0,1,0,1,6,2,0
10,15,4,0,1,0,3,0,0,2,1,1,1,7,0,1,0,5,8,7,1
15,18,2,1,1,0,3,0,0,10,1,1,1,0,2,1,5,6,0,3,0
0,15,4,0,1,0,3,0,0,2,1,1,1,0,0,2,0,1,3,1,1
9,18,4,0,1,0,3,3,0,5,1,1,1,0,0,1,0,6,4,6,1
2,15,4,0,1,0,3,0,0,4,1,1,1,5,0,1,0,5,3,7,1
13,23,4,0,1,2,3,1,0,2,1,1,1,0,2,8,5,5,0,11,1
10,15,4,0,1,0,3,1,0,2,1,1,1,0,0,1,0,6,6,9,1
9,21,4,0,1,4,3,3,1,0,1,1,1,0,0,1,0,5,6,14,1
0,18,4,0,1,0,3,0,0,2,1,1,1,0,0,0,5,0,0,0,1
14,20,0,0,1,0,3,1,0,1,1,1,1,0,2,7,0,6,5,13,1
5,20,4,0,1,0,3,1,0,12,1,1,1,0,0,1,0,9,10,11,0
10,20,4,0,1,0,3,1,0,10,1,1,1,0,0,1,0,6,0,3,1
15,15,0,1,1,0,3,0,0,1,1,1,1,1,2,0,5,0,0,5,1
3,15,4,0,1,0,3,0,0,2,1,1,1,0,0,1,0,6,6,6,1
0,17,4,0,1,0,3,0,0,2,1,1,1,0,0,1,5,6,0,2,0
7,20,4,1,1,0,3,3,0,2,1,1,1,0,0,2,0,6,11,6,0
7,20,4,1,1,0,3,0,0,0,1,1,1,0,0,2,0,6,11,8,1
8,13,4,0,1,0,3,1,0,7,1,1,1,0,0,0,5,0,0,12,0
15,11,3,0,1,4,3,0,1,15,1,1,1,7,2,1,5,6,0,2,1
8,15,4,0,1,0,3,0,0,0,1,1,1,7,0,3,0,6,6,6,1
0,18,4,1,1,0,3,0,0,2,1,1,1,0,0,1,2,1,0,3,1
14,14,0,0,1,3,3,0,1,0,1,1,1,0,2,1,0,2,1,4,1
7,18,4,1,1,0,3,3,0,5,1,1,1,7,0,1,0,6,5,6,1
15,13,4,0,0,0,3,0,0,15,1,0,1,1,2,0,5,0,0,2,0
7,15,4,0,1,0,3,0,0,2,1,1,1,0,0,1,2,6,0,2,1
10,20,4,1,1,0,3,1,0,12,1,1,1,0,0,1,0,3,3,8,1
1,18,4,0,1,0,0,1,0,16,1,1,1,0,0,5,3,9,4,6,1
1,18,4,1,1,0,3,0,0,2,1,1,1,5,0,0,5,0,0,0,0
10,8,4,0,1,4,3,3,1,16,1,1,1,7,0,1,0,6,4,8,1
14,23,0,0,1,0,3,0,0,1,1,1,1,5,2,1,0,6,8,14,0
9,15,4,0,1,0,3,1,0,2,1,1,1,8,0,4,0,6,4,5,1
4,18,4,1,1,0,3,0,0,2,1,1,1,5,0,0,5,0,0,1,0
9,20,4,0,1,0,3,3,0,14,1,1,1,0,0,1,0,9,0,13,0
15,15,2,1,1,3,3,0,1,2,1,1,1,0,2,4,0,6,4,12,1
1,18,4,1,1,0,3,0,0,2,1,1,1,0,0,1,0,4,3,5,1
4,15,4,0,1,0,3,0,0,2,1,1,1,0,0,6,0,4,0,8,0
12,20,0,1,1,0,3,1,0,0,1,1,1,0,2,2,0,6,3,11,0
15,21,0,0,1,4,3,0,1,0,1,1,1,7,2,1,0,8,10,8,1
7,18,4,1,1,0,3,0,0,2,1,1,1,1,0,3,2,0,0,0,1
14,0,3,0,1,0,3,3,0,0,1,1,1,7,2,6,0,8,4,7,1
9,0,4,0,0,0,3,1,0,2,0,0,1,0,0,1,0,6,9,7,1
3,20,4,1,1,0,3,1,0,16,1,1,1,8,0,2,5,1,0,3,1
5,17,4,0,1,0,3,0,0,0,1,1,1,1,0,1,2,1,0,4,0
7,18,0,1,1,0,3,0,0,0,1,1,1,0,0,1,0,7,7,10,1
1,17,4,1,1,4,3,1,0,11,1,1,1,0,0,1,0,6,2,11,0
4,20,4,0,1,0,3,1,0,10,1,1,1,0,0,1,0,6,7,11,0
2,18,4,0,1,0,3,0,0,2,1,1,1,0,0,3,0,2,7,3,1
13,18,0,1,1,0,3,3,0,1,1,1,1,0,2,1,0,5,7,10,0
8,17,4,0,1,0,3,0,0,11,1,1,1,0,0,1,0,4,2,5,0
8,18,0,0,0,0,2,0,0,2,1,1,1,0,0,1,0,4,4,5,1
3,20,4,1,1,0,3,0,0,2,1,1,1,5,0,1,0,6,3,12,1
13,0,4,0,1,0,3,0,0,15,1,1,1,7,2,0,5,0,0,0,1
14,15,4,1,1,0,3,0,0,2,1,1,1,0,2,1,0,6,1,12,1
13,18,4,1,1,0,3,0,0,0,1,1,1,0,2,7,1,9,0,10,1
11,21,0,1,1,0,3,0,0,0,1,1,1,1,2,1,0,6,3,11,0
15,18,4,1,1,0,3,2,0,0,1,1,1,0,2,1,0,3,3,4,1
10,17,4,0,1,0,3,1,0,2,1,1,1,0,0,1,0,4,4,9,1
13,20,4,0,1,0,3,1,0,0,1,1,1,0,2,1,0,7,6,10,0
11,20,0,0,1,0,3,0,0,0,1,1,1,5,2,3,0,6,6,6,1
2,18,4,0,1,0,3,0,0,2,1,1,1,0,0,1,5,0,0,0,1
4,18,4,0,1,0,1,0,0,14,1,1,1,0,0,1,0,6,8,13,1
0,13,4,0,0,0,3,0,0,2,1,1,1,0,0,0,5,0,0,0,1
13,8,0,0,1,4,3,0,1,4,1,1,1,0,2,1,0,6,4,7,1
7,15,4,0,1,0,3,3,0,0,1,1,1,0,0,0,5,0,0,0,1
8,16,3,0,1,0,3,0,0,0,1,1,1,0,0,1,0,3,3,4,0
7,15,4,0,1,0,3,1,0,2,1,1,1,8,0,1,0,6,6,9,1
15,20,4,1,0,0,3,0,0,11,1,1,0,0,2,1,5,6,0,4,1
10,19,4,1,1,0,3,0,0,0,1,1,1,7,0,3,0,3,2,11,1
7,15,4,1,1,0,3,0,0,2,1,1,1,7,0,1,0,6,6,8,1
4,20,4,0,1,0,3,3,0,11,1,1,1,0,0,1,0,6,2,6,0
2,18,4,1,0,0,3,1,0,2,1,1,0,0,0,1,0,3,6,4,1
15,21,0,0,1,4,3,0,1,1,1,1,1,7,2,1,0,6,6,9,1
7,18,4,0,1,0,3,0,0,0,1,1,1,5,0,1,2,1,0,4,1
13,18,2,1,1,0,3,0,0,0,1,1,1,0,2,3,0,6,0,6,1
8,20,4,0,1,0,3,0,0,0,1,1,1,5,0,2,0,6,3,13,1
15,20,0,1,0,0,3,1,0,9,1,1,0,0,2,1,0,4,6,8,1
9,18,4,0,1,0,3,0,0,9,1,1,1,0,0,1,0,6,6,10,1
7,15,0,1,1,0,3,0,0,1,1,1,1,7,0,1,0,6,8,8,1
2,15,4,0,1,2,3,3,0,2,1,1,1,0,0,9,2,0,0,0,1
2,19,0,0,1,0,3,0,0,8,1,1,1,0,0,5,0,7,2,5,1
7,16,0,0,1,0,3,0,0,0,1,1,1,0,0,1,0,7,10,13,1
6,17,4,0,1,0,3,1,0,2,1,1,1,0,0,1,0,6,11,5,1
10,15,4,0,1,0,0,3,0,11,1,1,1,0,0,5,3,8,2,12,1
10,20,4,1,1,0,3,3,0,14,1,1,1,0,0,1,0,2,4,2,1
13,15,4,1,1,0,3,0,0,12,1,1,1,7,2,1,0,6,3,7,1
15,22,0,1,1,0,3,0,0,2,1,1,1,0,2,1,0,9,6,13,1
9,18,0,0,1,0,3,1,0,1,1,1,1,0,0,1,5,0,0,0,0
0,17,4,1,1,0,3,0,0,0,1,1,1,0,0,1,0,4,2,4,1
0,15,4,0,1,0,3,0,0,16,1,1,1,1,0,1,0,2,1,3,1
14,11,0,1,1,4,3,0,1,1,1,1,1,0,2,6,5,0,0,0,1
4,20,4,0,1,0,3,0,0,2,1,1,1,8,0,1,0,6,7,9,0
3,13,4,0,1,0,3,0,0,15,1,1,1,0,0,1,5,0,0,0,0
13,20,0,0,1,0,3,1,0,1,1,1,1,0,2,1,0,6,4,14,0
14,8,0,0,1,4,3,3,1,11,1,1,1,0,2,1,5,0,0,0,1
8,20,4,0,1,0,3,0,0,11,1,1,1,0,0,1,0,8,6,11,1
8,16,4,0,1,0,3,1,0,2,1,1,1,0,0,1,0,7,11,3,1
15,21,4,1,1,0,3,0,0,0,1,1,1,0,2,0,5,0,0,0,1
5,15,4,0,1,0,3,3,0,14,1,1,1,1,0,1,0,6,3,9,1
14,21,0,0,1,4,3,0,1,1,1,1,1,5,2,6,0,6,6,14,0
14,19,4,1,1,0,3,3,0,12,1,1,1,0,2,1,0,6,4,10,1
5,18,4,0,1,0,1,1,0,0,1,1,1,8,0,5,5,0,0,0,0
9,15,4,0,1,0,3,3,0,2,1,1,1,7,0,1,0,3,2,6,1
0,17,4,1,1,0,3,0,0,2,1,1,1,5,0,1,0,1,6,2,1
0,15,4,0,0,0,3,1,0,16,1,1,0,0,0,0,5,0,0,4,0
5,15,4,0,1,0,3,0,0,0,1,1,1,0,0,1,0,7,5,9,1
7,20,4,1,1,0,3,1,0,2,1,1,1,0,0,1,0,4,11,4,1
13,0,4,1,1,4,3,0,1,13,1,1,1,7,2,6,0,6,4,11,1
2,18,4,1,1,0,3,0,0,2,1,1,1,0,0,0,5,0,0,0,1
6,18,4,1,1,0,3,0,0,0,1,1,1,0,0,1,0,1,6,2,1
7,18,0,1,1,0,3,1,0,2,1,1,1,8,0,0,5,0,0,0,1
10,18,4,0,1,0,3,1,0,2,1,1,1,0,0,6,0,3,11,5,1
4,18,4,0,1,0,3,0,0,0,1,1,1,7,0,1,0,6,6,7,1
15,20,0,1,1,0,3,0,0,9,1,1,1,1,2,1,0,6,3,10,1
11,18,0,1,1,0,3,0,0,2,1,1,1,7,2,0,5,0,0,0,1
8,18,4,0,1,0,3,1,0,2,1,1,1,0,0,1,0,3,3,2,0
11,20,4,0,1,0,3,1,0,0,1,1,1,0,2,1,0,8,11,13,0
2,19,4,1,1,0,3,0,0,16,1,1,1,0,0,1,5,2,0,5,0
13,18,4,1,1,0,3,0,0,2,1,1,1,0,2,1,1,6,0,12,1
6,20,4,1,1,3,3,0,1,2,1,1,1,5,0,9,2,0,0,0,1
1,15,4,1,1,0,3,1,0,9,1,1,1,1,0,1,2,2,0,4,1
0,17,4,1,1,0,3,1,0,16,1,1,1,5,0,0,5,0,0,5,0
3,19,4,0,1,0,3,1,0,2,1,1,1,0,0,1,0,1,10,2,1
0,17,4,0,1,0,3,0,0,2,1,1,1,0,0,0,5,0,0,0,1
10,20,0,1,1,0,3,0,0,1,1,1,1,0,0,1,0,8,2,13,1
4,17,0,1,0,0,3,1,0,1,1,1,1,0,2,1,5,0,0,0,0
10,14,0,0,1,0,3,0,0,15,1,1,1,0,0,0,5,0,0,0,1
15,22,4,1,1,3,3,0,1,0,1,1,1,5,2,2,0,3,4,10,1
12,18,4,0,1,0,3,0,0,2,1,1,1,7,2,2,0,8,3,10,1
1,18,4,0,1,0,0,0,0,16,1,1,1,0,0,5,3,2,2,4,1
8,20,4,0,1,0,3,1,0,12,1,1,1,0,0,1,0,6,8,12,1
8,18,4,0,1,0,1,1,0,0,1,1,1,8,0,5,0,6,11,6,1
14,17,0,1,1,4,3,0,1,8,1,1,1,0,2,4,0,6,5,7,1
2,17,4,1,1,0,3,1,0,16,1,1,1,8,0,2,0,2,1,4,0
14,21,0,0,1,0,3,1,0,0,1,1,1,0,2,1,0,9,5,14,1
9,20,4,1,1,0,3,0,0,2,1,1,1,0,0,1,0,2,6,5,1
1,18,4,1,1,3,3,0,1,16,1,1,1,5,0,2,0,1,1,2,1
1,18,4,1,1,0,3,0,0,16,1,1,1,0,0,2,5,1,0,2,1
10,15,4,0,1,4,3,3,1,12,1,1,1,0,0,1,0,9,0,4,1
6,20,0,1,1,0,3,0,0,0,1,1,1,0,0,1,0,6,9,9,1
3,18,4,0,1,0,3,3,0,14,1,1,1,0,0,1,0,6,10,3,1
6,20,4,1,1,3,3,0,1,0,1,1,1,5,0,1,0,6,6,11,1
0,16,4,0,1,0,3,0,0,16,1,1,1,0,0,1,5,1,0,1,0
0,17,4,1,0,0,3,0,0,2,1,1,0,0,0,0,5,0,0,3,1
9,7,4,0,0,2,3,0,1,2,1,0,0,1,0,6,2,0,0,4,1
3,15,4,0,1,0,3,0,0,2,1,1,1,0,0,4,0,5,4,3,1
3,11,4,1,1,0,3,0,1,9,1,1,1,0,0,6,0,3,4,2,1
1,15,4,1,1,0,3,0,0,16,1,1,1,1,0,9,2,3,0,1,0
14,21,0,1,1,4,3,0,1,1,1,1,1,5,2,6,0,6,0,13,1
10,21,4,0,1,0,3,1,0,11,1,1,1,8,0,1,0,8,11,14,1
4,19,4,0,1,3,3,0,1,2,1,1,1,5,0,1,0,3,8,1,1
8,16,4,0,1,0,3,0,0,2,1,1,1,7,0,1,0,6,2,7,1
4,18,4,1,1,0,3,0,0,4,1,1,1,5,0,1,0,6,6,4,1
0,18,4,0,1,0,3,2,0,2,1,1,1,8,0,1,5,2,0,2,0
6,4,0,0,0,4,3,1,1,11,1,0,0,7,0,0,5,0,0,0,1
11,0,4,0,1,0,3,0,0,2,1,1,1,0,2,1,0,6,3,9,1
14,15,4,0,1,4,3,3,1,5,1,1,1,5,2,6,0,3,9,6,1
9,20,4,1,1,0,3,3,0,14,1,1,1,0,0,3,0,6,8,13,1
7,15,4,0,1,0,3,0,0,11,1,1,1,7,0,1,0,4,1,4,1
4,20,4,0,1,4,3,3,1,11,1,1,1,5,0,1,0,2,6,4,1
10,20,4,0,1,3,3,3,1,15,1,1,1,0,0,0,5,0,0,0,1
9,14,0,0,1,0,3,1,0,2,1,1,1,0,0,1,0,6,1,6,1
15,23,0,0,1,0,3,0,0,0,1,1,1,5,2,1,0,6,6,14,0
12,22,0,1,1,0,3,0,0,1,1,1,1,8,2,7,1,9,0,13,1
11,8,4,0,1,4,3,3,1,11,1,1,1,0,2,1,0,6,4,6,0
14,19,4,0,1,0,3,1,0,0,1,1,1,0,2,7,2,2,0,2,1
15,17,0,1,1,0,3,1,0,1,1,1,1,0,2,1,5,4,0,2,0
11,21,0,0,1,4,3,0,1,1,1,1,1,5,2,1,0,6,5,9,0
8,20,4,1,1,3,3,0,1,2,1,1,1,7,0,1,0,6,6,5,1
5,15,4,1,1,0,3,0,0,2,1,1,1,0,0,1,0,6,3,5,1
14,20,4,1,1,0,3,0,0,0,1,1,1,0,2,1,0,6,8,12,1
3,20,4,1,1,0,3,1,0,11,1,1,1,0,0,1,0,3,4,4,1
12,18,4,1,1,0,3,3,0,11,1,1,1,0,2,1,5,6,0,3,0
6,18,4,0,1,0,3,1,0,10,1,1,1,8,0,1,0,6,0,8,1
7,15,4,0,1,0,3,3,0,2,1,1,1,0,0,1,0,3,10,4,1
10,23,0,0,1,4,3,0,1,1,1,1,1,5,0,1,0,8,6,14,1
5,18,4,0,1,4,3,0,1,16,1,1,1,0,0,4,0,4,1,5,1
8,18,0,0,1,4,3,0,1,1,1,1,1,7,0,1,2,4,0,5,0
13,20,0,0,1,0,3,1,0,1,1,1,1,0,2,1,0,6,3,8,1
14,20,0,1,1,0,3,1,0,0,1,1,1,0,2,1,0,9,2,13,1
10,20,4,1,1,0,3,1,0,12,1,1,1,0,0,1,0,6,2,11,0
1,15,4,0,1,3,3,0,1,9,1,1,1,0,0,1,0,6,5,8,1
3,14,4,1,1,0,3,0,1,9,1,1,1,5,0,4,0,1,4,3,1
7,20,4,1,1,3,3,0,1,0,1,1,1,1,0,1,1,6,0,10,1
10,18,4,0,1,0,3,1,0,11,1,1,1,0,0,2,0,7,8,10,0
11,16,0,1,1,0,3,0,0,0,1,1,1,0,2,1,0,7,0,2,1
8,17,0,1,1,4,3,0,1,1,1,1,1,0,0,1,2,0,0,0,1
8,17,3,1,1,0,2,3,0,1,1,1,1,0,2,1,0,6,2,6,1
15,20,0,0,1,0,3,3,0,1,1,1,1,7,2,1,0,6,8,13,1
0,18,4,1,1,0,3,0,0,2,1,1,1,5,0,1,0,1,2,3,1
5,19,4,0,1,0,3,0,0,2,1,1,1,0,0,2,0,5,0,2,1
4,15,4,0,0,0,3,0,0,2,1,1,1,5,0,1,0,6,4,10,1
8,18,3,1,1,0,3,0,0,0,1,1,1,0,0,1,0,7,4,7,1
7,18,4,1,1,0,3,0,0,2,1,1,1,0,0,1,0,6,11,5,0
4,12,4,0,1,0,3,0,0,0,1,1,1,7,0,1,2,0,0,5,1
4,19,4,0,1,0,3,3,0,0,1,1,1,5,0,1,0,6,3,11,0
13,16,4,0,1,4,3,0,1,12,1,1,1,0,2,0,5,0,0,10,1
9,15,0,0,1,0,3,0,0,0,1,1,1,7,0,1,0,4,7,5,0
0,17,4,1,1,4,3,0,0,16,1,1,1,0,0,1,0,6,5,5,0
10,21,0,1,1,0,3,1,0,1,1,1,1,0,0,1,0,6,4,8,1
5,18,4,0,1,0,3,0,0,2,1,1,1,0,0,1,2,0,0,0,1
2,18,4,0,1,4,3,0,1,15,1,1,1,0,0,1,5,9,0,2,0
10,19,4,0,1,0,3,0,0,2,1,1,1,7,0,1,0,8,5,10,1
4,19,4,0,1,0,3,0,0,2,1,1,1,0,0,1,0,6,2,10,1
1,17,4,1,1,0,3,1,0,2,1,1,1,8,0,6,5,1,0,1,1
2,14,4,0,1,0,3,0,0,2,1,1,1,7,0,0,5,0,0,3,1
4,18,4,1,1,0,3,0,0,2,1,1,1,5,0,1,1,3,0,1,1
12,20,4,0,1,0,3,0,0,2,1,1,1,0,2,1,0,6,11,6,1
2,19,4,1,1,0,3,0,0,2,1,1,1,0,0,0,5,0,0,0,1
14,18,0,0,1,0,3,1,0,0,1,1,1,0,2,1,0,6,2,14,1
10,17,4,0,1,0,3,0,0,15,1,1,1,0,0,0,5,0,0,2,1
12,13,2,0,0,0,3,1,0,0,1,1,1,0,2,1,5,0,0,2,0
7,15,0,0,1,0,0,0,0,16,1,1,1,0,0,5,3,6,5,7,0
8,20,4,1,1,0,3,0,0,2,1,1,1,0,0,1,0,6,3,9,1
14,20,4,0,0,0,3,1,0,2,1,1,0,0,2,1,0,6,3,12,1
14,18,0,1,1,3,3,0,1,0,1,1,1,1,2,1,1,6,0,11,1
12,17,0,1,1,4,3,0,1,8,1,1,1,0,2,1,0,6,6,8,1
11,14,4,0,1,0,3,0,0,2,1,1,1,7,2,1,0,6,8,8,1
5,23,3,1,1,0,3,0,0,0,1,1,1,0,2,0,5,0,0,7,0
3,19,4,0,1,0,3,0,0,2,1,1,1,5,0,0,5,0,0,0,1
4,17,4,0,1,0,3,1,0,2,1,1,1,0,0,1,0,6,6,8,1
12,15,0,0,1,0,3,3,0,1,1,1,1,0,2,1,5,0,0,0,1
1,18,4,1,1,0,3,1,0,12,1,1,1,0,0,1,0,2,2,5,1
13,22,0,0,1,4,3,0,1,0,1,1,1,0,2,1,0,6,9,14,1
7,18,4,0,1,0,3,0,0,5,1,1,1,0,0,1,0,6,2,6,1
5,20,4,1,1,2,3,0,0,3,1,1,1,0,0,6,5,0,0,0,1
13,20,0,1,1,4,3,0,1,1,1,1,1,5,2,5,0,9,4,11,1
12,18,4,1,1,0,3,1,0,11,1,1,1,0,2,0,5,0,0,4,1
4,21,4,1,1,0,3,0,0,0,1,1,1,0,0,1,2,2,0,3,1
7,18,4,1,1,0,3,3,0,2,1,1,1,0,0,0,5,0,0,0,1
9,20,0,1,1,0,3,1,0,0,1,1,1,0,0,3,0,6,4,13,1
6,21,4,1,1,4,3,0,1,0,1,1,1,0,0,9,2,0,0,0,1
4,20,4,1,0,0,3,2,0,2,1,1,0,3,0,2,5,3,0,2,1
13,15,0,1,1,0,3,3,0,1,1,1,1,0,2,6,0,6,0,10,1
8,20,0,1,1,4,3,0,1,0,1,1,1,7,0,1,0,6,6,8,1
11,20,4,1,1,3,3,0,1,0,1,1,1,5,2,4,0,6,4,12,1
5,18,4,0,1,0,3,0,0,7,1,1,1,0,0,1,0,2,1,3,1
10,0,4,0,1,0,3,0,0,12,1,1,1,1,0,1,0,6,3,11,1
7,19,4,0,1,0,3,0,0,0,1,1,1,0,0,1,0,3,6,5,0
0,15,4,0,1,0,3,0,0,16,1,1,1,7,0,3,5,6,0,2,0
7,20,4,1,1,0,3,0,0,2,1,1,1,0,0,1,0,2,2,4,1
15,18,0,1,1,4,3,0,1,0,1,1,1,7,2,1,0,5,2,7,1
10,14,0,1,1,0,3,0,0,2,1,1,1,8,0,1,5,0,0,0,1
5,20,4,0,1,0,3,0,0,2,1,1,1,0,0,2,0,8,3,12,1
6,20,4,0,1,4,3,0,1,0,1,1,1,5,0,1,0,7,6,11,1
9,20,4,1,1,3,3,0,1,2,1,1,1,7,0,4,0,6,3,11,1
4,19,0,1,1,0,3,1,0,0,1,1,1,0,0,1,5,3,0,4,0
14,16,4,1,1,0,3,0,0,2,1,1,1,4,2,1,0,5,8,4,1
10,17,4,0,1,0,3,1,0,11,1,1,1,0,0,1,0,4,4,10,0
13,0,0,1,1,4,3,0,1,1,1,1,1,5,2,0,5,0,0,0,0
1,18,4,0,1,0,3,1,0,12,1,1,1,0,0,2,0,2,3,5,1
14,15,0,1,1,0,3,1,0,1,1,1,1,0,2,7,0,5,5,12,1
11,15,0,1,1,4,3,0,1,1,1,1,1,5,2,1,5,6,0,2,1
6,18,4,1,1,0,3,0,0,2,1,1,1,1,0,0,5,0,0,0,1
0,18,4,0,1,0,3,0,0,5,1,1,1,0,0,1,0,6,3,6,1
13,15,4,0,1,0,3,0,0,0,1,1,1,0,2,2,0,6,8,11,0
12,18,4,0,1,0,3,0,0,0,1,1,1,0,2,1,0,6,4,11,0
5,20,4,0,1,0,3,3,0,2,1,1,1,0,0,1,0,6,8,9,1
2,20,4,0,1,0,3,0,0,12,1,1,1,5,0,1,0,4,3,5,0
4,15,4,0,1,4,3,1,1,0,1,1,1,8,0,1,0,6,2,7,0
5,18,4,0,1,2,0,3,1,0,1,1,1,0,0,5,3,5,3,6,0
5,20,4,1,1,0,3,3,0,0,1,1,1,0,0,3,0,6,3,10,1
15,19,4,1,1,0,3,1,0,0,1,1,1,0,2,1,0,8,0,14,0
11,10,0,0,1,4,3,0,1,14,1,1,1,7,2,1,0,8,3,10,1
1,18,4,1,1,0,3,3,0,2,1,1,1,7,0,1,0,1,11,3,1
9,20,4,0,1,0,3,1,0,2,1,1,1,0,0,1,0,6,7,12,1
13,15,0,0,1,0,3,0,0,0,1,1,1,8,2,1,0,6,2,12,1
0,18,4,0,0,0,3,1,0,16,1,1,0,0,0,0,5,0,0,2,1
2,18,4,0,1,4,3,3,1,5,1,1,1,7,0,1,0,2,10,3,1
4,10,4,0,1,4,3,0,1,0,1,1,1,0,0,1,0,1,2,3,0
10,16,0,1,1,0,3,3,0,0,1,1,1,7,0,1,0,6,6,10,1
4,17,4,1,1,0,3,1,0,0,1,1,1,0,0,1,0,6,2,9,0
9,21,0,0,1,4,3,0,1,1,1,1,1,0,0,1,0,8,10,13,1
14,18,4,0,1,0,3,0,0,16,1,1,1,1,2,1,5,0,0,2,1
6,17,4,1,1,0,3,0,0,9,1,1,1,0,0,1,0,4,5,6,1
10,21,0,1,1,4,3,0,1,0,1,1,1,0,0,6,0,8,6,14,1
7,15,4,0,1,4,3,0,1,2,1,1,1,5,0,1,0,6,10,9,1
6,15,4,1,1,0,3,0,0,11,1,1,1,0,0,1,0,6,6,6,1
13,0,0,1,1,4,3,0,1,1,1,1,1,0,2,0,5,0,0,0,1
6,18,4,0,1,0,3,3,0,7,1,1,1,1,0,1,0,6,1,9,1
2,15,4,1,0,0,3,3,0,2,1,1,1,0,0,1,0,6,4,5,1
7,19,4,1,1,0,3,1,0,12,1,1,1,0,0,1,0,8,4,11,0
15,20,0,1,1,0,3,1,0,1,1,1,1,0,2,1,0,6,6,6,1
13,21,0,1,1,3,3,0,1,0,1,1,1,5,2,1,0,6,2,14,1
1,17,4,1,1,0,3,0,0,2,1,1,1,5,0,1,0,6,4,5,1
14,19,4,0,1,0,3,0,0,0,1,1,1,0,2,1,0,8,2,13,1
2,16,4,0,1,0,3,0,0,2,1,1,1,0,0,9,2,3,0,0,1
2,15,4,1,1,4,3,0,1,11,1,1,1,0,0,1,2,2,0,5,0
10,16,4,1,1,0,3,3,0,5,1,1,1,0,0,1,0,3,4,4,1
5,20,4,0,1,0,3,0,0,2,1,1,1,7,0,2,0,9,6,10,1
4,20,4,0,1,0,3,1,0,2,1,1,1,0,0,1,0,6,6,10,0
12,20,0,0,1,4,3,0,1,1,1,1,1,5,2,1,0,8,6,14,1
3,15,4,1,1,0,3,0,0,2,1,1,1,7,0,1,0,6,6,7,1
6,20,4,0,1,0,3,0,0,11,1,1,1,0,0,1,0,7,5,11,1
2,18,4,0,1,0,3,3,0,2,1,1,1,0,0,1,0,3,2,3,1
3,20,4,1,1,0,3,1,0,2,1,1,1,5,0,1,0,2,5,5,1
2,15,0,0,1,4,3,0,1,2,1,1,1,7,0,6,5,1,0,1,1
3,20,4,1,1,0,3,0,0,14,1,1,1,0,0,1,0,6,8,6,1
4,20,4,1,1,0,3,3,0,11,1,1,1,5,0,1,2,0,0,0,0
8,18,4,0,1,0,3,0,0,11,1,1,1,0,0,1,0,6,3,10,1
1,15,4,0,1,0,3,0,0,2,1,1,1,7,0,1,0,6,3,13,1
10,17,0,0,1,4,3,1,1,1,1,1,1,0,0,1,0,6,8,10,1
9,20,4,0,1,0,3,0,0,0,1,1,1,0,0,1,0,7,4,11,1
12,18,4,1,1,0,3,0,0,2,1,1,1,0,2,4,5,0,0,4,1
4,21,4,1,1,2,3,0,0,2,1,1,1,5,0,1,0,1,3,3,1
2,16,4,0,1,0,3,1,0,2,1,1,1,8,0,1,0,6,9,7,1
15,18,0,1,1,0,3,0,0,1,1,1,1,7,2,1,0,6,3,14,1
10,21,0,1,1,0,3,3,0,1,1,1,1,0,0,2,0,8,4,12,0
14,20,4,0,1,3,3,0,1,0,1,1,1,0,2,1,0,6,11,13,1
0,15,4,1,1,0,3,1,0,2,1,1,1,0,0,0,5,0,0,0,1
8,20,4,1,0,0,3,0,0,2,1,1,1,5,0,1,0,6,6,4,1
6,15,4,1,1,4,3,0,1,12,1,1,1,0,0,0,5,0,0,5,0
6,11,4,1,1,0,3,0,0,4,1,1,1,0,0,1,0,1,1,2,1
10,20,4,1,1,3,3,0,1,0,1,1,1,0,0,1,0,8,2,8,1
13,15,4,0,1,0,3,0,0,4,1,1,1,0,2,1,0,6,6,7,1
8,20,4,0,1,0,3,0,0,0,1,1,1,0,0,1,0,6,4,12,0
14,20,4,0,1,0,3,0,0,2,1,1,1,0,2,1,0,7,3,11,1
12,20,0,1,1,0,3,0,0,0,1,1,1,0,2,1,0,6,5,12,1
10,20,4,1,1,3,3,3,1,11,1,1,1,5,0,1,0,6,4,10,1
11,20,4,1,1,0,3,0,0,0,1,1,1,1,2,3,0,3,6,4,1
4,20,4,1,1,0,3,3,0,11,1,1,1,0,0,4,0,4,1,3,0
12,18,0,0,1,0,3,0,0,0,1,1,1,0,2,2,0,6,3,8,1
3,20,4,0,1,4,3,3,1,11,1,1,1,5,0,1,0,6,6,14,1
9,15,0,1,1,3,3,0,1,1,1,1,1,8,0,3,0,6,2,9,1
4,20,4,1,1,0,3,0,0,2,1,1,1,0,0,3,0,1,0,1,1
2,18,4,1,1,0,1,1,0,0,1,1,1,0,2,5,0,6,9,7,0
11,15,4,1,1,0,3,0,0,2,1,1,1,0,2,1,0,4,4,6,1
7,18,4,0,1,0,3,0,0,0,1,1,1,7,0,1,0,6,3,10,0
3,18,4,0,1,0,3,0,0,2,1,1,1,0,0,1,0,6,4,5,0
10,20,2,1,1,0,3,1,0,12,1,1,1,0,0,3,2,6,0,5,1
1,18,4,0,1,0,3,1,0,2,1,1,1,0,0,1,0,1,3,2,1
9,16,4,0,1,0,3,0,0,15,1,1,1,0,0,0,5,0,0,0,0
0,15,4,0,1,0,3,1,0,2,1,1,1,8,0,0,5,0,0,0,1
5,15,4,0,1,0,3,3,0,2,1,1,1,0,0,1,0,3,6,6,1
10,20,0,0,1,0,3,0,0,0,1,1,1,0,0,1,0,6,3,12,1
13,20,2,1,1,3,3,0,0,11,1,1,1,0,2,3,0,6,2,11,1
13,16,2,1,1,0,3,0,0,0,1,1,1,0,2,1,5,1,0,2,1
4,20,4,0,1,4,3,0,1,11,1,1,1,5,0,0,5,0,0,0,1
15,15,4,1,1,0,3,0,0,2,1,1,1,0,2,1,0,6,10,2,1
4,18,4,1,1,0,3,0,0,0,1,1,1,0,0,6,1,1,0,2,0
8,20,4,1,1,0,3,0,0,0,1,1,1,0,0,1,0,6,3,12,1
14,19,2,0,1,0,3,1,0,0,1,1,1,0,2,1,0,9,0,10,1
6,20,4,0,1,0,3,1,0,2,1,1,1,0,0,5,5,9,0,2,0
13,22,0,1,1,4,3,1,1,0,1,1,1,0,2,2,0,9,6,14,1
13,15,0,1,1,0,3,0,0,1,1,1,1,0,2,1,0,2,4,6,1
3,20,4,1,1,0,3,0,0,2,1,1,1,0,0,1,0,3,3,8,0
7,20,0,1,1,0,3,0,0,0,1,1,1,0,0,1,0,9,6,14,1
15,15,4,1,1,0,3,0,0,2,1,1,1,1,2,1,0,3,1,5,1
5,15,4,0,1,0,3,0,0,2,1,1,1,0,0,1,0,6,5,9,1
14,18,0,0,1,0,3,1,0,0,1,1,1,0,2,1,5,2,0,5,1
1,18,4,1,1,0,3,0,0,2,1,1,1,7,0,1,5,0,0,0,1
7,10,4,0,1,4,3,0,1,14,1,1,1,0,0,0,5,0,0,0,1
2,18,4,0,1,0,3,0,0,15,1,1,1,0,0,0,5,0,0,0,1
8,20,4,0,1,0,3,1,0,12,1,1,1,0,0,1,0,7,4,12,1
10,16,0,0,1,4,3,0,1,8,1,1,1,0,0,1,0,7,1,7,1
6,20,4,1,1,0,3,1,0,2,1,1,1,8,0,1,0,2,0,6,0
0,15,4,1,1,0,3,0,0,7,1,1,1,0,0,1,0,5,3,6,1
13,20,4,1,1,4,3,0,1,0,1,1,1,0,2,2,0,6,6,10,1
14,20,0,0,1,0,3,1,0,0,1,1,1,0,2,1,0,8,6,14,1
10,20,4,0,1,4,3,0,1,0,1,1,1,5,0,1,0,6,5,11,0
3,15,4,0,1,0,3,1,0,0,1,1,1,0,0,1,0,5,3,8,1
12,15,4,1,1,0,3,0,0,0,1,1,1,0,2,5,0,6,4,11,1
5,20,4,0,1,3,3,0,1,0,1,1,1,0,0,5,0,6,2,11,0
2,18,4,1,1,0,3,1,0,4,1,1,1,0,2,5,0,9,6,6,1
4,21,4,0,1,0,3,3,0,7,1,1,1,0,0,1,0,6,10,9,1
7,15,4,1,1,4,3,0,1,0,1,1,1,0,0,6,0,1,0,3,0
13,19,4,0,1,3,3,0,1,0,1,1,1,5,2,1,0,6,7,13,1
14,20,4,0,1,0,3,1,0,2,1,1,1,5,2,1,0,8,11,14,1
9,20,4,1,1,0,3,0,0,0,1,1,1,0,0,1,0,4,1,8,0
7,15,0,0,1,0,3,3,0,8,1,1,1,0,0,1,0,1,8,5,1
9,16,4,1,1,4,3,0,1,0,1,1,1,5,0,1,0,7,0,11,0
8,20,0,1,1,0,3,1,0,0,1,1,1,0,0,2,0,6,0,9,0
4,20,4,0,1,0,3,1,0,2,1,1,1,0,0,1,0,2,4,8,1
7,20,4,0,1,0,3,0,0,16,1,1,1,0,0,6,1,1,0,2,1
9,20,4,1,1,0,3,1,0,5,1,1,1,0,0,1,0,6,4,11,0
12,20,0,1,1,3,3,0,1,0,1,1,1,0,2,3,0,6,3,12,1
15,15,4,0,1,0,3,0,0,15,1,1,1,7,2,1,5,6,0,2,1
9,20,0,0,1,0,3,3,0,2,1,1,1,0,0,1,5,2,0,3,1
4,21,0,1,1,3,3,0,1,1,1,1,1,0,0,1,0,6,2,8,0
14,20,0,0,1,0,3,0,0,1,1,1,1,1,2,3,0,6,4,11,1
13,20,0,1,1,4,3,0,1,0,1,1,1,5,2,1,0,6,6,14,1
9,17,0,0,1,0,0,0,0,0,1,1,1,0,0,5,3,6,5,12,1
9,16,4,0,1,4,3,0,1,5,1,1,1,5,0,0,5,0,0,0,1
8,21,4,1,1,0,3,0,0,12,1,1,1,0,0,3,0,6,6,12,1
11,14,0,1,1,0,3,1,0,16,1,1,1,8,2,1,0,6,1,6,1
14,18,0,1,1,0,3,1,0,0,1,1,1,0,2,1,0,9,2,12,1
8,18,0,1,1,0,3,0,0,8,1,1,1,5,0,1,0,2,6,8,1
0,17,4,0,1,0,3,0,0,7,1,1,1,0,0,0,5,0,0,0,1
14,14,4,0,1,0,3,0,0,2,1,1,1,5,2,9,2,0,0,0,1
9,18,4,1,1,0,3,0,0,0,1,1,1,0,0,0,5,0,0,0,1
10,20,4,1,1,0,3,3,0,2,1,1,1,0,0,2,2,0,0,0,1
14,18,0,0,1,0,3,0,0,0,1,1,1,8,2,6,0,6,10,10,0
1,15,4,0,1,0,3,0,0,15,1,1,1,7,0,0,5,0,0,0,1
12,20,4,1,1,4,3,0,1,0,1,1,1,7,2,1,0,6,3,13,0
4,18,4,1,1,0,3,0,0,2,1,1,1,0,0,1,5,0,0,2,1
4,18,4,1,1,0,3,0,0,9,1,1,1,0,0,1,0,2,0,8,0
9,13,4,1,1,2,3,0,1,0,1,1,1,5,0,6,2,0,0,6,1
8,21,4,0,1,4,3,0,1,12,1,1,1,5,0,1,0,6,3,8,0
11,16,4,0,1,0,3,0,0,2,1,1,1,0,2,1,5,6,0,2,1
13,20,0,1,1,4,3,1,1,0,1,1,1,5,2,1,0,8,11,13,0
15,8,3,0,1,0,3,0,1,9,1,1,1,1,2,6,0,3,4,3,1
8,1,4,0,0,0,3,0,0,15,1,1,0,8,0,3,5,6,0,1,0
3,18,4,0,1,0,3,3,0,2,1,1,1,7,0,1,5,2,0,3,1
3,18,0,1,1,0,3,1,0,1,1,1,1,0,0,2,5,0,0,0,1
6,18,4,0,1,0,3,0,0,14,1,1,1,0,0,1,0,6,8,10,1
5,18,4,1,1,0,3,0,0,2,1,1,1,0,0,1,0,1,3,2,1
15,22,4,1,1,0,3,0,0,15,1,1,1,1,2,0,5,0,0,0,0
3,15,4,0,1,0,3,3,0,12,1,1,1,0,0,1,0,6,4,5,0
14,18,2,0,1,0,3,0,0,2,1,1,1,0,2,1,0,6,0,11,1
15,20,0,1,1,0,3,1,0,0,1,1,1,0,2,1,0,8,3,12,1
11,11,4,1,1,0,3,3,0,11,1,1,1,0,2,3,0,3,1,6,0
12,18,4,1,1,0,3,0,0,2,1,1,1,0,2,1,0,6,2,12,1
7,0,4,0,1,4,3,3,1,12,1,1,1,0,0,6,0,4,3,8,1
13,20,4,0,1,0,3,0,0,0,1,1,1,7,2,2,0,6,11,12,1
5,20,4,1,1,0,3,1,0,9,1,1,1,0,0,1,0,6,6,8,1
8,20,4,1,1,3,3,3,1,0,1,1,1,0,0,2,0,6,8,10,0
6,11,4,0,1,4,3,0,1,5,1,1,1,7,0,1,0,9,5,10,1
15,15,0,1,1,4,3,0,1,1,1,1,1,0,2,1,0,5,0,4,0
3,20,4,1,1,0,3,0,0,11,1,1,1,0,0,0,5,0,0,0,1
5,15,4,0,1,4,3,3,1,2,1,1,1,7,0,1,0,6,11,6,1
12,21,4,1,1,0,3,0,0,2,1,1,1,5,2,1,1,6,0,13,1
13,15,0,1,1,0,3,1,0,1,1,1,1,0,2,1,0,6,10,2,1
7,14,4,0,1,0,3,0,0,12,1,1,1,0,0,2,0,6,1,8,1
3,20,4,0,1,0,3,3,0,2,1,1,1,0,0,3,0,6,5,9,1
1,18,4,1,1,0,3,0,0,0,1,1,1,5,0,1,0,5,4,12,1
6,20,4,1,1,0,3,0,0,12,1,1,1,0,0,1,0,6,8,12,0
12,15,0,0,1,0,3,2,0,0,1,1,1,0,2,2,0,6,3,10,1
1,18,4,1,1,0,3,0,0,2,1,1,1,0,0,0,5,0,0,0,1
1,18,4,1,1,0,3,3,0,2,1,1,1,5,0,1,0,1,4,2,1
2,18,4,0,1,0,3,3,0,2,1,1,1,5,0,1,0,1,8,3,1
8,13,0,0,1,4,3,0,1,8,1,1,1,0,0,1,0,4,9,7,1
5,19,4,1,1,0,3,0,0,7,1,1,1,0,0,1,0,6,4,7,1
12,14,0,1,1,4,3,0,1,2,1,1,1,7,2,0,5,0,0,0,1
2,18,4,1,0,0,3,0,0,2,1,0,0,0,0,6,0,1,7,7,1
12,21,0,0,1,4,3,0,1,1,1,1,1,7,2,4,0,8,4,12,1
10,20,4,1,1,0,3,1,0,12,1,1,1,0,0,1,0,6,11,14,1
5,20,4,0,1,0,3,0,0,0,1,1,1,7,0,1,0,8,2,6,1
7,20,4,0,1,0,3,3,0,2,1,1,1,0,0,1,0,6,5,9,1
0,18,4,1,1,0,3,1,0,16,1,1,1,0,0,1,0,1,4,3,1
6,20,4,0,1,4,3,0,1,0,1,1,1,0,0,1,0,6,1,13,1
0,15,4,0,1,0,3,0,0,2,1,1,1,0,0,0,5,0,0,0,1
15,20,2,1,1,3,3,0,1,0,1,1,1,0,2,4,0,6,1,8,1
7,19,4,1,1,0,3,0,0,12,1,1,1,7,0,1,0,6,6,9,0
13,16,4,0,1,0,3,3,0,12,1,1,1,7,2,1,0,6,10,3,1
9,18,0,0,1,0,3,0,0,0,1,1,1,7,0,1,0,8,4,11,1
12,15,4,1,1,0,3,3,0,2,1,1,1,1,2,1,0,3,6,9,1
3,20,4,1,1,0,3,0,0,4,1,1,1,0,0,5,0,6,3,7,1
12,18,0,0,1,0,3,2,0,8,1,1,1,0,2,1,0,2,1,8,1
14,19,4,1,1,3,3,0,1,0,1,1,1,0,2,2,0,9,11,12,1
12,16,3,0,1,0,3,0,0,15,1,1,1,0,2,1,5,7,0,2,0
8,18,4,1,0,0,3,3,0,0,1,1,0,8,0,0,5,0,0,0,1
12,17,2,0,1,0,3,1,0,0,1,1,1,0,2,1,5,0,0,0,1
13,15,2,1,1,0,1,3,0,14,1,1,1,0,2,1,0,6,4,7,1
12,20,0,0,1,0,3,1,0,0,1,1,1,8,2,1,0,6,10,10,1
1,14,4,0,1,0,3,0,0,12,1,1,1,0,0,0,5,0,0,0,0
7,20,4,1,1,4,3,0,0,11,1,1,1,0,0,7,0,6,5,14,1
1,18,4,1,1,0,3,1,0,16,1,1,1,0,0,1,0,2,1,4,0
11,16,0,1,0,0,3,0,0,1,1,1,0,0,2,0,5,0,0,4,0
3,15,4,1,1,0,3,0,0,2,1,1,1,0,0,0,5,0,0,4,1
13,17,0,1,1,0,3,0,0,1,1,1,1,0,2,1,0,8,6,12,1
15,20,4,0,1,0,3,0,0,11,1,1,1,7,2,1,0,8,2,10,1
10,18,0,1,1,0,3,0,0,1,1,1,1,0,0,5,0,6,2,7,1
14,15,4,0,1,0,3,0,0,2,1,1,1,0,2,1,0,6,3,7,1
12,13,4,0,1,0,3,0,0,0,1,1,1,1,2,1,0,1,3,5,1
3,18,4,1,1,0,3,1,0,2,1,1,1,0,0,1,0,2,4,2,1
0,15,4,1,1,0,3,1,0,2,1,1,1,0,0,0,5,0,0,6,1
0,17,4,1,1,0,3,1,0,2,1,1,1,0,0,4,0,1,2,2,1
10,19,0,1,1,0,3,1,0,0,1,1,1,0,0,6,5,0,0,0,1
13,11,0,0,0,0,3,0,0,15,1,1,0,0,2,1,5,9,0,0,1
6,15,4,0,1,3,3,0,1,5,1,1,1,5,0,1,0,6,4,4,0
8,18,4,0,1,0,3,0,0,0,1,1,1,7,0,1,1,4,0,1,1
0,15,4,1,0,0,3,3,0,6,1,1,0,8,0,2,2,6,0,3,1
2,15,4,1,1,0,3,3,0,2,1,1,1,0,0,1,5,2,0,3,1
9,20,0,0,1,4,3,0,1,0,1,1,1,5,0,1,0,6,6,8,1
1,15,4,0,0,0,3,1,0,2,1,1,0,0,0,0,5,0,0,0,1
0,17,4,0,1,4,3,0,1,2,1,1,1,5,0,0,5,0,0,0,1
12,20,0,1,1,3,3,0,1,0,1,1,1,5,2,0,5,0,0,0,1
7,15,4,0,1,0,3,3,0,5,1,1,1,0,0,1,0,6,5,6,1
2,18,4,0,1,0,3,3,0,2,1,1,1,0,0,0,5,0,0,0,1
10,17,0,0,1,0,3,3,0,0,1,1,1,0,0,1,5,4,0,3,1
11,20,0,1,1,0,3,1,0,1,1,1,1,0,2,2,0,6,1,11,0
13,20,4,1,1,3,3,3,0,11,1,1,1,0,2,7,0,9,5,9,1
12,15,4,0,1,0,3,1,0,0,1,1,1,8,2,1,0,6,3,12,1
3,18,4,0,1,0,3,1,0,2,1,1,1,0,0,0,5,0,0,0,1
6,15,4,0,1,0,3,0,0,14,1,1,1,0,0,0,5,0,0,0,1
12,15,0,0,1,0,3,1,0,2,1,1,1,7,2,1,2,6,0,9,1
6,15,0,1,0,0,3,0,0,1,1,0,1,8,0,8,5,6,0,4,1
9,21,0,0,1,4,3,0,1,1,1,1,1,5,0,1,0,6,6,12,1
11,18,0,0,1,0,3,1,0,0,1,1,1,0,2,1,0,6,6,11,1
9,23,4,1,1,0,3,0,0,9,1,1,1,5,0,1,0,6,8,14,0
2,18,4,0,1,0,3,0,0,5,1,1,1,5,0,6,5,3,0,2,1
1,15,4,0,0,0,3,3,0,2,1,1,0,0,0,0,5,0,0,3,1
3,20,4,1,1,0,3,1,0,2,1,1,1,0,0,1,0,3,8,8,0
13,18,0,0,1,2,3,3,0,0,1,1,1,0,2,1,0,2,9,14,1
6,18,4,1,1,0,3,1,0,2,1,1,1,8,0,1,5,0,0,0,1
8,16,4,0,1,4,3,0,1,5,1,1,1,7,0,1,0,9,11,5,1
6,21,4,1,1,0,3,1,0,14,1,1,1,0,0,4,0,6,1,10,1
9,16,0,0,1,0,3,0,0,0,1,1,1,7,0,1,5,6,0,3,1
7,20,4,0,1,0,3,0,0,0,1,1,1,0,0,1,0,6,10,11,1
11,18,4,0,1,2,3,3,0,2,1,1,1,0,2,1,0,4,6,6,1
2,18,4,1,1,0,3,0,0,4,1,1,1,0,0,1,0,4,6,7,1
3,18,0,1,1,0,3,0,0,1,1,1,1,0,0,1,0,6,1,4,1
14,20,4,1,1,0,3,1,0,0,1,1,1,0,2,1,0,1,11,4,1
0,15,4,0,1,0,3,1,0,7,1,1,1,8,0,0,5,0,0,0,1
2,18,4,0,1,0,3,3,0,11,1,1,1,0,0,1,0,4,4,4,0
7,19,4,1,1,0,3,0,0,2,1,1,1,0,0,1,2,0,0,0,1
10,15,4,1,1,1,1,3,0,14,1,1,1,0,0,1,0,4,8,6,1
9,21,0,0,1,3,3,1,1,0,1,1,1,0,0,4,0,9,1,12,0
4,15,4,0,1,0,3,3,0,2,1,1,1,7,0,0,5,0,0,0,0
11,11,4,0,1,4,3,0,1,15,1,1,1,7,2,1,5,9,0,0,1
11,21,4,1,1,0,3,0,0,0,1,1,1,5,2,1,0,6,4,12,1
0,17,4,1,1,0,3,0,0,16,1,1,1,5,0,0,5,0,0,0,0
0,18,4,0,0,0,3,0,0,16,1,0,0,0,0,6,0,1,0,2,0
10,20,0,1,1,0,3,0,0,0,1,1,1,0,0,1,0,3,5,9,1
1,21,4,1,0,0,3,3,0,5,0,1,0,0,0,2,0,6,10,13,1
10,20,4,0,1,0,3,3,0,2,1,1,1,7,0,3,0,6,11,3,1
0,17,4,0,1,0,3,1,0,16,1,1,1,0,0,1,5,1,0,1,0
4,19,4,0,1,0,3,0,0,2,1,1,1,0,0,1,0,6,7,9,0
0,15,4,1,1,3,3,3,0,16,1,1,1,7,0,1,5,4,0,5,1
15,20,0,1,1,0,3,0,0,0,1,1,1,5,2,3,2,6,0,3,1
12,20,0,0,1,0,3,0,0,0,1,1,1,7,2,1,0,6,10,12,1
15,21,0,1,1,4,3,0,1,1,1,1,1,5,2,0,5,0,0,0,0
7,20,4,1,1,0,3,0,0,2,1,1,1,0,0,1,0,6,3,9,1
8,17,4,0,1,0,3,0,0,2,1,1,1,7,0,6,0,4,3,3,1
15,18,4,1,1,4,3,0,1,9,1,1,1,0,2,6,0,6,3,10,1
11,15,4,1,1,0,3,0,0,0,1,1,1,1,2,1,5,4,0,4,1
15,15,0,1,1,4,3,0,1,1,1,1,1,7,2,1,0,6,6,4,1
0,15,4,0,1,3,3,0,1,2,1,1,1,5,0,1,0,3,8,3,1
10,18,4,0,1,0,3,0,0,10,1,1,1,0,0,1,0,5,7,3,1
2,18,4,1,0,0,3,0,0,2,1,1,0,0,0,0,5,0,0,0,1
14,14,0,1,1,0,3,0,0,0,1,1,1,0,2,1,0,6,5,7,0
7,18,4,0,1,0,3,0,0,2,1,1,1,0,0,1,0,6,6,9,1
12,15,0,1,1,0,3,0,0,2,1,1,1,7,2,0,5,0,0,0,1
9,15,0,1,1,4,3,0,1,0,1,1,1,5,0,3,0,9,6,12,1
0,17,4,1,1,0,3,0,0,2,1,1,1,5,0,1,2,4,0,3,1
14,18,4,0,1,0,3,1,0,12,1,1,1,0,2,1,2,6,0,10,1
15,20,0,0,1,0,1,0,0,0,1,1,1,8,2,1,0,9,6,13,1
4,15,4,0,1,0,3,0,0,2,1,1,1,7,0,0,5,0,0,0,1
10,21,0,1,1,0,3,0,0,1,1,1,1,0,0,1,0,6,4,14,0
8,19,4,0,1,0,1,1,0,0,1,1,1,0,0,1,0,6,7,10,1
12,22,0,1,1,0,3,0,0,1,1,1,1,0,2,2,0,4,6,8,1
10,15,4,1,1,4,3,0,1,0,1,1,1,0,0,1,0,9,6,9,1
3,15,4,0,1,4,3,0,1,11,1,1,1,5,0,0,5,0,0,4,1
10,20,0,1,1,0,3,1,0,0,1,1,1,0,0,1,0,6,4,9,1
3,15,4,1,1,0,3,0,0,2,1,1,1,0,0,1,0,5,4,6,1
11,15,3,0,1,0,0,0,0,7,1,1,1,1,2,0,5,0,0,4,1
6,20,4,0,1,3,3,0,1,5,1,1,1,5,0,1,0,6,5,14,1
0,19,4,0,1,2,3,1,0,4,1,1,0,0,0,1,0,4,7,6,1
15,19,0,0,1,3,3,3,1,1,1,1,1,7,2,1,0,4,4,6,1
0,19,4,0,1,0,2,1,0,2,1,1,1,0,0,1,0,1,3,5,1
10,15,2,0,1,0,3,0,0,2,1,1,1,0,0,1,0,6,11,7,1
13,19,0,0,1,0,3,0,0,0,1,1,1,0,2,1,0,8,10,14,1
7,15,4,0,1,0,3,0,0,2,1,1,1,0,0,1,0,9,2,13,1
0,18,4,1,1,0,3,3,0,0,1,1,1,7,0,1,0,2,7,4,0
9,20,4,1,1,0,3,3,0,11,1,1,1,0,0,4,0,6,4,11,0
10,21,0,0,1,0,3,3,0,2,1,1,1,5,0,1,5,6,0,14,0
7,15,4,0,1,0,0,0,0,16,1,1,1,1,0,5,3,6,1,6,0
0,17,4,0,1,0,3,0,0,1,1,1,1,0,0,1,1,2,0,2,0
1,15,4,0,1,0,3,0,0,12,1,1,1,0,0,1,0,2,2,2,1
7,20,4,0,1,3,3,0,1,5,1,1,1,5,0,1,0,6,8,9,0
7,18,0,1,1,4,3,3,1,1,1,1,1,5,0,7,0,5,0,9,1
4,18,4,1,1,0,3,0,0,2,1,1,1,0,0,1,0,4,1,5,1
0,15,4,1,1,0,3,1,0,7,1,1,1,0,0,1,0,2,2,3,1
0,15,4,1,1,4,3,0,1,16,1,1,1,0,0,1,5,1,0,2,0
6,15,4,0,1,3,3,0,1,2,1,1,1,0,0,1,0,6,6,8,0
0,15,4,0,1,0,3,3,0,16,1,1,1,5,0,1,0,2,5,8,1
8,19,4,1,1,0,3,0,0,9,1,1,1,0,0,1,1,4,0,1,1
7,20,4,0,1,0,3,1,0,5,1,1,1,5,0,1,0,9,3,12,1
13,12,2,0,1,0,3,0,0,7,1,1,1,0,2,1,0,6,8,12,1
14,20,0,0,1,0,1,1,0,0,1,1,1,0,2,5,0,6,6,13,1
0,17,4,0,1,0,3,1,0,7,1,1,1,0,0,0,5,0,0,0,1
14,21,0,1,1,0,3,0,0,0,1,1,1,5,2,1,0,6,8,14,0
7,18,0,1,1,0,3,0,0,1,1,1,1,0,0,1,0,5,2,8,1
8,20,4,0,1,0,3,3,0,11,1,1,1,0,0,1,0,8,8,14,1
10,15,0,1,1,4,3,3,1,1,1,1,1,0,0,6,0,4,3,8,1
13,21,0,1,1,4,3,0,1,1,1,1,1,0,2,1,0,7,5,12,1
6,20,4,0,1,0,3,3,0,2,1,1,1,7,0,2,0,6,2,8,1
14,20,4,1,1,0,3,0,0,5,1,1,1,0,2,3,0,6,3,11,1
10,18,4,1,1,0,3,0,0,2,1,1,1,7,0,1,0,6,6,10,1
4,18,4,1,1,0,3,0,0,9,1,1,1,0,0,1,0,4,5,8,1
8,23,4,1,1,0,3,0,0,5,1,1,1,0,0,1,0,6,4,10,1
13,16,4,0,0,0,3,1,0,0,1,1,0,0,2,0,5,0,0,4,0
8,20,0,0,1,4,3,0,1,1,1,1,1,7,0,1,0,8,8,12,0
0,18,4,1,1,3,3,0,1,16,1,1,1,5,0,1,5,2,0,1,1
5,15,0,1,1,3,3,0,1,9,1,1,1,5,0,0,5,0,0,0,1
8,20,4,0,1,0,3,3,0,11,1,1,1,5,0,1,0,6,6,13,0
14,21,0,0,1,0,3,3,0,0,1,1,1,0,2,1,0,6,5,13,1
7,10,4,0,1,0,0,0,0,16,1,1,1,0,0,5,3,8,3,8,0
3,15,3,0,1,0,3,0,0,2,1,1,1,6,0,1,0,5,10,3,1
5,15,4,1,1,0,3,1,0,2,1,1,1,0,0,1,0,6,5,7,1
15,15,4,1,1,0,3,0,0,12,1,1,1,0,2,1,2,0,0,0,1
5,20,4,0,1,0,3,1,0,2,1,1,1,0,0,4,0,1,2,3,1
5,18,4,0,1,0,3,0,0,2,1,1,1,0,0,0,5,0,0,0,1
10,12,2,0,1,0,3,0,0,0,1,1,1,0,0,0,5,0,0,7,1
15,15,0,0,1,3,3,0,1,0,1,1,1,0,2,6,0,6,0,11,1
6,21,4,1,1,0,3,1,0,0,1,1,1,0,0,1,0,8,4,11,1
0,15,4,0,1,0,3,1,0,2,1,1,1,8,0,1,0,6,6,6,1
0,15,4,0,0,0,3,0,0,16,1,1,0,0,0,0,5,0,0,3,0
1,15,4,0,1,0,3,3,0,2,1,1,1,0,0,0,5,0,0,0,0
8,15,4,1,1,4,3,3,1,12,1,1,1,0,0,1,0,6,2,6,0
12,13,0,1,0,0,3,1,0,0,1,1,1,0,2,1,5,0,0,5,1
6,13,4,1,1,0,3,3,0,0,1,1,1,0,0,1,5,0,0,13,0
2,18,4,0,1,0,3,0,0,15,1,1,1,0,0,0,5,0,0,0,1
0,18,4,1,1,0,3,0,0,16,1,1,1,1,0,0,5,0,0,0,0
6,20,4,1,0,0,3,0,0,0,1,1,1,0,0,1,0,5,6,4,1
14,21,0,0,1,4,3,0,1,1,1,1,1,5,2,1,0,6,3,14,1
11,17,4,1,1,0,3,0,0,2,1,1,1,0,2,0,5,0,0,0,1
6,21,4,1,1,4,3,0,1,5,1,1,1,0,0,1,0,6,6,9,1
10,17,4,0,1,0,3,3,0,0,1,1,1,0,0,0,5,0,0,0,1
8,15,0,0,1,4,3,0,1,0,1,1,1,7,0,1,0,6,3,2,0
9,18,4,0,0,0,3,1,0,6,1,1,0,8,0,6,2,6,0,6,1
0,17,4,0,1,0,3,1,0,0,1,1,1,0,0,0,5,0,0,0,1
4,15,4,1,1,0,3,3,0,4,1,1,1,0,0,4,0,6,1,3,1
1,14,4,0,1,0,3,1,0,12,1,1,1,0,0,1,0,5,5,4,1
5,18,4,1,1,0,3,1,0,10,1,1,1,8,0,1,0,6,1,3,0
13,20,4,1,1,0,3,0,0,2,1,1,1,5,2,4,0,6,10,11,1
7,17,4,0,1,0,3,0,0,0,1,1,1,0,0,0,5,0,0,0,1
7,21,4,0,1,0,3,2,0,0,1,1,1,0,0,1,0,9,6,14,0
10,19,4,1,1,0,3,1,0,2,1,1,1,0,0,1,0,6,10,12,1
2,18,4,0,1,0,3,0,0,2,1,1,1,0,0,1,0,4,3,6,1
12,17,0,0,1,0,3,0,0,0,1,1,1,7,2,4,0,9,8,12,1
10,20,4,1,1,0,3,0,0,0,1,1,1,0,0,1,0,6,7,14,0
6,20,4,1,1,0,3,0,0,11,1,1,1,0,0,1,0,6,4,13,1
11,20,4,1,1,0,3,1,0,12,1,1,1,1,2,1,0,6,3,5,1
3,18,4,1,1,0,3,3,0,2,1,1,1,0,0,1,0,4,4,9,1
8,20,4,1,1,3,3,0,1,0,1,1,1,5,0,1,5,0,0,0,0
4,18,4,1,1,4,3,0,1,0,1,1,1,5,0,1,0,2,10,5,1
7,15,4,0,1,0,3,0,0,5,1,1,1,7,0,1,0,8,3,8,1
9,18,4,0,1,0,3,3,0,11,1,1,1,5,0,3,0,6,7,9,1
0,18,4,1,1,0,3,3,0,0,1,1,1,0,0,2,0,2,0,1,0
6,19,4,1,1,0,3,0,0,12,1,1,1,7,0,1,0,7,8,10,1
8,20,4,1,1,0,3,1,0,2,1,1,1,8,0,1,5,6,0,7,1
3,19,4,1,1,0,3,0,0,2,1,1,1,0,0,1,5,0,0,0,1
9,17,4,0,1,0,3,0,0,2,1,1,1,1,0,1,0,6,6,8,1
4,18,0,0,1,3,3,3,1,2,1,1,1,0,0,1,0,2,0,1,0
0,17,4,1,1,0,3,3,0,4,1,1,1,7,0,1,0,4,3,1,1
11,15,0,1,1,4,3,0,1,8,1,1,1,2,2,1,5,0,0,0,1
15,20,0,1,1,0,1,2,0,0,1,1,1,6,2,1,0,3,10,14,0
6,18,4,1,1,0,3,0,0,2,1,1,1,1,0,1,5,0,0,0,1
3,20,4,0,1,0,3,0,0,14,1,1,1,0,0,1,0,8,6,9,1
0,13,4,1,1,0,3,3,0,2,1,1,1,0,0,1,5,4,0,3,1
3,13,4,0,1,0,3,0,0,2,1,1,1,0,0,1,0,6,2,9,1
8,19,0,0,1,0,3,0,0,8,1,1,1,5,0,1,0,7,6,11,1
15,20,0,1,1,0,3,0,0,1,1,1,1,7,2,1,0,8,4,13,1
12,20,4,0,1,4,3,0,1,14,1,1,1,5,2,1,0,6,10,12,1
12,21,4,0,1,0,3,0,0,0,1,1,1,0,2,2,0,6,2,12,1
12,18,4,0,1,3,3,0,1,16,1,1,1,1,2,1,5,6,0,7,1
14,15,0,0,1,0,3,3,0,0,1,1,1,0,2,2,0,6,3,8,1
4,17,4,0,1,0,3,1,0,2,1,1,1,7,0,1,5,2,0,4,1
3,17,0,0,1,0,3,1,0,1,1,1,1,7,0,6,0,4,2,4,1
6,15,0,0,1,0,3,0,0,8,1,1,1,7,0,1,0,6,4,11,1
12,18,0,0,1,0,3,0,0,0,1,1,1,7,2,1,0,6,6,11,1
1,18,4,0,1,0,3,0,0,2,1,1,1,0,0,5,0,6,5,5,1
14,20,0,1,0,0,3,3,0,0,1,1,1,0,2,1,0,6,5,10,1
6,20,4,0,1,0,3,2,0,5,1,1,1,0,0,1,0,6,10,10,1
13,20,4,0,1,0,3,0,0,0,1,1,1,0,2,1,0,7,6,11,1
13,20,0,1,1,4,3,0,1,0,1,1,1,5,2,1,0,6,6,14,1
1,14,4,0,1,0,3,0,0,2,1,1,1,5,0,0,5,0,0,0,1
8,20,4,0,1,0,3,0,0,2,1,1,1,0,0,1,0,6,2,11,1
15,10,2,0,1,4,3,0,1,12,1,1,1,7,2,1,0,6,3,10,1
11,20,4,0,1,0,3,1,0,2,1,1,1,0,2,3,0,3,8,5,1
4,20,4,0,1,3,3,0,1,2,1,1,1,5,0,1,0,6,3,9,1
15,21,0,1,1,3,3,0,1,0,1,1,1,5,2,6,0,8,4,14,0
5,0,4,0,1,4,3,0,1,5,1,1,1,7,0,1,0,8,4,6,1
14,20,0,0,1,0,3,3,0,1,1,1,1,5,2,1,0,6,11,12,1
13,18,4,1,1,0,3,0,0,2,1,1,1,0,2,1,0,8,4,7,1
13,20,0,0,1,0,3,0,0,1,1,1,1,8,2,1,1,9,0,13,1
13,17,4,0,0,0,3,1,0,0,1,1,0,0,2,1,0,9,3,8,1
1,18,4,0,1,0,3,0,0,0,1,1,1,0,0,2,5,2,0,1,0
11,20,4,0,1,0,3,0,0,12,1,1,1,7,2,1,2,6,0,5,1
8,16,0,0,1,0,3,0,0,15,1,1,1,0,0,0,5,0,0,0,0
1,18,4,0,1,0,3,1,0,16,1,1,1,1,0,1,5,0,0,0,0
10,20,0,0,1,2,3,1,0,0,1,1,1,0,0,1,0,4,3,14,1
8,0,3,1,1,0,1,3,0,1,1,1,1,0,2,0,5,0,0,6,1
10,18,4,0,1,0,3,0,0,2,1,1,1,0,0,1,0,6,4,5,1
7,20,0,0,1,0,3,0,0,0,1,1,1,5,0,1,0,6,10,14,0
9,15,4,0,1,0,3,3,0,2,1,1,1,7,0,1,0,9,3,7,1
10,15,4,0,1,0,3,3,0,2,1,1,1,0,0,1,0,6,8,8,1
15,18,0,0,1,0,3,0,0,1,1,1,1,1,2,1,2,0,0,0,1
12,21,0,1,1,4,3,0,1,1,1,1,1,5,2,0,5,0,0,0,1
6,19,4,1,1,0,3,1,0,12,1,1,1,0,0,1,0,6,2,6,0
10,15,4,0,1,4,3,0,1,0,1,1,1,0,0,1,0,6,11,8,1
15,17,0,1,1,0,3,1,0,1,1,1,1,0,2,1,0,4,10,9,1
6,18,4,1,1,0,3,0,0,0,1,1,1,0,0,1,0,5,8,6,1
9,15,4,1,1,0,3,0,0,14,1,1,1,7,0,0,5,0,0,10,1
6,20,4,0,1,0,3,3,0,2,1,1,1,8,0,1,0,5,9,13,1
10,18,0,0,1,0,3,0,0,0,1,1,1,0,0,1,0,6,2,11,1
15,18,0,0,1,0,3,0,0,11,1,1,1,0,2,6,0,2,4,4,1
5,19,4,1,1,0,3,0,0,2,1,1,1,7,0,1,0,5,4,4,1
8,15,4,1,1,0,3,1,0,12,1,1,1,7,0,1,0,6,11,9,0
3,18,4,1,1,0,3,0,0,2,1,1,1,0,0,1,0,4,3,5,1
11,20,0,1,1,0,3,1,0,0,1,1,1,0,2,2,0,6,1,13,1
5,20,4,1,1,0,3,1,0,5,1,1,1,0,0,1,0,1,3,5,1
12,15,0,1,1,4,3,0,1,1,1,1,1,5,2,2,0,7,11,8,1
13,19,0,1,1,0,3,0,0,0,1,1,1,0,2,3,0,8,3,12,1
5,20,4,0,1,0,3,3,0,0,1,1,1,7,0,1,5,6,0,2,1
6,15,4,1,1,0,3,1,0,0,1,1,1,8,0,1,0,6,8,12,1
1,17,4,1,1,0,3,1,0,12,1,1,1,0,0,1,5,4,0,4,1
0,22,4,1,1,0,3,1,0,7,1,1,1,7,0,0,5,0,0,0,0
3,20,4,1,0,0,3,0,0,2,1,1,0,0,0,1,5,0,0,0,1
5,20,4,0,1,0,3,0,0,0,1,1,1,5,0,4,0,6,3,11,1
2,18,4,1,1,0,3,0,0,9,1,1,1,7,0,0,5,0,0,0,1
1,15,4,0,1,0,3,0,0,0,1,1,1,0,0,1,0,3,6,8,0
0,18,4,1,1,0,3,1,0,16,1,1,1,5,0,1,5,0,0,0,1
8,13,4,0,0,0,3,0,0,16,1,1,0,1,0,1,5,6,0,3,1
12,13,4,1,1,4,3,0,1,0,1,1,1,7,2,1,5,4,0,6,1
10,21,0,1,1,0,3,0,0,1,1,1,1,5,0,3,0,4,7,14,0
13,15,0,0,1,0,3,0,0,15,1,1,1,0,2,1,5,0,0,0,1
1,15,4,0,1,3,3,3,1,2,1,1,1,5,0,0,5,0,0,0,1
12,13,0,0,1,0,3,1,0,1,1,1,1,0,2,1,0,4,4,13,1
12,21,0,0,1,4,3,3,1,1,1,1,1,5,2,1,0,2,8,13,1
10,20,4,1,1,3,3,3,1,2,1,1,1,0,0,1,0,6,7,10,1
3,21,4,1,1,4,3,0,1,9,1,1,1,5,0,1,0,6,5,7,1
12,18,4,1,1,3,1,0,1,0,1,1,1,7,2,5,3,6,9,13,0
9,20,0,0,1,4,3,0,1,0,1,1,1,0,0,1,0,9,4,12,1
3,18,0,1,1,0,3,0,0,1,1,1,1,0,0,1,0,1,3,4,0
7,4,0,0,1,0,1,1,0,9,1,1,1,0,0,3,1,7,0,0,1
5,12,3,0,1,0,3,0,0,0,1,1,1,6,0,1,0,6,8,9,0
12,2,0,1,0,3,3,0,1,3,1,0,0,7,2,0,5,0,0,4,1
15,20,0,0,1,0,3,1,0,0,1,1,1,0,2,6,0,6,0,13,0
13,18,2,1,1,0,3,1,0,7,1,1,1,0,2,0,5,0,0,7,1
11,18,0,0,1,0,3,0,0,1,1,1,1,0,2,1,0,4,2,5,1
5,15,4,0,1,0,3,3,0,0,1,1,1,1,0,6,0,6,10,10,1
14,18,0,0,1,4,3,0,1,0,1,1,1,5,2,1,0,6,11,12,1
3,15,4,0,1,0,1,0,0,2,1,1,1,0,0,5,0,6,8,6,1
14,15,4,1,0,0,3,0,0,2,1,1,0,0,2,1,0,5,0,6,1
14,19,4,0,1,0,3,0,0,2,1,1,1,0,2,6,0,6,0,9,1
0,15,4,0,1,0,3,0,0,9,1,1,1,7,0,1,0,6,2,8,1
14,18,4,0,1,0,3,3,0,14,1,1,1,1,2,1,0,4,8,9,1
9,17,4,1,1,0,3,0,0,2,1,1,1,0,0,1,0,4,8,3,1
15,16,0,1,1,0,3,0,0,1,1,1,1,7,2,0,5,0,0,5,1
6,20,4,0,1,0,3,0,0,12,1,1,1,0,0,1,0,6,8,12,1
8,15,4,1,1,0,3,0,0,12,1,1,1,7,0,1,0,6,7,5,1
8,19,4,1,1,0,3,0,0,2,1,1,1,0,0,1,0,6,4,10,1
9,20,0,1,1,0,3,3,0,1,1,1,1,0,0,0,5,0,0,0,1
4,20,4,0,1,0,3,1,0,2,1,1,1,0,0,4,0,1,10,6,1
7,15,4,0,1,0,3,0,0,2,1,1,1,0,0,1,0,6,3,7,1
11,15,2,1,1,0,3,3,0,7,1,1,1,0,2,1,0,6,11,6,1
9,18,4,1,0,0,3,2,0,0,1,0,0,0,0,3,5,3,0,2,1
4,20,4,1,1,2,3,0,0,2,1,1,1,0,0,1,0,1,3,7,0
13,15,0,0,1,0,1,0,0,1,1,1,1,8,2,8,5,0,0,0,1
9,20,4,1,1,0,3,1,0,11,1,1,1,7,0,3,0,5,3,9,0
2,19,4,0,1,2,3,3,0,16,1,1,1,5,0,1,0,2,6,3,1
13,15,0,0,1,0,3,3,0,1,1,1,1,7,2,1,0,6,10,12,1
10,20,2,1,1,0,3,0,0,0,1,1,1,0,0,1,0,6,1,14,1
6,14,4,0,1,4,3,0,1,2,1,1,1,7,0,1,0,6,5,7,1
14,18,4,0,0,0,3,3,0,2,1,0,1,5,2,1,0,6,6,11,1
15,21,4,1,1,0,3,0,0,12,1,1,1,0,2,4,0,6,4,13,1
14,19,0,0,1,3,3,3,1,0,1,1,1,0,2,1,0,9,6,13,1
14,13,0,1,1,0,3,0,0,8,1,1,1,0,2,1,5,6,0,7,1
6,4,4,0,0,4,3,0,1,0,1,0,1,7,0,3,0,7,5,11,1
12,18,0,1,1,0,3,3,0,8,1,1,1,0,2,4,0,6,11,11,1
0,18,4,1,1,0,3,0,0,11,1,1,1,7,0,3,0,4,1,4,1
5,20,4,1,1,0,3,0,0,2,1,1,1,0,0,1,0,6,3,9,1
10,18,2,1,1,0,3,1,0,0,1,1,1,1,0,1,0,6,6,8,1
14,18,0,0,1,0,3,0,0,1,1,1,1,0,2,6,0,6,0,10,1
4,15,4,0,1,0,3,0,0,2,1,1,1,1,0,0,5,0,0,0,1
2,19,4,1,0,0,3,1,0,0,1,1,0,0,0,1,0,3,5,3,1
13,20,4,0,1,0,3,1,0,0,1,1,1,0,2,7,0,6,10,13,1
2,22,4,0,1,0,3,0,0,15,1,1,1,1,0,0,5,0,0,0,0
3,20,4,1,1,0,3,3,0,11,1,1,1,5,0,0,5,0,0,0,0
6,15,4,1,0,0,3,0,0,10,1,1,0,0,0,1,0,6,0,8,1
2,18,4,1,1,0,3,0,0,2,1,1,1,0,0,0,5,0,0,0,1
6,15,4,0,1,0,3,0,0,14,1,1,1,0,0,1,0,6,2,9,1
13,15,0,1,1,4,3,0,1,0,1,1,1,7,2,1,0,6,6,6,1
2,18,4,0,1,0,3,0,0,15,1,1,1,7,0,0,5,0,0,0,1
14,18,4,1,1,0,3,2,0,0,1,1,1,7,2,1,0,6,6,10,1
13,20,4,0,1,0,3,0,0,2,1,1,1,7,2,6,0,2,6,7,1
2,17,4,1,1,0,3,1,0,16,1,1,1,0,0,1,5,0,0,0,0
1,15,4,0,0,0,3,1,0,16,1,1,0,0,0,0,5,0,0,4,0
5,19,4,0,1,0,3,0,0,12,1,1,1,0,0,0,5,0,0,0,1
2,18,4,0,1,0,3,1,0,11,1,1,1,8,0,1,0,7,7,9,1
7,20,4,0,1,0,3,3,0,11,1,1,1,5,0,1,0,6,4,13,1
7,15,4,0,1,0,3,3,0,0,1,1,1,0,0,0,5,0,0,0,0
11,20,0,0,1,3,3,0,1,2,1,1,1,7,2,1,0,6,3,11,1
14,14,0,1,1,0,3,1,0,2,1,1,1,8,2,1,0,6,3,12,1
15,20,0,1,1,0,3,1,0,0,1,1,1,0,2,6,0,4,10,13,1
6,20,4,0,1,0,3,3,0,14,1,1,1,0,0,0,5,0,0,10,1
9,18,0,0,1,0,3,0,0,1,1,1,1,0,0,1,0,6,7,11,1
3,15,4,0,1,0,0,1,0,16,1,1,1,0,0,5,3,9,1,7,1
11,21,0,1,1,0,3,1,0,0,1,1,1,8,2,4,0,6,1,12,0
1,18,4,1,1,0,3,3,0,9,1,1,1,5,0,1,1,4,0,1,1
9,20,4,1,1,0,3,1,0,0,1,1,1,0,0,1,0,6,1,11,1
5,15,4,0,1,0,0,0,0,16,1,1,1,1,0,5,3,9,1,7,0
2,15,4,0,1,0,3,0,0,2,1,1,1,0,0,0,5,0,0,0,1
1,17,4,1,1,0,3,1,0,12,1,1,1,0,0,1,0,7,2,13,0
10,20,4,1,1,0,3,1,0,0,1,1,1,0,0,6,0,8,6,12,0
4,20,4,1,1,0,3,0,0,2,1,1,1,0,0,3,0,2,2,5,1
1,15,4,0,1,4,3,0,1,2,1,1,1,5,0,0,5,0,0,0,0
12,20,4,1,1,4,3,0,1,0,1,1,1,0,2,2,0,4,0,10,0
8,20,4,1,1,0,3,0,0,11,1,1,1,5,0,0,5,0,0,0,1
2,22,4,1,1,0,3,1,0,7,1,1,1,8,0,1,0,6,6,10,1
1,15,4,1,1,0,3,0,0,2,1,1,1,7,0,1,0,4,2,2,1
0,15,4,0,1,0,3,0,0,2,1,1,1,7,0,1,0,6,6,6,0
9,13,4,1,1,0,3,0,0,2,1,1,1,0,0,1,0,6,1,9,1
2,18,0,1,1,0,3,2,0,8,1,1,1,7,0,0,5,0,0,0,1
7,20,4,1,1,0,3,1,0,2,1,1,1,8,0,3,0,6,10,10,1
5,15,4,0,1,0,3,3,0,5,1,1,1,1,0,6,0,3,6,4,1
4,19,4,0,1,0,3,1,0,2,1,1,1,0,0,1,0,2,5,3,1
1,15,4,0,1,0,3,0,0,15,1,1,1,0,0,0,5,0,0,0,0
2,15,4,1,1,0,3,1,0,7,1,1,1,8,0,1,0,2,1,3,1
14,23,0,0,1,0,3,0,0,1,1,1,1,5,2,1,0,6,8,14,0
9,18,4,1,1,0,3,1,0,0,1,1,1,0,0,2,0,6,1,9,0
4,17,2,1,1,0,3,0,0,5,1,1,1,0,0,1,0,9,3,11,1
3,20,0,0,1,3,3,0,1,2,1,1,1,5,0,1,0,6,5,9,1
5,20,4,0,1,0,3,3,0,5,1,1,1,0,0,2,0,6,8,5,0
11,11,0,0,1,0,3,0,0,15,1,1,1,0,2,1,5,9,0,0,1
8,18,4,0,0,0,3,0,0,2,1,1,0,0,0,1,0,3,3,8,1
4,15,4,0,1,4,3,0,1,14,1,1,1,7,0,1,0,6,6,7,1
9,20,0,0,1,0,3,3,0,1,1,1,1,5,0,1,0,6,10,13,1
3,18,4,1,1,0,3,0,0,2,1,1,1,1,0,1,0,6,8,7,1
4,15,4,0,1,0,3,0,0,2,1,1,1,0,0,1,5,6,0,4,1
8,21,0,1,1,0,3,0,0,0,1,1,1,0,0,2,0,9,2,12,1
2,18,4,0,1,4,3,0,1,0,1,1,1,5,0,1,0,3,6,3,0
1,17,4,1,1,0,3,1,0,2,1,1,1,0,0,1,5,3,0,2,1
9,0,0,1,0,0,3,0,0,2,0,1,1,6,0,0,5,0,0,0,1
14,18,0,0,1,0,3,0,0,0,1,1,1,7,2,1,0,6,6,10,1
0,18,4,1,1,0,3,3,0,16,1,1,1,0,0,1,0,1,3,5,0
6,20,4,0,1,0,3,0,0,0,1,1,1,0,0,1,0,6,0,8,0
0,18,4,1,1,0,3,0,0,16,1,1,1,0,0,2,0,1,6,3,0
0,18,4,0,1,0,3,1,0,2,1,1,1,0,0,9,2,0,0,0,1
11,21,0,0,1,0,3,3,0,1,1,1,1,5,2,1,0,6,3,13,1
14,22,0,1,1,0,3,0,0,1,1,1,1,0,2,1,0,6,9,14,1
7,21,4,1,1,0,3,3,0,2,1,1,1,0,0,1,0,1,11,5,1
2,18,4,0,1,0,3,1,0,2,1,1,1,0,0,1,0,6,2,6,1
0,17,4,1,1,0,3,3,0,2,1,1,1,0,0,0,5,0,0,0,1
14,14,4,0,0,0,3,0,0,2,1,1,0,0,2,1,0,5,2,4,1
13,20,4,1,1,2,3,0,0,12,1,1,1,0,2,1,0,4,3,6,0
10,20,0,0,1,0,3,0,0,0,1,1,1,0,0,1,0,7,3,14,0
10,17,4,1,1,0,3,1,0,12,1,1,1,0,0,6,0,6,3,10,0
7,20,4,1,0,0,3,0,0,2,1,1,0,0,0,1,0,6,5,4,1
4,20,4,0,1,0,3,0,0,2,1,1,1,0,0,1,0,8,8,13,1
5,18,4,1,1,0,3,1,0,2,1,1,1,8,0,1,0,4,6,5,1
7,16,4,0,1,0,3,0,0,12,1,1,1,0,0,1,0,6,2,8,1
10,23,0,0,1,4,3,0,1,0,1,1,1,0,0,1,0,6,6,14,0
7,15,4,1,1,0,3,0,0,2,1,1,1,0,0,1,0,5,6,2,1
3,18,4,1,0,0,3,1,0,2,1,1,0,0,0,0,5,0,0,0,1
5,22,0,0,1,0,3,0,0,1,1,1,1,0,0,1,0,6,4,10,1
10,18,0,1,1,4,3,1,1,1,1,1,1,0,0,5,3,6,0,6,0
2,13,4,0,1,0,3,0,0,2,1,1,1,0,0,1,0,4,2,6,1
15,22,0,1,1,4,3,0,1,0,1,1,1,0,2,1,0,9,6,8,1
9,20,4,0,1,3,3,3,1,0,1,1,1,5,0,1,0,6,2,14,0
11,21,4,1,1,0,3,1,0,0,1,1,1,0,2,1,0,5,0,8,0
7,21,4,0,1,0,3,0,0,11,1,1,1,5,0,1,0,6,4,13,0
11,21,0,1,1,4,3,0,1,0,1,1,1,5,2,1,0,6,8,14,0
1,15,4,1,1,0,3,1,0,7,1,1,1,8,0,0,5,0,0,0,1
8,20,4,0,1,0,3,3,0,2,1,1,1,0,0,1,0,6,7,7,1
5,12,3,0,1,0,3,0,0,0,1,1,1,6,0,1,0,6,8,9,1
13,18,0,1,1,0,3,1,0,1,1,1,1,0,2,1,0,6,7,7,0
9,15,4,1,1,0,3,0,0,2,1,1,1,7,0,1,0,4,5,7,1
2,14,0,0,1,0,3,0,0,11,1,1,1,7,0,1,5,1,0,1,1
13,20,4,1,1,0,3,0,0,0,1,1,1,5,2,3,0,1,6,4,1
13,12,2,0,0,0,3,0,0,15,1,1,1,1,2,1,5,0,0,1,1
15,20,4,0,1,0,3,1,0,10,1,1,1,0,2,1,5,8,0,14,1
10,15,4,0,1,0,3,0,0,0,1,1,1,0,0,1,0,4,6,5,1
5,15,4,0,1,0,3,3,0,2,1,1,1,7,0,1,0,6,8,8,1
6,20,4,0,1,0,3,1,0,2,1,1,1,8,0,1,0,8,0,8,1
9,15,3,0,1,0,3,0,0,2,1,1,1,6,0,1,0,5,10,9,1
5,19,4,1,1,0,3,3,0,0,1,1,1,0,0,0,5,0,0,0,1
12,21,0,1,1,0,3,0,0,1,1,1,1,1,2,1,0,6,6,13,1
3,20,4,1,1,0,3,0,0,2,1,1,1,7,0,1,2,0,0,0,1
10,10,0,1,1,4,3,0,1,0,1,1,1,0,0,5,5,0,0,0,1
14,21,4,1,1,3,3,0,1,0,1,1,1,5,2,1,0,7,4,13,1
0,17,4,1,1,0,2,0,0,16,1,1,1,0,0,4,0,1,4,5,1
6,15,4,1,0,0,3,0,0,3,1,0,1,1,0,0,5,0,0,5,1
0,17,4,1,1,0,3,1,0,2,1,1,1,8,0,1,0,1,3,2,1
10,20,4,1,1,0,3,0,0,0,1,1,1,5,0,7,0,7,10,13,1
15,15,0,0,1,4,3,0,1,0,1,1,1,7,2,1,0,9,1,13,1
11,15,0,0,1,0,3,0,0,2,1,1,1,0,2,3,2,4,0,5,1
7,15,4,0,1,0,3,0,0,2,1,1,1,0,0,1,0,8,10,10,1
15,20,4,1,1,0,3,1,0,0,1,1,1,1,2,1,5,3,0,4,1
3,20,4,0,1,0,3,0,0,14,1,1,1,5,0,1,0,6,8,7,1
1,15,4,1,1,0,3,3,0,2,1,1,1,0,0,0,5,0,0,0,1
15,20,0,0,1,3,3,3,1,1,1,1,1,0,2,1,0,6,8,14,1
15,21,0,0,1,4,3,0,1,0,1,1,1,5,2,6,0,6,11,12,1
12,22,0,0,1,4,3,0,1,1,1,1,1,8,2,2,0,9,0,8,1
13,15,0,0,1,0,1,0,0,8,1,1,1,0,2,5,0,6,6,10,1
5,20,4,1,1,0,3,1,0,5,1,1,1,0,0,1,0,6,3,10,1
1,18,4,1,1,0,3,0,0,2,1,1,1,0,0,3,0,2,3,2,1
1,19,4,1,1,0,3,1,0,2,1,1,1,0,0,1,0,1,6,2,1
10,16,4,0,0,0,3,0,0,15,1,1,0,7,0,0,5,0,0,5,0
14,18,0,0,1,0,3,0,0,1,1,1,1,0,2,1,2,0,0,8,1
7,15,4,0,1,0,3,0,0,2,1,1,1,7,0,1,0,6,11,3,1
9,19,4,1,1,0,3,0,0,2,1,1,1,0,0,1,0,6,6,5,1
13,16,3,0,1,0,0,3,0,16,1,1,1,0,2,9,0,8,6,14,1
15,21,0,1,1,0,3,3,0,0,1,1,1,0,2,1,0,9,4,9,0
14,14,0,1,1,0,3,2,0,2,1,1,1,0,2,1,2,2,0,4,0
8,21,0,1,1,0,3,1,0,0,1,1,1,5,0,1,0,6,9,14,1
3,15,4,1,1,0,3,0,0,2,1,1,1,0,0,1,0,6,1,8,0
3,15,4,0,1,0,1,3,0,16,1,1,1,0,0,1,0,8,4,5,0
0,18,4,0,1,0,3,0,0,2,1,1,1,0,0,1,0,8,8,8,1
6,20,4,1,1,0,3,0,0,0,1,1,1,0,0,3,0,6,3,12,1
10,20,4,1,1,1,3,1,0,14,1,1,1,0,0,7,0,5,3,6,1
15,15,4,0,0,0,3,3,0,14,1,1,0,0,2,1,0,6,0,6,1
15,16,0,0,1,0,3,3,0,0,1,1,1,0,2,1,0,7,0,13,1
5,20,4,1,1,0,3,0,0,2,1,1,1,0,0,3,0,3,6,5,1
2,15,4,0,1,0,3,1,0,16,1,1,1,0,0,1,0,5,2,5,1
1,14,4,0,1,0,3,3,0,2,1,1,1,7,0,1,0,1,3,3,1
3,18,4,1,1,0,3,0,0,14,1,1,1,0,0,0,5,0,0,0,1
10,8,0,0,1,4,3,0,1,0,1,1,1,0,0,1,1,6,0,12,1
11,15,4,0,1,0,3,0,0,14,1,1,1,0,2,1,0,6,0,9,1
2,22,4,0,1,0,3,3,0,7,1,1,1,1,0,1,0,9,3,4,1
6,19,4,1,1,3,3,0,1,0,1,1,1,5,0,1,0,6,6,12,1
12,18,4,0,0,0,3,0,0,9,1,1,1,2,2,1,0,6,6,14,0
15,20,0,1,1,0,3,1,0,0,1,1,1,0,2,1,0,8,2,11,1
10,14,4,0,1,4,3,0,1,14,1,1,1,7,0,7,0,6,6,7,1
6,14,0,1,0,0,2,1,0,3,1,1,0,0,2,5,4,6,7,6,0
6,20,4,1,1,0,3,1,0,2,1,1,1,5,0,1,0,6,2,8,1
13,19,0,1,1,0,3,3,0,1,1,1,1,5,2,1,0,6,7,12,0
15,16,4,1,1,0,3,3,0,2,1,1,1,7,2,1,0,3,4,5,1
3,19,4,0,1,0,3,0,0,2,1,1,1,0,0,1,0,6,3,5,1
6,15,4,1,1,0,3,0,0,4,1,1,1,7,0,1,0,4,6,5,1
0,15,4,0,1,0,3,1,0,2,1,1,1,0,0,1,0,8,4,8,1
2,18,4,1,1,0,3,0,0,2,1,1,1,0,0,3,2,1,0,2,1
7,19,4,0,1,0,3,0,0,0,1,1,1,0,0,3,0,3,2,5,1
13,18,0,1,1,0,3,3,0,0,1,1,1,0,2,1,5,0,0,0,1
15,21,4,0,1,0,3,0,0,0,1,1,1,0,2,6,0,5,0,14,0
7,15,4,0,1,0,3,0,0,12,1,1,1,0,0,1,0,6,6,8,1
2,18,4,0,1,0,3,0,0,2,1,1,1,0,0,1,0,3,1,3,1
9,20,4,1,1,0,3,0,0,2,1,1,1,0,0,1,0,3,4,5,1
12,15,4,0,1,0,3,2,0,0,1,1,1,8,2,1,5,0,0,1,1
7,18,4,0,1,0,3,0,0,12,1,1,1,0,0,1,0,6,8,10,0
15,15,0,0,1,4,3,0,1,1,1,1,1,0,2,0,5,0,0,0,1
11,18,0,1,0,4,3,0,1,8,1,1,1,2,2,1,0,6,6,6,1
10,19,0,1,1,0,3,0,0,1,1,1,1,1,0,3,0,6,8,9,1
11,18,4,0,1,0,3,0,0,11,1,1,1,1,2,1,0,6,6,8,1
5,20,4,1,1,0,3,1,0,0,1,1,1,8,0,1,0,8,3,10,1
9,19,0,1,1,0,3,1,0,2,1,1,1,0,0,1,0,6,5,10,0
3,14,4,0,1,0,3,3,0,2,1,1,1,0,0,1,0,8,8,5,1
10,15,0,0,1,0,3,3,0,4,1,1,1,7,0,1,2,0,0,0,1
11,15,4,1,1,0,3,0,0,12,1,1,1,0,2,1,0,4,2,5,0
11,20,4,0,1,0,3,1,0,15,1,1,1,0,2,7,2,6,0,9,1
9,18,0,1,1,4,3,0,1,9,1,1,1,0,0,1,0,6,2,8,1
6,15,4,0,1,0,3,0,0,4,1,1,1,0,0,1,0,5,3,9,1
9,11,4,0,0,0,3,1,0,15,1,1,0,0,0,1,5,0,0,0,0
14,18,0,1,1,3,3,0,1,1,1,1,1,1,2,1,0,6,3,9,1
6,18,4,1,1,0,3,0,0,4,1,1,1,0,0,1,0,4,3,5,1
4,20,4,0,1,0,3,1,0,2,1,1,1,0,0,1,0,4,1,4,1
12,20,2,0,1,0,3,1,0,0,1,1,1,0,2,3,1,6,0,12,0
15,20,0,0,1,4,3,0,1,11,1,1,1,5,2,1,0,8,3,11,1
15,22,4,1,0,0,3,1,0,0,1,0,1,0,2,1,0,8,0,14,1
11,20,4,0,1,0,3,0,0,0,1,1,1,5,2,1,0,3,4,11,0
1,18,4,1,1,0,3,0,0,7,1,1,1,0,0,1,0,2,4,4,0
7,13,4,0,1,0,0,0,0,16,1,1,1,0,0,5,3,5,1,6,1
4,20,4,1,1,0,3,0,0,14,1,1,1,0,0,3,0,6,0,9,1
4,20,4,0,1,0,3,0,0,2,1,1,1,0,0,1,0,8,2,10,0
15,18,0,1,1,4,3,0,1,0,1,1,1,5,2,0,5,0,0,0,1
14,0,0,1,0,4,3,3,1,1,1,1,1,7,2,0,5,0,0,0,1
12,20,4,0,1,0,3,1,0,2,1,1,1,0,2,1,0,6,8,6,1
2,18,4,1,1,0,3,0,0,2,1,1,1,0,0,1,0,1,8,1,1
6,20,4,0,1,0,3,0,0,11,1,1,1,0,0,1,0,6,3,11,0
4,20,4,1,1,0,3,1,0,9,1,1,1,0,0,1,0,2,5,1,1
12,15,4,1,1,0,3,0,0,2,1,1,1,1,2,1,0,6,11,3,1
4,20,4,1,1,0,3,0,0,14,1,1,1,5,0,1,0,2,4,3,1
7,20,4,1,1,0,3,0,0,11,1,1,1,5,0,6,5,1,0,2,0
8,18,4,0,1,0,3,0,0,0,1,1,1,0,0,1,0,7,2,3,1
7,20,4,1,1,0,3,1,0,2,1,1,1,0,0,2,0,4,2,4,1
7,15,4,1,1,0,3,3,0,5,1,1,1,0,0,1,0,6,4,9,0
3,15,4,0,1,0,3,0,0,2,1,1,1,7,0,1,0,5,4,6,1
12,19,0,0,1,0,1,0,0,8,1,1,1,0,2,5,0,6,3,11,1
14,20,0,1,1,0,3,0,0,1,1,1,1,0,2,1,0,4,4,9,0
13,20,4,0,1,0,3,0,0,0,1,1,1,5,2,1,0,6,2,14,1
8,18,4,0,1,4,3,0,1,11,1,1,1,5,0,1,5,0,0,0,1
1,18,4,0,1,0,3,0,0,2,1,1,1,0,0,1,5,4,0,5,1
12,16,2,1,1,0,3,1,0,2,1,1,1,0,2,1,5,6,0,7,0
3,18,4,0,1,0,3,0,0,16,1,1,1,1,0,0,5,0,0,0,1
0,8,4,0,1,4,3,0,1,2,1,1,1,0,0,1,0,1,8,1,1
1,15,4,0,1,0,3,1,0,11,1,1,1,0,0,1,0,4,3,4,0
13,7,2,1,1,3,1,0,1,11,1,1,1,7,2,9,2,0,0,0,1
4,18,4,1,1,0,3,0,0,7,1,1,1,0,0,0,5,0,0,0,1
14,14,4,0,1,0,3,0,0,12,1,1,1,0,2,1,0,6,3,6,1
11,15,4,0,1,0,3,0,0,7,1,1,1,0,2,1,0,2,4,4,1
15,15,4,0,1,0,3,0,0,0,1,1,1,7,2,6,0,6,0,6,1
12,16,4,0,1,0,3,0,0,2,1,1,1,7,2,1,0,6,5,8,1
11,19,4,1,1,0,3,0,0,0,1,1,1,0,2,3,0,3,4,5,1
7,15,4,1,1,0,3,0,0,7,1,1,1,1,0,1,0,3,11,3,0
14,14,4,1,1,0,3,3,0,11,1,1,1,0,2,1,0,6,8,5,1
15,19,0,0,1,3,3,0,1,1,1,1,1,5,2,1,0,6,11,3,0
13,12,4,0,0,0,3,0,0,7,1,1,0,8,0,1,0,6,3,5,0
5,18,4,0,1,0,3,0,0,2,1,1,1,1,0,1,2,0,0,0,1
11,21,4,1,1,0,3,0,0,0,1,1,1,0,2,1,0,6,10,14,1
11,16,4,0,1,0,3,0,0,15,1,1,1,7,2,0,5,0,0,0,1
0,15,4,0,1,0,3,0,0,11,1,1,1,0,0,0,5,0,0,0,0
9,15,0,1,1,0,3,3,0,1,1,1,1,1,0,0,5,0,0,6,0
8,19,4,0,1,0,2,0,0,0,1,1,1,0,0,1,0,2,3,5,1
2,22,4,0,1,4,3,1,1,0,1,1,1,0,0,2,0,6,2,12,0
6,20,4,0,1,4,3,3,1,11,1,1,1,5,0,1,0,6,3,12,0
5,20,4,0,1,0,3,0,0,2,1,1,1,0,0,6,0,4,8,5,1
9,17,4,0,1,0,3,1,0,5,1,1,1,0,0,6,0,6,6,8,1
9,0,4,1,1,2,3,0,1,0,1,1,1,1,0,6,0,2,4,6,1
4,15,4,0,1,0,3,3,0,2,1,1,1,0,0,6,0,6,6,9,1
13,17,4,1,1,0,3,0,0,0,1,1,1,0,2,1,1,8,0,10,1
4,20,4,0,1,3,3,3,1,2,1,1,1,0,0,1,0,6,3,8,1
2,15,4,0,1,0,3,3,0,11,1,1,1,8,0,1,0,6,6,7,1
3,15,4,0,1,0,3,3,0,11,1,1,1,0,0,1,5,6,0,3,1
11,19,4,1,1,0,3,0,0,0,1,1,1,0,2,3,0,4,5,4,1
8,21,4,1,1,0,3,1,0,2,1,1,1,0,0,1,0,7,11,14,1
12,18,0,0,1,0,3,0,0,0,1,1,1,7,2,6,0,6,6,10,1
14,15,2,1,1,0,3,0,0,0,1,1,1,0,2,3,0,5,8,12,1
5,18,4,1,0,0,3,1,0,11,1,0,1,0,0,3,0,6,11,4,0
15,15,4,0,1,0,3,0,0,15,1,1,1,0,2,0,5,0,0,0,1
4,15,0,0,1,0,3,1,0,2,1,1,1,0,0,1,0,4,2,6,1
8,20,4,1,1,3,3,0,1,0,1,1,1,0,0,1,1,6,0,11,1
12,21,0,1,1,0,3,0,0,1,1,1,1,5,2,1,0,6,4,10,1
12,14,0,1,1,4,3,0,1,11,1,1,1,7,2,1,0,8,8,12,0
15,15,0,0,0,0,3,0,0,1,1,0,1,5,2,1,2,6,0,14,1
6,15,4,1,1,0,3,3,0,2,1,1,1,1,0,1,0,6,5,7,1
0,18,4,0,1,0,3,0,0,9,1,1,1,0,0,0,5,0,0,0,1
6,20,4,0,1,0,3,3,0,2,1,1,1,0,0,1,0,6,0,9,1
8,21,4,0,1,4,3,0,1,0,1,1,1,7,0,6,0,4,6,13,1
14,21,0,1,1,4,3,0,1,0,1,1,1,5,2,6,0,6,0,14,0
9,20,0,0,1,0,3,1,0,0,1,1,1,0,0,1,0,6,4,13,1
0,15,4,1,1,0,3,0,0,16,1,1,1,1,0,0,5,0,0,0,0
12,20,0,0,1,4,3,0,1,1,1,1,1,0,2,1,0,7,3,12,1
6,15,0,1,1,0,3,3,0,2,1,1,1,0,0,1,0,6,5,12,0
13,13,0,0,1,4,3,0,1,1,1,1,1,7,2,1,0,6,10,13,1
1,18,4,0,1,0,3,0,0,2,1,1,1,0,0,1,0,2,4,6,1
4,18,4,0,1,0,3,0,0,2,1,1,1,0,0,3,0,2,7,4,1
9,17,4,0,1,0,3,0,0,2,1,1,1,0,0,1,0,6,2,10,1
6,11,4,0,1,0,3,3,0,4,1,1,1,0,0,1,0,6,3,10,1
7,20,4,1,1,0,3,0,0,2,1,1,1,0,0,1,0,6,3,10,0
8,20,4,1,1,0,3,3,0,11,1,1,1,0,0,1,0,4,6,5,1
0,15,4,1,1,0,3,0,0,2,1,1,1,8,0,1,0,4,1,3,1
15,20,4,1,1,0,3,0,0,12,1,1,1,0,2,2,0,6,11,12,1
5,15,4,0,1,0,3,0,0,5,1,1,1,0,0,1,2,1,0,2,1
15,23,0,0,1,0,3,0,0,0,1,1,1,7,2,1,0,6,8,14,1
5,15,4,0,1,0,3,1,0,14,1,1,1,0,0,1,0,6,4,10,0
0,15,4,0,1,0,3,0,0,7,1,1,1,0,0,0,5,0,0,0,1
14,12,0,1,0,0,3,3,0,1,1,1,1,7,2,0,5,0,0,5,1
11,15,0,0,1,0,3,3,0,1,1,1,1,7,2,1,2,0,0,0,1
3,20,4,1,1,0,3,1,0,2,1,1,1,8,0,1,0,8,8,6,1
14,21,4,0,1,3,3,0,1,0,1,1,1,0,2,1,0,6,9,14,1
5,19,4,0,1,0,3,1,0,2,1,1,1,0,0,1,0,4,10,10,1
2,15,4,0,1,0,3,3,0,9,1,1,1,8,0,1,0,3,3,3,1
6,20,4,1,1,3,3,3,1,11,1,1,1,0,0,1,0,8,3,10,0
6,20,4,0,1,0,3,1,0,0,1,1,1,0,0,1,0,7,8,13,0
9,18,4,0,1,0,3,0,0,2,1,1,1,1,0,1,0,6,3,8,1
3,14,4,1,1,0,3,0,0,2,1,1,1,7,0,1,0,5,5,5,1
1,18,4,0,1,0,3,0,0,2,1,1,1,1,0,1,0,3,5,6,1
3,15,4,0,1,0,3,0,0,2,1,1,1,0,0,1,0,9,4,5,1
9,21,0,1,1,0,3,1,0,0,1,1,1,0,0,1,0,6,3,13,1
6,20,0,1,1,4,3,0,1,0,1,1,1,6,0,1,0,5,10,11,1
3,18,4,1,1,0,3,3,0,12,1,1,1,0,0,1,0,3,1,5,1
3,15,4,1,1,0,3,1,0,2,1,1,1,0,0,1,0,2,1,2,1
6,20,0,0,1,0,3,1,0,0,1,1,1,7,0,3,0,8,0,11,1
7,20,4,1,1,3,3,0,1,5,1,1,1,5,0,2,0,6,4,8,1
9,19,4,0,1,0,3,0,0,11,1,1,1,0,0,0,5,0,0,0,1
12,18,4,0,1,0,3,3,0,14,1,1,1,0,2,1,0,6,3,10,1
8,15,4,0,1,0,3,0,0,12,1,1,1,0,0,1,0,6,11,8,0
1,13,4,1,1,0,3,0,0,2,1,1,1,7,0,0,5,0,0,0,1
12,15,0,0,1,0,3,0,0,0,1,1,1,5,2,0,5,0,0,0,1
12,15,4,0,1,0,3,3,0,2,1,1,1,7,2,1,0,2,8,6,1
14,21,4,1,1,3,3,0,1,9,1,1,1,0,2,1,0,6,3,9,1
4,16,4,1,1,0,3,3,0,10,1,1,1,4,0,1,0,9,8,5,0
4,15,4,1,1,0,3,3,0,11,1,1,1,0,0,1,0,6,2,5,0
13,20,0,0,1,3,3,0,1,0,1,1,1,0,2,3,0,6,3,14,1
8,20,4,1,1,3,3,3,1,0,1,1,1,5,0,3,0,6,7,10,1
11,21,4,1,1,0,3,0,0,0,1,1,1,0,2,3,0,6,8,13,0
14,19,4,0,1,0,3,0,0,0,1,1,1,5,2,1,5,0,0,0,0
0,18,4,0,1,0,3,0,0,2,1,1,1,0,0,0,5,0,0,0,1
5,20,4,0,1,0,3,0,0,12,1,1,1,1,0,1,0,3,6,2,0
6,13,0,1,1,0,3,1,0,0,1,1,1,0,0,1,5,6,0,12,1
12,20,4,0,1,0,3,1,0,0,1,1,1,0,2,1,0,6,4,6,1
8,21,4,0,1,4,3,3,1,11,1,1,1,0,0,1,0,6,4,9,1
8,20,4,0,1,0,3,0,0,2,1,1,1,5,0,2,2,1,0,2,1
8,21,4,0,1,0,3,0,0,2,1,1,1,5,0,3,0,6,4,13,1
4,17,4,0,1,0,0,0,0,16,1,1,1,0,0,5,3,6,3,7,1
0,18,4,0,1,0,3,0,0,16,1,1,1,1,0,3,0,2,4,1,0
5,20,4,1,1,0,3,0,0,2,1,1,1,0,0,4,0,1,1,6,1
13,21,0,1,1,0,3,0,0,0,1,1,1,5,2,2,0,7,11,13,0
12,20,2,0,1,0,3,0,0,2,1,1,1,0,2,4,0,6,10,10,1
6,20,4,0,1,0,3,0,0,2,1,1,1,5,0,1,0,4,4,13,0
8,20,4,0,1,0,3,3,0,2,1,1,1,5,0,1,0,6,8,11,1
4,15,4,1,1,4,3,0,1,9,1,1,1,0,0,1,5,6,0,3,0
7,15,4,0,1,0,3,0,0,16,1,1,1,1,0,1,0,6,5,7,0
2,15,4,0,1,0,3,0,0,11,1,1,1,7,0,1,0,7,0,6,0
12,20,4,0,1,3,3,0,1,2,1,1,1,0,2,1,0,7,7,13,1
6,15,4,1,1,0,3,3,0,11,1,1,1,1,0,1,0,8,8,11,0
2,16,4,0,1,0,0,0,0,16,1,1,1,5,0,0,5,0,0,0,0
2,18,4,0,1,3,3,0,1,16,1,1,1,5,0,0,5,0,0,0,1
3,18,4,1,1,4,3,0,1,2,1,1,1,0,0,1,0,6,6,8,1
2,19,4,1,1,3,3,1,1,0,1,1,1,5,0,4,2,1,0,6,0
9,18,4,0,1,0,3,1,0,2,1,1,1,0,0,0,5,0,0,0,1
15,20,0,0,1,0,3,0,0,2,1,1,1,0,2,1,0,9,4,13,1
11,18,4,0,1,0,3,1,0,2,1,1,1,0,2,6,0,6,2,11,1
8,18,0,1,1,0,3,0,0,0,1,1,1,7,0,1,0,6,6,10,1
3,18,4,0,1,0,3,0,0,2,1,1,1,5,0,1,5,0,0,0,1
7,18,0,0,1,4,3,0,1,1,1,1,1,0,0,1,0,6,6,9,1
8,18,0,0,1,0,3,0,0,1,1,1,1,0,0,2,0,6,1,4,1
11,20,0,1,1,3,3,0,1,1,1,1,1,5,2,0,5,0,0,0,1
15,18,0,0,1,0,3,3,0,1,1,1,1,0,2,1,5,6,0,3,1
0,18,4,1,1,0,3,0,0,2,1,1,1,0,0,1,5,4,0,2,1
14,20,0,0,1,0,3,1,0,0,1,1,1,0,2,1,0,9,3,13,0
15,20,0,1,1,4,3,0,1,1,1,1,1,0,2,1,0,9,3,10,1
12,18,0,0,1,4,3,0,1,8,1,1,1,0,2,1,0,6,8,8,1
15,22,4,0,1,0,3,0,0,15,1,1,1,1,2,0,5,0,0,0,0
15,20,4,1,1,0,3,3,0,12,1,1,1,5,2,1,0,6,3,13,1
13,22,4,0,1,4,3,1,0,16,1,1,1,1,0,2,0,9,5,11,0
6,15,4,1,0,0,3,0,0,2,1,1,1,0,0,1,0,4,6,1,1
15,22,0,1,1,4,3,0,1,0,1,1,1,7,2,1,0,6,6,11,1
13,20,0,1,1,0,3,1,0,0,1,1,1,0,2,1,0,6,5,13,0
11,20,4,1,1,0,3,1,0,0,1,1,1,5,2,0,5,0,0,0,0
10,1,3,1,1,3,2,3,1,1,1,1,1,7,1,7,3,6,3,13,1
9,16,4,0,1,0,3,0,0,2,1,1,1,0,0,0,5,0,0,0,0
3,18,4,1,1,0,3,0,0,2,1,1,1,1,0,0,5,0,0,0,1
11,21,4,1,1,0,3,0,0,0,1,1,1,7,2,4,0,6,4,12,1
4,20,4,0,1,0,3,1,0,2,1,1,1,0,0,1,2,1,0,2,1
13,18,4,0,1,0,3,1,0,0,1,1,1,0,2,1,0,8,3,13,0
14,17,0,0,1,0,3,1,0,1,1,1,1,7,2,1,0,6,8,12,1
6,15,4,1,1,0,3,0,0,2,1,1,1,0,0,1,0,5,4,10,1
14,20,0,1,1,0,3,1,0,1,1,1,1,0,2,2,0,7,2,14,1
6,21,4,1,1,4,3,0,1,9,1,1,1,5,0,1,0,6,5,12,1
12,3,0,0,0,3,1,3,1,2,0,0,1,7,2,1,0,6,5,7,1
2,15,4,0,1,0,3,0,0,16,1,1,1,0,0,1,0,2,2,3,0
8,15,4,0,1,0,3,0,0,2,1,1,1,0,0,0,5,0,0,0,1
10,20,0,1,1,4,3,0,1,1,1,1,1,0,0,5,0,9,4,7,1
11,20,0,1,1,4,3,0,1,1,1,1,1,5,2,1,0,6,8,12,1
9,21,4,1,1,0,3,0,0,5,1,1,1,0,0,2,0,6,6,11,1
6,19,4,1,1,0,3,0,0,2,1,1,1,0,0,0,5,0,0,0,1
2,18,4,1,1,0,3,0,0,2,1,1,1,0,0,1,0,2,4,3,0
2,18,4,1,1,0,3,1,0,2,1,1,1,0,0,1,5,0,0,2,1
14,23,4,1,1,0,3,0,0,2,1,1,1,0,2,1,0,8,4,13,1
11,20,4,1,1,0,3,0,0,16,1,1,1,1,0,4,0,4,5,4,0
14,15,4,0,1,0,3,2,0,0,1,1,1,0,2,1,0,6,1,10,1
9,20,4,1,1,2,3,1,0,2,1,1,1,0,0,1,5,0,0,0,1
4,15,4,0,1,3,3,0,1,0,1,1,1,7,0,1,0,6,6,9,1
9,21,4,1,1,0,3,3,0,2,1,1,1,8,0,8,5,2,0,4,1
11,20,0,1,1,3,3,0,1,0,1,1,1,5,2,3,0,6,3,13,0
4,20,4,0,1,0,3,0,0,0,1,1,1,1,0,1,0,8,6,7,1
10,21,0,1,1,4,3,0,1,1,1,1,1,0,0,0,5,0,0,0,0
5,15,4,1,1,0,3,0,0,2,1,1,1,0,0,1,0,3,4,5,1
9,0,4,0,1,4,3,0,1,2,1,1,1,7,0,0,5,0,0,0,1
7,20,4,0,1,0,3,3,0,11,1,1,1,0,0,1,2,8,0,6,1
9,0,0,1,1,4,3,0,1,1,1,1,1,0,0,0,5,0,0,7,1
11,23,0,1,1,0,3,1,0,16,1,1,1,0,2,1,0,8,6,11,0
15,21,0,1,1,4,3,0,1,1,1,1,1,5,2,0,5,0,0,0,0
4,15,4,0,1,0,3,0,0,11,1,1,1,5,0,1,0,6,4,11,0
11,20,0,0,1,0,3,0,0,1,1,1,1,7,2,1,0,6,11,12,0
10,20,4,0,1,0,3,3,0,10,1,1,1,5,0,1,0,6,7,13,1
1,15,2,1,1,0,3,0,0,2,1,1,1,1,0,1,0,6,4,7,1
11,21,4,1,1,0,3,1,0,0,1,1,1,0,2,1,0,6,5,14,0
9,17,4,1,1,0,3,0,0,11,1,1,1,1,0,1,0,6,3,7,0
7,21,4,0,1,0,3,1,0,2,1,1,1,0,0,1,5,6,0,14,0
7,18,0,1,1,0,3,0,0,2,1,1,1,7,0,1,0,2,4,5,1
10,18,4,1,1,0,3,0,0,0,1,1,1,5,0,1,0,4,1,10,1
6,18,4,1,1,0,3,1,0,11,1,1,1,0,0,1,0,6,4,7,1
12,20,4,0,1,0,3,0,0,0,1,1,1,0,2,2,0,6,1,11,1
5,15,4,1,1,0,3,1,0,10,1,1,1,8,0,4,0,6,1,6,1
4,20,4,0,1,0,3,0,0,2,1,1,1,0,0,1,0,8,4,10,1
7,20,4,0,1,0,3,3,0,2,1,1,1,0,0,6,0,4,5,6,1
2,14,4,0,0,4,3,0,1,2,1,1,0,0,0,0,5,0,0,0,1
15,18,4,1,1,0,3,0,0,2,1,1,1,1,2,0,5,0,0,4,1
2,20,4,0,1,4,3,0,1,11,1,1,1,5,0,0,5,0,0,0,0
11,20,4,1,1,0,3,0,0,2,1,1,1,0,2,1,2,1,0,4,1
2,18,4,1,1,0,3,0,0,0,1,1,1,1,0,5,2,2,0,3,1
7,20,0,0,1,0,3,0,0,0,1,1,1,0,0,0,5,0,0,0,0
3,15,4,0,1,0,3,0,0,14,1,1,1,0,0,1,0,6,4,7,1
0,18,4,0,0,0,3,0,0,16,1,1,0,1,0,0,5,0,0,0,1
3,18,4,1,1,0,3,1,0,16,1,1,1,0,0,1,5,0,0,0,0
2,15,4,1,1,0,3,0,0,2,1,1,1,8,0,1,0,6,3,5,1
13,10,0,1,1,4,3,0,1,0,1,1,1,7,2,5,0,6,5,10,1
15,15,0,0,1,4,3,0,1,1,1,1,1,0,2,1,0,8,10,12,1
11,20,0,1,1,3,3,0,1,0,1,1,1,5,2,1,0,6,8,12,0
5,18,4,0,1,0,3,0,0,2,1,1,1,0,0,1,0,5,8,5,1
0,18,4,1,1,0,3,0,0,16,1,1,1,0,0,3,5,1,0,2,1
7,8,1,0,1,2,3,1,0,4,1,1,0,1,0,1,0,5,7,9,1
12,18,2,1,1,0,3,3,0,0,1,1,1,2,2,6,5,0,0,11,1
2,18,4,1,1,0,3,0,0,2,1,1,1,0,0,1,0,2,6,4,1
13,23,0,0,1,0,0,3,0,0,1,1,1,5,2,8,5,8,0,14,1
13,17,0,0,1,4,3,0,1,8,1,1,1,5,2,1,0,6,3,11,1
14,15,0,1,1,0,3,1,0,0,1,1,1,0,2,1,5,0,0,0,1
4,15,4,0,1,0,0,2,0,16,1,1,1,3,0,5,3,2,3,6,1
11,19,4,1,1,0,3,0,0,0,1,1,1,0,2,1,0,3,3,11,1
0,18,4,1,1,0,3,0,0,5,1,1,1,7,0,1,0,3,5,6,1
14,20,4,0,1,0,3,0,0,0,1,1,1,0,2,1,0,5,0,9,1
5,18,4,1,1,0,3,0,0,2,1,1,1,7,0,1,5,0,0,0,1
11,21,0,1,1,4,3,0,1,1,1,1,1,5,2,0,5,0,0,0,1
12,17,0,0,1,0,3,0,0,0,1,1,1,7,2,1,0,6,8,10,1
7,21,4,1,1,3,3,1,0,16,1,1,1,0,0,3,0,6,5,11,0
4,10,0,1,1,2,3,0,0,2,1,1,1,0,0,1,0,1,3,1,1
4,18,4,0,1,0,3,0,0,0,1,1,1,0,0,6,0,2,3,4,1
5,19,4,0,1,0,0,1,0,16,1,1,1,0,0,5,3,9,5,6,1
4,10,4,0,1,0,3,0,0,2,1,1,1,0,0,4,0,1,1,1,1
2,15,4,0,1,0,3,1,0,16,1,1,1,0,0,1,0,8,2,6,0
4,18,4,1,1,0,3,3,0,11,1,1,1,2,0,6,0,2,3,3,0
9,9,4,0,0,0,3,1,0,12,1,1,0,7,0,0,5,0,0,4,0
15,20,0,1,1,3,3,0,1,1,1,1,1,5,2,0,5,0,0,0,1
14,20,4,0,1,0,3,1,0,0,1,1,1,8,0,2,0,6,5,12,0
12,15,0,1,1,0,3,0,0,1,1,1,1,0,2,0,5,0,0,2,1
1,19,4,0,1,3,3,0,1,2,1,1,1,5,0,1,2,2,0,4,1
11,22,4,0,1,0,3,0,0,7,1,1,1,1,2,1,0,9,6,12,1
10,15,4,0,1,0,1,0,0,14,1,1,1,0,0,5,0,6,8,7,1
12,20,4,0,1,0,3,0,0,12,1,1,1,0,2,1,0,7,10,10,0
12,19,4,0,1,3,3,0,1,11,1,1,1,0,2,1,0,6,2,10,0
13,18,0,0,1,0,3,0,0,2,1,1,1,0,2,6,0,4,0,9,1
2,15,4,1,1,4,3,0,1,0,1,1,1,7,0,1,0,2,1,4,1
9,15,0,1,1,0,3,0,0,1,1,1,1,0,0,1,0,6,8,9,1
9,21,4,1,1,0,3,0,0,0,1,1,1,5,0,3,0,6,6,13,0
8,21,4,0,1,0,3,0,0,2,1,1,1,0,0,1,0,6,8,13,1
3,21,4,1,1,0,3,3,0,0,1,1,1,5,0,2,0,9,6,14,1
6,18,4,0,1,0,3,3,0,5,1,1,1,5,0,1,0,3,5,6,1
15,13,0,0,1,0,3,1,0,15,1,1,1,1,2,1,5,6,0,2,0
8,15,4,1,1,0,3,0,0,7,1,1,1,0,0,1,5,0,0,0,1
7,15,4,1,1,0,3,1,0,2,1,1,1,0,0,9,2,0,0,0,1
8,15,4,0,1,0,3,0,0,2,1,1,1,7,0,1,2,0,0,0,1
9,15,0,0,1,4,3,0,1,0,1,1,1,0,0,1,0,6,4,11,1
11,18,0,1,1,3,3,0,1,1,1,1,1,0,2,0,5,0,0,4,1
14,15,0,0,1,0,3,0,0,5,1,1,1,0,2,1,0,8,11,12,1
5,15,0,0,1,0,3,0,0,1,1,1,1,5,0,1,0,6,3,6,0
8,18,0,1,1,0,3,0,0,0,1,1,1,7,0,1,0,6,6,9,1
13,20,0,0,1,0,3,0,0,0,1,1,1,0,2,3,0,7,5,12,1
2,18,4,0,1,0,3,1,0,2,1,1,1,0,0,3,0,1,3,3,1
7,17,4,0,1,0,3,1,0,7,1,1,1,0,0,1,0,6,3,10,0
13,0,4,0,1,3,3,3,1,2,1,1,1,5,2,1,0,6,4,6,1
10,15,4,0,1,0,3,3,0,11,1,1,1,5,0,1,0,6,6,7,1
2,15,4,1,0,0,3,3,0,16,1,1,1,0,0,0,5,0,0,4,1
9,20,4,0,1,0,3,0,0,2,1,1,1,5,0,1,0,6,8,11,1
8,18,4,0,0,0,3,0,0,9,1,1,1,2,0,1,0,6,4,14,1
9,15,4,1,1,0,3,3,0,2,1,1,1,7,0,1,0,4,11,3,1
10,21,4,0,1,0,3,1,0,2,1,1,1,0,0,1,0,4,2,8,0
6,18,0,1,1,0,3,1,0,1,1,1,1,8,0,1,0,5,0,8,0
13,20,4,1,1,0,3,1,0,2,1,1,1,0,2,1,0,6,1,5,1
3,15,0,1,1,2,2,1,0,3,1,1,1,0,0,5,1,1,4,5,1
11,20,4,0,1,0,3,0,0,0,1,1,1,0,2,3,0,7,8,12,1
5,18,4,1,1,4,3,0,1,0,1,1,1,7,0,1,0,5,3,5,1
7,18,0,0,1,0,3,0,0,1,1,1,1,7,0,0,5,0,0,4,1
7,18,4,1,1,0,3,0,0,5,1,1,1,0,0,1,0,6,5,10,1
0,15,4,1,1,0,3,0,0,16,1,1,1,7,0,6,5,1,0,2,1
9,20,4,1,0,0,3,1,0,0,1,1,0,0,0,1,0,5,3,4,1
12,20,0,1,1,3,3,0,1,1,1,1,1,5,2,1,0,6,4,11,1
13,20,4,0,1,4,3,0,1,0,1,1,1,0,2,1,0,5,6,10,1
4,15,4,0,1,0,3,0,0,7,1,1,1,7,0,1,0,6,2,9,1
6,20,4,1,1,0,3,1,0,2,1,1,1,0,0,1,0,6,6,10,1
15,19,0,1,1,0,3,1,0,1,1,1,1,0,2,3,0,1,2,5,1
15,18,4,0,0,0,3,0,0,16,1,1,0,8,2,1,5,0,0,5,1
11,11,3,1,1,0,3,0,0,0,1,1,1,0,2,6,0,6,5,6,1
12,17,0,1,1,0,3,0,0,1,1,1,1,0,2,1,0,4,5,8,1
0,15,4,0,1,0,3,0,0,2,1,1,1,0,0,0,5,0,0,0,1
1,15,4,1,1,0,3,0,0,2,1,1,1,0,0,1,2,2,0,4,1
0,15,4,0,1,0,3,3,0,2,1,1,1,8,0,1,0,4,4,5,1
8,20,4,1,1,0,3,1,0,7,1,1,1,8,0,1,0,8,11,7,1
1,15,4,1,1,0,3,1,0,2,1,1,1,0,0,1,0,6,3,8,1
7,20,4,0,1,0,3,0,0,2,1,1,1,0,0,1,5,0,0,0,1
13,18,2,0,1,0,3,1,0,0,1,1,1,1,2,1,0,9,8,14,1
8,13,4,0,1,4,3,0,1,0,1,1,1,0,0,1,0,6,6,7,1
2,18,4,1,0,0,3,0,0,2,1,1,1,0,0,1,5,0,0,1,1
1,18,4,0,1,4,3,0,1,16,1,1,1,5,0,0,5,0,0,0,1
8,20,4,0,1,0,3,1,0,2,1,1,1,5,0,4,2,1,0,2,1
12,20,0,0,1,4,3,0,1,0,1,1,1,0,2,1,0,7,2,13,0
5,7,0,0,0,0,1,0,1,1,1,1,1,7,2,5,2,0,0,6,1
15,20,0,0,1,4,3,0,1,1,1,1,1,0,2,1,0,7,10,14,0
0,15,4,0,0,0,3,3,0,14,0,1,1,0,0,1,0,2,8,1,0
1,19,0,1,1,4,3,0,1,1,1,1,1,0,0,1,0,3,3,4,1
15,19,0,0,1,0,3,1,0,0,1,1,1,0,2,1,0,6,5,12,1
4,18,4,0,1,0,3,3,0,2,1,1,1,7,0,0,5,0,0,7,1
11,20,0,1,1,0,3,1,0,0,1,1,1,0,2,1,0,6,11,14,1
4,18,4,0,1,0,3,0,0,2,1,1,1,5,0,6,0,3,0,4,0
4,16,4,0,1,0,3,1,0,0,1,1,1,0,0,1,2,2,0,4,0
6,21,4,1,1,0,3,0,0,12,1,1,1,0,0,1,0,6,3,12,0
12,20,4,1,1,0,3,0,0,0,1,1,1,0,2,1,0,6,8,14,1
12,22,4,1,1,0,3,0,0,0,1,1,1,7,2,7,0,9,6,13,1
10,16,4,0,1,0,3,3,0,2,1,1,1,7,0,0,5,0,0,0,1
5,17,4,0,1,0,3,1,0,2,1,1,1,0,0,1,0,6,10,1,1
3,18,4,0,1,0,3,3,0,2,1,1,1,1,0,1,0,8,6,6,1
11,19,4,0,1,0,3,0,0,0,1,1,1,0,2,1,0,6,0,6,1
6,18,4,0,1,4,3,0,1,0,1,1,1,7,0,1,5,0,0,0,1
1,18,4,1,1,0,3,3,0,11,1,1,1,0,0,4,0,1,3,3,1
8,17,4,0,1,0,3,0,0,2,1,1,1,0,0,1,0,6,8,7,1
15,20,4,1,1,0,3,1,0,0,1,1,1,0,2,1,0,8,10,11,1
3,20,4,0,1,0,3,1,0,2,1,1,1,0,0,1,0,7,10,0,0
4,18,4,1,1,0,3,0,0,2,1,1,1,7,0,1,0,3,2,6,1
5,18,4,1,1,4,3,0,1,10,1,1,1,0,0,1,0,6,10,3,1
0,18,4,1,1,0,3,0,0,16,1,1,1,0,0,2,0,1,0,2,0
14,14,0,0,1,0,3,3,0,2,1,1,1,0,2,1,1,6,0,6,1
3,15,4,1,1,0,3,0,0,9,1,1,1,1,0,1,0,3,5,6,1
3,15,4,0,1,0,3,0,0,0,1,1,1,7,0,1,0,2,2,3,1
3,15,4,1,1,0,3,1,0,2,1,1,1,0,0,0,5,0,0,3,1
8,19,0,1,1,4,3,0,1,0,1,1,1,0,0,0,5,0,0,0,1
3,18,4,0,1,0,0,3,0,16,1,1,1,0,0,5,3,8,2,6,1
9,15,4,0,1,4,3,0,1,14,1,1,1,7,0,0,5,0,0,0,0
3,15,0,1,1,0,3,3,0,0,1,1,1,0,0,1,5,1,0,1,1
11,18,4,1,1,0,3,1,0,2,1,1,1,0,2,1,0,1,11,3,1
5,15,4,1,1,0,3,0,0,2,1,1,1,7,0,1,0,6,1,8,1
11,18,4,1,1,0,3,3,0,10,1,1,1,0,2,1,0,6,8,10,1
15,16,0,0,1,4,3,3,1,1,1,1,1,0,2,0,5,0,0,0,1
5,18,4,0,1,0,3,1,0,0,1,1,1,7,0,1,5,6,0,3,0
2,15,4,0,1,0,3,0,0,2,1,1,1,0,0,1,0,4,3,4,1
11,15,0,1,1,4,3,0,1,0,1,1,1,7,2,1,0,6,8,10,1
3,20,4,0,1,0,3,1,0,2,1,1,1,5,0,1,0,3,4,8,0
3,14,4,0,0,0,3,1,0,2,1,1,0,8,0,0,5,0,0,0,1
12,11,3,1,1,0,3,0,0,0,1,1,1,7,2,6,0,3,5,6,1
8,15,0,1,1,0,3,1,0,8,1,1,1,0,0,4,0,6,11,7,0
13,20,4,1,1,0,3,3,0,2,1,1,1,1,2,1,0,2,6,2,1
7,20,4,1,1,0,3,0,0,9,1,1,1,7,0,4,0,6,8,12,1
12,20,0,1,1,1,3,3,0,14,1,1,1,0,2,2,0,4,3,6,1
5,17,3,1,1,0,3,3,0,1,1,1,1,0,2,1,0,1,2,6,1
7,20,0,1,1,0,3,0,0,1,1,1,1,0,0,1,0,6,10,11,0
0,18,4,0,1,0,3,3,0,2,1,1,1,0,0,0,5,0,0,0,1
0,15,4,0,1,0,3,0,0,2,1,1,1,0,0,0,5,0,0,0,1
4,18,2,0,1,0,3,2,0,2,1,1,1,6,0,1,0,6,10,11,1
10,15,4,0,1,0,3,0,0,14,1,1,1,5,0,1,0,4,3,7,1
10,13,4,1,0,0,3,0,0,13,1,0,0,1,0,6,2,0,0,4,1
0,15,4,1,1,3,3,0,1,16,1,1,1,0,0,9,2,0,0,0,0
5,20,4,0,1,0,3,0,0,2,1,1,1,5,0,1,0,6,3,6,1
0,15,4,0,1,0,3,0,0,2,1,1,1,7,0,1,0,6,2,7,1
15,15,0,0,1,0,3,1,0,0,1,1,1,0,2,4,0,6,11,11,1
6,18,4,1,1,3,3,3,1,11,1,1,1,0,0,1,5,0,0,0,1
6,15,4,0,1,4,3,0,1,9,1,1,1,7,0,1,0,1,6,1,1
6,20,2,1,1,1,1,0,0,14,1,1,1,6,0,1,0,5,10,9,1
0,18,4,0,1,0,3,3,0,16,1,1,1,0,0,1,5,1,0,2,0
4,15,4,0,1,4,3,0,1,2,1,1,1,7,0,1,0,3,2,6,1
0,18,4,0,1,0,3,0,0,12,1,1,1,5,0,1,0,3,6,2,1
6,19,4,1,1,0,3,0,0,1,1,1,1,8,0,8,5,0,0,0,1
1,18,4,0,1,0,3,0,0,2,1,1,1,7,0,0,5,0,0,0,1
15,18,0,1,1,0,3,3,0,1,1,1,1,0,2,0,5,0,0,0,0
13,20,4,0,0,0,3,0,0,0,1,1,0,0,2,5,0,6,3,6,0
15,22,0,0,1,0,3,0,0,15,1,1,1,1,2,0,5,0,0,0,0
7,15,4,1,1,0,3,0,0,2,1,1,1,0,0,1,2,0,0,0,1
13,19,0,1,1,0,3,0,0,1,1,1,1,0,2,7,0,9,6,14,1
13,18,0,0,1,0,3,0,0,0,1,1,1,7,2,1,0,6,6,12,1
14,6,0,0,1,0,3,0,0,0,1,1,1,8,2,1,0,7,8,3,0
7,19,4,1,1,0,3,1,0,2,1,1,1,0,0,1,0,4,5,6,0
4,17,0,1,1,0,3,0,0,0,1,1,1,0,0,1,0,6,6,11,1
10,20,4,1,1,0,3,0,0,14,1,1,1,7,0,1,0,6,3,10,1
6,15,4,0,1,0,1,0,0,0,1,1,1,0,0,5,0,6,8,11,1
4,15,4,0,1,0,3,0,0,2,1,1,1,0,0,1,0,3,2,4,1
15,20,0,0,1,4,3,0,1,0,1,1,1,0,2,1,0,9,0,14,1
9,15,0,0,1,0,3,0,0,0,1,1,1,7,0,1,0,9,10,10,1
6,13,4,1,0,0,3,0,0,2,1,1,1,7,0,1,5,0,0,4,1
6,20,4,1,1,0,3,1,0,12,1,1,1,0,0,1,0,3,4,9,0
6,15,4,1,1,0,3,0,0,2,1,1,1,0,0,1,0,2,0,2,1
10,20,4,1,1,0,3,3,0,11,1,1,1,5,0,1,0,6,6,9,1
13,7,4,0,1,0,1,0,0,11,1,1,1,8,2,8,0,8,3,14,1
11,15,4,1,1,0,3,0,0,0,1,1,1,0,2,3,0,2,2,4,1
3,18,4,0,1,0,3,3,0,12,1,1,1,0,0,1,0,6,8,8,1
10,18,4,1,1,0,3,0,0,0,1,1,1,0,0,1,1,4,0,9,0
13,20,0,0,1,0,3,3,0,11,1,1,1,0,2,2,5,4,0,14,0
7,18,4,1,1,0,3,3,0,5,1,1,1,0,0,1,0,6,6,5,1
15,18,0,1,1,4,3,0,1,1,1,1,1,5,2,0,5,0,0,0,1
7,18,4,0,1,0,3,0,0,2,1,1,1,7,0,1,0,4,3,9,1
12,20,0,0,1,0,3,0,0,1,1,1,1,0,2,2,0,7,0,9,0
11,20,0,0,1,0,3,1,0,1,1,1,1,0,2,1,0,7,10,12,1
15,14,0,0,0,4,3,0,1,0,1,1,0,0,2,0,5,0,0,5,1
10,0,4,1,1,4,3,0,1,0,1,1,1,7,0,6,0,6,4,9,1
1,15,4,0,0,0,3,0,0,2,1,1,0,0,0,0,5,0,0,0,1
12,21,0,1,1,4,3,3,1,1,1,1,1,5,2,0,5,0,0,0,1
7,20,4,0,1,0,3,1,0,2,1,1,1,5,0,6,1,1,0,1,1
13,12,3,0,1,0,3,3,0,0,1,1,1,7,2,0,5,0,0,4,1
1,17,4,0,1,0,3,3,0,2,1,1,1,5,0,0,5,0,0,0,1
0,15,4,0,1,0,3,0,0,7,1,1,1,0,0,0,5,0,0,0,1
9,21,0,1,1,0,3,1,0,0,1,1,1,8,0,1,0,6,6,13,0
11,19,4,1,1,0,3,3,0,0,1,1,1,5,2,1,0,3,5,14,1
2,18,4,1,1,4,3,0,1,16,1,1,1,0,0,1,5,2,0,4,1
10,15,4,0,1,0,3,1,0,2,1,1,1,0,0,1,2,6,0,2,1
4,20,4,1,1,0,3,0,0,2,1,1,1,0,0,1,0,6,6,6,1
7,15,4,1,1,0,3,0,0,2,1,1,1,7,0,4,0,6,8,6,0
12,17,0,1,1,0,3,0,0,1,1,1,1,7,2,1,2,0,0,0,0
1,15,4,1,1,0,3,0,0,2,1,1,1,0,0,1,0,2,6,4,1
7,20,4,0,1,0,3,1,0,0,1,1,1,5,0,5,0,6,5,9,0
10,14,4,1,1,0,3,0,0,11,1,1,1,0,0,3,0,5,10,3,1
1,15,4,0,1,0,3,0,0,2,1,1,1,0,0,0,5,0,0,0,1
14,19,4,1,0,0,3,0,0,2,1,1,0,7,2,0,5,0,0,0,1
9,15,4,1,1,0,3,0,0,4,1,1,1,0,0,1,0,6,6,7,0
9,20,4,1,1,0,3,3,0,11,1,1,1,0,0,4,0,6,8,11,1
13,19,4,1,1,0,3,0,0,0,1,1,1,7,2,1,0,6,5,11,0
14,20,0,1,1,3,3,0,1,0,1,1,1,5,2,1,0,6,4,9,1
15,21,0,1,1,4,3,0,1,1,1,1,1,5,2,0,5,0,0,0,0
9,20,0,1,1,0,3,3,0,1,1,1,1,0,0,1,1,6,0,10,1
7,16,4,1,1,0,3,1,0,2,1,1,1,0,0,1,0,5,6,3,1
11,14,0,1,1,0,3,0,0,7,1,1,1,0,2,1,0,2,1,5,1
4,17,4,1,1,0,3,0,0,2,1,1,1,0,0,1,0,9,11,5,1
5,17,4,1,1,0,3,0,0,2,1,1,1,5,0,1,0,6,4,10,1
1,18,4,0,1,0,3,0,0,2,1,1,1,0,0,1,0,2,6,6,1
2,17,4,0,1,0,3,1,0,7,1,1,1,0,0,1,2,2,0,4,1
6,18,4,1,1,0,3,0,0,2,1,1,1,0,0,1,0,6,4,7,1
12,18,4,1,1,0,3,0,0,0,1,1,1,0,2,6,0,6,6,8,1
1,14,4,0,0,0,3,0,0,2,1,1,0,7,0,0,5,0,0,0,1
7,6,0,0,1,4,3,0,1,0,1,1,1,8,0,1,0,3,8,10,0
4,19,3,1,1,0,0,3,0,0,1,1,0,7,1,5,3,9,3,6,1
0,15,4,0,1,0,0,1,0,6,1,1,1,0,0,5,3,6,2,6,1
10,20,4,1,1,0,3,1,0,2,1,1,1,0,0,1,0,6,3,10,1
8,21,4,1,1,4,3,0,1,0,1,1,1,5,0,0,5,0,0,0,0
10,15,4,0,1,0,3,0,0,5,1,1,1,0,0,1,0,6,2,13,1
10,20,4,0,1,4,3,1,1,11,1,1,1,8,0,1,0,7,8,7,1
0,18,4,0,1,0,3,0,0,2,1,1,1,0,0,1,5,4,0,3,1
12,21,4,0,1,4,3,0,1,11,1,1,1,5,2,1,0,6,4,14,1
6,15,0,0,1,3,3,0,1,2,1,1,1,0,0,0,5,0,0,0,1
8,20,4,1,1,0,3,3,0,9,1,1,1,0,0,1,0,6,11,8,1
14,18,4,1,1,4,3,0,1,0,1,1,1,0,2,1,0,5,9,2,1
15,15,0,1,1,3,3,0,1,1,1,1,1,0,2,3,1,4,0,6,1
4,18,4,1,1,0,3,0,0,2,1,1,1,0,0,1,0,3,4,4,1
9,20,4,1,1,0,3,0,0,0,1,1,1,7,0,1,0,7,7,12,0
0,17,4,1,1,0,3,1,0,2,1,1,1,5,0,2,0,3,4,3,1
6,20,4,1,0,0,3,3,0,3,1,1,0,0,0,0,5,0,0,0,1
5,17,4,1,1,3,3,0,1,2,1,1,1,8,0,1,0,6,2,9,1
14,20,0,1,1,0,3,0,0,1,1,1,1,5,2,1,0,6,11,14,1
3,15,4,1,1,0,3,3,0,2,1,1,1,0,0,9,2,0,0,0,1
3,19,4,0,1,4,3,0,1,0,1,1,1,0,0,1,0,6,4,6,0
9,18,4,1,1,0,3,1,0,0,1,1,1,0,0,1,2,1,0,3,1
5,20,4,0,1,0,3,0,0,7,1,1,1,0,0,1,0,6,8,6,1
11,15,4,1,0,0,3,1,0,0,0,1,1,2,2,1,0,7,5,2,1
3,16,4,0,1,0,3,0,0,3,1,1,1,0,0,1,0,7,2,5,1
15,20,4,1,1,4,3,3,1,11,1,1,1,1,2,0,5,0,0,0,0
9,18,4,1,1,0,3,0,0,0,1,1,1,0,0,0,5,0,0,0,1
8,20,0,1,1,4,3,0,1,0,1,1,1,5,0,1,0,3,9,14,0
13,18,0,1,1,0,3,1,0,0,1,1,1,0,2,4,0,8,3,11,1
6,19,4,1,1,0,3,1,0,12,1,1,1,0,0,1,0,6,3,11,0
13,20,0,1,1,0,3,3,0,1,1,1,1,0,2,2,0,6,2,10,0
10,18,0,0,1,0,3,0,0,1,1,1,1,0,0,1,0,6,8,12,1
15,18,0,1,1,0,3,1,0,1,1,1,1,0,2,1,5,0,0,0,0
0,18,4,1,1,4,3,0,1,9,1,1,1,5,0,0,5,0,0,0,1
15,15,4,1,1,0,3,1,0,2,1,1,1,7,2,0,5,0,0,2,1
8,18,4,0,0,0,3,0,0,2,1,1,0,0,0,0,5,0,0,5,1
5,20,4,0,1,0,3,0,0,2,1,1,1,0,0,2,5,0,0,0,1
3,19,4,0,1,0,3,3,0,2,1,1,1,0,0,0,5,0,0,0,1
3,18,4,1,1,0,3,3,0,9,1,1,1,7,0,1,2,6,0,8,1
5,17,4,1,1,0,3,3,0,2,1,1,1,1,0,1,0,6,3,9,0
12,20,4,0,1,0,3,1,0,0,1,1,1,0,2,1,0,9,10,14,1
13,21,4,0,1,0,3,0,0,0,1,1,1,0,2,1,0,7,8,10,0
0,15,4,0,0,2,3,1,0,3,0,0,1,0,0,1,2,0,0,2,0
7,18,4,0,1,0,3,1,0,0,1,1,1,0,0,1,0,6,2,10,1
4,20,4,1,1,0,3,3,0,7,1,1,1,5,0,1,0,3,3,9,1
8,18,0,1,1,0,3,1,0,1,1,1,1,0,0,1,5,0,0,4,1
12,21,4,1,1,0,3,0,0,16,1,1,1,0,2,2,0,9,2,7,1
7,18,4,0,1,0,3,0,0,2,1,1,1,0,0,1,0,9,6,10,1
6,18,0,1,1,0,3,0,0,2,1,1,1,7,0,1,0,5,5,3,1
11,2,0,0,1,0,0,0,0,16,1,1,1,2,0,5,3,5,5,4,0
10,21,4,0,1,0,3,0,0,0,1,1,1,0,0,3,0,6,4,11,1
13,18,4,1,1,0,3,1,0,0,1,1,1,0,2,2,0,5,11,3,1
15,21,0,1,1,4,3,0,1,1,1,1,1,0,2,1,0,6,6,9,0
12,15,3,0,1,0,3,3,0,2,1,1,1,0,2,0,5,0,0,4,1
13,13,4,0,0,0,3,0,0,15,1,1,0,1,2,1,5,0,0,0,1
10,0,4,0,1,0,1,3,0,10,1,0,1,0,0,6,0,8,7,11,1
0,15,4,1,1,0,3,0,0,2,1,1,1,0,0,1,0,6,8,9,1
12,20,4,0,1,0,3,1,0,11,1,1,1,0,2,1,0,7,2,14,0
1,14,4,0,1,0,3,3,0,12,1,1,1,0,0,1,0,8,8,12,1
6,18,4,1,1,0,3,0,0,2,1,1,1,0,0,1,0,2,3,4,1
8,15,0,1,1,4,3,0,1,0,1,1,1,0,0,1,5,6,0,7,1
1,18,4,0,1,0,3,1,0,2,1,1,1,0,0,0,5,0,0,0,1
14,18,0,0,1,0,3,1,0,0,1,1,1,0,2,6,5,0,0,0,0
15,18,4,1,1,0,3,1,0,0,1,1,1,0,2,6,5,0,0,0,1
15,18,0,0,1,0,3,0,0,0,1,1,1,0,2,0,5,0,0,0,1
12,20,4,1,1,2,3,3,0,3,1,1,1,0,2,1,0,6,8,13,1
2,18,4,1,1,0,3,3,0,2,1,1,1,7,0,1,0,2,2,2,1
9,19,4,1,1,0,3,0,0,0,1,1,1,0,0,1,0,6,4,7,0
11,23,0,0,1,4,3,0,1,1,1,1,1,5,2,1,0,8,8,14,0
10,15,4,0,1,0,3,1,0,0,1,1,1,0,0,1,0,6,4,9,1
14,15,0,1,1,0,3,3,0,8,1,1,1,0,2,0,5,0,0,0,1
0,17,4,0,1,0,3,0,0,2,1,1,1,0,0,0,5,0,0,0,1
7,19,4,1,1,0,3,0,0,12,1,1,1,0,0,6,5,0,0,0,1
10,21,4,1,1,0,3,1,0,2,1,1,1,0,0,1,0,6,3,7,1
5,19,4,0,1,0,3,3,0,2,1,1,1,0,0,1,0,9,11,3,1
3,18,4,0,1,0,3,0,0,14,1,1,1,7,0,1,0,8,6,9,0
1,18,4,1,1,0,3,1,0,16,1,1,1,0,0,1,5,2,0,2,0
15,20,0,0,1,0,3,1,0,1,1,1,1,0,2,3,0,5,2,13,1
14,13,4,0,1,0,3,3,0,2,1,1,1,0,2,1,0,6,4,6,1
0,19,4,0,1,0,3,0,0,16,1,1,1,0,0,1,0,8,2,6,0
12,20,0,1,0,0,3,3,0,1,1,1,1,5,2,4,0,2,4,4,0
5,17,4,1,1,2,3,3,0,0,1,1,1,0,0,1,0,4,3,3,1
7,18,4,1,1,0,3,0,0,0,1,1,1,0,0,6,0,4,6,5,0
11,20,0,1,1,4,3,0,1,0,1,1,1,7,2,3,2,0,0,0,1
8,20,4,0,1,0,3,0,0,12,1,1,1,0,0,1,0,7,5,12,1
10,18,0,1,1,0,3,1,0,0,1,1,1,8,0,1,2,1,0,5,1
8,0,4,0,1,4,3,0,1,2,1,1,1,5,0,0,5,0,0,0,1
3,18,4,1,1,0,3,0,0,9,1,1,1,0,0,1,0,6,6,8,1
15,20,0,0,1,3,3,0,1,0,1,1,1,5,2,4,0,6,10,12,1
3,20,4,0,1,0,3,1,0,2,1,1,1,0,0,1,0,5,4,2,0
10,20,0,0,1,0,3,1,0,0,1,1,1,0,0,2,0,6,3,13,1
6,19,4,0,1,0,3,1,0,2,1,1,1,0,0,1,0,6,6,11,1
0,8,4,0,1,0,3,2,0,16,1,1,1,0,0,1,1,1,0,1,0
3,13,4,0,1,4,3,3,1,2,1,1,1,7,0,0,5,0,0,7,1
15,15,4,1,0,0,3,3,0,2,1,1,0,5,2,6,0,3,0,8,1
8,20,4,1,1,0,3,1,0,0,1,1,1,0,0,2,0,9,2,14,0
8,18,4,0,1,0,3,3,0,11,1,1,1,5,0,2,0,6,11,3,0
15,15,4,1,1,0,3,0,0,2,1,1,1,0,2,1,0,6,2,6,1
12,15,0,0,1,3,3,1,1,0,1,1,1,5,2,1,0,6,3,12,1
10,20,0,0,1,0,3,3,0,1,1,1,1,0,0,1,0,8,10,11,0
4,19,4,0,1,0,3,0,0,2,1,1,1,0,0,1,0,3,3,8,1
11,20,4,0,1,0,3,1,0,12,1,1,1,0,2,1,0,6,6,6,1
10,15,4,1,1,0,3,1,0,14,1,1,1,0,0,1,0,6,1,10,1
14,8,4,0,1,4,3,3,1,11,1,1,1,0,2,1,0,6,4,14,1
9,17,0,1,1,0,3,0,0,1,1,0,1,0,0,6,0,6,0,11,1
4,20,4,0,1,4,3,0,1,2,1,1,1,0,0,1,0,6,8,9,1
14,15,0,1,1,4,3,0,1,1,1,1,1,0,2,1,0,6,4,12,1
13,20,4,0,1,4,3,0,1,0,1,1,1,5,2,1,0,6,10,14,0
15,13,4,0,1,0,3,3,0,2,1,1,1,0,2,6,5,0,0,3,1
9,15,4,0,1,0,3,0,0,11,1,1,1,5,0,1,0,6,6,11,1
11,11,0,1,0,4,3,0,1,1,1,1,1,0,2,1,5,0,0,0,1
6,20,4,1,1,2,3,3,0,3,1,1,1,0,0,1,0,2,8,13,0
10,21,4,0,1,0,3,0,0,0,1,1,1,0,0,3,2,0,0,0,0
6,20,4,0,1,0,3,0,0,12,1,1,1,0,0,1,0,8,2,14,0
10,15,0,0,1,0,3,0,0,1,1,1,1,5,0,7,0,9,11,14,1
15,20,0,1,1,3,3,3,1,1,1,1,1,5,2,1,0,7,5,12,0
15,19,4,1,1,0,3,1,0,2,1,1,1,0,2,4,0,6,10,6,1
5,18,4,0,1,0,3,3,0,16,1,1,1,0,0,4,5,5,0,3,0
9,18,4,1,1,0,3,3,0,11,1,1,1,7,0,1,0,6,3,11,1
14,19,4,1,1,0,3,1,0,2,1,1,1,0,2,1,0,6,2,7,1
2,18,4,1,1,0,3,0,0,2,1,1,1,0,0,0,5,0,0,0,1
11,19,4,0,1,0,3,3,0,0,1,1,1,0,2,3,0,8,7,12,1
13,15,4,0,1,0,3,0,0,15,1,1,1,7,2,0,5,0,0,0,1
14,20,4,0,1,4,3,1,1,0,1,1,1,0,2,1,0,4,2,3,0
3,19,4,1,1,0,3,1,0,2,1,1,1,0,0,0,5,0,0,0,1
6,15,4,0,1,0,3,1,0,0,1,1,1,0,0,1,0,6,6,13,1
4,20,4,1,1,0,3,1,0,0,1,1,1,0,0,1,0,1,9,6,0
8,16,4,0,0,0,3,3,0,2,1,1,0,0,0,1,0,6,3,7,1
9,20,4,0,1,3,3,0,1,11,1,1,1,7,0,1,0,6,4,9,0
11,20,4,1,1,3,3,1,1,0,1,1,1,0,2,1,0,7,6,14,1
10,21,0,1,1,0,3,0,0,1,1,1,1,0,0,1,0,6,2,13,0
0,15,4,0,1,0,3,0,0,2,1,1,1,5,0,1,5,0,0,0,0
8,21,0,0,1,0,3,0,0,0,1,1,1,0,0,6,0,6,0,13,1
15,21,4,1,1,0,3,1,0,0,1,1,1,0,2,1,0,6,8,14,1
4,21,4,1,1,0,3,0,0,2,1,1,1,5,0,2,0,2,2,3,1
6,18,0,1,1,4,3,3,1,1,1,1,1,0,0,2,0,1,8,2,0
14,18,0,1,1,0,3,3,0,0,1,1,1,5,2,0,5,0,0,0,1
2,19,2,1,1,0,3,1,0,0,1,1,1,0,0,3,5,2,0,5,0
4,15,4,0,1,0,3,0,0,3,1,1,1,1,0,1,0,6,2,13,1
12,20,4,1,1,4,3,0,1,0,1,1,1,5,2,1,0,6,11,14,1
2,15,4,0,1,4,3,0,1,2,1,1,1,7,0,1,0,6,6,6,1
15,23,0,0,1,3,3,0,1,0,1,1,1,5,2,1,0,8,2,14,1
4,18,4,0,1,0,3,0,0,2,1,1,1,7,0,1,0,6,6,6,1
0,15,4,0,1,0,3,0,0,11,1,1,1,0,0,1,5,1,0,2,0
2,18,4,1,1,0,3,3,0,2,1,1,1,0,0,1,2,3,0,4,1
8,1,4,1,1,4,3,3,1,11,1,1,1,5,0,3,0,6,3,11,0
8,20,4,0,1,0,3,1,0,2,1,1,1,0,0,6,0,6,0,11,1
5,17,4,0,1,0,3,1,0,2,1,1,1,8,0,1,0,1,2,3,1
14,21,0,0,1,0,3,0,0,0,1,1,1,5,2,1,0,6,4,13,1
6,17,4,0,1,0,3,3,0,0,1,1,1,0,0,4,0,2,3,12,1
12,20,0,0,1,0,3,1,0,1,1,1,1,0,2,1,0,6,2,14,1
12,20,0,1,1,4,3,0,1,1,1,1,1,5,2,1,5,0,0,0,0
5,20,4,0,1,0,3,1,0,12,1,1,1,7,0,6,0,5,0,9,0
0,15,4,1,1,0,3,3,0,10,1,1,1,0,0,1,0,6,0,3,1
5,20,4,0,1,0,3,0,0,11,1,1,1,5,0,1,0,5,3,6,0
2,19,4,1,1,0,3,1,0,2,1,1,1,0,0,3,2,0,0,0,1
15,15,4,0,0,0,3,1,0,0,0,1,1,0,2,4,0,5,9,10,0
4,21,4,1,1,0,3,1,0,2,1,1,1,0,0,1,2,2,0,3,1
6,17,0,0,1,0,3,0,0,0,1,1,1,0,0,1,0,6,6,12,1
12,18,0,0,1,0,3,0,0,0,1,1,1,0,2,6,0,6,4,12,1
12,17,4,0,1,0,3,0,0,0,1,1,1,0,2,1,0,8,3,13,1
0,17,4,1,1,0,3,0,0,2,1,1,1,5,0,0,5,0,0,0,1
1,17,1,0,1,3,0,1,0,16,1,1,1,0,0,5,3,9,5,9,1
11,20,4,1,1,4,3,0,1,0,1,1,1,5,2,1,0,4,3,8,1
6,21,0,0,1,0,3,0,0,0,1,1,1,0,0,1,0,6,3,14,0
11,15,4,0,1,0,3,0,0,15,1,1,1,0,0,2,2,6,0,2,0
15,16,2,0,1,4,3,0,1,2,1,1,1,0,2,1,5,6,0,7,1
12,11,2,0,1,4,3,0,1,0,1,1,1,0,2,1,0,9,8,14,1
14,23,4,0,1,4,3,0,1,0,1,1,1,0,2,7,0,9,11,14,1
13,20,4,1,1,3,3,3,1,0,1,1,1,0,2,1,0,6,7,13,1
9,17,2,0,1,4,3,0,1,0,1,1,1,0,0,1,5,0,0,0,1
7,22,0,1,1,4,3,0,1,1,1,1,1,0,0,1,1,8,0,13,1
15,15,4,1,0,0,3,1,0,0,1,1,0,0,2,0,5,0,0,6,1
7,20,4,1,1,0,3,1,0,2,1,1,1,0,0,1,0,6,4,10,0
4,15,4,0,1,0,3,0,0,2,1,1,1,8,0,1,0,6,10,10,1
12,13,4,0,1,0,3,0,0,15,1,1,1,7,2,1,5,0,0,0,1
7,21,4,1,1,0,3,0,0,11,1,1,1,5,0,1,0,5,3,10,0
10,20,4,0,1,0,3,0,0,5,1,1,1,0,0,2,0,9,6,10,0
14,20,4,1,0,0,3,0,0,0,1,1,0,0,2,1,0,6,3,13,1
10,15,0,0,1,0,3,1,0,1,1,1,1,0,0,0,5,0,0,2,0
10,20,4,0,1,0,3,1,0,0,1,1,1,5,0,6,0,6,6,12,1
13,21,0,0,1,0,3,0,0,1,1,1,1,5,2,1,0,6,10,14,1
6,19,4,1,1,0,3,0,0,12,1,1,1,0,0,1,0,6,3,11,0
10,20,0,1,1,0,3,1,0,0,1,1,1,8,0,6,0,1,8,5,0
1,18,4,0,1,0,3,0,0,16,1,1,1,1,0,2,5,1,0,1,0
10,21,0,1,1,0,3,0,0,0,1,1,1,0,0,4,0,8,4,12,0
14,18,4,0,1,0,3,0,0,2,1,1,1,0,2,1,0,6,3,10,1
9,20,4,1,1,3,3,0,1,2,1,1,1,5,0,1,0,7,8,13,1
8,21,0,0,1,3,3,0,1,1,1,1,1,0,0,1,0,6,8,14,1
0,17,4,1,1,0,3,0,0,2,1,1,1,0,0,1,0,4,8,2,1
7,15,4,1,1,0,3,0,0,5,1,1,1,7,0,1,0,6,4,6,1
12,21,0,1,1,0,3,0,0,0,1,1,1,8,2,1,0,6,10,14,1
15,19,0,0,1,0,3,0,0,0,1,1,1,0,2,4,0,6,5,14,1
9,20,4,0,1,0,3,1,0,12,1,1,1,0,0,1,0,6,8,14,1
11,18,0,1,1,0,3,0,0,0,1,1,1,5,2,2,0,1,2,2,0
1,19,4,0,1,0,3,3,0,11,1,1,1,0,0,1,0,4,10,4,1
9,20,4,1,1,0,3,1,0,2,1,1,1,8,0,3,5,1,0,1,1
13,20,0,1,1,0,3,0,0,1,1,1,1,0,2,1,1,6,0,10,1
0,15,4,0,1,4,3,3,1,9,1,1,1,7,0,1,0,2,2,3,0
7,15,4,1,1,0,3,1,0,2,1,1,1,0,0,1,0,6,6,5,1
12,20,4,1,1,0,3,1,0,2,1,1,1,8,2,1,0,8,6,12,1
4,18,4,0,1,0,3,1,0,2,1,1,1,7,0,1,0,2,11,3,1
0,15,4,0,1,0,3,3,0,2,1,1,1,0,0,0,5,0,0,0,1
14,16,4,0,1,0,3,0,0,2,1,1,1,5,2,1,0,6,11,13,1
0,18,4,0,1,0,3,0,0,16,1,1,1,5,0,1,0,1,1,3,0
12,20,0,0,1,0,3,1,0,1,1,1,1,0,2,1,0,9,11,12,1
0,15,4,0,1,0,3,0,0,2,1,1,1,0,0,1,0,2,4,2,1
4,18,4,1,1,0,3,1,0,4,1,1,1,0,0,1,5,0,0,0,1
9,13,0,0,1,0,3,0,1,0,1,1,1,0,0,6,0,8,4,6,1
2,18,4,1,1,0,3,0,0,2,1,1,1,7,0,1,2,2,0,3,1
14,17,0,0,1,0,3,3,0,0,1,1,1,0,2,1,0,6,6,13,1
14,15,4,0,1,0,3,0,0,9,1,1,1,5,0,1,0,5,3,8,1
1,18,4,0,1,0,3,0,0,2,1,1,1,7,0,1,0,6,8,10,1
4,17,4,0,1,0,3,0,0,2,1,1,1,7,0,1,2,6,0,9,1
12,17,2,1,1,0,3,0,0,0,1,1,1,7,2,3,0,9,3,11,1
7,20,0,1,1,0,3,1,0,1,1,1,1,0,0,1,5,0,0,0,1
5,15,4,1,0,0,3,0,0,2,1,1,1,0,0,1,0,6,6,5,1
7,20,4,0,1,0,3,1,0,0,1,1,1,0,0,1,0,6,5,14,1
15,19,2,0,0,0,3,1,0,5,0,1,0,7,1,2,3,9,3,13,1
4,20,0,0,0,0,3,0,0,2,1,1,1,0,0,1,0,6,6,5,1
15,13,4,0,0,4,3,0,1,0,1,1,0,0,2,1,5,0,0,6,1
14,20,4,1,1,0,3,0,0,0,1,1,1,0,2,1,0,8,3,10,1
4,15,4,1,1,0,3,3,0,3,1,1,1,1,0,1,0,3,2,5,1
8,21,4,0,1,4,3,0,1,5,1,1,1,5,0,1,0,2,3,2,1
15,20,0,0,1,3,3,1,1,0,1,1,1,0,2,1,0,8,3,14,1
0,17,4,0,1,0,3,0,0,2,1,1,1,5,0,3,0,4,4,3,1
10,21,4,1,1,0,3,0,0,2,1,1,1,5,0,4,0,1,1,1,1
2,18,4,1,1,0,3,0,0,2,1,1,1,0,0,1,5,1,0,2,1
15,20,4,0,1,0,3,0,0,2,1,1,1,5,2,1,5,6,0,6,1
6,20,4,0,1,0,3,0,0,3,1,1,1,1,0,1,0,6,2,13,1
12,20,0,0,1,0,3,3,0,1,1,1,1,0,2,1,0,6,0,14,0
13,18,4,1,0,0,3,0,0,2,1,1,0,0,2,1,0,1,2,5,1
10,19,4,1,1,0,3,0,0,2,1,1,1,0,0,1,5,0,0,0,1
8,21,4,1,1,0,3,1,0,0,1,1,1,8,0,1,0,5,0,8,0
11,21,0,1,1,4,3,0,1,1,1,1,1,0,2,0,5,0,0,0,1
5,18,4,1,1,0,3,0,0,12,1,1,1,1,0,3,0,2,3,3,1
13,18,4,0,1,0,3,1,0,0,1,1,1,0,2,1,0,7,10,12,1
3,13,4,0,1,0,3,0,0,15,1,1,1,1,0,0,5,0,0,0,0
14,8,2,0,1,0,3,0,0,12,1,1,1,0,2,1,0,6,4,12,0
10,15,4,0,1,0,3,3,0,12,1,1,1,7,0,1,0,8,11,9,1
15,13,0,0,1,4,3,0,1,1,1,1,1,7,2,1,2,4,0,6,1
15,20,4,1,1,0,3,1,0,12,1,1,1,0,2,1,5,6,0,2,1
4,18,4,0,1,0,1,3,0,0,1,1,1,0,0,1,0,6,7,9,1
9,21,4,0,1,0,3,0,0,2,1,1,1,0,0,1,0,8,3,12,1
15,20,4,0,1,0,3,0,0,0,1,1,1,0,2,3,0,6,1,13,1
2,15,4,0,0,0,3,0,0,2,1,1,0,0,0,0,5,0,0,0,1
15,20,0,0,1,0,3,0,0,1,1,1,1,0,2,1,0,6,11,14,0
3,18,4,0,1,0,0,0,0,16,1,1,1,1,0,5,3,6,1,6,0
9,20,4,1,1,0,3,1,0,0,1,1,1,0,0,1,0,6,2,13,1
3,15,0,1,1,0,3,0,0,1,1,1,1,0,0,1,1,2,0,2,0
15,20,4,0,1,0,3,0,0,11,1,1,1,0,2,1,5,6,0,14,1
1,18,4,0,1,0,3,0,0,2,1,1,1,1,0,3,0,1,4,1,1
5,20,4,1,1,4,3,0,1,11,1,1,1,0,0,1,0,6,6,6,1
3,15,4,1,1,0,3,0,0,2,1,1,1,0,0,2,0,2,1,3,1
10,20,4,1,1,0,3,1,0,2,1,1,1,7,0,1,0,3,3,9,1
9,21,0,1,1,0,3,0,0,0,1,1,1,5,0,3,0,4,4,13,1
12,15,4,0,1,3,3,0,1,2,1,1,1,5,2,1,5,0,0,0,1
9,17,4,0,1,0,3,0,0,2,1,1,1,0,0,1,0,6,4,8,1
2,22,4,0,1,0,3,0,0,11,1,1,1,7,0,1,0,7,6,11,0
1,18,4,0,1,0,3,0,0,7,1,1,1,1,0,0,5,0,0,0,1
1,18,4,0,1,0,3,0,0,2,1,1,1,7,0,1,0,6,11,8,1
15,13,0,0,1,4,3,0,1,1,1,1,1,0,2,6,5,0,0,0,1
14,20,0,0,1,4,3,1,1,1,1,1,1,0,2,1,0,8,0,11,0
15,20,0,1,1,0,3,0,0,0,1,1,1,7,2,1,0,6,1,12,1
12,14,0,0,1,4,3,1,1,0,1,1,1,8,2,1,5,0,0,0,1
6,13,4,0,1,0,3,0,0,15,1,1,1,1,0,1,5,0,0,2,0
11,10,2,0,1,4,3,0,1,7,1,1,1,0,2,0,5,0,0,0,1
7,16,4,0,1,0,3,0,0,2,1,1,1,0,0,2,0,6,1,10,1
2,18,4,1,1,0,3,1,0,0,1,1,1,0,0,1,0,4,2,4,1
5,20,4,1,1,4,3,0,1,0,1,1,1,0,0,2,5,0,0,0,0
11,21,4,1,1,0,3,0,0,11,1,1,1,5,2,3,0,6,10,11,1
6,18,0,1,1,0,3,1,0,0,1,1,1,0,0,1,0,6,2,5,0
13,21,4,1,1,0,3,1,0,12,1,1,1,0,2,1,0,6,4,13,0
6,21,4,0,1,0,3,0,0,2,1,1,1,5,0,1,0,6,6,12,1
3,20,4,1,1,0,3,3,0,2,1,1,1,0,0,1,2,1,0,3,1
2,15,4,0,1,0,3,0,0,2,1,1,1,7,0,1,0,6,5,7,1
14,20,0,1,1,0,3,0,0,1,1,1,1,0,2,1,0,6,0,9,1
2,18,4,0,1,0,0,0,0,16,1,1,1,0,0,5,3,2,1,5,1
10,17,0,1,1,0,3,3,0,1,1,1,1,0,0,1,1,3,0,11,1
8,15,4,0,1,0,3,0,0,7,1,1,1,0,0,1,0,9,3,12,1
8,11,4,0,1,4,3,0,1,0,1,1,1,7,0,1,0,9,8,14,1
6,21,4,1,1,0,3,0,0,2,1,1,1,1,0,8,0,6,3,11,1
0,18,4,0,1,0,3,0,0,2,1,1,1,0,0,0,5,0,0,0,1
10,15,4,1,1,0,3,0,0,2,1,1,1,0,0,1,0,6,3,8,1
11,20,4,0,0,0,3,0,0,15,1,1,1,5,2,0,5,0,0,0,1
4,19,4,1,1,0,3,0,0,11,1,1,1,7,0,1,0,6,11,3,0
12,18,0,1,1,0,3,0,0,0,1,1,1,1,0,6,0,2,3,4,0
1,15,4,1,1,4,3,0,1,10,1,1,1,5,0,0,5,0,0,0,0
8,15,4,0,1,0,3,0,0,2,1,1,1,5,0,0,5,0,0,1,1
10,20,0,1,1,0,3,0,0,0,1,1,1,5,0,1,0,8,8,14,1
13,17,0,0,1,0,3,3,0,0,1,1,1,5,2,1,0,6,4,9,1
0,12,4,0,1,2,3,0,0,2,1,1,1,8,0,1,0,6,10,9,1
9,23,4,0,1,0,3,3,0,2,1,1,1,8,0,8,5,6,0,10,1
13,20,4,1,1,0,3,0,0,2,1,1,1,0,2,2,0,6,6,7,1
1,17,4,0,1,4,3,0,1,2,1,1,1,5,0,1,0,1,2,5,1
7,15,4,1,1,0,3,1,0,0,1,1,1,0,0,7,0,5,3,9,1
9,18,4,1,1,0,3,0,0,9,1,1,1,0,0,1,0,6,8,10,1
8,20,4,1,1,0,3,2,0,0,1,1,1,0,0,1,5,6,0,1,1
15,20,4,1,1,0,3,1,0,0,1,1,1,0,2,4,0,7,8,14,1
11,20,4,0,1,3,3,0,1,0,1,1,1,5,2,1,0,6,3,12,1
8,13,4,0,0,4,3,0,1,15,1,1,1,7,0,0,5,0,0,0,1
0,15,4,1,1,0,3,3,0,2,1,1,1,0,0,3,5,0,0,0,1
11,22,4,0,1,0,3,1,0,7,1,1,1,0,2,1,0,9,6,14,1
8,20,4,1,1,3,3,0,1,2,1,1,1,5,0,1,0,6,4,10,1
9,20,4,0,1,0,3,0,0,12,1,1,1,5,0,4,0,9,2,11,1
12,18,0,1,1,0,3,0,0,0,1,1,1,0,2,1,2,6,0,6,1
1,14,4,1,1,0,3,2,0,2,1,1,1,0,0,0,5,0,0,1,1
3,18,4,0,0,0,3,3,0,2,1,1,0,0,0,2,0,1,6,3,1
6,17,0,0,1,0,2,1,0,1,1,1,1,7,2,5,4,6,4,6,0
5,20,4,1,1,0,3,0,0,2,1,1,1,5,0,0,5,0,0,0,1
1,15,4,1,0,0,3,3,0,2,1,1,0,0,0,0,5,0,0,4,1
8,13,0,0,1,0,3,0,0,8,1,1,1,0,0,1,0,8,2,13,1
3,17,4,1,1,0,3,3,0,2,1,1,1,7,0,1,0,6,2,5,1
6,20,0,1,1,0,3,1,0,0,1,1,1,8,0,4,0,1,1,2,0
3,15,4,0,1,0,3,0,0,3,1,1,1,1,0,1,0,3,2,5,1
2,18,4,0,1,0,3,1,0,16,1,1,1,0,0,1,0,2,5,5,1
9,15,0,1,1,0,3,0,0,1,1,1,1,5,0,1,0,6,2,7,1
6,15,4,0,1,0,3,0,0,14,1,1,1,0,0,1,0,6,6,7,1
9,20,0,1,1,4,3,0,1,1,1,1,1,0,0,1,0,3,2,4,1
0,18,4,0,1,0,3,3,0,2,1,1,1,0,0,0,5,0,0,0,1
8,18,4,1,1,0,3,1,0,0,1,1,1,0,0,1,0,6,8,12,1
2,18,4,0,1,0,3,1,0,16,1,1,1,0,0,3,5,1,0,1,1
10,15,0,0,1,0,3,0,0,1,1,1,1,0,0,1,2,0,0,0,1
10,19,4,1,1,0,3,1,0,0,1,1,1,8,0,3,0,6,4,12,0
3,20,4,1,1,0,3,1,0,0,1,1,1,8,0,5,5,6,0,5,0
8,18,4,0,1,4,3,0,1,0,1,1,1,5,0,1,0,7,4,10,1
2,22,4,0,1,0,3,0,0,0,1,1,1,0,0,7,0,7,3,14,1
15,13,4,0,1,0,3,1,0,0,1,1,1,8,2,1,0,6,6,13,1
7,20,4,0,1,0,3,1,0,2,1,1,1,0,0,7,0,6,8,9,1
2,17,0,1,1,0,3,3,0,8,1,1,1,0,0,0,5,0,0,0,1
10,14,0,1,1,0,3,3,0,0,1,1,1,0,0,0,5,0,0,0,1
11,8,0,0,1,4,3,3,1,16,1,1,1,7,2,1,0,6,4,6,1
6,18,4,0,1,0,3,1,0,2,1,1,1,0,0,3,0,4,10,12,1
0,18,4,0,1,0,3,0,0,2,1,1,1,0,0,1,0,3,6,8,1
8,17,4,0,1,0,3,0,0,0,1,1,1,0,0,3,0,6,2,9,0
1,15,4,1,1,0,3,0,0,2,1,1,1,0,0,0,5,0,0,0,1
5,15,4,0,1,0,3,0,0,2,1,1,1,0,0,1,5,0,0,0,0
9,15,0,0,1,4,3,0,1,0,1,1,1,7,0,1,0,6,3,9,0
8,19,0,0,1,3,3,0,1,2,1,1,1,0,0,1,0,8,3,10,1
9,20,4,0,1,0,3,1,0,12,1,1,1,0,0,1,0,6,6,13,1
8,18,0,0,1,0,3,1,0,0,1,1,1,0,0,1,0,6,8,8,1
14,14,0,0,1,0,3,0,0,0,1,1,1,0,2,1,0,6,5,14,1
15,22,0,1,1,0,3,0,0,1,1,1,1,0,2,1,0,7,4,11,1
9,18,0,0,1,3,3,0,1,1,1,1,1,5,0,1,0,6,2,8,0
8,20,4,0,1,0,3,1,0,0,1,1,1,0,0,1,0,7,11,13,0
7,15,4,0,1,0,3,0,0,2,1,1,1,5,0,1,0,6,4,5,1
9,20,4,1,1,0,3,0,0,2,1,1,1,0,0,2,0,6,11,9,1
3,19,4,1,1,0,3,0,0,12,1,1,1,7,0,2,0,6,3,9,1
3,18,4,1,1,0,3,0,0,2,1,1,1,0,0,1,0,6,4,10,1
8,15,4,1,1,0,3,0,0,2,1,1,1,0,0,1,0,6,4,9,1
1,18,4,1,1,0,3,0,0,11,1,1,1,0,0,0,5,0,0,0,0
8,17,0,0,1,3,3,3,1,1,1,1,1,0,0,1,0,6,4,9,1
1,18,4,0,1,0,3,0,0,2,1,1,1,7,0,1,0,4,3,5,1
11,20,4,0,1,0,3,0,0,0,1,1,1,0,2,2,0,9,8,12,0
0,17,4,1,0,4,3,0,1,16,1,1,0,0,0,2,5,1,0,3,0
1,18,4,1,1,0,3,3,0,2,1,1,1,1,0,1,5,0,0,0,1
8,15,2,0,1,4,3,0,1,12,1,1,1,0,0,1,0,6,2,7,0
10,0,4,0,0,0,3,3,0,4,0,1,0,6,0,0,1,0,0,12,1
6,15,4,0,1,0,3,1,0,2,1,1,1,0,0,1,5,0,0,4,1
13,19,0,1,1,3,3,0,1,1,1,1,1,5,2,1,5,0,0,0,0
0,15,4,0,1,0,3,0,0,16,1,1,1,0,0,1,0,2,1,3,1
8,21,4,1,1,0,3,0,0,0,1,1,1,0,0,2,0,6,2,13,1
8,15,0,0,1,4,3,1,1,8,1,1,1,0,0,1,0,7,0,1,1
9,15,4,0,1,0,3,0,0,2,1,1,1,0,0,1,0,6,6,5,1
14,18,0,1,1,0,3,1,0,0,1,1,1,0,2,1,0,8,4,9,1
10,14,0,1,1,0,3,0,0,2,1,1,1,0,0,0,5,0,0,0,1
2,19,4,1,0,0,3,0,0,2,1,1,0,7,0,0,5,0,0,0,1
14,8,0,0,1,3,3,2,1,0,1,1,1,0,2,1,5,0,0,1,0
5,17,4,1,1,0,3,0,0,0,1,1,1,0,0,1,0,6,5,9,1
3,17,4,0,1,0,3,3,0,2,1,1,1,7,0,1,0,6,2,8,1
13,20,0,1,1,0,3,1,0,0,1,1,1,0,2,1,0,6,5,13,0
9,20,4,1,1,0,3,3,0,0,1,1,1,5,0,1,0,3,4,8,0
9,0,4,1,1,0,3,1,0,2,1,1,1,8,0,1,1,3,0,6,1
0,17,4,0,0,0,3,1,0,16,1,1,0,8,0,0,5,0,0,0,0
4,15,0,0,0,0,3,0,0,14,1,1,1,0,0,1,0,2,6,4,0
2,15,4,0,1,0,3,1,0,2,1,1,1,0,0,6,0,1,6,2,1
3,20,4,1,1,2,3,3,0,2,1,1,1,8,0,1,0,2,6,4,1
5,18,4,0,1,0,3,1,0,0,1,1,1,0,0,1,0,6,3,11,1
9,15,0,1,1,0,3,1,0,2,1,1,1,0,0,1,0,6,3,11,1
15,15,0,0,1,0,3,0,0,15,1,1,1,0,2,1,5,6,0,1,1
14,15,0,0,1,0,3,0,0,0,1,1,1,1,2,1,0,4,4,1,1
0,15,4,1,1,0,3,1,0,7,1,1,1,0,0,1,2,0,0,0,1
4,20,4,1,0,0,3,2,0,2,1,1,0,3,2,5,4,3,3,6,0
8,20,4,0,1,0,3,0,0,0,1,1,1,1,0,1,0,6,3,9,1
12,18,4,1,1,3,3,0,1,2,1,1,1,0,2,1,5,0,0,0,1
1,19,4,0,1,0,3,3,0,2,1,1,1,0,0,1,0,1,6,2,1
0,15,4,1,1,0,3,3,0,2,1,1,1,0,0,2,0,4,0,1,1
4,19,0,0,1,4,3,0,1,0,1,1,1,5,0,1,0,6,5,7,1
6,20,4,1,1,0,3,0,0,2,1,1,1,0,0,1,0,6,6,10,1
6,13,4,1,1,4,3,0,1,7,1,1,1,0,0,1,5,0,0,6,1
12,23,4,0,1,0,3,0,0,2,1,1,1,0,2,2,0,6,11,7,1
6,19,4,1,1,0,3,0,0,0,1,1,1,0,0,2,0,1,8,2,1
8,20,4,1,1,0,3,0,0,12,1,1,1,0,0,2,0,6,11,12,1
9,20,0,0,1,0,3,0,0,1,1,1,1,0,0,1,0,6,8,14,0
8,20,4,1,1,0,3,1,0,0,1,1,1,0,0,3,0,6,3,13,0
10,19,0,0,1,3,1,0,1,0,1,1,1,0,0,5,0,6,4,9,1
9,20,0,1,1,0,3,1,0,0,1,1,1,0,0,1,0,8,2,14,1
1,15,4,0,0,0,3,1,0,2,0,1,1,0,0,1,0,4,6,5,0
5,19,4,1,1,0,3,0,0,12,1,1,1,0,0,1,0,4,3,9,1
14,18,4,0,1,0,3,0,0,0,1,1,1,5,2,1,0,6,11,13,0
6,18,4,1,1,0,3,0,0,2,1,1,1,0,0,1,0,3,6,11,1
6,20,4,0,1,0,1,3,0,0,1,1,1,0,0,5,0,9,2,13,1
7,17,0,1,1,0,3,0,0,1,1,1,1,0,0,1,0,5,2,5,1
8,18,4,1,0,0,3,0,0,2,1,1,1,5,0,1,0,2,4,4,1
6,15,4,0,1,0,3,0,0,2,1,1,1,5,0,1,0,6,3,12,1
10,18,4,0,1,0,3,1,0,0,1,1,1,0,0,7,0,5,6,5,1
15,20,4,0,1,0,3,0,0,9,1,1,1,0,2,3,5,6,0,4,1
1,18,4,0,1,0,3,1,0,2,1,1,1,0,0,1,0,2,4,3,1
5,17,4,1,1,0,3,0,0,0,1,1,1,0,0,2,0,6,4,8,1
5,18,4,0,1,2,3,3,0,2,1,1,1,5,0,1,5,0,0,0,1
5,17,4,0,1,0,3,1,0,2,1,1,1,0,0,1,0,8,6,10,1
5,15,4,0,1,3,3,0,1,2,1,1,1,0,0,1,2,0,0,0,1
1,18,4,0,0,0,3,1,0,2,1,1,0,0,0,0,5,0,0,5,1
9,15,0,1,1,0,3,3,0,1,1,1,1,7,0,0,5,0,0,0,1
3,15,4,0,1,0,3,3,0,2,1,1,1,0,0,1,0,1,4,2,1
4,20,4,1,1,0,3,1,0,0,1,1,1,0,0,0,5,0,0,12,0
15,18,0,0,1,4,3,0,1,1,1,1,1,0,2,1,0,6,10,9,0
2,15,4,0,1,0,3,0,0,2,1,1,1,0,0,1,0,4,1,4,1
15,18,0,0,1,3,3,0,1,10,1,1,1,5,2,1,0,6,8,10,1
5,18,0,0,1,0,1,0,0,1,1,1,1,0,0,5,0,6,4,9,0
9,14,0,1,1,0,3,0,0,0,1,1,1,8,0,1,5,8,0,7,1
11,20,0,0,1,3,1,0,1,0,1,1,1,5,2,1,0,8,6,12,1
7,13,4,0,1,4,3,0,1,0,1,1,1,0,0,6,5,2,0,2,0
14,19,4,0,1,0,3,0,0,11,1,1,1,1,2,1,5,6,0,4,1
5,18,0,1,1,0,3,0,0,0,1,1,1,7,0,1,5,0,0,0,1
7,16,4,0,1,0,3,3,0,5,1,1,1,7,0,1,0,6,5,8,1
7,21,4,1,1,0,3,3,0,14,1,1,1,0,0,3,0,8,6,12,0
4,20,4,0,1,4,3,3,1,11,1,1,1,5,0,1,0,9,6,9,0
15,18,4,0,1,3,3,0,1,10,1,1,1,8,2,0,5,0,0,0,1
4,18,0,1,1,0,3,0,0,0,1,1,1,0,0,0,5,0,0,0,0
0,15,4,1,1,0,3,0,0,2,1,1,1,7,0,9,2,0,0,0,1
15,15,0,1,1,4,3,0,1,1,1,1,1,0,2,0,5,0,0,0,1
15,20,0,1,1,0,3,0,0,1,1,1,1,5,2,1,0,6,0,8,0
1,18,4,1,1,0,3,1,0,2,1,1,1,5,0,1,0,2,3,4,1
11,20,4,1,1,3,3,3,1,11,1,1,1,0,2,1,0,6,2,10,1
10,16,4,0,1,0,3,0,0,12,1,1,1,0,0,1,0,7,6,9,0
1,15,4,0,1,0,3,1,0,2,1,1,1,0,0,0,5,0,0,0,1
7,19,0,0,1,0,3,0,0,1,1,1,1,7,0,1,0,7,2,10,1
13,13,4,1,1,4,3,0,1,0,1,1,1,7,2,6,5,0,0,6,1
13,20,4,0,1,4,3,0,1,0,1,1,1,0,2,1,0,9,8,5,0
13,20,4,0,1,0,3,0,0,14,1,1,1,0,2,1,0,6,6,10,1
4,18,4,0,1,0,3,0,0,2,1,1,1,0,0,0,5,0,0,0,1
11,20,4,0,1,0,3,0,0,0,1,1,1,0,2,1,0,6,4,12,0
0,14,4,0,0,0,3,1,0,2,0,1,0,6,0,1,4,2,7,6,0
15,19,0,0,1,0,0,0,0,0,1,1,1,0,2,5,3,9,2,12,1
2,17,4,1,1,0,3,1,0,16,1,1,1,8,0,1,5,6,0,5,1
5,19,4,0,1,0,3,0,0,12,1,1,1,0,0,1,0,4,10,6,1
9,18,0,0,1,0,3,0,0,1,1,1,1,0,0,1,0,7,2,11,1
9,20,4,0,1,0,3,0,0,0,1,1,1,0,0,1,0,7,6,14,1
10,14,0,1,0,0,3,0,0,0,1,1,0,7,0,0,5,0,0,5,1
15,20,0,1,1,0,3,1,0,0,1,1,1,0,2,1,0,6,8,10,1
10,20,4,0,1,0,3,3,0,0,1,1,1,0,0,1,0,9,10,14,1
15,17,0,1,1,0,3,1,0,0,1,1,1,8,2,1,0,6,1,5,1
14,20,4,0,1,4,3,0,1,11,1,1,1,5,2,1,0,6,8,14,1
1,17,4,0,1,0,3,0,0,2,1,1,1,7,0,1,0,5,6,6,1
10,8,0,1,1,4,3,0,1,2,1,1,1,0,0,1,0,4,4,7,1
14,20,4,0,1,3,3,0,1,0,1,1,1,5,2,2,0,9,4,14,0
3,18,4,1,1,0,3,1,0,9,1,1,1,0,0,1,0,4,5,7,1
5,15,4,0,1,0,3,0,0,0,1,1,1,7,0,1,0,6,8,7,1
15,20,0,1,1,3,3,0,1,2,1,1,1,0,2,3,0,6,2,8,1
5,15,4,0,1,0,3,0,0,11,1,1,1,5,0,1,0,6,10,11,1
8,17,4,0,1,0,3,0,0,0,1,1,1,7,0,1,0,4,11,5,1
6,17,4,0,0,0,3,3,0,2,1,1,0,1,0,0,5,0,0,0,1
0,18,4,1,1,0,3,1,0,2,1,1,1,0,0,6,0,1,2,2,1
3,18,4,0,1,3,3,0,1,2,1,1,1,0,0,1,5,0,0,2,1
8,6,4,0,1,0,3,0,0,7,1,1,1,8,0,9,2,0,0,0,0
2,15,4,0,1,0,0,3,0,16,1,1,1,0,0,5,3,7,3,6,1
11,15,0,1,1,4,3,0,1,1,1,1,1,0,2,1,0,3,6,9,0
4,15,4,0,1,4,3,0,1,10,1,1,1,5,0,1,0,9,3,4,1
3,17,4,0,1,0,3,0,0,2,1,1,1,0,0,1,2,0,0,0,1
12,13,0,0,1,4,3,0,1,1,1,1,1,7,2,1,0,6,4,13,0
14,20,0,1,1,0,3,0,0,1,1,1,1,0,2,2,0,6,11,12,1
10,19,0,0,1,4,3,0,1,2,1,1,1,7,0,1,0,6,5,10,1
4,15,4,0,0,0,3,0,0,2,1,1,0,7,0,1,5,0,0,1,1
6,20,4,1,1,0,3,3,0,11,1,1,1,0,0,1,0,8,4,11,1
3,20,4,0,1,0,3,1,0,0,1,1,1,0,0,7,0,6,5,5,0
0,17,4,1,1,0,3,0,0,2,1,1,1,0,0,1,0,5,3,3,1
10,17,0,1,1,0,3,0,0,1,1,1,1,0,0,0,5,0,0,0,1
6,15,4,0,1,0,3,0,0,15,1,1,1,7,0,0,5,0,0,0,1
8,17,4,1,1,4,3,0,1,11,1,1,1,0,0,1,5,4,0,2,0
1,15,4,1,1,3,3,1,0,16,1,1,1,0,0,3,0,4,2,8,1
1,18,4,1,1,0,3,0,0,16,1,1,1,5,0,2,5,0,0,0,0
8,17,0,1,1,0,3,1,0,0,1,1,1,0,0,1,0,9,6,13,1
8,20,4,1,1,0,3,3,0,7,1,1,1,0,0,1,0,6,11,6,0
6,15,0,0,1,0,1,0,0,0,1,1,1,6,0,1,0,6,8,11,1
0,18,4,1,1,4,3,0,1,16,1,1,1,0,0,1,0,6,4,7,0
0,18,4,1,1,0,3,0,0,2,1,1,1,5,0,1,0,4,4,5,1
15,23,4,0,1,4,3,0,1,10,1,1,1,5,2,1,0,6,11,3,0
3,15,4,0,1,0,3,0,0,14,1,1,1,0,0,1,0,6,3,7,1
1,19,4,0,1,0,3,3,0,2,1,1,1,0,0,1,0,2,4,4,1
9,18,4,1,1,0,3,3,0,2,1,1,1,0,0,1,5,0,0,0,1
0,15,4,1,1,0,3,0,0,2,1,1,1,0,0,1,0,5,9,3,1
11,20,4,0,1,0,3,0,0,2,1,1,1,0,2,1,0,8,11,14,1
14,20,2,0,1,0,3,1,0,0,1,1,1,0,2,3,0,6,0,13,0
4,12,4,0,1,0,3,0,0,4,1,1,1,2,0,6,2,0,0,0,1
7,18,0,0,1,0,1,0,0,0,1,1,1,8,0,1,0,8,3,9,1
5,20,4,1,1,0,3,1,0,2,1,1,1,0,0,1,2,0,0,0,1
14,18,4,0,1,0,3,0,0,11,1,1,1,7,2,1,0,6,3,12,1
13,20,0,1,1,0,3,0,0,0,1,1,1,5,2,1,0,8,4,11,1
5,12,4,1,1,0,3,0,0,0,1,1,1,0,0,5,0,6,5,9,1
0,17,4,1,1,0,3,0,0,2,1,1,1,0,0,1,0,3,4,3,1
5,20,4,0,1,3,3,0,1,15,1,1,1,1,0,1,5,6,0,2,1
12,21,4,1,1,0,3,1,0,0,1,1,1,5,2,0,5,0,0,12,1
12,13,4,0,1,0,3,0,0,15,1,1,1,7,2,1,5,0,0,0,1
0,15,4,0,0,0,2,1,0,6,0,1,1,7,0,5,3,6,2,5,0
11,20,4,0,1,0,3,0,0,0,1,1,1,1,2,1,0,6,10,14,1
2,18,4,0,1,0,3,0,0,2,1,1,1,0,0,3,0,2,3,4,1
3,10,4,0,1,4,3,0,1,0,1,1,1,0,0,1,0,1,3,1,1
11,20,4,1,1,0,3,3,0,11,1,1,1,5,2,0,5,0,0,2,1
8,15,2,1,1,0,3,1,0,7,1,1,1,5,0,1,5,0,0,0,1
0,18,4,0,1,0,3,0,0,2,1,1,1,0,0,0,5,0,0,0,1
6,16,4,0,1,0,3,0,0,3,1,1,1,0,0,1,0,6,2,10,0
4,18,4,1,1,0,3,0,0,4,1,1,1,0,0,5,0,6,8,9,1
14,15,0,1,1,0,3,0,0,0,1,1,1,0,2,3,0,6,3,11,1
2,18,4,0,1,0,3,0,0,0,1,1,1,7,0,0,5,8,0,12,1
7,21,0,1,1,0,3,1,0,0,1,1,1,0,2,3,0,1,11,6,0
8,20,0,0,1,0,3,2,0,8,1,1,1,0,0,1,5,0,0,0,1
11,21,0,0,1,0,3,0,0,1,1,1,1,0,2,1,0,6,6,14,1
4,15,4,1,1,0,3,0,0,11,1,1,1,0,0,1,0,4,6,3,0
2,18,4,1,1,0,3,0,0,11,1,1,1,0,0,6,0,2,3,5,0
5,20,4,1,1,0,3,3,0,11,1,1,1,0,0,1,0,8,2,5,0
10,21,4,0,1,0,3,0,0,0,1,1,1,1,0,1,0,6,8,14,1
10,10,2,0,1,4,3,0,1,0,1,1,1,7,0,1,0,6,3,8,1
5,17,4,0,1,3,3,0,1,0,1,1,1,5,0,1,0,6,3,8,0
3,18,4,1,1,0,3,0,0,0,1,1,1,0,0,1,0,6,3,11,1
1,15,4,0,1,0,3,0,0,16,1,1,1,1,0,1,0,5,1,6,1
6,19,4,1,1,0,3,0,0,2,1,1,1,0,0,1,0,3,2,7,1
14,0,4,0,1,4,3,0,1,9,1,1,1,5,2,0,5,0,0,0,1
9,20,0,0,1,0,3,0,0,15,1,1,1,7,0,1,5,0,0,0,0
13,20,0,1,1,4,3,0,1,1,1,1,1,0,2,1,0,6,6,10,1
2,18,4,0,1,0,3,0,0,16,1,1,1,5,0,1,0,1,1,2,0
9,1,4,1,1,4,3,0,1,0,1,1,1,5,0,3,0,6,3,11,1
7,20,0,1,1,0,3,1,0,0,1,1,1,0,0,1,0,7,6,12,0
0,15,4,1,1,0,3,0,0,11,1,1,1,7,0,0,5,0,0,0,0
13,20,4,1,1,4,3,0,1,12,1,1,1,0,2,1,0,4,3,5,1
2,16,4,0,1,0,3,0,0,2,1,1,1,0,0,1,0,3,10,2,1
11,20,0,0,1,0,3,1,0,1,1,1,1,0,2,1,0,1,6,4,1
13,12,3,1,1,0,3,0,0,0,1,1,1,1,2,0,5,0,0,4,1
3,14,4,1,1,0,3,0,0,2,1,1,1,5,0,1,0,5,2,6,1
10,19,4,1,1,0,3,3,0,2,1,1,1,0,0,1,0,4,5,7,1
14,22,4,1,1,3,3,1,1,0,1,1,1,0,2,1,0,6,4,8,1
2,18,4,0,1,0,3,3,0,2,1,1,1,0,0,1,0,6,7,9,1
13,20,0,0,1,2,0,3,0,0,1,1,1,0,2,5,0,8,6,12,0
10,12,4,0,1,4,3,0,1,4,1,1,1,2,0,6,2,0,0,0,1
2,17,4,0,1,0,3,3,0,0,1,1,1,8,0,1,0,3,1,7,1
5,15,4,0,1,0,3,0,0,2,1,1,1,5,0,1,0,6,6,8,1
9,20,0,1,1,0,3,3,0,2,1,1,1,0,0,1,0,6,3,13,1
9,15,0,0,1,0,3,0,0,1,1,1,1,7,0,1,0,6,3,11,1
6,20,4,1,1,3,3,0,1,5,1,1,1,5,0,1,5,6,0,6,1
4,20,4,0,1,2,3,3,0,2,1,1,1,0,0,1,0,6,7,12,1
7,20,4,1,1,0,3,3,0,2,1,1,1,0,0,1,0,4,4,6,1
8,0,4,0,0,4,3,0,1,0,1,0,1,5,0,1,0,6,6,2,1
14,20,4,1,1,0,3,0,0,0,1,1,1,0,2,1,0,2,4,6,1
4,20,4,0,1,0,3,0,0,2,1,1,1,5,0,2,0,6,0,9,0
10,18,4,0,1,0,3,0,0,0,1,1,1,0,0,7,0,9,8,14,0
6,15,0,1,1,0,3,0,0,2,1,1,1,0,0,1,5,0,0,0,1
13,0,4,1,1,4,3,3,1,13,1,1,1,8,2,2,0,6,4,11,0
15,15,0,1,1,0,3,3,0,1,1,1,1,0,2,0,5,0,0,0,1
8,15,4,0,1,0,3,0,0,2,1,1,1,0,0,1,5,6,0,7,1
8,18,4,0,1,0,3,0,0,2,1,1,1,5,0,6,5,0,0,1,1
12,14,0,0,1,0,3,3,0,3,1,1,1,0,2,1,0,2,7,5,1
11,21,4,1,1,0,3,0,0,0,1,1,1,0,2,1,2,8,0,14,1
3,19,4,1,1,0,3,0,0,2,1,1,1,0,0,1,5,4,0,3,1
8,17,4,0,0,0,3,0,0,2,1,1,0,0,0,1,2,0,0,0,1
0,15,4,1,1,2,3,3,0,2,1,1,1,1,0,9,2,0,0,0,1
12,18,4,0,1,0,3,0,0,0,1,1,1,0,2,0,5,0,0,3,1
4,20,4,1,1,0,3,0,0,11,1,1,1,5,0,0,5,0,0,0,0
7,18,4,1,1,0,3,0,0,2,1,1,1,7,0,1,0,6,5,2,1
0,15,4,0,1,0,3,0,0,11,1,1,1,7,0,1,0,4,1,4,0
15,23,0,0,1,4,3,0,1,1,1,1,1,0,2,1,0,6,6,14,0
15,18,0,1,1,4,3,0,1,1,1,1,1,0,2,1,0,2,1,2,1
5,15,0,0,1,0,3,0,0,1,1,1,1,0,0,1,0,6,3,11,1
7,19,0,0,1,0,3,0,0,1,1,1,1,5,0,1,0,6,2,11,1
7,17,4,1,1,0,3,0,0,2,1,1,1,7,0,0,5,0,0,0,1
7,15,0,0,1,0,3,0,0,2,1,1,1,0,0,1,0,6,4,10,1
10,12,4,1,1,0,3,0,0,15,1,1,1,7,0,0,5,0,0,0,1
5,20,4,0,1,0,3,1,0,0,1,1,1,0,0,2,2,0,0,0,0
1,15,4,1,1,0,0,0,0,16,1,1,1,1,0,5,3,5,9,6,0
10,20,4,1,1,3,3,0,1,2,1,1,1,5,0,1,1,6,0,6,1
0,18,4,1,1,3,3,0,1,16,1,1,1,5,0,1,5,2,0,2,1
7,20,0,1,1,0,3,3,0,1,1,1,1,0,0,2,5,1,0,2,1
5,20,4,1,1,0,3,2,0,2,1,1,1,6,0,2,0,3,10,3,1
9,20,0,0,1,0,3,0,0,1,1,1,1,0,0,1,0,7,4,11,1
3,20,0,1,1,4,3,0,1,1,1,1,1,5,0,0,5,0,0,0,0
4,19,4,1,1,0,3,1,0,2,1,1,1,0,0,1,0,8,2,2,1
13,21,4,1,1,3,3,2,1,0,1,1,1,8,2,1,0,2,9,7,1
11,15,0,1,1,4,3,0,1,1,1,1,1,0,2,1,0,6,10,11,1
4,18,4,0,1,0,3,1,0,2,1,1,1,0,0,1,0,3,4,5,1
0,15,4,1,1,0,3,1,0,16,1,1,1,0,0,2,5,1,0,3,1
14,19,4,1,1,0,3,1,0,2,1,1,1,0,2,1,0,4,4,2,1
1,19,4,0,1,0,3,3,0,7,1,1,1,1,0,1,0,6,11,6,1
14,8,4,0,1,0,3,0,0,11,1,1,1,0,2,1,0,5,4,5,1
11,15,0,0,1,0,0,0,0,16,1,1,1,0,2,5,3,9,1,7,1
3,15,4,1,1,0,3,1,0,2,1,1,1,0,0,1,5,2,0,4,1
12,18,4,1,1,0,3,0,0,0,1,1,1,0,2,1,0,8,4,8,1
6,20,4,1,1,0,3,0,0,2,1,1,1,0,0,1,0,6,6,10,1
12,20,0,0,1,0,3,3,0,0,1,1,1,8,2,1,0,6,2,13,1
9,18,4,1,1,0,3,3,0,2,1,1,1,8,0,1,0,6,0,8,1
7,15,4,0,1,0,3,1,0,0,1,1,1,0,0,1,0,4,3,6,1
2,20,2,0,0,0,3,3,0,0,1,1,1,0,0,1,0,9,4,14,1
10,15,4,1,1,0,3,1,0,0,1,1,1,8,0,2,0,6,4,12,1
4,17,4,1,1,0,3,3,0,2,1,1,1,8,0,1,0,6,2,7,1
5,18,4,0,1,0,3,0,0,2,1,1,1,7,0,1,0,6,8,8,1
1,18,4,1,1,0,3,1,0,11,1,1,1,0,0,1,0,4,6,4,1
3,21,4,1,1,0,3,0,0,2,1,1,1,5,0,1,0,2,3,3,1
12,9,4,0,1,0,3,1,0,12,1,1,1,7,2,2,0,6,8,6,1
8,20,4,0,1,0,3,0,0,12,1,1,1,5,0,2,0,7,11,10,1
9,20,0,0,1,0,3,1,0,1,1,1,1,0,0,1,0,6,2,14,0
6,16,4,0,1,0,0,0,0,16,1,1,1,0,0,8,3,4,0,4,1
1,18,4,0,0,0,3,1,0,0,1,1,0,0,0,2,5,1,0,4,1
2,15,4,0,1,0,3,0,0,2,1,1,1,0,0,1,0,6,3,5,1
3,18,4,0,1,0,3,1,0,2,1,1,1,8,0,1,0,1,10,2,1
8,19,4,1,1,0,3,0,0,0,1,1,1,5,0,0,5,0,0,2,0
12,16,4,0,0,0,3,0,0,15,1,1,0,0,2,0,5,0,0,1,0
14,18,4,0,1,0,3,0,0,12,1,1,1,7,2,1,0,7,3,5,1
4,20,4,1,1,0,3,1,0,11,1,1,1,5,0,1,0,8,1,6,0
12,18,4,0,1,0,3,3,0,12,1,1,1,0,2,6,5,0,0,0,1
15,20,0,0,1,3,3,0,1,0,1,1,1,7,2,1,0,6,6,14,1
11,21,0,1,1,4,3,0,1,0,1,1,1,0,2,1,0,6,3,13,0
12,19,4,0,1,0,3,3,0,2,1,1,1,0,2,1,0,2,5,4,1
11,14,4,1,1,0,3,1,0,12,1,1,1,8,2,1,0,6,1,8,1
10,17,4,0,1,0,3,0,0,2,1,1,1,1,0,1,0,3,6,3,1
13,19,4,1,1,0,3,1,0,2,1,1,1,8,2,3,0,6,0,6,0
11,8,0,0,1,4,3,0,1,11,1,1,1,1,2,0,5,0,0,0,0
6,20,0,1,1,4,3,3,1,1,1,1,1,0,0,2,0,6,6,9,1
15,23,4,0,1,0,3,0,0,2,1,1,1,5,2,1,0,6,5,13,1
13,16,4,0,1,0,3,0,0,2,1,1,1,0,2,1,0,6,6,13,1
11,16,4,0,1,0,3,0,0,15,1,1,1,5,2,0,5,0,0,0,0
14,18,0,1,1,4,3,0,1,1,1,1,1,5,2,1,5,0,0,0,1
9,18,4,0,1,0,3,1,0,0,1,1,1,0,0,1,0,6,2,12,1
8,15,4,1,0,0,3,0,0,2,1,1,0,7,0,0,5,0,0,4,1
3,18,0,1,1,0,3,1,0,1,1,1,1,7,0,2,0,2,1,4,1
11,15,4,0,1,0,3,0,0,11,1,1,1,1,2,3,0,4,3,2,0
2,18,4,0,1,0,3,0,0,2,1,1,1,5,0,0,5,0,0,0,1
6,20,4,0,1,0,3,3,0,2,1,1,1,0,0,1,0,5,6,12,1
12,15,4,0,1,0,3,1,0,2,1,1,1,8,2,1,0,8,11,8,1
5,15,4,1,1,0,3,0,0,10,1,1,1,0,0,1,0,6,8,8,0
13,20,0,1,1,0,3,1,0,1,1,1,1,0,2,1,0,8,11,13,0
4,18,4,1,1,0,3,0,0,2,1,1,1,7,0,2,0,2,11,3,1
1,18,4,0,1,0,3,3,0,9,1,1,1,7,0,2,0,6,3,10,1
11,3,4,0,1,3,1,3,1,12,1,1,1,7,2,1,0,5,3,7,0
10,18,4,0,1,0,3,0,0,2,1,1,1,0,0,1,0,4,3,6,1
11,19,4,0,1,0,3,0,0,12,1,1,1,0,2,6,5,6,0,2,1
4,19,4,1,1,0,3,3,0,2,1,1,1,0,0,2,5,0,0,11,1
0,17,4,0,1,0,2,0,0,2,1,1,1,0,0,6,0,1,4,2,1
1,17,4,1,1,0,3,3,0,2,1,1,1,0,0,2,5,1,0,1,1
2,19,4,0,1,0,3,0,0,0,1,1,1,0,0,1,0,6,4,12,0
12,13,4,0,1,0,3,0,0,15,1,1,1,7,2,1,5,0,0,0,1
5,15,4,1,1,0,3,1,0,10,1,1,1,0,0,1,0,9,11,13,1
0,15,4,1,1,0,3,0,0,2,1,1,1,0,0,0,5,0,0,0,1
12,20,0,0,1,4,3,0,1,0,1,1,1,5,2,1,0,8,4,10,1
9,7,4,0,1,2,1,0,1,2,1,1,1,8,0,5,2,0,0,3,0
2,18,4,0,1,0,3,1,0,2,1,1,1,0,0,1,0,4,4,2,1
8,20,4,0,1,4,3,0,1,0,1,1,1,7,0,1,0,6,4,9,1
0,15,4,1,1,0,3,0,0,11,1,1,1,0,0,1,5,1,0,1,0
14,20,4,1,1,3,3,0,1,0,1,1,1,8,2,4,0,6,8,12,1
11,19,4,1,1,0,3,1,0,2,1,1,1,0,2,1,0,6,4,13,1
15,19,4,1,1,0,3,1,0,0,1,1,1,0,2,1,0,4,3,4,1
4,20,4,0,1,0,3,1,0,2,1,1,1,0,0,1,0,8,7,10,1
6,17,4,1,1,0,3,0,0,16,1,1,1,1,0,1,0,9,11,6,0
8,18,2,0,1,0,3,1,0,0,1,1,1,0,0,1,0,7,11,12,1
8,20,4,0,1,0,3,0,0,11,1,1,1,0,0,1,0,6,8,9,1
8,16,4,0,0,0,3,0,0,2,1,1,0,0,0,0,5,0,0,0,1
15,18,2,0,0,0,3,0,0,15,1,1,1,0,2,1,5,0,0,0,0
5,18,4,0,1,0,1,1,0,0,1,1,1,8,0,5,0,6,2,10,0
1,17,4,1,1,0,3,0,0,2,1,1,1,0,0,0,5,0,0,0,1
12,16,4,0,1,0,3,1,0,9,1,1,1,0,2,1,0,6,11,10,1
15,15,2,0,1,0,3,1,0,2,1,1,1,0,2,1,0,6,8,12,1
3,18,4,0,1,0,3,3,0,2,1,1,1,0,0,0,5,0,0,0,1
12,15,4,1,1,0,3,0,0,0,1,1,1,0,2,6,0,6,0,8,1
7,20,4,0,1,0,3,0,0,16,1,1,1,5,0,1,5,4,0,2,1
15,17,0,0,1,0,3,1,0,0,1,1,1,0,2,4,0,9,3,11,1
11,20,0,0,1,0,3,3,0,1,1,1,1,0,2,1,0,7,11,13,1
4,10,4,1,1,2,3,0,0,2,1,1,1,0,0,1,0,1,3,1,0
0,18,4,0,1,0,3,0,0,16,1,1,1,5,0,1,5,1,0,2,1
6,21,4,0,1,2,3,0,0,2,1,1,1,0,0,1,0,6,3,12,1
9,18,4,0,1,0,1,0,0,0,1,1,1,0,0,1,0,4,7,7,0
6,20,4,1,0,0,3,0,0,2,1,1,0,0,0,0,5,0,0,0,1
14,20,0,0,1,0,3,0,0,0,1,1,1,5,2,1,0,7,3,13,1
11,20,0,0,1,0,3,0,0,0,1,1,1,0,2,1,0,6,4,12,0
14,21,0,0,1,4,3,0,1,1,1,1,1,5,2,1,0,6,8,14,1
10,18,0,0,1,0,3,0,0,8,1,1,1,0,0,1,0,5,6,5,1
12,14,0,0,1,0,3,3,0,2,1,1,1,0,2,1,0,6,8,12,1
9,21,4,0,1,3,3,0,1,0,1,1,1,5,0,1,0,6,2,8,0
3,20,4,1,1,0,3,0,0,12,1,1,1,0,0,6,5,2,0,2,1
5,0,4,1,0,4,3,0,1,2,1,1,1,0,0,1,0,2,4,3,1
15,21,4,1,1,0,3,0,0,0,1,1,1,0,2,2,0,6,8,12,0
8,20,4,0,1,3,3,0,1,2,1,1,1,5,0,1,0,6,8,9,1
9,7,0,0,1,0,3,0,0,11,1,1,1,7,0,2,0,6,0,11,1
15,18,4,1,1,4,3,0,1,0,1,1,1,1,2,1,0,3,6,8,0
7,11,4,1,1,4,3,0,1,0,1,1,1,0,0,0,5,0,0,0,1
5,20,4,0,1,0,3,1,0,15,1,1,1,0,0,1,5,9,0,2,0
12,20,0,1,1,0,3,0,0,0,1,1,1,5,2,1,2,2,0,3,1
9,21,4,0,1,0,3,1,0,0,1,1,1,8,0,1,0,9,1,14,1
10,20,0,0,1,0,3,1,0,2,1,1,1,8,0,6,0,6,6,7,1
3,15,4,1,1,0,3,0,0,2,1,1,1,8,0,1,0,1,3,5,0
6,18,4,0,1,0,3,3,0,2,1,1,1,0,0,1,0,6,8,10,1
5,20,4,0,1,0,3,0,0,12,1,1,1,0,0,6,0,2,3,5,1
12,17,2,0,1,0,3,0,0,0,1,1,1,0,2,1,0,6,6,11,0
11,20,0,1,1,4,3,0,1,1,1,1,1,5,2,1,0,4,10,13,1
13,18,4,1,1,3,3,3,1,2,1,1,1,0,2,0,5,0,0,0,1
3,16,4,0,0,0,3,0,0,2,1,0,1,5,0,1,0,6,3,2,1
0,1,4,1,0,2,2,3,0,2,0,1,1,0,0,4,0,6,8,7,0
3,18,4,0,1,0,3,1,0,0,1,1,1,0,0,3,0,3,6,5,0
0,15,4,1,1,0,3,0,0,16,1,1,1,0,0,1,0,8,1,6,0
0,15,4,0,1,0,3,1,0,7,1,1,1,8,0,1,0,3,1,9,1
8,20,4,1,1,4,3,0,1,9,1,1,1,5,0,1,0,4,3,8,1
2,15,4,1,1,0,3,3,0,2,1,1,1,5,0,4,0,2,4,3,1
0,18,4,0,1,0,3,0,0,2,1,1,1,0,0,0,5,0,0,0,1
8,19,4,1,1,0,1,0,0,0,1,1,1,0,0,5,0,9,4,5,1
5,17,4,1,1,0,3,0,0,2,1,1,1,5,0,1,0,6,8,6,1
1,15,4,1,1,0,3,3,0,16,1,1,1,1,0,1,5,1,0,2,0
6,18,0,0,1,3,3,0,1,2,1,1,1,7,0,1,0,6,11,7,1
12,20,4,0,1,3,3,0,1,5,1,1,1,5,2,6,0,6,3,10,1
10,15,0,1,1,0,3,3,0,8,1,1,1,0,0,1,0,2,3,3,1
0,18,4,0,1,0,3,0,0,16,1,1,1,0,0,3,0,9,2,6,1
6,20,4,1,1,0,3,0,0,0,1,1,1,5,0,1,0,6,5,14,1
3,18,4,0,1,0,3,1,0,12,1,1,1,0,0,1,0,7,8,14,1
1,18,4,0,1,0,3,0,0,16,1,1,1,5,0,1,0,4,8,7,0
4,17,4,1,1,4,3,3,0,16,1,1,1,0,0,2,0,9,2,11,1
5,20,4,1,1,0,3,0,0,0,1,1,1,1,0,5,2,6,0,2,0
2,18,4,0,1,0,3,1,0,2,1,1,1,0,0,1,0,2,4,3,1
10,20,0,0,1,0,3,0,0,0,1,1,1,0,0,3,0,6,8,13,1
7,20,0,0,1,0,3,0,0,1,1,1,1,0,0,5,0,6,4,10,1
14,18,4,0,1,0,3,3,0,0,1,1,1,7,2,7,0,5,5,9,1
6,18,4,0,1,0,3,3,0,5,1,1,1,7,0,1,0,6,5,8,1
1,15,4,0,1,0,3,0,0,2,1,1,1,1,0,0,5,0,0,0,1
6,18,4,0,1,0,3,0,0,5,1,1,1,0,0,1,0,6,3,10,1
5,18,4,0,1,0,3,1,0,0,1,1,1,0,0,1,0,6,3,10,1
7,15,4,0,1,0,3,0,0,12,1,1,1,0,0,0,5,0,0,5,0
9,20,0,1,0,0,3,3,0,1,1,1,0,0,0,1,0,6,0,6,1
13,20,0,1,1,0,3,3,0,1,1,1,1,0,2,1,2,0,0,0,0
6,20,4,0,1,0,3,0,0,2,1,1,1,0,0,1,0,3,1,9,1
3,18,4,0,1,0,3,1,0,2,1,1,1,0,0,1,0,2,3,4,1
7,20,0,1,1,0,3,0,0,1,1,1,1,1,0,1,0,6,10,6,1
13,0,4,1,1,0,3,0,0,2,1,1,1,0,2,1,0,6,3,7,1
12,15,0,0,1,0,1,0,0,1,1,1,1,0,2,1,0,9,11,3,1
2,15,4,0,0,0,3,0,0,3,1,1,0,0,0,0,5,0,0,0,0
6,17,4,1,1,0,3,0,0,2,1,1,1,0,0,0,5,0,0,7,0
9,17,0,1,1,0,3,0,0,0,1,1,1,0,0,0,5,0,0,0,1
10,18,0,1,1,3,3,0,1,1,1,1,1,0,0,1,0,6,3,5,1
15,21,0,1,1,0,3,1,0,0,1,1,1,0,2,3,0,6,5,14,1
2,19,4,0,1,0,3,1,0,2,1,1,1,0,0,3,0,1,1,2,1
2,18,4,1,1,0,3,1,0,0,1,1,1,0,0,2,0,2,1,4,1
7,16,4,0,1,0,3,1,0,10,1,1,1,8,0,1,0,7,0,1,1
2,18,4,1,1,4,3,0,1,2,1,1,1,5,0,1,5,1,0,3,1
15,22,0,0,1,0,3,0,0,0,1,1,1,1,2,1,0,9,6,14,1
4,20,4,0,1,0,3,0,0,2,1,1,1,0,0,1,0,6,4,9,0
14,19,4,1,1,0,3,0,0,2,1,1,1,0,2,1,0,6,3,7,1
14,18,4,1,1,4,3,0,1,0,1,1,1,0,2,1,0,4,4,9,1
14,18,0,1,1,3,3,0,1,1,1,1,1,0,2,1,0,2,4,4,1
8,21,0,1,1,0,3,0,0,0,1,1,1,7,0,2,0,9,1,7,1
14,18,0,1,1,0,3,0,0,1,1,1,1,0,2,1,1,6,0,10,1
15,18,4,0,1,0,3,3,0,14,1,1,1,0,2,1,0,6,6,9,1
12,15,0,0,1,0,3,0,0,0,1,1,1,0,2,1,0,8,2,12,1
9,15,4,0,1,4,3,0,1,14,1,1,1,5,0,0,5,0,0,0,1
0,15,4,1,1,0,3,0,0,11,1,1,1,0,0,1,0,4,0,4,0
7,8,4,0,0,0,3,2,0,11,1,0,0,0,0,1,0,1,3,3,1
8,15,4,0,1,0,3,0,0,7,1,1,1,1,0,1,0,3,2,3,1
5,20,4,1,1,2,3,0,0,2,1,1,1,1,0,1,0,2,1,3,1
6,21,4,1,1,0,3,3,0,0,1,1,1,5,0,1,0,6,5,12,0
10,20,4,0,1,0,3,3,0,5,1,1,1,0,0,1,2,8,0,9,1
2,19,4,0,1,0,3,0,0,2,1,1,1,0,0,1,0,5,0,3,1
0,13,4,0,1,0,3,0,0,15,1,1,1,7,0,0,5,0,0,0,1
15,20,4,1,0,0,3,3,0,0,1,1,0,1,2,1,0,6,10,13,1
10,20,0,0,1,4,3,0,1,1,1,1,1,7,0,1,2,0,0,0,0
1,15,4,0,1,0,3,0,0,2,1,1,1,7,0,1,0,6,4,9,1
2,18,4,1,1,0,3,0,0,2,1,1,1,0,0,0,5,0,0,0,1
4,15,4,0,1,0,3,1,0,0,1,1,1,0,0,1,0,6,2,8,1
5,15,4,0,1,0,3,0,0,2,1,1,1,0,0,0,5,0,0,4,1
7,15,0,0,1,0,0,0,0,16,1,1,1,0,0,5,3,9,2,7,1
14,20,0,1,1,3,3,3,1,1,1,1,1,5,2,1,0,8,4,10,1
15,19,0,0,1,0,3,0,0,0,1,1,1,7,2,0,5,0,0,0,1
2,22,4,0,1,0,3,1,0,0,1,1,1,5,0,1,0,7,3,14,0
0,18,4,0,1,0,3,0,0,2,1,1,1,0,0,0,5,0,0,0,1
5,14,4,0,0,0,3,3,0,2,1,1,0,0,0,1,0,6,7,8,1
10,12,2,0,1,0,3,0,0,7,1,1,1,2,0,1,0,6,7,12,1
0,15,4,1,1,0,3,1,0,11,1,1,1,0,0,1,5,6,0,1,1
13,21,0,1,1,0,3,0,0,1,1,1,1,0,2,2,0,8,0,14,0
0,18,4,0,1,0,3,3,0,16,1,1,1,0,0,0,5,0,0,0,1
10,5,4,1,1,0,3,3,0,4,1,1,1,0,0,4,0,6,10,14,1
6,19,0,0,1,3,1,0,1,1,1,1,1,8,0,5,0,6,9,11,1
7,18,0,0,1,0,1,0,0,0,1,1,1,0,0,5,0,6,5,7,0
4,17,4,0,1,0,3,0,0,16,1,1,1,1,0,1,0,6,2,7,0
3,19,4,1,1,0,3,1,0,2,1,1,1,0,0,2,0,6,3,10,1
8,20,0,0,1,3,3,0,1,1,1,1,1,5,0,6,0,6,9,13,0
5,20,4,0,1,0,3,1,0,12,1,1,1,0,0,1,0,6,2,6,1
5,19,4,0,1,0,3,1,0,11,1,1,1,0,0,1,0,8,4,12,0
1,17,4,0,0,0,3,0,0,0,1,1,0,0,0,1,2,2,0,3,0
1,14,4,1,1,0,3,3,0,2,1,1,1,7,0,0,5,0,0,0,1
2,17,4,0,1,0,3,1,0,15,1,1,1,0,0,1,5,2,0,1,1
4,20,4,0,1,0,3,0,0,11,1,1,1,5,0,1,0,9,3,12,0
14,15,0,0,1,3,3,0,1,1,1,1,1,0,2,5,0,7,2,5,1
15,20,0,0,1,0,3,0,0,2,1,1,1,0,2,1,0,8,5,12,1
3,20,4,0,1,0,3,1,0,11,1,1,1,0,0,1,0,8,10,11,1
6,18,0,0,1,0,3,1,0,0,1,1,1,0,0,1,1,4,0,5,1
0,18,4,1,1,0,3,3,0,16,1,1,1,0,0,1,0,2,5,6,1
7,20,4,1,1,0,3,0,0,0,1,1,1,5,0,1,0,6,6,10,1
7,16,4,0,1,0,3,0,0,10,1,1,1,0,0,0,5,0,0,0,0
8,18,4,1,1,0,3,0,0,2,1,1,1,7,0,1,0,4,11,9,1
10,13,0,1,1,0,3,0,0,1,1,1,1,0,0,1,5,0,0,4,1
7,20,0,0,1,4,3,0,1,0,1,1,1,5,0,1,0,6,5,14,0
6,18,4,0,1,0,3,0,0,2,1,1,1,0,0,1,0,5,4,6,0
11,20,4,0,1,3,3,0,1,2,1,1,1,5,2,1,0,6,8,9,1
13,21,0,1,1,0,3,0,0,1,1,1,1,0,2,1,5,1,0,3,1
1,15,4,1,1,0,3,1,0,2,1,1,1,0,0,1,0,1,1,3,1
2,18,4,0,1,0,3,0,0,4,1,1,1,0,0,0,5,0,0,0,1
11,19,4,1,1,0,3,0,0,2,1,1,1,5,2,1,0,6,11,10,1
4,18,4,0,1,0,3,0,0,2,1,1,1,0,0,1,0,6,1,10,1
0,15,4,0,1,0,3,1,0,2,1,1,1,0,0,1,0,3,4,4,1
11,8,0,0,1,4,3,0,1,11,1,1,1,0,2,1,5,1,0,1,1
13,15,4,1,1,0,3,0,0,2,1,1,1,0,2,1,0,6,7,8,1
15,18,2,1,1,0,3,1,0,0,1,1,1,0,2,3,0,6,8,12,1
13,18,4,0,0,0,3,1,0,0,1,1,0,0,2,1,0,5,6,5,1
4,19,4,1,1,0,3,1,0,0,1,1,1,0,0,1,0,6,2,8,0
11,20,0,1,1,3,3,0,1,1,1,1,1,5,2,0,5,0,0,0,1
2,15,4,0,1,0,3,1,0,2,1,1,1,8,0,1,0,7,8,12,0
10,1,4,1,0,0,3,0,0,15,1,1,0,0,0,3,5,0,0,0,0
3,18,4,0,1,0,3,1,0,0,1,1,1,8,0,1,0,8,2,8,0
9,0,4,0,1,4,3,0,1,2,1,1,1,5,0,0,5,0,0,0,1
14,20,4,0,1,0,3,0,0,0,1,1,1,5,0,1,0,5,5,4,0
6,18,4,1,1,0,3,0,0,5,1,1,1,7,0,1,0,6,4,5,1
6,20,4,0,1,0,3,1,0,4,1,1,1,0,0,1,2,0,0,0,1
1,18,4,0,1,0,3,3,0,2,1,1,1,0,0,0,5,0,0,0,1
14,18,0,1,1,0,3,3,0,1,1,1,1,0,2,1,0,1,8,2,1
5,18,4,1,1,0,3,1,0,2,1,1,1,8,0,1,0,5,2,5,1
10,22,0,1,1,0,3,0,0,1,1,1,1,0,0,1,0,6,4,11,1
4,15,0,1,1,0,1,0,0,2,1,1,1,0,0,1,0,6,3,11,1
4,15,4,1,1,0,3,0,0,2,1,1,1,7,0,1,0,6,4,6,1
10,20,0,1,1,0,3,0,0,1,1,1,1,7,0,1,0,6,3,14,1
3,18,4,0,1,0,3,0,0,2,1,1,1,0,0,1,0,6,6,6,1
4,19,4,1,1,0,3,0,0,2,1,1,1,0,0,1,5,4,0,2,0
2,17,4,1,1,0,3,3,0,0,1,1,1,0,0,6,0,2,6,5,1
0,18,4,1,1,0,3,3,0,16,1,1,1,0,0,1,5,2,0,3,1
11,15,4,0,1,0,3,3,0,2,1,1,1,8,2,3,0,6,0,8,1
10,18,4,0,1,0,1,1,0,14,1,1,1,0,2,5,2,0,0,9,1
4,10,1,1,1,2,0,0,0,0,1,1,1,3,0,5,3,3,9,2,0
5,15,4,1,1,0,3,0,0,7,1,1,1,0,0,1,5,0,0,1,1
12,15,0,0,1,0,3,0,0,1,1,1,1,0,2,1,0,6,8,11,0
3,15,4,0,1,0,3,0,0,2,1,1,1,0,0,1,2,1,0,2,1
1,17,4,1,1,0,3,0,0,2,1,1,1,0,0,0,5,0,0,0,1
0,17,4,1,1,0,3,0,0,2,1,1,1,7,0,2,0,2,2,2,1
8,20,4,0,1,0,3,0,0,11,1,1,1,5,0,1,2,0,0,0,0
8,20,4,1,1,4,3,1,1,11,1,1,1,2,0,1,5,0,0,0,0
9,20,0,1,1,0,3,0,0,1,1,1,1,0,0,5,0,7,2,11,1
12,13,4,1,1,0,3,0,0,2,1,1,1,0,2,1,5,0,0,4,1
13,15,0,1,1,0,3,1,0,1,1,1,1,0,2,1,2,0,0,0,1
4,18,4,1,1,0,3,3,0,2,1,1,1,0,0,1,0,3,7,9,1
2,18,4,1,1,0,1,1,0,0,1,1,1,0,2,5,0,6,9,7,0
4,21,4,1,1,0,3,0,0,0,1,1,1,0,0,0,5,0,0,0,0
9,15,4,0,1,0,3,0,0,2,1,1,1,0,0,3,0,6,4,4,1
1,15,2,1,1,0,3,0,0,7,1,1,1,0,0,1,5,0,0,0,1
9,0,4,1,0,0,3,1,0,2,0,0,1,3,0,0,0,7,8,12,1
11,14,0,1,1,3,3,0,1,0,1,1,1,0,2,1,0,6,2,7,1
8,20,4,1,1,0,3,0,0,2,1,1,1,5,0,1,0,3,6,8,1
2,18,4,1,1,0,3,1,0,0,1,1,1,0,0,1,0,5,3,5,0
6,15,4,0,1,0,3,0,0,0,1,1,1,7,0,0,5,0,0,12,1
5,11,4,0,0,4,3,0,1,15,1,1,1,7,0,0,5,0,0,0,1
13,19,0,0,1,0,3,1,0,0,1,1,1,0,2,1,0,6,6,12,1
13,18,2,1,1,0,3,0,0,2,1,1,1,0,2,1,0,6,4,7,1
5,18,4,1,1,0,3,0,1,9,1,1,1,1,0,5,3,3,1,1,0
14,23,2,1,1,3,3,0,1,5,1,1,1,5,2,1,0,6,6,13,1
15,15,0,1,1,3,3,0,1,1,1,1,1,5,2,1,0,6,7,8,1
0,18,4,0,1,0,3,0,0,16,1,1,1,0,0,0,5,0,0,0,0
11,20,4,0,1,0,3,0,0,0,1,1,1,5,2,1,0,6,8,12,0
9,15,4,0,0,4,3,0,1,5,1,1,0,0,0,0,5,0,0,4,1
6,18,0,0,1,0,3,0,0,0,1,1,1,7,0,1,0,6,2,10,0
13,21,0,0,1,0,3,1,0,1,1,1,1,8,2,1,0,6,2,13,1
12,21,0,0,1,0,3,1,0,0,1,1,1,8,2,4,0,9,10,13,1
15,19,0,1,1,0,3,0,0,2,1,1,1,0,2,0,5,0,0,0,1
3,18,4,0,1,0,3,0,0,2,1,1,1,7,0,9,2,0,0,0,1
3,18,4,0,1,4,3,0,1,2,1,1,1,5,0,1,0,5,4,3,1
15,19,0,1,1,4,3,0,1,1,1,1,1,0,2,1,5,0,0,0,1
13,18,4,0,1,0,3,1,0,0,1,1,1,0,2,1,0,8,3,12,0
0,13,4,0,1,0,3,0,0,15,1,1,1,0,0,0,5,0,0,0,1
4,15,4,0,1,0,3,0,0,3,1,1,1,1,0,2,0,2,1,6,1
13,21,4,1,1,2,3,1,0,1,1,1,1,8,2,8,5,0,0,0,1
6,18,0,0,1,0,3,0,0,0,1,1,1,1,0,1,0,6,10,13,0
11,17,4,0,1,0,1,3,0,10,1,1,1,8,2,1,0,6,3,10,1
9,20,4,0,1,0,3,0,0,2,1,1,1,7,0,3,0,8,8,12,1
8,20,4,1,1,0,3,0,0,2,1,1,1,0,0,1,0,6,11,13,1
14,21,0,1,1,4,3,3,1,1,1,1,1,5,2,3,0,9,8,14,0
7,18,0,1,1,0,3,3,0,1,1,1,1,0,0,0,5,0,0,0,0
3,18,4,0,1,0,3,0,0,2,1,1,1,0,0,1,0,6,8,9,1
5,19,4,0,1,0,3,0,0,0,1,1,1,1,0,3,0,6,8,9,1
7,15,4,1,1,3,3,1,0,16,1,1,1,0,0,1,0,9,5,11,1
9,21,4,1,1,0,3,1,0,0,1,1,1,0,0,1,0,8,3,13,1
6,20,0,0,1,0,0,0,0,0,1,1,1,0,0,5,3,6,2,14,0
3,15,4,1,1,4,3,0,1,2,1,1,1,5,0,1,0,6,10,8,1
11,21,4,0,1,0,3,0,0,0,1,1,1,5,2,1,0,9,5,14,0
8,15,4,1,1,0,3,3,0,2,1,1,1,8,0,1,0,6,2,7,0
5,15,4,0,0,0,3,1,0,2,1,1,0,0,0,0,5,0,0,4,1
12,15,4,0,1,3,3,0,1,2,1,1,1,5,2,1,0,6,3,10,1
9,18,4,1,0,0,3,0,0,0,1,0,1,5,0,1,0,6,11,12,1
7,15,4,1,1,0,3,1,0,0,1,1,1,7,0,1,0,6,8,6,1
11,21,4,1,1,0,3,3,0,0,1,1,1,0,2,2,0,1,1,3,1
5,15,4,0,1,3,3,0,1,2,1,1,1,7,0,1,0,5,2,9,1
3,20,4,0,1,0,3,3,0,11,1,1,1,0,0,1,0,1,1,4,1
6,15,4,1,1,0,3,1,0,0,1,1,1,8,0,1,0,5,0,2,1
6,17,0,1,1,4,3,1,1,1,1,1,1,0,0,1,0,3,5,9,0
8,15,4,1,0,0,3,0,0,9,1,1,1,2,0,1,5,5,0,3,1
7,17,4,1,1,0,3,0,0,0,1,1,1,0,0,1,0,3,4,5,1
9,15,0,0,1,4,3,0,1,1,1,1,1,7,0,1,0,5,6,6,1
0,17,4,1,1,0,3,0,0,16,1,1,1,5,0,0,5,0,0,0,0
11,15,0,0,0,0,3,0,0,8,1,1,0,7,2,1,1,3,0,6,1
1,15,4,0,1,4,3,0,1,9,1,1,1,2,0,1,5,6,0,3,0
12,19,2,1,1,4,3,0,1,0,1,1,1,0,2,6,0,9,0,7,0
3,18,4,1,1,0,3,0,0,2,1,1,1,0,0,1,0,3,2,4,1
11,18,0,1,0,0,3,0,0,0,1,1,1,2,2,1,0,9,4,14,1
12,19,4,1,1,0,3,0,0,16,1,1,1,5,0,4,0,4,5,4,0
5,15,4,0,1,0,3,3,0,15,1,1,1,1,0,0,5,0,0,0,0
8,20,4,0,1,0,3,3,0,11,1,1,1,0,0,1,0,9,2,14,0
11,20,4,1,1,0,3,1,0,11,1,1,1,0,2,4,0,6,1,11,1
0,15,4,0,1,0,3,3,0,7,1,1,1,0,0,0,5,0,0,0,1
2,18,4,1,1,0,3,1,0,0,1,1,1,0,0,1,2,1,0,3,0
12,20,4,0,1,0,3,0,0,11,1,1,1,0,2,3,0,7,6,13,1
4,20,4,0,1,0,3,1,0,2,1,1,1,0,0,1,0,6,6,11,0
8,20,4,0,1,0,3,0,0,2,1,1,1,5,0,1,0,6,1,12,1
0,15,4,0,1,2,3,0,0,2,1,1,1,0,0,1,5,0,0,0,1
1,15,4,0,1,0,3,3,0,2,1,1,1,0,0,1,0,1,6,1,1
11,21,0,1,1,0,3,1,0,0,1,1,1,8,2,3,0,4,4,9,1
12,17,0,1,1,4,3,0,1,0,1,1,1,0,2,1,0,6,6,8,1
12,17,0,0,1,0,3,0,0,1,1,1,1,8,2,6,5,0,0,0,1
15,15,0,1,1,0,3,0,0,1,1,1,1,7,2,1,0,6,1,9,1
13,20,0,1,1,0,3,0,0,0,1,1,1,0,2,2,0,6,6,10,1
14,19,4,1,1,0,3,3,0,12,1,1,1,0,2,0,5,0,0,10,1
4,15,4,1,1,0,3,0,0,2,1,1,1,0,0,0,5,0,0,0,1
7,13,0,0,1,0,3,1,0,2,1,1,1,7,0,1,5,6,0,5,1
1,18,1,0,1,0,3,0,0,4,1,1,1,0,0,1,0,9,2,9,1
5,20,4,0,1,0,3,1,0,2,1,1,1,8,0,1,0,6,10,13,0
11,19,0,1,1,0,3,0,0,0,1,1,1,5,2,0,5,0,0,0,0
5,17,4,0,0,0,3,0,0,0,1,1,0,0,0,0,5,0,0,0,1
1,15,4,0,1,4,3,0,1,2,1,1,1,0,0,0,5,0,0,0,1
9,18,4,0,1,3,3,0,1,2,1,1,1,0,0,4,2,0,0,5,1
15,20,0,0,1,0,3,0,0,0,1,1,1,0,2,1,0,9,2,14,1
0,15,4,0,1,0,3,3,0,2,1,1,1,0,0,1,2,6,0,4,1
12,20,4,0,1,0,3,0,0,2,1,1,1,0,2,0,5,0,0,0,1
0,18,4,1,1,0,3,1,0,2,1,1,1,0,0,1,0,5,8,4,1
1,15,4,1,0,0,3,0,0,16,1,1,0,0,0,0,5,0,0,2,1
8,18,4,1,1,0,3,0,0,2,1,1,1,0,0,1,0,2,8,5,1
2,18,4,1,1,0,3,1,0,0,1,1,1,0,0,1,0,1,1,4,0
5,22,4,0,1,0,3,1,0,2,1,1,1,0,0,2,0,6,6,8,1
15,18,0,1,1,4,3,0,1,0,1,1,1,0,2,1,0,6,4,5,1
7,20,4,0,1,0,3,0,0,0,1,1,1,0,0,1,0,6,11,13,1
13,18,4,1,1,0,3,0,0,2,1,1,1,7,2,4,0,2,4,4,1
4,18,4,1,1,0,3,0,0,2,1,1,1,0,0,1,0,1,3,3,1
5,17,0,0,1,0,3,0,0,0,1,1,1,0,0,1,2,6,0,10,1
14,18,4,1,1,0,3,0,0,2,1,1,1,1,2,1,0,6,4,9,1
6,20,4,0,1,4,3,1,1,11,1,1,1,0,0,1,0,1,4,2,1
8,18,4,0,1,0,3,1,0,2,1,1,1,0,0,1,0,4,2,2,1
11,20,0,0,1,3,3,0,1,1,1,1,1,5,2,3,0,8,8,12,1
0,18,4,0,1,0,3,3,0,2,1,1,1,0,0,3,0,1,0,1,1
13,19,4,1,1,0,3,1,0,2,1,1,1,0,2,1,0,6,5,7,1
6,15,4,0,1,0,3,0,0,2,1,1,1,1,0,1,0,5,3,6,1
3,19,4,0,1,0,3,0,0,11,1,1,1,0,0,1,5,0,0,0,1
0,17,4,0,1,0,3,1,0,2,1,1,1,0,0,1,5,4,0,2,1
9,20,0,1,1,0,3,1,0,2,1,1,1,0,0,1,0,6,0,6,1
0,15,4,1,1,0,3,0,0,2,1,1,1,0,0,0,5,0,0,0,1
12,20,4,0,1,0,3,1,0,2,1,1,1,0,2,1,2,0,0,0,1
14,8,0,0,1,4,3,0,1,0,1,1,1,0,2,1,0,6,5,7,0
7,16,4,1,1,4,3,3,1,5,1,1,1,5,0,0,5,0,0,5,0
12,15,3,1,1,0,3,3,0,9,1,1,1,0,2,1,0,6,8,8,1
12,20,4,1,1,0,3,0,0,2,1,1,1,7,2,1,0,6,3,10,1
15,21,0,1,1,4,3,0,1,1,1,1,1,5,2,0,5,0,0,0,0
10,17,4,1,1,0,3,1,0,2,1,1,1,0,0,1,0,4,2,4,1
7,19,4,0,1,0,3,0,0,2,1,1,1,0,0,1,0,6,4,12,1
2,18,4,1,0,0,3,0,0,2,1,1,0,7,0,0,5,0,0,0,1
0,15,4,1,1,0,3,3,0,2,1,1,1,0,0,1,5,2,0,2,1
7,18,4,0,1,0,3,0,0,12,1,1,1,0,0,1,0,6,2,11,0
11,21,0,1,1,4,3,0,1,1,1,1,1,5,2,1,0,6,0,8,1
8,20,4,1,1,0,3,1,0,0,1,1,1,0,0,0,5,0,0,0,1
15,23,0,0,1,0,3,0,0,0,1,1,1,0,2,1,0,8,6,14,0
15,20,2,0,1,0,3,0,0,0,1,1,1,0,2,1,0,9,11,12,0
9,7,4,0,1,2,3,0,0,2,1,1,1,7,0,7,0,5,8,14,1
14,20,4,0,1,4,3,0,1,0,1,1,1,5,2,1,0,6,3,9,1
7,18,4,1,1,0,3,1,0,2,1,1,1,8,0,1,0,5,11,5,1
8,19,4,1,1,0,3,1,0,0,1,1,1,0,0,1,0,6,4,9,1
9,19,4,0,1,0,3,3,0,2,1,1,1,8,0,8,5,6,0,4,1
4,15,4,1,1,0,3,1,0,2,1,1,1,0,0,1,2,6,0,6,0
2,12,4,0,1,0,3,0,0,0,1,1,1,0,0,1,0,6,3,7,0
4,20,4,0,0,0,3,0,0,2,1,1,0,1,0,1,0,3,6,4,0
13,21,0,1,1,3,3,3,1,1,1,1,1,5,2,1,0,6,2,13,1
1,19,4,1,1,4,3,0,1,0,1,1,1,7,0,0,5,0,0,0,0
8,19,0,1,1,0,3,1,0,0,1,1,1,0,0,1,0,6,5,6,1
0,17,4,0,0,0,3,1,0,2,1,1,0,0,0,1,2,4,0,3,1
13,15,0,1,1,3,3,0,1,2,1,1,1,0,2,9,2,0,0,0,1
13,19,4,0,1,0,3,3,0,2,1,1,1,1,2,1,0,6,3,11,0
4,18,2,1,0,0,1,1,0,14,1,1,1,0,2,1,5,0,0,6,1
11,23,0,0,1,0,3,3,0,15,1,1,1,0,2,1,5,6,0,14,0
14,20,0,1,1,0,3,0,0,0,1,1,1,0,2,1,0,6,3,13,1
3,15,4,0,1,0,3,0,0,2,1,1,1,0,0,1,0,6,1,7,1
8,15,4,0,1,0,3,0,0,12,1,1,1,0,0,1,1,9,0,12,0
12,13,0,1,1,0,3,3,0,1,1,1,1,0,2,1,5,0,0,0,1
7,18,4,1,1,0,3,3,0,5,1,1,1,0,0,2,0,8,1,6,1
11,17,0,0,1,0,3,3,0,0,1,1,1,0,2,1,0,6,6,7,1
5,19,4,1,1,0,3,0,0,12,1,1,1,0,0,1,0,6,10,5,0
13,0,4,0,1,4,3,0,1,9,1,1,1,5,2,0,5,0,0,0,1
8,18,0,0,1,0,3,1,0,8,1,1,1,0,0,4,0,6,6,11,1
7,20,4,1,1,0,3,3,0,0,1,1,1,7,0,2,0,6,3,8,1
1,17,4,1,1,0,3,1,0,2,1,1,1,0,0,1,0,2,3,2,1
9,5,4,0,1,3,3,0,1,4,1,1,1,0,0,1,0,6,10,14,1
13,19,4,1,1,0,3,3,0,12,1,1,1,5,2,1,5,0,0,0,0
7,21,4,1,1,0,3,0,0,0,1,1,1,0,0,3,0,2,4,4,1
6,15,4,0,1,0,2,0,0,10,1,1,1,0,0,6,0,6,3,5,1
10,16,4,0,1,0,3,0,0,2,1,1,1,7,0,1,0,6,1,5,1
3,15,4,1,1,0,3,0,0,2,1,1,1,7,0,1,0,1,6,6,1
12,20,0,1,1,0,3,0,0,0,1,1,1,0,2,6,0,1,0,1,1
10,15,4,1,1,0,3,0,0,2,1,1,1,0,0,1,1,6,0,10,1
7,20,4,0,1,0,3,3,0,11,1,1,1,0,0,0,5,0,0,0,1
7,15,4,0,1,0,3,0,0,2,1,1,1,7,0,1,0,9,10,12,1
9,20,0,1,1,0,3,0,0,2,1,1,1,0,0,1,0,6,3,10,1
13,20,0,0,1,0,3,1,0,0,1,1,1,0,2,1,5,5,0,3,0
3,18,0,0,1,3,3,0,1,1,1,1,1,7,0,1,0,2,9,2,0
0,18,4,1,1,0,3,3,0,2,1,1,1,5,0,0,5,0,0,0,1
11,19,4,1,1,0,3,1,0,0,1,1,1,0,2,1,0,1,0,1,1
8,15,4,0,1,0,3,3,0,2,1,1,1,7,0,1,0,6,8,9,1
2,15,4,0,1,0,1,0,0,9,1,1,1,5,0,1,0,6,10,8,1
4,18,4,1,1,0,3,0,0,0,1,1,1,0,0,3,0,3,6,3,1
10,21,4,0,1,3,3,0,1,0,1,1,1,7,0,1,0,6,4,11,0
2,17,4,1,1,0,3,0,0,2,1,1,1,0,0,6,0,2,4,5,1
13,21,4,1,1,4,3,0,1,12,1,1,1,5,2,1,0,6,4,8,1
12,21,4,0,1,4,3,3,1,0,1,1,1,0,2,1,0,6,11,14,1
13,15,0,1,1,0,3,0,0,1,1,1,1,0,2,2,0,6,8,12,1
7,20,0,1,1,0,3,2,0,1,1,1,1,0,0,2,2,6,0,10,1
10,20,4,1,1,0,3,0,0,2,1,1,1,0,0,7,2,6,0,8,1
12,18,2,0,1,0,3,0,0,12,1,1,1,0,2,1,0,9,6,12,1
6,9,4,0,1,0,3,1,0,5,1,1,1,7,0,2,0,8,1,4,1
6,18,4,0,1,0,3,0,0,11,1,1,1,5,0,1,0,6,3,12,0
14,14,4,0,0,0,3,3,0,12,1,1,0,0,2,1,0,6,10,12,1
8,18,4,1,1,0,3,0,0,2,1,1,1,7,0,1,0,4,11,7,1
10,15,4,0,0,0,3,0,0,0,1,1,0,8,0,1,5,0,0,0,1
11,8,4,0,0,2,3,0,0,3,0,0,0,0,2,0,5,0,0,1,1
13,19,4,1,1,0,3,0,0,12,1,1,1,7,2,1,0,6,4,10,0
4,15,0,0,1,3,3,0,1,0,1,1,1,0,0,1,0,6,1,6,0
6,18,0,1,1,4,3,0,1,1,1,1,1,5,0,1,0,2,3,5,1
0,15,4,1,1,0,3,1,0,16,1,1,1,5,0,1,5,0,0,2,1
7,21,4,1,1,0,3,1,0,0,1,1,1,0,0,1,0,6,3,9,0
15,11,0,0,1,4,3,0,1,15,1,1,1,0,2,2,5,9,0,0,1
2,18,2,0,1,0,3,0,0,2,1,1,1,0,0,3,0,3,4,6,1
2,18,4,0,1,3,3,0,1,2,1,1,1,5,0,1,0,6,3,11,1
2,19,4,0,1,0,3,1,0,0,1,1,1,0,0,1,0,2,2,4,1
14,14,4,1,0,0,3,0,0,2,1,1,0,0,2,0,5,0,0,0,1
10,20,4,1,1,3,3,0,1,0,1,1,1,0,0,1,0,7,2,10,1
12,15,0,0,1,4,3,0,1,8,1,1,1,0,2,0,5,0,0,0,1
2,18,4,1,1,0,3,3,0,2,1,1,1,5,0,0,5,0,0,0,1
0,18,4,0,1,0,3,1,0,2,1,1,1,8,0,1,0,3,0,1,0
11,20,4,0,1,0,3,1,0,0,1,1,1,7,2,3,0,8,8,12,1
6,18,4,1,1,0,3,3,0,11,1,1,1,1,0,1,0,5,6,5,0
8,15,4,0,1,0,3,0,0,4,1,1,1,0,0,1,0,6,3,7,0
4,21,4,0,1,0,3,1,0,0,1,1,1,0,0,1,0,6,5,13,1
4,20,4,1,1,0,3,0,0,2,1,1,1,7,0,1,0,6,4,9,1
8,23,0,0,1,0,3,0,0,0,1,1,1,0,0,1,0,6,11,6,0
11,21,0,0,1,4,3,0,1,1,1,1,1,0,2,1,0,8,10,14,1
2,18,4,0,1,3,3,0,1,2,1,1,1,5,0,1,0,1,2,2,1
15,20,0,0,1,0,2,0,0,10,1,1,1,0,2,4,0,6,6,11,1
15,15,2,0,1,4,3,0,1,7,1,1,1,7,2,1,0,6,11,6,1
7,18,4,0,1,0,3,0,0,2,1,1,1,5,0,1,0,6,4,10,1
3,19,4,0,1,0,3,0,0,2,1,1,1,5,0,1,5,0,0,0,0
9,18,4,1,1,0,3,0,0,2,1,1,1,1,0,1,0,6,6,11,1
10,21,0,1,1,0,3,0,0,2,1,1,1,5,0,1,0,2,1,5,1
5,18,4,0,1,0,3,1,0,7,1,1,1,0,0,1,0,6,4,5,1
6,15,4,0,1,0,3,1,0,0,1,1,1,7,0,1,0,6,6,11,1
7,20,4,0,1,0,3,3,0,11,1,1,1,8,0,1,0,4,6,9,1
10,12,0,0,1,0,3,0,0,1,1,1,1,0,0,1,0,6,11,9,1
11,20,0,0,1,3,3,1,1,0,1,1,1,0,2,1,0,7,3,14,1
0,15,4,1,1,0,3,3,0,11,1,1,1,0,0,1,5,5,0,4,1
7,0,4,0,1,4,3,0,1,5,1,1,1,0,0,1,0,6,4,6,1
0,18,4,0,1,0,3,0,0,2,1,1,1,5,0,1,2,0,0,0,1
8,0,4,0,1,4,3,0,1,0,1,1,1,0,0,1,0,8,1,9,1
13,0,4,0,1,4,3,0,1,12,1,1,1,7,2,6,0,3,4,8,1
12,13,4,0,1,0,3,1,0,15,1,1,1,0,2,1,5,0,0,0,0
11,20,0,0,1,0,3,0,0,0,1,1,1,0,2,6,5,6,0,11,1
6,18,4,0,1,0,3,0,0,5,1,1,1,7,0,1,0,1,6,3,1
6,15,4,0,1,4,3,0,1,12,1,1,1,0,0,1,0,6,6,13,0
15,19,0,1,1,3,3,0,1,0,1,1,1,0,2,1,0,6,2,10,1
10,15,0,1,1,0,3,0,0,15,1,1,1,0,0,1,5,0,0,0,1
11,11,4,0,1,0,3,1,0,4,1,1,1,0,2,1,0,6,8,14,1
15,20,4,1,1,0,3,1,0,0,1,1,1,0,2,3,0,6,10,12,1
4,15,4,0,1,0,3,0,0,2,1,1,1,0,0,1,0,9,2,7,1
6,15,4,0,1,0,3,1,0,5,1,1,1,0,0,2,0,6,0,9,1
13,15,0,1,1,0,3,0,0,1,1,1,1,0,2,7,0,5,0,9,1
9,20,2,0,1,0,3,2,0,0,1,1,1,6,0,3,0,6,10,11,0
3,15,4,1,1,0,3,1,0,0,1,1,1,0,0,3,0,6,3,10,1
3,18,4,0,1,0,3,0,0,11,1,1,1,0,0,1,0,6,3,9,0
6,15,0,0,1,0,3,0,0,0,1,1,1,7,0,1,0,5,6,12,0
12,14,0,1,1,0,3,0,0,0,1,1,1,0,2,1,0,8,10,12,1
13,17,0,0,1,0,3,3,0,1,1,1,1,0,2,1,5,0,0,4,1
0,15,4,0,1,0,3,0,0,2,1,1,1,7,0,1,2,4,0,5,1
6,18,4,0,1,0,3,0,0,2,1,1,1,0,0,1,0,6,2,11,1
11,19,0,0,1,0,3,3,0,1,1,1,1,0,2,3,0,6,6,12,1
2,17,4,0,1,0,3,1,0,2,1,1,1,8,0,1,5,0,0,0,1
0,17,4,1,1,0,3,0,0,2,1,1,1,0,0,0,5,0,0,0,1
14,14,4,1,1,4,3,0,1,14,1,1,1,5,2,7,5,0,0,0,1
13,10,4,1,1,4,3,0,1,0,1,1,1,7,2,4,0,1,3,8,1
4,12,4,0,1,4,3,0,1,0,1,1,1,7,0,1,0,6,4,9,1
3,15,4,1,1,4,3,0,1,2,1,1,1,5,0,1,0,6,2,7,1
9,15,0,0,0,0,0,0,0,6,0,1,0,6,0,0,5,0,0,14,0
6,18,0,0,1,1,3,3,0,1,1,1,1,0,0,7,0,5,3,6,1
14,20,0,1,1,0,3,0,0,0,1,1,1,5,2,1,0,8,11,14,0
15,20,0,1,1,0,3,0,0,2,1,1,1,0,2,1,2,6,0,5,1
15,23,0,1,1,3,3,3,1,1,1,1,1,5,2,0,5,0,0,4,1
7,15,4,1,1,0,3,3,0,2,1,1,1,0,0,2,0,9,11,11,1
4,19,4,1,1,0,3,0,0,9,1,1,1,0,0,1,5,3,0,1,1
4,20,4,1,1,4,3,0,0,11,1,1,1,0,0,1,0,6,5,11,1
4,20,4,1,1,0,3,0,0,2,1,1,1,5,0,1,0,2,2,4,1
11,18,4,0,1,0,3,0,0,16,1,1,1,2,0,2,0,2,5,3,1
14,15,0,1,1,3,3,0,1,1,1,1,1,0,2,1,0,6,6,12,1
6,15,4,0,1,3,3,0,1,2,1,1,1,7,0,1,0,6,8,8,1
2,18,4,1,1,0,3,1,0,0,1,1,1,8,0,1,5,1,0,2,0
7,17,0,1,1,0,3,0,0,0,1,1,1,7,0,1,0,7,6,10,0
3,18,4,0,1,0,3,0,0,2,1,1,1,7,0,0,5,0,0,0,1
15,19,4,1,1,3,3,0,1,2,1,1,1,0,2,1,0,6,4,4,1
7,18,0,1,1,0,3,0,0,0,1,1,1,0,0,0,5,0,0,0,1
2,18,4,0,1,0,3,0,0,2,1,1,1,0,0,0,5,0,0,0,1
11,15,4,0,1,0,3,3,0,14,1,1,1,0,2,1,0,2,4,2,0
9,19,4,0,1,0,3,0,0,0,1,1,1,0,0,5,0,6,4,7,0
14,0,2,0,1,4,3,0,1,1,1,1,1,0,2,1,0,6,3,11,1
14,21,4,0,1,0,3,1,0,0,1,1,1,8,2,1,0,6,2,13,0
11,15,4,0,1,0,3,0,0,2,1,1,1,0,2,1,2,4,0,8,1
6,18,4,0,1,0,3,1,0,0,1,1,1,8,0,1,0,2,3,5,0
9,15,2,1,1,0,3,1,0,2,1,1,1,0,0,1,0,6,7,7,1
1,18,4,1,1,0,3,0,0,2,1,1,1,5,0,1,0,4,5,4,1
10,20,4,1,1,0,3,0,0,12,1,1,1,5,0,1,0,8,2,12,0
2,19,0,1,1,0,3,0,0,1,1,1,1,0,0,1,0,1,2,5,0
9,15,2,1,1,0,3,2,0,2,1,1,1,6,0,0,5,0,0,8,1
11,20,4,1,1,3,3,0,1,2,1,1,1,5,2,0,5,0,0,0,1
7,20,4,0,1,0,3,0,0,0,1,1,1,0,0,1,0,6,4,8,1
3,18,0,1,1,0,3,0,0,1,1,1,1,0,0,2,0,1,2,2,1
0,18,0,0,1,0,3,2,0,8,1,1,1,7,0,1,0,6,6,8,1
10,20,4,0,1,0,3,3,0,14,1,1,1,0,0,1,0,4,10,7,1
5,19,4,0,1,0,3,0,0,2,1,1,1,7,0,1,0,6,6,5,1
1,18,4,0,1,0,3,0,0,16,1,1,1,5,0,0,5,0,0,0,1
6,21,4,1,1,0,3,3,0,9,1,1,1,5,0,1,0,7,8,14,1
8,19,0,1,1,0,3,0,0,0,1,1,1,5,0,1,0,6,8,7,0
10,20,4,0,1,0,3,0,0,0,1,1,1,0,0,7,0,8,11,4,1
15,20,0,1,1,4,3,0,1,1,1,1,1,0,2,0,5,0,0,0,0
5,17,0,1,1,4,3,0,1,1,1,1,1,0,0,1,5,0,0,0,0
4,19,4,1,1,0,3,0,0,0,1,1,1,4,0,3,0,9,7,5,1
9,14,4,0,1,0,3,0,0,12,1,1,1,0,0,1,5,6,0,5,0
6,19,4,1,1,0,3,0,0,12,1,1,1,7,0,1,0,9,3,11,1
9,18,4,1,1,4,3,0,1,2,1,1,1,0,0,1,0,6,0,8,1
8,18,4,1,0,0,3,0,0,2,1,1,1,7,0,1,0,4,4,5,1
13,21,0,1,1,0,3,0,0,0,1,1,1,5,2,1,0,6,1,13,1
0,13,4,0,1,0,3,0,0,7,1,1,1,0,0,0,5,0,0,7,1
3,20,4,1,1,0,3,0,0,0,1,1,1,0,0,1,1,6,0,9,1
1,18,4,1,1,0,3,0,0,2,1,1,1,0,0,1,0,6,5,8,1
11,14,4,0,1,3,3,1,1,2,1,1,1,7,2,1,2,2,0,4,1
1,18,4,0,1,0,3,0,0,2,1,1,1,0,0,1,5,4,0,5,1
14,13,4,0,1,0,3,3,0,2,1,1,1,0,2,1,0,6,4,13,0
10,8,2,1,1,4,3,0,1,0,1,1,1,0,0,1,5,0,0,0,1
1,14,4,0,1,0,3,0,0,2,1,1,1,7,0,1,0,5,2,5,1
8,19,4,1,1,0,3,1,0,0,1,1,1,5,0,2,0,6,11,12,1
0,17,4,1,1,0,3,0,0,2,1,1,1,0,0,4,5,1,0,1,1
6,20,4,1,1,0,3,0,0,2,1,1,1,5,0,0,5,0,0,0,1
13,18,2,0,1,3,3,0,1,0,1,1,1,5,2,1,0,6,6,7,0
1,18,4,1,1,3,3,3,1,2,1,1,1,5,0,0,5,0,0,0,1
2,15,4,0,1,0,3,0,0,2,1,1,1,7,0,1,0,7,2,7,1
12,13,4,0,1,0,3,0,0,15,1,1,1,1,2,1,5,0,0,0,1
15,20,4,1,1,4,3,3,1,12,1,1,1,5,2,1,0,6,10,9,1
10,15,4,1,1,0,3,3,0,2,1,1,1,0,0,1,0,2,5,4,1
3,18,4,1,1,4,3,0,1,9,1,1,1,0,0,0,5,0,0,0,1
5,15,4,0,1,4,3,0,1,9,1,1,1,5,0,1,0,6,2,9,0
0,17,4,0,1,0,2,0,0,10,1,1,1,0,0,4,0,6,8,6,1
0,18,4,1,1,0,3,3,0,5,1,1,1,7,0,1,2,1,0,3,1
10,12,0,0,1,0,3,0,0,1,1,1,1,7,0,1,2,0,0,0,1
6,15,4,0,1,4,3,3,1,9,1,1,1,5,0,1,0,6,11,12,1
2,18,4,1,1,0,3,1,0,2,1,1,1,0,0,1,0,2,2,2,1
9,19,0,1,1,0,3,3,0,0,1,1,1,7,0,1,0,6,1,6,1
8,19,0,0,1,0,3,0,0,2,1,1,1,0,0,1,0,6,5,9,1
3,15,4,0,1,0,3,0,0,0,1,1,1,7,0,1,5,6,0,5,0
12,20,0,0,1,0,3,1,0,0,1,1,1,0,2,6,0,6,3,14,1
13,0,4,1,1,0,3,1,0,12,1,1,1,0,2,6,0,6,1,11,1
2,17,4,1,1,0,3,3,0,2,1,1,1,0,0,1,0,3,6,3,1
10,19,4,0,1,0,3,1,0,0,1,1,1,0,0,1,0,6,4,11,0
15,15,0,0,1,0,3,1,0,0,1,1,1,0,2,6,0,6,0,3,1
2,13,0,1,1,0,3,0,0,8,1,1,1,0,0,1,5,6,0,3,1
1,15,4,0,1,0,3,0,0,2,1,1,1,7,0,1,5,5,0,5,1
4,20,4,1,1,0,3,1,0,2,1,1,1,0,0,1,0,6,7,9,1
12,17,0,1,1,0,3,0,0,8,1,1,1,7,2,4,0,6,6,8,1
4,21,4,0,1,0,3,1,0,11,1,1,1,0,0,1,0,6,8,13,1
11,17,4,0,1,0,3,3,0,7,1,1,1,0,2,1,0,6,6,6,1
10,20,4,0,1,0,3,0,0,11,1,1,1,5,0,1,0,7,6,12,1
10,18,4,0,1,0,1,1,0,0,1,1,1,0,0,1,0,5,7,5,1
12,16,0,1,1,0,3,3,0,1,1,1,1,0,2,1,0,1,3,4,1
2,17,4,0,0,4,3,0,1,16,1,1,0,0,0,1,5,1,0,2,0
14,18,0,1,1,0,3,0,0,8,1,1,1,0,2,4,0,2,1,3,1
15,19,4,1,1,0,3,0,0,2,1,1,1,0,2,1,2,0,0,0,1
11,20,0,0,1,0,3,1,0,0,1,1,1,8,2,6,0,9,6,14,1
1,18,4,1,1,0,3,0,0,14,1,1,1,0,0,1,0,2,3,6,1
0,19,4,0,1,0,3,1,0,16,1,1,1,0,0,1,0,1,2,2,0
5,20,4,0,1,2,3,1,0,2,1,1,1,8,0,1,0,6,8,9,0
5,12,4,0,0,0,3,0,0,16,1,1,0,0,0,1,5,0,0,4,1
14,20,4,0,1,3,3,0,1,2,1,1,1,5,2,1,0,6,8,14,1
10,18,4,0,1,0,3,0,0,2,1,1,1,5,0,1,0,6,4,12,1
12,20,4,1,1,0,3,3,0,0,1,1,1,0,2,1,0,8,11,14,1
8,18,3,0,1,0,3,0,0,2,1,1,1,0,0,6,0,6,0,6,1
13,15,0,0,1,3,3,0,1,0,1,1,1,5,2,1,0,6,6,10,1
15,19,0,1,1,0,3,0,0,1,1,1,1,0,2,1,0,6,0,11,1
2,15,4,1,1,4,3,3,1,2,1,1,1,0,0,0,5,0,0,0,1
13,15,0,0,1,4,3,0,1,0,1,1,1,5,2,1,0,6,4,10,0
12,18,4,1,1,0,3,3,0,0,1,1,1,1,2,3,0,3,6,4,1
15,19,0,0,1,0,3,0,0,0,1,1,1,7,2,1,0,6,4,10,1
10,15,4,1,1,0,3,3,0,2,1,1,1,5,0,1,0,6,11,3,1
6,20,4,1,1,4,3,0,1,0,1,1,1,7,0,1,0,5,0,9,0
5,15,4,0,1,0,3,0,0,2,1,1,1,0,0,1,2,2,0,4,0
0,15,4,0,1,0,3,0,0,16,1,1,1,0,0,1,0,6,2,8,1
15,20,0,0,1,0,3,0,0,0,1,1,1,0,2,1,0,6,10,10,1
11,16,4,1,1,0,3,3,0,12,1,1,1,0,2,0,5,0,0,4,0
8,21,0,0,1,0,3,1,0,1,1,1,1,0,0,1,0,7,8,13,0
8,20,4,0,1,0,3,0,0,2,1,1,1,7,0,3,1,6,0,6,1
0,18,4,0,1,0,3,0,0,16,1,1,1,5,0,0,5,0,0,0,1
8,21,0,0,1,4,3,3,1,1,1,1,1,0,0,1,0,9,6,8,1
0,15,4,1,1,0,3,1,0,11,1,1,1,8,0,1,0,2,3,5,1
2,19,4,0,1,0,3,0,0,2,1,1,1,0,0,1,2,2,0,4,1
12,9,0,0,1,0,3,1,0,12,1,1,1,7,2,2,0,8,1,8,1
1,17,4,0,1,0,3,0,0,2,1,1,1,0,0,1,0,4,4,6,1
13,21,4,0,0,0,3,3,0,5,0,1,0,0,2,0,0,0,5,13,1
3,15,4,1,1,0,3,0,0,11,1,1,1,0,0,2,0,6,3,6,1
12,18,4,1,1,3,3,0,1,5,1,1,1,0,2,2,0,6,6,6,1
12,19,2,0,1,0,3,1,0,0,1,1,1,0,2,4,0,6,5,7,1
14,11,0,1,0,4,3,0,1,1,1,1,1,0,2,0,5,0,0,0,1
2,18,4,0,1,4,3,0,1,0,1,1,1,0,0,1,0,6,6,5,1
12,21,0,0,1,3,3,1,1,0,1,1,1,0,2,1,0,7,2,13,1
15,20,4,0,1,0,3,0,0,0,1,1,1,1,2,4,0,6,8,12,1
13,20,4,1,1,3,3,0,1,0,1,1,1,5,2,2,0,6,6,12,1
3,15,4,1,1,0,3,0,0,2,1,1,1,5,0,1,0,6,4,10,1
1,18,4,1,1,0,3,3,0,2,1,1,1,7,0,0,5,0,0,0,1
15,20,4,0,1,0,3,1,0,2,1,1,1,5,2,1,0,6,4,8,1
5,13,4,0,1,2,3,0,1,0,1,1,1,0,0,6,0,5,4,2,1
7,13,4,0,1,0,3,0,0,7,1,1,1,0,0,1,0,6,4,7,1
4,19,4,0,1,0,3,3,0,2,1,1,1,0,0,1,0,6,3,7,1
9,20,4,1,1,0,3,0,0,0,1,1,1,0,0,1,0,6,4,11,0
13,23,0,0,1,0,3,0,0,1,1,1,1,0,2,8,0,6,3,14,1
5,17,4,0,1,3,3,0,1,2,1,1,1,0,0,1,0,6,5,7,0
0,17,4,0,1,4,3,0,1,5,1,1,1,7,0,1,0,6,6,6,0
3,19,4,1,1,0,3,3,0,12,1,1,1,0,0,1,0,6,2,5,0
11,20,0,1,1,3,3,0,1,1,1,1,1,5,2,0,5,0,0,0,1
12,22,3,1,1,3,3,0,1,0,1,1,1,0,2,7,0,7,8,8,1
9,20,4,1,1,0,3,0,0,11,1,1,1,0,0,1,0,6,4,11,1
12,23,0,0,1,0,3,0,0,0,1,1,1,0,2,1,0,6,3,14,1
7,20,0,0,1,0,3,1,0,1,1,1,1,8,0,7,1,6,0,13,1
14,20,4,1,1,0,3,1,0,11,1,1,1,0,2,1,0,8,2,9,1
8,6,0,0,1,4,3,0,1,7,1,1,1,7,0,9,2,0,11,0,1
0,18,4,0,1,0,3,1,0,16,1,1,1,0,0,0,5,0,0,0,1
5,15,4,0,1,4,3,0,1,2,1,1,1,5,0,0,5,0,0,0,1
14,19,4,1,1,4,3,3,1,2,1,1,1,5,2,3,0,2,11,3,1
14,20,0,0,1,0,3,0,0,0,1,1,1,0,2,1,0,6,3,9,1
11,15,4,0,1,0,3,3,0,14,1,1,1,1,2,1,5,6,0,7,0
4,21,0,1,1,2,3,0,0,0,1,1,1,0,0,1,1,6,0,9,1
13,12,2,0,0,0,3,0,0,0,1,1,1,5,2,9,2,0,0,13,1
13,12,4,0,1,0,3,0,0,15,1,1,1,1,2,1,5,0,0,1,1
10,15,4,0,1,0,0,3,0,0,1,1,1,0,0,5,3,9,4,12,1
13,12,0,0,1,0,3,3,0,1,1,1,1,0,2,1,2,0,0,0,1
7,20,4,0,1,0,3,0,0,2,1,1,1,0,0,2,0,6,10,10,1
14,8,0,0,1,4,3,3,1,0,1,1,1,0,2,1,0,6,4,12,1
8,17,4,0,1,4,3,0,1,5,1,1,1,7,0,1,0,6,4,6,1
12,20,4,0,1,4,3,0,1,0,1,1,1,5,2,1,0,6,8,14,1
12,17,4,0,1,0,3,0,0,0,1,1,1,0,2,1,0,7,3,12,1
9,21,4,1,1,2,3,0,0,2,1,1,1,0,0,1,0,4,3,8,0
9,18,4,1,1,0,3,0,0,2,1,1,1,0,0,1,0,6,6,11,1
8,17,0,1,1,0,3,0,0,0,1,1,1,0,0,3,0,6,4,13,1
4,20,4,0,1,0,3,3,0,11,1,1,1,0,0,1,0,6,4,12,0
14,15,0,1,1,0,3,0,0,2,1,1,1,0,2,0,5,0,0,0,1
3,16,4,0,1,0,3,3,0,11,1,1,1,7,0,1,5,6,0,4,0
8,21,0,1,1,0,3,0,0,2,1,1,1,5,0,1,0,7,5,13,1
5,20,4,0,1,0,3,1,0,11,1,1,1,8,0,1,0,7,6,5,0
7,20,4,1,1,4,3,0,0,11,1,1,1,0,0,1,5,6,0,11,1
4,20,4,1,1,0,3,0,0,0,1,1,1,7,0,6,0,4,6,9,1
5,15,4,0,1,0,3,0,0,2,1,1,1,0,0,1,0,2,2,6,1
15,20,0,1,1,0,3,3,0,1,1,1,1,7,2,1,0,6,3,9,1
14,20,0,1,1,0,3,0,0,0,1,1,1,0,2,1,0,6,3,6,1
2,15,4,1,1,0,3,0,0,2,1,1,1,0,0,1,0,6,2,9,1
8,21,4,0,1,0,3,0,0,2,1,1,1,5,0,1,2,0,0,0,1
2,18,4,0,1,0,3,0,0,2,1,1,1,5,0,1,0,6,3,9,1
1,18,4,1,1,0,3,1,0,2,1,1,1,0,0,2,0,3,4,8,1
1,19,4,0,1,0,3,1,0,0,1,1,1,0,0,3,5,1,0,3,0
15,20,0,0,1,4,3,0,1,1,1,1,1,5,2,1,0,6,10,12,1
9,20,4,0,1,0,3,0,0,11,1,1,1,0,0,1,5,6,0,6,0
8,19,4,1,1,0,3,0,0,2,1,1,1,7,0,1,0,4,8,9,1
3,15,4,0,1,0,3,0,0,15,1,1,1,0,0,1,5,0,0,0,0
14,20,4,1,1,0,3,0,0,12,1,1,1,0,2,1,0,6,4,13,0
7,16,4,0,1,0,3,0,0,2,1,1,1,7,0,1,0,6,5,4,1
15,20,0,0,1,0,3,1,0,0,1,1,1,8,2,4,0,6,11,12,0
7,18,0,0,1,0,0,0,0,16,1,1,1,1,0,5,3,6,3,6,1
3,20,4,0,0,0,3,0,0,9,1,1,0,0,0,1,5,6,0,6,1
5,18,4,1,1,3,3,0,1,2,1,1,1,5,0,1,0,6,3,10,1
11,16,0,1,1,0,3,0,0,1,1,1,1,0,2,0,5,0,0,4,0
12,0,0,0,1,4,3,0,1,1,1,1,1,0,2,1,0,6,4,6,1
3,18,4,0,1,0,3,0,0,11,1,1,1,0,0,0,5,0,0,5,1
0,17,4,0,1,0,3,1,0,7,1,1,1,8,0,1,5,1,0,1,1
3,14,4,1,1,4,3,0,1,2,1,1,1,7,0,1,0,2,1,5,1
1,15,4,0,1,3,0,0,1,16,1,1,1,0,0,5,3,2,9,4,0
11,22,4,1,1,2,3,1,0,2,1,1,1,0,2,1,0,4,3,8,1
3,18,4,1,1,0,3,0,0,2,1,1,1,0,0,0,5,0,0,0,1
12,15,3,0,1,3,3,3,1,2,1,1,1,7,2,1,0,6,10,8,1
5,17,4,0,1,0,3,1,0,0,1,1,1,7,0,1,0,6,1,4,0
13,16,4,0,1,4,3,0,1,9,1,1,1,7,2,1,0,7,6,7,1
0,15,4,0,1,0,3,0,0,7,1,1,1,0,0,0,5,0,0,0,1
5,0,4,1,0,4,3,0,1,9,1,1,1,0,0,0,5,0,0,0,1
11,20,0,1,1,3,3,0,1,2,1,1,1,5,2,1,0,4,6,5,1
6,20,4,0,1,0,3,0,0,4,1,1,1,0,0,1,2,0,0,0,1
8,20,4,0,1,0,3,3,0,0,1,1,1,1,0,1,0,6,4,8,0
3,10,4,0,1,3,0,0,1,16,1,1,1,0,0,5,3,8,3,10,1
4,17,4,0,1,0,3,0,0,2,1,1,1,0,0,1,0,6,8,7,1
1,19,4,0,1,0,3,0,0,11,1,1,1,0,0,0,5,0,0,0,1
14,15,4,1,1,3,3,0,1,9,1,1,1,5,2,1,0,6,8,10,1
1,18,4,1,1,0,3,3,0,2,1,1,1,0,0,1,0,2,4,3,1
11,19,4,0,0,2,3,1,0,2,0,1,0,7,2,1,0,0,5,13,1
5,20,4,0,1,0,3,1,0,15,1,1,1,7,0,1,5,6,0,1,0
13,20,4,0,1,0,1,1,0,0,1,1,1,8,2,5,0,6,9,13,0
5,19,4,0,1,0,3,1,0,16,1,1,1,1,0,1,0,8,6,7,0
4,19,4,0,1,0,3,1,0,2,1,1,1,0,0,1,0,3,6,4,1
2,15,4,0,1,0,3,0,0,16,1,1,1,0,0,1,0,8,1,7,1
8,15,0,0,1,4,3,3,1,1,1,1,1,0,0,1,0,5,8,6,1
4,15,4,0,1,0,3,3,0,15,1,1,1,1,0,1,5,0,0,0,0
11,15,0,1,1,0,3,3,0,1,1,1,1,7,2,2,0,8,8,9,1
14,20,4,0,1,0,3,0,0,0,1,1,1,7,2,1,0,7,6,13,1
1,15,4,1,1,0,3,1,0,16,1,1,1,0,0,2,5,4,0,3,1
12,21,4,0,1,0,3,2,0,5,1,1,1,0,2,1,0,6,9,14,1
5,18,4,0,1,0,3,1,0,0,1,1,1,0,0,1,0,6,1,2,1
12,15,4,1,1,4,3,0,1,9,1,1,1,0,2,1,5,1,0,1,1
9,18,0,1,1,0,3,0,0,0,1,1,1,7,0,9,2,0,0,0,1
15,18,0,1,1,3,3,0,1,0,1,1,1,7,2,1,0,4,11,5,1
15,15,0,0,0,0,3,1,0,0,0,1,1,0,2,0,5,0,0,10,1
11,18,0,1,1,4,3,0,1,0,1,1,1,0,2,1,5,6,0,14,1
12,14,4,0,1,0,3,2,0,2,1,1,1,8,2,1,0,6,10,12,1
5,18,4,0,1,0,3,1,0,0,1,1,1,0,0,1,0,5,4,6,0
3,18,4,0,1,0,3,0,0,0,1,1,1,7,0,1,0,6,2,9,1
12,15,0,1,1,4,3,0,1,0,1,1,1,0,2,1,0,6,5,14,1
1,17,4,0,1,3,3,0,1,16,1,1,1,5,0,2,5,0,0,0,0
4,20,4,1,1,4,3,3,1,14,1,1,1,0,0,1,0,6,4,9,1
7,22,4,0,1,0,3,0,0,0,1,1,1,5,0,1,0,6,2,14,1
1,18,4,1,1,0,3,0,0,16,1,1,1,5,0,0,5,0,0,0,1
5,19,4,1,1,0,3,0,0,0,1,1,1,5,0,2,0,3,5,7,1
3,18,4,1,1,0,3,3,0,5,1,1,1,0,0,2,5,1,0,2,1
8,21,4,1,1,0,3,1,0,5,1,1,1,0,0,1,2,9,0,3,0
9,20,4,0,1,0,3,0,0,2,1,1,1,0,0,1,0,6,6,9,1
10,18,4,0,1,0,3,0,0,0,1,1,1,7,0,1,0,8,3,10,1
7,20,4,0,1,0,3,0,0,12,1,1,1,0,0,1,0,6,10,4,1
2,15,4,0,1,0,3,0,0,2,1,1,1,0,0,1,0,3,4,4,1
10,20,4,1,1,0,3,1,0,15,1,1,1,0,0,3,5,0,0,0,0
12,14,0,0,1,0,3,1,0,0,1,1,1,0,2,7,2,6,0,5,1
4,15,4,0,1,0,3,0,0,15,1,1,1,1,0,0,5,0,0,0,0
11,15,4,0,1,0,3,1,0,0,1,1,1,8,2,1,1,9,0,12,1
3,18,4,0,1,0,3,0,0,2,1,1,1,0,0,7,0,5,3,5,1
0,15,4,1,1,0,3,0,0,2,1,1,1,0,0,0,5,0,0,0,1
0,17,4,0,1,0,3,0,0,16,1,1,1,1,0,0,5,0,0,0,1
7,15,4,1,1,0,3,3,0,9,1,1,1,7,0,1,0,6,3,8,1
9,18,4,0,1,0,3,0,0,0,1,1,1,0,0,1,0,5,0,6,1
9,15,4,1,1,0,3,0,0,12,1,1,1,0,0,6,5,0,0,0,1
1,18,4,0,1,0,3,0,0,2,1,1,1,5,0,1,0,1,4,2,1
10,20,4,1,1,4,3,0,1,2,1,1,1,0,0,1,0,6,8,7,1
1,18,4,1,1,0,3,3,0,16,1,1,1,0,0,2,5,2,0,5,0
1,18,4,0,1,0,3,1,0,7,1,1,1,0,0,1,0,5,3,4,1
4,20,4,0,1,0,3,0,0,11,1,1,1,5,0,1,0,6,3,12,0
3,15,4,1,1,0,3,1,0,0,1,1,1,0,0,1,0,6,4,8,1
1,18,4,0,1,0,3,0,0,16,1,1,1,1,0,1,0,1,6,2,0
9,20,4,0,1,0,3,1,0,0,1,1,1,5,0,1,0,6,11,11,1
11,20,4,0,1,0,3,3,0,0,1,1,1,0,2,1,5,8,0,2,1
10,21,0,1,1,4,3,0,1,0,1,1,1,7,0,4,0,8,4,7,1
9,0,4,0,1,0,3,3,0,2,1,1,1,0,0,6,0,6,3,6,1
7,20,4,1,1,0,3,0,0,0,1,1,1,1,0,5,0,9,8,13,0
10,20,4,0,1,0,3,1,0,0,1,1,1,0,0,1,0,6,3,12,1
4,20,4,0,1,0,3,0,0,2,1,1,1,0,0,1,0,1,4,4,1
6,15,4,1,1,0,3,0,0,2,1,1,1,8,0,1,0,8,4,10,1
10,20,0,1,1,0,3,1,0,1,1,1,1,5,0,1,5,0,0,0,0
14,19,0,0,1,0,3,0,0,1,1,1,1,0,2,1,0,6,4,13,1
5,19,4,1,1,0,3,0,0,11,1,1,1,0,0,1,5,6,0,4,0
14,18,0,0,1,0,3,3,0,0,1,1,1,0,2,1,0,9,10,14,1
6,20,4,1,1,0,3,3,0,2,1,1,1,0,0,1,0,6,5,9,1
1,15,4,1,1,0,3,0,0,12,1,1,1,0,0,1,0,2,2,5,0
5,18,4,0,1,0,3,3,0,11,1,1,1,0,0,1,0,4,3,6,0
12,13,4,1,1,0,3,3,0,0,1,1,1,0,2,6,5,0,0,2,1
15,15,0,1,1,0,3,0,0,11,1,1,1,0,2,1,0,6,4,10,1
3,17,4,1,1,0,3,1,0,2,1,1,1,7,0,2,0,2,8,5,0
8,21,0,1,1,4,3,0,1,1,1,1,1,5,0,1,0,7,6,12,0
11,21,4,0,1,4,3,0,1,12,1,1,1,5,2,1,0,8,3,12,0
11,18,0,0,1,0,1,0,0,0,1,1,1,0,2,1,0,4,3,9,1
15,15,0,0,1,0,3,1,0,0,1,1,1,0,2,2,0,6,11,8,1
1,18,4,0,1,0,3,1,0,2,1,1,1,0,0,4,0,1,4,4,1
0,15,4,1,1,0,3,0,0,2,1,1,1,7,0,1,5,0,0,0,0
11,15,4,0,0,0,3,0,0,0,1,1,0,7,2,1,5,6,0,8,0
11,21,0,1,1,0,3,1,0,0,1,1,1,0,2,3,0,6,11,11,1
12,17,2,1,1,0,3,1,0,0,1,1,1,0,2,1,0,7,2,10,1
10,20,4,0,1,4,3,0,1,0,1,1,1,5,0,1,0,6,3,14,0
0,15,4,0,1,4,3,0,1,16,1,1,1,0,0,0,5,0,0,6,1
4,21,4,1,1,0,3,1,0,0,1,1,1,0,0,1,0,6,3,9,1
8,20,4,0,1,0,3,1,0,0,1,1,1,0,0,1,0,6,4,11,1
4,18,0,0,1,0,3,0,0,1,1,1,1,0,0,1,0,6,2,8,1
11,20,0,0,1,4,3,0,1,0,1,1,1,5,2,2,0,9,11,14,0
8,19,4,1,1,0,3,0,0,7,1,1,1,0,0,1,0,6,6,7,1
7,13,4,0,0,0,3,1,0,2,1,1,0,6,0,0,5,0,0,3,1
2,17,4,0,1,0,3,0,0,2,1,1,1,7,0,0,5,0,0,0,1
1,18,4,0,1,0,3,0,0,9,1,1,1,5,0,1,0,6,2,10,1
9,18,4,1,1,0,3,0,0,12,1,1,1,0,0,1,0,7,11,10,0
12,15,0,1,1,0,3,0,0,2,1,1,1,0,2,1,0,1,3,2,1
15,18,0,0,1,4,3,0,1,1,1,1,1,0,2,1,0,7,7,13,1
2,18,4,0,1,0,3,0,0,2,1,1,1,7,0,0,5,0,0,0,1
10,15,4,1,1,0,3,0,0,2,1,1,1,7,0,1,0,6,3,4,1
4,15,4,1,1,0,3,0,0,2,1,1,1,0,0,0,5,0,0,0,1
0,18,4,0,1,0,3,0,0,7,1,1,1,0,0,1,0,6,1,4,1
8,17,4,0,1,0,3,0,0,2,1,1,1,0,0,1,1,6,0,9,1
8,18,4,0,1,0,3,0,0,11,1,1,1,1,0,1,0,6,8,10,1
12,21,4,0,1,0,3,1,0,0,1,1,1,8,2,1,0,6,2,13,1
9,13,4,1,1,0,3,0,0,2,1,1,1,0,0,1,5,0,0,0,1
14,21,0,0,1,4,3,0,1,0,1,1,1,5,2,1,0,6,3,14,1
15,22,0,1,1,0,3,0,0,15,1,1,1,1,2,0,5,0,0,0,0
9,20,0,0,1,4,3,0,1,0,1,1,1,0,0,2,0,6,11,10,0
8,18,0,0,1,4,3,0,1,0,1,1,1,0,0,1,0,9,4,13,1
9,18,0,1,1,0,3,1,0,0,1,1,1,0,0,1,0,6,6,11,1
15,19,0,0,1,0,1,1,0,0,1,1,1,0,2,1,0,9,7,13,1
2,13,4,0,1,0,3,0,0,15,1,1,1,1,0,0,5,0,0,0,0
1,18,4,1,1,0,3,0,0,2,1,1,1,7,0,0,5,0,0,0,1
1,18,4,0,1,0,3,1,0,2,1,1,1,0,0,0,5,0,0,0,1
10,16,4,0,1,0,3,0,0,15,1,1,1,1,0,0,5,0,0,0,0
13,20,0,1,1,3,3,0,1,0,1,1,1,5,2,1,0,3,3,14,1
13,18,0,1,1,0,3,1,0,8,1,1,1,0,2,1,0,2,3,3,1
2,18,4,1,1,0,3,0,0,16,1,1,1,5,0,1,5,1,0,2,0
2,20,4,1,1,0,3,0,0,4,1,1,1,0,0,1,0,6,10,2,0
4,20,4,0,1,2,3,0,0,2,1,1,1,8,0,1,5,0,0,0,1
0,18,4,0,1,0,3,1,0,2,1,1,1,8,0,1,5,0,0,0,1
3,15,4,0,1,0,3,3,0,2,1,1,1,0,0,1,0,6,4,9,1
7,17,4,1,1,0,3,0,0,2,1,1,1,0,0,0,5,0,0,8,1
11,15,0,0,1,0,3,3,0,1,1,1,1,0,2,1,0,6,10,8,1
10,20,4,0,1,0,3,0,0,2,1,1,1,5,0,2,0,6,6,12,1
14,15,4,1,1,4,3,0,1,0,1,1,1,7,2,1,0,5,3,2,1
7,15,0,0,1,0,0,0,0,16,1,1,1,0,0,5,3,6,4,8,1
12,15,4,1,1,0,3,3,0,0,1,1,1,5,2,1,0,1,6,4,1
12,15,4,0,1,0,3,0,0,0,1,1,1,0,2,1,0,4,3,4,1
3,15,4,1,1,0,3,3,0,2,1,1,1,0,0,0,5,0,0,0,1
12,20,4,1,1,0,3,0,0,0,1,1,1,0,2,1,0,7,8,10,1
9,18,4,0,1,3,3,0,1,5,1,1,1,7,0,1,0,6,3,10,1
9,7,4,1,1,0,3,0,0,11,1,1,1,7,0,2,0,2,3,3,1
7,15,4,1,1,4,3,0,1,5,1,1,1,0,0,1,0,6,1,5,1
0,15,4,0,1,0,3,3,0,2,1,1,1,7,0,1,0,4,7,6,1
8,18,0,1,0,0,3,3,0,8,1,1,0,0,0,0,5,0,0,0,1
3,20,0,1,1,4,3,0,1,1,1,1,1,5,0,0,5,0,0,0,0
3,15,4,1,1,0,3,3,0,2,1,1,1,0,0,1,0,6,8,10,1
0,15,4,0,1,0,3,0,0,2,1,1,1,0,0,1,0,4,3,5,1
5,20,4,0,1,0,3,0,0,0,1,1,1,5,0,1,0,7,2,13,1
14,20,0,0,1,0,3,1,0,0,1,1,1,0,2,1,0,6,3,13,0
0,17,4,0,1,0,2,0,0,16,1,1,1,0,0,5,3,6,2,5,0
13,20,0,0,1,3,3,3,1,1,1,1,1,5,2,1,0,7,2,12,1
7,20,0,1,1,0,3,1,0,0,1,1,1,0,0,1,0,6,2,6,1
5,20,4,0,1,0,3,1,0,11,1,1,1,8,0,1,0,1,6,3,1
3,18,4,1,1,0,3,3,0,2,1,1,1,5,0,1,5,0,0,2,1
7,20,4,1,1,0,3,0,0,5,1,1,1,5,0,2,0,6,4,9,1
13,0,4,1,1,0,3,0,0,12,1,1,1,7,2,1,0,6,4,9,1
2,19,4,1,1,0,3,0,0,2,1,1,1,0,0,4,0,1,4,2,1
9,20,4,1,1,0,3,1,0,11,1,1,1,0,0,1,0,6,10,14,1
3,15,0,0,1,0,3,0,0,8,1,1,1,0,0,1,0,6,3,8,1
13,11,2,1,1,4,3,0,1,0,1,1,1,7,1,1,1,9,4,10,1
3,18,4,1,1,0,3,1,0,2,1,1,1,0,0,0,5,0,0,0,1
15,18,0,1,1,4,3,0,1,1,1,1,1,0,2,0,5,0,0,0,1
3,15,4,1,1,0,3,0,0,16,1,1,1,1,0,9,0,3,4,1,1
2,18,4,1,1,0,3,0,0,2,1,1,1,0,0,1,0,5,0,6,1
10,19,4,0,1,0,3,0,0,2,1,1,1,0,0,1,0,6,6,6,1
8,20,4,1,1,0,3,1,0,0,1,1,1,0,0,1,0,7,2,10,1
10,18,0,1,1,0,3,0,0,8,1,1,1,0,0,1,1,6,0,10,1
0,18,4,1,1,0,3,3,0,2,1,1,1,0,0,0,5,0,0,0,1
15,16,0,0,1,4,3,0,1,1,1,1,1,7,2,1,0,5,3,8,1
13,20,4,1,1,0,3,0,0,5,1,1,1,7,2,2,0,6,11,6,1
12,21,4,0,1,0,3,0,0,0,1,1,1,0,2,1,0,8,2,14,1
1,14,4,0,1,4,3,0,1,2,1,1,1,5,0,0,5,0,0,0,1
15,18,4,1,1,0,3,0,0,10,1,1,1,0,2,1,0,6,5,10,1
15,20,4,1,1,0,3,3,0,11,1,1,1,5,2,2,0,6,6,12,0
15,21,0,1,1,4,3,0,1,1,1,1,1,5,2,0,5,0,0,0,0
12,21,0,1,1,4,3,0,1,1,1,1,1,5,2,7,1,8,0,9,1
13,0,0,1,1,4,3,0,1,1,1,1,1,0,2,0,5,0,0,0,1
14,21,0,1,1,0,3,1,0,1,1,1,1,0,2,1,0,6,5,14,1
7,19,4,1,1,0,3,0,0,2,1,1,1,1,0,0,5,0,0,0,1
1,19,4,0,0,0,3,1,0,2,0,1,0,0,0,0,5,0,0,13,1
9,18,0,1,1,4,3,3,1,1,1,1,1,0,0,1,0,5,0,9,1
14,20,2,0,1,3,3,0,1,0,1,1,1,5,2,3,0,6,11,13,1
0,15,4,0,0,0,3,3,0,2,1,1,0,0,0,0,5,0,0,0,1
9,20,4,1,1,0,3,1,0,0,1,1,1,0,0,1,0,6,3,13,0
0,18,4,1,1,0,3,0,0,0,1,1,1,0,0,1,0,1,8,3,1
1,14,4,0,1,0,3,0,0,2,1,1,1,0,0,0,5,0,0,0,1
3,18,4,0,0,0,3,0,0,16,1,1,0,0,0,0,5,0,0,0,0
15,20,0,0,1,0,3,2,0,1,1,1,1,0,2,1,0,6,6,12,1
15,19,4,0,1,3,3,0,1,0,1,1,1,5,2,1,0,6,3,10,1
4,18,4,0,1,0,3,0,0,2,1,1,1,5,0,1,5,0,0,0,1
15,15,4,0,1,0,3,0,0,9,1,1,1,0,2,1,0,6,6,3,1
13,18,0,0,1,0,3,0,0,1,1,1,1,0,2,1,0,7,3,12,1
10,15,0,0,1,0,0,0,0,0,1,1,1,0,0,5,3,9,4,12,1
5,20,4,1,1,0,3,3,0,4,1,1,1,0,0,1,0,6,8,5,1
5,18,0,1,1,0,3,0,0,2,1,1,1,0,0,1,2,0,0,0,1
10,20,4,1,1,0,3,1,0,0,1,1,1,2,0,1,0,7,7,11,1
13,0,4,0,1,0,3,0,0,12,1,1,1,0,2,1,0,8,3,9,1
3,17,4,1,1,0,3,0,0,2,1,1,1,7,0,0,5,0,0,0,1
1,18,4,0,1,0,3,1,0,2,1,1,1,0,0,1,2,1,0,2,1
8,20,0,1,1,4,3,0,1,1,1,1,1,0,0,1,0,6,0,9,1
12,18,0,1,1,0,3,3,0,0,1,1,1,5,2,1,0,6,10,11,1
14,19,0,1,1,0,3,3,0,1,1,1,1,4,2,1,0,8,8,11,1
1,18,4,1,1,4,3,0,1,2,1,1,1,0,0,1,0,5,8,5,1
9,19,4,0,1,0,3,0,0,0,1,1,1,7,0,3,0,6,10,10,1
10,20,0,0,1,0,3,0,0,0,1,1,1,0,0,1,0,6,7,7,1
11,21,4,0,1,0,3,0,0,11,1,1,1,5,2,1,0,6,10,13,0
11,23,0,1,1,0,3,0,0,0,1,1,1,0,2,1,5,8,0,14,1
2,18,4,0,1,3,3,0,1,2,1,1,1,5,0,1,0,2,3,4,1
13,19,4,0,1,0,3,3,0,15,1,1,1,7,2,1,5,6,0,9,1
9,17,4,0,1,0,3,0,0,0,1,1,1,0,0,3,0,6,7,7,1
3,15,0,1,1,0,3,0,0,9,1,1,1,0,0,0,5,0,0,0,1
4,18,4,1,1,0,3,0,0,16,1,1,1,0,0,1,0,2,1,2,1
10,20,0,1,1,0,3,0,0,0,1,1,1,0,0,2,0,6,2,11,0
4,15,4,0,1,0,3,0,0,2,1,1,1,0,0,1,0,6,8,7,1
14,8,0,0,1,0,1,2,0,0,1,0,1,0,2,6,0,6,3,11,1
11,15,4,0,1,0,1,1,0,0,1,1,1,0,2,1,0,6,3,8,0
7,15,4,0,1,0,3,0,0,0,1,1,1,1,0,1,0,6,3,11,0
7,20,4,0,1,0,3,1,0,0,1,1,1,0,0,1,0,6,7,7,1
14,20,0,1,1,3,3,0,1,0,1,1,1,5,2,1,0,7,5,12,0
1,18,4,0,1,0,3,0,0,16,1,1,1,0,0,1,0,1,4,2,0
13,14,0,1,1,0,3,0,0,0,1,1,1,0,2,3,0,2,7,5,1
14,19,0,1,1,0,3,0,0,1,1,1,1,1,2,5,0,6,8,9,1
4,16,4,1,1,0,3,1,0,10,1,1,1,4,0,1,0,5,7,4,1
1,15,4,0,1,0,3,0,0,2,1,1,1,0,0,0,5,0,0,0,1
1,14,4,0,1,0,3,3,0,2,1,1,1,0,0,0,5,0,0,0,1
4,20,4,1,1,0,3,0,0,2,1,1,1,7,0,1,0,6,4,6,1
0,18,4,0,1,0,3,0,0,2,1,1,1,0,0,1,0,2,0,2,1
9,20,4,0,1,4,3,0,1,12,1,1,1,0,0,1,0,9,6,12,1
11,22,4,0,1,3,3,0,1,7,1,1,1,0,2,1,0,6,6,10,1
6,18,4,1,1,0,3,0,0,12,1,1,1,1,0,1,0,4,4,9,1
14,15,4,0,1,0,3,0,0,2,1,1,1,7,2,1,0,8,2,9,1
6,18,4,0,1,0,3,0,0,2,1,1,1,0,0,1,0,4,8,7,1
14,18,4,0,1,4,3,0,1,0,1,1,1,5,2,1,0,6,6,9,1
3,20,4,1,1,0,3,0,0,2,1,1,1,0,0,2,0,6,6,9,1
9,15,0,0,1,0,3,0,0,1,1,1,1,0,0,3,5,0,0,0,1
2,18,4,0,1,0,3,0,0,5,1,1,1,7,0,1,2,8,0,2,1
0,17,4,1,1,0,3,0,0,16,1,1,1,5,0,0,5,0,0,2,0
9,18,4,1,1,0,3,0,0,2,1,1,1,0,0,3,0,6,6,9,1
14,18,4,1,1,0,3,0,0,12,1,1,1,0,2,1,5,0,0,4,0
0,18,4,0,1,0,3,1,0,7,1,1,1,0,0,1,5,2,0,3,1
9,19,4,0,1,0,3,1,0,2,1,1,1,0,0,2,0,6,3,11,1
1,15,4,1,1,0,3,3,0,7,1,1,1,0,0,1,0,2,3,5,1
3,15,4,1,1,4,3,0,1,14,1,1,1,7,0,0,5,0,0,0,1
5,14,4,1,0,0,3,1,0,2,1,1,0,0,2,0,5,0,0,6,1
6,21,4,1,1,4,3,0,1,14,1,1,1,5,0,1,0,2,0,2,0
2,18,4,0,1,0,3,0,0,2,1,1,1,0,0,0,5,0,0,4,1
4,18,4,1,1,0,3,1,0,2,1,1,1,5,0,1,0,6,8,4,1
7,21,0,0,1,4,3,0,1,1,1,1,1,5,0,0,5,0,0,0,1
8,18,4,0,1,0,3,0,0,2,1,1,1,1,0,3,0,5,8,5,1
8,18,0,0,1,0,3,0,0,1,1,1,1,0,0,1,5,0,0,0,1
12,20,4,1,1,0,3,3,0,2,1,1,1,1,2,6,0,1,0,3,1
11,20,0,0,1,2,3,0,0,0,1,1,1,0,2,1,0,6,3,12,0
13,0,4,0,1,3,3,0,1,9,1,1,1,7,2,1,0,6,8,6,1
5,17,4,0,1,0,3,1,0,2,1,1,1,0,0,1,0,6,8,8,0
1,17,4,1,1,0,3,0,0,2,1,1,1,0,0,1,0,6,2,9,1
9,20,4,1,1,0,3,1,0,2,1,1,1,0,0,1,0,8,6,7,1
0,18,4,0,1,0,3,1,0,16,1,1,1,0,0,2,0,6,0,8,0
13,15,0,1,1,0,3,0,0,1,1,1,1,0,2,4,0,6,6,12,1
0,16,4,1,1,0,3,0,0,2,1,1,1,5,0,1,5,1,0,1,1
11,17,4,0,1,0,3,0,0,2,1,1,1,7,2,1,2,6,0,5,1
4,15,4,1,1,4,3,0,1,7,1,1,1,5,0,0,5,0,0,6,1
9,17,3,1,1,0,3,0,0,2,1,1,1,1,0,1,0,6,6,4,1
3,13,4,0,1,0,3,0,0,15,1,1,1,1,0,0,5,0,0,0,0
8,20,4,0,1,0,3,3,0,2,1,1,1,5,0,1,5,0,0,0,1
14,18,0,0,1,0,1,0,0,1,1,1,1,0,2,5,5,0,0,3,0
11,20,4,1,1,0,3,0,0,0,1,1,1,0,2,3,0,8,4,12,1
3,14,4,1,1,0,3,1,0,12,1,1,1,0,0,1,0,2,2,5,1
8,18,4,1,1,0,3,0,0,0,1,1,1,7,0,2,0,6,4,10,1
5,20,4,0,1,0,3,0,0,15,1,1,1,1,0,1,5,0,0,0,0
4,20,4,0,1,4,3,3,1,14,1,1,1,5,0,1,0,6,10,7,1
2,19,4,0,1,0,3,1,0,2,1,1,1,5,0,6,0,1,3,3,0
13,15,2,0,1,3,3,0,1,0,1,1,1,5,2,1,0,6,10,9,1
1,18,4,0,1,0,3,1,0,2,1,1,1,8,0,1,2,1,0,5,1
5,2,0,1,1,3,1,1,1,10,1,1,1,7,0,1,0,6,10,4,0
0,17,4,0,1,0,3,3,0,2,1,1,1,1,0,9,2,0,0,0,1
1,15,4,0,1,0,3,0,0,2,1,1,1,7,0,1,0,4,4,4,1
3,20,4,1,1,0,3,0,0,2,1,1,1,8,0,1,5,2,0,4,1
12,15,0,1,1,4,3,0,1,1,1,1,1,0,2,6,5,0,0,0,1
7,18,4,0,1,0,3,0,0,11,1,1,1,0,0,1,0,4,10,4,1
10,19,4,1,1,0,3,1,0,2,1,1,1,0,0,1,0,2,4,5,1
11,20,0,1,1,4,3,3,1,1,1,1,1,0,2,1,5,0,0,0,1
6,15,0,0,1,4,3,0,1,8,1,1,1,5,0,0,5,0,0,0,1
15,20,0,1,1,4,3,0,1,0,1,1,1,5,2,1,0,6,5,14,1
7,18,4,1,1,0,3,0,0,0,1,1,1,0,0,2,0,1,2,3,1
3,18,4,0,1,0,3,1,0,2,1,1,1,0,0,1,0,1,2,5,1
1,18,4,0,1,0,3,1,0,2,1,1,1,8,0,1,0,2,1,4,1
10,20,4,0,1,3,3,0,1,10,1,1,1,5,0,7,0,6,8,10,1
4,18,4,1,1,0,3,1,0,0,1,1,1,8,0,1,0,2,2,4,0
14,19,0,1,1,0,3,0,0,1,1,1,1,0,2,1,5,0,0,0,1
4,18,4,1,1,0,3,0,0,2,1,1,1,0,0,1,0,6,1,4,1
9,0,4,0,1,4,3,0,1,9,1,1,1,5,0,0,5,0,0,0,1
14,21,0,0,1,4,3,0,1,0,1,1,1,5,2,1,0,6,10,14,0
15,21,0,1,1,4,3,0,1,1,1,1,1,5,2,1,0,6,4,14,1
13,15,0,1,1,0,3,0,0,1,1,1,1,7,2,1,0,6,4,8,1
12,13,0,1,1,4,3,0,1,8,1,1,1,0,2,1,5,0,0,0,1
11,18,4,0,1,0,3,0,0,0,1,1,1,5,2,0,5,0,0,5,1
0,15,4,0,1,0,3,3,0,16,1,1,1,0,0,1,5,0,0,0,0
9,20,0,1,1,0,3,1,0,0,1,1,1,5,0,1,0,6,9,11,1
9,15,4,0,1,4,3,0,1,0,1,1,1,7,0,6,0,6,6,6,1
12,19,4,0,1,3,3,0,1,2,1,1,1,5,2,0,5,0,0,0,1
1,18,4,1,1,4,3,0,1,9,1,1,1,0,0,0,5,0,0,0,1
3,15,4,1,1,0,3,0,0,3,1,1,1,1,0,1,0,9,1,5,1
8,19,4,0,1,0,3,0,0,2,1,1,1,8,0,1,0,2,6,2,1
3,20,4,0,1,0,3,0,0,2,1,1,1,0,0,1,0,6,3,10,1
14,14,4,1,1,0,3,3,0,12,1,1,1,0,2,0,5,0,0,0,1
12,17,0,1,1,0,3,3,0,0,1,1,1,0,2,1,0,2,2,3,1
2,20,4,0,1,0,3,1,0,0,1,1,1,8,0,1,0,7,7,12,0
2,18,4,0,1,0,3,3,0,5,1,1,1,0,0,1,0,9,6,4,1
1,15,4,1,1,0,3,1,0,7,1,1,1,0,0,1,0,2,1,4,1
10,15,4,0,1,0,3,3,0,10,1,1,1,0,0,1,0,6,8,14,1
3,15,4,0,1,4,3,0,1,2,1,1,1,7,0,1,1,6,0,6,1
3,19,4,0,1,0,3,0,0,11,1,1,1,5,0,4,5,1,0,3,0
6,20,0,0,1,0,0,1,0,0,1,1,1,0,0,5,0,8,6,12,1
9,21,4,0,1,0,3,0,0,12,1,1,1,0,0,1,0,6,3,12,1
1,19,4,1,1,0,3,1,0,0,1,1,1,0,0,2,0,1,3,2,1
14,18,4,0,0,0,3,0,0,0,1,1,0,0,2,0,5,0,0,0,1
6,20,4,1,1,0,3,0,0,0,1,1,1,0,0,2,0,6,3,10,0
4,15,4,0,1,0,3,1,0,7,1,1,1,7,0,1,0,6,4,6,1
1,15,4,1,1,0,3,0,0,12,1,1,1,0,0,1,0,2,3,4,0
9,20,4,1,1,2,3,1,0,2,1,1,1,8,0,1,0,6,3,12,1
14,19,4,1,1,0,3,0,0,0,1,1,1,0,2,6,0,2,0,3,0
7,20,0,1,1,4,3,0,1,1,1,1,1,5,0,0,5,0,0,0,0
4,12,4,0,0,0,3,0,0,16,1,1,0,0,0,0,5,0,0,4,1
1,18,4,1,1,0,3,1,0,2,1,1,1,8,0,2,0,2,2,7,1
7,15,4,0,1,0,3,0,0,2,1,1,1,0,0,2,0,6,2,7,1
9,15,4,0,1,0,3,3,0,14,1,1,1,0,0,1,0,6,1,7,1
9,16,0,1,1,0,3,3,0,1,1,1,1,0,0,1,0,7,4,7,1
8,18,4,0,1,0,3,0,0,2,1,1,1,5,0,1,0,3,4,8,1
0,17,4,0,1,0,3,1,0,16,1,1,1,0,0,1,0,9,5,6,1
9,18,0,1,1,4,3,3,1,8,1,1,1,7,1,5,0,9,4,10,1
1,15,4,1,1,0,3,0,0,2,1,1,1,0,0,1,0,6,5,6,1
8,16,4,0,1,0,3,1,0,2,1,1,1,0,0,1,0,6,1,10,1
4,15,4,1,1,0,3,0,0,2,1,1,1,0,0,1,0,6,6,5,1
3,19,0,0,1,0,3,0,0,8,1,1,1,5,0,1,0,6,3,10,0
11,18,2,0,1,0,3,1,0,0,1,1,1,0,2,1,0,6,11,11,1
1,19,4,1,1,0,3,3,0,2,1,1,1,0,0,1,5,3,0,5,1
11,15,0,0,1,0,3,0,0,8,1,1,1,0,2,1,0,6,2,8,1
3,15,4,0,1,0,3,0,0,0,1,1,1,7,0,1,0,6,3,11,0
12,20,0,1,1,0,3,3,0,0,1,1,1,5,2,2,0,6,3,9,1
7,20,0,0,1,0,3,1,0,16,1,1,1,0,0,1,5,0,0,0,0
2,18,4,1,0,0,3,1,0,2,1,1,1,0,0,1,5,0,0,0,1
11,15,0,1,1,0,3,0,0,0,1,1,1,0,2,2,0,8,2,7,0
8,19,4,0,1,0,3,3,0,2,1,1,1,0,0,1,0,6,6,10,1
12,20,0,0,1,0,3,1,0,0,1,1,1,5,2,1,0,6,5,14,1
9,13,0,0,1,0,3,0,0,8,1,1,1,0,0,1,0,6,1,8,1
13,21,0,1,1,0,3,0,0,0,1,1,1,1,2,3,0,6,1,13,0
1,17,4,0,1,0,3,0,0,15,1,1,1,0,0,0,5,0,0,0,0
4,15,4,1,1,0,3,3,0,16,1,1,1,7,0,1,0,2,5,6,1
9,17,4,0,1,0,3,0,0,0,1,1,1,0,0,1,0,7,4,12,0
0,13,4,1,1,0,3,0,0,2,1,1,1,0,0,1,0,4,4,6,1
2,15,4,1,0,0,3,0,0,2,1,1,1,5,0,1,0,2,4,4,1
13,18,0,1,1,0,3,1,0,0,1,1,1,0,2,1,0,6,2,8,1
14,0,0,0,1,4,3,3,1,1,1,1,1,0,2,0,5,0,0,0,1
7,20,0,1,1,0,3,0,0,0,1,1,1,5,0,3,0,6,3,13,0
0,17,4,0,1,0,3,1,0,2,1,1,1,8,0,0,5,0,0,0,1
14,21,0,1,1,3,3,0,1,0,1,1,1,0,2,1,0,6,4,13,1
0,15,4,0,1,0,3,0,0,2,1,1,1,0,0,0,5,0,0,0,1
9,18,4,1,1,0,3,0,0,2,1,1,1,7,0,1,5,6,0,6,1
15,18,2,1,1,4,3,0,1,1,1,1,1,0,2,1,0,5,0,6,1
6,19,0,1,1,0,3,0,0,0,1,1,1,0,0,1,0,4,11,5,0
1,18,4,0,1,0,3,0,0,2,1,1,1,5,0,0,5,0,0,0,1
7,4,2,0,1,0,1,1,0,0,1,1,1,7,0,2,0,7,2,12,1
5,15,4,0,1,0,3,0,0,9,1,1,1,0,0,1,0,8,10,9,1
7,18,4,0,1,0,3,0,0,2,1,1,1,0,0,0,5,0,0,0,0
5,14,0,0,1,0,3,1,0,7,1,1,1,0,0,1,2,0,0,0,1
6,15,4,0,1,0,3,1,0,7,1,1,1,8,0,1,5,0,0,0,1
4,12,4,0,1,0,3,0,0,0,1,1,1,0,0,1,5,0,0,0,1
8,18,0,1,1,0,3,0,0,2,1,1,1,0,0,6,0,4,6,5,1
9,20,0,0,1,4,3,0,1,1,1,1,1,5,0,1,0,7,5,12,1
11,20,4,0,1,0,3,1,0,12,1,1,1,7,2,1,0,7,6,12,1
12,21,4,0,1,0,3,0,0,0,1,1,1,5,2,2,0,9,11,14,1
0,15,4,0,1,0,2,1,0,10,1,1,1,8,0,1,0,6,8,5,0
7,20,4,1,1,0,3,1,0,16,1,1,1,8,0,2,5,6,0,7,0
4,19,4,0,1,4,3,0,1,14,1,1,1,0,0,4,0,4,10,5,0
3,15,4,0,1,0,3,0,0,2,1,1,1,7,0,1,0,1,4,4,1
1,18,4,1,1,0,3,3,0,2,1,1,1,8,0,0,5,0,0,5,1
3,15,4,0,1,0,3,0,0,2,1,1,1,0,0,1,0,6,5,12,1
5,18,4,1,1,0,3,0,0,2,1,1,1,8,0,1,0,3,1,5,1
10,18,0,0,1,0,3,3,0,2,1,1,1,0,0,1,0,6,11,11,1
5,19,4,1,1,0,3,0,0,12,1,1,1,8,0,1,0,3,2,5,1
1,15,4,0,1,0,3,1,0,16,1,1,1,7,0,6,0,1,2,5,1
2,18,2,0,1,0,3,2,0,0,1,1,1,0,0,1,0,6,1,9,1
1,15,4,1,1,0,3,0,0,12,1,1,1,0,0,1,0,4,1,5,1
10,8,1,0,1,3,1,1,1,14,1,1,1,0,2,1,0,3,2,7,1
1,19,4,1,1,0,3,0,0,16,1,1,1,0,0,1,5,1,0,2,0
15,18,0,0,1,0,3,1,0,0,1,1,1,0,2,1,0,6,11,13,1
8,15,4,0,1,0,3,1,0,2,1,1,1,0,0,1,0,6,6,7,1
8,18,4,1,1,0,3,0,0,2,1,1,1,0,0,1,0,6,8,5,1
14,20,0,1,1,3,3,3,1,0,1,1,1,5,2,1,0,8,8,13,0
6,13,4,0,0,0,3,3,0,15,1,0,1,1,0,0,5,0,0,2,0
9,20,4,1,1,0,3,1,0,12,1,1,1,0,0,2,5,0,0,0,1
15,20,4,0,1,0,3,0,0,0,1,1,1,0,2,2,0,7,3,12,1
4,20,4,0,1,0,3,0,0,2,1,1,1,5,0,1,0,6,6,9,1
10,18,4,1,1,0,3,0,0,2,1,1,1,1,0,0,5,0,0,2,1
7,18,4,1,1,0,3,1,0,2,1,1,1,0,0,0,5,0,0,2,1
8,21,4,0,1,4,3,1,1,7,1,1,1,5,0,1,0,6,11,10,1
6,20,4,0,1,2,2,3,0,12,1,1,1,0,0,4,0,1,6,5,1
6,20,4,0,1,4,3,0,1,2,1,1,1,7,0,1,0,6,6,8,1
15,15,0,0,1,0,3,2,0,0,1,1,1,0,2,2,5,2,0,1,1
13,20,4,1,1,0,3,0,0,0,1,1,1,0,2,1,0,7,8,12,1
7,14,4,0,1,4,3,0,1,0,1,1,1,0,0,1,0,5,1,6,1
10,15,0,1,1,4,3,0,1,1,1,1,1,7,0,0,5,0,0,0,1
12,14,4,1,1,0,3,1,0,9,1,1,1,8,2,1,0,6,10,12,1
13,17,0,1,1,0,3,0,0,0,1,1,1,0,2,1,0,9,3,10,1
0,18,4,0,1,0,3,0,0,2,1,1,1,7,0,3,0,6,2,6,1
11,18,4,0,1,0,3,0,0,11,1,1,1,7,2,1,0,8,4,11,1
9,20,0,0,1,0,0,1,0,16,1,1,1,0,0,5,3,9,3,11,1
10,19,4,0,1,0,3,1,0,11,1,1,1,0,0,1,0,5,6,10,1
0,18,4,1,1,0,3,1,0,16,1,1,1,1,0,0,5,0,0,0,0
6,15,4,1,1,0,3,0,0,2,1,1,1,8,0,8,5,0,0,0,1
3,18,4,1,0,0,3,0,0,2,1,1,1,2,0,1,0,6,4,5,0
12,17,4,0,1,0,3,0,0,2,1,1,1,0,2,1,5,0,0,0,1
8,17,4,0,1,0,2,0,0,16,1,1,1,0,0,1,0,4,5,7,1
12,17,2,0,1,0,1,0,0,16,1,1,1,0,2,1,0,9,3,11,1
0,18,4,1,1,0,3,0,0,2,1,1,1,0,0,1,0,2,5,2,1
11,17,4,0,1,0,3,0,0,2,1,1,1,0,2,1,0,8,6,8,1
1,18,4,1,1,0,3,0,0,16,1,1,1,0,0,1,5,2,0,3,0
13,23,3,0,1,0,0,3,0,16,1,1,1,0,2,9,5,8,11,14,0
6,20,4,1,1,0,3,3,0,2,1,1,1,5,0,6,0,1,0,2,1
11,20,4,1,1,3,3,0,1,11,1,1,1,5,2,1,0,6,8,10,0
4,18,4,0,1,4,3,0,1,14,1,1,1,0,0,1,0,4,6,5,1
1,18,4,0,1,0,3,0,0,16,1,1,1,5,0,0,5,0,0,0,1
9,13,4,0,1,0,3,0,0,2,1,1,1,0,0,6,2,6,0,10,1
10,15,4,0,1,0,3,0,0,0,1,1,1,0,0,1,0,6,4,11,1
8,23,4,0,1,4,3,1,1,5,1,1,1,0,0,1,0,8,2,13,1
11,20,0,1,1,0,3,1,0,1,1,1,1,0,2,1,0,7,5,11,1
14,22,0,1,1,0,3,1,0,1,1,1,1,0,2,2,0,7,0,11,0
6,17,4,1,1,0,3,0,0,2,1,1,1,7,0,0,5,0,0,5,1
5,17,4,1,1,0,3,1,0,0,1,1,1,0,0,1,5,6,0,6,1
4,20,4,0,1,0,3,0,0,2,1,1,1,7,0,6,0,4,2,3,1
11,18,4,1,1,3,3,0,1,0,1,1,1,0,2,1,0,2,1,4,1
3,19,4,1,1,0,3,0,0,2,1,1,1,0,0,1,0,5,3,6,1
9,21,0,0,1,0,3,2,0,1,1,1,1,0,0,1,0,6,3,10,1
11,20,4,1,1,0,3,1,0,0,1,1,1,8,2,2,0,3,1,7,1
0,17,4,0,1,0,3,3,0,11,1,1,1,0,0,1,5,0,0,0,1
11,18,4,1,1,0,3,1,0,2,1,1,1,0,2,1,0,6,5,11,1
5,15,4,0,1,3,3,0,1,2,1,1,1,5,0,1,0,4,3,3,1
7,19,4,1,1,0,3,0,0,12,1,1,1,0,0,1,0,6,1,6,1
0,16,0,1,1,0,3,3,0,8,1,1,1,5,0,1,0,1,1,3,1
15,22,0,1,1,0,3,1,0,1,1,1,1,0,2,1,0,6,4,8,1
0,15,4,1,1,4,3,0,1,9,1,1,1,0,0,1,0,4,0,1,1
5,19,4,1,1,0,3,0,0,2,1,1,1,7,0,4,0,6,10,10,1
9,20,4,0,1,0,3,0,0,2,1,1,1,0,0,1,0,7,3,11,1
5,17,4,1,1,0,3,0,0,0,1,1,1,0,0,1,5,5,0,3,1
2,15,4,1,1,0,3,0,0,2,1,1,1,0,0,1,0,6,4,6,1
2,15,4,1,1,0,3,0,0,0,1,1,1,1,0,1,0,1,6,3,0
3,20,4,0,1,3,3,0,1,9,1,1,1,0,0,9,2,3,0,0,1
7,18,4,1,1,0,3,3,0,11,1,1,1,0,0,1,0,6,3,8,0
9,18,4,0,1,0,3,0,0,0,1,1,1,0,0,6,0,6,6,12,1
12,20,0,1,1,0,3,3,0,8,1,1,1,7,2,1,0,5,0,6,1
4,17,4,1,1,0,3,0,0,5,1,1,1,0,0,6,0,6,4,3,1
9,20,0,0,1,0,3,1,0,1,1,1,1,5,0,1,0,6,8,12,1
12,20,0,1,1,0,3,0,0,0,1,1,1,0,2,1,0,6,8,14,1
4,20,4,0,1,4,3,3,1,2,1,1,1,5,0,1,0,6,2,6,1
7,21,4,0,1,4,3,3,1,5,1,1,1,5,0,1,0,6,6,14,1
3,18,4,0,1,0,3,3,0,2,1,1,1,0,0,2,0,2,4,5,1
13,21,0,1,1,4,3,0,1,1,1,1,1,5,2,3,0,6,0,14,1
4,18,4,1,1,0,3,1,0,2,1,1,1,8,0,1,5,0,0,0,0
8,15,0,1,1,4,3,0,1,1,1,1,1,7,0,1,0,1,8,1,1
4,10,4,0,1,0,0,3,0,16,1,1,1,4,0,5,3,8,3,1,1
9,18,4,1,1,0,3,0,0,2,1,1,1,7,0,2,0,6,11,8,1
9,18,0,0,1,4,3,0,1,0,1,1,1,0,0,1,0,6,4,9,1
9,14,0,0,1,4,3,0,1,0,1,1,1,0,0,0,5,0,0,0,1
6,18,4,0,1,0,3,0,0,0,1,1,1,0,0,1,0,6,1,9,1
9,15,4,1,1,0,3,0,0,0,1,1,1,0,0,1,0,8,1,13,1
12,6,2,1,0,1,3,3,0,2,0,0,0,3,1,2,0,4,10,2,1
12,13,0,0,1,0,3,3,0,8,1,1,1,0,2,0,5,0,0,0,1
1,17,0,0,1,0,3,0,0,1,1,1,1,5,0,4,0,4,1,3,1
12,5,3,0,1,3,3,0,1,9,1,1,1,8,2,4,0,6,10,14,1
10,20,0,0,1,0,3,0,0,0,1,1,1,0,0,3,0,6,4,12,1
2,16,4,0,1,0,3,0,0,15,1,1,1,0,0,1,5,6,0,2,0
13,12,3,1,1,0,3,0,0,0,1,1,1,7,2,1,0,6,8,9,1
7,18,4,1,1,0,3,0,0,0,1,1,1,0,0,1,0,4,4,4,0
8,20,4,1,1,0,3,1,0,2,1,1,1,7,0,1,0,6,6,9,1
4,18,4,1,1,4,3,0,1,0,1,1,1,7,0,0,5,0,0,0,1
10,21,0,1,1,0,3,3,0,1,1,1,1,0,0,1,1,6,0,13,1
11,20,0,0,1,0,1,1,0,0,1,1,1,0,2,1,0,6,3,12,0
8,15,4,0,1,3,3,0,1,2,1,1,1,7,0,3,0,6,2,9,1
5,15,3,1,1,0,3,0,0,0,1,1,1,6,0,1,0,5,10,3,0
5,18,4,0,1,0,3,0,0,2,1,1,1,7,0,1,0,4,2,5,1
15,18,0,0,1,0,3,1,0,2,1,1,1,8,2,6,5,0,0,0,1
10,15,4,0,1,0,3,1,0,2,1,1,1,0,0,1,0,4,5,7,1
9,17,0,1,1,0,3,3,0,2,1,1,1,3,0,2,0,7,3,9,1
4,18,4,0,1,0,1,3,0,16,1,1,1,0,0,1,5,0,0,0,0
13,21,0,0,1,4,3,0,1,1,1,1,1,5,2,1,0,6,6,14,1
12,18,0,1,1,0,1,0,0,1,1,1,1,0,2,5,0,9,2,13,1
15,13,4,0,1,0,3,0,0,0,1,1,1,7,2,0,5,0,0,5,1
6,18,4,1,1,0,3,0,0,2,1,1,1,1,0,1,0,1,8,1,1
5,0,4,1,0,4,3,3,1,9,1,1,1,5,0,0,5,0,0,0,1
13,15,4,0,1,0,3,0,0,2,1,1,1,5,2,2,0,6,6,11,1
8,15,4,0,1,0,1,0,0,0,1,1,1,0,0,5,0,9,2,10,1
12,21,0,1,1,3,3,2,1,0,1,1,1,0,2,2,0,6,3,10,1
9,20,4,0,1,0,3,3,0,11,1,1,1,0,0,1,5,0,0,0,0
8,18,0,0,1,0,3,3,0,1,1,1,1,0,0,1,0,2,2,4,1
0,15,4,1,1,0,3,0,0,2,1,1,1,0,0,0,5,0,0,0,1
0,15,4,0,1,0,3,0,0,14,1,1,1,7,0,1,0,2,0,6,1
8,20,4,0,1,0,3,0,0,2,1,1,1,5,0,0,5,0,0,0,1
12,18,4,1,1,0,3,0,0,2,1,1,1,5,2,1,0,6,6,6,1
11,16,4,0,1,0,3,1,0,15,1,1,1,0,2,1,5,6,0,2,0
9,20,0,1,1,0,3,1,0,1,1,1,1,0,0,2,0,6,8,12,0
11,20,0,0,1,0,1,0,0,0,1,1,1,0,2,4,0,8,10,14,1
0,18,4,0,1,0,3,0,0,16,1,1,1,1,0,1,0,9,4,5,0
5,20,4,0,1,3,3,0,1,9,1,1,1,5,0,1,0,6,8,10,1
10,17,0,1,1,0,3,0,0,0,1,1,1,0,0,6,5,0,0,11,1
13,20,0,1,1,0,3,0,0,1,1,1,1,0,2,1,0,6,6,10,1
11,20,4,1,1,0,3,0,0,2,1,1,1,0,2,1,0,6,8,14,1
4,20,4,0,1,0,3,0,0,2,1,1,1,0,0,6,0,6,0,6,1
6,18,4,0,1,0,3,0,0,2,1,1,1,0,0,0,5,0,0,0,1
1,15,4,0,1,0,3,0,0,7,1,1,1,0,0,1,0,1,3,4,0
6,20,4,1,1,3,3,3,1,11,1,1,1,5,0,1,0,6,4,11,1
7,15,0,0,1,0,3,0,0,1,1,1,1,7,0,1,0,6,8,10,1
15,20,0,1,1,4,3,0,1,0,1,1,1,0,2,1,0,8,10,12,1
5,20,4,1,1,2,3,3,0,0,1,1,1,0,0,1,0,6,6,6,0
14,18,4,1,1,0,3,0,0,2,1,1,1,0,2,0,5,0,0,0,1
9,18,4,0,1,0,3,0,0,2,1,1,1,0,0,1,0,9,3,8,1
8,15,0,0,1,0,3,0,0,0,1,1,1,0,0,0,5,0,0,0,1
11,21,4,1,1,0,3,0,0,5,1,1,1,7,2,0,5,0,0,0,0
9,15,0,0,1,0,3,3,0,8,1,1,1,0,0,1,0,6,4,8,1
2,13,4,1,1,4,3,0,1,2,1,1,1,0,0,6,5,1,0,3,1
7,15,4,0,1,0,3,3,0,2,1,1,1,0,0,1,0,4,5,4,1
9,14,0,1,1,0,3,0,0,0,1,1,1,0,0,1,5,0,0,0,1
2,17,4,1,1,3,3,0,1,2,1,1,1,5,0,1,5,2,0,4,1
12,9,0,0,1,0,3,0,1,9,1,1,1,7,2,6,0,1,1,4,1
14,15,0,0,1,0,3,3,0,1,1,1,1,0,2,1,0,6,8,4,0
15,21,0,0,1,0,3,0,0,0,1,1,1,7,2,1,0,6,8,13,1
4,18,4,1,1,0,3,0,0,2,1,1,1,7,0,0,5,0,0,0,1
5,12,4,0,1,0,3,0,0,15,1,1,1,1,0,1,5,0,0,1,1
10,19,4,1,1,4,3,0,1,12,1,1,1,0,0,2,0,6,6,8,1
4,15,4,0,1,0,3,0,0,2,1,1,1,0,0,1,5,1,0,3,1
5,17,0,1,1,0,3,0,0,1,1,1,1,0,2,3,5,0,0,6,1
7,20,4,1,1,0,3,0,0,14,1,1,1,1,0,1,0,6,6,9,0
9,20,0,0,1,0,3,1,0,2,1,1,1,0,0,1,0,7,3,10,1
8,20,4,0,1,0,3,0,0,11,1,1,1,2,0,1,0,6,6,14,0
2,15,4,1,1,4,3,0,1,9,1,1,1,7,0,1,0,6,6,2,1
5,18,4,1,1,0,3,3,0,16,1,1,1,0,0,1,5,0,0,0,0
3,17,4,1,1,0,3,0,0,2,1,1,1,0,0,1,0,3,1,9,1
6,20,4,0,1,0,3,0,0,12,1,1,1,0,0,1,0,7,2,12,1
8,6,4,0,1,0,3,3,0,7,1,1,1,8,0,9,2,0,11,14,1
1,15,4,0,1,4,3,0,1,2,1,1,1,7,0,0,5,0,0,0,1
0,18,4,0,1,0,3,0,0,2,1,1,1,0,0,0,5,0,0,0,1
11,20,4,1,1,0,3,0,0,2,1,1,1,0,2,2,0,8,2,6,1
4,15,4,0,1,3,3,3,1,2,1,1,1,7,0,1,0,6,2,6,1
0,15,4,0,1,0,3,3,0,2,1,1,1,5,0,1,0,6,3,5,1
5,20,4,1,1,0,3,3,0,2,1,1,1,0,0,1,0,4,3,5,1
7,18,4,0,1,0,3,0,0,4,1,1,1,0,0,1,0,6,4,9,1
0,15,4,1,1,0,3,0,0,16,1,1,1,5,0,1,0,1,2,2,1
10,18,4,0,1,0,3,0,0,11,1,1,1,1,0,6,0,1,6,2,0
1,15,4,1,1,0,3,3,0,2,1,1,1,7,0,9,2,0,0,0,1
13,18,0,0,1,3,3,3,1,0,1,1,1,0,2,2,0,6,6,9,1
14,10,2,0,1,4,3,0,1,0,1,1,1,0,2,1,0,6,5,10,1
0,17,4,1,1,0,2,0,0,2,1,1,1,0,0,1,0,2,2,5,1
4,20,4,0,1,0,3,3,0,11,1,1,1,5,0,1,2,2,0,5,0
4,20,4,1,1,0,3,1,0,2,1,1,1,8,0,1,5,3,0,1,1
7,18,4,0,1,0,3,1,0,2,1,1,1,0,0,1,5,6,0,2,1
12,15,0,0,1,0,3,0,0,9,1,1,1,0,2,1,0,9,11,14,1
7,20,4,1,1,0,3,1,0,2,1,1,1,0,0,3,0,1,8,4,1
7,18,0,1,1,0,3,3,0,1,1,1,1,0,0,1,5,0,0,0,1
11,20,4,0,1,4,3,0,1,11,1,1,1,5,2,1,0,9,8,14,1
11,18,0,0,1,3,3,0,1,1,1,1,1,5,2,1,0,6,3,6,1
4,20,2,1,1,1,3,2,0,2,1,1,1,3,0,2,0,4,3,6,1
4,15,4,1,1,0,3,0,0,5,1,1,1,0,0,1,0,6,4,5,0
8,21,0,1,1,0,3,1,0,1,1,1,1,0,0,2,0,2,6,2,0
6,20,0,0,1,0,3,0,0,1,1,1,1,1,0,1,0,6,3,13,0
0,18,4,1,1,0,3,0,0,2,1,1,1,0,0,1,0,1,0,1,1
2,18,4,1,1,0,3,0,0,2,1,1,1,5,0,0,5,0,0,0,1
13,18,0,1,1,0,3,1,0,8,1,1,1,0,2,4,0,2,6,3,1
15,18,4,1,1,4,3,0,1,5,1,1,1,7,2,1,0,6,3,6,1
11,15,0,0,1,0,3,0,0,14,1,1,1,0,2,3,0,6,4,10,1
9,7,2,1,1,0,1,0,0,2,1,1,1,7,0,9,2,0,0,0,1
9,18,4,0,1,4,3,0,1,5,1,1,1,1,0,0,5,0,0,0,1
4,15,4,0,1,0,3,0,0,11,1,1,1,0,0,1,0,6,4,9,1
0,18,4,1,1,0,3,0,0,5,1,1,1,0,0,1,0,6,2,4,1
14,19,4,1,1,0,3,1,0,12,1,1,1,0,2,2,0,6,6,11,1
0,18,4,0,1,0,3,0,0,11,1,1,1,7,0,1,0,6,8,3,1
15,18,0,1,1,0,3,0,0,0,1,1,1,7,2,1,0,6,8,9,0
15,19,0,0,1,0,3,1,0,1,1,1,1,0,2,1,0,6,4,11,1
7,13,4,0,1,0,3,0,0,7,1,1,1,0,0,0,5,0,0,7,1
11,18,0,0,1,0,3,0,0,1,1,1,1,0,2,5,2,6,0,5,0
2,15,4,0,1,0,3,3,0,2,1,1,1,0,0,1,0,2,1,4,1
7,4,4,0,0,0,3,1,0,0,1,0,0,0,0,3,1,6,0,1,1
15,20,0,0,1,0,3,1,0,1,1,1,1,0,2,1,0,9,3,12,1
12,19,0,1,1,0,3,1,0,0,1,1,1,0,2,1,0,6,2,7,1
11,20,4,1,1,3,3,0,1,2,1,1,1,5,2,3,5,0,0,0,1
9,20,4,0,0,0,3,1,0,0,1,1,0,0,0,1,5,0,0,4,0
11,20,4,0,1,3,3,0,1,5,1,1,1,5,2,2,2,8,0,10,0
2,16,4,0,1,0,3,1,0,15,1,1,1,0,0,0,5,0,0,0,0
3,20,4,1,1,0,3,3,0,2,1,1,1,1,0,1,0,3,1,7,1
0,18,4,1,1,3,3,1,1,16,1,1,1,0,0,1,0,2,2,4,1
10,15,4,1,1,3,3,0,1,16,1,1,1,0,0,5,3,7,0,1,1
10,20,4,1,1,0,3,0,0,0,1,1,1,0,0,1,1,6,0,4,1
14,15,4,0,1,0,3,1,0,0,1,1,1,0,2,1,0,4,3,5,0
11,17,4,1,1,0,3,0,0,2,1,1,1,0,2,1,0,6,6,9,1
9,18,0,1,1,0,3,0,0,0,1,1,1,0,0,1,0,6,2,10,0
4,20,4,1,1,0,3,0,0,2,1,1,1,5,0,1,0,6,10,8,1
13,20,4,1,1,4,3,0,1,0,1,1,1,7,2,6,0,1,8,5,1
7,16,4,0,1,0,3,3,0,12,1,1,1,0,0,1,0,3,6,4,1
8,19,0,1,1,0,3,0,0,1,1,1,1,0,0,1,0,6,6,14,1
2,22,4,0,1,0,3,0,0,11,1,1,1,0,0,1,0,9,3,10,0
0,15,4,0,1,0,3,1,0,2,1,1,1,0,0,6,0,8,0,4,1
13,18,4,0,1,0,3,0,0,12,1,1,1,0,2,1,0,9,3,12,1
4,20,4,0,0,0,3,3,0,2,1,1,0,0,0,1,0,4,7,8,1
0,18,4,0,1,0,3,0,0,11,1,1,1,0,0,1,5,4,0,3,1
11,21,0,1,1,4,3,0,1,0,1,1,1,5,2,1,0,6,6,14,0
15,18,0,1,1,0,3,0,0,0,1,1,1,7,2,3,0,4,6,5,1
7,15,4,0,1,4,3,0,1,2,1,1,1,5,0,0,5,0,0,0,1
7,19,4,1,1,0,3,3,0,2,1,1,1,0,0,1,1,1,0,2,1
12,11,0,0,1,4,3,0,1,1,1,1,1,7,2,1,0,9,3,12,1
0,15,4,0,1,3,3,0,1,2,1,1,1,0,0,0,5,0,0,0,1
3,19,4,1,1,0,3,1,0,0,1,1,1,0,0,1,0,2,3,4,0
8,21,4,1,1,4,3,3,1,0,1,1,1,5,0,1,0,2,5,8,1
5,20,4,0,1,0,3,1,0,2,1,1,1,0,0,1,0,6,4,10,1
3,15,4,0,0,0,3,0,0,2,1,1,0,0,0,0,5,0,0,0,1
2,18,4,1,1,0,3,0,0,16,1,1,1,0,0,0,5,0,0,0,0
15,15,4,1,1,0,3,0,0,2,1,1,1,7,2,1,0,4,3,8,1
9,15,3,0,1,0,3,0,0,15,1,1,1,0,0,1,5,7,0,9,0
7,18,4,1,1,0,3,1,0,0,1,1,1,0,0,1,0,2,8,4,1
0,17,4,0,1,2,3,0,0,2,1,1,1,5,0,1,0,2,8,2,1
6,17,4,1,1,3,3,0,1,0,1,1,1,5,0,4,0,6,2,7,1
0,17,4,0,1,0,3,0,0,16,1,1,1,5,0,2,5,1,0,1,0
14,20,0,1,1,4,3,0,0,8,1,1,1,7,2,1,0,6,5,11,0
6,17,0,1,1,0,3,3,0,1,1,1,1,0,0,2,0,6,2,12,1
1,18,4,1,1,0,3,0,0,16,1,1,1,0,0,0,5,0,0,0,1
7,18,4,0,1,0,3,3,0,5,1,1,1,7,0,1,0,8,1,9,1
2,15,4,0,1,0,3,3,0,2,1,1,1,0,0,0,5,0,0,0,1
9,15,4,0,1,4,3,0,1,5,1,1,1,7,0,1,0,6,6,6,1
2,15,4,0,1,0,1,1,0,0,1,1,1,8,0,5,2,9,0,3,1
13,15,0,1,1,0,3,3,0,1,1,1,1,0,2,1,0,6,4,10,1
12,18,4,0,1,0,3,0,0,9,1,1,1,5,2,1,0,6,10,8,1
15,15,0,0,1,0,3,0,0,1,1,1,1,7,2,6,0,8,6,13,1
15,20,0,0,1,0,3,0,0,1,1,1,1,5,2,1,0,6,3,12,1
10,23,4,0,1,3,3,3,1,2,1,1,1,5,0,1,5,6,0,14,1
14,21,4,0,1,4,3,0,1,9,1,1,1,5,2,1,0,6,3,11,1
9,18,0,1,1,4,3,0,1,1,1,1,1,0,0,1,0,6,3,10,1
3,20,4,0,1,0,3,3,0,2,1,1,1,0,0,1,0,6,3,6,1
12,21,0,1,1,0,3,1,0,1,1,1,1,5,2,1,1,6,0,11,1
8,1,4,0,0,0,2,0,0,15,0,1,0,0,0,0,5,0,5,5,0
4,18,4,1,1,0,3,1,0,2,1,1,1,1,0,1,0,1,3,3,1
2,19,4,1,1,0,3,1,0,2,1,1,1,8,0,1,0,4,2,5,1
13,21,4,0,1,0,3,1,0,0,1,1,1,0,2,1,0,9,6,14,0
6,9,0,0,1,0,3,1,0,2,1,1,1,7,0,3,0,4,5,6,1
11,20,0,0,1,4,3,0,1,0,1,1,1,5,2,1,0,8,11,14,0
0,18,4,1,1,0,3,0,0,16,1,1,1,0,0,0,5,0,0,4,1
2,14,4,1,1,0,3,0,0,2,1,1,1,5,0,1,2,0,0,0,1
9,20,4,0,1,2,3,0,0,2,1,1,1,0,0,1,5,6,0,6,0
3,20,4,0,1,0,3,1,0,5,1,1,1,5,0,1,0,1,5,6,0
5,19,4,1,1,0,3,0,0,2,1,1,1,7,0,1,0,6,2,7,1
3,18,4,1,1,0,3,0,0,2,1,1,1,0,0,2,0,1,6,2,1
14,19,0,1,1,0,3,0,0,0,1,1,1,1,2,1,0,8,1,13,1
9,15,0,1,1,0,3,0,0,1,1,1,1,1,0,9,2,0,0,0,1
6,13,4,0,1,0,3,3,0,2,1,1,1,0,0,1,0,6,6,12,1
11,11,4,1,1,0,3,0,0,5,1,1,1,0,0,6,0,3,5,4,1
14,22,4,0,1,0,3,0,0,0,1,1,1,5,2,1,0,7,4,14,1
7,4,0,0,1,4,3,0,1,11,1,1,1,0,0,3,0,7,5,0,1
2,17,4,0,1,3,3,0,0,11,1,1,1,5,0,1,0,6,5,14,0
9,20,4,0,1,0,3,0,0,0,1,1,1,0,0,1,0,6,0,13,0
0,17,4,1,1,0,3,1,0,2,1,1,1,8,0,1,5,2,0,2,1
13,21,0,0,1,3,3,0,1,0,1,1,1,5,2,1,0,6,4,13,1
3,15,4,0,1,0,3,3,0,2,1,1,1,0,0,6,0,6,5,10,1
4,20,4,1,1,0,3,3,0,2,1,1,1,0,0,1,1,3,0,4,1
2,18,4,1,1,0,3,0,0,2,1,1,1,0,0,4,0,2,4,2,1
13,20,0,1,1,0,3,0,0,1,1,1,1,1,2,1,0,6,8,13,1
6,20,4,0,1,0,3,0,0,0,1,1,1,0,0,1,0,8,8,14,1
14,17,4,0,1,0,3,1,0,2,1,1,1,7,2,1,2,0,0,0,1
8,17,4,0,1,0,3,0,0,0,1,1,1,7,0,1,0,9,6,12,0
15,15,4,0,1,0,3,0,0,9,1,1,1,1,2,3,0,6,8,6,1
3,13,4,0,1,0,3,0,0,2,1,1,1,0,0,6,5,0,0,2,1
9,15,4,1,1,0,3,3,0,14,1,1,1,0,0,1,0,6,10,10,1
9,20,4,0,1,3,3,0,1,0,1,1,1,5,0,1,0,6,6,11,1
14,18,0,1,1,0,3,1,0,1,1,1,1,0,2,0,5,0,0,4,0
7,16,4,0,1,0,3,0,0,12,1,1,1,7,0,1,5,6,0,4,1
4,18,4,0,1,0,0,0,0,16,1,1,1,1,0,5,3,9,1,7,1
0,17,4,1,1,0,3,1,0,16,1,1,1,8,0,0,5,0,0,0,0
10,20,4,0,1,0,3,0,0,15,1,1,1,0,0,0,5,0,0,0,0
10,16,0,0,1,0,3,0,0,15,1,1,1,0,0,1,5,0,0,0,0
2,18,4,1,0,0,3,0,0,2,1,0,1,0,0,3,0,6,0,4,1
11,18,4,0,1,0,3,1,0,0,1,1,1,0,2,1,0,6,2,12,1
10,21,4,0,1,4,3,0,1,11,1,1,1,5,0,1,0,6,11,14,1
3,17,4,1,1,0,3,1,0,2,1,1,1,0,0,1,5,0,0,0,1
6,20,4,1,1,0,3,3,0,0,1,1,1,8,0,1,0,6,11,7,1
6,18,4,0,1,0,3,3,0,14,1,1,1,7,0,1,0,6,3,9,1
4,15,4,0,1,0,3,3,0,14,1,1,1,1,0,1,0,4,10,10,0
6,18,4,1,1,0,3,1,0,0,1,1,1,0,0,4,0,6,4,11,1
11,19,0,1,1,0,3,1,0,0,1,1,1,0,2,3,0,9,0,11,1
9,13,0,1,1,0,3,0,0,4,1,1,1,0,0,1,5,0,0,0,1
15,20,0,1,1,0,3,1,0,0,1,1,1,0,2,1,0,6,11,13,1
13,20,0,1,1,0,3,1,0,0,1,1,1,0,2,2,0,6,4,13,1
4,18,0,0,1,3,1,0,1,0,1,1,1,0,0,1,0,6,7,9,0
10,21,4,0,1,0,3,0,0,0,1,1,1,5,0,1,0,6,5,14,1
13,20,4,1,1,0,3,3,0,0,1,1,1,5,2,2,0,9,11,12,1
5,20,4,0,1,2,3,0,0,0,1,1,1,0,0,1,0,6,10,12,1
2,14,4,0,1,0,3,3,0,2,1,1,1,0,0,1,2,8,0,8,1
3,18,4,0,1,0,3,0,0,2,1,1,1,0,0,1,0,6,6,6,1
3,18,4,0,1,0,3,3,0,4,1,1,1,5,0,1,0,4,8,7,1
4,18,4,1,1,0,3,0,0,2,1,1,1,0,0,1,0,2,5,5,1
12,21,4,1,1,0,3,1,0,0,1,1,1,0,2,7,5,6,0,13,1
11,15,4,0,1,3,3,3,1,11,1,1,1,0,2,1,0,4,3,6,1
13,12,4,0,1,0,3,3,0,0,1,1,1,0,2,1,0,6,11,14,1
13,18,4,0,0,0,3,0,0,15,1,1,0,0,2,2,5,9,0,2,0
8,20,4,1,1,0,3,0,0,12,1,1,1,0,0,1,0,8,8,12,0
12,11,3,1,1,0,3,0,0,15,1,1,1,7,2,0,5,0,0,0,1
0,17,4,0,1,0,3,3,0,16,1,1,1,0,0,1,5,1,0,3,0
6,15,4,0,1,0,3,1,0,9,1,1,1,0,0,0,5,0,0,1,1
5,15,4,1,1,0,3,0,0,0,1,1,1,7,0,1,0,5,4,6,1
3,17,4,0,1,0,3,3,0,2,1,1,1,0,0,1,0,4,6,5,1
11,17,4,0,1,0,3,1,0,12,1,1,1,0,2,1,0,4,11,5,1
0,15,4,0,1,4,3,0,1,11,1,1,1,0,0,1,0,4,10,2,0
7,19,4,0,1,0,3,0,0,0,1,1,1,7,0,1,0,6,3,11,0
1,17,4,0,1,0,0,0,0,16,1,1,1,0,0,5,3,9,2,7,1
7,20,0,0,1,0,3,0,0,1,1,1,1,0,0,1,0,6,8,14,0
12,15,4,0,1,0,3,0,0,12,1,1,1,0,2,1,0,7,7,12,1
7,15,0,1,1,0,3,0,0,2,1,1,1,1,0,1,1,3,0,6,1
14,15,0,0,1,0,3,0,0,1,1,1,1,0,2,6,5,0,0,0,1
4,18,4,0,1,0,3,0,0,2,1,1,1,5,0,1,0,6,7,8,0
6,4,0,0,0,4,3,1,1,14,1,1,0,7,0,0,5,0,0,0,1
4,20,4,0,1,0,3,1,0,11,1,1,1,1,0,1,5,6,0,4,0
6,18,4,0,1,0,3,0,0,12,1,1,1,0,0,1,0,6,6,10,1
14,20,0,0,1,4,3,1,1,0,1,1,1,0,2,1,0,9,11,14,0
14,18,0,0,1,0,3,0,0,0,1,1,1,0,2,1,0,6,2,11,1
9,18,4,1,1,0,3,0,0,11,1,1,1,8,0,1,0,6,7,7,0
11,16,4,0,1,3,3,0,1,2,1,1,1,5,2,1,0,6,2,10,1
4,15,4,0,1,0,0,0,0,16,1,1,1,4,0,5,3,9,3,6,1
12,15,4,0,1,0,3,0,0,2,1,1,1,0,2,1,2,6,0,10,1
6,17,4,0,1,0,3,0,0,2,1,1,1,7,0,1,2,6,0,8,1
2,12,4,0,1,0,3,0,0,16,1,1,1,5,0,0,5,0,0,0,1
0,15,4,0,1,0,3,0,0,2,1,1,1,0,0,0,5,0,0,0,1
12,21,4,1,1,3,3,0,1,0,1,1,1,5,2,1,5,0,0,4,0
15,4,2,1,0,3,3,0,1,2,0,0,0,7,1,0,4,0,5,12,1
7,20,4,1,1,0,3,1,0,0,1,1,1,0,0,2,0,5,2,12,1
11,20,4,1,1,0,3,1,0,0,1,1,1,7,2,1,0,6,5,13,0
5,18,4,0,1,0,3,3,0,5,1,1,1,7,0,1,0,6,10,9,0
11,14,4,0,0,0,3,0,0,2,1,1,0,0,2,3,1,1,0,1,1
5,17,4,0,1,0,0,0,0,16,1,1,1,0,0,5,3,9,4,1,1
5,20,4,1,1,0,3,3,0,2,1,1,1,1,0,1,0,6,2,9,0
12,20,0,1,1,0,3,3,0,1,1,1,1,0,2,1,0,6,10,14,1
12,14,4,0,1,0,3,0,0,12,1,1,1,0,2,1,0,6,3,6,1
1,15,4,0,1,0,3,0,0,7,1,1,1,5,0,1,0,6,11,3,0
3,13,4,0,1,4,3,0,1,9,1,1,1,7,0,0,5,0,0,0,1
7,22,4,1,1,0,3,1,0,0,1,1,1,0,0,7,1,4,0,8,1
2,18,4,0,0,0,3,0,0,16,1,1,0,0,0,3,0,2,1,4,1
8,21,0,1,1,4,3,3,1,1,1,1,1,5,0,0,5,0,0,0,0
1,18,4,0,1,0,3,0,0,16,1,1,1,0,0,0,5,0,0,0,1
9,18,0,0,1,4,3,0,1,1,1,1,1,7,0,1,0,6,2,10,1
11,21,0,0,1,4,3,3,1,1,1,1,1,5,2,1,0,8,8,14,0
8,21,4,0,1,4,3,0,1,11,1,1,1,5,0,3,0,9,8,12,0
15,20,4,1,1,0,3,0,0,12,1,1,1,0,2,1,0,6,2,14,1
12,20,2,1,1,0,3,1,0,0,1,1,1,0,2,4,0,7,1,12,1
1,18,4,1,1,0,3,3,0,2,1,1,1,0,0,1,5,2,0,4,1
3,18,4,1,1,0,3,1,0,0,1,1,1,0,0,1,0,6,3,5,1
12,3,3,1,1,3,1,3,1,9,1,1,1,7,2,4,0,5,8,7,1
5,20,4,1,1,0,3,1,0,2,1,1,1,0,0,2,0,6,11,3,1
15,19,4,1,1,0,3,0,0,12,1,1,1,7,2,1,0,4,10,5,1
13,15,2,0,1,0,3,0,0,2,1,1,1,1,2,1,0,6,1,8,1
13,20,4,0,1,0,3,0,0,0,1,1,1,0,2,1,0,6,10,14,1
1,15,4,1,1,0,3,3,0,2,1,1,1,0,0,1,0,2,2,4,1
1,15,4,0,1,4,3,0,0,16,1,1,1,7,0,7,5,6,0,5,1
6,13,0,0,1,4,3,0,1,8,1,1,1,7,0,1,5,1,0,1,1
7,20,4,1,1,0,3,0,0,2,1,1,1,7,0,1,0,5,5,9,1
7,20,4,1,1,0,3,1,0,0,1,1,1,0,0,1,0,6,6,8,1
8,20,4,0,1,0,3,3,0,5,1,1,1,5,0,1,0,6,6,10,1
6,20,0,1,1,4,3,0,1,0,1,1,1,5,0,1,0,6,5,13,0
15,15,0,0,1,0,1,0,0,0,1,1,1,0,2,1,0,4,3,4,1
3,20,4,1,1,4,3,3,1,4,1,1,1,5,0,1,5,0,0,0,1
7,20,0,0,1,0,3,0,0,1,1,1,1,0,0,1,0,6,5,12,0
9,18,0,0,1,0,3,0,0,0,1,1,1,0,0,1,0,7,11,11,1
6,21,0,0,1,4,3,0,1,1,1,1,1,5,0,1,0,5,0,14,1
13,20,4,1,1,2,3,1,0,2,1,1,1,0,2,1,0,5,3,3,1
4,20,4,1,1,0,3,0,0,0,1,1,1,4,0,3,1,9,0,0,0
11,18,0,0,1,0,1,1,0,0,1,1,1,0,2,1,0,8,7,10,1
1,18,4,1,1,0,3,0,0,2,1,1,1,0,0,1,2,2,0,2,1
12,22,4,0,1,0,3,0,0,0,1,1,1,0,2,7,0,9,8,14,1
10,20,4,1,1,0,3,0,0,2,1,1,1,8,0,1,0,6,5,12,0
4,21,4,1,1,4,3,0,1,2,1,1,1,5,0,1,0,2,2,3,0
12,20,0,0,1,0,1,1,0,0,1,1,1,0,2,1,0,6,8,14,0
4,18,4,1,1,0,3,0,0,2,1,1,1,0,0,1,5,2,0,4,1
10,20,4,1,1,0,3,3,0,11,1,1,1,5,0,1,0,4,6,13,0
6,21,0,1,1,0,3,0,0,1,1,1,1,0,0,1,0,6,1,13,0
6,20,4,0,0,0,3,1,0,2,1,1,0,0,0,1,0,5,3,4,1
5,18,4,1,1,4,3,0,1,12,1,1,1,0,0,1,5,0,0,0,0
1,18,4,0,1,0,3,1,0,2,1,1,1,0,0,2,0,6,11,13,0
8,18,0,1,1,0,3,3,0,5,1,1,1,7,0,1,2,6,0,9,1
14,20,0,1,1,3,3,0,1,1,1,1,1,0,2,1,0,6,8,10,1
4,17,0,0,1,0,1,0,0,0,1,1,1,7,2,1,0,9,11,7,1
6,12,4,1,1,2,3,0,0,12,1,1,1,1,0,9,2,0,0,14,1
12,20,0,1,1,0,3,1,0,1,1,1,1,0,2,5,0,9,5,13,1
5,18,4,0,1,0,3,1,0,10,1,1,1,0,0,1,0,6,3,3,1
7,15,4,0,1,0,3,0,0,2,1,1,1,0,0,1,0,6,3,6,1
9,18,4,1,1,0,3,1,0,0,1,1,1,0,0,1,0,6,4,6,1
2,16,4,0,1,0,3,0,0,15,1,1,1,7,0,1,5,6,0,2,0
14,18,4,1,1,0,3,3,0,2,1,1,1,0,2,1,0,4,5,7,1
8,20,0,1,1,0,3,1,0,0,1,1,1,8,0,1,0,8,11,12,0
13,20,4,1,1,0,3,3,0,11,1,1,1,0,2,3,0,6,3,12,1
15,21,4,0,1,0,3,1,0,0,1,1,1,0,2,4,0,6,10,12,0
12,19,4,0,1,0,3,0,0,2,1,1,1,7,2,6,0,1,0,2,1
13,14,4,1,1,4,3,0,1,2,1,1,1,5,2,7,0,1,8,5,1
6,15,4,0,1,4,3,0,1,11,1,1,1,0,0,0,5,0,0,0,1
9,15,4,1,1,3,3,0,1,2,1,1,1,0,0,1,0,3,3,8,1
5,17,4,0,1,0,3,0,0,2,1,1,1,0,0,1,2,4,0,4,1
5,20,0,1,0,0,3,3,0,9,1,1,1,0,0,1,5,5,0,0,1
3,15,4,0,1,0,0,1,0,16,1,1,1,0,0,5,3,9,1,6,1
11,20,4,1,1,0,3,0,0,0,1,1,1,0,2,1,0,7,0,8,1
9,20,0,1,1,4,3,3,1,1,1,1,1,5,0,1,0,6,4,8,1
0,17,4,1,1,0,3,0,0,2,1,1,1,0,0,0,5,0,0,0,1
10,18,0,1,1,0,3,0,0,1,1,1,1,0,0,7,1,6,0,13,1
11,21,0,0,1,0,3,1,0,0,1,1,1,0,2,1,0,8,3,11,1
12,21,0,1,1,4,3,0,1,1,1,1,1,0,2,1,0,8,2,12,0
4,18,4,0,1,0,3,1,0,2,1,1,1,0,0,1,0,9,6,6,1
5,17,4,0,1,3,3,0,1,15,1,1,1,7,0,1,5,2,0,1,0
6,20,4,1,1,0,3,0,0,2,1,1,1,8,0,1,0,1,3,3,1
5,17,4,0,0,0,3,0,0,2,1,1,0,0,0,1,0,3,2,5,0
0,15,4,0,1,0,3,0,0,8,1,1,1,5,0,1,0,1,0,3,0
7,15,4,0,1,4,3,3,1,11,1,1,1,7,0,1,0,6,4,6,0
6,15,0,1,1,0,3,0,0,5,1,1,1,0,0,0,5,0,0,0,1
2,15,4,0,1,4,3,3,0,11,1,1,1,7,0,1,0,9,5,11,0
9,15,0,0,1,0,3,0,0,0,1,1,1,0,0,1,0,6,8,11,1
14,20,4,0,1,4,3,0,1,0,1,1,1,5,2,1,0,6,6,14,1
0,15,4,0,1,0,3,1,0,7,1,1,1,8,0,0,5,0,0,0,1
5,15,4,1,1,0,3,0,0,2,1,1,1,8,0,6,0,4,6,6,0
4,15,0,1,1,0,3,0,0,2,1,1,1,7,0,1,0,3,5,8,1
11,15,0,0,1,0,3,3,0,1,1,1,1,0,2,1,0,4,1,6,1
5,20,0,1,1,0,3,0,0,1,1,1,1,0,0,1,0,6,3,13,1
1,18,4,0,1,0,3,3,0,0,1,1,1,0,0,1,0,6,5,9,1
3,18,0,0,1,0,3,0,0,1,1,1,1,0,0,1,0,6,2,8,1
8,20,4,1,1,0,3,3,0,11,1,1,1,0,0,2,0,6,4,12,0
1,18,4,1,1,0,3,1,0,16,1,1,1,0,0,2,5,1,0,2,0
15,20,2,1,1,0,3,1,0,0,1,1,1,6,0,2,0,5,8,8,0
14,21,0,1,1,0,3,0,0,1,1,1,1,0,2,2,0,7,11,12,1
8,15,4,0,1,0,3,1,0,11,1,1,1,0,0,2,0,6,3,7,0
8,15,4,0,1,0,3,1,0,7,1,1,1,0,0,6,0,2,4,3,1
15,20,4,0,0,0,3,0,0,11,1,0,0,0,2,1,4,6,0,13,0
10,20,4,0,1,0,3,3,0,12,1,1,1,0,0,2,0,8,4,13,0
11,18,4,0,1,0,3,1,0,0,1,1,1,7,2,1,0,6,4,10,1
15,17,0,0,1,0,3,3,0,1,1,1,1,0,2,1,0,6,7,12,1
4,20,4,1,1,0,3,1,0,2,1,1,1,0,0,1,0,4,3,5,1
6,20,4,1,1,0,3,1,0,0,1,1,1,0,0,1,0,8,0,11,0
3,18,4,0,1,0,3,0,0,2,1,1,1,7,0,1,0,6,10,5,1
8,15,4,1,1,0,3,0,0,2,1,1,1,5,0,1,0,6,6,4,0
5,15,4,0,1,3,3,3,1,2,1,1,1,5,0,1,0,2,11,3,1
7,18,4,0,1,0,3,0,0,0,1,1,1,0,0,1,0,4,10,3,0
5,15,4,1,1,0,3,3,0,2,1,1,1,0,0,1,5,0,0,0,1
11,18,0,1,1,0,3,0,0,1,1,1,1,7,2,1,0,8,3,8,1
12,21,0,0,1,4,3,0,1,0,1,1,1,0,2,1,0,8,3,14,1
0,18,4,1,1,0,3,0,0,11,1,1,1,0,0,0,5,0,0,0,1
13,20,0,0,1,0,3,0,0,1,1,1,1,5,2,1,0,6,7,14,1
6,17,4,0,1,0,3,1,0,12,1,1,1,0,0,1,0,6,2,11,0
8,18,4,1,1,0,3,0,0,2,1,1,1,1,0,1,0,6,2,5,1
7,19,4,1,1,0,3,0,0,2,1,1,1,0,0,1,0,6,0,4,1
0,15,4,1,1,0,3,0,0,16,1,1,1,1,0,0,5,0,0,2,0
11,20,4,0,1,0,3,0,0,2,1,1,1,0,2,1,0,6,6,11,1
12,15,0,1,1,0,3,3,0,1,1,1,1,0,2,3,0,6,3,6,1
14,18,4,0,1,0,3,0,0,0,1,1,1,0,2,1,0,7,11,13,0
4,20,4,1,1,0,3,0,0,3,1,1,1,0,0,6,0,2,7,5,1
11,18,4,1,1,4,3,0,1,2,1,1,1,0,2,2,0,6,0,11,1
9,20,4,1,1,0,3,0,0,12,1,1,1,0,0,1,0,6,6,6,0
15,18,0,1,1,4,3,0,1,0,1,1,1,5,2,1,0,6,3,6,0
4,15,4,1,1,0,3,3,0,14,1,1,1,7,0,0,5,0,0,2,1
12,20,0,1,1,4,3,0,1,1,1,1,1,5,2,1,0,6,6,9,1
12,16,0,0,1,0,3,0,0,1,1,1,1,7,2,1,0,6,2,4,1
14,0,4,0,1,0,3,3,0,2,1,1,1,7,2,6,0,6,4,11,1
6,20,4,0,1,0,3,1,0,2,1,1,1,0,0,4,0,6,5,11,1
2,18,4,0,1,3,3,3,1,0,1,1,1,5,0,1,5,2,0,4,1
1,15,4,0,1,0,3,1,0,2,1,1,1,0,0,1,0,1,3,2,1
1,19,4,1,1,0,3,1,0,7,1,1,1,0,0,3,0,3,3,5,1
12,13,4,0,1,0,3,0,0,15,1,1,1,1,2,1,5,0,0,0,1
9,16,0,0,1,0,3,0,0,15,1,1,1,0,0,0,5,0,0,0,1
13,15,0,0,1,4,3,0,1,0,1,1,1,0,2,1,0,6,8,10,0
14,15,0,1,0,0,3,0,0,8,1,1,0,2,2,0,5,0,0,0,1
2,15,4,1,1,2,3,0,0,3,1,1,1,0,0,1,5,2,0,3,1
12,15,4,0,1,0,3,0,0,2,1,1,1,5,0,2,0,7,5,1,1
2,12,4,0,1,0,3,0,0,16,1,1,1,1,0,0,5,0,0,7,1
0,15,4,0,1,0,3,0,0,2,1,1,1,0,0,0,5,0,0,0,1
1,18,4,1,1,0,3,1,0,11,1,1,1,5,0,1,0,1,3,2,1
14,15,4,0,1,3,3,0,1,2,1,1,1,5,0,6,0,5,5,4,1
12,11,3,0,1,0,3,0,0,15,1,1,1,7,2,0,5,0,0,0,1
8,15,0,1,1,0,3,0,0,0,1,1,1,1,0,1,1,3,0,6,1
6,15,0,0,1,0,3,0,0,1,1,1,1,0,0,1,0,4,5,7,1
12,20,0,0,1,0,3,0,0,0,1,1,1,0,2,1,0,7,6,11,0
13,15,4,0,1,4,3,0,1,0,1,1,1,0,2,1,0,6,10,9,1
13,20,4,0,1,0,3,1,0,0,1,1,1,1,2,1,0,8,6,11,1
3,18,4,1,1,0,3,1,0,0,1,1,1,0,0,3,0,2,3,2,1
8,20,4,1,1,0,3,0,0,5,1,1,1,5,0,2,0,6,6,11,1
0,18,4,1,1,4,3,0,1,8,1,1,1,5,0,1,1,1,0,2,1
5,18,4,1,1,0,3,0,0,0,1,1,1,0,0,1,0,2,6,3,1
6,17,4,0,1,4,3,0,1,5,1,1,1,7,0,0,5,0,0,0,1
1,18,4,0,1,0,3,0,0,16,1,1,1,0,0,2,0,1,4,2,0
15,11,0,0,0,0,3,2,0,1,1,1,0,0,2,1,4,3,1,6,1
7,18,4,0,1,0,3,0,0,2,1,1,1,7,0,1,0,5,5,6,1
0,15,4,1,1,0,3,3,0,14,1,1,1,0,0,1,0,2,0,3,1
14,20,0,1,1,0,3,0,0,2,1,1,1,0,2,3,0,3,0,1,1
1,19,4,0,1,0,3,1,0,12,1,1,1,0,0,1,0,4,10,2,0
4,20,4,0,1,4,3,1,1,9,1,1,1,0,0,0,5,0,0,0,1
14,19,0,0,1,4,3,0,1,0,1,1,1,5,2,3,0,6,6,11,1
3,18,4,0,0,0,3,2,0,2,1,1,0,6,0,0,5,0,0,4,1
15,15,0,0,1,3,3,0,1,0,1,1,1,7,2,1,0,6,3,13,1
7,19,4,1,1,0,3,1,0,0,1,1,1,0,0,1,0,6,4,11,0
12,20,4,0,1,0,3,0,0,0,1,1,1,0,2,1,0,7,3,14,1
7,15,4,0,1,0,3,3,0,2,1,1,1,7,0,1,0,6,8,10,1
10,19,4,0,1,3,3,3,1,0,1,1,1,5,0,3,0,2,2,6,1
10,18,0,1,0,0,3,0,0,8,1,1,0,0,0,1,1,6,0,8,1
1,18,4,0,1,0,3,0,0,2,1,1,1,7,0,1,0,2,6,4,0
4,18,4,1,1,0,3,0,0,0,1,1,1,1,0,1,0,4,1,9,1
5,17,4,1,1,0,3,1,0,2,1,1,1,0,0,1,0,4,4,2,1
3,19,4,1,1,0,3,1,0,2,1,1,1,7,0,1,0,3,2,3,1
13,19,0,0,1,3,3,0,1,0,1,1,1,5,2,1,0,6,2,10,1
0,15,4,1,1,4,3,0,1,9,1,1,1,0,0,0,5,0,0,0,1
11,8,4,0,1,0,3,0,0,4,1,1,1,0,2,1,0,6,4,7,1
15,21,0,1,1,0,3,0,0,1,1,1,1,7,2,1,0,8,1,9,1
1,18,4,1,1,0,3,1,0,2,1,1,1,0,0,0,5,0,0,0,1
12,15,0,0,1,0,3,1,0,1,1,1,1,8,2,5,2,0,0,0,1
11,20,4,0,1,0,3,1,0,0,1,1,1,0,2,1,0,6,2,12,1
1,15,4,0,1,4,3,0,1,16,1,1,1,5,0,1,5,6,0,6,1
10,20,0,1,1,4,3,0,1,8,1,1,1,7,0,1,0,6,3,11,1
2,18,4,0,1,0,3,0,0,2,1,1,1,7,0,1,0,6,8,5,1
11,15,0,1,0,0,3,3,0,13,1,1,0,8,2,2,5,0,0,0,0
12,13,0,1,1,0,3,0,0,0,1,1,1,7,2,1,5,4,0,6,1
4,17,0,1,1,0,3,0,0,0,1,1,1,0,0,6,0,2,3,4,1
4,15,4,1,1,4,3,0,1,14,1,1,1,1,0,0,5,0,0,0,1
13,20,0,1,1,4,3,0,1,0,1,1,1,5,2,1,0,6,4,12,1
0,17,4,0,1,0,3,3,0,14,1,1,1,7,0,1,0,4,0,1,1
2,18,4,1,1,0,3,3,0,2,1,1,1,0,0,2,0,2,1,5,1
6,20,4,1,1,0,3,3,0,11,1,1,1,0,0,1,0,1,8,6,0
7,18,4,1,1,0,3,0,0,0,1,1,1,7,0,1,0,8,4,8,1
10,16,0,0,1,0,3,0,0,0,1,1,1,0,0,1,5,6,0,4,0
10,20,0,1,1,0,3,0,0,1,1,1,1,7,0,1,5,0,0,0,1
15,20,4,0,1,3,3,0,1,10,1,1,1,0,2,4,0,6,8,5,0
10,18,0,1,1,0,3,1,0,0,1,1,1,0,0,4,0,5,5,6,1
3,15,4,1,1,0,3,1,0,2,1,1,1,0,0,1,0,6,6,7,1
8,11,4,1,0,0,3,1,0,4,0,1,0,0,0,1,0,4,8,1,1
8,20,4,0,0,0,3,0,0,2,1,1,0,0,0,5,2,0,0,5,1
2,18,4,1,1,0,3,0,0,0,1,1,1,1,0,3,0,5,3,4,1
9,18,0,1,1,0,3,0,0,2,1,1,1,0,0,1,0,9,2,10,1
12,0,4,0,0,3,3,0,1,9,0,0,1,5,0,4,0,6,8,11,0
11,17,4,0,1,0,3,3,0,2,1,1,1,0,2,0,5,0,0,0,1
7,20,4,0,1,2,3,0,0,0,1,1,1,5,0,1,1,4,0,8,0
9,16,4,1,1,0,3,1,0,15,1,1,1,0,0,0,5,0,0,0,1
2,18,4,1,1,0,3,0,0,2,1,1,1,0,0,1,0,6,2,5,1
12,20,4,1,1,3,3,0,1,2,1,1,1,5,2,2,5,0,0,0,1
0,18,4,1,1,0,3,2,0,2,1,1,1,0,0,1,5,2,0,1,1
9,21,4,1,1,0,3,0,0,14,1,1,1,0,0,1,0,6,10,8,1
15,20,0,1,1,0,3,0,0,1,1,1,1,0,2,3,0,6,8,13,1
3,18,4,1,1,4,3,0,1,14,1,1,1,0,0,1,0,2,4,4,0
15,20,0,0,1,4,3,0,1,1,1,1,1,0,2,1,0,6,0,9,1
2,18,4,1,1,0,3,3,0,2,1,1,1,7,0,0,5,0,0,0,1
11,18,4,1,0,0,3,0,0,0,1,1,0,0,2,1,0,3,6,5,1
5,15,4,0,0,0,3,0,0,2,1,1,1,0,0,1,0,4,4,4,1
9,21,0,1,1,0,3,0,0,0,1,1,1,0,0,2,0,6,11,11,1
0,17,4,1,1,0,3,3,0,16,1,1,1,5,0,0,5,0,0,0,0
0,18,4,0,1,0,3,3,0,11,1,1,1,0,0,0,5,0,0,0,0
11,17,4,1,1,0,3,0,0,2,1,1,1,0,2,0,5,0,0,0,1
9,20,4,0,1,0,3,0,0,0,1,1,1,5,0,3,0,6,4,13,1
2,15,4,0,1,3,3,3,1,5,1,1,1,5,0,1,0,8,4,6,0
4,15,4,0,1,0,3,0,0,2,1,1,1,0,0,4,0,2,1,2,1
5,15,4,0,1,0,3,0,0,4,1,1,1,5,0,1,0,4,8,1,0
2,18,4,0,1,4,3,0,1,9,1,1,1,5,0,0,5,0,0,0,1
3,17,4,1,1,0,3,3,0,9,1,1,1,0,0,0,5,0,0,0,1
15,19,4,0,1,4,3,3,1,11,1,1,1,0,2,1,0,6,4,5,1
0,18,4,1,1,0,3,0,0,11,1,1,1,0,0,0,5,0,0,0,0
3,20,4,1,1,0,3,1,0,2,1,1,1,8,0,1,0,6,2,7,1
0,18,4,1,1,0,3,1,0,2,1,1,1,0,0,3,0,1,2,5,1
4,15,4,0,0,4,3,0,1,0,1,1,0,0,0,1,5,0,0,4,1
4,15,4,0,1,0,3,3,0,2,1,1,1,0,0,3,0,2,2,2,1
10,15,4,1,1,0,3,0,0,0,1,1,1,7,0,1,2,6,0,3,1
10,19,3,1,1,0,3,0,0,0,1,1,1,7,0,1,0,4,4,4,1
11,21,4,1,1,4,3,0,1,0,1,1,1,5,2,2,0,6,4,10,0
14,20,2,1,1,0,3,1,0,0,1,1,1,0,2,1,0,9,1,10,1
4,18,4,1,1,0,3,0,0,2,1,1,1,7,0,1,0,3,8,5,1
4,17,4,0,1,0,0,0,0,16,1,1,1,0,0,5,3,9,2,7,0
7,15,4,1,1,0,3,1,0,0,1,1,1,0,0,1,0,6,2,12,0
11,20,4,1,1,3,3,0,1,2,1,1,1,5,2,1,0,6,11,9,1
11,21,0,1,1,0,3,0,0,0,1,1,1,0,2,3,0,6,6,14,0
3,20,4,0,1,0,3,0,0,2,1,1,1,0,0,6,0,2,9,4,1
14,20,0,0,1,0,3,0,0,1,1,1,1,0,2,1,0,6,3,14,1
13,20,0,1,1,0,3,0,0,0,1,1,1,0,2,3,2,1,0,4,1
4,18,4,1,1,0,3,3,0,0,1,1,1,0,0,1,0,1,3,9,0
13,15,0,0,1,0,3,0,0,1,1,1,1,0,2,1,0,6,1,11,1
8,20,4,1,0,0,3,1,0,2,1,1,0,1,0,3,2,0,0,4,1
12,15,4,0,0,0,3,0,0,14,1,1,0,0,2,1,5,0,0,1,1
6,17,4,1,1,3,3,0,1,2,1,1,1,5,0,1,0,6,5,10,1
12,18,2,1,1,0,3,0,0,5,1,1,1,0,2,1,0,6,10,11,1
12,18,0,0,1,0,3,1,0,0,1,1,1,0,2,1,5,1,0,1,1
7,15,4,0,1,0,3,0,0,2,1,1,1,0,0,1,0,3,2,5,1
6,20,0,1,1,0,3,0,0,0,1,1,1,0,0,1,5,2,0,5,0
12,20,0,1,1,4,3,3,1,0,1,1,1,0,2,1,0,6,5,12,1
9,20,4,1,1,0,3,0,0,2,1,1,1,0,0,1,0,6,3,7,1
8,15,4,1,1,4,3,0,1,2,1,1,1,7,0,1,0,6,11,8,1
13,20,0,1,1,0,3,0,0,0,1,1,1,0,2,1,0,6,3,10,1
12,16,0,1,1,0,3,3,0,1,1,1,1,7,2,0,5,0,0,0,1
9,15,0,0,1,4,3,0,1,1,1,1,1,7,0,1,0,6,6,11,1
0,18,4,1,1,0,3,0,0,9,1,1,1,0,0,1,2,2,0,3,1
9,13,0,0,1,4,3,3,1,8,1,1,1,0,0,1,0,6,4,13,1
12,16,0,0,1,0,3,3,0,1,1,1,1,7,2,0,5,0,0,0,1
0,18,4,0,1,0,3,3,0,16,1,1,1,8,0,1,5,0,0,0,0
9,20,0,0,1,0,3,3,0,0,1,1,1,5,0,3,0,6,5,13,0
5,20,4,1,1,1,3,3,0,14,1,1,1,7,0,7,0,4,10,2,0
14,18,0,1,1,0,3,0,0,0,1,1,1,0,2,1,0,4,2,9,1
4,21,4,1,1,2,3,0,0,0,1,1,1,0,0,1,0,3,9,14,1
8,15,4,0,1,0,3,0,0,2,1,1,1,7,0,1,0,6,5,9,1
11,17,4,1,1,0,3,3,0,2,1,1,1,0,2,1,0,6,1,11,1
8,20,4,1,1,0,3,1,0,2,1,1,1,0,0,1,0,6,6,10,1
15,13,4,0,0,0,3,0,0,15,1,0,1,0,2,1,5,0,0,9,1
9,19,0,1,1,4,3,3,1,1,1,1,1,5,0,1,0,6,11,6,0
2,18,4,0,1,0,3,1,0,2,1,1,1,5,0,1,0,2,3,6,1
4,18,4,1,1,0,3,0,0,2,1,1,1,1,0,1,0,1,1,4,1
3,20,4,1,1,0,3,1,0,2,1,1,1,0,0,2,0,1,3,3,1
8,19,4,0,1,0,3,1,0,0,1,1,1,0,0,1,0,9,3,7,1
0,18,4,1,1,0,3,1,0,2,1,1,1,0,0,1,0,6,8,9,1
2,20,4,1,1,0,3,1,0,9,1,1,1,0,0,4,2,1,0,1,1
11,16,0,0,1,0,3,0,1,0,1,1,1,8,2,6,0,7,0,3,0
11,15,0,1,1,3,3,0,1,0,1,1,1,1,2,1,2,6,0,2,1
11,20,4,1,1,3,3,0,1,0,1,1,1,5,2,1,0,6,4,9,1
2,19,4,1,1,0,3,0,0,2,1,1,1,5,0,1,0,4,10,6,0
11,18,0,0,1,4,3,0,1,1,1,1,1,0,2,1,0,8,0,9,0
7,20,0,0,1,0,3,0,0,1,1,1,1,0,0,1,0,6,4,11,0
4,18,4,1,1,0,3,0,0,0,1,1,1,0,0,1,0,3,4,5,1
13,17,4,0,1,0,3,0,0,12,1,1,1,0,2,1,0,6,6,13,1
13,15,4,1,1,4,3,0,1,9,1,1,1,0,2,1,0,6,6,8,1
9,20,4,1,1,0,3,1,0,0,1,1,1,0,0,1,0,6,8,11,1
14,8,4,0,1,4,3,0,1,0,1,1,1,7,2,1,0,6,8,7,1
10,15,0,1,1,0,3,1,0,0,1,1,1,0,0,1,0,8,2,12,0
4,15,4,0,1,4,3,3,1,11,1,1,1,0,0,1,5,0,0,0,0
13,20,0,1,1,4,3,0,1,1,1,1,1,5,2,1,0,6,4,13,0
3,15,4,0,1,0,3,3,0,9,1,1,1,0,0,1,0,6,2,8,1
11,20,4,1,1,0,3,0,0,11,1,1,1,0,2,2,2,6,0,10,0
9,21,0,1,1,0,3,1,0,1,1,1,1,0,0,1,0,6,1,11,1
8,19,4,0,1,0,3,0,0,5,1,1,1,5,0,1,0,6,2,12,1
12,21,0,1,1,4,3,0,1,0,1,1,1,0,2,1,0,6,6,13,0
6,15,4,0,1,0,3,3,0,4,1,1,1,0,0,1,0,5,3,12,1
9,15,4,0,1,4,3,0,1,9,1,1,1,7,0,0,5,0,0,0,1
2,18,4,1,1,4,3,3,1,2,1,1,1,0,0,1,0,6,5,9,1
9,20,4,0,1,0,3,1,0,12,1,1,1,5,0,1,5,0,0,0,0
3,19,4,1,1,0,3,1,0,0,1,1,1,0,0,1,0,5,2,4,0
8,18,4,0,0,0,3,1,0,2,1,1,1,0,0,1,0,5,11,3,1
1,18,4,0,1,0,3,1,0,16,1,1,1,8,0,1,0,2,4,5,1
5,20,4,0,1,0,3,0,0,2,1,1,1,5,0,1,0,6,3,9,1
5,18,4,0,0,0,3,0,0,2,1,0,1,0,0,4,0,6,4,2,1
3,17,4,1,1,0,3,0,0,2,1,1,1,0,0,1,0,3,2,6,1
4,19,4,0,1,0,3,0,0,2,1,1,1,0,0,1,0,6,6,11,0
15,22,4,1,1,0,3,0,0,15,1,1,1,1,2,0,5,0,0,0,0
15,20,4,1,1,0,3,1,0,12,1,1,1,8,2,1,0,7,6,10,1
12,15,0,0,1,4,3,0,1,1,1,1,1,5,2,1,0,6,4,10,1
14,20,4,1,1,0,3,0,0,2,1,1,1,0,2,4,0,5,0,9,1
15,16,0,0,1,0,3,1,0,0,1,1,1,0,2,1,0,6,10,8,1
6,20,4,0,1,0,3,3,0,12,1,1,1,0,0,1,0,6,4,11,0
15,16,4,0,1,0,3,0,0,2,1,1,1,0,2,1,0,7,10,12,1
11,20,0,1,1,0,3,0,0,0,1,1,1,0,2,0,5,0,0,0,0
15,18,4,0,1,0,3,0,0,2,1,1,1,5,2,1,0,7,2,3,1
2,18,4,1,1,0,3,1,0,0,1,1,1,0,0,1,0,6,6,12,1
15,15,0,1,1,0,3,0,0,0,1,1,1,7,2,3,0,5,3,6,0
13,9,0,0,1,0,3,1,0,5,1,1,1,7,2,2,0,8,8,6,1
14,19,0,1,1,0,3,1,0,1,1,1,1,0,2,1,0,4,8,8,1
13,20,0,0,1,0,3,0,0,1,1,1,1,5,2,2,0,6,6,12,0
0,19,4,0,1,0,3,0,0,2,1,1,1,5,0,1,0,1,0,1,1
13,21,0,1,1,0,3,3,0,1,1,1,1,0,2,1,0,6,11,14,0
12,16,4,0,1,0,3,1,0,0,1,1,1,8,2,1,0,7,10,10,1
12,20,0,1,1,0,3,1,0,1,1,1,1,8,2,7,1,8,0,13,0
2,18,4,0,1,0,3,3,0,4,1,1,1,0,0,1,5,0,0,0,0
11,18,0,0,1,4,3,0,1,0,1,1,1,0,2,1,0,6,3,10,1
10,20,0,1,1,0,3,0,0,0,1,1,1,5,0,1,0,7,1,13,0
7,18,4,0,1,0,3,0,0,2,1,1,1,5,0,1,0,6,2,6,1
11,18,0,1,1,3,3,0,1,1,1,1,1,5,2,0,5,0,0,0,1
15,18,0,0,1,0,3,0,0,2,1,1,1,0,2,6,0,8,0,10,1
10,15,4,0,1,0,3,0,0,15,1,1,1,7,0,0,5,0,0,0,1
3,19,4,1,1,0,3,0,0,2,1,1,1,0,0,1,0,6,6,5,1
0,15,4,1,1,0,3,0,0,2,1,1,1,7,0,1,0,6,4,2,1
6,18,4,1,1,0,3,1,0,12,1,1,1,0,0,1,0,6,8,11,1
10,20,4,0,1,0,3,0,0,0,1,1,1,7,0,1,1,6,0,12,1
4,18,4,0,1,0,3,0,0,0,1,1,1,0,0,1,0,4,2,6,1
7,19,4,0,1,3,3,0,1,2,1,1,1,5,0,1,0,6,6,10,1
5,20,0,0,1,0,3,1,0,0,1,1,1,0,0,1,5,1,0,1,0
13,20,4,0,1,0,3,1,0,0,1,1,1,0,2,1,0,7,0,13,0
10,18,4,0,1,0,3,0,0,2,1,1,1,0,0,7,1,4,0,5,1
1,18,4,1,1,4,3,0,1,16,1,1,1,5,0,1,5,1,0,2,0
7,18,4,0,1,0,3,0,0,0,1,1,1,0,0,1,0,6,2,9,0
9,15,0,0,1,0,3,0,0,0,1,1,1,0,0,1,0,6,8,10,1
11,21,0,0,1,3,3,0,1,0,1,1,1,5,2,1,0,6,5,14,1
5,20,4,1,1,0,3,0,0,2,1,1,1,5,0,2,0,2,1,4,1
14,20,4,0,1,0,3,0,0,12,1,1,1,5,2,1,0,7,2,13,0
11,18,4,1,1,0,3,3,0,16,1,1,1,0,2,4,0,6,1,11,1
13,21,0,0,1,0,3,0,0,1,1,1,1,0,2,2,0,6,11,14,1
2,19,0,1,1,0,3,0,0,8,1,1,1,5,0,3,1,1,0,1,1
0,15,4,1,1,0,3,0,0,2,1,1,1,7,0,1,0,1,8,1,1
1,15,4,1,1,0,3,0,0,2,1,1,1,7,0,1,0,6,4,9,1
3,15,4,0,1,0,3,0,0,2,1,1,1,0,0,1,2,4,0,3,1
11,18,4,1,1,0,3,1,0,0,1,1,1,0,2,1,0,6,10,11,0
12,21,4,1,1,0,3,0,0,0,1,1,1,5,2,1,0,6,4,14,1
9,18,4,1,1,0,3,0,0,0,1,1,1,0,0,3,0,6,2,8,0
1,17,4,0,0,0,3,3,0,2,1,1,0,0,0,1,5,4,0,3,1
4,18,4,1,1,0,3,1,0,2,1,1,1,0,0,4,0,4,6,6,1
8,17,4,1,1,0,3,3,0,2,1,1,1,0,0,1,0,6,4,7,1
8,20,4,1,1,0,3,1,0,0,1,1,1,0,0,0,5,0,0,0,1
4,18,4,1,1,0,3,1,0,0,1,1,1,7,0,1,0,6,2,6,1
10,18,0,1,1,0,3,0,0,1,1,1,1,0,0,1,0,5,4,4,1
10,19,4,1,1,0,3,0,0,2,1,1,1,0,0,0,5,0,0,0,1
8,18,4,1,1,0,3,0,0,16,1,1,1,7,0,1,5,4,0,2,1
15,22,0,1,1,3,3,0,1,1,1,1,1,0,2,1,0,6,3,7,1
13,14,0,1,1,0,3,3,0,0,1,1,1,0,2,1,0,6,10,8,1
8,21,4,0,1,0,3,2,0,5,1,1,1,0,0,6,0,6,11,12,1
11,14,4,1,1,0,3,0,0,2,1,1,1,7,2,3,0,6,8,6,1
10,20,4,1,1,3,3,0,1,2,1,1,1,5,0,1,0,6,10,10,1
15,16,0,0,1,4,3,3,1,1,1,1,1,0,2,1,0,6,1,3,1
6,18,4,0,1,0,3,0,0,2,1,1,1,0,0,1,0,8,6,6,1
7,20,0,0,1,0,0,2,0,0,1,1,1,6,0,5,3,2,10,14,0
2,17,4,1,1,0,3,3,0,16,1,1,1,5,0,1,5,6,0,5,0
6,18,4,0,1,0,3,0,0,2,1,1,1,0,0,1,0,6,4,9,1
2,15,4,0,1,0,3,1,0,9,1,1,1,0,0,1,0,4,10,5,1
4,20,4,1,1,0,3,0,0,2,1,1,1,7,0,1,0,8,5,8,0
6,13,4,0,1,0,3,0,0,2,1,1,1,0,0,1,0,6,10,7,1
9,17,0,0,1,0,3,3,0,2,1,1,1,0,2,3,0,9,11,6,1
1,18,4,0,1,0,0,0,0,16,1,1,1,0,0,5,3,7,4,2,1
1,17,4,0,1,0,3,1,0,2,1,1,1,0,0,1,2,2,0,2,1
9,20,0,1,1,4,3,0,1,1,1,1,1,0,0,1,0,6,3,13,1
0,18,4,1,0,0,3,0,0,2,1,1,0,7,0,0,5,0,0,0,1
13,19,0,1,1,0,3,1,0,0,1,1,1,0,2,3,0,6,4,13,0
10,20,4,1,1,0,3,1,0,0,1,1,1,0,0,1,0,7,4,14,1
7,21,0,1,1,4,3,0,1,1,1,1,1,5,0,1,0,6,3,11,1
14,20,4,0,1,0,3,3,0,14,1,1,1,0,2,1,0,6,0,9,1
9,21,4,0,1,0,3,0,0,0,1,1,1,5,0,1,0,6,3,13,1
5,18,4,1,1,0,3,1,0,0,1,1,1,0,0,1,0,5,2,4,1
14,20,0,1,1,0,3,0,0,0,1,1,1,0,2,1,0,8,1,12,1
13,15,0,0,1,0,3,0,0,15,1,1,1,0,2,0,5,0,0,0,0
9,20,0,1,1,4,3,0,1,1,1,1,1,5,0,1,5,0,0,0,0
0,18,4,1,1,0,3,1,0,11,1,1,1,5,0,0,5,0,0,0,0
1,18,4,0,1,0,3,0,0,16,1,1,1,0,0,0,5,0,0,0,1
12,17,0,0,1,0,3,0,0,1,1,1,1,0,2,1,0,5,2,6,1
10,12,4,0,1,0,3,0,0,15,1,1,1,0,0,1,2,0,0,0,1
8,17,0,0,1,0,3,1,0,1,1,1,1,0,0,6,2,0,0,2,1
8,15,2,0,1,0,3,1,0,7,1,1,1,0,0,1,0,6,2,9,1
5,15,4,0,0,2,3,3,0,2,1,1,0,8,0,1,5,0,0,3,1
11,18,0,1,1,0,3,0,0,1,1,1,1,7,2,1,0,6,5,9,0
4,15,4,1,1,0,3,0,0,10,1,1,1,4,0,1,0,9,7,10,1
6,20,4,0,1,0,3,0,0,0,1,1,1,0,0,1,0,1,9,14,1
15,5,4,0,1,0,3,0,0,4,1,1,1,0,2,4,0,4,10,14,1
9,17,4,1,1,0,3,3,0,2,1,1,1,0,0,0,5,0,0,0,1
6,19,4,1,1,0,3,1,0,0,1,1,1,0,0,1,0,6,0,14,1
7,20,4,0,1,0,3,0,0,2,1,1,1,5,0,0,5,0,0,0,1
0,19,4,1,1,0,3,0,0,16,1,1,1,5,0,1,0,4,0,3,0
15,20,0,0,1,4,3,3,1,0,1,1,1,0,2,1,0,6,0,13,1
15,15,3,0,1,0,3,0,0,9,1,1,1,0,2,4,0,8,10,12,1
7,21,0,1,1,4,3,0,1,1,1,1,1,5,0,0,5,0,0,0,0
13,15,0,1,1,3,3,0,1,0,1,1,1,5,2,1,0,6,11,6,1
1,18,4,0,1,4,3,0,1,16,1,1,1,0,0,6,5,2,0,2,1
4,15,4,1,0,0,1,0,0,0,1,0,1,4,0,1,0,8,11,4,1
15,22,0,1,1,3,3,0,1,1,1,1,1,0,2,1,0,8,4,14,1
2,18,4,1,1,0,3,0,0,4,1,1,1,5,0,1,5,0,0,0,1
10,15,4,0,1,0,3,0,0,2,1,1,1,0,0,1,2,0,0,0,1
5,18,4,1,1,0,3,0,0,2,1,1,1,0,0,1,0,6,4,9,1
6,15,4,1,1,0,3,3,0,2,1,1,1,0,0,2,0,8,0,6,0
10,16,0,1,1,4,3,0,1,1,1,1,1,0,0,0,5,0,0,0,1
12,20,0,0,1,4,3,0,1,0,1,1,1,5,2,4,0,6,8,14,1
1,15,4,1,1,0,3,3,0,2,1,1,1,0,0,0,5,0,0,0,1
13,14,0,1,1,0,3,1,0,4,1,1,1,0,2,1,0,6,8,7,1
10,20,4,1,1,0,3,1,0,0,1,1,1,0,0,1,0,8,2,7,1
15,14,0,1,1,0,3,0,1,9,1,1,1,5,2,0,5,0,0,3,1
6,21,4,1,1,4,3,0,1,14,1,1,1,5,0,0,5,0,0,10,1
7,15,4,1,1,0,3,0,0,2,1,1,1,0,0,1,0,6,8,6,1
11,18,4,1,1,4,3,0,1,10,1,1,1,0,2,1,0,6,11,5,1
14,20,0,0,1,3,3,0,1,0,1,1,1,5,2,1,0,6,6,11,1
10,20,4,0,1,0,3,1,0,15,1,1,1,8,0,4,5,0,0,0,0
2,12,4,1,1,4,3,0,1,5,1,1,1,7,0,0,5,0,0,5,1
5,20,4,1,1,0,3,0,0,0,1,1,1,0,0,1,0,9,3,9,0
5,17,4,1,1,0,3,0,0,2,1,1,1,7,0,1,0,6,2,7,1
10,17,4,0,1,0,3,0,0,2,1,1,1,8,0,1,0,6,6,10,1
5,20,0,1,1,0,3,3,0,1,1,1,1,0,0,1,0,6,2,3,1
12,21,0,1,1,4,3,0,1,1,1,1,1,5,2,1,0,6,4,9,1
1,17,4,1,1,0,3,0,0,2,1,1,1,0,0,1,0,2,8,4,1
6,15,4,0,1,4,3,0,1,0,1,1,1,0,0,1,0,5,9,6,1
8,20,4,0,1,0,3,1,0,11,1,1,1,8,0,1,0,6,4,13,0
11,15,4,0,1,0,3,1,0,0,1,1,1,0,2,1,0,7,11,12,1
2,18,4,0,1,0,3,0,0,2,1,1,1,5,0,1,0,4,3,3,1
12,14,0,0,1,0,3,3,0,15,1,1,1,7,2,0,5,0,0,0,1
0,15,4,1,0,0,1,3,0,6,1,0,1,5,0,9,2,6,0,14,1
4,15,4,1,1,0,3,0,0,0,1,1,1,0,0,6,5,0,0,1,0
11,20,4,0,1,0,3,0,0,2,1,1,1,0,2,1,0,1,8,5,1
13,21,4,1,1,2,3,1,0,1,1,1,1,8,2,8,1,6,0,11,1
10,20,0,1,1,0,3,0,0,1,1,1,1,7,0,1,0,6,4,11,1
0,18,4,0,1,0,3,0,0,16,1,1,1,5,0,0,5,0,0,0,1
8,20,4,1,1,0,3,0,0,0,1,1,1,7,0,1,0,6,4,9,1
6,20,4,0,1,0,3,1,0,12,1,1,1,8,0,1,5,5,0,5,1
1,17,4,0,1,0,3,1,0,16,1,1,1,8,0,1,5,2,0,2,0
2,19,4,0,1,0,3,0,0,2,1,1,1,5,0,1,0,2,6,4,1
3,20,4,1,1,0,3,3,0,14,1,1,1,0,0,1,0,6,8,9,0
8,23,0,0,1,3,3,0,1,1,1,1,1,5,0,7,0,8,2,7,0
5,18,4,1,1,0,3,0,0,2,1,1,1,0,0,1,0,4,3,5,0
8,21,4,0,1,0,3,0,0,0,1,1,1,5,0,3,0,6,8,13,1
12,18,0,1,1,0,3,1,0,0,1,1,1,0,2,1,0,6,8,14,1
8,17,0,0,1,0,3,0,0,0,1,1,1,7,0,1,0,6,2,13,1
13,18,0,0,1,3,3,0,1,0,1,1,1,5,2,3,0,6,7,12,1
13,18,0,1,1,0,3,0,0,1,1,1,1,0,2,1,0,6,8,6,1
0,18,4,1,1,0,3,0,0,11,1,1,1,0,0,1,0,6,4,6,0
0,15,4,1,1,0,3,0,0,2,1,1,1,5,0,4,0,1,8,1,1
1,15,4,0,0,0,3,0,0,2,1,1,0,0,0,0,5,0,0,4,1
4,19,4,0,1,0,3,1,0,0,1,1,1,7,0,1,0,6,5,11,0
2,16,4,0,1,0,0,0,0,16,1,1,1,0,0,5,3,7,1,5,0
13,15,4,0,1,0,3,0,0,2,1,1,1,7,2,1,0,6,10,8,1
0,18,4,1,1,1,3,0,0,11,1,1,1,2,0,2,0,5,10,0,1
0,15,4,1,0,0,2,1,0,6,0,1,0,6,0,0,2,0,0,3,1
1,18,4,0,1,3,3,3,1,2,1,1,1,0,0,1,0,1,4,4,1
13,20,4,0,1,0,3,1,0,0,1,1,1,5,2,1,0,8,5,14,0
13,15,4,0,1,3,3,0,1,2,1,1,1,5,2,1,0,6,6,12,1
7,15,4,1,1,3,3,0,1,12,1,1,1,0,0,1,0,6,8,10,0
10,15,0,1,1,3,3,0,1,0,1,1,1,0,0,1,0,8,6,9,0
15,20,4,0,0,3,3,0,1,3,1,0,0,5,2,1,4,6,7,13,0
11,18,4,0,1,0,3,0,0,2,1,1,1,0,2,2,0,6,4,10,1
4,20,4,1,1,4,3,0,1,2,1,1,1,7,0,1,0,6,3,5,1
0,16,4,0,1,0,3,0,0,15,1,1,1,7,0,1,5,1,0,1,0
10,20,4,1,1,0,3,3,0,2,1,1,1,7,0,3,0,6,4,12,1
14,11,0,1,0,4,3,0,1,1,1,1,1,0,2,1,0,6,4,4,1
5,17,0,0,1,0,3,0,0,1,1,1,1,0,0,1,0,6,8,6,1
11,18,0,1,1,0,3,1,0,1,1,1,1,0,2,1,0,6,8,12,1
8,18,4,1,0,0,3,0,0,0,1,1,1,5,0,0,5,0,0,5,0
4,18,4,0,1,0,3,0,0,2,1,1,1,0,0,1,0,3,4,3,1
10,21,0,0,1,4,3,0,1,1,1,1,1,5,0,1,0,6,10,13,0
5,14,4,0,1,3,3,0,1,2,1,1,1,7,0,1,0,6,10,11,1
13,15,4,1,1,0,3,1,0,9,1,1,1,8,2,4,0,6,4,10,1
7,20,4,1,1,0,3,1,0,0,1,1,1,0,0,2,0,6,5,12,0
3,14,4,0,0,4,3,0,1,15,1,1,0,7,0,1,5,6,0,1,1
15,10,4,0,1,4,3,0,1,0,1,1,1,0,2,4,0,6,3,3,1
13,15,4,0,1,0,3,1,0,0,1,1,1,8,2,7,0,6,6,8,1
0,17,4,1,1,0,3,0,0,2,1,1,1,8,0,3,0,2,2,6,1
6,18,4,1,1,4,3,3,1,11,1,1,1,0,0,1,0,6,6,10,1
3,15,4,0,1,3,3,3,1,14,1,1,1,0,0,1,0,6,4,8,1
0,15,4,1,1,0,3,0,0,2,1,1,1,0,0,1,2,6,0,3,0
4,15,4,0,1,0,3,0,0,9,1,1,1,0,0,0,5,0,0,4,1
11,18,4,1,1,0,3,1,0,2,1,1,1,8,2,3,0,2,3,5,1
5,17,4,0,1,0,3,0,0,0,1,1,1,7,0,1,0,7,8,10,1
3,20,4,1,1,0,3,0,0,2,1,1,1,0,0,2,0,3,5,1,1
7,20,4,1,1,0,3,3,0,10,1,1,1,0,0,0,5,0,0,0,0
7,20,4,0,1,0,3,0,0,11,1,1,1,0,0,1,0,4,4,14,0
7,19,4,1,1,0,3,0,0,12,1,1,1,0,0,1,0,6,10,13,1
7,21,0,1,1,4,3,0,0,8,1,1,1,0,0,1,0,6,5,11,1
10,17,4,0,1,0,3,1,0,2,1,1,1,8,0,1,0,5,4,9,1
10,15,4,1,1,0,3,1,0,2,1,1,1,0,0,1,0,6,6,7,1
8,21,4,1,1,0,3,1,0,2,1,1,1,5,0,2,0,6,4,13,1
4,20,4,0,1,0,3,1,0,2,1,1,1,0,0,4,0,9,6,6,1
5,23,4,1,1,2,3,3,1,0,1,1,1,5,0,6,0,1,4,3,0
0,18,4,1,1,0,3,1,0,2,1,1,1,0,0,1,0,3,3,6,1
3,18,4,0,1,0,3,3,0,11,1,1,1,0,0,1,0,6,3,8,0
8,20,4,0,1,0,3,0,0,2,1,1,1,5,0,1,0,6,8,14,1
11,20,4,1,1,3,3,0,1,0,1,1,1,5,2,1,0,6,4,12,1
0,18,4,1,1,3,3,0,1,16,1,1,1,5,0,2,5,1,0,2,0
4,11,0,1,0,0,3,2,0,8,1,1,0,7,1,3,1,9,1,6,1
0,13,4,1,0,0,3,1,0,2,1,1,1,0,0,1,5,2,0,2,1
13,15,4,1,0,0,3,3,0,2,1,1,0,0,2,1,0,2,2,4,1
13,20,0,0,1,4,3,0,1,1,1,1,1,7,2,3,0,6,2,12,1
13,21,0,1,1,4,3,0,1,1,1,1,1,5,2,1,0,6,10,14,0
14,20,0,1,1,0,3,3,0,0,1,1,1,0,2,1,0,6,3,12,0
5,19,4,0,1,0,3,1,0,2,1,1,1,8,0,1,0,8,1,11,1
11,21,4,0,1,0,3,3,0,14,1,1,1,0,2,0,5,0,0,0,0
12,16,4,0,1,0,3,0,0,5,1,1,1,0,2,1,5,6,0,3,1
1,17,4,1,1,0,3,1,0,16,1,1,1,0,0,2,5,1,0,1,1
4,20,0,0,1,0,3,0,0,1,1,1,1,0,0,1,2,6,0,3,1
14,18,4,0,1,0,3,3,0,12,1,1,1,0,2,1,0,6,8,10,1
14,18,4,1,1,4,3,0,1,14,1,1,1,0,2,1,0,6,6,10,1
3,15,4,1,1,0,3,0,0,12,1,1,1,0,0,0,5,0,0,0,1
7,15,4,1,1,0,3,1,0,0,1,1,1,0,0,2,0,6,1,9,0
15,20,4,0,1,0,3,3,0,11,1,1,1,5,2,1,0,6,10,13,1
9,19,4,1,1,0,3,0,0,2,1,1,1,0,0,1,0,6,5,7,1
12,18,4,0,1,0,3,0,0,5,1,1,1,7,2,6,0,6,3,8,1
0,18,4,1,1,0,3,3,0,16,1,1,1,1,0,1,5,1,0,3,0
11,20,0,1,1,0,3,0,0,0,1,1,1,0,2,3,0,6,7,12,1
3,21,3,1,1,0,3,0,0,16,1,1,1,6,0,9,0,5,1,14,0
13,15,0,0,1,0,3,0,0,1,1,1,1,0,2,1,0,6,3,12,1
8,20,4,1,1,4,3,1,1,0,1,1,1,0,0,2,0,6,1,10,1
1,15,4,0,1,0,3,1,0,2,1,1,1,0,0,1,0,3,4,4,1
12,20,4,0,1,0,3,0,0,12,1,1,1,0,2,2,0,8,3,14,1
13,18,0,0,1,0,3,1,0,0,1,1,1,0,2,1,0,5,7,10,1
15,21,4,0,1,0,3,0,0,0,1,1,1,5,2,1,0,6,6,14,1
6,15,4,0,1,0,3,3,0,2,1,1,1,7,0,1,0,6,2,12,1
12,15,0,0,1,3,3,0,1,0,1,1,1,0,2,1,5,6,0,8,1
13,5,4,1,1,0,3,0,0,4,1,1,1,0,2,3,1,1,0,4,1
2,18,4,1,1,0,3,2,0,2,1,1,1,0,0,1,0,1,10,1,1
4,7,4,0,1,0,1,0,0,16,1,1,1,7,0,2,0,4,2,7,1
8,15,4,0,1,4,3,0,1,5,1,1,1,5,0,0,5,0,0,0,1
2,17,4,0,1,0,0,3,0,16,1,1,1,0,0,5,3,9,4,1,0
2,18,4,1,1,0,3,0,0,2,1,1,1,0,0,0,5,0,0,0,1
10,17,2,1,1,0,3,1,0,0,1,1,1,0,0,4,0,6,1,12,1
2,18,4,0,1,0,3,0,0,0,1,1,1,1,0,5,0,2,2,5,1
2,18,4,0,1,4,3,0,1,0,1,1,1,7,0,0,5,0,0,0,1
8,15,4,0,1,0,3,0,0,2,1,1,1,0,0,1,0,6,4,10,1
9,20,4,0,1,0,3,0,0,2,1,1,1,5,0,1,0,6,7,13,1
0,15,4,0,1,0,3,0,0,2,1,1,1,0,0,1,0,1,1,1,1
13,8,0,0,1,4,3,0,1,0,1,1,1,7,2,1,1,6,0,12,1
0,18,4,1,1,0,3,0,0,11,1,1,1,0,0,0,5,0,0,0,1
3,14,4,1,1,0,3,0,0,14,1,1,1,7,0,7,0,6,8,7,1
0,18,4,1,1,0,3,1,0,2,1,1,1,8,0,3,0,6,0,2,1
7,21,4,1,1,0,3,2,0,0,1,1,1,0,0,1,0,6,10,10,1
7,18,0,1,1,4,3,0,1,8,1,1,1,5,0,1,1,6,0,11,1
12,2,0,0,1,3,1,0,1,0,1,1,1,7,2,4,2,0,0,4,0
9,23,4,1,1,0,3,3,0,2,1,1,1,7,0,8,5,5,0,4,1
7,18,4,1,1,0,3,0,0,2,1,1,1,0,0,9,2,0,0,0,1
0,15,4,0,1,0,3,1,0,2,1,1,1,7,0,1,0,4,7,8,1
8,13,4,0,1,0,3,0,0,7,1,1,1,0,0,1,5,0,0,4,1
2,19,4,0,1,2,3,0,0,2,1,1,1,5,0,1,0,4,6,6,1
3,19,0,0,1,0,1,1,0,1,1,1,1,0,0,5,0,6,8,11,0
1,18,4,1,0,0,3,0,0,2,1,1,0,7,0,0,5,0,0,0,1
1,19,4,0,1,0,3,3,0,2,1,1,1,0,0,1,5,4,0,2,1
0,18,4,0,1,0,3,0,0,2,1,1,1,8,0,1,0,1,3,1,1
5,20,0,0,1,3,3,0,1,0,1,1,1,0,0,1,0,6,4,13,1
9,14,0,0,1,0,3,3,0,0,1,1,1,0,0,1,0,6,3,10,1
12,17,0,1,1,0,3,0,0,1,1,1,1,0,2,1,1,7,0,12,1
8,20,4,1,1,0,3,3,0,4,1,1,1,0,0,1,0,4,6,7,1
11,15,4,1,1,0,3,3,0,11,1,1,1,0,2,1,0,6,5,12,1
0,15,4,0,1,0,3,3,0,2,1,1,1,0,0,1,0,6,4,6,1
0,15,4,1,1,0,3,0,0,2,1,1,1,0,0,0,5,0,0,0,1
9,18,4,0,1,0,3,0,0,0,1,1,1,0,0,1,0,6,1,10,1
0,15,4,0,1,0,3,0,0,2,1,1,1,0,0,1,0,4,8,6,1
9,20,4,1,1,0,3,0,0,2,1,1,1,5,0,0,5,0,0,0,1
2,19,4,1,1,0,3,3,0,2,1,1,1,5,0,1,0,3,6,5,1
6,21,4,0,1,0,1,1,0,0,1,1,1,0,0,5,0,9,3,13,0
6,18,4,0,1,0,3,0,0,2,1,1,1,1,0,1,0,6,8,11,0
1,19,4,1,1,0,3,3,0,16,1,1,1,0,0,1,0,1,2,6,1
9,21,4,1,1,0,3,1,0,12,1,1,1,0,0,1,0,6,3,13,1
2,18,4,1,1,0,3,0,0,2,1,1,1,0,0,3,0,4,4,5,1
8,15,4,1,1,0,3,0,0,0,1,1,1,0,0,1,0,9,3,10,1
12,15,4,0,1,0,3,0,0,0,1,1,1,7,2,1,0,6,2,8,1
13,0,4,0,1,4,3,0,1,9,1,1,1,0,2,0,5,0,0,0,1
15,13,4,0,1,4,3,0,1,10,1,1,1,7,2,1,0,6,5,10,1
4,12,4,0,1,0,3,0,0,5,1,1,1,0,0,1,2,0,0,4,1
6,17,4,0,1,0,3,3,0,2,1,1,1,0,0,1,0,6,6,7,0
0,15,4,0,1,0,3,0,0,16,1,1,1,0,0,1,0,2,1,4,0
3,18,4,0,1,3,3,3,1,2,1,1,1,0,0,1,0,6,4,5,1
4,18,4,0,1,0,3,1,0,2,1,1,1,0,0,1,0,2,4,5,1
10,20,4,0,1,0,3,1,0,2,1,1,1,8,0,2,0,6,2,6,1
3,19,4,0,1,0,3,3,0,2,1,1,1,0,0,1,0,2,5,6,1
4,15,4,1,1,2,3,0,0,2,1,1,1,5,0,1,0,6,10,6,1
15,22,0,1,1,0,3,1,0,0,1,1,1,0,2,1,0,9,8,14,1
7,18,4,0,1,0,3,0,0,2,1,1,1,0,0,1,0,6,6,6,1
4,18,4,0,1,0,3,0,0,2,1,1,1,7,0,0,5,0,0,4,1
7,19,0,1,1,0,3,0,0,1,1,1,1,7,0,1,0,5,2,9,1
8,18,4,0,1,0,3,0,0,16,1,1,1,7,0,1,0,9,4,3,1
7,20,4,0,1,0,3,3,0,2,1,1,1,1,0,2,0,6,10,7,1
4,18,4,1,1,0,3,0,0,2,1,1,1,0,0,0,5,0,0,0,1
1,18,4,1,1,0,3,3,0,2,1,1,1,5,0,1,0,4,3,2,1
2,18,4,1,1,3,3,3,1,2,1,1,1,5,0,1,5,2,0,2,1
14,20,0,1,1,4,3,0,1,1,1,1,1,5,2,6,0,6,8,13,1
8,0,4,0,1,0,3,0,0,2,1,1,1,1,0,0,5,0,0,1,1
1,15,4,0,1,0,3,0,0,2,1,1,1,0,0,1,2,1,0,2,1
6,19,0,0,1,0,3,3,0,0,1,1,1,5,0,1,0,6,6,14,1
7,20,0,0,1,0,3,3,0,1,1,1,1,5,0,1,0,6,10,11,0
11,16,4,0,1,0,3,1,0,0,1,1,1,0,2,1,0,6,1,10,1
8,20,4,0,1,0,3,0,0,12,1,1,1,0,0,1,0,9,8,13,0
6,20,4,1,1,0,3,1,0,11,1,1,1,0,0,1,0,6,4,12,0
9,21,0,0,1,4,3,0,1,1,1,1,1,5,0,1,0,8,4,14,1
10,21,4,1,1,0,3,0,0,0,1,1,1,0,0,1,0,6,1,13,0
11,20,0,1,1,4,3,0,1,1,1,1,1,5,2,2,5,0,0,0,1
4,20,4,0,1,0,3,1,0,2,1,1,1,0,0,1,0,6,8,8,1
12,18,0,0,1,0,3,0,0,14,1,1,1,0,2,1,0,6,6,10,1
15,20,4,1,1,0,3,1,0,2,1,1,1,0,2,1,2,0,0,0,1
6,20,4,0,1,3,3,0,1,2,1,1,1,5,0,1,2,1,0,2,0
0,15,4,0,0,4,3,0,1,16,1,1,0,0,0,0,5,0,0,4,0
4,15,4,1,1,4,3,0,1,9,1,1,1,0,0,1,0,6,0,9,0
11,20,0,1,1,0,3,0,0,2,1,1,1,1,2,1,2,6,0,10,1
13,19,4,0,1,0,3,0,0,0,1,1,1,0,2,1,0,6,3,9,1
9,23,0,1,1,0,3,1,0,1,1,1,1,5,0,1,0,6,7,10,1
15,19,0,1,1,0,3,3,0,1,1,1,1,0,2,1,0,2,4,3,1
4,17,4,1,0,0,3,1,0,7,1,0,0,8,0,6,5,0,0,1,0
8,20,0,0,1,0,2,0,0,1,1,1,1,0,0,1,0,4,3,5,1
2,18,4,0,1,0,3,0,0,16,1,1,1,0,0,1,0,6,2,5,0
11,21,0,0,1,0,3,1,0,1,1,1,1,5,2,1,0,6,1,14,1
15,23,3,1,1,3,3,0,1,0,1,1,1,0,2,1,0,6,4,4,0
15,19,0,0,1,0,3,0,0,1,1,1,1,0,2,1,0,6,0,9,0
8,20,0,0,1,4,3,0,1,0,1,1,1,0,0,1,0,7,7,13,1
1,14,4,1,1,0,3,0,0,16,1,1,1,5,0,1,5,1,0,3,0
14,20,4,1,1,0,3,0,0,2,1,1,1,1,2,1,1,6,0,13,1
15,20,0,1,1,4,3,0,1,0,1,1,1,0,2,1,0,6,8,9,1
5,17,0,1,1,0,3,0,0,0,1,1,1,0,0,1,0,7,2,11,1
4,15,4,0,1,0,3,0,0,11,1,1,1,7,0,1,0,6,6,10,0
9,20,4,0,1,0,3,0,0,0,1,1,1,0,0,1,0,9,1,13,1
9,19,0,1,1,0,3,3,0,8,1,1,1,0,0,4,0,6,0,11,1
8,15,0,1,1,0,3,0,0,1,1,1,1,1,0,1,0,6,11,11,0
6,15,4,0,1,0,3,0,0,15,1,1,1,7,0,0,5,0,0,0,1
1,13,4,1,1,0,3,0,0,16,1,1,1,0,0,1,5,4,0,3,1
15,15,2,1,1,0,3,1,0,7,1,1,1,0,2,1,0,5,6,6,1
6,15,4,0,1,4,0,0,1,11,1,1,1,0,0,5,3,6,3,12,1
1,17,4,1,1,0,3,1,0,16,1,1,1,0,0,1,0,6,4,6,0
11,19,4,0,1,0,3,0,0,0,1,1,1,5,2,1,0,6,6,12,1
11,17,0,1,1,0,3,3,0,8,1,1,1,7,2,1,0,6,3,7,1
9,20,4,0,1,0,3,3,0,11,1,1,1,5,0,1,0,9,10,14,0
4,14,4,0,0,0,3,0,0,2,1,1,0,0,0,0,5,0,0,5,1
12,15,2,1,1,0,3,0,0,0,1,1,1,7,2,1,0,6,8,11,0
7,15,4,1,1,0,3,0,0,0,1,1,1,0,0,9,2,0,0,0,1
4,15,4,0,1,0,1,0,0,0,1,1,1,0,0,1,0,6,7,7,0
7,20,4,0,1,0,3,1,0,12,1,1,1,0,0,1,0,8,11,14,0
0,18,4,1,1,0,3,3,0,2,1,1,1,1,0,0,5,0,0,0,1
3,18,4,0,1,0,3,0,0,2,1,1,1,0,0,1,0,7,2,10,1
5,18,4,1,1,0,3,0,0,0,1,1,1,7,0,1,2,2,0,6,1
6,15,4,1,1,0,3,3,0,2,1,1,1,7,0,1,0,5,4,2,1
15,20,4,0,1,3,3,0,1,11,1,1,1,0,2,3,0,8,10,12,1
9,14,0,0,1,0,3,3,0,2,1,1,1,0,0,1,0,2,8,6,0
3,15,4,0,1,0,0,0,0,16,1,1,1,0,0,5,3,9,1,7,1
9,15,4,0,1,0,3,0,0,2,1,1,1,7,0,1,0,6,2,10,1
7,20,0,0,1,3,0,0,1,0,1,1,1,5,0,5,3,6,9,12,1
10,20,4,1,1,0,3,0,0,0,1,1,1,0,0,2,0,6,2,11,1
10,18,4,0,1,0,3,1,0,2,1,1,1,0,0,1,0,6,11,3,1
4,20,4,0,1,0,3,0,0,2,1,1,1,1,0,1,0,3,6,3,1
15,21,0,0,1,4,3,1,1,1,1,1,1,0,2,1,0,6,1,9,0
9,17,4,1,0,0,3,1,0,2,1,1,0,0,0,0,5,0,0,3,0
12,18,4,0,1,0,3,0,0,2,1,1,1,7,2,1,0,6,3,6,1
6,20,4,1,1,0,3,0,0,2,1,1,1,7,0,1,0,6,4,13,1
2,18,4,0,1,4,3,0,1,4,1,1,1,5,0,0,5,0,0,0,1
2,17,4,0,1,0,3,1,0,2,1,1,1,0,0,1,2,2,0,5,1
3,22,4,1,1,3,3,3,1,0,1,1,1,0,0,1,0,6,9,11,0
7,15,4,0,1,0,3,0,0,2,1,1,1,7,0,1,0,6,6,8,1
10,15,4,0,1,0,3,1,0,2,1,1,1,0,0,1,0,9,8,4,1
6,20,4,1,1,0,3,1,0,2,1,1,1,8,0,2,5,1,0,3,0
2,15,4,0,1,0,3,3,0,2,1,1,1,0,0,1,0,6,10,8,1
2,15,0,0,1,4,3,0,1,1,1,1,1,0,0,0,5,0,0,0,0
10,21,0,1,1,4,3,0,1,1,1,1,1,5,0,1,0,6,6,14,1
0,18,4,0,1,0,3,3,0,2,1,1,1,0,0,1,0,3,3,4,1
5,15,4,0,1,0,3,0,0,9,1,1,1,7,0,1,0,5,11,3,1
8,21,0,0,1,4,3,0,1,0,1,1,1,5,0,1,0,9,11,14,1
8,15,4,0,1,3,3,0,1,2,1,1,1,1,0,1,0,4,6,6,1
15,16,0,1,1,0,3,0,1,0,1,1,1,0,2,6,0,3,4,4,0
14,15,0,1,1,0,3,1,0,0,1,1,1,7,2,1,0,6,8,10,1
2,18,4,1,1,0,3,0,0,2,1,1,1,0,0,1,0,1,1,2,1
13,22,4,0,1,0,3,0,0,15,1,1,1,0,2,7,1,9,0,10,0
14,19,0,0,1,0,3,1,0,0,1,1,1,0,2,1,0,7,3,14,1
0,15,4,1,1,4,3,0,1,16,1,1,1,0,0,1,5,5,0,5,0
13,12,2,1,0,0,3,0,0,15,1,1,1,7,2,1,5,0,0,1,0
2,18,4,1,1,4,3,0,1,5,1,1,1,7,0,0,5,0,0,0,1
10,20,0,0,1,0,3,1,0,1,1,1,1,0,0,1,0,6,7,12,1
14,15,0,0,1,3,3,3,1,1,1,1,1,0,2,6,2,0,0,0,1
4,15,4,0,1,0,3,0,0,2,1,1,1,0,0,1,0,9,5,7,1
3,19,0,1,1,0,3,0,0,1,1,1,1,0,0,1,0,6,2,7,1
6,18,4,0,1,0,3,3,0,14,1,1,1,7,0,1,0,4,8,7,1
8,20,4,1,1,0,3,3,0,11,1,1,1,5,0,0,5,0,0,0,1
0,17,4,0,1,0,3,0,0,2,1,1,1,0,0,0,5,0,0,0,1
7,15,4,0,1,4,3,0,1,0,1,1,1,7,0,0,5,0,0,0,1
3,15,0,1,1,0,3,3,0,8,1,1,1,7,0,1,0,2,3,5,0
3,20,0,1,1,0,3,0,0,1,1,1,1,0,0,5,0,6,5,5,1
5,22,4,0,1,0,3,0,0,0,1,1,1,0,0,7,0,7,0,0,1
7,15,0,0,1,0,3,0,0,1,1,1,1,0,0,1,0,6,2,6,1
4,17,4,1,1,0,3,0,0,0,1,1,1,7,0,1,0,4,2,8,1
6,15,0,1,1,4,3,0,1,1,1,1,1,0,0,1,0,6,8,11,1
0,18,4,1,1,0,3,0,0,16,1,1,1,1,0,9,2,0,0,0,1
13,17,0,0,1,3,3,0,1,0,1,1,1,0,2,1,0,7,2,13,1
11,20,4,1,1,0,3,0,0,2,1,1,1,0,2,1,0,6,3,10,1
10,18,4,0,1,0,3,0,0,2,1,1,1,1,0,1,0,4,3,5,1
12,21,0,1,1,4,3,1,1,1,1,1,1,0,2,2,0,6,8,12,1
15,22,0,1,1,0,3,1,0,1,1,1,1,8,2,1,0,6,0,8,1
11,21,0,1,1,4,3,0,1,1,1,1,1,5,2,0,5,0,0,0,1
11,15,4,0,1,0,3,1,0,7,1,1,1,0,2,1,0,1,4,2,0
11,21,4,0,1,0,3,1,0,12,1,1,1,0,2,1,0,9,5,14,0
13,20,0,0,1,0,3,1,0,0,1,1,1,5,2,1,0,9,5,14,1
11,15,0,1,1,3,3,3,1,8,1,1,1,0,2,4,0,6,1,5,1
14,18,0,1,1,0,3,0,0,0,1,1,1,0,2,1,0,6,2,11,1
5,15,4,0,1,3,3,0,1,2,1,1,1,5,0,1,0,6,4,5,1
2,12,4,0,1,4,3,0,1,14,1,1,1,7,0,1,0,6,8,12,1
5,20,4,1,1,0,3,3,0,12,1,1,1,5,0,1,0,6,10,9,0
2,18,4,1,1,0,3,1,0,0,1,1,1,0,0,1,0,2,1,2,1
2,15,4,0,1,0,3,0,0,15,1,1,1,7,0,1,5,7,0,1,0
11,18,4,0,1,0,3,0,0,0,1,1,1,5,2,1,5,3,0,4,0
3,20,4,0,1,0,3,1,0,2,1,1,1,8,0,6,0,1,6,5,0
8,15,0,1,1,0,3,1,0,1,1,1,1,0,0,1,0,6,6,10,1
5,11,4,0,1,0,3,0,0,11,1,1,1,0,0,1,0,9,10,2,1
9,15,4,0,1,4,3,0,1,9,1,1,1,5,0,1,0,6,3,8,1
1,15,0,1,1,0,3,0,0,2,1,1,1,7,0,0,5,0,0,0,1
14,19,4,1,1,0,3,0,0,0,1,1,1,0,2,1,0,8,0,11,1
10,17,4,1,1,0,3,1,0,0,1,1,1,0,0,2,0,6,3,12,1
14,19,0,1,1,4,3,0,1,1,1,1,1,5,2,1,0,6,2,11,1
2,18,4,1,1,0,3,3,0,0,1,1,1,5,0,1,0,1,4,3,0
4,12,4,0,1,0,3,0,0,9,1,1,1,0,0,1,0,6,11,5,1
0,18,4,1,1,0,3,0,0,2,1,1,1,7,0,1,0,4,4,4,1
12,15,0,0,1,2,3,1,0,0,1,1,1,0,2,1,0,6,10,8,1
11,20,0,0,1,0,3,0,0,0,1,1,1,5,2,3,0,6,2,13,1
12,19,4,1,1,4,3,1,1,0,1,1,1,0,2,1,0,2,8,5,1
14,20,4,0,1,0,3,0,0,0,1,1,1,0,2,1,0,6,2,9,1
8,15,4,1,1,4,3,0,1,12,1,1,1,2,0,1,0,6,6,9,1
7,12,4,0,1,0,3,0,0,7,1,1,1,8,0,1,0,6,11,5,1
5,20,4,1,1,0,3,1,0,2,1,1,1,8,0,2,0,1,8,3,1
5,20,4,0,1,4,3,0,1,11,1,1,1,0,0,1,5,0,0,0,1
15,13,0,1,0,0,3,0,0,1,1,1,1,0,2,1,0,6,4,13,1
4,18,4,1,1,0,3,1,0,0,1,1,1,0,0,4,0,1,2,5,1
8,20,4,0,1,0,3,1,0,2,1,1,1,8,0,1,1,6,0,11,0
11,15,4,1,1,0,3,3,0,0,1,1,1,0,2,1,0,3,2,10,0
9,16,0,1,1,0,3,3,0,0,1,1,1,0,0,0,5,0,0,0,0
7,18,4,1,1,0,3,0,0,2,1,1,1,0,0,4,0,1,4,4,1
4,20,4,1,1,2,3,1,0,2,1,1,1,0,0,1,0,4,6,6,1
0,17,4,1,1,0,3,0,0,16,1,1,1,7,0,0,5,0,0,0,1
11,23,0,0,1,2,0,0,1,0,1,1,1,0,2,5,1,8,4,12,0
3,15,4,0,0,0,3,0,0,2,1,1,0,7,0,1,0,6,6,6,1
9,13,4,0,1,0,3,0,0,15,1,1,1,0,0,1,5,6,0,3,0
1,18,4,0,1,0,3,0,0,2,1,1,1,0,0,1,0,3,6,4,1
1,18,4,1,1,0,3,3,0,2,1,1,1,0,0,2,0,1,4,3,1
1,18,4,1,1,0,3,0,0,12,1,1,1,0,0,1,0,2,11,4,1
4,18,4,0,0,0,3,0,0,2,1,1,0,0,0,1,0,3,2,6,1
2,17,4,1,1,0,3,0,0,0,1,1,1,1,0,1,0,1,8,1,0
8,18,4,0,1,0,3,0,0,2,1,1,1,0,0,1,0,6,2,3,1
7,19,4,0,1,0,3,0,0,2,1,1,1,0,0,1,0,6,6,7,1
5,15,4,0,1,0,3,1,0,2,1,1,1,0,0,1,0,5,1,3,0
3,21,4,0,1,0,3,1,0,0,1,1,1,0,0,1,0,8,5,14,1
12,15,4,0,1,0,3,3,0,0,1,1,1,8,2,1,0,6,6,9,1
1,18,4,1,1,0,3,1,0,12,1,1,1,8,0,1,5,0,0,0,0
5,15,4,0,1,0,3,0,0,2,1,1,1,0,0,1,0,6,2,5,1
15,21,0,1,1,4,3,0,1,0,1,1,1,0,2,4,0,6,10,14,0
2,17,4,0,1,0,3,0,0,2,1,1,1,0,0,1,0,6,2,9,1
12,17,4,0,1,0,3,0,0,2,1,1,1,7,2,1,0,5,5,10,1
3,18,4,0,1,0,3,3,0,12,1,1,1,0,0,1,0,6,10,10,0
11,17,4,0,1,0,3,0,0,2,1,1,1,8,2,1,0,9,6,12,1
4,21,4,1,1,0,3,1,0,2,1,1,1,8,0,1,0,2,8,6,1
1,19,4,1,1,0,3,0,0,2,1,1,1,0,0,0,5,0,0,0,1
3,18,4,1,1,0,3,1,0,2,1,1,1,8,0,1,1,3,0,5,1
15,20,2,0,1,0,3,0,0,0,1,1,1,0,2,4,0,9,1,11,0
11,16,0,1,1,4,3,0,1,1,1,1,1,0,2,1,0,3,6,5,1
1,15,4,0,1,0,3,3,0,7,1,1,1,0,0,1,0,2,1,5,1
3,18,4,0,1,0,3,0,0,15,1,1,1,7,0,1,5,9,0,2,0
10,15,0,0,1,0,3,0,0,0,1,1,1,7,0,1,0,6,6,11,1
10,15,4,0,1,0,3,0,0,15,1,1,1,7,0,0,5,0,0,0,1
3,20,4,1,1,0,3,1,0,11,1,1,1,5,0,1,0,6,8,12,0
6,15,4,0,1,4,3,0,1,2,1,1,1,0,0,0,5,0,0,0,1
11,20,4,0,1,0,3,0,0,0,1,1,1,0,2,1,0,6,3,13,0
2,18,4,0,1,0,3,0,0,15,1,1,1,1,0,0,5,0,0,0,1
10,18,2,1,1,0,3,1,0,12,1,1,1,0,2,3,5,0,0,6,0
4,15,4,0,1,0,3,3,0,2,1,1,1,7,0,1,0,9,1,6,1
5,15,4,1,1,0,3,0,0,2,1,1,1,1,0,1,0,5,3,3,1
13,21,0,0,1,2,0,1,0,0,1,1,1,5,2,5,0,8,6,14,0
1,17,4,1,1,0,3,1,0,2,1,1,1,0,0,1,5,1,0,3,0
15,20,0,0,1,4,3,0,1,0,1,1,1,5,2,4,0,1,1,6,1
14,19,0,1,1,4,3,0,1,8,1,1,1,5,2,1,0,6,6,10,1
15,13,0,1,1,0,3,0,1,9,1,1,1,0,2,6,3,3,0,8,1
7,18,4,0,1,0,3,0,0,5,1,1,1,7,0,1,0,2,5,6,1
14,15,0,0,1,4,3,0,1,8,1,1,1,5,2,0,5,0,0,0,1
13,21,0,0,1,4,3,0,1,0,1,1,1,5,2,6,0,6,9,14,0
9,0,3,1,1,0,3,0,0,2,1,1,1,6,0,0,5,0,0,3,1
2,15,4,1,1,0,3,0,0,2,1,1,1,7,0,1,0,3,1,2,1
4,17,4,0,0,0,3,0,0,16,1,1,0,0,0,0,5,0,0,5,1
12,17,4,0,1,4,3,0,1,0,1,1,1,5,2,1,0,6,8,12,1
2,18,4,0,1,0,3,0,0,15,1,1,1,5,0,1,5,0,0,0,0
9,14,4,0,1,0,3,0,0,15,1,1,1,0,0,1,5,0,0,0,1
2,18,4,0,1,0,3,3,0,2,1,1,1,7,0,4,0,4,1,3,1
2,15,4,1,0,0,3,0,0,16,1,1,0,1,0,1,5,5,0,3,0
15,15,4,0,1,0,3,0,0,16,1,1,1,5,0,6,1,2,0,4,0
1,15,4,1,1,0,3,0,0,2,1,1,1,7,0,1,0,2,4,4,1
5,18,4,0,0,0,3,3,0,2,1,1,1,0,0,1,0,5,6,4,1
10,16,0,1,1,0,3,0,0,0,1,1,1,7,0,1,0,7,2,13,1
13,20,0,1,1,0,3,1,0,0,1,1,1,0,2,3,0,6,6,13,0
6,20,4,1,1,0,3,0,0,2,1,1,1,0,0,1,0,6,6,12,1
7,15,4,0,0,4,3,1,1,0,1,1,0,0,0,1,5,0,0,8,0
15,18,4,0,1,0,3,3,0,11,1,1,1,0,2,1,0,6,6,10,1
9,20,4,1,1,0,3,0,0,2,1,1,1,0,0,1,5,0,0,0,1
6,20,4,1,1,2,3,0,0,2,1,1,1,0,0,1,0,6,3,12,1
13,20,0,0,1,4,3,0,1,0,1,1,1,5,2,1,0,6,8,14,1
14,19,4,0,1,0,3,3,0,2,1,1,1,1,2,1,2,6,0,5,1
4,15,4,1,1,4,3,0,1,4,1,1,1,0,0,1,2,0,0,2,0
0,15,4,1,1,0,3,0,0,0,1,1,1,7,0,1,0,2,2,4,0
14,19,0,1,1,4,3,0,1,1,1,1,1,0,2,1,0,6,6,9,1
8,20,4,1,1,0,3,0,0,2,1,1,1,5,0,3,0,4,4,5,1
14,18,4,1,1,0,3,1,0,12,1,1,1,0,2,1,5,0,0,0,1
7,15,4,0,1,0,3,0,0,11,1,1,1,8,0,1,0,7,2,5,1
0,15,4,0,1,0,3,1,0,11,1,1,1,0,0,1,5,1,0,2,0
14,15,4,0,1,0,3,0,0,12,1,1,1,0,2,1,0,7,4,12,1
0,18,4,1,1,0,3,3,0,2,1,1,1,1,0,9,2,0,0,0,1
9,18,4,0,1,3,3,0,1,2,1,1,1,5,0,1,0,6,6,10,1
9,18,0,0,1,0,3,1,0,0,1,1,1,0,0,1,0,5,9,7,0
1,18,4,1,1,0,3,0,0,11,1,1,1,0,0,1,0,2,1,5,0
10,15,0,1,1,4,3,0,1,8,1,1,1,7,0,1,0,6,0,7,0
6,20,0,1,1,0,3,1,0,0,1,1,1,0,0,0,5,0,0,0,0
13,18,0,1,1,0,3,0,0,0,1,1,1,5,2,1,5,0,0,0,1
3,21,4,1,1,4,3,0,1,14,1,1,1,5,0,1,0,2,10,3,1
14,18,0,0,1,0,3,3,0,1,1,1,1,1,2,6,0,1,0,2,1
13,19,0,0,1,0,3,0,0,0,1,1,1,5,2,1,0,6,8,14,1
4,18,0,1,0,4,3,0,1,8,1,1,0,7,1,0,5,0,0,0,1
1,18,4,1,1,4,3,0,1,16,1,1,1,5,0,2,0,2,6,6,0
11,15,0,0,1,0,3,0,0,0,1,1,1,0,2,3,0,6,8,6,0
3,18,0,1,1,0,3,0,0,1,1,1,1,0,0,1,0,3,3,6,1
13,0,4,0,1,4,3,0,1,15,1,1,1,7,2,0,5,0,0,0,1
9,18,4,0,1,0,3,1,0,2,1,1,1,0,0,1,0,6,7,9,1
5,18,4,0,1,0,3,0,0,2,1,1,1,7,0,1,0,6,8,10,1
0,18,4,1,1,0,3,1,0,16,1,1,1,1,0,3,5,1,0,1,0
15,20,2,0,1,0,3,1,0,0,1,1,1,0,2,1,0,6,10,14,1
13,21,4,0,1,4,3,0,1,11,1,1,1,5,2,1,0,6,4,14,0
10,19,4,1,1,0,3,0,0,2,1,1,1,0,0,1,0,6,10,9,1
9,20,4,0,1,0,3,1,0,2,1,1,1,0,0,1,0,8,11,13,1
0,15,4,0,1,0,3,0,0,2,1,1,1,0,0,1,0,5,4,2,1
3,20,4,0,1,0,3,3,0,2,1,1,1,5,0,2,0,1,2,3,1
3,15,4,1,1,0,3,0,0,2,1,1,1,7,0,1,0,7,3,5,1
3,19,4,0,1,0,0,1,0,16,1,1,1,0,0,5,3,9,5,6,1
9,21,0,1,1,0,3,1,0,1,1,1,1,0,0,1,0,5,11,13,0
14,0,4,0,0,0,3,3,0,14,1,1,0,0,2,0,5,0,0,12,1
6,20,4,0,1,0,3,0,0,14,1,1,1,5,0,1,0,6,4,13,0
12,15,0,1,1,0,3,0,0,0,1,1,1,0,2,1,0,6,8,12,0
4,15,0,0,1,3,3,0,1,2,1,1,1,0,0,1,2,4,0,5,1
8,19,4,0,1,0,3,0,0,2,1,1,1,7,0,1,0,6,2,3,1
13,18,4,0,1,3,3,0,1,2,1,1,1,7,2,0,5,0,0,0,1
1,15,4,0,1,0,3,0,0,12,1,1,1,0,0,9,2,0,0,0,1
10,16,4,0,1,0,3,0,0,5,1,1,1,0,0,0,5,0,0,4,1
15,20,4,0,1,0,3,3,0,2,1,1,1,0,2,1,2,0,0,0,1
3,18,4,0,1,0,3,0,0,16,1,1,1,0,0,1,0,6,2,11,0
11,15,4,1,1,3,3,3,1,2,1,1,1,0,2,1,0,2,4,5,1
7,15,4,0,1,0,3,3,0,2,1,1,1,0,0,1,0,6,11,3,0
8,15,0,1,1,0,3,0,0,0,1,1,1,0,0,0,5,0,0,0,1
12,20,0,1,1,4,3,0,1,1,1,1,1,5,2,1,0,6,2,14,1
7,20,4,0,1,0,3,1,0,2,1,1,1,0,0,1,0,6,11,8,1
6,18,4,1,1,0,3,0,0,2,1,1,1,0,0,0,5,0,0,0,1
14,15,0,1,1,0,3,0,0,1,1,1,1,0,2,1,0,2,5,2,1
15,15,0,1,1,4,3,0,1,1,1,1,1,0,2,1,0,6,2,5,1
7,17,4,0,1,0,0,0,0,16,1,1,1,0,0,5,3,9,1,11,1
13,15,0,1,1,3,3,0,1,1,1,1,1,0,2,1,0,4,6,6,1
8,0,4,0,0,0,3,0,0,2,1,1,0,0,0,1,0,6,3,8,1
15,20,0,0,1,3,3,3,1,1,1,1,1,0,2,1,0,6,2,13,1
8,18,4,1,1,0,3,1,0,2,1,1,1,8,0,1,0,4,11,7,1
15,15,0,1,1,4,3,0,1,1,1,1,1,0,2,0,5,0,0,0,1
8,20,4,0,1,0,3,0,0,12,1,1,1,0,0,1,5,2,0,4,0
14,20,4,1,0,0,3,0,0,2,1,1,0,7,2,0,5,0,0,0,1
15,10,4,0,1,4,3,0,1,12,1,1,1,7,2,1,0,6,3,3,1
12,20,4,1,1,0,3,1,0,2,1,1,1,8,2,1,0,6,6,12,1
5,20,0,1,1,0,3,0,0,0,1,1,1,7,0,1,0,6,5,9,0
7,20,4,0,1,3,3,0,1,0,1,1,1,5,0,1,0,6,9,13,1
7,15,4,1,1,0,3,0,0,2,1,1,1,7,0,1,0,2,10,2,1
14,21,0,1,1,0,3,1,0,0,1,1,1,0,2,2,0,6,1,9,0
5,17,4,0,1,0,3,1,0,0,1,1,1,0,0,1,0,6,2,10,1
11,21,4,0,1,0,3,1,0,2,1,1,1,0,2,1,0,6,1,11,1
13,0,4,0,1,0,3,0,0,0,1,1,1,0,2,1,0,6,3,11,1
9,20,0,1,1,4,3,0,1,1,1,1,1,0,0,5,2,6,0,5,0
0,17,4,0,1,0,3,0,0,2,1,1,1,0,0,0,5,0,0,0,1
8,15,4,0,1,0,3,0,0,5,1,1,1,0,0,6,0,6,4,10,1
10,13,0,0,1,4,3,0,1,15,1,1,1,0,0,0,5,0,0,0,1
10,20,4,0,1,0,3,1,0,0,1,1,1,0,0,1,0,6,4,14,1
13,20,0,1,1,4,3,0,1,1,1,1,1,7,2,1,1,6,0,7,1
7,20,0,0,1,0,3,0,0,0,1,1,1,5,0,1,0,6,7,10,0
6,15,0,1,1,0,3,0,0,1,1,1,1,0,0,1,0,6,8,9,1
13,0,4,1,1,0,3,3,0,12,1,1,1,1,2,1,0,3,4,9,1
13,20,0,0,1,0,3,0,0,0,1,1,1,0,2,1,0,6,6,11,1
10,20,0,0,1,0,3,0,0,0,1,1,1,1,0,2,0,6,8,12,0
10,8,3,0,1,3,1,3,1,2,1,1,1,0,2,1,5,0,0,3,1
11,20,4,1,1,4,3,3,1,2,1,1,1,5,2,1,0,6,10,13,1
10,15,0,0,1,0,3,1,0,1,1,1,1,8,0,5,5,6,0,3,1
10,14,4,0,1,0,3,0,0,2,1,1,1,7,0,1,0,2,8,5,1
5,17,4,0,1,0,3,3,0,15,1,1,1,0,0,1,5,5,0,2,0
7,20,4,1,1,3,3,3,0,11,1,1,1,0,0,1,0,6,5,11,1
6,21,4,1,1,4,3,0,1,5,1,1,1,5,0,2,0,6,2,11,1
0,17,4,0,1,0,3,0,0,2,1,1,1,0,0,0,5,0,0,0,1
15,20,0,0,1,0,0,0,0,0,1,1,1,0,2,5,3,9,3,14,1
13,18,0,1,1,0,3,3,0,0,1,1,1,0,2,0,5,0,0,0,1
6,20,4,0,1,0,3,0,0,2,1,1,1,5,0,1,0,6,5,11,1
12,21,4,0,1,4,3,3,1,14,1,1,1,5,2,1,0,6,3,12,1
1,18,4,1,1,0,3,0,0,16,1,1,1,0,0,0,5,0,0,0,1
6,20,4,1,1,0,3,0,0,2,1,1,1,7,0,2,0,5,0,9,1
0,15,4,0,1,0,3,1,0,2,1,1,1,0,0,9,2,0,0,0,1
2,18,4,0,1,0,3,0,0,4,1,1,1,5,0,1,0,9,6,7,1
9,20,4,0,1,0,3,1,0,0,1,1,1,0,0,7,0,7,3,13,1
6,16,4,0,1,0,3,0,0,11,1,1,1,0,0,1,0,1,6,2,0
9,20,4,1,1,0,3,0,0,12,1,1,1,7,0,1,0,6,10,12,1
14,8,0,1,1,4,3,0,1,2,1,1,1,0,2,1,5,0,0,1,1
8,20,0,0,1,0,3,0,0,1,1,1,1,0,0,6,0,8,11,10,1
8,19,0,0,1,0,3,0,0,8,1,1,1,0,0,1,0,7,0,11,0
7,20,0,1,1,0,3,1,0,0,1,1,1,0,0,1,0,6,6,14,1
9,15,0,0,1,0,3,0,0,2,1,1,1,7,0,1,5,0,0,0,1
12,16,4,0,1,0,3,0,0,2,1,1,1,7,2,1,0,6,10,8,1
8,15,4,1,1,0,3,1,0,2,1,1,1,5,0,3,2,4,0,1,0
12,15,2,1,0,0,3,3,0,13,1,0,0,0,2,3,0,5,4,11,1
10,18,0,0,1,0,1,0,1,0,1,1,1,0,0,5,3,7,0,13,0
6,13,0,0,1,2,3,3,0,2,1,1,1,8,0,1,5,4,0,4,1
6,15,4,1,1,0,3,1,0,12,1,1,1,0,0,1,0,6,10,12,1
9,20,4,0,0,0,3,0,0,15,1,1,0,1,0,0,5,0,0,0,1
12,21,4,0,1,4,3,0,1,11,1,1,1,5,2,1,0,9,6,14,1
2,18,4,1,1,0,3,0,0,2,1,1,1,7,0,1,0,3,4,2,1
10,18,4,1,0,0,3,1,0,2,1,1,0,0,0,0,5,0,0,4,1
2,17,4,0,1,0,0,0,0,16,1,1,1,0,0,5,3,9,2,7,1
3,21,4,1,1,0,3,1,0,16,1,1,1,0,0,1,5,2,0,2,1
15,20,0,0,1,0,3,0,0,0,1,1,1,0,2,2,0,9,2,13,1
14,19,4,0,1,0,3,0,0,0,1,1,1,0,2,1,0,6,4,14,1
0,17,4,1,1,4,3,0,1,16,1,1,1,5,0,1,5,2,0,2,1
1,15,4,0,1,0,3,0,0,2,1,1,1,0,0,1,0,5,2,6,1
13,12,2,1,1,4,3,0,1,5,1,1,1,5,2,0,5,0,0,5,1
7,20,4,1,1,0,3,0,0,2,1,1,1,5,0,0,5,0,0,0,1
15,15,0,1,1,4,3,0,1,1,1,1,1,0,2,0,5,0,0,0,1
12,21,0,0,1,4,3,0,1,0,1,1,1,0,2,1,0,6,11,14,1
8,15,4,0,1,0,3,3,0,2,1,1,1,7,0,1,0,3,6,3,1
2,15,4,1,1,4,3,0,1,2,1,1,1,7,0,0,5,0,0,0,1
3,15,4,0,1,0,3,0,0,2,1,1,1,5,0,1,0,6,10,8,1
6,18,4,1,1,0,3,0,0,0,1,1,1,1,0,0,5,0,0,5,1
5,15,4,0,1,4,3,0,1,10,1,1,1,5,0,1,0,6,6,4,0
2,20,4,1,0,0,3,0,0,2,1,1,0,0,0,3,2,1,0,3,1
4,18,4,0,1,0,3,0,0,11,1,1,1,0,0,0,5,0,0,0,0
14,19,0,1,1,4,3,0,1,1,1,1,1,7,2,5,0,6,4,11,1
11,20,4,0,1,0,3,1,0,0,1,1,1,0,2,1,0,8,3,11,1
11,20,0,1,1,3,3,3,1,0,1,1,1,0,2,3,0,6,11,13,1
8,15,0,0,1,0,1,3,0,2,1,1,1,0,0,1,0,6,8,12,1
11,20,4,1,1,0,3,0,0,0,1,1,1,0,2,1,0,6,3,14,1
12,22,0,1,1,0,3,1,0,1,1,1,1,8,2,7,1,9,0,10,1
3,18,4,0,1,0,3,1,0,2,1,1,1,0,0,0,5,0,0,0,1
5,15,0,0,0,0,1,3,0,14,1,1,1,0,2,0,5,0,0,0,1
2,16,4,1,1,0,3,2,0,0,1,1,1,4,0,1,0,5,10,4,1
6,15,4,0,1,4,3,0,1,11,1,1,1,7,0,1,0,5,2,10,0
10,18,0,0,1,0,3,1,0,2,1,1,1,0,0,1,0,6,8,11,1
6,15,4,1,0,0,3,0,0,0,1,0,1,5,0,0,5,0,0,4,0
3,15,4,0,1,0,3,0,0,12,1,1,1,0,0,2,0,2,3,2,1
14,15,4,1,1,0,3,0,0,2,1,1,1,0,2,6,0,3,0,3,1
4,15,0,0,1,0,3,0,0,2,1,1,1,0,0,6,0,4,1,5,1
10,18,0,0,1,0,3,3,0,0,1,1,1,5,0,1,0,6,8,10,1
6,20,4,0,1,4,3,0,1,9,1,1,1,5,0,1,0,5,0,8,0
15,19,0,1,1,3,3,0,1,0,1,1,1,5,2,2,0,6,8,11,1
0,18,4,0,1,4,3,0,1,2,1,1,1,0,0,1,0,2,0,2,0
15,15,4,0,1,0,3,3,0,11,1,1,1,7,2,1,0,6,6,4,1
6,18,4,0,1,0,3,0,0,2,1,1,1,0,0,1,0,1,6,6,1
7,22,4,1,1,2,3,0,0,0,1,1,1,0,0,1,0,5,9,14,1
14,0,4,0,1,0,3,3,0,0,1,1,1,5,2,0,5,0,0,6,1
6,19,4,0,1,0,3,1,0,0,1,1,1,0,0,1,0,8,6,10,1
1,18,4,0,1,0,3,1,0,7,1,1,1,0,0,1,0,5,3,7,1
15,20,0,0,1,0,3,1,0,0,1,1,1,0,2,1,0,7,0,12,1
15,18,4,0,0,3,3,2,1,0,1,0,1,0,2,1,2,2,0,4,1
13,15,0,1,1,0,3,0,0,1,1,1,1,1,2,1,0,5,3,6,1
15,17,0,1,1,0,3,0,0,1,1,1,1,0,2,0,5,0,0,0,1
8,17,4,1,0,0,3,0,0,2,1,1,0,1,0,0,5,0,0,1,1
5,15,0,1,1,0,3,0,0,2,1,1,1,7,0,0,5,0,0,0,1
10,23,3,1,1,0,3,3,0,1,1,1,1,0,2,7,0,1,6,6,1
15,19,4,1,1,0,3,0,0,0,1,1,1,0,2,1,0,2,2,4,1
7,15,4,0,1,0,3,3,0,2,1,1,1,5,0,1,0,5,11,5,1
7,18,4,0,1,0,3,0,0,2,1,1,1,0,0,1,0,4,4,8,1
5,18,4,1,1,3,3,0,1,2,1,1,1,7,0,1,5,3,0,5,1
10,18,4,0,1,0,3,0,0,15,1,1,1,0,0,7,5,3,0,2,1
9,15,4,0,1,0,3,3,0,2,1,1,1,1,0,1,0,6,4,8,1
14,21,0,0,1,4,3,0,1,1,1,1,1,5,2,1,0,7,8,14,1
10,20,4,1,1,4,3,0,1,12,1,1,1,5,0,1,0,6,3,9,1
11,20,4,0,1,0,3,3,0,2,1,1,1,5,2,1,2,8,0,4,0
7,18,4,0,1,0,3,0,0,2,1,1,1,0,0,1,0,4,2,4,1
9,21,4,1,1,0,3,0,0,14,1,1,1,5,0,0,5,0,0,10,1
5,20,4,1,1,0,3,3,0,11,1,1,1,1,0,1,0,6,11,3,0
4,12,4,0,1,0,3,0,0,16,1,1,1,0,0,9,2,0,0,0,1
14,18,2,0,1,0,1,0,0,0,1,1,1,0,2,1,0,6,8,12,1
13,18,4,0,1,0,3,0,0,2,1,1,1,5,2,1,0,8,6,14,1
4,19,4,0,1,0,3,0,0,16,1,1,1,0,0,1,0,6,1,6,1
11,20,0,0,1,0,0,0,0,0,1,1,1,0,2,5,3,6,3,12,1
4,18,4,1,1,0,3,0,0,2,1,1,1,0,0,1,0,2,1,4,1
4,20,4,0,1,0,3,3,0,11,1,1,1,0,0,1,0,6,4,6,0
9,13,4,1,1,0,3,3,0,0,1,1,1,7,0,0,5,0,0,5,1
0,19,4,0,0,0,3,0,0,2,0,0,0,0,0,1,4,6,7,7,0
6,20,4,0,1,0,2,0,0,10,1,1,1,0,0,4,0,6,4,11,1
6,20,4,1,1,0,3,0,0,2,1,1,1,0,0,3,0,3,5,5,1
12,15,4,1,1,0,3,0,0,9,1,1,1,0,2,0,5,0,0,8,1
14,15,4,1,1,0,3,0,0,12,1,1,1,0,2,1,0,6,6,9,1
0,17,4,0,1,0,3,0,0,0,1,1,1,0,0,1,5,2,0,1,1
10,21,4,1,1,0,3,1,0,2,1,1,1,8,0,1,0,6,3,9,1
14,19,4,0,1,0,1,1,0,0,1,1,1,8,2,5,0,6,9,13,1
4,18,4,0,1,4,3,0,1,2,1,1,1,5,0,1,0,2,2,3,1
9,18,4,1,1,0,3,0,0,11,1,1,1,0,0,1,5,5,0,3,1
13,12,4,0,1,2,3,0,0,1,1,1,1,8,2,8,5,0,0,0,1
4,20,4,1,1,4,3,0,1,11,1,1,1,5,0,1,0,6,4,13,1
10,20,4,1,1,0,3,3,0,11,1,1,1,1,0,3,0,6,3,11,0
10,20,4,0,1,4,3,0,1,10,1,1,1,5,0,1,0,6,8,4,0
11,20,0,1,1,0,3,0,0,1,1,1,1,0,2,1,0,6,3,13,1
12,16,4,0,0,0,3,3,0,0,1,1,0,0,2,0,5,0,0,4,0
13,19,0,1,1,0,3,1,0,0,1,1,1,0,2,3,0,8,5,13,0
11,18,4,0,1,0,3,1,0,2,1,1,1,5,2,1,5,0,0,0,1
11,17,4,1,1,0,3,0,0,0,1,1,1,5,2,0,5,0,0,0,0
12,23,3,0,1,0,3,0,0,15,1,1,1,0,2,7,5,6,0,2,0
1,14,4,0,1,0,3,0,0,2,1,1,1,7,0,1,2,0,0,0,1
9,20,4,0,1,4,3,1,1,0,1,1,1,0,0,1,0,6,10,14,0
11,19,0,1,1,0,3,1,0,0,1,1,1,8,2,3,0,6,3,12,1
14,19,0,0,1,0,3,3,0,8,1,1,1,5,2,0,5,0,0,0,1
0,15,4,0,0,4,3,0,1,16,1,1,1,5,0,1,0,5,2,5,0
14,22,4,0,1,0,3,3,0,0,1,1,1,0,2,1,0,7,9,13,1
0,18,4,0,1,0,3,0,0,2,1,1,1,0,0,3,5,1,0,2,1
15,20,4,1,1,4,3,0,1,2,1,1,1,5,2,1,0,6,10,9,1
13,15,0,1,1,0,3,0,0,9,1,1,1,1,2,1,0,6,11,10,1
1,15,4,0,0,0,3,0,0,2,1,1,0,0,0,0,5,0,0,4,1
12,3,0,1,0,0,1,3,0,1,1,0,1,7,2,1,0,6,11,12,1
12,16,4,0,1,0,3,0,0,0,1,1,1,0,2,1,0,6,6,10,1
2,18,4,0,1,0,3,1,0,2,1,1,1,1,0,1,0,3,3,2,1
5,15,4,0,1,0,3,0,0,2,1,1,1,5,0,1,2,0,0,2,1
1,18,4,0,1,0,3,0,0,11,1,1,1,5,0,3,0,4,2,5,1
2,18,4,0,1,4,3,1,1,2,1,1,1,8,0,1,0,6,1,4,1
15,18,2,1,1,0,1,2,0,16,1,1,1,6,2,1,3,3,10,8,0
2,18,4,1,1,0,3,0,0,0,1,1,1,0,0,1,0,1,10,2,0
4,20,4,1,1,0,3,3,0,3,1,1,1,1,0,2,0,6,8,10,1
5,18,4,0,0,0,3,0,0,2,1,1,0,7,0,0,5,0,0,4,1
10,20,4,1,1,0,3,3,0,2,1,1,1,7,0,1,0,8,10,10,1
15,20,4,1,1,4,3,0,1,11,1,1,1,5,2,6,0,1,6,2,1
2,18,4,0,1,0,3,1,0,2,1,1,1,0,0,1,0,9,4,9,0
3,20,0,1,1,0,3,3,0,1,1,1,1,0,0,1,0,8,8,14,1
14,21,4,1,1,3,3,0,1,9,1,1,1,0,2,1,0,7,8,10,1
15,20,0,0,1,0,3,1,0,0,1,1,1,0,2,1,0,6,3,13,1
12,14,0,0,1,0,3,0,0,9,1,1,1,0,2,0,5,0,0,0,1
9,15,0,1,0,4,3,0,1,6,1,1,0,7,0,6,0,4,2,6,1
5,18,4,0,1,0,3,0,0,0,1,1,1,5,0,6,2,1,0,2,0
11,18,0,1,1,0,3,0,0,0,1,1,1,0,2,1,2,4,0,5,1
8,18,4,1,1,0,3,3,0,0,1,1,1,0,0,1,0,5,9,6,1
2,20,4,1,1,0,3,1,0,2,1,1,1,0,0,4,2,2,0,2,1
12,2,0,1,1,3,3,1,1,0,1,1,1,7,2,0,2,0,0,4,0
0,15,4,1,1,0,3,3,0,2,1,1,1,0,0,2,0,4,0,2,1
7,18,4,0,1,3,3,3,1,0,1,1,1,5,0,1,0,6,2,10,1
6,20,4,0,1,0,0,1,0,0,1,1,1,0,0,5,3,5,9,12,0
1,17,4,0,0,0,3,1,0,2,0,1,1,0,0,1,0,9,8,13,0
8,20,0,0,1,0,3,1,0,0,1,1,1,0,0,2,0,9,6,13,1
12,15,4,0,1,0,3,3,0,11,1,1,1,0,2,1,2,0,0,0,1
5,20,4,1,1,0,3,0,0,11,1,1,1,0,0,1,0,9,2,11,1
2,18,4,1,1,0,3,3,0,2,1,1,1,7,0,0,5,0,0,0,1
0,18,4,1,1,4,3,0,1,11,1,1,1,5,0,0,5,0,0,0,0
7,19,4,1,1,0,3,0,0,2,1,1,1,7,0,3,0,1,1,3,1
7,19,4,1,1,0,3,0,0,12,1,1,1,7,0,1,0,7,8,11,1
7,20,4,1,1,0,3,1,0,2,1,1,1,8,0,1,5,2,0,4,1
15,20,2,0,1,0,1,0,0,0,1,1,1,0,2,1,0,6,11,14,0
9,18,4,1,1,0,3,1,0,11,1,1,1,8,0,1,0,7,1,3,1
6,15,4,1,1,0,3,1,0,14,1,1,1,0,0,1,0,4,4,7,1
1,18,4,1,1,0,3,3,0,11,1,1,1,0,0,0,5,0,0,4,1
14,20,4,0,1,0,3,3,0,2,1,1,1,1,2,3,0,6,8,12,0
14,20,0,1,1,0,3,1,0,1,1,1,1,7,2,1,0,6,8,9,1
11,20,4,1,1,0,3,3,0,10,1,1,1,0,2,4,0,6,5,11,1
7,20,0,0,1,0,3,0,0,0,1,1,1,0,0,1,0,7,5,14,1
13,20,4,1,1,2,3,0,0,3,1,1,0,1,2,6,0,2,7,5,1
7,20,4,0,1,0,3,0,0,11,1,1,1,5,0,1,0,6,1,9,1
15,9,4,0,1,0,3,1,0,12,1,1,1,7,2,2,0,8,1,6,0
15,17,0,1,1,0,3,0,0,0,1,1,1,7,2,6,0,8,8,8,1
9,21,0,1,1,0,3,0,0,0,1,1,1,5,0,1,0,6,5,14,0
7,18,0,0,1,4,3,0,1,1,1,1,1,5,0,1,0,4,1,10,1
8,18,4,0,1,0,3,0,0,11,1,1,1,8,0,1,5,4,0,4,1
8,21,4,0,1,0,3,3,0,2,1,1,1,5,0,1,0,6,8,13,1
6,19,4,1,1,4,3,0,1,0,1,1,1,0,0,1,0,6,2,7,1
12,21,0,0,1,0,3,0,0,9,1,1,1,5,2,1,0,5,6,8,0
9,20,0,1,1,0,3,0,0,0,1,1,1,7,0,1,0,6,7,13,1
3,18,4,0,1,0,3,3,0,2,1,1,1,0,0,0,5,0,0,4,1
15,17,0,0,1,0,3,1,0,1,1,1,1,0,2,1,0,6,4,13,1
6,15,0,0,1,0,3,0,0,0,1,1,1,0,0,1,0,6,2,10,1
0,17,4,0,1,0,3,1,0,0,1,1,1,8,0,1,0,9,8,6,0
10,15,4,1,1,0,3,1,0,2,1,1,1,0,0,1,0,6,3,8,1
10,18,4,1,1,0,3,0,0,2,1,1,1,0,0,1,2,0,0,0,1
15,21,4,0,1,0,3,0,0,0,1,1,1,0,2,6,0,4,10,14,1
13,11,4,0,0,4,3,0,1,15,1,1,1,0,2,1,5,0,0,0,0
14,23,4,1,1,0,3,0,0,0,1,1,1,0,2,1,0,6,8,14,1
11,20,0,1,1,0,3,1,0,1,1,1,1,0,2,2,0,6,8,11,1
3,13,4,1,1,0,3,0,0,2,1,1,1,6,0,0,5,0,0,3,1
11,19,4,1,0,0,3,1,0,13,1,0,0,8,0,2,2,2,0,4,0
10,16,4,1,1,0,3,0,0,2,1,1,1,7,0,1,0,5,5,7,0
15,15,0,1,1,0,3,0,0,1,1,1,1,0,2,1,0,6,4,8,0
5,17,4,1,1,0,3,1,0,0,1,1,1,0,2,3,0,3,4,6,1
9,20,4,0,1,0,3,1,0,0,1,1,1,0,0,3,0,6,4,11,0
14,18,2,0,1,0,3,3,0,5,1,1,1,0,2,6,0,6,0,8,1
4,18,4,1,1,0,3,1,0,2,1,1,1,0,0,1,0,2,10,3,1
3,20,4,1,1,0,3,0,0,3,1,1,1,0,0,1,5,4,0,2,1
10,15,4,0,1,0,3,0,0,15,1,1,1,0,0,1,5,0,0,0,1
7,18,4,1,1,0,3,3,0,12,1,1,1,0,0,1,0,6,3,12,1
12,18,4,1,1,4,3,0,1,0,1,1,1,5,2,0,5,0,0,0,1
1,15,4,0,1,0,3,0,0,16,1,1,1,5,0,0,5,0,0,0,1
9,20,4,1,1,0,3,0,0,0,1,1,1,0,0,1,0,6,11,14,0
7,18,4,0,1,0,3,0,0,2,1,1,1,0,0,1,0,6,6,6,1
1,19,4,1,1,0,3,1,0,2,1,1,1,0,0,1,0,4,5,3,1
12,20,2,1,1,0,3,0,0,0,1,1,1,0,2,1,0,7,4,12,0
13,18,4,0,1,0,3,0,0,11,1,1,1,0,2,1,0,2,6,4,1
14,18,4,0,1,0,3,1,0,12,1,1,1,0,2,6,0,8,6,12,1
4,20,4,1,1,0,3,0,0,15,1,1,1,0,0,1,5,2,0,1,0
3,18,4,1,1,0,3,1,0,2,1,1,1,0,0,7,0,6,8,5,1
14,21,0,1,1,3,3,0,1,0,1,1,1,5,2,2,0,6,6,12,1
7,18,4,0,1,0,3,0,0,0,1,1,1,7,0,1,0,5,3,9,0
1,19,4,0,1,0,3,0,0,0,1,1,1,0,0,1,0,2,1,3,1
10,19,4,0,1,0,3,0,0,0,1,1,1,5,0,1,0,6,2,10,1
4,21,4,1,1,0,3,1,0,0,1,1,1,8,0,4,0,1,9,7,0
9,15,4,0,1,0,3,0,0,2,1,1,1,0,0,1,0,3,5,8,1
0,15,4,0,1,0,3,0,0,2,1,1,1,0,0,0,5,0,0,0,1
13,17,4,0,1,0,3,1,0,0,1,1,1,0,2,3,0,8,3,9,1
1,14,4,0,1,0,3,0,0,16,1,1,1,0,0,1,0,2,1,6,0
12,0,4,0,1,3,3,3,1,0,1,1,1,7,2,1,1,6,0,6,1
13,0,4,1,1,4,3,0,1,12,1,1,1,7,2,6,0,6,3,9,1
8,15,4,1,1,0,3,3,0,7,1,1,1,7,0,1,0,6,11,3,1
7,18,4,1,1,0,3,0,0,2,1,1,1,7,0,1,0,5,8,5,1
7,18,4,1,1,0,3,1,0,0,1,1,1,0,0,1,5,0,0,0,0
0,18,4,1,1,0,3,0,0,2,1,1,1,7,0,3,0,3,2,2,1
4,18,4,0,1,0,3,1,0,2,1,1,1,0,0,4,2,2,0,3,1
0,18,0,1,1,0,3,0,0,1,1,1,1,0,0,1,0,1,2,4,0
13,21,0,1,1,0,3,1,0,0,1,1,1,0,2,2,0,6,8,14,0
7,17,4,0,1,0,3,3,0,0,1,1,1,0,0,1,0,9,6,14,1
7,15,4,0,1,0,3,2,0,0,1,1,1,0,0,1,0,9,2,12,1
0,18,4,0,1,0,3,0,0,16,1,1,1,0,0,1,0,4,2,3,1
14,19,4,1,0,0,3,1,0,0,1,1,0,0,2,1,0,6,5,4,1
6,18,0,1,1,0,3,0,0,8,1,1,1,7,0,1,0,4,0,8,0
11,17,0,0,1,0,3,1,0,0,1,1,1,0,2,1,0,4,3,7,1
15,20,0,1,1,0,3,1,0,1,1,1,1,0,2,1,0,6,0,4,0
7,20,0,0,1,4,3,0,1,1,1,1,1,5,0,1,5,0,0,0,0
0,15,4,1,1,1,3,2,0,11,1,1,1,7,0,2,0,5,3,6,1
1,15,4,1,1,4,3,0,1,2,1,1,1,5,0,0,5,0,0,0,1
14,19,0,1,1,4,3,0,1,1,1,1,1,5,2,1,0,4,6,6,1
11,22,4,1,1,0,3,0,0,11,1,1,1,0,2,1,0,7,2,11,0
13,15,0,1,0,3,3,1,0,8,0,1,1,5,2,4,0,0,5,11,1
5,20,4,0,1,0,3,0,0,0,1,1,1,0,0,1,0,1,6,3,0
5,19,0,1,1,4,3,0,1,1,1,1,1,5,0,0,5,0,0,0,1
2,15,4,0,1,0,3,0,0,2,1,1,1,0,0,0,5,0,0,0,1
9,18,0,0,1,4,3,0,1,0,1,1,1,5,0,1,0,6,6,9,0
15,20,4,0,1,4,3,0,1,12,1,1,1,0,2,1,2,6,0,4,1
3,15,4,0,1,0,3,0,0,15,1,1,1,7,0,0,5,0,0,0,1
9,21,0,1,1,0,3,0,0,0,1,1,1,0,0,1,0,6,2,13,1
14,16,0,0,1,4,3,0,1,1,1,1,1,0,2,1,0,6,2,10,0
6,20,0,1,1,3,3,0,1,2,1,1,1,5,0,5,4,6,4,11,0
10,20,4,0,1,0,3,0,0,2,1,1,1,0,0,1,0,6,10,6,1
8,17,4,0,1,0,3,0,0,7,1,1,1,0,0,1,0,3,6,9,1
3,18,4,1,1,0,3,1,0,0,1,1,1,0,0,1,0,6,4,9,1
2,15,4,0,1,0,3,0,0,2,1,1,1,7,0,4,0,2,11,3,1
15,20,0,1,1,0,3,1,0,1,1,1,1,0,2,3,0,5,4,12,1
13,15,0,0,1,0,3,1,0,0,1,1,1,0,2,1,0,1,3,1,1
11,2,0,0,1,2,0,1,0,7,1,1,1,7,2,0,5,0,5,4,1
13,20,0,1,1,4,3,0,1,0,1,1,1,0,2,1,0,8,9,14,0
10,20,0,0,1,0,3,1,0,1,1,1,1,0,0,7,0,7,7,12,0
6,15,4,0,1,0,3,0,0,2,1,1,1,7,0,0,5,0,0,0,1
12,18,4,0,1,0,3,3,0,14,1,1,1,0,2,1,0,2,3,3,1
7,21,0,0,1,4,3,1,1,1,1,1,1,0,0,0,5,0,0,0,0
11,21,0,0,1,0,3,1,0,0,1,1,1,8,2,1,0,6,6,9,1
8,20,0,0,1,4,3,0,1,1,1,1,1,5,0,1,0,6,4,14,1
1,17,4,1,1,0,3,1,0,7,1,1,1,0,0,1,0,3,1,4,1
0,15,4,0,1,0,3,3,0,16,1,1,1,0,0,0,5,0,0,0,0
14,20,0,1,1,0,3,1,0,0,1,1,1,0,2,1,0,6,3,14,1
14,18,4,1,1,0,3,0,0,5,1,1,1,0,2,1,0,8,3,6,1
12,20,4,0,1,0,3,0,0,0,1,1,1,5,2,1,0,8,6,13,1
9,18,0,0,1,0,3,0,0,2,1,1,1,7,0,1,5,0,0,0,1
11,21,0,1,1,3,3,0,1,1,1,1,1,0,2,1,0,6,4,13,1
14,20,2,1,1,0,3,0,0,0,1,1,1,0,2,3,0,6,8,12,1
13,20,0,1,1,0,3,1,0,0,1,1,1,0,2,1,0,6,8,14,1
11,20,4,0,1,0,3,3,0,11,1,1,1,5,2,1,0,6,6,9,1
13,18,2,1,1,0,3,0,0,12,1,1,1,0,2,1,5,2,0,2,1
2,18,4,1,1,4,3,3,1,9,1,1,1,5,0,0,5,0,0,0,1
10,15,0,1,1,3,3,0,1,0,1,1,1,0,0,1,5,0,0,0,1
10,19,0,1,1,0,3,0,0,0,1,1,1,0,0,1,0,6,8,11,1
3,15,4,0,1,0,3,0,0,2,1,1,1,7,0,1,0,6,8,9,0
8,17,4,0,1,0,3,0,0,0,1,1,1,0,0,1,2,0,0,0,1
6,20,4,0,1,0,3,0,0,11,1,1,1,0,0,1,0,6,6,14,1
2,18,4,1,1,0,3,1,0,2,1,1,1,8,0,0,5,0,0,5,1
6,14,4,1,1,0,3,3,0,2,1,1,1,8,0,8,5,0,0,0,1
2,18,4,1,1,0,3,1,0,16,1,1,1,7,0,6,0,1,1,3,1
14,21,0,1,1,4,3,3,1,0,1,1,1,0,2,1,0,4,4,8,0
2,15,4,1,1,0,3,0,0,4,1,1,1,0,0,1,0,6,3,9,1
0,18,4,1,1,0,3,3,0,2,1,1,1,0,0,1,0,3,8,5,1
15,20,0,1,1,4,3,0,1,0,1,1,1,0,2,6,0,6,0,9,1
5,20,4,1,1,0,3,0,0,2,1,1,1,0,0,1,0,1,3,2,1
12,18,2,1,0,4,3,0,1,1,1,0,1,0,2,1,2,0,0,2,1
10,20,4,1,1,0,3,0,0,11,1,1,1,5,0,1,0,6,3,11,0
15,21,0,1,1,0,3,1,0,0,1,1,1,0,2,1,0,6,4,14,1
14,23,2,0,1,0,3,0,0,5,1,1,1,5,2,1,0,6,5,11,1
2,18,2,1,1,0,3,0,0,16,1,1,1,0,0,1,5,6,0,7,1
13,21,0,1,1,0,3,1,0,1,1,1,1,8,2,1,1,8,0,13,0
12,16,0,1,1,0,3,0,0,1,1,1,1,5,2,1,0,7,5,12,1
13,12,0,0,1,4,3,0,1,1,1,1,1,0,2,1,2,0,0,0,1
2,17,4,0,1,0,3,3,0,15,1,1,1,0,0,0,5,0,0,0,1
7,15,4,1,1,0,3,0,0,5,1,1,1,0,0,1,0,6,4,10,1
13,15,4,1,1,0,3,3,0,0,1,1,1,5,2,1,0,6,5,6,1
10,18,0,0,1,0,3,1,0,0,1,1,1,0,0,2,0,6,4,11,1
0,17,4,0,1,0,3,1,0,16,1,1,1,0,0,0,5,0,0,0,0
1,18,4,0,1,0,3,1,0,2,1,1,1,8,0,0,5,0,0,0,1
13,20,0,1,1,0,3,3,0,1,1,1,1,8,2,6,1,8,0,13,0
2,18,4,0,1,0,3,0,0,16,1,1,1,5,0,1,5,1,0,3,1
0,17,4,0,1,0,3,1,0,2,1,1,1,7,0,0,5,0,0,0,1
11,23,0,0,1,0,3,0,0,0,1,1,1,0,2,1,0,8,11,14,0
14,18,4,0,1,0,3,0,0,0,1,1,1,0,2,1,0,4,2,3,0
11,16,4,0,1,0,3,0,0,2,1,1,1,5,2,1,0,6,10,10,1
9,20,4,1,1,0,3,3,0,11,1,1,1,0,0,1,0,8,10,10,1
13,21,0,0,1,4,3,0,1,1,1,1,1,0,2,1,0,6,4,9,1
2,15,4,0,1,0,3,1,0,2,1,1,1,0,0,1,2,2,0,2,1
3,20,0,1,1,0,3,0,0,1,1,1,1,0,0,1,5,0,0,0,0
5,18,4,1,1,2,3,3,0,2,1,1,1,0,0,1,5,0,0,2,1
12,20,4,1,1,4,3,0,1,11,1,1,1,7,2,1,0,6,6,10,1
7,10,0,1,1,4,3,0,1,0,1,1,1,7,0,5,0,6,3,10,1
8,20,0,1,1,0,2,0,0,2,1,1,1,0,0,1,0,8,5,7,1
7,20,0,1,1,0,3,2,0,0,1,1,1,0,0,1,5,6,0,4,1
8,13,4,0,1,4,3,0,1,7,1,1,1,0,0,1,0,6,3,9,1
4,18,4,0,1,0,3,3,0,16,1,1,1,1,0,1,5,0,0,2,1
1,15,4,1,1,0,3,3,0,2,1,1,1,0,0,0,5,0,0,0,1
0,13,4,0,0,0,3,1,0,16,1,1,0,0,0,1,5,0,0,2,0
7,20,4,1,1,0,3,0,0,0,1,1,1,0,0,1,0,7,10,5,1
2,15,4,1,0,0,3,0,0,2,1,1,1,5,0,1,0,1,4,4,1
6,15,4,0,1,0,3,1,0,5,1,1,1,0,0,1,2,6,0,6,1
7,20,0,1,1,3,3,0,1,0,1,1,1,8,0,1,0,6,4,13,1
11,20,4,0,1,0,3,1,0,2,1,1,1,5,2,1,0,6,11,8,1
15,19,4,0,1,0,3,1,0,11,1,1,1,1,2,1,0,6,10,14,1
15,21,4,0,1,0,3,1,0,0,1,1,1,0,2,1,0,8,10,14,1
3,19,4,1,1,0,3,0,0,2,1,1,1,5,0,1,0,1,3,3,0
14,22,0,0,1,0,3,1,0,0,1,1,1,0,2,6,0,4,9,14,1
7,21,0,1,1,0,3,0,0,1,1,1,1,0,0,1,0,6,6,12,1
9,15,4,0,1,0,3,0,0,2,1,1,1,5,0,1,0,5,5,6,1
7,21,0,1,1,0,3,0,0,0,1,1,1,0,0,1,0,4,2,9,1
9,14,4,0,1,0,3,1,0,5,1,1,1,0,0,1,0,6,4,5,0
13,16,4,0,1,0,3,0,0,15,1,1,1,0,2,0,5,0,0,10,0
13,21,0,0,1,0,3,1,0,0,1,1,1,0,2,1,0,6,5,14,1
9,20,4,1,1,0,3,3,0,11,1,1,1,0,0,3,0,6,3,11,0
5,13,4,0,1,2,3,0,1,10,1,1,1,8,0,0,5,0,0,4,0
7,17,4,1,1,4,3,3,1,0,1,1,1,5,0,1,0,6,8,9,0
11,15,0,0,1,3,1,0,1,0,1,1,1,5,2,1,0,6,7,9,1
15,15,0,1,1,3,3,0,1,2,1,1,1,7,2,1,0,6,4,10,1
14,20,0,0,1,0,3,0,0,0,1,1,1,0,2,2,0,6,3,13,0
11,11,4,0,1,4,3,0,1,11,1,1,1,0,2,1,5,8,0,14,1
3,20,4,1,1,0,3,1,0,2,1,1,1,0,0,1,0,4,4,4,1
10,21,0,1,1,0,3,1,0,0,1,1,1,0,0,3,1,4,0,13,1
11,20,4,0,1,3,3,0,1,0,1,1,1,0,2,1,0,6,11,13,0
7,20,4,1,1,0,3,3,0,11,1,1,1,5,0,0,5,0,0,0,1
4,17,4,1,1,0,3,1,0,0,1,1,1,7,0,1,0,6,5,12,0
5,18,4,0,0,0,3,0,0,0,1,1,1,7,0,1,0,5,6,8,1
2,19,4,1,1,0,3,1,0,11,1,1,1,8,0,0,5,0,0,0,0
8,19,4,1,1,0,3,0,0,12,1,1,1,1,0,3,0,2,1,5,0
13,20,2,1,1,0,3,1,0,0,1,1,1,0,2,1,0,9,8,14,1
10,21,4,0,1,0,3,0,0,0,1,1,1,0,0,1,1,6,0,13,0
2,14,4,1,1,0,3,0,0,16,1,1,1,0,0,0,5,0,0,0,1
12,19,4,0,1,0,3,0,0,2,1,1,1,5,2,4,0,6,4,12,1
0,15,4,0,1,0,3,0,0,16,1,1,1,0,0,1,1,9,0,2,1
5,22,4,1,1,2,3,0,0,0,1,1,1,7,0,1,0,4,3,8,0
8,15,4,0,1,0,3,1,0,7,1,1,1,0,0,1,0,5,11,3,1
15,21,0,1,1,0,3,1,0,1,1,1,1,0,2,2,0,6,8,14,1
7,15,4,0,1,0,3,3,0,7,1,1,1,0,0,1,0,2,3,9,1
12,20,0,1,1,4,3,0,1,0,1,1,1,5,2,1,0,6,6,11,1
12,19,4,0,1,0,3,0,0,12,1,1,1,0,2,1,0,6,6,10,0
0,15,4,0,1,0,3,1,0,7,1,1,1,0,0,1,0,2,10,3,1
2,16,4,0,1,4,3,0,1,15,1,1,1,0,0,0,5,0,0,0,0
8,15,4,0,1,0,3,0,0,2,1,1,1,7,0,1,0,6,2,9,1
13,20,0,0,1,0,3,0,0,1,1,1,1,5,2,1,0,9,2,13,1
4,19,4,1,1,0,3,3,0,11,1,1,1,0,0,1,0,2,10,3,1
0,15,4,0,1,0,3,3,0,7,1,1,1,0,0,1,0,6,8,9,1
12,11,4,0,0,0,3,1,0,15,0,1,1,0,2,0,5,0,0,0,1
1,15,4,0,1,0,3,0,0,7,1,1,1,0,0,1,0,5,2,9,1
12,16,0,1,1,0,3,3,0,1,1,1,1,0,2,1,5,0,0,0,1
1,15,4,1,1,0,3,0,0,12,1,1,1,2,0,3,0,6,6,13,1
5,20,0,0,1,4,3,0,1,1,1,1,1,0,0,1,0,6,7,13,1
8,18,4,1,1,0,3,1,0,16,1,1,1,0,0,1,0,6,8,11,1
1,17,4,1,1,0,3,2,0,2,1,1,1,3,0,2,0,3,3,6,1
10,15,2,1,1,0,1,1,0,0,1,1,1,0,0,1,0,6,8,7,1
5,20,4,0,1,0,3,0,0,2,1,1,1,0,0,1,2,2,0,3,0
3,20,4,1,1,3,3,1,1,2,1,1,1,0,0,1,0,2,2,4,1
3,18,4,0,1,0,3,0,0,2,1,1,1,0,0,1,5,0,0,0,0
4,20,4,0,1,0,3,1,0,2,1,1,1,5,0,1,0,6,4,12,1
7,21,4,1,1,0,3,0,0,4,1,1,1,5,0,1,0,6,4,7,1
2,19,4,1,0,4,3,3,1,13,1,1,0,8,0,2,0,2,2,6,0
13,20,0,1,1,3,3,0,1,0,1,1,1,5,2,1,0,6,10,10,1
1,18,4,1,1,0,3,3,0,11,1,1,1,0,0,1,5,0,0,0,0
9,20,0,0,1,0,3,1,0,2,1,1,1,0,0,3,0,8,4,13,1
12,15,0,1,1,0,3,0,0,1,1,1,1,7,2,1,5,0,0,0,1
7,20,4,1,1,0,3,1,0,0,1,1,1,0,0,3,0,1,8,4,1
8,20,0,0,1,0,3,1,0,0,1,1,1,0,0,1,0,6,6,12,1
5,15,4,1,1,0,3,1,0,12,1,1,1,0,0,1,0,6,4,2,1
5,20,4,0,1,4,3,0,1,5,1,1,1,5,0,1,0,6,6,6,0
7,19,0,0,1,0,3,0,0,2,1,1,1,0,0,1,2,6,0,10,1
3,20,4,1,1,0,3,0,0,2,1,1,1,0,0,2,0,1,3,2,1
6,20,4,1,1,0,3,3,0,2,1,1,1,5,0,4,0,1,11,3,1
0,17,4,1,1,0,3,0,0,2,1,1,1,0,0,3,0,2,2,4,1
9,14,0,1,1,0,3,3,0,2,1,1,1,0,0,1,0,5,7,6,1
5,18,4,0,1,0,3,0,0,2,1,1,1,0,0,1,0,6,5,9,1
4,15,4,1,1,0,3,3,0,2,1,1,1,7,0,1,0,6,3,8,1
4,15,4,1,1,4,3,0,1,2,1,1,1,0,0,1,5,0,0,1,0
10,20,4,1,1,0,3,1,0,2,1,1,1,0,0,1,2,0,0,3,1
5,18,4,0,1,0,3,0,0,0,1,1,1,0,0,1,0,6,1,13,1
1,17,4,1,1,0,3,0,0,2,1,1,1,0,0,1,5,2,0,3,1
6,18,4,0,1,3,3,0,1,2,1,1,1,7,0,1,0,6,3,9,1
6,20,4,0,1,0,3,1,0,2,1,1,1,5,0,1,0,6,8,11,1
8,20,4,1,1,0,3,1,0,0,1,1,1,5,0,1,1,4,0,2,1
5,19,0,0,1,1,3,3,1,1,1,1,1,0,0,2,0,5,1,6,1
4,15,0,0,1,0,3,3,0,4,1,1,1,0,0,1,0,6,10,9,1
2,12,4,1,0,0,3,0,0,2,1,1,1,0,0,0,5,0,0,0,1
15,20,0,1,1,0,3,1,0,0,1,1,1,0,2,1,0,6,3,13,1
3,15,4,0,1,0,3,1,0,5,1,1,1,0,0,1,0,3,5,9,1
12,0,2,0,1,3,1,3,1,16,1,1,1,0,2,1,3,6,3,6,0
2,16,4,1,1,0,3,0,0,2,1,1,1,0,0,1,0,6,1,7,1
9,18,0,1,1,0,3,3,0,1,1,1,1,1,0,1,5,0,0,0,1
14,20,4,0,1,0,3,0,0,0,1,1,1,7,2,1,0,6,3,12,1
7,20,0,0,1,0,3,0,0,0,1,1,1,5,0,2,0,8,10,12,1
12,15,2,1,1,0,3,0,0,0,1,1,1,7,2,1,0,6,4,12,1
7,15,0,0,1,0,3,3,0,2,1,1,1,8,0,1,0,6,6,10,1
14,20,0,1,1,4,3,0,1,1,1,1,1,0,2,1,0,5,5,7,0
9,18,4,0,1,4,3,3,1,0,1,1,1,5,0,1,0,7,6,12,1
0,17,4,0,1,0,2,0,0,2,1,1,1,0,0,1,0,4,3,5,1
14,15,2,1,1,0,3,1,0,0,1,1,1,7,2,1,0,5,8,5,1
5,20,4,1,1,4,3,0,1,2,1,1,1,5,0,1,0,1,1,1,1
14,20,4,0,0,0,3,0,0,0,1,1,0,7,2,1,0,9,6,12,0
10,17,4,0,1,0,3,3,0,2,1,1,1,7,0,1,0,6,5,9,1
3,15,4,0,1,0,3,3,0,2,1,1,1,7,0,1,0,8,10,12,1
5,18,4,1,1,0,3,0,0,2,1,1,1,0,0,1,0,1,8,1,1
6,18,4,1,1,0,3,1,0,2,1,1,1,0,0,1,0,3,5,10,1
13,21,4,1,1,0,3,3,0,0,1,1,1,0,2,2,0,4,8,13,1
9,20,4,1,1,0,3,3,0,2,1,1,1,0,0,1,0,1,8,7,1
6,17,4,1,1,0,3,3,0,10,1,1,1,1,0,1,5,6,0,1,0
9,17,4,0,0,0,3,0,0,15,1,1,0,1,0,0,5,0,0,4,0
11,20,0,1,1,0,3,1,0,1,1,1,1,8,2,4,0,8,1,12,1
8,21,0,1,1,0,3,0,0,1,1,1,1,5,0,1,0,6,8,13,0
10,21,0,1,1,4,3,1,1,0,1,1,1,0,0,1,0,6,8,12,0
0,18,4,1,1,0,3,0,0,2,1,1,1,1,0,0,5,0,0,0,1
11,21,0,1,1,4,3,3,1,1,1,1,1,0,2,1,0,6,5,8,0
15,19,0,1,1,3,3,0,1,1,1,1,1,0,2,0,5,0,0,0,1
4,19,0,1,1,3,3,1,1,2,1,1,1,7,0,1,0,4,6,5,1
1,18,4,0,1,0,3,0,0,2,1,1,1,0,0,1,0,1,6,2,1
9,20,0,0,1,0,3,1,0,0,1,1,1,0,0,1,0,8,10,11,1
14,18,0,1,1,0,3,1,0,1,1,1,1,8,2,1,5,0,0,0,0
8,20,4,1,1,0,3,0,0,2,1,1,1,5,0,0,5,0,0,0,1
4,15,4,0,1,0,3,3,0,2,1,1,1,8,0,3,0,6,3,6,1
1,18,4,1,1,0,3,1,0,2,1,1,1,0,0,1,5,3,0,1,0
0,15,4,1,1,2,3,0,0,2,1,1,1,0,0,9,2,0,0,0,1
4,15,4,0,1,0,3,0,0,2,1,1,1,0,0,1,0,7,10,7,1
2,15,4,0,0,0,3,0,0,2,1,1,1,0,0,1,0,2,6,4,1
11,20,4,0,1,0,3,0,0,12,1,1,1,0,2,1,0,6,5,10,0
14,18,4,1,1,0,3,0,0,2,1,1,1,5,2,1,0,6,4,12,1
13,0,4,1,1,0,3,0,0,0,1,1,1,7,2,1,1,6,0,11,1
15,19,4,0,1,0,3,1,0,0,1,1,1,0,2,1,0,6,6,13,1
2,18,4,1,1,0,3,0,0,2,1,1,1,0,0,0,5,0,0,0,1
9,9,0,0,1,0,3,3,1,9,1,1,1,7,0,6,0,6,1,4,1
11,5,4,1,1,0,3,0,0,4,0,1,1,0,0,4,0,4,8,14,1
5,17,4,0,1,0,3,0,0,11,1,1,1,5,0,1,0,6,4,10,1
14,15,0,0,1,0,3,0,0,2,1,1,1,0,2,1,0,7,11,13,1
14,21,0,0,1,4,3,0,1,1,1,1,1,5,2,1,0,7,10,14,1
1,17,4,0,1,0,3,0,0,16,1,1,1,5,0,1,0,6,4,5,0
9,18,3,0,1,0,3,3,0,2,1,1,1,7,0,1,0,6,8,8,1
7,15,0,0,1,4,3,0,1,1,1,1,1,5,0,0,5,0,0,0,1
0,18,4,0,1,0,3,3,0,2,1,1,1,0,0,0,5,0,0,0,0
3,15,0,0,1,4,3,0,1,9,1,1,1,1,0,1,5,1,0,2,1
11,21,4,1,1,2,3,1,0,0,1,1,1,0,2,1,0,4,3,14,0
6,20,4,1,1,3,3,0,1,2,1,1,1,5,0,1,4,3,0,6,0
11,20,4,0,1,0,3,1,0,0,1,1,1,0,2,3,0,7,3,5,1
2,15,4,0,1,0,3,1,0,2,1,1,1,1,0,4,0,6,4,11,1
7,11,4,0,1,4,3,0,1,11,1,1,1,0,0,1,5,9,0,0,1
11,8,4,0,0,0,3,2,0,11,1,0,0,0,2,1,5,6,0,4,1
9,20,4,1,1,0,3,0,0,2,1,1,1,1,0,1,0,6,4,8,1
5,17,4,0,1,0,3,0,0,0,1,1,1,7,0,1,0,8,4,12,1
9,14,4,0,1,0,3,3,0,11,1,1,1,0,0,1,0,6,3,14,1
10,20,4,1,1,0,3,0,0,0,1,1,1,7,0,1,0,6,3,11,1
2,20,4,1,1,0,3,0,0,2,1,1,1,5,0,1,0,1,6,2,1
12,20,4,0,1,0,3,0,0,0,1,1,1,5,2,1,0,6,2,14,0
0,18,4,0,1,0,3,0,0,16,1,1,1,5,0,0,5,0,0,0,1
0,18,4,1,1,0,3,0,0,2,1,1,1,7,0,1,0,4,6,3,1
12,20,0,0,1,4,3,0,1,9,1,1,1,0,2,1,0,6,5,14,1
4,15,2,0,1,0,3,0,0,7,1,1,1,2,0,1,0,8,1,6,1
0,18,4,1,1,0,3,0,0,16,1,1,1,5,0,1,0,4,1,3,1
9,18,4,0,1,0,3,1,0,0,1,1,1,0,0,7,0,7,10,10,0
11,20,4,0,1,0,3,0,0,0,1,1,1,7,2,4,0,8,1,12,1
14,19,4,1,1,0,3,0,0,0,1,1,1,1,2,3,0,9,6,14,1
8,20,4,0,1,0,3,0,0,0,1,1,1,5,0,1,0,6,8,9,1
8,15,4,0,1,0,3,0,0,0,1,1,1,0,0,3,0,3,7,10,0
11,20,4,0,1,0,3,3,0,16,1,1,1,8,0,4,0,4,5,5,0
9,20,4,0,1,0,3,0,0,2,1,1,1,0,0,1,5,0,0,0,1
5,18,4,0,1,4,3,0,1,2,1,1,1,0,0,5,0,6,8,6,1
13,20,4,0,1,0,3,1,0,12,1,1,1,0,2,1,0,6,6,10,1
2,18,4,1,1,0,3,0,0,16,1,1,1,7,0,3,5,1,0,3,1
1,13,4,0,1,0,3,0,0,15,1,1,1,0,0,1,5,0,0,0,0
10,18,4,1,1,0,3,0,0,14,1,1,1,0,0,1,0,6,10,9,1
7,19,4,1,1,0,3,0,0,2,1,1,1,0,0,1,0,6,6,4,1
15,15,4,1,1,0,3,0,0,2,1,1,1,0,2,0,5,0,0,0,1
14,15,0,1,1,0,3,0,0,1,1,1,1,0,2,1,0,6,3,7,1
11,21,0,0,1,0,3,1,0,1,1,1,1,0,2,7,1,9,0,14,0
8,15,4,0,1,0,3,1,0,2,1,1,1,0,0,1,2,6,0,3,1
14,13,0,1,1,0,3,0,0,8,1,1,1,7,2,1,5,0,0,0,1
2,18,4,0,1,0,3,0,0,2,1,1,1,1,0,0,5,0,0,0,1
1,15,4,0,1,4,3,0,1,2,1,1,1,0,0,1,5,4,0,4,1
3,21,4,1,1,0,3,0,0,16,1,1,1,0,0,1,1,6,0,6,0
5,15,4,0,1,0,3,1,0,10,1,1,1,0,0,1,0,6,3,4,1
3,15,4,0,1,0,3,0,0,0,1,1,1,0,0,6,0,6,6,5,1
0,15,4,0,1,0,3,1,0,5,1,1,1,0,0,6,0,1,0,4,0
1,13,4,0,1,0,3,0,0,2,1,1,1,1,0,1,0,6,9,7,1
4,16,4,0,1,0,3,3,0,16,1,1,1,5,0,0,5,0,0,3,0
10,18,0,0,1,3,3,0,1,0,1,1,1,5,0,1,0,6,4,4,1
12,15,2,1,1,0,3,1,0,2,1,1,1,0,2,1,0,6,8,8,1
4,14,4,0,1,0,3,0,0,2,1,1,1,7,0,1,0,6,8,8,1
11,15,0,1,1,0,1,0,0,0,1,1,1,0,2,0,5,0,0,0,0
5,20,4,1,1,0,3,0,0,2,1,1,1,5,0,2,5,0,0,0,1
9,15,0,1,1,0,3,0,0,1,1,1,1,0,0,1,0,6,8,9,1
1,18,4,1,1,0,3,0,0,0,1,1,1,0,0,0,5,0,0,0,1
5,20,4,1,1,0,3,0,0,12,1,1,1,0,0,1,5,0,0,0,0
15,18,4,0,1,0,3,1,0,15,1,1,1,0,2,1,5,6,0,2,1
12,21,0,0,1,3,3,0,1,1,1,1,1,8,2,7,0,6,10,9,1
9,20,4,1,1,3,3,0,1,2,1,1,1,0,0,1,5,6,0,4,1
2,15,4,0,1,3,3,0,0,16,1,1,1,7,0,7,5,6,0,5,0
7,20,0,1,1,0,3,3,0,1,1,1,1,5,0,1,0,6,11,11,0
4,10,4,1,1,4,3,0,1,2,1,1,1,0,0,4,0,1,10,1,1
5,14,4,0,0,0,3,0,0,2,1,1,0,7,0,0,5,0,0,0,1
6,21,4,1,1,4,3,0,1,14,1,1,1,5,0,1,0,6,6,10,1
2,19,4,0,1,0,3,0,0,2,1,1,1,5,0,1,0,1,3,3,1
7,18,4,1,1,0,3,0,0,2,1,1,1,0,0,1,1,6,0,9,0
10,18,4,0,1,0,3,0,0,2,1,1,1,0,0,1,0,6,10,9,1
12,20,0,1,1,0,3,3,0,0,1,1,1,0,2,1,0,8,2,12,1
4,18,4,1,1,4,3,0,1,14,1,1,1,0,0,1,0,6,6,7,0
13,20,0,0,1,0,3,1,0,0,1,1,1,0,2,1,0,7,5,14,1
5,18,4,0,1,0,0,0,0,16,1,1,1,0,0,5,3,9,1,7,0
10,20,2,1,1,0,3,0,0,0,1,1,1,2,0,3,0,7,7,13,1
9,20,0,1,1,0,3,1,0,0,1,1,1,0,0,1,0,6,11,13,0
5,17,4,0,1,0,3,0,0,15,1,1,1,1,0,1,5,6,0,2,0
12,16,4,0,1,0,3,0,0,12,1,1,1,7,2,1,0,7,6,13,1
14,22,0,1,1,0,3,3,0,1,1,1,1,0,2,1,0,6,9,13,1
0,15,4,1,1,0,3,0,0,2,1,1,1,0,0,1,0,1,0,1,0
3,6,3,1,1,1,3,0,1,7,1,1,1,8,0,9,0,5,8,6,1
1,15,4,1,1,4,3,3,1,0,1,1,1,5,0,1,0,6,6,6,0
11,17,4,0,1,3,3,0,1,0,1,1,1,0,2,1,0,6,8,8,1
13,20,0,1,1,0,3,0,0,1,1,1,1,0,2,5,0,6,2,11,1
1,18,4,0,1,0,3,1,0,2,1,1,1,0,0,1,0,6,4,5,1
5,20,4,0,1,0,3,0,0,12,1,1,1,0,0,1,0,6,5,9,0
1,15,4,1,1,0,3,1,0,7,1,1,1,0,0,1,2,1,0,3,1
13,20,4,0,1,0,3,0,0,12,1,1,1,0,2,4,0,6,6,11,1
6,20,4,1,1,0,3,1,0,0,1,1,1,8,0,1,0,5,1,6,1
10,21,4,0,1,0,3,1,0,2,1,1,1,5,0,1,0,8,1,10,1
9,20,4,0,1,3,3,0,1,2,1,1,1,5,0,1,0,6,7,7,1
9,15,4,1,1,0,3,0,0,2,1,1,1,0,0,2,5,0,0,0,1
1,17,2,1,1,0,3,0,0,2,1,1,1,0,0,1,0,5,11,6,1
4,15,4,0,1,0,3,3,0,2,1,1,1,7,0,1,0,6,4,9,1
14,21,0,1,1,0,3,3,0,1,1,1,1,0,2,1,0,6,3,14,0
9,15,0,0,1,0,0,2,0,6,1,1,1,6,0,5,3,6,1,14,1
3,17,4,0,1,0,0,0,0,16,1,1,1,0,0,5,3,9,2,7,0
0,18,4,0,1,0,3,0,0,16,1,1,1,0,0,1,5,2,0,4,1
3,15,4,0,1,0,3,0,0,11,1,1,1,2,0,1,0,6,4,14,1
8,15,4,0,1,4,3,0,1,2,1,1,1,5,0,1,0,6,8,8,1
10,15,4,0,1,3,3,0,1,2,1,1,1,5,0,1,0,6,6,10,1
11,22,0,0,1,0,3,0,0,0,1,1,1,5,2,1,0,6,8,13,1
15,22,0,0,1,4,3,0,1,1,1,1,1,0,2,1,0,9,3,14,0
1,15,4,0,1,0,3,3,0,2,1,1,1,0,0,9,2,0,0,0,1
3,20,4,1,1,0,3,1,0,2,1,1,1,0,0,1,0,2,8,6,1
14,19,0,1,1,3,3,0,1,1,1,1,1,5,2,1,5,0,0,2,1
2,15,4,0,1,0,3,0,0,2,1,1,1,7,0,0,5,0,0,0,1
6,17,0,1,1,0,3,0,0,1,1,1,1,0,0,1,0,4,3,10,1
12,19,4,0,1,0,3,1,0,2,1,1,1,0,2,1,0,4,3,10,1
12,15,4,0,1,0,3,3,0,0,1,1,1,8,2,1,0,6,10,10,1
0,13,4,1,1,4,3,0,1,8,1,1,1,0,0,1,5,0,0,0,1
0,16,4,0,1,0,3,0,0,10,1,1,1,0,0,1,0,9,0,1,0
4,20,4,1,1,0,3,0,0,2,1,1,1,5,0,3,0,6,5,12,1
2,19,4,1,1,0,3,1,0,16,1,1,1,0,0,1,0,2,4,3,1
13,18,4,1,1,0,3,0,0,2,1,1,1,5,2,8,2,8,0,10,1
11,20,4,0,1,0,3,0,0,0,1,1,1,0,2,1,0,9,6,14,1
14,15,4,1,1,0,3,0,0,2,1,1,1,0,2,1,2,0,0,0,1
12,18,4,1,1,0,3,0,0,0,1,1,1,0,2,1,0,3,6,4,1
12,20,0,0,1,0,3,0,0,0,1,1,1,0,2,1,0,9,8,14,1
0,18,4,0,1,0,3,0,0,2,1,1,1,0,0,0,5,0,0,0,1
0,17,4,0,1,0,2,0,0,10,1,1,1,0,0,0,5,0,0,0,0
12,18,4,0,1,0,3,0,0,2,1,1,1,5,2,1,0,2,0,8,1
4,19,4,1,1,4,3,0,1,9,1,1,1,5,0,1,0,2,0,3,1
10,8,0,0,1,4,3,0,1,0,1,1,1,1,0,1,1,1,0,1,0
1,18,4,1,1,0,3,1,0,2,1,1,1,0,0,1,0,5,4,5,1
11,20,0,0,1,3,3,0,1,1,1,1,1,0,2,3,0,7,5,12,1
10,16,4,1,1,0,3,1,0,2,1,1,1,7,0,1,0,3,1,3,1
3,18,4,0,1,0,3,0,0,14,1,1,1,5,0,1,5,0,0,0,0
12,13,4,0,1,0,3,0,0,15,1,1,1,1,2,1,5,0,0,0,1
8,15,4,0,1,0,3,3,0,7,1,1,1,0,0,1,0,6,11,5,1
4,18,0,1,1,0,3,0,0,2,1,1,1,0,0,1,0,6,2,6,1
8,0,4,0,1,0,3,3,0,9,1,1,1,7,0,0,5,0,0,0,1
1,18,4,1,1,0,3,1,0,2,1,1,1,0,0,1,0,3,2,5,0
8,20,4,0,0,0,3,1,0,0,1,1,0,0,0,1,1,8,0,12,1
13,15,4,0,1,0,3,3,0,11,1,1,1,5,2,0,5,0,0,0,1
13,21,0,1,1,0,3,0,0,1,1,1,1,0,2,7,0,6,10,13,1
3,16,1,1,0,0,3,1,0,3,1,0,1,0,0,1,0,9,2,2,0
11,15,0,1,1,3,3,0,1,1,1,1,1,5,2,1,5,6,0,3,1
3,19,4,0,1,4,3,0,1,7,1,1,1,5,0,0,5,0,0,4,1
2,15,4,1,1,0,3,1,0,2,1,1,1,7,0,0,5,0,0,2,1
11,17,4,1,0,0,3,3,0,2,1,1,0,0,2,0,5,0,0,4,1
4,20,0,1,1,4,3,0,1,8,1,1,1,0,0,1,0,6,5,7,0
14,15,0,0,1,4,3,0,1,1,1,1,1,0,2,0,5,0,0,0,0
8,20,4,1,0,0,3,0,0,2,1,1,1,5,0,1,0,8,4,13,1
7,15,4,0,1,0,3,0,0,2,1,1,1,7,0,1,1,9,0,6,0
7,19,0,1,1,0,3,0,0,0,1,1,1,0,0,1,0,6,4,9,1
14,23,2,1,1,3,3,0,1,5,1,1,1,5,2,0,5,0,0,10,1
4,20,4,1,1,0,3,2,0,0,1,1,1,0,0,1,0,2,1,1,0
1,18,4,0,1,0,3,0,0,2,1,1,1,5,0,1,0,1,6,1,1
10,21,0,1,1,4,3,0,1,1,1,1,1,7,0,3,0,8,8,12,0
7,20,4,0,1,0,3,0,0,2,1,1,1,5,0,6,0,1,6,3,1
11,20,0,1,1,4,3,0,1,0,1,1,1,0,2,3,0,6,5,12,0
10,20,4,0,1,4,3,0,1,2,1,1,1,7,0,3,0,6,4,11,1
14,19,4,1,1,0,3,0,0,2,1,1,1,0,2,1,0,4,3,7,1
12,20,4,0,1,4,3,0,1,0,1,1,1,5,2,1,0,8,8,12,1
0,15,4,1,1,0,3,3,0,2,1,1,1,7,0,1,0,4,0,2,1
1,18,4,0,1,0,3,0,0,2,1,1,1,0,0,0,5,0,0,0,1
15,20,2,0,1,0,3,1,0,0,1,1,1,0,2,1,5,6,0,7,0
7,20,0,0,1,0,3,1,0,1,1,1,1,0,0,1,0,5,5,6,1
6,15,4,0,1,0,3,0,0,2,1,1,1,0,0,1,0,6,4,9,1
0,18,4,0,1,0,3,0,0,2,1,1,1,7,0,3,5,0,0,0,0
2,18,4,0,1,0,3,0,0,2,1,1,1,7,0,0,5,0,0,0,1
9,21,4,1,1,0,3,0,0,0,1,1,1,5,0,1,0,5,2,13,1
6,18,0,0,0,0,3,3,0,2,1,0,1,5,0,3,0,9,0,12,1
4,17,4,1,1,0,3,1,0,0,1,1,1,0,0,1,0,6,8,8,0
9,18,4,1,1,0,3,1,0,2,1,1,1,0,0,1,5,0,0,0,1
8,20,4,1,1,0,3,0,0,11,1,1,1,0,0,1,0,6,3,12,1
14,8,0,1,1,4,3,3,1,0,1,1,1,0,2,0,5,0,0,5,1
12,20,4,0,1,4,3,0,1,0,1,1,1,5,2,1,0,6,8,14,1
15,20,0,0,1,4,3,1,1,1,1,1,1,5,2,4,0,6,11,11,1
13,7,0,0,1,0,0,0,0,11,1,1,1,5,2,5,0,8,6,14,1
3,20,4,1,1,4,3,3,1,9,1,1,1,5,0,1,0,6,6,8,1
4,18,4,1,1,0,3,0,0,2,1,1,1,1,0,1,5,0,0,1,1
4,18,4,1,0,4,3,0,1,0,1,1,1,2,0,1,0,6,6,5,0
10,0,4,1,1,4,3,0,1,0,1,1,1,7,0,1,0,3,1,9,0
10,20,4,1,1,3,3,3,1,0,1,1,1,0,0,2,0,6,6,7,1
4,18,2,1,1,4,3,0,1,2,1,1,1,0,0,1,0,2,10,8,1
10,21,4,0,1,0,3,0,0,5,1,1,1,0,0,1,0,8,3,14,1
0,15,4,0,1,0,3,1,0,16,1,1,1,0,0,1,5,6,0,4,1
13,15,4,1,1,0,3,0,0,15,1,1,1,7,2,1,5,0,0,1,1
0,15,4,0,1,4,3,0,1,14,1,1,1,5,0,1,0,2,2,3,0
4,18,4,1,1,0,3,1,0,2,1,1,1,0,0,1,0,2,4,2,1
3,18,0,1,1,0,3,0,0,2,1,1,1,6,0,1,0,2,1,3,0
4,18,4,1,1,0,3,0,0,16,1,1,1,0,0,0,5,0,0,4,0
12,14,0,1,1,0,3,0,0,0,1,1,1,0,2,1,5,0,0,0,1
5,20,4,1,1,0,3,0,0,5,1,1,1,0,0,6,2,0,0,0,1
3,15,4,0,1,0,3,0,0,2,1,1,1,7,0,1,0,2,4,5,1
3,15,4,1,1,0,3,0,0,2,1,1,1,5,0,1,0,5,8,5,1
3,20,4,1,1,0,3,1,0,2,1,1,1,5,0,0,5,0,0,0,1
9,16,0,1,1,4,3,0,1,1,1,1,1,0,0,1,0,6,10,10,0
12,16,4,0,1,0,3,3,0,3,1,1,1,0,2,1,0,9,7,13,0
8,15,4,0,1,0,3,0,0,16,1,1,1,0,0,2,5,6,0,3,0
0,18,4,0,1,0,3,1,0,2,1,1,1,8,0,1,0,1,10,2,1
3,15,4,1,1,0,3,0,0,2,1,1,1,7,0,0,5,0,0,0,1
11,20,4,0,1,0,3,0,0,2,1,1,1,5,0,2,0,4,8,4,1
14,20,0,0,1,0,3,3,0,0,1,1,1,1,2,6,0,2,3,14,1
2,18,4,1,1,0,3,0,0,2,1,1,1,5,0,1,0,2,10,3,1
8,20,0,0,1,0,3,0,0,0,1,1,1,0,0,3,0,6,2,12,0
0,18,4,0,1,0,3,0,0,2,1,1,1,0,0,0,5,0,0,0,1
14,14,0,0,1,0,3,0,0,9,1,1,1,0,2,1,0,6,5,8,1
10,15,0,1,1,0,3,0,0,1,1,1,1,7,0,1,0,5,4,3,1
4,15,0,1,1,0,3,0,0,0,1,1,1,7,0,1,0,6,2,9,1
13,20,4,1,1,4,3,0,1,0,1,1,1,0,2,4,0,6,5,6,0
5,15,4,0,1,0,3,1,0,2,1,1,1,0,0,6,0,4,4,4,1
9,20,0,1,1,0,3,1,0,0,1,1,1,7,0,1,0,6,3,11,1
11,18,0,0,1,4,3,0,1,1,1,1,1,0,2,7,2,0,0,0,1
9,18,4,0,1,0,3,1,0,2,1,1,1,8,0,1,5,5,0,7,1
3,20,4,0,1,0,3,1,0,11,1,1,1,0,0,1,0,8,6,6,0
14,15,0,1,1,0,3,1,0,0,1,1,1,0,2,1,0,4,3,7,1
5,20,4,1,1,0,3,1,0,0,1,1,1,1,0,5,2,6,0,2,0
4,17,4,0,1,0,3,0,0,2,1,1,1,1,0,0,5,0,0,0,1
10,20,4,0,1,0,3,1,0,2,1,1,1,5,0,1,0,6,8,5,1
2,15,4,0,1,0,3,0,0,2,1,1,1,7,0,1,2,2,0,4,1
2,18,4,0,1,0,3,2,0,2,1,1,1,8,0,0,5,0,0,0,1
8,15,4,0,1,0,3,3,0,11,1,1,1,0,0,1,0,6,4,8,0
4,20,4,0,1,0,3,0,0,3,1,1,1,0,0,2,0,4,1,6,1
0,15,4,0,1,4,3,0,1,7,1,1,1,0,0,0,5,0,0,0,1
4,18,4,1,1,0,3,3,0,4,1,1,1,2,0,1,0,6,6,9,1
2,18,4,1,1,0,3,0,0,2,1,1,1,5,0,1,5,6,0,3,1
4,19,4,1,1,0,3,0,0,2,1,1,1,7,0,1,0,6,3,11,1
3,18,4,1,1,0,3,0,0,2,1,1,1,7,0,1,0,2,8,5,1
12,15,2,1,1,0,3,3,0,3,1,1,1,1,2,1,0,9,1,13,1
9,20,4,0,1,3,3,0,1,11,1,1,1,5,0,1,0,8,8,11,1
0,15,4,1,1,0,3,0,0,9,1,1,1,0,0,0,5,0,0,0,1
10,23,4,0,1,2,3,0,0,2,1,1,1,5,0,8,0,6,3,14,1
5,19,4,0,1,0,3,3,0,2,1,1,1,1,0,1,2,2,0,4,1
8,20,4,1,1,0,3,1,0,5,1,1,1,8,0,2,0,6,10,9,1
6,20,4,0,1,0,3,1,0,2,1,1,1,0,0,1,0,6,5,14,1
14,20,0,1,1,4,3,0,1,0,1,1,1,0,2,1,5,8,0,2,0
3,15,4,0,1,0,3,0,0,2,1,1,1,0,0,9,2,0,0,1,1
4,15,4,1,1,4,3,0,1,5,1,1,1,5,0,1,0,6,4,5,1
14,20,4,1,1,3,3,0,1,2,1,1,1,5,2,1,0,6,3,9,1
11,19,4,1,1,0,3,1,0,12,1,1,1,0,2,1,0,3,5,11,0
6,11,4,0,1,4,3,0,1,11,1,1,1,0,0,1,0,6,8,6,1
13,20,0,1,1,4,3,0,1,1,1,1,1,0,2,1,0,8,6,6,1
4,15,4,1,1,0,3,3,0,2,1,1,1,7,0,0,5,0,0,0,1
4,17,0,1,1,0,3,0,0,2,1,1,1,0,0,1,0,6,4,8,0
13,18,4,0,1,0,3,0,0,2,1,1,1,0,2,3,0,2,10,6,1
1,18,4,0,1,0,3,1,0,2,1,1,1,0,0,1,0,1,2,4,1
15,15,4,1,1,0,3,0,0,2,1,1,1,7,2,0,5,0,0,4,1
8,18,4,0,0,0,3,1,0,2,1,1,0,0,0,0,5,0,0,0,1
3,18,4,0,1,0,3,3,0,2,1,1,1,0,0,1,0,5,2,3,1
3,19,4,1,1,0,3,0,0,2,1,1,1,7,0,1,0,6,3,7,1
10,18,4,1,1,0,3,0,0,0,1,1,1,0,0,1,0,8,6,10,1
11,23,4,0,1,4,3,0,1,0,1,1,1,5,2,1,0,6,6,14,1
1,18,4,1,1,4,3,0,1,2,1,1,1,7,0,1,0,2,4,4,0
13,20,0,1,1,0,3,0,0,1,1,1,1,0,2,7,0,5,10,13,0
10,16,4,1,1,0,3,0,0,2,1,1,1,5,0,0,5,0,0,3,1
10,19,4,1,1,0,3,0,0,2,1,1,1,0,0,1,2,2,0,4,1
9,16,4,1,1,0,3,0,0,12,1,1,1,0,0,1,0,7,6,10,1
10,20,0,1,1,0,3,0,0,1,1,1,1,0,0,1,0,6,3,10,0
5,15,4,0,1,0,3,1,0,0,1,1,1,0,0,1,0,8,2,12,1
4,20,4,1,1,0,3,0,0,4,1,1,1,0,0,6,0,4,6,7,1
10,0,0,1,1,4,3,0,1,1,1,1,1,0,0,0,5,0,0,0,1
0,15,4,1,1,0,3,0,0,2,1,1,1,0,0,0,5,0,0,0,1
10,20,4,1,1,3,3,0,1,0,1,1,1,5,0,1,0,8,6,12,0
4,21,4,1,1,0,3,1,0,11,1,1,1,0,2,3,0,1,11,6,1
9,14,0,1,1,4,3,0,1,0,1,1,1,5,0,0,5,0,0,0,1
6,15,4,1,1,0,3,1,0,2,1,1,1,7,0,1,0,5,6,10,1
2,20,4,0,1,0,3,0,0,5,1,1,1,8,0,6,0,1,3,3,1
13,20,0,1,1,0,3,0,0,0,1,1,1,1,2,3,0,6,3,13,0
4,18,4,0,1,3,3,0,1,0,1,1,1,0,0,4,0,9,6,11,1
7,20,0,1,1,0,3,1,0,1,1,1,1,0,0,1,5,0,0,0,0
8,18,4,0,1,0,3,0,0,2,1,1,1,7,0,4,0,6,4,2,1
14,20,0,0,1,0,3,1,0,0,1,1,1,7,2,1,0,6,3,10,1
4,15,4,0,1,4,3,3,1,11,1,1,1,5,0,6,0,1,6,3,0
6,21,4,0,1,0,0,0,0,0,1,1,1,0,0,5,3,7,5,12,0
2,15,4,1,1,0,3,0,0,2,1,1,1,0,0,1,2,6,0,4,1
5,15,4,1,1,0,3,0,0,0,1,1,1,7,0,1,0,8,2,8,0
13,20,2,1,1,0,3,1,0,0,1,1,1,0,2,3,0,6,4,11,1
12,18,4,0,1,3,3,0,1,0,1,1,1,0,2,1,0,6,6,10,1
4,20,4,0,1,0,3,1,0,2,1,1,1,0,0,4,5,0,0,0,0
12,13,0,1,1,4,3,0,1,8,1,1,1,0,2,0,5,0,0,0,1
5,19,4,1,1,0,3,0,0,2,1,1,1,7,0,1,0,1,3,2,1
8,18,4,0,1,0,3,0,0,7,1,1,1,7,0,1,0,6,6,9,0
0,15,4,0,1,0,3,0,0,7,1,1,1,0,0,1,0,3,1,3,1
9,18,4,1,1,0,3,0,0,2,1,1,1,7,0,4,0,5,0,6,1
1,18,4,0,1,0,3,0,0,2,1,1,1,7,0,0,5,0,0,0,1
10,18,0,1,1,0,3,0,0,0,1,1,1,2,0,6,0,6,7,9,1
3,18,4,0,1,0,3,0,0,2,1,1,1,0,0,1,0,6,6,4,1
0,18,4,0,1,4,3,0,1,16,1,1,1,5,0,1,5,8,0,2,0
7,15,4,1,1,0,3,1,0,2,1,1,1,7,0,1,0,6,6,8,1
1,15,4,0,1,0,3,3,0,11,1,1,1,7,0,1,0,2,4,6,0
12,23,4,1,1,0,3,0,0,2,1,1,1,0,2,1,0,1,8,3,1
0,15,4,1,1,0,3,0,0,2,1,1,1,0,0,0,5,0,0,0,1
12,21,4,1,1,0,3,0,0,9,1,1,1,0,2,1,0,6,5,8,1
2,12,4,0,1,0,3,3,0,2,1,1,1,0,0,0,5,0,0,5,1
11,20,0,0,1,0,3,0,0,1,1,1,1,0,2,1,0,8,8,12,1
2,18,0,1,1,0,3,3,0,8,1,1,1,8,0,1,0,4,1,5,1
0,18,4,0,1,0,3,1,0,7,1,1,1,0,0,1,0,1,2,2,1
10,14,4,0,1,4,3,3,1,2,1,1,1,5,0,1,0,5,8,6,1
4,20,4,0,1,0,3,0,0,2,1,1,1,1,0,0,5,0,0,0,1
15,21,0,0,1,4,3,3,1,0,1,1,1,0,2,1,0,9,8,14,1
14,22,0,1,1,0,3,0,0,1,1,1,1,0,2,1,0,7,0,11,1
7,18,4,0,1,0,3,3,0,2,1,1,1,0,0,1,0,7,7,9,1
5,18,4,1,1,0,3,0,0,9,1,1,1,7,0,1,0,6,6,8,1
1,19,4,0,1,0,3,0,0,2,1,1,1,7,0,1,0,4,4,13,1
11,18,0,1,1,0,3,0,0,8,1,1,1,7,2,1,0,6,3,11,1
4,20,4,0,1,0,3,0,0,11,1,1,1,5,0,1,0,7,1,9,1
13,15,0,1,1,0,3,3,0,1,1,1,1,0,2,0,5,0,0,0,1
4,18,4,1,1,0,3,3,0,2,1,1,1,5,0,3,0,3,0,1,1
10,20,0,1,1,3,3,0,1,0,1,1,1,5,0,0,5,0,0,0,1
1,15,4,1,1,0,3,3,0,2,1,1,1,0,0,2,0,1,6,2,0
7,18,2,0,1,0,1,0,0,0,1,1,1,5,0,1,5,9,0,0,0
13,20,4,0,1,0,3,1,0,0,1,1,1,8,2,1,0,8,8,14,1
1,18,4,1,1,0,3,1,0,2,1,1,1,8,0,2,0,2,2,5,1
13,17,4,0,1,0,3,1,0,2,1,1,1,0,2,1,0,6,3,11,1
2,19,4,0,1,0,3,1,0,16,1,1,1,0,0,1,0,7,2,7,0
11,18,4,1,1,0,3,0,0,2,1,1,1,0,2,1,0,2,3,2,1
3,19,4,1,1,0,3,1,0,2,1,1,1,0,0,1,0,4,2,5,1
6,18,4,0,1,0,3,3,0,0,1,1,1,7,0,1,0,1,3,6,1
5,15,4,0,1,0,0,1,0,16,1,1,1,0,0,5,3,6,10,2,1
9,18,4,1,1,0,3,1,0,2,1,1,1,0,0,4,5,0,0,0,1
9,21,4,1,1,0,3,1,0,5,1,1,1,8,0,1,0,2,6,6,1
4,20,4,1,1,0,3,0,0,2,1,1,1,1,0,1,0,3,5,7,1
12,20,0,0,1,4,3,0,1,0,1,1,1,5,2,1,0,6,10,14,1
5,20,4,1,1,0,3,0,0,0,1,1,1,0,0,2,0,6,8,12,0
4,20,4,1,1,0,3,0,0,2,1,1,1,0,0,1,0,2,1,4,1
8,15,4,1,1,0,3,0,0,2,1,1,1,0,0,2,0,3,1,8,1
13,15,4,0,1,0,3,0,0,0,1,1,1,7,2,1,0,6,3,10,1
14,21,4,1,1,0,3,1,0,0,1,1,1,0,2,1,0,6,2,11,1
11,16,0,1,1,4,3,0,1,1,1,1,1,7,2,0,5,0,0,0,0
10,13,0,0,1,0,3,0,0,15,1,1,1,1,0,1,5,6,0,9,1
2,18,4,1,0,0,3,1,0,0,1,1,1,0,0,1,5,5,0,4,0
3,15,4,1,0,0,3,0,0,2,1,1,0,7,0,1,2,0,0,6,0
13,20,0,1,1,0,3,1,0,0,1,1,1,8,2,1,0,8,2,13,0
3,15,4,1,1,0,3,0,0,2,1,1,1,0,0,1,0,3,3,5,1
11,21,0,1,1,0,3,0,0,0,1,1,1,0,2,1,0,8,2,14,1
6,19,4,1,1,0,3,1,0,2,1,1,1,0,0,0,5,0,0,0,1
13,12,4,0,1,0,3,0,0,15,1,1,1,8,0,4,5,0,0,1,1
4,18,4,1,1,0,3,0,0,2,1,1,1,7,0,1,0,6,6,10,1
9,20,0,1,1,0,3,0,0,0,1,1,1,5,0,3,0,6,0,13,0
9,20,4,0,1,0,0,0,0,0,1,1,1,0,0,5,3,6,9,12,0
12,22,0,0,1,0,3,3,0,0,1,1,1,0,2,1,0,9,4,14,1
6,15,4,0,1,0,3,0,0,2,1,1,1,0,0,1,0,6,2,7,1
1,18,4,1,1,0,3,0,0,2,1,1,1,0,0,1,5,2,0,4,1
0,18,4,0,1,0,3,0,0,5,1,1,1,0,0,1,0,8,3,9,1
0,17,4,0,1,3,3,0,1,2,1,1,1,5,0,0,5,0,0,0,1
2,16,4,0,1,0,3,0,0,11,1,1,1,0,0,1,0,7,1,7,1
9,21,4,1,1,4,3,0,1,0,1,1,1,5,0,1,0,1,4,3,1
15,16,4,0,0,0,3,0,0,3,0,0,0,0,2,0,5,0,0,5,1
13,15,4,0,1,0,3,3,0,4,1,1,1,7,2,1,0,5,6,6,1
0,15,4,0,1,0,3,0,0,5,1,1,1,0,0,1,2,6,0,3,1
14,20,0,1,1,0,3,3,0,1,1,1,1,0,2,1,0,6,6,13,1
1,18,4,0,1,0,3,3,0,0,1,1,1,0,0,1,0,1,1,4,0
9,20,4,1,1,0,3,0,0,2,1,1,1,5,0,1,0,3,6,8,1
4,15,4,0,1,0,3,0,0,15,1,1,1,1,0,0,5,0,0,0,1
8,18,4,0,0,0,3,1,0,2,0,1,1,0,0,1,0,2,9,2,0
8,18,4,1,1,4,3,0,1,2,1,1,1,5,0,1,0,6,7,8,1
14,18,4,0,1,3,3,0,1,0,1,1,1,5,2,1,0,7,2,12,1
6,20,4,0,1,0,3,0,0,0,1,1,1,0,0,1,0,6,5,11,1
4,15,4,0,0,0,3,0,0,9,1,1,0,0,0,1,0,6,3,8,0
8,15,4,1,1,0,3,1,0,0,1,1,1,0,0,1,0,4,2,5,1
9,15,4,1,1,0,3,1,0,12,1,1,1,0,0,1,0,5,2,6,1
3,18,4,0,1,0,0,0,0,16,1,1,1,0,0,5,3,9,1,6,1
6,18,0,1,1,0,3,0,0,2,1,1,1,0,0,1,5,4,0,7,1
10,17,4,1,0,0,3,0,0,0,1,1,0,0,0,1,0,6,2,12,1
10,21,0,0,1,0,3,0,0,1,1,1,1,5,0,1,0,6,10,13,1
13,21,4,1,1,4,3,1,0,2,1,1,1,0,2,7,0,6,5,11,1
3,18,4,1,1,0,3,3,0,0,1,1,1,0,0,0,5,0,0,4,0
9,17,4,1,1,0,3,1,0,2,1,1,1,0,0,3,0,6,10,10,1
0,17,4,1,1,0,3,1,0,2,1,1,1,0,0,1,5,4,0,2,1
0,18,4,1,1,0,3,0,0,2,1,1,1,0,0,1,0,2,6,2,1
15,18,0,0,1,0,3,0,0,0,1,1,1,0,2,1,0,6,11,5,1
9,15,0,0,1,0,1,0,0,0,1,1,1,0,0,1,0,9,7,10,1
12,18,4,1,1,3,3,0,1,0,1,1,1,5,2,1,0,6,2,8,1
8,15,0,1,1,0,3,0,0,8,1,1,1,2,0,1,0,6,5,9,1
2,18,4,1,0,0,3,3,0,2,1,1,0,1,0,0,5,0,0,0,1
13,15,0,1,1,4,3,0,1,0,1,1,1,0,2,4,0,6,2,10,1
2,18,4,1,1,0,3,3,0,0,1,1,1,0,0,2,0,6,6,9,1
4,19,4,0,1,0,3,1,0,2,1,1,1,0,0,1,0,6,7,5,1
13,17,4,0,1,0,3,1,0,2,1,1,1,7,2,1,0,4,6,4,1
14,19,0,1,1,0,3,0,0,2,1,1,1,0,2,1,0,8,8,10,1
2,18,4,1,1,0,3,0,0,2,1,1,1,0,0,5,0,6,4,6,1
3,18,0,0,1,0,1,1,0,1,1,1,1,0,2,5,0,6,9,6,1
3,20,4,1,1,0,3,0,0,2,1,1,1,0,0,1,0,8,1,11,1
8,20,4,0,1,0,3,1,0,2,1,1,1,0,0,3,0,2,4,5,1
4,15,4,1,1,4,3,0,1,0,1,1,1,0,0,0,5,0,0,0,1
5,20,0,0,1,0,3,1,0,0,1,1,1,0,0,1,0,9,11,13,0
10,16,4,0,1,0,3,0,0,0,1,1,1,7,0,1,0,7,6,10,0
14,20,0,1,1,0,3,3,0,1,1,1,1,4,2,3,0,8,8,13,1
4,17,4,1,1,0,3,1,0,16,1,1,1,0,0,1,5,3,0,3,1
15,20,0,1,1,3,3,0,1,1,1,1,1,5,2,1,0,6,7,12,1
5,17,4,1,1,0,3,1,0,2,1,1,1,0,0,1,5,0,0,0,1
15,15,4,1,1,4,3,3,1,10,1,1,1,0,2,1,0,9,3,6,1
5,19,4,1,1,4,3,0,1,0,1,1,1,7,0,1,0,3,4,5,1
4,15,4,0,1,0,3,3,0,15,1,1,1,7,0,0,5,0,0,0,0
7,17,4,0,1,0,3,1,0,2,1,1,1,7,0,2,0,6,2,10,1
13,20,4,1,1,0,3,0,0,5,1,1,1,0,2,1,0,8,3,13,1
5,19,0,1,1,0,3,0,0,0,1,1,1,0,0,5,0,6,5,6,1
11,21,0,0,1,3,3,0,1,0,1,1,1,5,2,1,0,6,8,12,1
11,15,0,1,1,0,1,1,0,2,1,1,1,0,2,1,2,0,0,0,1
13,19,4,1,1,0,3,3,0,0,1,1,1,7,2,1,0,6,4,11,1
9,18,4,0,1,0,3,0,0,2,1,1,1,7,0,1,0,6,1,10,1
10,14,0,0,1,4,3,0,1,2,1,1,1,5,0,1,0,6,7,12,1
15,22,4,1,1,0,3,1,0,9,1,1,1,8,2,1,0,9,0,8,1
3,19,4,0,1,0,3,0,0,2,1,1,1,5,0,1,0,6,2,8,1
13,18,2,1,1,0,3,1,0,0,1,1,1,0,2,1,0,6,11,10,1
0,18,4,0,1,0,3,0,0,2,1,1,1,0,0,1,2,1,0,2,0
7,15,4,1,1,0,3,0,0,2,1,1,1,1,0,1,0,6,1,6,1
6,20,4,1,1,0,3,1,0,0,1,1,1,0,0,1,0,5,5,13,1
10,20,0,1,1,4,3,3,1,1,1,1,1,0,0,1,0,7,4,12,1
13,11,3,0,1,0,3,0,0,15,1,1,1,0,2,1,0,7,10,0,1
5,18,4,1,1,0,3,0,0,2,1,1,1,5,0,0,5,0,0,0,1
8,20,4,1,1,0,3,0,0,0,1,1,1,0,0,0,5,0,0,0,1
15,20,0,1,1,0,3,0,0,1,1,1,1,0,2,1,0,6,6,3,1
4,20,4,1,1,0,3,1,0,2,1,1,1,0,0,1,0,4,1,4,1
0,15,4,0,1,0,3,1,0,2,1,1,1,8,0,2,0,3,2,3,1
8,18,2,1,1,0,3,1,0,0,1,1,1,0,0,1,0,6,1,5,1
11,15,4,0,1,0,3,1,0,0,1,1,1,0,2,1,0,6,2,11,1
12,17,0,1,1,0,3,1,0,1,1,1,1,0,2,1,0,5,4,10,1
12,16,0,1,1,4,3,0,1,1,1,1,1,7,2,0,5,0,0,0,1
7,15,4,1,1,4,3,0,1,0,1,1,1,7,0,1,0,6,6,5,1
6,15,4,0,1,4,3,0,1,5,1,1,1,7,0,1,0,3,6,5,1
0,17,4,1,1,0,3,0,0,16,1,1,1,5,0,2,5,2,0,3,0
4,15,4,1,1,4,3,0,1,10,1,1,1,5,0,0,5,0,0,1,0
8,18,4,0,1,0,3,0,0,2,1,1,1,0,0,1,0,6,8,9,1
5,20,4,1,1,0,3,0,0,0,1,1,1,0,0,3,0,2,3,1,1
13,20,4,0,0,0,3,0,0,15,1,1,0,0,2,1,1,6,0,9,0
9,20,4,1,1,0,3,0,0,2,1,1,1,0,0,1,0,6,4,8,1
8,18,4,0,1,0,3,3,0,0,1,1,1,7,0,1,0,3,2,8,1
7,20,4,1,1,0,3,1,0,2,1,1,1,5,0,1,2,0,0,0,1
7,13,4,1,1,0,3,0,0,16,1,1,1,1,0,1,0,8,10,5,1
4,19,4,0,1,0,3,1,0,2,1,1,1,0,0,1,0,4,4,5,1
3,18,4,0,1,4,3,0,1,4,1,1,1,0,0,1,0,6,4,7,1
10,20,4,0,1,0,3,0,0,10,1,1,1,5,0,1,0,6,7,14,1
0,18,4,0,1,0,3,1,0,16,1,1,1,0,0,1,0,1,3,2,1
0,14,4,1,1,0,3,1,0,16,1,1,1,0,0,3,1,1,0,1,0
5,20,4,1,1,0,3,3,0,11,1,1,1,5,0,4,0,2,10,3,0
10,18,4,0,1,0,3,0,0,0,1,1,1,0,0,1,0,6,7,7,1
15,18,0,0,1,4,3,0,1,1,1,1,1,5,2,1,0,6,2,2,0
7,13,0,0,1,0,3,0,0,0,1,1,1,0,0,1,0,6,2,6,1
1,19,4,1,1,0,3,1,0,16,1,1,1,0,0,2,0,1,2,4,0
14,18,4,1,1,0,3,0,0,9,1,1,1,1,2,6,0,6,8,8,1
1,18,4,0,1,0,3,0,0,16,1,1,1,5,0,2,5,1,0,3,1
6,15,4,1,1,0,3,0,0,12,1,1,1,7,0,1,5,5,0,3,1
10,20,0,1,1,0,3,0,0,0,1,1,1,0,0,1,0,6,2,14,0
4,15,4,1,1,2,3,0,0,2,1,1,1,5,0,1,0,4,3,4,1
10,21,4,1,1,0,3,1,0,0,1,1,1,0,0,4,0,6,5,14,1
15,22,0,0,1,4,3,0,1,1,1,1,1,0,2,2,0,6,4,14,1
7,15,4,0,1,0,3,0,0,0,1,1,1,7,0,4,0,6,1,10,1
12,19,4,0,1,0,3,1,0,0,1,1,1,5,2,4,0,6,2,11,1
7,19,4,1,1,0,3,3,0,12,1,1,1,7,0,2,0,6,11,9,0
10,8,4,0,1,4,3,3,1,11,1,1,1,0,0,1,0,6,4,7,0
2,19,4,1,1,0,3,1,0,16,1,1,1,8,0,1,5,2,0,3,1
7,15,4,1,1,0,3,0,0,7,1,1,1,0,0,0,5,0,0,0,1
1,18,4,1,1,0,3,0,0,2,1,1,1,0,0,1,0,2,10,8,1
6,20,4,0,1,0,3,3,0,12,1,1,1,7,0,1,0,9,11,14,0
13,20,4,1,1,0,3,3,0,0,1,1,1,0,2,2,0,8,8,11,1
15,22,0,0,1,0,3,1,0,1,1,1,1,0,2,1,0,7,3,14,1
5,20,4,0,1,0,3,1,0,0,1,1,1,0,0,2,2,1,0,3,0
7,20,4,1,1,0,3,1,0,0,1,1,1,0,0,2,2,0,0,0,1
7,15,0,1,1,4,3,0,1,0,1,1,1,7,0,1,0,6,8,6,1
8,15,4,0,1,3,3,0,1,2,1,1,1,8,0,1,0,6,6,6,1
14,18,4,0,1,0,3,0,0,0,1,1,1,0,2,1,5,0,0,0,0
14,18,0,0,1,3,3,0,1,0,1,1,1,1,2,1,0,6,8,9,1
0,17,4,0,1,0,3,1,0,15,1,1,1,0,0,3,5,3,0,1,1
14,21,4,0,1,0,3,0,0,0,1,1,1,5,2,1,0,6,2,14,0
9,15,4,0,1,3,3,0,1,5,1,1,1,7,0,1,2,6,0,4,1
14,21,0,1,1,0,3,1,0,0,1,1,1,0,2,3,0,6,8,12,1
14,10,0,0,1,4,3,0,1,8,1,1,1,0,2,5,0,6,5,10,1
10,17,0,1,1,0,3,0,0,0,1,1,1,0,0,1,0,4,3,4,1
1,18,4,0,0,0,3,3,0,2,1,1,0,0,0,0,5,0,0,0,1
12,15,0,1,1,0,3,0,0,0,1,1,1,8,2,0,5,0,0,0,1
11,16,4,0,1,0,3,3,0,15,1,1,1,7,2,0,5,0,0,0,1
4,15,4,1,1,0,3,1,0,2,1,1,1,2,0,6,2,0,0,0,1
5,20,4,0,1,0,3,0,0,2,1,1,1,0,0,2,0,1,8,3,1
9,16,4,0,1,0,3,0,0,2,1,1,1,7,0,1,5,0,0,0,1
3,18,4,1,1,0,3,0,0,0,1,1,1,0,0,1,1,6,0,8,1
3,18,4,1,1,0,3,0,0,0,1,1,1,0,0,1,0,2,1,6,0
8,20,4,1,1,0,3,1,0,7,1,1,1,0,0,1,0,6,8,7,1
0,18,4,0,1,0,3,1,0,2,1,1,1,8,0,1,0,6,6,2,1
7,15,4,0,1,0,3,0,0,2,1,1,1,7,0,4,0,6,4,3,1
8,20,4,1,1,0,3,1,0,2,1,1,1,0,0,1,0,6,4,9,1
4,20,4,1,1,0,3,1,0,0,1,1,1,0,0,1,1,6,0,11,1
13,20,0,1,1,0,3,0,0,1,1,1,1,0,2,1,0,6,5,13,0
1,15,4,0,1,3,3,3,1,9,1,1,1,0,0,1,0,2,2,2,1
5,12,4,1,1,0,3,0,0,4,1,1,1,0,0,5,2,0,0,5,1
4,19,4,0,1,0,3,1,0,2,1,1,1,0,0,7,0,6,5,6,1
0,15,4,1,1,0,3,3,0,16,1,1,1,0,0,0,5,0,0,0,0
9,21,0,1,1,0,3,1,0,1,1,1,1,0,0,2,0,5,4,12,0
1,18,4,1,1,0,3,0,0,2,1,1,1,7,0,0,5,0,0,0,1
3,18,4,1,1,0,3,0,0,2,1,1,1,7,0,1,5,0,0,0,1
7,16,4,0,1,0,3,0,0,2,1,1,1,0,0,1,0,6,2,3,1
7,15,4,1,1,0,3,3,0,3,1,1,1,1,0,1,0,6,2,10,1
4,15,4,0,1,0,3,0,0,16,1,1,1,0,0,1,0,6,4,11,0
3,18,4,1,1,0,3,0,0,4,1,1,1,0,0,1,0,1,1,4,1
8,21,4,0,1,0,3,3,0,0,1,1,1,7,0,1,0,7,1,9,0
2,18,4,1,1,0,3,0,0,2,1,1,1,0,0,1,0,6,3,2,1
8,19,4,0,1,0,3,0,0,7,1,1,1,7,0,1,0,3,6,7,1
7,15,4,0,1,4,3,0,1,9,1,1,1,5,0,1,0,4,11,4,0
1,15,4,0,0,0,3,1,0,2,1,1,0,0,0,1,5,1,0,1,1
15,20,0,0,1,0,3,1,0,0,1,1,1,0,2,1,0,7,2,13,1
3,20,4,1,1,0,3,3,0,2,1,1,1,0,0,2,5,6,0,2,0
6,15,4,0,1,0,0,1,0,16,1,1,1,0,0,5,3,6,3,9,0
6,20,4,0,1,0,3,3,0,11,1,1,1,5,0,1,0,6,6,13,0
5,20,4,1,1,0,3,3,0,2,1,1,1,0,0,1,0,2,10,1,1
10,15,4,1,1,0,3,1,0,0,1,1,1,8,0,1,0,6,8,9,1
3,18,4,0,1,0,3,1,0,2,1,1,1,7,0,1,5,0,0,2,1
6,19,4,1,1,0,3,0,0,2,1,1,1,0,0,1,0,3,5,11,1
5,12,4,0,1,0,3,3,0,5,1,1,1,0,0,1,0,6,10,13,1
12,21,0,1,1,0,3,1,0,0,1,1,1,8,2,1,0,6,4,13,1
10,20,4,0,1,0,3,0,0,0,1,1,1,0,0,1,2,6,0,8,1
8,15,4,0,1,0,3,0,0,0,1,1,1,7,0,1,0,6,3,12,1
4,20,4,1,1,0,3,1,0,3,1,1,1,8,0,1,0,2,7,5,1
5,18,4,0,0,0,3,3,0,16,1,1,0,0,0,0,5,0,0,5,1
12,14,0,0,1,0,3,0,0,15,1,1,1,7,2,1,5,6,0,2,1
4,18,4,0,1,0,3,1,0,0,1,1,1,0,0,1,5,0,0,0,1
3,15,4,0,1,0,3,0,0,2,1,1,1,7,0,1,0,6,8,4,0
3,15,4,0,1,0,3,0,0,15,1,1,1,5,0,1,5,0,0,1,1
14,18,0,1,1,4,3,0,1,0,1,1,1,5,2,0,5,0,0,0,1
13,21,0,1,1,4,3,0,1,0,1,1,1,5,2,1,0,6,7,13,1
1,18,4,0,1,0,3,3,0,2,1,1,1,7,0,1,0,6,2,5,1
7,17,4,0,1,0,3,0,0,7,1,1,1,0,0,1,0,6,11,6,0
13,21,0,0,1,0,3,1,0,1,1,1,1,0,2,1,0,5,4,14,1
4,20,4,1,1,0,3,3,0,2,1,1,1,0,0,1,0,3,4,4,1
8,21,4,1,1,4,3,3,1,11,1,1,1,5,0,1,0,6,4,8,0
2,15,4,0,1,3,1,0,1,0,1,1,1,8,0,1,0,6,7,9,1
11,20,0,1,1,0,3,0,0,0,1,1,1,5,2,3,1,6,0,12,1
5,17,4,1,1,0,3,1,0,2,1,1,1,7,0,1,5,0,0,2,1
2,19,4,1,1,0,3,1,0,2,1,1,1,8,0,1,0,1,2,3,1
11,10,4,1,1,4,3,0,1,12,1,1,1,7,2,0,5,0,0,0,1
10,18,4,1,1,3,3,3,1,10,1,1,1,8,0,4,0,1,6,3,0
13,18,0,1,1,0,3,1,0,0,1,1,1,0,2,1,5,1,0,1,1
1,15,4,1,1,0,3,3,0,2,1,1,1,0,0,0,5,0,0,0,1
10,8,0,0,1,0,3,0,0,11,1,1,1,0,0,1,0,6,4,3,0
13,18,4,0,1,4,3,0,1,12,1,1,1,0,2,1,0,6,6,12,0
9,20,4,0,1,0,3,1,0,0,1,1,1,0,0,4,0,6,10,12,0
3,15,4,1,1,0,3,0,0,5,1,1,1,7,0,1,0,6,4,6,1
5,20,4,0,1,0,3,0,0,2,1,1,1,5,0,1,0,3,4,3,0
8,1,4,0,1,4,3,0,1,9,1,1,1,5,0,3,0,6,3,11,1
1,15,4,1,1,0,3,3,0,2,1,1,1,0,0,1,5,1,0,1,1
14,15,0,0,0,0,3,0,0,8,1,1,0,0,2,1,0,5,0,6,1
1,18,4,1,1,0,3,1,0,2,1,1,1,0,0,1,0,2,6,4,0
1,14,4,0,1,4,3,0,1,16,1,1,1,0,0,0,5,0,0,0,0
9,20,4,0,1,0,3,0,0,11,1,1,1,0,0,1,0,6,3,10,1
12,21,0,1,1,4,3,0,1,1,1,1,1,5,2,1,0,2,4,14,0
13,20,0,0,1,0,3,0,0,0,1,1,1,5,2,6,0,6,6,14,1
9,15,4,0,1,4,3,0,1,2,1,1,1,7,0,0,5,0,0,0,1
5,20,4,0,1,0,3,1,0,2,1,1,1,0,0,1,0,6,4,5,1
3,13,4,0,1,0,3,3,0,2,1,1,1,0,0,0,5,0,0,4,1
8,19,4,1,1,0,3,3,0,2,1,1,1,0,0,1,0,6,11,8,1
13,15,0,1,1,4,3,0,1,1,1,1,1,5,2,1,0,8,10,12,1
0,15,4,1,1,4,3,0,1,10,1,1,1,0,0,0,5,0,0,0,1
11,21,0,0,1,0,3,0,0,0,1,1,1,5,2,1,0,9,2,14,0
11,20,4,0,1,0,3,1,0,0,1,1,1,0,2,1,0,6,5,10,0
11,23,4,1,1,0,3,0,0,2,1,1,1,0,2,1,0,6,11,13,1
12,15,4,1,1,0,3,0,0,2,1,1,1,0,2,0,5,0,0,0,1
0,18,4,0,1,0,3,0,0,2,1,1,1,0,0,1,0,6,8,3,1
14,19,0,0,1,0,3,1,0,1,1,1,1,0,2,1,0,3,6,10,1
5,21,4,1,1,0,3,1,0,12,1,1,1,5,0,6,0,6,3,10,0
1,18,4,1,1,0,3,0,0,11,1,1,1,7,0,1,5,4,0,4,1
5,17,0,1,1,0,1,1,0,1,1,1,1,0,2,5,5,0,0,0,1
9,21,4,1,1,0,3,0,0,2,1,1,1,1,0,1,0,6,8,11,0
12,18,4,1,1,0,3,1,0,2,1,1,1,0,2,2,0,6,4,11,1
13,20,0,1,1,3,3,0,1,0,1,1,1,0,2,2,0,7,10,9,1
9,17,0,0,1,0,0,3,0,16,1,1,1,0,0,2,3,9,0,0,0
13,21,0,1,1,0,3,1,0,0,1,1,1,8,2,1,1,9,0,13,0
9,20,4,0,1,0,3,0,0,11,1,1,1,0,0,1,0,6,4,11,1
5,15,4,1,1,0,3,0,0,0,1,1,1,7,0,1,5,0,0,0,1
8,20,4,1,1,4,3,0,1,14,1,1,1,5,0,1,0,6,6,9,1
4,18,4,0,1,0,3,0,0,2,1,1,1,1,0,1,0,2,2,5,1
9,20,4,1,1,0,3,0,0,5,1,1,1,0,0,1,0,6,4,13,1
0,18,4,1,1,0,3,0,0,10,1,1,1,0,0,1,0,6,0,3,0
10,15,4,0,1,0,3,3,0,14,1,1,1,0,0,1,0,6,6,10,1
15,18,2,0,0,0,1,1,0,0,1,0,1,0,2,4,0,9,11,14,0
1,18,4,0,1,0,3,3,0,2,1,1,1,0,0,0,5,0,0,0,1
2,17,4,1,1,0,3,0,0,2,1,1,1,7,0,0,5,0,0,12,1
8,18,0,0,1,0,3,0,0,0,1,1,1,0,0,1,0,6,3,13,1
1,15,4,1,1,4,3,0,1,12,1,1,1,5,0,1,0,6,6,4,1
11,16,0,1,1,0,3,0,0,1,1,1,1,0,2,1,0,6,10,10,1
2,16,4,0,1,0,3,1,0,2,1,1,1,8,0,1,0,7,0,4,1
9,19,4,0,1,0,3,3,0,11,1,1,1,0,0,1,5,8,0,6,1
10,20,0,1,1,4,3,1,1,1,1,1,1,0,0,1,2,0,0,0,1
7,20,0,1,1,0,3,3,0,0,1,1,1,5,0,1,0,8,4,14,1
0,18,4,0,1,0,3,3,0,16,1,1,1,5,0,0,5,0,0,0,1
10,18,4,0,1,0,3,0,0,5,1,1,1,7,0,1,2,6,0,3,1
1,17,4,1,0,0,3,1,0,2,0,1,0,0,0,1,0,2,3,9,1
0,17,4,0,1,0,3,1,0,16,1,1,1,0,0,1,5,1,0,2,0
11,11,4,0,0,2,3,0,0,2,0,1,0,0,2,1,0,4,5,7,1
6,18,4,0,1,0,3,2,0,0,1,1,1,6,0,2,0,5,10,8,1
8,15,4,1,1,0,3,0,0,0,1,1,1,0,0,1,0,6,6,12,0
6,20,4,1,1,0,3,0,0,10,1,1,1,5,0,1,0,6,11,13,1
15,20,4,0,1,0,3,1,0,15,1,1,1,0,2,4,5,6,0,2,0
9,15,0,1,1,4,3,0,1,2,1,1,1,0,0,1,0,1,2,7,1
8,23,0,1,1,4,3,0,1,8,1,1,1,5,0,0,5,0,0,0,1
11,15,4,0,1,4,3,0,1,0,1,1,1,0,2,7,5,6,0,4,1
5,17,4,0,1,0,3,1,0,0,1,1,1,0,0,1,2,0,0,0,1
13,0,4,0,1,4,3,0,1,0,1,1,1,7,2,6,0,4,6,6,1
10,20,0,0,1,0,3,0,0,1,1,1,1,5,0,1,0,6,4,14,1
4,20,4,0,1,4,3,0,1,0,1,1,1,0,0,6,0,6,0,6,1
11,20,4,0,1,0,3,1,0,0,1,1,1,0,2,1,2,8,0,14,0
9,11,3,1,1,4,3,0,1,1,1,1,1,7,1,6,0,9,3,10,1
14,19,0,1,1,0,3,1,0,0,1,1,1,0,2,1,0,6,2,10,1
6,9,4,0,1,0,3,0,0,12,1,1,1,7,0,2,0,4,1,4,1
11,20,0,1,1,0,3,1,0,1,1,1,1,0,2,1,0,7,1,11,1
3,22,0,1,1,0,3,0,0,1,1,1,1,0,0,1,0,6,9,14,1
14,19,0,0,1,0,3,3,0,1,1,1,1,4,2,1,0,5,8,14,1
10,20,0,1,1,3,3,0,1,1,1,1,1,0,0,6,1,8,0,11,1
5,18,4,1,1,0,3,3,0,9,1,1,1,0,0,1,0,6,5,8,1
6,20,4,1,1,0,3,3,0,2,1,1,1,0,0,2,0,6,2,8,1
11,21,4,0,1,4,3,0,1,14,1,1,1,5,2,0,5,0,0,0,0
13,18,4,1,0,0,3,1,0,12,1,1,0,0,2,0,5,0,0,5,1
4,18,4,0,1,0,3,0,0,14,1,1,1,1,0,1,0,6,3,7,1
1,15,4,0,1,0,3,0,0,2,1,1,1,0,0,0,5,0,0,0,0
13,13,4,0,1,0,3,1,0,15,1,1,1,0,2,1,5,0,0,0,1
7,20,4,1,1,0,3,1,0,2,1,1,1,5,0,1,5,6,0,2,1
6,15,4,1,1,0,3,1,0,2,1,1,1,0,0,9,2,1,0,1,1
12,14,0,0,1,0,3,0,0,11,1,1,1,5,2,1,0,6,8,8,0
0,15,4,0,1,0,3,1,0,2,1,1,1,7,0,1,0,6,3,6,1
8,18,0,1,1,0,3,0,0,0,1,1,1,1,0,1,0,6,11,7,1
15,23,0,0,1,0,3,0,0,0,1,1,1,5,2,1,0,8,6,14,0
11,18,0,1,1,4,3,0,1,1,1,1,1,5,2,1,0,6,1,6,0
1,15,4,1,1,3,3,0,1,2,1,1,1,0,0,2,0,2,8,5,1
10,20,4,1,1,0,3,0,0,0,1,1,1,0,0,4,0,5,3,5,1
0,15,4,0,1,0,3,1,0,2,1,1,1,0,0,1,0,3,2,2,1
14,20,0,0,1,4,3,0,1,1,1,1,1,7,2,1,0,6,6,12,1
3,20,4,1,1,0,3,3,0,11,1,1,1,0,0,1,0,6,2,10,1
11,15,4,0,1,0,0,0,0,16,1,1,1,0,2,5,3,9,1,6,0
2,15,4,0,1,0,3,0,0,2,1,1,1,7,0,1,0,6,3,4,1
13,17,0,0,1,0,3,0,0,0,1,1,1,7,2,3,0,9,6,11,1
8,21,0,1,1,0,1,1,0,0,1,1,1,0,0,5,0,6,4,7,0
8,18,0,0,1,4,3,3,1,8,1,1,1,7,0,1,5,0,0,0,0
3,19,4,1,1,0,3,3,0,2,1,1,1,0,0,1,5,0,0,0,1
5,19,4,0,1,0,3,0,0,2,1,1,1,0,0,1,0,6,10,10,1
14,20,0,1,1,0,3,0,0,1,1,1,1,0,2,5,0,9,5,13,1
11,15,4,0,1,0,3,0,0,16,1,1,1,1,2,1,0,9,4,11,0
4,19,4,0,1,0,3,0,0,2,1,1,1,7,0,1,0,6,8,6,1
14,23,0,0,1,4,3,0,1,0,1,1,1,5,2,1,0,6,5,14,1
8,20,4,1,0,0,3,1,0,0,1,1,0,8,0,1,5,0,0,0,1
0,18,4,0,1,0,3,0,0,16,1,1,1,0,0,0,5,0,0,0,0
11,2,0,0,1,2,3,0,0,3,1,1,1,2,2,1,2,5,3,6,0
2,17,4,1,1,0,3,1,0,16,1,1,1,0,0,3,5,2,0,4,0
5,15,4,1,1,0,3,0,0,2,1,1,1,7,0,1,0,6,8,4,1
8,20,4,1,1,0,3,0,0,12,1,1,1,5,0,1,0,6,4,9,0
4,17,4,1,1,0,3,0,0,4,1,1,1,0,0,0,5,0,0,5,1
1,15,4,0,1,0,3,0,0,15,1,1,1,0,0,1,5,1,0,1,0
5,20,4,0,1,0,3,0,0,2,1,1,1,0,0,1,0,8,3,11,1
2,17,4,0,1,3,3,0,1,15,1,1,1,1,0,0,5,0,0,0,1
9,17,4,1,1,0,3,1,0,0,1,1,1,8,0,1,0,6,8,12,0
4,10,4,1,0,4,3,3,1,13,1,1,0,8,0,0,5,0,0,0,1
0,15,4,0,1,0,3,0,0,2,1,1,1,0,0,0,5,0,0,0,1
14,21,4,1,1,0,3,0,0,11,1,1,1,1,2,6,0,8,3,14,1
1,18,4,0,1,0,3,0,0,9,1,1,1,5,0,1,0,1,4,1,0
9,21,0,1,1,4,3,0,1,1,1,1,1,5,0,0,5,0,0,0,1
7,18,0,0,1,0,1,0,0,0,1,1,1,0,0,1,0,4,7,10,1
11,16,0,0,1,0,3,0,0,0,1,1,1,0,2,1,5,6,0,5,0
14,18,4,0,1,0,3,0,0,11,1,1,1,1,2,1,0,6,8,11,1
2,20,4,1,1,0,3,0,0,0,1,1,1,5,0,1,0,1,8,2,0
7,18,4,0,1,0,3,0,0,2,1,1,1,5,0,1,0,6,6,14,1
8,19,4,1,1,0,3,0,0,12,1,1,1,0,0,1,0,4,2,5,0
15,21,4,0,1,0,3,1,0,0,1,1,1,0,2,1,0,9,3,14,1
14,18,0,1,1,0,3,0,0,1,1,1,1,7,2,0,5,0,0,0,1
9,20,4,1,1,0,3,0,0,12,1,1,1,0,0,2,0,7,6,10,0
6,19,0,1,1,0,3,3,0,2,1,1,1,5,0,1,0,6,11,11,1
5,18,4,1,1,0,3,1,0,0,1,1,1,0,0,1,0,1,1,3,0
6,16,4,0,1,0,3,0,0,10,1,1,1,0,0,1,0,5,0,3,1
2,14,0,1,1,0,3,0,0,9,1,1,1,0,0,1,0,6,3,14,1
4,15,4,0,1,0,3,3,0,7,1,1,1,0,0,1,0,8,1,9,1
1,18,4,1,1,0,3,0,0,2,1,1,1,7,0,0,5,0,0,0,1
6,18,4,1,1,0,3,0,0,2,1,1,1,1,0,1,0,1,10,1,1
4,15,0,0,1,0,3,0,0,0,1,1,1,0,0,1,0,8,4,7,1
15,19,4,0,1,0,3,3,0,2,1,1,1,0,2,2,0,4,0,6,1
9,20,4,1,1,0,3,1,0,2,1,1,1,0,0,1,0,2,8,3,1
11,18,0,1,1,4,3,0,1,1,1,1,1,5,2,0,5,0,0,0,0
2,18,4,0,1,0,3,1,0,16,1,1,1,0,0,6,5,1,0,1,0
7,18,4,1,1,0,3,0,0,2,1,1,1,7,0,1,0,6,8,9,1
13,20,0,0,1,4,3,3,1,1,1,1,1,0,2,1,0,8,10,14,0
7,15,0,1,1,0,3,3,0,2,1,1,1,0,0,1,0,6,4,10,1
10,15,2,1,1,3,3,3,1,5,1,1,1,0,0,1,5,6,0,8,1
0,18,4,0,1,0,3,0,0,5,1,1,1,0,0,2,0,3,4,2,1
9,20,0,1,1,2,3,1,1,1,1,1,1,0,0,6,0,1,4,6,1
1,18,4,1,1,0,3,0,0,2,1,1,1,7,0,0,5,0,0,0,1
15,19,0,1,1,3,3,0,1,0,1,1,1,0,2,4,0,6,10,10,1
3,20,4,0,1,0,3,1,0,9,1,1,1,0,0,1,0,7,5,8,0
7,11,4,1,1,4,3,3,1,11,1,1,1,0,0,1,0,4,8,6,1
5,20,4,0,1,0,3,3,0,5,1,1,1,7,0,1,2,8,0,6,0
0,17,4,1,1,0,3,1,0,2,1,1,1,0,0,1,0,3,5,1,1
5,17,4,1,1,0,3,0,0,0,1,1,1,0,0,1,0,2,3,6,1
15,20,0,0,1,0,3,0,0,0,1,1,1,0,2,4,0,6,10,12,0
4,18,0,1,1,0,3,0,0,2,1,1,1,5,0,1,2,2,0,3,1
10,14,4,1,1,0,3,0,0,2,1,1,1,0,0,7,0,6,8,7,1
2,17,4,1,1,0,3,1,0,2,1,1,1,0,0,1,2,3,0,5,1
10,20,4,1,1,2,3,1,0,0,1,1,1,5,0,1,0,5,3,8,0
2,18,4,0,1,0,3,0,0,2,1,1,1,7,0,1,2,4,0,3,1
4,18,4,0,1,0,3,3,0,2,1,1,1,5,0,1,0,6,3,11,1
15,20,4,0,1,4,3,0,1,11,1,1,1,0,2,2,5,0,0,0,1
0,15,4,1,1,0,3,0,0,2,1,1,1,8,0,3,0,3,1,5,1
12,20,0,1,1,4,3,0,1,1,1,1,1,5,2,0,5,0,0,0,1
15,22,4,0,1,0,3,1,0,15,1,1,1,8,0,2,5,9,0,0,1
10,19,4,0,1,0,3,0,0,12,1,1,1,0,0,1,0,6,2,10,1
4,18,4,0,1,4,3,0,1,0,1,1,1,7,0,1,0,6,4,5,0
1,15,4,0,1,0,3,1,0,7,1,1,1,1,0,1,0,6,6,6,0
11,19,4,1,0,0,3,3,0,2,1,1,0,0,2,1,0,1,2,4,1
14,20,0,1,1,4,3,0,1,8,1,1,1,5,2,1,0,6,8,11,1
7,17,4,0,1,0,3,0,0,0,1,1,1,0,0,1,0,6,2,8,1
5,20,4,0,1,0,3,1,0,2,1,1,1,8,0,1,0,8,10,10,1
7,20,0,0,1,4,3,0,1,1,1,1,1,0,0,1,0,6,6,12,1
6,18,4,1,1,0,3,0,0,10,1,1,1,0,0,1,0,6,8,10,0
9,3,0,0,0,0,1,3,1,9,1,0,1,7,0,6,0,6,4,7,1
4,15,4,0,1,0,3,1,0,2,1,1,1,0,0,6,0,3,3,5,1
12,21,0,1,1,0,3,3,0,1,1,1,1,0,2,1,0,6,6,13,1
9,20,0,1,1,0,3,0,0,0,1,1,1,0,0,1,0,6,8,13,0
2,18,4,1,1,0,3,3,0,2,1,1,1,7,0,1,0,2,1,5,1
3,19,4,1,1,0,3,0,0,14,1,1,1,0,0,1,0,6,8,9,1
15,20,0,1,1,0,3,0,0,1,1,1,1,0,2,1,0,9,4,12,0
8,19,4,1,1,0,3,0,0,12,1,1,1,5,0,0,5,0,0,12,1
5,20,4,0,1,0,3,0,0,11,1,1,1,5,0,1,0,6,8,13,1
15,15,0,1,1,4,3,0,1,1,1,1,1,7,2,1,0,6,8,4,1
2,15,4,0,1,0,0,0,0,16,1,1,1,1,0,5,3,9,1,6,1
2,22,4,1,1,0,3,0,0,0,1,1,1,0,0,1,0,7,4,11,1
8,21,0,1,1,0,3,1,0,0,1,1,1,0,0,1,0,6,10,13,0
0,17,4,0,1,0,3,0,0,2,1,1,1,8,0,1,2,1,0,1,1
1,17,4,0,1,0,3,0,0,2,1,1,1,0,0,1,0,3,6,2,1
14,19,0,0,1,0,3,1,0,2,1,1,1,0,2,1,0,9,6,13,1
0,19,4,1,1,0,3,0,0,2,1,1,1,0,0,1,0,2,4,4,1
9,15,4,0,0,0,1,0,0,0,0,0,1,5,0,1,0,6,8,11,1
6,20,0,0,1,0,3,0,0,9,1,1,1,0,0,0,5,0,0,0,1
13,20,0,0,1,0,3,2,0,1,1,1,1,0,2,1,0,6,10,10,0
6,18,4,1,1,0,3,1,0,4,1,1,1,0,0,5,5,0,0,11,1
4,20,4,0,1,0,3,1,0,2,1,1,1,0,0,1,0,6,10,12,1
13,21,4,1,1,3,3,2,1,0,1,1,1,8,2,1,0,2,9,7,1
2,17,4,0,1,0,3,1,0,0,1,1,1,0,0,1,0,6,2,4,0
1,17,4,0,1,4,3,0,1,16,1,1,1,5,0,1,0,6,2,8,0
10,23,0,0,1,0,3,3,0,0,1,1,1,0,0,1,0,8,6,14,0
1,18,4,1,1,0,3,1,0,16,1,1,1,0,0,1,5,1,0,2,0
5,15,0,1,0,0,3,3,0,2,1,1,1,0,0,0,5,0,0,0,1
0,17,4,0,1,0,3,0,0,16,1,1,1,5,0,0,5,0,0,0,1
12,0,2,1,0,1,3,3,1,13,1,1,0,1,2,2,0,5,1,6,1
14,15,0,0,1,4,3,0,1,1,1,1,1,7,2,1,0,6,5,9,1
5,15,4,1,0,0,3,0,0,2,1,1,0,7,0,0,5,0,0,0,1
10,14,0,0,1,0,3,0,0,15,1,1,1,0,0,1,5,1,0,1,1
3,18,4,1,1,4,3,0,1,2,1,1,1,0,0,1,1,2,0,4,1
0,15,4,0,1,0,0,0,0,16,1,1,1,0,0,5,3,2,1,1,1
4,15,4,1,1,0,3,0,0,14,1,1,1,0,0,0,5,0,0,0,0
6,18,4,0,1,0,3,0,0,2,1,1,1,0,0,1,5,0,0,11,1
5,20,4,0,1,0,3,0,0,2,1,1,1,7,0,1,0,6,3,9,1
6,21,4,0,1,0,3,1,0,1,1,1,1,8,0,8,5,0,0,0,1
7,18,4,0,1,4,3,0,1,2,1,1,1,5,0,0,5,0,0,0,1
6,15,4,0,1,0,3,0,0,7,1,1,1,1,0,1,0,6,6,6,1
10,0,0,0,1,3,3,0,1,1,1,1,1,5,0,1,1,6,0,11,1
0,18,4,0,1,3,3,3,1,2,1,1,1,5,0,1,0,6,2,9,1
15,18,0,0,1,3,3,2,1,0,1,1,1,0,2,1,0,6,3,7,1
7,15,4,1,1,0,3,0,0,2,1,1,1,7,0,0,5,0,0,0,1
14,21,4,0,1,4,3,3,1,9,1,1,1,5,2,1,0,6,5,9,0
6,15,4,1,1,0,3,0,0,7,1,1,1,7,0,1,5,0,0,3,1
10,15,4,0,1,0,3,1,0,2,1,1,1,0,0,1,0,2,6,3,1
2,17,4,0,1,0,3,1,0,2,1,1,1,8,0,1,2,4,0,5,0
8,1,4,1,1,4,3,3,1,11,1,1,1,5,0,3,5,6,0,0,0
15,14,4,0,1,3,3,0,1,15,1,1,1,7,2,1,5,5,0,3,1
3,17,4,1,1,0,3,1,0,11,1,1,1,8,0,1,0,6,1,9,1
5,20,4,1,1,0,3,1,0,0,1,1,1,0,0,5,0,6,4,6,0
7,20,0,1,1,4,3,0,1,1,1,1,1,5,0,1,0,6,6,14,1
1,15,4,0,1,0,3,3,0,11,1,1,1,0,0,1,0,7,3,13,0
12,15,4,1,0,4,3,3,1,12,1,0,1,0,2,1,0,6,11,3,0
3,14,0,0,1,0,3,3,0,11,1,1,1,0,0,1,0,6,8,14,0
9,20,4,0,1,2,3,3,0,2,1,1,1,0,0,1,0,5,3,8,1
7,15,0,0,1,0,1,0,0,0,1,1,1,5,0,5,5,6,0,2,0
1,18,4,1,0,0,3,0,0,16,1,1,0,0,0,0,5,0,0,0,1
3,15,4,1,1,0,3,1,0,12,1,1,1,8,0,1,0,2,3,6,0
7,4,0,0,1,3,1,0,1,11,1,1,1,7,0,2,0,7,2,10,1
8,20,4,1,0,0,3,1,0,0,1,1,0,0,0,1,5,0,0,0,1
15,20,2,1,1,0,3,1,0,0,1,1,1,0,2,4,0,6,10,12,0
0,15,4,1,1,0,3,0,0,2,1,1,1,0,0,0,5,0,0,0,1
14,20,4,0,1,0,3,1,0,0,1,1,1,0,2,1,0,6,3,13,1
6,15,4,0,1,0,3,0,0,5,1,1,1,7,0,6,0,2,2,8,1
4,20,4,1,1,0,3,0,0,0,1,1,1,0,0,1,0,6,7,12,0
9,15,0,0,1,4,3,1,1,0,1,1,1,8,0,1,0,6,6,9,0
7,18,4,1,1,0,3,3,0,0,1,1,1,7,0,1,0,6,6,9,0
7,15,0,1,1,0,3,3,0,0,1,1,1,0,0,9,2,0,0,0,1
3,18,4,1,1,0,3,0,0,11,1,1,1,0,0,0,5,0,0,0,0
6,18,4,0,1,0,3,1,0,2,1,1,1,0,0,1,0,4,6,7,1
5,20,4,1,1,0,3,0,0,0,1,1,1,1,0,5,2,6,0,2,0
11,18,0,1,1,0,3,0,0,0,1,1,1,0,2,1,0,8,8,10,1
4,20,4,1,1,0,3,0,0,11,1,1,1,0,0,6,0,4,0,6,0
13,19,0,1,1,0,3,1,0,1,1,1,1,0,2,1,0,6,2,10,1
11,16,0,1,1,4,3,0,1,0,1,1,1,5,2,0,5,0,0,0,0
2,19,4,0,1,0,3,0,0,2,1,1,1,7,0,1,0,2,4,3,1
1,18,4,0,1,0,3,3,0,12,1,1,1,7,0,1,0,6,3,9,0
15,15,4,0,0,0,3,0,0,4,0,1,0,0,2,1,0,6,8,9,1
12,20,4,0,1,4,3,0,1,2,1,1,1,5,2,4,0,1,6,4,1
15,15,0,0,1,0,3,1,0,1,1,1,1,8,2,1,0,6,10,8,1
2,18,4,0,1,0,3,0,0,2,1,1,1,7,0,0,5,0,0,0,1
7,15,4,0,1,0,3,0,0,2,1,1,1,7,0,1,0,6,5,6,1
6,21,4,0,1,0,3,1,0,12,1,1,1,0,0,2,0,7,2,12,0
1,18,4,1,1,0,3,1,0,2,1,1,1,0,0,1,5,5,0,2,1
5,18,4,0,1,0,3,0,0,2,1,1,1,0,0,1,0,6,1,6,1
2,18,4,1,1,0,3,0,0,2,1,1,1,0,0,1,0,6,3,5,1
7,19,4,1,1,0,3,0,0,0,1,1,1,7,0,1,0,6,3,10,1
8,17,4,0,1,4,3,0,1,2,1,1,1,5,0,1,0,6,5,12,1
7,20,0,1,1,0,3,1,0,1,1,1,1,0,0,1,1,3,0,11,0
11,20,0,1,1,0,3,0,0,0,1,1,1,1,2,0,5,0,0,0,0
10,18,4,1,1,4,3,0,1,12,1,1,1,7,0,1,0,6,8,9,1
7,19,4,1,1,0,3,1,0,2,1,1,1,0,0,2,0,3,2,4,1
9,19,0,1,1,0,3,0,0,1,1,1,1,5,0,1,0,6,1,12,1
11,15,4,0,1,0,3,0,0,14,1,1,1,7,2,1,0,9,4,10,1
8,20,4,1,1,4,3,3,1,11,1,1,1,5,0,1,0,9,2,5,0
1,17,4,1,1,0,3,1,0,0,1,1,1,0,0,1,0,2,3,12,0
11,15,4,1,0,0,3,3,0,13,1,1,0,8,2,2,0,3,4,8,0
3,17,4,1,1,0,3,0,0,12,1,1,1,7,0,1,0,3,4,10,0
11,14,4,0,1,4,3,0,1,0,1,1,1,0,2,1,0,6,5,12,0
1,15,4,1,1,0,3,1,0,2,1,1,1,0,0,2,5,1,0,3,0
15,20,0,0,1,3,3,0,1,0,1,1,1,5,2,1,0,6,8,13,1
10,21,4,1,1,0,3,0,0,2,1,1,1,7,0,4,0,6,8,12,1
4,15,4,0,0,0,3,0,0,2,1,1,0,1,0,0,5,0,0,0,1
10,19,0,1,1,3,3,1,1,1,1,1,1,8,0,1,5,0,0,0,1
8,20,0,0,1,0,3,1,0,1,1,1,1,7,0,1,0,6,4,8,0
2,18,4,1,1,0,3,0,0,2,1,1,1,0,0,1,0,1,2,2,1
13,20,4,1,1,0,3,1,0,0,1,1,1,8,2,3,0,2,4,5,1
13,12,2,0,1,4,3,0,1,1,1,1,1,7,1,6,1,9,0,10,1
6,18,4,0,0,0,3,0,0,16,1,1,0,0,0,0,5,0,0,8,0
8,20,4,0,1,0,3,1,0,9,1,1,1,0,0,3,0,6,5,10,1
12,18,0,1,1,0,3,0,0,1,1,1,1,0,2,1,1,1,0,1,1
13,15,0,1,1,4,3,0,1,1,1,1,1,0,2,1,0,8,10,12,0
8,20,0,1,1,0,3,0,0,0,1,1,1,0,0,1,0,6,9,11,0
5,20,4,0,1,0,3,3,0,12,1,1,1,1,0,1,0,9,8,6,0
12,20,4,0,1,0,3,0,0,0,1,1,1,5,2,3,0,8,11,12,1
0,18,4,0,1,0,3,0,0,16,1,1,1,5,0,1,5,1,0,2,0
15,18,4,0,1,0,3,0,0,2,1,1,1,0,2,1,0,2,2,4,0
12,15,2,1,1,0,3,0,0,14,1,1,1,0,2,1,0,6,6,8,1
15,11,3,0,1,0,3,0,0,15,1,1,1,7,2,1,5,6,0,2,0
0,15,4,1,1,0,3,0,0,5,1,1,1,7,0,0,5,0,0,0,1
15,15,0,0,1,0,3,3,0,1,1,1,1,7,2,1,0,4,2,6,1
11,21,0,1,1,0,3,1,0,0,1,1,1,8,2,1,0,6,6,13,0
4,18,4,1,1,0,3,0,0,2,1,1,1,0,0,1,0,2,4,1,1
11,20,0,1,1,0,3,1,0,1,1,1,1,5,2,1,0,6,8,13,1
8,18,0,1,1,0,3,0,0,1,1,1,1,0,0,2,0,3,8,10,1
10,20,4,0,1,3,3,0,1,2,1,1,1,5,0,3,0,6,7,10,1
4,20,4,0,1,0,3,0,0,15,1,1,1,0,0,1,5,6,0,2,0
10,20,0,0,1,4,3,0,1,1,1,1,1,5,0,2,0,7,8,12,1
12,15,4,1,1,0,3,0,0,2,1,1,1,7,2,1,0,6,6,9,1
1,18,4,0,1,0,3,0,0,2,1,1,1,7,0,1,0,2,4,4,1
14,21,4,0,1,4,3,0,1,2,1,1,1,5,2,9,2,0,0,13,1
0,18,4,0,1,0,3,0,0,16,1,1,1,5,0,2,5,6,0,2,0
7,19,4,0,1,0,3,3,0,0,1,1,1,1,0,1,0,6,6,10,1
1,15,4,0,1,0,0,0,0,16,1,1,1,0,0,5,3,6,3,5,0
13,15,4,1,1,0,3,3,0,2,1,1,1,0,2,1,0,6,11,6,0
2,18,4,1,1,3,3,2,1,0,1,1,1,7,0,3,5,2,0,1,1
13,20,0,1,1,0,3,1,0,0,1,1,1,0,2,2,0,6,3,12,1
15,17,4,1,1,0,3,0,0,0,1,1,1,0,2,1,0,3,1,3,1
1,18,4,0,1,0,3,3,0,2,1,1,1,0,0,1,0,6,3,10,1
8,20,4,1,1,0,3,0,0,0,1,1,1,7,0,1,0,9,8,10,1
14,17,0,0,1,0,2,3,0,0,1,1,1,0,2,6,0,4,6,13,1
0,15,4,1,1,0,3,0,0,16,1,1,1,0,0,2,0,6,0,2,1
10,15,0,1,1,3,3,0,1,0,1,1,1,5,0,1,1,4,0,5,1
12,21,0,1,1,0,3,1,0,1,1,1,1,0,2,7,1,9,0,14,1
3,14,4,1,1,4,3,0,1,11,1,1,1,5,0,9,2,0,0,0,1
15,17,0,1,1,3,3,0,1,0,1,1,1,5,2,1,0,6,3,8,1
8,21,4,1,1,0,3,1,0,7,1,1,1,0,0,1,0,6,4,9,0
10,20,0,0,1,0,3,3,0,1,1,1,1,0,0,1,0,9,3,14,0
6,20,4,1,1,0,3,0,0,12,1,1,1,7,0,1,0,6,6,9,0
8,20,0,1,1,0,3,1,0,0,1,1,1,0,0,1,0,6,2,13,0
8,17,4,1,1,0,3,3,0,12,1,1,1,0,0,1,0,9,6,12,0
5,20,4,1,1,0,3,0,0,0,1,1,1,5,0,2,0,1,3,3,0
14,18,0,0,1,0,3,3,0,0,1,1,1,0,2,1,0,8,4,13,1
15,23,0,0,1,0,3,3,0,0,1,1,1,0,2,1,0,6,11,14,1
15,15,4,1,1,0,3,0,0,0,1,1,1,1,2,1,0,6,8,7,1
15,18,0,1,1,0,3,3,0,0,1,1,1,1,2,0,5,0,0,0,1
9,15,4,1,1,0,3,0,0,12,1,1,1,7,0,1,0,6,4,5,0
8,20,4,1,0,4,3,0,1,0,1,1,1,5,0,1,5,0,0,0,0
14,15,4,0,0,0,3,0,0,0,1,0,1,2,0,6,0,6,5,14,1
9,0,1,1,1,0,1,1,0,0,1,1,1,6,0,1,1,3,7,9,0
1,15,4,0,1,0,3,1,0,2,1,1,1,0,0,1,0,4,3,5,1
0,18,4,0,1,0,3,1,0,2,1,1,1,0,0,1,0,2,6,2,1
3,17,4,0,1,0,3,1,0,2,1,1,1,8,0,1,0,6,5,6,1
7,15,4,0,1,3,3,0,1,5,1,1,1,5,0,1,0,6,3,8,1
4,18,0,0,1,4,3,0,1,8,1,1,1,7,0,1,5,1,0,1,1
11,20,4,0,1,0,3,0,0,0,1,1,1,7,2,3,0,6,10,13,1
0,18,4,1,1,4,2,1,1,6,1,1,1,8,0,6,0,1,2,5,1
0,18,4,1,1,0,3,0,0,2,1,1,1,0,0,0,5,0,0,2,1
12,23,2,1,1,0,3,0,0,0,1,1,1,0,2,1,0,6,7,7,1
0,19,4,1,1,0,3,1,0,2,1,1,1,5,0,4,0,1,0,2,1
5,19,4,1,1,0,3,1,0,2,1,1,1,0,0,0,5,0,0,0,1
12,20,0,1,1,3,3,0,1,1,1,1,1,0,2,1,5,0,0,0,1
9,18,0,1,1,0,3,1,0,8,1,1,1,7,0,3,0,2,0,8,1
7,20,4,1,1,4,3,0,1,11,1,1,1,0,0,1,0,7,6,3,0
15,18,4,0,1,0,3,0,0,15,1,1,1,1,2,1,5,0,0,2,1
12,20,4,0,1,0,3,0,0,2,1,1,1,7,2,1,0,6,4,11,1
5,18,4,1,1,0,3,0,0,9,1,1,1,7,0,1,2,4,0,3,1
1,15,4,1,1,0,3,3,0,2,1,1,1,1,0,3,0,6,3,6,1
7,15,4,0,1,0,3,0,0,0,1,1,1,1,0,1,0,5,6,3,1
15,21,4,0,1,0,3,1,0,12,1,1,1,0,2,1,0,6,3,9,1
0,18,4,1,1,3,3,0,1,2,1,1,1,5,0,1,0,6,4,9,1
14,23,2,0,1,0,3,3,0,0,1,1,1,0,2,1,0,6,8,7,0
2,18,4,0,1,2,3,3,0,2,1,1,1,7,0,1,0,2,3,3,1
5,17,4,0,1,0,3,0,0,5,1,1,1,0,0,6,0,6,10,10,1
13,15,4,1,1,0,3,3,0,0,1,1,1,1,2,2,0,3,1,8,1
0,15,4,1,1,0,3,0,0,14,1,1,1,0,0,0,5,0,0,0,0
0,15,4,0,1,0,3,0,0,7,1,1,1,1,0,9,2,0,0,0,1
2,18,4,0,1,0,3,0,0,2,1,1,1,5,0,1,0,1,6,4,1
8,15,4,0,1,0,3,0,0,2,1,1,1,0,0,1,1,6,0,9,1
11,15,0,1,1,0,3,1,0,1,1,1,1,0,2,1,0,6,11,9,1
0,18,4,1,1,0,3,1,0,16,1,1,1,0,0,0,5,0,0,0,0
12,20,4,1,1,3,3,3,1,11,1,1,1,0,2,1,0,2,10,4,0
15,19,4,1,1,0,3,0,0,0,1,1,1,5,2,1,0,6,5,6,1
14,19,4,0,1,0,3,0,0,12,1,1,1,0,2,1,0,9,8,11,1
7,20,0,1,1,0,3,3,0,1,1,1,1,0,0,7,0,6,8,9,1
0,18,4,1,1,0,3,0,0,2,1,1,1,0,0,1,0,2,4,3,1
12,21,4,1,1,0,3,0,0,9,1,1,1,5,2,1,0,6,11,8,0
2,14,4,0,1,4,3,0,1,15,1,1,1,5,0,0,5,0,0,0,1
6,18,4,1,1,0,3,1,0,0,1,1,1,0,0,1,0,6,6,11,1
8,21,4,0,1,0,3,0,0,0,1,1,1,0,0,3,1,8,0,13,0
6,18,4,1,0,0,3,3,0,2,1,1,1,0,0,1,5,0,0,4,1
9,20,4,0,1,0,3,0,0,2,1,1,1,5,0,1,0,6,5,12,1
14,15,4,0,1,0,3,0,0,2,1,1,1,5,0,2,0,2,8,4,1
12,20,4,0,1,0,3,3,0,3,1,1,1,1,2,1,0,9,4,13,1
2,15,4,1,1,0,3,0,0,2,1,1,1,7,0,1,0,6,6,6,1
14,20,4,0,1,0,3,0,0,2,1,1,1,0,2,1,0,6,6,10,1
10,21,4,1,1,0,3,1,0,0,1,1,1,0,0,2,0,9,1,12,0
9,18,4,1,1,0,3,1,0,12,1,1,1,0,0,1,0,6,6,13,0
4,15,4,0,1,0,3,0,0,0,1,1,1,7,0,1,0,6,2,4,0
9,18,0,1,1,4,3,0,1,1,1,1,1,8,0,2,0,6,6,10,1
11,17,2,1,1,0,3,0,0,0,1,1,1,2,2,3,0,6,6,11,1
5,20,0,0,1,4,3,1,1,0,1,1,1,0,0,1,2,4,0,0,1
11,15,4,0,1,0,3,0,0,0,1,1,1,0,2,1,0,6,6,9,1
5,15,4,0,1,0,3,0,0,2,1,1,1,0,0,1,0,6,6,3,1
3,19,4,1,1,0,3,1,0,12,1,1,1,0,0,0,5,0,0,0,1
6,18,4,0,1,0,3,1,0,7,1,1,1,0,0,5,5,0,0,2,1
0,15,4,0,1,0,3,1,0,16,1,1,1,0,0,1,0,4,3,2,0
3,19,4,1,1,0,3,0,0,0,1,1,1,0,0,1,0,1,6,4,1
9,20,4,1,1,0,3,3,0,2,1,1,1,7,0,1,0,7,4,10,0
9,20,4,0,1,0,3,0,0,5,1,1,1,0,0,6,0,1,10,3,1
8,18,4,1,1,4,3,0,1,2,1,1,1,5,0,1,0,2,5,5,1
13,19,4,0,1,3,3,0,1,0,1,1,1,0,2,7,0,6,5,7,1
2,19,4,1,0,0,3,0,0,2,1,1,0,0,0,1,5,2,0,4,1
11,21,4,0,1,0,3,1,0,0,1,1,1,0,2,3,1,8,0,13,1
2,18,4,1,1,0,3,0,0,2,1,1,1,7,0,1,0,5,3,6,1
10,22,4,0,0,0,3,1,0,0,1,0,1,0,0,7,0,6,6,14,1
11,18,4,0,1,0,3,0,0,2,1,1,1,1,2,1,0,6,4,9,1
13,18,4,1,1,0,3,0,0,0,1,1,1,0,2,1,0,2,1,4,1
11,15,4,0,1,0,3,3,0,2,1,1,1,5,2,1,0,6,2,13,1
8,20,4,0,1,0,3,1,0,2,1,1,1,0,0,1,0,6,2,10,0
8,1,4,0,0,3,3,3,1,5,0,1,0,5,0,2,0,6,2,9,1
15,23,0,0,1,3,3,0,1,15,1,1,1,5,2,0,5,0,0,14,1
5,18,4,1,1,0,3,3,0,0,1,1,1,0,0,2,0,6,6,10,1
14,6,0,1,1,2,3,0,0,0,1,1,1,0,2,9,2,0,11,13,0
12,19,0,0,1,0,3,3,0,1,1,1,1,1,2,2,0,8,11,13,0
9,17,4,0,1,0,3,0,0,0,1,1,1,0,0,0,5,0,0,0,0
13,19,4,1,1,0,3,0,0,2,1,1,1,1,2,1,0,6,3,7,1
7,18,0,0,1,0,3,0,0,14,1,1,1,7,0,1,0,6,2,10,1
15,21,0,0,1,0,3,2,0,0,1,1,1,0,2,1,0,6,6,11,1
11,18,4,0,1,0,3,0,0,12,1,1,1,1,2,1,0,6,10,10,1
6,19,4,0,1,0,0,3,0,12,1,1,1,0,0,5,3,2,9,4,1
8,13,4,0,0,0,3,0,0,15,1,1,1,0,0,0,5,0,0,0,0
4,13,4,1,1,4,3,0,1,2,1,1,1,0,0,1,0,1,6,5,1
3,15,0,1,1,0,3,1,0,0,1,1,1,0,0,1,0,1,3,2,0
2,12,2,0,1,0,3,0,0,12,1,1,1,0,0,1,0,9,8,12,0
7,20,4,1,1,4,3,0,1,2,1,1,1,5,0,0,5,0,0,0,0
0,18,4,1,1,0,3,0,0,2,1,1,1,0,0,1,5,1,0,1,1
10,20,4,0,1,0,3,1,0,12,1,1,1,0,0,1,2,2,0,4,0
12,15,0,0,1,0,3,3,0,1,1,1,1,8,2,1,0,4,1,8,1
12,20,2,1,1,0,3,3,0,3,1,1,1,1,2,1,0,9,8,13,1
0,15,4,0,0,0,3,1,0,14,1,1,1,0,0,1,0,4,2,4,0
2,17,4,0,1,3,3,0,1,2,1,1,1,5,0,0,5,0,0,0,0
6,13,4,0,0,0,3,0,0,15,1,0,1,1,0,1,5,0,0,2,1
14,20,4,0,1,0,3,0,0,0,1,1,1,0,2,3,0,5,6,6,1
13,20,0,0,1,3,3,0,1,1,1,1,1,0,2,1,0,8,4,9,1
1,18,4,1,1,0,3,3,0,2,1,1,1,8,0,1,1,4,0,2,1
3,13,4,0,1,0,3,0,0,2,1,1,1,7,0,1,0,4,6,5,1
9,15,4,0,1,0,3,0,0,2,1,1,1,7,0,1,0,4,4,7,1
14,17,4,0,1,0,3,0,0,2,1,1,1,7,2,0,5,0,0,7,1
9,20,4,0,1,3,3,0,1,5,1,1,1,5,0,1,0,6,9,6,1
1,18,4,1,1,0,3,0,0,2,1,1,1,7,0,0,5,0,0,0,1
14,20,4,0,1,0,3,0,0,0,1,1,1,5,2,1,0,6,8,13,1
8,20,4,0,1,0,3,0,0,2,1,1,1,0,0,1,0,6,11,9,1
11,16,0,0,1,0,3,0,0,8,1,1,1,7,2,1,0,6,0,8,1
11,16,4,0,1,0,3,1,0,12,1,1,1,8,2,1,0,6,6,10,0
7,17,0,1,1,0,3,0,0,1,1,1,1,0,0,1,5,0,0,0,0
15,20,4,1,1,0,3,1,0,0,1,1,1,0,2,4,0,2,1,4,1
6,20,4,0,1,0,3,0,0,11,1,1,1,0,0,1,0,8,11,12,0
10,21,4,0,1,0,3,0,0,2,1,1,1,0,0,1,0,6,2,9,0
11,19,4,1,1,0,3,0,0,7,1,1,1,0,2,1,0,6,11,7,0
3,18,4,0,1,0,3,0,0,2,1,1,1,0,0,1,0,4,1,2,1
6,18,0,1,0,4,3,1,1,2,1,1,1,0,0,1,0,4,11,5,1
13,20,0,1,1,4,3,0,1,1,1,1,1,5,2,0,5,0,0,0,1
4,15,4,0,1,2,3,3,0,2,1,1,1,0,0,1,5,0,0,1,1
0,18,4,1,1,0,3,1,0,2,1,1,1,5,0,2,0,1,2,2,1
0,18,4,1,1,0,3,0,0,16,1,1,1,7,0,1,5,6,0,2,0
10,19,0,0,1,0,3,1,0,2,1,1,1,0,0,1,0,6,5,10,1
10,17,4,0,1,0,3,3,0,0,1,1,1,0,0,6,0,4,3,5,0
12,17,4,0,0,0,3,1,0,16,1,1,0,0,2,0,5,0,0,5,0
1,19,4,1,1,0,3,3,0,2,1,1,1,0,0,1,5,1,0,4,1
15,20,0,1,1,3,3,0,1,0,1,1,1,5,2,1,0,6,2,10,1
4,15,4,0,1,0,0,3,0,16,1,1,1,3,0,5,3,7,3,2,1
6,15,4,1,1,0,3,3,0,2,1,1,1,0,0,1,0,4,3,2,1
15,22,0,1,1,0,3,0,0,0,1,1,1,0,2,1,0,6,0,14,1
15,21,4,0,0,2,3,1,0,0,1,0,0,5,2,6,0,5,10,12,1
15,20,4,0,1,0,3,1,0,0,1,1,1,0,2,1,0,4,3,5,1
5,15,4,0,1,0,3,0,0,0,1,1,1,1,0,1,0,3,4,5,0
1,15,4,1,1,0,3,0,0,16,1,1,1,5,0,1,5,5,0,3,0
15,18,4,1,1,0,3,3,0,0,1,1,1,0,2,1,0,6,1,6,1
5,18,4,0,1,0,3,1,0,2,1,1,1,7,0,6,0,2,3,5,1
8,20,4,0,1,0,3,0,0,0,1,1,1,0,0,1,0,6,1,11,0
11,20,4,0,1,0,3,3,0,11,1,1,1,0,2,1,0,6,8,13,0
1,18,4,1,1,0,3,0,0,16,1,1,1,0,0,0,5,0,0,0,0
14,21,0,1,1,0,3,1,0,0,1,1,1,0,2,2,0,6,4,13,1
4,15,4,0,1,0,3,3,0,2,1,1,1,0,0,1,5,0,0,1,1
7,18,4,1,1,0,3,0,0,14,1,1,1,7,0,1,0,6,3,4,1
8,20,4,1,1,0,3,1,0,12,1,1,1,5,0,1,0,2,7,3,1
5,22,4,1,1,0,3,0,0,0,1,1,1,7,0,1,0,6,6,11,1
12,18,0,1,1,0,3,0,0,0,1,1,1,0,2,2,5,0,0,0,1
13,15,0,0,1,0,3,3,0,5,1,1,1,0,2,1,0,8,3,10,1
10,16,0,1,1,0,3,0,0,1,1,1,1,7,0,0,5,0,0,0,1
9,20,4,0,1,0,3,1,0,2,1,1,1,0,0,1,0,9,0,11,1
2,15,4,0,1,0,3,1,0,2,1,1,1,0,0,1,0,5,3,9,1
8,19,3,0,1,0,3,0,0,0,1,1,1,0,0,1,0,6,2,9,1
13,20,4,1,1,0,3,0,0,0,1,1,1,5,2,1,0,6,10,12,1
10,18,4,0,1,0,3,0,0,2,1,1,1,0,0,2,2,0,0,0,1
6,18,4,1,1,4,3,0,1,0,1,1,1,5,0,1,0,5,5,4,1
15,13,4,0,0,0,3,0,0,15,1,1,0,7,2,0,5,0,0,6,1
10,19,4,0,1,0,3,1,0,12,1,1,1,0,0,1,5,0,0,0,0
7,15,4,1,1,0,3,0,0,0,1,1,1,7,0,1,0,6,4,6,1
7,20,4,1,1,0,3,1,0,11,1,1,1,0,0,1,0,1,2,4,1
13,20,0,0,1,4,3,3,1,0,1,1,1,0,2,1,0,9,11,14,0
10,18,4,0,1,0,3,0,0,4,1,1,1,0,0,1,0,4,4,4,0
8,18,4,0,1,3,3,0,1,7,1,1,1,5,0,1,5,0,0,0,1
0,15,4,0,1,0,3,3,0,11,1,1,1,0,0,1,2,4,0,2,0
12,13,4,0,1,4,3,0,1,2,1,1,1,7,2,1,5,0,0,0,1
8,1,4,0,0,3,3,3,1,15,1,1,0,5,0,3,5,0,0,1,0
15,21,0,1,1,4,3,0,1,1,1,1,1,7,2,1,0,7,10,14,1
3,15,4,1,1,0,3,1,0,0,1,1,1,0,0,9,2,0,0,0,1
6,17,4,0,1,0,3,0,0,2,1,1,1,0,0,2,0,6,6,10,1
8,20,0,0,1,3,3,3,1,1,1,1,1,0,0,3,0,6,7,13,1
11,19,4,1,1,0,3,0,0,12,1,1,1,5,2,1,0,6,2,12,1
4,20,4,1,1,0,3,3,0,2,1,1,1,5,0,2,0,9,10,13,1
7,15,0,1,1,0,3,1,0,1,1,1,1,0,0,1,0,8,3,8,1
12,20,0,1,1,4,3,0,1,1,1,1,1,5,2,0,5,0,0,0,1
5,20,4,0,1,0,3,0,0,16,1,1,1,5,0,1,0,6,2,5,0
8,18,4,1,0,0,3,2,0,0,1,0,1,5,0,0,5,0,0,2,1
3,18,4,0,1,0,3,0,0,2,1,1,1,0,0,1,0,6,4,6,1
15,22,0,1,1,0,3,0,0,0,1,1,1,7,2,2,0,9,0,13,1
15,19,4,0,1,0,3,0,0,2,1,1,1,7,2,1,0,6,4,5,1
9,20,4,1,1,0,3,3,0,2,1,1,1,0,0,1,0,4,6,6,1
15,20,0,0,1,0,3,0,0,0,1,1,1,5,2,1,0,6,1,13,0
13,20,4,0,1,3,3,0,1,11,1,1,1,5,2,1,0,9,6,14,0
15,20,0,0,1,4,3,0,1,0,1,1,1,7,2,1,0,9,5,7,1
12,20,4,1,1,0,3,3,0,11,1,1,1,0,2,4,0,9,4,10,0
7,20,4,1,1,0,3,3,0,2,1,1,1,5,0,1,5,0,0,0,1
12,20,0,0,1,0,3,3,0,1,1,1,1,7,2,2,0,6,2,11,1
9,13,4,0,1,4,3,0,1,2,1,1,1,7,0,1,5,0,0,0,1
12,21,4,1,1,0,3,0,0,0,1,1,1,0,2,2,0,2,2,4,0
3,18,4,0,1,0,3,0,0,2,1,1,1,0,0,1,0,2,5,2,1
8,20,0,1,1,0,3,3,0,1,1,1,1,0,0,1,0,6,7,10,1
1,17,4,0,1,0,3,3,0,2,1,1,1,1,0,1,0,3,1,5,1
15,22,0,1,1,0,3,1,0,0,1,1,1,0,2,1,0,6,8,14,1
9,16,4,1,0,2,3,3,0,2,0,0,0,3,0,0,5,0,0,2,0
2,17,4,1,1,0,3,0,0,4,1,1,1,5,0,1,0,1,8,1,1
11,20,4,0,1,0,3,0,0,2,1,1,1,0,2,1,0,6,3,11,0
11,15,4,0,1,3,3,0,1,2,1,1,1,7,2,1,0,6,3,9,1
10,21,0,1,1,0,3,3,0,8,1,1,1,0,0,1,1,8,0,10,1
8,18,4,0,1,0,3,0,0,0,1,1,1,0,0,1,0,6,3,12,1
10,21,4,1,1,4,3,3,1,5,1,1,1,5,0,1,0,8,11,13,1
11,21,0,1,1,4,3,0,1,1,1,1,1,5,2,0,5,0,0,0,1
13,21,0,1,1,0,3,0,0,0,1,1,1,1,2,3,0,6,2,13,0
11,11,4,0,0,0,3,0,0,4,0,1,0,0,2,1,2,0,0,0,1
6,20,4,0,1,0,3,3,0,11,1,1,1,0,0,1,5,0,0,0,0
8,20,4,1,1,0,3,3,0,9,1,1,1,7,0,1,0,6,11,8,1
12,18,0,0,1,0,3,0,0,0,1,1,1,0,2,1,0,6,2,11,1
13,20,0,0,1,0,3,1,0,0,1,1,1,0,2,3,0,6,10,13,1
15,17,4,0,0,0,3,0,0,2,1,1,0,0,2,0,5,0,0,5,1
8,20,4,1,0,0,3,3,0,11,1,1,0,8,0,1,5,2,0,1,0
1,15,4,0,1,0,3,3,0,2,1,1,1,7,0,0,5,0,0,0,1
3,15,4,1,1,3,3,0,1,2,1,1,1,5,0,1,0,6,2,4,1
2,18,4,1,1,0,3,3,0,16,1,1,1,0,0,0,5,0,0,3,1
13,18,0,0,1,4,3,1,1,9,1,1,1,0,2,1,0,6,2,10,1
1,18,4,0,1,0,3,1,0,2,1,1,1,0,0,1,0,2,4,4,1
1,15,4,0,1,0,3,1,0,2,1,1,1,0,0,0,5,0,0,0,1
3,20,4,0,1,0,3,1,0,0,1,1,1,5,0,2,0,6,4,12,1
12,19,4,1,1,0,3,1,0,2,1,1,1,0,2,1,0,8,3,8,1
6,20,4,1,1,0,3,1,0,2,1,1,1,7,0,1,0,5,0,4,1
11,20,0,0,1,0,3,3,0,1,1,1,1,0,2,3,0,6,6,13,0
1,17,4,0,1,0,3,0,0,16,1,1,1,0,0,1,0,2,3,4,0
6,18,4,0,1,0,3,1,0,2,1,1,1,1,0,1,0,1,8,3,1
8,15,4,0,1,0,3,0,0,2,1,1,1,0,0,1,0,8,8,8,1
1,18,4,1,1,0,3,0,0,16,1,1,1,5,0,0,5,0,0,0,1
6,15,4,0,1,0,3,0,0,5,1,1,1,7,0,1,0,6,4,8,0
11,15,0,1,1,0,1,0,0,1,1,1,1,0,2,1,0,4,3,4,0
11,21,0,1,1,4,3,0,1,1,1,1,1,5,2,1,0,8,8,13,0
8,18,4,1,1,0,3,1,0,2,1,1,1,7,0,6,5,0,0,1,1
2,22,4,1,1,3,3,0,0,16,1,1,1,0,0,2,0,9,6,11,1
12,18,4,0,1,0,3,3,0,14,1,1,1,0,2,1,0,6,6,10,1
15,15,0,0,1,0,3,0,0,1,1,1,1,0,2,1,0,6,1,6,1
1,18,4,0,1,0,3,0,0,16,1,1,1,0,0,0,5,0,0,0,1
11,17,4,0,1,0,1,0,0,2,1,1,1,0,2,1,0,3,7,8,1
12,19,4,1,1,0,3,0,0,0,1,1,1,7,2,2,0,6,2,12,1
2,18,4,0,1,0,3,1,0,16,1,1,1,0,0,1,5,1,0,1,0
2,18,4,1,1,0,3,0,0,9,1,1,1,0,0,1,0,2,4,4,1
5,18,4,0,1,4,3,0,1,9,1,1,1,7,0,1,0,6,10,10,1
15,18,4,0,1,0,3,0,0,10,1,1,1,0,2,1,0,6,7,12,1
5,20,4,1,0,0,3,2,0,0,1,1,0,6,0,1,0,5,10,6,1
5,20,4,1,1,4,3,0,1,10,1,1,1,0,0,1,0,8,5,13,1
0,18,4,0,1,0,3,1,0,2,1,1,1,0,0,1,0,1,3,1,1
1,18,4,0,1,4,3,0,1,16,1,1,1,5,0,0,5,0,0,0,1
15,20,0,1,1,4,3,0,1,1,1,1,1,5,2,0,5,0,0,0,0
15,21,0,0,1,3,3,2,1,0,1,1,1,0,2,2,0,2,3,12,0
0,15,4,1,1,0,3,0,0,2,1,1,1,7,0,2,0,1,6,6,1
8,20,4,1,1,0,3,1,0,12,1,1,1,7,0,1,0,6,7,10,0
12,13,0,0,1,0,3,0,0,2,1,1,1,0,2,1,2,0,0,13,1
6,11,4,0,0,0,3,1,0,5,0,1,0,0,0,1,0,1,10,2,1
5,15,4,0,1,0,3,3,0,2,1,1,1,0,0,1,0,6,2,9,1
8,11,4,0,1,0,3,0,0,0,1,1,1,0,0,2,0,9,1,14,1
4,15,4,0,1,0,3,0,0,4,1,1,1,0,0,1,0,9,4,7,1
14,20,0,1,1,0,3,1,0,0,1,1,1,0,2,1,0,8,3,14,1
12,19,4,1,1,0,3,1,0,0,1,1,1,0,2,1,0,7,5,14,1
15,20,0,0,1,0,3,3,0,0,1,1,1,0,2,3,0,6,8,12,1
1,18,4,1,1,0,3,0,0,16,1,1,1,0,0,0,5,0,0,0,1
15,21,0,1,1,0,3,1,0,0,1,1,1,0,2,1,0,8,2,13,1
4,15,4,0,1,0,3,0,0,2,1,1,1,8,0,1,0,6,4,5,1
12,21,0,0,1,4,3,0,1,0,1,1,1,7,2,1,0,6,10,9,1
8,15,4,0,1,0,3,1,0,2,1,1,1,0,0,1,0,6,6,6,1
0,15,4,1,1,0,3,1,0,2,1,1,1,0,0,1,0,1,3,2,1
13,19,0,1,1,0,3,1,0,0,1,1,1,0,2,1,0,6,0,8,1
12,20,0,0,1,0,3,1,0,0,1,1,1,0,2,1,0,6,6,14,0
14,18,4,1,1,0,3,3,0,12,1,1,1,0,2,1,0,6,11,11,0
2,12,4,0,1,0,3,0,0,0,1,1,1,7,0,1,2,0,0,0,1
13,20,0,1,1,4,3,0,1,1,1,1,1,5,2,0,5,0,0,0,1
10,17,3,1,1,0,3,3,0,1,1,1,1,0,0,1,0,5,1,4,1
15,22,0,1,1,4,3,0,1,0,1,1,1,0,2,1,0,7,2,13,1
3,20,4,1,1,0,3,1,0,2,1,1,1,1,0,0,5,0,0,2,1
9,19,4,1,1,0,3,1,0,12,1,1,1,0,0,1,0,6,3,10,1
12,16,0,0,1,4,3,0,1,11,1,1,1,0,2,1,0,6,10,5,1
1,15,4,1,1,0,3,0,0,16,1,1,1,1,0,0,5,0,0,0,1
13,18,4,1,0,0,3,1,0,0,1,1,0,0,2,1,5,0,0,1,1
14,22,0,1,1,0,3,0,0,1,1,1,1,5,2,1,0,6,6,14,1
0,15,4,1,1,0,3,0,0,9,1,1,1,0,0,0,5,0,0,0,1
9,17,4,0,0,0,3,1,0,0,1,0,0,0,0,1,0,6,7,7,1
11,17,4,0,1,3,3,0,1,2,1,1,1,0,2,1,0,9,8,12,1
5,15,0,0,1,0,1,0,0,0,1,1,1,0,0,5,0,9,4,9,1
4,15,0,0,1,0,3,0,0,2,1,1,1,7,0,1,5,2,0,2,0
9,17,4,0,1,0,3,0,0,15,1,1,1,8,0,4,5,0,0,0,1
6,15,4,0,1,0,3,0,0,2,1,1,1,7,0,0,5,0,0,8,1
1,17,4,0,1,0,3,0,0,2,1,1,1,0,0,1,0,1,3,1,1
13,18,0,0,1,0,3,0,0,1,1,1,1,7,2,1,0,6,6,9,1
6,17,4,0,1,0,3,0,0,2,1,1,1,1,0,1,0,6,5,7,1
15,15,0,0,1,3,3,0,1,0,1,1,1,0,2,1,0,6,8,6,1
15,15,4,0,0,0,3,1,0,9,1,1,0,7,2,1,0,5,2,8,1
8,17,4,1,1,0,3,0,0,0,1,1,1,8,0,1,1,2,0,2,0
7,3,0,1,0,3,3,3,1,3,1,0,0,7,1,6,4,6,7,13,1
9,19,4,0,1,0,3,0,0,2,1,1,1,0,0,1,0,6,6,7,1
10,20,4,0,1,0,3,1,0,5,1,1,1,7,0,1,0,3,6,14,1
4,20,4,1,0,0,3,0,0,2,1,1,1,5,0,1,0,2,6,4,1
8,17,3,0,1,0,3,0,0,0,1,1,1,0,0,1,5,6,0,3,1
13,20,0,0,1,0,0,0,0,0,1,1,1,0,2,5,5,8,0,14,1
1,15,4,0,1,0,3,0,0,2,1,1,1,0,0,1,0,1,4,2,1
11,19,4,1,1,0,3,0,0,2,1,1,1,5,2,3,0,6,4,13,1
7,15,4,1,1,0,3,0,0,2,1,1,1,8,0,2,5,0,0,0,0
4,15,4,1,1,0,3,0,0,2,1,1,1,0,0,1,0,4,4,8,1
1,17,4,0,1,0,3,0,0,2,1,1,1,0,0,3,0,6,6,6,1
1,18,4,1,1,0,3,1,0,10,1,1,1,0,0,0,5,0,0,0,0
5,18,4,1,0,0,1,1,0,14,1,1,1,0,2,5,5,0,0,2,0
4,20,0,1,1,4,3,0,1,1,1,1,1,5,0,1,0,6,4,11,1
8,21,4,0,1,0,3,1,0,2,1,1,1,8,0,1,0,6,11,13,1
12,20,4,1,1,0,3,1,0,0,1,1,1,0,2,2,0,6,2,13,1
1,18,4,1,1,0,3,1,0,2,1,1,1,0,0,1,0,1,1,4,0
15,21,0,1,1,0,3,0,0,0,1,1,1,5,2,6,0,2,5,14,1
12,15,0,1,1,0,3,0,0,1,1,1,1,7,2,6,0,1,3,3,0
0,15,4,1,1,0,3,0,0,11,1,1,1,5,0,1,0,6,7,7,1
11,18,0,1,1,0,3,1,0,0,1,1,1,8,2,3,0,6,8,6,1
11,14,4,0,1,0,3,0,0,2,1,1,1,0,2,1,0,8,1,6,1
1,18,4,0,1,0,3,0,0,2,1,1,1,7,0,0,5,0,0,0,1
4,0,4,0,0,4,3,0,1,9,1,1,1,5,0,0,5,0,0,0,1
5,18,4,1,1,4,3,0,1,11,1,1,1,5,0,1,0,4,1,5,0
10,14,4,0,1,4,3,0,1,15,1,1,1,0,0,0,5,0,0,0,0
8,3,0,0,0,3,3,3,1,1,1,1,0,7,1,3,1,6,4,12,1
5,18,4,0,1,0,3,0,0,2,1,1,1,0,0,0,5,0,0,0,1
10,15,0,1,1,0,3,0,0,0,1,1,1,0,0,6,2,1,0,5,1
4,18,0,0,1,4,3,0,1,0,1,1,1,7,0,1,0,4,4,5,0
12,17,4,0,1,0,3,0,0,16,1,1,1,0,2,4,0,4,1,3,0
7,20,4,0,1,0,3,0,0,0,1,1,1,0,0,1,0,6,10,10,0
3,18,4,0,1,0,3,0,0,2,1,1,1,5,0,1,0,1,2,6,1
3,15,4,0,1,0,0,0,0,16,1,1,1,2,0,5,3,9,2,5,1
12,17,4,1,1,4,3,0,1,2,1,1,1,8,2,1,0,6,6,5,1
1,14,4,0,1,0,3,0,0,2,1,1,1,0,0,1,0,1,3,2,1
15,20,4,0,1,0,3,0,0,2,1,1,1,0,2,1,0,6,3,13,1
4,20,4,0,0,0,3,0,0,0,1,1,0,1,0,1,2,1,0,3,0
5,19,0,1,1,1,3,0,1,1,1,1,1,0,0,2,0,5,1,6,0
3,17,4,0,0,0,3,1,0,0,1,0,0,8,0,6,5,4,0,2,0
8,21,4,0,1,0,3,1,0,0,1,1,1,8,0,2,0,7,6,10,1
4,20,4,1,1,4,3,1,1,0,1,1,1,8,0,1,0,2,1,6,0
11,21,0,1,1,4,3,3,1,1,1,1,1,5,2,0,5,0,0,0,1
14,22,0,1,1,3,3,0,1,0,1,1,1,0,2,1,0,6,9,11,1
9,20,4,1,1,0,3,3,0,2,1,1,1,7,0,0,5,0,0,0,1
4,18,4,0,1,0,3,1,0,11,1,1,1,0,0,1,0,4,4,6,0
3,18,4,1,1,0,3,0,0,2,1,1,1,8,0,1,0,6,3,9,1
10,14,4,0,1,4,3,0,1,15,1,1,1,7,0,0,5,0,0,0,0
9,18,4,1,1,0,3,0,0,0,1,1,1,7,0,1,0,6,1,7,1
1,18,4,0,1,0,3,1,0,2,1,1,1,0,0,1,0,4,5,7,1
7,18,4,1,1,0,3,0,0,9,1,1,1,8,0,1,0,4,1,8,1
11,15,4,0,1,0,3,0,0,4,1,1,1,0,2,1,2,0,0,0,1
2,18,4,1,1,3,3,0,1,2,1,1,1,5,0,0,5,0,0,0,1
4,21,4,0,1,4,3,0,1,11,1,1,1,5,0,1,0,2,3,12,0
10,19,4,0,1,0,3,3,0,12,1,1,1,7,0,1,0,6,6,10,1
13,20,4,0,1,0,3,0,0,11,1,1,1,0,2,6,0,1,8,14,1
2,17,0,1,1,0,3,0,0,8,1,1,1,0,0,4,2,6,0,5,0
15,15,0,1,1,3,3,3,1,2,1,1,1,5,2,3,5,6,0,3,1
8,15,0,1,1,4,3,3,1,1,1,1,1,0,0,1,5,0,0,0,0
7,19,0,1,1,0,3,3,0,8,1,1,1,5,0,1,5,0,0,0,1
14,18,0,1,1,0,3,0,0,1,1,1,1,0,2,2,0,6,0,8,1
7,15,4,1,1,0,3,1,0,7,1,1,1,0,0,0,5,0,0,5,1
1,18,4,0,1,0,3,1,0,14,1,1,1,0,0,1,0,6,4,10,1
11,18,4,0,1,3,3,0,1,2,1,1,1,7,2,1,0,6,8,6,1
6,18,4,1,1,0,3,3,0,2,1,1,1,0,0,2,0,1,4,7,1
5,17,4,0,1,0,3,0,0,2,1,1,1,5,0,1,0,2,2,3,1
6,21,0,0,1,0,3,0,0,0,1,1,1,5,0,1,0,6,5,12,1
8,15,0,0,1,0,3,0,0,1,1,1,1,0,0,1,0,6,6,5,1
9,20,0,1,1,2,3,1,0,1,1,1,1,8,0,3,0,4,3,6,0
1,15,4,0,1,0,3,0,0,2,1,1,1,0,0,1,1,1,0,1,1
11,15,4,0,1,0,3,0,0,15,1,1,1,1,2,1,5,6,0,2,0
5,20,4,1,1,4,3,0,1,10,1,1,1,5,0,1,0,6,8,13,1
3,20,4,1,1,0,3,1,0,0,1,1,1,0,0,2,0,6,6,10,1
5,20,4,1,1,0,3,0,0,2,1,1,1,0,0,1,0,2,4,4,1
14,15,2,0,1,4,3,1,1,0,1,1,1,0,2,1,0,6,6,12,1
7,8,0,0,1,4,3,0,1,16,1,1,1,5,0,1,5,0,0,3,1
10,21,0,1,1,0,3,3,0,0,1,1,1,1,0,1,0,6,4,9,0
7,20,4,1,1,0,3,1,0,2,1,1,1,0,0,6,0,4,0,3,1
1,18,4,0,1,0,3,0,0,15,1,1,1,7,0,1,5,3,0,2,1
9,23,0,1,1,0,3,3,0,0,1,1,1,0,0,1,0,6,5,14,1
12,20,4,1,1,0,3,1,0,2,1,1,1,0,2,1,0,6,6,11,1
2,16,4,0,1,0,3,1,0,2,1,1,1,0,0,1,0,7,3,4,1
11,18,0,0,1,0,3,1,0,0,1,1,1,0,2,1,0,7,6,12,1
14,19,0,1,1,0,3,0,0,0,1,1,1,0,2,3,5,0,0,0,1
3,15,4,0,1,0,3,1,0,2,1,1,1,8,0,1,0,2,6,4,1
11,16,4,1,1,0,3,1,0,0,1,1,1,4,2,1,5,5,0,4,1
1,18,4,1,1,0,3,1,0,16,1,1,1,0,0,0,5,0,0,0,1
12,19,4,1,1,0,3,3,0,13,1,1,0,8,2,6,0,2,7,8,0
6,15,4,1,1,0,3,0,0,2,1,1,1,0,0,1,0,1,11,5,1
8,16,0,0,1,0,3,0,0,8,1,1,1,0,0,1,0,7,6,8,1
11,17,4,0,1,0,3,1,0,16,1,1,1,0,2,1,0,8,4,11,1
12,20,4,1,1,0,3,1,0,2,1,1,1,0,2,6,0,2,4,4,1
15,18,0,0,1,0,3,0,0,0,1,1,1,7,2,3,0,6,8,10,1
7,18,4,1,1,0,3,0,0,5,1,1,1,7,0,1,5,6,0,3,1
5,20,4,1,1,0,3,1,0,0,1,1,1,8,0,1,0,2,2,5,1
4,20,4,1,1,3,3,0,1,2,1,1,1,5,0,1,0,2,2,4,1
14,18,4,1,1,0,3,1,0,12,1,1,1,0,2,1,0,6,2,8,0
10,19,4,0,1,0,3,0,0,2,1,1,1,5,0,7,0,8,2,9,1
6,15,4,0,1,0,3,3,0,14,1,1,1,7,0,1,0,6,1,11,1
7,15,4,1,1,0,3,0,0,0,1,1,1,5,0,1,0,6,2,8,1
5,22,4,1,1,0,3,1,0,0,1,1,1,0,0,2,0,6,4,11,0
7,20,4,0,1,0,3,0,0,2,1,1,1,5,0,1,5,0,0,0,1
7,15,4,1,1,0,3,0,0,2,1,1,1,0,0,1,0,6,11,8,1
10,21,0,1,1,4,3,0,1,1,1,1,1,5,0,0,5,0,0,0,1
9,20,4,1,1,0,3,1,0,12,1,1,1,8,0,1,5,2,0,3,0
13,20,4,0,1,0,3,1,0,12,1,1,1,0,2,1,0,9,6,12,1
7,20,4,0,1,0,3,1,0,9,1,1,1,0,0,3,0,6,3,10,1
15,20,4,0,1,0,3,1,0,0,1,1,1,0,2,3,0,6,4,12,1
9,13,0,0,1,4,3,0,1,15,1,1,1,1,0,1,5,6,0,4,1
0,15,4,1,1,0,3,0,0,3,1,1,1,0,0,1,0,4,7,5,1
7,15,4,1,1,0,3,0,0,2,1,1,1,1,0,0,5,0,0,0,1
1,18,4,0,1,0,3,0,0,11,1,1,1,1,0,1,0,6,3,10,1
10,21,0,1,1,0,3,3,0,0,1,1,1,5,0,1,0,6,4,8,0
13,15,2,0,1,0,3,2,0,2,1,1,1,6,2,3,0,6,10,11,1
1,18,4,0,1,0,3,0,0,2,1,1,1,7,0,1,0,1,3,5,1
8,11,4,1,1,4,3,0,1,11,1,1,1,0,0,0,5,0,0,0,1
13,17,0,1,1,0,3,0,0,1,1,1,1,5,2,0,5,0,0,0,1
6,15,4,1,1,4,3,3,1,14,1,1,1,0,0,0,5,0,0,0,1
6,20,4,1,1,0,3,0,0,4,1,1,1,2,0,1,0,5,8,14,1
6,20,4,0,1,0,3,1,0,0,1,1,1,0,0,1,0,8,4,11,1
14,18,2,1,1,0,3,1,0,0,1,1,1,0,2,1,0,6,2,5,1
14,18,0,1,1,0,3,1,0,0,1,1,1,0,2,1,0,6,2,11,1
12,17,0,0,1,4,3,0,1,1,1,1,1,0,2,1,0,4,3,5,1
13,15,0,0,1,0,3,0,0,2,1,1,1,7,2,1,0,6,10,10,1
15,15,2,1,1,3,3,2,1,0,1,1,1,0,2,1,0,6,10,8,1
4,18,4,1,1,0,3,0,0,11,1,1,1,1,0,1,0,4,4,3,0
8,18,4,0,0,0,3,3,0,2,1,1,0,0,0,0,5,0,0,3,1
8,20,0,1,1,0,3,1,0,0,1,1,1,0,0,1,0,9,11,13,0
8,18,4,1,1,0,3,1,0,5,1,1,1,0,0,0,5,0,0,0,1
15,15,0,1,1,4,3,0,1,1,1,1,1,0,2,0,5,0,0,0,0
11,20,4,1,1,0,3,1,0,2,1,1,1,0,2,1,2,3,0,6,1
5,18,4,0,0,0,1,1,0,14,1,1,1,0,2,5,0,9,6,10,0
15,20,0,0,1,0,3,0,0,2,1,1,1,5,2,1,0,6,3,13,1
4,15,4,1,1,0,3,0,0,4,1,1,1,7,0,1,0,4,6,9,1
6,17,0,1,1,0,3,0,0,2,1,1,1,7,0,0,5,0,0,0,1
1,15,4,1,1,0,3,1,0,7,1,1,1,8,0,1,0,2,2,5,1
8,17,4,0,1,0,1,0,0,16,1,1,1,5,0,1,0,9,4,8,1
11,20,0,0,1,0,3,0,0,1,1,1,1,0,2,7,0,8,4,12,1
3,20,4,0,1,0,3,1,0,4,1,1,1,0,0,5,0,6,2,7,0
0,17,4,1,1,0,3,0,0,2,1,1,1,0,0,2,0,4,3,6,1
15,21,0,1,1,4,3,0,1,1,1,1,1,0,2,1,2,6,0,3,1
0,17,4,1,1,0,3,3,0,2,1,1,1,0,0,0,5,0,0,0,1
12,15,0,1,1,0,3,3,0,1,1,1,1,0,2,1,5,0,0,0,0
11,21,4,0,1,0,0,0,0,0,1,1,1,5,2,1,0,8,6,14,1
10,21,4,1,1,4,3,0,1,0,1,1,1,5,0,1,0,6,3,8,1
11,20,0,1,1,4,3,1,1,1,1,1,1,0,2,2,0,4,0,6,1
13,15,0,0,1,0,3,1,0,0,1,1,1,0,2,1,0,6,6,11,1
1,17,4,0,1,0,3,0,0,0,1,1,1,5,0,0,5,0,0,4,1
7,21,4,1,1,4,3,0,1,4,1,1,1,0,0,5,0,9,4,5,1
9,20,0,1,1,0,3,1,0,1,1,1,1,0,0,1,0,6,4,13,0
0,17,4,0,1,0,3,3,0,7,1,1,1,8,0,3,5,0,0,0,1
13,15,4,1,1,0,3,1,0,7,1,1,1,8,0,1,2,2,0,4,1
12,18,2,1,1,4,3,1,1,1,1,1,1,0,2,1,0,1,11,3,0
0,18,4,1,1,0,3,0,0,2,1,1,1,7,0,0,5,0,0,0,1
3,15,4,0,1,0,3,0,0,2,1,1,1,7,0,1,0,6,4,6,1
3,19,4,0,1,0,3,0,0,2,1,1,1,7,0,1,5,8,0,2,1
0,13,4,0,1,0,3,0,0,2,1,1,1,7,0,1,5,0,0,0,1
14,18,2,1,1,4,3,0,1,0,1,1,1,0,2,1,0,5,0,6,0
1,18,4,1,1,4,3,0,1,16,1,1,1,5,0,2,5,1,0,1,0
9,15,4,0,1,0,3,3,0,2,1,1,1,0,0,1,0,6,10,7,1
2,18,4,1,1,0,3,0,0,3,1,1,1,0,0,1,0,2,7,5,1
5,15,0,0,1,0,3,0,0,0,1,1,1,0,0,1,2,8,0,6,0
14,19,4,1,1,0,3,3,0,0,1,1,1,0,2,1,5,4,0,1,1
9,8,1,1,0,2,3,1,0,4,0,0,0,3,0,4,5,0,3,2,1
10,16,4,0,0,0,3,0,0,2,1,1,0,0,0,0,5,0,0,0,1
12,23,0,1,1,0,3,3,0,13,1,1,1,8,2,2,0,5,2,11,0
13,21,4,0,1,0,3,0,0,12,1,1,1,0,2,2,0,9,3,13,0
3,18,4,0,1,0,3,0,0,2,1,1,1,5,0,1,0,6,2,6,1
9,20,4,1,1,0,3,0,0,0,1,1,1,0,0,1,0,6,6,11,1
8,20,0,0,1,3,3,0,1,0,1,1,1,5,0,3,0,6,8,12,1
10,17,0,1,1,0,3,3,0,11,1,1,1,7,2,1,5,0,0,6,1
12,18,4,0,1,0,3,0,0,11,1,1,1,2,2,1,0,7,7,14,1
10,15,4,1,1,0,3,3,0,4,1,1,1,0,0,1,0,5,6,4,1
15,20,0,1,1,0,3,0,0,0,1,1,1,0,2,1,0,9,6,13,1
8,17,2,0,1,0,3,0,0,0,1,1,1,0,0,1,0,6,2,12,1
1,19,4,1,0,0,3,0,0,2,0,1,0,0,0,0,5,0,0,0,1
9,18,0,1,1,0,3,0,0,0,1,1,1,0,0,0,5,0,0,0,0
5,18,4,0,1,0,3,1,0,2,1,1,1,0,0,1,0,5,10,2,1
6,18,0,0,1,0,3,0,0,0,1,1,1,0,0,1,0,6,3,12,1
4,20,4,1,0,0,3,0,0,3,1,1,1,0,0,1,0,4,2,5,1
15,15,4,0,1,0,1,0,0,10,1,1,1,8,2,4,0,6,11,3,1
7,19,4,0,1,0,3,1,0,0,1,1,1,7,0,1,0,4,1,2,0
0,18,4,0,1,0,3,0,0,2,1,1,1,7,0,1,0,4,3,2,1
9,20,4,0,1,0,3,0,0,11,1,1,1,1,0,1,0,8,6,14,1
15,15,4,0,1,3,3,0,1,2,1,1,1,5,0,2,0,6,8,4,0
5,19,4,1,1,0,3,0,0,0,1,1,1,0,0,1,0,3,8,5,1
5,15,4,1,1,0,3,0,0,2,1,1,1,0,0,0,5,0,0,0,1
12,18,4,0,1,0,3,3,0,0,1,1,1,0,2,1,0,7,11,12,0
11,21,0,1,1,0,3,3,0,1,1,1,1,7,2,0,5,0,0,0,1
1,17,4,0,1,4,3,0,1,2,1,1,1,5,0,1,5,6,0,2,1
10,20,4,0,1,0,3,1,0,0,1,1,1,0,0,1,0,6,8,14,0
9,20,0,0,1,0,3,1,0,0,1,1,1,0,0,4,0,8,2,14,1
7,15,0,1,1,0,3,1,0,1,1,1,1,0,0,1,5,0,0,0,0
4,15,0,1,1,0,3,0,0,2,1,1,1,0,0,1,0,9,6,5,1
3,15,4,0,1,0,3,1,0,0,1,1,1,0,0,1,1,6,0,9,1
1,15,4,0,1,0,3,0,0,7,1,1,1,0,0,1,0,6,3,9,1
12,16,4,0,1,0,3,3,0,2,1,1,1,0,2,1,5,0,0,1,0
9,18,4,0,1,0,3,1,0,0,1,1,1,0,0,1,0,6,7,10,1
14,23,2,1,1,0,3,3,0,12,1,1,1,0,2,1,0,6,11,13,1
6,18,0,1,1,0,3,3,0,0,1,1,1,0,0,1,0,6,6,10,1
13,20,0,0,1,3,3,0,1,1,1,1,1,7,2,1,0,9,4,13,1
4,20,4,0,1,0,3,1,0,2,1,1,1,0,0,0,5,0,0,0,1
2,15,4,1,1,0,3,0,0,4,1,1,1,0,0,1,0,6,6,7,0
5,15,4,0,1,0,0,0,0,16,1,1,1,1,0,5,3,9,1,6,1
11,20,4,0,1,4,3,1,1,0,1,1,1,0,2,2,0,8,1,11,1
4,15,0,0,1,3,3,3,1,2,1,1,1,0,0,1,0,6,3,3,1
5,18,4,1,1,0,3,1,0,2,1,1,1,0,0,1,0,3,2,5,1
7,20,4,0,1,0,3,0,0,2,1,1,1,0,0,1,0,6,10,11,1
6,18,4,1,1,4,3,0,1,12,1,1,1,0,2,0,5,0,0,6,1
1,15,4,0,1,4,3,0,1,9,1,1,1,0,0,1,0,8,8,8,1
11,20,0,1,1,0,3,1,0,1,1,1,1,0,2,4,0,1,2,4,1
8,18,3,1,1,0,3,0,0,0,1,1,1,0,0,6,0,6,0,6,1
15,20,4,1,1,3,3,0,1,0,1,1,1,5,2,1,0,6,6,8,1
2,15,4,1,1,0,3,1,0,0,1,1,1,8,0,1,0,7,3,12,0
12,18,2,1,1,1,3,0,1,5,1,1,1,0,2,6,0,1,8,2,1
9,18,4,0,1,0,3,1,0,0,1,1,1,0,0,1,0,5,4,6,0
10,18,4,0,0,0,3,1,0,2,1,0,0,0,0,1,0,4,7,4,1
0,13,4,1,1,0,3,0,0,2,1,1,1,0,0,0,5,0,0,0,1
6,20,4,0,1,0,3,0,0,2,1,1,1,0,0,1,0,5,0,6,1
14,20,0,1,1,0,3,3,0,0,1,1,1,8,2,2,0,6,0,9,0
8,15,4,0,1,0,3,0,0,11,1,1,1,1,0,1,0,6,1,11,0
0,18,4,0,1,0,3,3,0,2,1,1,1,0,0,0,5,0,0,0,1
9,21,4,0,1,4,3,0,1,11,1,1,1,0,0,1,0,9,3,14,1
2,15,0,0,1,0,3,2,0,8,1,1,1,0,0,1,0,1,10,1,0
13,20,0,0,1,0,3,0,0,2,1,1,1,0,2,3,0,6,11,11,1
9,0,4,0,0,0,3,0,0,12,0,1,1,3,0,4,0,7,4,6,1
12,17,2,1,1,0,3,0,0,0,1,1,1,0,2,1,0,7,6,12,1
0,17,4,0,1,0,3,0,0,2,1,1,1,0,0,3,0,6,1,6,1
5,12,4,0,1,0,3,0,0,4,1,1,1,0,0,5,2,0,0,5,1
9,3,0,0,1,3,1,3,1,1,1,1,0,7,1,3,1,6,7,12,1
7,3,4,0,0,0,3,3,0,12,0,0,0,7,0,1,0,6,10,7,0
8,20,0,1,1,0,3,0,0,1,1,1,1,0,0,3,1,3,0,1,1
12,15,0,1,1,0,3,1,0,0,1,1,1,0,2,1,0,6,8,12,1
2,18,4,0,1,0,3,0,0,4,1,1,1,0,0,0,5,0,0,0,1
2,20,4,0,1,3,3,0,1,11,1,1,1,5,0,1,0,6,6,12,1
15,20,4,0,1,0,3,0,0,11,1,1,1,5,2,1,0,6,10,14,1
14,19,4,1,1,0,3,0,0,2,1,1,1,0,2,1,0,5,3,8,1
12,21,0,1,1,4,3,0,1,0,1,1,1,5,2,1,0,6,11,13,1
12,17,4,0,1,0,3,1,0,0,1,1,1,0,2,1,0,6,6,13,1
12,20,0,1,1,0,3,0,0,0,1,1,1,0,2,2,5,0,0,0,1
2,14,4,0,0,0,3,1,0,2,1,1,0,0,0,1,2,3,0,5,0
12,18,4,1,1,3,3,0,1,2,1,1,1,5,2,2,0,4,2,8,1
9,20,0,1,1,3,3,0,1,1,1,1,1,5,0,1,5,0,0,0,1
8,20,4,1,1,0,3,3,0,12,1,1,1,0,0,1,0,6,3,12,1
15,21,0,0,1,4,3,0,1,0,1,1,1,5,2,6,2,6,0,14,1
5,18,4,1,1,0,3,3,0,5,1,1,1,0,0,1,5,0,0,3,1
13,15,4,0,1,0,0,0,0,7,1,1,1,0,2,5,0,8,6,12,1
15,21,0,1,1,3,3,0,1,1,1,1,1,5,2,2,0,7,4,12,0
15,20,0,1,1,3,3,0,1,1,1,1,1,5,2,1,0,6,10,12,1
8,18,4,0,1,0,3,0,0,2,1,1,1,0,0,1,0,6,7,10,1
0,18,4,0,1,0,3,0,0,2,1,1,1,7,0,2,0,1,3,6,1
10,16,4,0,1,0,3,0,0,2,1,1,1,7,0,1,1,3,0,2,1
10,15,0,1,1,0,3,3,0,14,1,1,1,7,0,1,0,4,4,7,1
3,20,4,0,1,0,3,1,0,2,1,1,1,0,0,1,0,9,6,14,1
3,15,4,1,1,0,3,0,0,0,1,1,1,7,0,1,5,6,0,4,0
4,19,4,1,1,0,3,1,0,0,1,1,1,0,0,1,0,6,3,11,1
4,18,4,0,1,0,3,0,0,2,1,1,1,0,0,1,0,3,8,11,1
5,14,0,0,1,0,3,0,0,0,1,1,1,1,0,1,0,3,1,5,1
11,20,4,0,1,2,3,1,0,12,1,1,1,2,2,6,0,6,6,11,1
11,15,4,1,1,0,3,0,0,12,1,1,1,0,2,0,5,0,0,0,1
5,20,4,0,1,0,3,0,0,2,1,1,1,0,0,1,0,6,4,4,1
4,18,0,1,1,0,3,1,0,2,1,1,1,0,0,1,0,2,5,4,0
6,20,4,0,1,0,3,3,0,10,1,1,1,0,0,1,0,6,0,11,1
15,19,4,1,1,4,3,0,1,12,1,1,1,7,2,1,0,4,3,4,1
1,15,4,0,1,0,3,2,0,0,1,1,1,2,0,1,1,2,1,5,1
15,16,4,0,1,0,3,3,0,9,1,1,1,0,2,0,5,0,0,10,1
11,14,0,1,1,0,3,0,0,0,1,1,1,0,2,1,0,6,8,6,1
2,18,4,1,1,0,3,3,0,16,1,1,1,5,0,0,5,0,0,0,0
12,18,4,0,1,0,3,0,0,9,1,1,1,8,0,6,0,4,5,8,1
2,15,4,1,1,0,3,0,0,2,1,1,1,0,0,1,0,1,2,5,1
4,20,4,0,1,0,3,3,0,2,1,1,1,5,0,1,0,1,8,5,1
13,20,0,0,1,0,0,0,0,0,1,1,1,5,2,5,0,8,6,14,1
13,20,0,1,1,4,3,0,1,1,1,1,1,5,2,0,5,0,0,0,1
15,21,0,1,1,4,3,0,1,1,1,1,1,5,2,0,5,0,0,0,0
12,18,0,1,1,3,3,0,1,0,1,1,1,0,2,1,0,6,11,7,1
12,20,0,1,1,4,3,0,1,0,1,1,1,5,2,0,5,0,0,0,1
12,18,0,0,1,0,3,2,0,0,1,1,1,8,2,1,0,6,10,10,1
6,20,4,0,1,0,3,0,0,2,1,1,1,0,0,3,2,1,0,2,1
6,18,4,0,1,0,3,0,0,4,1,1,1,0,0,5,0,6,8,9,1
5,18,4,0,1,0,3,0,0,15,1,1,1,0,0,1,5,0,0,0,0
1,18,4,1,1,0,3,3,0,11,1,1,1,0,0,0,5,0,0,0,0
12,21,0,0,1,0,3,1,0,0,1,1,1,0,2,2,0,8,2,14,1
13,15,0,1,1,4,3,3,1,1,1,1,1,0,2,1,0,1,4,2,1
4,15,4,1,1,0,3,0,0,2,1,1,1,0,0,1,0,6,2,3,0
13,15,0,1,1,0,3,0,0,1,1,1,1,0,2,1,0,6,4,11,1
4,18,4,1,0,0,3,0,0,2,1,0,1,5,0,1,2,0,0,5,1
4,20,4,1,1,0,3,0,0,2,1,1,1,7,0,1,0,2,2,3,1
8,19,4,1,1,0,3,1,0,2,1,1,1,0,0,1,0,3,8,5,1
15,18,0,1,1,0,3,0,0,0,1,1,1,0,2,1,0,7,2,13,1
9,11,4,0,1,0,3,1,0,11,1,1,1,0,0,1,0,3,4,6,1
10,20,4,0,1,0,3,1,0,2,1,1,1,5,0,1,0,8,8,12,1
8,20,0,1,1,0,3,1,0,0,1,1,1,0,0,1,0,8,1,11,1
5,20,4,1,1,0,3,0,0,12,1,1,1,0,0,4,5,1,0,3,0
0,15,4,0,1,0,3,3,0,2,1,1,1,0,0,0,5,0,0,0,1
10,20,0,0,1,3,3,0,1,0,1,1,1,5,0,1,0,8,2,13,0
12,18,2,0,1,0,3,1,0,2,1,1,1,0,2,1,0,6,3,8,1
1,18,4,0,1,0,3,3,0,2,1,1,1,1,0,1,5,1,0,3,1
7,20,4,0,1,3,3,0,1,5,1,1,1,5,0,1,0,6,4,9,1
13,19,0,1,1,3,3,0,1,0,1,1,1,0,2,1,0,8,6,12,1
0,18,4,1,1,0,3,0,0,10,1,1,1,0,0,1,0,8,8,4,1
11,18,0,0,1,0,1,1,0,0,1,1,1,0,2,1,0,6,4,12,0
1,15,4,0,1,0,3,0,0,2,1,1,1,0,0,3,0,9,6,12,1
8,20,4,1,1,0,3,0,0,12,1,1,1,0,0,2,0,7,4,13,1
14,20,4,0,1,0,3,0,0,11,1,1,1,5,2,1,0,6,8,14,1
7,15,0,0,1,0,0,0,0,16,1,1,1,0,0,5,3,2,1,6,0
1,15,4,1,1,0,3,0,0,2,1,1,1,0,0,1,0,3,1,5,1
11,8,0,0,1,2,3,3,1,0,1,1,1,0,2,1,0,5,4,12,1
7,15,4,1,1,0,3,0,0,12,1,1,1,0,0,4,0,6,11,6,0
10,19,4,1,1,0,3,0,0,0,1,1,1,7,0,1,0,6,8,6,1
12,18,3,1,1,0,3,0,0,0,1,1,1,0,2,1,0,7,6,9,0
11,17,4,0,1,0,3,0,0,15,1,1,1,1,2,1,2,7,0,9,0
10,19,3,1,1,0,3,0,0,0,1,1,1,0,0,1,0,7,10,14,1
7,18,4,1,1,0,3,0,0,2,1,1,1,7,0,1,5,0,0,0,1
9,18,0,1,0,0,3,0,0,5,0,1,1,7,0,1,0,2,4,5,1
1,19,4,1,1,0,3,0,0,0,1,1,1,0,0,0,5,0,0,0,1
4,10,2,1,1,4,3,0,1,7,1,1,1,0,0,0,5,0,0,0,0
0,17,4,0,1,0,2,0,0,2,1,1,1,0,0,1,0,6,4,5,1
10,18,4,0,1,0,3,3,0,2,1,1,1,0,0,7,2,4,0,5,1
11,21,0,1,1,4,3,0,1,1,1,1,1,5,2,0,5,0,0,0,1
2,18,4,0,1,0,3,3,0,5,1,1,1,0,0,1,5,1,0,4,0
9,20,0,1,1,4,3,0,1,1,1,1,1,5,0,1,0,6,6,12,1
0,17,4,0,1,0,3,3,0,2,1,1,1,0,0,9,2,0,0,0,1
0,18,4,1,1,0,3,3,0,2,1,1,1,0,0,1,0,2,1,5,0
6,20,4,1,1,0,3,3,0,0,1,1,1,0,0,2,0,1,3,7,1
2,16,4,0,1,0,3,0,0,2,1,1,1,7,0,1,0,7,3,2,1
5,15,4,0,1,0,3,0,0,2,1,1,1,7,0,1,0,6,10,8,1
11,20,4,1,1,0,3,1,0,2,1,1,1,1,2,1,0,6,0,9,1
6,18,4,1,1,0,3,1,0,2,1,1,1,0,0,1,0,6,5,7,0
3,18,0,0,1,0,3,0,0,1,1,1,1,0,0,7,0,6,4,9,0
12,15,4,0,1,4,3,0,1,0,1,1,1,7,2,6,0,6,0,6,1
12,17,4,0,1,0,3,0,0,15,1,1,1,1,2,1,5,0,0,1,0
1,18,0,0,1,0,3,0,0,2,1,1,1,0,0,1,0,6,3,5,1
4,19,4,0,1,0,3,0,0,2,1,1,1,7,0,1,0,2,4,4,1
11,20,4,0,1,4,3,0,1,0,1,1,1,0,2,1,0,8,1,11,1
3,15,4,0,0,0,3,0,0,2,1,1,0,0,0,0,5,0,0,0,1
4,20,4,0,1,0,3,3,0,2,1,1,1,5,0,0,5,0,0,0,1
6,20,4,1,1,0,3,1,0,12,1,1,1,0,0,1,0,6,5,9,1
5,18,4,1,1,3,3,0,1,0,1,1,1,5,0,1,5,0,0,0,0
2,15,4,1,1,0,3,0,0,0,1,1,1,0,0,1,0,6,3,2,0
0,18,4,1,1,0,3,1,0,11,1,1,1,0,0,1,5,2,0,2,1
12,15,0,1,1,3,3,0,1,0,1,1,1,0,2,1,0,6,5,8,1
3,15,4,1,1,0,3,1,0,2,1,1,1,0,0,1,0,6,8,3,1
3,18,4,0,1,0,3,3,0,14,1,1,1,0,0,1,0,8,1,10,1
1,15,4,1,1,0,3,0,0,16,1,1,1,0,0,3,5,6,0,4,1
0,18,4,1,1,0,3,0,0,14,1,1,1,0,0,1,0,2,2,2,1
5,15,4,0,1,0,3,0,0,0,1,1,1,7,0,1,0,7,2,9,1
14,20,4,0,0,0,3,3,0,0,1,1,0,0,2,1,0,6,3,6,0
4,15,4,0,1,0,1,1,0,2,1,1,1,0,0,1,0,8,11,6,1
1,18,4,0,1,4,3,0,1,0,1,1,1,7,0,1,0,1,3,5,0
1,18,4,0,1,4,3,0,1,11,1,1,1,5,0,0,5,0,0,0,1
13,0,4,1,1,4,3,3,1,9,1,1,1,0,2,1,0,6,4,9,1
2,18,4,1,1,0,3,3,0,16,1,1,1,0,0,1,5,2,0,4,0
6,15,4,1,1,0,3,0,0,14,1,1,1,0,0,1,0,6,3,9,1
7,16,4,0,1,0,3,0,0,3,1,1,1,7,0,0,5,0,0,0,1
15,18,4,0,1,0,3,0,0,0,1,1,1,0,2,1,0,6,1,11,1
10,18,4,1,1,4,3,0,1,11,1,1,1,2,0,1,5,0,0,0,1
12,17,4,0,1,0,3,0,0,2,1,1,1,0,2,1,0,2,8,1,1
8,17,4,1,1,0,3,0,0,12,1,1,1,7,0,1,1,4,0,1,0
0,15,4,1,1,3,3,0,1,2,1,1,1,0,0,0,5,0,0,0,1
10,12,4,0,1,0,3,0,0,15,1,1,1,0,0,0,5,0,0,0,1
0,15,4,0,1,0,3,3,0,2,1,1,1,0,0,0,5,0,0,0,1
8,18,4,0,1,0,3,3,0,2,1,1,1,0,0,1,0,2,2,2,1
10,20,4,0,1,0,3,1,0,12,1,1,1,0,0,1,0,7,3,11,0
8,1,4,1,1,4,3,0,1,9,1,1,1,0,0,3,5,6,0,1,1
4,18,4,1,1,0,3,1,0,16,1,1,1,8,0,4,5,0,0,0,1
1,18,4,1,1,0,3,1,0,2,1,1,1,0,0,1,0,4,3,2,1
0,18,4,1,1,0,3,0,0,1,1,1,1,0,0,1,1,3,0,2,1
0,17,4,1,1,0,3,0,0,2,1,1,1,0,0,0,5,0,0,0,1
12,16,0,1,1,0,3,0,0,1,1,1,1,0,2,1,0,1,6,4,1
9,18,4,1,1,0,3,0,0,2,1,1,1,0,0,1,0,4,2,7,1
4,21,0,1,1,0,3,0,0,0,1,1,1,0,0,1,0,6,3,9,1
10,12,4,0,1,4,3,3,1,14,1,1,1,0,0,1,0,6,10,5,1
8,20,4,0,1,3,3,0,1,11,1,1,1,0,0,3,1,9,0,5,1
13,20,4,0,1,0,3,0,0,11,1,1,1,5,2,1,0,8,8,14,0
3,20,4,0,1,0,3,1,0,2,1,1,1,0,0,1,5,6,0,3,0
2,19,4,1,1,0,3,1,0,2,1,1,1,0,0,1,5,1,0,1,1
12,20,4,0,1,0,3,1,0,2,1,1,1,0,2,1,0,6,3,9,0
6,18,4,0,1,0,3,1,0,0,1,1,1,0,0,6,0,4,0,8,1
9,15,0,1,1,4,3,0,1,0,1,1,1,0,0,9,2,0,0,0,1
7,15,4,0,1,4,3,0,1,2,1,1,1,5,0,1,0,6,8,6,1
14,8,0,0,1,4,3,3,1,1,1,1,1,0,2,1,5,0,0,0,1
4,19,4,1,1,0,3,0,0,0,1,1,1,0,0,1,0,6,2,7,0
14,8,1,1,0,3,1,1,1,0,1,0,1,0,2,4,0,5,9,2,1
12,19,0,1,1,3,3,0,1,8,1,1,1,0,2,1,1,6,0,11,1
0,18,4,0,1,0,3,0,0,11,1,1,1,0,0,3,0,1,2,2,1
0,17,4,1,1,0,3,0,0,2,1,1,1,7,0,0,5,0,0,0,1
11,20,4,1,1,0,3,1,0,10,1,1,1,8,2,7,0,9,0,13,0
6,20,4,0,1,0,3,0,0,2,1,1,1,0,0,1,0,6,6,10,1
3,18,4,0,1,0,3,0,0,12,1,1,1,7,0,6,0,5,6,5,1
4,20,4,0,1,0,3,1,0,2,1,1,1,0,0,1,0,6,4,9,1
4,19,4,1,1,0,3,1,0,2,1,1,1,0,0,1,0,4,4,8,1
1,14,4,1,1,0,3,3,0,2,1,1,1,7,0,9,2,0,0,0,1
14,17,0,1,1,4,3,3,1,1,1,1,1,0,2,1,0,7,5,10,1
6,11,4,0,1,0,3,0,0,11,1,1,1,0,0,1,0,6,1,13,1
10,20,4,1,1,0,3,3,0,2,1,1,1,0,0,3,0,6,4,9,1
6,18,4,0,1,0,3,0,0,2,1,1,1,8,0,0,5,0,0,5,1
0,18,4,0,1,4,3,0,1,2,1,1,1,5,0,2,5,1,0,1,1
10,18,0,1,1,0,3,1,0,9,1,1,1,7,0,1,0,6,2,10,1
4,20,4,0,1,4,3,0,1,9,1,1,1,0,0,6,5,1,0,1,0
7,18,4,0,1,0,3,0,0,2,1,1,1,0,0,1,0,9,10,8,1
9,15,4,0,1,0,3,3,0,11,1,1,1,0,0,6,0,6,6,14,1
4,18,4,0,1,3,3,3,1,2,1,1,1,0,0,1,0,6,11,9,1
15,20,4,1,1,0,3,1,0,0,1,1,1,0,2,1,0,8,8,14,1
12,20,0,0,1,0,3,0,0,2,1,1,1,5,2,2,0,6,8,13,1
14,15,0,1,1,4,3,0,1,0,1,1,1,5,2,1,0,6,3,10,1
9,18,4,0,1,3,3,1,1,2,1,1,1,8,0,1,0,6,4,9,1
3,18,4,1,1,0,3,0,0,2,1,1,1,1,0,9,2,0,0,0,1
9,18,0,0,1,0,3,0,0,2,1,1,1,0,0,2,0,6,8,10,1
5,22,0,0,1,0,3,0,0,15,1,1,1,1,0,1,5,9,0,0,0
1,18,4,1,1,0,3,0,0,7,1,1,1,0,0,1,5,1,11,5,1
13,18,4,0,1,0,3,0,0,2,1,1,1,0,2,7,0,6,3,5,1
14,22,0,0,1,0,3,1,0,1,1,1,1,0,2,7,0,9,0,13,1
3,15,0,1,1,0,3,0,0,9,1,1,1,7,0,1,0,6,3,3,0
7,21,0,0,1,0,3,0,0,0,1,1,1,7,0,1,0,6,4,10,0
6,15,0,0,1,0,3,0,0,0,1,1,1,0,0,0,5,0,0,0,1
11,20,4,0,1,0,3,0,0,0,1,1,1,5,2,6,0,6,3,10,0
2,18,4,0,1,0,3,0,0,2,1,1,1,0,0,1,2,2,0,2,1
1,14,4,0,1,0,3,0,0,2,1,1,1,7,0,0,5,0,0,0,1
2,15,4,1,1,0,3,0,0,2,1,1,1,7,0,0,5,0,0,0,0
14,20,0,1,1,3,3,0,1,1,1,1,1,5,2,1,0,6,3,12,1
3,18,4,0,1,0,3,0,0,2,1,1,1,0,0,0,5,0,0,0,1
11,15,4,1,1,0,3,1,0,7,1,1,1,0,2,1,0,5,6,3,1
11,18,0,1,1,0,3,0,0,8,1,1,1,7,2,0,5,0,0,0,1
9,21,4,0,1,3,3,1,1,0,1,1,1,0,0,6,5,0,0,0,0
6,15,4,0,1,0,3,3,0,2,1,1,1,5,0,1,0,3,2,4,1
9,0,3,1,1,0,3,0,0,0,1,1,1,0,0,6,0,6,4,8,1
0,18,4,0,1,0,3,1,0,7,1,1,1,8,0,3,0,1,3,5,1
13,20,4,1,1,0,3,1,0,12,1,1,1,5,2,1,0,6,10,12,1
12,14,0,0,1,4,3,0,1,0,1,1,1,7,2,1,0,6,10,12,1
8,0,4,1,1,4,3,0,1,2,1,1,1,0,0,1,0,6,4,6,1
7,15,0,1,1,0,3,0,0,1,1,1,1,0,0,1,0,6,2,11,0
12,21,0,1,1,0,3,1,0,1,1,1,1,0,2,1,0,6,8,13,1
0,18,4,1,1,0,3,3,0,10,1,1,1,0,0,1,0,6,8,3,0
0,18,4,0,1,0,3,2,0,2,1,1,1,8,0,1,0,2,9,6,1
2,18,4,1,1,0,3,0,0,16,1,1,1,0,0,1,0,2,2,6,0
15,19,0,0,1,3,3,0,1,1,1,1,1,0,2,1,0,6,6,5,1
9,20,0,1,1,3,3,0,1,1,1,1,1,5,0,0,5,0,0,0,1
15,20,4,1,1,0,3,1,0,2,1,1,1,7,2,1,5,6,0,2,1
10,21,0,1,1,0,3,1,0,0,1,1,1,0,0,4,0,8,8,11,0
14,6,0,0,1,3,3,0,1,0,1,1,1,8,2,1,0,2,11,4,0
11,15,4,0,1,0,3,0,0,2,1,1,1,0,2,4,0,6,4,6,1
14,19,0,1,1,4,3,3,1,1,1,1,1,0,2,1,0,6,4,7,1
13,15,0,1,1,0,3,0,0,1,1,1,1,0,2,1,0,6,8,10,1
6,20,4,0,1,0,3,3,0,2,1,1,1,0,0,2,0,6,0,13,1
14,15,2,0,0,0,3,0,0,0,1,1,1,0,2,1,0,9,6,10,1
0,22,4,0,1,0,3,1,0,11,1,1,1,0,0,1,0,9,2,8,1
8,18,4,0,1,0,3,1,0,2,1,1,1,5,0,1,0,6,4,11,1
13,22,4,1,1,3,3,3,1,0,1,1,1,5,2,1,0,6,9,11,0
2,17,4,0,1,0,3,3,0,7,1,1,1,0,0,1,0,2,6,3,1
15,20,4,0,1,0,3,1,0,12,1,1,1,0,2,4,0,8,11,14,0
2,18,4,1,1,0,3,0,0,11,1,1,1,0,0,4,0,1,10,4,1
9,20,4,0,1,0,3,0,0,0,1,1,1,0,0,3,0,5,6,11,1
8,21,4,1,1,0,3,0,0,0,1,1,1,5,0,3,0,6,4,12,1
14,14,4,1,1,0,3,0,0,12,1,1,1,0,2,1,5,0,0,0,0
9,20,4,1,1,0,3,3,0,0,1,1,1,0,0,3,0,6,6,11,1
15,21,4,0,1,0,3,1,0,2,1,1,1,0,2,1,0,5,11,13,1
0,15,4,1,1,0,3,0,0,3,1,1,1,1,0,1,5,1,0,1,1
2,15,4,0,1,4,3,0,1,2,1,1,1,0,0,6,0,6,6,4,1
6,17,4,0,1,0,3,1,0,5,1,1,1,0,0,1,0,5,4,2,1
10,20,0,0,1,0,3,1,0,0,1,1,1,0,0,1,0,6,3,13,0
8,18,0,0,1,0,3,0,0,0,1,1,1,5,0,1,0,6,4,13,0
8,16,4,0,1,0,3,0,0,11,1,1,1,0,0,1,0,6,4,7,1
9,18,0,0,1,0,1,0,0,0,1,1,1,0,0,1,0,6,11,13,1
15,18,0,1,1,0,3,0,0,0,1,1,1,0,2,6,0,2,5,3,1
12,20,0,1,1,4,3,0,1,0,1,1,1,7,2,6,0,6,4,12,1
4,20,4,1,1,0,3,0,0,11,1,1,1,0,0,1,0,6,8,12,0
9,20,4,0,1,0,3,0,0,12,1,1,1,0,0,1,5,8,0,8,1
2,18,4,0,1,3,3,1,1,9,1,1,1,0,0,1,0,6,6,8,1
10,15,4,0,1,0,1,0,0,0,1,1,1,0,0,5,0,6,4,5,1
3,19,4,1,1,0,3,3,0,2,1,1,1,0,0,1,0,2,9,4,1
13,19,0,1,1,0,3,3,0,1,1,1,1,7,2,1,5,0,0,0,1
10,13,4,0,1,0,3,0,0,15,1,1,1,0,0,0,5,0,0,0,1
15,15,0,1,1,0,3,0,0,0,1,1,1,0,2,1,0,6,3,8,1
4,15,0,0,1,4,3,0,1,8,1,1,1,0,0,1,1,2,0,5,0
6,20,4,0,1,0,3,0,0,0,1,1,1,0,0,1,0,5,11,11,1
1,18,4,0,1,4,3,0,1,2,1,1,1,5,0,0,5,0,0,4,1
14,20,0,1,1,4,3,0,1,1,1,1,1,5,2,0,5,0,0,0,1
6,21,0,0,1,4,3,0,1,11,1,1,1,0,0,1,5,8,0,14,1
14,20,0,0,1,0,3,0,0,0,1,1,1,0,2,1,0,6,3,10,1
0,18,4,0,1,0,3,0,0,2,1,1,1,0,0,1,0,4,2,2,0
14,19,4,0,1,0,3,0,0,12,1,1,1,5,2,2,0,7,11,14,1
2,17,4,0,1,0,3,0,0,2,1,1,1,7,0,1,0,2,2,4,1
6,20,4,0,1,0,3,0,0,14,1,1,1,0,0,1,0,6,3,6,0
12,21,0,1,1,0,3,0,0,1,1,1,1,0,2,1,0,6,10,13,1
5,18,4,1,1,0,3,3,0,11,1,1,1,0,0,1,0,4,3,5,0
3,19,0,0,1,0,1,1,0,1,1,1,1,8,0,5,5,0,0,0,0
8,8,0,1,1,4,3,0,1,2,1,1,1,7,0,1,0,1,4,1,1
2,18,4,0,0,0,3,1,0,16,1,1,0,0,0,0,5,0,0,0,1
1,15,4,0,1,0,0,3,0,16,1,1,1,1,0,5,3,9,1,6,0
10,18,4,0,0,0,3,0,0,0,1,1,0,0,0,1,0,6,1,9,1
2,18,4,1,1,0,3,0,0,2,1,1,1,7,0,1,0,6,6,6,1
5,15,4,1,1,0,3,0,0,2,1,1,1,7,0,1,0,3,3,6,1
6,19,4,0,1,0,3,0,0,2,1,1,1,0,0,1,0,4,3,10,1
10,17,0,0,1,0,3,0,0,15,1,1,1,7,0,1,5,6,0,8,0
7,19,4,1,1,0,3,1,0,12,1,1,1,7,0,3,1,4,0,10,1
11,21,4,0,1,0,3,3,0,0,1,1,1,0,2,1,2,6,0,10,0
13,20,4,0,1,0,3,1,0,0,1,1,1,0,2,3,0,9,6,11,1
8,20,4,1,1,0,3,3,0,12,1,1,1,0,0,1,1,8,0,14,1
4,15,0,0,1,0,3,1,0,0,1,1,1,8,0,1,0,6,1,5,1
10,20,0,0,1,0,3,0,0,1,1,1,1,0,0,1,2,0,0,0,0
0,18,4,0,1,0,3,1,0,12,1,1,1,8,0,1,5,3,0,5,0
11,21,0,1,1,0,3,1,0,0,1,1,1,0,2,1,0,6,4,13,0
4,15,0,1,1,0,3,1,0,0,1,1,1,0,0,1,0,4,7,8,1
10,15,0,1,1,4,3,0,1,1,1,1,1,7,0,1,0,4,2,4,1
5,17,4,0,1,0,3,3,0,9,1,1,1,0,0,1,0,4,2,10,1
9,20,4,1,1,0,3,0,0,0,1,1,1,5,0,1,0,6,8,8,1
2,18,4,0,1,0,3,3,0,2,1,1,1,0,0,1,0,3,5,2,1
11,21,4,1,1,0,3,0,0,2,1,1,1,5,2,4,0,6,11,13,1
13,23,0,0,1,2,3,0,0,1,1,1,1,0,2,8,0,8,3,14,1
1,18,4,0,1,0,3,3,0,2,1,1,1,0,0,0,5,0,0,0,1
0,15,4,0,1,0,3,0,0,2,1,1,1,5,0,1,0,1,1,3,1
5,15,4,0,1,4,3,0,1,9,1,1,1,5,0,1,0,6,3,8,1
6,20,4,0,1,0,3,0,0,14,1,1,1,0,0,1,0,6,6,7,1
2,14,4,0,1,0,3,0,0,15,1,1,1,7,0,0,5,0,0,0,1
1,18,4,0,1,0,3,0,0,2,1,1,1,0,0,1,0,1,4,5,1
0,18,4,0,1,0,3,0,0,0,1,1,1,5,0,0,5,0,0,0,1
0,18,4,0,1,0,3,0,0,14,1,1,1,5,0,0,5,0,0,1,1
15,17,4,0,1,0,3,3,0,2,1,1,1,0,2,1,0,6,1,9,1
10,20,0,1,1,0,3,1,0,0,1,1,1,0,0,1,0,6,6,13,1
9,0,0,1,1,4,3,0,1,1,1,1,1,7,0,1,0,6,7,9,1
7,18,4,1,1,0,3,0,0,0,1,1,1,0,0,1,5,5,0,2,1
5,18,4,0,1,2,3,0,1,0,1,1,1,7,0,6,0,5,0,3,0
7,18,4,1,1,0,3,3,0,2,1,1,1,0,0,1,0,2,4,8,1
1,18,4,0,1,0,3,1,0,16,1,1,1,0,0,0,5,0,0,0,0
8,13,4,1,1,0,3,1,0,4,1,1,1,0,0,1,5,0,0,0,1
5,5,4,0,1,0,2,1,0,2,1,1,1,0,0,4,2,6,0,0,1
10,20,4,1,1,0,3,3,0,2,1,1,1,0,0,1,0,6,4,10,1
15,20,4,1,1,0,3,0,0,0,1,1,1,0,2,1,0,7,2,13,1
1,15,4,0,1,0,3,0,0,2,1,1,1,0,0,4,0,9,5,3,1
15,19,4,1,1,0,3,0,0,2,1,1,1,5,2,1,0,4,6,5,1
3,19,4,1,1,0,3,1,0,2,1,1,1,0,0,9,2,0,0,0,1
11,18,4,0,1,0,3,0,0,2,1,1,1,0,2,1,0,8,2,8,1
7,15,0,1,1,0,3,0,0,2,1,1,1,7,0,1,0,6,4,9,1
9,18,0,1,1,4,3,0,1,0,1,1,1,7,0,1,0,3,6,9,1
7,15,4,1,1,0,3,3,0,2,1,1,1,0,0,1,0,6,11,3,1
7,15,4,0,1,3,3,0,1,0,1,1,1,7,0,1,0,2,3,3,0
8,19,4,1,0,0,3,3,0,13,1,1,0,8,0,2,5,0,0,0,0
10,16,4,1,1,0,3,0,0,0,1,1,1,0,0,0,5,0,0,10,0
6,18,4,0,1,4,3,3,1,2,1,1,1,5,0,1,0,4,11,3,1
3,18,4,0,1,0,3,0,0,2,1,1,1,1,0,1,0,6,3,4,1
7,4,2,0,0,4,3,0,1,0,1,0,0,7,0,3,0,6,5,12,1
3,21,4,1,1,4,3,0,1,11,1,1,1,5,0,1,5,1,0,4,0
0,18,4,1,1,0,3,0,0,2,1,1,1,0,0,1,0,5,2,3,0
6,15,4,0,0,4,3,0,1,5,1,1,0,5,0,0,5,0,0,4,1
8,0,4,1,0,0,3,0,0,2,1,1,1,0,0,1,0,2,4,6,1
7,15,0,1,1,0,3,0,0,2,1,1,1,0,0,0,5,0,0,0,1
14,18,0,1,1,0,3,0,0,1,1,1,1,0,2,1,0,6,4,10,1
14,20,0,1,1,0,3,0,0,1,1,1,1,1,2,1,0,6,2,14,1
1,18,4,0,1,0,3,0,0,2,1,1,1,7,0,0,5,0,0,0,1
14,21,4,1,1,0,3,3,0,14,1,1,1,5,2,1,0,2,3,12,0
7,15,0,1,1,0,3,3,0,1,1,1,1,0,0,2,0,6,2,7,1
11,20,4,0,1,0,3,0,0,0,1,1,1,0,2,3,0,9,2,12,1
11,18,4,0,1,0,3,0,0,5,1,1,1,0,2,6,2,1,0,3,1
7,15,0,1,1,4,3,0,1,1,1,1,1,7,0,0,5,0,0,0,1
6,15,4,0,1,0,3,1,0,12,1,1,1,0,0,1,0,6,3,8,1
5,17,4,1,1,0,3,3,0,2,1,1,1,0,0,0,5,0,0,0,1
12,21,4,1,1,0,3,0,0,0,1,1,1,5,2,2,0,6,2,12,0
15,20,0,0,1,4,3,0,1,0,1,1,1,5,2,1,0,9,1,11,0
3,15,0,1,1,4,3,0,1,1,1,1,1,5,0,1,5,6,0,3,1
14,20,0,1,1,0,3,3,0,1,1,1,1,0,2,1,0,6,3,12,1
5,19,4,0,1,0,3,1,0,7,1,1,1,0,0,6,0,2,3,5,1
2,17,4,0,1,0,0,1,0,16,1,1,1,0,0,5,3,8,2,6,0
11,13,0,0,1,0,3,0,0,0,1,1,1,0,2,1,0,6,6,12,1
8,18,4,1,1,3,3,0,1,2,1,1,1,5,0,1,0,2,6,8,1
9,20,4,0,1,0,3,0,0,0,1,1,1,7,0,2,0,6,6,6,1
3,20,4,0,1,0,3,0,0,0,1,1,1,7,0,3,0,6,8,5,0
14,14,0,1,1,4,3,0,1,0,1,1,1,0,2,0,5,0,0,0,1
9,15,4,0,1,0,3,3,0,5,1,1,1,0,0,3,0,9,6,13,1
12,20,4,0,1,0,3,0,0,3,1,1,1,1,2,1,0,6,2,6,1
8,13,4,1,1,0,3,0,0,2,1,1,1,0,0,1,0,6,3,7,1
4,18,0,0,1,4,3,3,1,0,1,1,1,7,0,1,0,1,6,2,1
12,18,4,1,1,0,1,1,0,0,1,1,1,8,2,5,5,0,0,2,0
15,21,0,0,1,0,3,1,0,9,1,1,1,5,2,1,2,6,0,8,1
6,20,4,1,1,0,3,1,0,0,1,1,1,0,0,1,0,6,5,11,1
15,20,0,1,1,4,3,0,1,0,1,1,1,7,2,1,0,8,8,13,1
10,19,4,0,1,0,3,0,0,12,1,1,1,0,0,1,0,6,8,12,1
6,20,4,0,1,0,3,0,0,0,1,1,1,0,0,8,2,6,0,14,1
2,18,4,0,1,0,3,3,0,11,1,1,1,0,0,1,0,6,2,6,1
2,13,4,0,0,0,3,1,0,2,1,1,0,0,0,0,5,0,0,0,1
1,17,4,0,1,0,3,0,0,2,1,1,1,0,0,1,0,1,6,1,0
5,18,4,0,1,3,3,0,1,10,1,1,1,0,0,1,0,6,1,3,0
0,18,4,1,1,4,3,0,1,9,1,1,1,0,0,3,0,4,6,9,1
6,20,4,1,1,0,3,0,0,11,1,1,1,0,0,1,0,6,8,11,0
10,20,4,0,1,0,3,0,0,12,1,1,1,0,0,1,0,7,3,13,0
2,14,4,0,0,0,3,0,0,15,1,1,0,7,0,0,5,0,0,1,0
6,15,4,0,1,0,3,0,0,2,1,1,1,7,0,1,0,5,3,5,1
10,21,0,1,1,0,3,3,0,0,1,1,1,0,0,1,0,8,2,14,1
6,20,4,1,1,0,3,3,0,2,1,1,1,0,0,1,0,6,6,9,1
10,18,4,1,1,0,3,0,0,4,1,1,1,2,0,5,3,6,1,1,1
11,17,0,0,1,0,3,1,0,1,1,1,1,8,2,1,0,3,3,8,0
8,15,4,0,1,0,3,0,0,0,1,1,1,0,0,1,0,4,6,7,1
10,15,4,1,1,0,3,3,0,5,1,1,1,0,0,1,0,9,4,12,1
10,18,4,0,1,0,3,0,0,12,1,1,1,7,0,1,0,2,6,4,1
11,20,0,0,1,0,3,1,0,1,1,1,1,0,2,1,0,6,4,14,0
1,19,4,1,1,0,3,0,0,16,1,1,1,0,0,2,0,1,1,7,0
9,15,4,0,1,3,3,0,1,11,1,1,1,5,0,1,0,7,7,8,1
7,20,4,1,1,0,3,1,0,2,1,1,1,5,0,0,5,0,0,0,0
2,18,2,1,0,0,3,3,0,2,1,1,1,0,0,0,5,0,0,0,1
8,18,4,1,1,0,3,1,0,2,1,1,1,0,0,1,0,2,9,4,1
9,20,0,1,1,4,3,0,1,1,1,1,1,5,0,2,0,6,0,11,0
12,13,0,0,1,0,3,3,0,0,1,1,1,7,2,1,0,4,6,6,1
8,17,4,0,1,0,3,1,0,2,1,1,1,8,0,6,0,4,6,7,1
6,18,4,0,1,0,3,0,0,0,1,1,1,7,0,1,0,6,3,11,1
12,18,4,1,1,0,3,0,0,5,1,1,1,7,2,0,5,0,0,10,1
0,17,4,1,1,0,3,0,0,16,1,1,1,5,0,1,0,9,6,4,0
11,18,0,1,1,0,3,0,0,2,1,1,1,0,2,1,0,6,4,11,0
12,20,0,1,1,1,3,1,1,9,1,1,1,0,2,2,0,1,3,6,1
14,20,0,1,1,4,3,0,1,1,1,1,1,5,2,1,0,5,11,3,1
10,22,0,0,1,0,3,1,0,15,1,1,1,0,0,7,5,9,0,0,0
3,15,4,0,1,0,0,3,0,16,1,1,1,0,0,5,3,9,1,8,0
1,18,4,1,1,3,3,3,1,2,1,1,1,8,0,2,0,1,2,2,1
4,15,0,0,1,0,1,1,0,0,1,1,1,8,0,1,0,8,8,12,1
13,15,0,1,1,3,3,0,1,0,1,1,1,7,2,3,0,6,6,12,1
13,15,0,1,1,0,3,3,0,1,1,1,1,0,2,3,5,0,0,0,1
6,20,4,1,1,4,3,0,1,11,1,1,1,0,0,1,0,6,0,9,1
9,18,4,0,1,0,3,0,0,0,1,1,1,1,0,1,0,6,3,13,0
5,18,4,1,1,0,3,3,0,2,1,1,1,0,0,1,0,6,4,5,1
8,15,4,0,0,0,3,1,0,2,1,1,0,0,0,0,5,0,0,0,1
1,15,4,0,1,0,3,0,0,2,1,1,1,8,0,2,0,1,3,9,1
15,19,4,1,1,0,3,3,0,0,1,1,1,0,2,1,0,9,0,11,0
5,18,4,1,1,0,3,1,0,2,1,1,1,6,0,2,0,5,10,3,1
2,15,4,0,1,0,3,1,0,2,1,1,1,0,0,1,2,0,0,0,1
6,18,4,1,1,0,3,0,0,14,1,1,1,0,0,1,0,6,8,12,1
1,15,4,1,1,0,3,1,0,0,1,1,1,0,0,1,0,6,3,13,1
15,20,0,0,1,3,0,0,1,1,1,1,1,5,2,5,3,8,4,14,1
7,20,0,1,1,0,3,1,0,1,1,1,1,0,0,0,5,0,0,0,0
11,6,0,0,1,0,3,0,0,7,1,1,1,8,2,1,0,3,8,10,0
11,20,0,0,1,0,3,1,0,1,1,1,1,0,2,1,0,7,10,14,1
3,15,3,1,1,0,3,0,0,2,1,1,1,6,0,1,0,5,10,3,1
9,15,4,0,1,0,3,3,0,14,1,1,1,0,0,1,0,6,8,12,1
3,20,4,1,1,4,3,0,1,0,1,1,1,5,0,1,0,6,8,8,1
6,19,4,0,1,0,3,0,0,2,1,1,1,7,0,1,0,4,6,3,1
13,18,4,0,1,4,3,0,1,2,1,1,1,5,2,1,0,1,6,6,1
11,21,4,0,1,4,3,0,1,5,1,1,1,0,2,1,0,9,4,13,1
12,20,0,0,1,4,3,0,1,0,1,1,1,5,2,0,5,0,0,0,1
0,18,4,1,1,0,3,0,0,2,1,1,1,0,0,0,5,0,0,0,1
6,17,4,1,1,0,3,0,0,2,1,1,1,1,0,1,0,4,11,4,1
12,20,4,0,1,4,3,0,1,2,1,1,1,0,2,1,0,8,5,6,1
10,20,0,0,1,0,3,3,0,1,1,1,1,0,0,1,0,6,8,14,0
6,18,4,0,1,0,3,0,0,2,1,1,1,7,0,1,0,6,5,7,1
4,15,0,0,1,0,3,0,0,2,1,1,1,0,0,1,0,6,7,7,1
8,15,4,1,1,0,3,0,0,2,1,1,1,0,0,1,0,6,6,2,1
0,18,4,0,1,0,3,1,0,2,1,1,1,0,0,9,2,0,0,0,1
3,14,4,1,0,0,3,3,0,2,1,1,0,0,0,0,5,0,0,4,1
13,20,4,0,0,0,3,1,0,0,1,1,0,0,2,1,0,8,3,12,1
2,16,4,0,0,0,3,0,0,3,1,1,0,1,0,1,0,5,7,4,1
6,20,4,1,1,0,3,0,0,11,1,1,1,0,0,4,0,6,6,12,0
0,16,4,0,1,0,3,0,0,2,1,1,1,0,0,0,5,0,0,0,1
7,15,4,0,1,0,3,3,0,5,1,1,1,0,0,1,0,9,6,5,0
8,18,4,1,1,4,3,3,1,12,1,1,1,7,0,1,0,6,4,5,0
10,20,4,0,1,0,3,3,0,0,1,1,1,5,0,1,0,7,2,13,0
1,15,4,0,1,4,3,0,1,2,1,1,1,7,0,0,5,0,0,0,1
11,5,4,0,1,0,3,3,0,4,1,1,1,0,2,4,0,1,10,4,1
10,23,4,1,1,0,3,0,0,2,1,1,1,0,0,1,0,8,6,2,1
11,18,4,1,1,0,3,0,0,12,1,1,1,7,2,1,0,6,6,9,0
3,18,4,1,1,0,3,3,0,2,1,1,1,5,0,0,5,0,0,0,1
5,20,4,0,1,0,3,0,0,2,1,1,1,1,0,1,2,0,0,0,1
14,15,0,1,1,0,3,0,0,0,1,1,1,1,2,1,0,6,11,13,1
3,18,4,0,1,0,3,0,0,14,1,1,1,0,0,1,5,0,0,0,1
7,20,4,0,1,0,3,0,0,2,1,1,1,5,0,1,0,6,3,11,1
3,18,4,0,1,0,3,0,0,2,1,1,1,8,0,4,0,1,10,7,1
4,20,4,0,1,0,3,1,0,2,1,1,1,5,0,2,0,3,6,10,1
3,15,4,0,1,0,3,1,0,2,1,1,1,0,0,1,0,6,4,10,1
15,20,0,1,1,4,3,0,1,0,1,1,1,7,2,6,0,6,6,10,1
2,18,4,1,1,0,3,0,0,4,1,1,1,0,0,0,5,0,0,0,1
12,19,4,0,1,0,3,0,0,2,1,1,1,0,2,1,0,6,8,12,1
4,20,4,1,1,0,3,0,0,3,1,1,1,0,0,2,0,2,8,6,1
5,15,4,0,1,0,3,1,0,0,1,1,1,0,0,1,5,6,0,11,1
5,20,4,1,1,0,3,1,0,2,1,1,1,0,0,1,2,5,0,3,1
1,15,4,1,1,0,3,3,0,11,1,1,1,0,0,1,5,0,0,0,0
3,18,4,0,0,0,1,3,0,14,1,1,1,0,2,1,5,0,0,0,1
15,18,4,0,1,0,3,1,0,2,1,1,1,8,2,4,0,6,10,12,1
13,19,0,1,1,0,3,1,0,0,1,1,1,0,2,3,0,6,8,12,1
1,18,4,0,1,0,3,0,0,2,1,1,1,0,0,1,0,1,3,5,1
0,15,4,0,1,3,3,0,1,2,1,1,1,8,0,9,2,0,0,0,1
12,20,0,1,1,0,3,3,0,0,1,1,1,8,2,1,0,6,10,13,1
12,21,0,1,1,0,3,0,0,1,1,1,1,7,2,2,0,6,11,14,1
7,15,4,1,1,0,3,0,0,2,1,1,1,7,0,0,5,0,0,0,1
2,16,4,0,1,0,3,0,0,9,1,1,1,0,0,1,0,1,1,1,1
1,18,4,1,1,0,3,0,0,2,1,1,1,7,0,0,5,0,0,0,1
8,17,0,1,1,0,3,0,0,8,1,1,1,0,0,4,0,2,1,3,0
8,20,0,0,1,0,3,0,0,1,1,1,1,5,0,1,0,6,4,9,1
15,21,0,1,1,0,3,1,0,0,1,1,1,0,2,3,0,8,2,13,1
11,11,4,1,1,4,3,0,1,12,1,1,1,0,2,1,0,6,3,6,1
1,19,4,1,1,0,3,0,0,2,1,1,1,0,0,1,0,1,2,4,1
12,19,4,1,1,1,3,3,0,13,1,1,0,8,2,2,0,5,7,13,1
0,15,4,0,1,4,3,0,1,16,1,1,1,1,0,9,2,0,0,0,1
13,15,0,1,1,0,3,3,0,0,1,1,1,0,2,6,0,6,3,7,1
13,20,4,0,1,0,3,3,0,11,1,1,1,5,2,1,0,6,10,13,1
15,20,0,1,1,4,3,0,1,0,1,1,1,5,2,1,0,6,3,10,1
3,20,4,0,1,0,3,1,0,0,1,1,1,0,0,1,0,6,3,14,1
14,18,4,0,0,0,3,3,0,0,1,1,1,7,2,1,0,5,6,10,1
6,15,0,0,1,0,3,0,0,2,1,1,1,0,0,1,0,6,6,8,0
1,18,4,0,1,0,3,0,0,11,1,1,1,0,0,1,0,6,6,2,1
10,21,4,1,1,3,3,0,1,0,1,1,1,5,0,1,0,8,8,14,0
2,18,4,1,1,0,3,0,0,4,1,1,1,0,0,6,0,6,6,3,0
1,15,4,1,1,3,3,0,0,16,1,1,1,0,0,7,5,6,0,11,1
5,18,4,1,1,0,3,1,0,2,1,1,1,0,0,1,0,2,11,3,1
1,15,4,0,1,0,3,0,0,2,1,1,1,7,0,0,5,0,0,0,1
12,20,4,1,1,0,3,1,0,0,1,1,1,8,0,1,1,2,0,4,1
14,15,0,0,1,0,3,0,0,0,1,1,1,0,2,1,0,6,11,11,1
9,21,4,1,1,0,3,0,0,2,1,1,1,5,0,1,0,5,7,8,1
2,17,4,0,1,4,3,0,1,2,1,1,1,0,0,1,0,7,4,2,1
11,16,4,1,1,0,3,2,0,10,1,1,1,4,2,1,5,6,0,4,1
0,15,4,1,1,0,3,3,0,14,1,1,1,7,0,0,5,0,0,0,0
10,15,4,0,1,0,3,0,0,2,1,1,1,0,0,1,2,0,0,0,0
7,11,4,1,1,4,3,0,1,0,1,1,1,0,0,1,0,1,8,1,1
14,13,0,0,1,0,3,3,0,8,1,1,1,0,2,1,5,6,0,7,0
13,20,4,0,1,2,3,1,0,2,1,1,1,5,2,1,0,5,9,14,1
0,18,4,1,1,2,3,3,0,2,1,1,1,0,0,9,2,0,0,0,0
15,11,4,0,0,0,3,0,0,15,0,0,1,0,0,2,2,7,0,2,0
12,17,0,1,1,0,3,0,0,0,1,1,1,7,2,1,0,2,3,8,1
6,15,4,0,1,0,3,0,0,2,1,1,1,0,0,1,0,4,1,5,1
11,22,4,1,0,0,3,0,0,0,1,0,1,5,2,3,0,7,4,12,1
14,19,0,1,1,0,1,1,0,1,1,1,1,5,2,5,5,0,0,11,1
15,15,4,1,1,0,3,1,0,9,1,1,1,8,0,4,0,5,8,4,1
5,20,4,0,1,0,3,1,0,2,1,1,1,0,0,1,0,6,11,8,1
0,17,4,1,1,0,3,3,0,2,1,1,1,7,0,1,0,5,2,5,1
4,20,4,0,1,0,3,0,0,0,1,1,1,0,0,1,0,9,4,10,0
10,15,0,0,1,0,0,0,0,1,1,1,1,0,0,5,3,7,2,12,1
8,15,4,0,1,0,3,0,0,0,1,1,1,0,0,1,0,9,6,12,1
7,20,4,0,1,0,3,1,0,0,1,1,1,0,0,1,0,7,11,14,0
7,15,4,0,1,0,3,0,0,2,1,1,1,0,0,3,0,4,5,6,1
5,15,4,0,1,0,3,0,0,12,1,1,1,0,0,1,0,5,3,5,0
9,18,4,0,1,0,3,0,0,0,1,1,1,1,0,1,0,8,6,11,0
2,18,4,1,1,0,3,0,0,0,1,1,1,1,0,1,0,1,4,5,0
2,18,4,1,1,0,3,0,0,2,1,1,1,0,0,1,0,8,8,9,1
1,18,4,1,1,0,3,1,0,16,1,1,1,0,0,2,5,0,0,0,0
3,18,4,1,1,0,3,0,0,2,1,1,1,7,0,1,0,2,4,3,1
5,18,4,1,1,0,3,1,0,16,1,1,1,0,0,1,0,6,2,7,1
11,20,0,1,1,0,3,3,0,0,1,1,1,5,2,2,0,6,0,10,0
13,20,4,0,1,0,3,1,0,12,1,1,1,0,2,1,0,8,1,10,0
4,21,4,1,1,0,3,0,0,4,1,1,1,0,0,1,0,1,2,4,1
3,20,0,1,1,0,3,0,0,1,1,1,1,5,0,1,0,6,6,12,0
2,18,4,1,1,0,3,3,0,4,1,1,1,0,0,1,0,1,1,3,1
3,21,4,0,1,4,3,0,1,2,1,1,1,5,0,1,0,6,4,5,1
12,23,0,1,1,0,3,0,0,0,1,1,1,0,2,1,0,8,11,14,1
3,18,4,1,1,0,3,0,0,16,1,1,1,0,0,1,5,0,0,0,1
5,18,0,0,1,0,3,3,0,1,1,1,1,1,0,1,0,3,1,4,1
2,13,4,0,1,0,3,0,0,15,1,1,1,1,0,0,5,0,0,0,1
7,18,4,0,1,0,3,3,0,2,1,1,1,0,0,1,0,6,2,8,1
5,17,4,0,1,0,3,0,0,2,1,1,1,0,0,1,0,6,2,6,0
1,18,4,0,1,0,3,0,0,2,1,1,1,0,0,1,0,3,6,4,1
2,18,4,1,1,0,3,0,0,2,1,1,1,1,0,0,5,0,0,0,1
8,19,0,0,1,0,3,0,0,0,1,1,1,7,0,1,0,6,6,10,1
15,20,0,0,1,0,3,0,0,0,1,1,1,0,2,6,0,6,0,13,1
13,12,3,1,1,0,3,0,0,0,1,1,1,1,2,0,5,0,0,4,1
15,20,0,1,1,0,3,0,0,0,1,1,1,0,2,1,0,6,0,9,1
1,18,4,1,1,0,3,1,0,0,1,1,1,0,0,1,0,1,6,2,1
9,16,0,1,1,0,3,0,0,0,1,1,1,0,0,1,5,1,0,1,0
10,20,4,1,1,0,3,3,0,11,1,1,1,5,0,4,0,6,4,11,1
3,19,4,0,1,0,3,1,0,11,1,1,1,0,0,1,0,6,1,6,0
1,18,4,1,1,0,3,0,0,2,1,1,1,7,0,1,5,2,0,2,1
5,18,4,0,0,3,3,0,1,2,1,1,1,5,0,5,0,6,6,10,1
14,15,0,1,1,4,3,0,1,9,1,1,1,5,2,1,0,6,8,8,1
11,23,4,1,1,4,3,0,1,16,1,1,1,5,2,0,5,0,0,2,0
6,18,4,0,1,0,3,3,0,5,1,1,1,7,0,1,0,3,5,5,1
1,19,4,1,1,0,3,1,0,2,1,1,1,0,0,0,5,0,0,0,1
14,18,0,1,1,0,3,1,0,0,1,1,1,8,2,6,0,4,3,10,1
4,15,4,0,1,0,3,0,0,16,1,1,1,0,0,1,1,4,0,6,0
1,15,4,0,1,0,3,3,0,16,1,1,1,5,0,2,5,1,0,3,0
6,15,4,0,1,0,3,1,0,2,1,1,1,0,0,1,0,1,0,2,1
10,20,4,0,1,0,3,3,0,0,1,1,1,0,0,1,0,8,8,7,0
3,19,4,0,1,0,3,1,0,0,1,1,1,0,0,6,0,1,6,2,1
12,15,0,0,1,0,3,0,0,2,1,1,1,7,2,1,0,6,4,8,1
5,20,4,0,1,0,3,3,0,2,1,1,1,0,0,1,0,6,2,5,0
6,18,4,1,1,0,3,1,0,2,1,1,1,0,0,4,0,6,2,11,1
8,18,4,0,1,0,3,0,0,2,1,1,1,7,0,1,0,8,11,8,1
7,20,4,1,1,4,3,0,1,5,1,1,1,5,0,1,0,6,2,2,1
10,20,0,1,1,4,3,0,1,1,1,1,1,5,0,1,5,0,0,0,1
9,20,4,1,1,3,3,3,1,5,1,1,1,0,0,2,0,1,4,5,1
6,20,0,0,1,2,3,1,0,1,1,1,1,8,0,8,5,0,0,0,1
15,23,3,1,1,0,3,0,0,2,1,1,1,6,2,1,0,5,8,3,1
1,15,4,0,1,4,3,0,1,12,1,1,1,0,0,1,5,4,0,4,1
8,21,4,0,1,0,3,0,0,0,1,1,1,7,0,3,0,6,5,13,0
15,20,2,1,1,0,3,1,0,0,1,1,1,5,2,1,0,6,8,14,1
14,19,4,0,1,0,3,0,0,0,1,1,1,0,2,6,0,9,0,11,1
6,18,4,1,1,3,3,3,1,2,1,1,1,5,0,1,0,6,8,8,1
9,15,4,0,1,0,3,0,0,2,1,1,1,0,0,1,2,0,0,5,1
13,20,0,1,1,3,3,0,1,1,1,1,1,0,2,2,5,2,0,4,1
14,15,4,1,1,4,3,0,1,0,1,1,1,7,2,1,0,8,1,14,1
9,18,4,0,1,0,3,1,0,2,1,1,1,0,0,1,0,6,3,10,1
14,20,4,0,1,0,3,0,0,2,1,1,1,1,2,1,0,4,0,6,1
11,15,0,0,1,0,3,0,0,0,1,1,1,7,2,1,0,6,1,10,1
0,18,4,1,1,4,3,1,1,16,1,1,1,0,0,1,0,4,2,6,1
7,18,0,0,1,0,3,0,0,0,1,1,1,0,0,1,0,6,3,6,0
2,18,4,1,1,4,3,0,1,0,1,1,1,0,0,1,0,4,2,7,0
11,16,4,0,1,0,3,1,0,12,1,1,1,0,2,1,0,7,10,8,0
10,18,0,1,1,0,3,0,0,2,1,1,1,0,0,2,0,1,3,7,1
13,19,2,1,1,0,3,0,0,12,1,1,1,0,2,1,0,6,8,11,1
5,15,0,0,1,0,3,2,0,1,1,1,1,0,0,1,5,6,0,4,0
6,18,4,1,1,0,3,0,0,2,1,1,1,7,0,1,0,1,3,7,1
3,20,4,0,1,0,3,1,0,11,1,1,1,0,0,1,0,7,4,5,1
3,13,4,0,1,4,3,0,1,16,1,1,1,1,0,9,2,0,0,0,0
12,18,0,0,1,0,3,0,0,0,1,1,1,5,2,1,0,6,8,13,1
7,20,0,0,1,0,3,0,0,1,1,1,1,0,0,1,0,9,8,14,1
8,15,4,0,1,0,3,0,0,2,1,1,1,5,0,1,0,6,11,9,1
10,20,0,1,1,0,3,3,0,10,1,1,1,0,0,1,0,6,11,3,1
0,14,4,0,1,0,3,0,0,2,1,1,1,0,0,1,1,3,0,1,1
4,20,4,1,1,0,3,0,0,2,1,1,1,0,0,1,5,0,0,0,1
6,17,4,0,1,0,3,3,0,11,1,1,1,8,0,1,0,8,2,10,1
6,21,4,0,1,0,3,0,0,2,1,1,1,5,0,4,0,6,8,10,1
12,13,0,1,1,4,3,3,1,8,1,1,1,0,2,0,5,0,0,0,1
9,15,0,1,1,4,3,0,1,1,1,1,1,7,0,1,5,0,0,0,1
4,19,4,0,1,0,3,1,0,11,1,1,1,0,0,1,0,4,2,5,0
11,21,4,1,1,0,3,1,0,0,1,1,1,0,2,3,2,6,0,5,0
14,8,1,1,1,4,3,0,1,4,1,1,1,1,2,4,0,5,2,7,1
15,19,0,0,1,0,3,1,0,1,1,1,1,0,2,1,5,4,0,2,0
6,15,4,1,1,4,3,0,1,9,1,1,1,0,0,1,5,5,0,7,1
2,18,4,0,1,0,3,0,0,2,1,1,1,0,0,1,0,1,2,2,1
7,15,4,1,1,0,3,3,0,12,1,1,1,0,0,1,0,8,3,10,1
12,17,2,0,1,0,3,0,0,2,1,1,1,1,2,3,0,6,1,10,1
0,15,4,0,1,0,3,0,0,2,1,1,1,7,0,1,5,0,0,0,1
1,19,4,1,1,0,3,1,0,2,1,1,1,0,0,1,5,2,0,0,1
0,15,4,1,1,0,3,0,0,2,1,1,1,0,0,0,5,0,0,0,1
14,22,0,1,1,3,3,0,1,1,1,1,1,7,2,1,0,6,9,11,1
0,17,4,1,1,0,3,1,0,0,1,1,1,7,0,2,0,6,4,8,1
12,20,4,1,1,0,3,1,0,0,1,1,1,1,2,5,0,6,6,11,0
11,20,4,0,1,0,3,3,0,0,1,1,1,1,2,6,0,6,11,6,1
4,15,4,0,1,0,3,0,0,2,1,1,1,7,0,1,0,6,2,6,1
12,15,4,0,1,4,3,3,1,14,1,1,1,7,2,1,0,6,4,10,1
4,18,4,0,1,0,3,1,0,2,1,1,1,5,0,1,0,6,6,7,1
1,19,4,1,1,0,3,0,0,2,1,1,1,1,0,0,5,0,0,0,0
3,17,4,0,1,0,3,1,0,0,1,1,1,0,0,6,0,1,1,2,1
0,18,4,1,1,0,3,1,0,16,1,1,1,5,0,0,5,0,0,0,0
5,20,4,1,1,0,3,1,0,0,1,1,1,0,0,1,2,2,0,4,0
7,15,4,0,1,0,3,0,0,2,1,1,1,7,0,1,5,4,0,7,1
5,17,0,1,1,4,3,0,1,1,1,1,1,7,0,1,0,4,1,2,0
2,19,4,1,1,0,3,3,0,2,1,1,1,5,0,1,0,3,6,4,1
11,21,0,1,1,4,3,0,1,1,1,1,1,5,2,0,5,0,0,0,1
13,20,4,1,1,3,3,0,1,2,1,1,1,5,2,0,5,0,0,0,1
2,16,4,0,1,0,3,0,0,2,1,1,1,5,0,1,0,5,10,4,1
7,20,0,1,1,0,3,0,0,0,1,1,1,0,0,0,5,0,0,0,0
11,15,0,0,1,0,3,1,0,1,1,1,1,0,2,1,5,4,0,6,1
1,15,4,0,0,3,3,1,0,2,0,1,1,0,0,1,0,2,2,5,1
12,23,2,0,1,0,3,0,0,2,1,1,1,0,2,1,5,0,0,2,1
9,20,4,0,1,0,3,0,0,2,1,1,1,0,0,1,0,6,10,11,0
14,11,0,1,0,0,3,1,0,1,1,1,1,0,2,1,0,5,2,10,1
13,15,4,0,1,3,3,3,1,5,1,1,1,8,2,1,0,6,10,10,1
14,8,0,0,1,4,3,0,1,0,1,1,1,0,2,1,1,6,0,14,1
3,15,4,1,1,0,3,0,0,2,1,1,1,8,0,1,0,5,3,7,1
15,20,4,0,1,0,3,3,0,2,1,1,1,0,2,2,0,6,11,14,1
11,18,4,1,1,4,3,0,1,0,1,1,1,2,2,1,0,8,4,11,1
9,15,0,0,1,0,3,0,0,1,1,1,1,7,0,1,0,4,3,6,1
6,20,4,1,1,4,3,3,1,11,1,1,1,0,0,1,0,6,6,14,0
5,18,4,0,1,0,3,0,0,2,1,1,1,5,0,1,0,6,7,8,1
13,20,0,1,1,0,3,3,0,1,1,1,1,0,2,1,0,8,11,14,0
12,18,0,0,1,0,1,0,0,1,1,1,1,5,2,5,0,7,3,11,0
12,16,2,1,1,0,3,0,0,3,1,1,1,0,2,1,0,6,1,10,0
4,20,4,0,1,0,3,0,0,11,1,1,1,5,0,6,0,1,6,1,1
4,18,4,0,1,0,3,3,0,2,1,1,1,0,0,1,0,4,4,9,1
9,14,4,0,1,0,3,0,0,2,1,1,1,0,0,8,5,5,0,5,1
1,18,4,0,1,4,3,0,1,5,1,1,1,7,0,1,0,6,4,8,1
0,13,4,0,1,0,0,1,0,16,1,1,1,0,0,2,3,4,0,6,0
15,21,0,0,1,0,3,0,0,1,1,1,1,1,2,1,0,8,2,14,1
5,20,0,1,1,3,3,0,1,9,1,1,1,5,0,1,0,6,11,6,1
11,18,4,1,1,3,3,0,1,16,1,1,1,5,2,1,5,0,0,4,1
12,13,0,0,1,0,3,0,0,0,1,1,1,7,2,6,0,6,6,13,1
14,19,0,1,1,0,3,1,0,0,1,1,1,0,2,1,0,6,11,6,1
10,20,0,0,1,0,3,1,0,1,1,1,1,0,0,7,1,7,0,14,0
1,17,4,0,1,0,3,1,0,2,1,1,1,0,0,1,0,1,3,1,0
4,20,4,0,1,0,3,0,0,11,1,1,1,0,0,2,0,6,4,11,1
13,18,0,0,1,0,3,0,0,1,1,1,1,0,2,7,0,6,6,9,1
13,20,4,0,1,0,3,0,0,12,1,1,1,0,2,1,0,7,3,10,0
4,19,4,0,1,0,3,0,0,2,1,1,1,0,0,1,0,4,11,3,1
9,20,0,0,1,0,0,0,0,1,1,1,1,7,0,5,3,6,4,9,1
13,20,4,0,1,0,3,0,0,2,1,1,1,5,2,1,0,8,11,11,1
10,21,4,1,1,4,3,0,1,2,1,1,1,5,0,1,0,6,6,8,1
3,18,4,0,1,0,3,0,0,2,1,1,1,0,0,3,5,0,0,0,0
14,20,4,1,1,0,3,3,0,5,1,1,1,0,2,2,0,9,0,9,1
15,15,4,1,1,0,3,3,0,0,1,1,1,0,2,1,0,5,5,8,1
12,13,0,0,1,4,3,3,1,11,1,1,1,0,2,6,5,0,0,0,1
0,18,4,1,1,0,3,0,0,2,1,1,1,7,0,1,5,0,0,1,1
8,16,4,0,1,0,3,0,0,0,1,1,1,7,0,1,0,6,4,10,0
14,20,0,0,1,0,3,0,0,0,1,1,1,0,2,1,0,6,4,12,1
12,18,4,1,0,0,3,0,0,2,1,1,0,0,2,1,0,1,3,3,1
14,19,0,1,1,0,3,0,0,0,1,1,1,0,2,1,0,6,3,13,1
5,18,4,1,1,0,3,3,0,2,1,1,1,0,0,1,0,2,2,3,1
10,8,0,1,1,4,3,0,1,11,1,1,1,0,0,1,0,6,4,12,1
7,20,0,1,1,0,3,1,0,0,1,1,1,0,0,1,0,7,4,9,1
13,18,4,1,1,0,3,1,0,0,1,1,1,8,2,1,5,6,0,7,1
14,15,0,1,1,0,3,1,0,0,1,1,1,8,2,1,0,5,0,9,1
8,19,4,1,1,3,3,3,1,13,1,1,1,8,0,2,0,2,4,8,1
2,18,4,1,1,0,3,0,0,2,1,1,1,0,0,1,0,3,1,6,1
13,15,0,0,1,4,3,0,1,1,1,1,1,7,2,1,0,6,6,11,1
10,19,0,1,1,0,3,1,0,1,1,1,1,0,0,1,5,0,0,0,1
5,18,4,0,1,0,3,0,0,2,1,1,1,0,0,3,0,9,3,9,1
11,20,4,0,1,0,3,1,0,0,1,1,1,0,2,3,0,6,4,14,1
6,15,0,0,0,0,3,0,0,2,1,1,1,0,0,1,5,0,0,1,1
8,20,4,1,1,0,2,1,0,10,1,1,1,0,0,1,0,8,4,13,0
12,20,4,0,1,0,3,0,0,0,1,1,1,0,2,1,0,8,6,14,1
0,15,4,0,0,0,3,0,0,2,1,1,0,0,0,0,5,0,0,0,0
4,20,4,1,1,4,3,0,1,2,1,1,1,5,0,1,0,1,0,1,0
13,15,4,0,1,0,3,0,0,0,1,1,1,0,2,1,0,6,4,10,1
14,8,1,1,1,3,3,1,1,5,1,1,1,1,2,1,0,3,5,3,1
2,19,4,0,1,0,3,1,0,2,1,1,1,0,0,1,0,4,3,4,1
10,18,4,0,1,0,3,0,0,14,1,1,1,0,0,1,0,8,8,7,1
15,20,4,0,1,4,3,0,1,0,1,1,1,7,2,1,2,2,0,5,1
9,18,4,1,1,0,3,1,0,0,1,1,1,0,0,4,0,1,1,1,1
4,16,4,0,1,0,3,1,0,2,1,1,1,7,0,1,0,6,5,8,0
12,15,0,1,1,4,3,3,1,1,1,1,1,7,2,1,2,0,0,0,1
11,17,0,1,1,0,3,0,0,1,1,1,1,1,2,1,0,6,3,11,1
11,19,0,1,1,0,3,0,0,1,1,1,1,7,2,3,0,4,10,5,1
9,3,3,1,1,3,1,3,1,14,1,1,1,7,2,1,0,6,10,7,1
13,0,4,0,0,0,3,0,0,0,1,1,0,7,2,0,5,0,0,6,1
8,20,0,1,1,4,3,0,1,1,1,1,1,0,0,1,0,7,0,9,0
8,15,4,0,1,0,3,0,0,2,1,1,1,0,0,1,0,4,3,3,1
15,22,4,0,1,0,3,3,0,11,1,1,1,0,2,1,0,9,0,14,0
10,20,4,1,1,0,3,1,0,0,1,1,1,0,0,3,0,4,2,13,0
11,20,4,0,0,0,3,0,0,0,1,1,0,0,2,3,5,0,0,0,0
3,15,4,0,1,0,3,0,0,2,1,1,1,7,0,1,5,6,0,4,1
6,20,0,0,1,0,3,0,0,0,1,1,1,8,0,1,0,6,6,11,1
7,19,4,1,1,0,3,0,0,0,1,1,1,0,0,2,0,7,4,12,1
10,17,2,1,1,0,3,1,0,0,1,1,1,0,0,1,0,6,6,8,0
12,18,4,0,1,0,3,3,0,11,1,1,1,0,2,1,0,6,3,9,1
7,17,4,1,1,0,3,0,0,0,1,1,1,0,0,1,2,0,0,8,1
10,15,0,1,1,4,3,0,1,1,1,1,1,0,0,1,0,6,2,5,1
3,18,4,1,1,0,3,3,0,2,1,1,1,0,0,0,5,0,0,0,1
9,15,4,0,1,0,0,0,0,0,1,1,1,0,0,5,3,6,9,12,1
0,13,0,1,1,0,3,0,0,8,1,1,1,0,0,1,5,4,0,3,1
6,21,0,0,1,3,3,0,1,0,1,1,1,5,0,1,0,6,9,13,0
8,16,4,0,1,0,3,1,0,5,1,1,1,8,0,1,0,6,2,2,0
11,21,0,0,1,0,3,1,0,0,1,1,1,0,2,2,0,6,4,12,0
5,18,4,0,0,0,3,1,0,0,1,1,1,0,0,1,0,5,2,3,1
7,19,0,1,1,0,3,3,0,1,1,1,1,0,0,1,0,6,11,11,0
6,17,4,1,1,0,3,0,0,0,1,1,1,0,0,0,5,0,0,0,1
15,21,0,1,1,4,3,0,1,1,1,1,1,5,2,0,5,0,0,0,0
15,22,4,1,1,0,3,0,0,15,1,1,1,7,2,0,5,0,0,0,0
9,18,2,0,1,0,3,0,0,14,1,1,1,5,0,1,0,6,0,13,1
4,20,0,0,1,0,3,3,0,2,1,1,1,7,0,1,0,6,4,10,1
12,18,4,0,1,4,3,0,1,0,1,1,1,5,2,1,0,6,6,11,0
5,15,4,1,1,0,3,0,0,2,1,1,1,7,0,0,5,0,0,0,1
10,15,4,1,1,0,3,0,0,7,1,1,1,0,0,1,0,6,6,12,1
13,18,0,1,1,0,3,0,0,0,1,1,1,0,2,1,0,9,2,11,1
13,20,0,0,1,0,0,0,0,0,1,1,1,5,2,5,0,8,6,14,1
10,12,0,1,1,4,3,0,1,1,1,1,1,7,0,0,5,0,0,0,1
14,21,0,0,1,0,3,0,0,0,1,1,1,0,2,1,0,9,3,14,1
6,18,4,0,1,0,3,1,0,0,1,1,1,0,0,0,5,0,0,0,1
12,16,0,0,1,4,3,0,1,1,1,1,1,5,2,0,5,0,0,0,1
14,20,0,1,1,0,3,1,0,1,1,1,1,0,2,1,0,6,8,12,1
8,17,4,0,1,0,3,1,0,12,1,1,1,0,0,1,0,8,3,11,1
2,15,4,0,1,3,3,0,1,2,1,1,1,7,0,1,0,2,3,2,1
9,18,4,1,1,0,3,0,0,2,1,1,1,0,0,0,5,0,0,5,1
4,18,4,1,1,0,3,0,0,9,1,1,1,0,0,1,0,6,0,8,0
3,15,4,1,1,0,3,1,0,2,1,1,1,0,0,1,0,6,4,10,1
4,20,4,1,1,0,3,0,0,2,1,1,1,0,0,2,2,6,0,4,1
1,18,4,1,0,0,3,1,0,2,1,1,0,8,0,0,5,0,0,0,1
7,21,4,1,1,0,3,0,0,2,1,1,1,7,0,1,1,4,0,6,1
7,21,4,0,1,2,3,0,0,2,1,1,1,1,0,1,0,6,6,13,0
10,20,4,1,1,0,3,1,0,0,1,1,1,0,0,1,0,6,3,14,1
9,16,3,1,1,0,3,0,0,0,1,1,1,0,0,1,0,7,0,7,0
4,18,4,0,1,0,3,0,0,2,1,1,1,0,0,1,0,4,2,8,1
8,18,4,1,1,4,3,0,1,2,1,1,1,5,0,1,0,2,9,2,1
12,20,0,0,1,0,3,0,0,15,1,1,1,0,2,1,5,0,0,0,1
1,18,4,0,1,0,3,1,0,16,1,1,1,0,0,1,0,5,2,6,1
0,15,4,0,1,0,3,0,0,2,1,1,1,0,0,0,5,0,0,0,1
4,18,0,0,1,4,3,0,1,2,1,1,1,7,0,1,0,8,2,7,1
2,20,4,0,1,3,3,0,1,11,1,1,1,5,0,1,5,2,0,4,0
5,19,4,1,1,0,3,0,0,0,1,1,1,1,0,1,0,9,2,9,1
14,17,4,0,1,0,3,0,0,0,1,1,1,0,2,1,0,6,4,13,0
3,18,4,1,1,0,3,1,0,2,1,1,1,0,0,1,0,6,1,5,1
15,13,0,1,1,0,3,0,0,1,1,1,1,0,2,6,5,0,0,2,1
1,15,4,1,0,4,3,0,0,11,0,1,1,2,0,1,0,2,5,5,0
6,15,4,0,1,0,3,3,0,2,1,1,1,0,0,1,0,6,8,5,1
14,21,0,1,1,3,3,3,1,0,1,1,1,5,2,1,0,8,6,13,1
13,20,0,0,1,0,3,0,0,0,1,1,1,7,2,3,0,6,4,9,1
14,20,0,1,1,0,3,3,0,0,1,1,1,0,2,2,0,6,0,9,1
11,20,0,1,1,3,3,3,1,0,1,1,1,0,2,3,0,6,2,13,1
4,15,4,1,1,0,3,0,0,2,1,1,1,0,0,1,0,2,11,3,1
6,13,4,0,1,0,3,0,0,15,1,1,1,1,0,0,5,0,0,0,1
14,20,0,1,1,0,3,1,0,0,1,1,1,0,2,1,0,9,8,11,1
9,18,0,0,1,0,3,0,0,1,1,1,1,0,0,1,0,8,4,10,0
1,18,0,1,1,0,3,0,0,0,1,1,1,7,0,0,5,0,0,0,1
13,22,0,0,1,4,3,3,1,1,1,1,1,5,2,1,0,9,0,11,0
11,17,4,0,0,0,3,1,0,0,1,1,0,0,2,1,0,9,6,7,1
10,20,0,1,1,0,3,0,0,1,1,1,1,5,0,1,0,6,6,14,1
14,18,4,0,1,0,3,0,0,2,1,1,1,0,2,1,0,6,2,12,1
12,18,4,0,1,4,3,0,1,9,1,1,1,0,2,0,5,0,0,0,1
11,16,0,0,1,0,0,0,0,11,1,1,1,5,2,0,5,0,0,0,1
10,15,0,0,1,0,3,3,0,5,1,1,1,0,0,1,0,9,4,12,1
13,17,0,1,1,4,3,0,1,0,1,1,1,0,2,6,5,0,0,0,1
0,14,4,0,1,0,3,0,0,16,1,1,1,0,0,3,0,6,1,6,1
13,20,0,0,1,4,3,0,1,1,1,1,1,5,2,1,0,9,6,14,1
10,21,4,1,1,3,3,3,1,0,1,1,1,0,0,1,0,8,4,14,0
11,17,0,0,1,3,1,0,1,0,1,1,1,0,2,1,0,9,6,13,1
7,19,4,0,1,0,3,0,0,12,1,1,1,0,0,6,0,6,6,6,0
15,19,2,1,1,3,3,0,1,0,1,1,1,0,2,1,5,6,0,12,0
7,18,4,1,1,0,3,3,0,0,1,1,1,7,0,1,5,0,0,0,0
3,16,4,0,1,0,3,3,1,9,1,1,1,0,0,6,0,3,1,4,0
3,18,4,1,1,0,3,1,0,14,1,1,1,0,0,1,0,2,8,5,1
14,18,0,0,1,0,3,1,0,0,1,1,1,8,2,3,0,6,4,12,1
10,21,4,0,1,3,3,0,1,2,1,1,1,5,0,1,0,6,4,13,1
15,15,0,0,1,0,3,1,0,0,1,1,1,7,2,1,0,6,5,7,0
4,15,2,1,1,0,3,1,0,7,1,1,1,0,0,1,0,6,11,6,1
4,18,4,0,1,0,3,0,0,11,1,1,1,0,0,1,0,3,2,8,1
11,20,4,1,1,0,3,0,0,0,1,1,1,0,2,1,0,4,1,5,1
4,18,4,1,1,0,3,0,0,11,1,1,1,0,0,4,0,4,1,7,0
5,15,4,0,1,0,3,0,0,12,1,1,1,7,0,1,2,4,0,4,0
1,14,4,0,1,4,3,0,1,2,1,1,1,5,0,0,5,0,0,0,1
11,16,4,0,1,0,3,0,0,15,1,1,1,7,2,0,5,0,0,0,1
14,15,0,1,0,0,3,1,0,1,1,1,1,0,2,1,2,0,0,0,1
9,15,0,0,1,0,3,0,0,1,1,1,1,5,0,0,5,0,0,12,0
8,0,4,0,1,0,3,3,0,0,1,1,1,1,0,0,5,0,0,3,1
8,15,0,1,1,0,3,0,0,8,1,1,1,0,0,5,0,7,8,7,1
5,17,4,1,1,0,3,1,0,0,1,1,1,0,0,4,0,6,1,11,1
9,20,4,0,1,0,3,2,0,2,1,1,1,3,0,2,0,7,3,14,1
13,19,4,1,1,0,3,0,0,2,1,1,1,5,2,1,0,4,10,8,1
13,18,0,1,1,4,3,0,1,1,1,1,1,0,2,7,1,2,0,1,0
2,19,4,0,1,0,3,1,0,2,1,1,1,8,0,0,5,0,0,0,1
8,18,0,1,0,4,3,0,1,0,1,1,1,2,0,1,5,0,0,0,0
7,20,4,0,1,3,3,0,1,2,1,1,1,5,0,0,5,0,0,0,1
11,17,4,1,1,0,3,0,0,2,1,1,1,0,2,0,5,0,0,0,1
7,15,4,1,1,4,3,0,1,12,1,1,1,5,0,1,0,6,4,9,1
4,15,4,0,1,0,3,0,0,2,1,1,1,5,0,1,2,2,0,3,1
12,13,0,1,0,0,3,0,0,1,1,1,1,0,2,1,5,0,0,0,1
3,15,4,0,1,0,3,3,0,2,1,1,1,0,0,0,5,0,0,0,1
2,15,4,1,1,0,3,0,0,2,1,1,1,1,0,9,2,1,0,1,1
11,20,0,1,1,4,3,0,1,0,1,1,1,0,2,0,5,0,0,0,1
12,15,0,1,1,0,3,0,0,0,1,1,1,1,2,1,0,6,3,9,1
0,18,4,0,1,0,3,3,0,16,1,1,1,0,0,2,0,6,0,3,0
9,20,0,1,1,0,3,1,0,0,1,1,1,0,0,1,0,9,0,14,0
11,14,0,1,1,0,3,2,0,2,1,1,1,0,2,1,2,6,0,2,1
14,15,0,1,1,0,3,1,0,0,1,1,1,0,2,1,5,2,0,4,1
3,18,4,0,1,0,3,1,0,0,1,1,1,8,0,1,0,2,9,5,0
1,15,4,0,1,0,3,0,0,2,1,1,1,1,0,0,5,0,0,0,1
6,18,4,1,1,0,3,0,0,5,1,1,1,7,0,1,0,3,2,11,1
10,15,0,1,1,3,3,0,1,1,1,1,1,0,0,1,0,6,4,10,1
15,17,4,1,1,0,3,1,0,10,1,1,1,8,2,1,0,9,8,10,1
13,20,4,1,1,0,3,1,0,0,1,1,1,5,2,4,5,0,0,11,1
2,18,4,0,1,0,3,3,0,11,1,1,1,8,0,1,0,6,6,9,1
14,14,0,1,1,0,3,0,0,14,1,1,1,0,2,1,0,8,3,7,1
3,15,4,0,1,0,3,3,0,14,1,1,1,0,0,0,5,0,0,0,1
8,18,4,0,1,0,3,3,0,0,1,1,1,0,0,1,0,5,9,7,1
0,15,4,1,1,0,3,3,0,2,1,1,1,0,0,1,0,6,0,4,1
1,18,4,0,1,0,3,0,0,2,1,1,1,5,0,0,5,0,0,2,1
15,20,0,0,1,3,3,1,1,0,1,1,1,0,2,4,0,6,5,14,1
9,18,4,0,1,0,3,0,0,2,1,1,1,0,0,1,0,6,6,9,1
12,14,4,1,1,0,3,0,0,2,1,1,1,7,2,0,5,0,0,1,1
6,20,4,0,1,0,2,0,0,2,1,1,1,0,0,1,0,8,4,13,1
8,18,0,0,1,4,3,0,1,0,1,1,1,5,0,0,5,0,0,0,1
13,19,4,1,1,4,3,0,1,0,1,1,1,0,2,1,0,6,3,10,0
11,20,4,0,1,0,3,0,0,11,1,1,1,0,2,1,0,6,4,10,1
12,15,4,0,1,0,3,0,0,0,1,1,1,1,2,5,0,6,6,2,1
7,20,0,1,1,0,3,0,0,1,1,1,1,0,0,1,0,6,10,10,1
0,15,4,0,1,0,3,0,0,16,1,1,1,5,0,3,1,3,0,2,1
4,15,4,0,1,4,3,0,1,0,1,1,1,7,0,4,0,9,4,6,0
0,15,4,1,1,0,3,0,0,2,1,1,1,0,0,1,0,3,4,3,1
5,14,4,0,0,0,3,0,0,2,1,1,0,7,0,0,5,0,0,0,1
14,20,0,1,1,3,3,0,1,1,1,1,1,0,2,1,1,4,0,4,1
10,14,4,0,1,4,3,0,1,0,1,1,1,0,0,1,0,6,8,11,1
5,20,4,0,1,0,3,0,0,11,1,1,1,5,0,2,0,9,4,11,0
12,15,0,0,1,4,3,0,1,1,1,1,1,0,2,1,0,9,10,14,1
9,19,4,1,1,0,3,0,0,2,1,1,1,0,0,1,0,6,3,8,1
13,17,4,1,1,0,3,0,0,2,1,1,1,0,2,3,2,6,0,7,1
12,20,0,1,1,4,3,0,1,0,1,1,1,0,2,1,0,6,8,14,1
15,14,4,0,0,0,3,0,0,15,1,1,0,1,2,0,5,0,0,4,1
6,20,0,0,1,0,3,1,0,1,1,1,1,0,0,1,0,5,0,8,0
15,20,2,1,0,0,2,3,0,3,1,1,0,1,2,1,4,6,7,5,0
5,17,0,0,1,0,3,1,0,2,1,1,1,0,0,1,2,6,0,5,1
1,19,4,0,1,0,3,1,0,16,1,1,1,0,0,1,0,4,2,6,0
13,20,0,1,1,0,3,1,0,0,1,1,1,0,2,1,0,3,5,14,0
15,15,0,1,1,0,3,1,0,0,1,1,1,0,2,1,0,6,4,10,1
7,18,0,0,1,0,3,0,0,0,1,1,1,0,0,1,0,6,8,7,1
2,17,4,0,1,0,3,0,0,2,1,1,1,5,0,1,0,7,2,12,1
8,15,4,1,1,0,3,0,0,11,1,1,1,0,0,1,0,6,3,7,1
8,16,4,0,1,3,3,0,1,5,1,1,1,5,0,1,0,6,10,4,1
6,18,4,0,1,0,3,0,0,2,1,1,1,7,0,1,0,6,5,6,1
0,18,4,1,1,0,3,1,0,2,1,1,1,8,0,1,5,0,0,0,0
9,16,0,0,1,0,0,0,1,0,1,1,1,1,0,5,3,6,4,6,1
5,18,4,0,1,0,3,0,0,12,1,1,1,0,0,1,0,6,4,9,0
5,15,4,0,1,0,0,0,0,16,1,1,1,1,0,5,3,9,1,6,1
4,18,4,0,1,0,3,0,0,2,1,1,1,0,0,1,0,3,6,8,1
0,19,4,1,1,0,3,0,0,8,1,1,1,0,0,1,0,3,6,3,1
7,8,0,0,1,4,3,0,1,2,1,1,1,0,0,1,0,6,5,6,1
4,20,4,1,1,0,3,1,0,12,1,1,1,0,0,1,0,4,4,3,1
6,18,4,1,1,3,3,0,1,2,1,1,1,0,0,1,5,0,0,1,1
14,18,4,1,1,0,3,0,0,2,1,1,1,1,2,1,0,4,11,7,1
15,22,4,1,1,0,3,0,0,11,1,1,1,0,2,2,0,6,8,14,1
14,15,4,1,1,0,3,0,0,12,1,1,1,5,2,0,5,0,0,10,0
0,15,4,0,1,0,3,0,0,5,1,1,1,7,0,1,0,6,3,9,0
3,18,0,1,1,0,3,0,0,8,1,1,1,7,0,1,0,6,6,5,1
9,20,4,0,1,0,3,3,0,11,1,1,1,8,0,3,5,0,0,0,1
5,17,0,0,1,0,3,1,0,15,1,1,1,8,0,4,5,0,0,0,0
14,21,0,0,1,3,3,0,1,0,1,1,1,0,2,1,0,8,11,13,1
12,20,0,0,1,0,3,0,0,1,1,1,1,0,2,1,1,6,0,12,1
7,18,0,1,1,0,3,1,0,0,1,1,1,0,0,1,5,4,0,4,0
14,18,0,1,1,0,3,0,0,1,1,1,1,0,2,7,0,4,6,2,1
13,20,4,1,1,4,3,0,1,11,1,1,1,5,2,1,0,6,6,14,1
8,20,4,0,1,0,3,3,0,0,1,1,1,0,0,3,0,8,8,11,1
2,17,4,1,1,0,3,0,0,2,1,1,1,0,0,1,0,2,2,4,1
4,21,4,1,1,3,3,0,1,9,1,1,1,0,0,1,0,6,2,12,0
8,20,4,0,1,0,3,0,0,2,1,1,1,7,0,1,0,9,6,13,1
8,17,4,1,1,0,3,0,0,2,1,1,1,7,0,1,0,6,3,7,1
1,18,4,0,1,0,3,3,0,2,1,1,1,0,0,1,0,6,6,13,1
7,20,4,0,1,0,3,0,0,11,1,1,1,0,0,1,0,9,4,12,1
10,20,4,1,1,0,3,1,0,2,1,1,1,8,0,1,0,5,8,6,1
4,18,4,0,1,0,3,0,0,14,1,1,1,0,0,7,0,4,8,6,1
11,18,0,1,1,0,3,3,0,1,1,1,1,0,2,2,0,6,3,11,1
11,15,0,1,1,0,3,3,0,1,1,1,1,0,2,1,2,0,0,0,0
11,18,4,0,1,0,3,1,0,2,1,1,1,0,2,4,0,8,11,14,1
5,20,4,1,1,3,3,0,1,10,1,1,1,5,0,0,5,0,0,0,0
7,20,4,0,1,0,3,0,0,2,1,1,1,0,0,3,0,1,0,1,1
5,18,4,0,1,0,3,0,0,0,1,1,1,7,0,2,0,8,6,10,0
15,18,0,1,1,0,3,0,0,0,1,1,1,0,2,4,0,6,1,6,1
7,20,4,0,1,0,3,0,0,0,1,1,1,0,0,1,0,5,0,6,0
4,19,4,1,1,0,3,0,0,16,1,1,1,5,0,1,0,2,10,5,1
5,0,4,1,1,2,3,3,0,10,1,1,1,0,0,1,0,6,3,6,0
15,19,4,1,1,0,3,1,0,0,1,1,0,0,2,1,0,3,7,8,1
15,18,0,1,1,3,3,3,1,9,1,1,1,0,2,1,0,6,5,9,1
1,18,4,1,1,0,3,0,0,2,1,1,1,5,0,2,0,1,6,2,1
5,17,4,1,1,0,3,0,0,5,1,1,1,7,0,6,0,1,4,1,1
7,13,4,0,1,4,3,0,1,2,1,1,1,7,0,0,5,0,0,0,1
3,19,4,1,1,0,3,0,0,0,1,1,1,0,0,1,0,3,9,4,1
3,15,4,0,1,0,3,3,0,2,1,1,1,0,0,1,0,4,2,5,1
7,15,4,1,1,0,3,3,0,14,1,1,1,0,0,1,0,4,3,2,1
14,15,0,0,1,0,3,1,0,2,1,1,1,0,2,1,0,6,5,7,1
5,18,4,0,1,0,3,0,0,2,1,1,1,5,0,1,0,1,10,1,1
11,20,4,0,1,3,3,0,1,2,1,1,1,5,2,0,5,0,0,0,1
2,15,4,1,1,0,3,0,0,11,1,1,1,0,0,0,5,0,0,0,1
15,20,0,1,1,0,3,0,0,0,1,1,1,0,2,1,0,6,5,12,1
4,20,4,1,1,0,3,1,0,12,1,1,1,0,0,4,5,0,0,0,0
15,15,0,0,1,0,1,0,0,0,1,1,1,0,2,1,0,6,7,8,1
5,20,4,1,1,4,3,0,1,10,1,1,1,0,0,1,0,9,6,11,0
15,20,0,0,1,0,3,0,0,10,1,1,1,0,2,3,0,9,0,13,1
5,14,4,1,0,0,3,3,0,9,1,1,0,0,0,0,5,0,0,1,0
9,20,0,0,1,0,3,0,0,1,1,1,1,0,0,1,0,6,6,12,1
2,19,4,1,1,0,3,3,0,16,1,1,1,1,0,1,5,2,0,2,1
0,15,4,1,1,0,3,1,0,2,1,1,1,0,0,3,0,2,0,2,1
8,15,4,0,0,0,3,0,0,0,1,1,1,1,0,3,0,5,6,4,0
15,18,0,1,1,0,3,1,0,0,1,1,1,0,2,6,5,0,0,0,1
5,18,4,1,1,0,3,0,0,5,1,1,1,0,0,6,0,3,3,4,1
9,13,4,0,1,0,3,0,0,15,1,1,1,1,0,1,5,0,0,0,0
12,21,4,0,1,0,3,0,0,0,1,1,1,5,2,6,0,6,0,11,0
5,18,0,1,1,0,3,0,0,0,1,1,1,0,0,1,0,6,1,9,1
14,17,4,0,1,0,3,0,0,2,1,1,1,5,2,1,0,6,11,9,1
6,20,0,0,1,0,3,3,0,8,1,1,1,5,0,3,0,2,0,8,1
1,15,4,0,1,0,3,0,0,16,1,1,1,5,0,0,5,0,0,5,0
10,21,4,0,1,4,3,1,1,0,1,1,1,5,0,1,0,6,3,9,0
7,16,0,1,1,0,3,0,0,3,1,1,1,7,0,1,5,6,0,5,1
11,21,4,1,1,0,3,1,0,0,1,1,1,0,2,4,0,6,3,5,1
14,15,0,1,1,0,3,1,0,0,1,1,1,0,2,1,0,6,2,6,1
11,20,0,0,1,0,1,3,0,1,1,1,1,5,2,1,0,8,11,14,1
11,20,4,1,0,0,3,0,0,2,1,1,0,0,2,2,5,3,0,4,1
0,17,4,1,1,0,3,0,0,2,1,1,1,7,0,1,0,4,6,6,1
12,15,4,1,1,0,3,0,0,2,1,1,1,0,2,1,0,3,6,4,1
5,15,4,0,1,3,3,0,1,0,1,1,1,0,0,4,0,4,1,3,1
14,8,0,0,1,4,3,0,1,9,1,1,1,0,2,1,0,6,4,14,1
8,19,4,1,1,0,3,0,0,2,1,1,1,0,0,1,0,2,3,3,1
15,21,0,1,1,4,3,0,1,0,1,1,1,0,2,1,0,6,5,12,1
12,20,4,1,1,0,3,0,0,0,1,1,1,0,2,2,0,7,6,11,1
5,19,4,1,1,3,3,3,1,2,1,1,1,5,0,4,0,2,4,2,1
8,15,4,0,1,0,3,0,0,7,1,1,1,7,0,1,0,6,11,3,0
15,17,4,1,1,0,3,1,0,2,1,1,1,7,2,1,0,4,3,8,1
11,18,4,1,1,0,3,1,0,12,1,1,1,0,2,2,0,6,2,9,1
8,20,4,0,1,4,3,0,1,14,1,1,1,5,0,1,5,0,0,0,1
1,18,4,1,0,0,3,1,0,0,1,0,0,0,0,0,5,0,0,2,1
6,20,4,1,1,0,3,0,0,2,1,1,1,8,0,1,0,6,3,5,1
15,15,0,1,1,0,3,0,0,2,1,1,1,7,2,1,0,4,11,5,1
1,19,4,1,1,0,3,0,0,16,1,1,1,7,0,0,5,0,0,0,0
15,22,0,0,1,3,3,0,1,0,1,1,1,0,2,1,0,6,9,14,1
15,21,0,1,1,0,3,1,0,0,1,1,1,0,2,0,5,0,0,0,0
9,18,4,1,1,0,3,3,0,12,1,1,1,7,0,1,0,6,3,8,1
7,20,4,0,1,0,3,1,0,11,1,1,1,1,0,0,5,0,0,0,1
9,17,0,0,1,0,3,0,0,8,1,1,1,0,0,3,5,6,0,7,1
2,18,4,0,1,0,3,1,0,4,1,1,1,0,0,5,2,0,0,1,1
10,8,0,1,1,4,3,0,1,4,1,1,1,0,0,1,0,6,4,7,1
2,18,4,1,1,0,3,0,0,2,1,1,1,5,0,1,0,1,2,2,1
3,15,4,1,1,0,3,3,0,2,1,1,1,7,0,1,0,9,2,4,1
2,16,4,1,1,0,3,1,0,2,1,1,1,5,0,1,5,6,0,2,0
0,22,4,1,1,0,3,1,0,7,1,1,1,8,0,1,0,1,4,6,1
15,18,0,0,1,4,3,0,1,5,1,1,1,7,2,1,0,6,11,6,1
9,20,0,1,1,4,3,3,1,1,1,1,1,0,0,1,0,6,11,11,1
8,20,0,0,1,0,3,0,0,1,1,1,1,0,0,1,0,6,8,13,1
0,18,4,0,1,0,3,3,0,11,1,1,1,5,0,0,5,0,0,0,1
1,18,4,0,1,0,3,0,0,2,1,1,1,0,0,0,5,0,0,0,1
11,21,0,1,1,0,3,2,0,1,1,1,1,0,2,0,5,0,0,0,0
13,15,4,0,1,0,3,3,0,15,1,1,1,0,2,0,5,0,0,0,0
7,15,4,0,1,0,3,3,0,7,1,1,1,7,0,0,5,0,0,10,1
7,15,0,0,1,0,3,0,0,0,1,1,1,0,0,1,0,8,8,11,1
11,17,4,0,1,0,3,0,0,2,1,1,1,0,2,1,0,3,3,2,1
9,18,4,0,1,0,3,1,0,0,1,1,1,0,0,4,5,0,0,6,1
15,17,0,1,1,0,3,1,0,1,1,1,1,7,2,6,0,6,4,6,0
5,20,4,0,1,0,3,3,0,9,1,1,1,0,0,1,0,7,5,3,1
7,15,0,1,1,4,3,0,1,1,1,1,1,7,0,1,0,8,3,6,1
6,18,4,0,1,0,3,0,0,2,1,1,1,0,0,1,0,2,11,4,1
11,20,0,1,1,0,3,1,0,1,1,1,1,0,2,1,0,8,6,11,1
3,18,4,1,1,0,3,0,0,2,1,1,1,1,0,1,0,5,6,4,1
0,18,4,1,1,2,3,0,0,2,1,1,1,0,0,1,0,1,3,1,1
14,15,0,1,1,3,3,3,1,1,1,1,1,5,2,1,5,0,0,0,1
11,17,0,0,1,0,3,3,0,1,1,1,1,8,2,6,0,8,1,13,1
3,19,4,1,1,4,3,0,1,2,1,1,1,5,0,1,5,0,0,0,1
2,15,4,0,1,0,3,0,0,2,1,1,1,0,0,0,5,0,0,0,1
14,8,4,0,1,4,3,0,1,11,1,1,1,7,2,1,0,6,4,14,1
10,21,0,0,1,0,3,1,0,0,1,1,1,0,0,1,0,6,8,13,1
5,17,4,0,1,0,3,3,0,2,1,1,1,8,0,1,0,6,10,8,1
2,19,4,1,1,0,3,0,0,16,1,1,1,5,0,1,0,2,1,2,0
2,18,4,1,1,0,3,0,0,2,1,1,1,1,0,1,5,0,0,1,1
9,18,4,0,1,0,3,1,0,2,1,1,1,0,0,1,0,6,11,7,1
3,20,4,0,1,0,0,1,0,12,1,1,1,0,0,5,3,5,9,9,0
5,19,4,1,0,0,3,1,0,12,1,1,0,0,0,1,0,3,5,3,1
2,20,4,1,1,0,3,1,0,2,1,1,1,0,0,3,5,6,0,4,1
1,18,4,1,1,0,3,1,0,2,1,1,1,1,0,2,5,3,0,2,1
15,10,3,1,1,3,3,3,1,9,1,1,1,0,2,4,0,6,3,3,1
14,15,4,0,1,0,3,0,0,2,1,1,1,0,2,1,0,6,8,9,1
14,18,4,0,1,0,3,0,0,14,1,1,1,5,2,0,5,0,0,2,1
9,20,0,1,1,4,3,3,1,1,1,1,1,0,0,1,0,6,2,11,1
0,15,4,1,1,0,3,0,0,2,1,1,1,0,0,1,0,1,8,1,1
0,17,4,0,1,0,3,0,0,2,1,1,1,0,0,0,5,0,0,0,1
10,20,4,0,1,0,3,0,0,5,1,1,1,0,0,1,0,6,6,6,1
12,15,0,1,1,0,3,0,0,0,1,1,1,0,2,2,0,8,0,9,1
4,19,4,0,1,0,3,3,0,11,1,1,1,0,0,1,0,6,4,5,0
10,20,0,0,1,0,3,0,0,11,1,1,1,5,0,1,0,6,4,12,1
3,18,4,1,1,0,3,0,0,14,1,1,1,0,0,0,5,0,0,0,1
6,20,0,1,1,3,0,0,1,2,1,1,1,5,0,5,4,8,4,11,0
11,20,4,0,1,0,3,0,0,0,1,1,1,0,2,1,0,6,8,14,1
3,18,4,1,1,0,3,1,0,2,1,1,1,0,0,1,0,5,10,4,1
10,15,4,0,1,0,3,0,0,11,1,1,1,2,0,1,0,9,4,14,1
6,15,4,1,1,0,3,0,0,2,1,1,1,7,0,1,0,6,11,8,1
12,20,0,1,1,4,3,0,1,1,1,1,1,5,2,1,5,0,0,0,0
13,22,0,1,1,2,3,3,0,1,1,1,1,0,2,1,0,5,9,14,0
1,15,4,1,1,0,3,1,0,2,1,1,1,8,0,1,5,0,0,0,0
15,21,0,0,1,0,3,0,0,0,1,1,1,0,2,6,0,6,6,13,0
9,18,4,0,1,0,3,0,0,0,1,1,1,0,0,1,0,8,3,7,1
14,20,4,1,1,0,3,3,0,12,1,1,1,0,2,1,5,0,0,0,0
8,21,4,1,1,4,3,0,1,14,1,1,1,0,0,1,0,8,6,12,1
3,20,4,0,1,0,3,1,0,2,1,1,1,5,0,0,5,0,0,0,1
1,18,4,0,1,0,3,0,0,2,1,1,1,0,0,1,2,2,0,3,1
3,15,4,0,1,4,3,0,1,2,1,1,1,7,0,1,0,6,2,5,1
11,15,0,0,0,0,3,0,0,8,1,1,0,7,2,1,1,6,0,8,1
8,16,0,0,1,0,3,0,0,0,1,1,1,7,0,6,0,6,0,1,1
10,16,4,0,1,0,3,0,0,15,1,1,1,0,0,0,5,0,0,2,1
5,22,4,1,1,0,3,1,0,9,1,1,1,0,0,1,0,6,2,10,1
12,21,0,1,1,0,3,0,0,0,1,1,1,0,2,1,0,6,10,11,1
11,20,0,1,1,3,3,0,1,0,1,1,1,7,2,1,0,6,6,9,1
14,8,0,1,1,4,3,0,1,1,1,1,1,0,2,1,5,0,0,0,1
11,20,4,0,0,0,3,0,0,0,1,1,1,0,2,1,0,7,6,10,0
7,17,0,0,1,0,3,3,0,1,1,1,1,0,0,1,0,6,2,8,1
6,19,4,1,1,4,3,1,1,0,1,1,1,0,0,1,0,1,3,7,1
15,18,4,0,1,0,3,3,0,2,1,1,1,0,2,1,0,6,1,9,1
11,20,0,0,1,3,3,0,1,1,1,1,1,5,2,1,0,6,7,13,1
11,15,4,1,1,0,3,3,0,2,1,1,1,5,2,1,2,1,0,2,1
11,20,0,1,1,0,3,0,0,1,1,1,1,5,2,1,0,6,3,13,1
8,20,4,1,1,0,3,1,0,12,1,1,1,0,0,6,0,4,9,7,1
6,17,4,0,0,0,3,3,0,11,1,1,0,0,0,1,0,6,6,8,0
11,18,4,1,1,0,3,3,1,9,1,1,1,1,2,6,0,1,3,9,1
14,17,4,1,1,0,3,1,0,0,1,1,1,0,2,4,0,4,2,6,1
3,20,4,1,1,0,3,0,0,0,1,1,1,0,0,1,5,4,0,2,0
6,18,0,1,1,3,3,0,1,2,1,1,1,0,0,4,0,2,9,4,1
5,17,4,0,0,0,3,0,0,2,1,1,0,1,0,1,0,9,3,4,0
4,19,4,1,1,0,3,0,0,11,1,1,1,7,0,1,0,4,0,9,0
1,18,4,0,1,4,3,0,1,10,1,1,1,5,0,0,5,0,0,0,0
5,15,4,0,1,0,0,0,0,16,1,1,1,0,0,5,3,9,1,6,1
0,18,4,0,0,0,3,0,0,2,1,1,1,5,0,1,0,1,4,1,1
13,15,0,0,1,0,3,0,0,0,1,1,1,5,2,1,5,0,0,0,1
15,20,0,0,1,4,3,0,1,0,1,1,1,5,2,1,0,6,10,13,1
12,22,4,1,1,0,3,1,0,0,1,1,1,8,2,7,1,9,0,13,0
1,15,4,1,1,0,0,2,0,16,1,1,1,3,0,5,3,7,3,6,0
2,15,4,0,0,0,3,0,0,15,1,1,1,0,0,0,5,0,0,0,0
1,18,4,1,1,3,3,0,1,16,1,1,1,0,0,2,5,1,0,2,1
11,14,4,0,1,0,3,1,0,12,1,1,1,0,2,1,0,9,10,12,1
9,17,0,1,1,0,3,3,0,1,1,1,1,0,0,0,5,0,0,0,1
6,18,4,0,1,0,3,0,0,14,1,1,1,0,0,1,0,4,2,10,0
8,1,4,1,1,4,3,0,1,1,1,1,1,5,0,1,0,6,8,11,0
14,20,4,1,1,3,3,0,1,0,1,1,1,5,2,1,0,6,11,9,1
2,18,4,0,1,0,3,0,0,2,1,1,1,1,0,1,0,3,3,3,1
11,15,4,0,1,0,3,3,0,11,1,1,1,2,2,1,0,6,6,14,1
13,18,0,0,1,0,3,0,0,0,1,1,1,0,2,1,0,6,3,11,1
1,14,4,0,1,0,3,0,0,11,1,1,1,0,0,1,5,6,0,5,0
4,18,4,0,1,0,3,0,0,11,1,1,1,7,0,1,0,6,6,6,1
0,13,4,1,1,3,3,0,1,2,1,1,1,7,0,1,0,2,3,6,1
7,19,4,1,1,4,3,0,1,12,1,1,1,0,0,1,0,6,10,9,1
4,20,4,1,1,0,3,1,0,0,1,1,1,1,0,1,0,6,1,9,1
11,15,4,1,1,4,3,0,1,5,1,1,1,5,2,1,0,1,2,2,1
7,21,0,1,1,0,3,1,0,0,1,1,1,0,0,2,2,1,0,4,1
14,20,0,0,1,0,3,1,0,1,1,1,1,0,2,1,0,7,3,14,1
0,15,4,0,1,0,3,1,0,16,1,1,1,0,0,1,5,0,0,0,1
8,0,4,0,1,0,3,0,0,0,1,1,1,0,0,1,1,8,0,11,1
2,18,4,1,1,0,3,1,0,2,1,1,1,0,0,1,0,2,3,3,1
3,15,4,0,1,0,3,1,0,2,1,1,1,8,0,1,0,4,4,5,1
9,20,4,0,1,0,3,1,0,12,1,1,1,5,0,2,0,7,11,13,0
11,20,0,1,1,0,3,0,0,0,1,1,1,0,2,1,2,8,0,5,1
8,15,3,1,1,0,3,0,0,7,1,1,1,7,0,1,0,3,4,6,1
9,20,0,0,1,4,3,1,1,1,1,1,1,0,0,1,0,8,0,14,1
1,17,4,0,1,0,3,3,0,2,1,1,1,7,0,1,0,6,6,13,1
6,20,4,1,1,0,3,3,0,2,1,1,1,0,0,1,0,6,6,8,1
10,19,4,1,1,0,3,0,0,2,1,1,1,0,0,1,0,4,8,5,1
12,20,4,0,1,0,3,1,0,11,1,1,1,0,2,6,0,6,3,11,1
4,20,4,1,1,0,3,0,0,9,1,1,1,0,0,4,5,6,0,3,1
0,15,4,0,1,0,3,3,0,16,1,1,1,1,0,9,2,0,0,0,1
11,20,4,1,1,0,3,3,0,11,1,1,1,1,2,1,0,9,3,10,0
7,14,4,0,1,0,3,0,0,16,1,1,1,5,0,1,1,6,0,6,0
3,18,0,0,1,0,3,1,0,0,1,1,1,0,0,1,0,6,6,6,1
13,20,0,1,1,0,3,1,0,0,1,1,1,0,2,1,0,8,3,13,1
3,18,4,0,1,4,3,0,1,2,1,1,1,5,0,0,5,0,0,0,1
1,18,4,0,1,0,3,2,0,2,1,1,1,0,0,0,5,0,0,0,1
11,15,4,1,1,4,3,0,1,5,1,1,1,5,2,0,5,0,0,0,1
15,16,2,0,1,4,3,0,1,15,1,1,1,0,2,1,5,9,0,2,0
13,21,4,0,1,0,3,3,0,2,1,1,1,5,2,1,0,1,2,3,1
15,20,2,1,1,0,3,1,0,12,1,1,1,0,2,3,5,0,0,0,1
10,16,4,0,1,0,3,0,0,2,1,1,1,2,0,1,0,5,5,6,1
15,15,4,1,1,0,3,0,0,2,1,1,1,0,2,1,0,6,10,10,1
4,15,4,0,1,0,0,0,0,16,1,1,1,0,0,5,3,8,1,6,0
9,15,4,1,1,0,3,0,0,2,1,1,1,7,0,1,0,6,3,8,1
12,20,4,0,1,0,3,1,0,11,1,1,1,8,2,1,0,8,6,14,1
10,23,0,1,1,0,3,0,0,0,1,1,1,0,0,4,0,6,6,10,1
7,20,4,1,1,0,3,3,0,5,1,1,1,8,0,2,0,6,1,10,1
7,20,0,1,1,0,3,0,0,0,1,1,1,5,0,5,0,6,8,11,0
9,20,4,1,1,4,3,0,1,12,1,1,1,0,0,1,5,6,0,2,1
3,15,0,0,1,4,3,0,1,0,1,1,1,6,0,1,0,5,8,3,1
5,11,3,0,1,0,3,1,0,2,1,1,1,0,2,1,0,9,4,6,1
5,20,4,1,1,0,3,3,0,9,1,1,1,0,0,1,5,6,0,4,1
11,20,0,0,1,0,3,1,0,1,1,1,1,8,2,1,0,6,1,10,0
3,19,4,1,1,0,3,0,0,2,1,1,1,0,0,1,5,0,0,0,1
13,18,0,1,1,0,3,0,0,1,1,1,1,7,2,1,0,6,8,11,1
10,18,4,1,1,0,3,3,0,0,1,1,1,0,0,1,1,8,0,10,1
13,17,4,0,1,0,3,3,0,0,1,1,1,7,2,1,0,6,4,10,1
4,18,4,0,1,0,3,3,0,2,1,1,1,7,0,1,0,4,2,5,1
0,14,4,0,0,0,3,1,0,5,0,1,0,0,0,0,5,0,0,0,0
2,18,4,0,1,0,3,1,0,0,1,1,1,0,0,1,0,9,2,14,1
10,20,2,0,1,0,3,1,0,10,1,1,1,0,0,1,0,9,0,10,0
2,18,4,0,1,0,3,3,0,9,1,1,1,0,0,1,0,6,6,8,1
5,17,4,1,1,3,3,3,1,2,1,1,1,5,0,1,0,6,8,9,1
2,15,4,0,1,0,3,0,0,2,1,1,1,0,0,1,0,7,10,12,1
3,19,4,1,1,0,3,1,0,2,1,1,1,0,0,1,0,2,4,2,1
6,18,4,0,1,0,3,1,0,2,1,1,1,0,0,1,0,6,6,10,0
8,18,4,1,1,0,3,0,0,2,1,1,1,8,0,2,0,6,2,7,1
12,20,4,0,1,0,3,0,0,0,1,1,1,0,2,1,0,6,4,13,1
5,18,4,0,1,2,3,0,0,2,1,1,1,0,0,1,0,9,3,12,1
11,18,4,1,1,0,3,1,0,0,1,1,1,0,2,7,0,6,1,9,1
13,7,4,1,0,0,3,0,0,11,1,0,0,7,2,3,0,2,7,7,1
7,15,4,0,1,0,3,3,0,14,1,1,1,0,0,0,5,0,0,0,1
4,19,4,1,1,0,3,0,0,2,1,1,1,5,0,1,0,4,0,4,1
10,20,4,1,1,4,3,0,1,12,1,1,1,0,0,2,0,6,4,10,1
1,18,4,0,1,0,3,3,0,2,1,1,1,5,0,1,0,2,6,5,0
7,11,4,1,1,0,3,3,0,0,1,1,1,0,0,1,0,6,5,6,1
0,15,4,1,0,0,3,3,0,16,1,1,0,0,0,0,5,0,0,3,0
4,20,4,1,1,4,3,0,1,10,1,1,1,5,0,0,5,0,0,0,0
8,20,4,0,1,4,3,0,1,0,1,1,1,5,0,6,0,4,0,3,0
4,20,4,0,1,3,3,0,1,2,1,1,1,5,0,1,0,6,11,4,1
11,8,0,0,1,4,3,0,1,11,1,1,1,7,2,0,5,0,0,0,1
5,20,0,0,1,0,3,3,0,1,1,1,1,0,0,1,0,6,6,3,1
11,15,3,0,1,0,0,3,0,0,1,1,1,0,2,6,0,8,6,9,0
13,7,4,1,0,0,3,0,0,12,1,1,0,7,2,2,2,2,0,3,1
6,20,4,0,1,3,3,0,1,11,1,1,1,5,0,1,0,4,6,14,0
7,15,4,0,1,0,3,0,0,12,1,1,1,7,0,6,0,6,6,9,0
13,17,4,1,1,0,3,0,0,0,1,1,1,7,2,4,0,6,6,10,0
6,15,4,1,1,0,3,0,0,12,1,1,1,0,0,1,0,5,9,9,1
13,15,4,0,1,4,3,0,1,0,1,1,1,0,2,1,0,6,6,9,0
14,15,2,0,1,0,3,1,0,0,1,1,1,0,2,1,0,6,1,11,1
8,0,0,0,1,0,3,0,0,1,1,1,1,5,0,1,1,6,0,11,0
3,16,4,0,1,4,3,3,1,0,1,1,1,0,0,1,0,7,8,5,0
3,20,4,0,1,0,3,0,0,2,1,1,1,6,0,1,0,5,8,3,1
9,17,4,1,1,4,3,0,1,0,1,1,1,7,0,1,0,6,6,10,1
1,18,4,1,1,0,3,0,0,2,1,1,1,5,0,1,2,6,0,2,1
9,18,0,0,1,4,3,0,1,0,1,1,1,0,0,0,5,0,0,0,1
2,15,4,1,1,0,3,0,0,5,1,1,1,7,0,0,5,0,0,3,1
7,20,0,0,1,0,3,0,0,1,1,1,1,0,0,1,0,6,1,11,1
2,15,4,1,1,0,3,0,0,2,1,1,1,5,0,1,0,3,4,6,1
11,15,4,0,1,0,1,0,0,0,1,1,1,0,2,6,0,6,7,8,1
12,18,4,0,1,0,3,1,0,0,1,1,1,0,2,1,0,5,3,6,1
13,20,0,0,1,3,3,0,1,0,1,1,1,5,2,1,0,6,4,9,1
7,20,4,1,1,0,3,1,0,16,1,1,1,5,0,2,5,2,0,2,0
0,18,4,0,1,0,3,0,0,2,1,1,1,0,0,1,0,6,0,2,1
9,22,0,1,1,0,3,1,0,1,1,1,1,0,0,1,1,6,0,11,0
8,20,0,0,1,3,3,0,1,2,1,1,1,7,0,1,0,9,6,7,1
12,20,4,1,1,0,3,1,0,0,1,1,1,0,2,1,0,9,2,12,1
3,18,4,1,0,0,3,1,0,2,1,1,0,0,0,0,5,0,0,5,1
1,18,4,1,1,3,3,3,1,10,1,1,1,5,0,1,0,6,5,3,1
2,17,4,1,1,0,3,1,0,2,1,1,1,7,0,1,0,4,4,7,0
13,21,0,1,1,4,3,0,1,1,1,1,1,5,2,1,0,2,3,5,0
1,18,4,1,1,0,3,1,0,16,1,1,1,8,0,1,0,2,2,6,1
1,14,4,0,1,0,3,3,0,12,1,1,1,0,0,0,5,0,0,0,0
7,18,4,1,1,0,3,0,0,12,1,1,1,0,0,1,0,2,2,4,1
1,15,4,1,1,4,3,0,1,2,1,1,1,7,0,1,0,5,5,6,1
14,20,4,0,1,0,3,0,0,11,1,1,1,0,2,6,0,6,2,13,0
11,18,4,0,1,0,3,0,0,2,1,1,1,1,2,0,5,0,0,2,1
2,15,4,1,1,0,3,1,0,16,1,1,1,0,0,9,2,0,0,0,1
6,15,4,0,1,0,3,0,0,11,1,1,1,0,0,1,0,8,3,13,1
4,15,4,1,1,0,3,0,0,2,1,1,1,1,0,0,5,0,0,0,1
12,18,4,1,1,0,3,1,0,5,1,1,1,0,2,1,0,8,2,6,1
6,18,4,1,1,3,3,0,1,0,1,1,1,5,0,1,0,4,2,10,1
11,15,4,1,0,4,3,3,1,13,1,0,0,5,2,2,2,0,0,0,1
12,18,0,0,1,0,3,0,0,0,1,1,1,0,2,1,0,6,11,13,0
4,19,4,0,1,2,3,0,0,2,1,1,1,0,0,4,0,6,6,6,1
4,20,4,0,1,0,3,1,0,2,1,1,1,5,0,1,2,6,0,8,1
5,20,4,1,1,0,3,1,0,2,1,1,1,0,0,4,0,1,4,2,1
10,15,0,1,1,4,3,0,1,1,1,1,1,0,0,1,0,6,8,8,1
3,13,4,0,1,0,3,0,0,2,1,1,1,7,0,1,2,0,0,6,1
5,18,4,1,1,0,3,3,0,15,1,1,1,0,0,1,5,3,0,1,0
7,19,4,0,1,4,3,0,1,0,1,1,1,7,0,1,0,7,5,9,0
2,18,4,1,1,0,3,0,0,16,1,1,1,0,0,1,0,4,2,4,1
14,18,2,1,1,0,3,0,0,0,1,1,1,1,2,0,5,0,0,7,1
11,20,4,1,1,0,3,1,0,2,1,1,1,1,2,1,2,6,0,3,1
10,17,0,0,1,0,3,0,0,8,1,1,1,7,0,4,0,6,5,11,1
9,15,0,0,1,3,3,0,1,2,1,1,1,7,0,1,0,6,6,5,1
14,20,2,1,1,0,1,3,0,0,1,1,1,0,2,1,0,6,8,13,1
14,8,0,0,1,4,3,0,1,1,1,1,1,0,2,1,0,3,4,3,1
7,20,4,1,1,0,3,1,0,0,1,1,1,5,0,1,2,1,0,2,1
8,18,4,1,1,0,3,1,0,2,1,1,1,0,0,2,0,6,4,7,1
15,19,4,1,1,0,3,0,0,2,1,1,1,0,2,1,5,6,0,7,1
11,21,0,1,1,3,3,0,1,1,1,1,1,5,2,1,0,8,4,12,1
10,20,4,1,1,0,3,0,0,2,1,1,1,5,0,1,2,6,0,10,0
8,17,0,1,1,0,3,3,0,0,1,1,1,7,0,0,5,0,0,0,1
11,20,0,0,1,0,3,1,0,0,1,1,1,0,2,2,0,7,11,11,1
10,15,4,0,1,0,3,0,0,15,1,1,1,0,0,1,2,6,0,9,0
4,15,4,1,1,0,3,0,0,16,1,1,1,0,0,1,0,4,2,7,1
14,20,0,1,1,0,3,0,0,1,1,1,1,0,2,7,1,8,0,13,1
8,17,0,1,1,0,3,3,0,0,1,1,1,0,0,2,0,6,11,12,1
13,15,0,1,1,0,3,0,0,0,1,1,1,1,2,3,0,6,3,6,1
9,18,4,1,1,0,3,0,0,0,1,1,1,0,0,0,5,0,0,12,1
8,10,2,1,1,4,3,0,1,0,1,1,1,7,0,0,5,0,0,0,1
11,14,4,0,0,4,3,3,1,12,1,1,0,0,2,1,5,6,0,3,0
13,17,2,0,1,0,3,1,0,15,1,1,1,0,2,1,5,0,0,0,1
3,17,4,0,1,4,3,0,1,2,1,1,1,5,0,1,0,6,3,11,1
1,18,4,1,1,0,3,1,0,11,1,1,1,0,0,1,5,4,0,4,0
3,18,4,1,0,0,3,0,1,9,1,0,1,5,0,9,2,1,0,1,1
1,15,4,1,1,0,3,0,0,2,1,1,1,7,0,1,0,1,6,1,1
11,16,0,0,1,0,3,1,0,0,1,1,1,0,2,3,5,1,0,1,1
4,18,4,0,1,0,3,0,0,2,1,1,1,7,0,1,0,6,6,9,1
9,13,4,1,1,0,3,0,0,2,1,1,1,0,0,1,5,0,0,0,1
2,18,4,0,1,0,3,1,0,2,1,1,1,8,0,3,0,2,2,4,0
14,20,0,1,1,0,3,0,0,0,1,1,1,1,2,1,0,6,10,13,1
0,18,4,1,1,0,3,3,0,16,1,1,1,0,0,1,5,5,0,3,0
15,19,0,0,1,0,3,0,0,0,1,1,1,0,2,1,0,6,5,10,0
12,3,0,0,1,3,1,3,1,1,1,1,1,7,2,5,3,6,10,1,1
15,21,4,1,1,0,3,0,0,0,1,1,1,0,2,4,0,8,11,14,1
3,17,4,1,1,0,3,0,0,2,1,1,1,0,0,2,0,2,1,4,1
5,17,4,0,1,0,3,1,0,2,1,1,1,0,0,1,5,0,0,2,1
0,15,4,0,1,0,3,1,0,7,1,1,1,8,0,1,5,2,0,3,1
12,22,4,1,1,3,3,0,1,0,1,1,1,7,2,1,0,6,9,11,1
0,18,4,0,1,0,3,1,0,16,1,1,1,0,0,1,0,1,2,2,0
4,15,0,1,1,0,3,0,0,0,1,1,1,1,0,1,5,0,0,1,1
14,19,4,1,1,0,3,0,0,12,1,1,1,0,2,1,0,6,6,10,1
14,20,0,1,1,0,3,0,0,1,1,1,1,0,2,6,5,0,0,0,1
1,15,4,1,1,0,3,0,0,2,1,1,1,0,0,1,2,3,0,2,1
11,15,0,1,1,4,3,0,1,1,1,1,1,0,2,1,0,6,4,8,0
13,15,0,1,1,0,3,1,0,0,1,1,1,0,2,4,0,6,11,6,1
15,15,0,0,1,4,3,0,1,0,1,1,1,0,2,3,0,8,4,6,1
8,17,2,0,1,0,3,3,0,7,1,1,1,0,0,1,0,9,8,9,1
7,15,4,0,1,4,3,0,1,10,1,1,1,5,0,1,0,6,10,4,1
15,20,0,0,1,0,3,1,0,0,1,1,1,0,2,1,0,6,4,9,1
9,0,4,0,1,0,3,3,0,0,1,1,1,0,0,0,5,0,0,8,0
11,20,4,0,1,0,3,1,0,0,1,1,1,8,2,1,0,6,1,13,1
9,18,0,1,1,4,3,0,1,0,1,1,1,7,0,1,0,6,6,6,1
12,20,4,0,1,0,3,0,0,15,1,1,1,0,2,1,5,9,0,14,0
11,20,4,0,1,3,3,0,1,0,1,1,1,0,2,6,0,6,2,11,0
1,14,4,0,1,0,3,0,0,2,1,1,1,7,0,1,0,5,10,2,1
11,21,0,0,1,4,3,0,1,0,1,1,1,5,2,1,0,6,2,14,0
13,20,0,0,1,0,3,3,0,0,1,1,1,0,2,1,0,9,6,14,1
0,15,4,0,1,0,3,1,0,16,1,1,1,0,0,1,5,1,0,2,1
4,20,4,1,1,0,3,0,0,11,1,1,1,0,0,1,0,6,6,10,0
11,17,4,1,0,3,3,0,1,15,1,0,1,5,2,4,5,6,0,2,1
9,20,4,1,1,0,3,0,0,0,1,1,1,5,0,1,0,3,6,10,1
15,20,4,0,1,0,3,0,0,15,1,1,1,1,2,0,5,0,0,0,1
0,15,4,0,1,0,3,0,0,2,1,1,1,0,0,0,5,0,0,4,1
8,18,4,0,1,0,3,2,0,2,1,1,1,0,0,0,5,0,0,0,1
10,20,4,1,1,0,3,1,0,12,1,1,1,0,0,1,0,6,5,11,0
7,20,4,1,1,0,3,3,0,12,1,1,1,0,0,2,0,6,4,10,0
9,20,4,0,1,0,3,0,0,0,1,1,1,0,0,7,0,7,3,5,1
3,19,0,1,1,0,3,1,0,1,1,1,1,0,0,5,0,8,6,10,0
7,19,4,1,1,4,3,0,1,2,1,1,1,5,0,0,5,0,0,0,1
13,18,0,1,1,0,3,0,0,0,1,1,1,5,2,7,1,4,0,1,1
5,15,4,1,1,0,3,0,0,5,1,1,1,0,0,2,0,6,6,3,1
0,18,4,1,1,0,3,0,0,16,1,1,1,0,0,1,5,0,0,0,1
11,21,0,1,1,4,3,0,1,1,1,1,1,5,2,0,5,0,0,0,1
15,20,2,0,1,0,1,2,0,0,1,1,1,6,2,1,0,9,10,14,1
8,20,0,0,1,0,3,0,0,1,1,1,1,0,0,1,0,6,7,7,1
1,17,4,1,0,0,3,0,0,2,1,1,0,7,0,0,5,0,0,0,1
15,13,4,0,0,0,3,0,0,15,0,0,1,0,2,0,5,0,0,2,0
3,12,0,0,1,4,3,0,1,1,1,1,1,0,0,9,2,0,0,0,1
10,20,2,1,1,0,3,1,0,2,1,1,1,2,0,3,0,6,7,13,1
3,20,4,1,1,0,3,3,0,11,1,1,1,0,0,1,0,1,3,5,1
8,15,4,0,1,4,3,1,1,7,1,1,1,0,0,1,0,6,1,6,1
10,1,4,0,0,3,3,3,1,15,1,1,0,0,0,0,5,0,0,0,0
2,12,2,0,1,0,3,0,0,0,1,1,1,0,0,1,2,6,0,5,0
1,15,4,0,1,0,3,1,0,7,1,1,1,0,0,1,0,2,11,4,1
0,15,4,0,1,0,3,0,0,2,1,1,1,1,0,1,0,1,2,3,1
13,18,4,0,1,0,3,3,0,0,1,1,1,0,2,6,0,8,6,10,1
2,18,4,0,1,0,3,0,0,9,1,1,1,0,0,0,5,0,0,0,1
11,20,4,1,1,2,3,0,0,12,1,1,1,2,2,1,0,6,6,14,1
12,20,2,1,1,0,3,0,0,0,1,1,1,5,2,1,5,6,0,2,1
5,17,4,1,0,0,3,0,0,0,1,1,0,7,0,0,5,0,0,0,1
14,11,4,0,1,4,3,1,1,0,1,1,1,0,2,6,0,8,1,10,1
12,21,0,1,1,0,3,1,0,0,1,1,1,8,2,1,0,6,6,13,0
5,18,4,1,1,0,3,0,0,2,1,1,1,0,0,1,5,0,0,3,1
2,15,4,1,1,0,3,0,0,2,1,1,1,0,0,5,2,6,0,3,1
8,20,0,0,1,0,3,1,0,0,1,1,1,0,0,1,0,8,9,14,0
0,18,4,0,1,0,3,3,0,11,1,1,1,7,0,1,5,4,0,4,0
8,20,0,1,1,4,3,1,1,0,1,1,1,0,0,1,0,6,4,13,0
8,13,4,1,1,0,3,0,0,0,1,1,1,7,0,1,0,6,2,13,1
13,12,4,0,1,4,3,0,1,12,1,1,1,5,2,1,0,6,3,5,1
12,21,4,0,1,0,3,1,0,15,1,1,1,0,2,1,0,7,10,9,1
0,15,4,1,1,0,3,0,0,16,1,1,1,0,0,6,0,4,0,6,1
3,15,4,1,1,0,3,0,0,5,1,1,1,0,0,1,0,6,3,4,1
5,14,0,1,1,4,3,0,1,0,1,1,1,0,0,1,0,5,2,5,1
13,21,4,0,1,0,3,2,0,0,1,1,1,0,2,2,0,6,2,7,1
6,19,4,1,0,0,3,1,0,2,1,1,0,8,0,1,0,4,6,5,1
2,19,4,1,1,0,3,0,0,12,1,1,1,7,0,1,0,8,10,5,0
2,0,4,1,0,3,3,0,1,9,1,1,1,0,0,0,5,0,0,0,1
4,20,4,1,1,0,3,1,0,0,1,1,1,0,0,2,0,6,1,11,1
15,18,0,1,1,0,3,0,0,0,1,1,1,0,2,0,5,0,0,0,1
14,18,0,1,1,0,3,0,0,1,1,1,1,0,2,1,0,6,3,9,1
15,20,0,0,1,0,3,1,0,0,1,1,1,0,2,1,0,6,11,13,1
9,15,4,1,1,4,3,0,1,12,1,1,1,0,0,1,0,6,6,7,1
12,0,4,0,1,0,3,0,0,2,1,1,1,1,2,1,1,6,0,6,1
15,20,0,1,1,0,3,0,0,0,1,1,1,7,2,1,0,6,2,6,1
4,20,4,1,1,0,3,0,0,0,1,1,1,0,0,3,0,6,7,12,0
2,18,4,0,1,3,3,0,1,16,1,1,1,5,0,0,5,0,0,0,0
9,18,4,1,1,0,3,0,0,12,1,1,1,0,0,1,0,3,2,5,1
2,18,4,0,1,0,3,3,0,2,1,1,1,0,0,1,0,1,2,4,1
4,18,4,1,1,0,3,3,0,0,1,1,1,0,0,6,5,0,0,0,1
15,15,4,0,1,0,3,1,0,2,1,1,1,0,2,1,0,6,8,5,1
15,20,0,0,1,4,3,0,1,1,1,1,1,0,2,1,0,2,3,4,1
9,20,4,0,1,0,3,0,0,2,1,1,1,0,0,1,0,6,8,8,1
3,18,4,1,1,0,3,0,0,2,1,1,1,7,0,1,5,1,0,1,1
10,0,4,0,1,4,3,0,1,12,1,1,1,0,0,1,0,6,4,11,1
0,15,4,1,1,0,3,0,0,12,1,1,1,0,0,1,5,2,0,3,1
6,11,4,0,0,0,3,1,0,15,0,1,1,0,0,0,5,0,0,0,1
5,20,4,1,1,0,3,0,0,2,1,1,1,0,0,1,0,6,8,6,1
14,19,4,0,1,3,3,0,1,2,1,1,1,0,2,1,0,3,5,4,1
1,18,4,1,1,0,3,0,0,16,1,1,1,7,0,2,5,2,0,3,1
8,18,0,1,1,0,3,0,0,0,1,1,1,7,0,2,0,6,1,10,1
7,20,4,0,1,0,3,0,0,5,1,1,1,7,0,2,0,8,3,10,1
12,19,4,0,1,0,3,0,0,11,1,1,1,5,2,1,0,9,7,13,0
13,14,0,1,1,3,3,3,1,14,1,1,1,0,2,1,0,2,8,7,1
10,15,4,0,1,0,3,0,0,0,1,1,1,0,0,7,1,4,0,5,1
9,18,0,1,1,0,3,0,0,0,1,1,1,0,0,1,0,6,3,12,1
2,18,4,1,0,0,3,1,0,16,1,1,1,0,0,1,5,2,0,4,1
14,20,0,0,1,0,3,1,0,1,1,1,1,0,2,1,0,7,5,13,1
10,18,0,1,1,0,3,0,0,2,1,1,1,0,0,1,0,8,2,10,1
13,18,0,1,1,0,3,0,0,2,1,1,1,0,2,1,0,2,9,4,0
11,20,0,1,1,0,3,0,0,0,1,1,1,0,2,3,2,6,0,5,1
8,21,4,1,1,0,3,0,0,9,1,1,1,0,0,3,0,6,3,9,1
4,18,4,1,1,0,3,3,0,10,1,1,1,0,0,1,0,9,11,3,1
3,18,4,0,1,0,3,3,0,11,1,1,1,5,0,1,0,8,8,8,1
7,20,4,1,1,0,3,3,0,2,1,1,1,5,0,7,1,6,0,9,1
1,15,4,0,1,0,0,1,0,16,1,1,1,0,0,5,3,1,1,1,1
5,20,4,1,1,0,3,0,0,2,1,1,1,0,0,1,0,4,7,6,1
8,19,4,0,1,0,3,1,0,12,1,1,1,0,0,6,0,8,8,11,1
0,15,4,1,1,0,3,0,0,2,1,1,1,7,0,1,0,3,2,2,1
7,18,4,0,0,0,3,3,0,2,1,0,1,5,0,1,2,0,0,2,1
4,18,4,1,1,0,3,3,0,14,1,1,1,0,0,1,5,0,0,0,1
2,18,4,1,1,0,3,0,0,2,1,1,1,0,0,0,5,0,0,0,1
7,17,4,0,1,0,3,3,0,2,1,1,1,0,0,1,2,0,0,0,1
13,15,0,0,1,0,1,1,0,0,1,1,1,0,2,1,0,9,7,14,1
10,20,0,0,1,0,3,0,0,1,1,1,1,0,0,1,0,6,8,14,1
0,15,4,1,1,0,3,0,0,2,1,1,1,0,0,1,0,1,8,3,1
14,23,0,1,1,0,3,0,0,0,1,1,1,0,2,2,0,6,6,10,1
8,15,4,1,1,0,3,0,0,0,1,1,1,7,0,1,0,6,1,3,1
4,15,4,0,1,0,3,0,0,7,1,1,1,7,0,1,2,0,0,5,1
7,15,4,0,1,0,3,0,0,2,1,1,1,7,0,1,5,0,0,0,1
11,13,4,1,1,0,3,0,0,10,1,1,1,0,2,1,0,6,8,13,0
7,14,4,0,1,0,3,0,0,11,1,1,1,0,0,1,0,6,1,8,0
9,20,4,1,1,3,3,0,1,2,1,1,1,5,0,1,0,6,6,9,1
0,18,4,0,1,0,3,1,0,16,1,1,1,0,0,1,5,1,0,2,0
7,20,4,0,1,0,3,0,0,2,1,1,1,0,0,1,0,6,7,12,1
10,14,0,1,1,0,3,0,0,0,1,1,1,0,0,1,0,6,1,7,1
6,11,4,0,0,0,3,1,0,15,1,1,1,0,0,0,5,0,0,0,1
10,19,4,1,1,0,3,3,0,12,1,1,1,0,0,2,0,6,11,10,0
9,22,0,1,1,0,3,1,0,1,1,1,1,0,0,7,1,9,0,12,1
6,9,4,0,0,0,3,1,0,2,1,1,0,1,0,2,0,1,3,4,1
0,17,4,0,1,0,3,0,0,2,1,1,1,0,0,0,5,0,0,0,1
3,19,4,1,1,0,3,0,0,2,1,1,1,5,0,1,5,0,0,0,1
2,18,4,0,1,0,3,0,0,2,1,1,1,0,0,1,0,6,1,4,1
13,10,0,1,1,4,3,0,1,1,1,1,1,0,2,5,0,8,3,10,0
5,20,0,1,1,0,3,1,0,2,1,1,1,0,0,1,0,1,1,3,1
10,17,0,0,1,0,3,3,0,0,1,1,1,5,0,1,0,6,4,12,0
10,15,0,1,1,4,3,0,1,1,1,1,1,7,0,1,0,3,2,5,1
1,18,4,1,1,0,3,3,0,16,1,1,1,1,0,1,5,1,0,2,0
15,21,4,1,1,0,3,0,0,11,1,1,1,5,2,1,0,6,8,14,1
14,20,4,1,0,0,3,0,0,0,1,1,1,0,2,1,0,5,9,14,0
9,21,0,1,1,3,3,0,1,1,1,1,1,5,0,1,0,6,11,11,0
13,20,4,1,1,0,3,3,0,12,1,1,1,0,2,1,0,6,6,12,1
13,18,2,1,1,0,3,0,0,0,1,1,1,0,2,1,0,9,6,11,1
12,18,3,1,1,0,3,0,0,0,1,1,1,7,2,1,0,7,5,9,0
3,18,4,1,0,0,3,0,0,2,1,1,0,1,0,1,0,3,6,4,1
4,18,4,0,1,0,3,0,0,14,1,1,1,7,0,0,5,0,0,0,1
7,15,4,0,1,0,3,0,0,7,1,1,1,0,0,1,0,5,6,6,1
12,21,4,1,1,0,3,0,0,0,1,1,1,5,2,1,0,8,10,14,1
2,15,4,1,1,0,3,0,0,2,1,1,1,0,0,3,2,2,0,2,1
11,22,0,1,1,0,3,1,0,0,1,1,1,0,2,2,0,7,8,11,1
4,19,4,1,1,0,3,3,0,9,1,1,1,5,0,1,0,6,2,8,1
12,20,4,1,1,0,3,3,0,0,1,1,1,0,2,1,5,0,0,0,1
15,20,4,0,1,0,2,0,0,2,1,1,1,0,2,4,0,4,4,5,1
4,18,0,1,1,0,3,0,0,8,1,1,1,7,0,1,0,2,3,8,1
5,20,4,1,1,0,3,3,0,2,1,1,1,7,0,1,0,4,3,5,0
4,18,4,0,1,3,3,1,1,2,1,1,1,0,0,1,0,3,3,4,1
13,20,0,1,1,0,3,3,0,1,1,1,1,5,2,1,0,5,9,13,1
0,15,4,1,1,3,3,0,1,2,1,1,1,7,0,1,0,2,8,8,1
0,18,4,1,1,0,3,0,0,16,1,1,1,5,0,1,5,1,0,2,1
5,20,4,1,1,0,3,0,0,12,1,1,1,0,0,1,0,9,8,9,1
5,18,4,1,1,0,3,1,0,5,1,1,1,0,0,2,5,3,0,3,1
6,20,0,1,1,0,3,1,0,2,1,1,1,8,0,1,0,2,9,12,1
5,15,4,1,1,3,3,3,1,2,1,1,1,1,0,3,0,6,8,6,1
11,20,0,0,1,4,3,0,1,0,1,1,1,5,2,1,0,6,3,14,1
0,17,4,1,1,0,3,1,0,2,1,1,1,8,0,1,2,4,0,8,1
2,18,4,0,1,3,3,0,1,2,1,1,1,5,0,1,2,2,0,4,1
0,18,4,0,1,0,3,2,0,1,1,1,1,0,0,1,0,3,8,4,0
11,15,4,1,1,0,3,0,0,16,1,1,1,0,2,1,0,2,4,4,1
2,15,4,0,1,0,3,0,0,2,1,1,1,7,0,1,0,2,4,6,1
5,18,4,0,1,3,3,0,1,2,1,1,1,5,0,1,5,0,0,2,1
9,18,4,0,1,0,3,1,0,2,1,1,1,0,0,1,5,0,0,0,1
6,14,0,0,0,0,3,1,0,0,1,1,0,8,0,0,5,0,0,0,1
1,17,4,0,1,0,3,1,0,12,1,1,1,0,2,0,5,0,0,0,1
4,12,4,0,1,0,3,0,0,15,1,1,1,1,0,1,5,0,0,1,0
2,15,4,1,1,0,3,1,0,12,1,1,1,0,0,1,0,6,10,2,0
7,20,4,0,1,0,3,0,0,10,1,1,1,5,0,1,0,6,11,11,0
14,20,0,1,1,0,3,1,0,0,1,1,1,0,2,1,0,9,4,14,1
10,20,0,1,1,3,3,3,1,2,1,1,1,0,0,1,0,6,6,13,0
3,13,4,0,1,0,3,1,0,15,1,1,1,8,0,1,5,0,0,0,0
10,18,0,1,1,0,3,1,0,1,1,1,1,7,0,7,0,2,6,4,1
9,9,3,0,1,3,3,0,1,2,1,1,1,7,0,6,0,8,3,4,1
1,15,4,0,1,0,3,0,0,2,1,1,1,0,0,1,0,5,11,4,1
3,15,4,1,1,0,3,0,0,9,1,1,1,7,0,1,0,6,6,8,1
15,20,4,0,1,0,3,0,0,0,1,1,1,0,2,2,0,6,3,11,1
14,20,2,1,1,3,3,0,1,0,1,1,1,5,2,3,0,6,4,12,1
13,7,4,1,0,0,3,0,0,12,1,1,0,7,2,2,2,2,0,3,1
10,20,4,0,1,0,3,0,0,0,1,1,1,1,0,1,0,9,3,14,0
8,18,0,0,0,0,3,3,0,0,1,1,1,0,0,1,5,0,0,2,0
12,21,0,0,1,0,3,0,0,0,1,1,1,0,2,1,0,9,8,14,0
4,20,4,1,1,0,3,0,0,2,1,1,1,0,0,4,2,1,0,5,1
9,20,4,1,1,0,3,1,0,2,1,1,1,5,0,3,0,1,6,6,1
1,18,4,1,1,0,3,0,0,2,1,1,1,5,0,1,0,1,3,2,0
10,20,4,1,1,0,3,1,0,0,1,1,1,0,0,1,0,6,4,10,1
0,18,4,0,1,0,3,0,0,2,1,1,1,1,0,0,5,0,0,0,1
14,13,0,1,0,4,3,0,1,8,1,1,1,0,2,1,5,6,0,5,1
15,10,4,1,0,0,3,0,0,0,0,1,1,0,2,1,0,0,5,0,0
1,15,4,1,1,0,3,0,0,2,1,1,1,5,0,0,5,0,0,0,1
15,22,0,1,1,0,3,0,0,0,1,1,1,1,2,1,0,9,8,14,1
7,20,4,1,1,0,3,0,0,0,1,1,1,0,0,1,0,5,3,9,1
15,21,4,1,1,4,3,1,1,0,1,1,1,8,2,1,0,6,2,12,1
13,18,0,0,1,4,3,0,1,0,1,1,1,0,2,1,0,9,11,11,1
3,20,4,1,1,0,3,3,0,11,1,1,1,0,0,0,5,0,0,0,1
5,22,4,0,1,0,3,0,0,15,1,1,1,0,0,0,5,0,0,0,1
7,20,4,1,1,0,3,0,0,0,1,1,1,0,0,1,0,4,5,6,0
11,20,4,1,1,0,3,0,0,2,1,1,1,0,2,1,0,6,8,12,1
8,20,4,0,1,0,3,3,0,2,1,1,1,5,0,1,0,6,5,13,1
3,21,4,0,1,0,3,0,0,15,1,1,1,8,0,1,5,9,0,0,0
11,20,0,0,1,4,3,0,1,0,1,1,1,0,2,2,0,6,6,12,1
12,15,4,0,1,0,3,0,0,2,1,1,1,7,2,1,0,6,6,13,1
6,20,4,1,1,0,3,1,0,12,1,1,1,7,0,1,0,6,6,13,0
7,22,4,0,1,0,3,0,0,7,1,1,1,0,0,1,0,6,3,12,1
11,15,0,0,1,0,3,0,0,1,1,1,1,1,2,1,0,6,7,7,1
4,20,4,0,1,0,3,3,0,0,1,1,1,0,0,1,0,6,3,5,1
6,15,4,0,1,0,3,1,0,7,1,1,1,0,0,1,0,2,6,5,1
5,18,4,1,1,0,3,0,0,2,1,1,1,0,0,1,0,5,3,5,1
7,20,0,1,1,0,3,0,0,0,1,1,1,0,0,0,5,0,0,0,0
13,7,4,1,0,0,3,0,0,11,1,1,0,7,2,2,2,2,0,2,1
0,18,4,0,1,0,3,1,0,16,1,1,1,0,0,1,5,0,0,0,1
7,19,4,1,1,0,3,0,0,7,1,1,1,7,0,1,0,6,11,6,1
15,22,0,0,1,4,3,0,1,0,1,1,1,5,2,1,0,7,8,14,1
1,18,4,1,1,0,3,0,0,7,1,1,1,2,0,1,5,2,1,5,1
6,13,4,0,0,0,3,0,0,11,1,1,0,0,2,0,5,0,0,6,1
0,13,4,1,1,0,3,0,0,2,1,1,1,7,0,1,0,6,1,6,1
5,15,4,0,1,0,3,3,0,2,1,1,1,0,0,1,0,5,11,6,0
8,19,3,1,1,0,3,3,0,0,1,1,1,0,0,1,0,6,8,6,1
0,17,4,1,1,0,3,1,0,16,1,1,1,8,0,0,5,0,0,0,0
6,18,4,0,1,0,3,3,0,2,1,1,1,1,0,0,5,0,0,0,1
5,15,4,1,1,0,3,0,0,2,1,1,1,0,0,1,0,6,3,6,1
10,21,0,0,1,4,3,0,1,0,1,1,1,0,0,6,0,6,6,14,0
1,18,4,1,1,0,3,0,0,2,1,1,1,5,0,1,0,5,5,6,1
5,20,0,1,1,1,3,0,1,1,1,1,1,0,0,1,0,5,10,6,1
3,20,4,1,1,0,3,3,0,2,1,1,1,0,0,1,0,3,10,5,1
7,15,0,1,1,4,3,3,1,0,1,1,1,5,0,0,5,0,0,0,0
0,15,4,0,1,0,3,3,0,16,1,1,1,0,0,1,5,8,0,2,0
3,18,4,1,1,0,3,3,0,2,1,1,1,0,0,1,5,0,0,0,1
12,15,2,0,1,0,3,0,0,16,1,1,1,0,0,2,3,3,0,1,1
1,17,4,1,1,0,3,0,0,2,1,1,1,7,0,2,0,4,2,6,1
15,16,0,0,1,0,3,0,0,15,1,1,1,0,2,0,5,0,0,0,1
15,20,0,0,1,4,3,0,1,1,1,1,1,7,2,0,5,0,0,0,0
12,20,2,1,1,0,3,0,0,2,1,1,1,0,2,3,0,6,10,11,1
12,15,4,0,1,4,3,1,1,0,1,1,1,0,2,1,0,6,6,2,1
9,20,0,1,1,0,3,3,0,1,1,1,1,8,0,8,5,6,0,0,1
9,18,4,0,1,0,3,0,0,2,1,1,1,1,0,1,0,6,8,7,1
4,18,4,1,1,0,3,0,0,2,1,1,1,7,0,1,2,0,0,5,1
3,17,4,0,1,4,3,0,1,2,1,1,1,0,0,1,0,3,8,6,1
4,20,4,1,1,0,3,1,0,2,1,1,1,0,0,6,0,6,6,6,1
8,21,4,0,1,0,3,3,0,0,1,1,1,5,0,1,0,7,8,13,1
4,15,4,1,1,0,3,0,0,3,1,1,1,1,0,1,2,6,0,5,1
11,15,0,0,1,4,3,0,1,1,1,1,1,7,2,1,0,6,11,6,1
13,0,0,1,1,4,3,0,1,1,1,1,1,5,2,0,5,0,0,12,1
12,20,4,1,1,0,3,0,0,0,1,1,1,0,2,1,0,6,2,12,1
13,14,4,0,1,0,3,3,0,15,1,1,1,7,2,1,5,0,0,0,1
10,20,4,1,1,0,3,3,0,11,1,1,1,0,0,6,0,4,3,10,0
9,21,4,1,1,0,3,0,0,12,1,1,1,5,0,3,0,6,6,12,0
15,15,0,0,1,0,3,0,0,0,1,1,1,0,2,1,0,6,6,10,0
8,20,0,1,1,0,3,1,0,1,1,1,1,0,0,1,0,4,6,9,0
3,21,4,1,1,0,3,3,0,16,1,1,1,0,0,1,5,2,0,5,0
3,22,4,1,1,0,3,0,0,0,1,1,1,0,0,1,0,1,9,11,1
10,15,4,0,1,0,3,0,0,11,1,1,1,2,0,1,0,9,6,14,1
14,20,4,0,1,4,3,0,1,2,1,1,1,5,2,1,0,8,3,11,1
7,19,4,1,1,0,3,0,0,0,1,1,1,0,0,1,0,6,4,9,0
0,18,4,1,1,0,3,1,0,0,1,1,1,0,0,1,0,2,4,4,0
11,15,4,0,1,4,3,0,1,2,1,1,1,5,2,1,0,6,4,6,0
15,22,0,1,1,0,3,0,0,1,1,1,1,8,2,1,0,6,9,13,1
12,17,2,0,0,0,3,0,0,0,1,1,0,0,2,1,0,9,2,8,1
5,18,0,1,1,0,3,0,0,0,1,1,1,0,0,1,0,4,3,6,0
9,14,4,1,1,4,3,0,1,12,1,1,1,7,0,0,5,0,0,5,0
13,21,0,1,1,0,3,0,0,0,1,1,1,0,2,1,0,8,4,14,1
0,15,4,1,1,0,3,0,0,2,1,1,1,7,0,1,5,0,0,0,1
11,17,4,1,1,0,3,3,0,4,1,1,1,2,2,6,0,6,4,11,1
7,21,4,0,1,0,3,0,0,2,1,1,1,5,0,1,0,6,2,11,1
3,18,4,0,1,0,3,0,0,2,1,1,1,1,0,0,5,0,0,0,1
2,18,4,1,1,0,3,0,0,11,1,1,1,0,0,0,5,0,0,4,0
5,17,4,0,1,0,3,1,0,2,1,1,1,0,0,1,0,6,4,2,0
5,20,4,0,1,2,3,3,0,2,1,1,1,1,0,1,0,6,6,6,1
5,21,0,1,1,0,3,1,0,1,1,1,1,0,0,1,0,2,4,8,0
6,20,4,0,1,0,3,1,0,0,1,1,1,0,0,1,0,5,5,10,0
1,18,4,0,1,0,3,0,0,16,1,1,1,1,0,1,0,5,5,6,0
10,20,4,1,1,0,3,1,0,11,1,1,1,8,0,1,0,8,3,12,0
2,18,4,1,1,2,3,3,0,2,1,1,1,0,0,1,0,2,3,3,0
1,18,4,0,1,0,3,3,0,2,1,1,1,0,0,2,0,1,2,3,1
12,19,4,0,1,0,3,0,0,0,1,1,1,1,2,1,0,9,4,14,1
1,18,4,0,1,4,3,0,1,9,1,1,1,0,0,1,0,2,5,8,1
0,17,4,0,1,2,3,0,0,2,1,1,1,0,0,1,5,1,0,1,1
0,18,4,1,1,0,3,1,0,16,1,1,1,0,0,0,5,0,0,0,1
11,20,4,0,1,0,3,0,0,2,1,1,1,0,2,1,0,6,8,11,1
13,19,0,1,1,0,3,1,0,0,1,1,1,0,2,2,0,6,3,10,0
10,15,4,0,1,3,3,3,1,10,1,1,1,5,0,1,0,6,7,10,0
6,15,4,1,1,0,3,3,0,5,1,1,1,7,0,1,0,6,3,9,1
1,15,0,0,1,0,0,0,0,6,0,1,1,6,0,5,3,6,8,9,1
10,14,4,0,1,0,3,0,0,15,1,1,1,0,0,0,5,0,0,0,1
4,18,4,1,1,0,3,0,0,16,1,1,1,5,0,0,5,0,0,4,0
4,15,4,1,1,0,3,0,0,2,1,1,1,7,0,1,2,0,0,2,1
0,15,4,0,0,0,3,3,0,9,1,1,1,0,0,1,0,1,4,1,1
6,17,4,1,1,0,2,0,0,2,1,1,1,0,0,4,0,1,8,5,1
13,14,4,0,0,0,3,0,0,15,1,1,0,1,2,0,5,0,0,1,0
4,18,4,0,1,4,3,0,1,0,1,1,1,5,0,1,2,6,0,2,0
3,14,4,1,1,0,3,0,0,2,1,1,1,0,0,1,0,6,8,6,1
10,20,0,1,1,0,3,0,0,0,1,1,1,0,0,1,0,8,4,13,1
7,18,4,1,1,0,3,3,0,0,1,1,1,0,0,1,0,6,4,11,1
1,18,4,1,1,4,3,3,1,9,1,1,1,0,0,1,5,1,0,3,0
15,20,0,1,1,3,3,0,1,1,1,1,1,0,2,3,0,8,2,10,0
7,20,4,1,1,0,3,0,0,2,1,1,1,5,0,1,0,6,8,13,1
7,20,4,1,1,4,3,0,1,0,1,1,1,0,0,0,5,0,0,0,1
15,18,4,0,1,0,3,1,0,0,1,1,1,0,2,1,0,6,6,5,1
3,19,4,0,1,0,3,0,0,2,1,1,1,0,0,1,0,6,3,10,1
2,18,4,0,1,3,3,0,1,2,1,1,1,5,0,0,5,0,0,0,1
3,18,0,0,1,0,3,1,0,1,1,1,1,0,0,1,5,0,0,0,1
14,15,4,0,1,0,3,0,0,12,1,1,1,7,2,1,5,0,0,0,1
11,17,0,0,1,0,3,1,0,1,1,1,1,0,2,1,0,6,3,12,1
13,19,4,1,1,3,3,0,1,0,1,1,1,7,2,1,0,6,6,9,1
6,15,4,0,1,0,3,0,0,2,1,1,1,5,0,1,0,6,8,10,1
9,15,4,0,1,0,3,0,0,0,1,1,1,0,0,1,0,6,4,10,0
8,15,0,1,1,0,3,0,0,0,1,1,1,0,0,1,0,6,1,11,0
13,15,4,1,0,0,3,0,0,12,1,1,1,0,2,1,0,6,6,8,1
11,18,0,1,1,0,3,0,0,1,1,1,1,7,2,3,0,6,8,11,1
5,15,4,1,1,0,3,3,0,11,1,1,1,7,0,1,5,0,0,0,0
9,18,4,1,1,4,3,0,1,0,1,1,1,7,0,1,0,6,9,7,1
1,15,4,0,0,0,3,1,0,2,1,1,0,0,0,0,5,0,0,0,1
2,22,4,1,1,3,3,0,1,2,1,1,1,5,0,1,0,7,6,12,1
3,15,4,0,1,0,3,0,0,7,1,1,1,7,0,1,0,8,1,7,1
0,15,4,0,1,0,3,0,0,2,1,1,1,0,0,1,0,6,6,6,1
12,18,0,1,1,0,3,1,0,1,1,1,1,8,2,0,5,0,0,0,0
11,23,0,0,1,0,3,0,0,0,1,1,1,5,2,1,0,6,4,14,1
5,15,4,1,1,0,3,3,0,12,1,1,1,7,0,1,5,0,0,4,1
14,19,4,0,1,0,3,1,0,0,1,1,1,5,2,1,0,6,5,12,1
2,18,0,1,1,0,3,0,0,8,1,1,1,0,0,0,5,0,0,0,0
12,20,4,0,1,0,3,0,0,0,1,1,1,7,2,1,0,7,6,14,1
6,20,4,0,1,0,3,0,0,2,1,1,1,5,0,1,0,6,2,14,1
15,21,4,0,1,0,3,1,0,11,1,1,1,0,2,4,0,6,4,12,1
13,20,0,1,1,3,3,0,1,0,1,1,1,5,2,1,0,6,2,14,1
3,18,4,0,1,0,3,0,0,2,1,1,1,0,0,4,0,1,4,3,1
4,12,4,0,0,0,3,0,0,15,1,1,1,2,0,0,5,0,0,1,1
0,18,4,1,1,0,3,3,0,14,1,1,1,5,0,0,5,0,0,0,1
9,20,4,1,1,0,3,0,0,11,1,1,1,5,0,1,0,6,7,12,1
7,15,4,0,1,0,3,1,0,2,1,1,1,0,0,1,0,6,6,11,1
15,20,0,0,1,0,3,2,0,1,1,1,1,0,2,1,0,6,10,11,1
10,17,4,0,1,0,3,1,0,16,1,1,1,0,0,8,3,6,0,8,1
5,20,4,1,1,0,3,0,0,2,1,1,1,7,0,1,2,0,0,0,1
4,15,4,1,1,0,3,0,0,2,1,1,1,0,0,2,0,6,6,7,1
0,15,4,0,1,0,3,3,0,2,1,1,1,0,0,1,0,1,3,2,0
15,13,0,0,1,4,3,0,1,0,1,1,1,0,2,1,0,6,4,13,1
3,20,4,1,1,0,3,1,0,0,1,1,1,0,0,1,0,6,3,14,1
0,18,4,1,1,0,3,0,0,2,1,1,1,0,0,0,5,0,0,0,1
13,18,0,0,1,0,3,0,0,0,1,1,1,5,2,1,0,6,5,14,1
12,20,0,1,1,4,3,0,1,1,1,1,1,0,2,6,0,6,8,12,1
7,18,4,0,1,0,3,1,0,0,1,1,1,8,0,1,0,6,2,9,0
10,20,0,1,1,4,3,0,1,1,1,1,1,0,0,1,1,6,0,9,1
1,15,4,0,1,0,3,0,0,2,1,1,1,7,0,0,5,0,0,0,1
7,18,4,0,1,0,3,0,0,2,1,1,1,0,0,1,2,2,0,4,1
3,18,0,0,1,1,3,0,1,9,1,1,1,0,0,2,0,5,1,2,1
6,20,4,0,1,4,3,3,1,5,1,1,1,5,0,0,5,0,0,0,1
1,15,4,1,1,0,3,0,0,2,1,1,1,7,0,1,0,1,4,1,1
12,19,0,1,1,0,3,1,0,0,1,1,1,0,2,1,0,4,3,10,1
13,21,0,0,1,0,3,1,0,1,1,1,1,0,2,1,0,8,2,14,1
9,18,4,0,1,0,3,0,0,12,1,1,1,7,0,1,0,6,6,9,1
5,18,0,1,1,0,3,0,0,0,1,1,1,0,0,0,5,0,0,0,1
5,22,4,0,1,0,3,3,0,11,1,1,1,5,0,1,0,9,4,12,1
13,21,0,1,1,0,3,0,0,1,1,1,1,0,2,1,0,6,3,14,1
12,18,4,0,1,0,3,0,0,0,1,1,1,0,2,1,0,6,6,12,1
15,21,0,1,1,0,3,0,0,0,1,1,1,0,2,3,0,6,2,12,1
3,15,0,0,1,4,3,3,1,8,1,1,1,7,0,1,0,2,4,5,1
11,16,0,1,1,0,3,0,0,1,1,1,1,7,2,0,5,0,0,0,1
11,15,4,0,1,0,3,0,0,10,1,1,1,0,2,1,0,8,5,6,1
14,15,0,1,1,0,3,0,0,1,1,1,1,7,2,4,0,6,8,7,1
13,20,0,1,1,0,3,1,0,0,1,1,1,0,2,1,0,6,8,14,1
14,20,0,0,1,4,3,0,1,1,1,1,1,5,2,7,0,9,5,12,1
2,18,4,0,1,0,3,0,0,2,1,1,1,8,0,0,5,0,0,0,1
6,20,0,1,1,0,2,0,0,3,1,1,1,0,0,6,0,2,4,5,1
10,19,0,0,1,0,3,0,0,2,1,1,1,7,0,3,0,4,7,7,1
2,16,4,1,1,0,3,0,0,3,1,1,1,0,0,1,0,1,1,3,1
9,20,4,1,1,4,3,0,1,0,1,1,1,8,0,1,0,6,6,12,0
3,20,4,1,1,0,3,1,0,11,1,1,1,8,0,1,0,2,1,4,0
12,15,0,1,1,0,3,1,0,1,1,1,1,0,2,1,5,1,0,2,1
1,19,4,0,1,0,3,3,0,2,1,1,1,0,0,3,0,1,3,5,1
14,20,4,1,1,0,3,1,0,12,1,1,1,5,2,1,0,2,2,2,1
13,20,4,1,1,4,3,0,1,0,1,1,1,5,2,1,0,6,10,14,0
15,15,4,0,1,0,3,0,0,0,1,1,1,0,2,1,0,6,8,6,0
0,15,4,1,1,0,3,0,0,7,1,1,1,0,0,1,0,2,1,3,1
11,21,0,0,1,2,3,1,0,1,1,1,1,8,2,1,0,6,3,12,1
0,17,4,0,1,0,3,3,0,2,1,1,1,0,0,0,5,0,0,0,1
1,18,4,0,1,0,3,3,0,16,1,1,1,5,0,1,5,2,0,5,0
13,20,0,0,1,0,3,0,0,1,1,1,1,0,2,1,0,9,10,13,1
1,18,4,0,1,0,3,0,0,2,1,1,1,0,0,1,0,6,3,5,1
4,20,4,1,1,0,3,0,0,2,1,1,1,0,0,2,5,0,0,0,1
13,15,4,1,0,0,3,0,0,2,1,1,1,0,2,1,0,2,4,2,1
14,21,4,0,1,0,3,0,0,0,1,1,1,0,2,1,0,6,6,9,0
5,15,4,0,1,0,3,0,0,2,1,1,1,0,0,1,0,8,3,6,1
4,18,4,0,1,0,3,1,0,2,1,1,1,0,0,6,5,0,0,1,1
3,18,4,1,1,0,3,3,0,2,1,1,1,0,0,1,0,6,2,5,1
3,15,4,0,1,0,3,3,0,2,1,1,1,0,0,0,5,0,0,0,1
14,14,4,1,0,3,3,0,1,0,1,1,0,5,2,0,5,0,0,4,1
7,19,4,1,1,0,3,1,0,0,1,1,1,0,0,1,0,5,0,4,0
10,21,4,0,0,0,3,1,0,0,1,0,0,0,0,6,0,8,0,9,0
4,20,4,0,1,0,3,0,0,2,1,1,1,1,0,1,0,6,6,10,0
4,10,4,1,1,4,3,0,1,14,1,1,1,4,0,5,0,8,8,10,1
15,20,4,0,1,3,3,3,1,11,1,1,1,5,2,1,0,6,8,14,1
13,20,0,0,1,0,3,0,0,1,1,1,1,0,2,1,0,6,10,13,1
0,18,4,1,1,3,3,3,1,2,1,1,1,5,0,2,0,6,0,6,1
5,20,0,0,1,0,3,0,0,0,1,1,1,0,0,1,2,6,0,9,1
11,11,4,0,1,0,3,0,0,15,1,1,1,7,2,0,5,0,0,0,1
13,21,0,0,1,0,3,1,0,0,1,1,1,0,2,1,0,9,6,13,1
2,17,4,0,1,0,3,0,0,15,1,1,1,7,0,0,5,0,0,0,0
13,0,4,0,0,0,3,3,0,15,1,1,0,1,2,0,5,0,0,3,1
6,15,4,0,1,0,3,0,0,2,1,1,1,0,0,1,5,0,0,2,1
10,21,4,1,1,4,3,0,1,0,1,1,1,5,0,1,0,6,4,13,0
9,11,4,1,1,4,3,0,1,11,1,1,1,0,0,1,0,9,3,6,1
8,0,4,0,0,4,3,0,1,2,1,1,1,5,0,0,5,0,0,3,1
15,20,0,1,1,0,3,0,0,1,1,1,1,0,2,0,5,0,0,0,1
5,19,4,1,1,0,3,0,0,2,1,1,1,0,0,1,0,6,10,9,1
6,18,4,0,1,0,3,0,0,2,1,1,1,0,0,1,5,0,0,0,1
10,17,0,1,1,4,3,0,1,1,1,1,1,5,0,1,0,6,3,9,0
7,3,0,1,1,3,3,3,1,12,1,1,1,7,0,2,0,6,3,7,1
5,18,4,1,1,0,3,0,0,16,1,1,1,0,0,1,5,0,0,0,0
9,20,4,1,1,0,3,0,0,2,1,1,1,3,0,4,0,7,3,6,1
7,15,4,1,1,0,3,3,0,0,1,1,1,0,0,1,0,6,4,9,1
8,18,0,0,1,0,3,0,0,8,1,1,1,7,0,4,5,0,0,0,1
3,18,4,1,1,0,3,0,0,2,1,1,1,0,0,6,0,8,6,8,1
14,19,4,1,1,0,3,0,0,12,1,1,1,0,2,1,0,6,4,9,1
3,17,4,1,1,0,3,1,0,12,1,1,1,0,2,1,5,0,0,0,1
11,14,4,1,1,0,3,1,0,2,1,1,1,0,2,6,0,6,8,7,1
11,18,4,0,1,3,3,0,1,5,1,1,1,7,2,0,5,0,0,4,1
8,0,4,0,1,4,3,0,1,9,1,1,1,7,0,0,5,0,0,0,1
10,13,4,0,1,0,3,0,0,15,1,1,1,1,0,1,5,0,0,0,0
5,17,4,0,1,0,3,3,0,2,1,1,1,0,0,1,0,5,5,6,1
6,20,4,1,1,0,3,0,0,0,1,1,1,7,0,4,0,6,6,11,0
11,23,0,1,1,0,3,3,0,0,1,1,1,0,2,1,0,6,5,14,0
13,15,4,0,1,4,3,0,1,9,1,1,1,5,2,1,0,6,6,8,1
5,19,0,0,1,0,3,1,0,0,1,1,1,0,0,1,0,4,1,6,0
3,21,0,1,1,0,3,0,0,1,1,1,1,5,0,1,0,6,8,14,0
13,20,2,1,1,3,3,0,1,2,1,1,1,7,2,3,0,6,8,8,1
0,18,4,0,1,4,3,0,1,16,1,1,1,5,0,9,2,0,0,0,1
2,22,4,0,1,0,3,1,0,15,1,1,1,0,0,1,5,9,0,14,0
15,20,2,1,1,0,3,1,0,0,1,1,1,0,2,1,0,6,8,8,1
13,15,4,1,0,0,3,0,0,2,1,1,0,0,2,1,0,1,1,3,1
2,18,4,0,1,0,3,0,0,2,1,1,1,0,0,1,0,2,8,3,1
0,15,4,0,1,0,3,1,0,7,1,1,1,8,0,1,5,0,0,0,1
11,15,0,1,1,0,3,0,0,2,1,1,1,7,2,1,0,6,3,6,1
7,20,4,0,1,0,3,0,0,2,1,1,1,7,0,1,0,6,10,10,0
7,17,0,0,1,0,3,1,0,0,1,1,1,8,0,1,0,6,3,9,1
2,19,4,1,1,0,3,0,0,2,1,1,1,0,0,2,0,1,2,2,0
14,21,4,1,1,0,3,0,0,2,1,1,1,5,2,1,2,0,0,0,1
1,14,4,1,1,4,3,0,1,12,1,1,1,7,0,0,5,0,0,0,1
6,18,0,0,1,0,3,0,0,0,1,1,1,0,0,1,0,8,3,10,1
1,18,4,0,1,0,3,3,0,2,1,1,1,0,0,1,0,1,2,5,1
15,21,4,1,1,0,3,1,0,0,1,1,1,0,2,4,0,9,4,11,1
11,18,4,0,1,0,3,0,0,5,1,1,1,7,2,1,0,6,1,9,1
10,20,4,0,1,0,3,1,0,0,1,1,1,0,0,1,0,5,7,12,1
4,12,3,1,1,0,3,3,0,2,1,1,1,3,0,4,0,7,4,9,1
3,18,4,0,1,0,3,1,0,2,1,1,1,0,0,0,5,0,0,0,1
4,19,4,1,1,0,3,1,0,2,1,1,1,0,0,1,0,3,2,4,1
14,22,0,1,0,4,3,3,1,1,1,0,1,5,2,7,0,5,0,2,1
13,15,0,1,1,4,3,0,1,0,1,1,1,5,2,1,0,6,6,8,1
9,20,4,1,1,0,3,3,0,0,1,1,1,0,0,3,0,6,0,11,0
1,19,4,1,1,0,3,0,0,2,1,1,1,0,0,2,0,3,6,4,1
6,20,4,1,1,0,3,3,0,5,1,1,1,5,0,1,0,3,9,11,0
8,18,2,1,0,0,3,2,0,0,1,1,1,7,0,0,5,0,0,7,1
4,19,4,0,1,0,3,0,0,2,1,1,1,0,0,1,0,3,6,6,1
5,17,4,0,0,0,3,0,0,2,1,1,0,7,0,1,0,6,2,4,1
13,18,4,0,1,0,3,0,0,4,1,1,1,5,2,1,0,1,3,6,1
9,11,4,1,0,0,3,0,0,4,0,1,0,0,0,0,5,0,0,0,0
7,15,0,1,1,0,3,0,0,0,1,1,1,0,0,1,0,6,2,10,1
7,20,4,1,1,0,3,1,0,2,1,1,1,0,0,1,0,6,11,10,1
15,20,4,0,1,3,3,0,1,0,1,1,1,5,2,1,0,6,9,14,1
1,15,4,0,1,0,3,2,0,2,1,1,1,6,0,6,0,2,10,3,0
0,18,4,1,1,0,3,0,0,11,1,1,1,7,0,0,5,0,0,0,0
0,15,4,1,1,0,3,0,0,2,1,1,1,0,0,1,0,4,7,3,1
0,15,4,1,1,0,3,1,0,2,1,1,1,0,0,1,0,1,3,3,1
0,17,4,1,1,0,3,1,0,16,1,1,1,8,0,0,5,0,0,0,0
0,18,4,1,1,0,3,3,0,2,1,1,1,0,0,3,0,2,2,3,1
8,18,2,1,1,0,3,0,0,7,1,1,1,0,0,1,2,0,0,5,1
8,21,4,1,1,0,3,3,0,11,1,1,1,5,0,1,0,6,2,13,1
12,20,0,1,1,0,3,0,0,1,1,1,1,5,2,1,0,7,3,13,1
6,18,4,1,1,0,3,0,0,12,1,1,1,1,0,1,0,5,2,6,1
8,20,0,1,1,0,3,1,0,1,1,1,1,0,0,1,5,0,0,0,1
11,14,0,0,1,0,3,0,0,0,1,1,1,7,2,1,0,6,7,7,1
12,20,4,0,1,4,3,0,1,0,1,1,1,0,2,1,5,0,0,0,0
4,20,4,1,1,0,3,3,0,11,1,1,1,5,0,4,0,6,10,11,0
2,16,4,0,1,0,3,0,0,15,1,1,1,8,0,1,5,5,0,2,0
1,15,4,0,1,4,3,3,1,11,1,1,1,5,0,0,5,0,0,0,0
14,21,4,1,1,0,3,1,0,0,1,1,1,0,2,2,0,6,8,14,1
1,19,4,0,1,0,3,0,0,2,1,1,1,5,0,1,0,4,4,3,1
6,18,0,1,1,4,3,0,1,5,1,1,1,5,0,6,0,1,9,2,1
5,17,4,0,1,0,3,0,0,2,1,1,1,7,0,1,0,6,10,8,1
0,18,4,1,1,0,3,1,0,2,1,1,1,8,0,1,0,2,4,5,1
11,19,0,0,1,0,1,0,0,1,1,1,1,0,2,5,0,6,2,5,1
5,15,4,1,1,0,3,0,0,2,1,1,1,0,0,1,0,6,6,6,1
8,20,4,1,1,0,3,0,0,0,1,1,1,7,0,1,0,6,8,8,1
14,8,0,1,1,4,3,1,1,0,1,1,1,0,2,1,0,6,4,4,0
13,20,4,0,1,3,3,0,1,2,1,1,1,5,2,1,0,7,8,11,1
12,21,4,0,1,0,3,0,0,2,1,1,1,7,2,1,0,7,1,13,1
5,12,4,0,1,0,3,0,0,15,1,1,1,7,0,0,5,0,0,0,1
7,20,4,0,1,0,3,2,0,0,1,1,1,0,0,6,5,0,0,0,1
6,18,4,1,1,0,3,0,0,2,1,1,1,0,0,1,0,3,3,8,1
8,15,4,1,1,0,3,0,0,11,1,1,1,0,0,0,5,0,0,0,0
15,22,0,1,1,4,3,0,1,1,1,1,1,0,2,2,0,6,6,12,0
0,17,0,1,1,0,3,0,0,1,1,1,1,0,0,1,0,1,2,2,1
0,18,4,1,1,0,3,0,0,0,1,1,1,0,0,1,0,4,3,8,0
5,18,4,1,1,0,3,0,0,7,1,1,1,7,0,1,5,0,0,2,1
1,18,4,1,1,0,3,1,0,16,1,1,1,0,0,1,5,2,0,2,0
15,20,0,1,1,0,3,0,0,2,1,1,1,0,2,2,0,9,2,12,1
2,19,4,1,1,0,3,1,0,2,1,1,1,0,0,3,0,2,6,5,1
15,17,2,0,1,4,3,0,1,15,1,1,1,0,2,4,5,9,0,2,0
2,15,4,0,1,0,0,0,0,16,1,1,1,0,0,5,3,9,4,6,1
4,18,4,1,1,0,3,0,0,14,1,1,1,7,0,1,0,4,3,9,1
4,20,4,0,1,0,3,0,0,2,1,1,1,5,0,1,0,6,2,4,1
8,21,4,0,1,3,3,0,1,0,1,1,1,5,0,1,0,6,6,14,1
13,14,4,0,1,0,3,0,0,12,1,1,1,0,2,1,0,6,7,12,0
5,20,4,1,1,0,3,1,0,0,1,1,1,0,0,2,0,1,3,3,1
13,15,4,1,1,0,3,0,0,2,1,1,1,0,2,1,5,0,0,0,0
0,10,4,1,0,0,3,0,0,2,0,1,1,0,0,4,0,1,8,1,1
7,16,4,1,1,0,3,0,0,2,1,1,1,7,0,1,0,5,10,2,1
12,17,2,0,1,0,3,1,0,0,1,1,1,0,2,6,0,6,6,11,0
3,15,4,1,1,0,3,0,0,2,1,1,1,0,0,1,0,6,3,8,1
3,18,4,0,1,0,3,1,0,2,1,1,1,8,0,1,0,6,2,5,1
15,22,4,1,1,0,3,0,0,15,1,1,1,1,2,0,5,0,0,0,0
4,20,4,0,1,0,3,1,0,2,1,1,1,0,0,1,0,6,8,13,1
5,18,4,1,1,0,3,1,0,12,1,1,1,0,2,3,0,9,11,6,1
14,20,4,1,1,0,3,1,0,5,1,1,1,0,2,1,0,6,4,10,1
4,18,2,0,1,0,3,0,0,7,1,1,1,1,0,3,5,0,0,3,1
6,18,4,1,1,0,3,0,0,0,1,1,1,1,0,5,0,6,5,10,0
5,20,4,0,1,0,3,0,0,12,1,1,1,0,0,6,0,6,6,10,1
9,20,4,0,1,0,3,0,0,2,1,1,1,0,0,1,0,8,4,14,1
5,20,4,0,1,0,3,1,0,2,1,1,1,1,0,1,0,6,3,6,1
5,15,4,0,1,0,3,1,0,2,1,1,1,0,0,0,5,0,0,0,1
5,18,4,1,1,0,3,2,0,0,1,1,1,0,0,2,0,3,10,1,1
8,17,0,1,1,0,3,1,0,1,1,1,1,0,0,1,0,4,6,4,1
4,12,4,0,1,4,3,0,1,9,1,1,1,2,0,1,0,6,5,9,1
12,15,4,1,1,0,3,0,0,9,1,1,1,0,2,1,0,4,3,8,1
6,15,4,1,1,0,3,0,0,0,1,1,1,0,0,2,5,1,0,3,0
10,21,0,1,1,4,3,1,1,0,1,1,1,0,0,1,0,8,2,14,1
14,23,2,1,1,0,3,3,0,5,1,1,1,0,2,1,0,6,2,13,0
14,20,0,1,1,0,3,0,0,0,1,1,1,1,2,1,0,6,3,13,1
5,18,4,1,1,0,3,0,0,2,1,1,1,7,0,1,0,4,7,9,1
6,18,0,1,1,0,3,0,0,0,1,1,1,7,0,1,0,4,2,5,1
8,18,0,1,1,0,3,0,0,0,1,1,1,7,0,1,5,0,0,1,1
4,15,4,1,1,0,3,0,0,2,1,1,1,7,0,4,0,6,6,2,1
6,14,0,0,1,4,3,0,1,14,1,1,1,0,0,0,5,0,0,0,1
12,15,4,1,1,0,3,1,0,2,1,1,1,8,2,1,0,6,6,8,1
10,17,0,1,1,0,3,0,0,0,1,1,1,1,0,1,0,6,4,5,1
2,15,0,0,1,0,3,0,0,2,1,1,1,0,0,1,5,8,0,6,1
9,18,4,1,1,3,3,0,1,2,1,1,1,8,0,1,5,0,0,0,1
7,21,4,0,1,0,3,0,0,0,1,1,1,0,0,2,0,6,6,9,1
0,15,4,0,0,0,3,2,0,2,1,1,0,0,0,0,5,0,0,0,1
7,18,4,0,1,4,3,0,1,2,1,1,1,5,0,0,5,0,0,0,1
3,21,4,1,1,4,3,0,1,14,1,1,1,5,0,0,5,0,0,0,0
0,15,4,1,1,0,3,0,0,2,1,1,1,0,0,1,0,2,2,3,1
15,15,0,1,1,0,3,1,0,0,1,1,1,8,2,1,0,9,1,12,1
3,15,4,1,1,0,3,0,0,2,1,1,1,7,0,9,2,3,0,5,1
8,19,4,1,1,3,3,0,1,0,1,1,1,5,0,6,0,1,9,4,1
12,20,0,0,1,3,3,0,1,1,1,1,1,5,2,1,0,7,7,10,1
14,20,0,1,1,0,3,0,0,1,1,1,1,0,2,1,0,9,6,14,1
11,20,4,1,1,0,3,1,0,2,1,1,1,8,2,1,0,8,11,9,1
7,20,0,1,1,0,3,0,0,0,1,1,1,0,0,1,0,7,10,13,0
6,20,4,0,1,4,3,0,1,5,1,1,1,0,0,1,0,8,10,13,1
15,15,4,1,1,0,3,0,0,0,1,1,1,0,2,1,0,6,1,7,1
4,20,4,0,1,0,3,0,0,0,1,1,1,0,0,1,0,6,2,9,1
4,20,4,1,1,0,3,1,0,2,1,1,1,0,0,2,5,1,0,1,1
12,15,4,0,1,3,1,3,1,14,1,1,1,0,2,1,0,6,3,9,1
0,15,4,0,1,0,3,0,0,16,1,1,1,1,0,9,2,0,0,0,1
7,18,4,1,1,0,3,0,0,0,1,1,1,5,0,0,5,0,0,0,1
11,16,0,0,1,0,3,0,0,15,1,1,1,7,2,1,5,6,0,2,1
15,18,4,1,1,0,3,3,0,12,1,1,1,0,2,6,0,4,8,6,1
12,17,0,0,1,0,3,0,0,0,1,1,1,7,2,6,5,0,0,0,0
11,15,4,0,1,0,1,0,0,2,1,1,1,0,2,1,0,4,10,5,1
6,20,4,0,1,0,3,1,0,2,1,1,1,0,0,1,0,6,6,11,1
6,21,0,0,1,0,3,0,0,1,1,1,1,0,0,4,0,1,6,11,0
3,15,4,0,1,0,3,0,0,2,1,1,1,7,0,0,5,0,0,0,1
13,21,0,1,1,4,3,1,1,1,1,1,1,0,2,4,0,1,2,11,1
13,23,4,1,1,0,3,3,0,5,1,1,1,5,2,2,0,8,6,13,1
2,18,2,1,1,0,1,3,0,14,1,1,1,0,2,0,5,0,0,7,1
7,20,4,0,1,0,3,0,0,2,1,1,1,5,0,1,0,6,6,11,1
1,17,4,1,1,0,3,1,0,16,1,1,1,0,0,2,5,1,0,2,0
11,21,0,1,1,3,3,1,1,0,1,1,1,0,2,1,0,6,3,14,1
0,18,4,0,1,0,3,1,0,2,1,1,1,5,0,0,5,0,0,0,1
6,20,4,0,1,0,3,3,0,0,1,1,1,0,0,1,0,6,8,10,1
3,19,4,1,1,0,3,3,0,2,1,1,1,8,0,0,5,0,0,0,1
15,21,0,1,1,4,3,3,1,1,1,1,1,5,2,0,5,0,0,0,0
3,19,4,1,1,0,3,0,0,2,1,1,1,5,0,0,5,0,0,2,1
6,20,4,0,1,0,0,1,0,12,1,1,1,0,0,5,3,8,11,12,0
1,17,4,1,1,0,3,1,0,0,1,1,1,8,0,1,5,0,0,0,1
3,19,4,1,1,0,3,0,0,2,1,1,1,0,0,0,5,0,0,0,1
2,18,4,0,1,0,1,0,0,2,1,1,1,5,2,1,0,6,11,6,1
6,18,4,1,1,0,3,1,0,11,1,1,1,0,0,1,5,0,0,0,0
9,20,4,1,1,0,3,1,0,0,1,1,1,0,0,7,0,7,6,12,1
12,18,4,1,1,0,3,1,0,2,1,1,1,0,2,0,5,0,0,3,1
0,17,4,0,1,0,3,0,0,16,1,1,1,0,0,0,5,0,0,0,0
7,20,4,1,1,0,3,3,0,2,1,1,1,0,0,0,5,0,0,0,1
13,20,4,0,1,3,3,0,1,12,1,1,1,7,2,2,0,9,6,8,1
14,17,4,1,1,0,3,3,0,0,1,1,1,0,2,0,5,0,0,2,1
8,18,0,0,1,3,1,0,1,0,1,1,1,0,0,1,1,9,0,7,1
12,20,0,1,1,3,3,0,1,2,1,1,1,0,2,1,0,6,6,6,1
7,8,0,0,1,4,3,0,1,2,1,1,1,0,0,0,5,0,0,3,1
15,19,4,0,1,0,3,1,0,16,1,1,1,0,2,1,0,6,1,5,0
8,20,4,1,1,0,3,1,0,2,1,1,1,8,0,1,0,3,9,6,1
0,15,4,0,1,0,3,0,0,2,1,1,1,0,0,0,5,0,0,0,1
11,5,4,0,1,3,3,0,1,2,1,1,1,8,2,0,5,0,0,0,1
11,17,0,0,1,4,3,0,1,0,1,1,1,0,2,1,0,7,1,10,1
8,20,0,1,1,0,3,0,0,0,1,1,1,7,0,1,0,6,8,9,0
15,18,0,1,1,0,3,0,0,1,1,1,1,0,2,1,0,6,6,10,0
9,14,0,1,1,0,3,3,0,0,1,1,1,7,0,1,0,6,10,8,1
15,15,0,0,1,0,3,0,0,0,1,1,1,7,2,1,0,9,11,12,1
6,18,4,1,1,0,3,1,0,7,1,1,1,0,0,1,5,0,0,2,1
3,21,4,0,1,0,3,3,0,2,1,1,1,5,0,0,5,0,0,0,1
2,15,4,1,1,3,3,0,1,2,1,1,1,5,0,0,5,0,0,4,1
15,18,0,0,1,0,3,0,0,10,1,1,1,8,2,1,0,6,8,10,0
5,12,4,1,1,2,3,0,0,2,1,1,1,8,0,1,5,0,0,2,1
4,20,4,0,1,0,3,0,0,0,1,1,1,7,0,1,0,6,6,13,0
0,18,4,1,1,0,3,3,0,11,1,1,1,0,0,0,5,0,0,0,1
10,18,4,1,1,0,3,0,0,0,1,1,1,0,0,1,5,0,0,0,1
4,20,4,0,1,0,3,1,0,2,1,1,1,7,0,1,0,9,4,7,1
9,15,0,1,1,0,3,0,0,0,1,1,1,0,0,1,0,8,11,6,1
12,18,0,1,1,0,3,3,0,1,1,1,1,7,2,1,5,0,0,0,1
9,3,3,1,1,3,1,3,1,14,1,1,1,7,1,6,0,6,4,10,1
11,17,4,0,1,0,3,1,0,0,1,1,1,0,2,1,0,9,4,13,1
6,20,0,0,1,0,3,0,0,1,1,1,1,5,0,2,0,5,0,14,0
10,15,4,0,1,0,3,3,0,14,1,1,1,0,0,0,5,0,0,0,1
4,20,4,0,1,0,3,1,0,2,1,1,1,0,0,1,0,9,6,12,0
12,16,4,1,1,0,3,1,0,0,1,1,1,0,2,1,5,6,0,4,0
6,15,4,0,1,0,3,0,0,2,1,1,1,7,0,4,0,6,6,6,1
9,15,4,0,1,0,3,3,0,14,1,1,1,0,0,1,0,6,3,10,1
2,19,4,0,1,0,3,1,0,0,1,1,1,0,0,1,0,7,3,10,0
6,15,4,0,0,0,3,1,0,2,1,0,1,0,0,1,0,8,11,7,1
2,19,4,1,1,0,3,1,0,2,1,1,1,0,0,1,0,2,1,2,1
13,21,4,1,1,3,3,0,1,0,1,1,1,0,2,2,0,6,4,13,1
12,17,0,1,1,0,3,0,0,1,1,1,1,0,2,1,0,6,2,10,1
10,20,4,1,1,0,3,1,0,0,1,1,1,0,0,4,0,5,6,12,0
14,19,0,1,1,0,3,0,0,0,1,1,1,0,2,1,5,0,0,0,1
6,14,4,0,1,0,3,0,0,14,1,1,1,0,0,0,5,0,0,0,1
7,15,0,1,1,4,3,0,1,1,1,1,1,0,0,1,0,6,6,12,1
9,20,4,1,1,3,3,3,1,2,1,1,1,5,0,0,5,0,0,10,1
15,19,0,0,1,3,3,0,1,0,1,1,1,5,2,0,5,0,0,0,1
1,15,4,1,1,0,3,1,0,7,1,1,1,0,0,1,0,3,4,4,1
11,15,4,0,1,0,3,0,0,0,1,1,1,7,2,1,0,6,2,8,0
0,15,4,1,1,0,3,1,0,2,1,1,1,0,0,1,2,1,0,2,1
12,20,0,1,1,0,3,1,0,0,1,1,1,0,2,1,1,9,0,14,1
8,19,4,0,1,3,3,0,1,2,1,1,1,5,0,1,0,6,8,9,1
10,15,4,1,0,0,3,0,0,5,1,1,0,0,0,1,2,0,0,3,1
6,17,0,0,1,0,3,0,0,1,1,1,1,0,0,2,0,4,11,7,1
5,19,4,1,1,0,3,1,0,2,1,1,1,0,0,1,0,6,1,10,0
5,18,4,0,1,0,3,0,0,2,1,1,1,7,0,1,0,5,11,4,1
0,15,4,1,1,0,3,0,0,2,1,1,1,0,0,0,5,0,0,0,1
5,20,4,1,0,0,3,1,0,11,1,1,0,0,0,0,5,0,0,0,0
12,21,0,0,1,0,3,2,0,0,1,1,1,0,2,1,0,6,10,12,0
5,20,4,1,1,0,3,3,0,11,1,1,1,5,0,0,5,0,0,5,0
8,18,0,0,1,0,3,0,0,1,1,1,1,0,0,1,0,6,2,2,1
0,18,4,1,1,0,3,0,0,16,1,1,1,8,0,1,1,1,0,1,1
12,20,0,1,1,0,3,1,0,1,1,1,1,0,2,1,0,6,2,12,1
5,22,4,1,1,0,3,3,0,7,1,1,1,1,0,1,0,9,8,6,0
14,20,0,1,1,4,3,0,1,1,1,1,1,0,2,1,0,5,6,2,1
5,20,4,1,1,0,3,1,0,2,1,1,1,0,0,1,0,6,6,8,1
14,20,0,0,1,4,3,0,1,0,1,1,1,5,2,1,0,6,11,14,1
1,15,4,0,1,0,3,0,0,2,1,1,1,7,0,1,0,5,9,4,1
10,20,4,1,1,0,3,0,0,5,1,1,1,0,0,1,0,6,4,10,1
11,20,4,1,1,0,3,1,0,0,1,1,1,0,2,1,0,3,4,9,1
12,19,0,1,1,0,3,1,0,0,1,1,1,0,2,2,0,6,2,13,1
9,14,4,0,1,0,3,0,0,2,1,1,1,8,0,8,5,6,0,5,1
10,15,4,0,1,0,3,0,0,2,1,1,1,7,0,1,0,6,4,4,1
15,22,4,1,1,0,3,0,0,15,1,1,1,1,2,0,5,0,0,0,0
8,17,4,1,0,0,3,0,0,0,1,1,0,0,0,1,0,2,2,4,1
0,15,4,1,1,0,3,0,0,9,1,1,1,8,0,1,0,6,0,1,1
2,19,4,0,1,4,3,0,1,2,1,1,1,0,0,3,0,2,3,5,1
5,20,4,0,1,0,3,2,0,2,1,1,1,0,0,1,0,6,1,6,1
15,18,0,1,1,0,3,0,0,1,1,1,1,7,2,1,0,6,0,11,1
9,14,0,0,1,0,3,0,0,0,1,1,1,7,0,3,0,6,1,6,1
12,18,4,1,1,4,3,1,1,0,1,1,1,0,2,1,5,0,0,4,1
10,18,4,1,1,0,3,1,0,0,1,1,1,0,0,1,2,1,0,4,0
6,18,4,0,1,0,3,0,0,11,1,1,1,0,0,1,0,8,2,12,1
1,19,4,0,1,0,3,0,0,2,1,1,1,5,0,1,0,4,4,8,1
6,18,4,0,1,0,3,0,0,0,1,1,1,0,0,1,0,6,2,6,1
11,21,4,0,1,0,3,0,0,0,1,1,1,5,2,1,0,7,5,13,1
3,19,4,0,1,3,3,0,1,2,1,1,1,5,0,0,5,0,0,0,1
7,18,4,1,1,0,3,0,0,2,1,1,1,0,0,1,0,8,2,11,1
10,20,4,1,1,0,3,1,0,9,1,1,1,0,0,1,0,6,6,8,1
10,8,3,1,1,0,3,3,0,2,1,1,1,0,0,4,5,0,0,3,1
5,0,4,1,1,0,3,0,0,10,1,1,1,1,0,0,5,0,0,0,1
10,17,0,1,1,0,3,0,0,8,1,1,1,5,0,1,1,6,0,11,1
0,17,4,1,1,0,3,1,0,2,1,1,1,0,0,0,5,0,0,0,1
12,14,4,0,1,0,3,3,0,2,1,1,1,0,2,1,0,6,5,12,1
12,15,0,0,1,0,3,0,0,1,1,1,1,7,2,1,0,6,4,9,0
5,15,4,1,1,0,3,3,0,2,1,1,1,0,0,1,0,3,8,5,1
0,15,4,1,1,0,3,0,0,9,1,1,1,0,0,2,0,6,0,1,1
10,15,4,0,1,0,3,1,0,15,1,1,1,0,0,1,5,0,0,0,0
8,15,4,0,0,0,3,0,0,7,1,0,1,0,0,1,0,6,11,3,1
3,17,4,0,1,0,3,3,0,9,1,1,1,7,0,1,0,6,2,8,1
2,17,4,0,1,0,3,0,0,16,1,1,1,0,0,4,5,2,0,3,1
10,16,4,0,1,0,3,3,0,2,1,1,1,0,0,1,2,6,0,10,1
9,17,0,0,1,4,3,0,1,8,1,1,1,2,0,1,0,7,4,11,1
14,8,3,0,1,3,3,3,1,0,1,1,1,0,2,1,0,6,8,3,1
3,15,4,0,1,0,3,3,0,2,1,1,1,0,0,1,0,7,4,8,1
14,18,4,1,1,0,3,0,0,0,1,1,1,7,2,1,0,6,3,6,1
7,20,0,1,1,4,3,3,1,2,1,1,1,5,0,2,0,9,11,8,1
14,15,4,0,1,0,3,0,0,12,1,1,1,0,2,6,0,4,2,7,1
9,20,4,0,1,0,3,2,0,2,1,1,1,6,0,0,5,0,0,3,1
13,18,0,1,1,0,3,3,0,0,1,1,1,0,2,3,0,6,2,8,1
5,20,4,1,1,0,3,3,0,0,1,1,1,0,0,1,0,6,11,11,0
14,17,2,0,1,0,2,1,0,0,1,1,1,0,2,4,0,6,4,11,1
4,20,4,1,1,0,3,1,0,0,1,1,1,8,0,1,0,3,4,9,0
12,20,2,1,1,0,3,0,0,0,1,1,1,0,2,3,0,6,4,11,1
6,21,4,1,1,2,3,0,0,2,1,1,1,1,0,9,2,0,0,13,0
8,16,0,0,1,0,3,1,0,1,1,1,1,0,0,0,5,0,0,0,0
5,15,0,0,1,0,3,0,0,16,1,1,1,0,0,6,5,6,0,7,1
3,18,4,0,1,0,3,0,0,2,1,1,1,0,0,1,0,5,2,4,1
13,21,0,0,1,0,3,1,0,0,1,1,1,0,2,1,0,6,6,14,0
8,19,4,1,1,0,3,0,0,0,1,1,1,0,0,1,0,2,11,4,1
8,20,4,0,1,3,3,0,1,0,1,1,1,5,0,1,0,6,6,14,0
14,17,4,0,1,0,2,1,0,0,1,1,1,0,2,6,0,4,3,5,1
0,15,4,1,1,0,3,1,0,11,1,1,1,7,0,1,0,1,3,2,1
8,4,0,1,1,4,3,0,1,0,1,1,1,7,0,3,0,7,4,4,1
3,19,4,0,1,0,3,1,0,2,1,1,1,8,0,1,0,2,5,4,1
12,15,4,0,1,0,3,0,0,0,1,1,1,5,2,1,0,6,8,8,0
6,20,4,1,1,0,3,0,0,2,1,1,1,0,0,1,2,1,0,2,0
1,18,4,0,1,0,3,0,0,16,1,1,1,7,0,1,5,2,0,2,1
6,20,4,1,1,0,3,3,0,11,1,1,1,5,0,1,5,1,0,1,0
6,18,4,1,0,0,3,0,0,0,1,1,0,0,0,0,5,0,0,0,0
5,20,4,0,1,0,3,0,0,10,1,1,1,0,0,1,0,6,11,3,1
3,15,4,1,1,4,3,0,1,2,1,1,1,5,0,1,0,6,4,2,1
0,18,4,1,1,0,3,0,0,16,1,1,1,7,0,0,5,0,0,0,0
4,16,4,0,1,0,3,0,0,2,1,1,1,7,0,1,5,6,0,3,0
11,19,0,0,1,0,3,3,0,8,1,1,1,0,2,0,5,0,0,0,1
6,20,4,0,1,0,3,3,0,2,1,1,1,0,0,1,0,5,9,7,0
14,15,4,0,1,3,3,1,1,2,1,1,1,0,2,1,0,6,4,10,1
4,12,2,1,0,0,3,3,0,2,1,1,1,3,0,4,5,0,0,0,1
8,19,4,0,1,0,3,1,0,0,1,1,1,0,0,1,0,6,3,10,1
9,21,4,0,1,0,3,1,0,0,1,1,1,8,0,1,5,2,0,3,0
15,20,0,1,1,0,3,1,0,1,1,1,1,0,2,1,0,7,10,12,0
9,20,4,0,1,0,3,0,0,0,1,1,1,0,0,2,0,7,10,14,0
13,20,0,0,1,0,3,1,0,0,1,1,1,0,2,1,0,6,3,12,0
9,15,4,0,1,0,3,3,0,11,1,1,1,8,0,1,0,6,3,9,1
11,15,0,1,1,0,3,0,0,2,1,1,1,7,2,1,5,0,0,0,1
4,15,0,0,1,0,3,1,0,1,1,1,1,0,0,1,0,6,4,2,1
7,20,4,0,1,0,3,1,0,2,1,1,1,0,0,1,0,6,6,10,1
1,19,4,1,1,0,3,3,0,2,1,1,1,7,0,1,1,2,0,2,1
10,20,4,1,1,0,3,1,0,2,1,1,1,0,0,1,0,8,3,11,1
9,20,4,1,1,0,3,0,0,2,1,1,1,0,0,1,5,4,0,6,1
10,14,0,0,1,4,3,0,1,0,1,1,1,5,0,1,0,6,7,8,1
15,21,0,0,1,0,3,0,0,0,1,1,1,5,2,1,0,6,4,13,1
4,18,0,1,0,0,3,0,0,2,1,1,1,0,0,0,5,0,0,4,1
15,13,4,0,1,4,3,0,1,10,1,1,1,0,2,1,0,6,8,4,0
3,15,4,0,0,0,3,3,0,3,1,1,0,1,0,0,5,0,0,5,1
0,18,4,1,1,0,3,3,0,11,1,1,1,0,0,3,0,1,0,4,0
14,20,0,1,1,3,3,0,1,0,1,1,1,5,2,3,0,7,6,13,1
9,17,0,0,1,0,3,0,0,0,1,1,1,0,0,1,0,6,2,10,1
8,19,4,0,1,4,3,0,1,12,1,1,1,1,0,1,0,4,6,6,0
5,19,4,1,1,0,3,0,0,12,1,1,1,0,0,1,0,6,2,10,0
3,19,4,1,1,0,3,1,0,2,1,1,1,0,0,6,0,4,3,7,1
3,15,4,0,1,0,3,3,0,11,1,1,1,0,0,1,5,0,0,0,1
6,18,4,0,1,0,3,1,0,10,1,1,1,8,0,1,0,6,8,13,1
8,8,4,0,1,0,3,2,0,2,1,1,1,0,0,1,5,0,0,1,1
13,20,0,1,1,0,3,3,0,1,1,1,1,5,2,1,0,6,6,11,0
2,18,4,0,1,3,3,0,1,2,1,1,1,0,0,1,0,6,10,2,1
10,10,4,1,1,4,3,0,1,12,1,1,1,7,0,4,0,8,8,10,0
3,20,4,0,1,0,3,1,0,2,1,1,1,0,0,9,2,0,0,0,1
3,20,4,0,1,0,3,3,0,0,1,1,1,0,0,2,0,8,4,11,0
12,9,4,0,1,0,3,1,0,5,1,1,1,7,2,2,0,8,2,6,1
5,20,4,0,1,4,3,0,1,2,1,1,1,7,0,1,0,6,2,5,1
11,16,4,1,1,0,3,3,0,10,1,1,1,4,2,1,0,9,7,4,1
1,14,4,0,1,0,3,0,0,2,1,1,1,0,0,1,0,1,2,2,1
4,18,4,0,1,0,1,3,0,2,1,1,1,0,0,1,0,4,4,3,1
13,21,0,0,1,3,3,0,1,0,1,1,1,5,2,1,0,8,4,14,1
12,15,0,1,1,0,3,0,0,2,1,1,1,0,2,1,0,1,2,3,1
5,17,4,1,1,0,3,0,0,2,1,1,1,0,0,1,2,5,0,2,1
9,17,0,0,1,0,3,0,0,0,1,1,1,0,0,1,0,6,1,6,0
4,15,4,1,1,0,3,0,0,2,1,1,1,7,0,1,0,2,4,4,1
2,18,4,0,1,0,3,1,0,2,1,1,1,0,0,1,0,2,2,5,1
9,12,4,0,1,0,3,0,0,0,1,1,1,0,0,1,0,6,11,12,1
8,20,4,1,0,0,3,3,0,13,1,1,0,8,0,2,0,2,4,8,1
4,15,4,0,1,0,3,0,0,0,1,1,1,0,0,1,0,6,4,8,1
15,20,2,1,1,3,3,0,1,2,1,1,1,5,2,1,4,6,0,6,0
15,21,0,0,1,0,3,3,0,0,1,1,1,5,2,1,0,6,8,14,1
9,20,4,0,1,0,3,3,0,2,1,1,1,0,0,1,0,6,8,12,1
13,20,4,1,1,0,3,3,0,12,1,1,1,5,2,0,5,0,0,10,1
15,23,0,1,1,0,3,0,0,1,1,1,1,0,2,1,0,8,4,6,1
11,21,0,1,1,0,3,0,0,1,1,1,1,0,2,2,0,6,3,11,1
14,18,4,0,1,0,3,3,0,0,1,1,1,7,2,1,0,4,2,4,1
10,16,4,0,1,0,3,3,0,2,1,1,1,0,0,1,0,7,1,5,1
8,20,4,1,1,0,3,1,0,2,1,1,1,0,0,1,0,6,8,9,1
1,18,4,1,1,0,3,0,0,2,1,1,1,7,0,0,5,0,0,0,1
0,17,4,0,1,0,3,0,0,2,1,1,1,0,0,0,5,0,0,0,1
4,20,2,1,1,0,3,0,0,0,1,1,1,0,0,1,5,6,0,11,0
5,20,4,1,1,0,3,0,0,9,1,1,1,0,0,0,5,0,0,0,1
14,19,4,0,1,4,3,3,1,0,1,1,1,5,2,1,0,8,10,10,1
5,20,4,1,1,3,3,2,1,2,1,1,1,0,0,1,5,2,0,2,1
7,20,4,0,1,0,3,0,0,11,1,1,1,0,0,1,0,7,10,14,1
5,17,0,0,1,3,3,0,1,2,1,1,1,0,0,1,2,0,0,0,1
4,20,4,1,1,0,3,1,0,2,1,1,1,8,0,1,0,3,5,5,1
4,17,4,0,1,0,3,0,0,2,1,1,1,7,0,6,2,4,0,8,1
15,15,0,1,1,0,3,0,0,1,1,1,1,7,2,1,0,6,1,6,1
2,18,4,1,1,0,3,0,0,2,1,1,1,7,0,1,0,2,1,2,1
11,15,2,1,1,3,3,0,1,2,1,1,1,5,2,1,0,6,6,9,1
0,15,4,1,1,0,3,0,0,16,1,1,1,5,0,0,5,0,0,0,0
14,15,4,0,1,3,3,0,1,0,1,1,1,7,2,1,5,0,0,0,1
2,15,4,1,1,0,3,1,0,0,1,1,1,8,0,5,0,9,6,2,0
9,19,4,1,1,0,3,3,0,2,1,1,1,0,0,3,0,2,8,5,1
11,15,0,0,1,0,1,0,0,0,1,1,1,0,2,1,0,6,8,11,0
15,22,0,1,1,0,3,0,0,0,1,1,1,0,2,1,0,7,3,13,1
6,18,4,0,1,0,3,3,0,11,1,1,1,0,0,1,0,6,3,11,0
7,19,4,1,1,0,3,0,0,2,1,1,1,5,0,2,5,1,0,2,1
3,15,4,0,0,4,3,3,1,2,1,1,1,5,0,1,0,6,4,5,1
13,21,4,0,1,0,3,3,0,0,1,1,1,0,2,1,0,9,2,14,0
5,19,4,1,1,4,3,0,1,0,1,1,1,5,0,1,0,6,2,10,1
7,20,4,1,1,0,3,1,0,0,1,1,1,7,0,4,0,4,6,5,1
14,23,2,1,1,3,3,0,1,5,1,1,1,5,2,1,0,6,6,13,1
15,21,0,1,1,0,3,3,0,1,1,1,1,0,2,6,0,2,5,3,1
0,18,4,0,1,0,3,1,0,2,1,1,1,8,0,1,0,3,1,5,1
4,15,4,0,1,3,3,0,1,2,1,1,1,7,0,1,0,2,10,3,1
9,20,4,1,1,0,3,0,0,0,1,1,1,7,0,0,5,0,0,0,1
11,18,4,1,1,0,3,1,0,2,1,1,1,8,2,1,0,6,2,10,1
10,18,4,1,1,0,3,3,0,2,1,1,1,0,0,3,0,6,2,5,1
8,15,4,1,1,0,3,0,0,0,1,1,1,0,0,1,0,6,4,8,1
4,17,4,1,1,0,3,0,0,2,1,1,1,5,0,1,5,0,0,1,1
11,20,4,1,1,0,3,1,0,12,1,1,1,8,2,1,0,6,6,9,1
12,20,0,1,1,0,3,0,0,0,1,1,1,0,2,1,1,6,0,12,1
0,17,4,0,1,0,3,1,0,16,1,1,1,0,0,1,5,2,0,2,1
6,15,4,0,1,0,3,0,0,4,1,1,1,5,0,1,0,1,4,1,1
6,17,4,1,1,0,3,1,0,2,1,1,1,7,0,1,0,4,3,6,1
4,20,4,1,1,4,3,0,1,0,1,1,1,5,0,1,5,0,0,0,0
1,18,4,1,1,0,3,3,0,2,1,1,1,5,0,2,0,1,6,3,0
5,17,4,0,1,0,3,0,0,2,1,1,1,7,0,1,0,6,5,9,1
7,3,4,1,1,0,3,3,0,12,1,1,1,7,0,6,0,5,10,1,1
13,15,4,0,1,4,3,3,1,9,1,1,1,0,2,1,0,6,0,8,0
14,22,4,1,0,0,3,0,0,0,1,1,1,0,2,1,0,7,9,14,1
1,18,4,0,1,0,3,1,0,11,1,1,1,0,0,2,0,6,6,10,1
6,20,4,0,1,0,3,0,0,2,1,1,1,0,0,1,0,6,8,11,1
7,20,4,1,1,0,3,3,0,12,1,1,1,5,0,2,0,6,11,8,0
9,15,4,0,1,4,3,0,1,2,1,1,1,5,0,1,0,6,3,6,1
13,18,0,1,1,0,3,1,0,0,1,1,1,0,2,6,0,1,3,3,1
7,21,4,0,1,0,3,1,0,16,1,1,1,0,0,1,0,8,8,5,0
1,18,4,1,1,4,3,0,1,16,1,1,1,5,0,2,5,1,0,3,1
3,18,4,0,1,0,3,0,0,2,1,1,1,0,0,1,0,6,8,6,1
0,15,4,0,1,0,3,0,0,2,1,1,1,7,0,1,0,1,2,2,1
6,18,4,0,1,0,3,1,0,0,1,1,1,8,0,1,0,3,6,10,1
9,20,4,0,1,0,3,0,0,2,1,1,1,0,0,1,0,6,11,13,1
2,18,4,1,1,3,3,0,1,2,1,1,1,5,0,1,5,1,0,2,1
15,20,0,0,1,0,3,1,0,0,1,1,1,0,2,3,0,6,3,14,1
3,20,4,1,0,0,3,3,0,2,1,1,0,0,0,0,5,0,0,0,0
13,18,4,0,1,3,3,0,1,10,1,1,1,5,2,1,0,8,7,10,1
12,18,4,0,1,0,3,0,0,2,1,1,1,7,2,1,0,6,2,8,1
10,20,4,1,1,0,3,1,0,0,1,1,1,0,0,1,1,6,0,10,0
5,20,4,1,1,0,3,0,0,11,1,1,1,5,0,1,0,8,3,13,0
8,18,0,1,1,0,3,0,0,5,1,1,1,0,0,1,0,6,6,8,1
14,22,0,1,1,3,3,0,1,0,1,1,1,0,2,1,0,7,3,10,1
4,15,4,0,1,0,3,3,0,15,1,1,1,1,0,0,5,0,0,0,1
3,15,4,1,1,0,3,0,0,2,1,1,1,5,0,0,5,0,0,0,1
2,15,4,0,1,4,3,3,1,2,1,1,1,5,0,1,0,1,4,3,1
3,18,4,0,1,0,3,3,0,11,1,1,1,0,0,0,5,0,0,0,0
0,17,4,1,1,0,3,1,0,2,1,1,1,0,0,0,5,0,0,0,1
14,12,2,0,1,0,3,0,0,0,1,1,1,7,2,1,0,6,4,12,1
9,20,4,0,1,0,3,0,0,2,1,1,1,0,0,1,0,6,4,11,1
2,19,4,1,1,3,3,1,0,4,0,1,1,0,0,1,0,6,8,11,1
14,15,4,0,1,4,3,0,1,0,1,1,1,0,2,1,0,7,11,14,1
15,19,0,1,0,0,3,1,0,1,1,1,0,0,2,0,5,0,0,5,1
3,20,4,0,1,0,3,0,0,12,1,1,1,0,0,1,0,6,10,8,1
0,15,4,0,0,0,2,0,0,3,0,1,1,0,0,1,0,2,4,5,1
14,14,0,1,0,0,3,0,0,0,1,1,0,0,2,0,5,0,0,5,1
10,17,0,1,1,0,3,1,0,1,1,1,1,7,0,1,0,7,3,9,1
2,18,0,0,1,0,3,1,0,1,1,1,1,0,0,6,0,1,3,4,1
14,15,0,0,1,0,3,3,0,8,1,1,1,0,2,1,0,5,0,8,1
8,20,4,0,0,0,2,0,0,2,1,1,0,0,0,1,0,4,3,5,1
7,15,4,0,1,3,3,0,1,2,1,1,1,7,0,1,0,6,5,7,1
8,18,0,1,1,0,3,1,0,1,1,1,1,7,0,1,0,3,5,8,1
9,20,4,0,1,0,3,0,0,12,1,1,1,5,0,1,0,6,2,11,1
15,15,0,0,1,0,3,1,0,0,1,1,1,8,2,1,0,6,6,10,0
9,20,0,1,1,0,3,0,0,1,1,1,1,0,0,2,0,7,11,12,1
15,21,0,1,1,3,3,0,1,1,1,1,1,0,2,4,0,6,10,7,1
5,18,4,0,1,0,3,3,0,9,1,1,1,0,0,0,5,0,0,0,1
0,18,4,1,1,0,3,3,0,2,1,1,1,5,0,0,5,0,0,0,1
6,18,4,1,1,0,3,0,0,16,1,1,1,0,0,0,5,0,0,4,0
2,15,4,0,1,0,3,2,0,2,1,1,1,7,0,1,0,3,10,1,1
0,18,4,1,1,0,3,1,0,2,1,1,1,0,0,0,5,0,0,1,1
6,20,0,1,1,0,3,0,0,1,1,1,1,0,0,1,0,4,2,6,1
14,18,0,1,1,0,3,1,0,0,1,1,1,0,2,1,0,4,4,8,1
4,18,4,0,1,0,3,0,0,2,1,1,1,0,0,2,5,0,0,0,0
8,15,4,1,1,0,3,1,0,0,1,1,1,0,0,1,5,0,0,0,1
12,19,0,1,1,3,3,3,1,0,1,1,1,0,2,1,0,4,11,3,1
0,15,4,1,1,0,3,0,0,2,1,1,1,0,0,0,5,0,0,0,1
11,20,4,0,1,0,3,0,0,0,1,1,1,0,2,1,0,6,3,14,1
11,18,4,0,1,4,3,0,1,0,1,1,1,1,0,4,0,8,8,14,0
0,18,4,0,1,0,3,0,0,16,1,1,1,5,0,0,5,0,0,0,1
14,17,0,0,1,0,3,1,0,1,1,1,1,0,2,1,0,7,2,11,1
7,20,4,1,1,0,3,1,0,12,1,1,1,0,0,4,2,2,0,5,0
15,20,0,1,1,0,3,3,0,1,1,1,1,0,2,1,0,6,11,11,1
12,20,4,0,1,0,3,3,0,2,1,1,1,0,2,1,5,0,0,0,1
9,21,4,0,1,4,3,0,1,0,1,1,1,5,0,1,0,6,3,12,1
7,20,4,1,1,0,3,0,0,2,1,1,1,1,0,0,5,0,0,0,1
2,18,4,1,1,0,3,1,0,10,1,1,1,0,0,4,0,6,1,5,1
4,18,4,1,1,0,3,0,0,2,1,1,1,0,0,0,5,0,0,3,0
9,15,4,0,1,0,3,0,0,2,1,1,1,7,0,1,2,2,0,6,1
15,20,4,0,1,0,3,0,0,0,1,1,1,0,2,1,0,6,10,12,1
0,15,4,1,1,0,3,0,0,2,1,1,1,0,0,0,5,0,0,0,1
5,15,4,1,1,0,3,0,0,12,1,1,1,7,0,1,0,6,2,9,0
11,20,4,1,1,0,3,3,0,14,1,1,1,0,2,1,0,6,6,9,0
2,13,4,1,0,0,3,3,0,16,1,1,1,0,0,0,5,0,0,2,1
1,18,4,0,1,0,3,3,0,2,1,1,1,0,0,1,0,3,6,3,1
14,18,4,0,1,0,3,0,0,9,1,1,1,7,2,1,0,6,6,10,1
4,20,4,0,1,0,3,3,0,11,1,1,1,1,0,1,0,6,10,12,0
5,20,4,1,1,0,3,0,0,2,1,1,1,7,0,1,0,6,3,9,1
15,20,4,1,1,0,3,0,0,0,1,1,1,1,2,3,0,6,3,8,1
10,17,4,1,1,0,3,1,0,0,1,1,1,0,0,1,0,6,3,12,1
11,15,4,0,1,0,1,3,0,2,1,1,1,0,2,1,0,8,11,9,1
14,10,2,1,1,4,3,0,1,12,1,1,1,0,2,1,0,6,3,10,1
1,14,4,1,1,4,3,3,1,5,1,1,1,0,0,1,0,1,4,4,1
4,15,4,0,1,3,3,0,1,15,1,1,1,7,0,6,5,0,0,1,0
2,15,4,1,1,4,3,3,1,9,1,1,1,0,0,1,5,2,0,1,0
0,15,4,0,1,0,3,3,0,2,1,1,1,0,0,1,0,6,6,3,1
9,15,4,0,1,3,3,3,1,12,1,1,1,0,0,1,0,7,6,12,1
3,20,4,1,1,0,3,1,0,2,1,1,1,0,0,3,1,4,0,4,1
15,21,4,0,1,3,1,3,1,0,1,1,1,0,2,1,0,4,7,13,0
12,21,0,1,1,4,3,0,1,0,1,1,1,5,2,6,0,7,2,11,1
5,20,0,1,1,0,3,0,0,1,1,1,1,0,0,4,0,5,4,2,0
3,19,0,1,1,0,3,0,0,1,1,1,1,0,0,1,0,1,1,3,1
0,18,4,1,1,0,3,1,0,2,1,1,1,0,0,1,0,4,2,6,1
15,15,0,0,1,0,3,3,0,0,1,1,1,0,2,1,0,8,11,14,1
3,15,4,0,1,0,3,1,0,2,1,1,1,0,0,1,5,0,0,0,1
13,20,4,1,1,0,3,1,0,0,1,1,1,0,2,1,0,8,3,10,1
11,17,0,0,1,0,1,3,0,0,1,1,1,0,2,1,0,6,7,9,1
1,18,0,0,1,0,0,3,0,16,1,1,1,0,0,5,3,9,4,6,0
2,18,4,1,1,3,3,0,1,2,1,1,1,5,0,0,5,0,0,0,1
11,20,4,0,0,0,3,0,0,0,1,1,0,1,2,1,0,6,3,9,0
8,18,0,0,1,0,3,1,0,0,1,1,1,0,0,1,0,7,3,11,1
11,15,4,0,1,0,3,0,0,2,1,1,1,1,2,1,0,6,8,9,1
7,18,4,1,1,0,3,0,0,0,1,1,1,0,0,1,0,8,2,10,1
0,18,4,0,0,0,3,3,0,16,1,1,0,0,0,1,5,1,0,2,1
14,20,0,0,1,3,3,0,1,1,1,1,1,5,2,1,0,8,4,13,0
3,18,4,0,1,0,3,0,0,0,1,1,1,5,0,1,0,6,3,10,0
3,18,4,1,1,0,3,0,0,0,1,1,1,0,0,1,0,7,8,7,1
13,21,4,0,1,0,3,1,0,0,1,1,1,5,2,4,0,6,5,14,0
8,19,4,1,1,0,3,0,0,2,1,1,1,7,0,1,0,6,3,12,1
3,15,4,0,1,0,3,1,0,2,1,1,1,0,0,1,0,6,3,6,1
14,20,4,1,1,0,3,1,0,0,1,1,1,0,2,1,0,6,4,13,1
13,15,4,1,1,4,3,0,1,0,1,1,1,7,2,3,0,3,2,6,1
0,12,3,1,1,0,3,0,0,1,1,1,1,7,0,1,0,3,4,4,1
10,20,4,0,1,3,3,1,1,5,1,1,1,0,0,3,0,8,6,2,1
7,18,4,1,1,0,3,0,0,0,1,1,1,0,0,5,0,6,4,2,1
8,19,4,1,1,0,3,0,0,0,1,1,1,0,0,3,0,2,2,4,1
7,19,4,0,1,0,3,0,0,0,1,1,1,5,0,2,5,0,0,0,1
6,15,4,1,1,0,3,3,0,3,1,1,1,1,0,1,5,6,0,2,1
13,18,0,1,1,0,3,1,0,1,1,1,1,0,2,0,5,0,0,0,1
1,18,4,1,1,0,3,1,0,12,1,1,1,8,0,6,5,1,0,1,1
14,18,4,0,1,0,3,3,0,5,1,1,1,0,2,1,0,6,3,9,1
7,15,4,1,1,0,3,0,0,2,1,1,1,0,0,1,0,7,8,10,1
2,17,4,1,1,0,3,0,0,2,1,1,1,0,0,6,0,2,1,1,1
6,20,4,0,1,0,3,0,0,2,1,1,1,5,0,1,0,6,10,12,1
10,15,4,1,1,0,3,0,0,5,1,1,1,0,0,1,0,6,6,3,1
13,20,0,1,1,0,3,0,0,1,1,1,1,0,2,1,0,6,3,14,1
2,18,4,1,1,0,3,0,0,16,1,1,1,0,0,3,0,2,1,6,0
1,18,4,0,1,0,0,1,0,11,1,1,1,0,0,5,3,6,3,12,1
13,22,0,1,1,4,3,0,1,0,1,1,1,0,2,1,0,6,9,11,0
11,19,0,0,1,4,3,0,1,1,1,1,1,5,2,1,0,6,6,10,1
4,14,4,0,0,0,3,3,0,2,1,1,0,7,0,1,5,0,0,4,1
10,13,4,0,1,0,3,0,0,15,1,1,1,1,0,1,5,0,0,0,0
6,18,4,1,1,0,3,1,0,2,1,1,1,0,0,9,2,0,0,0,0
6,15,4,1,1,0,3,3,0,11,1,1,1,0,0,1,0,1,3,5,1
6,20,4,1,1,0,3,0,0,2,1,1,1,8,0,5,0,6,4,9,1
12,20,4,0,1,0,3,3,0,14,1,1,1,0,2,7,0,6,3,10,1
12,15,0,0,1,0,3,3,0,14,1,1,1,0,2,1,0,6,6,6,1
4,15,4,0,1,0,3,0,0,4,1,1,1,0,0,0,5,0,0,4,1
5,19,4,1,1,0,3,1,0,0,1,1,1,0,0,2,0,6,3,9,0
6,18,4,0,1,0,3,0,0,0,1,1,1,7,0,1,0,6,11,11,0
3,20,0,0,1,0,3,1,0,2,1,1,1,5,0,1,0,6,3,13,1
7,19,4,0,1,0,3,0,0,12,1,1,1,0,0,1,0,7,3,11,1
7,18,4,0,1,0,3,0,0,10,1,1,1,8,0,1,0,9,1,10,1
9,18,4,1,1,0,3,3,0,0,1,1,1,8,0,1,0,5,9,7,0
8,17,4,0,1,0,3,0,0,2,1,1,1,0,0,1,2,6,0,9,1
8,20,4,1,1,0,3,1,0,2,1,1,1,0,0,1,0,3,3,5,1
10,14,0,1,1,4,3,3,1,9,1,1,1,7,0,0,5,0,0,0,1
2,15,4,0,1,0,3,0,0,2,1,1,1,0,0,0,5,0,0,0,1
7,19,0,0,1,0,3,0,0,1,1,1,1,7,0,1,0,6,3,9,0
1,17,4,0,1,0,3,1,0,2,1,1,1,0,0,1,0,3,6,4,0
15,17,4,1,1,0,3,1,0,0,1,1,1,8,2,1,0,8,4,10,1
10,17,0,1,1,4,3,0,1,1,1,1,1,0,0,1,0,6,3,10,1
3,11,3,1,0,4,3,0,1,1,1,1,0,7,1,0,5,0,0,0,1
5,18,4,1,1,0,3,3,0,16,1,1,1,8,0,6,5,0,0,0,0
8,19,0,0,1,0,3,1,0,2,1,1,1,0,0,3,0,4,11,8,1
3,21,4,1,1,0,3,1,0,0,1,1,1,8,0,1,0,2,9,5,0
15,15,2,0,1,4,3,0,1,2,1,1,1,0,2,1,5,6,0,5,1
13,18,0,0,1,0,3,0,0,0,1,1,1,0,2,1,0,6,5,12,0
0,17,4,0,1,0,3,0,0,2,1,1,1,0,0,1,0,4,8,4,1
1,18,4,1,1,0,3,0,0,2,1,1,1,7,0,0,5,0,0,0,1
13,23,0,0,1,3,3,0,1,0,1,1,1,0,2,1,0,8,11,14,1
13,15,4,1,1,4,3,0,1,0,1,1,1,7,2,1,0,6,4,8,1
10,19,0,1,1,0,3,3,0,1,1,1,1,5,0,1,0,7,7,10,1
2,15,4,0,1,0,3,0,0,16,1,1,1,5,0,1,0,2,1,3,0
11,20,4,1,1,0,3,0,0,2,1,1,1,0,2,1,0,4,3,8,1
10,12,4,0,1,0,3,0,0,15,1,1,1,7,0,1,2,0,0,0,1
15,22,0,1,1,0,3,0,0,1,1,1,1,0,2,1,1,6,0,6,1
10,15,4,1,1,0,3,0,0,2,1,1,1,7,0,1,0,6,6,10,1
0,18,4,1,1,0,3,0,0,2,1,1,1,0,0,1,5,1,0,1,1
9,17,4,0,1,0,3,0,0,16,1,1,1,0,0,1,5,8,0,11,1
11,20,4,1,1,0,3,1,0,12,1,1,1,0,2,1,0,8,6,12,1
9,16,4,0,1,0,3,0,0,11,1,1,1,0,0,1,5,6,0,7,0
5,20,4,1,1,0,3,1,0,0,1,1,1,0,0,1,0,6,8,6,0
6,15,4,0,1,0,3,0,0,2,1,1,1,0,0,1,0,6,6,6,1
6,20,0,1,1,3,3,0,1,1,1,1,1,5,0,1,0,6,8,10,1
8,20,4,0,1,0,3,1,0,11,1,1,1,8,0,1,0,6,1,13,0
11,8,4,0,1,4,3,0,1,11,1,1,1,0,2,1,0,4,4,6,1
4,15,4,1,1,0,3,0,0,2,1,1,1,0,0,0,5,0,0,1,1
7,11,4,1,1,0,3,0,0,4,1,1,1,0,0,1,2,0,0,0,1
15,20,0,1,1,3,3,0,1,0,1,1,1,0,2,1,0,7,6,11,1
0,13,4,1,1,0,3,0,0,2,1,1,1,0,0,0,5,0,0,0,1
12,16,4,0,1,0,3,0,0,0,1,1,1,0,2,1,0,6,10,13,1
8,15,4,0,1,0,3,0,0,0,1,1,1,7,0,3,0,3,3,6,1
1,15,4,1,1,3,3,1,0,16,1,1,1,0,0,2,0,4,2,7,1
14,21,0,1,1,0,3,1,0,1,1,1,1,0,2,4,0,9,5,14,1
14,15,0,0,1,0,3,0,0,1,1,1,1,0,2,1,0,6,11,11,1
6,15,4,0,1,0,3,0,0,11,1,1,1,7,0,1,0,8,8,11,1
4,17,4,1,1,0,3,1,0,7,1,1,1,8,0,1,5,0,0,3,1
3,18,4,0,1,0,3,0,0,2,1,1,1,7,0,1,5,0,0,0,1
0,17,4,0,1,0,3,0,0,7,1,1,1,0,0,1,0,8,4,6,1
11,15,4,1,1,0,3,1,0,12,1,1,1,8,2,1,5,3,0,2,1
13,23,0,1,1,3,3,0,1,1,1,1,1,5,2,7,0,6,7,13,0
10,18,2,1,1,4,3,1,1,12,1,1,1,0,0,1,0,6,11,11,1
15,21,0,0,1,4,3,0,1,1,1,1,1,5,2,0,5,0,0,0,0
2,20,4,1,1,0,3,0,0,12,1,1,1,0,0,1,0,1,2,2,0
3,19,4,0,1,0,3,3,0,2,1,1,1,7,0,1,0,6,4,7,1
8,18,0,0,1,3,3,2,1,8,1,1,1,7,0,1,0,6,3,8,1
11,17,4,1,0,0,3,1,0,0,1,1,0,8,2,0,5,0,0,0,1
2,15,4,1,1,0,3,0,0,2,1,1,1,7,0,1,0,6,1,5,1
7,18,4,1,1,0,3,3,0,11,1,1,1,0,0,1,0,4,2,6,1
11,20,0,1,1,0,3,3,0,2,1,1,1,5,2,1,0,6,5,9,1
12,13,0,1,1,0,3,0,0,8,1,1,1,0,2,1,0,2,6,6,1
11,20,4,1,1,0,3,0,0,2,1,1,1,8,2,3,5,0,0,0,1
13,15,2,0,1,4,3,0,1,7,1,1,1,0,2,1,0,2,1,6,1
7,19,4,1,1,0,3,1,0,0,1,1,1,0,0,1,0,6,3,6,1
12,20,0,0,1,0,3,3,0,1,1,1,1,0,2,4,0,6,10,14,1
13,20,0,1,1,0,3,0,0,1,1,1,1,0,2,7,0,6,0,13,1
4,17,0,1,1,0,0,3,0,0,1,1,1,3,0,5,3,7,3,9,0
8,13,0,1,1,4,3,0,1,1,1,1,1,0,0,0,5,0,0,0,1
0,15,4,1,1,0,3,0,0,2,1,1,1,0,0,0,5,0,0,0,1
7,15,4,1,1,0,3,0,0,2,1,1,1,0,0,2,5,1,0,2,0
0,17,4,0,1,0,3,1,0,7,1,1,1,0,0,0,5,0,0,0,1
13,17,4,1,1,0,3,1,0,0,1,1,1,0,2,2,0,6,2,10,0
9,19,0,1,1,0,3,0,0,0,1,1,1,0,0,1,5,1,0,1,1
8,20,4,1,1,0,3,1,0,0,1,1,1,0,0,0,5,0,0,0,1
11,8,0,0,1,0,1,0,1,9,1,1,1,0,2,1,0,3,4,3,0
8,13,4,1,1,0,3,0,0,0,1,1,1,0,0,1,2,0,0,0,0
14,0,4,1,1,4,3,0,1,12,1,1,1,7,2,0,5,0,0,0,1
13,18,4,0,1,0,3,3,0,2,1,1,1,7,2,1,0,6,10,9,1
1,17,4,1,1,0,3,1,0,7,1,1,1,0,0,0,5,0,0,0,1
5,15,4,0,1,0,3,1,0,7,1,1,1,0,0,1,0,5,11,4,1
12,18,0,1,1,0,3,0,0,1,1,1,1,7,2,1,0,4,2,5,1
4,20,4,1,1,0,3,0,0,2,1,1,1,0,0,0,5,0,0,0,1
3,18,4,1,1,0,3,3,0,7,1,1,1,0,0,0,5,0,0,4,0
14,18,0,0,1,0,3,0,0,8,1,1,1,2,2,3,0,6,5,11,1
9,18,4,1,1,0,3,1,0,12,1,1,1,0,0,2,0,3,1,9,0
11,16,0,1,1,0,3,0,0,1,1,1,1,7,2,0,5,0,0,0,1
7,15,0,1,1,4,3,0,1,1,1,1,1,0,0,0,5,0,0,0,0
11,18,4,0,1,0,3,0,0,2,1,1,1,1,2,1,0,6,6,9,1
9,20,0,0,1,0,3,0,0,1,1,1,1,7,0,2,0,6,1,12,1
1,18,4,1,0,0,3,0,0,2,1,1,0,0,0,0,5,0,0,0,1
3,15,4,1,0,0,3,0,0,2,1,1,0,0,0,0,5,0,0,0,1
0,17,4,1,1,4,3,0,1,11,1,1,1,0,0,1,0,6,6,6,0
14,15,0,1,0,0,3,3,0,0,1,1,0,0,2,1,0,4,0,6,1
11,19,4,0,1,0,3,3,0,0,1,1,1,0,2,1,0,8,4,11,1
10,13,4,0,1,0,3,0,0,15,1,1,1,1,0,0,5,0,0,0,1
15,18,4,0,1,3,3,3,1,2,1,1,1,5,2,1,0,6,5,9,1
8,11,4,0,1,0,3,1,0,11,1,1,1,0,0,1,2,0,0,0,1
6,15,4,1,1,0,3,3,0,4,1,1,1,0,0,9,2,0,0,0,1
0,17,4,0,0,0,3,1,0,2,1,1,0,0,0,0,5,0,0,1,1
8,20,4,1,1,0,3,1,0,12,1,1,1,0,0,1,0,6,11,12,0
5,17,4,0,1,0,3,0,0,2,1,1,1,5,0,1,2,0,0,0,1
8,18,4,1,1,0,3,0,0,2,1,1,1,7,0,1,0,6,8,10,1
9,21,4,1,1,0,3,0,0,11,1,1,1,0,0,4,0,9,10,14,0
8,16,0,0,1,0,2,0,0,10,1,1,1,0,0,1,0,6,3,5,1
4,15,4,0,1,0,3,0,0,2,1,1,1,0,0,1,0,4,4,7,1
14,18,0,0,1,4,3,0,1,1,1,1,1,0,2,1,0,7,4,14,1
7,20,4,1,1,0,3,0,0,2,1,1,1,1,0,1,0,8,3,6,1
7,4,0,0,1,4,3,1,1,11,1,1,1,7,0,3,0,6,5,12,1
14,20,0,0,1,0,3,0,0,0,1,1,1,0,2,1,0,6,10,11,1
15,20,4,0,1,3,3,3,1,0,1,1,1,5,2,1,0,6,8,13,1
0,17,4,1,1,0,3,0,0,2,1,1,1,0,0,1,5,3,0,2,1
8,19,4,1,1,0,3,0,0,0,1,1,1,0,0,3,0,4,6,2,0
6,18,4,0,1,0,3,1,0,12,1,1,1,0,0,1,0,7,11,11,1
11,16,4,0,1,0,3,1,0,12,1,1,1,2,2,1,5,6,0,13,1
1,17,4,1,1,0,3,0,0,16,1,1,1,5,0,2,5,2,0,2,0
12,15,0,0,1,0,3,0,0,1,1,1,1,0,2,1,0,7,10,12,1
7,19,4,0,1,0,3,1,0,2,1,1,1,0,0,1,0,6,11,11,1
12,16,4,0,1,0,3,0,0,15,1,1,1,0,2,0,5,0,0,0,1
1,15,4,0,1,0,3,0,0,2,1,1,1,0,0,1,0,9,3,4,1
11,18,4,0,1,0,3,0,0,2,1,1,1,0,2,3,0,4,1,6,1
13,15,4,0,1,0,3,0,0,15,1,1,1,8,0,4,5,2,0,1,0
3,20,4,1,1,0,3,0,0,2,1,1,1,0,0,5,0,6,6,3,1
0,18,4,0,1,0,2,0,0,16,1,1,1,0,0,5,3,6,1,5,0
2,18,4,0,0,0,3,0,0,2,1,1,0,1,0,0,5,0,0,0,1
10,15,2,1,1,0,3,0,0,14,1,1,1,0,0,3,0,6,2,7,1
9,18,4,0,1,0,3,3,0,12,1,1,1,0,0,1,0,6,4,12,1
15,18,0,0,1,3,3,1,1,0,1,1,1,0,2,1,0,6,7,5,1
2,15,0,1,1,0,3,0,0,16,1,1,1,0,0,1,5,6,0,5,1
14,18,4,1,1,0,3,1,0,12,1,1,1,0,2,6,0,7,0,9,1
10,21,4,1,1,3,3,0,1,0,1,1,1,5,0,3,0,7,3,12,1
2,18,4,0,1,0,3,0,0,2,1,1,1,7,0,1,0,3,4,11,1
2,17,4,0,1,0,3,3,0,2,1,1,1,0,0,6,0,3,6,5,1
7,18,4,0,1,4,3,1,1,10,1,1,1,5,0,1,0,8,8,11,0
4,20,4,1,1,0,3,0,0,2,1,1,1,7,0,1,0,2,7,8,1
11,14,4,1,1,0,3,0,0,2,1,1,1,7,2,1,0,6,8,5,1
5,18,4,0,1,4,3,0,1,9,1,1,1,5,0,1,0,6,8,8,0
13,20,0,0,1,0,3,3,0,0,1,1,1,0,2,1,0,9,10,14,0
7,15,4,0,1,3,3,0,0,15,1,1,1,7,0,7,5,6,0,8,1
14,19,4,1,1,0,3,0,0,0,1,1,1,0,2,3,5,0,0,0,1
8,15,4,0,1,0,3,3,0,11,1,1,1,0,0,1,0,2,3,4,0
3,18,0,1,1,4,3,0,1,1,1,1,1,0,0,1,0,6,6,8,0
2,15,4,0,1,0,3,1,0,2,1,1,1,0,0,1,0,5,2,5,1
3,20,4,0,1,0,3,0,0,2,1,1,1,0,0,1,0,5,9,2,1
5,18,4,0,1,0,3,3,0,2,1,1,1,0,0,1,0,6,8,4,1
9,15,4,1,1,0,3,0,0,2,1,1,1,0,0,1,5,0,0,4,1
7,14,4,0,1,0,3,1,0,2,1,1,1,0,0,1,0,5,1,5,1
5,19,4,1,1,0,3,0,0,2,1,1,1,0,0,1,5,0,0,0,1
4,18,0,1,1,0,3,3,0,0,1,1,1,7,0,6,0,2,0,2,1
7,15,4,0,1,0,0,0,0,16,1,1,1,0,0,5,3,9,2,8,0
0,18,4,1,1,0,3,0,0,16,1,1,1,0,0,3,0,2,4,6,1
8,20,4,1,1,0,3,1,0,2,1,1,1,0,0,1,0,6,11,3,1
6,13,4,0,1,4,3,0,1,11,1,1,1,0,0,1,0,6,4,12,0
5,17,4,0,1,0,3,0,0,2,1,1,1,7,0,1,0,5,2,2,1
10,17,4,1,1,0,3,0,0,2,1,1,1,0,0,0,5,0,0,1,1
9,13,0,1,1,2,3,1,0,0,1,1,1,8,0,6,5,0,0,13,1
11,21,4,0,1,0,3,1,0,0,1,1,1,0,2,3,0,6,5,14,0
14,18,0,0,1,4,3,0,1,1,1,1,1,0,2,0,5,0,0,0,0
1,15,4,1,1,0,3,1,0,2,1,1,1,0,0,1,0,5,9,6,1
2,18,2,0,1,0,3,0,0,2,1,1,1,0,0,1,2,2,0,2,1
5,19,4,0,1,0,3,3,0,11,1,1,1,7,0,1,0,4,10,9,1
8,20,4,1,1,0,3,0,0,2,1,1,1,5,0,3,0,6,8,6,1
8,20,4,0,1,0,3,0,0,11,1,1,1,0,0,1,0,6,1,12,0
2,18,4,1,1,0,3,0,0,0,1,1,1,7,0,0,5,0,0,0,1
13,19,4,1,1,0,3,0,0,2,1,1,1,7,2,1,0,6,0,9,1
11,23,0,1,1,0,3,0,0,1,1,1,1,0,2,1,0,8,11,13,1
10,20,0,1,1,4,3,0,1,1,1,1,1,7,0,1,0,6,3,8,1
13,20,0,0,1,0,3,0,0,0,1,1,1,5,2,3,0,6,7,13,0
3,15,4,0,1,0,3,0,0,12,1,1,1,7,0,1,0,5,6,6,1
1,18,4,0,1,4,3,0,1,11,1,1,1,0,0,1,0,2,6,8,0
11,21,4,0,1,0,3,0,0,0,1,1,1,0,2,1,0,4,3,14,1
0,15,4,1,1,0,3,0,0,2,1,1,1,0,0,1,0,4,6,2,1
7,20,4,1,1,0,3,0,0,2,1,1,1,0,0,1,0,6,6,11,1
2,18,4,0,1,0,3,0,0,2,1,1,1,1,0,0,5,0,0,0,1
6,20,4,1,1,0,3,0,0,2,1,1,1,0,0,1,2,0,0,0,1
1,15,4,0,1,0,3,0,0,2,1,1,1,7,0,0,5,0,0,0,1
13,21,0,0,1,0,3,1,0,0,1,1,1,0,2,1,0,6,3,13,1
3,19,4,0,1,0,3,1,0,2,1,1,1,0,0,1,0,6,3,8,1
6,20,4,1,1,4,3,0,1,12,1,1,1,5,0,2,5,0,0,0,0
8,20,0,1,1,0,3,1,0,2,1,1,1,0,0,1,0,6,3,11,1
10,8,3,0,1,4,3,0,1,2,1,1,1,7,0,1,0,6,4,3,1
12,14,0,0,1,4,3,0,1,0,1,1,1,7,2,1,0,5,7,8,1
6,13,4,0,0,0,3,1,0,2,1,1,0,8,0,1,5,0,0,0,1
15,20,0,0,1,4,3,0,1,0,1,1,1,1,2,1,0,9,4,13,1
2,19,4,0,1,0,3,0,0,2,1,1,1,1,0,1,0,6,8,7,0
15,19,0,0,1,0,3,3,0,0,1,1,1,0,2,1,0,6,6,6,1
10,16,4,0,1,0,3,0,0,15,1,1,1,5,0,0,5,0,0,0,1
7,18,4,0,1,0,3,0,0,2,1,1,1,8,0,1,0,6,10,13,1
13,14,0,1,0,0,3,0,0,0,1,1,0,0,2,1,5,1,0,1,1
12,18,4,0,1,0,3,3,0,0,1,1,1,0,2,1,0,6,2,13,1
5,17,4,0,1,0,3,0,0,2,1,1,1,7,0,6,2,2,0,2,1
8,20,4,1,1,0,3,0,0,0,1,1,1,0,0,4,0,8,4,11,0
9,18,0,1,1,0,3,0,0,0,1,1,1,7,0,1,0,7,10,9,1
6,18,4,0,1,0,3,0,0,7,1,1,1,1,0,1,0,3,3,6,1
6,15,4,0,1,0,3,3,0,14,1,1,1,0,0,1,0,6,0,10,0
0,17,4,0,1,0,2,0,0,10,1,1,1,0,0,0,5,0,0,0,0
14,16,2,1,1,0,3,1,0,12,1,1,1,0,2,0,5,0,0,5,0
2,15,4,0,1,0,3,0,0,15,1,1,1,0,0,0,5,0,0,0,0
15,20,0,1,1,0,3,0,0,0,1,1,1,0,2,1,0,6,8,12,1
2,15,4,1,1,0,3,1,0,2,1,1,1,0,0,1,0,2,3,2,1
2,15,4,1,0,0,3,0,0,9,1,1,1,0,0,1,0,7,6,2,1
15,15,0,1,1,4,3,0,1,1,1,1,1,5,2,1,0,4,3,6,1
0,13,4,0,1,0,3,0,0,15,1,1,1,7,0,0,5,0,0,0,1
7,20,4,0,1,0,3,0,0,0,1,1,1,0,0,1,0,7,6,12,0
8,20,0,1,1,0,3,0,0,1,1,1,1,0,0,3,0,6,8,11,0
5,17,4,0,1,0,3,0,0,15,1,1,1,0,0,4,5,1,0,1,0
14,21,0,0,1,0,3,0,0,0,1,1,1,0,2,6,0,6,0,11,0
9,21,0,1,1,0,3,2,0,0,1,1,1,0,0,0,5,0,0,0,1
14,23,2,1,1,0,3,0,0,0,1,1,1,0,2,3,0,6,8,14,1
10,18,4,1,1,4,3,0,1,0,1,1,1,5,0,1,0,6,11,9,0
1,17,4,0,1,0,0,0,0,16,1,1,1,0,0,5,3,9,5,9,1
13,0,0,1,1,4,3,3,1,1,1,1,1,7,2,0,5,0,0,7,1
3,15,4,0,1,0,3,0,0,2,1,1,1,0,0,1,2,6,0,2,1
4,20,4,1,0,0,3,0,0,2,1,1,1,0,0,1,0,4,6,3,1
1,17,4,0,1,0,0,1,0,16,1,1,1,0,0,5,3,9,1,1,0
3,14,4,1,1,0,3,0,0,2,1,1,1,0,0,1,0,2,1,5,1
6,15,4,1,1,0,3,3,0,0,1,1,1,7,0,1,0,4,11,4,1
13,20,4,0,1,4,3,0,1,2,1,1,1,5,2,1,0,6,3,6,1
3,20,0,1,1,0,3,0,0,1,1,1,1,7,0,1,0,6,6,11,1
15,20,0,1,1,0,3,1,0,0,1,1,1,0,2,1,0,7,0,12,1
12,21,4,1,1,0,3,1,0,0,1,1,1,0,2,2,0,6,4,10,1
5,21,4,1,1,4,3,1,1,14,1,1,1,0,0,1,0,2,2,4,1
2,18,4,1,1,0,3,3,0,4,1,1,1,0,0,0,5,0,0,0,1
5,20,4,1,1,0,3,0,0,0,1,1,1,5,0,6,0,1,10,1,0
1,17,1,1,1,0,0,0,0,0,1,1,1,3,0,5,3,9,2,9,0
1,18,4,1,1,0,3,1,0,2,1,1,1,0,0,1,0,1,2,2,1
7,21,0,1,1,0,3,1,0,1,1,1,1,0,0,2,0,6,2,14,0
2,15,4,1,1,0,3,0,0,16,1,1,1,0,0,0,5,0,0,3,0
10,15,0,0,1,0,3,3,0,1,1,1,1,0,0,1,0,6,4,8,0
0,18,4,1,1,3,3,0,1,5,1,1,1,5,0,1,2,1,0,3,1
0,18,4,0,0,0,3,3,0,2,0,1,1,7,0,1,0,2,8,5,1
4,15,4,0,1,0,3,0,0,15,1,1,1,7,0,0,5,0,0,0,0
9,20,0,1,1,0,3,0,0,2,1,1,1,0,0,1,5,2,0,4,0
5,20,4,1,1,0,3,1,0,2,1,1,1,5,0,1,0,6,6,10,0
9,15,4,1,1,3,3,0,1,0,1,1,1,8,0,1,0,6,6,4,1
1,14,4,0,1,4,3,0,1,2,1,1,1,7,0,0,5,0,0,0,1
4,15,4,0,1,0,3,0,0,15,1,1,1,0,0,0,5,0,0,0,1
0,15,4,1,1,0,3,3,0,2,1,1,1,8,0,1,5,2,0,5,1
5,19,4,0,1,0,3,1,0,2,1,1,1,8,0,1,0,3,2,3,1
15,21,0,0,1,3,3,0,1,0,1,1,1,0,2,4,0,9,8,12,1
5,18,4,1,1,0,3,0,0,2,1,1,1,0,0,5,2,6,0,2,1
1,18,4,1,1,0,3,1,0,2,1,1,1,0,0,0,5,0,0,0,1
6,15,0,1,1,4,0,3,1,6,1,1,1,6,0,9,2,4,0,14,1
5,22,4,1,1,0,3,0,0,0,1,1,1,7,0,1,0,6,2,8,0
3,18,4,0,1,0,3,3,0,2,1,1,1,0,0,1,0,6,10,3,1
5,12,4,0,1,4,3,0,1,0,1,1,1,5,0,1,0,6,11,12,0
11,20,0,1,1,0,3,0,0,0,1,1,1,0,2,1,0,6,10,13,1
2,15,4,0,1,4,3,0,1,9,1,1,1,0,0,1,0,4,6,5,1
2,19,4,1,1,0,3,3,0,11,1,1,1,0,0,0,5,0,0,0,1
10,19,0,1,1,0,3,1,0,0,1,1,1,0,0,4,0,6,4,10,1
8,20,4,0,1,0,3,0,0,11,1,1,1,0,0,1,0,7,2,14,1
6,13,4,1,1,0,3,0,0,2,1,1,1,7,0,1,5,0,0,0,1
1,17,4,0,1,0,0,1,0,16,1,1,1,0,0,5,3,7,1,5,1
6,18,4,0,1,0,3,0,0,2,1,1,1,0,0,1,0,1,4,4,1
2,18,4,1,1,0,3,2,0,0,1,1,1,0,0,2,0,3,1,1,1
10,20,4,1,1,0,3,0,0,2,1,1,1,5,0,1,0,6,11,3,0
15,22,0,1,1,4,3,0,1,1,1,1,1,5,2,1,0,3,9,14,1
9,18,0,0,1,4,3,0,1,1,1,1,1,0,0,1,5,6,0,6,1
3,18,4,1,1,0,3,0,0,0,1,1,1,0,0,1,0,6,1,9,1
2,18,4,1,1,0,3,3,0,11,1,1,1,5,0,1,2,4,0,5,1
5,10,4,1,1,2,3,3,1,2,1,1,1,0,0,4,0,1,4,3,1
5,20,4,0,1,0,3,1,0,2,1,1,1,8,0,1,0,6,6,9,1
1,17,4,1,1,0,3,0,0,0,1,1,1,1,0,3,2,3,0,2,1
14,11,4,0,1,4,3,0,1,0,1,1,1,7,2,1,0,9,1,14,1
7,18,4,0,1,0,3,1,0,2,1,1,1,0,0,1,0,6,4,9,1
2,19,4,1,1,0,3,0,0,2,1,1,1,5,0,1,0,4,4,7,1
11,19,0,1,1,0,3,0,0,1,1,1,1,0,2,7,1,4,0,6,1
0,17,4,1,1,0,3,0,0,2,1,1,1,0,0,0,5,0,0,0,1
13,23,0,0,1,2,3,3,0,1,1,1,1,0,2,7,0,4,11,14,1
1,18,4,1,1,0,3,1,0,2,1,1,1,0,0,1,0,6,2,8,1
12,20,4,0,1,0,3,0,0,0,1,1,1,8,2,6,1,6,0,13,1
13,13,4,1,1,0,3,0,0,0,1,1,1,1,2,6,0,4,9,7,1
0,18,4,1,1,0,3,0,0,10,1,1,1,0,0,1,0,5,3,3,1
13,21,4,0,1,3,3,0,1,0,1,1,1,5,2,1,0,6,2,14,1
10,15,0,1,1,0,3,3,0,8,1,1,1,7,0,1,5,0,0,0,1
7,20,4,0,1,0,3,1,0,5,1,1,1,5,0,2,0,1,2,4,1
3,20,4,1,1,0,3,0,0,0,1,1,1,7,0,1,0,4,3,4,1
7,20,4,0,1,0,3,0,0,11,1,1,1,0,0,4,0,6,10,12,0
0,18,4,1,1,0,3,0,0,16,1,1,1,7,0,0,5,0,0,0,1
5,18,4,1,1,0,3,1,0,12,1,1,1,0,0,6,2,1,0,1,0
7,16,4,0,1,0,3,1,0,0,1,1,1,0,0,1,0,6,6,10,1
12,15,4,1,0,2,3,0,0,12,0,0,0,0,2,1,0,6,10,9,1
12,21,0,0,1,0,3,3,0,1,1,1,1,0,2,2,0,9,10,14,1
0,15,4,1,1,0,3,3,0,2,1,1,1,8,0,1,0,2,1,3,1
15,18,0,0,1,0,3,0,0,2,1,1,1,0,2,1,0,6,8,10,1
9,15,4,0,1,0,3,0,0,2,1,1,1,1,0,1,0,6,6,11,0
6,20,4,0,1,0,3,0,0,11,1,1,1,0,0,1,0,6,0,11,1
8,17,4,0,0,0,3,3,0,3,1,1,0,1,0,0,5,0,0,0,1
11,18,0,0,1,0,3,0,0,0,1,1,1,7,2,1,0,6,1,11,0
6,20,0,1,1,0,3,1,0,1,1,1,1,0,0,1,0,5,10,12,1
11,15,2,0,0,0,1,1,0,0,1,0,1,0,2,1,0,6,6,2,1
5,20,4,0,1,0,3,3,0,0,1,1,1,0,0,1,0,6,5,9,0
12,20,4,0,1,0,3,0,0,0,1,1,1,0,2,1,2,6,0,10,1
0,13,4,1,1,4,3,3,1,10,1,1,1,8,0,6,0,1,6,3,1
7,20,0,0,1,4,3,0,1,1,1,1,1,5,0,1,0,5,3,10,1
3,20,4,0,1,0,3,1,0,11,1,1,1,0,0,1,0,7,6,11,0
2,17,4,1,1,0,3,1,0,2,1,1,1,0,0,1,0,2,5,6,1
10,18,4,0,1,0,3,3,0,0,1,1,1,0,0,1,0,4,2,8,1
13,14,4,0,0,0,3,0,0,15,1,1,0,0,2,0,5,0,0,1,1
10,15,4,0,1,0,3,3,0,2,1,1,1,0,0,1,0,7,3,9,1
1,14,4,1,1,0,3,3,0,2,1,1,1,0,0,1,0,6,5,7,1
1,18,4,1,1,0,3,0,0,2,1,1,1,0,0,1,5,1,0,2,1
5,20,4,0,1,0,3,1,0,2,1,1,1,1,0,6,5,0,0,0,1
9,14,4,0,1,0,3,3,0,2,1,1,1,0,0,1,0,5,0,3,1
5,15,4,1,1,3,3,0,1,2,1,1,1,5,0,1,0,3,2,3,1
2,15,4,0,0,0,3,0,0,2,1,1,0,0,0,0,5,0,0,4,1
2,18,0,1,1,0,3,0,0,8,1,1,1,0,0,4,5,1,0,1,1
4,18,4,1,1,0,3,0,0,2,1,1,1,0,0,1,0,6,10,11,1
5,20,4,1,1,0,3,1,0,0,1,1,1,8,0,5,5,6,0,2,1
15,20,4,1,0,0,3,0,0,0,1,1,0,1,2,3,2,3,0,3,1
15,10,4,1,1,4,3,3,1,7,1,1,1,0,2,4,0,6,3,3,1
14,15,0,0,1,4,3,0,1,0,1,1,1,7,2,1,0,6,6,9,1
10,19,4,1,1,0,3,0,0,2,1,1,1,0,0,0,5,0,0,0,1
1,15,4,0,0,0,3,0,0,2,0,1,0,6,0,0,5,0,0,3,1
0,18,4,0,1,0,3,0,0,2,1,1,1,5,0,1,0,4,6,6,1
1,17,4,0,1,0,3,0,0,2,1,1,1,0,0,0,5,0,0,0,1
12,21,0,1,1,3,3,0,1,1,1,1,1,5,2,1,0,6,2,14,1
1,18,4,1,1,0,3,3,0,2,1,1,1,0,0,1,0,3,5,6,1
4,17,4,1,1,0,3,1,0,0,1,1,1,0,0,1,0,2,2,5,1
9,7,4,1,0,0,3,0,0,11,1,1,0,7,0,3,0,5,3,7,1
13,21,0,1,1,2,3,1,0,1,1,1,1,0,2,7,0,9,3,14,1
2,15,4,1,1,0,3,3,0,4,1,1,1,7,0,0,5,0,0,0,1
4,20,4,1,1,0,3,1,0,2,1,1,1,0,0,1,0,1,8,6,0
3,15,4,1,1,0,3,1,0,0,1,1,1,7,0,1,0,6,4,5,1
14,18,4,1,1,3,3,0,1,2,1,1,1,0,2,1,0,2,2,4,1
10,0,4,1,1,0,3,1,0,2,1,1,1,0,0,1,0,6,4,6,1
13,19,0,1,1,4,3,0,1,1,1,1,1,5,2,0,5,0,0,0,1
3,18,4,0,1,0,3,1,0,11,1,1,1,5,0,1,0,6,2,10,1
6,21,0,1,1,0,3,0,0,0,1,1,1,0,0,2,0,6,5,12,1
4,19,0,1,1,0,3,1,0,0,1,1,1,0,0,1,5,0,0,0,0
15,18,4,0,1,0,3,0,0,2,1,1,1,0,2,1,0,3,1,4,1
2,15,4,0,1,4,3,0,1,2,1,1,1,0,0,1,0,6,3,6,1
10,18,4,1,1,0,3,3,0,12,1,1,1,0,0,1,0,7,3,10,1
12,20,4,1,1,0,3,3,0,0,1,1,1,7,2,2,0,6,11,13,1
7,18,4,1,1,0,3,0,0,0,1,1,1,0,0,2,0,8,3,10,1
6,20,4,1,1,4,3,0,1,4,1,1,1,5,0,1,0,4,6,4,1
10,21,4,1,1,0,3,2,0,5,1,1,1,0,0,1,0,6,6,10,1
6,20,4,1,1,0,3,1,0,2,1,1,1,0,0,4,0,5,11,5,1
5,15,4,0,1,0,3,0,0,2,1,1,1,0,0,1,0,6,7,10,0
0,12,4,0,1,0,3,0,0,16,1,1,1,7,0,0,5,0,0,0,1
7,18,4,1,1,0,3,0,0,2,1,1,1,0,0,1,0,4,6,6,1
7,18,4,0,1,0,3,0,0,2,1,1,1,0,0,1,0,8,4,10,1
14,18,0,1,1,0,3,0,0,1,1,1,1,1,2,5,2,0,0,9,1
8,4,2,0,1,4,1,1,1,11,1,1,1,7,0,3,0,7,5,10,1
9,20,4,1,1,0,3,1,0,0,1,1,1,0,0,3,0,1,4,4,1
9,15,4,0,1,0,3,0,0,2,1,1,1,0,0,1,0,5,4,7,1
11,15,4,0,1,0,3,1,0,5,1,1,1,8,0,6,2,6,0,4,1
4,18,4,0,1,0,3,0,0,2,1,1,1,7,0,1,0,9,10,9,1
0,17,4,1,1,0,3,0,0,2,1,1,1,7,0,1,2,2,0,2,1
10,20,0,0,1,0,3,3,0,1,1,1,1,0,0,7,0,8,10,13,1
8,20,0,0,1,0,3,0,0,0,1,1,1,5,0,3,0,6,6,14,1
15,15,4,0,1,0,3,0,0,2,1,1,1,0,2,1,0,8,6,9,1
0,18,4,0,1,0,3,0,0,9,1,1,1,0,0,1,2,6,0,0,1
0,15,4,1,1,0,3,0,0,2,1,1,1,7,0,0,5,0,0,0,1
5,15,4,0,1,0,3,0,0,7,1,1,1,0,0,1,0,6,2,3,1
14,15,4,0,1,0,3,0,0,0,1,1,1,7,2,1,0,6,8,11,1
15,19,0,0,1,0,3,0,0,0,1,1,1,7,2,1,0,9,8,12,1
1,18,4,0,1,0,3,0,0,15,1,1,1,1,0,0,5,0,0,0,1
1,18,4,1,1,4,3,0,1,0,1,1,1,0,0,0,5,0,0,0,0
13,21,0,0,1,0,3,1,0,0,1,1,1,0,2,1,0,6,3,14,1
5,18,4,0,1,0,3,0,0,2,1,1,1,8,0,1,5,0,0,0,1
6,20,0,1,1,3,3,0,1,0,1,1,1,0,0,1,5,0,0,0,1
11,15,0,1,1,0,3,0,0,0,1,1,1,0,2,1,0,3,4,5,1
5,18,4,0,1,0,3,3,0,2,1,1,1,0,0,1,0,6,1,8,1
1,18,4,1,1,4,3,0,1,11,1,1,1,0,0,0,5,0,0,0,0
1,17,4,1,1,4,3,3,1,2,1,1,1,0,0,1,0,5,9,6,1
7,18,0,1,1,0,3,0,0,0,1,1,1,0,0,5,5,6,0,3,1
12,21,4,1,1,0,3,0,0,0,1,1,1,5,2,1,5,0,0,0,1
13,15,0,1,1,4,3,3,1,1,1,1,1,0,2,1,0,6,10,10,1
5,18,4,1,1,0,3,1,0,10,1,1,1,8,0,1,0,6,10,11,1
3,13,4,0,1,0,3,0,0,11,1,1,1,8,0,1,0,6,4,5,1
3,4,4,0,0,4,3,0,1,7,1,0,0,7,0,3,0,6,2,4,1
3,18,4,1,1,0,3,3,0,11,1,1,1,7,0,6,0,2,2,5,0
13,19,4,0,1,0,3,0,0,2,1,1,1,0,2,1,0,2,6,5,1
12,18,0,0,1,0,3,0,0,0,1,1,1,7,2,1,0,6,3,10,1
0,17,4,1,0,0,3,3,0,16,1,1,0,0,0,3,5,1,0,1,0
9,18,0,0,1,0,3,0,0,0,1,1,1,0,0,1,0,6,3,5,0
12,18,0,0,1,0,3,0,0,0,1,1,1,8,2,1,0,6,3,9,0
10,19,4,1,1,0,3,1,0,12,1,1,1,8,0,1,0,6,1,9,1
5,18,4,0,1,0,3,1,0,11,1,1,1,8,0,1,0,6,1,9,0
9,20,4,0,1,0,3,0,0,2,1,1,1,5,0,1,0,5,0,6,0
5,18,4,1,1,0,3,0,0,2,1,1,1,0,0,1,0,6,6,11,1
12,15,0,0,1,0,3,1,0,1,1,1,1,0,2,1,0,6,3,12,1
10,14,0,0,1,4,3,0,1,0,1,1,1,0,0,1,0,5,3,6,1
9,15,4,0,1,0,3,0,0,2,1,1,1,7,0,1,0,6,6,9,1
12,15,4,1,1,4,3,0,1,14,1,1,1,0,2,7,0,6,10,9,1
14,15,4,1,1,0,3,0,0,2,1,1,1,0,2,1,0,6,6,4,1
5,20,4,1,1,0,3,1,0,2,1,1,1,0,0,1,0,5,3,8,1
13,18,0,0,1,0,3,0,0,1,1,1,1,0,2,0,5,0,0,4,1
6,20,4,1,1,0,3,1,0,0,1,1,1,0,0,3,0,6,2,13,1
13,15,4,0,1,4,3,0,1,2,1,1,1,0,2,1,0,6,2,5,1
12,18,0,1,1,0,3,1,0,1,1,1,1,8,2,1,5,0,0,0,1
6,20,4,1,1,0,3,0,0,14,1,1,1,0,0,1,0,6,6,14,1
5,20,4,0,1,0,3,0,0,2,1,1,1,7,0,0,5,0,0,0,1
8,17,0,0,1,4,3,0,1,8,1,1,1,5,0,1,0,7,4,11,1
14,18,4,0,1,4,3,0,1,2,1,1,1,0,2,1,0,6,6,11,1
9,20,4,0,1,0,3,3,0,0,1,1,1,5,0,1,0,6,0,13,1
6,20,0,1,1,4,3,0,1,0,1,1,1,0,0,1,5,0,0,0,0
2,15,4,0,1,4,3,0,1,2,1,1,1,5,0,1,0,2,1,3,1
11,15,0,0,1,0,1,1,0,0,1,1,1,8,2,1,0,8,6,8,0
9,20,4,0,1,0,3,0,0,4,1,1,1,5,0,1,0,6,8,12,1
1,18,4,0,1,0,3,0,0,2,1,1,1,0,0,1,0,6,4,8,1
10,13,4,0,1,0,3,0,0,15,1,1,1,1,0,1,5,0,0,0,1
15,17,0,1,1,0,3,0,0,0,1,1,1,0,2,0,5,0,0,0,1
0,17,4,0,1,0,3,0,0,7,1,1,1,8,0,1,5,2,0,1,1
4,20,4,0,1,0,3,0,0,2,1,1,1,5,0,6,5,0,0,0,1
12,3,4,1,1,3,3,3,1,12,1,1,1,7,2,6,0,5,5,7,0
7,15,4,0,1,0,3,1,0,2,1,1,1,0,0,9,2,0,0,0,1
4,15,4,0,1,0,3,0,0,2,1,1,1,0,0,1,0,3,4,2,1
12,19,0,1,1,0,3,0,0,0,1,1,1,0,2,2,0,9,6,10,1
1,18,4,1,1,0,3,3,0,2,1,1,1,0,0,0,5,0,0,0,1
12,18,4,1,1,0,3,3,0,2,1,1,1,0,2,6,0,1,8,3,1
11,21,0,1,1,3,3,0,1,2,1,1,1,5,2,2,0,6,10,13,1
6,18,0,1,1,3,3,3,1,2,1,1,1,5,0,1,5,0,0,0,1
6,18,4,1,1,0,3,0,0,11,1,1,1,0,0,1,0,1,2,2,1
12,18,0,0,1,0,3,0,0,1,1,1,1,0,2,7,1,4,0,9,1
14,15,4,0,0,0,3,3,0,2,1,1,1,0,2,1,0,8,6,10,1
12,11,0,0,0,0,3,1,0,2,0,1,1,0,2,1,0,2,8,1,1
12,14,4,0,0,0,3,0,0,3,0,1,0,2,2,1,4,6,7,6,0
11,15,4,0,1,0,3,1,0,15,1,1,1,1,0,2,5,3,0,4,0
1,18,4,0,1,4,3,0,1,0,1,1,1,0,0,1,0,1,3,4,0
0,16,4,0,1,0,3,0,0,11,1,1,1,0,0,1,0,6,6,3,0
0,15,4,0,1,4,3,0,1,11,1,1,1,5,0,1,0,1,8,2,0
2,15,4,0,1,0,3,0,0,2,1,1,1,0,0,1,0,9,1,8,0
15,18,0,0,1,0,3,0,0,0,1,1,1,1,2,4,0,6,4,10,1
3,19,4,0,1,0,3,3,0,2,1,1,1,7,0,1,0,6,5,4,1
11,15,4,0,1,4,3,0,1,2,1,1,1,5,2,1,0,6,11,6,1
5,18,4,1,1,0,3,1,0,11,1,1,1,0,0,1,0,6,2,4,1
14,20,0,1,1,0,3,0,0,0,1,1,1,1,2,6,5,0,0,0,1
8,21,4,0,1,4,3,0,1,16,1,1,1,5,0,2,5,2,0,3,1
11,17,0,1,1,0,3,0,0,1,1,1,1,0,2,1,0,3,3,4,1
11,15,4,1,1,0,3,0,0,16,1,1,1,2,0,6,0,4,5,1,1
12,15,4,1,1,0,3,0,0,12,1,1,1,0,2,1,1,6,0,10,1
9,17,0,1,1,0,3,1,0,1,1,1,1,0,0,1,0,3,6,5,0
11,20,4,0,1,0,3,3,0,14,1,1,1,0,2,7,0,6,0,9,0
9,18,4,1,1,4,3,3,1,2,1,1,1,0,0,3,0,6,6,6,1
10,18,4,0,1,3,3,0,1,15,1,1,1,5,0,0,5,0,0,0,0
7,20,4,1,1,0,3,1,0,7,1,1,1,8,0,1,0,3,4,9,0
10,15,4,1,1,0,3,3,0,0,1,1,1,0,0,1,0,6,8,8,1
14,21,4,0,1,4,3,0,1,0,1,1,1,5,2,1,0,6,10,14,1
9,21,4,0,1,0,3,0,0,2,1,1,1,1,0,1,0,6,3,13,1
14,17,4,1,0,0,3,0,0,0,1,1,0,0,2,0,5,0,0,0,1
5,18,4,0,1,0,3,3,0,2,1,1,1,0,0,2,0,3,2,3,1
7,16,4,0,1,0,3,0,0,11,1,1,1,0,0,1,0,7,1,5,0
13,20,0,0,1,0,3,0,0,0,1,1,1,5,2,1,0,6,3,14,1
9,20,4,1,1,0,3,0,0,2,1,1,1,0,0,1,0,6,3,9,1
13,20,0,0,1,3,3,0,1,0,1,1,1,5,2,3,0,6,3,13,1
1,18,4,1,1,3,3,0,1,2,1,1,1,0,0,1,5,6,0,5,1
9,20,0,0,1,0,3,0,0,2,1,1,1,0,0,1,0,7,0,11,1
7,15,4,0,1,0,3,0,0,2,1,1,1,7,0,1,0,5,2,6,1
0,15,4,1,1,0,3,3,0,2,1,1,1,8,0,1,0,3,8,6,1
9,15,4,0,1,0,3,0,0,2,1,1,1,0,0,1,5,0,0,0,1
4,20,4,1,1,0,3,3,0,2,1,1,1,3,0,2,0,7,10,9,1
12,3,0,0,0,3,1,3,1,14,0,1,1,7,2,1,0,6,8,7,0
4,15,4,1,1,0,3,0,0,2,1,1,1,7,0,1,0,3,1,4,1
11,11,4,0,0,0,3,0,0,15,0,1,1,0,2,0,5,0,0,0,1
13,21,0,1,1,0,3,1,0,0,1,1,1,8,2,6,0,1,9,7,0
7,19,4,1,1,0,3,0,0,2,1,1,1,0,0,1,0,5,0,9,1
12,13,4,0,1,0,3,0,0,15,1,1,1,1,2,0,5,0,0,0,1
1,18,4,1,1,0,3,1,0,2,1,1,1,0,0,1,2,0,0,0,1
11,20,4,1,1,0,3,0,0,2,1,1,1,7,2,3,0,3,6,6,1
2,18,4,0,1,0,3,0,0,0,1,1,1,0,0,1,0,6,6,6,1
9,20,4,1,1,0,3,0,0,2,1,1,1,0,0,1,0,6,3,6,1
13,20,4,1,1,0,3,0,0,2,1,1,1,5,2,2,0,9,6,10,1
4,15,4,0,1,0,3,0,0,2,1,1,1,7,0,0,5,0,0,0,1
0,15,4,1,1,0,3,1,0,2,1,1,1,8,0,4,0,4,1,5,1
9,20,4,0,1,0,3,0,0,0,1,1,1,5,0,1,0,8,3,14,1
1,15,4,0,1,0,3,0,0,2,1,1,1,7,0,1,0,6,5,5,1
9,18,4,1,1,3,3,0,1,0,1,1,1,7,0,3,0,6,7,7,1
8,20,4,0,1,0,3,0,0,5,1,1,1,0,0,1,0,8,2,10,1
1,15,4,0,1,0,3,3,0,2,1,1,1,0,0,1,0,2,9,2,1
10,20,2,1,1,0,3,1,0,1,1,1,1,0,0,3,0,3,8,6,1
9,16,4,0,1,4,3,1,1,0,1,1,1,0,0,1,0,6,10,13,1
8,15,0,0,1,0,3,3,0,0,1,1,1,0,0,1,1,6,0,9,1
6,18,4,0,1,0,3,1,0,2,1,1,1,0,0,1,0,6,4,9,1
3,15,4,1,1,0,3,0,0,2,1,1,1,0,0,1,0,6,4,6,1
14,20,4,0,1,0,3,0,0,0,1,1,1,5,2,2,0,6,4,14,1
0,17,4,1,1,0,3,0,0,16,1,1,1,7,0,1,5,0,0,0,0
12,17,0,0,1,4,3,3,1,8,1,1,1,0,2,1,0,6,6,8,1
4,15,4,0,1,0,3,1,0,2,1,1,1,8,0,1,0,6,8,9,1
10,13,0,0,1,4,3,0,1,0,1,1,1,0,0,1,0,6,6,13,1
9,15,0,1,1,0,3,0,0,1,1,1,1,0,0,1,0,6,3,7,0
10,15,0,1,1,0,3,0,0,1,1,1,1,0,0,7,2,0,0,0,0
13,18,0,0,1,0,3,1,0,0,1,1,1,0,2,1,0,7,5,10,0
9,16,4,1,1,0,3,0,0,0,1,1,1,7,0,1,0,7,11,8,1
9,18,0,1,1,4,3,0,1,0,1,1,1,7,0,4,0,6,10,10,0
7,17,4,1,1,0,3,0,0,2,1,1,1,0,0,1,5,0,0,0,1
5,15,4,0,1,0,3,3,0,0,1,1,1,7,0,1,5,6,0,8,0
10,18,4,1,1,0,3,0,0,2,1,1,1,1,0,1,0,4,3,7,1
11,22,0,1,1,0,3,0,0,1,1,1,1,0,2,1,0,9,8,11,1
12,15,4,0,1,0,3,0,0,11,1,1,1,0,2,1,0,6,6,11,1
15,15,0,0,1,3,3,0,1,0,1,1,1,5,2,1,0,6,6,10,1
14,15,0,1,1,4,3,0,1,1,1,1,1,0,2,1,0,6,5,4,0
6,13,4,0,1,0,3,0,0,2,1,1,1,1,0,9,2,0,0,0,1
7,21,0,1,1,0,3,2,0,1,1,1,1,0,0,1,0,6,3,10,0
9,20,4,1,1,0,3,0,0,16,1,1,1,1,0,1,5,8,0,7,0
1,19,4,0,1,0,3,0,0,15,1,1,1,0,0,1,5,5,0,2,1
4,18,4,0,1,0,3,1,0,4,1,1,1,0,0,1,0,6,3,7,1
12,21,4,0,1,0,3,1,0,0,1,1,1,8,2,1,0,8,6,14,1
6,19,4,1,1,0,3,0,0,14,1,1,1,0,0,1,0,4,6,10,1
14,17,4,1,1,0,3,0,0,2,1,1,1,7,2,1,0,6,3,8,1
11,20,4,0,1,0,3,0,0,11,1,1,1,7,2,3,0,8,5,12,0
9,21,4,1,1,0,3,3,0,11,1,1,1,8,0,8,5,6,0,5,0
9,17,0,1,1,4,3,0,1,1,1,1,1,5,0,1,0,6,3,13,1
13,19,0,1,1,3,3,0,1,8,1,1,0,7,1,6,1,8,0,12,1
10,22,4,0,1,0,3,1,0,15,1,1,1,0,0,1,5,6,0,14,0
0,15,4,1,1,0,3,3,0,2,1,1,1,0,0,1,0,4,2,5,1
3,18,4,1,1,3,3,0,1,0,1,1,1,0,0,1,5,0,0,0,1
13,18,0,0,1,0,3,3,0,1,1,1,1,7,2,3,0,9,7,12,1
12,16,4,0,1,0,3,1,0,0,1,1,1,0,2,1,0,6,3,10,0
15,20,0,1,1,3,3,0,1,1,1,1,1,0,2,1,0,6,8,12,1
15,20,4,0,1,0,3,0,0,0,1,1,1,0,2,1,0,6,10,10,1
10,18,0,1,1,0,3,0,0,1,1,1,1,7,0,1,0,6,1,10,1
5,15,4,0,1,0,3,0,0,2,1,1,1,7,0,1,0,6,4,2,1
13,18,4,0,1,3,3,0,1,2,1,1,1,5,2,6,0,2,6,4,1
2,15,4,1,1,0,3,0,0,14,1,1,1,5,0,1,0,2,3,2,0
15,14,0,0,1,4,3,0,1,15,1,1,1,7,2,0,5,0,0,0,1
2,15,4,1,1,0,3,0,0,2,1,1,1,0,0,1,0,4,3,6,1
5,15,4,1,1,0,3,0,0,2,1,1,1,7,0,1,0,6,3,5,0
15,20,0,1,1,0,3,1,0,0,1,1,1,0,2,4,0,8,3,12,1
9,20,4,1,1,0,3,0,0,11,1,1,1,0,0,6,0,6,6,10,0
6,18,0,1,1,0,3,1,0,0,1,1,1,0,0,0,5,0,0,0,1
14,20,4,0,1,0,3,1,0,11,1,1,1,0,2,2,0,6,0,11,0
9,20,4,1,1,0,3,3,0,14,1,1,1,0,0,1,5,6,0,7,0
5,18,0,0,1,2,3,0,1,0,1,1,1,5,0,6,0,1,4,3,0
6,18,0,1,1,0,3,0,0,2,1,1,1,0,0,1,0,8,11,6,1
5,15,4,0,1,4,3,0,1,2,1,1,1,7,0,1,2,6,0,3,1
11,15,0,0,1,0,3,0,0,0,1,1,1,0,2,1,0,8,6,6,1
11,20,4,0,1,0,3,3,0,2,1,1,1,0,2,3,0,6,4,10,1
0,18,4,1,1,0,3,0,0,2,1,1,1,0,0,3,0,3,4,3,1
3,18,4,0,1,0,3,3,0,14,1,1,1,0,0,1,0,5,8,9,1
12,20,0,0,1,0,3,0,0,1,1,1,1,5,2,1,2,0,0,0,1
3,18,4,1,1,0,3,0,0,2,1,1,1,7,0,1,0,2,2,5,1
11,17,4,0,0,0,3,1,0,0,1,1,0,0,2,1,0,6,2,6,0
13,18,4,0,1,0,3,0,0,0,1,1,1,1,2,1,0,8,6,11,1
13,18,4,1,1,0,3,0,0,12,1,1,1,0,2,1,0,7,7,10,1
3,18,4,1,1,0,3,0,0,11,1,1,1,5,0,1,0,3,3,3,1
6,18,4,0,1,0,3,3,0,9,1,1,1,0,0,1,0,6,2,10,1
15,22,0,0,1,3,3,3,1,1,1,1,1,5,2,1,0,6,9,14,1
13,23,0,1,1,3,3,0,1,0,1,1,1,0,2,1,0,8,6,14,1
7,20,4,1,1,4,3,0,1,2,1,1,1,5,0,2,0,6,3,12,1
6,19,4,0,1,0,3,3,0,2,1,1,1,0,0,1,0,6,0,9,1
5,15,4,0,1,0,3,0,0,2,1,1,1,0,0,1,0,3,6,3,1
9,18,0,1,1,4,3,0,1,1,1,1,1,0,0,1,0,6,8,8,1
6,20,4,1,1,0,3,1,0,12,1,1,1,0,0,1,0,7,4,12,1
12,2,0,0,0,2,3,1,0,3,0,0,0,2,0,1,0,5,10,4,1
9,20,4,1,1,0,3,0,0,12,1,1,1,0,0,1,5,0,0,0,1
2,15,4,0,1,0,3,0,0,12,1,1,1,7,0,1,0,6,3,12,1
13,0,4,1,1,0,3,0,0,9,1,1,1,7,2,1,1,6,0,9,1
15,21,0,0,1,4,3,0,1,1,1,1,1,5,2,0,5,0,0,0,0
13,0,4,1,1,4,3,1,1,12,1,1,1,8,2,6,0,2,3,6,1
4,12,1,1,1,0,0,0,0,0,1,1,1,3,0,5,3,9,2,9,0
11,15,4,0,1,0,3,0,0,16,1,1,1,2,0,6,0,6,5,3,1
4,17,4,0,0,0,3,1,0,9,1,1,0,8,0,1,2,2,0,4,0
8,15,0,1,1,0,3,0,0,0,1,1,1,1,0,0,5,0,0,0,1
9,13,4,0,0,0,3,3,0,15,1,1,0,1,0,1,5,0,0,9,0
6,21,0,1,1,0,3,1,0,1,1,1,1,8,0,6,0,1,8,13,1
13,18,0,0,1,0,3,0,0,0,1,1,1,0,2,1,0,6,6,10,1
2,18,4,0,1,0,3,3,0,4,1,1,1,1,0,3,2,0,0,0,1
11,20,4,1,1,0,3,0,0,2,1,1,1,0,2,1,0,6,5,14,1
9,13,4,0,1,2,3,0,0,2,1,1,1,8,0,1,5,4,0,7,0
7,15,0,1,1,3,3,0,1,1,1,1,1,0,0,1,0,6,2,10,1
5,20,4,0,1,0,3,3,0,11,1,1,1,5,0,1,0,2,3,3,0
7,20,4,0,1,0,3,0,0,0,1,1,1,5,0,1,0,7,2,12,1
12,21,0,1,1,4,3,0,1,1,1,1,1,5,2,0,5,0,0,0,1
0,18,4,1,1,0,3,0,0,2,1,1,1,0,0,1,5,1,0,1,1
9,15,0,0,1,0,3,0,0,0,1,1,1,0,0,1,0,6,4,9,0
10,20,0,0,1,0,3,1,0,1,1,1,1,0,0,1,0,8,6,8,1
7,18,4,1,1,4,3,0,1,12,1,1,1,5,0,1,0,6,6,11,1
0,17,4,0,1,0,2,0,0,5,1,1,1,0,0,1,0,6,4,6,1
9,21,4,0,1,0,3,1,0,0,1,1,1,0,0,2,0,6,0,14,0
14,20,4,1,1,0,3,0,0,0,1,1,1,0,2,3,0,6,8,12,1
0,15,4,1,1,0,3,0,0,14,1,1,1,7,0,0,5,0,0,0,0
6,20,4,0,1,3,3,0,1,0,1,1,1,7,0,3,1,6,0,12,1
11,21,4,0,1,0,3,0,0,4,1,1,1,5,2,1,0,6,8,12,0
1,14,4,1,1,4,3,0,1,16,1,1,1,5,0,0,5,0,0,0,1
1,18,4,0,1,0,3,1,0,2,1,1,1,0,0,1,0,6,6,12,0
14,14,4,0,0,0,3,0,0,2,1,1,0,7,2,1,2,0,0,6,1
9,20,4,1,1,0,3,1,0,2,1,1,1,1,0,2,0,9,10,10,1
15,19,4,1,1,4,3,3,1,0,1,1,1,0,2,1,0,8,0,13,0
4,15,4,0,1,0,3,0,0,2,1,1,1,0,0,1,0,6,6,8,1
14,20,4,0,1,3,3,0,1,9,1,1,1,5,0,2,0,7,5,12,1
11,20,0,0,1,0,3,3,0,1,1,1,1,0,2,1,0,6,6,12,1
1,18,4,1,1,0,3,0,0,2,1,1,1,5,0,1,0,5,6,5,1
1,18,4,1,1,0,3,0,0,2,1,1,1,0,0,4,5,0,0,0,0
10,14,0,0,1,4,3,0,1,15,1,1,1,0,0,0,5,0,0,0,1
5,20,4,0,1,0,3,3,0,11,1,1,1,5,0,1,0,6,4,11,0
10,19,4,0,1,0,3,3,0,11,1,1,1,0,0,1,5,0,0,0,0
9,18,3,0,1,0,0,0,0,16,1,1,0,1,1,5,3,9,3,6,1
3,15,0,1,1,0,3,3,0,1,1,1,1,0,0,1,5,0,0,0,0
12,22,0,1,1,0,3,0,0,11,1,1,1,0,2,2,0,7,6,11,1
11,15,4,1,1,4,3,0,1,2,1,1,1,0,2,1,0,3,2,5,1
9,20,4,0,1,0,3,3,0,14,1,1,1,0,0,3,0,6,6,9,0
11,20,4,0,1,2,3,0,0,2,1,1,1,5,2,1,0,5,11,13,1
3,18,4,0,1,0,3,0,0,2,1,1,1,0,0,1,0,5,2,5,0
12,17,0,0,0,0,3,1,0,0,1,1,0,0,2,0,5,0,0,0,1
11,21,0,0,1,0,0,1,0,0,1,1,1,0,2,5,3,7,2,14,1
6,19,4,1,1,0,3,1,0,2,1,1,1,8,0,1,0,3,6,6,1
12,14,0,1,1,0,3,0,0,0,1,1,1,0,2,1,0,8,2,8,1
0,15,4,0,1,0,3,3,0,11,1,1,1,0,0,1,0,4,0,6,0
1,18,4,1,1,4,3,0,1,2,1,1,1,5,0,3,0,1,10,3,1
0,15,4,0,1,0,3,0,0,2,1,1,1,7,0,1,0,1,2,2,1
14,20,4,1,1,0,3,3,0,0,1,1,1,0,2,2,0,6,0,9,0
0,15,4,1,1,0,3,0,0,2,1,1,1,0,0,1,0,3,7,3,1
10,20,4,0,1,0,3,0,0,2,1,1,1,5,0,1,0,6,8,14,1
14,19,0,1,1,0,3,0,0,1,1,1,1,0,2,1,0,8,11,11,1
2,18,4,1,1,0,3,0,0,0,1,1,1,5,0,1,0,6,8,11,1
3,18,4,0,1,0,3,0,0,2,1,1,1,7,0,1,0,2,3,6,1
8,20,4,0,1,0,3,1,0,0,1,1,1,0,0,1,0,7,11,14,1
8,20,4,1,1,0,3,0,0,2,1,1,1,0,0,4,0,2,4,2,1
8,20,4,0,1,0,3,0,0,2,1,1,1,0,0,1,0,6,4,10,1
12,20,0,0,1,4,3,0,1,1,1,1,1,0,2,1,0,5,10,9,1
2,14,4,1,1,4,3,0,1,11,1,1,1,5,0,1,0,6,8,6,0
5,17,4,0,1,0,3,0,0,0,1,1,1,0,0,1,0,6,2,5,1
6,20,4,0,1,3,3,0,1,11,1,1,1,5,0,1,0,6,5,11,1
9,15,0,0,1,0,0,1,0,16,1,1,1,0,0,5,3,9,2,7,0
6,18,4,0,1,0,3,1,0,2,1,1,1,0,0,1,0,4,1,3,1
1,18,4,1,1,0,3,3,0,16,1,1,1,0,0,0,5,0,0,3,1
2,18,4,0,1,0,3,3,0,2,1,1,1,7,0,1,0,3,6,6,1
1,18,4,0,1,0,3,1,0,2,1,1,1,0,0,1,0,2,2,5,1
9,21,4,1,1,0,3,0,0,11,1,1,1,0,0,1,0,6,10,14,1
13,18,0,0,1,0,3,0,0,1,1,1,1,0,2,7,0,5,0,9,1
2,18,4,0,1,0,3,0,0,2,1,1,1,7,0,0,5,0,0,0,1
5,15,4,1,1,0,3,1,0,10,1,1,1,8,0,1,0,9,1,4,0
9,11,4,0,1,0,3,1,0,4,0,1,1,0,0,1,0,6,8,7,1
3,20,4,1,1,0,3,0,0,11,1,1,1,0,0,1,0,6,10,11,0
11,20,4,1,1,0,3,1,0,0,1,1,1,0,2,3,2,2,0,2,0
5,20,4,1,1,0,3,0,0,0,1,1,1,1,0,5,0,6,2,9,0
4,17,4,1,1,4,3,1,1,0,1,1,1,0,0,1,0,4,2,8,1
7,15,4,0,1,0,3,0,0,0,1,1,1,7,0,1,0,6,10,8,1
14,18,0,0,1,0,3,1,0,0,1,1,1,0,2,1,0,6,8,14,1
15,19,4,1,1,0,3,1,0,0,1,1,1,0,2,2,0,6,5,9,1
14,18,4,0,1,0,3,0,0,14,1,1,1,0,2,1,0,6,8,7,1
4,18,4,0,1,0,3,0,0,0,1,1,1,7,0,1,0,9,2,7,0
11,20,4,0,1,4,3,0,1,0,1,1,1,0,2,7,0,6,11,9,1
8,1,4,1,1,4,3,3,1,11,1,1,1,5,0,3,5,6,0,0,0
6,18,4,0,1,0,3,1,0,2,1,1,1,0,0,1,0,5,6,3,1
7,15,4,0,1,4,3,0,1,5,1,1,1,7,0,1,0,3,4,5,1
11,20,0,1,1,0,3,0,0,1,1,1,1,7,2,1,0,6,8,10,1
15,19,0,0,1,4,3,3,1,1,1,1,1,0,2,1,0,6,6,10,0
10,19,4,0,1,0,3,1,0,2,1,1,1,0,0,0,5,0,0,0,1
3,18,4,1,1,0,3,0,0,2,1,1,1,5,0,1,0,3,2,5,1
5,20,0,1,1,1,3,0,1,9,1,1,1,0,0,2,0,5,1,3,0
13,21,0,1,1,0,3,1,0,0,1,1,1,0,2,1,0,6,3,14,1
10,19,4,1,1,0,3,1,0,0,1,1,1,0,0,1,0,6,4,12,1
5,12,0,1,1,0,3,0,0,1,1,1,1,0,0,1,2,0,0,0,1
1,15,4,1,1,0,3,0,0,2,1,1,1,0,0,1,0,6,4,9,1
10,19,4,1,1,0,3,0,0,12,1,1,1,0,0,2,0,6,2,10,0
6,18,4,0,1,0,3,0,0,0,1,1,1,0,0,1,0,3,5,9,0
11,14,0,1,1,4,3,0,1,0,1,1,1,5,2,1,1,8,0,11,1
6,18,4,1,1,0,3,0,0,2,1,1,1,1,0,5,5,0,0,11,0
3,15,0,1,1,0,3,1,0,8,1,1,1,2,0,1,5,6,0,3,1
3,18,4,0,1,0,3,3,0,2,1,1,1,8,0,1,5,0,0,0,1
8,1,4,1,0,4,3,3,1,15,1,1,0,5,0,0,5,0,0,0,0
11,20,4,1,1,3,3,0,1,12,1,1,1,5,2,2,0,6,8,12,1
6,18,4,0,1,0,1,1,0,0,1,1,1,8,0,5,5,0,0,0,1
1,18,4,1,0,0,3,3,0,16,1,1,0,1,0,0,5,0,0,0,1
3,20,0,1,1,0,3,0,0,1,1,1,1,0,0,1,1,6,0,9,1
3,18,4,1,1,0,3,1,0,2,1,1,1,8,0,1,0,6,6,6,0
0,17,4,1,1,0,3,0,0,2,1,1,1,0,0,9,2,0,0,0,1
7,19,0,1,1,0,3,1,0,1,1,1,1,0,0,1,1,4,0,6,1
1,17,4,0,1,0,3,0,0,2,1,1,1,8,0,1,0,2,11,3,1
4,4,0,1,0,2,3,2,0,2,1,0,0,3,0,3,1,4,3,4,1
6,21,4,0,1,0,3,3,0,0,1,1,1,0,0,1,0,8,6,14,1
3,18,0,0,1,0,1,3,0,8,1,1,1,8,0,5,5,6,0,3,1
2,18,4,0,1,0,3,3,0,4,1,1,1,7,0,1,0,6,6,7,1
4,18,4,1,1,0,3,1,0,14,1,1,1,0,0,1,0,6,3,10,1
0,15,4,0,1,0,3,3,0,9,1,1,1,0,0,0,5,0,0,0,1
15,19,0,1,1,0,3,1,0,0,1,1,1,0,2,0,5,0,0,0,1
2,18,4,0,1,0,3,3,0,2,1,1,1,0,0,1,0,2,2,5,1
13,20,0,1,1,0,3,0,0,1,1,1,1,0,2,2,0,6,3,7,0
6,13,4,1,1,0,3,0,0,10,1,1,1,6,0,0,5,0,0,3,0
11,20,0,0,1,4,3,0,1,1,1,1,1,5,2,0,5,0,0,0,1
15,18,0,1,1,0,3,0,0,0,1,1,1,0,2,1,0,2,8,5,1
0,18,4,1,1,0,3,0,0,16,1,1,1,7,0,0,5,0,0,0,1
7,15,4,0,1,0,3,0,0,4,1,1,1,5,0,1,2,0,0,0,1
15,18,0,1,1,4,3,0,1,1,1,1,1,0,2,1,0,8,1,6,0
10,0,4,1,1,4,3,0,1,9,1,1,1,5,0,0,5,0,0,0,1
5,18,4,0,1,0,3,0,0,2,1,1,1,1,0,1,0,6,3,10,1
7,15,0,0,1,4,3,0,1,1,1,1,1,7,0,1,5,0,0,0,1
7,18,4,1,1,0,3,3,0,11,1,1,1,0,0,1,0,6,4,6,1
5,18,4,0,1,0,3,0,0,2,1,1,1,7,0,1,0,2,4,6,1
3,15,4,0,1,0,0,0,0,16,1,1,1,0,0,5,3,9,1,7,1
4,15,4,0,1,0,3,3,0,3,1,1,1,0,0,6,0,2,2,3,1
2,18,0,1,1,0,3,2,0,8,1,1,1,0,0,0,5,0,0,0,1
3,0,4,0,1,4,3,0,1,0,1,1,1,0,0,6,0,6,3,6,1
9,20,0,1,1,0,3,0,0,0,1,1,1,5,0,1,0,7,7,13,0
13,20,0,0,1,3,3,3,1,0,1,1,1,5,2,7,0,9,8,13,0
4,19,4,1,1,0,3,0,0,7,1,1,1,0,0,1,0,3,4,9,1
11,15,0,1,1,0,3,1,0,1,1,1,1,7,2,1,0,3,4,8,1
7,18,4,0,1,0,3,3,0,14,1,1,1,5,0,7,5,0,0,0,1
15,19,0,0,1,0,3,0,0,0,1,1,1,8,2,6,0,3,2,5,1
7,15,4,0,1,0,3,3,0,2,1,1,1,0,0,1,0,6,6,9,1
4,20,4,1,1,0,3,1,0,11,1,1,1,0,0,1,0,4,2,5,0
11,19,4,0,1,3,3,0,1,11,1,1,1,0,2,1,0,6,2,6,1
3,17,4,0,1,0,3,0,0,0,1,1,1,5,0,1,0,6,3,9,0
8,18,2,0,1,0,3,1,0,0,1,1,1,0,0,3,0,9,8,7,0
5,18,4,0,1,0,3,1,0,14,1,1,1,1,0,1,0,4,6,6,0
3,18,4,0,1,0,1,0,0,16,1,1,1,0,0,1,0,6,2,4,0
3,19,4,0,1,0,3,0,0,2,1,1,1,5,0,0,5,0,0,3,1
12,15,0,1,1,4,3,0,1,0,1,1,1,7,2,1,0,2,4,2,1
0,15,4,0,1,0,3,1,0,2,1,1,1,0,0,1,0,2,1,4,1
1,18,4,0,1,0,3,1,0,16,1,1,1,0,0,1,5,0,0,0,0
5,18,4,1,1,0,3,3,0,2,1,1,1,1,0,1,0,1,3,2,1
7,18,0,1,1,4,3,0,1,1,1,1,1,5,0,1,1,2,0,4,1
4,19,4,0,1,0,3,1,0,2,1,1,1,0,0,4,0,4,10,3,1
2,20,4,1,1,0,3,0,0,16,1,1,1,5,0,1,0,6,6,3,0
2,18,4,0,1,0,3,0,0,2,1,1,1,7,0,1,0,6,2,5,1
8,19,4,0,1,0,3,3,0,12,1,1,1,0,0,1,0,9,4,2,1
9,14,4,0,1,0,3,1,0,2,1,1,1,0,0,1,0,6,5,7,1
2,17,4,1,1,0,3,0,0,2,1,1,1,7,0,3,0,6,8,6,1
3,15,0,1,1,0,3,3,0,8,1,1,1,0,0,1,0,6,3,5,0
6,18,4,0,1,0,3,0,0,14,1,1,1,0,0,1,0,4,6,12,1
7,15,4,1,1,0,3,3,0,0,1,1,1,5,0,1,0,6,8,10,1
9,19,4,1,1,0,3,0,0,2,1,1,1,7,0,1,0,6,7,7,1
0,15,4,0,1,0,3,1,0,7,1,1,1,0,0,1,0,6,4,4,1
2,18,4,1,1,3,3,0,1,2,1,1,1,5,0,1,0,2,2,4,1
10,21,4,1,1,0,3,1,0,0,1,1,1,0,0,1,0,6,2,8,1
13,21,0,0,1,4,3,0,1,1,1,1,1,0,2,2,0,6,2,7,0
5,18,4,0,1,3,3,0,1,5,1,1,1,0,0,1,0,6,10,3,1
13,19,0,0,1,0,3,1,0,0,1,1,1,0,2,1,5,0,0,0,1
13,17,0,1,1,0,3,1,0,9,1,1,1,0,2,1,0,6,5,7,1
6,9,4,0,1,0,3,1,0,5,1,1,1,7,0,2,0,8,1,6,0
6,18,4,0,1,4,3,0,1,11,1,1,1,2,0,1,0,6,4,5,1
7,18,4,0,1,0,3,3,0,14,1,1,1,0,0,1,0,6,10,13,1
1,18,4,0,1,0,3,0,0,16,1,1,1,0,0,2,0,2,1,3,1
10,20,4,1,1,0,3,0,0,5,1,1,1,0,0,6,0,3,6,3,1
14,20,0,1,1,3,3,0,1,0,1,1,1,5,2,3,0,6,4,12,1
14,23,0,1,1,3,3,0,1,0,1,1,1,5,2,1,0,6,8,14,0
1,18,4,1,1,0,3,1,0,16,1,1,1,5,0,1,5,1,0,2,0
9,20,0,1,1,0,3,1,0,1,1,1,1,0,0,3,5,0,0,0,1
13,19,4,0,1,0,3,1,0,0,1,1,1,0,2,1,0,3,5,14,1
0,15,4,0,1,0,3,0,0,2,1,1,1,0,0,0,5,0,0,0,1
6,20,4,1,1,0,3,0,0,10,1,1,1,8,0,1,0,6,0,4,1
8,15,4,0,1,0,3,1,0,2,1,1,1,0,0,1,0,4,8,5,1
10,18,4,1,1,0,3,1,0,5,1,1,1,0,0,6,0,1,3,3,1
8,15,0,0,0,4,3,0,1,1,1,1,1,5,0,1,5,0,0,2,0
11,21,4,1,1,0,3,3,0,2,1,1,1,0,2,1,2,1,0,3,0
7,20,4,0,1,2,3,1,0,2,1,1,1,5,0,1,0,6,6,14,1
11,17,2,0,1,0,3,3,0,0,1,1,1,0,2,3,0,6,8,13,0
7,15,4,0,1,0,3,0,0,2,1,1,1,5,0,1,0,6,10,10,1
1,19,4,1,0,0,3,0,0,2,0,1,0,0,0,2,0,2,10,5,1
11,10,2,1,1,4,3,0,1,7,1,1,1,0,2,0,5,0,0,0,0
7,20,4,0,1,0,3,0,0,2,1,1,1,7,0,1,0,6,2,11,1
11,15,4,0,1,0,3,0,0,16,1,1,1,0,2,1,5,6,0,7,1
12,22,4,1,1,0,3,1,0,0,1,1,1,8,0,2,0,5,0,4,0
11,20,4,1,1,4,3,0,1,10,1,1,1,5,2,1,0,6,11,13,0
8,19,0,1,1,0,3,3,0,8,1,1,1,0,0,3,0,3,6,5,1
6,18,4,0,1,0,3,0,0,14,1,1,1,5,0,7,0,6,4,7,1
5,20,4,1,0,0,3,0,0,2,1,1,1,5,0,1,5,0,0,0,0
10,14,4,0,1,0,3,0,0,15,1,1,1,0,0,7,5,0,0,0,1
11,20,4,0,1,0,3,1,0,12,1,1,1,7,2,1,0,6,5,11,1
2,15,4,1,1,2,3,3,0,3,1,1,1,0,0,1,0,2,8,5,1
10,20,4,0,1,0,3,3,0,2,1,1,1,0,0,3,2,0,0,0,1
5,20,4,0,1,0,3,0,0,2,1,1,1,0,0,4,0,9,10,2,1
3,20,4,0,1,0,3,0,0,2,1,1,1,5,0,1,2,6,0,6,1
1,18,0,1,1,0,3,1,0,1,1,1,1,0,0,1,1,1,0,2,1
13,23,4,1,1,0,3,0,0,2,1,1,1,5,2,2,0,6,11,13,1
2,18,4,0,1,0,3,0,0,0,1,1,1,0,0,2,0,1,2,3,1
8,15,4,0,1,0,3,1,0,2,1,1,1,0,0,1,0,3,2,2,1
12,18,4,0,1,0,3,1,0,0,1,1,1,0,2,1,0,6,0,11,1
9,21,4,1,1,4,3,0,1,0,1,1,1,5,0,1,0,8,6,13,0
5,18,4,1,1,0,3,0,0,2,1,1,1,7,0,1,0,6,8,8,1
15,20,4,0,1,0,3,0,0,11,1,1,1,5,2,3,0,6,6,13,1
9,18,4,1,1,0,3,0,0,5,1,1,1,5,0,2,0,6,10,11,1
14,17,0,1,1,0,3,1,0,0,1,1,1,0,2,6,0,6,5,10,1
3,19,4,0,1,0,3,1,0,2,1,1,1,8,0,0,5,0,0,0,1
3,18,4,1,1,0,3,0,0,2,1,1,1,0,0,0,5,0,0,0,1
8,20,4,0,1,0,3,1,0,0,1,1,1,0,0,4,0,8,11,14,0
2,13,4,0,0,0,3,0,0,15,1,1,0,0,0,0,5,0,0,0,0
7,18,4,1,1,0,3,1,0,0,1,1,1,0,0,2,0,6,1,9,1
1,18,4,1,1,0,3,0,0,2,1,1,1,7,0,0,5,0,0,5,1
10,20,0,1,1,0,3,1,0,0,1,1,1,0,0,1,5,1,0,2,0
11,15,4,1,1,0,3,0,0,2,1,1,1,7,2,1,0,4,2,6,1
6,11,4,1,1,4,3,0,1,11,1,1,1,0,0,1,0,3,3,7,1
15,21,4,1,1,4,3,0,1,0,1,1,1,0,2,4,0,6,10,13,1
0,18,4,1,1,0,3,1,0,2,1,1,1,8,0,0,5,0,0,0,1
12,19,4,1,1,0,3,0,0,2,1,1,1,0,2,1,0,1,4,2,1
4,19,4,0,1,0,3,0,0,2,1,1,1,7,0,1,0,9,6,8,1
12,13,4,0,1,0,3,0,0,16,1,1,1,0,2,1,0,8,1,6,0
7,20,4,0,1,0,3,0,0,0,1,1,1,5,0,1,0,6,8,11,0
9,18,4,1,1,0,3,0,0,2,1,1,1,0,0,1,0,6,5,7,1
0,17,4,1,0,2,3,0,0,2,1,0,0,0,0,9,2,0,0,0,1
12,19,3,1,1,0,3,0,0,0,1,1,1,7,2,7,0,6,5,9,0
0,15,4,1,1,0,3,1,0,2,1,1,1,0,0,0,5,0,0,0,1
7,18,4,0,1,0,3,0,0,2,1,1,1,7,0,2,0,6,4,12,1
14,18,4,1,1,0,3,1,0,0,1,1,1,7,2,1,0,4,11,5,1
11,20,4,0,1,2,3,1,0,2,1,1,1,5,2,1,0,6,11,14,1
4,21,4,1,1,0,3,3,0,2,1,1,1,5,0,1,0,1,2,8,1
5,20,4,1,1,0,3,1,0,2,1,1,1,8,0,3,0,6,11,6,1
11,15,4,1,0,0,3,1,0,0,1,1,1,7,2,1,0,5,2,5,1
13,19,0,0,1,0,3,1,0,0,1,1,1,0,2,1,0,3,2,11,1
7,20,4,0,1,4,3,0,1,14,1,1,1,0,0,1,0,6,4,9,1
6,20,0,0,1,0,3,1,0,0,1,1,1,0,0,1,0,6,6,11,1
10,21,4,0,1,0,3,0,0,12,1,1,1,0,0,1,0,6,5,14,0
8,17,0,0,1,0,3,0,0,0,1,1,1,0,0,1,1,9,0,10,1
12,19,0,1,1,0,3,1,0,2,1,1,1,8,2,1,5,1,0,1,1
6,20,4,0,1,0,3,0,0,12,1,1,1,0,0,1,0,6,11,13,0
1,18,4,1,1,0,3,0,0,10,1,1,1,5,0,0,5,0,0,0,0
10,20,0,1,1,0,3,0,0,1,1,1,1,0,0,3,0,6,6,13,1
0,17,4,0,1,0,3,0,0,1,1,1,1,0,0,2,0,3,8,2,0
8,20,0,0,0,4,3,0,1,0,1,1,1,5,0,1,0,6,6,10,0
14,15,4,1,1,0,3,0,0,0,1,1,1,0,2,1,0,4,3,7,1
7,18,0,1,1,0,3,0,0,1,1,1,1,0,0,1,0,8,3,10,1
4,19,4,1,1,4,3,0,1,11,1,1,1,5,0,1,0,4,10,5,1
1,19,4,0,1,0,3,0,0,16,1,1,1,0,0,2,5,6,0,3,1
12,18,0,0,1,0,3,3,0,0,1,1,1,0,2,1,0,4,11,14,1
1,17,4,0,1,0,0,1,0,16,1,1,1,0,0,5,3,2,2,5,1
8,15,4,0,1,0,3,0,0,11,1,1,1,1,0,1,0,5,8,6,1
5,18,4,0,1,0,3,1,0,2,1,1,1,1,0,6,0,5,6,4,1
8,15,0,1,0,0,3,0,0,9,1,1,1,2,0,0,5,0,0,0,1
4,18,4,1,1,4,3,0,1,0,1,1,1,0,0,2,0,6,2,9,0
15,21,4,0,1,0,3,0,0,0,1,1,1,5,2,1,0,8,2,14,1
12,20,0,1,1,3,3,0,1,0,1,1,1,0,2,1,0,6,2,13,1
14,5,2,1,1,0,3,0,0,4,1,1,1,0,2,1,0,6,10,14,1
5,18,4,1,1,0,3,3,0,12,1,1,1,7,0,1,0,7,7,5,1
15,14,0,0,1,4,3,0,1,0,1,1,1,0,2,1,0,6,4,8,1
15,20,4,0,1,0,3,0,0,0,1,1,1,7,2,1,0,6,1,12,1
13,21,0,0,1,4,3,0,1,0,1,1,1,0,2,1,0,8,6,14,1
6,15,4,0,1,0,3,0,0,3,1,1,1,0,0,1,0,6,2,5,1
3,19,4,0,1,3,3,0,1,9,1,1,1,0,0,0,5,0,0,0,1
6,11,4,1,1,4,3,0,1,11,1,1,1,0,0,0,5,0,0,0,1
8,20,4,1,1,0,3,0,0,11,1,1,1,2,0,1,0,6,7,13,1
13,20,0,1,1,0,3,1,0,0,1,1,1,0,2,1,0,6,5,12,0
7,20,4,1,1,2,3,1,0,2,1,1,1,0,0,1,0,5,10,8,1
11,15,0,0,1,3,3,0,1,1,1,1,1,7,2,1,0,6,6,9,1
14,20,4,1,1,0,3,1,0,0,1,1,1,5,2,4,0,8,8,12,1
10,0,4,1,1,0,3,0,0,2,1,1,1,0,0,0,5,0,0,0,1
3,18,4,1,1,0,3,3,0,14,1,1,1,0,0,0,5,0,0,0,0
9,20,4,1,1,0,3,3,0,11,1,1,1,0,0,6,0,6,0,8,0
4,15,4,1,1,0,3,0,0,2,1,1,1,0,0,1,5,0,0,0,0
7,20,0,1,1,0,3,0,0,1,1,1,1,0,0,1,1,3,0,2,0
8,20,4,1,1,0,3,0,0,12,1,1,1,0,0,1,0,7,8,14,1
3,15,4,1,1,0,3,1,0,2,1,1,1,7,0,1,0,3,6,2,1
3,15,4,1,1,0,3,1,0,2,1,1,1,0,0,1,0,6,6,3,1
6,18,4,1,1,0,3,3,0,2,1,1,1,0,0,9,2,0,0,0,1
9,18,4,0,1,0,3,1,0,2,1,1,1,0,0,3,5,0,0,0,1
5,15,0,1,1,4,3,0,1,1,1,1,1,0,0,1,5,0,0,0,1
15,17,4,0,1,0,3,0,0,2,1,1,1,0,2,1,0,6,2,4,1
2,15,4,1,0,0,3,1,0,12,1,1,1,0,2,0,5,0,0,0,1
3,20,4,1,1,0,3,1,0,2,1,1,1,0,0,1,0,6,3,10,1
6,15,4,1,1,0,3,0,0,14,1,1,1,0,0,1,0,6,6,10,1
9,0,4,1,0,0,3,3,0,2,0,0,1,3,0,2,0,7,3,9,1
5,20,4,0,1,4,3,0,1,0,1,1,1,5,0,1,0,6,2,11,0
5,15,4,0,1,0,3,1,0,5,1,1,1,0,0,1,2,6,0,2,1
1,17,4,0,1,0,3,0,0,7,1,1,1,0,0,1,0,6,6,12,1
10,17,2,1,1,0,3,0,0,0,1,1,1,0,0,1,0,6,8,8,1
11,21,4,1,1,0,3,3,0,0,1,1,1,0,2,3,0,6,4,11,1
12,15,0,0,1,3,3,0,1,1,1,1,1,0,2,1,0,5,3,8,1
5,17,4,0,1,0,3,3,0,15,1,1,1,0,0,0,5,0,0,0,1
12,18,4,0,0,0,3,1,0,2,1,1,0,0,2,0,5,0,0,3,1
4,15,4,1,1,0,3,0,0,2,1,1,1,7,0,1,0,6,7,6,1
8,20,4,1,1,0,3,0,0,11,1,1,1,0,0,1,0,6,1,11,1
3,20,4,0,1,0,3,0,0,2,1,1,1,0,0,1,0,6,6,4,1
3,18,4,1,1,0,3,3,0,16,1,1,1,0,0,2,0,1,4,2,0
6,20,4,1,0,0,3,0,0,3,1,1,0,1,0,0,5,0,0,5,1
9,7,4,0,1,0,3,0,0,2,1,1,1,7,0,9,2,0,0,0,1
14,14,0,0,1,0,3,0,0,0,1,1,1,7,2,1,0,6,6,11,1
11,20,0,1,1,0,1,3,0,1,1,1,1,0,2,1,0,8,8,13,0
14,18,4,1,1,0,3,3,0,0,1,1,1,0,2,1,0,6,6,9,1
10,17,4,0,1,0,3,0,0,2,1,1,1,7,0,1,2,1,0,3,1
12,18,0,0,1,4,3,0,1,0,1,1,1,7,2,1,0,6,8,11,1
4,20,4,1,1,0,3,1,0,9,1,1,1,0,0,1,0,2,5,1,1
3,20,4,1,1,0,3,1,0,11,1,1,1,0,0,0,5,0,0,0,1
1,18,4,1,0,0,3,1,0,16,1,1,0,0,0,0,5,0,0,4,0
8,20,4,0,1,3,3,0,1,11,1,1,1,5,0,1,0,6,4,12,0
15,9,4,0,1,0,3,1,0,12,1,1,1,7,2,2,0,4,1,4,0
4,21,4,0,1,0,3,1,0,2,1,1,1,0,0,1,0,2,6,3,0
1,18,0,1,1,0,3,3,0,1,1,1,1,7,0,4,0,1,2,5,1
2,15,4,0,1,0,3,0,0,2,1,1,1,1,0,0,5,0,0,0,1
10,20,0,0,1,3,3,3,1,1,1,1,1,5,0,1,0,6,11,10,0
10,17,0,0,1,3,3,0,1,2,1,1,1,5,0,1,0,6,2,9,1
3,20,4,0,1,3,3,3,1,11,1,1,1,5,0,1,0,6,6,6,1
12,16,0,1,1,0,3,3,0,1,1,1,1,7,2,1,0,6,4,10,0
8,11,3,1,1,0,3,0,0,0,1,1,1,7,0,1,0,6,8,6,1
7,20,4,0,1,0,3,1,0,2,1,1,1,0,0,1,1,6,0,12,1
6,20,4,0,1,0,3,0,0,11,1,1,1,8,0,1,0,6,8,10,1
8,20,4,1,1,0,3,1,0,0,1,1,1,8,0,6,0,8,6,12,1
5,15,4,1,1,0,3,1,0,12,1,1,1,0,0,6,5,0,0,0,0
15,15,0,0,1,0,3,1,0,0,1,1,1,0,2,1,0,5,11,6,1
14,15,0,0,1,0,3,0,0,2,1,1,1,7,2,1,0,6,1,5,1
12,20,0,0,1,0,3,1,0,0,1,1,1,0,2,1,0,8,6,14,1
1,15,4,0,1,0,0,1,0,16,1,1,1,0,0,5,3,6,2,7,0
3,22,4,1,1,0,3,1,0,7,1,1,1,8,0,1,0,6,4,10,1
15,20,4,0,1,0,3,1,0,0,1,1,1,0,2,2,0,6,4,14,1
8,20,4,0,1,0,3,0,0,3,1,1,1,0,0,1,0,2,1,2,1
13,18,4,1,1,0,3,0,0,12,1,1,1,0,2,1,0,6,4,7,1
10,15,4,1,1,0,3,0,0,12,1,1,1,5,0,1,0,7,4,10,1
14,20,0,0,1,0,1,1,0,0,1,1,1,0,2,5,0,6,5,11,1
7,18,4,0,1,4,3,0,1,0,1,1,1,0,0,1,0,6,6,9,1
11,18,4,1,1,3,3,0,1,2,1,1,1,7,2,3,0,6,2,12,1
14,15,4,0,1,0,3,0,0,2,1,1,1,1,0,6,0,2,10,4,1
1,18,4,0,1,0,3,0,0,2,1,1,1,7,0,0,5,0,0,0,1
10,11,4,0,1,0,3,1,0,15,1,1,1,7,0,1,2,0,0,0,1
12,20,4,0,1,4,3,0,1,0,1,1,1,5,2,7,0,7,10,12,1
1,18,4,1,1,0,3,1,0,2,1,1,1,0,0,1,0,4,1,4,1
12,20,0,1,1,0,3,1,0,1,1,1,1,0,2,1,0,6,1,11,1
5,15,0,1,1,4,3,0,1,0,1,1,1,0,0,1,5,4,0,3,0
1,18,4,0,1,0,3,0,0,2,1,1,1,5,0,1,0,6,6,6,1
8,20,4,1,1,0,3,1,0,12,1,1,1,0,0,1,0,3,1,8,0
2,15,4,0,1,0,3,1,0,0,1,1,1,0,0,1,2,1,0,1,1
8,15,4,1,1,4,3,0,1,0,1,1,1,1,0,0,5,0,0,0,1
15,18,4,0,1,0,3,1,0,2,1,1,1,0,2,1,2,0,0,0,1
10,15,4,0,1,3,3,0,1,5,1,1,1,0,0,1,0,6,2,9,1
12,15,0,0,1,0,3,0,0,0,1,1,1,7,2,1,0,6,2,13,1
13,18,2,0,1,0,1,0,0,0,1,1,1,0,2,1,0,6,7,13,1
9,15,4,1,1,0,3,0,0,2,1,1,1,8,0,8,5,0,0,0,1
11,18,4,1,1,0,3,1,0,11,1,1,1,8,2,1,0,1,4,5,1
7,20,4,0,1,0,3,3,0,2,1,1,1,0,0,1,0,8,1,14,1
6,18,0,1,0,0,3,0,0,2,1,1,1,0,0,1,0,2,6,2,1
9,15,4,1,1,0,3,0,0,2,1,1,1,0,0,1,2,8,0,6,1
1,18,4,0,1,0,3,1,0,2,1,1,1,0,0,0,5,0,0,0,1
9,20,4,0,1,2,3,0,0,2,1,1,1,0,0,1,0,7,10,12,1
15,20,4,0,1,4,3,0,1,10,1,1,1,5,2,1,0,9,0,14,1
5,11,4,0,1,4,3,0,1,11,1,1,1,7,0,1,0,6,2,6,1
9,14,0,0,1,4,3,0,1,2,1,1,1,5,0,3,0,2,8,5,0
13,19,0,1,1,0,3,3,0,1,1,1,1,0,2,0,5,0,0,0,1
6,15,4,0,1,0,3,1,0,11,1,1,1,0,0,1,0,8,4,8,1
2,18,4,0,1,0,3,0,0,2,1,1,1,8,0,0,5,0,0,0,1
7,15,0,1,1,0,3,1,0,0,1,1,1,0,0,1,0,2,4,2,0
12,20,4,0,1,0,3,0,0,0,1,1,1,0,2,2,0,6,5,12,0
11,16,4,0,1,0,3,0,0,5,1,1,1,5,2,1,0,5,10,8,1
13,18,0,1,1,0,3,0,0,1,1,1,1,7,2,4,0,6,1,11,1
5,19,4,1,1,0,3,0,0,2,1,1,1,1,0,3,0,3,3,3,1
10,18,4,0,1,0,3,1,0,2,1,1,1,0,0,3,0,4,4,5,0
6,20,4,0,1,0,3,0,0,14,1,1,1,0,0,1,0,4,6,9,1
15,17,0,1,1,0,3,0,0,0,1,1,1,0,2,1,0,6,3,12,1
13,20,0,0,1,3,3,0,1,1,1,1,1,5,2,7,0,6,6,13,1
8,20,4,1,1,0,3,1,0,2,1,1,1,8,0,1,0,4,0,4,1
6,20,4,1,1,0,2,1,0,10,1,1,1,0,0,1,0,8,4,13,1
4,19,4,1,1,0,3,0,0,15,1,1,1,1,0,1,5,3,0,2,0
10,15,4,1,1,0,3,1,0,10,1,1,1,0,0,1,0,6,8,10,0
6,15,0,1,1,0,3,0,0,0,1,1,1,0,0,1,0,6,5,7,1
6,11,0,1,1,4,3,0,1,1,1,1,1,7,0,1,0,6,1,6,1
3,18,4,0,1,0,3,1,0,2,1,1,1,0,0,1,0,2,5,2,1
8,20,4,1,1,0,3,1,0,7,1,1,1,0,0,1,0,3,6,4,1
13,18,0,1,1,4,3,0,1,8,1,1,1,0,2,1,1,6,0,10,1
14,18,4,0,1,0,3,0,0,0,1,1,1,0,2,1,0,9,8,14,0
13,20,4,0,1,0,3,1,0,0,1,1,1,8,2,1,0,7,2,11,1
1,15,4,0,1,0,3,1,0,2,1,1,1,0,0,1,5,1,0,3,0
13,20,4,0,1,3,3,0,1,2,1,1,1,0,2,1,0,6,5,7,0
3,20,4,0,1,0,3,0,0,2,1,1,1,0,0,1,0,6,8,8,1
2,15,4,0,1,0,3,1,0,2,1,1,1,0,0,1,0,3,1,2,1
1,15,4,0,1,0,3,0,0,7,1,1,1,0,0,1,0,5,2,6,1
9,18,4,0,1,0,3,3,0,2,1,1,1,7,0,1,0,6,6,8,1
5,18,4,0,1,0,3,1,0,2,1,1,1,0,0,1,0,6,8,10,1
14,15,4,0,1,0,3,0,0,0,1,1,1,0,0,6,0,4,5,4,0
9,21,4,0,1,0,3,0,0,0,1,1,1,0,0,1,0,6,8,14,1
10,20,0,1,1,4,3,0,1,0,1,1,1,5,0,1,0,6,8,13,1
0,15,4,1,1,0,3,0,0,2,1,1,1,7,0,1,0,4,3,6,1
3,13,4,0,0,0,3,1,0,15,1,1,0,0,0,0,5,0,0,0,1
13,21,0,1,1,0,3,1,0,0,1,1,1,0,2,3,0,6,7,13,1
2,15,4,0,1,0,3,0,0,2,1,1,1,0,0,1,0,7,3,9,1
13,20,4,0,1,0,3,1,0,0,1,1,1,0,2,1,0,8,8,13,0
6,15,0,1,1,0,3,3,0,8,1,1,1,0,0,1,0,6,0,8,1
12,18,2,1,0,0,3,1,0,16,1,1,1,5,2,1,5,0,0,8,0
3,19,4,0,1,0,3,3,0,0,1,1,1,0,0,1,0,6,10,10,1
15,22,4,0,1,0,3,0,0,11,1,1,1,0,2,1,0,6,8,13,1
12,20,2,0,1,0,1,1,0,0,1,1,1,0,2,5,3,7,0,13,0
12,20,4,0,1,0,3,3,0,11,1,1,1,5,2,1,0,6,8,13,1
5,15,4,0,1,4,3,0,1,2,1,1,1,0,0,1,0,6,2,2,1
1,21,4,1,1,0,3,0,0,16,1,1,1,5,0,4,0,1,1,3,1
5,19,4,1,1,0,3,0,0,0,1,1,1,0,0,4,5,0,0,0,1
12,18,2,0,1,0,3,1,0,0,1,1,1,0,2,1,0,9,6,13,0
14,14,4,1,1,0,3,0,0,2,1,1,1,1,2,0,5,0,0,0,1
14,14,0,0,1,0,3,0,0,2,1,1,1,7,2,1,0,6,2,5,1
12,19,0,0,1,0,1,1,0,0,1,1,1,0,2,1,0,6,3,10,0
10,21,4,0,1,4,3,0,1,11,1,1,1,5,0,1,0,6,4,13,0
10,15,4,1,1,0,3,0,0,2,1,1,1,0,0,1,0,4,4,7,1
12,18,0,1,1,0,3,0,0,0,1,1,1,0,2,1,0,6,10,11,1
14,18,4,0,1,0,3,2,0,0,1,1,1,0,2,1,0,2,1,2,1
10,20,4,1,1,0,3,1,0,12,1,1,1,5,0,1,0,6,1,11,1
9,16,3,1,1,0,3,0,0,0,1,1,1,7,0,1,5,6,0,4,0
12,20,4,1,1,0,3,0,0,5,1,1,1,7,2,1,0,6,3,11,1
3,15,4,0,1,0,3,3,0,2,1,1,1,7,0,6,5,0,0,2,0
14,21,4,0,1,0,3,0,0,0,1,1,1,0,2,1,0,9,6,13,1
7,20,4,0,1,0,3,1,0,2,1,1,1,0,0,1,0,3,6,3,1
14,20,4,0,1,0,3,0,0,9,1,1,1,5,0,4,0,5,5,4,1
1,15,4,1,1,4,3,0,1,9,1,1,1,2,0,2,0,6,3,9,0
0,15,4,1,1,4,3,3,1,10,1,1,1,0,0,0,5,0,0,0,0
9,15,0,1,1,0,3,0,0,1,1,1,1,0,0,1,0,6,11,6,1
0,18,4,0,1,0,3,1,0,16,1,1,1,1,0,1,5,1,0,2,0
12,15,4,0,1,0,3,1,0,0,1,1,1,0,2,1,0,8,2,12,1
7,21,4,0,1,0,3,0,0,0,1,1,1,5,0,2,0,6,3,9,0
1,15,4,0,1,0,3,0,0,2,1,1,1,7,0,1,0,6,4,5,1
4,19,4,0,1,0,3,3,0,2,1,1,1,7,0,1,0,2,5,4,1
8,15,4,1,1,0,3,0,0,0,1,1,1,0,0,1,0,8,2,11,0
7,21,4,0,1,0,3,0,0,5,1,1,1,5,0,2,0,6,4,11,0
12,17,0,1,1,0,3,0,0,0,1,1,1,7,2,1,0,6,3,8,1
4,12,0,0,1,0,3,0,0,1,1,1,1,0,0,1,2,0,0,0,1
5,20,4,1,1,0,3,0,0,10,1,1,1,1,0,1,0,6,3,3,1
8,18,4,1,1,0,3,0,0,2,1,1,1,0,0,0,5,0,0,1,1
6,20,4,0,1,0,3,0,0,12,1,1,1,0,0,1,0,7,5,13,0
1,18,4,0,1,0,3,1,0,2,1,1,1,8,0,1,0,4,6,5,0
10,15,2,0,1,0,3,3,0,7,1,1,1,0,0,1,2,0,0,3,1
14,22,4,1,1,0,3,0,0,0,1,0,1,8,0,6,0,8,0,11,0
8,21,4,1,1,0,3,0,0,0,1,1,1,0,0,2,0,6,8,14,0
0,18,4,0,1,0,3,3,0,11,1,1,1,0,0,1,0,1,2,3,1
9,14,4,0,1,4,3,0,1,12,1,1,1,7,0,0,5,0,0,5,1
13,20,0,1,1,0,3,0,0,0,1,1,1,7,2,1,0,6,7,10,1
5,17,4,0,1,0,3,3,0,2,1,1,1,8,0,4,0,6,10,9,1
5,15,4,0,1,0,1,0,0,0,1,1,1,0,0,5,0,6,10,11,1
13,0,4,1,1,0,3,0,0,2,1,1,1,0,2,1,0,6,4,6,1
15,23,0,1,1,4,3,0,1,1,1,1,1,0,2,0,5,0,0,0,1
8,20,4,0,1,0,3,0,0,5,1,1,1,0,0,1,2,8,0,8,1
9,20,0,1,1,0,3,0,0,0,1,1,1,0,0,1,0,7,7,12,1
11,18,0,0,1,0,3,0,0,1,1,1,1,0,2,0,5,0,0,0,1
2,15,4,1,1,0,3,0,0,2,1,1,1,7,0,0,5,0,0,0,1
11,16,0,0,1,0,3,0,0,1,1,1,1,0,2,1,0,6,10,10,0
10,15,2,1,1,0,1,1,0,14,1,1,1,0,2,1,0,6,11,9,1
10,19,0,1,1,0,3,3,0,8,1,1,1,0,0,0,5,0,0,0,0
14,10,4,0,1,4,3,3,1,0,1,1,1,0,2,5,0,6,5,10,1
5,20,0,1,1,0,3,1,0,1,1,1,1,0,0,6,0,1,3,2,1
15,15,2,1,1,0,3,0,0,2,1,1,1,7,2,1,0,6,8,7,1
3,18,4,0,1,0,3,0,0,2,1,1,1,0,0,0,5,0,0,2,0
12,21,0,1,1,4,3,0,1,0,1,1,1,5,2,1,0,6,6,14,0
5,20,4,1,1,0,3,1,0,10,1,1,1,0,0,1,0,8,8,11,1
13,20,0,1,1,3,3,0,1,2,1,1,1,5,2,1,0,6,9,13,1
8,20,4,0,1,0,3,1,0,2,1,1,1,0,0,1,0,6,11,13,1
4,16,4,0,1,0,3,0,0,15,1,1,1,0,0,0,5,0,0,0,0
4,18,0,1,1,0,3,0,0,16,1,1,1,0,0,0,5,0,0,7,0
9,20,0,0,1,0,3,1,0,0,1,1,1,8,0,6,0,2,6,12,1
10,15,4,0,1,0,3,3,0,2,1,1,1,1,0,1,0,6,11,10,1
11,22,4,1,1,0,3,1,0,7,1,1,1,8,2,1,0,6,2,10,1
5,18,4,0,1,0,3,0,0,2,1,1,1,0,0,1,0,6,3,9,1
0,18,4,1,1,0,3,0,0,2,1,1,1,0,0,9,2,0,0,0,1
2,18,4,0,1,0,3,0,0,2,1,1,1,0,0,1,2,6,0,6,0
6,7,4,1,0,0,3,0,0,11,1,1,0,7,0,2,0,5,2,7,1
12,5,2,1,1,3,3,0,1,2,1,1,1,0,2,4,0,6,10,14,1
0,17,4,1,1,0,3,0,0,2,1,1,1,0,0,0,5,0,0,0,1
8,18,4,0,1,0,3,1,0,7,1,1,1,0,0,1,0,9,1,7,1
2,15,4,0,1,0,3,0,0,16,1,1,1,0,0,6,5,0,0,2,0
12,18,4,0,0,0,3,0,0,0,1,1,0,0,2,1,5,0,0,1,1
1,15,4,0,1,0,3,0,0,2,1,1,1,0,0,1,0,6,4,4,1
14,20,4,0,1,0,3,3,0,11,1,1,1,5,2,1,0,7,11,14,0
10,19,4,0,1,0,3,0,0,0,1,1,1,5,0,1,0,8,3,10,1
2,18,4,1,1,0,3,0,0,2,1,1,1,0,0,0,5,0,0,0,1
4,15,4,1,1,0,3,3,0,11,1,1,1,7,0,1,0,2,2,4,0
13,19,0,1,1,3,3,0,1,0,1,1,1,5,2,1,1,4,0,6,1
2,18,4,0,1,0,3,1,0,2,1,1,1,0,0,1,5,1,0,2,1
9,14,0,1,1,4,3,0,1,0,1,1,1,7,0,0,5,0,0,0,0
13,19,4,0,1,0,3,0,0,0,1,1,1,0,2,4,0,6,11,10,1
14,15,4,0,1,0,3,1,0,0,1,1,1,0,2,1,0,6,10,11,1
7,18,4,0,1,0,3,3,0,11,1,1,1,0,0,0,5,0,0,0,1
9,17,4,1,1,0,3,1,0,12,1,1,1,0,2,3,5,0,0,6,1
9,18,4,0,1,0,3,0,0,2,1,1,1,7,0,1,0,6,6,6,1
3,20,4,1,1,0,3,1,0,2,1,1,1,0,0,1,5,3,0,2,1
3,15,0,1,1,4,3,3,1,1,1,1,1,5,0,1,0,4,3,3,0
5,14,4,1,1,0,3,0,0,12,1,1,1,0,0,1,0,6,2,5,0
6,15,4,1,1,3,3,0,1,5,1,1,1,0,0,1,0,6,2,6,1
2,18,4,1,1,0,3,3,0,2,1,1,1,5,0,1,0,1,6,3,1
5,20,4,0,1,2,3,0,0,2,1,1,1,5,0,1,0,4,3,3,1
15,18,0,1,1,0,3,0,0,0,1,1,1,5,2,0,5,0,0,0,1
12,20,0,1,1,0,3,0,0,1,1,1,1,0,2,1,0,6,6,14,1
5,15,4,0,1,0,3,0,0,5,1,1,1,7,0,1,0,6,10,8,1
6,20,0,0,1,0,3,1,0,0,1,1,1,0,0,1,0,6,4,13,1
2,18,4,0,1,0,3,0,0,2,1,1,1,0,0,1,0,3,6,4,1
13,22,0,1,1,2,3,3,0,1,1,1,1,0,2,1,0,6,9,14,0
2,18,4,1,1,0,3,3,0,2,1,1,1,0,0,1,0,3,7,6,1
15,17,0,0,1,4,3,0,1,1,1,1,1,0,2,1,0,6,3,5,1
5,18,4,0,1,0,3,0,0,2,1,1,1,1,0,1,2,0,0,0,1
3,17,3,0,1,3,1,3,1,0,1,1,1,0,2,0,5,0,0,6,1
13,18,0,0,1,0,3,1,0,0,1,1,1,8,2,1,0,6,6,5,1
4,18,4,0,1,0,3,0,0,16,1,1,1,0,0,0,5,0,0,5,0
2,15,4,0,1,0,1,0,0,0,1,1,1,8,0,1,0,6,7,12,0
12,16,4,0,1,0,3,0,0,2,1,1,1,5,2,1,0,1,6,3,1
1,18,4,1,1,4,3,0,1,2,1,1,1,5,0,1,0,1,6,1,1
0,17,4,1,1,0,3,0,0,16,1,1,1,1,0,1,5,1,0,1,1
9,19,0,0,1,3,3,0,1,2,1,1,1,0,0,0,5,0,0,0,1
15,19,4,0,1,0,3,0,0,2,1,1,1,0,2,1,2,4,0,3,1
2,18,4,0,1,0,3,3,0,2,1,1,1,0,0,0,5,0,0,0,1
5,15,4,1,1,0,3,1,0,2,1,1,1,0,0,1,0,8,4,12,1
7,20,0,1,1,4,3,0,1,1,1,1,1,0,0,1,0,6,11,3,0
15,15,3,1,1,0,3,3,0,4,1,1,1,0,2,6,5,0,0,3,1
6,15,4,1,1,0,3,1,0,2,1,1,1,8,0,1,0,6,6,7,1
0,18,4,0,0,0,3,3,0,11,1,1,0,0,0,0,5,0,0,0,1
5,18,4,0,1,0,3,0,0,2,1,1,1,0,0,4,0,9,2,3,1
13,18,0,1,1,0,3,1,0,0,1,1,1,0,2,2,0,6,6,13,1
6,15,0,0,1,0,3,0,0,1,1,1,1,1,0,1,0,1,8,2,1
15,20,0,0,1,3,3,0,1,0,1,1,1,7,2,1,0,8,2,13,1
15,17,4,0,1,0,3,0,0,0,1,1,1,7,2,1,0,6,8,9,1
6,21,0,0,1,0,3,0,0,0,1,1,1,0,0,1,0,6,6,14,1
9,20,4,1,1,2,3,3,0,12,1,1,1,0,0,1,0,4,10,8,0
10,18,4,0,1,3,3,3,1,0,1,1,1,0,0,7,0,6,4,9,1
11,23,0,1,1,0,3,1,0,0,1,1,1,0,2,7,5,6,0,7,1
15,20,0,1,1,4,3,0,1,1,1,1,1,5,2,1,0,6,10,13,1
11,20,4,0,1,0,3,1,0,11,1,1,1,0,2,3,0,6,8,13,0
1,18,4,0,1,0,3,0,0,11,1,1,1,5,0,0,5,1,0,12,0
14,18,4,0,1,0,3,3,0,0,1,1,1,5,2,1,0,6,8,11,1
11,14,0,1,0,0,3,0,0,0,1,1,0,0,2,0,5,0,0,0,1
15,20,0,1,1,0,3,1,0,0,1,1,1,0,2,1,0,8,4,13,1
1,18,4,1,1,0,3,0,0,2,1,1,1,0,0,4,0,1,10,2,1
5,15,4,1,1,0,3,0,0,2,1,1,1,8,0,1,5,0,0,1,0
15,21,0,1,1,0,3,3,0,1,1,1,1,7,2,4,0,6,6,11,1
15,18,0,1,1,0,3,0,0,1,1,1,1,7,2,6,5,0,0,2,1
1,18,4,0,1,0,3,0,0,2,1,1,1,0,0,2,0,2,10,2,1
5,15,4,0,1,3,3,0,1,2,1,1,1,0,0,1,0,6,6,6,1
3,18,4,1,1,0,3,3,0,5,1,1,1,0,0,1,0,1,2,3,1
3,20,4,1,1,0,3,3,0,0,1,1,1,5,0,1,1,6,0,13,1
2,15,4,1,1,0,3,0,0,0,1,1,1,7,0,0,5,0,0,0,1
7,18,4,0,1,0,3,1,0,12,1,1,1,0,0,1,0,6,6,5,0
5,15,4,1,1,0,3,1,0,12,1,1,1,8,0,1,0,6,5,6,1
13,18,0,0,1,0,3,3,0,2,1,1,1,8,2,1,0,6,0,3,1
0,17,4,0,1,0,2,0,0,2,1,1,1,0,0,1,0,6,4,5,1
11,19,0,1,1,0,3,1,0,8,1,1,1,0,2,1,0,6,0,6,1
0,15,4,1,1,0,3,0,0,2,1,1,1,0,0,0,5,0,0,0,1
14,19,4,0,1,4,3,0,1,0,1,1,1,7,2,1,0,6,1,11,1
5,20,4,1,1,3,3,0,1,2,1,1,1,5,0,1,5,0,0,0,1
10,8,0,1,1,4,3,0,1,0,1,1,1,0,0,1,5,0,0,1,1
6,18,4,1,1,0,3,0,0,2,1,1,1,0,0,1,0,6,4,10,1
11,23,4,0,1,0,3,0,0,12,1,1,1,0,2,1,0,6,5,10,1
15,15,0,0,1,0,3,0,0,1,1,1,1,0,2,1,0,5,1,9,1
15,15,0,0,1,0,3,0,0,1,1,1,1,7,2,2,0,8,1,12,0
3,15,0,0,1,3,3,3,1,8,1,1,1,5,0,1,1,4,0,6,0
8,20,0,1,1,0,3,0,0,1,1,1,1,0,0,1,0,6,11,13,0
14,18,0,1,1,0,3,0,0,1,1,1,1,7,2,1,2,0,0,4,1
9,18,0,0,1,0,3,0,0,0,1,1,1,0,0,1,0,7,8,13,1
6,19,4,0,1,0,3,0,0,2,1,1,1,7,0,3,0,1,10,11,1
9,13,4,0,0,2,3,3,0,2,1,1,0,0,0,1,5,0,0,3,1
5,15,4,0,1,4,3,0,1,11,1,1,1,7,0,1,2,6,0,6,0
1,18,4,1,1,0,3,3,0,2,1,1,1,5,0,2,5,1,0,3,1
12,18,4,1,1,0,3,0,0,9,1,1,1,0,2,1,0,6,0,3,1
8,15,4,0,1,0,3,0,0,7,1,1,1,0,0,0,5,0,0,0,1
9,15,0,1,1,0,3,0,0,0,1,1,1,0,0,1,0,6,6,6,1
13,18,0,1,1,0,3,0,0,2,1,1,1,0,2,0,5,0,0,0,1
4,20,4,0,1,0,0,1,0,11,1,1,1,0,0,5,3,9,4,9,0
6,21,4,1,1,0,3,0,0,14,1,1,1,5,0,1,0,6,4,14,1
7,19,0,0,1,4,3,0,1,1,1,1,1,0,0,1,0,4,2,4,0
1,18,4,1,1,0,3,1,0,2,1,1,1,0,0,1,0,6,4,10,1
15,21,0,1,1,4,3,0,1,1,1,1,1,5,2,0,5,0,0,0,0
4,15,4,0,1,0,3,3,0,2,1,1,1,1,0,3,0,6,6,6,1
4,18,4,0,1,4,3,0,1,0,1,1,1,7,0,1,0,6,1,9,0
8,15,4,0,1,4,3,0,1,0,1,1,1,0,0,1,0,4,5,7,0
14,20,0,1,1,0,3,0,0,9,1,1,1,8,2,1,0,6,2,9,1
12,20,4,1,1,0,3,0,0,0,1,1,1,5,2,1,0,6,8,11,1
3,15,4,1,1,0,3,0,0,12,1,1,1,0,0,1,0,3,6,3,1
2,17,4,0,1,0,3,0,0,2,1,1,1,0,0,1,0,6,2,4,1
7,15,4,1,1,0,3,0,0,2,1,1,1,0,0,1,0,6,4,8,0
11,8,1,0,0,2,3,1,0,0,1,0,0,8,2,4,5,0,0,3,0
15,22,0,1,1,0,3,1,0,1,1,1,1,0,2,1,0,6,8,11,1
9,18,4,0,1,0,3,3,0,14,1,1,1,0,0,1,0,6,8,8,1
6,14,0,0,1,0,3,3,0,2,1,1,1,7,0,1,0,6,2,7,1
6,20,4,0,1,0,3,0,0,0,1,1,1,0,0,1,0,5,8,10,1
10,18,4,0,1,3,3,0,1,2,1,1,1,5,0,1,5,0,0,11,1
14,20,4,1,1,0,3,3,0,14,1,1,1,0,2,1,0,2,8,13,1
8,18,4,0,1,0,3,1,0,11,1,1,1,0,0,1,0,7,8,13,0
5,20,4,1,1,0,3,1,0,2,1,1,1,8,0,4,0,1,6,4,1
5,20,4,0,1,0,3,0,0,2,1,1,1,7,0,1,0,2,3,2,1
3,17,4,0,1,0,3,1,0,2,1,1,1,0,0,1,0,8,8,6,0
9,20,4,1,1,0,3,0,0,11,1,1,1,0,0,1,0,6,3,5,1
4,15,0,0,1,0,3,1,0,2,1,1,1,0,0,1,0,4,4,6,1
15,20,0,0,1,4,3,0,1,0,1,1,1,5,2,1,0,6,3,14,1
3,15,4,0,1,0,3,0,0,16,1,1,1,0,0,4,0,6,1,5,0
2,18,4,0,1,3,3,0,1,2,1,1,1,5,0,1,0,6,3,7,0
2,15,4,0,1,0,3,1,0,16,1,1,1,0,0,1,5,2,0,2,1
1,15,4,1,1,0,3,3,0,2,1,1,1,0,0,0,5,0,0,0,1
7,18,4,0,1,0,3,0,0,0,1,1,1,0,0,3,0,6,4,6,1
11,20,4,0,1,0,3,3,0,11,1,1,1,5,2,1,0,6,8,11,1
2,18,4,0,1,0,3,3,0,11,1,1,1,0,0,1,0,8,7,12,1
1,17,4,1,1,0,3,0,0,2,1,1,1,0,0,0,5,0,0,0,1
7,20,4,0,1,0,3,0,0,2,1,1,1,5,0,2,0,6,8,11,1
15,20,4,0,1,3,3,0,1,0,1,1,1,0,2,1,0,6,6,13,1
10,20,4,1,0,0,3,3,0,11,1,1,0,0,0,0,5,0,0,5,0
14,19,0,0,1,0,3,0,0,0,1,1,1,1,2,1,0,6,8,14,0
13,18,4,1,1,0,3,0,0,2,1,1,1,0,2,1,0,6,3,13,1
2,18,4,1,1,0,3,0,0,2,1,1,1,0,0,1,0,3,5,2,1
1,18,4,0,1,0,3,1,0,16,1,1,1,5,0,2,0,1,2,3,1
3,13,4,0,1,0,3,0,0,15,1,1,1,7,0,0,5,0,0,0,0
9,15,3,0,1,0,3,0,0,2,1,1,1,6,0,1,0,5,8,8,1
7,18,4,1,1,0,3,3,0,10,1,1,1,0,0,1,0,6,8,8,0
9,20,4,0,0,0,3,0,0,2,1,1,0,0,0,1,0,1,6,3,1
12,20,4,1,1,0,3,0,0,11,1,1,1,0,2,1,0,6,8,13,0
7,19,4,1,1,0,3,0,0,2,1,1,1,0,0,0,5,0,0,0,1
1,15,4,0,1,0,3,0,0,9,1,1,1,0,0,1,0,2,11,3,0
15,15,0,1,1,4,3,1,1,0,1,1,1,0,2,1,0,6,2,9,1
10,15,4,1,1,0,3,0,0,12,1,1,1,7,0,6,0,6,6,8,1
0,18,4,1,1,0,3,0,0,16,1,1,1,7,0,0,5,0,0,0,0
0,15,4,1,1,0,3,0,0,2,1,1,1,0,0,9,2,3,0,1,1
13,21,0,1,1,4,3,0,1,0,1,1,1,5,2,1,0,6,4,14,1
5,15,4,0,1,0,3,0,0,2,1,1,1,0,0,5,2,6,0,2,1
3,21,4,0,1,0,3,0,0,14,1,1,1,0,2,0,5,0,0,7,1
12,21,0,1,1,0,3,1,0,0,1,1,1,0,2,2,0,9,4,13,0
15,20,0,0,1,0,0,0,0,0,1,1,1,0,2,5,3,6,9,14,0
10,16,4,0,0,0,3,0,0,15,1,1,0,0,0,0,5,0,0,0,0
11,10,0,1,1,4,3,0,1,8,1,1,1,7,2,4,0,6,0,0,1
0,17,4,1,1,0,3,0,0,16,1,1,1,1,0,1,0,1,1,1,0
11,20,0,0,1,3,3,1,1,0,1,1,1,5,2,4,0,6,11,14,0
10,21,0,1,1,3,3,0,1,1,1,1,1,5,0,2,0,6,8,12,0
1,17,4,0,0,4,3,3,1,0,1,0,1,5,0,0,5,0,0,2,0
9,20,4,0,1,0,3,3,0,11,1,1,1,0,0,1,0,6,10,12,0
10,20,4,0,1,0,3,0,0,0,1,1,1,0,0,1,0,7,5,14,0
11,22,0,0,1,0,3,0,0,7,1,1,1,8,0,1,0,6,3,10,1
14,0,4,1,1,4,3,0,1,0,1,1,1,1,2,0,5,0,0,7,1
12,18,0,1,1,0,3,0,0,0,1,1,1,0,2,1,0,6,3,11,1
12,2,0,1,1,3,1,0,1,16,1,1,1,7,2,1,0,7,10,4,0
15,17,0,0,1,4,3,0,1,1,1,1,1,7,2,1,0,9,4,13,1
4,21,4,1,1,4,3,0,1,2,1,1,1,5,0,1,0,2,2,3,1
3,18,0,1,1,0,3,0,0,8,1,1,1,5,0,1,1,2,0,5,1
14,15,4,0,1,0,3,3,0,0,1,1,1,7,2,1,0,6,4,10,1
11,21,0,0,1,0,3,0,0,0,1,1,1,5,2,2,0,8,8,14,0
5,18,4,1,0,0,3,0,0,2,1,1,1,7,0,1,5,2,0,4,1
9,18,4,1,1,3,3,0,1,0,1,1,1,5,0,4,5,0,0,1,1
5,5,0,0,1,0,2,3,0,2,0,1,1,3,0,0,3,7,10,2,1
5,20,4,1,1,3,3,0,1,2,1,1,1,5,0,1,5,0,0,0,1
12,17,2,1,1,0,3,3,0,1,1,1,1,0,2,1,0,9,1,6,1
12,2,0,1,1,3,3,0,1,16,1,1,1,2,0,6,0,5,5,4,0
14,12,0,0,1,0,3,0,0,0,1,1,1,0,2,1,0,6,2,13,1
8,17,0,1,1,0,3,0,0,0,1,1,1,7,0,1,0,6,3,5,1
13,18,0,1,1,4,3,0,1,1,1,1,1,0,2,1,5,0,0,0,1
4,20,4,0,1,0,3,0,0,14,1,1,1,4,0,3,0,9,8,12,1
10,20,4,1,1,0,3,3,0,2,1,1,1,0,0,0,5,0,0,0,1
13,20,0,1,1,0,3,1,0,0,1,1,1,0,2,1,0,8,3,12,0
11,17,0,1,1,0,3,0,0,1,1,1,1,0,2,3,0,6,3,11,1
4,20,4,1,1,0,3,0,0,2,1,1,1,7,0,1,0,6,8,8,1
10,1,3,0,1,3,3,3,1,15,1,1,1,0,0,7,5,6,0,4,0
9,18,4,1,1,0,3,0,0,2,1,1,1,5,0,4,0,6,8,9,0
11,15,0,0,1,0,3,3,0,1,1,1,1,0,2,1,0,8,8,11,1
9,3,3,1,1,3,1,3,1,14,1,1,1,7,2,1,0,6,10,7,1
7,20,4,1,1,0,3,0,0,11,1,1,1,0,0,4,0,7,1,11,0
6,14,0,0,1,0,3,3,0,2,1,1,0,6,0,1,4,3,7,6,1
2,15,0,0,1,4,3,1,1,8,1,1,1,0,0,1,2,2,0,0,0
15,15,4,0,1,3,3,0,1,2,1,1,1,7,2,0,5,0,0,0,1
7,17,4,1,1,0,3,0,0,4,1,1,1,7,0,1,0,5,2,7,1
10,15,4,1,1,0,3,0,0,2,1,1,1,0,0,1,0,6,11,6,1
10,15,4,0,1,0,3,1,0,0,1,1,1,0,0,1,0,5,11,6,1
0,13,4,1,1,0,3,0,0,2,1,1,1,0,0,1,5,0,0,0,0
14,19,0,1,1,0,3,1,0,1,1,1,1,8,2,1,5,0,0,2,1
10,21,0,1,1,0,3,3,0,0,1,1,1,0,0,1,0,8,8,13,0
12,15,4,0,1,0,3,1,0,0,1,1,1,0,2,6,0,6,3,11,1
15,18,4,0,1,3,3,0,1,2,1,1,1,7,2,1,0,6,3,5,1
1,18,4,1,1,0,3,0,0,16,1,1,1,5,0,2,5,1,0,2,0
3,18,4,1,1,0,3,1,0,12,1,1,1,0,0,1,0,6,2,5,0
15,21,0,1,1,3,3,0,1,1,1,1,1,5,2,0,5,0,0,0,1
6,18,4,1,1,0,3,0,0,5,1,1,1,0,0,0,5,0,0,4,1
8,18,4,1,1,0,3,3,0,9,1,1,1,8,0,1,0,6,8,7,1
13,21,0,1,1,4,3,3,1,1,1,1,1,5,2,0,5,0,0,0,1
13,15,4,0,1,0,3,1,0,15,1,1,1,0,2,1,5,6,0,1,0
11,21,0,1,1,4,3,0,1,8,1,1,1,5,2,1,0,7,0,9,1
0,18,4,1,1,0,3,0,0,2,1,1,1,7,0,1,5,0,0,0,1
4,20,4,1,1,0,3,0,0,11,1,1,1,5,0,1,0,1,4,3,1
11,19,4,1,1,0,3,0,0,2,1,1,1,0,2,1,0,6,5,9,1
12,21,0,1,1,0,3,1,0,0,1,1,1,0,2,6,0,7,0,13,1
0,17,4,1,1,0,3,1,0,16,1,1,1,0,0,3,5,1,0,1,1
10,20,0,1,1,0,3,1,0,2,1,1,1,8,0,1,0,6,3,12,1
7,16,4,0,1,0,3,0,0,2,1,1,1,0,0,1,0,6,10,5,1
11,20,4,1,1,0,3,0,0,0,1,1,1,0,2,1,1,3,0,5,1
15,18,4,1,1,0,3,1,0,2,1,1,1,0,2,1,0,3,1,4,1
1,15,4,0,1,0,3,0,0,11,1,1,1,0,0,1,0,4,3,5,0
3,15,4,1,1,0,3,0,0,2,1,1,1,7,0,9,2,0,0,0,1
13,20,0,1,1,3,3,0,1,1,1,1,1,5,2,0,5,0,0,0,1
15,20,0,1,1,0,3,0,0,0,1,1,1,7,2,4,0,9,11,11,1
2,13,4,0,1,4,3,3,1,9,1,1,1,0,0,1,2,4,0,6,1
5,22,0,0,1,0,3,1,0,15,1,1,1,0,0,1,5,9,0,0,0
6,4,0,0,1,4,3,3,1,14,1,1,1,7,0,3,0,6,5,10,1
9,13,4,0,1,0,3,0,0,2,1,1,1,0,0,1,0,6,6,12,1
7,18,0,1,1,0,3,0,0,1,1,1,1,0,0,1,0,6,3,9,0
6,21,4,0,1,0,3,0,0,0,1,1,1,5,0,2,0,6,6,13,1
1,15,4,1,1,0,3,0,0,2,1,1,1,0,0,0,5,0,0,0,1
15,17,0,1,1,0,3,0,0,1,1,1,1,0,2,4,0,2,4,2,1
3,18,4,0,1,0,3,0,0,2,1,1,1,1,0,1,5,2,0,2,1
1,18,4,1,1,0,3,1,0,2,1,1,1,0,0,2,2,0,0,0,1
2,13,4,0,0,0,3,1,0,2,1,1,0,0,0,0,5,0,0,0,1
7,15,4,0,1,0,3,0,0,2,1,1,1,0,0,1,0,3,4,10,1
6,18,0,1,1,0,3,3,0,1,1,1,1,0,0,7,1,2,0,5,1
8,20,4,0,1,0,3,0,0,2,1,1,1,5,0,1,0,6,7,12,1
13,15,0,1,1,0,3,3,0,0,1,1,1,0,2,9,2,0,0,0,1
12,21,4,0,1,4,3,0,1,5,1,1,1,5,2,2,0,6,3,14,0
13,8,4,0,1,4,3,0,1,15,1,1,1,1,2,1,5,0,0,1,1
15,15,0,1,1,0,3,3,0,0,1,1,1,0,2,0,5,0,0,0,1
6,18,4,1,1,4,3,0,1,0,1,1,1,5,0,1,0,6,8,12,1
1,18,0,1,1,0,3,0,0,16,1,1,1,0,0,2,5,1,0,2,1
0,18,4,1,1,2,3,0,0,2,1,1,1,5,0,1,5,0,0,0,1
13,16,4,0,1,0,3,3,0,12,1,1,1,0,2,1,0,7,10,13,1
5,20,4,1,1,3,3,0,1,2,1,1,1,5,0,1,5,0,0,0,1
13,18,4,0,1,0,3,0,0,2,1,1,1,7,2,1,0,6,5,10,1
6,18,4,1,1,0,3,0,0,12,1,1,1,0,0,1,0,6,6,9,1
1,15,4,0,1,0,3,3,0,11,1,1,1,0,0,6,5,1,0,2,0
13,18,0,1,1,0,3,1,0,1,1,1,1,0,2,7,5,0,0,0,1
10,10,4,1,1,0,3,0,0,0,1,1,1,0,0,5,0,6,3,3,1
9,20,4,1,1,0,3,1,0,0,1,1,1,0,0,3,0,6,2,12,1
8,20,4,0,0,0,3,0,0,12,1,1,0,0,0,2,5,3,0,3,0
8,15,4,0,1,0,3,1,0,2,1,1,1,5,0,1,0,6,8,8,1
2,18,4,1,1,0,3,0,0,2,1,1,1,0,0,1,0,1,9,4,1
14,15,0,1,1,0,3,1,0,2,1,1,1,8,2,0,5,0,0,5,1
8,17,4,0,1,4,3,0,1,2,1,1,1,5,0,1,5,0,0,1,1
8,20,4,1,1,0,3,0,0,11,1,1,1,0,0,1,0,1,3,3,1
11,20,0,0,1,0,3,1,0,0,1,1,1,0,2,1,2,6,0,14,1
4,19,4,0,1,0,3,1,0,2,1,1,1,8,0,1,5,0,0,0,1
11,11,4,0,1,4,3,0,1,7,1,1,1,7,2,3,0,6,10,6,1
15,18,0,1,1,4,3,0,1,0,1,1,1,5,2,1,2,0,0,0,1
6,20,4,1,1,0,3,0,0,12,1,1,1,0,0,1,0,3,5,6,0
3,13,0,1,1,0,3,0,0,8,1,1,1,0,0,1,0,6,5,7,1
1,18,4,0,1,0,3,0,0,11,1,1,1,0,0,1,2,1,0,4,0
14,19,4,0,1,0,3,0,0,0,1,1,1,7,2,1,5,0,0,0,1
10,17,2,0,1,0,3,0,0,15,1,1,1,1,0,4,5,6,0,2,0
12,13,0,0,1,0,3,0,0,8,1,1,1,7,2,1,0,3,5,7,1
13,19,0,1,1,2,3,1,0,1,1,1,1,8,2,7,5,0,0,0,1
15,21,0,0,1,0,3,0,0,1,1,1,1,0,2,1,0,6,3,14,1
11,20,0,0,1,0,3,1,0,1,1,1,1,0,2,1,0,8,3,11,0
5,18,4,0,1,0,3,1,0,2,1,1,1,0,0,1,0,6,5,6,1
8,19,4,1,1,3,3,0,1,2,1,1,1,5,0,1,0,2,6,6,1
10,17,0,0,1,4,3,0,1,1,1,1,1,0,0,1,0,6,8,13,1
4,18,4,0,1,0,3,0,0,0,1,1,1,0,0,1,0,7,6,9,0
10,15,0,1,1,0,3,1,0,1,1,1,1,0,0,1,5,0,0,0,1
7,20,4,1,1,2,3,3,0,0,1,1,1,0,0,1,0,4,6,8,0
1,15,4,1,1,0,3,1,0,0,1,1,1,0,0,1,0,3,5,5,0
9,20,4,1,1,0,3,0,0,12,1,1,1,0,0,1,0,4,3,9,1
3,20,4,0,1,0,3,0,0,2,1,1,1,5,0,5,0,6,6,2,0
0,15,4,1,0,0,3,2,0,2,1,1,1,0,0,1,0,4,6,1,1
5,20,4,1,1,0,3,3,0,4,1,1,1,5,0,1,0,4,3,6,1
2,18,4,1,1,3,3,3,1,0,1,1,1,7,0,0,5,0,0,4,0
8,20,4,1,1,4,3,0,1,2,1,1,1,5,0,1,5,0,0,0,1
13,21,0,0,1,3,3,0,1,1,1,1,1,5,2,7,1,6,0,14,1
15,17,0,0,1,3,3,0,1,1,1,1,1,0,2,1,0,9,1,12,1
8,20,4,0,1,0,3,0,0,0,1,1,1,0,0,1,0,8,6,12,0
1,18,4,0,1,3,3,0,1,2,1,1,1,5,0,0,5,0,0,0,1
3,15,4,1,1,4,3,0,1,11,1,1,1,0,0,1,0,6,8,5,1
6,20,4,0,1,0,3,0,0,10,1,1,1,0,0,1,0,6,3,10,0
2,18,4,1,1,0,3,0,0,2,1,1,1,1,0,0,5,0,0,4,1
11,15,4,0,0,0,3,3,0,15,1,1,0,1,2,0,5,0,0,0,1
13,15,4,0,1,0,3,0,0,15,1,1,1,1,2,0,5,0,0,0,1
7,18,0,0,1,0,3,0,0,1,1,1,1,0,0,1,0,6,11,14,1
2,15,4,0,1,0,3,0,0,2,1,1,1,7,0,1,0,2,6,3,1
2,17,4,1,1,3,3,0,1,16,1,1,1,0,0,1,0,2,1,5,0
4,15,0,1,1,0,3,0,0,3,1,1,1,6,0,2,0,2,1,3,0
13,19,4,1,1,0,3,1,0,2,1,1,1,5,2,1,0,2,10,4,1
9,18,4,1,1,0,3,0,0,5,1,1,1,0,0,1,0,8,2,6,1
3,15,4,1,0,0,3,0,0,9,1,1,0,5,0,0,5,0,0,0,1
14,18,0,0,1,3,3,0,1,0,1,1,1,0,2,1,0,6,8,14,0
11,21,4,0,1,0,3,0,0,14,1,1,1,0,2,1,0,6,6,13,1
9,20,0,0,1,0,3,1,0,0,1,1,1,0,0,3,0,6,6,12,1
7,15,4,1,1,0,3,0,0,5,1,1,1,5,0,1,0,6,10,8,1
1,18,4,0,1,0,3,1,0,2,1,1,1,5,0,1,0,2,5,4,0
0,15,4,0,1,0,3,0,0,2,1,1,1,0,0,0,5,0,0,0,1
5,20,4,0,1,0,3,0,0,2,1,1,1,5,0,1,0,6,3,5,1
5,20,4,1,0,0,3,1,0,2,1,1,0,0,0,1,0,2,7,3,0
6,18,4,0,1,0,3,3,0,14,1,1,1,0,0,6,0,2,0,7,1
12,15,4,0,1,0,3,3,0,0,1,1,1,7,2,1,0,8,2,11,1
6,20,4,0,1,0,3,0,0,12,1,1,1,0,0,1,0,6,6,12,1
11,20,4,0,1,0,3,1,0,0,1,1,1,0,2,1,0,6,6,9,1
4,18,4,0,1,0,1,3,0,2,1,1,1,0,0,1,0,6,4,13,1
1,14,0,0,0,0,3,0,0,2,0,1,0,6,0,0,4,2,10,5,0
15,20,4,1,1,0,3,0,0,2,1,1,1,5,2,1,0,6,10,10,1
13,18,4,1,1,0,3,1,0,2,1,1,1,8,2,1,0,1,4,6,1
9,5,4,1,0,2,3,0,0,4,0,0,0,0,0,1,0,6,10,7,1
4,20,4,0,1,0,3,0,0,11,1,1,1,5,0,0,5,0,0,0,1
15,16,4,0,1,0,3,0,0,15,1,1,1,0,2,0,5,0,0,0,1
5,18,4,0,1,3,3,0,1,2,1,1,1,5,0,1,0,6,6,5,1
0,13,4,1,1,4,3,0,1,10,1,1,1,0,0,1,5,6,0,5,0
1,18,4,0,1,0,3,0,0,2,1,1,1,5,0,1,0,4,4,2,1
1,18,4,0,1,0,3,1,0,2,1,1,1,5,0,2,0,6,8,8,1
13,0,4,0,1,0,3,0,0,15,1,1,1,1,2,0,5,0,0,1,0
10,16,0,0,1,0,3,0,0,15,1,1,1,7,0,1,0,7,10,9,1
12,20,0,1,1,0,3,2,0,1,1,1,1,0,2,2,0,6,1,10,1
9,7,4,1,0,2,3,0,0,12,0,0,0,7,0,1,0,4,10,7,1
5,15,4,1,1,0,3,1,0,7,1,1,1,0,0,1,2,0,0,4,1
1,15,4,0,1,0,3,3,0,2,1,1,1,0,0,1,2,6,0,4,1
8,20,4,0,1,3,3,0,1,0,1,1,1,0,0,1,0,6,4,5,1
12,14,0,1,1,0,3,0,0,0,1,1,1,7,2,1,0,6,8,11,1
14,20,0,1,1,0,3,0,0,0,1,1,1,5,2,0,5,0,0,0,1
5,20,4,0,1,0,3,1,0,2,1,1,1,0,0,1,0,4,3,5,1
13,20,2,1,1,0,3,0,0,0,1,1,1,0,2,1,0,9,4,14,1
11,20,4,1,1,0,3,0,0,12,1,1,1,7,2,1,2,8,0,9,0
13,15,0,0,1,0,3,0,0,1,1,1,1,5,2,1,0,6,6,6,1
3,15,4,1,1,4,3,0,1,9,1,1,1,7,0,0,5,0,0,0,1
1,15,4,0,1,0,3,0,0,2,1,1,1,0,0,4,0,2,5,2,1
4,17,2,1,1,0,3,3,0,2,1,1,1,3,0,4,0,7,3,2,1
14,6,2,0,1,4,3,0,1,12,1,1,1,7,2,1,0,6,8,9,1
14,20,4,0,1,0,3,0,0,0,1,1,1,0,2,1,0,6,5,14,0
7,18,4,0,1,0,3,0,0,0,1,1,1,0,0,1,0,4,3,5,1
9,17,0,1,1,0,3,0,0,0,1,1,1,0,0,1,5,0,0,0,0
8,16,4,0,1,0,3,0,0,2,1,1,1,0,0,1,1,6,0,10,1
10,18,4,1,1,0,3,0,0,2,1,1,1,2,0,1,0,6,7,9,1
6,20,0,1,1,0,3,1,0,0,1,1,1,8,0,1,0,4,1,13,1
7,15,4,0,1,0,3,0,0,0,1,1,1,7,0,1,0,8,1,11,1
11,15,4,0,1,4,3,0,1,0,1,1,1,0,2,1,0,6,1,5,0
0,18,4,1,1,0,3,0,0,2,1,1,1,5,0,1,2,1,0,3,1
3,15,0,1,1,0,3,0,0,1,1,1,1,7,0,1,0,2,5,3,1
12,20,4,0,1,0,3,0,0,11,1,1,1,5,2,3,0,6,7,12,0
14,21,4,1,1,4,3,0,1,0,1,1,1,5,2,1,0,4,4,2,1
9,20,4,0,1,0,3,1,0,0,1,1,1,0,0,3,0,6,2,6,1
7,15,4,0,1,0,3,3,0,2,1,1,1,7,0,1,0,6,2,4,1
12,14,0,0,1,0,3,0,0,0,1,1,1,7,2,3,0,6,10,12,1
1,18,4,0,1,0,3,0,0,16,1,1,1,5,0,1,0,6,1,8,1
0,15,4,0,1,0,3,0,0,2,1,1,1,0,0,0,5,0,0,0,1
0,17,4,0,1,0,3,0,0,2,1,1,1,0,0,1,1,4,0,1,1
0,18,4,1,1,0,3,0,0,2,1,1,1,0,0,0,5,0,0,0,1
7,21,4,1,1,4,3,3,1,0,1,1,1,5,0,0,5,0,0,0,0
15,20,0,0,1,3,3,0,1,0,1,1,1,5,2,1,0,6,3,2,1
10,20,4,0,1,0,3,0,0,15,1,1,1,0,0,2,5,0,0,0,1
11,8,4,0,1,4,3,0,1,7,1,0,1,1,0,6,0,6,8,4,1
8,21,0,0,1,0,3,1,0,0,1,1,1,0,0,1,0,9,2,14,0
3,20,4,1,1,0,3,1,0,2,1,1,1,0,0,1,1,2,0,4,1
2,15,4,0,1,0,3,0,0,15,1,1,1,7,0,0,5,0,0,0,0
5,18,4,1,1,0,3,0,0,12,1,1,1,0,0,1,0,6,1,6,1
8,21,4,0,1,0,3,0,0,11,1,1,1,1,0,3,0,6,8,11,0
1,14,4,1,0,0,3,3,0,2,1,1,0,0,0,0,5,0,0,5,1
13,20,4,1,1,0,3,3,0,10,1,1,1,5,2,7,0,9,7,13,1
5,20,4,1,1,0,3,0,0,2,1,1,1,5,0,1,5,2,0,4,1
14,0,4,0,0,0,3,1,0,0,1,1,0,0,2,0,5,0,0,6,1
5,20,4,0,1,0,3,1,0,2,1,1,1,0,0,1,0,6,10,11,1
1,17,4,0,1,0,3,3,0,7,1,1,1,0,0,0,5,0,0,0,1
11,16,4,0,1,3,3,0,1,2,1,1,1,8,2,1,0,3,6,4,1
15,15,0,1,1,0,3,1,0,8,1,1,1,0,2,4,0,4,1,5,1
14,19,4,0,1,0,3,3,0,0,1,1,1,0,2,1,0,6,0,9,0
9,15,0,1,1,0,3,1,0,0,1,1,1,0,0,3,0,6,3,12,0
15,18,4,1,1,4,3,0,1,0,1,1,1,0,2,1,0,6,4,12,1
4,18,4,1,1,0,3,0,0,0,1,1,1,5,0,1,0,6,1,9,1
13,18,4,1,1,0,3,1,0,2,1,1,1,0,2,1,0,5,4,10,1
10,20,4,0,1,0,0,1,0,16,1,1,1,5,0,5,3,1,2,4,1
1,18,4,0,1,0,3,0,0,16,1,1,1,0,0,1,0,1,2,2,0
6,19,4,0,1,0,3,1,0,0,1,1,1,8,0,1,0,6,3,10,1
5,20,4,0,1,0,3,0,0,2,1,1,1,1,0,5,0,6,4,2,1
14,18,0,1,1,0,3,0,0,1,1,1,1,0,2,2,5,0,0,0,1
0,15,4,0,1,0,3,3,0,2,1,1,1,8,0,1,5,2,0,3,1
8,18,0,0,1,0,3,1,0,1,1,1,1,0,0,2,5,0,0,0,1
1,18,4,0,1,0,3,0,0,9,1,1,1,5,0,0,5,0,0,0,1
3,20,4,1,1,0,3,1,0,0,1,1,1,0,0,1,2,2,0,3,0
0,18,4,1,1,0,3,0,0,11,1,1,1,0,0,1,0,2,1,4,1
8,20,4,0,1,0,3,1,0,0,1,1,1,8,0,1,0,7,11,12,0
12,20,4,1,1,4,3,0,1,14,1,1,1,5,2,0,5,0,0,0,1
5,19,4,1,1,3,3,3,1,2,1,1,1,5,0,1,0,1,8,3,1
8,18,4,0,1,0,3,0,0,2,1,1,1,0,0,1,0,9,4,5,1
1,15,4,1,1,0,3,3,0,12,1,1,1,7,0,1,0,2,3,5,1
11,19,0,1,1,0,3,0,0,0,1,1,1,0,2,1,0,6,3,14,1
12,20,4,1,1,0,3,0,0,16,1,1,1,1,0,4,0,2,5,4,1
0,17,4,1,0,0,2,0,0,3,0,1,1,0,0,1,0,2,4,5,1
1,14,4,1,1,0,3,0,0,14,1,1,1,5,0,1,0,2,1,2,1
4,15,4,0,1,0,3,0,0,14,1,1,1,0,0,1,0,6,6,10,0
13,15,0,0,1,0,3,1,0,1,1,1,1,0,2,1,0,9,8,14,0
6,15,0,1,1,1,3,3,0,11,1,1,1,0,0,2,0,4,10,6,1
5,15,4,0,1,0,3,1,0,11,1,1,1,0,0,6,5,4,0,4,1
12,18,4,1,1,0,3,0,0,2,1,1,1,7,2,1,0,1,8,1,1
7,22,1,1,1,3,3,1,0,14,1,1,1,0,0,3,0,9,5,11,1
0,19,4,1,1,0,3,0,0,2,1,1,1,0,0,1,0,1,2,3,1
4,20,4,0,1,0,3,0,0,2,1,1,1,8,0,1,2,0,0,0,1
3,15,4,0,1,4,3,0,1,2,1,1,1,0,0,1,5,0,0,0,1
3,15,4,0,1,0,3,0,0,2,1,1,1,0,0,1,0,6,4,8,1
12,20,0,0,1,0,3,0,0,1,1,1,1,0,2,1,0,6,10,13,1
9,0,3,0,1,4,3,0,1,2,1,1,1,6,0,0,5,0,0,3,1
7,19,4,1,1,0,3,0,0,2,1,1,1,1,0,3,0,4,2,4,1
1,18,4,1,1,0,3,0,0,2,1,1,1,0,0,2,0,2,2,2,1
5,17,4,1,1,0,3,1,0,12,1,1,1,7,2,3,0,6,11,6,1
14,20,0,1,1,4,3,0,1,1,1,1,1,5,2,1,0,6,11,13,1
11,15,4,1,1,0,3,3,0,0,1,1,1,1,2,4,2,6,0,5,1
11,16,4,0,0,0,3,0,0,3,0,0,0,0,2,1,0,6,10,5,1
14,11,0,0,1,4,3,0,1,1,1,1,1,0,2,6,0,9,3,14,1
12,14,0,0,1,0,3,0,0,15,1,1,1,7,2,0,5,0,0,0,1
1,15,4,0,1,0,3,3,0,11,1,1,1,0,0,1,0,4,10,4,1
10,18,4,0,1,0,3,1,0,0,1,1,1,0,0,7,2,1,0,2,1
9,23,0,1,1,4,3,1,1,0,1,1,1,0,0,1,0,8,7,7,0
9,19,4,0,1,0,3,3,0,0,1,1,1,7,0,3,0,5,2,6,1
3,15,4,0,1,0,3,0,0,12,1,1,1,0,0,1,0,9,2,14,1
1,18,4,0,1,0,3,0,0,16,1,1,1,0,0,1,5,1,0,3,0
15,20,4,0,1,0,3,1,0,0,1,1,1,0,2,1,0,6,4,14,1
6,14,4,0,1,0,3,1,0,11,1,1,1,0,0,1,5,0,0,5,0
1,15,4,0,0,3,3,0,0,2,0,1,1,0,0,1,0,2,5,1,1
8,20,4,1,1,0,3,1,0,2,1,1,1,0,0,1,2,4,0,3,1
1,18,4,0,1,0,3,1,0,2,1,1,1,0,0,1,0,1,2,2,1
12,16,4,0,1,0,3,0,0,2,1,1,1,7,2,1,0,5,4,10,1
11,19,0,1,1,0,3,1,0,0,1,1,1,0,2,2,0,6,11,9,0
14,8,3,1,1,0,3,2,0,0,1,0,1,4,2,6,5,5,0,4,1
11,10,4,0,1,0,3,3,0,7,1,1,1,0,2,0,5,0,0,0,1
5,18,4,0,1,0,3,3,0,2,1,1,1,0,0,1,0,9,6,10,1
8,0,4,0,1,4,3,0,1,12,1,1,1,7,0,1,0,6,3,6,1
13,18,0,1,1,3,3,0,1,1,1,1,1,5,2,1,0,2,7,4,1
1,18,4,1,1,3,3,3,1,2,1,1,1,0,0,0,5,0,0,0,1
9,20,0,0,1,0,3,3,0,0,1,1,1,7,0,1,2,6,0,8,0
11,20,4,1,1,0,3,1,0,0,1,1,1,8,2,1,0,6,1,9,0
15,18,4,1,1,0,3,1,0,10,1,1,1,0,2,1,0,6,5,3,1
4,18,2,0,1,0,3,0,0,2,1,1,1,0,0,1,0,6,8,11,1
10,14,4,1,1,0,3,3,0,11,1,1,1,7,0,1,0,5,7,6,1
2,15,4,1,1,0,3,2,0,0,1,1,1,0,0,1,0,1,3,1,0
9,20,4,1,1,3,3,0,1,2,1,1,1,5,0,1,0,6,6,6,1
4,12,1,1,0,2,3,0,0,0,1,0,0,3,0,4,5,0,0,2,1
14,20,4,0,1,4,3,0,1,2,1,1,1,5,2,1,0,6,6,12,1
4,20,4,0,1,0,3,0,0,14,1,1,1,0,0,1,0,6,10,13,1
4,15,4,0,1,0,3,0,0,14,1,1,1,1,0,1,0,6,1,7,1
2,13,4,1,1,0,3,0,0,2,1,1,1,7,0,1,0,2,3,6,1
11,20,0,1,1,4,3,0,1,1,1,1,1,5,2,0,5,0,0,0,0
0,15,4,1,0,0,3,2,0,6,1,1,0,8,0,0,5,0,0,6,1
12,20,0,1,1,0,3,1,0,0,1,1,1,0,2,1,0,6,2,14,0
15,18,2,0,1,0,0,0,0,0,1,1,1,0,2,5,3,9,1,12,1
13,15,0,1,1,4,3,0,1,1,1,1,1,0,2,0,5,0,0,0,1
0,18,4,0,1,0,3,0,0,16,1,1,1,0,0,1,5,1,0,2,0
5,18,4,1,1,0,3,0,0,2,1,1,1,8,0,1,0,6,10,7,1
12,19,0,1,1,0,3,1,0,2,1,1,1,8,2,1,5,0,0,0,1
3,20,4,1,1,0,3,1,0,11,1,1,1,0,0,2,0,9,4,11,0
4,15,4,0,1,0,3,0,0,2,1,1,1,0,0,1,0,6,11,9,1
3,16,4,0,1,0,3,0,0,15,1,1,1,0,0,1,5,0,0,0,0
2,19,4,0,1,4,0,0,1,16,1,1,1,0,0,5,3,1,2,2,1
4,15,4,0,1,0,3,3,0,11,1,1,1,0,0,1,0,2,6,6,0
10,18,0,1,1,0,3,0,0,0,1,1,1,0,0,6,0,4,8,7,1
8,15,4,0,1,4,3,0,1,5,1,1,1,5,0,1,0,3,4,2,0
2,18,4,1,1,0,3,0,0,0,1,1,1,7,0,1,0,2,1,4,1
4,20,4,1,1,0,3,1,0,0,1,1,1,4,0,3,0,8,7,12,1
2,15,4,1,1,0,3,0,0,2,1,1,1,0,0,1,0,1,2,4,1
11,21,4,0,1,3,3,0,1,2,1,1,1,5,2,1,0,8,6,12,1
9,15,4,0,1,4,3,0,1,2,1,1,1,5,0,1,0,6,5,6,1
0,15,4,0,1,0,3,1,0,2,1,1,1,0,0,1,0,9,0,8,1
2,15,4,1,1,0,3,0,0,16,1,1,1,0,0,1,5,9,0,4,0
7,18,4,1,1,0,3,2,0,0,1,1,1,0,0,1,0,2,3,6,0
13,17,4,1,1,0,3,0,0,12,1,1,1,0,2,2,0,7,4,10,1
15,15,0,1,1,0,3,0,0,1,1,1,1,7,2,0,5,0,0,0,1
15,19,4,0,1,0,3,1,0,2,1,1,1,5,2,1,0,3,6,14,1
6,20,4,0,1,0,3,0,0,11,1,1,1,0,0,1,0,4,3,8,1
13,15,0,1,1,0,3,1,0,0,1,1,1,0,2,1,0,6,6,12,1
5,20,4,0,1,0,3,3,0,10,1,1,1,5,0,4,5,6,0,3,0
11,20,0,1,1,3,3,0,1,1,1,1,1,0,2,1,0,6,10,13,0
7,20,4,0,1,0,3,0,0,0,1,1,1,0,0,7,2,4,0,5,0
4,18,4,1,1,0,3,0,0,0,1,1,1,7,0,1,0,2,9,2,1
5,15,4,0,1,2,3,3,0,2,1,1,1,0,0,1,0,5,3,6,1
5,20,4,0,1,4,3,0,1,2,1,1,1,5,0,1,0,5,5,6,0
15,20,4,1,0,0,3,1,0,0,1,1,0,0,2,2,5,0,0,0,1
0,15,4,0,1,0,3,0,0,16,1,1,1,0,0,1,5,6,0,6,1
4,20,4,0,1,4,3,3,1,11,1,1,1,0,0,1,0,9,6,5,0
4,17,4,1,1,0,3,1,0,16,1,1,1,0,0,1,5,1,0,3,0
7,18,4,1,1,0,3,0,0,0,1,1,1,0,0,1,0,6,3,10,0
1,18,4,1,1,0,3,1,0,16,1,1,1,8,0,2,5,0,0,0,0
15,15,0,0,1,4,3,0,1,1,1,1,1,7,2,6,0,6,3,5,1
13,15,4,1,0,0,3,0,0,12,1,1,0,7,2,0,5,0,0,5,1
14,18,4,1,1,0,3,0,0,2,1,1,1,0,2,1,5,0,0,0,1
5,15,4,0,1,4,3,3,1,14,1,1,1,0,0,1,0,6,6,10,0
7,22,4,1,1,0,3,1,0,7,1,1,1,8,0,1,0,6,6,10,1
9,16,4,0,1,0,3,0,0,2,1,1,1,7,0,0,5,0,0,0,1
1,18,4,1,1,0,3,0,0,2,1,1,1,7,0,0,5,0,0,0,1
7,2,0,1,1,3,3,0,1,5,1,1,1,7,0,6,0,5,3,6,1
11,20,0,1,1,0,3,3,0,8,1,1,1,5,2,1,0,6,5,8,1
3,18,4,1,1,0,3,1,0,0,1,1,1,0,0,1,0,6,6,4,0
15,15,0,1,1,0,3,0,0,0,1,1,1,0,2,1,0,6,4,10,1
13,18,0,1,1,0,3,3,0,0,1,1,1,0,2,1,0,6,5,7,0
10,21,4,1,1,0,3,0,0,14,1,1,1,0,0,1,0,8,10,14,1
6,18,0,1,1,0,1,1,0,1,1,1,1,0,2,1,0,0,11,6,1
1,18,4,0,1,0,3,3,0,2,1,1,1,0,0,1,0,2,8,5,1
9,18,4,1,1,0,3,3,0,14,1,1,1,0,0,1,0,4,6,8,1
10,20,4,0,1,0,3,0,0,0,1,1,1,0,0,1,0,6,3,13,1
2,18,4,1,1,0,3,1,0,2,1,1,1,0,0,1,0,4,6,2,1
0,15,4,0,1,0,3,1,0,16,1,1,1,0,0,1,5,6,0,5,0
14,15,4,1,1,0,3,3,0,9,1,1,1,0,2,1,0,8,1,10,1
1,18,4,0,1,0,3,1,0,2,1,1,1,8,0,1,5,1,0,2,1
10,18,4,1,1,0,3,1,0,2,1,1,1,0,0,1,0,4,3,10,1
3,21,4,1,1,0,3,1,0,5,1,1,1,0,0,2,0,1,3,3,1
2,18,4,0,1,0,3,0,0,16,1,1,1,0,0,1,0,8,1,7,0
10,20,4,0,1,4,3,0,1,0,1,1,1,0,0,1,0,6,4,11,1
14,20,4,0,1,0,3,0,0,9,1,1,1,4,2,3,0,8,8,11,1
4,18,4,0,1,0,3,1,0,2,1,1,1,1,0,1,0,2,3,3,1
13,13,4,0,0,0,3,3,0,15,1,1,0,1,2,0,5,0,0,6,1
12,20,4,0,1,0,3,1,0,0,1,1,1,8,2,5,5,9,0,2,1
8,20,4,1,1,0,3,3,0,12,1,1,1,0,0,1,0,4,9,9,1
10,0,4,1,0,0,3,0,0,2,1,0,1,0,0,3,1,8,0,12,1
11,15,0,0,1,4,3,0,1,1,1,1,1,0,2,1,0,6,1,11,1
8,17,4,0,1,0,3,0,0,2,1,1,1,0,0,1,0,9,2,10,1
9,18,0,0,1,0,3,1,0,0,1,1,1,0,0,1,0,6,6,9,0
7,18,4,0,1,0,3,1,0,0,1,1,1,0,0,1,0,6,4,11,1
15,21,0,0,1,0,3,3,0,0,1,1,1,0,2,1,0,9,10,14,1
12,16,0,0,1,0,3,1,0,0,1,1,1,8,2,1,0,6,6,10,0
15,15,0,1,1,4,3,0,1,1,1,1,1,7,2,0,5,0,0,0,1
10,18,0,1,1,0,3,0,0,0,1,1,1,0,0,1,2,1,0,2,1
10,11,4,0,1,0,3,3,0,10,1,1,1,0,0,1,0,9,8,6,1
3,20,4,1,1,0,3,0,0,0,1,1,1,5,0,1,5,0,0,0,0
1,15,4,0,0,0,3,0,0,16,1,1,0,0,0,0,5,0,0,4,0
11,20,0,1,1,3,3,0,1,1,1,1,1,5,2,1,0,6,3,4,1
9,0,1,1,1,0,1,1,0,0,1,1,1,6,0,1,1,3,7,9,1
8,20,4,1,1,0,3,2,0,2,1,1,1,0,0,1,0,3,3,4,1
2,20,4,1,1,3,3,0,0,11,1,1,1,7,0,3,0,9,2,11,1
8,21,0,1,1,4,3,0,1,1,1,1,1,5,0,1,0,6,2,14,0
8,17,3,1,1,0,3,0,0,2,1,1,1,7,0,1,0,3,3,4,1
11,14,4,1,0,3,3,3,1,2,1,1,0,7,2,0,5,0,0,5,1
15,19,0,0,1,3,3,0,1,2,1,1,1,0,2,3,0,6,4,10,1
6,15,4,0,1,0,3,0,0,2,1,1,1,8,0,1,0,6,1,10,1
7,19,4,0,1,0,3,1,0,2,1,1,1,0,0,1,0,6,0,9,0
9,18,4,1,1,0,3,1,0,2,1,1,1,0,0,1,2,0,0,5,0
7,18,4,1,1,0,3,0,0,0,1,1,1,0,0,1,0,7,3,11,1
7,15,4,1,1,0,3,0,0,2,1,1,1,7,0,0,5,0,0,0,1
0,18,4,1,1,3,3,0,1,16,1,1,1,5,0,3,5,1,0,2,1
4,19,4,1,1,0,3,0,0,0,1,1,1,0,0,1,0,6,7,5,1
8,17,4,1,1,0,3,0,0,7,1,1,1,0,0,1,2,0,0,2,1
5,16,4,0,1,0,3,0,0,2,1,1,1,0,0,1,0,6,8,3,1
2,15,4,1,1,0,3,3,0,2,1,1,1,0,0,0,5,0,0,0,1
10,21,4,1,1,0,3,0,0,0,1,1,1,5,0,1,0,6,7,12,1
5,15,4,1,1,0,3,1,0,11,1,1,1,0,0,1,0,6,3,12,0
4,18,0,1,1,0,3,0,0,0,1,1,1,0,0,0,5,0,0,0,0
3,18,4,0,1,0,3,3,0,2,1,1,1,0,0,1,0,6,6,2,1
12,20,2,1,1,0,3,0,0,12,1,1,1,0,2,1,0,9,8,12,1
9,20,0,0,1,0,0,3,0,0,1,1,1,0,0,5,3,6,9,13,1
12,11,4,0,1,4,3,0,1,11,1,1,1,0,2,1,0,6,8,10,1
14,20,4,0,1,4,3,0,1,5,1,1,1,0,2,1,0,8,4,6,1
6,20,4,0,1,0,1,0,0,0,1,1,1,0,0,5,0,6,4,11,1
1,15,4,0,1,0,3,0,0,7,1,1,1,5,0,1,0,2,11,4,1
4,15,4,0,1,0,3,0,0,9,1,1,1,0,0,1,0,6,3,10,1
14,19,0,1,1,0,3,0,0,1,1,1,1,7,2,1,0,6,4,11,1
3,15,4,0,1,0,3,3,0,2,1,1,1,0,0,0,5,0,0,2,0
6,15,4,1,1,3,3,0,1,5,1,1,1,7,0,1,0,6,2,6,1
2,18,4,0,1,0,3,3,0,11,1,1,1,0,0,1,5,3,0,2,1
8,20,4,0,1,0,3,3,0,11,1,1,1,0,0,1,0,7,7,13,0
11,21,4,1,1,0,3,0,0,2,1,1,1,0,2,6,0,2,0,3,1
0,19,4,1,1,0,3,0,0,2,1,1,1,0,0,1,0,1,3,3,1
15,20,0,1,1,4,3,0,1,1,1,1,1,0,2,0,5,0,0,0,1
2,0,4,0,1,4,3,0,1,2,1,1,1,0,0,0,5,0,0,0,1
5,15,4,1,1,0,3,0,0,2,1,1,1,0,0,1,0,3,6,4,1
3,15,4,0,1,0,3,3,0,0,1,1,1,0,0,1,0,9,6,8,0
10,20,4,1,1,0,3,1,0,0,1,1,1,0,0,2,0,1,4,1,0
8,20,4,0,1,0,3,0,0,0,1,1,1,0,0,3,1,9,0,13,1
15,15,0,0,1,0,3,1,0,1,1,1,1,0,2,1,0,5,1,10,1
8,16,4,0,1,4,3,0,1,5,1,1,1,5,0,1,0,3,9,3,1
9,18,4,0,1,0,3,3,0,0,1,1,1,0,0,1,0,6,3,6,1
15,20,4,1,1,0,3,1,0,12,1,1,1,0,2,2,0,7,11,13,1
3,18,4,1,1,0,3,3,0,14,1,1,1,1,0,1,0,6,1,9,1
4,20,4,0,1,0,3,1,0,2,1,1,1,0,0,6,0,2,10,3,1
15,15,0,0,1,0,3,1,0,1,1,1,1,0,2,1,2,6,0,2,1
1,18,4,0,1,0,3,0,0,2,1,1,1,7,0,1,0,1,10,5,1
1,15,4,0,1,4,3,0,1,0,1,1,1,0,0,1,0,8,2,12,0
14,23,0,1,1,4,3,3,1,1,1,1,1,5,2,0,5,0,0,13,0
4,18,4,0,1,0,3,1,0,2,1,1,1,0,0,0,5,0,0,0,1
0,18,4,0,1,0,3,3,0,2,1,1,1,0,0,0,5,0,0,0,1
7,20,4,0,1,3,3,0,1,0,1,1,1,5,0,0,5,0,0,0,1
13,0,0,1,1,4,3,3,1,1,1,1,1,7,2,0,5,0,0,0,1
14,15,0,1,0,4,3,0,1,0,1,1,1,0,2,1,0,6,6,4,1
6,18,4,1,1,0,3,1,0,0,1,1,1,8,0,1,0,6,6,12,0
6,18,4,0,1,3,3,0,1,2,1,1,1,0,0,0,5,0,0,5,1
11,20,0,1,1,4,3,0,1,1,1,1,1,0,2,0,5,0,0,0,1
9,15,4,0,1,3,3,0,1,2,1,1,1,5,0,1,0,6,7,7,1
0,17,4,0,1,0,3,0,0,16,1,1,1,0,0,3,0,6,6,8,1
4,15,4,1,1,0,3,3,0,11,1,1,1,0,0,4,0,6,4,4,1
8,15,4,0,1,0,3,0,0,2,1,1,1,0,0,0,5,0,0,2,1
4,18,4,0,0,0,3,3,0,14,1,1,1,0,0,1,5,0,0,1,1
12,20,0,0,1,0,3,1,0,1,1,1,1,0,2,1,0,4,1,13,0
3,15,4,1,1,0,3,1,0,2,1,1,1,0,0,1,0,4,1,4,1
14,20,2,0,1,0,3,3,0,2,1,1,1,0,2,1,0,6,0,8,1
6,13,0,1,1,0,3,1,0,0,1,1,1,0,0,1,0,4,3,13,1
10,20,4,1,1,0,3,0,0,12,1,1,1,0,0,1,0,7,3,4,1
9,20,4,1,1,0,3,0,0,11,1,1,1,5,0,0,5,0,0,0,0
4,20,4,0,0,0,3,0,0,0,1,1,1,0,0,1,0,4,4,13,0
13,21,4,1,1,0,3,1,0,0,1,1,1,0,2,2,0,2,4,12,0
7,20,2,1,1,1,3,3,0,11,1,1,1,0,0,2,0,4,6,5,1
0,15,4,1,1,3,3,0,1,2,1,1,1,5,0,0,5,0,0,0,1
14,20,4,0,1,0,2,0,0,2,1,1,1,1,2,5,0,6,2,5,1
14,19,4,0,1,3,3,3,1,0,1,1,1,7,2,1,5,0,0,0,1
14,12,4,0,1,0,3,0,0,0,1,1,1,7,2,1,0,6,11,14,1
15,20,0,1,1,0,3,0,0,0,1,1,1,0,2,3,0,6,4,12,1
8,18,0,0,1,0,1,0,0,1,1,1,1,0,0,5,0,6,4,2,1
0,13,4,1,1,0,3,1,0,2,1,1,1,0,0,1,5,4,0,3,1
6,15,4,0,1,0,2,3,0,5,1,1,1,0,0,6,0,8,4,11,1
11,20,2,1,1,0,3,1,0,0,1,1,1,0,2,1,0,9,4,12,1
2,12,4,1,1,4,3,0,1,0,1,1,1,0,0,1,0,6,4,5,1
4,18,4,0,1,0,3,0,0,2,1,1,1,0,0,6,0,2,3,3,1
12,16,0,0,1,0,3,0,0,1,1,1,1,0,2,0,5,0,0,3,1
6,20,4,0,1,0,3,3,0,11,1,1,1,0,0,1,0,6,3,14,1
14,17,0,0,1,0,3,0,0,1,1,1,1,0,2,1,0,6,2,14,1
10,20,4,1,1,0,3,1,0,0,1,1,1,5,0,1,2,0,0,0,0
12,20,4,1,1,0,3,0,0,16,1,1,1,1,0,4,0,4,5,4,0
13,20,0,0,1,0,3,0,0,0,1,1,1,0,2,1,0,8,10,14,1
3,15,4,0,1,0,3,0,0,2,1,1,1,7,0,0,5,0,0,0,1
8,21,0,1,1,0,3,1,0,0,1,1,1,0,0,1,0,8,6,13,1
12,13,4,0,1,0,3,0,0,15,1,1,1,0,2,1,5,0,0,0,1
11,18,4,0,1,0,3,1,0,0,1,1,1,0,2,1,0,6,6,9,1
4,18,4,0,1,0,3,0,0,2,1,1,1,0,0,6,2,2,0,5,1
2,15,4,0,1,0,3,1,0,9,1,1,1,0,0,1,2,2,0,2,1
6,20,4,1,1,0,3,0,0,2,1,1,1,0,0,1,0,8,0,11,1
13,18,4,0,1,0,3,3,0,2,1,1,1,1,2,3,0,3,6,6,1
13,21,4,1,1,3,3,0,1,0,1,1,1,0,2,2,0,6,4,13,0
3,14,4,1,1,0,3,0,0,14,1,1,1,0,0,1,0,2,1,4,0
12,20,0,1,1,0,3,0,0,0,1,1,1,5,2,1,0,6,4,11,1
7,15,4,0,1,0,3,0,0,2,1,1,1,7,0,1,0,4,6,8,1
8,21,4,1,1,0,3,3,0,11,1,1,1,0,0,2,0,6,8,9,1
9,18,0,1,1,0,3,0,0,1,1,1,1,7,0,1,0,4,11,3,0
15,20,4,0,1,0,3,1,0,0,1,1,1,0,2,1,0,6,4,13,0
9,16,1,1,1,0,3,1,0,0,1,1,1,6,0,9,2,3,0,14,0
4,20,0,0,1,0,3,0,0,2,1,1,1,5,0,3,0,6,10,8,1
14,14,0,1,1,0,3,0,0,0,1,1,1,0,2,1,0,8,8,14,1
14,20,4,1,1,3,3,0,1,9,1,1,1,5,2,2,0,6,4,12,1
3,20,0,1,1,0,3,1,0,1,1,1,1,0,0,1,0,6,4,9,0
9,13,4,0,0,0,3,0,0,2,1,0,1,0,0,9,2,0,0,13,1
9,19,4,1,1,0,3,1,0,2,1,1,1,7,0,1,0,6,11,6,1
10,23,0,0,1,0,0,1,0,16,1,1,1,0,0,5,3,8,11,14,1
11,8,4,0,1,2,3,0,1,2,1,1,1,8,2,1,0,1,4,3,0
0,15,4,0,1,0,3,0,0,2,1,1,1,0,0,1,0,9,0,1,1
5,18,4,0,0,0,3,0,0,2,1,1,1,0,0,1,0,5,6,4,0
2,15,4,0,1,0,3,1,0,2,1,1,1,0,0,1,0,3,6,2,1
15,16,0,0,1,0,3,0,0,0,1,1,1,0,2,0,5,0,0,0,1
8,20,4,1,0,0,3,0,0,0,1,1,0,0,0,3,0,3,4,6,1
9,18,4,1,1,0,3,0,0,2,1,1,1,1,0,0,5,0,0,0,1
6,20,4,1,1,0,3,0,0,12,1,1,1,0,0,1,0,6,2,11,1
0,18,4,0,1,0,3,0,0,16,1,1,1,0,0,1,0,8,0,6,0
6,17,0,1,1,0,3,1,0,2,1,1,1,8,0,1,0,6,8,11,1
3,22,4,1,1,0,3,0,0,0,1,1,1,7,0,1,0,6,9,11,0
15,20,0,1,1,4,3,0,1,1,1,1,1,5,2,1,0,5,4,12,1
1,18,4,0,1,3,3,0,1,0,1,1,1,7,0,1,0,2,2,5,1
2,18,4,0,0,0,3,0,0,2,1,1,1,0,0,1,0,6,4,4,1
8,20,4,1,1,0,3,0,0,2,1,1,1,0,0,1,1,9,0,2,1
1,18,4,0,1,0,3,0,0,16,1,1,1,5,0,3,0,1,4,5,0
14,23,0,0,1,0,3,3,0,0,1,1,1,0,2,1,0,6,3,14,1
5,15,4,0,1,4,3,3,1,9,1,1,1,0,0,1,0,6,4,5,1
2,18,4,0,1,3,3,0,1,2,1,1,1,5,0,1,0,6,2,8,1
6,14,4,1,0,0,3,0,0,2,1,1,0,0,0,0,5,0,0,5,1
1,15,4,0,1,4,3,0,1,10,1,1,1,5,0,1,0,9,3,12,1
12,21,0,1,1,0,3,0,0,1,1,1,1,0,2,1,0,6,7,12,1
12,21,0,1,1,4,3,0,1,1,1,1,1,0,2,1,0,7,4,13,1
13,18,0,0,1,0,3,1,0,0,1,1,1,0,2,2,0,2,2,7,0
2,15,4,0,0,0,3,3,0,2,1,1,1,5,0,0,5,0,0,5,1
2,20,4,1,1,4,3,0,1,2,1,1,1,5,0,1,5,1,0,2,0
11,1,4,1,0,4,3,0,1,15,1,1,0,5,2,0,5,0,0,0,1
14,15,4,0,1,4,3,0,1,0,1,1,1,5,2,1,0,4,4,6,1
5,15,4,1,1,0,3,0,0,2,1,1,1,7,0,0,5,0,0,0,1
10,20,4,0,1,0,3,0,0,15,1,1,1,7,0,1,2,7,0,9,0
2,15,4,1,1,0,3,0,0,2,1,1,1,8,0,1,0,1,6,5,1
3,20,4,1,1,0,3,0,0,2,1,1,1,5,0,1,0,2,4,3,0
15,18,0,0,1,0,3,0,0,0,1,1,1,5,2,1,0,9,10,14,1
0,15,4,1,1,0,3,3,0,11,1,1,1,0,0,1,0,4,4,6,1
8,20,4,0,0,0,3,0,0,9,1,1,1,0,0,1,0,7,11,3,1
2,15,4,0,1,0,3,0,0,9,1,1,1,7,0,1,0,6,4,2,1
0,18,4,1,1,0,3,2,0,5,1,1,1,8,0,1,0,3,9,4,1
10,21,0,1,1,4,3,1,1,0,1,1,1,0,0,1,0,6,8,14,0
5,18,4,0,1,0,3,1,0,2,1,1,1,7,0,4,0,6,10,4,1
5,15,4,1,1,0,3,0,0,7,1,1,1,7,0,1,0,6,4,10,1
14,20,2,1,1,0,3,0,0,12,1,1,1,0,2,1,0,6,8,7,1
7,19,4,1,1,0,3,3,0,2,1,1,1,5,0,0,5,0,0,0,1
11,13,4,0,0,0,3,0,0,15,1,1,0,1,2,1,5,0,0,0,0
9,23,0,1,1,4,3,0,1,1,1,1,1,5,0,1,5,0,0,3,0
10,20,4,0,1,0,3,0,0,12,1,1,1,0,0,1,0,6,8,13,1
12,20,0,1,1,0,3,0,0,0,1,1,1,5,2,1,0,6,3,14,1
13,19,0,0,1,0,0,0,0,7,1,1,1,1,2,5,0,8,6,9,1
0,17,4,1,1,0,3,0,0,16,1,1,1,7,0,1,5,0,0,0,0
2,18,4,0,1,0,3,0,0,15,1,1,1,0,0,1,0,9,10,9,0
3,18,4,0,1,4,3,0,1,0,1,1,1,5,0,0,5,0,0,0,1
12,20,4,0,1,0,3,0,0,0,1,1,1,0,2,1,0,7,8,14,1
1,18,4,1,0,0,3,0,0,16,1,1,0,1,0,1,1,3,0,2,0
3,18,4,0,1,0,3,1,0,0,1,1,1,7,0,1,0,6,2,5,1
14,20,0,0,1,0,3,0,0,0,1,1,1,5,2,1,0,8,10,14,1
14,8,2,1,1,4,3,0,1,0,1,1,1,0,2,1,5,0,0,1,1
1,15,4,1,1,4,3,0,1,9,1,1,1,5,0,0,5,0,0,0,1
5,18,4,0,1,0,3,0,0,0,1,1,1,5,0,1,0,6,1,2,1
2,18,4,0,1,0,3,1,0,7,1,1,1,0,0,1,0,2,1,4,0
5,15,4,0,1,0,3,0,0,2,1,1,1,7,0,1,0,6,2,9,1
6,18,0,1,1,0,3,0,0,0,1,1,1,0,0,4,5,1,0,2,0
10,20,0,0,1,0,0,1,0,11,1,1,1,0,0,5,3,8,3,12,0
14,15,0,0,1,0,3,0,0,1,1,1,1,7,2,1,0,6,11,9,1
11,20,0,1,1,0,3,0,0,2,1,1,1,0,2,1,0,7,10,13,1
13,20,0,1,1,4,3,1,1,1,1,1,1,0,2,5,0,9,4,11,0
3,18,4,1,1,0,3,3,0,2,1,1,1,0,0,0,5,0,0,2,1
15,20,0,1,1,3,3,1,1,1,1,1,1,0,2,1,0,6,3,13,1
6,20,0,1,1,4,3,0,1,0,1,1,1,5,0,1,0,6,5,9,0
3,18,4,0,1,0,3,0,0,5,1,1,1,5,0,1,0,6,10,10,1
9,20,4,1,1,2,3,3,0,2,1,1,1,5,0,1,0,6,6,14,1
10,18,0,1,1,3,3,2,1,1,1,1,1,0,0,5,3,6,1,10,1
4,15,4,0,1,0,3,3,0,2,1,1,1,0,0,1,0,1,6,3,1
5,20,4,0,1,3,3,0,1,2,1,1,1,5,0,1,0,6,2,6,1
15,15,0,0,1,0,3,3,0,1,1,1,1,0,2,1,0,6,8,12,1
4,18,4,0,1,3,3,0,1,11,1,1,1,1,0,6,0,3,6,4,0
15,18,0,0,1,0,3,1,0,1,1,1,1,0,2,1,0,6,8,10,1
1,18,4,1,1,0,3,1,0,16,1,1,1,0,0,0,5,0,0,0,1
8,20,0,0,1,0,3,0,0,0,1,1,1,5,0,2,0,6,1,13,1
0,15,4,0,1,0,3,3,0,16,1,1,1,0,0,1,0,4,5,7,1
7,18,4,0,1,0,3,0,0,11,1,1,1,0,0,1,0,7,6,9,1
1,17,4,1,1,0,3,0,0,2,1,1,1,5,0,0,5,0,0,0,1
0,17,4,1,1,0,3,3,0,16,1,1,1,0,0,1,5,8,0,4,0
5,20,0,1,1,0,3,1,0,9,1,1,1,0,0,1,5,6,0,1,0
10,20,0,1,1,3,3,0,1,0,1,1,1,0,0,1,0,6,8,13,1
5,20,4,1,1,0,3,3,0,2,1,1,1,7,0,1,0,6,11,3,1
0,18,4,0,1,0,3,0,0,11,1,1,1,7,0,1,2,1,0,2,1
1,15,4,0,1,0,3,3,0,2,1,1,1,0,0,9,2,0,0,0,1
10,20,4,1,1,0,3,0,0,2,1,1,1,5,0,1,1,2,0,6,1
12,18,0,1,0,0,3,0,0,8,1,1,1,2,2,1,5,0,0,0,1
12,15,4,1,1,0,3,1,0,2,1,1,1,0,2,1,0,2,2,3,1
15,20,4,0,1,0,3,0,0,0,1,1,1,0,2,3,0,6,10,13,1
15,18,0,1,1,4,3,0,1,0,1,1,1,0,2,0,5,0,0,0,1
14,12,4,0,1,0,3,0,0,0,1,1,1,0,2,1,2,0,0,4,1
5,15,4,1,1,0,3,0,0,12,1,1,1,0,0,1,0,9,10,4,1
9,15,4,0,1,0,3,0,0,0,1,1,1,0,0,1,0,6,4,12,1
12,21,0,0,1,0,3,1,0,0,1,1,1,0,2,1,0,9,4,14,0
3,18,4,1,1,0,3,1,0,0,1,1,1,8,0,1,0,6,3,11,0
7,15,4,1,1,0,3,0,0,2,1,1,1,0,0,1,0,5,7,7,0
10,15,0,1,1,4,3,0,1,8,1,1,1,7,0,1,1,4,0,8,1
3,19,4,0,1,0,3,3,0,2,1,1,1,0,0,2,5,0,0,0,1
7,20,4,0,1,0,3,0,0,2,1,1,1,0,0,1,0,6,3,10,0
0,13,4,0,1,0,3,0,0,7,1,1,1,0,0,6,5,0,0,0,0
10,17,4,0,1,0,3,0,0,4,1,1,1,0,0,3,0,6,8,4,1
8,20,4,1,1,0,3,1,0,0,1,1,1,7,0,1,0,8,2,11,1
12,15,4,0,1,0,3,0,0,0,1,1,1,7,2,1,0,6,3,8,1
0,18,4,1,1,0,3,1,0,2,1,1,1,7,0,1,0,2,3,3,1
3,18,4,1,1,0,3,3,0,2,1,1,1,0,0,0,5,0,0,0,1
11,18,4,1,1,0,3,1,0,0,1,1,1,8,2,1,0,5,0,6,1
2,18,4,1,1,0,3,3,0,2,1,1,1,0,0,1,0,3,4,6,1
14,20,2,1,1,0,3,1,0,12,1,1,1,0,2,1,0,6,6,12,0
11,19,0,1,1,0,3,1,0,1,1,1,1,0,2,2,0,1,1,6,1
8,21,4,1,1,0,3,1,0,0,1,1,1,8,0,1,0,6,8,13,1
8,1,3,1,1,4,3,0,1,0,1,1,1,0,0,3,0,6,3,8,1
8,15,4,1,1,0,3,1,0,0,1,1,1,0,0,1,5,0,0,11,0
13,15,0,1,0,0,3,1,0,0,0,1,1,0,2,1,0,2,4,5,0
11,20,4,0,1,0,3,1,0,14,1,1,1,0,2,7,0,6,1,13,1
9,20,4,1,1,3,3,0,1,2,1,1,1,0,0,1,0,6,5,12,1
2,15,4,1,1,0,3,3,0,4,1,1,1,7,0,1,0,6,8,9,1
10,15,4,1,1,4,3,0,1,12,1,1,1,7,0,1,0,7,2,5,0
2,17,4,0,1,0,3,1,0,0,1,1,1,0,0,0,5,0,0,0,0
15,20,0,1,1,4,3,0,1,1,1,1,1,5,2,1,0,6,8,14,0
14,20,0,1,1,4,3,0,1,1,1,1,1,5,2,1,5,0,0,0,1
15,15,4,0,1,0,3,1,0,2,1,1,1,8,2,6,0,6,0,11,1
10,14,0,0,1,3,3,2,1,1,1,1,1,0,0,7,0,6,3,7,1
3,15,4,1,1,0,3,0,0,2,1,1,1,0,0,0,5,0,0,4,0
0,18,4,1,1,0,3,3,0,2,1,1,1,7,0,1,0,1,4,1,1
11,20,4,0,1,0,3,0,0,0,1,1,1,0,2,2,0,6,8,11,0
13,20,0,1,1,4,3,0,1,1,1,1,1,0,2,1,1,2,0,2,1
11,20,0,0,1,0,1,1,0,1,1,1,1,0,2,5,0,9,3,11,0
10,16,4,0,1,0,3,0,0,0,1,1,1,7,0,1,0,6,1,13,1
0,13,4,0,1,4,3,0,1,10,1,1,1,0,0,1,0,6,3,7,0
13,20,4,1,1,2,3,1,0,12,1,1,1,0,2,1,0,2,9,6,0
4,15,4,0,1,0,3,3,0,2,1,1,1,0,0,1,0,2,7,4,1
14,14,0,1,1,0,3,2,0,0,1,1,1,8,2,1,0,6,1,7,1
14,21,4,0,1,4,3,0,1,12,1,1,1,5,2,1,0,7,11,14,0
10,18,4,0,1,0,3,3,0,0,1,1,1,7,0,7,0,5,10,10,1
1,15,4,0,1,0,3,3,0,15,1,1,1,1,0,0,5,0,0,0,1
10,20,4,0,1,0,3,0,0,11,1,1,1,0,0,1,0,8,2,12,0
3,13,4,1,1,0,3,3,0,0,1,1,1,0,0,0,5,0,0,0,0
13,18,4,1,1,0,3,1,0,2,1,1,1,0,2,2,0,1,1,11,1
11,14,0,0,1,0,3,0,0,0,1,1,1,7,2,1,0,6,2,5,1
5,20,4,1,1,0,3,3,0,0,1,1,1,0,0,1,0,8,3,13,0
2,0,4,1,1,4,3,0,1,0,1,1,1,7,0,1,0,3,4,3,0
2,18,4,1,1,0,3,1,0,11,1,1,1,0,0,1,0,5,6,5,1
8,21,0,0,1,0,3,0,0,1,1,1,1,0,0,3,0,2,1,3,1
9,20,4,1,1,0,3,1,0,0,1,1,1,8,0,3,0,6,4,12,0
11,21,0,0,1,0,3,0,0,1,1,1,1,0,2,6,2,8,0,10,0
15,17,0,0,1,0,1,1,0,0,1,1,1,0,2,1,0,6,3,12,1
14,18,4,0,0,0,3,2,0,0,1,0,1,0,2,7,0,9,11,14,0
11,21,4,0,1,3,3,0,1,0,1,1,1,5,2,1,0,6,2,9,1
9,11,0,1,1,4,3,0,1,1,1,1,1,0,0,1,5,0,0,0,1
9,15,0,1,1,4,3,0,1,1,1,1,1,7,0,0,5,0,0,0,1
1,18,4,0,1,0,3,1,0,16,1,1,1,0,0,2,5,6,0,0,1
10,15,4,0,1,0,3,3,0,15,1,1,1,7,0,0,5,0,0,0,0
3,18,4,1,0,1,3,3,1,12,1,0,1,0,0,9,2,5,0,0,1
2,15,4,0,1,0,3,0,0,4,1,1,1,7,0,1,0,5,4,6,1
13,11,2,0,0,0,3,0,0,15,1,1,1,0,2,1,5,9,0,0,1
12,18,0,1,1,4,3,0,1,1,1,1,1,7,2,1,0,6,8,11,1
2,18,4,1,1,3,3,3,1,11,1,1,1,5,0,1,0,2,7,6,0
0,17,4,0,1,0,3,1,0,7,1,1,1,8,0,0,5,0,0,0,1
8,20,4,1,1,0,3,0,0,11,1,1,1,5,0,3,2,6,0,6,0
8,21,4,1,1,4,3,0,1,9,1,1,1,0,0,1,0,2,11,3,1
9,18,0,1,1,0,3,0,0,0,1,1,1,7,0,1,0,6,6,9,1
3,18,4,0,1,0,3,0,0,2,1,1,1,0,0,0,5,0,0,0,1
9,20,4,1,1,0,3,0,0,12,1,1,1,0,0,6,0,6,0,8,0
11,19,4,0,1,3,3,3,1,7,1,1,1,0,2,1,0,6,3,7,0
14,15,0,1,1,4,3,0,1,8,1,1,1,0,2,1,5,0,0,0,0
1,15,4,0,1,0,3,0,0,14,1,1,1,1,0,1,0,2,3,2,0
1,18,4,0,1,0,3,0,0,11,1,1,1,0,0,0,5,0,0,0,1
7,20,4,0,1,0,3,3,0,2,1,1,1,0,0,1,0,3,8,9,1
11,18,4,0,1,0,3,0,0,9,1,1,1,7,2,1,0,6,11,8,1
13,21,0,1,1,0,3,3,0,1,1,1,1,0,2,1,0,8,4,13,1
5,20,4,0,1,0,3,0,0,12,1,1,1,0,0,1,0,6,6,9,1
0,18,4,1,1,0,3,1,0,2,1,1,1,8,0,1,2,1,0,2,1
8,15,4,1,1,3,3,0,1,2,1,1,1,7,0,0,5,0,0,0,1
5,20,4,1,1,0,3,0,0,10,1,1,1,5,0,1,2,6,0,3,1
10,20,4,0,1,3,3,0,1,11,1,1,1,5,0,1,0,6,7,12,0
0,15,4,0,1,0,3,0,0,2,1,1,1,7,0,1,0,5,0,3,1
11,16,0,1,1,0,3,0,0,1,1,1,1,7,2,0,5,0,0,0,1
2,15,4,1,1,2,3,0,0,2,1,1,1,1,0,9,2,0,0,0,1
12,20,4,0,1,0,3,1,0,0,1,1,1,0,2,5,0,9,8,13,1
13,15,4,1,1,0,3,0,0,5,1,1,1,5,2,1,0,6,4,10,1
13,21,0,1,1,0,3,0,0,0,1,1,1,0,2,2,0,6,8,12,1
7,20,4,0,1,0,3,0,0,2,1,1,1,5,0,1,0,7,7,12,1
2,18,4,0,1,0,3,3,0,0,1,1,1,0,0,1,0,6,4,7,0
4,19,4,1,1,0,3,1,0,2,1,1,1,0,0,1,5,0,0,1,1
3,19,4,1,1,0,3,1,0,2,1,1,1,8,0,1,0,6,3,5,1
8,20,0,1,0,0,3,1,0,1,1,1,1,0,0,1,0,8,4,13,1
6,15,4,1,1,0,3,0,0,2,1,1,1,0,0,1,0,5,0,3,1
7,17,4,1,1,0,3,0,0,0,1,1,1,7,0,6,0,3,3,8,1
8,16,0,0,1,0,3,0,0,15,1,1,1,2,0,1,5,9,0,0,1
10,18,0,1,1,4,3,0,1,8,1,1,1,7,0,1,0,2,3,5,1
5,16,4,0,1,0,3,0,0,15,1,1,1,0,0,1,5,7,0,0,0
8,19,0,1,1,3,3,0,1,8,1,1,1,5,0,3,0,6,0,4,0
12,20,0,1,1,0,3,0,0,1,1,1,1,0,2,1,0,6,6,12,1
1,18,4,0,1,4,3,0,1,0,1,1,1,0,0,0,5,0,0,0,0
11,20,4,1,0,0,3,3,0,13,1,1,0,8,2,1,0,5,2,8,1
2,15,4,0,1,0,0,0,0,16,1,1,1,0,0,5,3,8,2,7,1
13,15,0,1,1,0,3,0,0,1,1,1,1,0,2,1,0,6,7,7,1
8,15,4,1,1,0,3,0,0,2,1,1,1,7,0,1,0,4,8,8,1
7,18,4,0,1,0,3,1,0,2,1,1,1,0,0,1,0,6,3,10,1
0,15,4,0,1,0,3,0,0,11,1,1,1,0,0,1,0,6,2,6,0
8,20,4,0,1,0,3,0,0,11,1,1,1,5,0,1,0,6,7,13,1
8,14,0,1,1,0,3,0,0,0,1,1,1,0,0,1,1,2,0,1,1
3,19,4,0,1,0,3,0,0,0,1,1,1,5,0,1,0,6,5,11,0
7,15,4,1,1,0,3,1,0,12,1,1,1,8,0,6,2,0,0,8,0
3,19,4,1,1,0,2,0,0,2,1,1,1,0,0,1,0,1,4,5,1
15,15,0,1,1,0,3,1,0,0,1,1,1,0,2,1,0,6,2,13,1
5,18,4,0,1,0,3,3,0,10,1,1,1,0,0,1,0,9,0,1,0
15,13,4,0,1,0,3,0,0,15,1,1,1,1,2,0,5,0,0,0,1
12,20,4,0,1,0,3,3,0,0,1,1,1,5,2,1,0,6,6,14,0
6,19,4,0,1,0,3,3,0,2,1,1,1,5,0,1,0,4,2,9,1
6,20,0,1,1,0,3,1,0,1,1,1,1,0,0,1,0,6,3,11,0
8,13,4,0,1,4,3,0,1,2,1,1,1,0,0,1,0,6,9,6,1
8,18,4,1,1,0,3,3,0,0,1,1,1,5,0,1,0,6,6,6,1
8,19,4,1,1,0,2,0,0,2,1,1,1,0,0,1,0,4,3,5,1
4,20,4,0,1,0,3,0,0,2,1,1,1,0,0,2,5,0,0,0,1
10,20,4,1,1,0,3,0,0,5,1,1,1,7,0,1,0,5,4,6,1
6,18,4,1,1,0,3,3,0,2,1,1,1,8,0,8,5,1,0,1,0
1,15,4,0,1,0,3,1,0,2,1,1,1,0,0,1,0,6,3,12,1
14,21,0,0,1,4,3,0,1,1,1,1,1,5,2,1,0,6,2,11,1
6,18,4,0,1,0,3,0,0,2,1,1,1,0,0,1,0,5,0,6,1
14,15,0,0,1,0,3,0,0,16,1,1,1,0,2,1,0,6,5,7,0
15,15,0,1,1,4,3,0,1,1,1,1,1,7,2,6,0,4,6,8,1
8,19,0,0,1,0,3,0,0,0,1,1,1,0,0,1,0,4,0,9,0
13,20,0,0,1,0,3,1,0,0,1,1,1,0,2,1,0,7,8,13,0
11,18,0,0,1,0,3,0,0,0,1,1,1,8,2,1,0,6,2,13,1
10,20,0,0,1,0,0,3,0,3,1,1,1,1,0,5,3,9,2,13,1
1,18,4,0,1,0,3,1,0,2,1,1,1,0,0,2,5,1,0,2,1
14,18,4,0,1,0,3,0,0,14,1,1,1,0,2,1,0,4,1,9,1
6,20,4,1,1,0,3,3,0,3,1,1,1,0,0,2,0,6,2,13,1
12,20,4,1,1,0,3,0,0,11,1,1,1,0,2,2,0,7,10,12,0
0,18,4,0,1,0,3,1,0,11,1,1,1,0,0,1,5,6,0,2,0
0,18,4,1,1,0,3,1,0,16,1,1,1,1,0,0,5,0,0,0,0
2,15,4,1,1,0,3,3,0,12,1,1,1,0,0,1,2,2,0,3,0
6,15,4,1,1,0,3,0,0,0,1,1,1,0,0,1,0,6,5,7,0
9,20,0,0,1,0,3,0,0,0,1,1,1,0,0,1,0,6,8,14,0
9,15,4,0,1,0,3,0,0,2,1,1,1,7,0,3,0,1,4,1,1
2,19,4,1,1,4,3,0,1,0,1,1,1,0,0,1,0,7,2,5,1
9,15,0,0,1,0,3,1,0,1,1,1,1,0,0,1,0,6,4,6,1
11,18,4,0,1,0,3,0,0,2,1,1,1,7,2,1,0,6,3,13,1
15,5,4,1,1,0,3,1,0,4,0,1,1,7,2,4,0,4,10,9,1
8,21,4,1,1,0,3,0,0,2,1,1,1,1,0,0,5,0,0,0,1
6,20,4,0,1,0,3,1,0,0,1,1,1,0,0,1,0,4,5,6,0
4,18,4,0,1,0,3,0,0,2,1,1,1,0,0,0,5,0,0,0,1
7,21,4,1,1,0,3,1,0,2,1,1,1,0,0,1,0,6,2,9,1
4,18,4,1,1,0,3,0,0,14,1,1,1,0,0,1,0,6,10,9,1
4,17,4,1,1,4,3,0,1,2,1,1,1,5,0,1,0,4,3,4,1
8,19,4,1,0,0,3,0,0,2,1,1,0,0,0,0,5,0,0,0,1
12,20,2,0,1,0,3,1,0,2,1,1,1,0,2,1,0,6,2,7,1
11,15,4,1,1,0,3,3,0,16,1,1,1,0,2,1,0,1,1,5,1
10,20,4,0,1,0,3,1,0,0,1,1,1,0,0,2,0,7,1,11,1
8,15,0,1,0,0,3,1,0,0,1,1,1,0,0,1,0,6,6,4,1
5,20,4,1,1,0,3,0,0,12,1,1,1,0,0,1,0,7,3,9,0
12,20,0,0,1,0,3,0,0,0,1,1,1,0,2,3,0,6,10,11,1
0,18,4,0,1,0,3,1,0,2,1,1,1,5,0,1,0,4,6,2,0
15,21,0,0,1,0,3,1,0,1,1,1,1,0,2,1,0,6,4,14,1
14,20,0,1,1,4,3,0,1,1,1,1,1,5,2,1,0,6,6,10,1
3,18,4,1,1,0,3,1,0,2,1,1,1,0,0,1,5,0,0,0,1
15,15,4,1,1,0,3,3,0,10,1,1,1,0,2,1,0,6,3,11,1
12,20,0,0,1,0,3,1,0,0,1,1,1,0,2,1,0,8,2,11,1
2,15,4,0,1,0,3,3,0,9,1,1,1,0,0,1,0,6,4,3,1
0,17,4,1,1,0,3,2,0,16,1,1,1,0,0,1,5,1,0,1,1
9,20,0,1,1,4,3,0,1,0,1,1,1,5,0,3,0,7,2,13,0
1,15,4,0,1,0,3,0,0,2,1,1,1,7,0,1,0,6,2,8,1
1,17,4,1,1,0,3,0,0,16,1,1,1,1,0,1,0,4,1,4,0
7,18,4,1,1,0,3,0,0,0,1,1,1,0,0,6,0,5,0,7,0
8,20,4,0,1,4,3,0,1,2,1,1,1,5,0,1,0,6,6,10,1
11,11,4,0,0,0,3,0,0,5,0,1,0,0,0,2,0,6,8,13,0
13,20,0,0,1,0,3,1,0,0,1,1,1,0,2,3,0,8,3,12,0
9,18,4,0,1,0,3,0,0,12,1,1,1,1,0,1,0,6,8,11,0
14,18,0,1,1,3,3,0,1,1,1,1,1,0,2,1,5,0,0,0,1
3,19,4,1,1,0,3,1,0,12,1,1,1,0,0,1,0,6,2,5,1
1,15,4,1,1,0,3,0,0,2,1,1,1,7,0,0,5,0,0,0,1
6,20,4,1,1,0,3,1,0,5,1,1,1,0,0,1,0,3,9,6,1
8,15,4,0,0,0,3,0,0,0,1,1,0,0,0,1,2,0,0,8,1
1,15,4,0,1,0,3,0,0,2,1,1,1,0,0,0,5,0,0,0,0
15,15,4,1,1,4,3,0,1,10,1,1,1,5,2,0,5,0,0,0,1
14,21,0,1,1,0,3,1,0,0,1,1,1,0,2,2,5,6,0,14,0
9,18,4,1,1,0,3,0,0,5,1,1,1,7,0,6,0,2,3,4,1
7,15,4,0,1,0,3,0,0,2,1,1,1,1,0,1,2,3,0,2,1
9,18,0,0,1,0,3,1,0,0,1,1,1,5,0,1,0,6,11,14,1
1,15,4,0,1,0,3,1,0,2,1,1,1,0,0,2,0,1,1,4,1
8,21,0,1,1,3,3,0,1,1,1,1,1,5,0,1,0,6,2,7,0
4,20,4,0,1,0,3,0,0,2,1,1,1,0,0,1,0,6,2,3,1
4,15,4,0,0,4,3,3,1,9,1,1,1,2,0,0,5,0,0,3,1
0,15,4,0,1,0,3,1,0,2,1,1,1,0,0,1,5,0,0,0,0
5,20,4,0,0,0,3,1,0,0,1,1,0,0,0,1,5,0,0,0,0
1,19,4,1,1,0,3,0,0,2,1,1,1,0,0,1,0,2,10,2,0
12,20,4,0,1,3,3,0,1,5,1,1,1,0,2,1,0,8,10,13,1
0,16,4,1,0,0,3,0,0,3,0,0,1,0,0,0,5,0,0,0,1
4,15,4,0,1,0,3,0,0,16,1,1,1,0,0,1,0,9,1,3,1
3,21,0,1,1,4,3,0,1,1,1,1,1,0,0,1,5,0,0,0,0
6,17,0,0,1,0,3,1,0,0,1,1,1,0,0,1,0,2,2,5,1
10,14,4,0,1,0,3,0,0,5,1,1,1,0,0,1,0,8,3,6,1
1,18,4,1,1,0,3,3,0,2,1,1,1,0,0,1,0,2,6,6,1
3,15,4,1,1,0,3,1,0,12,1,1,1,0,0,1,5,2,0,3,0
13,21,0,0,1,2,0,3,0,0,1,1,1,5,2,5,0,8,6,14,0
14,15,0,1,1,0,3,0,0,1,1,1,1,0,2,1,0,6,2,11,0
14,15,0,1,1,3,3,0,1,1,1,1,1,5,2,1,5,0,0,4,1
5,17,4,0,1,0,3,1,0,0,1,1,1,7,0,1,0,3,6,5,1
7,20,4,1,1,0,3,1,0,0,1,1,1,0,0,5,5,6,0,7,0
4,17,4,0,1,4,3,0,1,2,1,1,1,0,0,1,5,0,0,1,0
12,20,0,1,1,0,3,3,0,1,1,1,1,0,2,1,0,6,7,13,1
6,18,4,0,1,0,3,1,0,12,1,1,1,0,0,1,0,6,5,9,0
6,20,0,0,1,4,3,0,1,0,1,1,1,6,0,1,0,6,10,14,1
0,18,4,1,1,0,3,1,0,2,1,1,1,0,0,1,0,4,2,3,1
12,17,0,1,1,0,3,0,0,1,1,1,1,0,2,1,1,1,0,1,1
3,20,4,0,1,0,3,3,0,12,1,1,1,0,0,1,0,6,9,11,0
3,15,4,0,1,0,3,0,0,11,1,1,1,0,0,1,0,6,6,4,0
7,11,4,1,1,0,3,1,0,11,1,1,1,0,0,1,0,4,5,6,1
0,15,4,0,1,0,3,1,0,2,1,1,1,0,0,1,0,6,6,2,1
12,15,0,0,1,0,3,0,0,0,1,1,1,0,2,6,5,0,0,0,1
13,20,4,1,1,0,3,3,0,2,1,1,1,0,2,3,5,0,0,0,1
8,15,0,1,1,0,3,0,0,1,1,1,1,1,0,1,0,6,8,5,1
8,22,4,0,1,0,3,1,0,7,1,1,1,0,0,1,0,9,4,10,0
9,17,4,0,1,0,3,1,0,2,1,1,1,0,0,1,0,6,11,13,1
5,17,4,1,1,0,3,1,0,0,1,1,1,0,0,1,0,5,4,10,1
11,20,4,0,1,3,3,0,1,2,1,1,1,5,2,3,0,6,6,13,1
15,21,4,1,1,0,3,0,0,11,1,1,1,0,2,1,0,6,8,14,1
0,15,4,0,1,0,3,0,0,7,1,1,1,0,0,0,5,0,0,0,1
11,20,0,1,1,0,3,0,0,1,1,1,1,7,2,1,0,6,5,9,0
1,15,4,0,1,0,3,3,0,9,1,1,1,0,0,1,0,5,5,7,0
9,17,0,1,1,0,3,0,0,2,1,1,1,7,0,1,2,0,0,0,1
14,20,4,1,1,0,3,0,0,2,1,1,1,0,2,1,0,6,10,10,1
14,21,0,1,1,4,3,0,1,0,1,1,1,0,2,1,0,6,5,14,0
12,14,0,1,1,0,3,3,0,2,1,1,1,0,2,1,0,2,8,6,1
3,15,4,0,1,0,0,3,0,11,1,1,1,7,0,5,3,5,9,4,1
2,22,4,0,1,0,3,1,0,0,1,1,1,8,0,1,0,7,0,14,1
3,18,4,0,1,0,3,0,0,11,1,1,1,0,0,1,0,7,10,13,0
14,19,0,1,1,3,3,0,1,1,1,1,1,5,2,1,5,0,0,0,1
6,17,4,0,1,4,3,0,1,4,1,1,1,0,0,1,0,4,6,7,1
6,20,4,0,1,0,3,0,0,2,1,1,1,1,0,1,0,6,3,11,1
12,21,0,1,1,0,3,1,0,0,1,1,1,0,2,2,0,6,3,13,1
9,20,4,0,1,0,3,1,0,2,1,1,1,5,0,1,0,6,11,13,1
5,15,4,1,1,0,3,0,0,2,1,1,1,5,0,4,0,6,11,6,1
15,22,0,0,1,3,3,0,1,0,1,1,1,5,2,1,0,9,4,13,1
2,13,0,0,1,3,3,3,1,8,1,1,1,0,0,1,0,6,2,7,1
5,18,4,0,1,0,3,0,0,14,1,1,1,0,0,0,5,0,0,0,1
11,20,0,1,1,0,3,3,0,11,1,1,1,7,2,2,2,2,0,0,1
7,15,4,0,1,0,3,1,0,12,1,1,1,0,0,1,0,6,8,8,1
11,15,4,1,1,0,3,0,0,12,1,1,1,7,2,0,5,0,0,0,0
9,20,4,1,1,0,3,1,0,0,1,1,1,0,0,1,0,6,6,8,1
11,19,4,0,1,3,3,3,1,2,1,1,1,5,2,1,0,6,10,10,1
8,17,3,0,1,0,2,0,0,0,1,1,1,0,2,1,0,1,4,6,1
12,20,2,1,1,0,3,1,0,0,1,1,1,0,2,2,0,6,11,13,1
6,20,4,0,1,0,3,3,0,3,1,1,1,0,0,2,0,4,1,13,1
12,21,0,1,1,4,3,3,1,1,1,1,1,0,2,2,5,0,0,0,0
5,12,4,0,1,2,3,0,0,2,1,1,1,0,0,1,2,0,0,5,1
11,19,0,1,1,0,3,0,0,1,1,1,1,0,2,1,0,6,4,10,1
4,20,4,0,1,3,3,0,1,2,1,1,1,5,0,6,2,1,0,2,0
7,19,4,1,1,0,3,1,0,2,1,1,1,1,0,5,0,6,4,3,1
14,20,0,1,1,0,3,3,0,1,1,1,1,0,2,1,0,9,5,14,1
13,18,0,1,1,2,3,3,0,2,1,1,1,8,2,1,0,2,6,8,1
7,21,0,1,1,0,3,0,0,1,1,1,1,0,0,2,0,7,4,12,0
12,20,0,1,1,4,3,0,1,1,1,1,1,7,2,1,0,6,11,12,1
9,18,4,1,1,0,3,1,0,12,1,1,1,0,0,1,0,9,7,12,1
4,18,4,1,1,0,3,0,0,7,1,1,1,1,0,1,0,6,1,9,1
11,20,4,0,1,0,3,1,0,0,1,1,1,5,2,1,0,6,5,14,0
10,18,4,1,1,0,3,3,0,2,1,1,1,0,0,2,5,0,0,0,1
1,14,4,1,1,0,3,0,0,7,1,1,1,0,0,1,2,2,0,4,1
1,15,4,1,1,0,3,0,0,2,1,1,1,7,0,1,0,2,5,4,1
14,15,0,1,1,0,3,3,0,1,1,1,1,0,2,0,5,0,0,0,1
5,18,4,0,1,4,3,0,1,0,1,1,1,0,0,1,0,6,6,9,1
13,19,0,0,1,0,3,1,0,0,1,1,1,0,2,1,0,4,6,14,1
13,11,3,1,1,3,3,0,1,15,1,1,1,0,2,0,5,0,0,0,0
6,20,4,1,1,4,3,0,1,11,1,1,1,5,0,0,5,0,0,0,1
7,19,4,0,1,0,3,1,0,0,1,1,1,8,0,1,0,6,2,7,0
9,18,0,0,1,0,1,1,0,0,1,1,1,0,0,1,0,6,3,12,1
9,19,0,0,1,0,3,1,0,0,1,1,1,0,0,1,0,6,4,14,1
4,19,4,0,1,0,3,1,0,2,1,1,1,0,0,4,0,6,2,11,0
7,21,4,0,1,0,3,0,0,0,1,1,1,0,0,5,0,6,2,13,0
15,20,0,1,1,0,3,0,0,0,1,1,1,0,2,1,0,9,6,13,1
11,20,4,1,1,0,3,1,0,2,1,1,1,5,2,0,5,0,0,0,1
9,16,4,1,1,0,3,3,0,2,1,1,1,0,0,1,0,1,3,4,0
10,18,4,1,1,3,3,0,1,5,1,1,1,7,0,1,0,6,3,10,1
8,13,4,1,0,0,3,0,0,2,1,1,1,0,0,1,5,0,0,5,1
5,20,4,1,1,2,3,1,0,2,1,1,1,8,0,1,0,6,10,12,1
15,18,4,0,1,0,3,1,0,0,1,1,1,8,2,4,0,1,1,4,1
15,16,4,0,0,0,3,1,0,15,0,0,1,0,2,0,5,0,0,2,0
12,21,4,1,1,0,3,3,0,12,1,1,1,0,2,1,0,2,4,8,0
11,15,4,0,1,0,3,0,0,2,1,1,1,7,2,1,0,6,3,9,1
14,15,0,0,1,4,3,0,1,0,1,1,1,5,2,1,0,6,2,10,1
8,15,4,1,1,0,3,0,0,2,1,1,1,7,0,1,0,6,0,9,1
0,18,4,1,1,4,3,3,1,11,1,1,1,0,0,1,0,1,2,2,0
14,21,0,0,1,0,3,0,0,0,1,1,1,0,2,1,0,6,4,13,1
1,18,4,0,1,0,3,0,0,16,1,1,1,0,0,0,5,0,0,0,1
9,19,0,0,1,4,3,0,1,0,1,1,1,0,0,1,2,6,0,10,1
9,20,4,0,1,0,3,0,0,0,1,1,1,1,0,1,0,6,3,14,0
11,15,0,0,1,4,3,0,1,1,1,1,1,0,2,7,2,6,0,9,1
13,20,0,1,1,0,3,0,0,0,1,1,1,0,2,1,0,7,2,11,1
12,18,0,0,0,0,3,0,0,2,0,1,1,0,2,1,0,6,4,13,1
1,18,4,0,1,0,3,3,0,16,1,1,1,0,0,1,0,4,2,5,0
3,13,4,0,1,0,3,1,0,15,1,1,1,8,0,1,5,6,0,2,0
14,21,0,0,1,0,3,3,0,1,1,1,1,5,2,1,0,9,11,14,0
5,19,4,1,1,4,3,0,1,0,1,1,1,0,0,0,5,0,0,0,1
14,20,2,1,1,0,3,0,0,2,1,1,1,1,2,6,0,6,6,11,1
12,15,2,1,1,0,3,3,0,13,1,1,1,7,2,6,2,0,0,8,0
12,20,0,1,1,0,3,0,0,1,1,1,1,0,2,1,2,0,0,0,1
7,8,0,1,1,4,3,0,1,2,1,1,1,0,0,1,0,6,4,12,1
9,9,4,0,1,0,3,1,0,12,1,1,1,1,0,1,0,8,3,6,0
0,15,4,0,1,0,3,0,0,2,1,1,1,7,0,1,0,6,3,8,0
1,15,4,0,1,0,3,0,0,2,1,1,1,1,0,0,5,0,0,0,1
15,20,0,1,1,0,3,0,0,2,1,1,1,0,2,1,2,6,0,6,1
15,19,4,1,1,0,3,0,0,0,1,1,1,0,2,1,0,6,3,2,1
2,15,4,0,1,0,3,3,0,9,1,1,1,8,0,1,5,3,0,3,0
12,18,0,1,1,0,3,0,0,0,1,1,1,0,2,1,0,6,2,8,1
4,15,4,0,1,0,3,1,0,2,1,1,1,0,0,1,0,9,11,8,0
0,18,4,0,1,0,3,3,0,2,1,1,1,0,0,0,5,0,0,0,1
15,20,0,0,1,0,0,1,0,0,1,1,1,0,2,5,3,8,3,12,1
4,20,4,0,1,0,3,3,0,11,1,1,1,0,0,1,5,6,0,6,0
5,17,4,0,1,0,3,1,0,0,1,1,1,0,0,1,0,6,4,8,1
5,20,4,1,1,0,3,0,0,2,1,1,1,0,0,0,5,0,0,0,1
13,16,4,0,1,0,3,0,0,15,1,1,1,0,2,0,5,0,0,0,0
5,23,4,1,1,2,3,0,1,12,1,1,1,0,2,1,0,8,11,6,0
2,22,4,1,1,0,3,0,0,0,1,1,1,0,0,1,0,7,6,11,1
15,21,0,1,1,4,3,0,1,0,1,1,1,5,2,1,0,9,3,14,1
5,15,4,0,1,4,3,0,1,12,1,1,1,7,0,1,5,6,0,4,0
3,10,4,1,1,4,3,0,1,5,1,1,1,7,0,1,0,6,3,8,1
8,18,4,1,1,0,3,1,0,0,1,1,1,0,0,1,0,5,2,8,1
3,18,4,0,1,0,3,1,0,11,1,1,1,5,0,1,0,2,3,4,0
14,17,4,0,0,0,3,0,0,2,1,1,0,7,2,1,0,5,3,3,1
5,20,0,1,1,2,3,3,0,1,1,1,1,8,0,1,5,0,0,0,0
1,17,4,0,1,0,3,1,0,12,1,1,1,0,0,1,0,6,6,10,0
0,17,4,1,1,0,3,0,0,7,1,1,1,0,0,1,0,2,10,2,1
6,20,0,0,1,0,3,0,0,0,1,1,1,0,0,1,0,6,4,12,0
15,20,4,0,1,0,3,1,0,2,1,1,1,8,2,1,0,6,6,10,1
6,15,4,1,1,0,3,0,0,0,1,1,1,0,0,1,0,6,3,9,1
10,20,0,1,1,3,3,0,1,3,1,1,1,0,0,1,0,6,7,13,1
13,21,0,1,1,4,3,0,1,1,1,1,1,5,2,0,5,0,0,0,1
8,15,2,1,1,0,3,1,0,7,1,1,1,0,0,1,0,5,4,7,1
5,15,4,1,1,0,3,0,0,2,1,1,1,0,0,1,0,6,4,10,1
4,20,4,0,1,4,3,0,1,0,1,1,1,5,0,1,0,6,4,3,1
7,18,4,1,1,4,3,0,1,0,1,1,1,5,0,1,5,0,0,4,0
2,15,2,0,0,0,3,1,0,2,1,1,1,7,0,1,0,6,6,8,1
14,13,4,0,0,0,3,3,0,9,1,1,0,0,2,1,0,4,3,6,1
13,18,0,1,1,0,3,2,0,1,1,1,1,0,2,6,0,1,10,1,1
2,0,4,0,1,4,3,3,1,9,1,1,1,0,0,0,5,1,0,7,1
14,19,0,1,1,3,3,0,1,9,1,1,1,5,2,1,0,6,3,14,1
6,15,0,0,1,0,3,3,0,5,1,1,1,7,0,1,0,8,3,10,1
13,15,0,1,1,3,3,0,1,9,1,1,1,0,2,1,0,6,5,9,1
4,15,4,1,1,4,3,0,1,16,1,1,1,2,0,6,5,2,0,3,1
7,15,4,0,1,0,3,0,0,0,1,1,1,0,0,1,0,6,3,8,0
14,13,0,1,0,0,3,3,0,1,1,1,1,0,2,1,5,0,0,4,1
14,21,0,1,1,4,3,0,1,1,1,1,1,5,2,1,0,6,5,14,0
11,20,4,1,1,0,3,3,0,0,1,1,1,5,2,1,5,4,0,3,1
7,15,4,1,1,0,3,3,0,0,1,1,1,0,0,4,2,1,0,2,1
10,20,0,1,1,0,3,0,0,1,1,1,1,7,0,1,0,6,8,10,1
5,20,4,1,1,0,3,0,0,11,1,1,1,5,0,1,0,6,4,6,0
9,19,4,1,1,0,3,1,0,2,1,1,1,0,0,1,0,6,0,11,1
8,20,0,0,1,4,3,0,1,1,1,1,1,5,0,1,0,6,6,11,1
11,18,4,0,1,0,3,0,0,0,1,1,1,0,2,1,0,6,2,9,1
8,20,0,0,1,4,3,0,1,8,1,1,1,0,0,0,5,0,0,0,1
8,18,0,1,1,4,3,0,1,9,1,1,1,0,0,3,0,6,6,6,1
10,20,4,0,1,3,3,0,1,11,1,1,1,5,0,1,0,6,6,11,1
13,19,0,1,1,4,3,0,0,8,1,1,1,7,2,1,0,6,5,11,1
4,15,0,0,1,0,3,0,0,3,1,1,1,0,0,6,0,4,7,5,1
12,13,4,1,1,0,3,0,0,2,1,1,1,0,2,1,0,6,4,13,1
8,21,0,1,1,4,3,0,1,1,1,1,1,7,0,1,0,6,8,12,0
1,18,4,0,1,0,3,0,0,16,1,1,1,5,0,0,5,0,0,0,1
14,17,0,1,1,0,3,1,0,1,1,1,1,0,2,1,0,6,5,13,1
5,18,4,0,1,0,3,3,0,0,1,1,1,0,0,1,0,2,5,4,1
7,15,4,0,1,3,3,0,1,5,1,1,1,7,0,1,0,9,3,3,1
15,8,4,1,1,4,3,3,1,11,1,1,1,0,2,1,0,5,4,3,0
4,15,4,1,1,0,3,0,0,2,1,1,1,1,0,1,5,0,0,0,1
6,20,4,0,1,0,2,0,0,10,1,1,1,0,0,4,0,6,5,11,0
14,18,4,1,1,0,3,0,0,0,1,1,1,7,2,1,0,9,3,9,0
7,15,0,0,1,0,3,0,0,0,1,1,1,0,0,1,0,5,2,3,1
12,15,0,0,1,0,3,0,0,0,1,1,1,7,2,1,0,6,8,6,1
1,15,4,0,1,0,3,3,0,2,1,1,1,0,0,0,5,0,0,0,1
0,18,4,1,1,0,3,0,0,4,1,1,1,0,0,1,0,6,8,7,1
4,18,4,0,1,0,3,0,0,4,1,1,1,0,0,1,0,4,6,5,1
12,17,0,1,1,0,3,0,0,1,1,1,1,0,2,1,0,7,8,13,1
1,18,4,0,1,3,3,0,1,2,1,1,1,7,0,1,5,2,0,4,1
4,18,4,0,1,0,3,0,0,0,1,1,1,0,0,2,0,6,8,11,1
2,18,4,1,1,0,3,1,0,2,1,1,1,0,0,1,0,3,6,5,1
10,12,4,0,1,0,3,3,0,12,1,1,1,0,0,1,2,0,0,4,1
12,20,4,0,1,0,3,0,0,11,1,1,1,0,2,2,0,6,0,11,1
14,19,4,0,1,0,3,0,0,2,1,1,1,1,0,2,0,5,3,4,1
10,20,4,0,1,0,3,1,0,0,1,1,1,0,0,1,0,7,4,14,1
2,18,4,1,1,0,3,0,0,5,1,1,1,5,0,1,0,3,3,3,1
15,22,0,1,1,3,3,0,1,1,1,1,1,5,2,1,0,6,9,11,1
15,21,0,0,1,4,3,0,1,1,1,1,1,5,2,1,0,6,8,14,1
2,15,4,1,1,0,3,0,0,5,1,1,1,7,0,0,5,0,0,0,1
14,14,4,1,1,3,3,0,1,0,1,1,1,8,2,7,0,5,1,5,1
5,17,4,0,1,0,0,0,0,16,1,1,1,1,0,5,3,9,1,7,0
6,20,0,1,1,0,3,1,0,1,1,1,1,0,0,1,0,6,3,9,0
14,20,4,1,1,0,3,1,0,2,1,1,1,0,2,1,2,0,0,0,1
9,19,4,0,1,0,3,0,0,2,1,1,1,7,0,1,0,6,3,5,1
12,21,0,1,1,0,3,0,0,0,1,1,1,5,2,3,0,6,5,12,1
3,19,4,1,1,4,3,0,1,12,1,1,1,0,0,0,5,0,0,5,0
0,18,4,1,1,0,3,0,0,2,1,1,1,0,0,1,5,4,0,1,0
13,20,4,1,1,0,3,1,0,0,1,1,1,0,2,5,0,6,9,11,0
11,17,0,0,0,0,3,0,0,0,1,1,0,8,2,1,0,6,1,13,0
10,18,0,0,1,0,3,0,0,0,1,1,1,7,0,1,0,6,6,11,1
13,19,0,0,1,0,3,1,0,1,1,1,1,7,2,1,0,8,10,12,1
6,19,4,1,1,0,3,1,0,12,1,1,1,0,0,1,0,4,2,6,1
11,20,0,1,1,0,3,0,0,0,1,1,1,0,2,3,0,6,6,12,1
1,18,4,1,1,0,3,0,0,7,1,1,1,1,0,1,0,2,2,4,1
13,15,0,0,1,0,3,3,0,0,1,1,1,1,2,1,0,6,11,3,1
13,21,4,0,1,0,3,1,0,0,1,1,1,5,2,1,0,9,11,14,1
2,18,4,1,1,4,3,0,1,16,1,1,1,5,0,1,0,6,6,4,0
5,20,4,0,1,0,3,2,0,0,1,1,1,0,0,1,0,6,2,7,0
7,20,4,1,1,0,3,0,0,16,1,1,1,5,0,1,0,8,0,6,0
5,20,4,1,0,2,3,3,0,12,1,1,0,0,2,1,5,0,0,6,1
6,18,4,1,1,0,3,0,0,2,1,1,1,0,0,1,0,5,8,6,1
3,15,4,1,1,0,3,0,0,2,1,1,1,7,0,1,0,3,4,4,0
10,8,0,0,1,4,3,0,1,11,1,1,1,0,0,0,5,0,0,0,0
9,18,0,1,1,0,3,0,0,0,1,1,1,0,0,9,2,0,0,0,1
5,14,4,1,1,4,3,0,1,12,1,1,1,0,0,1,0,2,11,3,1
3,18,4,1,1,0,3,1,0,0,1,1,1,0,0,1,0,4,4,9,0
8,18,4,1,0,0,3,2,0,0,1,1,1,0,0,1,5,0,0,1,1
1,18,4,1,1,0,3,0,0,11,1,1,1,7,0,1,5,4,0,4,0
11,18,4,1,1,0,3,3,0,11,1,1,1,0,2,2,0,1,2,5,0
1,19,4,1,1,0,3,0,0,0,1,1,1,0,0,1,5,1,0,1,1
0,15,4,0,0,0,3,0,0,2,1,0,1,0,0,1,0,6,0,2,1
5,15,4,0,1,4,3,0,1,10,1,1,1,0,0,0,5,0,0,0,0
14,19,0,1,1,4,3,0,1,1,1,1,1,5,2,0,5,0,0,10,0
14,15,0,0,1,0,3,0,0,1,1,1,1,0,2,3,5,0,0,0,0
15,20,4,0,1,0,3,0,0,2,1,1,1,0,2,6,0,6,0,3,1
7,20,4,1,1,0,3,0,0,2,1,1,1,0,0,1,0,6,2,11,1
1,18,4,1,1,0,3,0,0,2,1,1,1,0,0,1,0,3,6,3,1
15,20,4,1,1,0,3,0,0,2,1,1,1,5,2,1,0,3,4,9,0
10,20,4,1,1,4,3,0,1,0,1,1,1,5,0,1,0,4,3,3,0
5,18,4,0,1,2,3,3,0,2,1,1,1,1,0,1,0,5,3,3,1
1,15,4,0,1,0,0,3,0,11,1,1,1,0,0,5,3,9,2,12,0
4,15,4,0,1,0,3,0,0,16,1,1,1,0,0,1,0,6,2,7,0
3,15,4,1,1,0,3,1,0,2,1,1,1,5,0,1,5,0,0,2,0
13,20,4,1,0,0,3,0,0,0,1,1,0,0,2,0,5,0,0,0,1
0,13,4,0,1,0,3,1,0,15,1,1,1,8,0,1,5,1,0,1,0
13,19,4,1,1,0,3,3,0,2,1,1,1,0,2,2,0,1,0,1,0
9,17,4,1,1,0,3,0,0,4,1,1,1,0,0,1,2,0,0,0,1
14,18,4,1,1,0,3,1,0,0,1,1,1,0,2,1,0,4,4,5,1
9,21,0,1,1,0,3,0,0,1,1,1,1,0,0,1,0,6,5,13,1
8,15,4,1,1,0,3,1,0,7,1,1,1,0,0,1,0,6,4,6,1
2,18,4,0,1,0,3,1,0,2,1,1,1,0,0,1,0,4,3,5,1
6,15,4,1,1,0,3,1,0,12,1,1,1,7,0,1,0,6,3,12,0
13,17,0,1,1,0,3,1,0,0,1,1,1,0,2,1,0,8,3,8,1
14,21,4,0,1,4,3,0,1,0,1,1,1,5,2,1,0,7,5,12,0
9,20,0,0,1,0,0,1,0,0,1,1,1,0,0,5,3,9,4,13,0
8,11,3,0,1,0,3,0,0,4,1,1,1,0,0,1,0,6,4,6,1
7,19,4,1,1,0,3,3,0,0,1,1,1,5,0,3,0,4,8,5,1
15,21,0,1,1,4,3,0,1,1,1,1,1,0,2,2,0,6,3,7,1
15,20,0,1,1,4,3,3,1,1,1,1,1,5,2,0,5,0,0,0,1
14,19,0,0,1,0,3,0,0,8,1,1,1,0,2,3,0,4,6,5,1
7,8,0,0,1,4,3,0,1,11,1,1,1,0,0,1,5,0,0,0,1
7,19,4,1,1,0,3,0,0,2,1,1,1,0,0,1,2,0,0,0,1
11,21,4,1,1,0,3,1,0,0,1,1,1,0,2,2,0,6,3,9,1
14,17,4,0,1,0,3,3,0,2,1,1,1,0,2,0,5,0,0,0,1
3,20,4,0,1,0,3,0,0,2,1,1,1,0,0,1,0,6,4,9,1
14,20,4,0,1,3,3,3,1,2,1,1,1,5,2,1,0,6,11,7,1
11,14,0,1,1,0,3,0,0,2,1,1,1,0,2,0,5,0,0,0,1
5,18,4,0,1,0,3,0,0,2,1,1,1,0,0,1,2,0,0,0,1
5,17,4,0,1,0,3,0,0,2,1,1,1,1,0,1,0,5,2,6,1
15,20,4,0,1,0,3,0,0,0,1,1,1,0,2,1,0,9,6,14,0
1,18,4,1,1,0,3,0,0,16,1,1,1,0,0,1,5,1,0,2,1
9,21,4,1,1,0,3,0,0,0,1,1,1,5,0,1,0,6,8,12,0
15,19,4,1,1,0,3,3,0,2,1,1,1,0,2,3,0,6,11,5,1
4,15,4,0,1,0,3,1,0,7,1,1,1,0,0,1,2,0,0,6,1
15,21,0,0,1,0,3,1,0,0,1,1,1,0,2,1,0,6,0,14,0
8,20,4,1,1,0,3,1,0,5,1,1,1,0,0,1,2,6,0,2,1
10,18,4,1,1,0,3,3,0,14,1,1,1,0,0,7,5,0,0,0,0
14,15,4,1,1,3,3,3,1,11,1,1,1,0,2,1,0,6,6,7,1
9,20,4,0,1,0,3,0,0,0,1,1,1,0,0,1,0,6,2,6,0
4,15,4,1,1,4,3,0,0,11,1,1,1,7,0,1,0,9,5,11,1
14,20,0,0,1,0,3,1,0,1,1,1,1,0,2,1,0,6,3,13,0
7,18,0,0,1,0,3,0,0,0,1,1,1,7,0,1,0,6,10,9,1
2,18,4,1,1,4,3,0,1,0,1,1,1,0,0,0,5,0,0,0,0
11,14,4,1,0,0,3,1,0,2,1,1,0,0,2,0,5,0,0,0,1
4,19,4,1,1,0,3,3,0,2,1,1,1,0,0,1,0,4,2,4,0
11,21,4,0,1,4,3,0,1,0,1,1,1,5,2,1,0,3,1,14,1
9,23,0,0,1,0,0,3,0,0,1,1,1,0,0,5,3,6,9,14,0
11,8,4,0,1,4,3,3,1,12,1,1,1,0,2,0,5,0,0,0,0
13,20,0,1,1,0,3,1,0,1,1,1,1,0,2,1,0,2,7,7,1
7,20,4,0,1,0,3,3,0,11,1,1,1,0,0,4,0,9,4,14,1
5,20,4,1,1,0,3,0,0,11,1,1,1,0,0,3,0,2,3,3,1
14,14,0,1,1,0,3,2,0,0,1,1,1,8,2,1,0,6,1,7,1
2,15,4,0,1,0,3,0,0,15,1,1,1,7,0,0,5,0,0,0,1
14,15,4,1,1,0,3,0,0,0,1,1,1,0,2,1,0,6,1,10,1
10,21,4,1,1,4,3,0,1,0,1,1,1,5,0,1,0,4,6,12,0
11,20,0,0,1,4,3,1,1,0,1,1,1,0,2,1,0,6,2,9,1
8,17,0,0,1,0,3,0,0,8,1,1,1,7,0,3,0,6,8,8,1
9,15,4,0,1,0,3,0,0,15,1,1,1,1,0,1,5,0,0,0,0
14,15,0,1,1,0,3,0,0,0,1,1,1,7,2,1,0,6,3,13,1
3,11,4,0,1,0,3,0,0,15,1,1,1,0,0,1,5,6,0,2,1
5,20,4,1,1,0,3,1,0,11,1,1,1,0,0,2,0,6,8,13,0
6,15,4,1,1,0,3,3,0,11,1,1,1,0,0,1,0,4,8,6,0
13,19,0,0,1,0,0,0,0,1,1,1,1,0,2,5,0,8,6,9,1
6,18,4,0,1,0,3,0,0,2,1,1,1,7,0,1,0,3,6,5,1
4,15,4,0,1,0,3,0,0,2,1,1,1,7,0,1,0,6,3,7,1
6,15,4,1,1,0,3,1,0,2,1,1,1,7,0,1,0,4,4,4,1
7,15,4,0,1,0,3,0,0,0,1,1,1,0,0,1,0,5,3,5,1
0,15,4,0,1,0,2,3,0,16,1,1,1,0,0,1,0,4,4,5,0
7,15,4,0,1,0,0,0,0,16,1,1,1,0,0,5,3,9,2,7,0
10,18,4,0,1,0,3,0,0,2,1,1,1,0,0,1,0,6,2,4,1
1,14,4,0,1,0,3,1,0,2,1,1,1,8,0,1,0,6,1,6,1
10,18,4,1,1,0,3,0,0,2,1,1,1,0,0,1,0,4,10,8,1
14,20,4,0,1,0,3,0,0,12,1,1,1,0,2,2,0,5,0,13,1
6,18,4,0,1,0,3,0,0,14,1,1,1,1,0,1,0,6,6,9,1
0,15,4,0,1,0,3,1,0,0,1,1,1,0,0,6,0,2,0,1,1
7,19,4,0,1,0,3,1,0,7,1,1,1,5,0,1,0,6,1,10,0
7,17,4,0,1,0,3,3,0,5,1,1,1,5,0,1,0,6,2,10,1
5,18,4,0,0,0,3,0,0,2,1,1,1,5,0,0,5,0,0,0,0
9,20,4,0,1,0,3,0,0,2,1,1,1,0,0,1,0,6,6,6,1
7,15,0,1,1,0,3,0,0,0,1,1,1,0,0,1,0,6,4,8,1
8,20,4,0,1,0,3,0,0,0,1,1,1,1,0,1,0,7,11,13,0
3,15,4,0,1,0,3,0,0,11,1,1,1,0,0,1,0,4,3,5,1
3,20,4,1,1,4,3,0,1,2,1,1,1,5,0,2,0,1,3,2,1
14,18,0,1,0,0,3,0,0,0,1,1,1,5,2,1,5,0,0,5,0
14,8,1,1,1,3,3,0,1,14,1,1,1,1,2,4,5,0,0,2,0
10,15,4,0,0,0,3,1,0,0,1,1,0,0,0,1,2,0,0,4,1
1,15,4,0,1,0,3,1,0,2,1,1,1,0,0,1,0,6,3,6,1
14,20,0,0,0,4,3,0,1,1,1,1,1,0,2,0,5,0,0,0,0
3,18,0,1,1,0,1,3,0,1,1,1,1,0,2,5,5,0,0,2,1
13,18,4,1,1,0,3,0,0,2,1,1,1,1,2,0,5,0,0,1,1
6,21,4,1,1,0,3,1,0,0,1,1,1,0,0,1,0,8,6,14,1
6,18,4,0,1,0,3,0,0,0,1,1,1,1,0,1,0,6,6,12,1
7,15,0,0,1,0,3,0,0,2,1,1,1,7,0,0,5,0,0,0,1
14,15,0,0,1,0,3,0,0,8,1,1,1,7,2,1,0,2,3,5,1
11,17,4,0,1,0,3,0,0,2,1,1,1,0,2,3,0,9,6,12,1
2,18,4,1,0,0,3,1,0,2,1,1,1,0,0,0,5,0,0,0,1
7,19,4,1,1,0,3,0,0,2,1,1,1,5,0,1,0,4,6,9,1
10,18,0,1,1,0,3,3,0,0,1,1,1,7,0,0,5,0,0,0,1
13,19,0,0,1,4,3,3,1,8,1,1,1,0,2,1,0,4,3,7,1
8,20,4,1,1,0,3,0,0,12,1,1,1,7,0,2,2,8,0,10,1
7,15,4,0,1,0,3,0,0,2,1,1,1,0,0,1,0,9,4,8,1
2,18,0,0,1,0,3,0,0,8,1,1,1,7,0,4,0,1,5,1,1
3,11,4,0,1,4,3,0,1,15,1,1,1,0,0,0,5,0,0,0,1
0,18,4,0,1,0,3,0,0,8,1,1,1,7,0,1,0,6,0,8,1
13,21,0,0,1,0,3,1,0,0,1,1,1,0,2,1,0,9,10,14,1
14,19,4,1,1,0,3,0,0,0,1,1,1,7,2,1,0,6,6,10,1
1,18,4,0,1,0,3,0,0,16,1,1,1,0,0,2,0,6,11,8,0
2,18,4,0,1,0,3,3,0,2,1,1,1,0,0,0,5,0,0,0,1
14,18,0,1,1,4,3,0,1,1,1,1,1,5,2,1,5,0,0,2,0
10,10,0,1,1,0,3,1,0,0,1,1,1,0,0,4,0,1,5,1,1
5,22,4,0,1,0,3,1,0,7,1,1,1,8,0,1,0,9,6,12,0
11,15,4,0,1,0,3,1,0,12,1,1,1,0,2,1,0,6,2,5,1
11,18,4,0,1,0,3,3,0,2,1,1,1,5,2,1,2,0,0,0,1
8,20,4,1,1,4,3,0,1,11,1,1,1,8,0,6,0,4,0,6,0
13,8,0,1,1,4,3,0,1,4,1,1,1,0,2,1,1,1,0,1,0
3,20,4,1,1,0,3,3,0,11,1,1,1,0,0,1,0,6,8,8,1
10,19,4,0,1,0,3,0,0,2,1,1,1,0,0,1,0,6,3,10,0
0,18,4,1,1,0,3,3,0,2,1,1,1,0,0,1,0,1,4,2,1
2,18,4,1,1,0,3,0,0,2,1,1,1,1,0,0,5,0,0,2,1
8,1,4,1,0,4,3,3,1,15,1,1,0,5,0,0,5,0,0,0,0
9,17,0,0,1,0,3,0,0,0,1,1,1,0,0,2,0,7,6,9,0
10,15,0,0,1,4,3,0,1,0,1,1,1,7,0,1,2,8,0,10,1
12,20,0,1,1,4,3,0,1,0,1,1,1,7,2,1,1,9,0,11,1
11,20,0,0,1,0,0,3,0,11,1,1,1,5,2,1,0,8,6,14,1
9,21,4,1,1,4,3,0,1,2,1,1,1,5,0,1,0,6,6,11,1
13,21,0,1,1,4,3,0,1,1,1,1,1,5,2,1,0,6,5,13,1
6,20,4,1,1,0,3,3,0,0,1,1,1,1,0,1,5,0,0,0,1
8,20,0,0,1,4,3,0,1,0,1,1,1,0,0,1,0,9,0,8,1
14,15,4,0,1,0,3,0,0,2,1,1,1,7,2,1,0,6,4,10,1
4,15,4,0,1,0,3,0,0,2,1,1,1,0,0,1,0,6,3,5,1
12,21,4,1,1,0,3,1,0,2,1,1,1,8,2,4,0,8,1,11,1
5,17,4,1,1,0,3,0,0,2,1,1,1,7,0,1,0,6,4,10,1
3,18,4,0,1,0,3,3,0,2,1,1,1,0,0,2,0,2,3,3,1
5,15,4,0,1,0,3,3,0,2,1,1,1,0,0,1,0,6,10,9,1
9,20,4,1,1,0,3,1,0,0,1,1,1,0,0,3,0,4,4,6,0
14,19,2,1,1,0,3,1,0,0,1,1,1,0,2,1,0,6,6,7,1
0,14,4,0,1,4,3,0,1,5,1,1,1,7,0,1,0,1,2,4,1
10,20,0,1,1,0,3,0,0,0,1,1,1,5,0,1,0,6,6,14,0
11,18,4,0,1,0,3,0,0,7,1,1,1,1,0,1,2,6,0,4,0
1,18,4,1,1,0,3,0,0,2,1,1,1,7,0,0,5,0,0,0,1
4,15,4,0,1,2,3,1,0,2,1,1,1,6,0,1,0,5,10,8,1
5,19,4,1,1,0,3,0,0,2,1,1,1,7,0,0,5,0,0,1,1
8,13,4,1,0,4,3,0,1,0,1,1,1,5,0,1,5,0,0,13,1
10,21,0,1,1,0,3,1,0,1,1,1,1,0,0,1,0,6,6,14,1
2,18,4,0,1,0,3,0,0,2,1,1,1,7,0,1,0,3,4,5,1
3,20,4,1,1,0,3,0,0,2,1,1,1,5,0,0,5,0,0,0,1
12,20,0,1,1,0,3,1,0,1,1,1,1,0,2,4,0,1,6,2,1
3,18,4,0,1,0,3,3,0,2,1,1,1,0,0,0,5,0,0,0,1
5,18,4,1,1,0,3,0,0,0,1,1,1,5,0,1,5,0,0,0,1
7,13,4,1,1,0,3,0,0,0,1,1,1,0,0,1,2,4,0,6,1
8,15,4,1,1,0,3,0,0,12,1,1,1,7,0,1,5,6,0,2,0
15,19,0,1,1,0,3,1,0,1,1,1,1,0,2,1,0,8,8,14,1
0,15,4,1,1,0,3,0,0,11,1,1,1,0,0,1,5,4,0,4,0
12,15,4,1,1,0,3,0,0,16,1,1,1,8,0,4,0,5,5,3,0
9,18,4,1,1,0,3,3,0,0,1,1,1,7,0,1,5,6,0,4,0
3,19,4,0,1,0,3,1,0,12,1,1,1,0,0,1,0,8,6,11,0
13,18,0,1,1,0,3,0,0,0,1,1,1,1,2,1,0,2,5,5,0
9,15,4,0,0,0,0,1,0,6,0,1,0,6,0,5,3,6,8,6,0
12,15,4,1,1,0,3,1,0,2,1,1,1,8,2,1,0,6,10,8,1
2,17,4,0,1,0,3,1,0,16,1,1,1,0,0,4,0,6,2,3,1
12,15,4,0,1,0,3,3,0,14,1,1,1,0,2,0,5,0,0,2,1
0,15,4,0,1,3,3,0,1,2,1,1,1,0,0,1,0,6,8,9,1
6,21,4,1,1,0,3,0,0,14,1,1,1,5,0,1,0,2,6,10,1
9,18,4,0,1,0,3,3,0,2,1,1,1,0,0,1,0,6,2,12,1
3,18,4,0,1,0,3,0,0,0,1,1,1,0,0,1,0,8,4,14,1
14,20,0,0,1,3,3,0,1,0,1,1,1,0,2,1,0,8,6,12,1
11,4,4,0,0,0,3,1,0,2,0,0,0,0,0,2,0,7,10,11,1
15,21,4,0,1,0,3,1,0,2,1,1,1,5,2,1,0,5,0,13,0
4,18,4,0,1,0,3,0,0,2,1,1,1,0,0,1,2,0,0,8,0
7,15,0,1,1,4,3,3,1,2,1,1,1,0,0,1,0,6,6,9,1
9,21,4,1,1,0,3,1,0,0,1,1,1,0,0,1,0,2,5,12,1
2,15,4,1,1,0,3,0,0,2,1,1,1,0,0,1,0,6,3,6,1
3,18,4,1,1,0,3,3,0,2,1,1,1,1,0,1,1,4,0,4,1
14,15,4,1,1,0,3,0,0,2,1,1,1,0,2,1,0,4,1,4,0
5,15,4,1,1,0,3,1,0,12,1,1,1,0,0,6,0,4,10,7,1
2,18,4,1,1,0,3,0,0,0,1,1,1,8,0,1,0,6,2,6,0
11,20,0,1,1,0,3,1,0,0,1,1,1,8,2,1,5,6,0,8,1
5,20,4,1,1,2,3,0,0,2,1,1,1,0,0,1,0,5,10,4,1
9,20,4,0,1,0,3,0,0,11,1,1,1,0,0,2,0,9,0,13,0
7,20,4,0,1,0,3,1,0,3,1,1,1,8,0,1,0,4,1,5,1
9,20,4,1,1,0,3,0,0,4,1,1,1,0,0,3,0,6,2,7,1
13,8,0,1,0,0,1,1,0,9,0,0,1,0,2,4,0,6,5,12,1
2,18,4,1,1,0,3,1,0,2,1,1,1,0,0,2,0,6,3,12,1
0,15,4,0,1,4,3,3,1,0,1,1,1,0,0,0,5,0,0,0,1
7,13,0,0,1,0,3,0,0,0,1,1,1,0,0,1,0,6,10,13,1
1,18,4,1,1,0,3,0,0,2,1,1,1,0,0,1,0,4,4,3,1
8,18,4,0,1,0,3,1,0,16,1,1,1,8,0,1,0,6,1,6,0
8,20,0,1,1,0,3,0,0,1,1,1,1,0,0,1,1,8,0,10,1
9,20,4,0,1,3,3,0,1,2,1,1,1,5,0,1,5,0,0,1,1
4,20,4,1,1,0,3,0,0,2,1,1,1,0,0,1,0,6,8,6,1
1,15,4,0,1,0,3,0,0,12,1,1,1,0,0,1,0,6,2,9,0
13,20,0,1,1,0,3,0,0,2,1,1,1,5,2,3,0,6,5,12,1
3,17,4,1,1,0,3,0,0,2,1,1,1,0,0,0,5,0,0,0,1
7,20,4,1,1,0,3,1,0,16,1,1,1,0,0,2,0,3,6,3,0
14,15,4,0,1,0,3,0,0,0,1,1,1,0,2,1,0,6,0,9,0
14,15,0,0,1,0,3,0,0,1,1,1,1,0,2,6,0,6,6,11,1
6,15,4,1,1,0,3,3,0,12,1,1,1,0,0,1,0,4,11,6,1
10,20,0,1,1,0,3,1,0,1,1,1,1,0,0,1,2,1,0,3,1
14,22,0,1,1,0,3,1,0,0,1,1,1,8,2,1,0,6,9,13,0
12,15,4,0,1,0,3,0,0,2,1,1,1,0,2,1,0,5,6,3,1
13,20,4,0,1,0,3,0,0,2,1,1,1,1,2,3,0,5,10,6,1
7,20,4,0,1,0,3,1,0,0,1,1,1,5,0,3,0,6,10,11,0
12,15,4,0,1,0,3,3,0,2,1,1,1,0,2,1,5,0,0,3,1
14,15,0,1,1,0,3,0,0,1,1,1,1,1,2,0,5,0,0,12,0
6,19,4,1,1,0,3,0,0,2,1,1,1,7,0,1,0,5,4,9,1
7,20,0,1,1,0,3,0,0,2,1,1,1,0,0,0,5,0,0,0,1
9,15,4,0,1,0,3,0,0,2,1,1,1,7,0,1,0,6,3,10,1
14,10,4,0,1,0,0,3,0,12,1,1,1,4,2,5,3,8,3,10,1
10,18,0,0,1,0,3,0,0,0,1,1,1,0,0,2,0,6,3,11,1
10,18,4,0,1,0,3,0,0,0,1,1,1,0,0,7,0,6,8,9,0
8,15,0,1,1,0,3,0,0,1,1,1,1,0,0,1,1,4,0,5,1
11,14,4,0,1,0,3,1,0,0,1,1,1,0,2,1,0,6,5,6,1
11,21,0,1,1,0,3,0,0,0,1,1,1,0,2,1,0,8,11,14,0
4,18,4,1,1,0,3,1,0,4,1,1,1,5,0,1,5,0,0,1,1
2,18,4,1,1,0,3,3,0,11,1,1,1,7,0,1,0,6,4,12,1
2,15,0,1,1,0,3,0,0,1,1,1,1,0,0,1,0,5,6,6,1
3,18,4,0,1,0,3,3,0,11,1,1,1,0,0,1,0,6,3,12,1
8,20,4,1,1,0,3,0,0,12,1,1,1,5,0,1,0,7,7,12,1
14,18,4,0,1,3,3,0,1,0,1,1,1,5,2,1,0,4,6,10,1
12,20,4,0,1,0,3,0,0,2,1,1,1,8,0,4,0,8,8,12,1
12,15,0,0,1,4,3,0,1,1,1,1,1,5,2,1,0,6,10,11,1
6,15,4,0,1,0,3,0,0,2,1,1,1,1,0,9,2,0,0,0,1
6,21,4,1,1,4,3,0,1,2,1,1,1,5,0,1,0,2,5,7,1
13,17,0,0,1,0,3,0,0,0,1,1,1,0,2,1,0,6,8,11,1
8,15,2,1,1,0,3,0,0,0,1,1,1,0,0,1,0,6,1,7,1
8,15,0,0,1,0,3,1,0,0,1,1,1,0,0,1,0,8,2,11,1
6,18,4,0,1,0,3,0,0,0,1,1,1,1,0,1,0,6,4,11,1
3,15,4,0,1,0,3,0,0,12,1,1,1,7,0,1,0,6,8,6,0
10,20,4,0,1,0,3,1,0,2,1,1,1,0,0,1,0,6,11,11,0
3,17,4,0,1,0,3,1,0,2,1,1,1,0,0,1,5,0,0,0,1
7,15,4,1,1,0,3,0,0,7,1,1,1,0,0,1,0,6,3,6,1
1,15,4,1,1,0,3,0,0,2,1,1,1,1,0,1,0,1,5,1,1
5,2,0,0,1,0,0,1,0,16,1,1,1,7,0,5,3,5,10,6,0
1,17,4,1,1,4,3,0,1,2,1,1,1,0,0,9,2,0,0,0,1
1,18,4,1,1,0,3,3,0,16,1,1,1,5,0,1,5,0,0,0,1
5,0,4,0,0,0,3,0,0,2,1,0,1,0,0,1,2,8,0,11,0
9,20,0,1,1,0,3,0,0,1,1,1,1,5,0,1,0,6,8,11,1
3,20,4,1,1,0,3,0,0,2,1,1,1,5,0,1,2,0,0,0,1
0,18,4,0,1,0,3,1,0,16,1,1,1,8,0,1,5,0,0,0,0
10,12,4,0,1,4,3,0,1,5,1,1,1,2,0,1,2,0,0,0,1
6,20,4,1,1,3,3,0,1,0,1,1,1,5,0,4,5,0,0,1,1
9,15,4,1,0,2,3,0,0,2,1,1,0,0,0,1,5,0,0,1,1
14,20,4,1,1,4,3,0,1,12,1,1,1,5,2,6,0,5,9,14,1
6,20,4,0,1,4,3,0,1,0,1,1,1,5,0,1,0,6,6,12,0
13,20,4,1,1,0,3,1,0,2,1,1,1,0,2,1,0,6,6,8,1
8,18,4,1,1,3,3,0,1,2,1,1,1,7,0,7,1,2,0,5,1
10,21,4,1,1,3,3,0,1,0,1,1,1,0,0,1,0,6,4,12,1
7,20,4,1,1,0,3,0,0,2,1,1,1,0,0,1,2,2,0,5,1
9,20,0,1,1,0,3,3,0,1,1,1,1,5,0,1,0,7,3,14,1
7,20,4,1,1,0,3,0,0,0,1,1,1,0,0,1,0,7,5,12,0
9,18,4,0,1,0,3,1,0,0,1,1,1,0,0,1,0,6,1,9,0
11,16,0,1,1,4,3,0,1,1,1,1,1,0,2,1,0,6,6,7,0
14,15,4,0,1,0,3,0,0,2,1,1,1,1,2,2,0,6,8,7,1
0,18,4,1,1,0,3,0,0,11,1,1,1,5,0,0,5,0,0,0,0
5,20,0,0,1,0,3,1,0,1,1,1,1,0,0,1,0,8,10,11,0
10,15,0,0,1,4,3,0,1,0,1,1,1,0,0,1,0,6,3,10,1
10,21,4,1,1,0,3,1,0,0,1,1,1,0,0,1,0,8,8,14,0
9,18,4,1,1,4,3,0,1,12,1,1,1,5,0,1,0,6,3,10,1
8,16,4,1,1,0,3,3,0,2,1,1,1,0,0,1,1,6,0,2,0
0,17,4,1,1,0,3,1,0,7,1,1,1,8,0,1,5,0,0,0,1
0,18,4,1,1,0,3,1,0,8,1,1,1,7,0,4,0,2,1,3,0
1,15,4,0,1,0,3,1,0,2,1,1,1,0,0,2,2,1,0,5,1
12,17,4,1,1,4,3,0,1,0,1,1,1,0,2,1,5,0,0,0,0
13,18,4,1,1,0,3,0,0,12,1,1,1,0,2,1,0,6,5,12,1
5,18,4,0,1,0,3,0,0,2,1,1,1,0,0,1,0,2,11,3,1
13,14,4,0,1,0,3,0,0,2,1,1,1,7,2,7,0,6,11,8,1
12,13,0,1,1,0,3,3,0,8,1,1,1,7,2,0,5,0,0,0,1
11,19,0,1,1,0,3,3,0,1,1,1,1,4,2,3,0,5,7,4,1
14,15,0,1,1,0,3,0,0,9,1,1,1,0,2,1,2,6,0,10,1
10,15,4,1,1,0,3,0,0,2,1,1,1,0,0,0,5,0,0,1,1
8,21,0,1,1,4,3,0,1,1,1,1,1,0,0,2,0,6,6,7,0
2,20,4,1,1,0,3,0,0,2,1,1,1,0,0,1,0,3,6,2,1
14,18,4,0,1,0,3,3,0,2,1,1,1,0,2,1,0,4,11,5,1
15,20,0,1,1,3,3,0,1,1,1,1,1,5,2,4,0,6,10,12,1
11,20,0,1,1,0,3,0,0,0,1,1,1,7,2,1,0,6,1,9,0
9,21,4,0,1,3,3,0,1,11,1,1,1,5,0,1,0,6,8,13,0
11,18,0,0,1,0,3,1,0,0,1,1,1,0,2,1,0,6,4,11,1
0,17,4,0,1,0,3,0,0,16,1,1,1,5,0,1,5,3,0,3,1
8,20,4,1,1,3,3,0,1,0,1,1,1,5,0,3,0,6,2,13,0
14,14,0,1,1,4,3,0,1,0,1,1,1,7,2,1,5,0,0,0,1
15,9,0,0,1,0,3,1,0,12,1,1,1,7,2,2,0,8,8,6,0
6,17,4,0,1,0,3,3,0,12,1,1,1,0,0,1,0,9,5,12,0
5,17,4,0,1,4,3,3,1,11,1,1,1,7,0,1,0,9,3,4,1
7,20,4,1,1,0,3,3,0,11,1,1,1,5,0,0,5,0,0,0,1
2,18,4,1,1,0,3,0,0,2,1,1,1,0,0,1,0,5,0,3,1
10,14,0,0,1,3,3,0,1,2,1,1,1,5,0,1,1,2,0,4,1
5,20,4,1,1,0,3,0,0,4,1,1,1,7,0,5,0,9,4,2,1
1,18,4,0,1,0,3,0,0,2,1,1,1,7,0,0,5,0,0,0,1
0,15,4,0,1,0,3,1,0,2,1,1,1,8,0,1,0,8,10,8,1
6,17,4,0,1,0,3,3,0,2,1,1,1,7,0,1,0,4,2,5,1
0,12,4,0,1,0,3,0,0,16,1,1,1,7,0,0,5,0,0,0,1
9,20,4,0,1,0,3,0,0,2,1,1,1,0,0,1,0,6,4,11,1
4,20,2,1,1,1,3,0,0,11,1,1,1,0,0,2,0,1,10,6,1
10,0,4,1,1,0,3,0,0,12,1,1,1,0,0,1,0,3,3,6,1
7,20,4,0,1,0,3,0,0,0,1,1,1,0,0,1,0,6,3,12,0
7,18,4,1,1,0,3,3,0,2,1,1,1,7,0,0,5,0,0,0,1
3,15,4,0,1,0,3,0,0,9,1,1,1,7,0,1,0,4,8,5,1
0,15,4,1,1,0,3,3,0,2,1,1,1,0,0,0,5,0,0,0,0
7,17,4,0,1,0,3,1,0,2,1,1,1,8,0,1,0,6,3,9,1
4,15,4,0,1,3,3,0,1,2,1,1,1,5,0,1,2,0,0,0,1
5,17,3,1,1,0,3,0,0,1,1,1,1,7,2,1,0,1,2,6,1
2,17,4,1,1,0,3,1,0,0,1,1,1,0,0,0,5,0,0,0,1
10,15,4,0,1,0,3,0,0,2,1,1,1,7,0,1,0,6,4,4,1
14,23,0,0,1,4,3,0,1,0,1,1,1,5,2,1,0,6,6,14,1
9,15,0,0,1,4,3,0,1,1,1,1,1,5,0,1,0,6,3,11,0
9,15,4,0,1,0,3,3,0,12,1,1,1,0,0,1,0,6,4,3,1
2,18,4,0,1,0,3,3,0,2,1,1,1,0,0,0,5,0,0,0,1
0,18,4,1,1,0,3,0,0,16,1,1,1,7,0,0,5,0,0,0,1
15,13,4,0,1,0,3,1,0,0,1,1,1,0,2,1,0,6,10,13,1
3,18,4,1,1,0,3,1,0,2,1,1,1,0,0,1,0,3,5,3,1
9,18,4,1,1,0,3,0,0,0,1,1,1,0,0,1,0,3,2,11,1
2,18,4,0,1,0,3,3,0,16,1,1,1,0,0,0,5,0,0,0,1
8,16,4,0,1,0,3,3,0,10,1,1,1,0,0,1,5,6,0,3,0
11,23,0,0,1,0,3,1,0,0,1,1,1,0,2,1,0,8,8,14,0
6,18,0,1,1,0,3,0,0,0,1,1,1,1,0,3,5,0,0,0,1
13,20,0,1,1,3,3,0,1,0,1,1,1,5,2,1,0,6,5,10,0
13,21,4,1,1,0,3,1,0,12,1,1,1,0,2,2,0,2,1,3,1
5,20,4,1,1,0,3,0,0,2,1,1,1,0,0,1,0,6,2,3,1
14,20,0,0,1,0,3,1,0,5,1,1,1,0,2,1,0,8,11,13,1
1,15,4,0,1,0,3,1,0,7,1,1,1,8,0,1,0,2,1,4,1
6,13,4,0,1,0,3,0,0,15,1,1,1,1,0,1,5,0,0,9,1
8,20,4,1,0,0,3,0,0,2,1,1,0,5,0,1,5,0,0,0,1
6,20,4,1,1,0,3,1,0,1,1,1,1,8,0,8,5,0,0,0,1
13,21,0,1,1,0,3,0,0,0,1,1,1,5,2,3,0,6,2,13,0
12,13,4,1,1,0,3,0,0,0,1,1,1,7,2,1,0,6,1,13,1
12,20,4,1,1,0,3,0,0,0,1,1,1,5,2,2,0,6,10,11,1
6,15,0,1,0,0,3,0,0,1,1,1,1,0,0,1,0,1,6,4,1
6,20,4,1,1,0,3,3,0,2,1,1,1,0,0,1,0,6,8,13,0
4,17,4,1,1,0,3,0,0,0,1,1,1,0,0,0,5,0,0,0,0
8,15,4,0,1,3,3,3,1,2,1,1,1,5,0,1,0,6,8,6,1
10,20,4,0,1,3,3,0,1,0,1,1,1,5,0,1,0,6,10,14,0
0,17,4,0,1,0,2,0,0,16,1,1,1,0,0,1,0,8,4,6,1
4,18,4,1,1,0,3,1,0,2,1,1,1,0,0,1,0,4,8,6,1
5,15,4,0,1,0,0,3,0,16,1,1,1,1,0,5,3,6,4,7,1
11,22,0,0,1,0,3,0,0,0,1,1,1,0,2,7,1,6,0,13,1
2,18,4,1,1,0,3,1,0,16,1,1,1,0,0,4,5,1,0,3,0
4,14,4,0,0,0,3,3,0,16,1,1,0,0,0,9,2,0,0,1,0
7,17,0,0,1,0,1,3,0,1,1,1,1,0,2,1,0,6,11,9,0
7,18,4,0,1,0,3,0,0,2,1,1,1,0,0,3,0,6,2,6,1
6,20,4,1,1,0,3,1,0,2,1,1,1,0,0,1,0,6,3,13,1
15,23,4,1,1,0,3,0,0,0,1,1,1,0,2,3,0,6,4,14,1
13,15,0,1,1,0,1,1,0,0,1,1,1,0,2,1,0,6,10,12,1
4,15,4,0,1,0,3,1,0,2,1,1,1,0,0,1,1,3,0,1,1
9,20,4,1,1,0,3,1,0,12,1,1,1,0,0,1,0,8,2,11,0
1,17,4,1,1,0,3,1,0,2,1,1,1,0,0,1,0,1,3,1,1
1,17,4,0,1,0,3,3,0,2,1,1,1,5,0,1,2,6,0,4,1
13,20,4,1,1,0,3,0,0,0,1,1,1,0,2,1,0,8,1,14,1
6,20,4,0,1,0,3,1,0,11,1,1,1,5,0,1,0,6,8,14,0
10,14,0,0,1,4,3,0,1,2,1,1,1,7,0,0,5,0,0,5,1
14,23,2,1,1,4,3,0,1,5,1,1,1,5,2,1,0,6,8,13,0
6,18,4,1,1,0,3,0,0,2,1,1,1,1,0,9,2,0,0,0,1
3,18,4,0,1,0,3,3,0,11,1,1,1,7,0,1,0,6,6,6,0
15,15,0,0,1,4,3,0,1,0,1,1,1,0,2,1,0,6,10,12,1
12,18,0,0,1,0,1,1,0,1,1,1,1,0,2,5,3,6,2,13,1
11,14,4,0,1,4,3,0,1,0,1,1,1,5,2,1,0,6,8,12,1
6,17,4,1,1,0,3,3,0,12,1,1,1,0,0,1,0,6,6,10,1
14,14,0,0,1,0,3,0,0,14,1,1,1,4,2,3,0,8,8,14,1
1,15,4,0,1,0,3,3,0,2,1,1,1,8,0,1,0,1,4,3,1
12,16,4,0,1,0,3,3,0,2,1,1,1,7,2,1,0,6,10,7,1
11,21,0,0,1,4,3,3,1,1,1,1,1,5,2,1,0,1,2,14,1
6,20,4,0,1,0,3,1,0,16,1,1,1,0,0,1,0,7,1,11,0
4,20,4,0,1,0,3,3,0,2,1,1,1,0,0,1,0,7,4,13,1
8,13,4,1,0,0,3,0,0,2,1,1,0,0,0,1,5,0,0,4,1
0,18,4,1,1,0,3,0,0,16,1,1,1,0,0,1,5,1,0,1,1
8,15,4,0,1,0,3,1,0,0,1,1,1,0,0,1,0,2,3,2,0
9,14,4,1,1,0,3,1,0,2,1,1,1,8,0,2,0,6,1,7,1
7,20,0,1,1,3,3,0,1,1,1,1,1,5,0,1,0,7,5,11,1
6,20,4,0,1,0,3,1,0,2,1,1,1,5,0,1,0,2,4,12,1
3,10,4,0,0,2,3,0,0,2,1,1,0,0,0,1,0,1,3,3,1
8,16,4,1,1,0,3,0,0,12,1,1,1,0,0,1,0,7,11,13,1
13,7,0,0,1,0,1,0,1,9,1,1,1,8,2,6,0,2,3,7,1
10,20,4,1,1,0,3,0,0,2,1,1,1,0,0,6,0,6,8,8,1
15,21,4,0,1,0,3,1,0,0,1,1,1,5,2,1,0,6,3,3,1
8,22,4,0,1,0,3,1,0,7,1,1,1,0,0,1,0,8,6,10,1
10,18,4,1,1,0,3,0,0,12,1,1,1,0,0,1,2,0,0,0,1
7,15,4,1,1,4,3,0,1,16,1,1,1,5,0,1,0,6,1,8,0
6,20,4,1,1,0,3,1,0,11,1,1,1,0,0,1,0,5,0,12,0
1,18,4,0,1,0,3,3,0,2,1,1,1,0,0,0,5,0,0,0,1
0,17,4,0,1,0,3,1,0,2,1,1,1,0,0,3,0,4,0,1,1
7,20,4,0,1,0,3,0,0,14,1,1,1,0,0,7,0,9,8,9,1
4,18,4,0,1,0,3,0,0,2,1,1,1,0,0,2,0,3,4,5,1
8,20,4,1,1,0,3,1,0,2,1,1,1,0,0,1,2,0,0,0,1
15,21,0,1,1,4,3,0,1,0,1,1,1,0,2,6,0,8,10,13,0
0,17,4,1,1,0,3,0,0,16,1,1,1,5,0,3,5,1,0,1,0
1,19,4,1,1,0,3,3,0,2,1,1,1,0,0,1,0,3,5,5,1
7,15,4,1,1,4,3,0,1,0,1,1,1,7,0,1,0,2,10,6,1
8,13,4,0,1,4,3,0,1,10,1,1,1,0,0,1,2,8,0,6,0
9,13,4,1,1,0,3,1,0,0,1,1,1,0,0,1,0,6,4,13,1
4,18,4,1,1,0,3,0,0,10,1,1,1,0,0,1,0,9,0,6,0
11,15,4,0,1,0,3,0,0,0,1,1,1,1,2,1,0,6,6,10,1
8,18,4,1,1,0,3,1,0,2,1,1,1,2,0,1,0,6,7,9,1
7,18,4,0,1,0,3,0,0,2,1,1,1,5,0,1,0,6,6,9,1
12,19,0,0,1,0,3,0,0,8,1,1,1,7,2,4,0,6,6,8,1
13,23,4,1,1,4,3,0,1,5,1,1,1,5,2,6,0,6,6,10,1
10,20,0,1,1,0,3,3,0,14,1,1,1,0,0,0,5,0,0,0,1
5,12,4,1,1,0,3,0,0,0,1,1,1,1,0,5,2,0,0,5,0
0,17,4,1,1,0,3,3,0,2,1,1,1,7,0,1,0,6,4,9,1
10,20,4,0,1,0,3,0,0,11,1,1,1,0,0,1,0,6,1,10,0
14,21,4,0,1,0,3,0,0,0,1,1,1,5,2,2,0,6,8,14,1
13,21,0,1,1,0,3,0,0,1,1,1,1,0,2,7,0,6,10,13,1
4,14,4,0,1,0,3,0,0,16,1,1,1,0,0,1,5,0,0,0,0
4,15,4,0,1,0,3,1,0,7,1,1,1,0,0,0,5,0,0,0,1
11,16,2,1,1,4,3,0,1,1,1,1,1,5,2,1,0,6,1,7,0
2,18,4,1,1,0,3,1,0,2,1,1,1,0,0,1,2,6,0,4,1
1,18,4,1,1,0,3,0,0,2,1,1,1,7,0,1,0,3,8,5,1
13,15,4,1,1,0,3,0,0,2,1,1,1,0,2,1,5,0,0,0,1
7,21,4,0,1,4,3,0,1,0,1,1,1,5,0,1,0,7,1,11,0
13,15,4,0,0,0,3,0,0,15,1,1,0,0,2,1,5,0,0,0,0
5,10,0,1,1,2,3,0,1,0,1,1,1,7,0,4,0,1,3,3,0
12,15,4,0,1,0,3,0,0,2,1,1,1,1,2,1,0,6,5,10,1
14,20,0,1,1,0,3,0,0,1,1,1,1,0,2,2,0,6,2,11,1
6,17,4,0,1,0,3,0,0,2,1,1,1,0,0,1,0,6,2,12,1
6,18,4,1,1,0,3,0,0,0,1,1,1,7,0,1,0,6,2,12,1
7,20,4,1,1,0,3,0,0,2,1,1,1,5,0,1,0,6,8,5,1
14,15,4,0,1,0,3,0,0,12,1,1,1,0,2,1,0,6,5,7,1
3,18,4,1,1,0,3,3,0,11,1,1,1,5,0,1,0,3,3,3,1
14,17,0,1,1,0,3,0,0,1,1,1,1,0,2,0,5,0,0,0,1
13,20,0,1,1,3,3,0,1,1,1,1,1,7,2,1,0,8,3,14,1
4,12,4,0,1,0,3,0,0,0,1,1,1,1,0,1,5,0,0,4,0
3,19,4,1,1,0,3,3,0,2,1,1,1,0,0,1,0,6,10,7,1
8,21,4,0,1,4,3,0,1,9,1,1,1,5,0,2,0,6,2,8,0
4,13,4,0,1,0,3,0,0,15,1,1,1,1,0,0,5,0,0,0,1
11,19,4,0,1,0,3,3,0,2,1,1,1,8,2,1,0,3,5,6,1
3,15,4,1,1,0,3,0,0,4,1,1,1,0,0,1,0,4,3,7,1
14,19,0,1,1,0,1,0,0,1,1,1,1,0,2,5,5,0,0,11,1
6,18,0,0,1,0,3,0,0,1,1,1,1,0,0,1,0,6,1,11,1
6,20,4,1,1,0,3,0,0,11,1,1,1,0,0,1,0,9,2,12,0
0,18,4,0,0,0,3,3,0,16,1,1,0,0,0,0,5,0,0,4,0
9,20,0,0,1,0,3,3,0,0,1,1,1,5,0,3,0,6,11,13,0
10,15,4,0,1,0,3,1,0,2,1,1,1,0,0,1,0,6,4,4,1
13,20,0,0,1,4,3,3,1,1,1,1,1,0,2,7,0,9,10,14,1
5,18,4,0,1,0,3,0,0,0,1,1,1,0,0,1,0,6,2,8,1
10,15,4,0,1,0,3,0,0,2,1,1,1,8,0,1,0,6,6,7,0
0,18,4,1,1,0,3,0,0,2,1,1,1,0,0,1,1,2,0,2,1
11,18,4,0,1,0,3,1,0,0,1,1,1,0,2,3,2,4,0,5,1
14,18,4,0,1,0,3,0,0,2,1,1,1,7,2,1,0,6,6,9,1
3,18,0,1,1,4,3,3,1,0,1,1,1,5,0,1,5,1,0,1,0
5,18,4,0,1,4,3,0,1,0,1,1,1,7,0,1,0,6,2,5,0
13,15,0,0,1,0,3,1,0,0,1,1,1,0,2,1,0,6,3,13,1
6,4,0,0,0,4,3,0,1,11,1,0,1,7,0,3,0,7,5,11,1
2,15,4,1,1,0,3,3,0,3,1,1,1,1,0,1,2,2,0,5,1
7,20,4,0,1,4,3,0,1,2,1,1,1,5,0,1,0,4,0,2,1
8,20,4,1,1,4,3,0,1,5,1,1,1,5,0,1,0,3,4,5,1
7,20,4,0,1,0,0,1,0,12,1,1,1,0,0,5,3,9,4,12,1
6,15,4,1,1,0,3,0,0,12,1,1,1,1,0,1,5,0,0,0,1
1,15,4,0,1,4,3,0,1,9,1,1,1,5,0,0,5,0,0,0,1
11,18,4,0,1,0,3,1,0,0,1,1,1,0,2,1,0,6,1,9,1
12,23,0,1,1,0,3,0,0,0,1,1,1,0,2,1,0,6,7,13,0
1,18,0,1,1,0,3,0,0,2,1,1,1,0,0,1,5,2,0,5,1
15,19,4,1,1,0,3,1,0,12,1,1,1,5,2,0,5,0,0,5,1
10,19,4,1,1,0,3,3,0,0,1,1,1,0,0,0,5,0,0,0,0
5,20,4,0,1,0,3,1,0,2,1,1,1,0,0,1,2,2,0,2,1
9,15,4,1,1,4,3,0,1,12,1,1,1,0,0,1,0,5,4,9,0
7,18,4,1,1,0,3,0,0,12,1,1,1,0,0,0,5,0,0,0,1
0,15,4,1,1,4,3,0,1,0,1,1,1,0,0,1,0,3,2,3,1
14,20,0,0,1,0,3,0,0,0,1,1,1,5,2,1,0,6,6,14,0
4,18,4,1,0,0,3,0,0,15,1,1,1,7,0,1,5,0,0,1,0
2,18,4,1,1,0,3,0,0,2,1,1,1,5,0,5,2,0,0,2,1
15,20,0,0,1,0,3,0,0,0,1,1,1,7,2,1,2,2,0,6,1
14,20,0,1,1,0,3,0,0,0,1,1,1,0,2,1,0,6,6,14,1
1,17,4,0,1,0,3,3,0,2,1,1,1,7,0,1,2,1,0,1,0
7,15,4,1,1,0,3,3,0,2,1,1,1,0,0,1,0,4,4,4,1
10,20,4,1,1,0,3,0,0,11,1,1,1,0,0,4,0,6,10,10,0
5,17,4,0,1,0,3,0,0,2,1,1,1,7,0,1,0,6,2,5,1
8,20,0,1,1,0,3,0,0,8,1,1,1,0,0,1,0,6,0,8,0
11,22,0,1,1,0,3,0,0,1,1,1,1,7,2,1,0,6,8,10,1
6,14,0,0,1,0,3,0,0,0,1,1,1,7,0,1,0,8,8,12,0
14,23,0,0,1,0,3,0,0,1,1,1,1,5,2,1,0,4,8,14,0
4,18,4,1,1,0,3,0,0,2,1,1,1,0,0,1,0,5,0,6,1
5,15,4,0,1,0,3,0,0,9,1,1,1,0,0,1,0,9,3,2,1
15,14,4,0,1,0,3,0,0,15,1,1,1,0,2,0,5,0,0,0,1
11,21,0,1,1,0,3,0,0,0,1,1,1,0,2,1,0,7,2,13,1
12,20,4,1,1,0,3,3,0,2,1,1,1,5,0,6,0,5,5,3,1
5,0,4,1,1,4,3,0,1,10,1,1,1,0,0,1,0,6,4,3,0
11,21,0,1,1,4,3,0,1,1,1,1,1,5,2,0,5,0,0,0,1
11,18,0,1,1,0,3,0,0,1,1,1,1,0,2,1,0,6,3,11,1
12,13,0,1,1,0,3,0,0,1,1,1,1,0,2,6,5,0,0,0,1
2,15,4,0,0,0,3,0,0,2,1,1,0,7,0,0,5,0,0,4,1
6,17,0,1,1,0,3,1,0,1,1,1,1,7,0,1,1,4,0,2,0
6,20,4,0,1,3,3,0,1,3,1,1,1,0,0,6,0,6,4,13,1
7,20,4,1,1,0,3,1,0,2,1,1,1,0,0,1,0,6,4,9,1
0,18,4,0,1,0,3,0,0,2,1,1,1,7,0,1,0,2,3,4,1
9,17,0,0,1,0,3,3,0,8,1,1,1,0,0,1,1,7,0,13,1
1,18,4,0,1,0,3,0,0,0,1,1,1,0,0,1,0,2,3,5,0
3,21,4,0,1,0,3,0,0,5,1,1,1,5,0,6,0,9,6,14,1
9,20,4,1,1,0,3,0,0,2,1,1,1,5,0,0,5,0,0,0,1
9,18,0,1,1,0,3,0,0,0,1,1,1,7,0,1,0,6,2,10,1
12,18,0,1,1,3,3,0,1,2,1,1,1,0,2,1,0,6,11,11,1
0,18,4,0,1,0,3,0,0,14,1,1,1,0,0,1,0,9,8,9,1
14,18,0,0,1,0,1,3,0,0,1,1,1,0,2,1,0,6,3,13,1
9,18,2,0,1,3,3,0,1,2,1,1,1,0,0,1,0,7,8,10,1
9,18,0,1,1,0,3,1,0,1,1,1,1,0,0,2,0,3,6,9,1
15,20,4,1,1,3,3,3,1,10,1,1,1,0,2,1,0,7,8,13,1
14,21,0,1,1,0,1,0,0,1,1,1,1,8,2,5,0,6,8,13,1
11,21,0,1,1,4,3,0,1,1,1,1,1,5,2,0,5,0,0,0,1
15,18,0,1,1,0,3,3,0,0,1,1,1,0,2,4,0,2,1,3,1
2,18,4,1,1,0,3,1,0,14,1,1,1,0,0,1,0,2,6,2,1
1,18,4,1,1,0,3,0,0,2,1,1,1,0,0,1,0,1,3,2,1
14,14,0,1,1,4,3,0,1,0,1,1,1,0,2,0,5,0,0,0,1
3,20,4,0,1,3,3,0,1,0,1,1,1,5,0,1,0,2,9,4,1
6,21,4,0,1,0,3,0,0,11,1,1,1,0,0,1,0,6,8,13,0
9,18,4,1,1,0,3,0,0,2,1,1,1,0,0,1,0,6,4,9,1
6,18,4,0,1,0,3,0,0,5,1,1,1,7,0,6,0,1,6,6,1
6,15,4,0,1,0,3,0,0,9,1,1,1,0,0,1,0,6,8,11,1
0,18,4,1,1,0,3,0,0,16,1,1,1,1,0,1,5,0,0,0,0
7,19,4,0,1,0,3,0,0,7,1,1,1,0,0,1,5,0,0,0,1
0,15,4,0,0,0,3,0,0,2,1,1,1,0,0,1,0,1,4,1,1
13,20,4,0,1,0,3,1,0,0,1,1,1,0,2,2,0,6,0,13,1
10,17,4,0,0,0,3,3,0,0,1,0,1,0,0,4,2,8,0,14,0
2,15,4,0,1,0,3,0,0,0,1,1,1,0,0,1,0,7,7,9,1
5,18,4,1,1,0,3,3,0,2,1,1,1,0,0,1,0,2,2,5,1
1,17,4,0,1,0,3,3,0,2,1,1,1,0,0,1,0,1,3,2,1
8,20,4,1,1,0,3,0,0,11,1,1,1,0,0,4,0,1,2,2,1
5,20,4,0,1,0,3,1,0,2,1,1,1,0,0,1,0,6,8,9,0
11,15,4,0,1,0,3,0,0,2,1,1,1,1,2,1,0,6,3,6,1
13,15,4,0,1,0,3,3,0,15,1,1,1,0,2,1,5,0,0,0,0
0,15,4,1,1,0,3,1,0,2,1,1,1,0,0,2,0,2,0,2,1
5,20,4,1,1,3,3,0,1,0,1,1,1,5,0,1,0,7,3,13,0
10,15,4,0,1,0,3,0,0,2,1,1,1,0,0,1,0,6,3,4,1
15,19,0,1,1,3,3,0,1,0,1,1,1,8,2,6,0,6,8,10,1
12,17,4,0,1,0,3,1,0,16,1,1,1,0,2,2,0,8,3,11,1
7,17,4,0,1,0,3,3,0,0,1,1,1,0,0,1,0,6,5,10,0
5,20,4,0,1,0,3,1,0,0,1,1,1,0,0,2,0,6,3,10,1
6,19,0,0,1,0,3,0,0,2,1,1,1,0,0,1,0,6,5,10,1
4,18,4,1,1,0,3,1,0,16,1,1,1,0,0,0,5,0,0,0,1
1,15,4,1,0,0,3,0,0,2,1,1,0,7,0,0,5,0,0,0,1
4,0,4,1,1,0,3,3,0,9,1,1,1,1,0,1,2,3,0,3,1
13,15,4,0,1,0,3,0,0,12,1,1,1,0,2,6,0,8,0,11,1
10,20,4,0,1,0,3,0,0,0,1,1,1,0,0,1,0,6,3,11,1
13,20,4,0,1,0,3,0,0,12,1,1,1,0,2,1,0,7,7,13,1
2,15,4,1,0,0,3,3,0,2,1,1,1,0,0,1,0,2,4,3,1
6,19,0,1,1,0,3,1,0,1,1,1,1,0,0,1,0,1,2,11,1
12,16,4,0,0,0,3,1,0,0,1,1,0,0,2,0,5,0,0,4,1
10,18,4,1,1,0,3,0,0,5,1,1,1,7,0,1,0,6,5,8,1
11,20,0,1,1,3,3,0,1,1,1,1,1,0,2,1,0,6,3,13,0
1,18,4,0,1,0,3,1,0,2,1,1,1,0,0,1,0,1,10,1,1
5,15,4,0,1,0,3,3,0,2,1,1,1,7,0,1,0,6,10,9,1
7,19,0,1,1,0,3,3,0,1,1,1,1,1,0,1,5,0,0,0,0
10,15,4,1,1,0,3,3,0,3,1,1,1,1,0,1,0,4,2,5,1
12,18,4,0,1,0,3,0,0,0,1,1,1,0,2,2,0,6,8,11,1
14,20,0,1,1,0,3,1,0,1,1,1,1,0,2,3,0,6,5,13,1
10,5,4,0,1,0,3,1,0,2,1,1,1,0,0,4,0,6,10,14,1
0,17,4,0,1,0,3,1,0,0,1,1,1,0,0,1,0,5,6,2,0
8,20,4,0,1,0,3,1,0,0,1,1,1,0,0,1,0,7,6,9,0
12,15,0,0,1,0,3,0,0,2,1,1,1,7,2,1,0,6,8,12,1
6,14,4,0,0,0,3,0,0,14,1,1,0,0,0,1,5,6,0,7,1
7,16,4,0,0,0,3,1,0,2,1,1,0,0,0,0,5,0,0,3,1
8,20,4,1,1,0,3,1,0,2,1,1,1,0,0,0,5,0,0,0,1
15,15,4,1,1,0,3,0,0,2,1,1,1,0,2,1,0,5,10,2,1
12,2,0,1,0,0,3,2,0,0,1,0,0,7,2,0,2,0,0,4,0
0,15,4,0,1,0,3,3,0,11,1,1,1,8,0,1,0,9,6,5,1
4,20,4,1,1,0,3,0,0,11,1,1,1,5,0,1,0,2,8,3,1
6,19,4,0,1,0,3,0,0,12,1,1,1,7,0,1,5,0,0,0,1
4,20,4,1,1,0,3,0,0,2,1,1,1,5,0,1,0,2,2,2,1
2,18,4,0,1,0,3,3,0,2,1,1,1,7,0,1,2,1,0,3,1
6,19,4,1,1,0,3,0,0,12,1,1,1,0,0,1,0,4,8,5,0
13,15,0,1,1,3,3,0,1,1,1,1,1,5,2,1,0,6,11,11,0
14,21,4,0,1,0,3,1,0,0,1,1,1,0,2,1,0,8,10,13,1
2,18,4,1,1,3,3,0,1,2,1,1,1,5,0,0,5,0,0,0,1
8,20,0,0,1,0,3,1,0,0,1,1,1,0,0,1,0,9,1,13,1
15,15,4,0,1,4,3,3,1,11,1,1,1,0,2,1,0,5,0,6,0
2,17,4,0,1,4,3,0,1,11,1,1,1,7,0,2,5,6,0,3,1
5,15,4,1,1,3,3,0,1,11,1,1,1,0,0,3,0,6,2,4,0
8,20,4,1,1,0,3,0,0,0,1,1,1,5,0,2,5,1,0,1,1
2,15,4,1,1,0,3,3,0,11,1,1,1,5,0,0,5,0,0,0,0
10,20,4,1,1,0,3,1,0,0,1,1,1,0,0,1,0,4,3,14,1
1,14,4,0,1,0,3,3,0,2,1,1,1,0,0,1,0,6,5,4,1
4,18,4,0,1,0,3,3,0,2,1,1,1,5,0,0,5,0,0,5,1
7,20,4,0,1,0,3,0,0,2,1,1,1,1,0,1,0,5,11,6,1
12,16,0,0,1,0,3,0,0,0,1,1,1,7,2,1,0,6,6,10,1
12,15,4,1,1,0,3,0,0,2,1,1,1,5,2,1,5,0,0,1,1
13,20,4,1,1,0,3,1,0,12,1,1,1,0,2,2,0,6,11,12,0
13,21,0,0,1,4,3,0,1,1,1,1,1,5,2,1,0,6,1,8,1
8,11,3,0,1,0,3,0,0,7,1,1,1,0,0,1,0,6,1,4,1
8,18,4,0,1,0,3,1,0,2,1,1,1,0,0,1,2,0,0,0,1
7,15,4,0,1,0,3,0,0,0,1,1,1,8,0,1,0,6,10,6,0
11,21,0,1,1,0,3,0,0,1,1,1,1,0,2,2,0,9,2,13,1
9,20,4,1,1,3,3,3,1,0,1,1,1,0,0,1,0,6,6,9,0
9,16,4,0,1,4,3,0,1,0,1,1,1,7,0,1,0,6,1,11,1
15,15,4,1,1,0,3,3,0,2,1,1,1,7,2,1,2,6,0,5,1
5,20,4,1,1,0,3,0,0,2,1,1,1,1,0,1,0,1,3,2,1
5,20,0,0,1,0,3,1,0,0,1,1,1,5,0,1,0,9,11,13,1
12,15,0,1,1,3,3,0,1,1,1,1,1,7,2,1,0,6,2,7,1
15,22,0,0,1,3,3,0,1,0,1,1,1,5,2,1,0,7,3,14,1
3,18,4,0,1,0,0,0,0,16,1,1,1,0,0,5,3,6,1,5,1
2,20,4,0,1,0,3,1,0,9,1,1,1,0,0,9,2,1,0,14,1
15,20,0,0,1,0,3,0,0,0,1,1,1,0,2,1,0,8,7,13,1
9,15,4,0,1,0,3,0,0,2,1,1,1,7,0,0,5,0,0,0,1
12,20,2,0,1,0,1,0,0,0,1,1,1,0,2,1,0,9,8,14,0
9,14,4,1,1,4,3,3,1,14,1,1,1,0,0,7,5,0,0,0,0
10,18,4,1,1,0,3,1,0,0,1,1,1,8,0,6,1,1,0,11,1
11,19,4,1,1,0,3,0,0,2,1,1,1,5,2,3,0,6,11,11,1
2,17,4,1,1,0,3,0,0,2,1,1,1,0,0,3,0,1,2,3,1
7,16,4,1,1,0,3,3,0,2,1,1,1,0,0,9,2,0,0,0,0
9,16,4,0,1,0,3,1,0,0,1,1,1,0,0,1,5,6,0,1,0
3,18,4,0,1,0,3,1,0,2,1,1,1,0,0,7,0,6,10,9,1
8,13,0,0,1,0,3,0,0,8,1,1,1,0,0,1,0,6,5,7,1
3,17,0,0,1,0,3,0,0,8,1,1,1,0,0,5,0,7,2,7,1
15,19,0,1,1,0,3,0,0,1,1,1,1,0,2,1,5,0,0,0,1
6,18,4,1,1,0,3,1,0,5,1,1,1,5,0,1,0,3,5,8,1
11,15,0,1,1,0,3,0,0,1,1,1,1,5,2,1,0,6,2,4,0
7,18,4,1,1,0,3,0,0,2,1,1,1,5,0,1,0,6,10,8,1
1,18,4,1,1,0,3,0,0,16,1,1,1,5,0,2,5,0,0,0,0
2,18,4,1,1,3,3,0,1,2,1,1,1,5,0,1,0,3,6,4,1
0,18,4,0,1,0,3,0,0,2,1,1,1,0,0,1,5,1,0,1,0
15,22,4,1,1,4,3,0,1,0,1,1,1,7,2,1,0,9,6,13,0
3,18,4,1,1,0,3,0,0,2,1,1,1,7,0,0,5,0,0,0,1
12,15,4,0,1,0,3,0,0,2,1,1,1,7,2,1,0,2,11,4,1
6,18,0,1,1,0,3,0,0,1,1,1,1,1,0,1,0,3,3,11,1
15,15,0,1,1,4,3,0,1,1,1,1,1,5,2,0,5,0,0,0,1
8,18,4,1,1,0,3,1,0,2,1,1,1,0,0,2,0,5,8,7,1
9,21,0,0,1,4,3,0,1,1,1,1,1,0,0,1,0,8,3,14,0
11,20,0,0,1,0,3,1,0,0,1,1,1,0,2,1,0,6,8,14,1
1,18,4,0,1,4,3,0,1,2,1,1,1,0,0,1,0,6,2,8,1
14,20,0,0,1,0,3,0,0,1,1,1,1,0,2,6,0,8,3,11,0
12,21,0,1,1,3,3,0,1,1,1,1,1,0,2,1,0,6,2,13,1
7,18,4,0,1,0,3,0,0,10,1,1,1,0,0,1,0,6,8,11,1
0,15,4,0,1,4,3,0,1,2,1,1,1,7,0,1,5,0,0,0,1
4,15,4,0,1,0,3,0,0,2,1,1,1,7,0,0,5,0,0,5,1
11,21,0,1,1,0,3,0,0,0,1,1,1,0,2,1,0,6,8,13,1
15,19,0,1,1,0,3,3,0,0,1,1,1,0,2,0,5,0,0,0,1
6,19,4,1,1,0,3,1,0,2,1,1,1,0,0,1,5,0,0,0,1
1,17,4,1,1,0,3,1,0,2,1,1,1,0,0,1,0,6,3,5,1
2,15,4,0,1,0,3,0,0,2,1,1,1,0,0,0,5,0,0,0,1
3,20,4,1,1,0,3,0,0,2,1,1,1,1,0,1,0,6,11,5,1
13,20,0,0,1,0,3,0,0,1,1,1,1,1,2,3,0,6,6,12,1
10,20,0,0,1,0,3,0,0,2,1,1,1,5,0,0,5,0,0,0,1
15,19,4,0,1,3,3,0,1,2,1,1,1,5,2,1,5,0,0,0,1
12,11,3,0,1,0,3,0,0,0,1,1,1,0,2,6,0,9,10,14,1
12,22,0,1,1,0,3,0,0,1,1,1,1,8,2,7,1,9,0,13,1
5,17,4,0,1,0,3,3,0,11,1,1,1,1,0,1,0,4,1,4,0
0,18,4,0,0,0,3,0,0,16,1,1,0,0,0,0,5,0,0,2,1
9,21,4,1,1,0,3,0,0,14,1,1,1,0,0,6,0,8,0,13,1
12,17,4,0,1,0,3,3,0,0,1,1,1,0,2,2,0,6,4,11,1
9,20,4,1,1,0,3,1,0,2,1,1,1,0,0,1,5,0,0,0,0
0,18,4,0,1,0,3,0,0,16,1,1,1,5,0,0,5,0,0,0,1
5,15,4,0,1,0,3,0,0,2,1,1,1,7,0,1,0,5,4,10,1
4,17,4,0,1,0,3,0,0,2,1,1,1,0,0,1,0,3,3,6,1
13,20,0,0,1,0,3,1,0,0,1,1,1,7,2,1,0,7,8,11,1
5,18,4,0,0,0,3,2,0,0,1,0,1,0,0,7,2,6,0,2,1
9,17,0,0,1,3,3,0,1,0,1,1,1,7,0,1,0,6,8,11,1
13,18,0,0,1,0,3,0,0,1,1,1,1,5,2,1,0,6,7,9,1
1,15,4,0,0,0,3,0,0,2,1,1,0,7,0,0,5,0,0,0,1
10,15,4,1,1,0,3,3,0,14,1,1,1,7,0,1,0,6,8,7,1
0,13,4,0,0,0,3,0,0,16,1,1,0,1,0,0,5,0,0,4,0
9,20,4,0,1,0,3,1,0,0,1,1,1,0,0,3,1,6,0,13,0
11,20,4,1,1,0,3,3,0,10,1,1,1,0,2,4,0,6,0,3,1
12,15,4,0,1,0,3,0,0,2,1,1,1,7,2,3,0,6,8,5,1
3,19,4,1,1,0,3,0,0,2,1,1,1,7,0,1,2,6,0,6,1
6,20,4,1,1,0,3,0,0,0,1,1,1,0,0,1,0,6,4,12,1
10,19,0,0,1,0,3,1,0,0,1,1,1,0,0,1,0,1,2,2,1
9,17,4,0,1,0,3,3,0,11,1,1,1,0,0,1,0,7,4,8,1
12,21,0,0,1,0,1,1,0,1,1,1,1,0,2,5,0,9,5,13,1
0,15,4,1,1,0,3,3,0,2,1,1,1,0,0,3,0,1,8,1,1
12,19,0,1,1,0,3,0,0,0,1,1,1,0,2,1,0,6,5,12,1
2,15,4,0,1,0,3,3,0,2,1,1,1,8,0,0,5,0,0,0,1
10,15,0,0,1,4,3,3,1,1,1,1,1,7,0,1,0,6,11,9,1
9,19,4,0,1,0,3,0,0,0,1,1,1,0,0,4,0,6,1,10,0
9,18,0,1,1,0,3,0,0,1,1,1,1,0,0,1,5,0,0,0,0
12,21,0,0,1,0,3,1,0,0,1,1,1,0,2,1,0,9,6,14,1
15,21,0,0,1,0,3,0,0,0,1,1,1,0,2,2,0,6,6,14,0
6,15,4,0,1,3,3,0,1,2,1,1,1,7,0,0,5,0,0,0,1
14,23,4,0,1,3,3,3,1,5,1,1,1,5,2,1,0,8,11,14,1
1,18,4,0,1,0,3,0,0,11,1,1,1,0,0,1,5,5,0,4,1
10,15,4,0,1,0,3,1,0,15,1,1,1,0,0,1,5,0,0,0,1
13,17,0,1,1,0,3,3,0,0,1,1,1,0,2,1,0,6,5,7,1
12,15,4,1,1,0,3,0,0,12,1,1,1,0,2,0,5,0,0,4,1
1,18,4,1,1,0,3,1,0,2,1,1,1,5,0,1,0,1,4,4,1
11,5,4,0,0,2,3,0,0,4,0,0,0,0,2,1,0,4,10,9,1
15,20,0,1,1,4,3,0,1,0,1,1,1,5,2,0,5,0,0,0,1
11,16,4,0,1,0,3,3,0,2,1,1,1,0,2,1,0,7,0,13,1
14,20,0,0,1,4,3,1,1,0,1,1,1,0,2,1,2,8,0,14,0
13,18,4,1,1,0,3,1,0,0,1,1,1,0,2,1,0,1,4,5,1
13,17,4,1,1,0,3,3,0,5,1,1,1,8,2,1,0,6,10,8,0
11,18,0,0,1,0,3,2,0,8,1,1,1,0,2,1,2,2,0,8,1
12,20,0,1,1,0,3,3,0,0,1,1,1,8,2,1,0,6,8,12,1
5,18,4,1,1,0,3,1,0,2,1,1,1,1,0,1,0,4,3,4,1
3,22,4,0,1,0,3,1,0,0,1,1,1,8,0,1,1,6,0,10,1
2,18,4,1,1,0,3,0,0,16,1,1,1,0,0,1,5,1,0,3,1
5,15,0,1,1,0,3,0,0,1,1,1,1,0,0,1,0,6,6,3,1
1,13,4,0,1,0,3,0,0,5,1,1,1,0,0,6,0,1,9,6,1
15,15,0,1,1,0,3,0,0,1,1,1,1,7,2,1,0,4,3,6,1
1,18,1,0,1,0,0,1,0,0,1,1,1,1,0,5,3,3,9,9,0
4,18,4,1,1,0,3,0,0,11,1,1,1,0,0,1,0,6,5,11,0
12,15,4,0,1,0,3,0,0,2,1,1,1,5,2,1,0,1,6,2,1
10,13,4,0,1,0,3,0,0,15,1,1,1,0,0,0,5,0,0,0,0
10,15,4,0,1,3,3,2,1,2,1,1,1,0,0,1,0,6,10,12,1
11,18,4,1,1,0,3,0,0,12,1,1,1,0,2,1,0,6,3,10,1
4,18,4,0,1,2,3,1,0,2,1,1,1,5,0,1,0,4,3,8,1
6,13,4,0,0,0,3,0,0,2,1,1,0,6,0,0,5,0,0,4,1
11,20,4,0,1,0,3,0,0,2,1,1,1,1,0,2,0,4,8,1,0
7,18,4,0,0,0,3,2,0,0,1,0,1,5,0,7,5,1,0,1,1
7,20,4,1,1,0,3,1,0,0,1,1,1,8,0,2,0,6,1,8,1
3,18,4,1,1,0,3,0,0,2,1,1,1,7,0,1,0,6,6,7,1
10,18,4,1,1,0,3,0,0,5,1,1,1,0,0,5,3,6,0,13,1
7,22,4,1,1,4,3,1,0,11,1,1,1,0,0,1,0,6,2,11,1
0,15,4,0,1,0,3,3,0,5,1,1,1,7,0,1,0,8,4,4,1
4,17,4,1,1,0,3,1,0,2,1,1,1,2,0,6,0,6,5,9,1
15,19,4,1,1,0,3,0,0,12,1,1,1,0,2,4,0,2,10,5,1
14,16,0,0,1,0,3,3,0,1,1,1,1,0,2,1,0,5,1,7,0
10,20,0,1,1,0,3,0,0,1,1,1,1,7,0,1,0,8,6,11,1
10,20,4,1,1,0,3,1,0,0,1,1,1,8,0,1,0,1,8,9,1
12,20,4,0,1,0,3,3,0,0,1,1,1,0,2,1,0,6,8,13,1
13,15,0,0,1,3,1,3,1,0,1,1,1,0,2,1,0,8,11,13,1
6,20,0,0,1,4,3,0,1,0,1,1,1,0,0,1,0,6,6,7,0
7,18,4,0,1,0,3,0,0,2,1,1,1,5,0,0,5,0,0,5,1
15,20,4,0,0,0,3,3,0,10,1,1,0,0,2,1,0,6,3,13,1
6,20,4,0,1,0,3,0,0,2,1,1,1,0,0,1,0,3,8,11,1
9,20,4,1,1,0,3,0,0,12,1,1,1,0,0,1,1,6,0,11,1
6,15,4,1,1,0,3,3,0,2,1,1,1,0,0,0,5,0,0,0,1
10,18,3,1,1,3,3,0,1,0,1,1,1,0,0,1,0,5,2,6,1
8,18,4,0,0,0,3,0,0,2,1,1,1,0,0,1,5,0,0,1,1
3,18,4,1,1,0,3,1,0,2,1,1,1,0,0,6,0,1,6,2,1
1,15,4,1,1,4,3,0,1,2,1,1,1,5,0,0,5,0,0,0,1
13,17,4,1,1,0,3,0,0,2,1,1,1,0,2,6,0,6,8,10,1
15,19,2,1,1,0,3,1,0,12,1,1,1,0,2,1,0,6,1,10,1
5,18,4,1,1,0,3,0,0,2,1,1,1,7,0,1,5,0,0,2,1
2,18,4,0,1,0,0,1,0,16,1,1,1,0,0,5,3,6,10,11,1
7,15,4,0,1,0,3,1,0,12,1,1,1,7,0,1,0,6,7,10,1
11,21,0,0,1,4,3,0,1,1,1,1,1,0,2,1,0,6,6,11,1
0,18,4,1,1,0,3,0,0,16,1,1,1,5,0,1,5,1,0,2,1
5,20,4,0,0,4,3,1,1,4,1,1,0,0,0,1,0,1,3,4,1
12,21,0,0,1,0,3,0,0,0,1,1,1,0,2,1,0,6,6,13,1
0,18,4,1,1,0,3,0,0,2,1,1,1,0,0,1,0,3,2,3,1
13,18,4,0,1,4,3,0,1,2,1,1,1,7,2,1,0,8,4,9,1
4,15,4,0,0,0,3,0,0,0,1,1,1,0,0,0,5,0,0,5,1
8,19,4,1,1,0,3,0,0,2,1,1,1,7,0,1,0,6,5,6,1
13,7,4,0,1,0,0,0,0,11,1,1,1,4,2,5,1,8,4,14,1
8,15,4,0,1,4,3,0,1,12,1,1,1,5,0,1,0,3,4,5,1
6,17,0,0,1,0,2,1,0,0,1,1,1,0,0,4,0,1,4,5,1
9,21,0,1,1,0,3,0,0,0,1,1,1,5,0,1,0,6,3,10,0
11,18,4,0,1,0,3,1,0,0,1,1,1,8,2,1,1,9,0,9,1
1,18,4,1,1,3,3,0,1,2,1,1,1,5,0,1,0,1,11,3,1
13,23,4,0,1,0,3,3,0,0,1,1,1,0,2,1,0,6,6,14,1
13,17,0,0,1,3,3,0,1,1,1,1,1,0,2,1,0,6,4,10,1
4,20,4,0,1,4,3,0,1,2,1,1,1,5,0,1,1,1,0,1,1
0,18,4,0,1,0,3,0,0,16,1,1,1,0,0,1,0,8,1,8,1
5,20,4,1,1,0,3,0,0,4,1,1,1,0,0,5,0,6,6,7,1
8,20,0,1,1,0,3,0,0,0,1,1,1,0,0,1,0,6,7,13,1
4,15,0,1,1,0,3,0,0,0,1,1,1,7,0,1,0,6,6,7,1
2,18,4,1,1,0,3,1,0,2,1,1,1,8,0,1,0,2,6,3,1
7,20,4,0,1,0,3,0,0,2,1,1,1,0,0,1,0,6,8,5,1
4,18,4,0,1,0,3,0,0,2,1,1,1,0,0,1,0,9,10,8,1
9,16,4,1,1,0,3,0,0,0,1,1,1,7,0,1,0,6,10,8,1
1,18,4,1,1,0,3,1,0,0,1,1,1,0,0,1,0,1,1,3,1
1,18,4,0,1,0,3,3,0,11,1,1,1,5,0,1,0,2,6,4,0
13,20,4,0,1,0,3,0,0,0,1,1,1,5,2,1,0,6,3,10,0
13,20,4,1,1,3,3,0,1,12,1,1,1,5,2,1,0,7,4,10,1
14,21,0,0,1,3,3,0,1,1,1,1,1,0,2,1,0,7,6,13,1
12,17,0,0,1,0,3,0,0,0,1,1,1,5,2,1,0,7,3,13,0
14,20,4,0,1,0,3,2,0,2,1,1,1,0,2,2,0,6,6,10,0
7,17,4,1,1,3,3,0,1,2,1,1,1,5,0,2,0,6,2,8,1
2,16,4,1,1,0,3,0,0,2,1,1,1,0,0,1,0,6,6,5,1
8,21,4,1,1,4,3,0,1,4,1,1,1,5,0,0,5,0,0,0,1
0,1,4,1,0,0,2,3,0,6,0,1,0,6,0,0,4,6,8,7,0
1,18,4,0,1,0,3,0,0,2,1,1,1,0,0,1,0,8,8,12,1
9,18,4,1,1,4,3,0,1,0,1,1,1,5,0,1,5,0,0,0,1
12,15,0,1,1,0,3,0,0,1,1,1,1,0,2,1,0,1,8,2,1
9,13,4,0,1,0,3,3,0,11,1,1,1,0,0,1,0,6,4,13,1
8,15,0,0,1,0,3,3,0,2,1,1,1,7,0,1,0,6,11,5,1
5,19,0,0,1,0,3,0,0,0,1,1,1,0,0,1,5,0,0,0,1
11,18,4,0,1,0,3,1,0,2,1,1,1,8,2,0,5,0,0,0,1
15,21,0,1,1,3,3,0,1,0,1,1,1,5,2,1,0,6,10,8,1
12,20,0,1,1,0,3,1,0,1,1,1,1,0,2,1,0,8,2,11,1
12,21,4,0,1,0,3,1,0,0,1,1,1,0,2,1,0,8,8,14,0
5,20,4,0,1,0,3,1,0,2,1,1,1,0,0,6,0,5,3,2,1
13,12,0,0,1,4,3,3,1,1,1,1,1,0,2,0,5,0,0,5,1
14,0,0,1,1,4,3,0,1,1,1,1,1,7,2,0,5,0,0,7,1
0,13,4,1,1,0,3,0,0,16,1,1,1,0,0,1,5,4,0,7,0
13,18,4,0,1,0,3,0,0,0,1,1,1,0,2,7,0,5,0,6,1
15,15,0,1,1,4,3,0,1,0,1,1,1,0,2,1,2,2,0,3,1
13,21,4,1,0,0,3,0,0,9,1,1,0,0,2,1,0,6,6,13,1
12,15,4,1,1,0,3,1,0,11,1,1,1,8,2,1,0,6,6,11,1
11,8,4,0,0,0,1,3,0,3,0,0,1,0,2,1,0,4,2,5,1
11,19,4,0,1,3,3,3,1,0,1,1,1,5,2,1,0,6,11,9,0
8,21,4,0,1,3,3,2,1,0,1,1,1,8,0,2,0,6,2,7,1
6,20,4,0,1,0,3,0,0,12,1,1,1,0,0,1,0,6,6,11,1
13,15,0,0,1,0,0,0,0,0,1,1,1,5,2,5,3,9,1,12,1
6,15,4,1,1,0,3,0,0,14,1,1,1,5,0,1,0,6,8,10,1
7,21,4,0,1,0,3,0,0,2,1,1,1,0,0,3,0,2,11,3,1
8,20,4,1,1,0,3,1,0,12,1,1,1,0,0,1,0,6,6,13,1
9,18,4,0,1,0,3,3,0,0,1,1,1,1,0,1,0,6,8,13,1
15,20,4,0,1,0,3,3,0,0,1,1,1,0,2,2,0,6,0,13,0
11,20,4,1,1,3,3,1,1,0,1,1,1,0,2,1,0,1,3,4,1
11,11,4,0,0,4,3,0,1,15,1,1,1,0,2,0,5,0,0,0,1
11,18,0,0,1,0,1,3,0,0,1,1,1,0,2,1,0,6,3,9,0
5,15,4,0,1,0,3,0,0,2,1,1,1,5,0,3,0,4,6,6,1
2,18,4,1,1,0,3,1,0,16,1,1,1,8,0,0,5,0,0,0,1
3,18,4,0,1,0,3,0,0,16,1,1,1,5,0,1,0,7,1,3,1
11,16,4,0,1,4,3,0,1,10,1,1,1,5,2,1,0,6,0,4,1
4,15,4,1,1,4,3,1,1,9,1,1,1,0,0,1,0,4,2,7,0
1,18,4,1,1,0,3,1,0,0,1,1,1,0,0,4,0,1,1,3,0
12,18,4,0,1,0,3,1,0,2,1,1,1,0,2,1,0,4,5,8,1
14,20,4,0,1,3,3,0,1,0,1,1,1,5,2,1,0,6,8,13,1
12,17,4,0,1,0,3,1,0,2,1,1,1,8,2,1,0,6,2,10,1
6,21,4,1,1,0,3,0,0,11,1,1,1,0,0,1,0,8,6,13,1
1,15,4,0,1,0,3,0,0,2,1,1,1,7,0,1,0,6,3,9,1
15,16,4,0,0,0,3,1,0,15,0,0,1,0,2,0,5,0,0,2,0
7,18,4,0,1,0,3,0,0,2,1,1,1,7,0,1,0,9,3,7,1
5,17,4,0,1,0,3,1,0,0,1,1,1,0,0,3,0,4,10,1,0
1,18,4,1,1,4,3,0,1,9,1,1,1,5,0,0,5,0,0,0,1
10,12,0,0,1,0,3,0,0,0,1,1,1,7,0,1,0,6,8,14,1
9,14,4,0,1,0,3,0,0,2,1,1,1,0,0,1,0,5,1,8,0
2,18,4,0,1,0,3,0,0,16,1,1,1,5,0,0,5,0,0,2,1
15,20,0,1,1,4,3,0,1,0,1,1,1,5,2,1,0,6,10,13,0
6,18,4,1,1,0,3,0,0,2,1,1,1,1,0,2,0,4,3,7,1
0,15,4,0,1,0,3,0,0,5,1,1,1,7,0,0,5,0,0,0,1
6,15,4,1,1,0,3,0,0,0,1,1,1,1,0,1,0,6,3,6,1
12,0,4,0,1,0,3,0,0,15,1,1,1,0,2,0,5,0,0,1,1
7,20,4,0,1,0,3,0,0,2,1,1,1,5,0,1,0,1,6,2,1
5,22,4,0,0,0,3,0,0,15,1,1,1,0,0,1,5,7,0,0,0
7,16,4,0,1,0,3,0,0,0,1,1,1,0,0,1,0,7,6,11,0
2,15,4,0,0,0,3,0,0,15,1,0,1,5,0,0,5,0,0,1,0
2,18,4,1,1,0,3,3,0,11,1,1,1,0,0,1,5,0,0,0,0
6,18,4,1,1,0,3,1,0,0,1,1,1,0,0,1,0,6,10,11,1
9,18,0,0,1,0,3,0,0,0,1,1,1,0,0,1,0,6,4,10,1
7,16,4,0,1,0,3,3,0,2,1,1,1,0,0,1,0,6,2,8,0
4,18,4,0,1,4,3,1,1,2,1,1,1,7,0,1,0,9,6,8,1
2,18,4,1,1,3,3,2,1,2,1,1,1,8,0,1,5,3,0,4,1
7,3,4,1,1,4,3,3,1,9,1,1,1,7,0,1,1,6,0,7,1
14,20,4,1,1,0,3,0,0,0,1,1,1,0,2,0,5,0,0,0,1
10,20,4,0,1,0,3,1,0,2,1,1,1,0,0,1,0,6,6,9,1
14,20,0,1,1,0,3,0,0,1,1,1,1,0,2,2,5,0,0,0,0
6,20,4,1,1,4,3,0,1,11,1,1,1,5,0,0,5,0,0,0,1
11,18,0,1,1,0,3,3,0,0,1,1,1,0,2,1,0,6,3,13,1
14,15,0,0,1,4,3,0,1,1,1,1,1,7,2,1,0,6,3,11,1
14,15,2,0,1,0,3,3,0,12,1,1,1,0,2,1,0,7,11,12,1
4,19,4,0,1,0,3,0,0,2,1,1,1,5,0,1,5,2,0,4,1
3,18,4,1,1,0,3,3,0,14,1,1,1,0,0,3,0,2,8,3,1
0,15,4,0,1,0,3,0,0,2,1,1,1,0,0,1,0,2,4,4,1
15,21,0,0,1,4,3,0,1,1,1,1,1,5,2,1,0,6,8,14,1
6,19,4,1,1,0,3,0,0,2,1,1,1,0,0,1,0,6,8,9,1
8,20,4,1,1,0,3,1,0,0,1,1,1,0,0,2,0,6,1,9,1
11,15,4,0,1,0,3,0,0,14,1,1,1,1,2,3,0,9,10,12,0
1,17,4,1,1,0,3,3,0,2,1,1,1,5,0,1,0,6,2,10,1
0,18,4,1,1,0,3,2,0,2,1,1,1,0,0,1,0,3,6,2,1
3,15,0,0,1,4,3,0,1,8,1,1,1,0,0,0,5,0,0,0,1
8,20,4,1,1,0,3,3,0,0,1,1,1,7,0,1,0,6,4,12,0
1,13,4,0,1,0,3,0,0,15,1,1,1,0,0,1,5,6,0,2,1
0,15,4,0,1,0,3,1,0,7,1,1,1,8,0,0,5,0,0,0,1
9,15,4,1,0,0,3,0,0,5,0,1,1,5,0,1,0,6,8,13,1
13,21,0,1,1,0,3,0,0,0,1,1,1,5,2,2,0,6,11,14,1
0,15,4,0,1,0,3,1,0,7,1,1,1,0,0,1,2,0,0,0,1
1,18,4,1,1,0,3,0,0,2,1,1,1,7,0,1,5,2,0,2,1
0,17,4,0,0,0,3,0,0,2,1,1,0,0,0,0,5,0,0,1,1
6,18,0,1,1,3,3,0,1,1,1,1,1,8,0,1,1,6,0,5,1
1,14,4,0,1,0,3,0,0,2,1,1,1,7,0,0,5,0,0,0,1
14,20,0,1,1,0,3,2,0,1,1,1,1,0,2,7,2,6,0,10,1
2,15,4,0,1,0,0,0,0,11,1,1,1,5,0,5,0,8,4,9,1
0,17,4,1,1,0,3,2,0,2,1,1,1,0,0,1,5,3,0,1,0
0,18,4,1,1,0,3,0,0,2,1,1,1,7,0,1,0,1,8,3,1
2,15,4,0,1,0,3,0,0,2,1,1,1,0,0,1,0,8,3,12,1
8,15,4,0,1,0,3,0,0,12,1,1,1,0,0,1,0,6,6,6,1
10,20,0,1,1,1,3,0,1,1,1,1,1,8,0,1,0,5,3,6,1
11,18,0,0,1,3,3,1,1,1,1,1,1,5,2,1,0,8,6,11,1
8,17,4,1,1,0,3,0,0,0,1,1,1,0,0,3,0,3,6,2,0
12,17,0,1,1,3,3,0,1,0,1,1,1,0,2,0,5,0,0,0,1
8,21,0,1,1,4,3,0,1,0,1,1,1,5,0,3,0,6,6,12,0
4,20,4,0,1,0,3,0,0,2,1,1,1,5,0,1,0,6,3,10,0
13,21,0,1,1,0,3,1,0,1,1,1,1,0,2,1,0,6,2,8,1
1,17,4,0,1,0,3,3,0,16,1,1,1,0,0,1,0,4,1,6,0
1,19,4,1,1,0,3,0,0,2,1,1,1,0,0,1,0,2,5,4,1
1,15,4,1,1,0,3,0,0,2,1,1,1,7,0,1,5,0,0,0,1
11,19,4,1,1,0,3,0,0,0,1,1,1,7,2,1,0,6,10,11,0
4,18,4,1,1,0,3,1,0,2,1,1,1,0,0,1,0,6,5,9,1
15,15,0,1,1,4,3,0,1,1,1,1,1,0,2,0,5,0,0,0,1
4,18,4,0,1,0,3,0,0,2,1,1,1,5,0,1,0,6,7,12,1
13,21,4,0,1,0,3,0,0,0,1,1,1,5,2,1,0,9,4,13,0
7,18,4,0,1,0,3,0,0,2,1,1,1,7,0,6,2,0,0,0,1
9,20,0,1,1,4,3,1,1,0,1,1,1,0,0,1,0,6,4,10,1
3,18,4,1,1,0,3,0,0,12,1,1,1,0,0,1,0,5,2,6,0
4,18,4,1,1,0,3,0,0,2,1,1,1,0,0,1,1,3,0,5,1
12,20,0,1,1,0,3,0,0,0,1,1,1,0,2,6,0,9,0,8,0
0,18,4,0,1,0,3,0,0,16,1,1,1,0,0,1,5,4,0,3,0
15,15,2,0,1,0,3,0,0,2,1,1,1,1,2,1,5,6,0,7,1
2,16,4,0,1,0,3,3,0,2,1,1,1,8,0,1,0,1,3,4,1
15,9,4,0,1,4,3,1,1,12,1,1,1,7,2,2,0,8,8,6,0
14,18,0,1,1,3,3,0,1,1,1,1,1,0,2,1,0,2,4,4,1
14,20,0,0,1,3,3,0,1,0,1,1,1,5,2,6,0,6,6,10,1
8,15,4,0,1,0,3,0,0,0,1,1,1,7,0,1,0,7,11,9,1
2,18,4,1,1,0,3,0,0,2,1,1,1,5,0,0,5,0,0,5,1
4,20,4,1,1,0,3,0,0,0,1,1,1,0,0,1,0,6,6,6,1
7,18,0,1,1,0,3,0,0,1,1,1,1,0,0,0,5,0,0,0,1
14,20,0,1,1,0,3,3,0,0,1,1,1,1,2,1,0,8,6,10,1
10,23,4,0,1,4,3,3,1,9,1,1,1,5,0,2,0,6,11,14,0
9,20,4,0,1,0,3,0,0,2,1,1,1,0,0,3,0,2,6,5,1
11,14,4,0,1,0,3,1,0,0,1,1,1,8,2,1,0,6,7,7,0
9,13,4,0,1,0,3,0,0,15,1,1,1,0,0,1,5,0,0,0,1
13,20,0,0,1,0,3,0,0,1,1,1,1,7,2,1,0,6,3,14,0
6,20,4,1,1,0,3,1,0,12,1,1,1,0,0,1,5,0,0,0,1
6,14,4,1,1,0,3,1,0,12,1,1,1,0,0,1,2,6,0,5,1
13,15,4,1,1,3,3,0,1,0,1,1,1,5,2,1,0,1,6,3,1
10,20,4,1,1,0,3,0,0,10,1,1,1,0,0,1,0,6,7,12,1
13,20,0,1,1,0,3,1,0,1,1,1,1,0,2,1,0,8,11,12,0
12,15,0,1,1,4,3,0,1,0,1,1,1,5,2,1,0,6,3,6,1
13,15,0,0,1,4,3,0,1,0,1,1,1,5,2,1,0,6,3,11,1
2,18,4,0,1,0,3,0,0,16,1,1,1,1,0,3,0,9,3,6,0
10,20,4,1,1,0,3,1,0,12,1,1,1,5,0,1,0,2,3,12,0
6,20,4,1,1,0,3,0,0,2,1,1,1,0,0,0,5,0,0,0,1
8,6,0,1,1,3,3,0,1,7,1,1,1,8,0,1,0,2,8,4,0
7,20,4,1,1,0,3,0,0,2,1,1,1,0,0,1,0,6,4,9,1
7,20,4,1,1,4,3,0,1,0,1,1,1,7,0,1,0,6,3,10,1
3,18,4,1,1,0,3,3,0,2,1,1,1,5,0,1,5,1,0,2,1
8,10,4,0,1,0,3,0,0,0,1,1,1,0,0,4,0,1,8,1,1
2,16,4,0,1,0,3,0,0,15,1,1,1,0,0,0,5,0,0,0,0
5,17,4,0,1,0,3,0,0,2,1,1,1,5,0,1,0,4,6,3,1
4,21,4,1,1,0,3,0,0,9,1,1,1,0,0,0,5,0,0,0,1
11,20,4,1,1,0,3,1,0,12,1,1,1,8,2,1,0,7,6,10,1
15,19,4,0,1,0,3,1,0,0,1,1,1,8,2,6,0,9,6,12,0
14,20,0,0,1,0,3,0,0,0,1,1,1,0,2,3,0,9,1,11,1
11,17,0,1,1,0,3,1,0,1,1,1,1,0,2,1,0,6,2,10,1
13,19,0,1,1,0,3,3,0,1,1,1,1,0,2,6,0,1,0,6,1
9,20,4,0,1,0,3,1,0,0,1,1,1,0,0,1,0,9,3,14,0
11,21,0,1,1,0,3,1,0,1,1,1,1,0,2,3,0,1,3,4,0
12,15,4,0,1,0,3,0,0,0,1,1,1,8,2,1,0,6,3,8,0
9,0,4,1,1,0,3,0,0,2,1,1,1,7,0,6,0,6,4,6,1
11,20,0,1,1,0,3,0,0,1,1,1,1,7,2,0,5,0,0,0,1
14,21,0,1,1,4,3,0,1,1,1,1,1,0,2,1,1,6,0,7,1
12,18,4,0,1,0,3,1,0,2,1,1,1,0,2,1,0,6,4,11,1
12,22,0,0,1,0,3,0,0,1,1,1,1,5,2,7,0,9,3,14,1
6,12,0,0,1,0,3,0,0,1,1,1,1,0,0,1,2,0,0,9,1
11,10,2,0,1,4,3,0,1,7,1,1,1,2,2,1,5,0,0,0,1
11,15,4,1,1,0,3,1,0,2,1,1,1,0,2,1,0,1,4,2,1
9,15,4,1,1,3,3,0,1,11,1,1,1,5,0,1,0,6,4,13,1
2,18,4,1,0,0,3,0,0,2,1,1,1,0,0,0,5,0,0,4,1
6,13,4,0,0,0,3,3,0,2,1,1,0,0,0,0,5,0,0,6,1
14,19,4,0,0,0,3,1,0,0,1,1,0,0,2,0,5,0,0,0,1
10,20,4,1,1,0,3,0,0,2,1,1,1,5,0,3,0,1,1,3,1
8,15,4,0,1,0,3,0,0,5,1,1,1,7,0,1,0,8,6,10,1
11,21,4,1,1,4,3,0,1,0,1,1,1,5,2,2,0,6,6,10,0
9,18,4,0,1,0,3,1,0,2,1,1,1,0,0,1,0,6,2,7,1
13,15,4,1,1,0,3,3,0,9,1,1,1,0,2,1,0,6,6,12,1
5,18,4,1,1,3,3,0,1,2,1,1,1,5,0,1,0,1,2,2,0
0,18,4,1,0,0,3,2,0,2,1,0,1,0,0,1,2,6,0,2,1
9,20,0,1,1,0,3,1,0,0,1,1,1,0,0,2,0,3,3,10,0
8,20,4,1,1,0,3,0,0,2,1,1,1,0,0,1,0,4,11,5,1
9,18,4,1,1,0,3,1,0,2,1,1,1,0,0,1,5,0,0,0,1
1,15,4,0,1,0,0,0,0,16,1,1,1,1,0,5,3,9,5,7,1
12,15,0,1,1,4,3,0,1,1,1,1,1,7,2,1,0,6,4,8,1
13,15,0,1,1,3,1,0,1,0,1,1,1,0,2,1,5,0,0,0,1
3,13,4,1,1,0,3,3,0,2,1,1,1,0,0,1,0,6,4,9,1
7,15,4,1,1,4,3,0,1,5,1,1,1,7,0,0,5,0,0,0,1
6,15,4,0,1,0,3,0,0,2,1,1,1,1,0,9,2,0,0,0,1
2,15,4,0,1,0,3,1,0,0,1,1,1,7,0,1,0,1,3,5,1
4,20,4,1,1,2,3,0,0,3,1,1,1,0,0,1,0,2,9,6,1
1,15,4,0,1,0,3,1,0,2,1,1,1,0,0,1,5,2,0,4,1
5,18,4,0,1,0,3,3,0,2,1,1,1,0,0,1,0,8,2,4,1
9,18,4,0,1,4,3,0,1,2,1,1,1,7,0,0,5,0,0,0,0
8,19,4,1,1,0,3,3,0,11,1,1,1,0,0,1,5,0,0,0,0
5,18,4,1,1,0,3,3,0,12,1,1,1,0,0,1,0,6,6,3,1
6,18,4,0,1,4,3,0,1,11,1,1,1,5,0,1,0,4,4,5,0
12,20,4,0,1,0,3,0,0,2,1,1,1,7,2,1,0,6,2,8,1
5,20,0,1,1,4,3,0,1,1,1,1,1,5,0,5,0,6,2,9,0
2,18,4,1,1,0,3,0,0,16,1,1,1,0,0,3,0,6,10,5,1
6,17,0,0,1,4,3,0,1,1,1,1,1,5,0,1,5,0,0,0,1
6,17,4,0,1,0,3,0,0,2,1,1,1,0,0,2,5,4,0,2,1
5,20,4,0,1,0,3,0,0,2,1,1,1,8,0,1,5,0,0,0,0
15,18,4,0,1,0,3,0,0,15,1,1,1,1,2,4,5,0,0,2,1
8,19,4,1,1,0,3,1,0,0,1,1,1,0,0,1,0,7,3,12,1
1,15,4,0,0,0,3,0,0,2,1,1,0,1,0,0,5,0,0,0,1
15,18,0,0,1,0,3,3,0,0,1,1,1,0,2,1,0,6,6,9,1
14,15,4,1,1,0,3,0,0,2,1,1,1,1,2,9,2,0,0,0,1
0,18,4,1,1,0,3,3,0,2,1,1,1,5,0,9,2,0,0,0,0
6,18,0,1,1,0,3,0,0,0,1,1,1,0,0,1,5,1,0,4,0
8,15,4,0,1,0,3,3,0,2,1,1,1,0,0,1,0,6,1,5,1
10,15,4,0,1,4,3,0,1,2,1,1,1,0,0,1,0,6,4,8,1
2,18,4,0,1,0,3,0,0,15,1,1,1,0,0,0,5,0,0,0,1
10,15,0,0,1,0,1,1,0,1,1,1,1,0,0,5,3,6,2,13,0
9,18,4,1,1,0,3,0,0,0,1,1,1,0,0,1,0,7,1,11,0
13,19,4,1,1,0,3,3,0,2,1,1,1,0,2,3,0,6,6,4,1
7,18,4,0,1,0,3,0,0,2,1,1,1,5,0,3,2,0,0,2,1
4,15,0,0,1,0,3,0,0,0,1,1,1,0,0,6,0,6,6,8,1
3,15,4,0,1,0,3,1,0,2,1,1,1,0,0,1,0,9,4,5,1
0,18,4,1,1,0,3,1,0,16,1,1,1,0,0,2,5,1,0,1,0
2,19,4,1,1,0,3,1,0,16,1,1,1,0,0,3,0,2,7,4,1
11,14,0,1,1,0,3,0,0,0,1,1,1,0,2,1,5,1,0,2,1
1,17,4,0,1,0,3,0,0,16,1,1,1,0,0,1,5,8,0,6,0
6,20,4,1,1,0,3,0,0,12,1,1,1,0,0,1,0,6,8,11,1
1,19,4,1,1,0,3,1,0,2,1,1,1,0,0,1,5,3,0,2,1
3,13,4,0,1,0,3,1,0,15,1,1,1,0,0,1,5,0,0,0,1
14,19,0,0,1,0,3,1,0,0,1,1,1,8,2,1,0,6,4,11,1
11,20,4,1,1,0,3,0,0,0,1,1,1,0,2,2,2,6,0,9,1
9,20,4,1,1,4,3,0,1,9,1,1,1,0,0,0,5,0,0,0,1
1,15,4,0,1,0,3,0,0,0,1,1,1,0,0,1,5,1,0,3,1
5,18,4,0,1,0,3,1,0,5,1,1,1,7,0,5,0,6,2,6,1
12,20,0,1,1,3,3,1,1,0,1,1,1,0,2,1,0,8,11,13,1
9,21,0,0,1,4,3,0,1,0,1,1,1,5,0,1,0,6,3,14,1
6,21,4,0,1,0,3,3,0,14,1,1,1,5,0,0,5,0,0,13,1
2,18,4,0,1,0,3,1,0,11,1,1,1,0,0,1,0,7,2,11,0
6,19,0,0,1,0,3,0,0,0,1,1,1,0,0,1,0,6,5,13,1
15,10,2,1,1,4,3,0,1,7,1,1,1,0,2,1,0,6,1,10,1
0,15,4,1,1,0,3,0,0,11,1,1,1,5,0,0,5,0,0,0,1
0,18,4,1,1,0,3,0,0,2,1,1,1,0,0,0,5,0,0,0,1
9,13,4,0,1,0,3,0,0,7,1,1,1,0,0,6,0,6,6,6,1
12,18,0,1,1,3,3,0,1,0,1,1,1,8,0,4,0,6,5,12,0
15,22,0,0,1,0,3,0,0,0,1,1,1,0,2,1,0,9,2,14,1
14,14,4,1,1,0,3,1,0,12,1,1,1,0,2,1,0,6,5,12,1
6,19,4,0,1,0,3,0,0,2,1,1,1,8,0,8,5,0,0,0,1
3,18,4,0,1,0,1,1,0,16,1,1,1,8,0,1,5,0,0,0,0
1,15,4,0,1,0,3,1,0,16,1,1,1,8,0,1,5,2,0,2,1
8,19,4,0,1,0,3,1,0,7,1,1,0,8,0,1,0,6,7,9,1
3,15,4,1,0,0,3,0,0,3,1,0,1,0,0,0,5,0,0,5,1
4,12,4,0,1,0,3,0,0,2,1,1,1,7,0,0,5,0,0,0,1
10,21,0,0,1,0,3,1,0,1,1,1,1,0,0,1,0,6,3,14,1
7,12,4,0,1,0,3,0,0,7,1,1,1,7,0,1,0,6,11,5,1
8,19,4,0,1,0,3,0,0,2,1,1,1,0,0,1,0,3,3,10,1
8,20,0,1,1,4,3,0,1,1,1,1,1,5,0,1,1,2,0,2,1
2,17,4,0,1,0,3,1,0,2,1,1,1,8,0,1,0,2,1,2,1
14,21,4,0,1,4,3,0,1,5,1,1,1,5,2,1,0,6,2,14,1
9,18,4,0,1,0,3,3,0,5,1,1,1,0,0,1,0,6,6,6,1
15,20,0,0,1,0,3,1,0,0,1,1,1,0,2,1,0,6,11,12,1
6,15,4,0,1,0,3,3,0,2,1,1,1,0,0,1,0,3,6,6,1
13,18,4,1,1,0,3,0,0,12,1,1,1,0,2,1,0,9,4,7,1
15,15,4,1,1,4,3,0,1,12,1,1,1,0,2,1,0,4,2,5,1
0,15,4,1,1,0,3,0,0,2,1,1,1,5,0,0,5,0,0,0,1
6,20,4,1,1,0,3,0,0,0,1,1,1,7,0,1,0,6,11,6,1
6,20,4,1,1,0,3,0,0,0,1,1,1,0,0,2,0,6,3,13,0
5,20,4,1,1,0,3,3,0,0,1,1,1,0,0,1,0,6,4,3,0
14,18,4,0,1,0,3,0,0,0,1,1,1,1,2,1,0,6,4,13,1
11,21,0,1,1,0,3,0,0,0,1,1,1,0,2,1,0,6,11,14,1
3,13,4,0,1,0,3,0,0,2,1,1,1,0,0,6,0,5,9,6,1
2,18,4,1,1,0,3,0,0,2,1,1,1,0,0,1,0,3,2,4,1
0,15,4,1,1,0,3,3,0,2,1,1,1,5,0,0,5,0,0,0,0
14,15,4,0,1,0,3,3,0,2,1,1,1,0,2,1,2,6,0,6,1
7,21,4,0,1,0,3,1,0,5,1,1,1,0,0,2,0,6,11,13,0
8,18,0,1,1,4,3,3,1,8,1,1,1,7,0,9,2,0,0,0,1
2,18,4,1,1,0,3,1,0,2,1,1,1,7,0,1,0,2,3,2,1
2,18,4,1,1,0,3,0,0,2,1,1,1,5,0,0,5,0,0,0,1
4,20,4,0,1,0,3,0,0,2,1,1,1,5,0,1,0,6,3,9,1
13,18,0,1,1,0,3,3,0,1,1,1,1,0,2,1,0,6,7,9,1
3,18,4,1,1,0,3,0,0,2,1,1,1,0,0,1,0,2,8,5,1
14,18,4,1,1,0,3,0,0,0,1,1,1,1,0,6,0,5,0,1,0
15,20,4,0,1,0,3,1,0,12,1,1,1,5,2,1,0,6,2,9,1
8,15,4,1,1,0,3,0,0,2,1,1,1,7,0,1,0,4,2,10,1
13,20,0,1,1,0,3,0,0,0,1,1,1,0,2,1,0,6,5,12,0
7,19,4,0,1,4,3,0,1,0,1,1,1,5,0,0,5,0,0,0,1
3,17,4,0,1,0,3,1,0,5,1,1,1,8,0,1,0,6,9,6,1
1,18,4,1,0,0,3,0,0,11,1,1,0,2,0,2,5,6,0,3,1
8,18,4,0,1,0,3,0,0,0,1,1,1,0,0,1,0,6,4,8,0
11,15,0,0,1,0,1,0,0,0,1,1,1,0,2,1,0,6,7,9,1
12,16,4,0,1,0,3,0,0,15,1,1,1,0,2,0,5,0,0,0,1
8,0,4,1,1,3,3,1,1,0,1,1,1,8,0,6,0,6,1,9,1
13,18,0,1,1,0,3,0,0,0,1,1,1,7,2,2,0,6,3,9,1
7,18,4,1,1,0,3,0,0,0,1,1,1,0,0,1,0,6,10,9,1
1,15,4,1,1,0,3,0,0,2,1,1,1,1,0,0,5,0,0,0,1
14,19,0,1,1,0,3,0,0,0,1,1,1,5,2,1,0,7,5,12,0
12,20,0,1,1,0,3,0,0,0,1,1,1,0,2,2,0,9,11,14,1
1,15,4,0,1,0,3,1,0,2,1,1,1,0,0,3,0,1,6,1,1
7,20,4,0,1,0,3,3,0,0,1,1,1,1,0,2,0,6,3,9,1
15,15,4,0,1,4,3,0,1,0,1,1,1,7,2,6,0,6,0,9,0
11,17,4,0,1,0,3,3,0,12,1,1,1,0,2,1,0,6,11,8,1
6,21,4,1,1,4,3,0,1,0,1,1,1,0,0,1,0,5,0,9,0
13,15,0,0,1,0,3,3,0,0,1,1,1,0,2,1,0,8,4,14,1
6,15,4,1,1,0,3,0,0,16,1,1,1,1,0,0,5,0,0,3,1
5,17,4,0,1,0,3,0,0,12,1,1,1,5,0,1,2,6,0,4,0
4,12,2,0,0,0,3,0,0,16,1,1,1,2,0,1,5,0,0,0,1
11,18,4,1,1,0,3,0,0,11,1,1,1,2,2,6,0,6,7,13,1
15,18,4,0,1,3,3,0,1,11,1,1,1,5,2,1,0,6,4,4,1
10,20,0,1,1,0,3,0,0,1,1,1,1,0,0,3,0,6,8,12,0
9,19,4,1,1,0,3,0,0,2,1,1,1,5,0,3,0,8,6,12,0
9,20,4,1,1,0,3,0,0,2,1,1,1,0,0,1,0,6,0,13,1
14,23,4,0,1,3,3,0,1,0,1,1,1,5,2,7,0,6,11,13,1
7,18,4,1,1,0,3,0,0,5,1,1,1,7,0,1,0,6,3,9,1
8,18,0,0,1,0,3,0,0,1,1,1,1,0,0,1,0,7,8,10,0
13,15,4,0,1,0,3,0,0,15,1,1,1,7,2,0,5,0,0,0,0
8,17,4,0,1,0,3,0,0,2,1,1,1,0,0,1,0,4,5,7,1
0,17,0,0,1,0,2,0,0,1,1,1,1,0,0,1,0,4,4,5,0
4,17,4,1,1,0,3,0,0,11,1,1,1,0,0,4,0,1,10,1,1
12,20,0,1,1,0,3,3,0,1,1,1,1,0,2,1,0,6,11,14,1
13,0,4,0,1,0,3,0,0,15,1,1,1,7,2,0,5,0,0,6,1
10,19,3,1,1,0,3,3,0,0,1,1,1,0,0,1,0,7,8,10,1
15,18,4,1,1,0,3,3,0,2,1,1,1,0,2,1,0,6,2,9,1
0,15,4,1,1,0,3,0,0,16,1,1,1,0,0,1,0,4,6,6,1
0,18,4,0,1,0,3,0,0,2,1,1,1,5,0,3,0,2,1,4,1
8,21,4,1,1,4,3,0,1,0,1,1,1,5,0,6,0,2,5,4,0
3,18,0,1,1,0,3,0,0,1,1,1,1,0,0,3,0,1,2,3,0
6,20,4,1,1,0,3,0,0,5,1,1,1,0,0,2,0,8,0,13,0
3,15,4,1,0,0,3,0,0,3,1,0,1,0,0,1,5,6,0,2,1
13,20,0,0,1,3,3,0,1,1,1,1,1,5,2,1,0,7,11,12,1
14,20,4,0,1,0,3,0,0,0,1,1,1,5,2,1,0,2,0,3,1
1,18,4,1,1,0,3,0,0,16,1,1,1,5,0,2,5,1,0,2,1
2,15,4,0,1,0,3,0,0,2,1,1,1,7,0,0,5,0,0,4,1
0,18,4,1,1,0,3,3,0,2,1,1,1,0,0,1,0,2,3,8,1
1,18,4,0,1,0,3,1,0,2,1,1,1,8,0,1,0,6,3,12,1
7,20,4,0,1,4,3,0,1,0,1,1,1,5,0,0,5,0,0,0,1
7,18,4,0,1,0,3,1,0,2,1,1,1,0,0,1,0,6,8,10,1
12,15,4,0,1,3,3,0,1,2,1,1,1,5,2,1,0,6,2,2,1
11,20,0,1,1,4,3,0,1,0,1,1,1,0,2,1,0,6,4,9,1
4,17,0,1,1,3,3,0,0,8,1,1,1,0,0,1,0,6,5,11,1
2,18,4,1,1,0,3,3,0,2,1,1,1,0,0,3,0,1,3,3,1
4,18,4,1,1,4,3,0,1,0,1,1,1,2,0,6,0,4,4,5,1
9,17,4,0,1,0,3,1,0,2,1,1,1,0,0,1,2,6,0,8,1
4,20,4,1,1,3,3,0,1,16,1,1,1,5,0,2,0,6,2,7,1
4,15,4,0,1,0,3,0,0,2,1,1,1,1,0,6,0,1,1,3,1
15,15,4,1,1,0,3,0,0,10,1,1,1,8,2,1,0,9,1,10,1
2,15,4,0,1,0,3,1,0,2,1,1,1,0,0,1,0,2,7,4,1
13,19,4,1,1,0,3,1,0,2,1,1,1,0,2,1,0,6,3,10,0
10,19,0,1,1,0,3,1,0,0,1,1,1,0,0,0,5,0,0,0,1
8,18,4,1,0,0,3,0,0,0,1,1,1,2,0,1,5,0,0,0,1
11,15,4,1,1,0,3,3,0,0,1,1,1,0,2,1,0,8,2,8,0
6,20,4,0,1,0,3,0,0,12,1,1,1,0,0,1,0,5,3,7,1
5,15,4,1,1,0,3,1,0,0,1,1,1,8,0,1,0,5,1,8,1
5,20,4,0,1,0,3,1,0,7,1,1,1,8,0,1,0,5,11,6,0
3,18,0,0,1,0,3,3,0,1,1,1,1,0,0,0,5,0,0,0,0
11,11,3,1,1,0,3,0,0,0,1,1,1,0,2,1,0,6,5,6,1
11,21,0,1,1,4,3,0,1,1,1,1,1,5,2,0,5,0,0,0,1
15,20,0,0,1,3,3,0,1,0,1,1,1,0,2,1,0,6,7,13,1
14,20,0,0,1,0,3,0,0,0,1,1,1,1,2,1,0,8,4,7,0
2,19,4,0,1,0,3,0,0,11,1,1,1,0,0,1,0,6,8,5,0
7,20,4,0,1,0,3,0,0,2,1,1,1,7,0,1,0,6,0,9,1
14,20,4,1,1,0,3,0,0,0,1,1,1,0,2,1,0,7,5,12,1
10,20,4,1,1,0,3,1,0,0,1,1,1,8,0,1,0,6,10,11,1
13,17,0,1,1,0,3,0,0,2,1,1,1,0,2,2,0,9,2,10,1
10,10,0,1,1,4,3,0,1,0,1,1,1,0,0,5,0,6,5,10,0
11,18,0,0,1,0,3,0,0,1,1,1,1,5,2,0,5,0,0,0,1
1,17,4,0,1,0,3,1,0,2,1,1,1,0,0,1,5,0,0,0,1
6,15,4,0,1,4,3,0,1,0,1,1,1,7,0,1,0,5,5,6,1
9,19,4,1,1,0,3,0,0,2,1,1,1,0,0,1,0,7,10,12,1
10,16,4,0,1,0,3,1,0,0,1,1,1,0,0,1,1,9,0,10,1
10,15,0,0,1,0,3,0,0,1,1,1,1,0,0,1,0,6,8,11,1
7,18,4,0,1,0,3,2,0,0,1,1,1,6,0,1,0,6,10,11,1
7,15,4,1,1,0,3,1,0,12,1,1,1,8,0,0,5,0,0,5,1
10,20,4,0,1,0,0,0,0,0,1,1,1,0,0,5,3,8,4,12,1
6,15,4,1,1,0,3,3,0,7,1,1,1,0,0,1,0,2,11,5,1
12,20,4,1,1,4,3,0,1,0,1,1,1,5,2,1,0,8,3,13,0
2,17,4,1,1,0,3,1,0,2,1,1,1,0,0,4,0,6,6,6,0
4,15,4,1,1,0,3,0,0,2,1,1,1,0,0,1,0,6,2,7,1
10,20,4,0,1,0,3,0,0,2,1,1,1,0,0,1,0,8,8,14,1
2,18,4,0,1,0,3,0,0,2,1,1,1,7,0,0,5,0,0,2,1
6,20,4,0,1,0,3,0,0,12,1,1,1,0,0,1,0,7,2,14,1
4,18,4,0,1,0,3,0,0,2,1,1,1,7,0,1,0,4,4,8,1
9,13,0,1,1,0,3,0,0,0,1,1,1,0,0,1,2,6,0,6,1
10,20,4,1,1,0,3,0,0,0,1,1,1,5,0,1,0,6,3,9,1
6,20,4,0,1,0,2,0,0,10,1,1,1,0,0,1,0,6,4,13,1
15,19,0,0,1,3,3,0,1,0,1,1,1,7,2,1,0,6,6,6,1
9,20,0,1,1,0,3,1,0,1,1,1,1,0,0,1,0,6,7,13,1
4,18,0,1,0,4,3,0,1,0,1,1,1,7,0,0,5,0,0,0,0
10,21,4,0,1,0,3,3,0,2,1,1,1,0,0,2,0,6,3,7,0
13,21,0,1,1,3,0,0,1,0,1,1,1,5,2,5,1,8,4,12,1
6,15,4,0,1,0,3,0,0,14,1,1,1,0,0,1,0,6,8,12,0
14,19,0,1,1,3,3,0,1,1,1,1,1,5,2,7,0,5,5,10,1
3,18,0,1,1,4,3,0,1,8,1,1,1,0,0,1,5,0,0,0,0
7,20,4,0,1,3,3,0,1,2,1,1,1,5,0,3,0,6,11,11,1
13,14,0,1,1,4,3,0,1,0,1,1,1,5,2,1,0,6,3,12,1
2,15,4,1,1,3,3,0,1,2,1,1,1,7,0,1,0,1,1,2,1
1,15,4,0,1,0,3,3,0,0,1,1,1,0,0,2,0,6,8,12,0
14,15,0,0,1,0,3,1,0,2,1,1,1,0,2,1,0,6,3,12,1
0,15,4,0,1,0,3,2,0,2,1,1,1,0,0,1,5,3,0,2,1
11,17,4,0,1,4,3,0,1,0,1,1,1,0,2,2,0,7,2,12,1
5,18,4,0,1,2,3,1,0,2,1,1,1,0,0,1,0,4,10,8,1
5,20,4,1,1,0,3,0,0,2,1,1,1,5,0,1,0,6,3,5,1
12,18,0,1,1,0,3,0,0,8,1,1,1,7,2,1,0,6,8,8,1
12,19,4,1,1,0,3,1,0,0,1,1,1,0,2,7,0,8,3,13,1
5,17,4,1,1,0,3,3,0,2,1,1,1,0,0,1,0,6,5,7,1
10,18,4,0,1,0,3,3,0,14,1,1,1,0,0,1,0,4,1,7,1
11,15,0,1,1,0,3,0,0,0,1,1,1,0,2,1,0,4,2,6,1
8,17,0,0,1,0,3,1,0,1,1,1,1,7,0,1,0,4,3,9,1
6,15,4,1,1,0,3,0,0,0,1,1,1,0,0,1,0,5,9,6,1
0,15,4,1,1,4,3,0,1,9,1,1,1,0,0,0,5,0,0,0,1
0,18,4,0,1,0,0,0,0,16,1,1,1,0,0,5,3,6,2,6,0
9,14,0,1,1,3,3,0,1,2,1,1,1,7,0,1,0,6,8,5,1
1,15,4,1,1,0,3,0,0,2,1,1,1,7,0,1,5,6,0,2,1
1,15,4,0,1,0,0,1,0,16,1,1,1,0,0,5,3,9,3,8,0
8,18,4,0,1,0,3,2,0,11,1,1,1,8,0,1,0,6,6,10,1
14,19,4,0,1,0,3,0,0,0,1,1,1,0,2,1,0,9,3,14,0
10,8,3,1,1,3,3,0,1,2,1,1,1,0,0,1,0,6,2,3,1
11,20,4,0,1,0,3,0,0,0,1,1,1,0,2,1,0,6,1,11,0
8,15,4,0,1,0,3,0,0,0,1,1,1,7,0,1,0,4,11,8,0
5,15,4,1,1,0,3,3,0,2,1,1,1,0,0,1,0,4,1,6,1
4,15,4,0,0,0,3,0,0,16,1,1,0,0,0,0,5,0,0,3,0
11,20,4,1,1,0,3,1,0,2,1,1,1,2,2,3,5,0,0,0,1
4,13,4,0,1,0,3,0,0,15,1,1,1,1,0,1,5,0,0,0,0
5,15,4,0,1,0,3,3,0,2,1,1,1,7,0,1,0,6,11,7,1
1,15,4,0,1,3,3,1,1,2,1,1,1,0,0,1,0,2,2,5,1
2,18,4,0,1,0,3,0,0,2,1,1,1,0,0,1,5,0,0,0,0
12,21,4,0,1,0,3,1,0,0,1,1,1,0,2,4,0,6,10,14,1
6,18,4,1,1,0,3,0,0,11,1,1,1,7,0,1,0,8,3,10,1
15,15,0,0,1,0,3,0,0,0,1,1,1,0,2,1,0,9,2,14,1
7,18,4,1,1,0,3,3,0,0,1,1,1,0,0,3,0,6,2,6,0
5,20,4,1,1,0,3,1,0,12,1,1,1,0,0,0,5,0,0,0,0
11,20,4,0,1,0,3,1,0,0,1,1,1,0,2,1,0,6,3,11,1
0,15,4,1,1,4,3,0,0,11,1,1,1,7,0,1,0,6,5,5,1
15,20,0,1,1,0,3,2,0,1,1,1,1,0,2,2,0,3,4,2,1
4,18,0,1,1,0,3,0,0,0,1,1,1,5,0,0,5,0,0,0,1
13,20,0,1,1,4,3,0,1,1,1,1,1,1,2,1,0,6,3,7,0
2,18,4,0,1,0,3,0,0,9,1,1,1,0,0,0,5,0,0,0,1
11,20,0,1,1,0,3,0,0,1,1,1,1,0,2,1,0,6,8,9,1
15,21,0,0,1,0,3,1,0,2,1,1,1,8,2,3,2,2,0,5,1
11,20,0,1,1,0,3,1,0,2,1,1,1,5,2,1,0,6,2,10,1
8,20,4,1,1,0,3,2,0,5,1,1,1,0,0,6,0,1,9,2,0
13,21,0,0,1,4,3,0,1,9,1,1,1,5,2,1,0,6,5,14,0
4,20,4,1,1,0,3,0,0,11,1,1,1,0,0,1,0,6,4,13,0
0,18,4,0,1,0,3,0,0,2,1,1,1,0,0,1,0,2,1,2,1
2,20,4,1,1,0,3,0,0,2,1,1,1,0,0,0,5,0,0,0,1
4,15,0,1,1,0,3,0,0,3,1,1,1,0,0,1,0,6,2,6,1
5,15,4,0,0,0,3,0,0,15,1,1,0,1,0,0,5,0,0,0,1
2,13,0,0,1,4,3,0,1,8,1,1,1,7,0,1,5,2,0,3,1
0,18,4,0,1,0,3,3,0,16,1,1,1,1,0,1,5,1,0,3,0
2,18,4,1,1,0,3,3,0,2,1,1,1,0,0,1,0,6,2,7,1
3,21,4,0,1,0,3,0,0,2,1,1,1,0,0,1,0,6,3,14,1
11,21,0,1,1,4,3,3,1,1,1,1,1,5,2,1,5,6,0,3,0
1,19,4,1,1,0,3,0,0,2,1,1,1,0,0,1,0,6,5,6,1
0,17,4,0,1,0,3,0,0,2,1,1,1,5,0,1,0,3,2,8,1
8,18,4,0,1,0,3,0,0,0,1,1,1,0,0,1,0,3,8,3,1
13,21,0,1,1,2,3,1,0,0,1,1,1,8,2,1,0,2,9,14,1
7,20,4,1,1,0,3,0,0,3,1,1,1,0,0,2,0,6,8,13,1
8,15,4,1,1,0,3,1,0,7,1,1,1,0,0,1,0,5,8,7,0
6,18,0,1,1,0,3,0,0,1,1,1,1,0,0,1,5,0,0,0,0
0,15,4,1,1,0,3,1,0,2,1,1,1,0,0,1,5,2,0,2,1
14,18,0,0,1,4,3,0,1,0,1,1,1,0,2,1,0,6,6,7,0
5,17,4,1,1,0,3,3,0,2,1,1,1,0,0,1,5,5,0,3,1
3,18,4,0,1,0,3,0,0,2,1,1,1,1,0,0,5,0,0,0,1
10,20,0,1,1,3,3,3,1,0,1,1,1,7,0,1,0,8,11,14,1
10,20,0,0,1,0,3,1,0,0,1,1,1,0,0,1,0,8,1,14,1
15,18,2,1,1,0,3,0,0,0,1,1,1,0,2,1,5,2,0,2,1
6,18,0,0,1,0,3,0,0,0,1,1,1,7,0,3,0,6,0,8,1
6,20,0,1,1,4,3,0,1,1,1,1,1,7,0,1,0,6,10,11,1
7,20,4,0,1,0,3,0,0,0,1,1,1,5,0,1,2,1,0,6,1
14,18,0,1,1,0,3,0,0,1,1,1,1,0,2,1,0,6,2,8,1
12,20,4,0,1,0,3,1,0,0,1,1,1,7,2,1,0,6,10,11,1
15,18,4,1,1,0,3,0,0,0,1,1,1,7,2,2,0,6,6,7,1
3,20,4,0,1,0,3,3,0,14,1,1,1,0,0,1,0,5,3,9,0
7,15,4,0,1,0,0,0,0,16,1,1,1,0,0,5,3,9,1,8,0
0,17,4,0,1,0,3,3,0,2,1,1,1,0,0,0,5,0,0,0,1
15,15,0,1,1,4,3,0,1,0,1,1,1,0,2,1,0,6,8,6,1
9,20,4,1,1,0,3,0,0,12,1,1,1,7,0,6,0,2,4,5,1
14,20,0,0,1,3,3,3,1,1,1,1,1,5,2,1,0,7,2,9,1
2,19,4,0,1,0,3,3,0,9,1,1,1,0,0,3,2,6,0,5,1
5,20,0,1,0,0,3,1,0,0,1,1,1,0,0,1,0,6,4,1,0
0,18,4,0,1,0,3,1,0,2,1,1,1,0,0,2,0,2,2,4,1
15,22,0,1,1,4,3,0,1,1,1,1,1,7,2,1,0,6,4,12,1
14,20,4,0,1,0,3,1,0,0,1,1,1,0,2,1,2,0,0,0,0
5,18,4,0,1,0,3,3,0,2,1,1,1,7,0,1,0,3,8,5,1
1,15,4,0,1,3,3,0,1,2,1,1,1,5,0,1,5,2,0,1,1
14,15,0,0,1,0,1,1,0,1,1,1,1,8,2,1,0,6,3,10,1
10,20,4,1,1,0,3,0,0,11,1,1,1,0,0,3,0,6,8,12,1
13,20,4,1,1,0,3,1,0,0,1,1,1,0,2,2,0,1,8,7,0
5,20,4,1,1,0,3,1,0,2,1,1,1,8,0,1,0,6,8,6,1
13,20,0,0,1,3,3,0,1,1,1,1,1,0,2,1,0,6,6,13,1
13,22,4,0,1,0,3,3,0,0,1,1,1,0,2,1,0,7,9,14,0
5,15,4,0,1,0,3,1,0,16,1,1,1,6,0,2,0,5,1,3,0
6,20,0,1,1,0,3,0,0,3,1,1,1,8,0,2,0,6,1,13,1
7,20,4,0,1,0,3,3,0,11,1,1,1,5,0,1,0,6,4,9,0
6,18,4,0,1,0,3,1,0,16,1,1,1,1,0,1,0,1,1,7,1
7,18,0,0,1,0,3,0,0,1,1,1,1,0,0,1,0,9,7,14,1
9,20,4,0,1,0,3,3,0,0,1,1,1,0,0,3,0,6,10,13,1
14,14,4,0,1,4,3,3,1,9,1,1,1,0,2,1,0,6,8,7,1
11,20,0,0,1,0,3,0,0,1,1,1,1,5,2,1,0,6,3,12,1
6,18,4,1,1,0,3,0,0,4,1,1,1,0,0,1,0,1,1,1,1
12,20,0,0,1,0,3,3,0,11,1,1,1,0,2,3,0,6,7,14,1
7,15,4,0,1,0,3,0,0,9,1,1,1,7,0,1,0,6,8,10,0
14,20,0,1,1,3,3,0,1,0,1,1,1,0,2,2,0,7,6,12,0
8,17,0,0,1,0,3,3,0,2,1,1,1,5,0,6,0,1,5,1,1
3,18,4,0,1,0,3,0,0,2,1,1,1,7,0,1,5,6,0,2,1
0,18,4,0,1,0,3,0,0,2,1,1,1,0,0,0,5,0,0,0,1
9,14,0,0,1,0,3,0,0,15,1,1,1,0,0,0,5,0,0,0,1
15,20,0,1,1,4,3,0,1,1,1,1,1,7,2,0,5,0,0,0,1
15,9,4,0,1,0,3,1,0,12,1,1,1,7,2,2,0,8,1,6,0
8,20,4,1,0,0,3,3,0,0,1,1,1,0,0,1,2,2,0,4,1
9,18,4,0,1,0,3,0,0,0,1,1,1,7,0,2,0,7,6,10,0
2,18,4,1,1,0,3,3,0,9,1,1,1,0,0,0,5,0,0,0,1
5,18,4,0,1,3,3,0,1,2,1,1,1,7,0,1,0,6,4,3,1
1,15,4,1,1,0,3,1,0,11,1,1,1,0,0,3,0,1,3,2,1
3,19,4,1,1,0,1,1,0,0,1,1,1,8,0,5,5,0,0,0,1
4,20,4,0,1,4,3,0,1,2,1,1,1,5,0,1,0,3,2,9,0
4,21,4,0,1,0,3,1,0,2,1,1,1,8,0,0,5,0,0,3,1
3,18,4,1,1,0,3,1,0,12,1,1,1,0,2,0,5,0,0,6,1
13,19,4,0,1,3,3,0,1,2,1,1,1,5,2,1,0,6,4,10,1
10,16,4,0,1,4,3,0,1,15,1,1,1,7,0,0,5,0,0,0,1
2,15,4,1,1,3,3,0,1,16,1,1,1,5,0,1,5,0,0,0,1
0,17,4,1,1,3,3,0,1,2,1,1,1,0,0,1,0,2,6,4,1
14,8,0,0,1,4,3,0,1,16,1,1,1,0,2,1,0,6,4,7,1
5,15,4,0,1,0,3,0,0,2,1,1,1,0,0,4,0,6,4,7,0
13,15,0,1,1,0,3,0,0,0,1,1,1,7,2,4,0,6,5,7,0
5,5,4,1,1,0,3,0,0,4,1,1,1,0,0,6,0,4,10,4,1
0,18,4,1,1,0,3,0,0,2,1,1,1,0,0,3,0,4,5,7,1
7,0,4,0,1,0,3,0,0,16,1,1,1,1,0,6,1,8,0,6,0
5,2,0,1,1,0,0,2,0,16,1,1,1,3,0,5,3,7,3,6,0
3,18,4,0,1,0,3,0,0,16,1,1,1,0,0,1,0,6,10,3,0
12,11,3,1,1,0,3,0,0,0,1,1,1,0,2,6,0,3,5,2,0
14,8,0,0,1,4,3,3,1,0,1,1,1,0,2,1,5,0,0,0,1
15,19,4,1,0,0,3,0,0,2,1,1,0,0,2,1,5,6,0,4,1
7,14,4,1,1,0,3,0,0,12,1,1,1,7,0,1,0,6,1,5,1
11,20,0,1,1,3,3,1,1,0,1,1,1,0,2,1,0,3,2,5,0
7,17,4,0,1,0,3,0,0,2,1,1,1,5,0,1,0,6,10,12,1
6,20,4,1,0,0,3,3,0,11,1,0,0,5,0,1,4,3,7,13,0
4,20,4,1,1,0,3,0,0,11,1,1,1,0,0,4,0,6,6,12,0
1,14,4,0,0,0,3,0,0,2,1,1,0,7,0,0,5,0,0,0,1
5,18,4,1,0,0,1,1,0,0,1,1,1,0,2,5,5,0,0,2,1
5,18,4,0,1,3,3,0,1,2,1,1,1,0,0,1,5,0,0,2,1
3,20,4,0,1,0,3,0,0,2,1,1,1,5,0,1,5,0,0,2,1
15,18,0,0,1,0,2,3,0,10,1,1,1,1,2,6,0,8,3,5,1
15,21,0,1,1,0,3,0,0,0,1,1,1,0,2,1,0,6,4,9,1
6,20,4,0,1,0,3,0,0,11,1,1,1,5,0,3,0,8,4,13,0
4,15,4,1,1,0,3,0,0,2,1,1,1,0,0,1,0,6,1,8,1
11,21,0,1,1,0,3,0,0,1,1,1,1,0,2,1,0,8,4,10,1
13,15,0,0,0,0,3,3,0,1,1,1,1,7,2,1,0,5,6,13,1
1,19,4,0,1,0,3,0,0,2,1,1,1,0,0,1,0,3,4,2,1
14,14,0,0,1,0,3,1,0,0,1,1,1,8,2,3,1,6,0,12,1
11,16,0,0,1,0,3,0,0,1,1,1,1,7,2,0,5,0,0,0,1
6,18,4,0,1,0,3,3,0,11,1,1,1,2,0,1,0,6,6,11,1
3,20,0,1,1,0,3,0,0,1,1,1,1,0,0,1,0,4,2,12,0
7,15,4,0,1,0,3,0,0,2,1,1,1,5,0,1,2,0,0,0,1
10,21,4,1,1,4,3,3,1,5,1,1,1,5,0,1,0,6,5,14,1
11,8,0,0,1,2,3,3,1,2,1,1,1,1,2,1,0,1,4,3,1
4,18,4,1,1,2,3,0,0,2,1,1,1,5,0,9,2,0,0,1,0
7,20,0,1,1,0,3,0,0,1,1,1,1,0,0,1,0,5,6,11,1
5,18,4,0,0,0,3,3,0,2,1,1,1,7,0,1,0,2,4,3,1
1,15,4,0,1,0,3,0,0,2,1,1,1,5,0,3,0,6,8,12,1
13,17,0,0,1,0,3,0,0,1,1,1,1,0,2,1,0,8,2,7,1
5,15,3,1,1,0,3,0,0,2,1,1,1,6,0,1,0,5,10,3,1
1,15,4,0,1,0,3,0,0,2,1,1,1,1,0,1,0,5,4,6,1
0,15,4,0,1,3,3,2,0,11,1,1,1,0,0,7,5,4,0,1,1
1,18,4,1,1,0,3,0,0,2,1,1,1,0,0,2,0,1,3,2,1
1,17,4,0,1,0,3,0,0,7,1,1,1,0,0,1,0,6,6,3,0
13,11,3,1,1,0,3,0,0,15,1,1,1,0,2,0,5,0,0,0,0
7,21,0,0,1,0,3,0,0,1,1,1,1,5,0,1,0,6,6,11,1
14,20,4,0,1,3,3,0,1,2,1,1,1,5,2,1,0,6,11,14,1
8,20,4,0,1,0,1,1,0,0,1,1,1,8,0,1,0,9,8,13,1
1,18,4,0,1,0,3,0,0,5,1,1,1,0,0,1,0,1,3,4,1
15,19,0,1,1,3,3,0,1,2,1,1,0,5,2,1,4,3,7,5,0
15,15,4,1,0,0,3,3,0,2,0,1,1,0,2,1,0,2,5,5,1
3,20,4,1,1,0,3,1,0,12,1,1,1,8,0,1,0,9,3,12,0
14,18,4,0,1,0,3,0,0,0,1,1,1,7,2,1,0,4,8,6,1
5,20,4,0,1,0,3,1,0,2,1,1,1,0,0,1,0,6,10,13,1
14,17,0,1,1,0,3,0,0,1,1,1,1,7,2,1,0,9,4,10,1
8,20,4,0,1,0,2,0,0,2,1,1,1,0,0,4,0,5,9,5,1
15,20,0,1,1,3,3,0,1,1,1,1,1,5,2,0,5,0,0,0,1
11,22,0,1,1,0,3,0,0,1,1,1,1,0,2,3,0,6,3,12,1
12,22,4,0,1,0,3,0,0,0,1,1,1,0,2,1,0,9,2,14,1
2,18,4,0,1,4,3,0,1,0,1,1,1,5,0,1,0,9,3,12,0
14,0,4,1,1,0,3,0,0,9,1,1,1,0,2,1,0,6,3,6,1
15,22,0,1,1,0,3,0,0,0,1,1,1,7,2,3,0,9,8,11,0
9,15,4,0,1,3,3,0,1,0,1,1,1,0,0,1,5,5,0,6,1
10,18,4,1,1,0,3,2,0,5,1,1,1,7,0,5,3,3,10,8,1
8,21,0,1,1,0,3,1,0,0,1,1,1,0,0,4,0,6,5,14,1
11,20,0,1,1,0,3,0,0,1,1,1,1,0,2,2,2,3,0,2,1
1,21,4,0,1,0,3,1,0,2,1,1,1,5,0,0,5,0,0,10,1
1,18,4,1,1,0,3,1,0,2,1,1,1,8,0,1,0,1,3,5,1
14,20,0,0,1,4,3,0,1,1,1,1,1,5,2,1,0,6,4,13,0
2,15,4,0,1,0,3,0,0,0,1,1,1,7,0,1,0,6,10,11,1
6,18,0,0,1,4,3,0,1,0,1,1,1,0,0,1,0,6,0,11,1
8,18,0,1,1,0,3,1,0,0,1,1,1,0,0,1,5,0,0,1,1
1,15,4,0,0,0,3,0,0,2,1,1,0,7,0,0,5,0,0,0,1
12,17,4,0,1,0,3,0,0,2,1,1,1,7,2,1,0,6,6,9,1
0,18,4,0,1,0,3,0,0,2,1,1,1,5,0,3,2,1,0,3,1
12,20,0,0,1,4,3,0,1,0,1,1,1,7,2,1,0,6,4,12,1
7,20,4,1,1,4,3,0,1,0,1,1,1,5,0,1,0,6,6,10,1
13,15,4,0,1,0,3,3,0,0,1,1,1,7,2,1,0,6,4,5,1
5,2,0,1,1,3,3,0,1,16,1,1,1,7,0,9,2,0,0,0,0
10,15,4,0,1,3,3,0,1,2,1,1,1,7,0,1,0,5,3,6,1
9,20,4,1,1,2,3,3,0,2,1,1,1,3,0,4,0,2,4,6,1
3,20,4,0,1,0,3,1,0,2,1,1,1,0,0,6,0,1,3,2,1
10,18,0,1,1,0,3,0,0,1,1,1,1,7,0,1,0,6,6,12,1
0,18,4,0,1,0,3,2,0,2,1,1,1,0,0,1,0,2,3,4,1
5,20,4,0,1,0,3,0,0,0,1,1,1,0,0,2,0,6,10,11,1
0,15,4,0,1,0,3,2,0,8,1,1,1,0,0,0,5,0,0,0,1
9,14,0,0,1,4,3,0,1,11,1,1,1,0,0,1,0,8,10,12,1
5,15,4,0,1,4,3,0,1,2,1,1,1,7,0,1,0,6,11,7,1
6,20,4,0,1,0,3,1,0,0,1,1,1,0,0,1,0,8,4,11,0
8,18,4,1,1,0,3,0,0,0,1,1,1,7,0,3,0,2,7,8,1
11,15,0,0,1,0,0,3,0,2,1,1,1,0,2,4,0,8,6,12,1
14,21,0,0,1,0,3,1,0,1,1,1,1,0,2,6,0,6,3,13,1
10,18,4,1,1,0,3,0,0,0,1,1,1,0,0,1,0,6,4,9,1
8,18,0,1,1,0,3,1,0,2,1,1,1,0,0,1,5,6,0,3,1
11,18,4,1,1,0,3,1,0,2,1,1,1,0,2,1,0,4,3,6,1
2,18,4,1,0,0,3,1,0,2,1,1,1,0,0,0,5,0,0,0,0
0,18,4,1,1,0,3,3,0,2,1,1,1,0,0,1,0,2,0,3,0
14,19,4,1,1,0,3,3,0,12,1,1,1,0,2,1,0,6,5,10,1
5,15,4,0,1,0,3,0,0,16,1,1,1,1,0,1,0,6,11,6,0
7,19,4,0,1,0,0,1,0,0,1,1,1,0,0,5,3,4,0,9,1
8,20,4,0,1,0,3,1,0,0,1,1,1,0,0,3,0,6,2,12,1
4,19,4,0,1,4,3,3,0,11,1,1,1,4,0,1,0,8,7,11,1
2,15,4,1,0,0,3,0,0,9,1,1,1,0,0,0,5,0,0,0,1
1,19,4,1,1,3,3,0,1,2,1,1,1,5,0,1,0,1,9,5,1
3,18,4,0,1,0,3,0,0,2,1,1,1,0,0,0,5,0,0,0,1
9,19,4,1,1,0,3,3,0,12,1,1,1,0,0,1,0,6,6,7,1
15,20,4,0,1,4,3,1,1,0,1,1,1,0,2,6,0,8,0,11,1
11,15,4,1,1,0,3,3,0,2,1,1,1,1,2,1,0,4,3,5,1
2,13,4,0,1,0,3,0,0,0,1,1,1,7,0,1,0,4,4,6,0
4,15,0,0,0,0,3,0,0,2,1,1,1,0,0,1,0,6,4,10,1
3,19,4,1,1,4,3,3,1,12,1,1,1,0,0,0,5,0,0,0,1
15,18,4,1,0,0,3,0,0,2,1,1,0,0,2,0,5,0,0,5,1
7,21,4,0,1,0,3,0,0,14,1,1,1,0,0,1,0,8,8,12,0
7,16,4,0,1,0,3,3,0,3,1,1,1,0,0,1,0,6,1,10,0
5,17,4,0,1,0,3,0,0,2,1,1,1,7,0,4,0,2,11,3,0
14,20,2,1,1,4,3,0,1,0,1,1,1,0,2,1,0,9,11,12,0
5,17,4,0,1,4,3,0,1,12,1,1,1,7,2,1,0,9,4,7,1
14,15,0,1,1,4,3,0,1,1,1,1,1,7,2,0,5,0,0,0,1
1,18,4,1,1,4,3,0,1,2,1,1,1,0,0,1,0,6,5,8,0
0,15,4,1,1,3,3,0,1,16,1,1,1,0,0,1,1,2,0,1,1
0,15,4,0,1,0,3,0,0,2,1,1,1,0,0,0,5,0,0,0,1
6,20,4,1,1,0,3,0,0,2,1,1,1,0,0,2,0,6,3,7,1
5,18,4,1,1,0,3,1,0,2,1,1,1,8,0,1,0,5,10,3,1
6,18,4,1,1,0,3,0,0,2,1,1,1,7,0,1,5,0,0,0,1
8,16,0,0,1,0,3,3,0,1,1,1,1,7,0,1,0,6,6,8,1
6,15,4,1,1,0,3,0,0,2,1,1,1,0,0,1,0,6,3,10,1
2,18,4,1,1,0,3,3,0,4,1,1,1,5,0,1,0,1,3,1,0
3,15,4,0,1,0,3,1,0,7,1,1,1,0,0,0,5,0,0,2,1
6,20,4,1,1,0,3,1,0,0,1,1,1,0,0,1,0,6,3,11,1
11,15,4,0,1,0,3,3,0,0,1,1,1,0,2,1,0,7,3,12,1
14,19,4,0,1,3,3,0,1,0,1,1,1,5,2,1,0,6,6,11,1
15,22,4,1,1,0,3,3,0,15,1,1,1,1,2,0,5,0,0,0,0
11,16,4,1,1,0,3,3,0,11,1,1,1,0,2,1,0,3,1,4,0
6,18,4,1,1,0,3,0,0,2,1,1,1,7,0,0,5,0,0,0,1
14,15,0,1,1,3,1,0,1,0,1,1,1,0,2,1,0,6,8,10,1
14,20,0,1,1,0,3,0,0,1,1,1,1,0,2,1,0,6,3,9,1
14,15,2,1,1,0,3,0,0,14,1,1,1,0,2,1,2,2,0,2,1
9,13,4,1,1,0,3,0,0,0,1,1,1,0,0,1,0,6,6,13,1
13,18,0,1,1,3,3,3,1,1,1,1,1,0,2,1,0,6,2,10,1
1,19,4,1,1,0,3,1,0,16,1,1,1,0,0,1,5,1,0,2,0
3,20,4,1,1,4,3,0,1,11,1,1,1,5,0,1,0,6,6,5,1
0,18,4,1,1,0,3,1,0,7,1,1,1,8,0,1,5,0,0,0,0
8,20,4,0,1,0,3,1,0,12,1,1,1,0,0,1,0,9,8,14,0
3,18,4,0,1,1,3,0,1,12,1,1,1,0,0,9,2,5,0,6,1
13,21,0,1,1,0,3,1,0,0,1,1,1,0,2,4,0,6,4,14,1
3,19,4,1,1,0,3,1,0,2,1,1,1,0,0,2,0,2,3,3,1
9,15,0,1,1,0,3,3,0,0,1,1,1,7,0,1,0,8,2,12,1
7,16,4,0,1,4,3,0,1,5,1,1,1,0,0,1,0,5,10,2,1
7,15,4,0,1,0,3,0,0,7,1,1,1,0,0,1,0,6,2,10,1
7,20,4,0,1,0,3,0,0,0,1,1,1,0,0,3,0,6,4,13,0
1,18,4,1,1,0,3,1,0,2,1,1,1,0,0,1,0,4,3,8,1
4,18,4,0,1,0,3,0,0,0,1,1,1,7,0,1,1,6,0,6,0
8,19,0,1,1,0,3,1,0,0,1,1,1,7,0,1,0,9,8,10,1
12,20,4,1,1,0,3,0,0,9,1,1,1,5,2,4,0,6,8,12,1
14,20,4,1,1,0,3,0,0,0,1,1,1,0,0,2,0,5,5,14,1
15,20,0,0,1,0,3,0,0,0,1,1,1,5,2,1,0,6,3,13,0
10,15,0,0,1,4,3,0,1,8,1,1,1,0,0,4,0,6,3,10,0
9,21,4,1,1,0,3,3,0,0,1,1,1,1,0,1,0,6,11,9,1
11,20,0,0,1,4,3,1,1,0,1,1,1,0,2,1,0,6,2,14,0
13,19,0,1,1,0,3,1,0,0,1,1,1,0,2,2,0,6,0,9,1
12,21,4,0,1,0,3,0,0,2,1,1,1,5,2,5,0,6,4,13,0
10,19,0,1,1,4,3,0,1,8,1,1,1,0,0,1,0,6,6,8,0
1,18,2,1,1,1,3,3,0,11,1,1,1,2,0,2,0,5,10,6,1
4,20,4,1,1,0,3,0,0,2,1,1,1,1,0,1,0,6,8,8,1
12,22,4,1,1,0,3,1,0,11,1,1,1,8,2,1,0,6,6,10,1
8,15,4,0,1,4,3,0,1,7,1,1,1,7,0,0,5,0,0,0,1
10,19,0,1,1,3,3,0,1,0,1,1,1,0,0,1,0,8,1,11,1
13,8,0,0,1,4,3,0,1,16,1,1,1,0,2,1,1,6,0,7,1
11,20,4,0,1,0,3,0,0,12,1,1,1,0,2,1,2,6,0,9,1
4,15,4,1,1,0,3,0,0,2,1,1,1,0,0,2,0,2,2,4,1
13,18,4,1,1,0,3,3,0,0,1,1,1,7,2,2,0,1,11,3,1
1,18,4,1,1,0,3,1,0,2,1,1,1,0,0,0,5,0,0,0,1
8,20,4,1,1,0,3,0,0,12,1,1,1,7,0,1,0,6,6,9,1
11,8,3,0,1,0,0,3,0,0,1,1,1,0,2,0,5,0,0,4,1
0,13,4,0,1,0,3,0,0,16,1,1,1,7,0,1,0,6,5,6,1
15,20,0,0,1,3,3,0,1,0,1,1,1,5,2,1,0,6,6,9,1
11,19,0,1,1,0,3,0,0,1,1,1,1,0,2,1,0,6,2,12,0
15,22,4,1,1,0,3,0,0,15,1,1,1,1,2,0,5,0,0,0,1
13,20,0,1,1,0,3,0,0,1,1,1,1,5,2,2,0,6,4,12,1
7,15,4,1,1,4,3,0,0,11,1,1,1,2,0,1,0,6,7,14,1
8,20,4,0,1,0,3,3,0,12,1,1,1,5,0,1,0,2,9,6,1
10,15,4,1,1,0,3,3,0,10,1,1,1,0,0,0,5,0,0,0,1
6,14,4,1,1,0,3,1,0,11,1,1,1,8,0,8,5,2,0,4,1
0,17,4,1,1,0,3,0,0,16,1,1,1,5,0,1,0,1,6,2,0
12,20,4,1,1,0,3,1,0,0,1,1,1,8,2,2,0,6,1,12,1
1,18,4,1,1,0,3,1,0,2,1,1,1,0,0,1,0,5,4,6,1
6,18,0,1,1,0,3,0,0,0,1,1,1,0,0,1,0,1,4,2,0
7,15,4,0,1,0,3,3,0,7,1,1,1,0,0,1,0,8,4,7,1
6,16,4,0,1,4,3,0,1,2,1,1,1,5,0,1,0,5,0,7,1
9,17,0,1,1,0,3,1,0,0,1,1,1,0,0,1,0,2,4,5,1
12,19,4,0,1,0,3,0,0,2,1,1,1,0,2,1,0,6,6,8,1
3,20,4,0,1,0,3,1,0,2,1,1,1,0,0,1,0,6,5,6,1
0,18,4,1,1,0,3,1,0,0,1,1,1,0,0,1,5,1,0,1,1
1,18,0,1,1,0,3,3,0,2,1,1,1,5,0,1,0,6,10,13,1
13,21,4,0,1,0,3,1,0,0,1,1,1,5,2,4,0,8,10,11,1
5,15,0,0,1,0,3,0,0,8,1,1,1,0,0,1,0,2,5,3,0
15,15,4,0,1,0,3,0,0,0,1,1,1,0,2,1,0,7,3,10,1
15,18,4,0,1,0,3,0,0,10,1,1,1,0,2,3,0,6,0,6,1
0,18,4,1,1,0,3,1,0,10,1,1,1,8,0,0,5,0,0,0,0
11,20,4,0,1,0,3,0,0,2,1,1,1,5,2,1,0,8,10,14,1
2,18,4,0,1,0,3,0,0,0,1,1,1,5,0,2,0,6,2,6,0
2,18,4,0,1,0,3,1,0,2,1,1,1,0,0,1,0,3,6,2,0
1,18,4,0,1,4,3,1,1,2,1,1,1,0,0,4,0,1,4,2,1
1,17,4,1,1,0,3,1,0,2,1,1,1,8,0,1,0,1,4,2,0
11,14,0,0,1,0,3,0,0,15,1,1,1,0,2,0,5,0,0,0,1
2,17,4,0,1,0,3,1,0,15,1,1,1,0,0,1,5,6,0,1,0
1,18,4,0,0,0,3,3,0,0,1,1,0,8,0,1,0,6,6,13,0
14,12,2,0,0,0,3,0,0,0,1,1,1,0,2,0,5,0,0,5,1
11,17,4,1,0,0,3,3,0,3,1,1,0,1,2,2,0,6,1,9,1
5,15,4,0,0,0,3,0,0,2,1,1,1,7,0,1,0,5,4,5,1
7,18,0,0,1,4,3,0,1,0,1,1,1,5,0,2,0,6,3,11,1
8,13,4,0,1,0,3,0,0,15,1,1,1,0,0,1,5,6,0,2,1
5,18,0,0,1,0,1,0,0,0,1,1,1,0,0,5,0,9,4,3,0
3,18,4,0,1,0,3,0,0,12,1,1,1,0,0,1,0,7,3,8,1
9,21,4,0,1,0,3,3,0,11,1,1,1,5,0,1,0,6,4,13,0
1,15,4,0,1,4,3,0,1,0,1,1,1,5,0,1,0,6,4,12,1
12,20,4,0,1,2,3,0,0,3,1,1,1,0,2,1,0,6,7,13,1
1,15,4,0,1,0,3,0,0,2,1,1,1,0,0,1,0,4,2,2,1
9,20,4,0,1,0,3,3,0,2,1,1,1,0,0,1,0,6,5,13,0
4,20,4,1,1,0,3,1,0,2,1,1,1,0,0,1,0,2,4,4,0
11,18,4,0,1,0,3,0,0,0,1,1,1,0,2,1,0,6,6,11,1
6,20,4,1,1,0,3,0,0,0,1,1,1,1,0,1,5,0,0,0,1
8,17,4,1,1,0,3,0,0,7,1,1,1,1,0,1,0,9,3,7,1
12,18,0,0,1,0,3,1,0,1,1,1,1,0,2,6,0,1,2,2,1
12,21,4,0,1,0,3,0,0,0,1,1,1,5,2,1,0,7,2,14,0
10,20,4,1,1,0,3,0,0,2,1,1,1,0,0,1,1,3,0,1,0
12,17,0,0,1,0,3,0,0,1,1,1,1,0,2,6,0,4,4,10,1
2,13,0,1,0,0,3,0,0,8,1,1,1,0,0,1,5,1,0,4,0
1,18,4,1,1,0,3,0,0,2,1,1,1,7,0,0,5,0,0,0,1
14,18,4,0,1,0,3,3,0,0,1,1,1,5,2,1,0,7,6,12,1
15,18,0,0,1,4,3,0,1,1,1,1,1,7,2,1,0,6,4,2,1
14,14,0,0,1,4,3,0,1,0,1,1,1,5,2,1,0,6,8,14,1
15,18,2,0,1,0,1,3,0,0,1,1,1,0,2,1,0,9,11,12,1
0,17,4,0,1,0,3,3,0,2,1,1,1,5,0,1,0,6,3,8,1
2,16,0,0,1,4,3,0,1,8,1,1,1,5,0,1,0,1,6,5,1
13,20,0,1,1,0,3,3,0,0,1,1,1,5,2,1,0,8,0,6,1
7,15,0,0,1,0,3,1,0,2,1,1,1,0,0,1,0,8,4,9,1
3,18,4,1,1,0,3,1,0,2,1,1,1,0,0,1,0,3,5,1,1
5,20,4,1,1,0,3,0,0,2,1,1,1,0,0,1,0,4,3,5,1
7,15,4,0,1,0,3,0,0,2,1,1,1,7,0,1,0,6,4,4,1
9,20,4,0,1,0,3,0,0,2,1,1,1,5,0,1,5,3,0,2,1
3,21,4,1,1,0,3,0,0,11,1,1,1,5,0,1,0,6,6,14,0
11,15,4,0,1,0,3,0,0,0,1,1,1,0,2,1,0,7,4,9,1
4,18,4,0,1,0,3,3,0,15,1,1,1,0,0,2,0,7,10,9,0
8,17,0,0,1,0,3,0,0,1,1,1,1,0,0,3,0,6,3,12,1
9,18,4,0,1,2,3,3,0,2,1,1,1,8,0,1,0,6,6,12,0
6,17,4,0,1,0,3,0,0,5,1,1,1,0,0,1,0,9,4,10,1
12,11,4,0,1,0,3,3,0,11,1,1,1,0,2,1,0,9,3,14,1
3,17,4,0,1,0,3,3,0,2,1,1,1,0,0,1,0,5,3,8,1
0,17,4,0,1,0,3,1,0,16,1,1,1,8,0,1,5,1,0,2,0
4,21,0,1,1,0,3,1,0,0,1,1,1,0,0,1,5,2,0,1,0
14,18,4,0,1,3,3,3,1,0,1,1,1,0,2,1,0,6,9,7,1
7,20,0,1,1,0,3,1,0,1,1,1,1,8,0,2,0,7,6,12,0
10,20,4,0,1,0,3,0,0,4,1,1,1,0,0,1,0,5,4,7,1
2,14,4,0,1,0,3,0,0,2,1,1,1,0,0,1,2,1,0,3,1
1,18,4,1,1,4,3,0,1,9,1,1,1,5,0,0,5,0,0,0,1
7,17,2,1,1,0,3,0,0,7,1,1,1,1,0,1,0,6,6,10,1
13,18,4,1,1,0,3,0,0,12,1,1,1,0,2,1,0,6,6,9,1
4,18,0,0,1,0,3,0,0,2,1,1,1,1,0,6,0,1,8,1,0
1,17,4,1,1,0,3,1,0,2,1,1,1,0,0,4,0,1,2,2,1
13,12,3,1,1,0,3,3,0,0,1,1,1,8,2,1,0,6,0,9,1
11,21,0,1,1,0,3,1,0,0,1,1,1,0,2,1,0,7,4,14,1
8,15,4,0,1,0,3,3,0,14,1,1,1,0,0,1,0,8,4,10,1
2,15,4,0,1,0,3,1,0,4,1,1,1,0,0,1,0,5,3,7,1
11,20,4,0,1,3,3,0,1,2,1,1,1,5,2,3,0,6,2,6,1
3,19,4,0,1,0,3,0,0,16,1,1,1,0,0,2,5,0,0,0,1
7,18,0,1,1,0,3,3,0,0,1,1,1,7,0,1,0,6,6,9,0
11,17,0,1,1,3,3,0,1,1,1,1,1,5,2,1,0,6,6,12,1
4,19,4,1,1,0,3,1,0,2,1,1,1,0,0,2,0,4,11,9,1
4,18,4,0,1,0,3,0,0,16,1,1,1,0,0,1,0,9,2,11,1
9,21,4,1,1,4,3,1,1,5,1,1,1,0,0,2,0,6,6,13,0
8,18,0,1,1,0,3,0,0,1,1,1,1,7,0,1,0,6,3,10,1
0,15,4,0,1,0,3,1,0,2,1,1,1,0,0,1,0,3,0,2,1
8,18,4,0,1,0,3,0,0,5,1,1,1,1,0,1,0,3,3,2,1
9,18,4,0,1,0,3,0,0,12,1,1,1,0,0,1,0,6,3,11,0
2,15,4,0,1,0,3,0,0,4,1,1,1,0,0,1,0,1,6,7,1
7,18,4,1,1,4,3,0,1,0,1,1,1,5,0,0,5,0,0,0,1
7,15,4,0,1,0,3,0,0,5,1,1,1,0,0,1,0,6,4,4,0
8,18,0,0,1,0,1,1,0,0,1,1,1,0,0,1,0,8,3,13,0
10,13,4,0,1,0,3,0,0,15,1,1,1,7,0,0,5,0,0,0,1
4,20,4,1,1,0,3,1,0,2,1,1,1,0,0,1,0,8,4,7,1
15,15,0,0,1,0,3,1,0,0,1,1,1,7,2,1,0,6,7,12,1
8,18,4,1,1,4,3,0,1,5,1,1,1,0,0,1,0,6,6,11,1
1,18,4,1,1,4,3,0,1,11,1,1,1,5,0,0,5,0,0,0,1
4,21,4,1,1,0,3,0,0,2,1,1,1,1,0,1,2,2,0,3,1
15,21,0,0,1,0,3,1,0,0,1,1,1,0,2,6,0,6,5,14,0
14,12,0,0,1,4,3,0,1,1,1,1,1,8,2,1,0,6,0,9,0
12,13,4,0,1,0,3,0,0,2,1,1,1,7,2,1,0,4,4,13,1
13,17,0,0,1,4,3,0,1,8,1,1,1,7,2,1,0,7,6,10,1
5,17,4,0,1,0,3,1,0,2,1,1,1,0,0,0,5,0,0,0,1
3,18,4,1,1,0,3,3,0,2,1,1,1,8,0,1,0,6,4,10,1
11,21,4,1,1,4,3,0,1,0,1,1,1,7,2,2,0,7,4,11,1
10,19,0,1,1,0,3,1,0,1,1,1,1,0,0,3,0,3,5,6,0
7,15,4,1,1,0,3,0,0,2,1,1,1,7,0,0,5,0,0,0,1
7,18,4,0,1,0,3,1,0,14,1,1,1,0,0,1,0,6,6,9,1
3,13,4,0,1,0,3,0,0,15,1,1,1,7,0,0,5,0,0,0,1
5,20,4,1,1,3,3,0,1,2,1,1,1,5,0,1,0,3,2,4,1
1,17,4,1,1,0,3,3,0,2,1,1,1,7,0,1,5,6,0,3,1
4,18,4,1,1,0,3,1,0,2,1,1,1,7,0,1,0,6,11,6,1
13,20,0,1,1,0,3,1,0,0,1,1,1,0,2,4,0,6,5,7,1
1,18,4,1,1,0,3,0,0,10,1,1,1,0,0,1,0,1,3,3,1
14,18,0,1,1,3,3,0,1,1,1,1,1,0,2,1,0,5,9,9,1
6,19,4,1,1,0,3,1,0,12,1,1,1,0,0,1,0,6,6,10,1
6,20,4,0,0,0,3,3,0,0,1,1,0,0,0,1,0,3,6,5,1
14,21,0,1,1,0,3,1,0,0,1,1,1,0,2,1,0,8,3,13,1
6,18,4,1,1,0,3,3,0,0,1,1,1,1,0,1,5,0,0,1,0
5,0,4,0,1,0,3,0,0,2,1,1,1,0,0,0,5,0,0,6,1
8,20,4,0,1,0,3,0,0,2,1,1,1,1,0,1,0,6,11,3,1
12,18,2,1,0,0,3,2,0,0,1,1,1,0,2,1,0,6,6,10,0
7,17,4,1,1,0,3,0,0,0,1,1,1,0,0,1,0,9,11,8,0
2,17,0,1,1,0,3,0,0,8,1,1,1,7,0,4,2,2,0,5,1
1,15,4,1,1,0,3,0,0,2,1,1,1,0,0,1,5,1,0,1,1
0,15,4,1,1,0,3,0,0,16,1,1,1,0,0,1,0,1,1,2,0
8,15,0,0,1,0,3,0,0,0,1,1,1,0,0,1,0,2,3,3,1
13,21,0,1,1,4,3,0,1,0,1,1,1,5,2,1,0,2,9,14,1
10,20,0,0,1,0,3,1,0,0,1,1,1,0,0,1,0,6,2,14,1
3,20,4,1,1,0,3,0,0,2,1,1,1,0,0,1,0,1,4,4,1
9,17,0,0,1,0,3,1,0,0,1,1,1,0,0,1,0,9,6,12,1
4,20,4,0,1,4,3,3,1,12,1,1,1,0,0,1,0,9,1,9,0
15,15,0,1,1,0,3,0,0,1,1,1,1,8,2,1,5,0,0,0,0
5,15,4,0,1,0,0,3,0,16,1,1,1,1,0,5,3,9,1,6,0
12,18,0,0,0,0,3,1,0,0,1,1,1,5,2,1,5,0,0,13,0
14,21,0,1,1,3,3,0,1,1,1,1,1,5,2,0,5,0,0,0,1
15,15,3,1,1,0,3,3,0,0,1,1,1,0,2,1,0,3,4,4,1
11,19,4,1,1,0,3,1,0,12,1,1,1,0,2,1,0,4,8,5,1
12,20,4,0,1,0,3,1,0,0,1,1,1,0,2,1,0,6,3,14,1
14,0,0,1,1,4,3,0,1,1,1,1,1,5,2,0,5,0,0,0,1
5,15,0,1,0,0,3,3,0,0,1,1,1,0,0,1,0,2,2,2,1
10,20,4,1,1,0,3,0,0,2,1,1,1,0,0,1,2,0,0,0,1
6,20,4,1,1,0,3,1,0,2,1,1,1,0,0,1,0,8,8,12,1
14,21,4,0,1,0,3,1,0,0,1,1,1,0,2,8,2,8,0,14,1
12,21,0,0,1,4,3,0,1,1,1,1,1,0,2,1,0,6,8,12,1
12,21,4,0,1,0,3,1,0,0,1,1,1,0,2,1,0,6,1,13,0
13,18,4,0,1,0,3,0,0,5,1,1,1,0,2,6,0,6,0,3,0
10,23,0,0,1,0,3,0,0,0,1,1,1,0,0,1,0,6,7,10,1
1,14,4,1,1,4,3,0,1,2,1,1,1,5,0,0,5,0,0,0,1
3,19,4,1,1,0,3,1,0,2,1,1,1,0,0,0,5,0,0,0,1
11,19,4,0,1,0,3,0,0,2,1,1,1,5,2,1,0,7,5,10,1
6,20,4,1,1,0,3,1,0,2,1,1,1,0,0,1,0,6,5,12,1
10,20,0,0,1,0,3,0,0,0,1,1,1,0,0,1,0,6,6,11,1
2,18,4,0,0,4,3,3,1,15,1,1,1,0,0,1,5,0,0,0,1
4,18,4,1,1,4,3,0,1,0,1,1,1,7,0,1,0,3,6,4,1
14,18,4,0,1,0,3,0,0,0,1,1,1,0,2,1,0,4,8,9,1
13,19,0,0,1,0,3,0,0,0,1,1,1,5,2,1,0,6,5,10,1
15,23,0,0,1,0,3,1,0,0,1,1,1,5,2,1,0,6,8,14,1
1,19,4,0,1,0,3,0,0,2,1,1,1,5,0,1,5,1,0,2,1
8,21,0,1,1,0,3,0,0,0,1,1,1,5,0,2,0,6,6,14,0
12,18,0,1,1,0,3,1,0,0,1,1,1,0,2,1,0,6,10,14,1
13,21,4,1,1,0,3,2,0,0,1,1,1,0,2,6,0,2,9,7,0
8,20,4,1,0,4,3,0,1,0,1,1,1,5,0,1,0,6,6,10,0
8,18,4,1,1,0,3,1,0,0,1,1,1,0,0,1,0,4,8,3,1
6,18,4,1,1,0,3,0,0,2,1,1,1,0,0,0,5,0,0,0,1
1,14,4,1,1,4,3,0,1,9,1,1,1,0,0,0,5,0,0,0,1
4,20,4,0,1,0,3,1,0,2,1,1,1,0,0,1,0,6,2,13,1
5,17,4,0,1,4,3,0,1,9,1,1,1,5,0,1,0,9,2,8,1
13,20,0,0,1,3,3,0,1,0,1,1,1,5,2,1,0,6,3,13,0
11,17,4,0,1,0,3,0,0,0,1,1,1,7,2,1,0,9,8,11,1
2,18,4,0,1,0,3,1,0,2,1,1,1,0,0,1,0,2,2,4,1
10,20,4,0,1,0,3,0,0,0,1,1,1,0,0,1,0,6,8,14,1
13,18,0,0,1,0,3,1,0,2,1,1,1,8,2,1,0,9,6,13,1
2,15,4,1,1,0,3,0,0,7,1,1,1,1,0,0,5,0,0,0,1
12,20,0,1,1,0,3,0,0,0,1,1,1,0,2,1,0,7,3,13,1
0,15,0,1,1,0,3,0,0,8,1,1,1,0,0,1,0,1,1,5,1
14,21,0,1,1,4,3,0,1,0,1,1,1,0,2,1,0,6,9,14,1
0,18,4,0,1,3,3,0,1,2,1,1,1,0,0,9,2,0,0,0,1
6,9,0,0,1,0,3,1,0,5,1,1,1,7,0,2,0,8,1,6,1
0,18,4,1,1,4,3,0,1,10,1,1,1,0,0,0,5,0,0,0,0
8,20,4,0,1,0,3,0,0,12,1,1,1,0,0,2,0,6,0,9,0
12,18,4,1,1,0,3,0,0,11,1,1,1,0,2,1,0,6,4,5,1
8,13,4,1,0,0,3,0,0,2,1,1,1,0,2,0,5,0,0,7,1
15,20,0,0,1,4,3,0,1,0,1,1,1,5,2,2,0,7,11,14,1
11,20,4,0,0,2,3,0,0,2,1,1,0,2,2,1,0,3,6,5,1
11,15,4,0,1,0,3,1,0,0,1,1,1,8,2,1,0,1,6,4,0
9,20,2,0,1,0,3,0,0,1,1,1,1,0,0,1,0,4,11,8,0
5,20,4,1,1,0,3,1,0,0,1,1,1,0,0,2,0,6,2,13,0
10,20,4,1,1,0,3,3,0,14,1,1,1,0,0,1,0,6,4,12,1
7,19,4,1,1,0,3,0,0,0,1,1,1,7,0,0,5,0,0,0,0
3,15,4,1,1,0,3,0,0,12,1,1,1,2,0,6,5,0,0,0,1
6,18,4,1,1,0,3,0,0,11,1,1,1,0,0,0,5,0,0,0,1
12,18,4,0,1,0,3,1,0,12,1,1,1,0,2,1,0,6,4,11,1
15,19,0,1,1,0,3,3,0,1,1,1,1,0,2,1,0,6,2,5,1
4,18,0,0,1,0,3,3,0,2,1,1,1,0,0,6,0,6,2,8,1
14,15,0,1,1,0,3,1,0,1,1,1,1,0,2,1,5,0,0,0,1
11,18,4,0,1,0,3,0,0,11,1,1,1,1,2,1,0,2,2,4,1
2,16,4,1,1,0,3,1,0,0,1,1,1,0,0,0,5,0,0,0,1
2,19,4,1,1,0,3,3,0,2,1,1,1,7,0,1,0,2,3,5,1
10,8,0,1,1,3,3,2,1,1,1,1,1,7,0,1,1,3,4,4,1
11,21,0,1,1,0,3,1,0,0,1,1,1,0,2,2,0,6,3,10,1
2,19,4,1,1,0,3,1,0,2,1,1,1,0,0,1,0,4,3,6,1
0,15,4,1,1,0,3,0,0,11,1,1,1,0,0,3,0,3,0,1,1
0,15,4,1,1,4,3,3,1,0,1,1,1,7,0,1,0,3,3,2,1
5,18,0,0,1,4,3,0,1,0,1,1,1,0,0,1,0,6,5,8,1
0,18,4,0,1,0,3,3,0,16,1,1,1,0,0,1,5,8,0,2,1
9,17,4,0,1,0,3,0,0,2,1,1,1,7,0,0,5,0,0,0,1
13,15,4,1,1,0,3,0,0,2,1,1,1,1,2,0,5,0,0,0,1
1,18,4,0,1,0,0,1,0,16,1,1,1,0,0,5,3,8,2,6,0
14,15,4,1,1,0,3,1,0,2,1,1,1,0,2,1,0,6,3,7,1
12,19,0,0,1,0,1,0,0,0,1,1,1,0,2,5,0,7,5,10,1
14,15,0,0,1,0,3,0,0,1,1,1,1,0,2,1,0,6,4,7,1
6,15,0,0,1,0,3,0,0,1,1,1,1,5,0,1,0,1,6,3,1
14,18,0,0,1,0,3,0,0,1,1,1,1,1,2,1,2,0,0,0,1
9,0,4,1,1,2,3,0,1,2,1,1,1,1,0,6,0,3,4,6,0
11,20,4,0,1,3,3,0,1,2,1,1,1,5,2,1,0,6,3,9,0
6,21,4,1,1,0,3,0,0,2,1,1,1,0,0,1,0,5,2,12,1
10,16,4,0,1,0,3,1,0,12,1,1,1,0,0,1,0,6,6,13,0
6,18,4,1,1,0,3,0,0,0,1,1,1,8,0,2,0,1,1,6,1
9,18,4,0,0,0,3,1,0,0,1,0,0,0,0,6,0,6,7,12,1
0,18,4,1,1,0,3,1,0,16,1,1,1,0,0,1,0,1,1,1,1
8,15,4,0,1,0,3,0,0,2,1,1,1,0,0,6,0,6,6,7,1
3,18,4,0,1,0,3,1,0,2,1,1,1,5,0,1,5,5,0,3,1
2,17,0,1,1,0,3,3,0,1,1,1,1,7,2,3,0,3,6,6,1
5,15,4,1,0,0,3,0,0,2,1,1,1,5,0,1,0,1,4,4,1
0,18,4,0,1,0,3,1,0,16,1,1,1,0,0,1,5,0,0,0,0
0,15,4,0,1,0,3,0,0,2,1,1,1,7,0,1,0,2,7,5,1
1,18,4,0,1,0,3,1,0,16,1,1,1,0,0,2,5,1,0,2,0
10,20,0,1,1,0,3,1,0,1,1,1,1,0,0,2,5,0,0,0,0
5,18,4,1,1,0,3,0,0,0,1,1,1,7,0,0,5,0,0,0,1
10,19,4,1,1,0,3,1,0,0,1,1,1,0,0,7,0,5,11,4,1
14,14,4,0,1,0,3,0,0,14,1,1,1,7,2,1,0,2,4,2,1
5,22,4,1,1,0,3,1,0,11,1,1,1,8,0,1,0,8,6,13,0
8,20,4,0,1,0,3,3,0,2,1,1,1,0,0,1,0,6,8,11,1
9,18,0,0,1,0,3,1,0,0,1,1,1,0,0,1,0,8,1,13,1
13,21,4,1,1,0,3,1,0,0,1,1,1,8,2,3,0,6,6,13,0
6,15,4,0,1,4,3,3,1,5,1,1,1,0,0,1,0,1,4,5,1
2,19,0,1,1,0,3,1,0,8,1,1,1,0,0,3,0,1,4,4,0
12,15,0,0,1,0,3,0,0,0,1,1,1,0,2,1,0,6,10,14,0
5,15,4,0,1,0,3,3,0,4,1,1,1,0,0,1,0,6,6,9,1
14,15,4,0,1,0,3,0,0,0,1,1,1,7,2,1,0,6,10,14,1
8,15,4,0,1,0,3,3,0,7,1,1,1,0,0,1,0,6,6,10,1
1,18,4,1,1,0,3,1,0,2,1,1,1,0,0,3,0,1,2,4,1
0,17,4,0,1,0,3,0,0,2,1,1,1,0,0,0,5,0,0,0,1
12,17,4,0,1,0,3,0,0,2,1,1,1,0,2,1,0,8,3,12,1
10,20,4,1,1,0,3,1,0,2,1,1,1,8,0,1,0,8,10,11,1
12,20,4,1,1,0,3,0,0,2,1,1,1,0,2,0,5,0,0,0,1
9,21,0,0,1,0,3,0,0,1,1,1,1,0,0,6,0,6,5,13,0
7,15,4,1,1,0,3,0,0,2,1,1,1,1,0,5,2,6,0,2,1
3,15,4,0,1,4,3,0,1,2,1,1,1,0,0,1,0,1,6,4,1
12,20,0,1,1,0,3,3,0,0,1,1,1,0,2,1,0,6,2,13,1
13,15,0,1,1,4,3,3,1,1,1,1,1,0,2,1,0,6,8,11,1
8,20,4,1,0,0,3,3,0,2,1,1,1,0,0,1,0,2,4,5,1
14,14,4,0,1,0,3,0,0,12,1,1,1,7,2,0,5,0,0,0,1
4,19,4,0,1,0,3,0,0,11,1,1,1,0,0,1,0,6,6,3,0
15,15,0,1,1,0,3,0,0,1,1,1,1,0,2,1,0,4,4,5,0
10,15,0,0,1,0,3,1,0,8,1,1,1,0,0,1,0,6,3,8,1
14,15,4,1,1,0,3,0,0,2,1,1,1,8,2,1,0,6,9,9,1
7,20,4,1,1,4,3,0,1,2,1,1,1,5,0,1,0,6,0,9,0
3,13,4,0,1,0,3,0,0,2,1,1,1,0,0,1,5,2,0,6,1
8,20,4,1,1,0,3,1,0,11,1,1,1,0,0,2,0,6,6,12,0
8,18,4,1,1,4,3,3,1,0,1,1,1,5,0,1,0,2,3,3,1
12,14,4,1,0,0,3,0,0,2,1,1,0,0,2,2,0,3,1,3,1
11,20,4,1,1,0,3,1,0,11,1,1,1,0,2,1,0,7,7,12,1
0,15,4,0,1,0,3,0,0,2,1,1,1,7,0,1,2,2,0,2,1
5,18,0,1,1,0,3,2,0,1,1,1,1,0,0,1,5,0,0,0,1
8,15,2,0,1,0,3,0,0,7,1,1,1,7,0,1,0,6,11,6,1
10,20,4,1,1,0,3,3,0,10,1,1,1,5,0,1,0,6,7,13,0
9,15,0,0,1,0,3,1,0,0,1,1,1,0,0,1,0,8,4,12,1
5,20,4,1,1,0,3,1,0,2,1,1,1,0,0,1,2,0,0,0,0
15,18,4,1,1,3,3,0,1,0,1,1,1,7,2,1,0,2,1,4,1
12,15,0,0,1,4,3,0,1,1,1,1,1,7,2,1,0,6,2,10,0
0,15,4,1,1,0,3,0,0,16,1,1,1,1,0,0,5,0,0,0,0
10,15,0,0,1,0,3,0,0,2,1,1,1,0,0,1,0,5,2,7,1
11,15,0,0,1,4,3,0,1,1,1,1,1,0,2,1,0,6,11,6,1
11,20,4,0,1,0,3,0,0,2,1,1,1,5,2,2,0,6,2,12,1
3,14,4,0,1,0,3,0,0,2,1,1,1,5,0,1,0,6,10,14,1
9,19,4,1,1,0,3,3,0,0,1,1,1,0,0,7,0,5,3,10,0
9,19,4,0,1,0,3,1,0,2,1,1,1,7,0,3,2,4,0,5,1
0,18,4,0,1,0,3,1,0,10,1,1,1,0,0,1,0,5,0,3,1
5,19,4,0,1,0,3,0,0,2,1,1,1,5,0,5,0,6,2,3,1
6,15,4,0,1,0,3,3,0,5,1,1,1,7,0,1,0,6,3,6,1
0,18,4,1,1,0,3,0,0,2,1,1,1,0,0,1,0,6,8,9,1
14,21,4,0,1,0,3,0,0,2,1,1,1,0,2,6,0,6,6,13,1
12,15,0,1,1,4,3,0,1,8,1,1,1,7,2,1,0,6,0,8,1
8,16,0,0,1,0,3,3,0,1,1,1,1,0,0,1,0,6,8,7,1
11,22,4,0,1,0,3,0,0,0,1,1,1,5,0,2,0,9,6,14,0
5,18,0,0,1,1,3,2,1,1,1,1,1,0,0,2,0,5,1,6,1
12,15,0,0,1,4,3,0,1,1,1,1,1,0,2,1,1,6,0,12,1
13,18,4,1,1,0,3,0,0,5,1,1,1,5,2,3,2,0,0,6,1
6,18,0,1,1,4,3,0,1,1,1,1,1,7,0,1,0,6,4,10,1
15,20,0,0,1,3,3,1,1,0,1,1,1,0,2,4,0,8,8,14,1
15,18,4,1,1,0,3,0,0,10,1,1,1,0,2,4,0,6,4,3,1
14,20,0,1,1,4,3,0,1,1,1,1,1,0,2,1,2,0,0,0,0
10,20,4,1,1,0,3,3,0,11,1,1,1,0,0,1,0,6,11,13,0
15,21,0,1,1,4,3,0,1,1,1,1,1,5,2,0,5,0,0,0,0
9,15,0,1,1,0,3,0,0,0,1,1,1,7,0,1,0,7,7,10,1
11,20,0,0,1,3,3,0,1,0,1,1,1,5,2,1,0,6,6,8,1
12,20,0,1,1,0,3,1,0,1,1,1,1,0,2,1,0,8,10,13,1
1,18,4,0,1,4,3,0,1,11,1,1,1,5,0,0,5,0,0,0,0
15,15,0,1,1,4,3,0,1,9,1,1,1,0,2,1,0,2,3,3,1
4,15,0,1,1,4,3,0,1,1,1,1,1,0,0,1,1,7,0,9,1
13,15,2,1,1,0,3,0,0,0,1,1,1,0,2,4,0,6,1,11,0
14,20,4,0,1,0,3,0,0,2,1,1,1,0,2,7,2,6,0,6,1
0,18,4,0,1,0,3,0,0,9,1,1,1,7,0,1,0,6,8,8,1
13,23,0,1,1,2,3,0,0,1,1,1,1,0,2,8,5,6,0,14,1
13,20,0,1,1,0,3,1,0,1,1,1,1,0,2,1,0,6,3,11,1
2,18,4,1,1,0,3,0,0,16,1,1,1,8,0,4,0,1,2,5,1
13,18,2,1,1,0,3,0,0,2,1,1,1,0,2,1,0,6,8,7,1
7,15,0,0,1,0,3,0,0,1,1,1,1,0,0,1,0,6,10,10,1
6,20,4,1,1,0,3,3,0,4,1,1,1,5,0,4,5,0,0,4,1
13,19,0,0,1,3,3,0,1,0,1,1,1,5,2,1,0,6,2,10,1
14,16,0,1,1,0,3,0,0,1,1,1,1,4,2,1,0,5,8,4,1
1,18,4,1,1,0,3,0,0,7,1,1,1,2,0,1,0,5,2,3,1
13,20,0,0,1,0,3,1,0,0,1,1,1,0,2,1,0,6,9,14,1
1,19,4,0,1,0,3,1,0,2,1,1,1,0,0,1,0,3,5,2,1
6,20,0,0,1,3,3,0,1,0,1,1,1,5,0,1,0,6,5,14,0
14,21,4,0,1,4,3,3,1,11,1,1,1,5,2,4,0,9,4,14,0
9,18,4,0,1,0,3,0,0,2,1,1,1,0,0,1,0,6,11,6,1
11,21,4,1,1,4,3,0,1,0,1,1,1,5,2,0,5,0,0,0,1
7,18,4,0,1,0,3,3,0,2,1,1,1,5,0,1,0,1,8,5,1
12,22,0,1,1,4,3,0,1,1,1,1,1,5,2,2,0,6,2,13,1
11,17,0,0,1,4,3,0,1,1,1,1,1,5,2,1,0,6,6,12,1
12,20,0,1,1,0,3,0,0,0,1,1,1,5,2,1,0,6,3,10,1
0,15,4,1,1,0,3,0,0,2,1,1,1,0,0,1,0,6,6,9,1
8,15,4,0,1,0,3,1,0,7,1,1,1,8,0,1,0,8,1,7,1
5,10,4,0,0,2,3,1,0,2,0,1,0,0,0,1,0,1,3,1,1
12,15,0,0,1,0,3,0,0,1,1,1,1,0,2,1,0,6,11,13,0
10,20,4,1,1,0,3,1,0,14,1,1,1,0,0,1,2,0,0,0,1
5,17,4,1,1,0,3,0,0,2,1,1,1,0,0,1,0,2,3,3,1
10,16,0,0,1,0,3,0,0,15,1,1,1,0,0,0,5,0,0,0,0
11,18,0,1,1,0,3,3,0,1,1,1,1,0,2,1,0,6,6,7,1
4,15,4,0,1,0,3,3,0,2,1,1,1,0,0,1,0,6,10,10,1
14,20,0,1,1,0,3,0,0,0,1,1,1,0,2,3,0,7,8,14,1
9,21,4,0,1,0,3,0,0,5,1,1,1,5,0,1,0,8,9,14,1
8,18,0,1,1,0,3,3,0,8,1,1,1,0,0,4,0,6,1,8,1
6,20,4,1,1,0,3,3,0,0,1,1,1,0,0,7,5,1,0,1,1
11,8,4,0,1,2,3,0,1,2,1,0,1,8,0,6,1,1,0,1,1
2,15,4,0,1,0,3,0,0,2,1,1,1,0,0,1,0,9,4,12,1
6,18,4,1,0,0,3,0,0,2,1,1,1,2,0,1,0,5,4,5,1
4,15,4,1,1,0,3,0,0,2,1,1,1,0,0,1,0,6,6,9,1
10,20,4,1,1,0,3,0,0,0,1,1,1,0,0,3,0,5,3,12,1
7,13,4,0,1,4,3,3,1,10,1,1,1,0,0,1,0,6,3,13,1
7,11,4,1,1,4,3,0,1,5,1,1,1,0,0,1,0,9,3,6,1
14,20,0,1,1,4,3,3,1,1,1,1,1,5,2,0,5,0,0,0,1
6,20,4,1,1,0,3,0,0,2,1,1,1,0,0,1,0,6,4,10,0
10,19,4,0,1,0,3,3,0,14,1,1,1,0,0,1,0,6,6,10,1
13,18,0,0,1,0,3,1,0,0,1,1,1,5,2,1,0,6,6,14,1
15,21,0,0,1,4,3,0,1,0,1,1,1,0,2,6,0,8,10,14,1
10,18,4,1,1,0,3,1,0,5,1,1,1,8,0,1,0,6,4,10,1
9,20,4,1,1,0,3,1,0,2,1,1,1,0,0,1,0,6,2,11,0
10,15,0,1,1,0,3,3,0,2,1,1,1,0,0,0,5,0,0,0,1
1,18,4,1,1,0,3,0,0,10,1,1,1,1,0,1,0,6,5,4,0
12,15,4,0,1,0,3,0,0,0,1,1,1,5,2,1,0,6,3,12,1
7,20,0,0,1,0,3,0,0,1,1,1,1,0,0,1,0,8,8,12,1
15,22,0,0,1,0,3,3,0,1,1,1,1,0,2,1,0,9,3,11,1
8,19,0,1,1,4,3,0,1,8,1,1,1,5,0,0,5,0,0,0,1
12,17,0,1,1,0,3,3,0,1,1,1,1,8,2,1,5,0,0,0,0
13,20,0,1,1,0,3,1,0,2,1,1,1,0,2,2,0,6,11,14,1
3,15,4,0,1,0,3,0,0,15,1,1,1,0,0,0,5,0,0,0,0
4,18,4,1,1,0,3,1,0,11,1,1,1,8,0,1,5,0,0,0,0
6,15,0,0,0,0,2,3,0,2,1,1,1,0,0,1,0,2,6,5,1
8,15,0,0,1,0,3,0,0,0,1,1,1,0,0,1,0,7,3,12,1
1,14,4,1,0,0,3,0,0,16,1,1,0,7,0,3,5,2,0,3,0
2,18,4,1,1,0,3,0,0,11,1,1,1,0,0,1,0,6,6,6,0
15,19,4,1,1,0,3,1,0,0,1,1,1,0,2,1,0,6,4,12,1
10,14,0,0,1,0,3,0,0,15,1,1,1,0,0,0,5,0,0,0,0
8,20,4,1,1,0,3,1,0,11,1,1,1,7,0,4,0,6,1,11,1
4,20,4,1,1,4,3,0,1,10,1,1,1,8,0,1,0,8,0,6,0
12,20,0,1,1,0,3,1,0,0,1,1,1,0,2,6,0,6,0,11,1
10,15,0,0,1,0,3,0,0,2,1,1,1,7,0,6,0,6,6,7,1
8,15,4,0,1,4,3,0,1,5,1,1,1,7,0,1,0,6,3,8,1
4,20,4,0,1,0,3,0,0,2,1,1,1,0,0,1,0,6,6,10,1
14,21,0,1,1,4,3,0,1,1,1,1,1,5,2,0,5,0,0,10,0
10,21,4,0,1,0,3,0,0,0,1,1,1,0,0,4,0,9,4,14,0
6,21,4,1,1,3,3,1,1,2,1,1,1,0,0,2,0,6,6,9,0
12,17,0,0,1,0,3,0,0,0,1,1,1,0,2,1,0,6,4,13,1
7,16,4,0,1,0,3,0,0,2,1,1,1,8,0,1,0,6,4,5,1
14,20,0,1,1,0,3,0,0,1,1,1,1,0,2,1,0,6,2,13,1
12,20,0,1,1,0,3,1,0,1,1,1,1,8,2,2,5,0,0,0,1
9,15,4,1,1,4,3,3,1,11,1,1,1,0,0,1,0,6,4,8,1
4,15,4,0,1,0,3,0,0,2,1,1,1,5,0,1,0,3,2,3,1
9,20,4,0,1,0,3,1,0,11,1,1,1,8,0,3,0,9,5,12,0
8,18,4,1,1,0,3,0,0,0,1,1,1,7,0,0,5,0,0,0,1
2,17,4,1,1,0,3,0,0,2,1,1,1,0,0,1,5,1,0,1,1
8,11,4,0,0,0,3,0,0,5,0,1,1,0,0,1,0,6,9,2,1
3,18,4,1,1,0,3,0,0,2,1,1,1,7,0,1,0,6,8,3,1
11,8,4,0,1,4,3,0,1,11,1,1,1,0,2,1,0,6,3,14,1
13,21,0,1,1,0,3,3,0,1,1,1,1,0,2,2,0,6,2,10,0
6,18,0,0,1,0,3,3,0,2,1,1,1,7,0,1,0,5,6,9,1
1,18,4,0,1,0,3,0,0,16,1,1,1,0,0,1,0,7,3,11,1
12,15,4,1,1,0,3,1,0,0,1,1,1,8,0,4,5,5,0,3,0
4,15,4,0,1,0,3,0,0,2,1,1,1,8,0,1,0,9,0,6,1
4,15,4,0,1,0,3,0,0,15,1,1,1,7,0,0,5,0,0,0,1
6,15,4,1,1,0,3,0,0,2,1,1,1,0,0,1,5,0,0,1,1
7,20,4,1,1,4,3,0,1,11,1,1,1,0,0,1,0,6,8,7,0
12,18,4,0,1,0,3,0,0,14,1,1,1,0,2,1,5,0,0,3,1
6,18,4,0,1,0,3,1,0,0,1,1,1,1,0,1,0,1,8,6,1
4,20,4,1,1,0,3,3,0,14,1,1,1,1,0,1,0,6,3,10,0
12,16,4,0,1,0,3,0,0,2,1,1,1,0,2,0,5,0,0,2,1
14,21,4,1,1,0,3,1,0,0,1,1,1,1,2,1,0,6,2,10,1
3,18,4,0,1,0,1,3,0,16,1,1,1,0,0,1,0,6,4,6,1
11,8,0,1,1,4,3,0,1,2,1,1,1,0,2,1,5,0,0,0,1
13,18,4,0,1,0,3,3,0,11,1,1,1,7,2,1,0,6,3,5,1
0,17,4,0,1,0,2,3,0,2,1,1,1,0,0,1,0,4,3,7,1
1,18,4,0,1,0,3,0,0,2,1,1,1,1,0,1,0,1,3,2,1
6,20,0,0,1,0,3,0,0,0,1,1,1,8,0,1,0,4,1,7,1
1,15,4,1,1,4,3,3,1,11,1,1,1,2,0,1,5,0,0,0,1
14,14,0,0,1,0,3,3,0,0,1,1,1,0,2,0,5,0,0,0,1
6,18,0,0,1,4,3,3,1,2,1,1,1,0,0,1,5,0,0,0,1
8,20,0,0,1,4,3,0,1,0,1,1,1,5,0,1,0,6,8,11,1
15,20,0,0,1,0,3,0,0,11,1,1,1,5,2,1,0,6,10,13,1
5,19,4,0,1,0,3,1,0,0,1,1,1,0,0,1,5,0,0,0,0
10,18,0,1,1,0,3,1,0,0,1,1,1,0,0,1,0,7,11,11,0
4,20,2,1,1,0,3,1,0,0,1,1,1,0,0,1,0,6,3,12,1
1,15,4,0,1,0,3,0,0,2,1,1,1,5,0,1,0,1,2,4,1
11,20,4,0,1,3,3,0,1,0,1,1,1,0,2,1,0,6,4,10,1
4,15,4,0,1,0,3,0,0,15,1,1,1,0,0,1,5,0,0,0,0
13,12,0,0,1,4,3,0,1,1,1,1,1,7,2,1,2,0,0,0,1
14,15,4,1,1,0,3,0,0,5,1,1,1,7,2,1,0,8,3,9,1
11,21,4,0,1,0,1,3,0,16,1,1,1,0,2,1,0,9,11,11,0
0,15,4,1,1,4,3,0,1,2,1,1,1,5,0,0,5,0,0,0,1
15,20,0,1,1,0,3,1,0,0,1,1,1,0,2,6,0,6,0,9,1
0,18,4,0,1,0,3,0,0,0,1,1,1,0,0,1,0,4,4,2,0
4,15,4,1,1,0,3,0,0,3,1,1,1,0,0,1,0,3,1,1,1
8,18,4,1,1,0,3,1,0,7,1,1,1,2,0,1,5,0,0,0,1
1,19,2,0,1,0,3,1,0,7,1,1,1,0,0,0,5,0,0,0,0
11,20,0,1,1,0,3,0,0,1,1,1,1,5,2,3,0,6,6,12,1
13,17,2,0,1,4,3,0,1,0,1,1,1,7,2,1,0,9,4,11,1
11,20,4,1,1,3,3,0,1,11,1,1,1,5,2,4,0,8,10,12,1
8,20,4,0,1,0,3,1,0,2,1,1,1,0,0,1,0,6,4,12,1
7,20,4,1,1,0,3,0,0,0,1,1,1,0,0,3,2,0,0,0,0
11,23,0,0,1,4,3,1,1,0,1,1,1,7,2,1,5,8,0,14,1
6,18,4,1,1,0,3,3,0,12,1,1,1,0,0,9,2,0,0,0,1
4,15,4,1,1,0,3,0,0,2,1,1,1,0,0,0,5,0,0,0,1
1,18,4,0,1,0,3,3,0,2,1,1,1,7,0,1,0,6,3,8,1
7,21,4,0,1,2,3,1,0,12,1,1,1,0,0,9,2,0,0,14,1
7,21,4,0,1,0,3,0,0,0,1,1,1,1,0,1,0,6,10,9,1
12,20,4,0,1,4,3,0,1,0,1,1,1,5,2,1,0,6,4,14,0
9,20,4,0,1,2,3,0,0,2,1,1,1,0,0,1,0,4,8,7,1
9,16,1,0,1,0,0,1,0,0,1,1,1,0,0,5,3,3,9,9,0
4,15,0,1,1,0,3,1,0,0,1,1,1,0,0,1,0,8,1,9,0
9,14,0,1,1,0,3,0,0,2,1,1,1,7,0,0,5,0,0,0,1
9,21,4,1,1,0,3,1,0,2,1,1,1,0,0,1,0,6,8,11,1
12,20,0,0,1,0,3,0,0,0,1,1,1,0,2,1,0,7,10,14,1
0,18,4,0,1,0,3,1,0,2,1,1,1,0,0,0,5,0,0,0,1
10,0,2,1,1,0,3,1,0,0,1,1,1,0,0,0,5,0,0,0,1
9,18,4,1,1,0,3,3,0,2,1,1,1,7,0,1,0,6,6,9,1
5,18,4,0,1,0,3,0,0,11,1,1,1,1,0,1,0,8,1,8,0
9,19,4,0,1,0,3,0,0,2,1,1,1,5,0,1,0,6,10,13,1
1,14,4,0,1,0,3,0,0,2,1,1,1,7,0,1,0,5,3,5,1
9,20,4,1,1,0,3,0,0,2,1,1,1,0,0,1,0,6,11,8,1
14,14,4,0,0,0,3,1,0,16,1,1,0,8,2,0,5,0,0,5,1
0,18,4,0,1,0,1,1,0,16,1,1,1,8,0,1,5,0,0,0,1
13,8,4,0,1,4,3,3,1,11,1,1,1,0,2,9,2,0,0,0,1
4,20,4,0,1,0,3,0,0,9,1,1,1,0,0,1,0,9,8,8,1
3,19,4,0,1,0,3,0,0,2,1,1,1,0,0,1,0,6,10,7,1
12,17,0,1,1,0,3,0,0,0,1,1,1,0,2,1,0,9,8,10,1
10,15,4,0,1,0,3,1,0,0,1,1,1,0,0,1,0,6,5,12,0
6,18,4,0,1,4,3,0,1,0,1,1,1,5,0,1,0,4,6,8,0
13,23,4,0,1,4,3,0,1,0,1,1,1,0,2,7,0,8,8,14,1
7,20,4,1,1,0,3,0,0,14,1,1,1,0,0,1,0,6,6,13,0
11,8,4,0,1,4,3,0,1,11,1,1,1,0,2,1,0,6,4,6,1
15,19,4,0,1,0,3,0,0,2,1,1,1,0,2,3,0,6,10,12,1
11,17,4,0,1,0,3,3,0,0,1,1,1,2,2,3,0,9,4,13,1
13,18,4,0,1,3,3,0,1,0,1,1,1,1,2,9,2,0,0,0,1
5,15,4,0,0,0,3,0,0,2,1,1,0,0,0,0,5,0,0,0,1
0,18,4,1,1,0,3,0,0,2,1,1,1,5,0,0,5,0,0,0,1
5,17,4,0,1,0,3,3,0,2,1,1,1,7,0,1,0,6,5,9,1
15,17,2,0,1,0,3,0,0,0,1,1,1,0,2,1,0,6,1,9,1
11,16,4,0,1,0,3,0,0,15,1,1,1,1,2,0,5,0,0,0,1
4,18,4,0,1,0,3,3,0,2,1,1,1,0,0,1,0,4,5,4,1
10,17,4,1,1,0,3,3,0,11,1,1,1,2,0,6,0,6,10,13,1
11,15,4,1,1,0,3,3,0,2,1,1,1,1,2,0,5,0,0,0,1
6,15,4,0,1,3,3,0,1,2,1,1,1,5,0,0,5,0,0,0,1
15,20,0,0,1,3,3,2,1,0,1,1,1,0,2,1,0,6,6,10,1
12,15,0,1,1,0,3,3,0,8,1,1,1,0,2,1,0,6,0,8,1
15,18,4,1,1,0,3,0,0,2,1,1,1,1,2,0,5,0,0,2,1
3,18,4,1,1,0,3,3,0,2,1,1,1,0,0,1,0,5,2,6,1
13,18,0,0,1,4,3,0,1,0,1,1,1,0,2,1,0,7,3,10,1
1,15,4,1,1,0,3,0,0,2,1,1,1,1,0,0,5,0,0,0,1
13,19,0,1,1,3,3,0,1,1,1,1,1,7,2,1,0,2,11,4,1
11,15,4,0,1,0,1,0,0,10,1,1,1,8,2,1,0,6,10,10,1
8,20,4,1,1,0,3,1,0,0,1,1,1,0,0,1,0,1,8,1,1
15,20,4,0,1,0,3,1,0,10,1,1,1,0,2,1,0,8,3,6,1
11,18,0,1,1,0,3,3,0,1,1,1,1,0,2,0,5,0,0,0,1
11,20,4,0,1,4,3,0,1,14,1,1,1,5,2,1,0,6,0,9,0
5,20,4,0,1,0,3,3,0,14,1,1,1,0,0,1,0,6,10,9,0
2,18,4,0,1,4,3,0,1,0,1,1,1,7,0,1,0,6,3,11,0
13,19,4,0,1,0,3,0,0,2,1,1,1,0,2,1,0,6,10,10,1
9,17,4,1,1,0,3,0,0,2,1,1,1,0,0,1,0,6,6,7,1
14,15,0,1,1,0,3,3,0,1,1,1,1,0,2,1,0,9,8,12,0
4,20,4,1,1,0,3,1,0,2,1,1,1,0,0,1,0,2,1,3,1
2,18,4,0,1,0,3,2,0,0,1,1,1,0,0,1,0,2,6,6,1
9,20,0,1,1,2,3,0,0,1,1,1,1,0,0,1,0,5,9,14,0
8,20,4,1,1,0,3,1,0,9,1,1,1,0,0,1,0,6,5,10,1
8,15,2,0,1,0,3,3,0,2,1,1,1,0,0,1,0,7,8,11,1
8,15,4,0,1,4,3,0,1,7,1,1,1,7,0,1,0,6,6,8,1
12,18,4,1,1,0,3,0,0,0,1,1,1,0,2,1,0,4,11,3,1
13,12,3,0,1,0,3,3,0,1,1,1,1,1,2,0,5,0,0,4,1
9,20,4,1,1,0,3,3,0,11,1,1,1,5,0,1,5,0,0,0,0
2,17,4,1,1,4,3,0,1,0,1,1,1,0,0,1,0,4,4,4,1
10,20,0,1,1,4,3,0,1,1,1,1,1,7,0,1,0,3,6,5,1
5,20,4,0,1,0,3,0,0,2,1,1,1,0,0,2,5,6,0,3,0
10,21,0,1,1,0,3,0,0,0,1,1,1,0,0,3,0,5,4,13,1
11,20,4,1,1,0,3,0,0,0,1,1,1,5,2,1,0,6,10,14,1
3,17,4,1,1,0,3,1,0,2,1,1,1,0,0,1,2,3,0,4,1
15,15,4,0,1,0,0,3,0,11,1,1,1,1,2,5,3,9,4,12,1
6,20,0,0,1,0,3,1,0,0,1,1,1,0,0,1,0,6,3,11,1
3,19,4,1,1,4,3,0,1,9,1,1,1,5,0,1,0,6,3,5,1
10,20,4,0,1,0,3,1,0,2,1,1,1,0,0,1,0,6,4,8,1
0,18,4,0,1,0,3,0,0,2,1,1,1,7,0,2,0,2,0,4,1
12,21,0,0,1,4,3,0,1,1,1,1,1,0,2,1,0,6,4,13,1
4,18,4,1,1,0,3,0,0,0,1,1,1,2,0,1,0,6,6,9,1
9,17,4,1,1,0,3,0,0,2,1,1,1,0,0,0,5,0,0,4,1
14,20,4,0,1,0,3,0,0,5,1,1,1,0,2,1,0,6,4,10,1
10,15,4,0,1,0,3,1,0,2,1,1,1,0,0,3,0,6,6,7,1
8,16,4,0,1,0,3,0,0,2,1,1,1,7,0,1,0,6,11,10,1
1,15,4,1,1,0,3,0,0,11,1,1,1,5,0,1,5,0,0,0,1
11,17,4,1,1,0,3,1,0,2,1,1,1,8,2,1,0,6,4,12,1
8,0,4,0,1,0,3,0,0,7,1,1,1,1,0,0,5,0,0,1,1
2,19,4,1,1,0,3,1,0,16,1,1,1,0,0,3,0,1,2,2,1
13,17,0,0,1,0,3,0,0,0,1,1,1,0,2,2,0,9,2,14,1
4,18,4,0,1,0,3,0,0,2,1,1,1,7,0,1,0,6,4,9,1
0,18,4,1,1,0,3,1,0,2,1,1,1,0,0,1,5,2,0,2,0
9,20,4,1,1,0,3,0,0,2,1,1,1,0,0,1,0,7,11,7,1
12,2,0,1,1,3,3,0,1,3,1,1,1,7,2,2,0,6,10,6,1
0,18,0,1,1,0,3,0,0,1,1,1,1,0,0,1,0,2,2,2,1
1,14,4,0,1,4,3,1,1,2,1,1,1,0,0,0,5,0,0,0,1
2,18,0,0,1,0,3,1,0,1,1,1,1,0,0,1,0,2,1,4,0
8,11,3,1,1,3,3,0,1,0,1,1,1,0,0,1,0,8,4,6,1
6,20,0,1,1,4,3,0,1,0,1,1,1,7,0,1,0,6,5,12,1
1,19,4,0,0,0,3,0,0,2,0,1,0,0,0,1,0,2,6,5,1
4,19,4,0,1,0,3,1,0,2,1,1,1,0,0,1,0,2,4,3,1
6,19,4,1,1,0,3,1,0,2,1,1,1,5,0,1,0,6,8,10,1
9,16,4,0,0,0,3,0,0,16,1,1,0,5,0,1,5,6,0,4,1
11,17,0,1,0,0,3,0,0,8,1,1,0,2,2,0,5,0,0,0,1
3,15,4,0,1,0,0,0,0,16,1,1,1,0,0,5,3,8,1,6,1
5,15,4,0,1,0,3,1,0,12,1,1,1,0,0,1,0,9,4,9,1
8,20,0,0,1,0,0,3,0,0,1,1,1,5,0,5,1,9,4,9,1
4,17,4,1,1,0,3,3,0,7,1,1,1,0,0,0,5,0,0,0,1
7,20,4,0,1,4,3,1,1,0,1,1,1,0,0,1,0,5,8,14,1
9,21,4,1,1,4,3,0,1,2,1,1,1,5,0,1,0,8,2,12,1
4,18,4,0,1,0,3,0,0,2,1,1,1,0,0,1,0,2,3,6,1
15,19,0,1,1,4,3,0,1,1,1,1,1,0,2,1,0,6,4,5,1
8,15,4,0,1,0,3,0,0,0,1,1,1,7,0,1,0,1,1,2,0
11,20,4,1,1,0,3,1,0,2,1,1,1,5,2,1,0,6,11,12,1
9,20,0,0,1,0,3,1,0,0,1,1,1,0,0,1,0,7,3,13,1
15,20,4,0,1,0,3,0,0,10,1,1,1,0,2,1,5,6,0,3,1
7,15,4,0,1,0,3,0,0,2,1,1,1,0,0,1,0,8,3,5,1
4,20,4,1,1,4,3,0,1,11,1,1,1,7,0,1,0,4,10,5,0
13,15,0,0,1,3,0,0,1,0,1,1,1,7,2,5,3,9,2,12,1
11,20,4,1,0,0,3,0,0,0,1,1,0,0,2,1,0,5,3,7,1
6,18,4,1,1,0,3,0,0,0,1,1,1,7,0,1,0,6,8,12,1
14,20,4,1,1,0,3,0,0,5,1,1,1,0,2,1,0,6,10,13,1
6,20,4,0,1,0,3,1,0,12,1,1,1,0,0,1,0,6,4,9,0
5,18,0,0,1,4,0,0,1,16,1,1,1,5,0,5,3,9,2,5,1
15,20,0,1,1,0,3,0,0,1,1,1,1,0,2,1,0,8,0,6,0
5,18,4,1,1,2,3,1,0,2,1,1,1,0,0,1,5,0,0,2,1
9,18,4,1,1,0,3,3,0,11,1,1,1,0,0,1,0,6,6,5,1
4,15,4,1,1,0,3,0,0,7,1,1,1,0,0,1,0,2,4,5,1
4,12,4,0,1,0,3,0,0,15,1,1,1,1,0,1,5,0,0,1,1
4,20,4,1,1,0,3,1,0,2,1,1,1,0,0,1,0,2,2,6,1
5,19,0,1,1,4,3,0,1,1,1,1,1,5,0,1,2,0,0,0,1
6,20,4,1,1,0,3,1,0,0,1,1,1,0,0,1,0,8,3,13,1
0,15,4,0,1,4,3,0,1,2,1,1,1,7,0,0,5,0,0,0,1
13,19,4,1,1,0,3,3,0,0,1,1,1,0,2,3,5,0,0,0,1
5,18,4,1,1,4,3,0,1,10,1,1,1,5,0,1,0,6,8,5,1
4,15,4,0,1,0,3,1,0,12,1,1,1,0,0,1,0,6,4,5,0
2,18,4,1,1,0,3,0,0,2,1,1,1,0,0,1,0,1,4,3,1
10,18,4,0,1,0,1,0,0,0,1,1,1,0,0,5,0,9,6,11,0
15,15,0,0,1,4,3,0,1,9,1,1,1,5,2,4,0,6,0,3,1
7,20,0,0,1,0,3,3,0,9,1,1,1,0,0,1,5,8,0,10,0
3,17,4,0,1,0,3,0,0,2,1,1,1,7,0,1,2,8,0,10,1
12,18,4,0,0,0,3,1,0,11,1,0,0,0,2,1,0,9,10,12,1
10,21,4,1,1,0,3,1,0,0,1,1,1,0,0,7,0,9,10,8,1
0,15,4,1,1,0,3,1,0,2,1,1,1,8,0,1,0,3,0,3,1
14,14,0,1,1,0,3,0,0,0,1,1,1,0,2,1,0,6,1,11,1
13,15,4,0,1,3,3,0,1,15,1,1,1,1,2,1,5,0,0,1,0
14,15,0,1,1,4,3,0,1,8,1,1,1,0,2,0,5,0,0,0,1
6,19,4,0,1,0,3,1,0,2,1,1,1,0,0,1,0,3,5,3,1
13,15,4,0,1,0,3,0,0,15,1,1,1,1,2,0,5,0,0,0,1
4,15,4,0,1,0,3,0,0,2,1,1,1,1,0,1,2,3,0,3,1
11,16,4,0,1,0,3,0,0,12,1,1,1,2,2,1,0,7,10,0,1
5,15,4,0,1,0,3,3,0,2,1,1,1,0,0,1,0,3,8,8,1
13,20,4,0,1,2,3,0,0,2,1,1,1,5,2,1,0,6,6,12,1
14,15,2,0,1,0,3,1,0,12,1,1,1,0,2,3,1,9,0,12,1
9,20,4,1,1,0,3,1,0,11,1,1,1,8,0,1,0,6,3,12,0
5,18,4,1,1,0,3,3,0,9,1,1,1,0,0,1,2,6,0,8,1
5,20,4,1,1,0,3,0,0,2,1,1,1,0,0,1,0,6,4,9,1
13,18,0,0,1,0,3,0,0,0,1,1,1,0,2,1,0,9,4,14,1
6,15,4,1,1,0,3,0,0,12,1,1,1,0,0,1,0,6,2,6,1
11,21,4,0,1,4,3,0,1,0,1,1,1,5,2,1,0,6,4,13,0
14,21,4,0,1,0,3,1,0,0,1,1,1,0,2,3,0,5,3,13,1
3,20,4,0,1,0,3,1,0,2,1,1,1,0,0,1,0,6,4,5,0
3,15,4,0,1,0,3,1,0,2,1,1,1,0,0,1,0,3,1,2,1
0,18,4,1,1,0,3,0,0,2,1,1,1,5,0,0,5,0,0,0,1
14,18,4,1,1,0,3,0,0,2,1,1,1,0,2,1,0,2,6,6,1
7,20,4,1,1,4,3,0,1,0,1,1,1,0,0,1,0,6,10,11,0
9,15,4,1,1,0,3,3,0,14,1,1,1,7,0,1,0,6,4,10,1
10,17,0,0,1,0,3,0,0,0,1,1,1,7,0,1,0,7,4,14,1
5,18,0,1,1,0,3,1,0,1,1,1,1,0,0,1,5,0,0,0,0
12,18,4,1,1,0,3,1,0,0,1,1,1,8,2,1,0,6,6,9,1
4,18,4,0,1,0,3,1,0,2,1,1,1,0,0,1,0,6,5,9,1
8,20,4,0,1,0,3,0,0,2,1,1,1,0,0,0,5,0,0,0,1
9,15,0,0,1,0,3,0,0,1,1,1,1,7,0,1,0,6,3,11,1
5,11,4,0,1,0,3,1,0,15,1,1,1,0,0,2,5,9,0,0,1
9,20,4,0,1,2,3,3,0,2,1,1,1,0,0,1,0,5,8,3,1
4,20,0,1,1,0,3,1,0,0,1,1,1,8,0,1,0,9,1,13,0
4,18,4,1,1,0,3,0,0,2,1,1,1,1,0,1,0,3,6,3,1
0,15,4,0,1,0,2,0,0,10,1,1,1,0,0,0,5,0,0,0,1
11,20,0,1,1,3,3,0,1,1,1,1,1,7,2,3,0,6,8,11,1
3,19,4,1,0,0,3,3,0,2,1,1,0,0,0,2,5,0,0,0,1
8,19,4,1,1,0,3,3,0,0,1,1,1,0,0,3,0,4,2,5,1
7,15,0,0,1,0,3,3,0,1,1,1,1,0,0,1,0,9,11,11,0
2,18,4,1,1,3,3,0,1,2,1,1,1,5,0,3,0,3,6,2,1
7,20,4,1,1,0,3,1,0,2,1,1,1,0,0,4,5,6,0,11,1
13,15,4,1,1,0,3,0,0,2,1,1,1,0,2,2,0,6,11,10,1
8,8,3,0,1,4,3,0,1,2,1,1,1,0,0,1,0,6,4,7,1
5,20,4,1,1,0,3,0,0,2,1,1,1,5,0,1,0,4,4,9,1
11,15,4,1,0,0,3,0,0,0,1,1,0,7,2,0,5,0,0,4,1
5,20,4,1,1,4,3,3,1,11,1,1,1,5,0,1,0,6,4,4,0
1,19,4,1,1,0,3,0,0,12,1,1,1,0,0,1,5,2,0,3,1
0,18,4,1,1,0,3,0,0,2,1,1,1,7,0,1,0,6,8,6,1
14,14,0,1,1,0,3,1,0,0,1,1,1,8,2,1,5,0,0,0,1
3,18,0,0,1,1,3,3,1,14,1,1,1,7,0,1,0,5,1,6,1
4,19,4,1,1,0,3,0,0,0,1,1,1,0,0,1,0,2,2,3,1
13,19,4,0,1,0,3,0,0,0,1,1,1,0,2,1,0,9,10,10,1
15,15,4,0,1,0,3,0,0,0,1,1,1,0,2,1,0,6,1,13,1
9,18,4,0,1,0,3,0,0,12,1,1,1,0,0,6,5,0,0,0,1
13,20,0,1,1,0,3,0,0,1,1,1,1,1,2,3,0,6,2,12,1
13,20,0,1,1,0,3,0,0,1,1,1,1,1,2,1,0,3,5,14,1
3,22,4,1,1,0,3,1,0,0,1,1,1,0,0,1,0,9,3,11,0
0,17,4,1,1,0,3,1,0,16,1,1,1,0,0,2,5,1,0,2,0
4,17,0,1,1,0,3,0,0,2,1,1,1,0,0,0,5,0,0,0,1
14,20,4,0,1,0,3,0,0,12,1,1,1,0,2,1,0,6,8,13,1
11,18,4,1,1,4,3,0,1,11,1,1,1,0,2,1,0,4,0,9,0
10,21,0,1,1,4,3,0,1,0,1,1,1,5,0,1,0,1,6,3,1
3,18,4,1,1,0,3,0,0,2,1,1,1,0,0,1,0,3,2,5,1
1,18,4,0,1,0,3,1,0,16,1,1,1,1,0,1,5,0,0,0,0
8,19,4,1,1,3,3,0,1,0,1,1,1,5,0,1,0,6,2,10,1
15,15,4,1,1,4,3,0,1,0,1,1,1,7,2,3,0,6,2,10,1
8,16,4,0,1,0,3,1,0,12,1,1,1,7,0,1,1,9,0,5,1
14,20,0,1,1,3,3,0,1,0,1,1,1,0,2,6,0,6,11,9,0
0,16,4,1,1,0,3,3,0,10,1,1,1,0,0,1,0,9,0,4,1
3,15,4,0,1,0,3,0,0,2,1,1,1,0,0,1,0,8,5,10,1
12,15,0,1,1,3,3,0,1,1,1,1,1,5,2,1,0,5,4,3,1
12,15,4,0,0,0,3,0,0,2,1,1,0,0,2,1,0,6,10,8,1
9,21,0,1,1,0,3,3,0,1,1,1,1,5,0,0,5,0,0,0,0
7,8,0,0,1,2,2,3,0,3,1,1,1,0,0,1,1,1,4,5,1
13,19,0,1,1,3,3,1,1,0,1,1,1,0,2,1,0,6,5,12,1
14,22,0,1,1,3,3,0,1,0,1,1,1,0,2,1,0,6,9,11,1
12,18,0,1,1,0,3,3,0,0,1,1,1,7,2,1,0,6,8,12,1
6,18,4,1,1,0,3,0,0,11,1,1,1,0,0,2,0,4,2,13,0
4,19,4,1,1,0,3,0,0,2,1,1,1,0,0,0,5,0,0,0,0
1,18,4,0,1,0,3,1,0,16,1,1,1,0,0,1,5,4,0,3,1
15,19,2,0,1,0,3,1,0,0,1,1,1,0,2,1,0,9,4,14,1
2,18,4,1,1,0,3,1,0,0,1,1,1,5,0,1,0,3,8,5,1
8,18,4,0,1,4,3,0,1,2,1,1,1,7,0,1,0,6,8,10,1
6,20,4,0,1,0,3,0,0,2,1,1,1,7,0,1,0,8,8,11,1
8,18,4,1,1,0,3,0,0,0,1,1,1,0,0,1,5,0,0,1,0
14,20,0,1,1,4,3,0,1,1,1,1,1,5,2,1,0,6,11,13,1
0,15,4,0,1,0,3,3,0,2,1,1,1,0,0,0,5,0,0,0,1
15,18,4,0,1,0,3,0,0,0,1,1,1,0,2,6,0,6,2,10,1
10,18,2,1,1,3,3,0,1,0,1,1,1,0,0,1,5,0,0,0,1
7,15,4,0,1,0,2,0,0,10,1,1,1,0,0,4,0,8,4,5,0
13,20,4,0,1,0,3,3,0,4,1,1,1,0,2,1,0,6,3,7,1
4,21,4,1,1,0,3,1,0,14,1,1,1,0,0,4,5,2,0,2,1
1,18,4,0,1,0,3,0,0,16,1,1,1,5,0,1,0,1,1,3,1
3,20,4,0,1,0,3,0,0,2,1,1,1,0,0,1,2,0,0,0,1
14,17,0,1,1,0,3,0,0,0,1,1,1,0,2,1,0,6,8,13,1
4,19,4,1,1,0,3,1,0,2,1,1,1,4,0,3,0,8,8,11,1
2,14,4,1,1,0,3,0,0,2,1,1,1,0,0,7,0,6,1,6,1
8,18,4,1,1,0,3,0,0,0,1,1,1,0,0,3,1,6,0,5,1
11,15,0,1,1,0,3,3,0,1,1,1,1,0,2,0,5,0,0,0,1
0,18,4,1,1,0,3,1,0,16,1,1,1,0,0,1,0,4,0,3,0
7,18,4,0,1,4,3,0,1,0,1,1,1,7,0,1,5,0,0,4,1
13,15,2,1,1,0,3,1,0,0,1,1,1,0,2,1,0,6,11,12,1
2,19,4,0,1,0,3,3,0,13,1,1,0,8,0,6,0,3,7,8,1
5,18,0,0,1,0,3,0,0,2,1,1,1,0,0,1,0,2,3,5,1
4,18,4,1,1,0,3,0,0,2,1,1,1,1,0,1,0,3,4,5,1
15,22,0,1,1,0,3,0,0,0,1,1,1,0,2,1,0,4,0,8,1
13,20,0,1,1,0,3,0,0,1,1,1,1,0,2,1,0,6,5,13,1
1,18,4,1,1,0,3,3,0,12,1,1,1,1,0,1,1,4,0,13,1
11,19,0,0,1,0,0,0,0,0,1,1,1,0,2,5,5,8,0,9,1
10,14,4,1,1,0,3,0,0,12,1,1,1,7,0,1,0,6,7,8,1
10,18,4,1,1,0,3,0,0,12,1,1,1,0,0,1,0,6,4,11,0
8,20,0,1,1,0,3,1,0,0,1,1,1,0,0,1,0,7,11,14,0
13,20,2,1,1,4,3,0,1,0,1,1,1,5,2,1,0,6,8,9,1
2,18,4,1,1,0,3,0,0,2,1,1,1,8,0,1,0,4,6,5,0
4,15,4,1,1,4,3,0,1,2,1,1,1,7,0,1,0,4,5,6,0
10,21,0,0,1,4,3,0,1,0,1,1,1,0,0,1,0,6,6,13,1
9,15,4,1,1,0,3,3,0,2,1,1,1,7,0,1,2,6,0,8,1
9,18,4,0,0,0,3,1,0,4,0,1,0,0,0,1,0,2,8,5,1
7,18,0,1,1,4,3,0,1,1,1,1,1,7,0,0,5,0,0,2,1
6,15,0,1,1,0,3,1,0,1,1,1,1,0,0,1,0,6,6,11,1
6,19,4,1,1,4,3,3,1,2,1,1,1,0,0,1,0,4,3,4,1
14,19,0,1,1,3,3,0,1,0,1,1,1,0,2,1,0,6,4,7,1
0,18,4,0,1,0,3,0,0,16,1,1,1,5,0,1,5,0,0,0,0
14,21,4,0,1,0,3,0,0,0,1,1,1,5,2,3,0,6,5,14,1
12,20,4,1,0,3,3,0,1,3,1,1,0,0,2,5,4,6,7,13,0
15,21,4,0,1,4,3,0,1,11,1,1,1,5,2,6,0,6,0,13,1
8,21,0,1,1,0,3,1,0,0,1,1,1,8,0,1,0,6,3,9,1
12,15,4,1,1,0,3,1,0,0,1,1,1,0,2,1,0,6,2,8,1
7,20,4,0,1,0,3,3,0,11,1,1,1,5,0,1,0,6,4,14,0
2,15,4,0,1,4,3,0,1,16,1,1,1,7,0,1,0,5,4,5,1
2,18,4,1,1,0,3,0,0,2,1,1,1,5,0,0,5,0,0,0,1
6,20,4,1,1,0,3,0,0,11,1,1,1,0,0,1,0,1,1,11,1
10,15,4,0,1,0,3,0,0,11,1,1,1,0,0,3,0,9,6,10,0
7,3,0,1,1,3,1,3,1,12,1,1,1,7,2,3,0,6,11,7,1
14,21,0,1,1,3,3,0,1,1,1,1,1,5,2,1,0,6,8,13,1
7,19,4,1,1,0,3,1,0,2,1,1,1,0,0,1,5,0,0,0,1
2,16,4,0,1,0,3,0,0,2,1,1,1,0,0,1,0,6,2,2,1
2,17,4,1,1,0,3,0,0,2,1,1,1,0,0,6,0,3,6,3,1
9,15,4,0,1,0,3,3,0,2,1,1,1,7,0,3,0,6,0,3,1
7,19,4,0,1,0,3,0,0,2,1,1,1,7,0,1,0,6,5,9,1
8,18,0,1,1,4,3,0,1,0,1,1,1,0,0,2,0,6,8,12,0
9,14,4,0,0,0,3,1,0,2,1,1,0,0,0,0,5,0,0,5,0
8,18,4,1,1,0,3,1,0,7,1,1,1,0,0,1,0,2,11,3,1
10,12,4,0,1,0,3,0,0,12,1,1,1,0,0,1,2,0,0,5,1
1,15,4,0,1,0,3,0,0,2,1,1,1,0,0,1,0,6,10,13,1
4,15,4,1,1,0,3,0,0,2,1,1,1,0,0,1,5,0,0,2,1
5,15,4,0,1,0,3,0,0,4,1,1,1,7,0,1,2,0,0,0,1
9,17,4,0,1,0,3,0,0,15,1,1,1,0,0,0,5,0,0,0,0
14,15,0,0,1,0,3,0,0,2,1,1,1,0,2,1,0,6,6,11,1
11,15,4,0,1,4,3,0,1,2,1,1,1,5,2,1,0,1,0,1,1
11,20,4,1,1,0,3,1,0,0,1,1,1,0,2,1,0,8,3,12,1
3,18,4,0,1,0,3,0,0,0,1,1,1,0,0,1,0,5,2,4,1
1,15,4,0,1,4,3,0,0,6,1,1,1,5,0,3,0,6,2,14,1
1,18,4,0,1,0,3,0,0,2,1,1,1,0,0,2,5,1,0,2,1
13,20,0,0,1,4,3,0,1,1,1,1,1,5,2,1,0,6,10,14,1
7,18,4,1,1,0,3,0,0,0,1,1,1,0,0,1,0,6,6,10,1
9,11,4,0,1,4,3,0,1,11,1,1,1,0,0,1,0,9,6,13,0
9,15,4,1,1,0,3,0,0,0,1,1,1,0,0,1,0,6,5,7,0
10,18,4,1,1,0,3,3,0,0,1,1,1,0,0,1,0,5,0,9,1
15,20,2,0,1,0,3,1,0,2,1,1,1,0,2,3,0,6,4,6,1
12,20,0,1,1,3,3,0,1,1,1,1,1,0,2,7,0,6,3,9,1
14,15,0,0,1,0,1,1,0,0,1,1,1,0,2,1,5,0,0,0,1
5,20,4,0,1,0,3,0,0,2,1,1,1,1,0,1,0,6,6,4,1
14,0,4,1,1,0,3,3,0,14,1,1,1,1,2,1,0,6,3,9,1
7,19,4,1,1,0,3,1,0,2,1,1,1,0,0,1,0,6,10,11,1
6,15,4,0,1,0,3,3,0,2,1,1,1,7,0,1,0,6,8,8,1
15,21,4,1,1,3,3,0,1,0,1,1,1,1,2,1,0,2,2,4,1
10,20,4,1,1,0,3,1,0,11,1,1,1,0,0,0,5,0,0,0,0
3,15,4,1,1,0,3,0,0,11,1,1,1,5,0,1,0,3,4,4,0
6,14,4,0,0,0,3,0,0,16,1,1,0,0,0,1,1,2,0,6,0
10,20,0,1,1,0,3,0,0,0,1,1,1,0,0,1,0,6,10,14,1
15,19,0,0,1,0,3,0,0,2,1,1,1,0,2,1,0,8,11,6,1
6,15,4,0,1,4,3,0,1,11,1,1,1,0,0,1,0,6,0,6,0
6,19,4,1,1,0,3,1,0,0,1,1,1,0,0,1,0,3,5,7,1
8,15,4,0,1,3,3,0,1,7,1,1,1,0,0,1,5,0,0,4,1
0,17,4,0,1,0,3,0,0,7,1,1,1,0,0,1,0,3,6,2,1
10,20,4,0,1,3,3,3,1,0,1,1,1,7,0,1,0,7,6,14,1
3,15,4,0,1,0,3,0,0,2,1,1,1,7,0,1,0,5,3,8,1
2,15,4,0,1,0,3,3,0,15,1,1,1,8,0,1,5,0,0,0,1
4,17,4,0,1,0,3,0,0,2,1,1,1,0,0,1,0,9,11,3,1
3,18,4,1,1,0,3,1,0,2,1,1,1,0,0,1,0,4,2,5,1
3,18,4,0,1,0,3,1,0,15,1,1,1,1,0,1,5,3,0,2,0
0,18,4,0,0,0,3,2,0,1,1,0,1,0,0,1,0,6,6,2,1
6,18,4,0,1,0,3,1,0,2,1,1,1,0,0,1,2,3,0,4,1
9,20,4,0,1,4,3,0,1,0,1,1,1,0,0,1,0,6,1,11,0
12,16,4,0,1,0,3,0,0,15,1,1,1,7,2,0,5,0,0,0,1
14,12,0,1,1,0,3,0,0,1,1,1,1,0,2,1,2,0,0,0,1
12,19,4,1,1,4,3,0,1,12,1,1,1,0,2,1,0,6,4,11,1
4,13,4,1,1,0,3,0,0,14,1,1,1,0,0,1,5,4,0,7,1
1,17,4,0,1,0,3,0,0,15,1,1,1,7,0,1,5,0,0,0,0
15,19,4,0,1,0,3,0,0,2,1,1,1,7,2,1,0,6,6,6,1
9,20,4,0,1,0,3,3,0,2,1,1,1,0,0,1,0,6,4,13,1
10,15,4,1,1,4,3,0,1,12,1,1,1,7,0,1,0,6,11,6,1
1,15,4,1,1,0,3,3,0,2,1,1,1,5,0,1,0,3,6,8,1
12,13,0,1,1,0,3,3,0,8,1,1,1,7,2,1,2,1,0,3,1
14,18,0,1,1,0,3,1,0,1,1,1,1,0,2,1,0,5,5,9,1
1,18,4,0,1,0,3,1,0,2,1,1,1,8,0,1,5,0,0,0,1
9,20,4,1,1,4,3,0,1,0,1,1,1,0,0,1,0,8,2,11,1
4,18,4,1,1,0,3,0,0,0,1,1,1,7,0,1,2,6,0,3,1
10,18,4,0,1,0,3,1,0,2,1,1,1,8,0,4,0,6,6,11,1
3,18,4,1,1,0,3,1,0,0,1,1,1,0,0,1,0,5,6,3,1
6,14,4,1,0,0,3,0,0,2,1,1,0,7,0,0,5,0,0,5,1
8,16,4,0,1,4,3,3,1,11,1,1,1,5,0,1,0,6,6,10,1
10,15,0,0,1,0,3,0,0,8,1,1,1,7,0,1,0,6,1,8,1
13,0,0,0,1,0,3,0,0,1,1,1,1,7,2,6,0,6,4,9,1
5,20,4,0,1,0,3,0,0,12,1,1,1,5,0,1,5,6,0,2,0
5,20,4,1,1,0,3,1,0,12,1,1,1,0,0,1,0,2,4,5,1
2,18,4,1,1,0,3,3,0,16,1,1,1,0,0,0,5,0,0,0,1
12,14,4,0,0,0,3,0,0,3,0,1,0,0,0,2,0,2,8,5,1
12,11,4,1,0,0,3,0,0,2,0,1,1,7,2,1,0,6,5,10,1
8,18,4,0,1,0,3,0,0,0,1,1,1,7,0,1,0,6,2,8,0
7,20,4,0,1,0,3,1,0,0,1,1,1,0,0,2,0,9,3,12,1
6,18,4,0,1,0,3,0,0,2,1,1,1,7,0,3,0,4,5,6,1
9,18,1,1,1,0,3,1,0,14,1,1,1,1,0,4,0,9,2,9,0
15,18,2,1,1,0,3,1,0,0,1,1,1,0,2,1,0,9,10,11,1
8,15,4,0,1,0,3,1,0,2,1,1,1,0,0,1,0,6,4,8,1
2,15,4,0,1,0,3,0,0,2,1,1,1,1,0,1,0,3,2,5,1
13,19,4,1,1,0,3,1,0,0,1,1,1,0,2,1,0,8,3,10,1
1,15,4,0,1,0,3,0,0,2,1,1,1,0,0,1,0,6,6,6,1
9,13,4,0,1,4,3,0,1,15,1,1,1,7,0,1,5,0,0,0,1
7,13,4,0,1,0,3,3,0,5,1,1,1,0,0,1,2,8,0,6,1
10,21,0,1,1,4,3,0,1,0,1,1,1,5,0,1,0,6,2,10,1
11,17,4,1,1,0,3,0,0,0,1,1,1,0,2,1,0,6,2,12,1
12,21,4,1,1,3,3,3,1,0,1,1,1,0,2,1,0,7,11,13,0
14,15,0,1,1,4,3,0,1,8,1,1,1,0,2,0,5,0,0,0,1
5,18,4,0,0,0,3,0,0,2,1,1,1,2,0,1,5,0,0,3,1
8,19,4,0,1,3,3,1,1,2,1,1,1,0,0,1,0,6,8,12,1
8,21,4,0,1,3,3,0,1,5,1,1,1,5,0,1,0,6,11,13,1
14,18,4,1,1,0,3,1,0,0,1,1,1,0,2,1,5,0,0,8,1
1,19,4,0,1,0,3,3,0,2,1,1,1,5,0,1,0,1,10,1,1
1,18,4,1,1,0,3,1,0,16,1,1,1,0,0,1,0,6,6,8,1
9,18,4,1,1,4,3,0,1,0,1,1,1,7,0,1,5,0,0,0,1
3,15,4,0,1,0,3,3,0,2,1,1,1,0,0,1,5,0,0,4,1
12,16,0,0,1,0,3,0,0,0,1,1,1,0,2,1,0,6,10,13,1
0,17,4,1,1,0,3,0,0,2,1,1,1,7,0,0,5,0,0,0,0
0,18,4,1,1,0,3,1,0,0,1,1,1,0,0,1,0,3,3,2,0
14,20,0,1,1,3,3,0,1,1,1,1,1,5,2,1,5,0,0,0,1
14,14,0,0,1,0,3,1,0,2,1,1,1,0,2,1,0,6,5,5,1
5,15,4,0,1,0,3,0,0,2,1,1,1,7,0,1,5,0,0,0,0
4,17,0,0,1,4,3,0,0,8,1,1,1,0,0,1,0,6,5,11,0
8,19,4,0,1,0,3,0,0,12,1,1,1,0,0,1,1,7,0,10,1
11,19,0,1,1,0,3,0,0,1,1,1,1,5,2,1,0,6,6,10,1
1,17,4,0,0,0,3,3,0,2,1,1,0,0,0,0,5,0,0,0,1
5,19,4,1,1,0,3,1,0,2,1,1,1,0,0,0,5,0,0,0,1
0,17,4,0,1,0,2,0,0,2,1,1,1,0,0,1,0,4,5,6,1
1,18,4,0,1,0,3,0,0,2,1,1,1,7,0,1,0,5,8,5,1
1,14,4,0,1,4,3,0,1,2,1,1,1,0,0,0,5,0,0,0,0
9,15,0,0,1,0,3,2,0,2,1,1,1,6,0,1,0,6,10,11,1
9,18,0,0,1,3,3,0,1,0,1,1,1,5,0,0,5,0,0,0,1
10,17,4,0,1,0,3,1,0,5,1,1,1,0,0,1,0,6,3,11,1
0,15,4,0,1,0,3,3,0,9,1,1,1,0,0,0,5,0,0,0,1
13,21,0,1,1,0,3,0,0,0,1,1,1,5,2,1,0,9,5,14,1
7,18,4,0,1,3,3,0,1,2,1,1,1,5,0,0,5,0,0,0,1
11,22,0,1,0,0,3,3,0,1,1,0,1,0,2,7,0,8,0,14,1
0,15,4,0,1,3,3,1,1,2,1,1,1,0,0,0,5,0,0,4,1
2,15,4,1,1,2,3,0,0,3,1,1,1,0,0,6,5,2,0,3,1
6,19,4,0,1,0,3,0,0,2,1,1,1,7,0,1,0,4,8,4,0
3,17,4,1,1,0,3,1,0,0,1,1,1,0,2,1,5,0,0,6,0
2,17,2,0,1,0,3,1,0,1,1,1,1,0,0,0,5,0,0,0,0
6,21,4,0,1,0,3,0,0,0,1,1,1,5,0,1,0,2,2,14,0
12,20,0,1,1,0,3,3,0,0,1,1,1,0,2,1,0,9,2,13,1
6,17,4,0,1,0,2,0,0,2,1,1,1,0,0,1,0,4,4,7,1
4,19,4,0,1,0,3,0,0,2,1,1,1,0,0,1,0,6,11,6,1
1,17,4,0,1,0,3,0,0,2,1,1,1,0,0,1,0,5,2,12,1
7,15,4,0,1,0,3,1,0,2,1,1,1,0,0,6,0,4,11,3,1
4,18,0,1,1,0,3,1,0,0,1,1,1,0,0,1,2,0,0,0,0
12,0,4,1,1,0,3,0,0,16,1,1,1,5,0,6,1,6,0,11,0
10,18,4,1,1,0,3,0,0,14,1,1,1,0,0,3,0,2,6,5,1
4,20,4,1,1,0,3,0,0,2,1,1,1,7,0,0,5,0,0,0,1
13,15,4,0,1,0,3,0,0,7,1,1,1,0,2,1,2,0,0,5,1
7,14,0,1,1,0,3,3,0,11,1,1,1,0,0,1,2,6,0,5,0
5,15,4,0,1,0,3,3,0,2,1,1,1,0,0,1,0,3,4,4,1
5,14,4,1,1,0,3,3,0,12,1,1,1,0,0,1,2,2,0,4,1
14,20,0,1,1,3,3,0,1,2,1,1,1,5,2,1,0,6,5,9,1
11,16,4,0,1,0,3,0,0,12,1,1,1,7,2,1,0,6,1,13,1
9,15,0,0,1,0,3,0,0,1,1,1,1,0,0,1,0,6,6,14,1
12,19,4,0,1,0,3,3,0,12,1,1,1,1,2,1,0,2,8,4,1
3,20,4,1,1,0,3,0,0,2,1,1,1,0,0,6,0,1,9,2,1
7,20,4,0,1,0,3,1,0,2,1,1,1,0,0,1,0,6,5,14,1
3,20,4,0,1,3,3,3,1,11,1,1,1,0,0,1,0,5,6,6,0
4,20,4,1,1,0,3,0,0,2,1,1,1,7,0,3,0,2,10,3,1
2,13,4,1,1,4,3,0,1,4,1,1,1,7,0,1,2,0,0,0,1
13,22,4,1,1,3,3,0,1,0,1,1,1,0,2,1,0,6,9,11,0
3,15,4,0,0,0,3,0,0,7,1,0,1,0,0,9,2,0,0,0,1
12,20,0,1,1,0,1,3,0,1,1,1,1,0,2,5,0,8,10,10,1
2,15,4,0,1,0,3,0,0,2,1,1,1,1,0,1,0,6,6,6,1
6,15,4,1,1,0,3,0,0,2,1,1,1,0,0,9,2,0,0,13,1
1,18,4,1,1,0,3,0,0,11,1,1,1,0,0,4,5,1,0,2,0
7,17,0,0,1,0,1,0,0,1,1,1,1,0,2,1,0,6,11,7,0
2,15,4,1,0,4,3,0,1,2,1,1,1,7,0,0,5,0,0,0,1
11,18,4,0,1,0,3,0,0,2,1,1,1,5,2,1,0,2,2,4,1
0,17,4,1,1,0,3,0,0,0,1,1,1,0,0,2,0,3,8,8,1
10,15,0,1,1,3,3,0,1,1,1,1,1,0,0,7,1,2,0,4,1
9,19,4,0,1,4,3,3,1,0,1,1,1,5,0,1,5,6,0,11,0
4,20,4,0,1,2,3,3,0,3,1,1,1,0,0,1,0,4,4,6,1
15,19,0,1,1,0,3,1,0,1,1,1,1,8,2,6,5,0,0,0,1
1,18,4,0,1,3,3,0,1,2,1,1,1,5,0,0,5,0,0,0,1
5,20,4,0,1,0,3,1,0,10,1,1,1,5,0,1,0,6,11,3,1
11,18,4,0,1,0,3,0,0,2,1,1,1,0,2,1,0,6,4,12,1
4,18,4,0,1,0,1,0,0,16,1,1,1,5,0,1,5,0,0,3,0
4,15,4,0,1,4,3,0,1,2,1,1,1,7,0,1,0,6,5,6,1
2,15,4,0,1,4,3,0,0,11,1,1,1,7,0,1,0,6,2,11,1
10,23,4,0,1,0,3,0,0,5,1,1,1,7,0,1,0,8,6,10,1
9,10,1,1,1,2,0,0,1,0,1,1,1,3,0,5,3,3,9,2,0
15,20,0,0,1,0,3,2,0,0,1,1,1,6,2,3,0,6,10,14,1
0,18,4,0,1,0,3,0,0,2,1,1,1,0,0,1,0,3,2,5,1
12,15,0,1,1,4,3,3,1,0,1,1,1,5,2,1,5,0,0,0,0
10,15,0,1,1,0,3,3,0,0,1,1,1,0,0,1,0,4,3,2,1
5,18,4,1,1,0,3,0,1,9,1,1,1,1,0,5,3,3,0,1,0
7,20,4,0,1,0,3,3,0,0,1,1,1,0,0,1,0,5,7,8,0
14,18,0,1,1,0,3,1,0,0,1,1,1,0,2,1,0,6,1,13,1
14,21,0,1,1,0,3,1,0,1,1,1,1,0,2,2,0,7,6,12,1
11,20,4,1,1,0,3,0,0,0,1,1,1,0,2,1,0,3,4,5,1
1,18,4,0,0,0,3,1,0,2,1,1,0,0,0,0,5,0,0,4,1
13,20,0,1,1,0,3,1,0,0,1,1,1,0,2,2,0,6,2,13,1
8,18,4,0,1,0,1,0,0,11,1,1,1,0,0,1,0,6,7,10,0
15,21,4,0,1,0,3,0,0,2,1,1,1,0,2,2,0,6,0,9,1
6,18,4,1,1,0,3,0,0,2,1,1,1,5,0,1,0,2,6,4,1
11,20,4,1,1,0,3,1,0,11,1,1,1,0,2,1,2,4,0,5,0
0,15,4,0,1,0,3,0,0,2,1,1,1,1,0,1,0,4,2,3,1
6,21,4,1,1,0,3,1,0,2,1,1,1,0,0,8,5,2,0,4,1
3,14,4,0,0,0,3,0,0,16,1,1,0,0,0,0,5,0,0,5,1
11,19,4,0,1,0,3,0,0,2,1,1,1,5,2,1,0,6,6,12,0
7,17,0,1,1,0,3,3,0,0,1,1,1,7,0,1,0,6,8,6,1
13,18,0,1,1,0,3,0,0,9,1,1,1,0,2,3,5,3,0,1,1
7,15,4,0,1,4,3,0,1,2,1,1,1,5,0,0,5,0,0,0,1
13,21,0,1,1,0,3,0,0,0,1,1,1,0,2,1,0,6,2,14,1
12,17,4,0,1,4,3,3,1,2,1,1,1,5,2,6,0,4,3,5,1
12,15,4,0,1,0,3,0,0,0,1,1,1,0,2,1,0,6,8,10,1
11,20,0,1,1,0,3,1,0,0,1,1,1,0,2,3,0,6,4,13,0
6,20,0,1,1,0,3,1,0,1,1,1,1,5,0,0,5,0,0,0,1
7,20,4,0,1,0,3,3,0,11,1,1,1,0,0,3,0,5,7,13,1
12,21,0,1,1,3,3,0,1,0,1,1,1,5,2,2,0,6,4,13,1
1,18,4,0,1,0,3,0,0,11,1,1,1,0,0,1,2,1,0,6,1
8,21,4,1,1,0,3,0,0,2,1,1,1,0,0,3,0,8,1,13,1
9,20,0,1,1,0,3,1,0,9,1,1,1,0,0,1,0,9,5,9,0
3,21,4,1,1,0,3,1,0,14,1,1,1,0,0,1,0,6,1,9,1
3,18,4,0,1,0,3,0,0,2,1,1,1,1,0,0,5,0,0,0,0
0,18,4,1,1,4,3,0,1,2,1,1,1,7,0,1,0,1,4,2,1
15,20,4,1,1,0,3,0,0,11,1,1,1,0,2,1,0,2,8,4,0
0,17,4,0,0,0,3,1,0,2,1,1,0,8,0,0,5,0,0,2,1
9,18,4,0,1,0,3,0,0,14,1,1,1,0,0,1,0,6,6,9,1
8,21,4,0,1,0,3,0,0,0,1,1,1,7,0,1,0,7,5,8,1
14,18,4,0,1,0,3,0,0,2,1,1,1,5,2,1,0,6,8,8,1
9,15,4,0,1,0,3,3,0,2,1,1,1,0,0,1,0,6,3,8,1
14,15,4,0,1,0,3,0,0,9,1,1,1,0,2,1,0,6,6,10,1
8,15,3,0,1,0,3,0,0,0,1,1,1,0,0,1,0,7,4,9,0
6,18,4,1,1,0,3,0,0,0,1,1,1,7,0,0,5,0,0,7,1
2,19,4,1,1,0,3,3,0,11,1,1,1,5,0,1,0,6,4,11,0
15,21,4,1,1,0,3,1,0,0,1,1,1,0,2,1,0,6,3,12,0
6,20,4,0,1,0,3,3,0,11,1,1,1,0,0,1,0,8,8,13,1
15,18,0,0,1,0,3,3,0,2,1,1,1,0,2,1,0,6,8,6,1
12,15,0,1,1,1,3,3,0,13,1,1,1,8,0,2,0,5,2,8,0
7,15,4,1,1,0,3,3,0,0,1,1,1,0,0,0,5,0,0,0,1
12,21,0,1,1,4,3,0,1,0,1,1,1,5,2,1,0,8,8,13,0
15,15,0,1,1,4,3,0,1,1,1,1,1,8,2,1,5,0,0,0,1
5,20,4,0,1,0,3,1,0,2,1,1,1,0,0,3,0,1,3,4,1
11,17,4,0,1,0,3,0,0,0,1,1,1,0,2,1,2,6,0,8,1
12,22,0,0,1,4,3,0,1,1,1,1,1,5,2,1,0,9,3,14,0
11,21,4,1,1,4,3,0,1,0,1,1,1,0,2,1,0,6,11,13,1
0,18,4,0,1,0,3,0,0,2,1,1,1,0,0,0,5,0,0,0,1
2,20,4,1,1,0,3,0,0,11,1,1,1,5,0,1,0,8,4,14,1
12,15,4,1,1,0,3,0,0,2,1,1,1,0,2,1,5,0,0,2,1
9,20,4,1,1,0,3,0,0,5,1,1,1,7,0,1,0,6,4,13,1
0,17,4,0,1,0,3,0,0,2,1,1,1,7,0,1,0,3,2,2,1
3,19,4,1,1,0,3,1,0,12,1,1,1,7,0,1,5,6,0,7,1
10,15,4,1,1,4,3,0,1,2,1,1,1,7,0,1,0,5,6,6,1
13,20,0,0,1,3,3,0,1,1,1,1,1,5,2,1,0,6,4,14,1
15,21,4,1,1,4,3,0,1,0,1,1,1,7,2,4,0,6,3,12,0
1,18,4,1,1,0,3,1,0,16,1,1,1,0,0,3,0,2,2,2,1
7,15,0,0,1,0,3,0,0,0,1,1,1,0,0,1,0,4,10,1,1
5,15,4,0,1,0,3,0,0,2,1,1,1,0,0,1,0,6,11,5,1
3,20,4,1,1,0,3,1,0,2,1,1,1,0,0,1,0,8,3,10,1
10,20,0,1,1,0,3,1,0,0,1,1,1,7,0,1,0,6,1,11,1
15,18,0,1,1,0,3,0,0,9,1,1,1,5,2,3,0,6,5,9,1
9,16,4,0,1,4,3,0,1,11,1,1,1,5,0,1,0,6,0,4,1
10,8,0,1,1,4,3,0,1,2,1,1,1,0,0,6,1,1,0,1,1
10,18,4,1,1,0,3,1,0,0,1,1,1,0,0,5,3,6,0,6,1
11,17,4,0,0,0,3,3,0,16,1,1,0,0,2,0,5,0,0,0,1
12,17,0,1,1,0,3,3,0,13,1,1,1,0,2,2,0,2,2,11,0
14,19,4,1,1,0,3,1,0,2,1,1,1,0,2,1,0,6,11,10,1
13,15,4,1,0,0,3,3,0,11,1,1,0,0,2,1,5,2,0,4,1
10,0,4,1,1,4,3,3,1,10,1,1,1,5,0,0,5,0,0,0,1
11,15,4,0,1,3,3,0,1,2,1,1,1,5,2,1,0,6,2,11,1
1,14,4,0,1,0,3,0,0,16,1,1,1,0,0,1,0,5,1,6,1
15,15,4,1,1,0,3,0,0,2,1,1,1,1,2,1,2,0,0,4,1
2,15,4,1,1,0,3,1,0,2,1,1,1,0,0,1,2,6,0,5,1
14,20,4,0,1,3,0,0,1,12,1,1,1,5,2,5,3,6,9,9,1
8,21,4,1,1,3,3,0,1,0,1,1,1,5,0,2,0,6,6,10,0
5,15,4,0,1,0,3,0,0,15,1,1,1,7,0,1,5,6,0,2,1
14,19,4,0,1,3,3,0,1,0,1,1,1,7,2,1,0,4,6,4,1
5,20,4,1,1,0,3,0,0,4,1,1,1,0,0,5,0,6,8,11,1
5,20,4,1,1,0,3,1,0,2,1,1,1,0,0,3,0,1,1,2,1
9,20,0,0,1,0,3,1,0,0,1,1,1,0,0,1,0,7,11,14,0
8,18,4,1,1,3,3,0,1,5,1,1,1,7,0,1,0,2,6,4,1
9,18,4,0,1,0,3,0,0,2,1,1,1,8,0,8,5,6,0,5,1
1,18,4,0,1,0,3,1,0,0,1,1,1,8,0,1,0,2,6,2,0
1,15,4,0,1,0,3,1,0,2,1,1,1,0,0,1,0,4,1,6,1
15,18,4,0,0,0,3,0,0,0,1,1,0,5,2,1,0,5,1,4,0
5,20,4,0,1,0,3,1,0,2,1,1,1,8,0,2,0,1,3,2,0
8,19,3,1,1,0,3,3,0,7,1,1,1,0,0,1,0,6,8,6,0
14,20,0,0,1,3,3,3,1,11,1,1,1,5,2,1,0,6,6,14,1
2,18,4,0,1,0,3,0,0,2,1,1,1,0,0,1,0,6,10,8,1
0,15,4,0,1,4,3,0,1,14,1,1,1,5,0,1,0,2,3,2,1
8,15,4,1,1,0,3,1,0,7,1,1,1,8,0,1,5,0,0,0,1
14,21,4,1,1,0,3,0,0,0,1,1,1,5,2,1,0,9,6,14,1
6,9,4,0,0,0,3,1,0,12,1,1,0,7,0,0,5,0,0,0,0
1,18,4,0,1,0,3,0,0,16,1,1,1,5,0,1,5,1,0,1,0
11,18,0,0,1,0,3,0,0,0,1,1,1,5,2,1,0,6,2,6,1
3,22,4,0,1,0,3,1,0,0,1,1,1,5,0,1,0,6,9,11,0
12,15,4,1,1,0,3,3,0,11,1,1,1,8,2,1,0,6,4,3,1
15,21,0,1,1,0,3,1,0,0,1,1,1,0,2,4,0,6,5,12,0
9,20,4,0,1,3,3,0,1,0,1,1,1,5,0,3,0,6,10,13,1
8,21,4,0,1,4,3,0,1,0,1,1,1,5,0,1,0,4,2,5,0
4,20,4,1,1,0,3,0,0,0,1,1,1,0,0,1,0,4,10,9,1
3,18,4,1,1,0,3,0,0,2,1,1,1,5,0,1,5,0,0,0,0
8,20,0,0,1,4,3,0,1,1,1,1,1,0,0,1,0,6,6,13,1
15,21,0,1,1,4,3,0,1,1,1,1,1,7,2,1,0,6,1,8,1
12,20,4,1,1,0,3,3,0,11,1,1,1,7,2,1,0,8,2,13,0
6,17,4,0,1,0,3,0,0,0,1,1,1,0,0,8,5,6,0,11,1
2,18,4,1,1,0,3,1,0,4,1,1,1,0,0,0,5,0,0,0,1
8,20,0,0,0,4,3,0,1,0,1,1,1,5,0,1,0,7,4,5,0
12,20,0,0,1,0,3,1,0,0,1,1,1,0,2,1,0,8,5,11,1
11,15,0,0,0,0,3,3,0,0,1,1,1,0,2,0,5,0,0,0,1
13,18,4,0,1,0,3,0,0,2,1,1,1,0,2,6,0,6,8,7,1
4,16,4,0,1,0,3,0,0,2,1,1,1,5,0,1,0,1,0,4,0
10,17,0,1,1,0,3,0,0,1,1,1,1,0,0,1,0,6,6,9,1
11,15,4,0,1,0,3,0,0,0,1,1,1,8,0,4,2,4,0,4,0
13,15,4,0,1,4,3,0,1,15,1,1,1,5,0,4,0,5,5,2,0
15,15,4,0,1,4,3,0,1,16,1,1,1,7,2,1,5,0,0,2,1
8,0,4,1,1,0,3,3,0,2,1,1,1,0,0,1,1,6,0,8,1
14,8,3,0,1,0,1,0,0,0,1,0,1,0,2,6,0,6,4,11,0
1,19,2,1,1,0,3,1,0,7,1,1,1,0,0,1,5,1,0,2,1
14,14,0,0,1,0,3,0,0,0,1,1,1,0,2,1,0,8,8,12,1
8,15,4,0,1,0,3,1,0,16,1,1,1,0,0,1,1,9,0,6,1
2,17,4,1,1,0,3,3,0,0,1,1,1,0,0,2,0,6,6,12,1
15,22,4,0,1,0,3,1,0,0,1,1,1,8,2,1,0,9,6,14,1
10,17,4,0,1,0,3,3,0,0,1,1,1,0,0,4,0,6,1,10,0
0,18,4,1,1,0,3,0,0,16,1,1,1,0,0,2,5,1,0,1,0
5,18,4,0,0,0,3,0,0,2,1,1,0,0,0,0,5,0,0,4,1
13,12,0,0,1,4,3,0,1,1,1,1,1,0,2,1,1,0,0,9,1
2,18,4,1,1,0,3,0,0,2,1,1,1,8,0,1,5,4,0,3,1
5,18,4,0,1,0,3,0,0,2,1,1,1,7,0,1,0,5,2,6,1
8,18,4,0,1,0,3,0,0,7,1,1,1,0,0,1,0,8,8,6,1
14,15,0,0,1,3,3,0,1,1,1,1,1,0,2,1,0,6,2,8,1
3,15,4,0,1,3,3,0,1,15,1,1,1,0,0,0,5,0,0,0,0
14,19,4,1,1,0,3,0,0,2,1,1,1,7,2,1,0,2,3,5,1
6,20,4,1,1,0,3,1,0,11,1,1,1,0,0,1,5,4,0,1,1
3,15,4,0,0,0,3,3,0,2,1,0,1,0,0,9,2,0,0,0,1
8,18,4,0,1,0,3,0,0,2,1,1,1,1,0,1,0,6,2,11,1
15,15,0,0,1,4,3,0,1,0,1,1,1,5,2,1,0,6,10,12,0
5,20,4,1,1,0,3,3,0,0,1,1,1,0,0,2,0,1,11,3,0
4,18,4,1,1,0,3,1,0,7,1,1,1,7,0,1,0,6,6,7,0
8,21,4,0,1,0,3,0,0,0,1,1,1,0,0,1,0,8,3,13,1
10,20,0,0,1,0,3,0,0,1,1,1,1,0,0,1,0,6,3,12,1
10,20,0,0,1,0,3,1,0,0,1,1,1,0,0,2,0,7,11,14,1
13,18,4,1,1,0,3,1,0,12,1,1,1,0,2,1,5,0,0,0,1
2,19,4,1,1,0,3,1,0,2,1,1,1,0,0,0,5,0,0,0,1
11,19,4,0,1,0,3,1,0,0,1,1,1,0,2,4,0,8,10,14,1
0,15,4,0,1,0,3,3,0,5,1,1,1,0,0,1,2,6,0,6,0
11,14,0,1,1,4,3,0,1,0,1,1,1,0,2,0,5,0,0,0,1
14,14,0,0,1,4,3,0,1,0,1,1,1,5,2,1,0,6,10,12,0
11,10,4,0,1,4,3,0,1,12,1,1,1,7,2,6,0,6,8,8,0
10,15,0,0,1,0,3,0,0,2,1,1,1,7,0,1,0,6,11,3,1
1,14,4,0,1,4,3,0,1,16,1,1,1,5,0,1,5,6,0,5,0
4,17,2,1,1,0,1,1,0,2,1,1,1,0,2,1,0,9,7,7,1
7,18,0,0,1,0,3,1,0,0,1,1,1,0,0,1,0,4,2,5,1
6,21,4,0,1,4,3,3,1,14,1,1,1,5,0,4,0,6,6,12,0
7,18,4,0,1,0,3,0,0,2,1,1,1,0,0,1,0,6,6,8,1
3,18,4,0,1,0,3,0,0,2,1,1,1,0,0,1,0,5,2,10,1
1,18,4,1,1,0,3,1,0,11,1,1,1,8,0,1,5,4,0,3,0
5,20,4,1,1,0,3,3,0,12,1,1,1,0,0,1,5,0,0,0,0
0,19,4,1,1,0,3,3,0,2,1,1,1,0,0,1,0,4,5,6,1
11,16,0,0,1,4,3,0,1,0,1,1,1,0,2,1,0,6,8,5,0
10,17,4,1,1,0,3,0,0,2,1,1,1,0,0,1,5,0,0,4,1
13,19,0,0,1,0,0,0,0,0,1,1,1,1,2,5,0,8,6,9,0
3,18,4,1,1,0,3,3,0,11,1,1,1,0,0,0,5,0,0,0,1
9,18,4,0,1,0,3,3,0,2,1,1,1,0,0,3,0,6,8,11,1
1,17,4,1,1,0,3,0,0,2,1,1,1,0,0,1,0,2,2,5,1
5,15,4,0,1,0,3,0,0,0,1,1,1,5,0,1,0,9,10,8,0
12,13,0,1,1,0,3,0,0,8,1,1,1,0,2,6,5,1,0,3,1
7,15,0,0,1,0,3,3,0,0,1,1,1,0,0,1,0,6,8,10,0
12,20,0,0,1,4,3,0,1,0,1,1,1,5,2,1,0,9,4,12,1
6,20,4,0,1,0,3,0,0,0,1,1,1,0,0,1,0,7,11,14,0
9,15,0,0,1,4,3,0,1,9,1,1,1,0,0,1,0,6,5,10,0
0,15,4,0,1,0,3,0,0,8,1,1,1,0,0,1,0,2,8,5,0
13,15,4,1,1,0,3,0,0,2,1,1,1,0,2,1,0,4,4,6,1
4,20,4,1,1,3,3,0,1,11,1,1,1,7,0,1,0,6,3,4,1
6,15,4,1,1,0,3,0,0,2,1,1,1,0,0,1,0,4,3,6,1
4,15,4,0,1,3,3,0,1,2,1,1,1,7,0,1,0,6,11,6,1
15,18,0,0,1,0,3,1,0,2,1,1,1,0,2,1,0,6,10,5,1
6,18,0,1,1,0,3,1,0,1,1,1,1,0,0,5,0,6,4,10,0
4,15,0,1,1,4,3,0,1,2,1,1,1,7,0,1,0,6,11,5,1
3,18,4,0,1,0,3,3,0,16,1,1,1,0,0,2,0,9,1,2,0
12,20,4,0,1,3,3,0,1,2,1,1,1,5,2,1,0,6,7,8,1
9,20,0,0,1,0,3,3,0,1,1,1,1,0,0,7,0,6,8,13,0
13,20,4,1,1,0,3,0,0,9,1,1,1,0,2,1,0,5,0,8,1
13,0,0,1,1,3,3,0,1,9,1,1,1,0,2,1,1,6,0,1,1
2,18,4,0,1,0,3,0,0,15,1,1,1,1,0,0,5,0,0,0,0
8,19,4,0,1,3,3,0,1,2,1,1,1,5,0,2,0,3,6,10,1
15,22,4,0,1,4,3,0,1,11,1,1,1,0,2,1,0,9,6,14,0
6,18,0,1,0,0,3,3,0,0,1,1,1,5,0,0,5,0,0,10,1
6,11,4,0,1,0,3,0,0,4,1,1,1,7,0,1,0,5,8,6,1
14,20,4,0,1,0,3,0,0,0,1,1,1,0,2,1,0,6,4,14,0
2,13,4,1,1,0,3,1,0,15,1,1,1,0,0,1,5,6,0,9,0
1,18,4,1,1,0,3,0,0,16,1,1,1,0,0,0,5,0,0,3,1
3,19,4,0,0,0,3,3,0,2,1,1,0,0,0,0,5,0,0,4,1
3,15,4,0,1,0,3,0,0,2,1,1,1,0,0,1,0,6,1,4,1
15,22,4,1,1,0,3,0,0,15,1,1,1,7,2,0,5,0,0,0,0
2,15,0,0,1,4,3,3,1,8,1,1,1,5,0,0,5,0,0,0,1
6,15,4,0,0,0,3,3,0,2,1,0,1,5,0,1,0,6,11,12,1
15,15,2,0,1,0,1,0,0,0,1,1,1,0,2,1,0,9,8,9,1
4,19,4,1,1,0,3,1,0,2,1,1,1,0,0,1,5,0,0,0,1
1,15,4,1,1,0,3,0,0,2,1,1,1,7,0,1,5,2,0,1,1
7,20,4,0,1,0,3,1,0,11,1,1,1,5,0,1,0,7,8,14,1
12,21,0,1,1,0,3,0,0,1,1,1,1,0,2,1,0,6,2,12,1
12,15,4,0,1,4,3,0,1,0,1,1,1,0,2,6,5,0,0,4,0
9,16,0,0,1,0,3,0,1,1,1,1,1,0,0,6,0,3,4,3,0
12,15,0,0,1,0,3,3,0,0,1,1,1,0,2,0,5,0,0,0,1
12,15,4,0,1,0,3,3,0,12,1,1,1,0,2,1,0,7,4,10,1
13,20,0,1,1,0,3,1,0,0,1,1,1,0,2,3,0,6,10,12,1
2,18,4,0,1,0,3,1,0,4,1,1,1,0,0,0,5,0,0,0,1
14,11,3,0,1,4,3,0,1,0,1,1,1,0,2,6,0,6,3,6,1
1,16,4,0,1,0,3,1,0,2,1,1,1,0,0,1,5,1,0,1,1
1,18,4,0,1,3,3,0,1,2,1,1,1,5,0,0,5,0,0,0,1
7,17,4,0,1,0,3,0,0,7,1,1,1,0,0,1,0,6,1,10,1
12,23,3,1,1,0,3,0,0,0,1,1,1,0,2,7,0,6,8,13,0
14,18,4,0,1,4,3,0,1,0,1,1,1,7,2,1,0,6,6,6,1
12,20,0,1,1,0,3,1,0,1,1,1,1,0,2,2,0,7,3,12,1
9,18,0,0,1,0,3,1,0,8,1,1,1,0,0,1,1,8,0,11,1
4,18,4,1,1,0,3,3,0,9,1,1,1,0,0,1,0,6,10,6,1
1,14,4,1,1,0,3,0,0,2,1,1,1,0,0,1,0,3,8,5,1
0,18,4,1,1,0,3,0,0,16,1,1,1,0,0,1,0,8,8,8,1
8,18,4,0,1,0,3,0,0,4,1,1,1,0,0,1,5,0,0,1,1
5,2,0,1,1,2,3,0,0,3,1,1,1,7,0,6,0,6,10,6,1
14,20,0,1,1,0,3,1,0,1,1,1,1,0,2,2,0,1,3,2,1
8,15,4,0,1,0,3,0,0,11,1,1,1,5,0,1,0,6,2,11,0
0,18,4,1,1,0,3,0,0,2,1,1,1,0,0,1,0,3,2,3,1
14,15,0,0,1,0,3,0,0,0,1,1,1,1,2,1,5,0,0,0,1
13,21,4,0,1,0,3,0,0,0,1,1,1,0,2,2,0,9,10,11,0
0,19,4,0,1,0,3,0,0,16,1,1,1,0,0,3,5,1,0,2,1
13,21,0,0,1,4,3,0,1,0,1,1,1,5,2,1,0,6,4,14,1
14,18,4,0,1,0,3,0,0,16,1,1,1,1,0,2,0,5,1,3,1
11,13,0,0,1,0,3,0,0,0,1,1,1,0,2,6,5,6,0,7,1
3,20,4,0,1,0,3,3,0,2,1,1,1,5,0,1,0,6,8,9,0
5,18,4,0,1,0,3,1,0,2,1,1,1,0,0,1,0,3,3,5,1
7,18,4,1,1,0,3,0,0,2,1,1,1,0,0,1,0,2,2,3,1
11,11,3,1,1,0,3,0,0,0,1,1,1,7,2,1,0,6,5,6,0
9,20,4,0,1,0,3,1,0,0,1,1,1,8,0,1,0,7,0,9,1
9,20,4,1,1,0,3,3,0,5,1,1,1,5,0,1,0,6,4,6,1
9,18,4,0,1,0,3,1,0,2,1,1,1,0,0,7,0,6,10,7,1
5,20,4,0,1,0,3,0,0,2,1,1,1,0,0,1,0,6,1,2,1
12,20,0,1,1,0,3,1,0,0,1,1,1,0,2,4,0,9,4,14,1
8,13,2,1,0,0,3,0,0,3,1,1,0,7,1,1,1,9,4,13,1
2,18,0,0,1,0,1,1,0,1,1,1,1,0,2,5,0,6,2,7,1
7,15,4,1,1,0,3,0,0,2,1,1,1,1,0,1,0,6,2,9,1
12,18,4,1,1,0,3,0,0,16,1,1,1,0,2,2,5,0,0,0,1
13,15,4,0,1,0,3,0,0,15,1,1,1,0,2,1,5,6,0,1,0
14,20,4,1,1,0,3,1,0,2,1,1,1,8,2,1,0,6,3,13,1
13,0,4,0,0,0,3,3,0,15,1,1,0,0,2,0,5,0,0,1,0
3,19,4,1,1,0,3,1,0,2,1,1,1,8,0,5,0,2,9,2,1
10,20,4,1,1,3,3,3,1,2,1,1,1,5,0,1,0,6,6,12,1
13,8,1,1,1,4,3,1,1,4,1,1,1,1,2,4,5,0,0,3,0
7,18,4,0,1,0,3,0,0,2,1,1,1,7,0,1,0,5,10,9,1
8,15,4,0,1,0,3,1,0,11,1,1,1,0,0,1,0,6,6,9,0
1,15,4,0,0,0,3,3,0,2,0,1,1,5,0,1,0,1,6,2,1
6,15,4,0,1,0,3,1,0,2,1,1,1,0,0,1,0,1,3,9,1
15,15,0,1,1,4,3,0,1,1,1,1,1,7,2,0,5,0,0,0,1
4,20,4,0,1,0,3,1,0,2,1,1,1,0,0,1,0,6,8,11,1
7,18,4,1,1,0,3,0,0,4,1,1,1,5,0,1,0,5,8,5,0
7,11,4,0,1,0,3,2,0,5,1,1,1,0,0,2,2,6,0,0,1
0,17,4,1,1,0,3,0,0,0,1,1,1,0,0,1,0,1,3,4,1
6,20,4,0,1,2,3,1,0,2,1,1,1,8,0,8,5,0,0,0,1
8,20,4,1,0,0,3,2,0,0,1,1,1,5,0,1,0,6,6,10,0
0,18,4,0,0,0,3,3,0,2,1,0,1,0,0,1,0,6,0,2,1
5,20,4,1,1,0,3,1,0,11,1,1,1,1,0,1,0,9,10,13,0
4,15,4,0,1,0,3,0,0,2,1,1,1,0,0,0,5,0,0,5,1
6,18,4,0,1,0,3,0,0,16,1,1,1,1,0,1,0,6,1,8,0
5,20,4,1,1,3,3,3,1,2,1,1,1,1,0,1,0,6,3,4,1
9,18,4,0,1,0,3,0,0,0,1,1,1,7,0,1,0,6,1,8,1
15,19,0,1,0,0,3,0,0,0,0,1,0,7,1,2,0,4,3,13,1
5,18,4,1,1,0,3,3,0,2,1,1,1,7,0,1,0,2,3,3,1
9,13,4,0,1,0,3,0,0,15,1,1,1,1,0,1,5,0,0,0,1
5,21,0,1,1,0,3,1,0,1,1,1,1,0,2,3,0,1,2,6,1
0,16,4,0,1,0,3,3,0,2,1,1,1,0,0,9,2,0,0,0,1
15,20,4,1,1,4,3,1,1,10,1,1,1,0,2,1,2,6,0,5,1
13,18,0,0,1,0,3,0,0,2,1,1,1,0,2,1,0,6,3,6,0
3,20,4,1,1,0,3,0,0,0,1,1,1,5,0,2,5,1,0,3,0
4,18,4,1,1,0,3,0,0,2,1,1,1,0,0,6,0,2,4,3,0
9,16,4,1,1,4,3,0,1,0,1,1,1,5,0,1,5,0,0,1,0
5,19,4,1,1,0,3,0,0,12,1,1,1,0,0,1,0,6,2,6,1
6,15,0,0,1,4,3,0,1,9,1,1,1,0,0,1,0,6,5,9,1
9,15,0,1,1,0,3,0,0,1,1,1,1,1,0,1,5,0,0,0,0
4,15,2,0,1,0,3,0,0,7,1,1,1,0,0,1,0,6,11,9,1
15,18,4,0,1,0,3,0,0,2,1,1,1,7,2,6,5,0,0,0,1
7,18,4,0,1,0,3,0,0,2,1,1,1,0,0,1,0,6,3,10,0
4,20,4,1,1,0,3,0,0,0,1,1,1,0,0,1,1,6,0,9,1
5,15,0,0,1,0,3,3,0,1,1,1,1,0,0,1,0,6,3,9,1
7,19,4,0,1,0,3,0,0,2,1,1,1,0,0,1,0,6,3,11,1
5,17,4,0,1,0,3,0,0,2,1,1,1,7,0,1,0,6,8,10,1
15,17,4,1,0,0,3,1,0,0,0,0,1,0,0,4,0,7,5,11,1
6,15,4,0,1,0,3,3,0,0,1,1,1,0,0,1,0,6,1,13,1
3,18,0,0,1,0,3,1,0,1,1,1,1,0,0,1,0,3,8,5,1
10,21,4,1,1,0,3,1,0,0,1,1,1,0,0,1,0,5,1,8,1
15,15,4,1,1,0,3,0,0,12,1,1,1,0,2,1,0,6,8,12,1
1,18,4,0,1,0,3,1,0,2,1,1,1,0,0,1,0,9,8,4,1
15,22,0,0,1,0,3,0,0,15,1,1,1,1,2,0,5,0,0,0,0
15,22,4,0,1,3,3,0,1,15,1,1,1,7,0,2,3,3,0,8,0
4,15,4,0,1,0,3,1,0,2,1,1,1,1,0,1,0,6,2,7,1
13,21,0,0,1,4,3,0,1,1,1,1,1,5,2,0,5,0,0,0,1
10,15,4,1,1,0,3,0,0,5,1,1,1,7,0,1,0,6,2,8,1
6,15,4,0,1,0,3,1,0,2,1,1,1,8,0,1,0,6,4,5,1
9,20,4,0,1,4,3,0,1,0,1,1,1,5,0,1,0,8,4,14,0
11,18,4,0,1,4,3,0,1,11,1,1,1,2,2,1,0,9,2,11,0
8,15,4,0,1,0,3,1,0,5,1,1,1,0,0,1,0,3,6,5,1
8,20,4,1,1,0,3,3,0,0,1,1,1,0,0,1,0,8,9,14,0
3,15,4,0,1,3,3,0,1,2,1,1,1,5,0,1,0,2,9,4,1
8,19,4,0,1,0,3,0,0,2,1,1,1,0,0,1,0,6,4,2,1
9,23,3,0,1,0,0,3,0,16,1,1,1,0,0,9,5,8,11,14,1
10,20,4,0,1,0,3,1,0,0,1,1,1,0,0,6,2,0,0,0,1
11,20,0,0,1,0,3,0,0,11,1,1,1,0,2,1,5,4,0,2,1
5,20,4,1,1,0,3,1,0,9,1,1,1,0,0,1,0,1,10,1,1
1,18,4,0,0,0,3,0,0,2,1,1,0,0,0,0,5,0,0,0,1
7,18,0,1,1,0,3,0,0,0,1,1,1,0,0,1,0,5,2,5,1
11,19,4,0,1,0,3,0,0,2,1,1,1,0,2,1,0,9,2,5,0
6,20,4,0,1,0,3,0,0,12,1,1,1,5,0,1,0,6,3,11,0
7,20,4,1,1,0,3,3,0,0,1,1,1,0,0,1,5,0,0,0,0
4,18,4,1,1,0,3,0,0,2,1,1,1,0,0,1,0,6,4,7,1
6,20,4,1,1,0,3,1,0,2,1,1,1,0,0,1,0,6,8,12,1
14,21,0,1,1,0,3,1,0,1,1,1,1,8,2,1,0,6,6,13,1
15,17,4,0,1,0,3,0,0,0,1,1,1,0,2,6,0,9,10,12,1
8,19,4,1,1,0,3,0,0,2,1,1,1,0,0,1,0,3,2,6,1
14,23,0,1,1,4,3,0,1,8,1,1,1,5,2,0,5,0,0,0,1
8,15,4,0,1,0,3,0,0,7,1,1,1,0,0,1,0,6,1,2,1
15,21,0,1,1,0,3,0,0,1,1,1,1,0,2,3,2,0,0,0,0
6,1,4,1,0,0,2,3,0,2,0,1,0,0,0,8,4,6,3,7,0
7,20,0,0,1,0,1,0,0,1,1,1,1,0,0,5,0,9,8,11,0
7,20,4,1,1,4,3,0,1,0,1,1,1,0,0,0,5,0,0,0,1
15,22,4,0,1,0,3,0,0,0,1,1,1,0,2,1,0,6,9,14,1
7,15,4,1,1,0,3,0,0,2,1,1,1,1,0,1,0,6,4,10,1
15,15,4,0,1,0,3,0,0,12,1,1,1,0,2,6,0,6,6,9,1
9,5,4,0,0,0,3,0,0,4,1,0,0,0,0,1,1,6,0,4,1
11,20,0,0,1,0,3,0,0,4,1,1,1,0,2,1,0,6,3,9,1
4,20,4,1,1,0,3,1,0,2,1,1,1,1,0,0,5,0,0,0,1
0,17,4,1,0,0,3,1,0,2,1,1,0,0,0,0,5,0,0,0,0
0,8,4,0,1,0,2,3,0,11,1,1,1,0,0,1,0,1,4,3,1
15,18,2,1,1,0,1,2,0,16,1,1,1,6,2,1,3,3,10,8,1
1,15,4,1,1,4,3,0,1,2,1,1,1,7,0,1,0,4,1,6,1
6,15,4,1,1,0,3,1,0,7,1,1,1,8,0,1,2,2,0,3,0
11,18,4,0,1,0,3,3,0,12,1,1,1,0,2,1,0,7,6,12,1
10,19,4,1,1,0,3,0,0,0,1,1,1,7,0,1,0,2,3,6,1
7,18,0,0,1,0,3,0,0,0,1,1,1,0,0,1,0,6,10,11,1
12,20,4,0,1,0,3,3,0,2,1,1,1,0,2,1,0,4,0,6,1
7,20,4,1,1,0,3,0,0,2,1,1,1,5,0,0,5,0,0,0,1
11,11,0,1,0,4,3,0,1,1,1,1,1,7,2,0,5,0,0,0,1
6,19,0,1,1,3,3,0,1,2,1,1,1,0,0,1,0,6,5,7,1
15,19,2,0,1,0,3,1,0,0,1,1,1,0,2,1,0,6,6,12,0
1,15,4,0,1,0,3,0,0,2,1,1,1,0,0,9,2,0,0,0,1
12,20,0,0,1,4,3,0,1,1,1,1,1,5,2,1,0,5,0,6,1
2,20,4,1,1,0,3,0,0,2,1,1,1,5,0,1,0,6,7,12,1
4,18,4,0,1,0,3,0,0,11,1,1,1,0,0,1,5,0,0,11,0
10,15,4,0,1,0,3,0,0,5,1,1,1,7,0,1,0,8,6,5,1
5,17,0,0,1,0,1,1,0,1,1,1,1,0,2,5,0,9,6,6,0
7,19,4,0,1,0,3,0,0,0,1,1,1,0,0,1,0,6,0,9,1
3,18,4,0,1,0,3,0,0,2,1,1,1,0,0,1,0,1,6,3,1
0,15,4,1,1,0,3,3,0,10,1,1,1,5,0,4,0,6,10,3,1
12,15,4,0,1,2,3,3,0,2,1,1,1,8,2,1,0,5,8,7,1
3,16,4,0,1,0,3,3,0,3,1,1,1,0,0,1,0,9,8,10,1
0,18,4,0,1,0,3,0,0,16,1,1,1,0,0,1,5,1,0,2,0
8,19,4,1,1,0,3,0,0,12,1,1,1,7,0,1,5,0,0,0,1
13,0,0,0,1,4,3,0,1,1,1,1,1,7,2,0,5,0,0,0,1
13,18,4,0,1,0,3,0,0,12,1,1,1,0,2,1,0,8,4,10,1
11,21,4,1,1,0,3,0,0,0,1,1,1,0,2,3,0,6,3,12,1
4,0,4,0,1,4,3,0,1,2,1,1,1,7,0,1,0,6,4,6,1
2,15,4,0,0,0,3,0,0,2,1,1,1,0,0,0,5,0,0,0,1
8,20,4,0,1,0,3,1,0,0,1,1,1,8,0,1,0,6,7,13,0
4,15,4,1,0,0,3,0,0,2,1,1,1,7,0,0,5,0,0,0,1
2,17,4,0,1,0,3,0,0,0,1,1,1,7,0,1,5,6,0,4,1
3,15,4,0,1,4,3,0,1,5,1,1,1,0,0,0,5,0,0,0,0
13,18,4,0,1,0,1,1,0,0,1,1,1,0,2,5,0,9,6,10,1
14,20,4,1,1,3,3,1,1,0,1,1,1,0,2,1,0,6,8,13,1
15,20,0,0,1,0,3,0,0,1,1,1,1,5,2,1,0,9,11,14,1
3,22,4,1,1,0,3,1,0,7,1,1,1,8,0,1,0,5,9,6,0
13,19,0,0,1,3,3,0,1,0,1,1,1,0,2,3,0,6,6,12,1
10,19,4,1,1,0,3,3,0,0,1,1,1,0,0,1,0,5,4,9,1
2,18,4,0,1,0,3,0,0,2,1,1,1,0,0,1,0,6,4,11,1
3,19,4,1,1,0,3,0,0,2,1,1,1,0,0,0,5,0,0,5,1
9,17,4,1,1,0,3,0,0,11,1,1,1,0,0,1,0,4,3,12,0
6,15,4,0,1,0,3,0,0,2,1,1,1,0,0,1,0,3,5,7,1
4,20,4,0,1,2,3,0,0,2,1,1,1,5,0,1,5,0,0,0,1
14,20,0,1,1,0,3,1,0,0,1,1,1,0,2,1,0,8,0,14,0
9,15,4,1,1,0,3,1,0,0,1,1,1,0,0,6,0,5,0,8,1
8,19,4,0,1,0,2,0,0,12,1,1,1,0,0,1,0,6,6,5,0
12,15,4,0,1,0,3,3,0,0,1,1,1,0,2,1,0,6,2,8,1
5,20,4,0,1,0,3,1,0,2,1,1,1,0,0,1,0,5,11,5,1
1,18,4,1,1,0,3,3,0,2,1,1,1,7,0,0,5,0,0,0,1
1,15,0,0,1,4,3,0,1,9,1,1,1,0,0,1,0,1,2,5,1
6,11,4,0,1,4,3,0,1,5,1,1,1,0,0,1,2,1,0,6,1
4,0,3,1,1,0,1,3,0,0,1,1,1,6,2,0,5,0,0,6,1
6,15,4,0,1,4,3,0,1,11,1,1,1,0,0,0,5,0,0,0,1
10,20,4,0,1,0,3,0,0,2,1,1,1,1,0,3,2,8,0,6,1
10,17,0,1,1,0,3,3,0,0,1,1,1,1,0,1,2,3,0,3,1
6,18,4,1,1,0,3,0,0,12,1,1,1,0,0,1,0,2,6,2,1
7,20,4,0,1,0,3,0,0,2,1,1,1,5,0,5,0,9,5,6,1
7,18,4,1,1,4,3,0,1,2,1,1,1,7,0,1,0,6,2,9,1
13,18,4,0,1,0,3,1,0,0,1,1,1,0,2,1,0,8,10,11,1
15,20,4,1,1,0,3,0,0,0,1,1,1,8,0,2,0,6,1,4,0
3,20,4,0,1,0,3,0,0,2,1,1,1,0,0,1,0,6,10,7,1
6,20,0,1,1,0,3,1,0,11,1,1,1,0,0,1,0,6,4,14,1
12,20,0,1,1,3,3,0,1,1,1,1,1,5,2,1,0,6,3,13,0
3,20,4,1,1,0,3,1,0,11,1,1,1,0,0,1,0,2,3,4,1
10,10,4,1,1,3,3,0,1,0,1,1,1,7,0,4,0,6,3,10,1
3,17,4,0,1,0,3,3,0,2,1,1,1,7,0,1,0,6,1,3,1
14,19,0,0,1,0,3,3,0,1,1,1,1,0,2,1,5,0,0,0,0
13,18,0,0,1,0,3,0,0,0,1,1,1,5,2,1,0,6,10,13,1
11,8,0,0,1,2,3,3,1,0,1,1,1,1,2,6,0,1,4,3,0
8,21,4,0,0,0,3,1,0,5,0,1,0,0,0,0,5,0,0,5,1
5,12,4,0,1,0,3,0,0,15,1,1,1,7,0,0,5,0,0,0,1
10,19,0,0,1,0,3,3,0,2,1,1,1,0,0,1,0,6,6,9,1
1,18,4,0,1,4,3,0,1,2,1,1,1,5,0,0,5,0,0,0,1
2,17,4,0,0,4,3,1,1,0,1,1,1,0,2,1,0,6,6,6,0
0,15,4,0,0,0,3,3,0,2,1,1,0,7,0,0,5,0,0,0,0
9,18,4,0,1,0,3,3,0,11,1,1,1,0,0,1,0,7,4,10,1
8,20,4,1,1,0,3,1,0,0,1,1,1,0,0,2,0,6,4,13,1
12,20,4,1,1,0,3,1,0,2,1,1,1,0,2,2,5,0,0,0,1
12,11,3,1,1,0,3,0,0,2,1,1,1,0,2,6,0,1,8,6,1
0,18,4,1,1,4,3,0,1,2,1,1,1,0,0,1,0,2,3,3,0
0,15,4,0,1,4,3,0,1,14,1,1,1,5,0,0,5,0,0,0,1
1,13,4,1,1,0,3,1,0,16,1,1,1,0,0,1,5,1,0,2,0
0,15,4,0,1,0,3,3,0,7,1,1,1,0,0,0,5,0,0,2,1
12,13,0,1,0,0,3,3,0,13,1,1,0,8,2,6,0,2,2,6,0
1,14,4,1,0,0,3,1,0,16,1,1,0,0,0,1,5,0,0,0,0
3,20,4,1,1,0,3,0,0,2,1,1,1,0,0,1,0,2,2,4,1
5,17,0,1,1,0,1,0,0,1,1,1,1,0,2,5,0,6,4,6,1
4,20,4,0,1,0,3,0,0,11,1,1,1,0,0,1,0,6,4,7,0
8,20,0,1,1,0,3,1,0,0,1,1,1,0,0,2,0,4,1,14,0
9,17,4,0,1,0,3,0,0,2,1,1,1,5,0,1,0,8,3,10,0
5,20,4,0,1,3,3,0,1,2,1,1,1,7,0,1,0,6,4,9,1
1,18,4,1,1,0,3,0,0,2,1,1,1,7,0,0,5,0,0,0,1
1,18,4,1,1,0,3,0,0,2,1,1,1,5,0,0,5,0,0,0,1
3,15,0,1,1,4,3,0,1,1,1,1,1,5,0,0,5,0,0,0,1
8,0,4,0,1,0,3,3,0,9,1,1,1,1,0,1,0,6,3,6,1
9,21,4,1,1,0,3,0,0,14,1,1,1,0,0,1,0,2,3,7,0
11,18,0,0,1,0,3,1,0,0,1,1,1,8,2,1,0,2,1,5,1
1,20,4,1,0,0,3,3,0,0,1,1,0,5,0,2,5,2,0,3,0
2,20,4,1,1,4,3,0,1,0,1,1,1,0,0,1,0,6,8,8,1
1,14,4,0,1,0,3,0,0,2,1,1,1,0,0,0,5,0,0,0,1
7,3,0,0,1,3,1,3,1,12,1,1,1,7,0,6,0,6,4,12,1
8,18,4,1,1,0,3,2,0,11,1,1,1,8,0,1,5,3,0,3,0
10,20,4,1,1,0,3,0,0,0,1,1,1,0,0,1,0,6,11,13,0
0,18,4,1,1,0,3,1,0,2,1,1,1,5,0,1,0,1,4,2,1
13,15,4,0,1,0,3,0,0,0,1,1,1,1,2,1,0,6,10,12,0
4,18,4,0,1,0,3,0,0,2,1,1,1,5,0,1,0,6,2,3,1
15,15,4,0,0,0,3,0,0,2,1,1,0,7,2,1,2,0,0,0,1
10,20,4,0,1,0,3,0,0,2,1,1,1,0,0,1,0,7,7,12,1
7,20,4,0,1,4,3,0,1,0,1,1,1,5,0,1,0,8,5,14,0
9,17,0,0,1,0,3,0,0,8,1,1,1,7,0,1,0,7,4,10,1
12,18,3,1,1,0,3,0,0,0,1,1,1,8,2,7,0,7,10,9,1
13,20,4,1,1,3,3,0,1,0,1,1,1,5,2,1,0,6,9,11,0
9,16,0,0,1,0,3,1,0,2,1,1,1,0,0,1,0,6,1,10,1
5,17,4,1,1,0,3,0,0,2,1,1,1,5,0,2,0,6,4,8,1
10,15,4,0,1,0,3,0,0,15,1,1,1,0,0,1,5,0,0,2,1
13,0,4,0,1,0,3,0,0,15,1,1,1,1,2,0,5,0,0,1,1
4,20,4,1,1,0,3,1,0,2,1,1,1,0,0,1,0,6,6,5,1
7,20,0,0,1,0,3,1,0,0,1,1,1,0,0,1,0,6,4,12,1
1,14,4,0,1,0,3,0,0,2,1,1,1,7,0,1,0,1,5,7,1
12,19,4,1,1,0,3,0,0,2,1,1,1,5,2,1,0,6,2,7,1
1,18,4,1,0,0,3,1,0,2,1,1,0,0,0,1,0,1,2,4,1
7,15,4,0,1,0,3,1,0,2,1,1,1,0,0,1,0,6,5,12,1
14,20,0,1,1,4,3,0,1,1,1,1,1,5,2,0,5,0,0,0,0
5,20,0,1,1,2,3,3,1,0,1,1,1,5,0,6,0,2,3,3,0
3,20,4,1,1,0,3,3,0,2,1,1,1,5,0,1,1,2,0,5,1
9,15,4,0,1,0,3,1,0,2,1,1,1,8,0,3,0,6,6,6,1
6,18,0,0,1,0,3,0,0,8,1,1,1,5,0,1,5,0,0,0,1
8,19,0,1,1,0,3,0,0,0,1,1,1,7,0,1,0,6,3,7,1
1,18,4,1,1,0,3,1,0,2,1,1,1,0,0,0,5,0,0,0,1
15,15,0,1,1,3,3,0,1,9,1,1,1,0,2,6,0,9,0,12,1
0,18,4,0,1,0,3,0,0,9,1,1,1,0,0,1,0,6,2,8,1
4,15,4,1,1,0,3,3,0,2,1,1,1,0,0,1,5,0,0,1,1
5,17,4,0,0,0,3,3,0,15,1,1,0,1,0,1,5,0,0,1,0
1,21,4,1,1,3,3,1,0,2,0,1,1,0,0,7,0,2,5,5,1
10,21,4,1,1,0,3,0,0,0,1,1,1,5,0,1,0,6,8,14,1
9,20,4,1,1,0,3,0,0,0,1,1,1,0,0,1,0,7,1,13,0
3,18,4,1,1,0,3,0,0,5,1,1,1,0,0,0,5,0,0,4,1
14,19,0,0,1,3,3,0,1,1,1,1,1,5,2,1,0,7,11,11,0
7,16,0,1,1,0,3,0,0,0,1,1,1,7,0,0,5,0,0,0,0
13,20,0,1,1,0,3,0,0,0,1,1,1,0,2,3,0,6,2,12,1
10,20,4,0,1,3,3,0,1,0,1,1,1,5,0,7,0,6,6,9,1
2,18,4,1,1,0,3,1,0,2,1,1,1,0,0,2,0,6,2,7,1
5,15,4,1,1,0,3,0,0,9,1,1,1,0,0,1,0,6,10,9,1
12,16,4,0,1,0,3,0,0,5,1,1,1,0,2,1,0,3,6,3,0
14,15,4,1,1,0,3,0,0,2,1,1,1,0,2,0,5,0,0,0,1
11,10,0,1,1,4,3,0,1,0,1,1,1,0,2,0,5,0,0,0,1
8,20,4,0,1,0,3,1,0,0,1,1,1,7,0,3,0,6,8,13,0
0,15,4,1,1,0,3,0,0,2,1,1,1,0,0,1,0,4,10,2,1
9,18,4,0,1,3,3,0,1,0,1,1,1,0,0,1,0,6,2,10,0
3,15,4,0,0,0,3,0,0,2,1,1,0,0,0,0,5,0,0,0,1
14,19,0,1,1,4,3,0,1,1,1,1,1,4,2,1,0,5,8,5,1
6,20,4,1,1,4,3,0,1,2,1,1,1,7,0,1,5,0,0,0,1
3,15,4,1,1,0,3,3,0,12,1,1,1,0,0,1,0,9,6,6,0
15,21,4,0,0,2,3,3,0,4,0,0,0,5,2,0,5,0,0,7,1
11,20,4,1,1,0,3,3,0,2,1,1,1,1,2,1,0,3,4,3,1
5,16,4,0,1,0,3,0,0,15,1,1,1,7,0,1,5,6,0,2,1
1,18,4,0,1,0,3,0,0,2,1,1,1,0,0,0,5,0,0,0,1
2,15,4,1,1,0,3,3,0,2,1,1,1,7,0,0,5,0,0,0,1
11,17,0,0,1,0,3,3,0,1,1,1,1,1,2,1,0,6,2,13,0
7,15,4,0,1,0,3,3,0,2,1,1,1,0,0,1,5,0,0,0,1
11,20,4,0,1,0,3,0,0,2,1,1,1,0,2,1,0,1,6,2,0
12,20,0,1,1,0,3,0,0,1,1,1,1,5,2,1,0,9,11,14,0
11,20,0,0,1,0,3,1,0,0,1,1,1,0,2,1,0,9,1,13,0
8,20,4,1,1,4,3,0,1,11,1,1,1,7,0,1,0,6,6,10,1
10,20,4,1,1,0,3,0,0,11,1,1,1,0,0,2,0,7,3,12,1
3,15,0,0,1,0,3,3,0,1,1,1,1,8,0,1,0,6,1,8,1
4,18,4,1,1,0,3,0,0,2,1,1,1,0,0,4,0,4,4,6,1
0,18,0,1,1,0,3,1,0,8,1,1,1,0,0,1,0,2,0,1,1
4,20,4,0,1,0,3,0,0,9,1,1,1,4,0,1,0,9,8,14,1
7,13,4,1,1,0,3,0,0,0,1,1,1,7,0,1,0,6,4,7,1
12,13,0,1,1,0,3,0,0,0,1,1,1,0,2,6,0,6,10,13,1
0,17,4,1,1,0,3,1,0,2,1,1,1,8,0,1,0,6,0,9,0
1,18,4,1,1,0,3,3,0,2,1,1,1,0,0,3,0,2,11,3,1
11,15,4,0,1,0,1,3,0,0,1,1,1,0,2,1,0,8,3,12,1
14,18,0,0,1,0,3,1,0,0,1,1,1,0,2,1,0,6,5,12,1
12,21,0,1,1,4,3,0,1,0,1,1,1,5,2,0,5,0,0,0,1
2,19,4,1,1,3,3,0,1,2,1,1,1,5,0,1,0,6,7,5,1
1,18,4,1,1,0,3,0,0,16,1,1,1,1,0,1,0,1,1,3,0
14,22,4,1,1,0,3,1,0,0,1,1,1,0,2,1,0,4,9,13,1
0,17,4,0,1,0,3,1,0,2,1,1,1,8,0,1,2,0,0,0,1
13,0,4,1,1,4,3,0,1,12,1,1,1,0,2,0,5,0,0,0,1
12,14,4,0,1,3,3,2,1,0,1,1,1,8,2,1,0,6,3,7,1
15,19,0,0,1,0,3,1,0,15,1,1,1,0,2,0,5,0,0,0,1
14,15,4,0,0,0,3,1,0,2,1,1,0,0,2,1,0,6,6,5,1
5,19,4,0,1,0,3,0,0,2,1,1,1,0,0,1,0,6,8,6,1
10,13,0,1,1,4,3,0,1,8,1,1,1,0,0,1,5,6,0,7,1
15,15,0,1,1,4,3,3,1,1,1,1,1,5,2,1,5,0,0,4,0
2,18,4,1,1,4,3,1,1,0,1,1,1,0,0,1,2,6,0,5,1
14,20,4,1,1,0,3,3,0,0,1,1,1,0,2,2,0,6,6,10,0
2,17,4,1,1,0,3,1,0,2,1,1,1,0,0,1,2,1,0,4,1
2,15,4,0,1,0,0,3,0,16,1,1,1,0,0,5,3,9,2,7,0
5,20,0,1,1,0,3,0,0,2,1,1,1,0,0,1,0,6,2,13,1
1,15,4,0,1,0,3,3,0,2,1,1,1,0,0,1,0,4,3,5,1
15,20,4,0,1,0,3,0,0,11,1,1,1,5,2,3,0,6,6,12,1
10,21,4,1,1,0,3,1,0,0,1,1,1,0,0,3,0,5,2,13,0
11,19,0,1,1,0,3,0,0,0,1,1,1,7,2,3,0,6,3,11,1
15,21,0,0,1,4,3,0,1,0,1,1,1,5,2,1,0,6,0,14,1
0,15,4,0,1,0,3,0,0,2,1,1,1,0,0,0,5,0,0,0,1
11,14,4,0,1,0,3,0,0,15,1,1,1,0,2,7,5,6,0,8,0
9,13,4,1,0,0,3,3,0,13,1,0,0,8,0,6,5,0,0,0,1
5,20,4,1,1,0,3,1,0,10,1,1,1,5,0,1,0,6,3,3,1
6,18,4,0,1,0,3,0,0,0,1,1,1,0,0,1,0,6,2,4,0
10,18,4,1,1,0,3,3,0,2,1,1,1,0,0,1,0,3,4,3,1
4,18,4,0,1,0,3,1,0,11,1,1,1,0,0,1,0,6,2,7,1
5,19,3,0,1,0,3,3,0,2,1,1,1,7,0,4,0,4,10,3,1
3,18,4,0,1,0,3,0,0,2,1,1,1,0,0,5,2,6,0,3,1
8,20,4,1,1,0,3,0,0,7,1,1,1,0,0,1,0,6,11,3,0
14,18,4,0,1,0,3,0,0,0,1,1,1,7,2,1,0,6,11,14,1
15,20,0,1,1,0,3,0,0,1,1,1,1,0,2,2,0,6,10,14,1
0,15,4,0,1,0,3,3,0,9,1,1,1,7,0,1,0,6,2,5,1
3,20,4,0,1,0,3,0,0,11,1,1,1,0,0,1,2,3,0,3,0
12,20,4,0,1,0,3,0,0,15,1,1,1,1,0,2,5,5,0,3,1
14,19,0,1,1,0,3,1,0,1,1,1,1,0,2,5,0,6,8,11,1
10,14,4,0,1,0,3,0,0,15,1,1,1,0,0,7,2,1,0,1,1
2,18,4,0,1,0,0,0,0,16,1,1,1,0,0,5,3,9,2,6,0
13,21,4,0,1,0,3,1,0,0,1,1,1,0,2,1,1,9,0,14,1
0,15,4,1,1,0,3,0,0,2,1,1,1,0,0,3,1,4,0,4,1
15,15,3,1,1,0,3,0,0,2,1,1,1,6,2,1,0,5,10,3,1
1,15,4,0,1,0,3,0,0,2,1,1,1,0,0,1,0,6,3,12,0
11,10,2,1,1,4,3,0,1,7,1,1,1,0,2,1,5,0,0,0,1
14,15,0,1,0,4,3,3,1,1,1,1,1,0,2,0,5,0,0,5,1
9,14,0,0,1,0,3,0,0,12,1,1,1,7,0,1,0,6,10,7,1
6,17,4,1,1,4,3,0,1,5,1,1,1,5,0,1,0,6,5,10,1
6,18,0,1,1,0,3,0,0,0,1,1,1,7,0,1,0,6,4,9,0
5,15,4,0,1,0,3,0,0,9,1,1,1,0,0,1,0,6,10,8,1
8,1,4,1,0,3,2,0,1,2,1,1,0,0,2,5,4,6,4,7,0
11,18,0,1,1,0,3,1,0,8,1,1,1,0,2,4,0,5,0,8,0
7,15,0,1,1,0,3,3,0,2,1,1,1,8,0,1,0,3,4,5,1
11,18,4,0,1,0,3,0,0,0,1,1,1,7,2,0,5,0,0,0,1
12,15,0,1,1,4,3,0,1,0,1,1,1,0,2,1,0,3,7,8,1
3,18,4,1,1,0,3,1,0,2,1,1,1,0,0,1,0,2,4,5,1
6,18,4,0,1,0,3,0,0,11,1,1,1,0,0,4,0,8,10,11,1
10,20,0,0,1,4,3,3,1,0,1,1,1,5,0,1,0,4,4,14,0
12,15,0,1,1,0,3,0,0,0,1,1,1,5,2,1,0,6,2,10,1
13,19,0,1,1,0,3,1,0,1,1,1,1,8,2,8,5,0,0,0,1
12,20,0,0,1,0,1,1,0,0,1,1,1,8,2,5,0,9,6,13,1
14,20,4,1,1,0,3,3,0,11,1,1,1,0,2,1,0,6,4,14,1
12,18,0,0,1,4,3,0,1,0,1,1,1,5,2,1,0,5,9,6,0
4,20,0,1,1,0,3,0,0,0,1,1,1,0,0,1,0,6,1,8,1
6,20,0,0,1,0,3,0,0,0,1,1,1,0,0,1,0,6,3,11,1
12,20,2,1,1,0,3,0,0,2,1,1,1,0,2,1,0,6,3,12,1
14,18,4,0,0,0,3,0,0,16,1,1,0,0,2,1,5,0,0,0,0
1,18,4,1,1,0,3,3,0,2,1,1,1,0,0,2,0,5,2,3,0
9,18,0,1,1,0,3,1,0,1,1,1,1,0,0,2,0,6,2,10,1
15,15,4,0,1,0,3,0,0,15,1,1,1,0,2,1,5,0,0,0,0
10,0,4,0,1,4,3,0,1,12,1,1,1,7,0,1,0,3,4,8,0
7,20,4,0,1,4,3,0,1,0,1,1,1,0,0,5,0,9,4,10,0
15,20,0,0,1,4,3,0,1,0,1,1,1,0,2,1,0,6,10,12,1
15,17,0,1,1,4,3,0,1,0,1,1,1,5,2,1,0,6,4,13,1
2,14,4,0,1,0,3,0,0,0,1,1,1,7,0,1,0,8,8,12,1
4,15,4,0,0,0,3,1,0,0,1,1,0,0,0,1,2,6,0,8,0
11,21,0,1,1,3,3,0,1,1,1,1,1,0,2,3,1,8,0,9,0
4,19,0,1,1,0,3,3,0,8,1,1,1,7,0,1,0,2,4,5,1
15,15,4,0,1,0,3,0,0,2,1,1,1,0,2,1,0,8,8,2,1
5,18,0,1,1,1,3,3,1,10,1,1,1,0,0,1,0,5,11,6,1
13,15,0,1,1,4,3,0,1,1,1,1,1,5,2,1,1,1,0,1,1
12,18,4,0,1,0,3,3,0,2,1,1,1,7,2,6,5,0,0,0,1
6,15,4,0,1,0,3,0,0,2,1,1,1,1,0,9,2,0,0,0,1
1,15,4,1,1,0,3,0,0,2,1,1,1,8,0,1,5,0,0,0,1
8,20,4,1,1,0,3,0,0,11,1,1,1,5,0,1,0,6,8,11,1
0,18,4,1,1,4,3,0,1,16,1,1,1,5,0,1,0,1,1,2,1
4,18,4,0,1,0,3,0,0,10,1,1,1,0,0,1,0,6,0,3,1
8,18,4,0,1,4,3,0,1,5,1,1,1,5,0,1,0,6,2,9,1
1,13,4,0,1,0,3,0,0,15,1,1,1,1,0,0,5,0,0,0,1
9,20,4,0,1,0,3,0,0,11,1,1,1,0,0,3,0,6,0,6,0
11,20,0,0,1,0,3,1,0,1,1,1,1,8,2,1,0,6,6,13,1
6,18,0,1,1,0,3,0,0,2,1,1,1,0,0,1,0,6,8,13,1
0,15,4,0,1,0,3,2,0,10,1,1,1,0,0,1,5,6,0,1,0
3,18,4,1,0,0,3,1,0,2,1,1,0,8,0,0,5,0,0,4,1
6,20,4,0,1,0,3,0,0,14,1,1,1,0,0,1,0,6,6,12,0
9,20,4,1,1,3,3,0,1,2,1,1,1,5,0,0,5,0,0,0,1
12,15,4,1,1,0,3,0,0,2,1,1,1,1,2,1,0,4,11,9,1
10,15,0,0,1,4,3,0,1,0,1,1,1,7,0,1,5,4,0,5,0
0,18,4,0,1,0,3,0,0,16,1,1,1,0,0,0,5,0,0,3,1
13,18,4,0,1,0,3,0,0,0,1,1,1,0,2,7,0,9,6,13,1
0,15,4,0,1,0,3,3,0,2,1,1,1,0,0,1,0,2,4,3,1
0,15,4,0,0,0,3,3,0,16,1,1,0,7,0,0,5,0,0,4,1
2,13,4,0,1,0,3,0,0,15,1,1,1,1,0,0,5,0,0,0,0
6,18,0,1,1,1,3,0,0,14,1,1,1,0,0,7,0,5,8,6,1
5,18,4,0,1,0,3,0,0,2,1,1,1,0,0,1,0,6,8,7,1
3,17,4,1,1,0,3,1,0,2,1,1,1,0,0,1,0,2,4,5,0
1,18,4,1,1,0,3,0,0,12,1,1,1,1,0,1,0,6,2,10,1
2,17,4,0,1,0,3,0,0,15,1,1,1,0,0,0,5,0,0,0,0
9,20,4,1,1,2,3,1,0,2,1,1,1,5,0,1,1,4,0,12,1
11,19,4,0,1,0,3,3,0,2,1,1,1,0,2,1,0,9,11,10,1
9,21,0,1,1,4,3,0,1,0,1,1,1,5,0,0,5,0,0,0,0
1,18,4,0,1,3,3,0,1,16,1,1,1,5,0,5,3,6,2,7,1
4,20,4,1,1,0,3,3,0,2,1,1,1,5,0,0,5,0,0,0,1
0,18,4,0,1,0,3,1,0,16,1,1,1,8,0,1,0,2,2,2,1
1,15,4,1,1,0,3,3,0,16,1,1,1,0,0,1,5,6,0,8,0
15,17,0,1,1,0,3,0,0,1,1,1,1,7,2,1,0,6,6,8,1
5,15,4,0,1,0,1,3,0,10,1,1,1,5,0,1,0,6,7,3,1
12,20,0,1,1,3,3,0,1,1,1,1,1,5,2,7,0,6,6,6,1
15,19,2,1,1,0,3,1,0,2,1,1,1,0,2,1,0,6,0,8,1
8,0,4,1,0,0,3,0,0,2,1,1,1,0,0,1,0,6,4,8,1
15,15,0,1,1,4,3,0,1,1,1,1,1,7,2,0,5,0,0,0,1
3,15,4,1,1,0,3,1,0,0,1,1,1,0,0,1,0,6,6,2,1
10,20,4,1,1,0,3,3,0,11,1,1,1,0,0,1,0,6,4,10,0
12,15,0,0,1,4,3,0,1,1,1,1,1,7,2,0,5,0,0,0,1
10,15,4,0,0,0,3,1,0,2,1,1,0,0,0,0,5,0,0,3,1
10,20,0,1,1,0,3,1,0,1,1,1,1,0,0,7,0,6,8,13,0
5,20,4,1,1,0,3,1,0,2,1,1,1,0,0,6,0,2,3,5,1
12,18,4,0,1,0,3,3,0,11,1,1,1,0,2,1,0,4,8,8,1
15,21,0,1,1,4,3,0,1,0,1,1,1,5,2,1,0,6,6,10,1
7,18,4,0,1,2,3,1,0,0,1,1,1,1,0,1,0,5,3,9,0
12,15,4,1,1,0,3,3,0,11,1,1,1,0,2,1,5,2,0,3,0
8,15,4,1,1,0,3,0,0,2,1,1,1,0,0,3,0,4,6,5,1
4,15,4,1,1,0,3,0,0,2,1,1,1,0,0,1,5,0,0,1,1
2,15,4,0,1,0,3,1,0,2,1,1,1,0,0,1,0,6,6,2,1
5,15,0,1,1,0,3,2,0,5,1,1,1,0,0,1,2,6,0,2,1
11,16,4,0,1,0,3,0,0,12,1,1,1,0,2,1,0,6,0,4,1
13,6,2,1,0,1,3,0,1,7,1,0,0,1,1,9,2,5,11,3,1
5,20,2,1,0,0,3,1,0,0,1,1,1,0,0,1,0,6,4,10,0
9,17,4,0,1,0,3,0,0,2,1,1,1,0,0,1,0,6,2,9,1
10,15,4,0,1,4,3,0,1,0,1,1,1,5,0,4,0,6,8,6,0
7,18,4,0,1,0,3,1,0,0,1,1,1,8,0,1,1,6,0,10,0
13,19,0,0,1,0,3,0,0,1,1,1,1,5,2,1,0,6,6,11,1
0,15,4,1,0,0,3,2,0,0,1,0,1,0,0,1,5,6,0,2,0
15,21,0,1,1,3,3,3,1,1,1,1,1,0,2,2,0,6,3,13,1
11,11,4,0,1,0,3,0,0,11,1,1,1,0,2,1,0,9,8,14,1
14,23,0,1,1,0,3,3,0,0,1,1,1,0,2,7,0,6,11,14,1
11,15,4,1,1,0,3,0,0,0,1,1,1,7,2,1,0,6,1,10,0
13,15,4,0,1,0,1,0,0,0,1,1,1,0,2,5,0,6,3,11,1
0,18,4,1,1,0,3,2,0,11,1,1,1,0,0,1,5,3,0,3,1
12,15,2,1,1,0,3,0,0,2,1,1,1,7,2,1,0,9,4,11,1
2,18,4,0,1,0,3,3,0,2,1,1,1,8,0,1,5,1,0,2,1
5,20,4,0,1,0,3,3,0,2,1,1,1,5,0,4,0,2,10,4,1
12,20,0,0,1,0,3,3,0,1,1,1,1,0,2,1,0,6,5,14,1
4,20,4,1,1,4,3,1,1,11,1,1,1,8,0,1,5,6,0,7,0
0,15,4,0,1,0,3,0,0,16,1,1,1,0,0,1,5,6,0,6,1
9,18,4,1,1,0,3,0,0,2,1,1,1,5,0,1,0,4,7,5,1
13,15,2,1,1,0,3,0,0,0,1,1,1,0,2,3,0,9,6,12,1
1,15,4,0,1,3,3,0,1,2,1,1,1,5,0,1,0,1,2,6,1
7,20,0,1,1,4,3,0,1,0,1,1,1,5,0,1,0,9,10,13,0
14,21,0,0,1,0,3,0,0,1,1,1,1,0,2,1,0,6,4,13,1
4,15,4,0,1,0,3,3,0,9,1,1,1,0,0,1,0,3,5,8,1
0,14,4,0,1,0,2,3,0,3,1,1,0,1,0,1,4,6,7,6,0
7,15,4,0,1,4,3,0,1,5,1,1,1,5,0,1,2,1,0,4,1
12,18,0,1,1,0,3,1,0,1,1,1,1,0,2,1,0,6,8,11,1
7,4,2,0,1,4,1,3,1,14,1,1,1,7,0,3,0,6,2,10,1
8,20,4,0,1,4,3,1,1,5,1,1,1,0,0,6,0,8,3,13,1
11,15,4,0,1,0,3,3,0,12,1,1,1,7,2,1,2,0,0,0,1
2,15,4,0,1,0,3,1,0,2,1,1,1,0,0,1,0,3,6,2,0
5,18,4,1,1,0,3,0,0,0,1,1,1,0,0,2,0,1,3,3,1
15,15,4,1,1,0,3,0,0,2,1,1,1,0,2,1,0,7,8,11,1
8,20,4,1,0,0,3,3,0,9,1,1,0,0,0,0,5,0,0,0,1
10,14,0,1,1,0,3,3,0,2,1,1,1,0,0,1,0,3,1,5,1
8,19,0,1,1,3,3,1,1,0,1,1,1,5,0,1,1,4,0,1,1
6,20,4,1,1,0,3,1,0,11,1,1,1,0,0,1,0,5,3,10,0
13,20,0,1,1,0,3,1,0,0,1,1,1,0,2,1,0,6,3,13,0
15,18,0,1,1,0,3,0,0,1,1,1,1,0,2,0,5,0,0,0,1
0,16,4,0,1,0,3,0,0,2,1,1,1,7,0,1,0,1,3,2,0
4,15,4,0,1,0,3,0,0,0,1,1,1,7,0,1,1,3,0,1,1
0,15,4,1,1,0,3,0,0,2,1,1,1,7,0,1,5,2,0,2,1
4,15,0,0,1,0,3,1,0,2,1,1,1,0,0,1,2,4,0,3,1
14,20,4,0,1,0,3,0,0,2,1,1,1,0,2,1,0,8,6,13,1
13,19,0,0,1,0,3,1,0,1,1,1,1,7,2,1,0,6,8,11,1
0,15,4,1,1,3,3,0,1,2,1,1,1,0,0,9,2,0,0,0,1
5,18,4,1,1,0,3,0,0,16,1,1,1,5,0,1,5,6,0,3,1
13,12,0,0,1,0,3,0,0,1,1,1,1,0,2,1,1,6,0,12,1
5,17,4,0,1,0,3,3,0,12,1,1,1,7,0,1,0,2,4,1,0
7,18,4,1,1,0,3,3,0,2,1,1,1,7,0,1,0,4,2,5,1
4,15,4,0,1,0,3,0,0,2,1,1,1,7,0,1,0,6,1,9,1
14,18,4,1,1,0,3,1,0,2,1,1,1,0,2,3,0,6,2,5,1
9,20,0,0,1,0,3,0,0,2,1,1,1,0,0,3,5,6,0,7,1
0,17,4,1,1,4,3,0,1,0,1,1,1,0,0,1,0,1,3,2,1
14,14,0,1,1,0,3,0,0,0,1,1,1,7,2,1,0,8,8,12,1
5,15,4,0,1,0,3,1,0,2,1,1,1,0,0,1,2,0,0,0,1
3,19,4,0,1,0,3,3,0,2,1,1,1,7,0,1,0,6,2,9,1
5,20,4,0,1,0,3,0,0,0,1,1,1,1,0,1,0,6,8,8,1
1,18,4,0,1,0,3,3,0,2,1,1,1,0,0,1,0,6,2,7,1
10,20,4,0,1,0,3,0,0,0,1,1,1,0,0,1,0,8,6,14,1
1,18,4,0,1,0,3,0,0,2,1,1,1,0,0,1,0,1,3,4,1
7,20,4,1,1,0,3,0,0,0,1,1,1,1,0,5,0,6,6,9,0
3,20,4,1,1,0,3,1,0,4,1,1,1,0,0,1,0,5,3,6,1
9,20,0,1,1,0,3,3,0,1,1,1,1,0,0,1,0,6,4,13,0
1,15,4,0,1,0,3,3,0,16,1,1,1,0,0,1,0,4,6,4,1
0,17,4,0,1,0,3,1,0,16,1,1,1,8,0,1,5,1,0,1,0
11,21,0,0,1,0,3,1,0,1,1,1,1,0,2,1,2,8,0,14,1
2,15,4,1,1,0,3,0,0,2,1,1,1,0,0,1,0,2,7,6,1
3,20,4,0,1,0,3,1,0,2,1,1,1,0,0,1,0,8,8,14,1
15,13,0,0,1,0,3,3,0,15,1,1,1,1,2,1,5,0,0,0,1
7,15,4,1,1,0,3,0,0,2,1,1,1,0,0,1,0,6,10,8,1
9,14,4,0,1,0,3,0,0,15,1,1,1,0,0,0,5,0,0,0,1
1,18,4,0,1,0,3,3,0,16,1,1,1,5,0,1,5,0,0,0,0
8,15,4,0,1,0,3,3,0,0,1,1,1,7,0,1,0,6,10,8,0
11,20,4,1,1,0,3,0,0,0,1,1,1,7,2,1,0,6,3,9,1
9,18,4,0,1,0,3,0,0,9,1,1,1,5,0,1,0,3,2,8,0
6,18,4,1,1,0,3,1,0,2,1,1,1,0,0,1,0,1,3,3,0
11,21,0,1,1,0,3,1,0,1,1,1,1,0,2,2,0,7,6,12,0
6,18,4,1,1,0,3,1,0,2,1,1,1,0,0,1,0,5,0,6,1
13,21,0,1,1,0,3,3,0,1,1,1,1,5,2,2,5,1,0,3,1
8,20,4,0,1,0,3,0,0,0,1,1,1,0,0,2,0,6,3,13,0
6,17,4,1,1,0,3,3,0,11,1,1,1,7,0,4,0,6,4,12,1
4,12,4,0,0,0,3,0,0,16,1,1,0,0,0,0,5,0,0,5,1
12,19,4,1,1,0,3,3,0,2,1,1,1,7,2,1,0,8,2,11,1
15,18,0,1,1,4,3,0,1,1,1,1,1,5,2,0,5,0,0,0,1
11,18,4,0,1,0,3,3,0,11,1,1,1,1,2,1,0,4,10,8,1
9,20,4,1,1,0,3,0,0,0,1,1,1,0,0,1,2,2,0,6,1
5,15,4,1,1,0,3,0,0,15,1,1,1,1,0,1,5,3,0,1,0
4,15,4,0,1,0,3,0,0,15,1,1,1,0,0,0,5,0,0,0,1
13,15,2,1,1,3,3,0,1,2,1,1,1,5,2,1,0,6,4,7,0
9,17,0,1,1,0,3,3,0,2,1,1,1,0,0,1,0,6,8,10,1
4,20,4,1,1,4,3,0,1,11,1,1,1,5,0,1,0,6,4,7,0
5,15,4,0,1,0,3,0,0,5,1,1,1,7,0,1,0,2,10,5,1
0,15,4,0,1,0,3,1,0,8,1,1,1,0,0,1,0,1,1,3,1
4,20,4,0,1,0,3,1,0,2,1,1,1,0,0,1,0,8,5,9,1
11,14,4,0,1,0,3,0,0,2,1,1,1,0,2,1,0,5,7,8,1
9,14,0,1,1,4,3,0,1,2,1,1,1,5,0,0,5,0,0,0,1
6,17,4,0,1,0,3,0,0,2,1,1,1,0,0,1,0,6,1,6,1
12,15,0,1,1,0,1,1,0,1,1,1,1,8,2,5,5,0,0,3,0
7,20,0,0,1,0,3,0,0,1,1,1,1,8,0,2,0,8,0,9,1
2,18,4,1,1,0,3,3,0,0,1,1,1,7,0,3,0,2,1,5,0
10,20,0,1,1,0,3,3,0,14,1,1,1,0,0,1,0,6,3,9,1
4,15,4,1,1,0,3,1,0,7,1,1,1,1,0,1,0,2,2,6,1
9,20,0,0,1,4,3,3,1,11,1,1,1,0,0,1,0,6,0,13,1
7,21,4,0,1,0,3,0,0,5,1,1,1,0,0,1,0,6,10,14,0
15,15,0,1,1,0,3,0,0,0,1,1,1,0,2,1,0,6,10,13,1
14,15,0,1,0,0,3,0,0,8,1,1,0,0,2,0,5,0,0,0,1
3,17,3,0,1,0,1,3,0,2,1,1,1,0,2,1,0,9,10,6,1
15,19,0,0,1,0,3,0,0,0,1,1,1,0,2,1,0,9,2,12,1
9,18,2,0,1,0,3,0,0,12,1,1,1,0,0,6,0,6,0,11,1
7,20,4,1,1,0,3,1,0,2,1,1,1,0,0,0,5,0,0,0,1
15,22,4,1,1,0,3,3,0,11,1,1,1,0,2,2,0,9,0,14,1
13,11,4,0,0,0,3,1,0,15,0,1,1,0,2,0,5,0,0,0,0
9,20,0,1,1,0,3,1,0,0,1,1,1,0,0,1,0,6,5,12,1
14,18,4,1,1,4,3,0,1,5,1,1,1,5,2,1,0,6,6,10,1
1,18,4,1,1,4,3,0,1,9,1,1,1,0,0,0,5,0,0,0,1
5,20,4,0,1,0,3,3,0,15,1,1,1,0,0,1,5,6,0,2,0
10,20,0,0,1,0,3,0,0,0,1,1,1,0,0,1,0,6,8,13,1
11,20,0,1,1,0,3,1,0,0,1,1,1,0,2,2,0,6,6,12,0
6,21,4,0,1,4,3,0,1,5,1,1,1,5,0,2,0,6,6,12,1
9,18,4,1,1,0,3,0,0,2,1,1,1,7,0,1,2,2,0,5,1
11,20,0,1,1,3,3,0,1,0,1,1,1,5,2,0,5,0,0,0,1
4,15,4,0,1,0,3,3,0,4,1,1,1,0,0,1,0,4,8,7,1
11,17,0,1,1,0,3,3,0,1,1,1,1,0,2,1,0,1,3,4,1
12,20,0,1,1,0,3,0,0,1,1,1,1,0,2,2,5,0,0,0,1
15,21,0,0,1,4,3,3,1,1,1,1,1,0,2,6,0,8,0,14,1
8,20,4,0,1,0,3,3,0,11,1,1,1,0,0,4,0,6,0,11,0
4,17,4,1,1,0,3,0,0,9,1,1,1,1,0,1,2,4,0,1,0
7,15,4,0,1,0,3,3,0,11,1,1,1,0,0,1,0,4,6,5,1
5,19,0,1,1,3,1,0,1,1,1,1,1,0,0,5,5,0,0,0,1
9,18,4,0,1,3,3,0,1,11,1,1,1,5,0,1,0,6,4,12,1
3,20,4,0,1,0,3,1,0,2,1,1,1,0,0,3,0,1,2,6,1
13,18,4,0,1,0,3,1,0,0,1,1,1,0,2,1,0,6,6,12,1
11,17,4,0,1,0,3,0,0,7,1,1,1,0,2,1,0,2,11,4,1
5,15,4,0,1,0,0,0,0,16,1,1,1,1,0,5,3,9,1,6,0
11,15,0,1,1,0,1,0,0,1,1,1,1,0,2,5,0,7,8,10,1
5,20,4,1,1,0,3,1,0,2,1,1,1,0,0,1,5,2,0,2,1
0,15,4,1,1,0,3,0,0,2,1,1,1,0,0,0,5,0,0,0,1
14,14,4,0,0,0,3,0,0,2,1,1,0,7,2,1,0,5,10,3,1
5,15,4,1,1,3,3,0,1,2,1,1,1,0,0,1,0,5,8,5,1
3,18,4,0,1,0,3,0,0,2,1,1,1,5,0,9,2,0,0,0,1
7,18,4,0,1,0,3,3,0,2,1,1,1,0,0,2,0,1,6,4,1
13,18,0,1,1,0,3,3,0,1,1,1,1,0,2,0,5,0,0,0,0
4,15,4,0,1,0,3,0,0,2,1,1,1,0,0,1,2,6,0,6,1
11,22,4,1,1,4,3,0,1,11,1,1,1,5,2,1,0,7,0,11,1
9,13,4,1,1,0,3,0,0,0,1,1,1,0,0,9,2,0,0,13,1
5,15,4,1,1,0,3,0,0,2,1,1,1,8,0,2,0,1,1,3,1
12,19,0,1,1,0,3,1,0,1,1,1,1,8,2,1,5,0,0,3,1
0,10,4,1,0,2,3,0,0,2,0,1,0,0,0,1,0,1,3,1,1
15,18,4,1,1,3,3,0,1,0,1,1,1,5,2,1,0,6,3,6,1
8,17,0,1,1,0,3,0,0,0,1,1,1,7,0,1,0,6,6,9,1
4,15,4,1,1,0,3,0,0,7,1,1,1,0,0,1,5,0,0,6,1
15,15,0,0,1,0,1,1,0,0,1,1,1,0,2,1,0,6,3,10,1
12,21,4,0,1,0,3,0,0,2,1,1,1,0,2,1,0,6,7,10,0
12,14,4,1,1,4,3,0,1,14,1,1,1,0,2,1,0,6,8,7,0
9,15,0,0,1,0,3,3,0,1,1,1,1,7,0,1,0,8,11,6,1
8,20,2,1,1,0,3,1,0,0,1,1,1,0,0,4,5,0,0,0,0
15,21,0,1,1,4,3,0,1,0,1,1,1,5,2,0,5,0,0,0,1
6,15,4,1,1,0,3,3,0,2,1,1,1,0,0,1,0,5,11,6,1
5,15,4,1,1,0,3,0,0,2,1,1,1,7,0,1,0,4,6,6,1
0,17,4,0,1,0,3,0,0,7,1,1,1,0,0,1,0,1,3,1,1
14,19,4,0,1,0,1,1,0,0,1,1,1,0,2,1,0,6,11,14,1
15,20,4,0,1,0,3,1,0,11,1,1,1,0,2,1,0,7,2,12,1
7,13,0,1,1,0,3,0,0,0,1,1,1,0,0,1,5,0,0,0,1
6,15,4,0,1,4,3,0,1,14,1,1,1,7,0,1,0,4,6,7,1
3,18,4,1,1,0,3,1,0,2,1,1,1,0,0,1,5,1,0,1,1
6,18,4,1,1,0,3,1,0,0,1,1,1,0,0,0,5,0,0,0,1
4,18,0,1,1,0,1,0,0,1,1,1,1,0,2,5,2,0,0,6,1
15,21,0,1,1,0,3,1,0,1,1,1,1,0,2,2,0,6,8,14,1
0,18,4,1,1,4,3,0,1,2,1,1,1,5,0,1,0,2,2,4,1
5,20,4,1,1,0,3,0,0,2,1,1,1,5,0,3,0,1,3,2,1
0,17,4,0,1,0,2,0,0,2,1,1,1,0,0,1,0,4,2,6,1
2,18,4,1,0,0,3,1,0,2,1,0,1,0,0,1,5,2,0,2,1
1,14,0,1,1,0,3,0,0,2,1,1,1,7,0,1,0,5,2,2,1
12,19,4,1,1,0,3,0,0,0,1,1,1,0,2,1,0,6,4,10,1
2,19,4,1,1,0,3,0,0,2,1,1,1,0,0,1,0,2,2,3,0
2,18,4,1,1,0,3,0,0,16,1,1,1,7,0,6,5,1,0,1,0
11,18,4,1,1,0,3,0,0,4,1,1,1,7,2,1,0,6,8,12,1
9,18,0,0,1,4,3,0,1,0,1,1,1,5,0,2,5,1,0,1,0
14,20,0,1,1,4,3,0,1,1,1,1,1,0,2,1,0,5,6,6,1
6,20,0,1,1,0,3,1,0,1,1,1,1,0,0,1,0,3,3,14,1
5,20,4,0,1,3,3,0,1,0,1,1,1,0,0,1,0,6,6,10,1
6,19,4,0,1,0,3,3,0,0,1,1,1,0,0,1,0,4,2,10,0
7,20,4,1,1,0,3,1,0,2,1,1,1,0,0,0,5,0,0,0,1
9,19,4,1,1,3,3,0,1,11,1,1,1,0,0,3,5,1,0,1,0
3,18,0,1,1,0,3,0,0,1,1,1,1,7,0,1,0,5,2,3,1
11,20,0,1,1,0,3,0,0,1,1,1,1,0,2,3,0,6,2,12,0
5,20,4,1,1,2,3,0,0,2,1,1,1,5,0,1,0,6,5,12,0
14,20,0,0,1,0,3,0,0,1,1,1,1,0,2,1,1,6,0,11,1
8,20,4,0,1,0,3,3,0,0,1,1,1,5,0,1,0,6,11,13,1
2,18,4,1,1,0,3,2,0,0,1,1,1,0,0,1,0,3,3,9,1
15,18,0,0,1,0,3,0,0,0,1,1,1,0,2,1,0,6,2,12,1
9,9,4,0,1,0,3,1,0,12,1,1,1,7,0,2,0,4,1,6,1
4,12,4,0,0,0,3,0,0,16,1,1,1,0,0,4,5,0,0,5,1
8,19,4,0,1,0,3,0,0,2,1,1,1,7,0,0,5,0,0,0,0
15,15,4,0,1,0,3,0,0,2,1,1,1,7,2,1,0,6,5,7,1
2,15,4,0,1,0,3,2,0,16,1,1,1,0,0,1,0,2,1,3,0
14,20,0,0,1,0,3,0,0,8,1,1,1,5,0,4,0,6,5,8,1
12,17,4,1,1,0,3,3,0,2,1,1,1,7,2,1,0,4,11,3,1
11,17,4,1,1,0,3,0,0,0,1,1,1,1,2,1,2,6,0,8,1
1,18,4,0,0,0,3,1,0,2,1,1,0,0,0,0,5,0,0,4,1
11,17,0,1,1,0,3,0,0,1,1,1,1,0,2,1,0,6,2,10,1
0,18,4,1,1,0,3,1,0,7,1,1,1,8,0,1,5,0,0,0,1
5,18,4,0,1,0,3,0,0,2,1,1,1,5,0,1,0,1,2,2,0
3,15,4,1,0,0,3,0,0,2,1,0,1,0,0,9,2,0,0,0,1
1,17,4,0,1,0,3,0,0,2,1,1,1,7,0,1,0,2,2,4,1
1,18,4,0,1,0,0,1,0,16,1,1,1,0,0,5,3,5,5,6,0
13,15,4,0,1,0,3,0,0,15,1,1,1,0,2,1,5,0,0,1,1
6,20,4,1,1,0,3,0,0,11,1,1,1,0,0,1,0,7,6,13,0
6,15,4,1,1,0,3,1,0,0,1,1,1,0,0,1,0,1,8,1,0
0,15,4,0,1,0,3,0,0,2,1,1,1,0,0,1,0,6,2,5,1
8,14,4,0,1,4,3,0,1,11,1,1,1,5,0,1,0,2,8,5,1
3,20,4,1,1,0,3,0,0,2,1,1,1,5,0,2,5,1,0,3,1
0,15,4,0,1,0,3,0,0,5,1,1,1,7,0,1,0,3,3,6,0
10,13,4,0,0,0,3,0,0,15,1,0,1,1,0,0,5,0,0,2,1
15,19,0,1,1,3,3,0,1,1,1,1,1,0,2,1,0,6,7,13,0
6,14,0,1,1,0,3,3,0,11,1,1,1,0,0,3,0,6,5,12,0
7,13,0,1,1,0,3,0,0,0,1,1,1,7,0,1,0,6,4,6,1
14,15,0,1,1,3,3,0,1,1,1,1,1,5,2,0,5,0,0,0,1
6,18,4,1,1,0,3,0,0,2,1,1,1,7,0,1,0,3,6,5,1
15,15,4,0,1,0,3,0,0,15,1,1,1,0,0,4,2,5,0,8,0
4,17,4,1,1,0,3,0,0,7,1,1,1,7,0,1,0,3,1,3,1
12,19,0,1,1,4,3,0,1,1,1,1,1,5,2,1,5,1,0,2,1
7,20,4,0,1,0,3,0,0,2,1,1,1,5,0,0,5,0,0,0,1
2,15,4,0,1,0,3,0,0,2,1,1,1,7,0,1,2,1,0,2,0
10,13,4,0,1,0,3,3,0,15,1,1,1,1,0,0,5,0,0,0,1
9,18,4,1,1,0,3,0,0,2,1,1,1,0,0,1,0,5,3,8,1
15,18,4,0,1,0,3,3,0,2,1,1,1,0,2,1,0,8,0,9,1
7,20,4,0,1,0,3,0,0,2,1,1,1,7,0,1,0,6,2,10,1
10,15,0,0,1,0,1,1,0,0,1,1,1,0,0,1,0,8,10,11,1
6,20,4,0,0,0,3,0,0,2,1,1,0,7,0,0,5,0,0,0,1
9,20,4,1,1,0,3,3,0,0,1,1,1,0,0,0,5,0,0,0,1
14,21,4,0,1,4,3,0,1,5,1,1,1,5,2,1,0,6,4,14,0
7,18,4,1,1,0,3,0,0,2,1,1,1,0,0,0,5,0,0,0,1
8,1,0,1,0,2,2,0,0,3,0,1,0,7,1,5,1,6,9,13,1
13,20,0,1,1,0,3,1,0,0,1,1,1,0,2,2,0,8,6,13,1
8,20,4,0,1,0,3,0,0,0,1,1,1,8,0,5,0,6,9,7,0
4,18,4,1,1,0,3,0,0,0,1,1,1,0,0,0,5,0,0,0,0
13,20,4,1,1,0,3,0,0,12,1,1,1,0,2,6,0,6,4,14,1
14,20,0,0,1,4,3,0,1,0,1,1,1,5,2,1,0,6,6,12,1
4,18,4,1,1,0,3,1,0,10,1,1,1,5,0,0,5,0,0,3,0
8,20,4,0,1,0,3,0,0,9,1,1,1,5,0,1,0,7,11,13,1
7,15,4,1,1,0,3,0,0,2,1,1,1,0,0,1,0,4,6,6,1
14,20,4,0,1,0,3,1,0,0,1,1,1,8,2,7,0,6,1,13,1
2,16,4,0,0,0,3,1,0,15,1,1,0,0,0,0,5,0,0,0,0
11,18,4,1,1,0,3,3,0,2,1,1,1,0,2,1,0,6,10,9,1
5,18,4,1,1,0,1,1,0,0,1,1,1,0,2,5,0,6,2,7,1
8,20,4,1,0,0,3,0,0,0,1,1,0,0,0,3,1,1,0,1,1
1,18,4,1,1,0,3,0,0,16,1,1,1,5,0,0,5,0,0,0,0
0,15,4,1,1,0,3,0,0,2,1,1,1,0,0,0,5,0,0,0,1
13,19,4,1,1,2,3,1,0,0,1,1,0,8,2,1,0,6,7,12,1
13,18,4,0,1,0,3,3,0,5,1,1,1,7,2,1,0,8,2,11,1
7,20,4,1,1,0,3,0,0,12,1,1,1,0,0,1,0,6,11,13,0
5,18,4,0,1,0,3,0,0,7,1,1,1,7,0,1,0,5,11,3,1
0,17,4,1,1,0,3,1,0,2,1,1,1,8,0,1,2,0,0,0,1
9,15,4,0,1,0,3,1,0,2,1,1,1,0,0,1,0,9,6,7,1
6,20,4,0,1,0,3,0,0,2,1,1,1,5,0,1,5,1,0,3,1
14,19,0,1,1,0,3,3,0,1,1,1,1,4,2,3,5,0,0,0,1
0,18,4,0,1,0,3,0,0,2,1,1,1,0,0,1,0,1,6,4,1
12,20,0,0,1,4,3,0,1,0,1,1,1,5,2,1,0,6,6,13,1
8,20,4,1,1,4,3,0,1,2,1,1,1,5,0,1,5,0,0,3,1
9,0,4,0,1,4,3,0,1,9,1,1,1,0,0,0,5,0,0,0,1
13,19,4,1,0,0,3,3,0,13,1,1,0,8,2,2,0,3,2,8,1
9,20,4,1,1,0,3,0,0,2,1,1,1,5,0,1,0,6,5,10,1
4,15,4,0,1,0,3,1,0,2,1,1,1,7,0,1,0,6,10,9,1
9,0,4,0,1,0,3,3,0,2,1,1,1,7,0,1,0,8,4,6,1
11,17,0,1,0,4,3,0,1,8,1,1,0,2,2,0,5,0,0,0,1
15,20,0,0,1,4,3,0,1,0,1,1,1,5,2,1,0,6,4,10,1
11,20,0,1,1,0,3,0,0,2,1,1,1,0,2,1,0,4,10,5,1
1,18,4,0,1,4,3,0,1,11,1,1,1,5,0,0,5,0,0,0,1
6,18,4,1,1,0,3,0,0,2,1,1,1,0,0,1,0,1,2,2,0
15,20,4,0,1,4,3,0,1,0,1,1,1,0,2,4,0,8,4,12,1
9,15,4,0,1,0,3,3,0,2,1,1,1,0,0,1,0,6,8,9,1
14,19,4,1,1,0,3,0,0,0,1,1,1,4,2,3,0,8,8,12,1
2,18,4,1,1,0,3,1,0,0,1,1,1,0,0,3,0,6,2,6,1
1,18,4,0,0,0,3,0,0,2,1,1,0,0,0,0,5,0,0,0,1
9,18,0,1,1,0,3,0,0,0,1,1,1,0,0,3,0,8,2,12,1
0,15,4,0,1,0,3,0,0,16,1,1,1,0,0,1,0,6,6,6,1
2,15,4,1,1,0,3,1,0,2,1,1,1,0,0,1,0,2,3,6,1
13,15,0,0,1,0,3,0,0,2,1,1,1,0,2,2,0,6,6,6,1
9,18,0,1,1,4,3,0,1,0,1,1,1,0,0,0,5,0,0,0,1
9,15,0,1,1,0,0,2,0,0,1,1,1,3,0,5,3,7,3,6,1
5,18,4,1,1,0,3,2,0,2,1,1,1,0,0,0,5,0,0,1,1
5,21,4,1,1,0,3,1,0,0,1,1,1,0,0,1,0,7,3,13,0
11,15,4,0,1,0,3,0,0,2,1,1,1,0,2,1,2,0,0,0,1
13,7,4,1,1,4,3,0,1,5,1,1,1,7,2,7,2,0,0,0,1
9,18,4,1,1,0,3,1,0,2,1,1,1,0,0,1,0,5,11,6,1
2,15,4,0,1,3,3,0,1,2,1,1,1,5,0,0,5,0,0,0,1
11,19,0,0,1,0,1,1,0,0,1,1,1,0,2,1,0,7,5,13,1
5,20,4,1,1,0,3,0,0,2,1,1,1,5,0,1,0,6,4,10,1
2,18,4,0,0,4,3,0,1,11,1,1,1,7,2,0,5,0,0,6,1
9,20,0,1,1,0,3,3,0,0,1,1,1,7,0,1,0,6,11,13,1
10,16,0,1,1,0,3,1,0,0,1,1,1,7,0,1,0,1,10,2,0
10,16,0,0,1,3,3,0,1,15,1,1,1,0,0,1,5,6,0,2,0
7,20,4,1,1,0,3,0,0,2,1,1,1,5,0,1,0,6,4,9,1
13,21,4,0,1,0,3,1,0,0,1,1,1,0,2,3,0,6,3,13,1
9,20,0,0,1,0,3,0,0,1,1,1,1,0,0,1,0,9,6,14,1
1,17,4,0,0,0,3,1,0,2,1,1,0,0,0,1,0,3,3,5,1
9,16,1,1,1,3,3,0,1,5,1,1,1,0,0,1,0,3,9,2,0
15,20,0,0,1,0,0,0,0,0,1,1,1,0,2,5,3,6,9,14,1
6,20,4,0,1,0,3,3,0,2,1,1,1,0,0,1,0,6,2,10,1
12,15,4,0,1,0,3,0,0,2,1,1,1,0,2,1,0,8,4,11,1
2,19,4,1,1,0,3,0,0,2,1,1,1,0,0,0,5,0,0,0,1
14,15,2,0,0,0,1,1,0,2,1,0,1,0,2,1,2,6,0,2,1
5,15,4,0,1,0,3,0,0,11,1,1,1,0,0,4,0,6,6,2,1
15,19,4,1,1,0,3,0,0,12,1,1,1,1,2,1,0,3,2,5,1
12,19,0,1,1,0,3,3,0,1,1,1,1,0,2,1,5,0,0,0,1
3,17,4,0,1,0,3,0,0,0,1,1,1,5,0,1,0,6,1,5,1
15,21,4,1,1,0,3,1,0,2,1,1,1,0,2,4,0,2,2,3,1
4,15,0,0,1,3,3,0,1,2,1,1,1,0,0,1,0,8,3,6,1
5,15,4,0,1,0,3,3,0,2,1,1,1,0,0,1,0,6,5,9,1
14,23,2,0,1,4,3,0,1,0,1,1,1,5,2,2,0,6,8,11,1
13,18,0,0,1,0,3,1,0,0,1,1,1,0,2,1,0,9,5,13,1
14,19,0,1,1,0,3,1,0,0,1,1,1,0,2,1,0,6,4,10,1
12,17,0,1,1,0,3,0,0,2,1,1,1,8,2,1,0,4,7,8,1
5,15,4,1,1,0,3,0,0,2,1,1,1,0,0,1,2,1,0,2,1
1,18,4,0,1,0,3,3,0,2,1,1,1,0,0,3,0,6,10,2,1
15,15,0,1,1,0,3,0,0,11,1,1,1,0,2,1,0,6,4,5,1
9,11,4,0,1,0,3,1,0,11,1,1,1,0,0,3,0,9,10,10,1
5,15,4,0,1,0,3,0,0,10,1,1,1,0,0,1,0,6,8,4,0
15,20,4,1,1,0,3,0,0,0,1,1,1,5,2,1,0,6,10,13,1
13,20,4,0,1,0,3,0,0,0,1,1,1,5,2,5,0,6,9,11,0
3,13,4,0,1,0,3,0,0,15,1,1,1,7,0,1,5,6,0,2,0
0,17,4,1,1,0,2,0,0,16,1,1,1,0,0,1,0,2,4,5,0
1,18,4,1,1,0,3,1,0,2,1,1,1,0,0,1,0,1,1,1,0
12,20,0,0,1,0,3,1,0,1,1,1,1,5,2,1,0,6,3,14,1
12,20,2,1,1,0,3,0,0,0,1,1,1,0,2,3,0,7,7,12,1
6,20,4,0,1,0,3,1,0,0,1,1,1,0,0,4,0,1,1,14,0
8,20,4,1,1,0,3,1,0,0,1,1,1,0,0,3,0,6,4,12,1
9,17,4,0,1,0,3,0,0,2,1,1,1,0,0,6,0,4,0,1,1
9,20,4,0,1,0,3,1,0,2,1,1,1,0,0,6,0,6,6,8,1
13,21,0,1,1,4,3,0,1,0,1,1,1,0,2,6,0,2,5,14,1
8,19,0,1,1,0,3,1,0,0,1,1,1,8,0,1,0,6,6,12,1
2,18,4,0,1,0,3,0,0,15,1,1,1,1,0,0,5,0,0,0,1
14,15,4,0,1,0,3,1,0,12,1,1,1,0,2,1,0,6,4,11,1
7,18,4,0,1,0,3,1,0,2,1,1,1,0,0,1,0,6,11,9,1
9,18,4,0,1,0,3,3,0,2,1,1,1,0,0,1,0,6,8,8,1
8,18,0,0,1,0,3,0,0,0,1,1,1,0,0,1,1,4,0,1,0
14,18,0,1,0,0,1,3,0,0,1,0,1,0,2,1,0,8,11,14,1
15,19,0,1,1,0,3,1,0,0,1,1,1,0,2,1,0,6,3,10,1
4,19,4,1,1,0,3,0,0,0,1,1,1,0,0,2,0,2,1,6,1
3,5,4,0,1,0,3,0,0,4,1,1,1,0,0,3,1,6,0,4,1
12,19,4,0,1,0,3,0,0,16,1,1,1,5,2,1,1,6,0,11,1
0,15,4,0,1,2,2,3,0,10,1,1,1,0,0,1,0,6,3,6,1
1,15,4,0,1,0,3,0,0,2,1,1,1,1,0,1,0,5,9,6,0
12,20,0,0,1,0,3,1,0,0,1,1,1,8,2,1,0,9,4,14,0
9,20,4,1,1,0,3,0,0,2,1,1,1,0,0,1,0,4,4,6,1
14,23,0,1,1,0,3,0,0,2,1,1,1,0,2,1,0,8,8,10,0
5,15,4,0,1,0,3,0,0,2,1,1,1,7,0,0,5,0,0,2,1
0,18,4,0,1,0,3,0,0,9,1,1,1,0,0,9,2,3,0,0,1
0,17,4,1,0,0,3,0,0,16,1,1,0,7,0,0,5,0,0,4,1
1,18,4,1,1,0,3,0,0,11,1,1,1,5,0,1,5,1,0,3,0
14,20,0,0,1,3,3,0,1,0,1,1,1,1,2,3,0,6,11,14,1
8,20,4,0,1,0,2,0,0,10,1,1,1,0,0,0,5,0,0,0,1
12,20,4,1,1,0,3,1,0,0,1,1,1,8,0,2,0,8,3,14,0
9,18,0,1,1,0,3,1,0,0,1,1,1,0,0,3,5,6,0,2,0
8,15,4,0,0,0,3,3,0,5,1,1,0,0,0,0,5,0,0,0,1
1,15,4,0,1,0,3,0,0,7,1,1,1,0,0,1,0,5,10,2,1
0,15,4,1,1,4,3,0,1,0,1,1,1,0,0,1,5,1,0,1,1
10,15,4,0,1,0,3,3,0,0,1,1,1,0,0,2,0,6,3,9,1
5,17,4,0,1,0,3,3,0,9,1,1,1,7,0,1,0,6,11,10,1
12,23,0,1,1,0,3,0,0,0,1,1,1,0,2,1,0,6,8,14,1
6,15,0,1,1,4,3,0,1,0,1,1,1,0,0,1,0,3,6,10,1
10,21,0,0,1,0,3,0,0,1,1,1,1,0,0,1,0,7,0,13,1
2,15,4,0,1,0,3,0,0,2,1,1,1,0,0,1,0,8,4,7,1
14,20,0,0,1,0,3,1,0,1,1,1,1,0,2,1,0,7,1,14,1
3,18,4,1,1,0,3,1,0,11,1,1,1,0,0,1,0,6,1,8,0
14,19,0,0,1,0,3,0,0,0,1,1,1,0,2,1,0,6,4,13,1
2,18,4,0,1,0,3,1,0,2,1,1,1,0,0,1,0,2,8,6,1
14,20,0,1,1,4,3,3,1,1,1,1,1,5,2,6,0,4,0,3,1
2,17,4,1,1,0,3,1,0,2,1,1,1,8,0,1,0,2,10,3,1
2,10,4,0,1,4,3,0,1,7,1,1,1,0,0,0,5,0,0,0,1
3,18,4,0,1,0,3,1,0,0,1,1,1,0,0,1,0,5,6,5,1
3,13,4,0,1,0,3,0,0,2,1,1,1,7,0,1,5,0,0,5,1
6,15,4,1,1,0,3,1,0,2,1,1,1,0,0,0,5,0,0,0,1
6,20,4,0,0,0,3,1,0,11,1,1,0,1,0,0,5,0,0,0,0
15,18,0,0,1,0,3,0,0,0,1,1,1,0,2,1,0,9,6,10,1
7,20,0,0,1,0,0,0,0,0,1,1,1,0,0,5,3,9,2,14,1
5,15,4,1,1,0,3,0,0,2,1,1,1,7,0,1,0,5,4,6,1
3,18,4,1,1,0,3,0,0,0,1,1,1,0,0,1,0,3,1,3,0
0,17,4,0,1,0,3,3,0,2,1,1,1,0,0,2,2,0,0,0,1
12,16,0,0,1,0,3,0,0,0,1,1,1,0,2,1,0,6,10,10,0
6,15,4,1,1,4,3,0,1,2,1,1,1,5,0,1,0,6,3,11,1
10,15,4,0,1,4,3,0,1,15,1,1,1,5,0,1,5,0,0,0,0
11,19,0,1,1,0,3,1,0,1,1,1,1,8,2,1,0,3,2,5,0
0,18,4,0,1,0,3,0,0,2,1,1,1,7,0,1,0,1,6,3,1
4,15,4,0,1,0,3,0,0,2,1,1,1,0,0,1,0,6,6,6,0
14,22,4,1,1,0,3,1,0,0,1,1,1,0,2,1,0,5,9,14,1
9,15,4,0,1,0,3,0,0,0,1,1,1,0,0,1,0,8,4,10,1
4,18,4,0,1,0,3,0,0,0,1,1,1,0,0,1,0,6,4,6,0
0,17,4,0,1,0,3,0,0,2,1,1,1,0,0,0,5,0,0,0,1
7,22,4,0,1,0,3,3,0,0,1,1,1,0,0,7,0,9,4,13,1
2,17,4,0,1,0,3,1,0,16,1,1,1,0,0,1,5,2,0,3,0
6,15,4,1,1,0,3,0,0,3,1,1,1,0,0,1,0,4,8,5,1
7,19,4,0,1,0,3,0,0,2,1,1,1,5,0,1,0,6,2,4,1
12,11,3,1,1,4,3,0,1,0,1,1,1,7,2,1,0,6,8,6,1
0,18,4,1,1,0,3,0,0,16,1,1,1,1,0,9,2,0,0,0,0
9,17,4,1,1,0,3,0,0,2,1,1,1,0,0,3,0,6,2,3,1
4,20,4,1,1,0,3,0,0,16,1,1,1,0,0,3,0,2,1,5,1
12,18,4,0,1,0,3,2,0,0,1,1,1,7,2,6,0,2,6,4,1
3,15,4,1,1,0,3,0,0,14,1,1,1,0,0,7,5,2,0,2,1
7,15,4,1,1,0,3,0,0,0,1,1,1,8,0,1,0,4,1,5,1
10,21,4,0,1,0,3,3,0,11,1,1,1,5,0,4,0,6,10,14,0
1,18,4,0,1,0,3,3,0,11,1,1,1,0,0,1,0,6,6,13,0
4,19,4,0,1,0,3,1,0,2,1,1,1,0,0,3,0,6,2,6,1
4,18,4,1,1,0,3,1,0,4,1,1,1,0,0,1,2,0,0,8,0
8,16,4,0,1,0,3,0,0,2,1,1,1,0,0,1,0,6,1,10,1
9,14,4,1,1,4,3,0,1,11,1,1,1,5,0,1,5,6,0,3,1
5,15,4,1,0,0,3,0,0,2,1,1,1,7,0,1,0,2,4,1,0
1,17,4,0,1,0,3,0,0,5,1,1,1,0,0,2,0,6,4,13,0
4,18,4,1,1,0,3,0,0,2,1,1,1,7,0,1,0,3,5,6,1
4,18,4,0,1,0,3,3,0,10,1,1,1,8,0,7,0,9,8,5,0
12,20,0,1,1,0,3,0,0,0,1,1,1,0,2,2,0,6,3,13,1
12,14,4,0,1,0,3,0,0,12,1,1,1,0,2,1,0,6,8,8,1
9,20,4,1,1,0,3,0,1,9,1,1,1,5,0,6,0,1,0,3,0
2,19,4,1,1,0,3,0,0,2,1,1,1,0,0,1,0,4,7,7,1
5,12,4,0,1,0,3,0,0,15,1,1,1,1,0,1,5,0,0,0,0
6,20,0,0,1,0,3,3,0,1,1,1,1,5,0,1,0,1,11,3,0
1,18,4,0,1,0,3,3,0,11,1,1,1,0,0,1,0,6,4,8,1
13,15,0,0,1,0,3,0,0,0,1,1,1,0,2,1,0,6,8,10,1
3,14,4,0,1,0,3,0,0,15,1,1,1,7,0,7,5,5,0,2,1
8,21,4,1,1,0,3,1,0,2,1,1,1,5,0,1,1,6,0,6,1
15,19,0,0,1,0,3,1,0,0,1,1,1,0,2,4,0,6,10,14,1
7,20,4,0,1,0,3,1,0,11,1,1,1,5,0,0,5,0,0,0,0
12,20,4,1,1,0,3,0,0,2,1,1,1,0,2,2,5,0,0,0,1
12,13,4,0,1,0,3,0,0,0,1,1,1,0,2,2,5,6,0,7,0
15,20,0,1,1,0,3,0,0,1,1,1,1,5,2,1,0,7,3,14,1
13,15,0,1,1,0,3,1,0,0,1,1,1,8,2,1,0,7,3,12,1
5,20,4,1,1,0,3,1,0,12,1,1,1,0,0,2,5,0,0,0,0
3,15,4,0,1,4,3,3,1,11,1,1,1,8,0,1,0,9,4,10,0
15,21,4,1,1,4,3,1,1,9,1,1,1,5,2,1,0,4,6,14,1
4,17,4,0,1,0,3,0,0,2,1,1,1,0,0,1,0,9,8,5,1
0,17,4,0,1,0,3,1,0,2,1,1,1,0,0,3,2,6,0,4,0
9,19,4,0,1,0,3,1,0,0,1,1,1,0,0,1,0,6,6,10,1
12,10,4,0,1,0,3,0,0,0,1,1,1,0,2,5,0,6,3,10,1
5,17,4,0,1,0,3,1,0,15,1,1,1,0,0,1,5,0,0,0,0
0,15,4,1,1,0,3,0,0,16,1,1,1,7,0,0,5,0,0,2,0
7,17,4,0,1,0,3,1,0,0,1,1,1,0,0,1,0,6,4,11,1
10,12,4,1,1,0,3,3,0,5,1,1,1,8,0,1,0,6,10,13,1
10,14,4,0,1,0,3,0,0,5,1,1,1,0,0,1,0,8,1,11,1
8,20,4,1,1,0,3,1,0,12,1,1,1,0,0,1,0,6,2,10,0
13,20,0,0,1,0,3,0,0,1,1,1,1,0,2,6,0,8,0,14,1
13,20,0,0,1,0,3,0,0,1,1,1,1,5,2,1,0,6,7,14,1
12,21,0,1,1,4,3,0,1,1,1,1,1,5,2,1,0,6,3,11,0
15,20,0,1,1,0,3,3,0,1,1,1,1,0,2,1,0,6,5,14,1
11,15,0,0,1,4,3,3,1,8,1,1,1,7,2,1,0,6,4,11,0
5,15,4,1,0,0,3,0,0,2,1,1,1,0,0,1,0,2,4,4,1
11,20,4,1,1,0,3,3,0,11,1,1,1,8,2,4,0,6,6,10,0
0,13,4,1,1,0,3,1,0,2,1,1,1,8,0,6,5,1,0,2,1
1,18,4,0,1,0,3,0,0,16,1,1,1,5,0,0,5,0,0,0,1
8,16,4,1,0,0,3,0,0,0,1,1,0,5,0,1,5,0,0,4,0
5,18,0,0,1,0,3,0,0,2,1,1,1,8,0,1,0,6,7,7,1
1,19,4,1,1,0,3,3,0,2,1,1,1,5,0,2,5,0,0,0,1
2,16,4,0,1,0,3,0,0,15,1,1,1,0,0,1,5,5,0,2,1
2,18,4,1,1,0,3,2,0,0,1,1,1,0,0,0,5,0,0,0,1
3,15,4,0,1,0,1,1,0,16,1,1,1,0,0,1,5,0,0,0,1
11,20,0,0,1,3,3,3,1,0,1,1,1,5,2,1,0,8,2,12,1
6,18,4,0,1,0,3,1,0,0,1,1,1,0,0,1,0,6,3,11,1
8,21,4,1,1,0,3,0,0,0,1,1,1,5,0,3,1,6,0,11,0
3,19,4,1,1,0,3,0,0,2,1,1,1,0,0,1,0,3,9,4,1
3,15,4,0,1,0,3,0,0,15,1,1,1,0,0,1,5,0,0,0,0
7,20,4,0,1,0,3,0,0,2,1,1,1,1,0,1,0,4,5,2,1
0,17,4,0,1,0,2,0,0,10,1,1,1,0,0,0,5,0,0,0,0
4,15,4,0,1,2,3,3,0,3,1,1,1,1,0,1,0,4,8,6,0
2,18,4,0,1,0,3,0,0,2,1,1,1,5,0,3,0,3,4,4,1
10,15,0,0,1,0,3,0,0,0,1,1,1,0,0,1,0,7,6,11,1
14,18,0,1,1,0,3,0,0,1,1,1,1,0,2,0,5,0,0,0,1
2,19,4,1,1,0,3,0,0,2,1,1,1,0,0,1,0,4,2,6,1
3,18,4,0,1,0,0,1,0,16,1,1,1,0,0,5,3,9,1,5,1
1,15,4,0,1,0,3,0,0,2,1,1,1,7,0,1,0,2,1,6,1
3,18,4,0,1,0,3,3,0,2,1,1,1,5,0,2,0,2,2,3,0
7,18,4,1,0,0,3,0,0,0,1,1,0,0,0,0,5,0,0,4,0
13,17,0,0,1,0,3,0,0,0,1,1,1,0,2,1,0,6,8,10,1
11,20,0,1,1,0,3,0,0,1,1,1,1,0,2,1,0,8,4,11,1
2,16,4,1,1,0,3,3,0,3,1,1,1,4,0,1,5,5,7,5,1
9,17,0,0,1,0,3,0,0,1,1,1,1,1,0,6,0,6,8,10,0
12,20,0,1,1,3,3,0,1,1,1,1,1,0,2,1,0,9,8,12,1
10,18,4,1,1,0,3,1,0,0,1,1,1,7,0,1,0,5,4,10,1
4,12,4,0,1,0,3,0,0,2,1,1,1,8,0,1,2,0,0,5,0
2,0,4,1,1,4,3,3,1,9,1,1,1,7,0,0,5,0,0,0,1
8,13,4,1,1,0,3,0,0,7,1,1,1,0,0,1,0,6,8,5,1
4,15,4,0,1,0,3,0,0,3,1,1,1,0,0,6,0,6,2,5,1
8,20,4,0,1,0,3,3,0,0,1,1,1,5,0,1,0,6,8,8,0
8,18,4,0,1,4,3,0,1,0,1,1,1,0,0,1,0,9,10,8,1
1,18,4,1,1,0,3,1,0,2,1,1,1,0,0,1,0,2,3,4,1
12,21,4,1,1,0,3,0,0,0,1,1,1,5,2,1,0,6,8,12,1
3,18,4,0,1,0,3,3,0,11,1,1,1,0,0,1,0,9,6,5,0
3,20,4,1,1,0,3,3,0,12,1,1,1,0,0,1,0,7,5,9,0
7,15,4,0,1,0,3,3,0,14,1,1,1,1,0,1,0,6,3,9,1
13,19,0,1,1,3,3,1,1,0,1,1,1,0,2,1,0,8,3,11,1
4,20,4,0,1,0,3,0,0,2,1,1,1,0,0,4,0,2,2,2,1
14,21,4,0,1,0,3,0,0,2,1,1,1,0,2,1,0,2,1,2,1
12,19,4,0,1,0,3,1,0,0,1,1,1,0,2,1,0,6,7,12,1
14,21,0,1,1,4,3,0,1,1,1,1,1,5,2,1,0,6,6,14,1
9,20,4,1,1,0,3,1,0,2,1,1,1,0,0,1,0,6,3,10,1
6,20,0,0,1,3,2,0,1,2,1,1,1,1,0,5,4,6,4,11,0
11,18,4,0,1,0,3,0,0,2,1,1,1,0,2,1,0,4,6,9,1
9,18,0,1,1,0,3,0,0,0,1,1,1,0,0,1,0,6,8,8,1
5,5,4,0,1,2,2,0,1,4,1,1,1,0,0,5,3,6,1,6,1
11,21,0,0,1,0,3,0,0,0,1,1,1,0,2,3,0,6,3,13,1
6,19,4,1,1,0,3,0,0,2,1,1,1,0,0,1,0,4,1,2,1
8,20,4,0,1,0,3,0,0,5,1,1,1,0,0,1,0,6,8,10,1
0,15,4,1,1,0,3,0,0,2,1,1,1,0,0,1,0,2,2,2,1
2,18,4,1,1,4,3,0,1,16,1,1,1,0,0,9,5,0,0,0,0
3,18,4,1,1,0,3,3,0,2,1,1,1,7,0,0,5,0,0,0,1
12,13,4,0,1,0,3,3,0,0,1,1,1,7,2,6,1,6,0,13,1
7,18,4,1,1,0,3,3,0,2,1,1,1,0,0,1,5,0,0,0,1
6,21,0,0,1,4,3,0,1,1,1,1,1,5,0,1,0,9,0,14,0
11,20,4,1,1,0,3,0,0,2,1,1,1,0,2,1,5,3,0,3,1
15,20,4,1,1,0,3,1,0,2,1,1,1,8,2,1,0,6,10,13,1
10,15,0,1,1,0,3,0,0,1,1,1,1,7,0,0,5,0,0,0,1
3,18,4,0,1,0,1,1,0,0,1,1,1,0,0,5,0,7,3,9,0
4,15,4,0,0,0,3,0,0,16,1,1,0,0,0,0,5,0,0,0,1
2,18,4,1,1,0,3,1,0,2,1,1,1,8,0,1,2,0,0,0,1
8,20,4,1,0,4,3,0,1,0,1,1,1,5,0,1,0,7,11,5,1
8,20,0,0,1,0,3,0,0,1,1,1,1,0,0,1,1,6,0,11,1
7,20,4,0,1,3,3,0,1,2,1,1,1,5,0,1,0,6,8,11,1
13,0,4,1,1,4,3,0,1,0,1,1,1,1,2,0,5,0,0,0,1
0,17,4,1,1,0,3,0,0,2,1,1,1,5,0,1,0,3,4,4,1
0,17,4,0,1,0,3,1,0,2,1,1,1,7,0,0,5,0,0,0,1
11,17,0,1,1,4,3,0,1,8,1,1,1,2,2,1,0,8,5,6,1
11,16,0,1,1,4,3,0,1,1,1,1,1,5,2,0,5,0,0,0,0
7,20,4,0,1,0,3,0,0,11,1,1,1,0,0,1,0,9,10,14,1
4,20,4,0,1,0,3,0,0,0,1,1,1,1,0,1,0,6,3,9,0
10,17,0,1,1,3,3,0,1,1,1,1,1,0,0,1,0,8,2,11,1
1,18,4,0,1,0,3,3,0,11,1,1,1,0,0,1,0,3,3,4,1
8,15,4,0,1,0,3,1,0,0,1,1,1,8,0,1,0,8,4,12,0
7,17,4,1,0,4,3,0,1,2,1,0,1,0,0,1,0,6,11,5,1
9,18,4,1,1,0,3,0,0,12,1,1,1,0,0,3,0,3,2,5,1
11,17,2,0,1,0,3,3,0,2,1,1,1,5,2,4,5,1,0,2,1
7,20,0,1,1,0,3,0,0,1,1,1,1,0,0,1,0,7,6,12,1
5,17,4,0,1,0,3,1,0,2,1,1,1,0,0,1,0,6,8,9,1
9,18,0,1,1,0,3,0,0,1,1,1,1,1,0,5,2,6,0,2,1
8,13,4,1,1,0,3,1,0,7,1,1,1,8,0,1,5,0,0,0,1
11,15,4,1,1,0,3,0,0,0,1,1,1,7,2,1,2,6,0,8,0
10,20,0,1,1,0,3,0,0,0,1,1,1,0,0,3,0,6,5,12,1
15,15,4,0,1,4,3,0,1,11,1,1,1,7,2,1,0,6,2,9,0
11,18,4,1,1,0,3,0,0,2,1,1,1,7,2,2,0,6,11,8,1
7,15,4,0,1,0,3,1,0,12,1,1,1,0,0,1,0,4,1,6,0
8,19,4,1,1,3,3,3,1,2,1,1,1,0,0,2,0,2,11,3,1
13,15,0,0,1,4,3,0,1,1,1,1,1,5,2,1,0,6,3,10,1
6,20,4,1,1,0,3,0,0,0,1,1,1,5,0,5,0,2,9,6,1
1,14,4,0,0,4,3,1,1,16,1,1,0,0,0,1,5,1,0,5,0
7,20,4,1,1,0,3,0,0,11,1,1,1,5,0,1,0,7,3,11,1
12,15,0,1,1,4,3,0,1,1,1,1,1,7,2,0,5,0,0,0,0
5,15,4,0,0,0,3,0,0,15,1,1,1,1,0,1,5,5,0,1,1
13,18,0,0,1,0,3,0,0,0,1,1,1,0,2,1,0,6,1,13,1
13,18,4,1,1,0,3,0,0,0,1,1,1,7,2,2,0,3,8,6,1
8,18,0,1,1,0,3,0,0,0,1,1,1,0,0,2,0,6,3,9,0
1,17,4,1,1,0,3,1,0,2,1,1,1,0,0,0,5,0,0,0,1
8,18,4,1,1,0,3,0,0,0,1,1,1,1,0,1,0,6,1,8,1
12,20,4,1,1,3,3,0,1,2,1,1,1,7,2,1,0,2,11,4,0
1,18,4,0,1,0,3,1,0,2,1,1,1,0,0,1,0,6,2,2,1
6,20,0,0,1,0,3,0,0,0,1,1,1,0,0,3,0,9,8,12,1
2,18,4,0,1,0,3,0,0,2,1,1,1,0,0,1,0,4,4,4,1
11,20,4,1,1,0,3,1,0,0,1,1,1,8,2,1,0,6,2,12,0
13,18,4,1,1,0,3,1,0,0,1,1,1,0,2,4,0,4,4,7,1
4,15,4,1,1,0,3,0,0,2,1,1,1,0,0,1,0,2,2,4,1
7,16,0,1,1,4,3,3,1,1,1,1,1,0,0,1,0,3,2,5,1
13,15,4,0,1,0,3,1,0,2,1,1,1,0,2,1,0,6,5,11,1
3,18,4,0,1,0,3,3,0,11,1,1,1,7,0,1,0,6,1,9,1
10,20,4,0,1,0,3,3,0,14,1,1,1,0,0,1,0,6,10,9,1
0,16,4,1,1,0,3,1,0,2,1,1,1,0,0,1,5,1,0,2,1
11,18,0,0,1,3,1,3,1,1,1,1,1,0,2,1,0,8,11,8,1
8,15,0,0,1,3,1,0,1,0,1,1,1,7,0,1,5,0,0,0,1
9,18,4,0,0,0,3,0,0,2,1,1,0,0,0,0,5,0,0,4,1
2,18,4,1,1,0,3,0,0,15,1,1,1,0,0,1,5,1,0,1,0
4,17,4,0,1,0,3,0,0,2,1,1,1,8,0,1,0,6,3,8,1
11,17,0,0,1,0,3,3,0,0,1,1,1,0,2,1,0,8,8,12,1
1,18,4,0,1,0,3,0,0,2,1,1,1,5,0,1,0,6,2,9,1
10,14,0,0,1,0,3,0,0,15,1,1,1,0,0,1,5,0,0,1,1
6,19,4,1,1,0,3,0,0,16,1,1,1,0,0,2,5,0,0,11,1
0,17,4,0,1,0,2,0,0,2,1,1,1,0,0,0,5,0,0,0,1
12,18,0,0,1,0,1,1,0,1,1,1,1,8,2,5,5,0,0,3,0
11,21,0,0,1,0,3,0,0,1,1,1,1,0,2,1,0,8,11,11,1
4,15,4,0,1,0,3,0,0,2,1,1,1,5,0,0,5,0,0,0,1
2,17,4,1,1,0,3,1,0,0,1,1,1,0,0,1,2,1,0,2,1
14,14,4,1,0,0,3,0,0,9,1,1,0,0,2,0,5,0,0,0,1
13,19,4,1,0,0,3,0,0,0,1,1,0,0,2,2,0,6,6,6,1
14,21,0,1,1,0,3,1,0,0,1,1,1,0,2,2,0,6,8,14,1
12,18,2,1,0,0,3,0,0,12,1,1,1,2,2,1,0,9,6,13,1
9,20,4,1,1,0,3,3,0,11,1,1,1,5,0,1,5,0,0,0,0
12,20,4,0,1,0,3,0,0,11,1,1,1,0,2,1,0,6,10,9,1
2,18,4,0,1,0,3,0,0,2,1,1,1,1,0,0,5,0,0,0,1
13,0,4,1,1,0,3,3,0,12,1,1,1,0,2,1,0,3,4,9,1
0,18,4,1,1,0,3,1,0,2,1,1,1,8,0,1,0,3,2,5,0
3,20,4,0,1,0,3,0,0,2,1,1,1,0,0,1,0,6,2,5,1
12,15,4,0,1,0,3,3,0,2,1,1,1,8,2,1,0,6,6,10,1
15,18,0,0,1,0,3,0,0,0,1,1,1,7,2,1,0,2,3,4,0
7,20,4,1,1,0,3,0,0,2,1,1,1,0,0,1,0,6,7,12,1
8,18,0,1,1,3,1,3,1,1,1,1,1,8,0,5,0,6,4,9,1
2,18,4,1,1,0,3,0,0,2,1,1,1,0,0,0,5,0,0,0,1
2,18,4,1,1,0,3,3,0,16,1,1,1,0,0,4,0,1,10,3,0
8,15,4,0,1,0,3,0,0,2,1,1,1,5,0,1,0,6,2,10,0
5,20,4,1,1,0,3,0,0,11,1,1,1,7,0,1,0,6,1,9,0
13,20,4,0,1,0,3,0,0,15,1,1,1,1,0,2,5,2,0,1,0
4,15,0,1,1,0,3,1,0,4,1,1,1,0,0,1,0,4,10,1,1
0,18,4,0,1,0,3,3,0,16,1,1,1,0,0,1,5,2,0,4,1
4,20,4,1,1,0,3,1,0,0,1,1,1,0,0,1,0,4,3,3,1
0,18,4,1,1,0,3,1,0,2,1,1,1,0,0,3,0,5,4,3,1
14,21,0,0,1,0,3,0,0,0,1,1,1,0,2,1,0,6,8,13,0
11,14,4,0,1,4,3,1,1,12,1,1,1,0,2,1,0,6,2,8,1
7,13,4,1,0,0,3,0,0,0,1,1,0,7,0,1,5,0,0,0,0
0,15,4,0,1,0,3,0,0,2,1,1,1,7,0,1,5,0,0,0,1
0,18,4,0,1,0,3,0,0,2,1,1,1,0,0,1,0,2,1,2,1
10,18,4,0,1,0,3,1,0,4,1,1,1,0,0,4,0,1,8,7,1
8,17,4,0,1,0,3,1,0,7,1,1,1,0,0,1,0,6,2,10,1
6,15,4,0,1,4,3,0,1,2,1,1,1,7,0,0,5,0,0,0,1
12,20,4,1,1,0,3,0,0,2,1,1,1,1,2,1,0,4,3,10,1
11,15,4,1,0,0,3,0,0,13,1,0,0,8,0,2,0,5,2,8,1
11,20,4,0,1,0,3,0,0,15,1,1,1,1,0,2,5,6,0,14,0
5,18,4,0,1,0,3,1,0,0,1,1,1,8,0,5,0,2,2,2,1
14,21,0,1,1,0,3,1,0,1,1,1,1,0,2,2,0,8,3,14,1
11,18,4,0,1,0,3,0,0,2,1,1,1,0,2,2,0,9,8,12,1
4,20,4,0,1,0,3,0,0,14,1,1,1,0,0,0,5,0,0,0,1
12,17,0,0,1,0,3,1,0,0,1,1,1,0,2,1,0,7,4,12,0
4,19,4,0,1,2,3,1,0,0,1,1,0,0,0,6,0,4,7,6,1
3,20,4,1,1,0,3,0,0,2,1,1,1,0,0,1,0,2,9,4,1
6,15,4,1,0,0,3,0,0,3,1,1,0,0,0,0,5,0,0,0,1
11,5,4,1,1,3,1,1,1,2,1,1,1,8,2,1,1,4,0,4,1
4,15,4,0,1,3,3,0,1,2,1,1,1,7,0,0,5,0,0,0,1
0,17,4,1,1,0,3,1,0,16,1,1,1,8,0,0,5,0,0,0,1
15,21,0,1,1,0,3,0,0,0,1,1,1,5,2,1,0,6,5,14,1
1,17,4,0,1,0,3,0,0,7,1,1,1,0,0,1,0,6,4,10,1
0,18,4,1,1,0,3,3,0,2,1,1,1,0,0,1,5,1,0,1,1
5,20,4,1,1,0,3,1,0,0,1,1,1,0,0,1,0,8,3,11,1
8,21,0,1,1,4,3,0,1,1,1,1,1,5,0,0,5,0,0,0,1
7,20,4,0,0,0,3,1,0,10,1,1,0,0,0,1,0,8,3,8,1
3,20,4,0,1,0,3,1,0,11,1,1,1,0,0,1,5,1,0,4,0
15,15,4,0,1,0,3,0,0,12,1,1,1,0,2,4,0,6,2,11,0
8,19,4,0,1,0,3,0,0,2,1,1,1,5,0,1,0,6,4,11,1
3,15,4,1,1,0,3,0,0,2,1,1,1,0,0,1,5,0,0,0,1
11,18,4,0,1,0,3,0,0,0,1,1,1,0,2,1,0,2,8,5,1
7,15,0,0,1,0,3,0,0,0,1,1,1,7,0,3,0,6,3,11,0
14,22,4,1,1,0,3,0,0,0,1,1,1,7,2,1,0,6,9,13,0
6,20,4,1,1,0,3,0,0,11,1,1,1,8,0,1,0,1,6,3,1
2,16,4,0,1,0,3,0,0,15,1,1,1,0,0,1,5,6,0,1,1
11,18,4,1,1,0,3,0,0,4,1,1,1,2,2,1,0,6,6,9,1
10,20,0,1,1,0,3,1,0,1,1,1,1,0,0,1,0,6,8,11,0
2,15,4,1,1,0,3,0,0,16,1,1,1,7,0,0,5,0,0,5,1
13,19,4,1,1,3,3,0,1,0,1,1,1,7,2,1,0,6,6,10,0
9,20,4,1,1,0,3,1,0,2,1,1,1,0,0,0,5,0,0,0,1
11,8,0,0,1,0,1,1,0,16,1,1,1,0,2,1,0,6,4,3,1
11,21,4,1,1,4,3,0,1,0,1,1,1,5,2,1,0,7,5,14,1
7,14,0,1,1,0,3,3,0,2,1,1,1,7,0,1,0,6,10,7,1
10,15,4,0,1,0,3,1,0,4,1,1,1,0,0,1,2,0,0,4,1
4,17,0,1,1,0,3,0,0,8,1,1,1,0,0,1,5,0,0,0,1
8,18,3,0,1,0,3,3,0,7,1,1,1,0,0,1,0,3,3,3,1
4,0,4,0,1,4,3,0,1,2,1,1,1,0,0,1,0,6,4,7,1
0,15,4,0,1,0,3,3,0,2,1,1,1,0,0,1,0,6,4,6,1
2,22,4,1,1,0,3,3,0,7,1,1,1,0,0,0,5,0,0,0,1
13,15,2,1,1,4,3,0,1,0,1,1,1,1,2,1,0,6,11,7,0
3,20,4,1,1,0,3,3,0,12,1,1,1,0,0,1,0,6,6,8,1
8,21,4,0,1,0,3,1,0,11,1,1,1,8,0,1,0,9,2,12,1
8,21,4,1,1,0,3,0,0,9,1,1,1,0,0,1,0,7,5,7,1
7,20,4,0,1,0,3,0,0,0,1,1,1,7,0,1,0,6,1,11,1
2,16,4,0,1,0,3,3,0,2,1,1,1,0,0,0,5,0,0,0,1
15,22,0,0,1,0,3,0,0,15,1,1,1,1,2,0,5,0,0,0,0
11,21,0,0,1,0,3,0,0,1,1,1,1,0,2,1,0,6,1,13,0
12,13,0,0,1,4,3,0,1,8,1,1,1,0,2,1,5,2,0,3,1
6,17,4,0,1,0,3,0,0,0,1,1,1,7,0,1,0,6,2,9,0
7,15,4,0,1,0,0,3,0,16,1,1,1,1,0,5,3,6,5,6,0
2,15,4,0,1,0,3,0,0,2,1,1,1,0,0,1,2,6,0,5,1
1,18,4,0,1,4,3,0,1,2,1,1,1,5,0,1,5,2,0,2,1
8,15,2,1,1,0,3,0,0,7,1,1,1,0,0,1,2,0,0,5,1
9,20,0,1,1,0,3,0,0,0,1,1,1,0,0,1,5,2,0,4,0
9,13,4,0,1,0,3,1,0,2,1,1,1,0,0,1,0,6,4,7,1
5,18,0,1,1,0,3,3,0,8,1,1,1,0,0,4,0,4,4,3,1
2,18,4,1,0,0,3,3,0,0,1,1,1,0,0,0,5,0,0,0,1
12,15,4,1,1,4,3,1,1,0,1,1,1,0,2,0,5,0,0,0,1
7,18,0,1,1,0,3,0,0,1,1,1,1,0,0,1,0,6,4,12,1
15,18,4,1,1,0,3,0,0,10,1,1,1,0,2,4,0,6,0,3,1
12,21,4,1,1,0,3,0,0,0,1,1,1,8,2,2,0,6,6,13,1
15,18,0,1,1,0,3,2,0,1,1,1,1,0,2,1,0,6,6,12,1
13,18,0,1,1,0,3,1,0,1,1,1,1,0,2,1,5,0,0,0,1
3,18,4,1,1,3,3,0,1,2,1,1,1,5,0,1,5,0,0,0,0
11,19,0,0,1,0,3,0,0,2,1,1,1,0,2,1,0,8,10,11,1
12,16,4,0,1,0,3,0,0,2,1,1,1,5,2,1,0,6,3,13,1
1,15,4,0,1,0,3,0,0,2,1,1,1,0,0,1,0,5,5,2,1
6,18,4,0,1,0,3,0,0,0,1,1,1,0,0,1,0,6,0,9,1
11,14,0,0,1,0,3,0,0,2,1,1,1,0,2,1,0,6,10,6,1
3,17,4,1,1,0,3,0,0,2,1,1,1,7,0,1,0,4,2,5,1
7,20,0,1,1,0,3,0,0,2,1,1,1,0,0,3,0,6,2,12,0
14,18,4,1,1,4,3,0,1,9,1,1,1,0,2,1,0,6,6,7,1
15,22,0,0,1,0,3,0,0,0,1,1,1,0,2,1,0,8,8,14,1
6,18,0,1,1,4,3,3,1,16,1,1,1,5,0,1,5,2,0,2,1
3,11,3,1,0,4,3,0,1,1,1,1,0,7,1,1,0,9,4,2,1
13,0,4,1,1,4,3,0,1,0,1,1,1,7,2,1,0,6,3,6,1
6,19,0,0,1,0,3,0,0,7,1,1,1,7,0,0,5,0,0,3,1
6,18,0,0,1,0,3,1,0,1,1,1,1,0,0,1,0,1,6,6,0
8,18,4,1,1,0,3,3,0,2,1,1,1,7,0,1,0,2,11,5,1
5,20,4,1,1,0,3,3,0,2,1,1,1,0,0,1,0,6,11,3,1
9,15,4,0,1,0,3,0,0,2,1,1,1,0,0,1,0,6,8,5,1
7,20,0,1,1,0,3,2,0,0,1,1,1,6,0,3,0,2,10,3,0
8,20,4,0,1,0,3,0,0,2,1,1,1,5,0,1,0,6,6,10,1
10,20,0,1,1,0,3,1,0,1,1,1,1,0,0,1,2,0,0,0,1
6,20,4,1,1,0,3,3,0,14,1,1,1,0,0,1,0,8,2,7,1
11,21,0,0,1,4,3,0,1,0,1,1,1,0,2,1,0,6,3,11,1
14,19,4,1,1,0,3,1,0,12,1,1,1,0,2,0,5,0,0,10,1
12,18,0,0,1,0,3,1,0,0,1,1,1,8,2,1,0,6,0,9,1
6,20,4,0,1,0,3,0,0,5,1,1,1,0,0,1,0,6,3,10,0
4,20,4,0,0,0,3,0,0,10,1,1,0,0,0,1,0,6,3,3,1
1,18,4,0,1,0,3,1,0,2,1,1,1,0,0,1,2,8,0,8,0
7,20,4,1,1,0,3,0,0,4,1,1,1,0,0,1,0,4,6,5,1
6,20,4,1,1,0,3,0,0,2,1,1,1,0,0,1,0,1,3,7,1
0,18,4,1,1,0,3,3,0,10,1,1,1,0,0,0,5,0,0,0,0
4,18,4,1,1,0,3,1,0,16,1,1,1,0,0,4,5,2,0,3,0
11,23,4,1,1,4,3,0,1,16,1,1,1,0,2,2,5,8,0,7,0
4,20,4,0,1,2,3,1,0,2,1,1,1,8,0,1,0,4,6,8,1
1,16,4,0,0,0,3,0,0,5,0,1,0,2,0,1,0,6,5,13,1
5,10,4,0,0,2,3,0,0,2,1,1,0,0,0,1,0,1,3,3,1
11,5,4,0,1,3,3,0,1,2,1,1,1,8,2,0,5,0,0,0,1
3,15,4,1,0,0,3,0,0,16,1,1,0,7,0,0,5,0,0,5,1
14,0,2,1,1,4,3,0,1,0,1,1,1,7,2,1,0,6,4,12,1
12,22,4,1,1,0,3,0,0,2,1,1,1,8,0,1,1,4,0,4,1
4,20,4,1,1,0,3,0,0,2,1,1,1,0,0,6,0,6,6,10,1
15,15,0,1,1,0,3,2,0,1,1,1,1,0,2,1,5,2,0,4,1
2,18,4,1,1,0,3,1,0,16,1,1,1,0,0,1,5,4,0,2,0
8,21,0,1,1,0,3,0,0,1,1,1,1,0,0,2,0,9,8,8,1
4,15,4,0,1,0,1,0,0,16,1,1,1,8,0,1,5,0,0,0,0
6,21,4,1,1,0,3,0,0,5,1,1,1,0,0,1,0,6,2,10,1
6,21,4,1,1,0,3,0,0,4,1,1,1,5,0,1,0,6,6,12,1
5,17,4,0,1,0,3,3,0,7,1,1,1,0,0,6,0,2,3,4,1
2,19,4,0,1,0,3,0,0,12,1,1,1,0,0,1,2,2,0,5,0
8,15,0,0,1,0,3,1,0,0,1,1,1,7,0,1,5,0,0,0,1
7,15,0,0,1,0,3,1,0,1,1,1,1,8,0,1,0,6,10,6,1
14,18,4,0,0,0,3,1,0,0,1,1,0,0,2,1,2,0,0,8,0
14,18,4,0,1,3,3,3,1,0,1,1,1,8,0,1,0,5,3,4,0
1,15,4,0,1,0,3,1,0,11,1,1,1,0,0,1,2,1,0,2,1
0,18,0,1,1,0,3,3,0,8,1,1,1,7,0,3,0,2,3,3,0
0,18,4,1,1,4,3,0,1,11,1,1,1,0,0,1,5,2,0,3,0
2,18,4,0,0,0,3,0,0,2,1,1,0,8,0,0,5,0,0,4,1
1,18,0,0,1,0,3,1,0,1,1,1,1,0,0,2,0,2,3,2,1
8,18,0,0,1,3,3,0,1,1,1,1,1,0,0,1,2,0,0,0,1
8,20,4,1,1,0,3,0,0,11,1,1,1,5,0,0,5,0,0,0,1
12,3,4,0,0,3,3,3,1,15,1,0,1,7,0,4,2,5,0,1,0
7,15,4,0,1,0,3,0,0,2,1,1,1,7,0,1,0,7,11,5,1
14,18,2,1,0,0,3,2,0,2,1,0,1,0,2,1,0,6,11,10,1
4,15,4,0,1,0,3,0,0,2,1,1,1,7,0,1,0,4,4,6,1
10,21,0,0,1,0,3,1,0,0,1,1,1,0,0,1,0,6,6,12,1
15,22,0,1,1,0,3,1,0,0,1,1,1,0,2,1,0,6,6,10,1
12,20,4,0,1,0,3,1,0,0,1,1,1,0,2,1,0,6,3,9,0
6,17,0,1,1,4,3,0,1,8,1,1,1,5,0,1,0,6,3,11,0
6,20,4,1,1,3,3,3,1,2,1,1,1,5,0,5,4,6,0,6,0
3,20,4,0,1,0,3,0,0,2,1,1,1,0,0,1,0,6,5,6,1
4,18,0,1,1,0,1,1,0,0,1,1,1,7,2,1,0,1,7,6,1
12,18,0,0,1,4,3,0,1,0,1,1,1,0,2,0,5,0,0,0,1
2,18,4,0,1,0,3,1,0,2,1,1,1,0,0,4,0,6,11,3,1
13,21,0,1,1,0,3,0,0,0,1,1,1,0,2,1,0,9,8,14,1
10,23,4,0,1,0,3,1,0,0,1,1,1,0,0,1,0,6,8,14,0
15,15,2,1,1,0,3,0,0,2,1,1,1,0,2,3,0,6,0,6,1
15,20,4,0,1,0,3,0,0,9,1,1,1,8,2,3,0,6,0,9,1
5,20,4,1,1,0,3,1,0,0,1,1,1,7,0,2,2,0,0,0,1
8,19,4,0,1,0,3,3,0,12,1,1,1,1,0,1,0,3,3,5,1
15,20,4,0,1,3,3,0,1,9,1,1,1,5,2,1,0,6,3,8,1
4,20,4,0,1,0,3,0,0,2,1,1,1,1,0,1,0,9,3,12,1
6,18,4,1,1,3,3,0,1,10,1,1,1,5,0,1,0,6,3,11,1
4,20,4,0,1,0,3,0,0,0,1,1,1,0,0,1,0,6,6,4,0
12,16,0,0,1,0,3,0,0,0,1,1,1,7,2,1,0,6,6,10,1
14,18,0,0,1,0,3,0,0,1,1,1,1,0,2,1,0,2,8,4,1
11,20,4,0,1,0,3,1,0,12,1,1,1,0,2,0,5,0,0,0,1
11,18,4,0,1,0,3,0,0,2,1,1,1,0,2,1,0,2,8,5,1
14,20,0,1,1,0,3,1,0,0,1,1,1,0,2,3,0,6,0,11,1
9,3,4,0,0,0,1,3,0,2,0,0,1,7,0,4,0,5,3,7,1
0,17,4,0,1,0,3,1,0,7,1,1,1,8,0,0,5,0,0,0,1
5,14,4,0,1,0,3,3,0,11,1,1,1,8,0,1,0,8,10,12,0
5,20,4,1,1,2,3,1,0,0,1,1,1,8,0,1,0,5,3,2,0
2,19,4,0,1,0,3,1,0,2,1,1,1,0,0,2,5,2,0,2,1
15,20,0,1,1,0,3,1,0,0,1,1,1,0,2,3,0,6,7,12,1
3,17,4,0,1,0,3,1,0,11,1,1,1,8,0,1,5,4,0,2,1
1,18,4,1,1,0,3,0,0,11,1,1,1,0,0,3,0,1,2,4,1
4,18,0,1,1,0,3,3,0,2,1,1,1,7,0,2,0,6,2,8,1
11,14,0,1,1,0,3,1,1,0,1,1,1,8,2,6,0,1,0,4,0
15,22,0,0,1,4,3,0,1,0,1,1,1,0,2,1,0,9,8,14,0
4,17,4,1,1,3,3,3,1,2,1,1,1,7,0,1,0,4,4,7,1
0,15,4,1,1,0,3,0,0,2,1,1,1,0,0,0,5,0,0,0,1
14,23,0,0,1,0,3,0,0,0,1,1,1,0,2,1,0,6,11,10,1
14,20,4,1,1,3,3,1,1,0,1,1,1,0,2,1,0,6,4,13,1
3,21,4,0,1,4,3,0,1,14,1,1,1,0,0,1,0,6,1,11,0
15,21,0,1,1,0,3,0,0,1,1,1,1,0,2,4,0,6,8,12,1
11,20,4,0,1,0,3,3,0,0,1,1,1,0,2,1,0,6,3,5,1
11,15,0,1,1,0,3,0,0,0,1,1,1,0,2,1,0,8,11,9,0
2,17,4,1,1,0,3,1,0,16,1,1,1,0,0,1,5,4,0,3,1
13,21,0,1,1,4,3,0,1,0,1,1,1,5,2,1,0,8,11,14,1
1,18,4,1,1,0,3,0,0,2,1,1,1,7,0,1,0,1,5,1,1
12,20,0,1,1,0,3,1,0,2,1,1,1,0,2,3,0,6,2,12,1
7,18,0,1,1,0,3,0,0,1,1,1,1,0,0,1,0,7,4,9,1
11,11,4,0,1,0,3,2,0,11,1,1,1,0,2,1,0,9,10,10,1
11,20,4,0,1,0,3,0,0,0,1,1,1,0,2,1,0,6,2,14,1
14,21,0,1,1,4,3,0,1,0,1,1,1,5,2,1,0,9,5,14,0
2,18,4,1,1,0,3,0,0,4,1,1,1,0,0,1,0,6,10,9,1
1,15,4,0,1,4,3,0,1,2,1,1,1,5,0,9,2,1,0,1,1
15,21,0,1,1,0,3,0,0,0,1,1,1,5,2,4,0,6,11,14,1
8,20,4,1,1,0,3,1,0,2,1,1,1,8,0,3,0,3,8,5,1
9,13,4,0,1,0,3,0,0,0,1,1,1,0,0,1,5,6,0,7,1
13,20,4,1,1,0,3,0,0,0,1,1,1,5,2,4,0,6,10,14,1
1,15,4,0,1,0,3,0,0,9,1,1,1,0,0,1,0,6,4,8,1
10,17,4,1,1,0,3,0,0,2,1,1,1,0,0,4,0,8,10,12,1
12,13,0,1,1,4,3,0,1,8,1,1,1,7,2,1,5,0,0,0,1
9,20,4,0,1,0,3,0,0,2,1,1,1,5,0,4,0,6,11,12,1
14,20,0,0,1,0,3,0,0,0,1,1,1,5,2,1,0,3,4,14,1
1,18,4,0,1,0,3,0,0,2,1,1,1,8,0,1,0,6,6,5,0
6,21,4,1,1,0,3,0,0,0,1,1,1,5,0,1,0,6,2,13,1
6,18,4,1,1,0,3,3,0,2,1,1,1,0,0,1,0,4,0,7,1
9,18,4,0,1,0,3,0,0,11,1,1,1,0,0,1,0,9,11,14,1
5,18,0,0,1,0,1,1,0,0,1,1,1,0,2,1,0,8,11,6,0
12,17,4,1,1,0,3,0,0,2,1,1,1,1,2,1,0,2,4,3,1
11,15,4,0,1,0,3,0,0,2,1,1,1,5,2,1,0,6,6,8,1
11,3,0,0,1,3,1,3,1,14,1,1,1,7,2,1,0,5,3,7,1
2,15,4,1,1,0,3,1,0,4,1,1,1,0,0,1,0,4,2,7,0
15,9,4,0,1,0,3,0,0,12,1,1,1,7,2,2,0,8,1,4,1
5,17,4,0,1,0,3,0,0,2,1,1,1,7,0,6,0,6,10,10,1
6,20,4,0,1,0,3,0,0,11,1,1,1,0,0,3,0,6,2,13,1
1,15,4,1,1,0,3,0,0,7,1,1,1,0,0,0,5,0,0,0,1
8,15,0,0,1,0,3,1,0,7,1,1,1,0,0,1,0,2,4,4,1
11,18,4,0,1,0,3,1,0,0,1,1,1,0,2,1,0,6,6,10,0
9,20,4,1,1,3,3,0,1,0,1,1,1,7,0,4,0,6,10,10,1
14,21,0,0,1,0,0,1,0,0,1,1,1,1,2,5,3,9,3,14,1
4,19,4,0,1,0,3,3,0,2,1,1,1,0,0,1,0,6,10,8,1
0,18,4,1,0,0,3,0,0,14,0,1,1,0,0,1,0,2,6,2,0
9,21,4,1,1,4,3,0,1,0,1,1,1,5,0,2,5,6,0,7,0
10,18,0,1,1,4,3,0,1,8,1,1,1,2,0,1,0,6,1,9,1
0,18,4,1,1,3,3,0,1,2,1,1,1,5,0,9,2,0,0,0,1
7,11,0,1,1,4,3,0,1,1,1,1,1,0,0,0,5,0,0,0,1
11,11,2,0,0,0,3,0,0,15,1,1,1,0,2,1,5,9,0,0,0
2,15,4,1,1,0,3,0,0,16,1,1,1,0,0,1,5,2,0,3,0
2,15,4,0,0,0,3,0,0,2,1,1,1,0,0,1,5,0,0,0,1
2,18,4,0,1,0,3,0,0,16,1,1,1,0,0,2,0,4,2,4,0
9,20,4,0,1,0,0,1,0,0,1,1,1,0,0,5,3,2,9,4,1
3,15,4,1,1,4,3,3,1,14,1,1,1,0,0,0,5,0,0,0,0
3,20,4,1,1,0,3,0,0,2,1,1,1,7,0,1,0,2,6,4,1
6,18,4,0,1,0,3,0,0,11,1,1,1,0,0,4,0,6,1,11,1
5,18,4,0,1,0,3,0,0,2,1,1,1,0,0,0,5,0,0,0,0
13,18,0,0,1,0,3,1,0,0,1,1,1,0,2,1,0,6,6,13,1
12,20,4,0,1,0,3,3,0,2,1,1,1,0,2,2,0,6,4,13,1
1,18,4,0,1,4,3,0,1,16,1,1,1,5,0,0,5,0,0,0,1
5,15,4,0,1,0,3,3,0,2,1,1,1,0,0,1,0,5,2,6,1
11,20,4,0,1,0,3,1,0,11,1,1,1,0,2,2,0,6,6,10,1
4,20,4,0,1,0,3,0,0,11,1,1,1,0,0,1,0,6,2,11,0
7,20,4,1,1,0,3,0,0,12,1,1,1,0,0,1,0,6,2,11,1
15,20,0,1,1,0,3,0,0,0,1,1,1,0,2,2,0,7,1,14,1
8,18,4,1,1,0,3,0,0,12,1,1,1,0,0,0,5,0,0,5,1
10,19,4,0,1,0,3,3,0,11,1,1,1,8,0,1,0,2,3,5,0
1,18,4,0,1,0,3,0,0,16,1,1,1,5,0,0,5,0,0,0,1
13,19,0,1,1,3,3,3,1,1,1,1,1,0,2,1,0,6,3,13,1
13,20,4,0,1,0,3,1,0,12,1,1,1,0,2,1,0,7,7,13,1
5,20,4,0,1,0,0,1,0,0,1,1,1,1,0,5,3,9,3,10,0
10,18,4,1,1,0,3,0,0,0,1,1,1,0,0,1,0,6,5,9,0
2,18,4,0,0,0,3,1,0,0,1,1,0,0,0,2,0,2,6,6,1
2,18,4,0,1,0,3,3,0,7,1,1,1,0,0,1,0,2,8,3,1
3,18,4,0,1,0,3,3,0,11,1,1,1,0,0,1,0,9,1,5,1
1,18,4,1,1,0,3,0,0,0,1,1,1,0,0,1,0,1,1,2,1
1,15,4,0,1,4,3,0,1,2,1,1,1,0,0,1,5,1,0,2,1
13,20,4,0,1,3,3,0,1,11,1,1,1,5,2,1,0,6,10,13,0
1,18,4,0,1,0,3,1,0,2,1,1,1,0,0,1,0,5,5,4,0
8,19,0,0,1,0,3,0,0,0,1,1,1,0,0,1,0,9,6,13,1
11,20,0,0,1,4,3,0,1,1,1,1,1,0,2,1,0,6,8,13,1
6,15,4,1,1,0,3,0,0,7,1,1,1,7,0,0,5,0,0,7,1
11,20,4,0,1,0,3,0,0,0,1,1,1,0,2,1,2,6,0,6,1
1,15,4,0,1,0,3,0,0,2,1,1,1,7,0,1,2,1,0,1,1
7,20,4,1,1,0,3,0,0,12,1,1,1,0,0,0,5,0,0,0,1
7,20,0,1,1,0,3,0,0,1,1,1,1,0,0,1,0,1,6,2,0
9,20,4,1,1,3,3,0,1,0,1,1,1,0,0,1,0,9,1,8,0
14,23,2,1,1,0,3,0,0,0,1,1,1,0,2,1,0,6,6,7,1
2,18,4,1,1,0,3,1,0,16,1,1,1,8,0,1,5,1,0,2,1
14,18,4,0,1,0,3,3,0,2,1,1,1,0,2,1,0,6,5,13,1
12,22,3,1,1,0,3,0,0,0,1,1,1,0,2,7,0,7,8,8,0
1,15,4,0,1,0,3,3,0,2,1,1,1,0,0,1,0,6,2,8,1
9,15,0,0,1,4,3,3,1,0,1,1,1,8,0,1,0,2,9,7,1
0,18,4,0,1,0,3,0,0,2,1,1,1,0,0,0,5,0,0,0,1
1,18,4,0,1,0,3,0,0,2,1,1,1,7,0,0,5,0,0,0,1
10,20,0,1,1,0,3,0,0,0,1,1,1,0,0,3,0,8,4,13,1
3,15,4,0,1,0,3,0,0,2,1,1,1,5,0,1,0,8,3,9,1
4,15,4,1,1,0,3,0,0,3,1,1,1,1,0,1,0,2,1,5,0
10,20,4,0,1,0,3,1,0,11,1,1,1,0,0,2,0,7,4,10,0
7,20,4,0,1,0,3,1,0,0,1,1,1,0,0,4,0,5,5,10,0
11,21,0,1,1,0,3,2,0,1,1,1,1,0,2,1,0,6,3,12,1
7,15,4,0,1,0,3,0,0,2,1,1,1,7,0,1,0,6,4,11,1
2,18,4,0,1,0,3,1,0,11,1,1,1,0,0,1,5,4,0,5,0
14,21,4,0,1,0,3,0,0,0,1,1,1,5,2,1,0,8,0,11,1
10,21,4,1,1,0,3,0,0,12,1,1,1,5,0,1,0,6,2,14,0
3,19,4,1,1,0,3,0,0,2,1,1,1,1,0,1,0,2,3,4,1
12,20,4,0,1,0,3,1,0,0,1,1,1,8,2,1,0,8,8,11,1
6,18,4,0,0,0,3,3,0,11,1,1,0,0,0,0,5,0,0,0,0
15,15,4,0,1,0,3,0,0,2,1,1,1,0,2,1,0,6,8,6,0
7,15,0,1,1,0,3,0,0,16,1,1,1,5,0,1,0,6,1,8,1
8,20,4,0,1,0,3,1,0,0,1,1,1,0,0,2,0,9,11,13,1
5,18,4,1,1,0,3,0,0,2,1,1,1,0,0,1,0,3,4,6,1
3,17,4,0,1,0,3,0,0,2,1,1,1,7,0,1,2,1,0,4,1
14,18,4,0,1,3,3,0,1,2,1,1,1,0,2,6,0,6,6,6,1
0,17,4,1,1,0,3,1,0,2,1,1,1,8,0,1,0,2,3,3,1
0,18,4,0,1,0,3,3,0,11,1,1,1,0,0,1,5,0,0,0,0
12,2,4,0,0,3,3,2,1,7,1,0,0,7,0,6,0,6,6,4,1
14,19,0,0,1,0,3,1,0,1,1,1,1,0,2,1,0,6,5,11,0
15,17,0,0,1,4,3,0,1,1,1,1,1,0,2,1,5,6,0,2,0
15,15,4,0,1,0,3,1,0,2,1,1,1,7,2,0,5,0,0,0,1
8,18,4,1,1,0,3,1,0,0,1,1,1,8,0,1,0,6,11,13,0
0,18,4,0,1,0,3,1,0,16,1,1,1,0,0,1,5,1,0,2,0
15,18,0,0,1,0,1,0,0,0,1,1,1,0,2,1,0,4,7,9,1
9,14,4,0,1,0,3,0,0,2,1,1,1,0,0,1,0,6,1,6,1
1,17,4,1,1,4,3,1,1,9,1,1,1,2,0,1,0,3,5,1,1
4,22,4,1,1,0,3,0,0,2,1,1,1,0,0,1,0,4,4,8,1
13,15,0,0,1,4,3,0,1,1,1,1,1,0,2,1,0,6,10,11,1
5,15,4,1,1,4,3,0,1,0,1,1,1,5,0,1,0,6,1,11,1
11,18,4,1,1,3,3,0,1,0,1,1,1,0,2,1,5,4,0,4,0
15,18,4,0,1,0,3,0,0,0,1,1,1,0,2,4,0,6,1,6,1
11,20,4,0,1,2,3,0,0,2,1,1,1,5,2,1,0,6,10,8,1
0,17,4,0,1,0,3,1,0,2,1,1,1,7,0,1,0,4,2,4,1
4,18,4,0,1,0,3,0,0,2,1,1,1,0,0,1,0,7,6,9,1
7,21,0,0,1,0,3,0,0,0,1,1,1,0,0,6,0,6,10,13,0
14,15,2,1,0,0,3,1,0,0,1,1,1,0,2,1,5,0,0,0,1
9,15,0,0,1,0,0,2,0,6,1,1,1,6,0,5,3,6,2,14,1
13,15,0,1,1,4,3,0,1,0,1,1,1,0,2,9,2,0,0,0,1
12,20,4,0,1,0,3,1,0,0,1,1,1,8,2,1,0,8,1,13,1
11,20,4,1,1,0,3,1,0,2,1,1,1,0,2,0,5,0,0,0,1
1,18,4,1,0,0,3,3,0,16,1,1,0,0,0,2,0,1,1,4,1
11,14,0,0,1,0,3,0,0,0,1,1,1,0,2,1,0,6,10,12,0
4,15,4,1,1,0,3,0,0,7,1,1,1,2,0,1,5,0,0,0,1
7,20,0,1,1,0,3,3,0,0,1,1,1,0,0,2,0,6,6,9,1
0,18,4,0,1,0,3,3,0,0,1,1,1,0,0,1,5,0,0,0,1
13,20,0,1,1,0,3,1,0,1,1,1,1,0,2,1,0,3,5,14,1
12,18,4,0,1,0,3,1,0,0,1,1,1,0,2,1,0,9,3,14,1
11,20,4,1,1,0,3,0,0,11,1,1,1,5,2,1,2,6,0,14,1
11,20,0,0,1,0,3,1,0,0,1,1,1,0,2,1,0,6,2,13,1
3,15,4,0,1,0,3,0,0,2,1,1,1,7,0,0,5,0,0,0,1
1,15,4,0,0,0,3,0,0,2,0,1,1,7,0,1,0,2,8,5,1
7,18,4,0,1,0,3,3,0,5,1,1,1,0,0,1,0,6,10,9,1
7,13,0,1,1,0,3,0,0,8,1,1,1,7,0,1,0,6,3,6,1
6,20,4,1,1,0,3,1,0,2,1,1,1,0,0,1,0,6,1,11,1
10,20,4,0,1,0,3,1,0,0,1,1,1,0,0,2,0,6,8,13,1
7,15,4,1,1,4,3,0,1,2,1,1,1,5,0,1,5,0,0,0,1
5,2,0,1,1,2,3,1,0,0,1,1,1,7,0,4,0,5,10,6,0
4,19,4,0,1,0,3,1,0,2,1,1,1,0,0,0,5,0,0,5,1
1,18,4,1,1,0,3,0,0,16,1,1,1,5,0,1,5,0,0,0,0
10,20,4,0,1,0,3,3,0,2,1,1,1,0,0,1,2,0,0,0,1
6,18,4,1,1,0,3,0,0,0,1,1,1,1,0,1,0,3,4,7,0
10,15,0,0,1,3,3,0,1,0,1,1,1,7,0,1,0,6,3,10,1
15,23,0,1,1,4,3,0,1,0,1,1,1,5,2,1,0,6,6,10,1
1,13,4,0,1,0,3,0,0,15,1,1,1,0,0,0,5,0,0,13,0
15,18,0,1,1,0,3,1,0,1,1,1,1,0,2,1,2,6,0,10,1
10,18,0,1,1,0,3,0,0,0,1,1,1,0,0,1,0,8,2,10,1
0,18,4,0,1,0,3,2,0,0,1,1,1,0,0,1,2,6,0,8,1
4,18,4,0,1,4,3,0,1,2,1,1,1,7,0,1,0,9,6,2,1
8,21,4,0,1,0,3,0,0,11,1,1,1,5,0,4,0,6,11,12,0
15,17,0,0,1,0,3,0,0,0,1,1,1,0,2,1,0,6,11,13,1
14,21,0,1,1,0,3,1,0,1,1,1,1,8,2,4,0,6,8,12,1
15,19,4,0,1,0,3,0,0,0,1,1,1,7,2,1,0,6,6,8,1
10,21,4,0,1,4,3,0,1,0,1,1,1,5,0,1,0,8,11,14,0
13,15,0,0,1,0,3,0,0,1,1,1,1,7,2,1,0,6,2,11,0
7,19,0,1,1,0,3,3,0,2,1,1,1,0,0,1,0,2,2,5,1
6,11,4,0,0,0,3,0,0,15,1,1,1,0,0,1,5,0,0,0,1
2,0,4,0,1,0,3,0,0,2,1,1,1,7,0,1,0,8,3,6,1
2,15,4,1,1,4,3,0,1,2,1,1,1,0,0,1,0,2,3,5,1
13,20,4,1,1,0,3,3,0,11,1,1,1,0,2,1,0,8,3,10,1
15,21,0,0,1,0,3,0,0,1,1,1,1,0,2,1,0,8,4,13,1
12,20,4,0,1,0,3,0,0,0,1,1,1,5,2,1,0,1,2,5,0
13,21,0,0,1,3,3,0,1,1,1,1,1,5,2,2,0,6,6,11,1
8,18,4,0,1,0,3,0,0,2,1,1,1,7,0,1,0,6,8,8,1
1,15,4,1,1,3,3,0,1,2,1,1,1,5,0,0,5,0,0,0,0
10,15,4,1,1,3,3,0,1,0,1,1,1,5,0,1,0,7,4,13,1
3,15,4,0,1,3,3,0,1,16,1,1,1,5,0,9,2,0,0,0,1
13,20,4,1,1,0,3,1,0,0,1,1,1,0,2,2,0,6,2,7,0
3,15,4,0,1,0,3,0,0,2,1,1,1,7,0,1,0,5,3,5,1
15,21,0,1,1,4,3,0,1,1,1,1,1,7,2,1,0,6,10,13,1
0,18,4,0,1,0,3,0,0,2,1,1,1,0,0,0,5,0,0,0,1
1,17,4,1,1,0,3,1,0,0,1,1,1,0,0,2,0,1,3,3,1
4,12,2,1,1,4,3,0,1,0,1,1,1,2,0,6,5,0,0,0,1
1,15,4,0,1,0,0,0,0,16,1,1,1,1,0,5,3,5,9,6,1
12,15,4,0,1,0,3,0,0,2,1,1,1,0,2,1,5,2,0,2,0
15,22,0,1,1,0,3,1,0,1,1,1,1,0,2,1,0,7,3,12,1
9,18,0,1,1,0,3,1,0,0,1,1,1,0,0,0,5,0,0,0,0
9,20,0,0,1,4,3,0,1,0,1,1,1,5,0,1,0,6,6,14,1
4,19,4,1,1,0,3,0,0,2,1,1,1,7,0,1,0,2,4,5,1
10,19,0,1,1,0,3,0,0,1,1,1,1,0,0,1,1,3,0,11,1
13,12,0,0,1,0,3,0,0,1,1,1,1,7,2,1,0,6,11,12,1
3,18,0,1,1,3,3,1,1,0,1,1,1,8,0,1,5,0,0,0,0
14,15,0,0,1,0,3,0,0,1,1,1,1,7,2,1,5,0,0,0,0
6,18,4,1,1,0,3,0,0,12,1,1,1,0,0,1,0,6,6,10,1
7,13,4,0,1,0,3,0,0,0,1,1,1,8,0,1,0,6,10,13,1
9,16,4,0,0,0,3,1,0,2,1,1,0,0,0,1,0,5,0,8,1
2,18,4,0,1,0,3,0,0,11,1,1,1,0,0,1,0,2,3,4,0
5,20,4,1,1,0,3,0,0,2,1,1,1,5,0,1,0,1,3,5,1
0,17,4,0,1,0,3,0,0,2,1,1,1,7,0,1,5,8,0,5,1
0,17,4,0,1,0,3,1,0,2,1,1,1,8,0,0,5,0,0,0,1
12,18,0,1,1,4,3,3,1,0,1,1,1,0,2,1,0,6,6,12,1
8,15,4,1,1,0,3,0,0,2,1,1,1,0,0,1,0,5,8,10,1
8,18,4,0,1,3,3,0,1,5,1,1,1,7,0,1,0,6,4,10,1
13,21,0,0,1,0,3,1,0,0,1,1,1,8,2,1,0,6,2,14,1
4,15,4,0,1,0,3,0,0,15,1,1,1,0,0,0,5,0,0,2,1
14,21,0,0,1,4,3,0,1,1,1,1,1,5,2,1,0,6,6,14,0
6,18,4,0,1,0,3,1,0,12,1,1,1,8,0,1,0,6,8,9,0
12,18,0,0,1,0,3,0,0,1,1,1,1,0,2,1,0,6,3,11,0
13,15,0,0,1,3,3,0,1,0,1,1,1,0,2,1,0,6,10,12,1
15,21,0,0,1,0,3,0,0,0,1,1,1,0,2,1,0,6,4,13,0
8,20,4,0,1,0,3,0,0,2,1,1,1,0,0,1,0,6,4,10,0
2,18,4,0,1,0,3,0,0,2,1,1,1,0,0,1,5,0,0,0,1
1,18,4,1,1,0,3,0,0,2,1,1,1,0,0,0,5,0,0,0,1
5,15,4,0,1,0,3,0,0,2,1,1,1,0,0,5,0,9,4,2,1
1,18,4,0,1,0,3,0,0,2,1,1,1,5,0,0,5,0,0,0,1
8,20,4,1,1,0,3,1,0,0,1,1,1,0,0,1,0,2,4,4,1
13,17,4,0,1,4,3,0,1,0,1,1,1,0,2,6,5,0,0,0,1
2,17,4,1,1,0,3,0,0,4,1,1,1,5,0,1,0,4,3,3,1
15,19,4,0,1,3,3,3,1,2,1,1,1,8,2,1,0,6,8,10,1
15,21,0,0,1,4,3,0,1,0,1,1,1,5,2,4,0,6,1,13,1
6,13,4,0,0,0,3,0,0,2,1,1,1,0,0,0,5,0,0,5,1
13,17,0,0,0,0,3,1,0,1,1,1,0,0,2,1,0,5,3,8,0
1,18,4,0,1,0,3,0,0,2,1,1,1,0,0,0,5,0,0,0,0
15,20,0,1,1,0,3,0,0,1,1,1,1,0,2,1,2,0,0,0,1
3,15,4,0,1,0,3,0,0,2,1,1,1,0,0,1,0,6,3,2,1
8,20,2,0,0,0,3,0,0,0,1,1,1,5,0,1,0,7,11,14,0
7,0,4,0,0,4,3,0,1,2,1,1,1,7,0,0,5,0,0,0,1
8,21,4,0,1,0,3,2,0,0,1,1,1,0,0,1,0,6,9,12,0
14,8,4,0,1,4,3,0,1,11,1,1,1,0,2,1,0,6,4,6,1
7,18,0,1,1,0,3,0,0,0,1,1,1,0,0,0,5,0,0,0,1
7,21,4,1,1,0,3,2,0,0,1,1,1,0,0,1,0,6,3,12,0
4,18,4,0,1,0,3,3,0,2,1,1,1,0,0,1,0,6,5,10,1
6,18,4,0,1,0,3,1,0,16,1,1,1,1,0,1,0,6,11,5,0
13,21,4,1,1,0,3,0,0,0,1,1,1,0,2,1,0,8,11,14,1
9,21,4,0,1,0,3,1,0,2,1,1,1,0,0,2,0,6,4,8,1
0,17,4,0,1,0,3,1,0,2,1,1,1,0,0,1,5,3,0,2,1
11,17,0,0,1,0,3,0,0,15,1,1,1,0,2,1,5,3,0,2,0
8,15,4,1,1,4,3,1,1,2,1,1,1,7,0,1,0,6,8,6,1
6,18,4,1,1,4,3,0,1,14,1,1,1,7,0,1,0,4,6,7,0
14,21,4,0,1,3,3,0,1,2,1,1,1,5,2,9,2,4,0,13,1
1,14,4,0,1,0,3,3,0,11,1,1,1,5,0,1,0,3,2,4,1
15,15,0,0,1,4,3,1,1,0,1,1,1,0,2,1,0,4,2,2,0
7,20,4,0,1,0,3,0,0,2,1,1,1,5,0,1,0,6,11,13,1
10,21,4,1,1,4,3,0,1,14,1,1,1,5,0,1,2,6,0,10,0
14,19,0,1,1,3,3,0,1,0,1,1,1,0,2,1,0,6,11,6,1
3,20,4,0,1,0,3,1,0,12,1,1,1,5,0,0,5,0,0,0,1
0,13,4,1,1,0,3,1,0,8,1,1,1,0,0,1,0,2,1,6,1
12,20,4,0,1,0,3,1,0,0,1,1,1,0,2,1,0,6,4,13,1
10,18,0,0,1,0,3,1,0,0,1,1,1,0,0,1,2,8,0,14,0
14,15,4,0,1,0,3,0,0,16,1,1,1,1,0,2,5,5,0,4,1
11,21,4,0,1,0,3,0,0,0,1,1,1,0,2,2,0,9,6,12,1
7,15,4,1,1,4,3,0,1,5,1,1,1,5,0,0,5,0,0,0,1
5,20,4,1,1,0,3,1,0,2,1,1,1,0,0,2,0,8,3,12,1
10,14,4,0,1,3,3,3,1,7,1,1,1,0,0,1,2,0,0,0,1
9,20,4,1,1,0,3,0,0,12,1,1,1,0,0,1,0,6,8,14,1
13,18,0,1,1,3,3,1,1,1,1,1,1,5,2,1,0,7,3,10,1
5,15,4,1,1,0,3,0,0,2,1,1,1,7,0,0,5,0,0,0,1
6,18,4,1,1,0,3,1,0,5,1,1,1,7,0,1,0,2,3,5,1
7,20,4,0,1,0,3,0,0,2,1,1,1,5,0,1,0,6,5,14,0
7,16,0,0,1,0,3,0,0,1,1,1,1,7,0,0,5,0,0,0,1
8,20,4,0,1,0,3,0,0,0,1,1,1,0,0,1,0,6,6,14,0
9,18,4,0,1,0,3,3,0,14,1,1,1,7,0,7,0,6,3,10,1
3,20,4,1,1,0,3,0,0,12,1,1,1,5,0,2,0,6,4,11,0
5,20,4,1,1,0,3,1,0,0,1,1,1,0,0,3,5,0,0,0,1
10,18,4,0,1,0,3,1,0,11,1,1,1,0,0,1,0,6,11,12,0
13,18,0,1,0,0,3,0,0,8,1,1,0,0,2,3,5,0,0,0,1
3,19,4,1,1,0,3,0,0,2,1,1,1,5,0,1,0,6,4,10,1
3,18,4,0,1,0,3,3,0,2,1,1,1,0,0,1,0,4,3,2,1
14,21,0,1,1,0,3,1,0,0,1,1,1,0,2,3,0,9,3,11,1
9,15,4,0,1,0,0,1,0,16,1,1,1,1,0,5,3,6,1,7,1
13,15,0,1,1,0,3,3,0,0,1,1,1,5,2,1,0,6,7,12,1
2,18,4,1,1,0,3,1,0,0,1,1,1,8,0,5,0,6,2,5,0
9,18,4,0,1,0,3,1,0,2,1,1,1,0,0,1,0,6,4,9,1
12,15,2,1,1,0,3,0,0,0,1,1,1,0,2,1,0,6,2,11,1
13,20,0,1,1,4,3,0,1,1,1,1,1,5,2,0,5,0,0,0,1
0,15,4,1,1,0,3,3,0,11,1,1,1,0,0,3,2,4,0,6,1
14,18,0,0,1,0,3,1,0,0,1,1,1,0,2,1,0,9,3,11,1
7,13,4,0,1,0,3,0,0,2,1,1,1,0,0,1,0,4,1,6,1
0,13,4,0,1,0,3,3,0,2,1,1,1,8,0,0,5,0,0,6,1
14,20,4,0,1,0,3,1,0,0,1,1,1,0,2,2,0,8,0,13,1
15,18,4,0,1,4,3,0,1,0,1,1,1,7,2,1,0,6,3,8,0
7,19,4,1,1,4,3,0,1,0,1,1,1,5,0,1,0,6,6,6,1
5,19,4,0,1,0,3,0,0,12,1,1,1,0,0,1,0,4,3,5,1
13,20,0,0,1,0,3,1,0,0,1,1,1,0,2,1,0,6,5,13,1
11,15,0,0,1,0,3,1,0,0,1,1,1,8,2,1,0,6,4,9,1
2,15,4,0,1,0,3,0,0,2,1,1,1,0,0,1,0,6,2,3,1
14,19,4,1,1,0,3,3,0,12,1,1,1,4,2,3,0,8,8,11,1
6,19,4,0,1,3,3,0,1,16,1,1,1,5,0,1,0,6,2,8,1
10,21,4,1,1,0,3,0,0,0,1,1,1,0,0,1,2,6,0,5,0
10,23,4,0,1,2,3,0,0,2,1,1,1,0,0,1,0,6,6,14,1
5,20,4,0,0,0,3,0,0,2,1,1,1,5,0,1,0,6,6,13,1
13,20,4,0,1,0,3,1,0,2,1,1,1,1,2,1,0,5,8,14,1
7,21,0,0,1,0,3,1,0,1,1,1,1,8,0,1,0,6,10,13,1
2,15,4,0,1,4,3,0,1,2,1,1,1,0,0,1,0,6,8,6,1
8,15,4,0,1,0,3,0,0,2,1,1,1,0,0,0,5,0,0,0,1
12,15,4,0,1,0,3,0,0,9,1,1,1,8,0,4,0,5,8,8,0
1,18,4,0,1,0,3,0,0,2,1,1,1,5,0,0,5,0,0,0,1
1,14,4,1,1,4,3,0,1,9,1,1,1,0,0,1,5,1,0,1,0
8,0,4,1,1,0,3,3,0,2,1,1,1,0,0,0,5,0,0,7,1
9,19,4,1,1,0,3,0,0,12,1,1,0,1,0,3,0,3,7,9,1
2,15,4,1,1,0,3,0,0,2,1,1,1,7,0,0,5,0,0,0,1
15,11,4,0,1,4,3,3,1,11,1,1,1,0,2,1,0,9,1,10,1
7,19,4,1,1,0,3,0,0,2,1,1,1,0,0,2,5,0,0,0,0
7,20,4,1,1,0,3,3,0,5,1,1,1,5,0,0,5,0,0,10,1
15,11,3,0,1,4,3,0,1,0,1,1,1,7,2,6,0,3,5,2,1
10,0,4,0,1,4,3,0,1,2,1,1,1,7,0,1,0,6,3,9,1
1,15,4,0,1,0,3,3,0,2,1,1,1,7,0,1,0,6,4,2,1
15,15,4,0,1,0,3,0,0,0,1,1,1,7,2,1,0,6,4,10,1
12,22,4,1,1,0,3,0,0,9,1,1,1,8,0,2,0,4,0,8,0
8,15,4,1,1,4,3,0,1,2,1,1,1,7,0,1,0,6,8,5,1
9,19,4,1,1,0,3,0,0,0,1,1,1,7,0,1,0,6,6,11,0
0,18,4,0,1,0,3,0,0,5,1,1,1,0,0,0,5,0,0,0,1
0,15,4,1,1,0,3,0,0,5,1,1,1,0,0,1,0,3,5,3,1
15,15,0,1,1,4,3,0,1,1,1,1,1,0,2,1,0,4,2,8,1
6,20,4,0,1,0,3,0,0,15,1,1,1,0,0,4,5,0,0,0,0
12,18,0,0,1,0,3,0,0,0,1,1,1,0,2,2,0,6,4,11,1
0,15,4,0,1,0,3,0,0,2,1,1,1,7,0,3,0,2,4,4,1
6,20,0,1,1,4,3,0,1,0,1,1,1,0,0,1,0,6,3,13,0
11,18,4,1,1,0,3,0,0,2,1,1,1,0,2,1,0,6,2,9,1
14,18,4,0,1,0,3,0,0,0,1,1,1,0,2,1,0,8,3,11,1
11,20,4,0,1,0,3,1,0,0,1,1,1,8,2,1,0,6,0,14,1
7,19,4,1,1,0,3,0,0,12,1,1,1,1,0,2,0,6,1,13,1
2,15,4,0,1,0,3,1,0,2,1,1,1,0,0,0,5,0,0,4,1
6,15,4,0,1,0,3,1,0,16,1,1,1,0,0,2,0,6,2,8,0
7,21,4,1,1,0,3,0,0,0,1,1,1,0,0,2,0,6,1,9,0
0,15,4,1,1,4,3,0,1,16,1,1,1,0,0,2,0,8,10,7,1
8,20,4,0,1,0,3,1,0,12,1,1,1,0,0,1,0,3,4,5,0
9,20,4,0,1,0,3,1,0,11,1,1,1,8,0,3,0,7,6,13,0
8,18,0,1,1,3,3,0,1,0,1,1,1,5,0,0,5,0,0,0,1
10,18,0,0,1,0,3,0,0,0,1,1,1,1,0,1,0,9,11,13,0
6,20,4,1,1,0,3,3,0,0,1,1,1,1,0,1,5,0,0,0,0
12,18,0,1,1,0,3,0,0,0,1,1,1,5,2,1,0,6,8,11,1
15,20,0,1,1,0,3,3,0,1,1,1,1,0,2,2,0,9,11,12,1
6,19,4,0,1,0,3,1,0,0,1,1,1,5,0,1,0,5,5,10,1
6,19,4,0,1,0,3,0,0,2,1,1,1,7,0,1,5,0,0,0,1
4,20,4,1,0,0,3,3,0,9,1,1,1,4,0,1,5,5,0,4,1
8,20,4,1,1,0,3,0,0,0,1,1,1,7,0,4,0,5,4,5,1
15,15,4,0,1,0,3,1,0,0,1,1,1,0,2,1,0,6,8,12,1
5,18,4,0,1,0,3,3,0,5,1,1,1,7,0,1,0,6,2,4,1
10,20,4,0,1,0,3,1,0,0,1,1,1,0,0,4,0,7,6,11,0
0,18,4,0,1,0,3,0,0,2,1,1,1,0,0,0,5,0,0,0,1
5,20,0,1,1,0,3,1,0,0,1,1,1,0,0,2,0,9,2,9,0
13,20,0,0,1,0,3,1,0,0,1,1,1,0,2,1,0,6,8,14,0
12,15,4,1,1,0,3,0,0,2,1,1,1,7,2,1,2,0,0,0,1
0,18,4,1,1,0,3,0,0,16,1,1,1,5,0,0,5,0,0,0,0
14,23,0,0,1,4,3,0,1,8,1,1,1,7,2,4,0,6,5,7,1
9,13,4,1,1,2,3,1,0,12,1,1,1,0,2,1,0,6,6,6,1
4,20,0,1,1,0,3,0,0,2,1,1,1,1,0,1,0,6,2,7,0
4,18,4,1,1,0,3,0,0,14,1,1,1,7,0,1,5,0,0,1,1
8,15,4,0,1,0,3,0,0,5,1,1,1,0,0,1,0,6,4,12,1
4,17,4,0,1,0,3,0,0,15,1,1,1,0,0,0,5,0,0,0,0
8,20,0,1,1,0,2,0,0,5,1,1,1,7,0,1,0,8,4,13,1
6,22,4,0,1,4,3,0,1,7,1,1,1,5,0,1,0,6,3,10,1
2,18,4,0,1,0,3,0,0,2,1,1,1,0,0,1,0,1,2,2,1
15,23,0,1,1,3,3,0,1,15,1,1,1,0,2,4,5,6,0,14,1
11,22,4,1,1,3,3,0,1,0,1,1,1,1,2,1,1,9,0,10,1
14,19,0,1,1,3,3,3,1,1,1,1,1,5,2,1,5,0,0,0,1
3,19,4,1,1,0,3,0,0,2,1,1,1,0,0,1,0,6,6,10,1
13,21,0,1,1,0,3,0,0,0,1,1,1,5,2,1,0,9,10,14,1
11,15,4,0,1,0,3,1,0,7,1,1,1,0,2,1,0,2,1,3,1
8,16,4,0,1,4,3,0,1,9,1,1,1,2,0,1,0,6,3,2,1
5,17,0,0,1,0,3,0,0,8,1,1,1,0,0,4,5,2,0,5,1
7,18,4,0,1,0,3,0,0,2,1,1,1,0,0,1,0,6,7,5,1
10,17,0,0,0,0,3,0,0,8,1,1,0,0,0,0,5,0,0,0,1
10,20,0,1,1,0,3,0,0,1,1,1,1,5,0,1,0,6,7,13,0
2,15,4,1,1,0,3,0,0,0,1,1,1,8,0,5,5,6,0,3,0
14,15,4,0,1,0,3,1,0,2,1,1,1,0,2,2,0,6,6,13,1
8,6,3,0,1,0,3,3,0,7,1,1,1,7,0,1,0,6,8,4,1
8,20,4,1,1,0,3,3,0,2,1,1,1,0,0,3,0,3,4,6,1
8,15,0,0,1,4,3,0,1,1,1,1,1,8,0,0,5,0,0,7,0
5,17,4,1,1,4,3,3,1,11,1,1,1,7,0,1,5,4,0,5,0
5,19,4,1,1,0,3,0,0,2,1,1,1,0,0,1,0,2,10,4,1
14,14,4,1,1,0,3,3,0,2,1,1,1,0,2,7,0,6,3,5,1
14,23,2,1,1,0,3,1,0,0,1,1,1,0,2,1,0,6,8,13,1
12,19,4,1,1,3,3,3,1,9,1,1,1,5,0,1,0,4,5,4,1
2,19,4,1,1,0,3,0,0,2,1,1,1,0,0,1,0,4,2,4,1
8,18,4,0,1,0,3,0,0,2,1,1,1,7,0,1,0,6,3,9,1
10,20,4,0,1,0,3,1,0,5,1,1,1,0,0,1,0,8,4,14,1
11,17,0,1,1,0,3,1,0,1,1,1,1,0,2,4,0,4,5,7,1
8,19,4,0,1,0,1,3,0,0,1,1,1,0,0,1,0,9,11,14,0
3,20,4,0,1,4,3,0,1,11,1,1,1,0,0,1,0,8,3,14,0
8,16,4,1,0,0,3,0,0,0,1,0,0,0,0,6,0,6,0,3,1
14,14,4,1,1,0,3,0,0,12,1,1,1,7,2,0,5,0,0,0,1
14,20,4,0,1,0,3,1,0,2,1,1,1,0,2,1,0,6,1,11,1
1,17,4,0,1,0,3,1,0,16,1,1,1,0,0,2,5,2,0,3,0
5,20,4,0,1,0,3,0,0,2,1,1,1,0,0,1,0,6,11,11,1
13,21,4,1,1,4,3,0,1,0,1,1,1,5,2,1,0,9,4,14,0
12,14,0,0,1,0,3,0,0,15,1,1,1,7,2,0,5,0,0,0,1
8,20,4,0,1,3,3,0,1,0,1,1,1,5,0,3,0,6,6,11,1
9,18,4,0,1,0,3,3,0,2,1,1,1,0,0,1,5,0,0,0,0
4,15,4,0,1,0,3,3,0,2,1,1,1,0,0,1,0,6,4,8,1
3,11,0,0,0,0,3,2,0,1,1,1,1,0,0,1,5,9,0,0,1
7,20,4,1,1,0,3,1,0,2,1,1,1,0,0,1,0,1,3,6,1
11,16,4,1,1,0,3,0,0,12,1,1,1,7,2,1,0,6,2,4,1
6,18,4,0,1,4,3,0,1,0,1,1,1,5,0,2,0,1,3,3,1
4,19,4,0,1,0,3,1,0,2,1,1,1,0,0,1,0,3,5,5,1
4,18,4,1,0,0,3,3,0,2,1,1,1,5,0,1,0,2,4,4,1
14,20,4,1,1,4,3,0,1,0,1,1,1,5,0,6,0,5,0,4,0
14,10,0,0,1,0,3,0,0,0,1,1,1,0,2,5,0,6,8,10,1
0,15,4,1,1,0,3,1,0,5,1,1,1,0,0,1,5,0,0,0,1
8,20,4,0,1,0,3,0,0,2,1,1,1,0,0,1,0,7,7,12,1
1,15,4,0,1,4,3,0,1,2,1,1,1,5,0,1,0,1,3,3,1
10,15,0,0,1,0,3,2,0,8,1,1,1,0,0,1,0,2,3,3,1
11,22,4,1,1,3,3,0,1,7,1,1,1,5,2,1,0,6,2,10,1
9,20,4,0,1,0,3,0,0,2,1,1,1,8,0,3,0,6,6,6,1
9,15,4,0,1,4,3,0,1,4,1,1,1,5,0,0,5,0,0,7,1
0,15,4,0,1,0,3,0,0,7,1,1,1,7,0,1,0,3,4,4,1
1,17,4,1,1,0,3,0,0,2,1,1,1,5,0,1,0,2,3,4,0
15,22,4,0,1,0,3,1,0,15,1,1,1,1,2,0,5,0,0,0,1
7,19,4,0,1,0,3,3,0,2,1,1,1,0,0,1,0,4,6,4,0
0,18,4,0,1,0,3,0,0,2,1,1,1,7,0,1,5,0,0,0,1
4,18,4,1,1,0,3,3,0,11,1,1,1,0,0,1,0,4,2,6,1
9,20,4,0,1,0,3,1,0,11,1,1,1,0,0,1,0,6,3,11,1
2,18,4,0,1,0,3,1,0,16,1,1,1,0,0,1,5,2,0,2,0
11,19,4,0,1,0,3,0,0,0,1,1,1,0,0,2,0,4,3,4,0
3,13,0,1,1,0,3,1,0,8,1,1,1,0,0,1,5,4,0,3,1
12,20,0,1,1,0,3,0,0,1,1,1,1,5,2,2,0,6,11,14,0
12,19,0,1,1,0,3,0,0,0,1,1,1,0,2,1,0,6,6,14,1
10,20,4,1,1,3,3,1,1,12,1,1,1,0,0,1,0,5,3,5,0
3,19,4,0,1,0,3,0,0,2,1,1,1,0,0,1,0,3,4,2,1
15,21,0,0,1,4,3,0,1,0,1,1,1,5,2,1,0,6,8,14,0
8,17,3,1,1,3,3,3,1,1,1,1,1,0,2,1,5,0,0,6,1
0,18,4,1,1,0,3,1,0,16,1,1,1,0,0,2,5,1,0,1,0
7,18,0,0,1,0,3,0,0,1,1,1,1,0,0,1,0,6,3,5,1
4,16,4,0,1,0,0,3,0,16,1,1,1,4,0,5,3,9,3,4,1
5,20,4,1,1,0,3,0,0,2,1,1,1,5,0,1,0,6,2,8,1
1,21,4,1,0,0,3,0,0,2,0,1,1,0,0,1,0,2,2,13,1
12,20,4,0,1,0,3,0,0,0,1,1,1,0,2,2,0,9,6,11,1
4,19,4,0,1,0,3,0,0,2,1,1,1,0,0,1,0,6,5,7,1
12,16,4,0,1,0,3,0,0,15,1,1,1,0,2,0,5,0,0,0,1
4,20,4,0,1,0,3,0,0,2,1,1,1,5,0,1,0,8,10,13,1
13,19,0,1,1,0,3,1,0,0,1,1,1,0,2,2,5,0,0,0,1
6,14,0,1,1,0,3,0,0,2,1,1,1,0,0,1,5,0,0,0,1
11,19,4,1,1,4,3,0,1,0,1,1,1,0,2,1,0,4,11,6,1
9,5,4,0,0,2,3,1,0,2,0,0,0,3,0,8,0,4,3,4,1
0,15,4,1,1,0,3,0,0,2,1,1,1,7,0,1,0,6,6,3,1
12,17,2,1,1,0,3,0,0,0,1,1,1,0,2,1,0,9,8,12,0
11,20,4,1,1,0,3,1,0,12,1,1,1,0,2,3,0,6,3,11,1
5,15,4,1,1,0,3,1,0,2,1,1,1,0,0,1,5,0,0,2,1
5,17,4,1,1,0,3,1,0,7,1,1,1,0,0,1,0,5,3,3,1
10,17,0,0,1,0,3,3,0,1,1,1,1,7,0,1,0,6,8,10,1
13,21,0,1,1,0,3,0,0,0,1,1,1,0,2,2,0,6,2,13,1
4,12,4,0,1,0,3,0,0,7,1,1,1,8,0,1,5,0,0,1,1
10,20,4,1,1,3,3,0,1,0,1,1,1,0,0,3,0,6,5,8,1
15,20,4,1,1,0,3,1,0,0,1,1,1,0,2,1,2,2,0,4,1
14,15,2,1,1,0,3,1,0,5,1,1,1,0,2,1,0,6,6,10,1
6,20,4,0,1,0,3,3,0,11,1,1,1,1,0,1,0,6,5,9,0
12,18,4,0,1,3,1,0,1,0,1,1,1,0,2,5,3,7,0,13,0
8,16,0,0,1,0,3,3,0,0,1,1,1,7,0,1,0,9,3,13,0
2,15,4,1,0,0,3,3,0,3,1,1,1,7,0,1,0,2,4,5,1
1,17,4,1,1,0,3,0,0,2,1,1,1,7,0,1,2,2,0,3,0
2,18,4,1,1,0,3,0,0,4,1,1,1,5,0,0,5,0,0,4,1
7,15,0,1,1,0,3,0,0,0,1,1,1,7,0,1,0,6,6,9,1
12,18,0,0,1,0,3,0,0,8,1,1,1,0,2,1,0,2,3,11,1
13,10,2,0,1,4,3,0,1,7,1,1,1,0,2,9,2,0,0,0,1
2,19,4,1,1,0,3,0,0,2,1,1,1,0,0,4,0,1,1,2,1
1,15,4,0,1,0,3,1,0,2,1,1,1,0,0,3,0,5,5,6,1
12,17,4,1,1,0,3,0,0,2,1,1,1,0,2,6,2,0,0,8,1
0,15,4,0,0,0,3,3,0,16,1,1,0,0,0,0,5,0,0,0,1
13,18,0,1,1,0,3,0,0,0,1,1,1,7,2,1,0,2,2,5,0
13,20,4,0,1,0,3,0,0,0,1,1,1,0,2,1,0,7,6,14,1
1,18,4,1,1,0,3,0,0,16,1,1,1,0,0,0,5,0,0,0,1
0,17,4,1,1,0,3,0,0,16,1,1,1,0,0,0,5,0,0,0,0
13,21,0,0,1,0,3,1,0,0,1,1,1,5,2,1,0,6,4,14,0
9,20,4,0,1,4,3,3,1,12,1,1,1,5,0,1,0,7,10,13,0
3,18,4,1,1,3,3,0,1,2,1,1,1,0,0,9,2,0,0,0,1
10,18,0,0,1,0,1,0,0,14,1,1,1,0,0,1,0,6,3,12,0
0,18,4,0,1,0,3,0,0,16,1,1,1,5,0,1,5,0,0,0,0
2,15,4,1,1,0,3,3,0,9,1,1,1,7,0,1,0,3,6,6,1
9,20,0,1,1,0,3,0,0,0,1,1,1,0,0,1,0,8,8,13,1
1,18,4,1,1,0,3,0,0,2,1,1,1,0,0,1,5,3,0,3,0
4,18,4,1,1,0,3,1,0,0,1,1,1,5,0,1,0,2,2,4,1
7,20,4,0,1,4,3,0,1,0,1,1,1,5,0,1,0,6,4,13,0
6,20,4,0,1,0,3,3,0,2,1,1,1,8,0,8,2,6,0,10,1
2,18,4,1,1,0,3,0,0,16,1,1,1,0,0,1,0,6,6,5,1
0,18,4,0,1,0,3,0,0,2,1,1,1,1,0,1,0,4,10,1,1
8,13,4,0,1,0,3,0,0,2,1,1,1,0,0,0,5,0,0,0,1
1,15,4,0,0,0,3,3,0,6,0,1,0,6,0,0,5,0,0,0,0
14,21,4,1,1,0,3,1,0,0,1,1,1,5,2,1,0,2,2,14,1
14,19,0,0,1,3,3,0,1,8,1,1,1,0,2,1,0,7,5,10,1
14,20,0,1,1,0,3,1,0,0,1,1,1,0,2,1,1,6,0,10,1
11,17,0,1,1,3,3,0,1,1,1,1,1,7,2,3,0,4,2,5,0
7,18,4,1,1,0,3,3,0,2,1,1,1,8,0,6,0,1,4,5,1
6,18,4,1,1,0,3,3,0,5,1,1,1,7,0,1,0,6,3,6,1
2,18,4,1,1,0,3,1,0,0,1,1,1,8,0,0,5,0,0,0,0
2,15,4,0,1,0,3,0,0,9,1,1,1,0,0,1,0,6,2,9,1
8,13,4,1,1,0,3,3,0,4,1,1,1,7,0,1,5,0,0,0,1
13,20,0,0,1,0,3,1,0,0,1,1,1,0,2,1,0,7,7,13,1
1,13,4,0,1,0,3,0,0,2,1,1,1,0,0,0,5,0,0,0,1
2,15,4,0,1,0,0,3,0,16,1,1,1,0,0,5,3,9,1,7,0
14,20,0,0,1,0,3,0,0,8,1,1,1,5,2,3,0,8,0,11,1
4,17,4,0,1,0,3,1,0,7,1,1,1,0,0,1,0,2,1,2,1
12,22,0,1,1,0,3,0,0,1,1,1,1,0,2,7,0,9,8,13,1
14,19,4,0,1,0,3,3,0,2,1,1,1,7,2,1,0,6,11,11,1
12,21,4,1,1,0,3,0,0,2,1,1,1,1,2,4,0,1,1,3,1
10,17,0,1,1,0,3,1,0,0,1,1,1,0,0,1,0,8,8,11,1
6,13,4,0,1,0,3,0,0,15,1,1,1,1,0,1,5,0,0,0,1
7,15,4,0,1,0,3,0,0,5,1,1,1,7,0,1,0,6,6,6,1
8,18,2,0,1,0,3,0,0,7,1,1,1,0,0,1,0,6,8,7,1
2,15,4,0,0,0,3,0,0,16,1,1,1,0,0,1,0,2,4,4,1
0,15,4,1,1,3,3,0,1,2,1,1,1,0,0,1,1,6,0,9,1
4,15,4,0,1,0,3,0,0,14,1,1,1,0,0,1,0,6,10,7,1
10,0,4,0,1,4,3,0,1,0,1,1,1,7,0,1,0,8,4,12,0
12,17,4,1,1,0,3,0,0,0,1,1,1,0,2,1,0,9,2,11,1
2,14,4,1,1,0,3,0,0,16,1,1,1,0,0,9,2,0,0,0,1
8,20,0,0,1,4,3,0,1,0,1,1,1,5,0,6,0,6,8,10,1
5,17,4,0,1,0,1,0,0,0,1,1,1,0,0,5,2,0,0,2,1
2,15,0,1,1,0,3,0,0,8,1,1,1,7,0,1,0,6,6,6,0
15,21,0,1,1,4,3,0,1,0,1,1,1,5,2,1,0,6,2,14,1
3,20,0,1,1,0,3,1,0,1,1,1,1,0,0,1,1,6,0,11,1
3,15,4,0,1,0,0,0,0,16,1,1,1,2,0,5,3,9,3,5,1
5,18,4,1,1,0,3,0,0,2,1,1,1,0,0,0,5,0,0,0,0
9,20,4,0,1,3,3,0,1,2,1,1,1,5,0,1,0,6,6,13,1
2,19,0,1,1,0,3,0,0,8,1,1,1,0,0,0,5,0,0,0,1
4,20,4,1,1,0,3,3,0,14,1,1,1,0,0,1,0,2,2,4,1
14,11,0,1,0,4,3,0,1,1,1,1,1,7,2,0,5,0,0,0,1
2,18,4,0,1,0,0,1,0,0,1,1,1,0,0,5,3,5,3,6,1
6,20,4,1,1,0,3,0,0,2,1,1,1,0,0,1,0,3,5,7,1
8,14,0,0,1,0,3,0,0,2,1,1,1,0,0,1,0,6,5,12,0
5,18,4,1,1,0,3,0,0,7,1,1,1,5,0,1,0,5,11,6,1
12,18,2,1,1,4,3,0,1,0,1,1,1,5,2,1,0,3,4,9,1
11,17,0,0,1,0,3,0,0,2,1,1,1,0,2,2,0,6,11,12,1
8,20,4,0,0,0,3,1,0,2,1,1,1,5,0,1,0,8,11,13,1
6,15,4,0,1,0,3,3,0,2,1,1,1,0,0,1,0,4,4,6,1
9,0,4,0,1,4,3,0,1,0,1,1,1,0,0,1,0,6,1,11,1
10,17,0,1,1,0,3,0,0,1,1,1,1,0,0,0,5,0,0,0,1
11,21,0,0,1,0,3,0,0,1,1,1,1,0,2,1,0,6,4,11,0
12,19,4,0,1,0,3,3,0,11,1,1,1,0,2,1,0,4,3,7,1
8,1,4,1,1,4,3,0,1,11,1,1,1,5,0,0,5,0,0,0,0
14,20,4,1,1,0,3,0,0,12,1,1,1,0,2,1,0,6,10,11,1
1,18,4,0,1,0,3,0,0,12,1,1,1,5,0,1,0,4,2,8,0
1,13,4,0,1,0,3,1,0,2,1,1,1,0,0,1,0,9,5,13,1
0,18,4,0,1,0,3,3,0,2,1,1,1,0,0,0,5,0,0,2,1
7,20,4,0,1,0,3,0,0,2,1,1,1,0,0,1,0,5,0,6,1
10,19,4,0,1,0,3,3,0,2,1,1,1,0,0,3,0,6,8,5,1
6,13,4,1,0,0,3,0,0,3,1,0,1,1,0,0,5,0,0,2,1
13,15,0,1,1,4,3,0,1,1,1,1,1,7,2,1,0,6,2,9,1
7,17,0,1,1,0,3,1,0,0,1,1,1,7,0,2,0,6,2,10,0
8,20,4,1,1,0,3,0,0,2,1,1,1,0,0,3,0,6,6,7,0
2,15,4,1,1,0,3,1,0,0,1,1,1,0,0,1,0,1,2,4,1
5,18,4,0,1,0,3,0,0,12,1,1,1,0,0,1,0,6,1,6,0
1,18,4,0,1,0,3,1,0,2,1,1,1,0,0,1,0,1,2,4,1
7,20,0,1,1,0,3,0,0,0,1,1,1,0,0,1,0,6,2,14,1
10,15,2,1,1,0,3,0,0,2,1,1,1,0,0,1,0,6,4,8,1
2,12,4,1,1,0,3,0,0,0,1,1,1,5,0,1,2,0,0,0,1
1,18,4,0,0,0,3,1,0,2,1,1,0,8,0,0,5,0,0,4,1
7,20,4,0,1,0,3,1,0,0,1,1,1,0,0,1,0,6,3,6,1
1,19,4,0,1,4,3,0,1,11,1,1,1,5,0,1,0,6,4,13,1
12,21,0,0,1,0,3,0,0,0,1,1,1,0,2,1,0,9,2,14,0
7,13,4,0,1,0,3,0,0,2,1,1,1,1,0,1,0,6,4,5,1
4,20,4,0,1,0,3,0,0,11,1,1,1,7,0,1,0,6,10,11,1
5,20,4,1,1,0,3,1,0,0,1,1,1,1,0,5,2,6,0,2,0
9,21,0,0,1,3,3,0,1,1,1,1,1,5,0,1,0,6,6,9,0
8,17,4,1,1,0,3,3,0,0,1,1,1,0,0,1,0,3,4,10,0
5,22,4,0,1,4,3,0,1,11,1,1,1,5,0,1,0,6,4,11,1
5,20,4,1,1,3,3,1,1,0,1,1,1,8,0,1,5,1,0,4,1
12,20,0,1,1,4,3,0,1,1,1,1,1,5,2,2,5,0,0,0,1
7,17,4,0,1,0,3,0,0,2,1,1,1,0,0,1,2,0,0,0,0
10,19,2,1,1,0,3,0,0,2,1,1,1,7,0,1,0,6,8,7,1
9,20,4,0,1,0,3,1,0,12,1,1,1,0,0,1,0,8,4,13,1
4,15,4,0,1,0,3,0,0,2,1,1,1,7,0,0,5,0,0,0,1
9,20,4,0,1,0,3,3,0,2,1,1,1,0,0,1,0,6,11,13,1
5,19,4,0,1,0,3,3,0,2,1,1,1,0,0,1,0,4,2,4,0
7,18,4,0,1,0,3,0,0,14,1,1,1,0,0,1,0,6,6,7,1
3,20,4,1,1,0,3,0,0,11,1,1,1,0,0,1,2,2,0,5,0
3,18,4,1,1,0,3,0,0,2,1,1,1,0,0,0,5,0,0,0,1
8,11,4,0,1,0,3,1,0,7,1,1,1,0,0,6,0,1,1,1,1
12,18,0,1,1,0,3,1,0,0,1,1,1,0,2,2,0,6,3,9,1
2,18,4,0,1,0,3,0,0,11,1,1,1,0,0,0,5,0,0,0,1
15,22,0,0,1,0,3,0,0,15,1,1,1,1,2,0,5,0,0,0,0
3,15,4,0,1,0,1,1,0,2,1,1,1,8,0,1,5,0,0,0,1
6,20,4,1,1,0,3,3,0,11,1,1,1,7,0,1,0,6,4,13,0
10,14,4,0,0,0,3,0,0,3,1,1,0,1,0,1,0,9,1,3,1
6,19,4,1,1,0,3,0,0,0,1,1,1,1,0,4,0,6,10,12,1
0,18,4,1,1,0,3,0,0,2,1,1,1,0,0,1,0,2,3,4,1
2,12,4,1,1,2,3,3,0,2,1,1,1,0,0,5,2,0,0,9,1
10,16,0,0,1,0,3,0,0,5,1,1,1,7,0,1,0,6,6,10,1
14,16,4,1,1,0,3,0,0,2,1,1,1,4,0,1,0,5,3,4,1
6,18,0,0,1,4,3,0,1,1,1,1,1,0,0,1,0,6,3,11,1
4,15,4,1,1,0,3,1,0,4,1,1,1,0,0,1,2,0,0,0,0
3,18,4,0,1,4,3,0,1,2,1,1,1,7,0,1,0,6,2,2,1
1,15,4,0,1,0,3,0,0,2,1,1,1,0,0,1,0,4,4,4,1
8,20,4,0,1,0,3,0,0,2,1,1,1,5,0,1,1,3,0,11,1
11,20,0,1,1,0,3,3,0,0,1,1,1,0,2,4,0,8,0,11,1
0,17,4,0,1,0,3,3,0,16,1,1,1,5,0,0,5,0,0,0,1
5,22,4,0,1,0,3,1,0,0,1,1,1,0,0,1,0,6,4,11,0
1,17,4,0,1,0,3,3,0,2,1,1,1,5,0,1,0,4,3,13,1
8,15,4,1,1,4,3,0,1,0,1,1,1,0,0,1,0,6,6,11,0
0,19,4,0,1,0,3,0,0,16,1,1,1,0,0,3,5,1,0,3,1
0,15,4,1,1,0,3,0,0,2,1,1,1,7,0,0,5,0,0,0,1
7,19,4,1,1,0,3,0,0,2,1,1,1,0,0,1,0,6,1,9,1
14,14,0,0,1,0,3,0,0,0,1,1,1,0,2,1,0,8,8,14,0
11,20,0,1,1,0,3,0,0,2,1,1,1,0,2,1,0,4,8,6,1
9,15,0,0,1,0,3,1,0,2,1,1,1,0,0,1,0,6,11,12,1
2,18,4,1,1,0,3,1,0,2,1,1,1,8,0,1,0,1,2,3,1
7,16,4,1,0,0,3,0,0,3,1,1,0,0,0,0,5,0,0,0,1
10,13,4,0,1,0,3,0,0,15,1,1,1,1,0,0,5,0,0,0,0
15,15,4,1,1,0,3,0,0,2,1,1,1,0,2,1,0,5,0,3,1
2,18,4,0,1,0,3,1,0,16,1,1,1,8,0,1,5,1,0,2,1
12,19,4,0,1,0,3,1,0,2,1,1,1,0,2,1,0,6,6,6,1
14,15,0,0,1,4,3,0,1,0,1,1,1,0,2,6,0,6,10,11,1
15,22,0,1,1,0,3,1,0,1,1,1,1,8,2,1,0,6,0,14,1
14,23,2,0,1,0,3,1,0,0,1,1,1,0,2,1,0,8,8,14,0
15,20,0,0,1,0,3,2,0,0,1,1,1,0,2,1,0,6,10,14,1
2,22,4,0,1,0,3,1,0,7,1,1,1,8,0,1,0,6,4,7,1
3,17,4,0,1,0,3,0,0,2,1,1,1,0,0,1,0,4,4,7,1
14,20,0,1,1,4,3,0,1,1,1,1,1,5,2,1,0,6,5,14,1
15,20,4,1,1,3,3,0,1,10,1,1,1,5,2,1,0,6,8,10,1
3,21,4,0,1,0,3,1,0,0,1,1,1,0,0,3,0,6,10,12,1
0,15,4,1,1,0,3,1,0,2,1,1,1,0,0,1,0,1,0,1,1
2,15,4,0,1,0,3,0,0,7,1,1,1,7,0,1,0,9,1,9,1
7,4,0,0,1,4,3,1,1,11,1,1,1,7,0,3,0,7,5,11,1
0,15,4,1,1,4,3,0,1,5,1,1,1,0,0,0,5,0,0,0,1
8,19,4,1,1,0,3,0,0,0,1,1,1,7,0,0,5,0,0,0,1
3,15,4,0,1,0,3,1,0,2,1,1,1,0,0,1,0,6,6,11,1
1,18,4,0,1,0,3,3,0,5,1,1,1,0,0,2,0,6,4,13,1
11,23,0,1,1,0,3,3,0,13,1,1,1,8,2,2,5,0,0,0,0
12,13,4,1,1,0,3,0,0,2,1,1,1,7,2,1,0,6,8,13,1
8,15,4,1,1,0,3,1,0,7,1,1,1,8,0,1,0,6,1,9,1
9,15,4,1,0,4,3,0,1,6,1,1,0,5,0,3,2,6,0,6,1
0,17,4,1,1,0,3,0,0,16,1,1,1,0,0,1,5,4,0,2,1
6,18,4,1,1,4,3,0,1,14,1,1,1,0,0,1,0,4,0,9,0
13,20,0,1,1,0,3,0,0,1,1,1,1,0,2,0,5,0,0,0,1
6,20,4,1,1,0,3,0,0,12,1,1,1,0,0,1,0,4,5,7,1
12,18,4,1,1,0,3,0,0,2,1,1,1,0,2,1,5,0,0,2,1
0,18,4,1,1,0,3,1,0,2,1,1,1,8,0,9,2,0,0,0,1
0,17,4,1,1,0,3,3,0,2,1,1,1,0,0,0,5,0,0,0,1
8,21,4,1,1,0,3,0,0,9,1,1,1,5,0,3,0,4,11,3,0
4,15,4,0,1,0,3,0,0,2,1,1,1,7,0,1,5,0,0,0,0
9,15,4,0,1,0,3,1,0,2,1,1,1,0,0,1,0,6,11,8,1
0,17,4,1,1,0,3,0,0,5,1,1,1,7,0,0,5,0,0,0,1
9,20,4,0,1,0,3,0,0,0,1,1,1,0,0,3,0,9,5,12,1
13,17,4,0,1,0,3,3,0,11,1,1,1,0,2,1,0,7,6,13,0
1,17,4,0,1,0,3,0,0,2,1,1,1,0,0,1,0,6,5,7,1
10,23,0,0,1,0,3,0,0,0,1,1,1,0,0,1,0,8,11,14,1
11,20,4,1,1,0,3,0,0,0,1,1,1,0,2,1,0,6,0,11,1
2,18,4,1,1,0,1,3,0,11,1,1,1,0,2,1,0,3,9,6,0
0,18,4,1,1,4,3,0,1,11,1,1,1,5,0,0,5,0,0,0,1
10,15,4,0,1,3,3,0,1,2,1,1,1,1,0,1,0,9,2,6,1
15,15,4,0,1,4,3,0,1,9,1,1,1,7,2,4,0,6,11,5,1
11,19,4,1,1,0,3,1,0,0,1,1,1,0,2,7,0,4,0,8,1
1,18,4,1,1,0,3,3,0,10,1,1,1,8,0,1,0,6,7,6,1
13,20,2,0,1,0,3,0,0,7,1,1,1,1,2,1,0,6,6,7,1
15,22,4,0,1,0,3,0,0,15,1,1,1,1,2,0,5,0,0,0,0
15,15,0,0,1,0,3,0,0,0,1,1,1,0,2,1,0,8,3,12,1
11,21,0,1,1,4,3,0,1,1,1,1,1,5,2,0,5,0,0,0,1
9,18,0,0,1,4,3,0,1,0,1,1,1,0,0,1,0,6,2,11,0
9,20,4,0,1,0,3,0,0,2,1,1,1,1,0,1,0,6,3,10,1
5,12,4,0,1,0,3,0,0,5,1,1,1,0,0,1,2,0,0,5,1
14,10,0,0,0,0,3,0,0,0,1,1,1,0,2,5,0,8,5,10,0
13,15,4,1,1,0,3,3,0,9,1,1,1,0,2,1,0,6,5,9,1
13,7,4,0,1,0,3,0,0,2,1,1,1,7,2,7,0,5,3,7,1
4,10,0,0,1,4,3,0,1,2,1,1,1,0,0,0,5,0,0,0,1
11,18,0,0,1,0,3,1,0,0,1,1,1,0,2,7,0,6,10,13,1
2,15,4,1,1,0,3,0,0,2,1,1,1,0,0,0,5,0,0,0,1
3,18,4,1,1,0,3,1,0,2,1,1,1,0,0,1,0,2,9,2,0
14,22,4,0,1,0,3,0,0,12,1,1,1,0,2,1,0,4,9,13,1
14,19,0,0,1,0,3,1,0,0,1,1,1,0,2,6,0,8,3,14,1
0,15,4,0,1,0,1,0,0,14,1,1,1,0,0,1,0,8,3,9,1
10,19,0,0,1,0,1,1,0,1,1,1,1,8,0,5,2,0,0,0,1
0,19,4,1,1,0,3,0,0,2,1,1,1,0,0,1,0,3,4,4,1
15,19,0,1,1,0,3,0,0,1,1,1,1,0,2,1,0,6,4,12,1
9,20,4,1,1,0,3,3,0,12,1,1,1,0,0,0,5,0,0,0,1
0,18,4,0,1,0,3,0,0,16,1,1,1,0,0,1,0,4,3,5,1
3,19,4,1,1,0,3,0,0,2,1,1,1,8,0,1,0,2,2,3,1
5,15,4,1,1,0,3,0,0,2,1,1,1,0,0,1,0,2,8,4,1
0,16,4,1,1,3,3,0,1,16,1,1,1,0,0,9,3,3,0,1,1
9,15,4,0,1,0,3,0,0,5,1,1,1,0,0,1,0,8,4,10,1
5,17,4,0,1,0,3,0,0,2,1,1,1,0,0,1,0,4,3,5,1
8,17,4,0,1,3,3,0,1,2,1,1,1,7,0,1,0,2,8,4,1
15,15,0,0,1,0,3,3,0,1,1,1,1,7,2,1,0,6,4,9,1
1,15,4,0,1,0,3,1,0,7,1,1,1,0,0,1,0,5,2,4,1
8,20,4,1,1,4,3,0,1,2,1,1,1,5,0,0,5,0,0,0,1
2,18,4,0,1,0,3,0,0,2,1,1,1,1,0,1,0,9,6,4,1
5,20,4,0,1,0,3,1,0,16,1,1,1,0,0,1,5,0,0,0,0
11,15,0,0,1,0,3,3,0,0,1,1,1,0,2,1,2,2,0,8,1
13,20,0,1,1,0,3,3,0,0,1,1,1,0,2,1,0,9,5,14,1
3,15,4,0,0,0,3,0,0,14,1,1,0,0,0,0,5,0,0,4,0
12,18,0,0,1,0,3,0,0,0,1,1,1,8,2,1,5,0,0,0,1
13,15,0,0,1,0,3,3,0,0,1,1,1,0,2,1,0,9,6,14,1
11,20,0,1,1,0,3,1,0,0,1,1,1,0,2,1,0,7,2,11,1
3,18,4,1,1,0,3,1,0,2,1,1,1,0,0,1,0,5,2,8,1
2,18,4,1,1,0,3,3,0,2,1,1,1,0,0,1,5,0,0,5,1
3,18,4,1,1,0,3,1,0,12,1,1,1,8,0,1,0,1,3,5,0
13,23,4,0,1,2,3,1,0,2,1,1,1,8,2,8,5,0,0,0,1
15,16,3,0,1,0,3,0,1,9,1,1,1,0,2,6,0,7,0,4,1
10,20,0,1,1,0,3,1,0,1,1,1,1,0,0,1,0,6,3,13,1
14,11,0,0,1,0,3,0,0,1,1,1,1,0,2,1,2,4,0,2,1
9,20,4,1,1,0,3,1,0,0,1,1,1,8,0,2,0,6,8,13,1
1,18,4,1,1,4,3,0,1,2,1,1,1,7,0,1,0,2,2,4,1
11,15,0,1,1,4,3,0,1,0,1,1,1,0,2,0,5,0,0,0,0
9,18,4,1,1,0,3,0,0,0,1,1,1,7,0,1,5,6,0,3,0
15,18,2,1,1,3,3,2,1,16,1,1,1,7,2,1,3,3,1,8,0
11,15,0,1,1,0,3,3,0,2,1,1,1,7,2,0,5,0,0,0,1
15,15,4,0,1,0,3,0,0,12,1,1,1,0,2,0,5,0,0,0,1
8,0,4,0,1,4,3,0,1,7,1,1,1,0,0,0,5,0,0,7,1
3,15,4,1,1,0,3,0,0,2,1,1,1,0,0,2,5,1,0,1,1
8,20,4,1,1,0,3,0,0,11,1,1,1,0,0,3,0,6,2,7,1
5,20,4,1,1,0,3,2,0,0,1,1,1,0,0,1,0,2,3,2,1
2,19,4,0,1,0,3,0,0,2,1,1,1,7,0,1,0,3,6,4,1
14,19,4,1,1,0,3,1,0,12,1,1,1,0,2,0,5,0,0,10,1
13,20,0,1,1,0,3,0,0,1,1,1,1,7,2,7,0,5,0,4,1
0,18,4,1,1,0,3,3,0,11,1,1,1,8,0,1,0,4,1,6,0
10,14,0,1,1,0,3,0,0,0,1,1,1,7,0,1,0,6,8,12,1
14,18,0,0,1,0,3,0,0,0,1,1,1,0,2,1,0,8,4,11,1
13,12,0,0,1,0,3,0,0,1,1,1,1,8,2,5,2,0,0,5,0
10,18,0,0,1,0,3,1,0,2,1,1,1,0,0,1,2,6,0,8,1
7,13,4,0,1,4,3,0,1,0,1,1,1,7,0,6,0,8,4,6,0
13,17,4,0,0,0,3,1,0,15,1,1,0,0,2,0,5,0,0,0,1
11,11,0,0,0,2,3,3,0,8,0,1,0,7,1,1,0,2,3,2,1
6,15,4,1,1,4,3,0,1,5,1,1,1,5,0,1,5,1,0,3,1
14,20,0,1,1,3,3,0,1,0,1,1,1,5,2,1,5,0,0,0,0
2,15,4,0,1,0,3,0,0,11,1,1,1,0,0,1,0,8,4,6,0
4,18,4,0,1,0,3,0,0,2,1,1,1,0,0,1,0,3,4,8,1
1,14,4,1,0,0,3,3,0,2,1,1,0,0,0,0,5,0,0,0,1
10,15,0,1,1,0,3,0,0,0,1,1,1,0,0,0,5,0,0,4,1
0,12,4,1,1,0,3,0,0,0,1,1,1,0,0,1,1,1,0,1,1
13,20,4,0,1,4,3,0,1,2,1,1,1,5,2,0,5,0,0,0,1
14,15,0,1,1,0,3,0,0,1,1,1,1,0,2,1,2,0,0,0,0
3,20,4,0,1,0,3,1,0,2,1,1,1,8,0,1,0,6,3,10,0
10,20,4,0,1,0,3,0,0,0,1,1,1,0,0,1,2,8,0,14,1
12,20,4,1,1,0,3,1,0,2,1,1,1,8,2,2,0,6,0,11,1
9,16,4,1,1,0,3,0,0,2,1,1,1,7,0,9,2,0,0,0,1
2,19,4,1,0,2,3,1,0,4,0,1,0,4,0,1,0,5,3,4,1
7,19,4,0,1,0,3,0,0,0,1,1,1,7,0,1,0,7,8,10,1
2,15,0,0,1,0,1,0,0,16,1,1,1,0,0,1,5,8,0,2,1
5,15,4,0,1,3,3,3,1,11,1,1,1,5,0,1,0,6,4,12,0
4,18,4,1,0,0,3,0,0,2,1,1,1,0,0,1,5,0,0,4,0
3,19,4,1,1,0,3,0,0,12,1,1,1,8,0,2,0,6,6,7,1
4,20,4,1,1,3,3,0,1,0,1,1,1,7,0,1,5,6,0,4,0
6,21,4,0,1,0,3,0,0,0,1,1,1,5,0,1,0,6,6,13,0
8,15,4,0,1,0,3,0,0,2,1,1,1,0,0,2,5,0,0,0,1
8,19,4,1,1,0,3,1,0,2,1,1,1,0,0,2,0,6,0,9,1
6,18,0,0,1,0,3,0,0,2,1,1,1,7,0,0,5,0,0,0,1
0,15,4,0,1,2,3,3,0,2,1,1,1,0,0,0,5,0,0,5,1
0,18,4,0,1,0,3,1,0,2,1,1,1,0,0,0,5,0,0,0,1
1,18,4,1,1,0,3,0,0,2,1,1,1,2,0,1,5,0,0,0,1
4,19,4,0,1,0,3,1,0,2,1,1,1,0,0,6,0,1,3,6,1
7,15,4,0,1,0,3,1,0,2,1,1,1,0,0,1,0,6,10,8,1
14,20,4,1,1,4,3,0,1,14,1,1,1,0,2,1,0,5,0,7,1
7,18,4,0,1,0,3,0,0,0,1,1,1,5,0,1,0,6,7,10,1
15,15,0,0,1,4,3,0,1,1,1,1,1,7,2,1,0,6,0,6,1
8,22,4,0,1,0,3,3,0,0,1,1,1,0,0,1,0,6,9,14,1
11,20,4,0,1,0,3,0,0,14,1,1,1,0,2,1,0,8,3,13,1
13,19,4,1,1,4,3,0,1,2,1,1,1,7,2,1,0,5,0,7,1
12,21,4,1,1,3,3,0,1,16,1,1,1,5,2,1,0,6,4,8,0
5,15,4,0,1,0,3,3,0,2,1,1,1,0,0,6,2,0,0,0,1
12,13,4,0,0,0,3,0,0,15,1,1,0,1,2,1,5,0,0,1,1
12,15,0,1,1,0,3,0,0,1,1,1,1,7,2,6,5,0,0,0,1
3,18,4,0,1,0,3,1,0,2,1,1,1,0,0,1,5,0,0,1,1
0,15,4,1,1,0,3,3,0,10,1,1,1,8,0,1,0,6,0,3,1
6,18,4,0,1,0,3,0,0,2,1,1,1,0,0,1,0,2,3,6,1
12,15,0,1,1,4,3,0,1,0,1,1,1,7,2,0,5,0,0,0,1
2,18,4,0,1,0,3,0,0,2,1,1,1,7,0,0,5,0,0,0,1
1,15,0,1,0,0,3,1,0,6,1,1,0,8,0,6,2,1,0,3,1
1,15,4,0,1,0,3,0,0,2,1,1,1,5,0,1,2,0,0,0,1
0,18,4,1,1,0,3,0,0,2,1,1,1,0,0,1,5,0,0,0,1
5,20,4,1,1,0,3,0,0,2,1,1,1,7,0,6,0,1,1,1,1
2,13,0,1,0,0,3,0,0,8,1,1,1,7,0,1,0,6,4,7,0
6,20,4,0,1,0,3,1,0,0,1,1,1,0,0,1,0,5,6,12,0
8,23,3,1,1,0,2,0,0,2,1,1,1,0,2,1,0,1,9,6,1
2,15,4,0,1,0,0,1,0,16,1,1,1,0,0,5,3,9,2,5,0
0,18,4,0,1,0,3,2,0,8,1,1,1,0,0,1,0,2,9,2,0
10,18,4,1,1,0,1,1,0,0,1,1,1,0,0,5,3,6,3,5,1
15,15,0,0,1,0,1,3,0,0,1,1,1,0,2,1,0,7,7,12,1
4,18,4,1,1,0,1,3,0,14,1,1,1,0,2,1,5,0,0,0,1
6,12,4,0,1,0,3,0,0,0,1,1,1,0,0,1,0,6,5,9,1
11,15,0,1,1,4,3,0,1,8,1,1,1,0,2,1,0,6,3,7,1
15,15,0,0,1,4,3,3,1,0,1,1,1,0,2,1,0,6,6,14,1
5,15,4,0,1,0,3,0,0,0,1,1,1,7,0,1,0,5,10,6,1
8,18,4,0,0,0,3,0,0,11,1,1,0,0,0,0,5,0,0,5,1
3,19,4,0,1,0,3,1,0,2,1,1,1,0,0,1,0,5,10,5,1
11,19,0,1,1,3,3,0,1,1,1,1,1,0,2,1,0,6,2,5,1
7,15,4,0,1,0,3,3,0,12,1,1,1,7,0,2,0,6,6,9,1
10,20,4,1,1,3,3,0,1,11,1,1,1,0,0,1,0,7,4,5,0
1,14,4,0,1,0,3,0,0,2,1,1,1,1,0,0,5,0,0,0,1
0,18,4,0,1,0,3,1,0,16,1,1,1,5,0,0,5,0,0,0,1
3,20,4,1,1,0,3,0,0,2,1,1,1,0,0,1,0,6,6,5,1
2,15,4,1,1,0,3,0,0,11,1,1,1,0,0,1,0,8,4,2,1
10,20,4,0,1,3,3,3,1,2,1,1,1,5,0,1,0,8,8,13,1
9,20,4,0,1,0,3,0,0,2,1,1,1,5,0,3,0,1,8,3,1
12,21,3,1,1,0,3,0,0,0,1,1,1,0,2,1,0,6,2,9,0
10,10,4,1,1,4,3,0,1,12,1,1,1,7,0,5,3,6,10,10,1
7,20,4,1,1,4,3,0,1,12,1,1,1,5,0,0,5,0,0,0,0
15,20,4,0,1,0,3,1,0,2,1,1,1,0,2,1,0,6,6,5,1
2,18,4,0,1,0,3,1,0,2,1,1,1,0,0,1,0,1,2,3,1
12,20,0,1,1,0,3,0,0,0,1,1,1,0,2,1,0,9,8,14,0
15,18,0,1,1,0,3,0,0,0,1,1,1,5,2,0,5,0,0,0,1
13,21,0,0,1,4,3,0,1,1,1,1,1,5,2,1,0,7,4,14,1
13,19,0,1,1,0,3,0,0,1,1,1,1,7,2,1,0,5,7,7,1
12,20,4,1,1,0,3,0,0,2,1,1,1,1,2,1,0,6,11,8,1
0,15,4,1,1,0,3,1,0,16,1,1,1,5,0,0,5,0,0,0,0
6,20,4,0,1,4,3,0,1,14,1,1,1,5,0,1,0,6,6,10,0
3,18,4,1,1,0,3,3,0,2,1,1,1,0,0,1,0,4,2,2,1
7,20,4,1,1,0,3,1,0,0,1,1,1,0,0,1,0,8,4,14,1
5,20,4,0,1,0,3,2,0,0,1,1,1,0,0,6,0,1,10,1,1
14,21,0,0,1,4,3,0,1,1,1,1,1,5,2,1,0,6,11,14,1
3,20,4,0,1,0,3,0,0,2,1,1,1,5,0,0,5,0,0,0,1
0,19,4,1,1,3,3,0,1,2,1,1,1,5,0,1,5,0,0,0,1
13,12,0,0,1,0,3,0,0,1,1,1,1,7,2,1,0,6,8,12,1
3,15,4,0,1,0,3,0,0,2,1,1,1,0,0,1,1,4,0,4,1
2,16,4,0,1,0,3,3,0,2,1,1,1,0,0,3,0,6,3,4,1
9,15,4,1,1,2,3,1,0,12,1,1,1,0,0,1,0,6,10,12,0
13,12,4,0,1,0,3,0,0,15,1,1,1,1,2,1,2,0,0,9,0
1,18,4,1,1,0,3,1,0,2,1,1,1,8,0,1,5,0,0,0,1
3,18,4,1,1,0,3,1,0,2,1,1,1,0,0,1,0,3,5,3,0
1,17,4,0,0,0,3,1,0,2,1,1,0,0,0,0,5,0,0,0,1
14,18,4,0,1,0,3,3,0,0,1,1,1,0,2,1,0,6,5,11,1
14,23,0,0,1,0,3,3,0,0,1,1,1,0,2,1,0,6,5,14,1
9,13,4,0,1,4,3,0,1,5,1,1,1,0,0,6,2,1,0,6,1
6,18,4,1,1,0,3,1,0,0,1,1,1,0,0,1,0,6,6,11,1
5,18,4,1,1,0,3,1,0,0,1,1,1,0,0,1,5,2,0,4,0
13,21,0,1,1,0,3,0,0,0,1,1,1,7,2,3,0,8,2,13,0
8,15,4,0,1,0,3,0,0,0,1,1,1,1,0,1,0,8,10,8,1
13,20,4,1,1,0,3,1,0,2,1,1,1,5,2,1,0,5,7,12,1
13,21,4,0,1,4,3,0,1,11,1,1,1,0,2,1,0,8,4,11,1
0,18,4,1,1,0,3,0,0,2,1,1,1,7,0,1,0,6,4,4,1
1,17,4,0,1,0,3,0,0,2,1,1,1,0,0,0,5,0,0,0,1
9,20,4,0,1,3,3,0,1,11,1,1,1,7,0,1,0,9,2,12,1
7,15,4,0,1,0,3,3,0,2,1,1,1,0,0,1,0,5,2,7,1
0,17,4,1,1,4,3,0,1,0,1,1,1,0,0,1,5,1,0,5,1
13,20,0,0,1,0,3,0,0,1,1,1,1,0,2,1,0,6,4,13,1
4,15,4,1,1,4,3,0,1,2,1,1,1,7,0,0,5,0,0,0,1
9,15,3,1,1,0,3,2,0,0,1,1,1,6,0,0,5,0,0,8,0
5,15,4,0,1,0,3,0,0,15,1,1,1,0,0,0,5,0,0,0,0
2,18,4,1,1,0,3,0,0,2,1,1,1,0,0,0,5,0,0,0,1
7,17,4,0,1,0,3,3,0,0,1,1,1,0,0,1,0,6,2,11,1
2,17,4,0,1,0,3,3,0,2,1,1,1,5,0,0,5,0,0,0,1
0,18,4,0,1,0,3,0,0,2,1,1,1,0,0,1,0,1,9,2,1
15,20,4,1,1,0,3,1,0,11,1,1,1,0,2,1,0,6,4,10,1
15,16,0,0,1,0,3,0,0,0,1,1,1,7,2,1,0,6,10,10,1
8,15,4,1,1,0,1,3,0,16,1,1,1,8,0,1,0,6,10,8,1
9,22,0,0,1,0,3,0,0,0,1,1,1,0,0,1,0,7,9,11,1
12,19,4,0,1,0,3,1,0,12,1,1,1,8,2,1,0,6,11,11,0
13,17,4,1,1,0,3,1,0,2,1,1,1,7,2,1,0,6,4,11,1
13,18,4,0,1,0,3,0,0,4,1,1,1,5,2,1,5,0,0,0,1
15,18,0,1,1,4,3,0,1,0,1,1,1,1,2,0,5,0,0,0,1
2,15,4,1,1,4,3,1,1,4,1,1,1,5,0,1,0,1,6,2,1
11,20,0,1,1,0,3,1,0,1,1,1,1,0,2,1,0,8,2,14,1
7,20,4,0,1,0,3,0,0,2,1,1,1,0,0,2,0,6,11,8,1
15,22,4,1,1,4,3,0,1,9,1,1,1,0,0,1,0,4,5,8,1
2,18,4,0,1,0,3,3,0,2,1,1,1,5,0,1,0,1,2,3,1
7,21,4,0,1,0,3,1,0,2,1,1,1,0,0,1,0,6,10,9,1
13,20,0,1,1,0,3,0,0,0,1,1,1,7,2,1,0,6,6,13,0
2,15,4,0,1,3,3,0,1,2,1,1,1,5,0,1,0,6,2,4,1
6,18,4,0,1,0,2,0,0,2,1,1,1,0,0,1,0,4,6,5,1
4,22,4,1,1,0,3,1,0,7,1,1,1,7,0,1,0,6,2,7,1
9,20,4,0,0,0,3,1,0,2,1,1,0,0,0,1,0,6,3,13,1
1,15,4,0,0,0,3,0,0,2,1,1,0,1,0,0,5,0,0,0,1
2,14,4,0,1,0,3,0,0,2,1,1,1,7,0,1,0,5,10,4,1
10,15,0,1,1,0,3,1,0,1,1,1,1,0,0,0,5,0,0,0,1
14,20,0,1,1,4,3,0,1,1,1,1,1,5,2,1,5,0,0,0,1
12,3,4,1,1,3,1,3,1,12,1,1,1,7,2,5,3,6,10,1,1
4,21,4,0,1,0,3,3,0,9,1,1,1,5,0,1,0,2,6,8,1
3,19,4,1,1,0,3,1,0,0,1,1,1,0,0,1,0,6,4,8,1
8,21,4,0,1,0,3,1,0,11,1,1,1,0,0,1,0,9,6,14,1
8,16,4,0,0,0,3,1,0,15,1,1,0,1,0,0,5,0,0,1,0
10,14,4,0,1,0,3,3,0,2,1,1,1,0,0,1,2,0,0,4,1
6,20,4,1,1,0,3,3,0,7,1,1,1,0,0,1,0,1,6,7,0
7,20,4,1,1,0,3,3,0,9,1,1,1,0,0,1,0,6,10,8,1
6,14,0,1,1,0,3,0,0,0,1,1,1,7,0,1,0,2,5,8,1
2,19,4,1,1,0,3,3,0,2,1,1,1,0,0,3,0,2,3,5,1
4,20,4,0,1,0,3,3,0,11,1,1,1,0,0,1,0,6,0,6,0
3,20,4,1,1,0,3,1,0,2,1,1,1,0,0,1,0,2,4,5,0
10,12,2,0,1,0,3,0,0,0,1,1,1,0,0,1,0,6,11,12,0
3,15,4,0,1,0,3,1,0,0,1,1,1,0,0,1,1,6,0,10,1
1,15,4,1,1,0,3,0,0,2,1,1,1,7,0,1,0,6,5,10,1
5,20,0,0,1,0,3,0,0,0,1,1,1,8,0,1,0,6,4,7,1
14,18,2,0,1,0,3,1,0,0,1,1,1,1,2,3,0,4,2,7,1
8,19,4,0,1,0,3,1,0,0,1,1,1,0,0,1,0,2,11,8,1
10,15,0,0,1,0,3,0,0,8,1,1,1,7,0,5,0,6,4,10,1
12,14,4,1,1,0,3,0,0,2,1,1,1,0,2,1,0,6,3,8,1
13,18,4,1,1,0,3,1,0,0,1,1,1,1,2,1,0,2,3,4,1
4,20,4,1,1,0,3,0,0,2,1,1,1,0,0,1,0,6,2,10,1
1,18,4,1,1,0,3,0,0,16,1,1,1,0,0,1,5,0,0,0,0
5,18,4,0,1,4,3,0,1,11,1,1,1,5,0,1,0,1,8,1,0
1,18,4,1,1,0,3,1,0,2,1,1,1,0,0,1,0,2,3,2,1
9,18,4,0,1,0,3,0,0,2,1,1,1,1,0,1,0,6,8,9,1
1,18,4,0,1,0,3,0,0,2,1,1,1,7,0,0,5,0,0,0,1
2,18,4,0,1,3,3,0,1,2,1,1,1,5,0,0,5,0,0,0,1
4,15,0,0,1,4,3,0,1,9,1,1,1,7,0,1,0,4,2,5,1
2,15,4,0,1,0,3,0,0,9,1,1,1,0,0,3,0,6,6,2,1
6,15,4,0,1,0,3,0,0,5,1,1,1,7,0,1,0,6,2,6,1
4,20,4,0,1,0,3,0,0,11,1,1,1,0,0,1,0,6,3,12,0
5,20,4,1,1,0,3,0,0,0,1,1,1,0,0,2,0,6,10,12,1
11,14,4,0,1,0,3,0,0,2,1,1,1,0,2,7,0,6,1,8,1
0,17,4,0,1,4,3,0,1,8,1,1,1,5,0,1,0,4,1,6,1
2,18,4,0,1,0,3,2,0,0,1,1,1,0,0,1,5,1,0,1,1
13,17,0,1,1,0,3,3,0,0,1,1,1,0,2,1,0,6,6,13,1
3,15,4,0,1,0,3,0,0,4,1,1,1,0,0,5,0,6,6,7,1
9,15,0,0,1,3,3,0,1,2,1,1,1,5,0,1,0,6,8,11,1
3,17,4,1,1,0,3,1,0,16,1,1,1,0,0,1,5,6,0,5,0
11,14,0,1,1,4,3,0,1,0,1,1,1,0,2,0,5,0,0,0,1
6,15,4,0,1,0,3,0,0,7,1,1,1,8,0,1,0,6,10,7,1
4,15,4,0,1,0,0,3,0,16,1,1,1,3,0,5,3,7,3,6,1
1,15,4,0,1,0,0,1,0,16,1,1,1,0,0,5,3,6,5,7,0
3,15,4,0,1,0,3,3,0,14,1,1,1,0,0,1,0,2,2,2,1
8,20,4,0,1,0,3,0,0,5,1,1,1,7,0,1,0,8,6,8,1
9,20,4,0,1,3,3,0,1,0,1,1,1,5,0,1,0,6,6,12,1
1,18,4,0,1,4,3,0,1,10,1,1,1,5,0,0,5,0,0,0,1
4,17,4,1,1,0,3,0,0,2,1,1,1,0,0,1,0,4,2,2,0
8,18,0,0,1,0,3,2,0,8,1,1,1,0,0,1,5,4,0,1,1
14,18,0,1,1,4,3,0,1,1,1,1,1,7,2,1,0,6,3,9,1
5,15,4,0,1,0,3,0,0,7,1,1,1,0,0,1,0,6,4,6,1
1,18,4,0,1,0,3,0,0,11,1,1,1,0,0,1,5,5,0,2,1
4,19,0,1,1,0,3,1,0,2,1,1,1,1,0,1,0,1,5,5,1
8,21,4,1,1,0,3,1,0,2,1,1,1,0,0,1,1,2,0,2,1
4,18,4,0,1,0,3,0,0,11,1,1,1,2,0,6,0,2,3,3,1
3,18,4,0,1,4,3,0,1,9,1,1,1,7,0,1,0,6,6,9,1
7,15,4,1,1,0,3,2,0,2,1,1,1,6,0,2,0,5,10,3,0
14,19,4,0,1,0,3,3,0,12,1,1,1,0,2,1,0,6,3,9,1
15,15,0,0,1,0,3,0,0,8,1,1,1,0,2,1,0,2,0,3,1
10,17,4,1,0,0,3,0,0,9,1,1,0,0,0,1,0,4,3,7,1
15,19,0,1,1,0,3,1,0,0,1,1,1,0,2,1,5,0,0,0,1
14,16,0,0,1,0,3,0,0,1,1,1,1,0,2,1,0,6,3,13,1
2,22,4,1,1,0,3,0,0,11,1,1,1,0,0,1,0,6,2,6,1
3,18,4,0,0,0,3,1,0,16,1,1,0,0,0,0,5,0,0,4,0
0,15,4,1,1,0,3,0,0,2,1,1,1,0,0,1,0,6,2,7,1
8,15,2,1,1,4,3,0,1,5,1,1,1,7,0,1,0,2,9,2,1
12,20,0,1,1,4,3,0,1,1,1,1,1,0,2,1,0,6,6,14,1
1,18,4,0,1,0,3,0,0,9,1,1,1,7,0,1,0,4,5,8,1
15,19,0,1,1,0,3,0,0,0,1,1,1,7,2,1,0,4,11,5,1
1,18,4,0,1,0,3,1,0,16,1,1,1,0,0,0,5,0,0,0,0
10,12,4,0,1,0,3,3,0,0,1,1,1,2,0,1,0,6,5,14,1
2,18,4,0,1,0,3,0,0,2,1,1,1,0,0,1,0,2,10,4,1
2,15,4,0,1,0,3,1,0,12,1,1,1,0,2,1,0,6,11,6,1
14,21,4,1,1,0,3,3,0,9,1,1,1,5,2,2,0,6,8,7,0
0,17,4,1,1,0,3,1,0,2,1,1,1,0,0,1,0,4,5,1,1
1,18,4,1,1,4,3,0,1,16,1,1,1,5,0,1,5,1,0,2,0
9,19,4,0,1,0,3,3,0,2,1,1,1,0,0,1,0,6,4,11,1
8,21,0,1,1,0,3,2,0,1,1,1,1,0,0,0,5,0,0,0,1
9,15,0,0,1,0,3,3,0,1,1,1,1,0,0,3,5,0,0,0,1
8,17,4,0,1,0,3,1,0,0,1,1,1,0,0,1,0,6,5,12,0
4,15,4,0,1,0,3,0,0,15,1,1,1,1,0,1,5,0,0,0,0
4,15,4,0,1,4,3,0,1,9,1,1,1,5,0,1,0,9,11,9,1
4,18,4,1,1,0,3,0,0,16,1,1,1,0,0,1,0,3,2,7,1
9,21,0,1,1,4,3,0,1,1,1,1,1,5,0,1,5,0,0,0,1
9,20,4,1,1,0,3,0,0,0,1,1,1,0,0,3,5,0,0,0,1
4,18,4,1,1,0,3,3,0,2,1,1,1,0,0,0,5,0,0,0,0
12,21,0,1,1,0,3,1,0,0,1,1,1,0,2,1,0,9,4,13,1
10,18,4,1,1,0,3,1,0,2,1,1,1,8,0,4,0,6,10,9,1
5,20,0,0,0,0,3,0,0,2,1,1,1,0,0,1,0,2,11,3,1
15,20,4,1,1,0,3,0,0,9,1,1,1,0,2,1,0,6,6,10,1
0,15,4,1,1,0,3,3,0,16,1,1,1,0,0,0,5,0,0,0,0
9,18,0,0,1,0,3,1,0,0,1,1,1,0,0,3,0,6,2,13,1
1,19,4,0,1,4,3,0,1,7,1,1,1,0,0,0,5,0,0,0,1
10,20,4,0,1,0,3,1,0,2,1,1,1,0,0,1,0,6,4,13,1
15,14,0,1,1,4,3,0,1,0,1,1,1,7,2,0,5,0,0,5,1
0,14,4,0,0,0,3,0,0,16,1,1,0,1,0,0,5,0,0,4,0
0,17,4,0,1,0,3,1,0,16,1,1,1,5,0,0,5,0,0,0,1
0,17,4,1,1,0,3,0,0,2,1,1,1,0,0,0,5,0,0,0,1
7,19,4,0,1,0,3,0,0,12,1,1,1,0,0,1,0,9,10,9,1
2,16,4,1,1,0,3,0,0,16,1,1,1,0,0,1,5,1,0,2,1
4,15,4,1,1,0,3,0,0,2,1,1,1,7,0,1,1,4,0,6,1
5,15,4,0,1,0,3,0,0,2,1,1,1,7,0,1,5,6,0,3,1
6,20,4,1,1,0,3,3,0,4,1,1,1,0,0,1,5,0,0,0,1
5,19,4,0,1,0,3,3,0,0,1,1,1,0,0,1,0,3,2,5,0
2,15,4,1,1,0,3,0,0,2,1,1,1,0,0,1,0,3,2,6,1
8,20,4,1,1,0,3,1,0,0,1,1,1,0,0,3,0,2,2,2,1
3,19,4,0,1,0,0,0,0,12,1,1,1,0,0,5,3,2,9,6,0
13,0,4,0,1,0,3,3,0,12,1,1,1,7,2,1,0,6,3,9,1
14,9,4,0,0,0,3,1,0,12,1,0,1,1,2,9,2,0,0,0,0
4,20,4,1,1,0,3,1,0,2,1,1,1,0,0,2,0,1,2,4,1
7,15,0,1,1,0,3,2,0,2,1,1,1,6,0,1,0,5,10,9,1
1,14,4,0,1,4,3,0,1,9,1,1,1,5,0,0,5,0,0,0,1
3,15,4,0,1,3,3,0,1,2,1,1,1,7,0,1,0,6,8,9,1
8,18,4,1,1,0,3,0,0,2,1,1,1,0,0,1,0,6,11,8,1
11,18,4,0,0,0,3,0,0,16,1,1,0,1,2,0,5,0,0,4,0
14,19,4,1,1,0,3,3,0,14,1,1,1,4,2,3,0,9,8,12,1
6,15,4,0,1,3,3,0,1,2,1,1,1,5,0,1,0,7,11,10,1
14,18,4,1,1,0,3,0,0,2,1,1,1,7,2,6,0,4,6,9,1
10,19,0,1,1,0,3,3,0,8,1,1,1,0,0,0,5,0,0,0,1
15,22,4,1,1,0,3,0,0,7,1,1,1,7,2,3,0,6,8,12,1
3,18,4,0,1,0,3,3,0,2,1,1,1,7,0,1,0,6,2,3,1
2,13,4,0,1,0,3,0,0,2,1,1,1,1,0,0,5,0,0,4,1
2,15,4,0,1,0,3,0,0,2,1,1,1,0,0,1,0,4,4,4,1
0,15,4,0,1,0,3,0,0,2,1,1,1,0,0,0,5,0,0,0,1
3,20,4,1,1,4,3,0,1,4,1,1,1,0,0,5,0,6,4,9,1
2,18,4,1,1,0,3,0,0,16,1,1,1,0,0,1,5,0,0,0,0
9,17,4,0,1,3,3,0,1,2,1,1,1,5,0,1,0,6,3,5,1
1,15,4,0,1,0,3,1,0,2,1,1,1,0,0,2,5,1,0,1,1
13,18,2,1,1,0,3,0,0,0,1,1,1,0,2,1,0,2,7,7,1
14,20,4,1,1,0,3,1,0,0,1,1,1,7,2,2,0,7,2,10,1
4,12,4,0,1,4,3,3,1,0,1,1,1,2,0,1,5,0,0,0,1
13,18,2,1,1,3,3,3,1,2,1,1,1,5,2,1,0,6,7,7,1
6,20,4,1,1,0,3,1,0,0,1,1,1,0,0,2,5,1,0,1,0
11,20,4,0,1,0,3,0,0,2,1,1,1,0,2,1,0,6,11,13,1
2,15,4,1,1,0,3,0,0,2,1,1,1,7,0,4,0,1,4,6,1
7,18,4,1,1,0,3,3,0,2,1,1,1,7,0,0,5,0,0,0,1
15,20,4,1,1,0,3,1,0,2,1,1,1,0,2,1,0,5,10,13,1
11,11,0,0,1,4,3,1,1,1,1,1,1,0,2,1,0,8,1,6,1
2,14,4,1,1,0,3,0,0,12,1,1,1,1,0,1,2,6,0,5,1
1,14,4,1,1,0,3,0,0,2,1,1,1,7,0,1,2,1,0,1,1
3,20,4,1,1,0,3,1,0,0,1,1,1,0,0,1,5,5,0,3,1
6,20,4,1,1,0,3,0,0,0,1,1,1,5,0,1,0,3,9,6,0
11,20,0,1,1,0,3,1,0,0,1,1,1,0,2,2,5,2,0,0,0
14,19,4,0,1,0,3,1,0,12,1,1,1,0,2,0,5,0,0,0,1
2,18,4,0,1,0,3,0,0,2,1,1,1,0,0,3,0,1,3,1,1
15,18,0,0,1,4,3,0,1,0,1,1,1,7,2,1,0,6,2,8,1
3,15,4,0,1,0,3,0,0,2,1,1,1,0,0,0,5,0,0,0,1
5,18,4,0,1,0,3,1,0,0,1,1,1,7,0,1,0,5,2,6,1
7,20,0,1,1,0,3,1,0,1,1,1,1,0,0,1,0,6,6,11,1
6,20,4,1,1,0,3,1,0,12,1,1,1,0,0,1,0,5,0,3,1
3,18,4,0,1,0,3,0,0,2,1,1,1,7,0,1,0,5,3,6,1
12,19,4,0,1,4,3,0,1,0,1,1,1,0,2,1,0,7,2,14,1
11,21,0,0,1,4,3,3,1,0,1,1,1,5,2,6,0,9,0,11,1
11,16,4,0,1,0,3,0,0,0,1,1,1,0,2,1,0,7,4,10,0
13,20,0,1,1,0,3,1,0,0,1,1,1,0,2,3,0,7,7,12,1
2,16,4,1,1,0,3,0,0,0,1,1,1,0,0,1,5,1,0,3,1
12,20,0,0,1,0,3,0,0,1,1,1,1,5,2,2,0,6,8,13,1
1,18,0,1,1,0,3,1,0,0,1,1,1,0,0,1,0,6,5,10,0
8,20,4,0,1,0,3,3,0,11,1,1,1,0,0,1,0,7,8,10,1
11,20,4,1,1,0,3,0,0,12,1,1,1,5,2,1,0,4,3,13,1
9,20,4,0,1,4,3,3,1,11,1,1,1,0,0,2,0,7,3,12,1
5,20,4,0,1,0,3,0,0,14,1,1,1,1,0,1,5,0,0,0,0
11,15,4,0,1,0,1,3,0,10,1,1,1,0,2,1,0,6,11,10,0
11,20,4,0,1,0,3,1,0,0,1,1,1,0,2,1,0,7,2,13,0
4,20,4,0,1,0,3,1,0,0,1,1,1,0,0,1,0,6,7,12,1
4,18,4,0,1,0,3,0,0,3,1,1,1,1,0,1,0,3,7,9,1
7,20,4,0,1,0,3,1,0,0,1,1,1,0,0,1,0,7,5,14,1
1,18,4,1,1,0,3,0,0,2,1,1,1,0,0,1,0,6,2,9,1
14,18,0,0,1,0,3,3,0,0,1,1,1,0,2,1,5,0,0,0,1
7,16,4,0,1,0,3,0,0,11,1,1,1,0,0,1,0,9,2,4,0
14,18,0,1,1,4,3,0,1,0,1,1,1,5,2,0,5,0,0,0,1
4,18,4,1,0,0,3,0,0,2,1,1,0,1,0,0,5,0,0,3,1
5,20,4,1,1,0,3,1,0,2,1,1,1,1,0,2,0,1,4,2,1
4,19,4,1,1,2,3,0,0,2,1,1,1,0,0,1,0,3,10,8,1
10,15,0,1,1,4,3,0,1,1,1,1,1,7,0,0,5,0,0,0,1
3,19,4,1,1,0,3,3,0,2,1,1,1,0,0,1,0,3,3,4,0
1,15,0,1,1,0,3,1,0,1,1,1,1,0,0,1,5,1,0,1,1
14,20,4,1,1,0,3,1,0,2,1,1,1,0,2,1,2,6,0,6,1
5,20,4,1,1,0,3,1,0,2,1,1,1,5,0,1,0,2,4,2,0
5,20,4,1,1,0,3,0,0,2,1,1,1,5,0,0,5,0,0,0,1
5,19,0,0,1,0,1,0,0,0,1,1,1,0,0,5,2,6,3,5,1
2,15,4,1,1,0,3,0,0,9,1,1,1,5,0,1,0,4,3,4,0
0,18,4,1,1,0,3,0,0,2,1,1,1,0,0,1,0,3,2,5,1
13,0,4,0,1,4,3,0,1,0,1,1,1,5,2,6,1,6,0,7,1
0,15,4,1,1,0,3,0,0,2,1,1,1,7,0,1,0,6,1,9,1
8,20,4,1,1,0,3,0,0,9,1,1,1,0,0,2,0,6,6,12,0
1,15,4,1,1,0,3,1,0,12,1,1,1,5,0,1,5,2,0,1,0
4,12,4,0,1,0,3,3,0,11,1,1,1,2,0,1,5,0,0,0,0
11,15,4,0,1,0,3,0,0,0,1,1,1,7,2,3,2,6,0,6,1
14,20,4,1,1,0,3,1,0,0,1,1,1,0,2,1,0,5,3,14,0
5,18,4,0,1,0,1,0,1,9,1,1,1,0,0,5,3,3,0,6,0
9,18,0,0,1,4,3,0,1,0,1,1,1,0,0,1,0,6,3,9,1
6,19,4,0,1,0,3,1,0,2,1,1,1,8,0,1,0,6,6,11,1
10,21,0,1,1,0,3,3,0,1,1,1,1,0,0,2,0,6,6,14,1
7,15,0,1,1,4,3,0,1,0,1,1,1,0,0,0,5,0,0,0,1
13,15,2,1,1,0,3,3,0,2,1,1,1,0,2,9,2,0,0,0,1
11,20,0,0,1,0,3,0,0,11,1,1,1,0,2,1,0,6,5,13,1
0,18,4,0,1,0,3,0,0,2,1,1,1,7,0,1,5,1,0,1,1
7,15,4,1,1,0,3,1,0,2,1,1,1,0,0,0,5,0,0,0,1
10,18,4,1,1,4,3,0,1,10,1,1,1,5,0,1,0,6,8,5,0
10,20,4,0,1,0,3,0,0,2,1,1,1,0,0,1,0,6,8,11,1
6,13,4,1,1,0,3,0,0,0,1,1,1,1,0,1,2,0,0,6,0
10,20,0,1,1,0,3,0,0,0,1,1,1,0,0,1,0,7,10,13,0
15,20,0,1,1,3,3,0,1,0,1,1,1,5,2,1,0,6,1,13,1
8,15,0,1,1,0,3,1,0,2,1,1,1,7,0,0,5,0,0,0,1
5,20,4,1,1,0,3,0,0,16,1,1,1,1,0,1,5,6,0,7,1
6,15,4,0,1,0,3,0,0,4,1,1,1,7,0,1,0,5,6,7,1
14,20,0,0,1,3,3,0,1,0,1,1,1,5,2,1,0,7,6,13,1
9,20,4,0,1,0,3,3,0,5,1,1,1,0,0,1,0,6,3,6,1
13,10,0,0,1,4,3,0,1,0,1,1,1,0,2,1,0,8,3,10,1
7,18,4,1,1,0,3,0,0,2,1,1,1,0,0,1,0,6,2,8,1
5,15,3,1,1,0,3,0,0,2,1,1,1,6,0,1,0,5,10,3,1
0,13,4,0,1,0,3,1,0,7,1,1,1,8,0,1,0,2,2,3,1
7,20,0,1,1,0,3,0,0,0,1,1,1,5,0,2,0,8,4,13,0
7,5,0,1,1,0,3,0,0,4,1,1,1,0,0,3,1,6,0,0,1
4,15,4,0,1,3,3,3,1,2,1,1,1,0,0,9,2,0,0,0,1
13,20,4,0,1,3,3,0,1,2,1,1,1,5,2,1,0,6,10,11,1
6,20,4,1,1,0,3,1,0,2,1,1,1,0,0,1,0,1,3,2,0
0,15,4,0,1,0,3,1,0,2,1,1,1,0,0,1,5,0,0,0,1
11,3,4,0,1,3,1,3,1,12,1,1,1,7,2,6,0,5,3,12,1
11,20,0,1,1,0,3,3,0,0,1,1,1,0,2,1,5,8,0,12,0
4,20,4,1,1,0,3,1,0,2,1,1,1,0,0,1,0,3,1,2,1
0,18,4,0,1,0,3,0,0,5,1,1,1,5,0,1,0,3,4,2,1
10,18,2,0,1,3,3,0,1,2,1,1,1,5,0,1,5,6,0,7,1
15,20,0,0,1,0,3,0,0,0,1,1,1,0,2,4,0,9,6,12,0
5,15,4,1,1,0,3,0,0,2,1,1,1,0,0,1,0,4,2,4,1
0,15,4,1,1,0,3,0,0,12,1,1,1,7,0,0,5,0,0,0,1
5,18,4,1,1,0,3,1,0,2,1,1,1,7,0,1,5,0,0,0,1
4,15,4,1,1,0,3,0,0,0,1,1,1,5,0,0,5,0,0,0,0
8,20,4,1,1,3,3,0,1,2,1,1,1,5,0,1,1,6,0,10,1
4,15,4,0,1,0,3,0,0,14,1,1,1,1,0,0,5,0,0,0,1
3,20,4,0,1,0,3,0,0,2,1,1,1,0,0,1,0,2,3,6,1
6,20,4,1,1,0,3,0,0,0,1,1,1,0,0,1,0,1,3,14,1
8,4,0,0,1,4,1,0,1,8,1,1,1,7,0,3,0,7,5,0,1
14,8,0,0,1,4,3,0,1,2,1,1,1,0,2,1,5,0,0,0,1
11,17,0,0,1,0,3,0,0,1,1,1,1,0,2,2,0,8,1,13,1
13,0,4,1,1,4,3,0,1,12,1,1,1,0,2,0,5,0,0,0,1
11,18,4,0,1,0,3,1,0,0,1,1,1,0,2,1,0,9,11,11,0
6,18,4,0,1,0,3,1,0,0,1,1,1,0,0,1,5,1,0,1,1
2,18,4,1,1,0,3,1,0,2,1,1,1,1,0,1,0,3,8,3,1
3,17,4,0,1,0,3,1,0,0,1,1,1,0,0,1,1,6,0,2,0
8,18,4,0,1,0,3,0,0,2,1,1,1,7,0,1,0,6,4,5,1
13,19,4,1,1,0,3,0,0,2,1,1,1,7,2,1,0,6,9,4,1
14,14,0,0,1,4,3,0,1,0,1,1,1,0,2,0,5,0,0,0,1
14,19,0,0,1,0,1,0,0,1,1,1,1,8,2,5,0,6,9,13,0
8,20,4,0,1,0,3,3,0,11,1,1,1,0,0,6,5,0,0,0,0
5,0,4,0,1,4,3,3,1,2,1,1,1,0,0,1,0,3,4,3,1
3,15,0,0,0,0,3,3,0,8,1,1,1,2,0,1,0,6,4,5,1
10,17,0,1,1,0,3,3,0,1,1,1,1,0,0,2,0,6,3,10,1
4,20,4,1,1,0,3,0,0,2,1,1,1,5,0,1,0,6,8,8,1
12,11,0,1,0,4,3,3,1,1,1,1,1,7,2,1,5,0,0,0,1
13,20,0,1,1,0,3,0,0,0,1,1,1,0,2,1,0,7,8,13,1
15,21,4,1,1,0,3,0,0,0,1,1,1,0,2,1,0,6,1,8,1
15,21,4,1,1,4,3,0,1,0,1,1,1,0,2,1,0,6,1,14,1
12,16,0,0,1,0,3,0,0,1,1,1,1,7,2,1,0,7,10,13,1
5,19,4,1,1,0,3,3,0,2,1,1,1,0,0,0,5,0,0,0,1
13,15,0,1,1,0,3,0,0,0,1,1,1,0,2,1,0,5,0,9,1
11,20,4,1,1,2,3,0,0,0,1,1,1,2,2,1,0,6,6,14,1
14,14,0,1,1,0,3,0,0,2,1,1,1,0,2,2,0,2,1,3,1
12,18,0,0,1,4,3,0,1,0,1,1,1,5,2,2,5,0,0,0,1
14,19,4,1,1,0,3,0,0,2,1,1,1,0,2,3,0,6,5,8,1
12,20,0,1,1,0,3,1,0,0,1,1,1,8,2,1,0,8,6,12,1
10,14,4,0,1,0,3,0,0,4,1,1,0,0,0,6,0,6,7,7,1
8,19,0,0,1,0,3,0,0,0,1,1,1,7,0,1,0,6,4,7,1
0,15,4,0,1,0,3,0,0,16,1,1,1,7,0,0,5,0,0,0,0
12,20,4,1,1,2,3,0,0,3,1,1,1,1,2,1,0,6,8,13,1
1,18,4,1,1,0,3,3,0,2,1,1,1,5,0,1,0,2,5,5,1
11,20,4,0,1,0,3,0,0,12,1,1,1,7,2,3,0,6,6,11,1
15,18,4,0,1,3,3,0,1,2,1,1,1,5,2,1,0,6,4,9,1
14,20,0,1,1,0,3,1,0,0,1,1,1,0,2,1,0,6,6,7,1
4,18,4,0,1,0,3,3,0,9,1,1,1,5,0,0,5,0,0,0,1
7,0,4,0,1,0,3,0,0,2,1,1,1,0,0,1,0,6,3,9,1
15,17,0,1,1,0,3,0,0,0,1,1,1,0,2,1,0,6,6,6,1
7,21,4,0,1,0,3,1,0,0,1,1,1,0,0,1,0,9,6,13,0
11,20,0,1,1,0,3,0,0,0,1,1,1,0,2,1,0,7,3,11,1
0,18,4,0,1,0,3,0,0,2,1,1,1,0,0,0,5,0,0,0,1
7,16,4,0,1,0,3,3,0,2,1,1,1,0,0,0,5,0,0,0,0
14,20,0,1,1,4,3,0,1,0,1,1,1,5,2,1,0,9,6,12,1
6,15,0,1,1,3,3,0,1,0,1,1,1,8,0,1,5,0,0,0,1
14,15,0,1,1,4,3,0,1,9,1,1,1,0,2,1,0,6,0,8,1
13,19,4,1,1,0,3,3,0,12,1,1,1,0,2,1,5,0,0,0,1
1,14,4,1,1,0,3,3,0,12,1,1,1,0,0,1,2,2,0,4,0
9,20,4,1,1,0,3,0,0,0,1,1,1,0,0,1,0,6,3,10,0
8,20,4,0,1,3,3,2,1,5,1,1,1,0,0,6,0,6,9,9,1
11,21,0,1,1,4,3,3,1,1,1,1,1,5,2,0,5,0,0,0,0
4,19,4,1,1,0,3,1,0,0,1,1,1,0,0,4,0,1,1,3,0
14,18,0,1,1,0,3,1,0,1,1,1,1,0,2,1,0,6,8,12,1
5,17,4,0,0,0,3,0,0,15,1,1,0,0,0,0,5,0,0,0,1
5,17,4,0,1,0,3,1,0,2,1,1,1,0,0,1,0,8,10,10,1
3,20,4,0,1,4,3,3,1,11,1,1,1,5,0,1,0,7,3,9,0
1,18,4,0,0,0,3,0,0,2,0,1,1,0,0,1,0,2,9,2,0
6,17,0,1,1,0,3,0,0,0,1,1,1,0,0,1,0,6,2,12,1
13,20,0,1,1,3,3,0,1,0,1,1,1,5,2,6,0,1,9,7,1
12,15,4,1,1,4,3,0,1,0,1,1,1,0,2,1,1,6,0,7,0
2,18,4,0,1,0,3,1,0,2,1,1,1,0,0,1,0,4,10,2,0
9,20,4,0,1,2,3,0,0,2,1,1,1,1,0,1,0,6,8,13,1
13,20,4,0,1,0,3,1,0,0,1,1,1,8,2,1,0,6,1,10,1
5,20,4,1,1,0,3,1,0,2,1,1,1,0,0,1,0,2,7,3,1
10,17,4,1,0,0,3,0,0,2,1,0,0,0,0,0,5,0,0,12,0
4,18,0,0,1,0,3,0,0,0,1,1,1,7,0,0,5,0,0,0,1
6,18,4,1,0,3,3,3,1,2,1,0,1,5,0,0,5,0,0,12,1
8,1,3,1,1,4,2,3,1,1,1,1,1,0,0,7,0,6,3,7,0
5,15,4,1,1,0,3,0,0,11,1,1,1,7,0,1,0,6,2,9,0
6,15,4,1,1,0,3,3,0,0,1,1,1,0,0,4,0,1,6,1,1
1,18,4,1,1,0,3,1,0,2,1,1,1,0,0,0,5,0,0,0,1
5,20,4,1,1,4,3,0,1,10,1,1,1,5,0,1,0,6,7,7,1
5,15,4,0,1,0,3,3,0,9,1,1,1,0,0,1,0,6,2,7,1
1,18,0,1,1,0,3,0,0,2,1,1,1,0,0,1,0,1,1,3,1
3,20,4,1,1,0,3,0,0,2,1,1,1,5,0,0,5,0,0,0,1
12,16,4,0,1,0,3,3,0,2,1,1,1,0,2,1,0,5,5,13,1
11,22,4,1,1,3,3,0,1,2,1,1,1,5,2,1,0,6,8,10,1
14,21,0,1,1,0,3,1,0,1,1,1,1,5,2,1,0,6,4,13,0
5,17,4,0,0,0,3,0,0,2,1,0,0,7,0,1,2,6,0,2,1
0,17,4,0,1,0,0,0,0,16,1,1,1,0,0,5,3,9,2,8,0
13,18,4,1,1,0,3,3,0,5,1,1,1,7,2,1,0,6,4,6,1
13,17,4,0,1,0,3,1,0,2,1,1,1,0,2,1,0,8,2,10,1
7,16,4,0,1,0,3,0,0,2,1,1,1,0,0,1,0,7,10,10,1
5,15,4,1,1,0,3,3,0,11,1,1,1,0,0,1,0,6,4,6,1
15,20,4,0,1,0,3,1,0,0,1,1,1,0,2,6,0,6,10,14,0
14,14,4,1,0,0,3,0,0,0,1,1,0,5,2,0,5,0,0,0,1
8,18,4,1,1,0,3,0,0,2,1,1,1,0,0,1,5,6,0,3,1
9,18,4,0,1,0,3,0,0,0,1,1,1,5,0,1,0,6,7,11,0
11,20,0,1,1,0,3,1,0,0,1,1,1,0,2,3,0,6,4,12,1
6,14,0,0,0,0,3,3,0,0,1,1,0,0,0,0,5,0,0,0,1
8,20,4,1,1,0,3,1,0,12,1,1,1,8,0,1,0,6,9,13,1
0,18,4,0,1,0,3,0,0,16,1,1,1,0,0,1,5,1,0,3,0
1,18,4,0,1,0,3,0,0,14,1,1,1,7,0,1,0,6,10,10,1
4,15,4,0,1,3,3,0,1,15,1,1,1,5,0,1,5,0,0,1,1
12,18,4,0,1,0,3,1,0,0,1,1,1,0,2,6,0,1,8,8,1
8,18,0,1,1,0,3,1,0,0,1,1,1,0,0,1,0,3,8,8,1
1,18,4,1,1,0,3,0,0,16,1,1,1,0,0,1,5,1,0,3,1
11,21,4,0,1,0,3,3,0,0,1,1,1,0,2,1,0,8,11,14,0
14,9,4,0,1,0,3,1,0,12,1,1,1,7,2,2,0,6,5,4,1
2,17,4,0,1,0,3,0,0,2,1,1,1,1,0,1,5,1,0,1,1
5,20,0,0,1,0,3,0,0,2,1,1,1,0,0,1,2,6,0,6,1
5,18,4,0,0,0,3,0,0,16,1,1,0,0,0,0,5,0,0,0,1
6,20,4,1,1,0,3,0,0,2,1,1,1,0,0,1,0,4,0,6,1
6,15,4,0,1,0,3,1,0,0,1,1,1,0,0,1,0,5,2,5,0
13,18,4,0,1,3,3,0,1,2,1,1,1,0,2,1,0,8,8,11,1
6,15,4,1,1,0,3,3,0,5,1,1,1,0,0,1,0,1,4,2,1
8,15,4,0,1,0,3,0,0,0,1,1,1,7,0,1,0,8,4,11,1
12,18,4,1,1,0,3,0,0,2,1,1,1,5,2,1,0,6,3,10,1
1,18,4,1,1,0,3,1,0,16,1,1,1,0,0,1,0,5,2,6,1
9,0,1,1,0,4,3,0,1,0,1,1,0,6,0,0,5,0,0,3,1
2,18,4,0,1,0,3,0,0,15,1,1,1,1,0,0,5,0,0,0,1
7,20,4,0,1,0,3,1,0,4,1,1,1,0,0,0,5,0,0,0,1
0,17,4,1,1,0,3,0,0,2,1,1,1,0,0,1,0,2,2,2,1
6,11,4,0,1,4,3,0,1,0,1,1,1,7,0,1,0,6,10,12,1
10,17,0,0,1,0,3,1,0,0,1,1,1,0,0,1,0,7,8,12,0
9,20,4,1,1,0,3,1,0,12,1,1,1,8,0,1,2,0,0,0,1
13,20,4,0,1,0,3,0,0,2,1,1,1,5,2,1,0,6,8,13,1
12,18,4,0,1,0,3,3,0,11,1,1,1,1,2,1,0,6,6,11,1
1,19,4,0,1,0,3,0,0,2,1,1,1,0,0,0,5,0,0,0,1
1,18,4,0,1,0,3,3,0,16,1,1,1,0,0,2,5,1,0,3,1
8,13,4,0,1,0,3,3,0,0,1,1,1,8,0,1,0,8,2,9,1
11,19,4,0,1,3,3,0,1,2,1,1,1,5,2,1,0,6,11,9,1
14,20,4,0,0,0,3,0,0,2,1,1,0,0,2,1,0,6,3,7,1
12,18,4,0,1,0,3,0,0,5,1,1,1,0,2,1,0,6,3,12,1
4,19,4,1,1,0,3,1,0,0,1,1,1,0,0,1,0,3,5,8,0
6,15,0,1,1,3,3,3,1,9,1,1,1,5,0,1,0,6,8,10,1
5,18,4,0,1,0,3,1,0,2,1,1,1,7,0,1,0,5,2,9,1
5,17,4,0,1,0,3,3,0,0,1,1,1,7,0,1,0,8,10,13,1
10,19,4,0,0,0,3,1,0,2,1,1,0,0,0,1,0,6,3,12,1
11,5,4,0,1,3,3,0,1,2,1,1,1,0,2,3,2,6,0,4,1
5,18,4,0,1,3,3,0,1,2,1,1,1,7,0,1,0,6,1,9,1
4,15,4,1,1,0,3,0,0,2,1,1,1,0,0,1,0,3,5,9,1
9,18,0,1,1,0,3,0,0,0,1,1,1,1,0,6,5,0,0,0,1
0,15,4,1,1,0,3,0,0,2,1,1,1,0,0,0,5,0,0,0,1
15,20,0,1,1,0,3,0,0,11,1,1,1,0,2,1,0,6,0,9,1
15,20,4,0,1,4,3,3,1,11,1,1,1,0,2,6,0,6,0,13,0
13,20,4,1,1,3,3,0,1,2,1,1,1,5,2,1,0,6,10,12,1
12,20,0,1,1,3,3,0,1,0,1,1,1,5,2,1,0,6,8,14,1
15,17,4,1,0,0,3,0,0,0,1,1,0,0,2,0,5,0,0,4,1
14,20,0,1,1,4,3,0,1,0,1,1,1,0,2,6,0,6,0,6,1
10,20,4,0,1,4,3,0,1,0,1,1,1,5,0,1,0,8,6,12,1
15,22,0,0,1,4,3,3,1,1,1,1,1,5,2,1,0,6,0,14,1
1,18,4,0,1,0,3,0,0,2,1,1,1,0,0,1,5,1,0,2,1
15,21,0,1,1,0,3,1,0,0,1,1,1,0,2,1,0,6,2,14,1
14,17,4,0,1,0,3,3,0,11,1,1,1,7,2,1,0,6,6,13,1
11,20,4,0,1,0,3,1,0,0,1,1,1,2,2,6,0,6,3,11,1
4,15,4,1,1,0,3,0,0,16,1,1,1,0,0,1,0,2,1,8,0
15,18,4,1,1,0,3,0,0,2,1,1,1,8,2,0,5,0,0,5,1
4,17,4,0,1,0,3,0,0,15,1,1,1,7,0,1,5,6,0,9,1
11,22,4,1,1,0,3,0,0,7,1,1,1,5,2,1,0,6,8,10,1
9,20,4,0,1,0,3,0,0,5,1,1,1,0,0,2,0,9,2,14,1
14,21,0,1,1,0,3,0,0,0,1,1,1,0,2,3,0,4,4,13,1
12,18,3,1,1,1,3,0,1,9,1,1,0,7,1,6,0,4,3,2,1
9,20,4,1,1,0,3,1,0,2,1,1,1,8,0,1,0,9,6,7,1
1,18,4,1,1,0,3,0,0,16,1,1,1,0,0,1,5,0,0,0,0
2,18,4,1,1,0,3,0,0,2,1,1,1,7,0,1,2,3,0,2,1
8,20,4,0,1,0,3,1,0,0,1,1,1,0,0,1,0,6,3,14,1
7,19,4,1,1,0,3,3,0,0,1,1,1,0,0,1,0,3,5,3,1
7,20,0,1,1,4,3,0,1,0,1,1,1,5,0,1,0,7,2,10,0
3,18,0,0,1,4,3,0,1,1,1,1,1,0,0,1,0,3,5,5,1
8,15,0,1,1,4,3,0,1,8,1,1,1,7,0,0,5,0,0,0,1
15,15,2,0,1,0,1,2,0,0,1,1,1,6,2,1,0,6,10,11,0
15,15,0,1,1,4,3,0,1,1,1,1,1,7,2,0,5,0,0,0,1
5,20,4,1,1,0,3,2,0,2,1,1,1,0,0,2,0,6,6,2,1
6,11,4,0,1,0,3,0,0,11,1,1,1,0,0,1,0,6,3,2,1
11,20,0,1,1,4,3,0,1,1,1,1,1,0,2,1,0,6,4,9,1
9,14,0,0,1,4,3,0,1,11,1,1,1,0,0,1,0,8,3,5,0
13,21,0,1,1,4,3,0,1,1,1,1,1,0,2,1,0,6,6,13,0
9,18,4,1,1,4,3,0,1,0,1,1,1,0,0,6,0,2,5,6,1
13,13,4,0,1,0,3,0,0,15,1,1,1,1,2,1,5,0,0,0,1
11,19,0,1,1,0,3,3,0,8,1,1,1,7,2,3,0,6,0,6,1
9,18,0,0,1,0,0,0,0,11,1,1,1,0,0,5,3,9,4,12,1
4,18,4,1,1,0,3,0,0,2,1,1,1,0,0,0,5,0,0,5,1
6,15,0,1,0,0,3,3,0,0,1,0,1,5,0,1,0,8,0,12,1
1,17,4,0,1,0,3,0,0,2,1,1,1,0,0,1,2,0,0,0,1
6,18,4,0,1,0,3,0,0,2,1,1,1,1,0,1,0,6,2,6,1
15,18,4,0,1,3,3,1,1,0,1,1,1,0,2,6,0,2,8,5,1
9,21,4,0,1,4,3,3,1,14,1,1,1,0,0,1,0,6,6,9,0
5,17,4,1,1,0,3,0,0,12,1,1,1,5,0,1,0,6,4,10,1
11,15,0,0,1,0,1,1,0,0,1,1,1,0,2,1,0,8,11,7,1
13,18,0,0,1,0,3,0,0,1,1,1,1,0,2,3,0,6,7,12,0
3,18,4,0,1,0,3,1,0,0,1,1,1,0,0,1,0,5,1,4,1
1,18,4,1,1,0,3,3,0,11,1,1,1,5,0,1,5,0,0,0,0
4,15,4,0,0,0,3,0,0,2,1,1,1,7,0,1,0,6,4,3,1
5,20,4,1,1,0,3,1,0,0,1,1,1,1,0,3,0,6,3,6,0
10,19,4,0,1,0,3,1,0,2,1,1,1,0,0,1,0,8,6,10,1
10,20,4,0,1,0,3,0,0,0,1,1,1,7,0,1,0,6,3,9,1
12,15,4,0,1,0,3,0,0,2,1,1,1,0,2,6,0,1,0,2,1
8,15,0,0,1,0,3,2,0,8,1,1,1,0,0,1,0,6,1,10,0
5,18,4,0,1,3,3,0,1,2,1,1,1,5,0,6,2,2,0,3,1
15,22,0,0,1,0,3,0,0,15,1,1,1,0,2,0,5,0,0,0,0
13,17,2,1,1,0,3,1,0,12,1,1,1,0,2,1,0,6,4,10,1
10,20,4,0,1,0,3,1,0,0,1,1,1,0,0,2,0,8,11,14,1
7,18,0,0,1,0,3,0,0,0,1,1,1,5,0,6,0,1,6,4,1
8,20,4,1,1,0,3,3,0,14,1,1,1,0,0,1,0,6,3,7,0
0,15,4,0,1,4,3,3,1,2,1,1,1,5,0,1,0,1,8,3,1
13,18,0,1,1,3,3,0,1,0,1,1,1,5,2,1,5,0,0,0,1
9,18,4,1,1,0,3,1,0,2,1,1,1,5,0,1,0,6,6,11,1
3,18,4,1,1,0,3,0,0,2,1,1,1,0,0,0,5,0,0,0,1
8,20,4,1,1,0,3,0,0,2,1,1,1,0,0,0,5,0,0,0,1
2,15,4,1,0,0,3,3,0,13,1,1,0,8,0,2,0,2,2,8,1
10,18,4,1,1,0,3,0,0,0,1,1,1,7,0,4,0,5,1,7,1
8,1,3,1,1,4,2,3,1,0,1,1,1,0,0,6,0,6,3,11,0
15,17,0,0,1,0,0,1,0,0,1,1,1,0,2,5,3,9,4,12,1
0,18,4,0,1,0,3,0,0,2,1,1,1,0,0,1,0,6,8,3,1
11,21,4,1,1,3,3,0,1,0,1,1,1,5,2,1,0,6,6,13,1
6,15,0,1,1,0,3,0,0,0,1,1,1,0,0,1,0,6,6,8,1
8,20,4,0,1,4,3,0,1,0,1,1,1,5,0,1,0,7,8,12,0
5,20,4,1,1,2,3,3,0,2,1,1,1,5,0,9,2,0,0,0,0
12,21,4,1,1,0,3,2,0,0,1,1,1,7,2,1,0,6,6,10,0
15,15,4,0,1,0,3,3,0,4,1,1,1,7,2,1,0,6,6,10,1
15,16,0,0,1,4,3,0,1,0,1,1,1,5,2,1,5,6,0,5,1
1,17,4,0,0,3,3,1,0,2,0,0,1,0,0,7,0,6,2,5,1
13,18,4,1,1,0,3,2,0,0,1,1,1,0,2,2,0,6,6,10,0
11,22,0,0,1,0,3,0,0,1,1,1,1,0,2,2,0,7,0,11,1
5,19,4,1,1,0,3,0,0,2,1,1,1,5,0,2,0,6,6,6,1
2,15,4,0,1,0,3,0,0,2,1,1,1,0,0,0,5,0,0,0,1
6,18,4,1,1,0,3,3,0,12,1,1,1,0,0,2,0,6,4,10,1
0,18,4,1,1,0,3,0,0,2,1,1,1,0,0,1,5,0,0,0,1
0,17,4,1,1,0,3,0,0,5,1,1,1,7,0,1,0,3,3,4,0
10,8,1,1,1,2,3,0,0,4,1,1,0,2,0,1,1,0,7,9,1
7,20,0,1,1,0,3,3,0,1,1,1,1,7,0,0,5,0,0,0,1
11,18,4,1,1,0,3,0,0,7,1,1,1,7,2,1,5,0,0,4,1
2,17,4,1,1,0,3,0,0,2,1,1,1,0,0,1,2,6,0,4,1
7,11,0,0,1,4,3,0,1,1,1,1,1,0,0,1,2,0,0,0,1
7,15,0,0,1,0,3,1,0,9,1,1,1,8,0,1,0,6,11,9,0
10,17,4,1,1,0,3,0,0,2,1,1,1,0,0,1,0,6,6,7,1
3,20,4,1,1,0,3,1,0,2,1,1,1,0,0,1,0,5,9,4,1
12,17,0,1,1,4,3,0,1,1,1,1,1,5,2,1,5,1,0,1,1
14,20,0,0,1,4,3,0,1,1,1,1,1,5,2,1,0,6,2,14,0
13,20,0,1,1,0,3,0,0,0,1,1,1,5,2,1,0,6,9,14,1
0,15,4,0,1,3,3,0,1,2,1,1,1,0,0,0,5,0,0,3,1
13,15,0,0,1,0,3,1,0,1,1,1,1,0,2,0,5,0,0,0,1
5,15,4,0,1,0,3,0,0,2,1,1,1,0,0,1,0,1,3,6,0
4,18,4,1,1,4,3,0,1,10,1,1,1,5,0,1,0,6,8,11,1
15,15,0,0,1,3,3,0,1,0,1,1,1,0,2,1,0,7,1,9,1
8,22,4,1,1,3,3,0,1,0,1,1,1,0,0,1,0,6,9,10,1
2,15,4,0,1,0,3,0,0,2,1,1,1,5,0,1,2,6,0,3,1
13,15,0,0,1,0,3,0,0,0,1,1,1,7,2,1,0,9,10,10,1
5,19,4,0,1,0,3,0,0,16,1,1,1,8,0,3,0,1,8,6,1
11,20,0,1,1,0,3,1,0,0,1,1,1,0,2,1,0,6,3,11,1
2,17,0,0,1,0,0,1,0,1,1,1,1,0,2,5,0,9,6,9,1
9,14,0,0,1,4,3,0,1,0,1,1,1,0,0,1,0,6,8,5,1
12,20,4,0,0,0,3,0,0,16,1,1,0,0,0,2,0,4,5,3,1
1,18,4,0,0,0,3,0,0,16,1,1,0,0,0,1,5,4,0,3,0
15,15,4,1,1,4,3,0,1,2,1,1,1,7,2,1,0,5,5,6,1
6,21,0,1,1,0,3,3,0,0,1,1,1,7,0,1,0,2,3,8,1
10,16,4,0,1,0,3,0,0,2,1,1,1,0,0,1,0,6,2,10,1
14,18,0,0,1,0,3,0,0,0,1,1,1,7,2,1,0,6,3,11,1
13,18,0,1,1,0,3,0,0,9,1,1,1,0,2,1,0,6,11,8,1
13,18,0,1,1,0,3,3,0,0,1,1,1,0,2,1,0,9,11,9,1
14,15,0,0,1,0,3,0,0,1,1,1,1,0,2,1,0,6,10,8,1
12,15,0,1,1,0,3,0,0,8,1,1,1,7,2,4,0,6,6,8,1
15,22,4,0,1,0,3,1,0,15,1,1,1,0,2,0,5,0,0,0,1
12,22,4,0,1,0,3,0,0,0,1,1,1,0,2,2,0,6,0,11,1
9,18,2,0,1,0,3,2,0,0,1,1,1,0,0,1,5,6,0,7,1
11,20,0,0,1,0,0,1,0,0,1,1,1,0,2,5,3,9,11,14,1
5,20,4,0,1,0,3,3,0,11,1,1,1,0,0,1,0,2,4,3,0
9,20,4,0,1,0,3,1,0,2,1,1,1,0,0,2,0,6,8,12,0
13,20,0,0,1,0,3,0,0,1,1,1,1,0,2,1,0,7,10,14,1
8,15,4,0,1,0,3,1,0,2,1,1,1,0,0,1,0,6,8,10,1
12,20,4,1,1,0,3,0,0,11,1,1,1,5,2,0,5,0,0,13,0
14,19,0,1,1,4,3,0,1,1,1,1,1,0,2,3,0,4,6,6,1
10,15,0,1,1,4,3,0,1,8,1,1,1,7,0,1,0,5,0,3,1
5,18,4,1,1,0,3,2,0,5,1,1,1,0,0,2,0,3,6,3,1
14,20,0,1,1,0,3,1,0,0,1,1,1,0,2,1,0,9,8,13,1
1,18,4,0,1,0,3,0,0,16,1,1,1,0,0,0,5,0,0,0,1
8,20,0,1,1,0,1,1,0,0,1,1,1,0,0,1,0,6,3,12,1
5,20,4,0,1,0,3,0,0,11,1,1,1,0,0,1,0,4,10,1,0
0,17,4,1,1,0,3,0,0,2,1,1,1,5,0,1,0,3,2,3,1
7,15,4,1,1,4,3,0,1,12,1,1,1,0,0,1,0,6,2,5,1
5,17,4,1,0,0,3,0,0,2,1,1,0,0,0,0,5,0,0,1,1
11,20,0,0,1,3,3,3,1,0,1,1,1,5,2,2,0,9,11,11,0
4,15,4,0,0,0,3,0,0,15,1,1,1,0,0,0,5,0,0,1,0
2,17,0,0,1,3,3,1,0,8,1,1,1,0,0,3,0,6,2,11,1
2,18,4,0,0,0,1,3,0,14,1,1,1,0,2,5,5,0,0,2,1
8,20,4,0,1,0,3,3,0,11,1,1,1,5,0,1,2,4,0,10,0
1,17,4,1,1,4,3,0,1,2,1,1,1,0,0,1,0,2,3,5,0
6,13,4,0,1,0,3,0,0,15,1,1,1,1,0,1,5,6,0,9,0
9,20,4,1,1,0,3,3,0,2,1,1,1,5,0,1,0,6,5,13,1
12,18,4,1,1,0,3,1,0,0,1,1,1,0,2,5,0,9,4,11,1
12,15,4,1,1,0,3,3,0,0,1,1,1,0,2,2,0,6,3,12,0
0,17,4,0,0,0,3,1,0,16,1,1,0,1,0,0,5,0,0,0,0
15,19,4,1,1,0,3,0,0,0,1,1,1,0,2,1,5,4,0,4,1
7,20,0,1,1,0,3,1,0,1,1,1,1,5,0,1,1,6,0,12,0
11,17,0,1,1,0,3,0,0,1,1,1,1,0,2,1,0,6,3,9,1
5,20,4,1,1,0,3,1,0,2,1,1,1,8,0,1,0,2,11,4,0
10,0,4,0,1,4,3,3,1,9,1,1,1,5,0,0,5,0,0,0,1
9,18,4,1,1,0,3,0,0,0,1,1,1,0,0,9,2,0,0,0,1
3,20,4,0,1,0,3,1,0,2,1,1,1,0,0,1,0,6,2,13,1
10,18,4,0,1,3,3,0,1,11,1,1,1,0,0,1,0,8,2,11,1
1,18,4,1,1,0,3,1,0,2,1,1,1,0,0,0,5,0,0,0,1
6,15,4,1,1,4,3,3,1,14,1,1,1,0,0,0,5,0,0,4,0
1,19,4,1,1,0,3,1,0,0,1,1,1,0,0,4,0,4,4,12,1
5,22,4,1,1,0,3,1,0,0,1,1,1,0,0,1,0,8,2,14,1
6,14,4,0,1,0,3,3,0,12,1,1,1,0,0,0,5,0,0,0,1
0,15,4,1,1,0,3,0,0,16,1,1,1,1,0,9,2,0,0,0,0
10,18,4,1,1,0,3,0,0,2,1,1,1,1,0,1,0,6,6,10,1
15,20,4,0,1,0,3,3,0,0,1,1,1,0,2,2,0,7,0,14,0
4,18,4,0,1,4,3,0,1,2,1,1,1,0,0,1,0,4,3,6,1
7,15,4,0,1,0,3,1,0,0,1,1,1,0,0,6,0,6,6,11,1
11,18,4,0,1,0,3,3,0,2,1,1,1,0,2,1,0,2,11,3,1
3,20,4,1,1,0,3,0,0,9,1,1,1,7,0,1,2,6,0,4,1
9,20,4,0,1,0,3,3,0,2,1,1,1,5,0,4,0,8,5,11,1
3,18,4,0,1,0,3,1,0,16,1,1,1,0,0,7,0,9,1,5,1
10,20,0,1,1,0,3,3,0,1,1,1,1,0,0,1,0,4,2,4,0
14,18,0,1,0,3,3,3,1,0,1,0,1,0,2,4,0,8,11,11,1
12,20,0,0,1,0,3,0,0,0,1,1,1,0,2,1,5,6,0,13,1
3,15,0,1,1,0,3,0,0,2,1,1,1,0,0,1,0,7,1,2,1
2,14,4,0,1,4,3,0,1,2,1,1,1,0,0,1,0,2,4,4,1
9,18,4,0,1,2,3,1,0,2,1,1,1,0,0,1,0,2,6,6,0
11,15,4,0,1,0,0,0,0,16,1,1,1,1,2,5,3,9,5,7,0
1,19,4,1,1,0,3,3,0,2,1,1,1,0,0,2,5,2,0,3,1
9,17,0,1,1,4,3,3,1,0,1,1,1,0,0,1,0,6,2,10,1
4,12,4,1,1,0,3,3,0,7,1,1,1,0,0,1,2,0,0,5,1
5,18,4,0,1,0,3,0,0,2,1,1,1,7,0,1,0,5,2,6,1
7,15,4,0,1,0,3,2,0,0,1,1,1,0,0,1,0,6,1,10,1
1,15,4,1,1,0,3,0,0,12,1,1,1,5,0,1,0,2,3,5,0
15,20,4,0,1,0,3,0,0,2,1,1,1,0,2,1,0,6,6,6,1
11,20,4,0,1,0,3,3,0,0,1,1,1,0,2,3,0,6,7,12,0
9,15,0,0,1,4,3,0,1,0,1,1,1,5,0,1,0,6,0,13,1
8,15,4,0,1,0,3,0,0,7,1,1,1,0,0,1,0,8,11,6,1
0,14,4,0,1,0,3,3,0,2,1,1,1,8,0,1,0,6,3,5,1
1,18,4,1,1,0,3,0,0,16,1,1,1,0,0,2,5,0,0,0,1
3,15,4,1,1,0,3,3,0,2,1,1,1,8,0,0,5,0,0,0,1
13,11,4,0,1,0,3,1,0,15,1,1,1,0,2,1,5,0,0,0,1
1,18,4,1,1,4,3,0,1,16,1,1,1,5,0,1,5,1,0,2,0
12,20,4,1,1,0,3,0,0,0,1,1,1,0,2,1,0,6,3,11,1
13,18,4,0,1,0,3,0,0,2,1,1,1,0,2,3,0,3,7,3,1
4,20,4,0,1,0,3,0,0,0,1,1,1,0,0,1,0,6,1,11,1
13,15,0,0,1,0,3,0,0,1,1,1,1,7,2,1,0,4,1,9,1
5,18,0,1,0,0,1,1,0,1,1,1,1,0,2,5,0,6,4,10,0
10,19,4,1,0,0,3,0,0,2,1,1,0,0,0,1,0,1,3,3,1
6,15,4,1,1,0,3,3,0,2,1,1,1,7,0,1,0,4,8,5,1
9,20,4,0,1,4,3,0,1,0,1,1,1,5,0,1,0,8,3,13,0
15,20,0,1,1,0,3,1,0,0,1,1,1,0,2,4,0,6,8,12,0
5,19,4,0,1,0,3,0,0,2,1,1,1,7,0,1,0,3,10,1,1
12,18,4,1,1,3,3,1,1,16,1,1,1,7,2,5,3,6,1,5,1
14,18,4,0,1,0,3,0,0,5,1,1,1,0,2,2,0,6,4,10,1
14,20,0,1,1,0,3,1,0,1,1,1,1,8,2,3,0,6,11,13,1
4,18,4,1,0,0,3,3,0,2,1,1,1,0,0,1,5,0,0,1,1
13,15,4,0,1,0,3,0,0,2,1,1,1,0,2,1,0,5,6,6,1
0,15,4,1,1,0,3,0,0,2,1,1,1,0,0,0,5,0,0,1,1
14,20,0,1,1,0,3,1,0,1,1,1,1,1,2,1,0,6,5,10,1
5,20,4,1,1,0,3,1,0,2,1,1,1,0,0,1,0,4,6,3,1
7,15,4,0,1,0,3,0,0,2,1,1,1,7,0,1,0,6,0,8,1
7,13,4,0,1,0,3,0,0,15,1,1,1,1,0,1,5,5,0,2,1
5,15,4,0,1,4,3,3,1,10,1,1,1,0,0,1,0,9,8,6,0
7,22,4,1,1,0,3,1,0,7,1,1,1,0,0,1,0,6,3,12,0
3,20,4,0,1,3,3,0,1,2,1,1,1,5,0,1,0,7,2,9,1
3,15,4,1,1,0,3,0,0,2,1,1,1,7,0,1,5,0,0,0,1
8,23,3,1,1,3,3,0,1,2,1,1,1,0,2,1,0,6,9,6,1
2,18,4,1,1,2,3,1,0,2,1,1,1,8,0,1,0,2,6,2,1
15,21,0,0,1,4,3,0,1,1,1,1,1,5,2,1,0,8,8,14,1
7,18,4,1,1,0,3,0,0,0,1,1,1,5,0,3,0,6,6,12,1
5,14,4,0,1,0,3,3,0,5,1,1,1,7,0,1,0,5,3,3,1
10,15,0,0,1,0,3,0,0,15,1,1,1,7,0,0,5,0,0,0,1
3,14,4,0,0,0,3,0,0,2,1,1,0,8,0,1,1,3,0,5,0
0,18,4,0,1,0,3,0,0,2,1,1,1,5,0,1,0,4,2,3,1
4,19,0,1,1,0,3,0,0,0,1,1,1,0,0,1,0,3,4,3,1
13,20,4,1,1,0,3,0,0,2,1,1,1,0,2,1,0,1,6,5,1
7,15,4,1,1,0,3,0,0,0,1,1,1,7,0,1,0,6,4,8,1
10,20,0,0,1,0,3,1,0,0,1,1,1,0,0,1,0,6,1,11,1
0,18,4,1,1,0,3,0,0,16,1,1,1,0,0,1,5,0,0,0,1
6,15,4,0,1,0,3,0,0,11,1,1,1,8,0,4,0,6,10,9,1
0,18,4,1,1,0,3,0,0,2,1,1,1,0,0,1,0,5,3,6,1
11,20,4,0,1,0,3,0,0,2,1,1,1,0,2,1,0,6,10,13,1
7,20,4,1,1,0,3,0,0,2,1,1,1,5,0,2,0,6,2,12,0
15,19,0,1,1,0,3,1,0,2,1,1,1,0,2,0,5,0,0,0,1
0,15,4,1,1,4,3,0,1,16,1,1,1,5,0,1,0,8,2,6,0
10,14,0,1,1,0,3,3,0,9,1,1,1,8,0,1,0,6,8,8,1
15,15,0,1,1,0,3,3,0,0,1,1,1,0,2,1,0,7,8,11,1
5,13,4,0,1,3,3,0,1,15,1,1,1,0,0,1,5,0,0,2,0
12,20,0,1,1,3,3,0,1,0,1,1,1,0,2,1,0,6,8,13,1
15,20,4,0,1,0,3,0,0,11,1,1,1,5,2,1,0,6,10,13,1
8,18,4,1,1,0,3,3,0,5,1,1,1,0,0,0,5,0,0,0,1
15,20,0,1,1,0,3,0,0,1,1,1,1,7,2,1,0,6,8,10,1
10,20,4,0,1,0,3,0,0,12,1,1,1,0,0,1,0,7,10,14,0
11,15,0,1,1,0,3,0,0,8,1,1,1,2,2,1,0,6,1,11,1
15,10,4,0,1,4,3,0,1,0,1,1,1,7,2,1,0,6,3,10,1
3,15,4,0,1,0,3,3,0,14,1,1,1,0,0,1,0,6,6,6,0
10,19,4,1,1,0,3,3,0,0,1,1,1,7,0,1,0,6,8,8,1
9,20,4,0,1,0,3,1,0,2,1,1,1,0,0,1,0,6,6,6,1
13,14,4,1,1,0,3,1,0,2,1,1,1,8,2,8,5,2,0,0,1
10,18,3,0,1,0,3,0,0,15,1,1,1,0,0,7,5,7,0,2,1
4,17,4,0,1,0,3,3,0,2,1,1,1,0,0,1,0,6,6,10,1
13,18,4,1,1,0,3,1,0,2,1,1,1,0,2,0,5,0,0,0,1
9,20,4,0,1,0,3,3,0,11,1,1,1,0,0,1,0,6,10,13,0
11,20,4,1,1,0,3,0,0,0,1,1,1,0,2,1,2,1,0,2,1
6,13,4,0,1,0,3,0,0,15,1,1,1,1,0,0,5,0,0,0,1
7,15,4,1,1,4,3,0,1,0,1,1,1,5,0,1,0,6,6,8,1
0,15,4,0,1,0,3,0,0,2,1,1,1,5,0,1,5,1,0,1,0
14,20,0,0,1,0,3,1,0,1,1,1,1,0,2,1,0,7,3,12,1
15,20,4,0,1,0,3,0,0,0,1,1,1,5,2,1,0,8,8,14,1
3,18,4,1,0,0,3,1,0,11,1,1,0,0,2,0,5,0,0,6,1
4,20,4,0,1,0,3,1,0,0,1,1,1,0,0,1,5,3,0,4,0
0,17,4,1,1,0,3,1,0,2,1,1,1,0,0,1,0,4,2,2,1
0,15,4,1,1,0,3,0,0,2,1,1,1,0,0,1,5,0,0,2,1
7,19,0,1,1,0,3,0,0,16,1,1,1,5,0,1,0,1,4,2,0
15,15,4,1,1,0,3,0,0,2,1,1,1,0,2,0,5,0,0,2,1
2,19,0,0,1,0,3,1,0,8,1,1,1,0,0,1,0,2,3,4,1
11,15,0,0,1,0,1,1,0,1,1,1,1,0,2,1,0,6,11,13,1
11,17,2,1,1,3,1,0,1,0,1,1,1,0,2,1,0,6,11,12,1
7,19,0,0,1,0,3,3,0,0,1,1,1,0,0,1,0,6,2,11,0
4,18,4,0,1,0,3,0,0,2,1,1,1,0,0,2,0,2,2,8,1
12,18,4,1,1,3,3,0,1,2,1,1,1,0,2,1,5,0,0,0,1
12,18,3,1,1,0,3,0,0,0,1,1,1,8,2,1,0,7,2,9,0
14,15,0,0,1,4,3,0,1,0,1,1,1,0,2,1,0,6,1,10,1
12,20,0,0,1,0,3,0,0,0,1,1,1,0,2,1,0,7,6,14,1
14,20,4,0,1,0,3,3,0,0,1,1,1,5,2,1,0,6,4,9,0
4,18,4,0,1,0,1,0,0,2,1,1,1,0,0,1,0,4,10,4,1
1,15,4,1,0,3,3,0,0,2,0,1,1,0,0,1,0,2,5,5,1
6,20,4,0,1,0,3,0,0,0,1,1,1,0,0,1,0,6,5,14,1
0,17,4,0,0,0,3,1,0,16,1,1,0,0,0,0,5,0,0,2,0
5,15,4,1,0,4,3,0,1,14,1,1,1,0,0,1,0,4,4,4,1
4,18,0,0,1,0,3,0,0,2,1,1,1,0,0,1,0,6,5,3,0
1,15,4,0,1,0,0,3,0,16,1,1,1,1,0,5,3,9,3,7,0
4,18,4,1,1,0,3,0,0,2,1,1,1,1,0,1,5,0,0,0,1
10,20,4,0,1,4,3,0,1,0,1,1,1,5,0,1,0,6,6,11,0
13,18,0,1,1,4,3,0,1,0,1,1,1,5,2,1,0,6,4,6,1
5,20,4,1,1,0,3,0,0,2,1,1,1,5,0,1,0,6,2,2,1
3,18,0,1,1,0,3,1,0,1,1,1,1,0,0,1,5,0,0,0,0
1,18,4,1,1,0,3,1,0,11,1,1,1,0,0,1,0,5,3,5,1
10,19,3,1,1,3,3,0,1,0,1,1,1,7,0,1,0,7,2,4,1
6,15,0,0,1,0,3,1,0,11,1,1,1,0,0,0,5,0,0,0,1
0,18,4,1,1,0,3,0,0,16,1,1,1,7,0,3,5,4,0,5,1
6,20,4,1,1,0,3,0,0,0,1,1,1,5,0,1,0,1,8,6,1
4,18,4,1,1,0,3,0,0,2,1,1,1,0,0,3,0,3,6,5,1
9,18,0,1,1,0,3,3,0,1,1,1,1,0,0,3,0,2,1,4,0
3,19,0,0,1,0,3,0,0,2,1,1,1,0,0,1,0,4,3,5,1
4,15,4,0,1,0,3,0,0,7,1,1,1,7,0,1,0,6,3,6,1
6,18,4,0,1,0,3,0,0,0,1,1,1,0,0,1,0,6,2,12,0
15,15,0,1,1,4,3,0,1,1,1,1,1,7,2,0,5,0,0,0,1
4,15,4,0,1,2,3,3,0,3,1,1,1,0,0,1,0,2,4,3,0
7,16,0,1,1,4,3,3,1,0,1,1,1,7,0,1,0,6,11,7,1
4,18,4,1,1,0,3,3,0,2,1,1,1,0,0,1,0,2,5,3,1
3,0,4,1,1,4,3,0,1,14,1,1,1,7,0,0,5,0,0,0,1
11,20,4,1,1,0,3,0,0,5,1,1,1,0,2,1,0,8,3,10,1
14,19,4,0,1,0,3,0,0,2,1,1,1,1,0,6,0,4,3,4,1
1,17,2,1,1,0,3,1,0,0,1,1,1,0,0,1,5,0,0,0,0
0,18,4,0,1,0,3,0,0,2,1,1,1,0,0,1,5,0,0,0,0
13,18,0,0,1,0,3,1,0,1,1,1,1,0,2,1,0,6,2,6,1
13,15,4,1,1,0,3,3,0,2,1,1,1,8,2,1,0,6,4,8,1
10,20,4,1,1,0,3,0,0,0,1,1,1,0,0,1,0,7,6,14,1
0,15,4,1,1,0,3,0,0,2,1,1,1,5,0,1,0,2,2,3,1
10,21,0,0,1,4,3,0,1,1,1,1,1,5,0,1,0,8,6,11,1
2,18,4,1,1,0,3,1,0,2,1,1,1,8,0,1,0,2,2,6,1
2,17,4,1,1,0,3,3,0,2,1,1,1,0,0,1,0,4,2,5,1
8,13,4,0,0,0,3,0,0,15,1,1,0,1,0,1,5,3,0,3,0
1,17,4,1,1,0,3,0,0,7,1,1,1,8,0,1,0,2,6,5,1
7,19,4,0,1,0,3,0,0,0,1,1,1,0,0,3,0,9,3,11,0
4,20,4,1,1,2,3,0,0,2,1,1,1,5,0,1,0,6,9,11,1
10,18,2,0,0,0,3,1,0,15,1,1,1,2,0,3,5,6,0,1,1
10,21,0,1,1,4,3,1,1,1,1,1,1,0,0,2,0,6,3,11,0
1,18,4,1,1,0,3,0,0,2,1,1,1,7,0,1,0,4,4,4,1
2,13,4,0,0,0,3,0,0,16,1,1,0,0,0,1,5,6,0,5,1
10,15,4,0,1,0,3,1,0,4,1,1,1,7,0,5,3,6,1,6,1
12,15,0,0,1,0,3,0,0,1,1,1,1,0,2,6,0,8,0,11,0
7,20,4,0,1,0,3,3,0,11,1,1,1,5,0,1,0,9,0,11,1
13,20,0,1,1,2,3,3,0,1,1,1,1,5,2,1,5,0,0,0,0
11,20,4,0,1,0,3,0,0,14,1,1,1,7,2,1,0,9,0,9,1
9,15,0,1,1,0,3,0,0,1,1,1,1,0,0,1,0,6,6,6,1
0,15,4,0,1,0,3,0,0,2,1,1,1,7,0,1,0,5,2,6,1
1,18,4,0,1,0,3,3,0,16,1,1,1,5,0,2,5,0,0,0,0
14,20,4,0,1,3,3,0,1,9,1,1,1,5,2,1,0,6,11,14,0
9,17,4,1,1,0,3,1,0,2,1,1,1,8,0,4,0,6,1,7,1
13,20,0,1,1,3,3,3,1,1,1,1,1,5,2,1,5,0,0,0,0
10,19,4,0,1,0,3,1,0,11,1,1,1,5,0,3,1,4,0,10,1
1,15,4,0,1,0,3,0,0,7,1,1,1,1,0,0,5,0,0,0,1
6,15,4,1,0,0,3,0,0,14,1,1,1,0,0,1,0,6,4,10,1
5,12,4,0,1,0,3,3,0,7,1,1,1,0,0,1,0,6,11,4,1
13,20,4,0,1,0,3,0,0,15,1,1,1,1,2,1,5,0,0,0,0
2,15,4,1,1,0,3,3,0,12,1,1,1,0,0,6,0,2,4,3,1
8,19,4,0,1,0,1,0,0,0,1,1,1,0,0,1,0,6,7,10,1
8,15,4,1,1,0,3,0,0,2,1,1,1,0,0,3,1,6,0,10,1
12,20,0,1,1,3,3,3,1,1,1,1,1,8,2,1,1,6,0,11,1
5,20,4,0,1,0,3,0,0,2,1,1,1,7,0,5,0,6,8,6,1
1,12,1,0,1,3,3,0,0,14,1,1,1,0,0,1,0,9,5,9,1
12,9,0,0,1,4,3,1,1,12,1,1,1,7,2,2,0,6,5,6,1
15,18,0,0,1,4,3,0,1,1,1,1,1,7,2,1,0,7,8,12,1
9,21,4,0,1,4,3,0,1,5,1,1,1,5,0,1,2,6,0,6,0
7,13,4,1,1,0,3,0,0,2,1,1,1,0,0,2,5,6,0,7,1
12,18,4,1,1,0,3,0,0,2,1,1,1,7,2,3,0,2,7,4,1
9,17,0,1,1,0,3,0,0,1,1,1,1,0,0,1,2,6,0,8,0
4,20,4,0,1,0,3,0,0,2,1,1,1,0,0,4,0,6,4,10,1
9,19,4,0,1,0,3,1,0,12,1,1,1,0,0,1,0,6,6,8,1
3,17,4,0,1,0,3,0,0,15,1,1,1,5,0,1,5,2,0,2,0
1,18,4,0,1,0,3,0,0,2,1,1,1,0,0,1,0,1,2,2,1
9,15,0,0,1,0,3,0,0,0,1,1,1,0,0,1,0,2,6,4,1
13,7,4,1,1,0,3,0,0,5,1,1,1,7,2,7,2,2,0,2,1
15,15,0,1,1,4,3,0,1,0,1,1,1,0,2,1,0,6,1,9,1
4,16,4,0,1,0,3,0,0,2,1,1,1,0,0,1,0,6,6,4,1
13,20,0,1,1,0,3,1,0,1,1,1,1,0,2,2,0,6,6,11,1
0,17,4,1,1,0,3,0,0,2,1,1,1,0,0,1,0,2,1,4,0
13,13,4,0,0,0,3,3,0,15,1,1,1,0,2,0,5,0,0,0,1
14,17,4,0,1,0,3,3,0,2,1,1,1,0,2,0,5,0,0,0,1
9,21,4,0,1,0,3,1,0,2,1,1,1,0,0,1,0,7,5,12,0
5,15,4,0,1,4,3,0,1,2,1,1,1,7,0,1,0,6,6,8,1
2,17,4,0,1,0,3,0,0,0,1,1,1,0,0,1,0,6,7,8,1
5,19,4,1,1,3,3,3,1,2,1,1,1,0,0,1,0,6,3,9,1
8,21,4,0,1,0,3,2,0,2,1,1,1,0,0,2,0,2,3,2,1
13,18,0,0,1,0,3,0,0,1,1,1,1,0,2,2,0,6,0,9,1
14,19,4,0,1,0,3,3,0,2,1,1,1,0,2,1,0,6,3,10,1
15,18,4,1,1,0,3,0,0,2,1,1,1,0,2,1,0,2,0,3,1
10,19,0,0,1,0,1,3,0,0,1,1,1,0,0,1,0,6,7,10,1
4,18,4,0,1,0,3,0,0,2,1,1,1,0,0,1,0,3,8,5,1
3,18,4,1,1,0,3,3,0,12,1,1,1,0,0,1,0,4,2,5,1
2,15,4,1,1,4,3,0,1,2,1,1,1,0,0,0,5,0,0,0,1
14,20,4,1,1,3,3,2,1,2,1,1,1,0,2,1,0,3,9,6,1
2,20,4,1,1,0,3,0,0,2,1,1,1,0,0,3,0,5,3,6,1
0,18,4,0,1,0,3,0,0,2,1,1,1,0,0,1,2,1,0,3,1
5,20,4,0,0,0,3,0,0,11,1,1,0,0,0,1,5,6,0,4,0
10,21,0,1,1,0,3,0,0,0,1,1,1,0,0,3,0,6,8,13,1
15,20,0,1,1,0,3,0,0,0,1,1,1,0,2,4,0,6,3,14,1
11,20,0,0,1,0,3,1,0,1,1,1,1,8,2,4,0,2,1,5,1
12,18,0,0,1,0,3,0,0,1,1,1,1,0,2,1,0,4,3,8,1
13,7,0,1,1,0,3,0,0,11,1,1,1,7,2,2,0,2,3,14,1
3,15,0,0,1,4,0,0,1,0,1,1,1,0,0,5,3,6,9,14,1
10,18,0,1,1,0,3,1,0,1,1,1,1,0,0,5,0,6,4,10,0
1,18,4,0,1,4,3,0,1,9,1,1,1,2,0,1,5,9,0,0,1
10,16,0,0,1,0,0,0,0,16,1,1,1,0,0,8,3,7,0,8,1
1,19,4,1,0,0,3,3,0,11,1,1,0,0,0,0,5,0,0,0,1
11,18,0,1,0,0,3,1,0,1,1,1,1,0,2,1,0,5,4,10,1
13,8,4,0,1,4,3,0,1,2,1,1,1,0,2,1,0,6,4,3,1
8,20,0,0,1,0,3,0,0,1,1,1,1,0,0,1,0,8,3,13,1
5,15,4,1,1,0,3,1,0,2,1,1,1,0,0,2,0,1,1,1,1
9,20,4,0,1,2,3,1,0,2,1,1,1,0,0,1,0,6,3,12,1
0,18,4,1,1,0,3,1,0,16,1,1,1,5,0,0,5,0,0,0,0
5,18,4,1,1,0,3,3,0,2,1,1,1,7,0,1,5,1,0,2,1
1,15,4,1,1,0,3,0,0,11,1,1,1,7,0,3,0,4,10,4,1
0,18,4,1,1,0,3,1,0,2,1,1,1,0,0,1,0,2,7,4,1
14,19,0,1,1,0,3,0,0,0,1,1,1,0,2,4,5,0,0,0,1
13,19,3,1,1,0,3,0,0,0,1,1,1,0,2,6,0,1,0,4,1
3,18,4,0,1,4,3,0,1,11,1,1,1,7,0,1,0,6,4,4,1
1,19,4,0,1,0,3,1,0,2,1,1,1,0,0,1,0,1,1,2,1
11,21,4,1,1,0,3,1,0,0,1,1,1,0,2,4,0,6,4,12,1
2,18,4,1,1,0,3,1,0,16,1,1,1,0,0,1,5,2,0,1,1
0,15,4,1,1,3,3,0,1,2,1,1,1,7,0,0,5,0,0,0,1
15,15,2,1,1,4,3,0,1,0,1,1,1,0,2,1,0,6,1,8,0
6,15,4,0,1,3,3,0,1,2,1,1,1,0,0,1,0,6,2,7,1
11,20,4,0,1,0,3,1,0,2,1,1,1,0,2,6,2,6,0,8,1
5,18,4,0,1,0,3,0,0,15,1,1,1,0,0,1,5,0,0,1,0
1,15,4,1,1,0,3,0,0,2,1,1,1,0,0,1,2,1,0,4,1
2,22,4,1,1,0,3,1,0,7,1,1,1,8,0,0,5,0,0,0,1
13,18,4,1,1,0,3,3,0,2,1,1,1,1,2,1,0,2,3,5,1
11,15,0,0,1,0,3,3,0,0,1,1,1,0,2,3,0,6,1,8,1
8,18,2,1,1,0,3,1,0,7,1,1,1,2,0,1,5,0,0,0,1
4,18,4,0,1,0,3,1,0,2,1,1,1,0,0,0,5,0,0,0,1
1,18,4,1,1,0,3,0,0,2,1,1,1,1,0,1,0,6,4,4,1
12,20,4,0,1,0,3,3,0,11,1,1,1,0,2,1,0,7,0,3,1
5,15,4,0,1,4,3,0,1,2,1,1,1,0,0,1,0,6,2,6,1
3,21,4,0,1,0,3,0,0,12,1,1,1,0,0,1,0,6,2,8,1
6,11,4,0,1,4,3,3,1,11,1,1,1,0,0,1,0,6,2,6,1
5,18,4,0,1,4,3,0,1,5,1,1,1,0,0,1,0,6,10,5,1
5,20,4,0,1,0,3,1,0,11,1,1,1,0,0,1,2,6,0,10,0
15,18,0,1,1,0,3,0,0,0,1,1,1,7,2,1,0,6,8,6,1
5,17,4,1,1,0,3,0,0,11,1,1,1,7,0,1,5,6,0,4,1
2,15,4,0,1,0,3,0,0,2,1,1,1,0,0,3,0,1,6,3,1
15,21,4,1,1,0,3,0,0,0,1,1,1,0,2,1,0,7,6,14,0
15,20,4,0,1,0,3,3,0,0,1,1,1,5,2,1,0,6,2,14,1
5,12,4,0,0,2,3,0,0,0,1,1,0,0,0,5,5,0,0,4,0
5,18,4,1,1,0,3,0,0,2,1,1,1,0,0,0,5,0,0,0,1
10,19,4,0,1,0,3,3,0,0,1,1,1,0,0,1,0,4,8,8,1
11,15,0,1,1,4,3,0,1,0,1,1,1,7,2,1,0,8,11,6,1
10,12,4,0,1,4,3,0,1,5,1,1,1,7,0,1,0,6,8,5,1
0,18,4,1,1,0,3,0,0,0,1,1,1,0,0,3,0,1,3,6,1
5,17,4,0,1,0,3,0,0,9,1,1,1,8,0,1,0,4,6,8,1
11,15,4,1,1,0,3,1,0,2,1,1,1,1,2,1,0,5,11,5,1
10,20,4,0,1,0,3,3,0,2,1,1,1,5,0,1,0,6,4,11,1
3,18,0,1,1,0,3,1,0,1,1,1,1,0,0,1,0,6,2,9,1
1,18,4,0,1,4,3,0,1,11,1,1,1,5,0,1,0,6,6,13,0
9,14,4,0,1,0,3,0,0,2,1,1,1,0,0,1,0,6,7,5,1
8,18,4,0,1,0,3,1,0,2,1,1,1,0,0,1,0,6,2,3,1
5,20,4,1,1,0,3,1,0,0,1,1,1,0,0,2,5,0,0,0,1
12,18,4,0,0,0,3,0,0,0,1,1,0,0,2,5,0,9,6,5,1
12,18,0,1,1,0,3,0,0,11,1,1,1,7,2,6,0,7,0,11,1
8,20,4,1,1,0,3,0,0,12,1,1,1,7,0,1,0,6,9,9,1
13,12,2,0,1,4,3,0,1,5,1,1,1,7,2,1,0,6,11,9,1
7,21,4,1,1,4,3,0,1,5,1,1,1,5,0,1,0,6,1,6,1
5,20,0,1,1,0,3,2,0,2,1,1,1,6,0,2,0,6,10,9,1
8,21,4,1,1,0,3,1,0,0,1,1,1,5,0,1,0,6,3,13,1
13,18,0,1,0,0,3,0,0,0,1,1,1,5,2,1,0,6,4,13,1
0,15,4,0,1,0,3,2,0,1,1,1,1,8,0,1,0,3,1,4,0
10,14,4,0,1,0,3,0,0,12,1,1,1,7,0,3,0,6,8,6,1
0,18,4,0,1,0,3,0,0,11,1,1,1,0,0,1,0,2,1,4,1
0,18,4,1,1,0,3,3,0,11,1,1,1,5,0,0,5,0,0,0,0
14,19,0,0,1,4,3,0,1,0,1,1,1,0,2,2,0,6,3,9,1
12,23,0,1,1,3,3,3,1,13,1,1,1,8,2,2,0,8,2,13,0
11,20,0,0,1,0,3,0,0,0,1,1,1,0,2,1,0,6,8,13,1
5,20,4,1,1,0,3,3,0,10,1,1,1,0,0,1,0,6,1,11,0
13,11,4,0,0,0,3,0,0,15,1,1,0,0,2,0,5,0,0,0,1
5,20,4,0,1,0,3,1,0,0,1,1,1,5,0,1,0,6,8,11,0
2,18,4,0,1,3,3,0,1,2,1,1,1,5,0,0,5,0,0,0,1
2,18,4,0,1,4,3,0,1,14,1,1,1,5,0,1,0,6,4,12,1
9,15,4,1,1,4,3,0,1,2,1,1,1,5,0,0,5,0,0,0,1
6,20,4,0,1,0,3,0,0,2,1,1,1,5,0,1,0,6,6,12,1
13,15,4,0,1,4,3,0,1,9,1,1,1,5,0,1,0,4,5,1,1
2,17,0,1,1,0,3,3,0,8,1,1,1,0,0,1,0,3,6,5,1
9,18,4,0,1,3,3,0,1,0,1,1,1,5,0,0,5,0,0,0,1
14,19,4,0,1,0,3,0,0,12,1,1,1,0,2,1,0,3,5,5,1
4,12,4,1,1,0,3,3,0,0,1,1,1,1,0,1,5,0,0,1,1
7,20,4,0,1,0,3,0,0,5,1,1,1,0,0,6,2,0,0,0,1
5,20,4,1,1,3,3,0,1,0,1,1,1,5,0,2,0,9,3,12,0
9,19,4,0,1,0,3,0,0,2,1,1,1,1,0,1,0,6,11,7,1
12,21,3,0,1,3,3,3,1,9,1,1,1,0,2,6,0,6,5,7,1
13,17,4,1,1,0,3,0,0,0,1,1,1,1,2,3,0,6,10,13,0
11,15,0,0,1,4,3,0,1,0,1,1,1,0,2,1,0,4,1,2,0
1,17,4,1,1,0,3,0,0,2,1,1,1,0,0,0,5,0,0,0,1
12,18,0,0,1,0,3,0,0,0,1,1,1,1,2,1,0,9,8,14,1
3,20,4,1,1,0,3,1,0,2,1,1,1,0,0,1,0,5,5,3,1
10,15,0,0,1,0,3,0,0,1,1,1,1,0,0,7,0,6,8,9,1
5,17,4,1,1,0,3,0,0,2,1,1,1,0,0,1,0,2,2,8,1
2,15,4,0,1,0,3,0,0,15,1,1,1,0,0,0,5,0,0,0,0
14,20,0,1,1,0,3,0,0,1,1,1,1,0,2,1,0,8,8,12,0
3,19,4,1,1,0,3,3,0,0,1,1,1,0,0,3,0,9,1,6,0
0,15,4,1,1,4,3,1,1,5,1,1,1,0,0,0,5,0,0,4,1
9,17,4,1,0,0,3,0,0,2,1,0,0,0,0,6,5,0,0,3,1
9,18,4,0,1,0,3,1,0,0,1,1,1,0,0,1,0,6,7,11,0
6,20,4,0,1,0,3,0,0,12,1,1,1,1,0,1,0,6,3,13,1
6,15,4,0,1,0,3,3,0,9,1,1,1,0,0,1,0,9,0,8,1
1,18,4,0,1,0,3,1,0,2,1,1,1,0,0,0,5,0,0,0,1
15,20,4,1,1,0,3,3,0,2,1,1,1,0,2,1,0,6,4,10,1
10,18,4,1,1,0,3,0,0,14,1,1,1,7,0,1,0,6,4,7,1
10,19,4,0,1,0,3,0,0,0,1,1,1,0,0,1,0,6,6,12,1
3,19,4,0,1,0,3,1,0,2,1,1,1,8,0,1,5,0,0,0,1
6,20,4,1,1,0,3,0,0,2,1,1,1,5,0,1,0,6,6,9,1
3,22,4,1,1,0,3,1,0,7,1,1,1,0,0,0,5,0,0,0,1
10,15,4,0,1,0,3,3,0,11,1,1,1,0,0,0,5,0,0,0,1
10,15,0,0,1,0,3,3,0,0,1,1,1,0,0,1,0,6,6,10,1
5,15,4,0,1,0,3,0,0,2,1,1,1,0,0,1,0,6,2,8,0
6,19,4,1,1,0,2,0,0,2,1,1,1,0,0,1,0,4,4,5,0
2,15,4,0,1,0,3,0,0,2,1,1,1,7,0,1,0,7,2,4,1
8,21,4,1,1,0,3,0,0,16,1,1,1,0,0,2,0,6,2,7,0
6,18,4,1,1,0,3,0,0,2,1,1,1,7,0,1,0,6,3,11,1
10,20,4,0,1,0,3,0,0,2,1,1,1,0,0,3,0,4,10,8,1
13,0,4,0,1,4,3,0,1,12,1,1,1,7,2,1,0,6,4,9,1
1,18,0,1,1,0,3,0,0,0,1,1,1,5,0,1,0,6,8,12,0
4,19,4,0,1,0,3,0,0,2,1,1,1,5,0,1,0,6,8,8,1
1,18,4,1,1,0,3,3,0,12,1,1,1,0,0,1,5,4,0,3,0
9,15,0,0,1,0,3,0,0,0,1,1,1,0,0,1,0,6,5,6,1
0,17,4,1,1,0,3,1,0,0,1,1,1,0,0,2,0,1,3,1,0
13,20,0,1,1,0,3,1,0,1,1,1,1,0,2,1,0,8,8,14,1
0,15,4,0,1,0,3,1,0,7,1,1,1,0,0,0,5,0,0,0,1
14,20,4,0,1,3,3,0,1,9,1,1,1,0,2,1,0,6,6,10,1
3,17,4,1,1,0,3,0,0,2,1,1,1,0,0,1,0,3,6,4,1
5,20,4,1,1,2,3,3,0,0,1,1,1,7,0,1,0,5,3,4,1
4,18,4,0,1,4,3,0,1,2,1,1,1,0,0,1,0,6,6,7,1
6,11,4,0,1,0,3,1,0,15,1,1,1,0,0,1,5,3,0,2,1
13,20,2,1,0,1,3,3,0,13,1,1,0,6,2,2,0,2,10,8,1
8,18,4,1,1,0,3,1,0,7,1,1,1,7,0,1,0,2,1,9,1
11,15,4,0,1,0,3,3,0,0,1,1,1,0,2,1,2,6,0,9,0
13,20,0,0,1,3,3,3,1,1,1,1,1,5,2,1,0,8,3,13,1
1,18,4,0,1,0,3,0,0,2,1,1,1,1,0,4,0,1,10,2,1
14,18,4,1,1,0,3,3,0,0,1,1,1,7,2,1,2,0,0,4,1
8,18,4,1,1,0,3,0,0,12,1,1,1,7,0,1,0,3,3,5,0
14,20,0,1,1,0,3,0,0,1,1,1,1,0,2,1,1,6,0,13,1
8,20,4,1,1,0,3,1,0,11,1,1,1,0,0,1,0,6,6,13,1
0,18,4,1,1,0,3,0,0,16,1,1,1,0,0,2,5,4,0,2,0
3,20,4,0,1,0,3,1,0,15,1,1,1,0,0,7,5,3,0,9,1
10,17,4,0,1,0,3,0,0,0,1,1,1,7,0,1,0,5,7,12,0
4,20,4,0,1,0,3,0,0,11,1,1,1,0,0,1,0,6,2,9,1
7,21,0,0,1,4,3,0,1,1,1,1,1,0,0,1,0,6,6,13,0
15,19,0,1,1,0,3,1,0,0,1,1,1,0,2,1,0,4,5,7,1
0,18,4,1,1,0,3,3,0,11,1,1,1,7,0,1,0,2,1,4,1
9,18,4,1,1,0,3,0,0,12,1,1,1,7,0,1,0,6,2,9,1
5,15,0,0,1,0,3,0,0,0,1,1,1,7,0,1,0,6,6,6,1
4,19,4,1,1,0,3,3,0,11,1,1,1,0,0,1,0,6,3,7,1
11,20,4,0,1,0,3,0,0,0,1,1,1,0,2,1,0,1,1,4,1
4,18,4,1,1,3,3,0,1,2,1,1,1,7,0,1,0,2,2,3,1
12,15,0,0,1,0,3,0,0,15,1,1,1,1,2,0,5,0,0,1,1
15,20,0,1,1,4,3,0,1,1,1,1,1,0,2,0,5,0,0,0,1
14,21,0,1,1,0,3,3,0,1,1,1,1,7,2,1,0,6,5,13,1
14,20,0,0,1,3,3,0,1,1,1,1,1,7,2,1,0,6,4,13,1
3,15,4,0,1,0,3,1,0,2,1,1,1,8,0,1,0,6,4,2,1
9,16,0,0,1,4,3,0,1,0,1,1,1,0,0,0,5,0,0,0,0
14,20,4,1,1,0,3,3,0,0,1,1,1,0,2,2,0,6,11,14,1
0,17,4,0,1,0,2,0,0,2,1,1,1,7,0,1,0,6,4,5,1
10,15,0,0,1,0,3,3,0,8,1,1,1,0,0,3,0,6,8,11,1
1,13,4,0,1,0,3,0,0,2,1,1,1,0,0,1,5,4,0,6,1
15,21,4,1,1,3,3,0,1,2,1,1,1,1,2,4,0,4,6,3,1
13,20,4,0,1,3,3,0,1,0,1,1,1,5,2,7,0,7,8,12,1
12,18,0,0,1,0,3,0,0,1,1,1,1,7,2,1,0,8,11,11,1
1,18,4,1,1,0,3,3,0,9,1,1,1,0,0,4,0,1,6,2,1
11,17,4,1,1,0,3,0,0,2,1,1,1,8,2,1,0,6,6,5,1
5,18,4,1,1,0,3,0,0,0,1,1,1,0,0,5,0,6,4,7,0
4,20,4,1,1,4,3,0,1,14,1,1,1,0,0,0,5,0,0,0,0
8,20,4,1,1,0,3,0,0,2,1,1,1,0,0,1,0,6,4,9,1
15,19,0,1,1,3,3,1,1,0,1,1,1,0,2,1,0,6,4,10,1
4,21,0,1,1,4,3,0,1,0,1,1,1,0,0,1,0,6,8,8,0
8,18,4,0,1,0,3,0,0,2,1,1,1,1,0,9,2,0,0,0,1
5,18,4,0,1,0,3,3,0,2,1,1,1,7,0,1,0,6,5,8,1
5,20,4,0,1,3,3,0,1,2,1,1,1,7,0,1,5,0,0,0,0
11,19,0,1,1,0,3,1,0,0,1,1,1,0,2,3,0,6,11,12,0
15,15,4,0,1,0,3,0,0,2,1,1,1,0,2,1,0,6,2,8,1
2,17,4,1,1,0,3,3,0,2,1,1,1,0,0,1,0,3,8,5,1
1,14,4,0,1,0,3,0,0,2,1,1,1,7,0,0,5,0,0,0,1
11,19,4,1,1,0,3,0,0,7,1,1,1,0,2,1,0,3,6,5,1
8,18,4,1,1,0,3,0,0,2,1,1,1,7,0,0,5,0,0,2,1
9,20,0,1,1,4,3,0,1,2,1,1,1,5,0,1,5,0,0,0,1
3,15,4,0,1,0,3,0,0,2,1,1,1,0,0,1,0,6,2,4,1
8,21,4,1,1,0,3,3,0,0,1,1,1,1,0,1,0,9,6,13,0
8,16,4,0,0,0,3,0,0,0,1,1,0,7,0,1,0,6,6,8,1
15,18,4,1,1,0,3,0,0,10,1,1,1,0,2,1,0,5,3,3,1
2,17,4,0,1,0,3,3,0,12,1,1,1,0,2,3,0,1,2,2,1
2,18,4,0,1,3,3,0,1,2,1,1,1,0,0,4,0,1,6,2,1
11,21,4,1,1,0,3,1,0,0,1,1,1,0,2,1,0,6,5,12,0
9,20,4,1,1,4,3,3,1,0,1,1,1,5,0,1,0,6,4,10,1
1,18,4,0,1,0,3,3,0,2,1,1,1,7,0,1,5,0,0,0,1
9,20,4,0,1,0,3,3,0,11,1,1,1,7,0,1,2,6,0,10,0
2,15,0,1,1,0,3,0,0,8,1,1,1,0,0,1,5,3,0,3,1
5,20,4,1,1,0,3,0,0,2,1,1,1,5,0,3,0,5,11,6,1
4,18,0,1,1,0,3,0,0,9,1,1,1,0,0,1,0,6,10,8,1
15,21,0,1,1,4,3,3,1,1,1,1,1,5,2,0,5,0,0,0,1
10,18,0,1,1,4,3,0,1,1,1,1,1,7,0,1,0,6,2,10,1
15,20,0,0,1,0,3,1,0,0,1,1,1,0,2,1,0,6,4,13,1
4,18,4,0,1,0,1,3,0,14,1,1,1,0,0,1,5,0,0,0,0
14,17,0,0,1,0,3,3,0,1,1,1,1,1,2,1,0,6,3,9,1
3,15,4,0,1,0,3,3,0,15,1,1,1,0,0,0,5,0,0,0,1
0,15,4,0,0,0,3,0,0,2,1,1,0,7,0,0,5,0,0,1,1
10,15,4,0,1,3,3,0,1,15,1,1,1,5,0,1,5,0,0,0,1
2,18,4,0,1,0,3,3,0,2,1,1,1,8,0,1,0,2,3,5,1
1,18,4,0,1,3,3,0,1,2,1,1,1,5,0,0,5,0,0,0,1
12,15,0,0,1,0,3,1,0,1,1,1,1,0,2,7,0,6,10,8,1
13,0,4,0,1,0,3,0,0,12,1,1,1,0,2,6,0,6,4,11,0
1,18,4,1,1,0,3,1,0,2,1,1,1,8,0,2,0,6,8,10,1
13,15,0,0,1,3,3,0,1,0,1,1,1,0,2,3,1,6,0,6,0
5,18,4,1,1,0,3,3,0,2,1,1,1,7,0,4,0,2,3,3,1
9,16,4,0,1,0,3,1,0,2,1,1,1,0,0,0,5,0,0,3,1
4,19,4,1,1,0,3,0,0,2,1,1,1,1,0,1,0,6,8,3,1
11,23,0,0,1,4,3,0,1,8,1,1,1,0,2,1,0,8,4,11,0
12,20,4,0,1,0,3,1,0,0,1,1,1,0,2,1,0,8,3,11,0
0,13,4,0,0,0,3,0,0,2,1,1,0,0,0,0,5,0,0,0,1
10,20,4,0,1,0,3,0,0,2,1,1,1,0,0,1,0,6,8,10,1
1,18,4,1,1,0,3,3,0,11,1,1,1,0,0,1,0,4,3,4,0
11,20,4,1,1,0,3,0,0,12,1,1,1,7,2,1,2,8,0,10,0
7,18,0,1,1,0,3,0,0,0,1,1,1,0,0,2,0,6,0,11,1
11,20,4,1,1,0,3,0,0,14,1,1,1,0,2,1,0,8,8,10,0
6,18,4,0,1,3,3,0,1,11,1,1,1,5,0,9,2,0,0,0,1
9,18,4,0,1,0,3,3,0,2,1,1,1,8,0,1,0,6,6,9,0
15,20,4,0,1,0,3,1,0,0,1,1,1,0,2,4,0,6,10,14,1
13,19,4,1,1,0,3,0,0,9,1,1,1,0,2,1,0,6,5,10,1
6,15,4,0,1,0,3,0,0,0,1,1,1,7,0,1,0,6,8,11,1
14,23,0,1,1,0,3,0,0,1,1,1,1,0,2,1,0,6,6,13,1
6,15,4,0,1,0,3,0,0,7,1,1,1,0,0,0,5,0,0,0,1
6,15,0,1,1,0,3,0,0,1,1,1,1,0,0,2,0,3,4,11,1
1,18,4,1,1,0,3,0,0,16,1,1,1,0,0,9,2,0,0,0,1
4,15,4,0,1,0,3,0,0,15,1,1,1,1,0,0,5,0,0,2,1
12,20,0,0,1,0,3,1,0,0,1,1,1,0,2,1,0,9,7,14,0
8,15,4,1,1,4,3,0,1,7,1,1,1,0,0,1,0,5,1,8,1
2,19,4,1,1,4,3,0,1,0,1,1,1,0,0,1,0,6,1,6,0
11,17,0,1,1,0,3,3,0,0,1,1,1,0,2,0,5,0,0,0,1
1,18,4,1,1,0,3,0,0,2,1,1,1,7,0,1,0,4,2,5,1
9,21,0,1,1,0,3,1,0,0,1,1,1,0,0,1,0,8,2,14,1
9,17,4,1,1,0,3,3,0,5,1,1,1,7,0,1,0,6,3,8,1
5,17,4,0,1,0,3,1,0,2,1,1,1,8,0,0,5,0,0,0,1
4,14,0,0,1,4,3,0,1,0,1,1,1,7,0,1,0,6,5,7,0
10,16,0,1,1,0,3,3,0,1,1,1,1,0,0,1,0,1,6,3,1
11,20,4,1,1,0,3,0,0,0,1,1,1,0,2,2,0,6,6,12,0
5,17,4,0,1,0,3,3,0,0,1,1,1,0,0,1,0,6,8,13,0
14,18,4,0,0,0,3,1,0,0,1,0,1,0,2,1,0,6,4,14,0
7,18,0,1,1,0,3,0,0,0,1,1,1,0,0,1,0,8,7,12,1
2,18,4,1,1,0,3,1,0,16,1,1,1,0,0,3,0,1,2,3,1
11,14,4,0,0,0,3,0,0,14,1,1,0,0,2,0,5,0,0,4,0
2,15,4,1,1,0,3,0,0,4,1,1,1,0,0,1,2,0,0,4,1
3,18,4,0,1,0,3,0,0,0,1,1,1,5,0,0,5,0,0,0,0
8,20,4,0,1,0,3,1,0,2,1,1,1,0,0,5,2,6,0,10,1
0,17,4,1,1,0,3,0,0,2,1,1,1,0,0,0,5,0,0,0,1
12,18,4,0,1,4,3,0,1,9,1,1,1,7,2,1,0,6,5,8,1
10,20,0,1,1,0,3,1,0,0,1,1,1,5,0,1,0,6,7,14,1
4,13,4,0,1,0,3,3,0,2,1,1,1,1,0,1,0,4,6,6,1
12,15,2,0,1,0,3,0,0,0,1,1,1,0,2,1,0,7,2,10,1
4,15,4,1,1,4,3,0,1,9,1,1,1,7,0,1,0,6,5,7,1
1,15,4,0,1,0,0,0,0,16,1,1,1,0,0,5,3,6,6,4,1
9,20,0,1,1,0,3,1,0,1,1,1,1,0,0,1,5,3,0,3,1
4,20,4,0,1,0,3,0,0,2,1,1,1,0,0,4,0,6,10,7,0
10,0,4,0,1,4,3,0,1,12,1,1,1,7,0,1,0,6,4,9,0
5,22,4,1,1,0,3,0,0,15,1,1,1,0,0,0,5,0,0,0,1
14,18,4,0,1,0,3,0,0,5,1,1,1,7,2,2,0,8,8,10,1
2,15,4,0,1,0,3,0,0,15,1,1,1,0,0,0,5,0,0,0,0
11,15,0,1,1,3,3,0,1,1,1,1,1,0,2,1,0,6,3,10,1
4,15,4,0,1,0,3,0,0,2,1,1,1,5,0,3,0,6,4,12,1
10,15,4,1,1,3,3,0,1,12,1,1,1,0,0,1,0,6,3,10,1
3,15,4,0,1,0,3,1,0,2,1,1,1,0,0,1,0,6,3,8,0
5,15,4,1,1,4,3,0,1,2,1,1,1,0,0,3,0,6,2,6,1
13,15,4,0,1,0,3,0,0,2,1,1,1,5,2,1,2,0,0,9,1
10,8,4,0,1,4,3,1,1,2,1,1,1,0,0,1,5,0,0,1,1
3,20,4,1,1,0,3,1,0,2,1,1,1,0,0,1,0,6,6,10,1
4,15,4,1,1,0,3,0,0,3,1,1,1,0,0,6,0,2,2,5,1
14,15,0,0,1,0,0,0,0,0,1,1,1,0,2,5,3,8,2,12,1
14,15,0,0,0,4,3,0,1,0,1,1,0,0,2,1,0,2,3,4,0
13,19,0,0,1,0,3,0,0,1,1,1,1,0,2,2,0,6,6,11,0
9,16,4,1,1,0,3,1,0,0,1,1,1,0,0,1,0,7,3,10,0
3,15,4,0,1,0,3,3,0,2,1,1,1,0,0,1,0,4,1,6,1
12,18,4,0,1,0,3,1,0,0,1,1,1,8,2,1,0,8,3,13,1
6,15,4,0,1,3,3,0,1,12,1,1,1,0,0,1,0,6,8,9,0
14,8,0,0,1,4,3,1,1,0,1,1,1,0,2,1,5,0,0,1,1
5,19,4,1,1,0,3,1,0,2,1,1,1,7,0,4,2,1,0,3,1
12,16,4,1,1,0,3,3,0,0,1,1,1,0,2,1,0,7,0,11,0
5,12,0,0,1,4,3,0,1,0,1,1,1,0,0,1,0,6,8,9,1
4,18,4,0,1,0,3,0,0,2,1,1,1,0,0,1,0,6,6,12,1
15,22,0,1,1,0,3,0,0,1,1,1,1,0,2,1,0,6,3,13,1
1,18,4,0,1,0,3,0,0,2,1,1,1,7,0,1,0,3,5,2,1
11,20,4,0,1,0,3,0,0,0,1,1,1,0,2,3,2,0,0,0,1
1,17,4,1,0,0,3,1,0,16,1,1,0,2,0,1,0,5,5,3,1
7,21,4,1,1,4,3,0,1,0,1,1,1,5,0,1,0,7,3,12,1
11,20,4,1,1,0,3,3,0,0,1,1,1,0,2,2,0,8,11,11,1
13,0,4,1,0,0,3,3,0,4,0,1,0,0,2,1,0,0,4,9,1
9,20,4,1,1,0,3,1,0,12,1,1,1,0,0,1,2,6,0,6,1
3,14,0,0,1,4,3,0,1,9,1,1,1,0,0,1,0,6,5,8,1
3,20,4,1,1,0,3,1,0,2,1,1,1,0,0,1,1,6,0,2,1
12,20,4,0,1,0,3,0,0,0,1,1,1,0,2,2,0,6,8,14,1
14,19,4,0,1,0,3,3,0,12,1,1,1,7,2,1,0,6,6,11,1
0,17,4,0,1,0,3,0,0,7,1,1,1,0,0,1,0,2,3,4,1
8,20,0,1,1,4,3,0,1,1,1,1,1,5,0,2,0,6,4,13,1
7,18,4,0,1,0,3,0,0,7,1,0,1,8,0,7,0,6,7,9,1
9,15,4,0,1,0,3,0,0,9,1,1,1,0,0,1,0,6,11,14,1
7,19,4,0,1,0,3,1,0,2,1,1,1,0,0,1,5,6,0,4,1
4,18,4,0,1,0,3,1,0,0,1,1,1,0,0,1,0,4,1,8,0
1,18,4,0,1,0,0,0,0,16,1,1,1,1,0,5,3,1,1,1,1
15,23,0,0,1,0,3,0,0,15,1,1,1,0,2,0,5,0,0,0,1
12,23,0,1,1,4,3,0,1,0,1,1,1,5,2,1,0,6,4,10,1
9,18,3,1,1,0,3,0,0,0,1,1,1,1,0,1,0,3,3,6,1
12,20,4,0,1,0,3,0,0,2,1,1,1,0,2,2,0,2,11,3,1
14,19,0,1,1,0,3,1,0,0,1,1,1,0,2,1,0,6,11,6,1
14,18,4,0,1,0,3,0,0,0,1,1,1,1,2,3,5,0,0,0,1
0,18,4,0,1,0,3,1,0,0,1,1,1,0,0,1,2,8,0,6,1
5,15,4,0,0,0,3,3,0,2,1,1,0,0,0,0,5,0,0,4,1
9,15,4,1,0,0,3,0,0,2,1,1,0,0,0,0,5,0,0,5,1
1,18,4,0,1,0,3,3,0,2,1,1,1,5,0,1,0,3,5,9,1
1,17,4,0,1,0,3,0,0,2,1,1,1,7,0,1,0,2,4,5,1
0,17,4,0,1,0,3,0,0,2,1,1,1,0,0,1,0,1,8,1,1
5,19,4,1,1,0,3,0,0,0,1,1,1,0,0,1,0,6,10,11,1
12,20,4,0,1,4,3,0,1,0,1,1,1,0,2,1,0,6,2,8,0
14,20,4,0,1,4,3,0,1,0,1,1,1,5,2,1,0,6,6,14,1
13,15,4,1,1,0,3,0,0,2,1,1,1,0,2,3,0,2,7,5,1
1,15,4,0,1,0,3,3,0,2,1,1,1,7,0,1,0,6,1,9,1
12,20,0,1,1,4,3,0,1,0,1,1,1,5,2,1,0,6,6,12,1
8,15,4,1,1,0,3,3,0,3,1,1,1,0,0,2,0,6,2,10,1
1,18,4,1,1,0,3,1,0,16,1,1,1,0,0,1,5,1,0,2,0
11,18,4,1,1,0,3,1,0,2,1,1,1,0,2,1,5,6,0,4,1
15,19,0,1,0,3,3,0,1,8,0,1,0,7,1,4,0,2,3,3,1
2,14,4,1,1,0,3,0,0,2,1,1,1,0,0,3,0,1,8,3,1
14,15,0,0,1,0,3,0,0,2,1,1,1,0,2,1,0,2,3,2,0
2,18,4,0,1,0,3,0,0,11,1,1,1,0,0,1,0,7,4,9,1
13,13,4,0,1,0,3,0,0,15,1,1,1,1,2,0,5,0,0,0,1
14,20,0,1,1,0,3,1,0,1,1,1,1,0,2,1,0,6,6,11,1
5,20,4,0,1,4,3,0,1,2,1,1,1,5,0,1,0,6,4,4,1
14,8,1,1,0,0,3,1,0,4,1,0,0,0,2,1,5,0,0,2,1
8,19,4,1,1,4,3,0,1,0,1,1,1,0,0,5,0,9,4,6,0
6,15,4,0,1,3,3,0,1,0,1,1,1,5,0,1,0,6,3,12,1
0,18,4,1,1,0,3,0,0,16,1,1,1,5,0,1,5,0,0,0,1
14,18,4,1,1,0,3,0,0,14,1,1,1,1,2,1,0,6,6,7,1
15,18,0,0,1,0,3,1,0,0,1,1,1,0,2,1,0,6,8,14,1
5,18,4,1,1,0,3,3,0,2,1,1,1,7,0,1,0,6,4,10,1
1,15,4,0,1,0,3,3,0,2,1,1,1,7,0,2,0,3,4,4,1
5,15,4,0,1,0,3,0,0,2,1,1,1,0,0,1,5,6,0,2,1
2,18,4,0,1,0,3,3,0,2,1,1,1,7,0,0,5,0,0,0,1
3,15,4,0,1,0,3,0,0,2,1,1,1,0,0,1,1,1,0,2,1
10,20,4,0,1,0,3,0,0,2,1,1,1,5,0,1,0,1,3,3,1
15,15,0,0,1,4,3,0,1,0,1,1,1,7,2,1,0,6,4,10,1
0,18,4,1,1,0,3,0,0,16,1,1,1,5,0,2,5,1,0,2,0
3,14,4,0,1,0,3,0,0,4,1,1,1,5,0,3,0,1,8,3,1
11,16,4,1,1,3,3,0,1,5,1,1,1,5,2,1,0,6,6,3,1
13,15,4,1,1,3,3,0,1,2,1,1,1,0,2,3,0,6,2,6,1
5,17,0,0,1,0,3,0,0,15,1,1,1,0,0,1,5,6,0,1,0
8,18,4,1,1,0,3,0,0,11,1,1,1,7,0,1,0,4,6,6,1
9,16,4,0,1,0,3,3,0,2,1,1,1,5,0,1,0,6,10,10,1
8,15,0,0,1,0,3,1,0,2,1,1,1,8,0,1,0,6,6,12,1
1,18,4,0,1,0,3,0,0,2,1,1,1,0,0,0,5,0,0,0,1
5,20,4,0,1,0,3,1,0,2,1,1,1,8,0,1,0,6,6,6,1
12,18,4,0,1,0,3,3,0,2,1,1,1,0,2,2,0,6,6,3,1
0,18,4,1,1,0,3,0,0,16,1,1,1,1,0,3,0,6,8,6,0
11,18,4,0,1,0,3,3,0,12,1,1,1,5,2,0,5,0,0,0,0
5,19,4,0,1,0,3,0,0,2,1,1,1,7,0,1,0,8,2,10,0
11,15,0,1,1,0,3,1,0,1,1,1,1,8,2,1,5,0,0,0,1
8,20,4,0,1,3,3,0,1,5,1,1,1,0,0,6,0,6,6,13,1
11,17,0,1,1,0,3,0,0,1,1,1,1,0,2,1,0,6,11,10,1
8,18,4,1,0,0,3,0,0,2,1,1,1,0,0,1,5,0,0,0,1
10,20,4,0,1,0,3,0,0,2,1,1,1,0,0,1,0,7,3,12,1
4,15,4,1,1,0,3,0,0,2,1,1,1,0,0,1,0,4,2,7,1
10,15,4,0,1,0,3,0,0,2,1,1,1,0,0,1,2,0,0,0,1
9,11,3,1,1,0,3,0,0,0,1,1,1,0,0,1,0,5,3,6,1
12,21,0,1,1,0,3,1,0,1,1,1,1,0,2,2,0,6,2,11,0
5,20,4,0,1,0,3,0,0,2,1,1,1,5,0,1,0,2,3,3,0
0,15,4,1,1,3,3,0,1,2,1,1,1,5,0,9,2,0,0,0,1
1,17,4,0,1,4,3,0,1,16,1,1,1,5,0,0,5,0,0,0,1
11,19,0,1,1,0,3,3,0,0,1,1,1,0,2,1,0,6,5,12,0
8,15,3,0,1,0,3,0,0,0,1,1,1,0,0,1,0,6,6,7,0
14,18,4,0,1,0,3,0,0,2,1,1,1,1,0,6,0,4,8,8,1
14,20,0,1,1,0,3,3,0,2,1,1,1,0,2,3,0,3,5,11,1
13,20,0,1,1,4,3,0,1,0,1,1,1,5,2,4,0,6,4,13,0
4,18,4,1,1,0,3,0,0,2,1,1,1,0,0,1,0,2,10,1,1
14,23,0,0,1,4,3,0,1,0,1,1,1,5,2,1,0,6,6,13,0
5,20,4,0,1,3,3,0,1,2,1,1,1,5,0,1,0,6,6,2,0
9,20,0,1,1,0,3,0,0,0,1,1,1,0,0,2,0,7,2,12,1
6,20,4,1,1,0,3,0,0,12,1,1,1,0,0,1,0,6,4,10,0
5,20,4,1,1,0,3,1,0,2,1,1,1,0,0,6,0,6,5,9,1
13,8,0,1,1,4,3,0,1,2,1,1,1,1,2,1,0,1,4,3,1
4,20,0,1,1,0,3,3,0,2,1,1,1,0,0,0,5,0,0,0,1
5,18,4,1,1,0,3,1,0,2,1,1,1,0,0,1,0,1,6,2,1
11,14,4,0,1,0,3,0,0,14,1,1,1,0,2,7,0,8,8,7,1
4,20,4,1,1,0,3,0,0,2,1,1,1,1,0,1,0,6,8,7,1
0,18,4,1,1,0,3,0,0,7,1,1,1,0,0,0,5,0,0,0,1
0,18,4,1,1,0,3,3,0,16,1,1,1,0,0,2,5,1,0,1,0
12,21,4,0,1,0,3,1,0,2,1,1,1,0,2,1,0,7,4,13,1
14,20,4,1,1,0,3,2,0,0,1,1,1,0,2,1,0,6,3,10,0
13,18,4,0,1,0,3,3,0,5,1,1,1,0,2,1,0,6,3,9,1
7,20,4,1,1,3,3,0,1,2,1,1,1,5,0,1,0,6,6,5,1
15,22,0,1,1,0,3,1,0,0,1,1,1,0,2,1,0,9,6,14,0
6,19,4,0,1,0,3,0,0,0,1,1,1,0,0,1,0,6,5,12,1
6,9,4,0,1,0,3,1,0,5,1,1,1,7,0,2,0,8,1,13,1
10,15,0,1,1,0,3,1,0,0,1,1,1,7,0,1,0,7,11,9,0
8,18,0,0,1,0,3,0,0,0,1,1,1,0,0,1,5,0,0,0,0
11,21,4,1,1,0,3,1,0,0,1,1,1,5,2,1,0,6,3,12,1
7,20,4,1,1,4,3,0,1,14,1,1,1,5,0,1,0,6,8,9,1
7,15,4,0,1,0,3,1,0,7,1,1,1,0,0,1,2,6,0,4,1
9,20,4,0,1,0,3,0,0,0,1,1,1,1,0,1,0,6,6,10,1
8,18,4,0,1,0,3,0,0,2,1,1,1,7,0,1,0,6,6,10,1
12,15,0,1,1,3,3,0,1,0,1,1,1,5,2,1,0,6,8,12,1
7,17,4,1,1,0,3,0,0,2,1,1,1,7,0,1,0,6,4,9,1
1,18,4,1,0,0,3,3,0,16,1,1,0,7,0,1,5,2,0,3,0
3,19,4,1,1,0,3,3,0,2,1,1,1,0,0,3,0,3,5,3,1
15,23,4,1,1,0,3,3,0,0,1,1,1,0,2,2,5,6,0,7,1
7,20,4,1,1,0,3,1,0,0,1,1,1,8,0,1,5,4,0,4,0
1,15,4,0,1,0,3,0,0,2,1,1,1,0,0,1,0,6,3,10,1
3,18,4,1,1,0,3,0,0,2,1,1,1,7,0,1,5,0,0,2,1
9,20,0,1,1,0,3,0,0,0,1,1,1,0,0,1,0,6,4,12,1
15,18,0,0,1,4,3,0,1,0,1,1,1,0,2,1,0,6,6,6,1
7,15,4,1,1,0,3,0,0,2,1,1,1,0,0,1,0,5,6,12,1
8,18,0,0,1,0,3,0,0,8,1,1,1,0,0,1,0,2,2,8,1
10,8,0,0,1,4,3,0,1,0,1,1,1,0,0,1,0,5,8,8,1
14,15,4,1,1,3,3,0,1,2,1,1,1,0,2,1,0,4,5,7,1
5,22,4,0,1,0,3,1,0,7,1,1,1,0,0,1,0,6,6,10,1
13,15,0,1,1,4,3,0,1,1,1,1,1,0,2,2,0,6,4,10,1
1,18,4,1,1,0,3,0,0,2,1,1,1,0,0,1,0,2,3,2,1
4,15,0,1,1,0,3,3,0,7,1,1,1,0,0,1,0,2,10,2,1
5,20,4,1,1,0,3,3,0,11,1,1,1,5,0,0,5,0,0,0,0
8,20,4,0,1,0,3,0,0,2,1,1,1,0,0,2,0,8,1,9,1
11,17,4,0,1,0,3,1,0,2,1,1,1,0,2,4,2,0,0,0,1
7,20,4,0,1,4,3,3,1,11,1,1,1,1,0,4,0,4,0,2,1
7,3,0,0,1,3,1,3,1,1,1,1,1,7,0,1,0,5,3,12,0
4,17,4,0,1,0,3,0,0,2,1,1,1,5,0,3,0,2,4,4,1
5,22,4,1,1,0,3,1,0,7,1,1,1,8,0,1,0,6,3,10,0
11,15,0,1,1,3,3,0,1,1,1,1,1,0,2,0,5,0,0,0,1
7,20,4,0,1,0,3,3,0,11,1,1,1,5,0,1,0,6,10,11,1
4,12,4,0,1,4,3,0,1,16,1,1,1,5,0,0,5,0,0,5,1
0,19,4,1,1,0,3,0,0,2,1,1,1,0,0,1,0,3,2,2,1
6,19,4,0,1,0,3,3,0,2,1,1,1,7,0,1,0,3,6,9,1
4,12,2,1,1,4,3,0,1,7,1,1,1,2,0,1,5,0,0,0,1
1,21,4,1,1,4,3,0,1,9,1,1,1,5,0,9,2,1,0,1,1
5,15,4,0,1,0,3,0,0,2,1,1,1,0,0,1,0,6,2,5,1
7,15,0,0,1,0,0,0,0,16,1,1,1,5,0,5,3,9,1,9,1
0,17,4,1,1,0,3,0,0,2,1,1,1,7,0,1,5,2,0,4,1
1,18,4,1,1,0,3,0,0,2,1,1,1,0,0,1,0,6,6,2,1
3,18,4,0,0,0,3,1,0,2,1,1,0,8,0,0,5,0,0,4,1
2,17,0,0,1,3,3,0,1,8,1,1,1,0,0,1,2,7,0,0,0
3,18,0,1,1,0,3,0,0,1,1,1,1,0,0,1,5,0,0,0,0
1,15,4,1,1,4,3,3,1,11,1,1,1,0,0,0,5,0,0,0,0
7,10,0,0,1,0,0,0,0,16,1,1,1,0,0,5,3,6,3,10,1
2,20,4,1,1,0,3,0,0,16,1,1,1,5,0,1,5,6,0,7,1
14,14,0,0,1,0,3,2,0,0,1,1,1,0,2,1,0,5,1,7,1
5,20,4,1,1,0,3,3,0,11,1,1,1,0,0,1,0,2,2,4,1
4,15,4,1,1,0,3,0,0,2,1,1,1,7,0,1,0,6,8,6,1
2,0,4,0,1,2,3,0,0,2,1,1,1,5,0,1,0,2,3,6,1
13,0,4,0,1,4,3,0,1,0,1,1,1,0,2,1,0,6,4,6,1
2,15,4,1,0,0,1,1,0,0,1,1,1,0,2,5,0,6,4,6,1
6,18,4,1,1,4,3,3,1,10,1,1,1,0,0,1,0,6,8,3,1
15,20,4,0,1,0,3,0,0,0,1,1,1,7,2,4,0,8,1,13,1
6,19,4,0,1,0,3,1,0,2,1,1,1,0,0,1,0,6,3,10,1
15,21,0,1,1,3,3,0,1,1,1,1,1,5,2,1,0,6,10,13,1
6,18,4,0,1,0,3,0,0,5,1,1,1,5,0,1,0,6,4,12,1
7,15,4,1,1,0,3,0,0,0,1,1,1,0,0,1,0,7,8,11,0
0,12,4,0,1,4,3,0,0,16,1,1,1,7,0,1,0,4,5,5,1
1,17,4,0,1,0,3,3,0,2,1,1,1,0,0,0,5,0,0,0,1
12,16,0,1,1,4,3,0,1,1,1,1,1,7,2,0,5,0,0,0,1
10,21,4,1,1,0,3,1,0,0,1,1,1,0,0,1,0,6,10,12,0
6,14,4,0,0,0,3,3,0,2,1,1,0,0,0,0,5,0,0,3,1
5,15,4,1,1,0,3,3,0,14,1,1,1,0,0,1,0,6,1,9,1
7,19,4,0,1,0,3,1,0,0,1,1,1,0,0,1,0,6,4,10,1
13,0,4,0,1,0,3,3,0,0,1,1,1,0,2,1,0,6,4,9,1
10,20,4,1,1,3,3,0,1,0,1,1,1,5,0,1,0,2,3,5,1
9,20,4,1,1,0,3,0,0,12,1,1,1,0,0,6,0,6,0,9,1
11,20,4,1,0,0,3,1,0,0,1,1,0,0,2,0,5,0,0,5,1
15,21,0,1,1,0,3,2,0,1,1,1,1,0,2,1,0,4,10,14,1
6,19,4,0,1,0,3,1,0,11,1,1,1,0,0,1,0,4,4,5,0
7,15,4,0,1,0,3,0,0,0,1,1,1,0,0,1,0,6,3,5,0
3,15,4,1,1,0,3,0,0,14,1,1,1,0,0,1,0,2,3,2,1
14,21,0,1,1,0,3,1,0,0,1,1,1,0,2,2,0,7,1,13,1
7,15,4,0,0,0,3,0,0,12,1,0,1,5,0,1,0,6,6,2,0
15,19,0,0,1,0,3,1,0,2,1,1,1,0,2,1,0,2,5,6,1
10,21,4,0,1,0,3,1,0,2,1,1,1,0,0,1,0,6,10,14,1
0,18,4,0,1,0,3,0,0,14,1,1,1,5,0,1,0,4,0,3,0
7,10,2,1,1,0,3,0,0,7,1,1,1,0,0,9,2,0,0,0,1
6,18,4,1,1,0,3,0,0,2,1,1,1,1,0,0,5,0,0,0,1
12,20,4,0,1,0,3,0,0,15,1,1,1,0,2,2,5,0,0,0,0
1,15,4,0,0,3,3,1,0,2,0,1,1,0,0,1,0,2,5,5,1
7,22,4,0,1,0,3,1,0,7,1,1,1,8,0,1,0,9,6,10,0
14,20,0,0,1,4,3,0,1,1,1,1,1,5,2,1,0,8,4,13,0
11,20,0,1,1,0,3,3,0,1,1,1,1,0,2,3,5,0,0,0,0
14,14,0,1,1,4,3,0,1,2,1,1,1,7,2,1,0,6,4,5,1
11,21,0,0,1,0,3,1,0,1,1,1,1,0,2,1,0,6,4,10,0
10,18,4,1,1,0,3,1,0,0,1,1,1,8,0,1,0,6,8,9,1
14,20,4,0,1,0,3,3,0,0,1,1,1,0,2,1,0,6,8,12,1
7,15,4,0,1,0,3,0,0,2,1,1,1,0,0,1,0,6,6,10,0
14,21,4,1,1,0,3,2,0,0,1,1,1,0,2,2,5,6,0,7,0
13,21,0,1,1,4,3,0,1,1,1,1,1,5,2,1,0,6,4,12,1
1,15,4,0,1,0,3,3,0,11,1,1,1,0,0,0,5,0,0,0,0
2,18,4,1,1,0,3,0,0,0,1,1,1,0,0,6,0,1,6,3,1
7,15,4,1,1,0,3,3,0,4,1,1,1,0,0,0,5,0,0,0,1
0,12,4,0,1,4,3,0,1,7,1,1,1,0,0,1,2,0,0,0,1
3,18,4,1,1,0,3,0,0,0,1,1,1,0,0,2,0,6,2,10,1
2,22,4,1,1,0,3,1,0,2,1,1,1,7,0,1,0,6,4,10,1
1,15,4,0,1,0,0,3,0,16,1,1,1,1,0,5,3,9,1,6,0
3,20,4,1,1,0,3,0,0,2,1,1,1,0,0,1,0,6,4,4,0
0,18,4,0,1,0,3,1,0,16,1,1,1,0,0,1,5,0,0,0,0
10,15,0,0,1,0,1,3,0,14,1,1,1,0,0,1,0,8,6,12,0
4,19,4,0,1,0,3,1,0,2,1,1,1,0,0,1,5,0,0,0,1
6,11,4,1,1,0,3,0,0,4,1,1,1,7,0,1,2,0,0,0,1
6,20,4,1,1,0,3,0,0,2,1,1,1,0,0,1,0,6,6,9,1
1,21,4,1,1,4,3,0,0,11,1,1,1,0,0,7,0,4,5,9,1
5,19,0,1,1,0,3,1,0,1,1,1,1,0,0,1,0,1,2,4,1
0,18,4,1,1,4,3,0,1,16,1,1,1,5,0,0,5,0,0,0,1
10,21,0,1,1,0,3,1,0,0,1,1,1,0,0,4,0,6,8,11,1
3,15,4,0,1,0,3,0,0,2,1,1,1,7,0,0,5,0,0,0,1
14,18,0,1,1,4,3,0,1,0,1,1,1,7,2,3,0,6,3,12,1
2,15,4,1,1,0,3,0,0,5,1,1,1,0,0,1,2,6,0,2,1
1,18,4,1,1,0,3,1,0,16,1,1,1,0,0,2,5,1,0,4,0
14,20,4,0,1,0,3,0,0,0,1,1,1,0,2,1,0,6,3,10,0
12,18,2,0,1,4,3,0,1,0,1,1,1,0,2,1,5,0,0,0,1
5,15,4,1,1,0,3,3,0,2,1,1,1,8,0,1,0,6,2,4,1
15,15,0,0,1,0,3,0,0,1,1,1,1,0,2,6,0,6,4,9,1
4,18,4,1,1,0,3,0,0,2,1,1,1,0,0,3,2,0,0,0,0
11,15,4,0,1,3,3,0,1,2,1,1,1,5,2,1,0,6,2,4,1
2,18,4,1,1,0,3,1,0,0,1,1,1,8,0,1,5,1,0,3,0
6,18,4,1,1,0,3,1,0,2,1,1,1,0,0,1,0,1,11,3,1
10,8,3,0,1,3,1,3,1,11,1,1,1,0,2,0,5,0,0,7,1
13,20,2,1,1,0,3,1,0,0,1,1,1,0,2,1,0,7,1,11,1
4,19,4,0,1,0,3,0,0,16,1,1,1,1,0,0,5,0,0,0,1
15,13,4,0,1,0,3,0,0,15,1,1,1,1,2,1,2,6,0,9,1
7,20,4,0,1,0,3,0,0,0,1,1,1,5,0,1,0,6,2,13,0
7,18,4,0,1,0,3,3,0,2,1,1,1,0,0,1,0,6,0,3,1
11,21,0,1,1,4,3,0,1,0,1,1,1,0,2,1,0,6,3,13,0
4,18,4,0,1,0,3,0,0,2,1,1,1,0,0,6,0,6,8,10,1
11,18,4,0,1,0,3,0,0,2,1,1,1,7,2,1,0,6,5,9,1
2,18,4,1,1,0,3,0,0,2,1,1,1,0,0,1,0,2,2,4,1
0,15,4,1,1,0,3,1,0,2,1,1,1,5,0,1,2,1,0,3,0
9,20,4,0,1,2,3,1,0,0,1,1,1,2,0,6,0,6,3,14,1
13,21,0,0,1,0,3,0,0,1,1,1,1,0,2,2,0,8,11,14,1
4,20,0,0,1,0,3,3,0,0,1,1,1,7,0,1,0,6,4,13,1
14,18,4,0,1,0,3,0,0,2,1,1,1,7,2,1,0,6,11,8,1
4,19,4,1,1,0,3,0,0,9,1,1,1,7,0,1,2,4,0,3,1
6,18,4,0,1,0,3,1,0,0,1,1,1,0,0,1,0,3,3,5,1
14,0,0,1,1,4,3,3,1,1,1,1,1,7,2,1,0,8,4,11,1
4,18,0,0,1,0,3,0,0,0,1,1,1,7,0,1,0,6,2,6,1
8,20,0,1,1,0,3,0,0,0,1,1,1,0,0,3,0,6,6,12,0
11,18,0,1,1,0,3,1,0,0,1,1,1,0,2,1,0,6,5,9,1
13,21,0,1,1,0,3,0,0,1,1,1,1,0,2,1,0,6,3,14,0
11,16,4,0,1,0,3,0,0,12,1,1,1,2,2,1,0,7,4,5,1
6,20,4,0,1,3,3,0,1,0,1,1,1,5,0,1,0,6,9,14,1
6,18,4,1,1,0,3,3,0,11,1,1,1,0,0,0,5,0,0,0,1
1,17,4,1,1,0,3,1,0,2,1,1,1,0,0,0,5,0,0,0,1
4,20,4,0,1,0,3,0,0,2,1,1,1,0,0,6,0,4,9,13,1
5,20,4,1,1,0,3,3,0,2,1,1,1,8,0,1,0,6,2,8,1
1,17,4,0,1,0,3,0,0,2,1,1,1,7,0,1,0,7,6,9,1
15,19,4,1,1,0,3,3,0,0,1,1,1,0,2,1,5,0,0,0,0
4,12,4,0,1,0,3,0,0,15,1,1,1,1,0,0,5,0,0,1,1
15,20,0,1,1,4,3,1,1,1,1,1,1,0,2,1,0,4,4,4,1
1,18,4,0,1,0,3,0,0,16,1,1,1,1,0,1,0,6,6,6,1
12,10,4,1,1,4,3,0,1,0,1,1,1,7,2,5,2,0,0,0,0
8,21,4,0,1,0,3,0,0,2,1,1,1,0,0,2,0,9,10,14,1
9,20,4,0,1,0,3,0,0,14,1,1,1,0,0,3,0,6,8,13,0
7,18,4,0,1,0,3,0,0,0,1,1,1,0,0,1,0,4,2,4,1
14,15,4,0,1,0,3,0,0,9,1,1,1,7,2,1,0,6,8,6,1
15,18,4,0,1,3,3,0,1,9,1,1,1,5,2,2,5,6,0,3,1
15,20,4,0,1,0,3,1,0,2,1,1,1,0,2,1,0,6,4,12,1
7,18,4,1,1,0,3,1,0,0,1,1,1,0,0,1,0,6,11,14,1
12,15,4,1,1,0,3,0,0,2,1,1,1,7,2,1,0,6,8,11,1
13,7,2,1,0,1,3,0,0,2,0,1,0,7,1,2,0,4,3,2,1
2,18,4,1,1,0,3,1,0,2,1,1,1,0,0,1,5,2,0,2,1
7,20,4,1,1,0,3,0,0,2,1,1,1,0,0,3,0,6,1,6,1
4,18,2,1,1,0,3,1,0,2,1,1,1,0,0,1,0,6,4,11,1
15,21,0,1,1,0,3,3,0,1,1,1,1,0,2,1,0,8,5,12,0
4,15,4,0,1,0,3,0,0,7,1,1,1,0,0,1,0,6,1,9,1
13,19,4,1,1,0,3,1,0,12,1,1,1,0,2,1,0,6,3,10,0
6,17,4,1,1,0,3,0,0,2,1,1,1,5,0,1,5,0,0,1,1
3,15,4,0,1,0,3,0,0,14,1,1,1,0,0,0,5,0,0,2,1
2,18,0,1,1,0,3,0,0,8,1,1,1,0,0,0,5,0,0,0,1
4,18,4,0,1,0,3,1,0,2,1,1,1,0,0,1,0,2,3,4,1
7,8,4,1,1,4,3,0,1,11,1,1,1,0,0,0,5,0,0,5,1
14,14,4,0,0,0,3,0,0,16,1,1,0,1,0,2,5,5,0,4,1
7,20,4,0,1,0,3,1,0,2,1,1,1,5,0,1,0,6,7,10,1
7,22,4,1,1,0,3,1,0,7,1,1,1,0,0,0,5,0,0,0,1
9,20,4,0,1,0,3,1,0,0,1,1,1,5,0,2,0,7,11,14,1
1,18,4,0,1,3,3,0,1,2,1,1,1,5,0,0,5,0,0,0,1
14,18,4,0,1,4,3,0,1,2,1,1,1,0,2,1,0,4,11,5,1
1,15,4,1,1,0,3,0,0,2,1,1,1,0,0,0,5,0,0,0,1
14,15,2,0,1,0,3,0,0,2,1,1,1,0,2,1,0,6,0,9,1
8,15,4,0,1,0,3,0,0,12,1,1,1,1,0,1,2,6,0,3,1
11,23,0,0,1,3,3,3,1,1,1,1,1,5,2,1,0,8,4,14,1
4,17,4,0,1,0,1,3,0,11,1,1,1,0,2,1,0,6,11,6,0
2,18,4,1,1,4,3,3,1,9,1,1,1,0,0,1,5,4,0,3,1
4,10,4,0,1,0,0,0,0,16,1,1,1,4,0,5,3,8,3,10,0
4,21,0,1,1,4,3,0,1,1,1,1,1,0,0,4,0,6,10,3,0
12,15,0,0,1,4,3,0,1,0,1,1,1,7,2,6,0,8,10,10,1
15,21,0,0,1,0,3,1,0,0,1,1,1,5,2,1,0,8,2,14,1
5,17,4,0,1,0,3,0,0,2,1,1,1,5,0,1,0,6,4,3,1
6,20,4,1,1,3,3,0,1,14,1,1,1,0,0,1,0,6,2,7,1
15,20,0,1,1,0,3,0,0,1,1,1,1,0,2,1,0,6,10,13,1
3,18,4,0,1,4,3,0,1,2,1,1,1,0,0,1,0,4,8,5,1
4,15,4,0,1,4,3,0,1,2,1,1,1,0,0,1,0,6,2,5,1
4,20,4,1,1,0,3,1,0,4,1,1,1,0,0,1,0,4,4,4,1
4,18,4,0,1,0,3,1,0,2,1,1,1,8,0,1,0,6,10,8,1
2,18,4,0,1,0,3,0,0,16,1,1,1,2,0,2,5,6,0,0,1
13,15,0,0,1,0,3,1,0,0,1,1,1,0,2,1,0,8,3,14,1
8,18,0,1,0,0,3,1,0,1,1,1,1,0,0,1,0,5,9,5,1
12,21,0,1,1,0,3,0,0,0,1,1,1,0,2,1,0,9,4,12,0
11,11,0,1,1,0,3,0,0,1,1,1,1,0,2,1,0,6,3,12,1
12,21,0,0,1,4,3,0,1,0,1,1,1,5,2,1,0,6,4,14,1
8,16,4,0,0,0,3,1,0,15,0,0,1,0,0,0,5,0,0,2,0
15,19,4,0,1,0,3,0,0,0,1,1,1,0,2,4,0,9,5,11,1
1,15,4,1,1,0,3,0,0,12,1,1,1,0,0,0,5,0,0,0,1
10,15,4,0,1,0,3,3,0,14,1,1,1,0,0,1,0,6,2,7,1
15,21,0,1,1,0,3,3,0,1,1,1,1,5,2,0,5,0,0,0,0
11,20,4,1,1,0,3,0,0,0,1,1,1,2,0,6,0,5,5,14,0
9,3,0,0,0,0,3,3,1,9,1,1,1,7,0,4,0,5,4,7,1
14,21,0,0,1,4,3,0,1,1,1,1,1,5,2,6,1,6,0,11,1
4,15,4,1,0,0,3,0,0,2,1,1,0,8,0,1,5,0,0,4,1
8,20,0,1,1,0,3,0,0,0,1,1,1,0,0,3,1,8,0,13,1
9,15,4,0,1,0,3,3,0,0,1,1,1,0,0,1,0,9,3,9,1
0,15,4,0,1,0,3,3,0,2,1,1,1,0,0,0,5,0,0,5,0
12,18,4,1,1,0,3,0,0,2,1,1,1,0,2,1,0,6,3,7,1
7,19,0,1,1,0,3,0,0,0,1,1,1,5,0,0,5,0,0,0,1
2,16,4,1,1,0,3,0,0,10,1,1,1,4,0,1,0,5,7,4,1
5,18,4,0,1,0,3,0,0,2,1,1,1,0,0,1,0,6,6,6,1
3,19,4,1,1,0,3,0,0,2,1,1,1,7,0,1,0,6,8,8,1
14,15,4,0,1,0,3,1,0,2,1,1,1,0,2,1,0,9,4,10,1
0,12,4,0,1,4,3,0,1,16,1,1,1,0,0,9,2,0,0,0,1
12,18,0,1,1,0,3,0,0,0,1,1,1,7,2,1,0,2,2,5,0
13,0,4,1,1,4,3,0,1,0,1,1,1,0,2,1,0,6,4,6,1
0,18,4,0,1,0,3,0,0,11,1,1,1,5,0,1,0,4,6,9,1
15,22,4,1,1,0,3,0,0,9,1,1,1,0,2,1,0,7,3,11,1
13,15,4,0,1,0,3,1,0,15,1,1,1,0,2,0,5,0,0,0,1
3,17,4,1,1,0,3,3,0,2,1,1,1,0,0,1,0,1,2,5,1
10,20,4,0,1,4,3,0,1,0,1,1,1,5,0,1,5,6,0,14,0
3,18,4,1,1,0,3,3,0,11,1,1,1,5,0,0,5,0,0,0,1
9,20,4,1,1,4,3,3,1,11,1,1,1,5,0,1,5,0,0,0,0
1,15,4,0,1,0,3,3,0,2,1,1,1,0,0,0,5,0,0,0,1
12,13,4,0,1,0,3,0,0,2,1,1,1,1,2,1,0,6,5,13,1
5,20,4,1,1,0,3,0,0,2,1,1,1,0,0,1,0,6,2,13,1
8,19,4,0,1,0,3,0,0,2,1,1,1,0,0,3,0,6,5,7,1
4,15,4,1,1,4,3,0,1,10,1,1,1,0,0,1,0,8,0,4,0
7,15,4,0,1,0,3,0,0,2,1,1,1,7,0,1,0,4,4,5,1
13,15,0,1,1,4,3,0,1,0,1,1,1,0,2,1,0,6,8,9,1
6,18,4,0,1,0,3,0,0,16,1,1,1,5,0,0,5,0,0,5,1
12,18,0,0,1,0,3,0,0,0,1,1,1,7,2,1,0,4,2,5,1
15,16,4,1,1,0,3,3,0,10,1,1,1,4,2,1,0,9,8,11,1
9,18,4,1,1,0,3,0,0,12,1,1,1,0,0,6,5,0,0,8,0
3,17,0,1,1,4,3,0,1,8,1,1,1,5,0,1,5,0,0,0,1
9,21,0,1,1,4,3,3,1,1,1,1,1,5,0,1,0,4,7,13,0
3,18,4,1,0,0,3,0,0,2,1,1,0,0,0,0,5,0,0,0,1
8,20,4,1,1,0,3,0,0,0,1,1,1,0,0,1,0,6,4,12,1
13,15,4,0,1,0,3,2,0,0,1,1,1,8,2,7,5,6,0,7,1
8,18,4,0,1,0,3,2,0,2,1,1,1,0,0,2,0,3,6,7,1
13,20,0,1,1,0,3,1,0,1,1,1,1,0,2,7,0,6,1,13,1
2,18,4,1,1,0,3,0,0,2,1,1,1,5,0,0,5,0,0,0,1
5,20,0,1,1,0,3,0,0,1,1,1,1,0,0,1,0,5,3,9,1
5,17,4,0,1,0,3,0,0,12,1,1,1,0,0,6,0,2,6,4,0
9,13,4,0,1,4,3,0,1,15,1,1,1,7,0,1,5,0,0,0,0
13,18,4,0,1,0,3,0,0,15,1,1,1,1,2,1,5,0,0,0,0
12,17,4,0,1,0,3,0,0,0,1,1,1,1,2,4,0,1,8,1,1
5,20,4,0,1,0,3,3,0,2,1,1,1,1,0,1,0,2,11,4,1
5,20,4,1,1,0,3,0,0,0,1,1,1,5,0,1,0,5,10,6,1
8,20,4,0,1,0,3,0,0,11,1,1,1,5,0,1,0,6,3,13,0
5,13,4,0,1,0,3,0,0,15,1,1,1,1,0,1,5,0,0,0,0
9,18,4,1,1,4,3,0,1,12,1,1,1,7,0,1,0,6,8,9,1
7,21,0,1,1,0,3,0,0,2,1,1,1,0,0,1,0,6,5,7,0
2,15,4,1,1,0,3,0,0,4,1,1,1,0,0,1,0,5,4,2,1
9,21,4,1,1,2,3,1,0,2,1,1,1,0,0,1,0,6,3,12,1
6,13,4,0,1,0,3,0,0,15,1,1,1,0,0,1,5,0,0,9,0
8,15,4,0,1,4,3,0,1,2,1,1,1,0,0,1,0,6,11,7,1
10,18,0,0,1,4,3,0,1,0,1,1,1,0,0,1,0,6,6,11,0
13,21,4,0,1,4,3,0,1,2,1,1,1,5,2,1,0,6,5,14,1
10,15,4,0,1,0,3,1,0,4,1,1,1,0,0,5,3,3,0,6,1
0,18,4,1,1,0,3,0,0,14,1,1,1,0,0,1,0,2,3,2,1
10,17,4,0,1,4,3,3,1,11,1,1,1,0,0,1,0,7,8,12,0
4,17,4,0,1,0,3,0,0,2,1,1,1,1,0,0,5,0,0,0,1
0,17,4,1,1,0,3,1,0,2,1,1,1,0,0,1,0,1,4,2,1
3,20,4,0,1,3,3,0,1,2,1,1,1,0,0,1,0,6,3,8,1
2,14,4,0,1,0,3,0,0,2,1,1,1,0,0,1,0,8,2,7,1
6,20,0,1,1,0,3,3,0,1,1,1,1,5,0,1,0,4,3,13,1
0,13,4,0,1,0,3,1,0,2,1,1,1,0,0,1,2,4,0,4,1
10,20,2,1,1,0,3,1,0,0,1,1,1,0,0,3,0,6,1,13,1
11,8,0,1,1,4,3,0,1,0,1,1,1,7,2,1,0,1,4,3,1
8,18,4,1,1,0,3,0,0,12,1,1,1,0,0,1,0,4,5,7,0
10,15,4,1,1,0,3,3,0,0,1,1,1,7,0,1,0,5,10,8,1
14,19,4,1,1,4,3,0,1,2,1,1,1,5,2,1,0,6,6,9,1
12,17,0,1,1,0,3,0,0,0,1,1,1,7,2,1,0,2,3,8,1
10,10,0,1,1,4,3,0,1,0,1,1,1,0,0,5,0,6,5,10,0
9,17,4,1,1,0,3,0,0,0,1,1,1,0,0,1,0,6,6,11,0
0,15,4,1,1,0,3,0,0,16,1,1,1,0,0,1,0,6,4,6,1
8,15,0,0,1,0,1,0,0,0,1,1,1,0,0,1,0,6,7,9,0
7,19,4,1,1,0,3,1,0,2,1,1,1,0,0,2,0,3,6,10,1
14,20,0,1,1,0,3,0,0,1,1,1,1,5,2,1,0,6,3,12,1
2,19,4,1,1,0,3,0,0,2,1,1,1,0,0,1,0,3,6,6,1
13,15,0,0,1,0,3,1,0,2,1,1,1,0,2,1,0,6,2,13,1
4,18,4,0,1,0,3,1,0,0,1,1,1,0,0,6,5,0,0,3,0
9,3,3,1,1,3,1,3,1,14,1,1,1,7,2,0,5,0,0,7,1
11,19,0,0,1,0,3,1,0,0,1,1,1,8,2,1,5,0,0,0,0
13,19,4,1,1,0,3,1,0,0,1,1,1,0,2,1,0,5,4,8,0
5,15,4,0,1,0,3,0,0,2,1,1,1,5,0,1,5,0,0,3,1
7,18,4,1,1,0,3,0,0,2,1,1,1,0,0,1,0,3,6,2,1
5,18,4,1,1,0,3,0,0,2,1,1,1,8,0,1,0,6,8,7,1
4,18,4,1,1,0,3,3,0,11,1,1,1,1,0,6,0,4,6,7,0
2,12,2,1,1,0,3,0,0,12,1,1,1,0,0,1,0,6,6,7,0
7,21,4,0,1,3,3,3,1,9,1,1,1,8,0,1,0,6,2,9,0
12,15,4,1,1,3,3,3,1,2,1,1,1,0,2,1,0,6,2,8,1
2,18,4,0,1,0,3,1,0,2,1,1,1,0,0,1,0,1,1,2,1
10,15,4,0,1,3,3,0,1,9,1,1,1,0,0,1,0,6,11,8,1
10,20,4,1,1,0,3,1,0,0,1,1,1,0,0,1,0,6,11,6,1
13,20,4,1,1,0,3,0,0,0,1,1,1,7,2,3,0,2,7,5,0
4,15,4,0,1,0,3,0,0,2,1,1,1,7,0,1,0,2,2,3,1
6,15,4,0,1,0,3,3,0,2,1,1,1,7,0,1,0,6,2,12,1
5,20,4,0,1,0,3,0,0,2,1,1,1,0,0,7,5,2,0,1,1
5,20,4,1,1,0,3,1,0,0,1,1,1,0,0,2,5,0,0,0,0
11,20,4,1,1,0,3,0,0,2,1,1,1,0,2,1,0,1,3,2,1
3,19,4,1,1,0,3,1,0,0,1,1,1,0,0,1,1,3,0,2,1
11,20,4,0,1,3,3,3,1,11,1,1,1,5,2,1,0,8,8,13,1
9,13,0,1,1,2,3,0,1,0,1,1,1,0,0,6,0,1,4,6,1
13,18,0,1,1,0,3,0,0,0,1,1,1,0,2,1,0,2,2,4,1
11,19,4,1,1,0,3,1,0,0,1,1,1,0,2,3,0,6,3,11,0
12,21,0,1,1,0,3,0,0,0,1,1,1,0,2,1,0,8,3,13,1
3,13,4,0,1,0,3,0,0,2,1,1,1,5,0,1,5,0,0,3,1
8,15,4,0,1,4,3,0,1,5,1,1,1,5,0,1,0,6,6,6,1
9,20,4,1,1,0,3,3,0,12,1,1,1,0,0,1,0,6,4,11,1
9,13,0,0,1,4,3,0,1,0,1,1,1,7,0,1,0,8,2,13,1
11,20,4,1,1,0,3,0,0,0,1,1,1,5,2,1,0,4,5,14,1
14,18,4,1,1,3,3,0,1,2,1,1,1,1,2,1,0,6,8,4,1
4,15,4,0,1,0,3,3,0,2,1,1,1,0,0,1,0,6,5,8,1
2,17,4,0,1,3,3,0,1,2,1,1,1,5,0,1,2,6,0,6,1
0,19,4,0,1,0,3,1,0,0,1,1,1,0,0,1,5,1,0,3,1
15,18,4,0,1,0,3,3,0,2,1,1,1,0,2,1,0,6,1,10,1
11,20,4,1,1,3,3,0,1,2,1,1,1,5,2,1,0,6,4,11,1
3,19,0,1,1,3,3,0,1,8,1,1,1,7,0,1,0,3,3,5,1
14,18,4,0,1,3,3,0,1,0,1,1,1,5,2,1,0,6,6,11,1
8,15,4,1,1,4,3,0,1,0,1,1,1,0,0,1,0,3,2,5,1
10,20,4,0,1,4,3,0,1,0,1,1,1,5,0,1,0,6,6,8,1
4,18,4,1,1,4,3,0,1,2,1,1,1,7,0,1,0,4,2,5,1
12,18,4,1,1,0,3,0,0,2,1,1,1,0,2,1,5,0,0,2,1
1,17,4,1,1,0,3,0,0,2,1,1,1,7,0,1,0,4,6,4,0
11,18,0,1,1,0,3,3,0,1,1,1,1,0,2,3,0,4,6,8,1
8,21,0,0,1,0,3,0,0,1,1,1,1,0,0,3,0,6,2,13,0
4,19,4,1,1,0,3,1,0,12,1,1,1,0,0,1,0,3,2,9,0
6,19,0,1,1,0,3,0,0,2,1,1,1,7,0,1,0,6,6,12,1
8,15,4,1,1,0,3,0,0,0,1,1,1,7,0,1,0,6,4,10,1
3,15,4,0,1,0,0,3,0,16,1,1,1,0,0,5,3,9,2,6,1
13,20,0,0,1,0,3,3,0,1,1,1,1,0,2,2,0,6,3,10,1
2,19,4,0,1,0,3,0,0,2,1,1,1,7,0,1,0,7,2,11,1
9,19,0,1,1,0,3,1,0,1,1,1,1,7,0,1,5,0,0,11,1
15,19,0,1,1,3,3,0,1,0,1,1,1,5,2,1,0,6,4,12,1
2,18,4,1,1,0,3,0,0,2,1,1,1,0,0,1,0,3,2,11,0
1,18,4,0,1,0,3,1,0,2,1,1,1,0,0,1,1,6,0,10,1
11,20,0,0,1,0,3,0,0,0,1,1,1,1,2,1,0,9,6,12,0
9,19,4,1,1,0,3,0,0,0,1,1,1,7,0,1,0,6,3,9,1
13,20,4,1,1,0,3,1,0,12,1,1,1,0,2,1,0,6,6,13,1
2,15,4,0,0,0,3,1,0,15,1,1,1,0,0,1,5,5,0,2,0
15,22,4,0,1,0,3,1,0,0,1,1,1,0,2,1,0,6,9,14,1
5,18,4,1,1,0,3,0,0,14,1,1,1,5,0,1,0,2,3,2,1
4,18,4,0,1,0,3,3,0,0,1,1,1,0,0,1,0,6,3,9,0
5,18,4,1,1,0,3,0,0,2,1,1,1,7,0,1,0,3,1,6,1
7,21,4,0,1,3,3,1,0,11,1,1,1,0,0,1,0,6,2,14,1
11,19,4,1,1,0,3,1,0,0,1,1,1,8,2,2,0,6,8,12,1
11,19,0,0,1,3,3,0,1,1,1,1,1,0,2,1,0,6,4,11,1
7,19,4,1,1,0,3,1,0,12,1,1,1,0,0,1,0,7,5,10,0
2,17,4,0,1,0,3,0,0,12,1,1,1,0,0,1,0,7,4,4,0
10,20,4,1,1,0,3,0,0,12,1,1,1,7,0,1,0,6,8,12,1
10,18,0,0,1,4,3,0,1,0,1,1,1,0,0,1,0,3,4,4,1
4,14,4,0,1,0,3,0,0,2,1,1,1,7,0,1,0,2,5,2,1
1,18,4,1,1,0,3,3,0,11,1,1,1,8,0,1,0,2,3,4,1
2,12,2,1,0,0,3,0,0,1,1,1,1,0,0,1,5,0,0,4,0
10,14,0,0,0,0,3,3,0,9,1,1,0,0,0,3,0,6,3,8,1
3,10,4,1,1,0,3,0,0,7,1,1,1,7,0,5,0,6,4,10,1
1,18,4,1,1,0,3,0,0,0,1,1,1,1,0,1,5,0,0,0,0
5,15,4,0,1,0,3,0,0,5,1,1,1,7,0,1,0,6,5,9,1
13,15,0,0,1,4,3,0,1,1,1,1,1,0,2,7,0,6,5,6,1
4,18,4,1,1,0,3,0,0,10,1,1,1,0,0,7,0,9,8,5,1
5,15,4,0,1,3,3,0,1,14,1,1,1,5,0,1,0,6,8,9,0
3,20,4,1,1,0,3,1,0,0,1,1,1,0,0,1,0,5,4,4,0
4,19,4,0,1,0,3,0,0,2,1,1,1,7,0,1,0,6,2,3,1
10,19,0,0,1,0,3,3,0,0,1,1,1,7,0,1,0,4,11,13,0
0,15,4,0,1,0,3,0,0,2,1,1,1,0,0,1,0,6,3,9,1
13,16,4,0,1,4,3,0,1,15,1,1,1,0,2,1,5,3,0,1,0
13,20,4,1,1,0,3,0,0,0,1,1,1,0,2,1,0,6,10,13,0
8,1,3,0,0,0,2,3,0,15,1,1,0,0,0,0,5,0,0,0,0
11,20,4,1,1,0,3,3,0,11,1,1,1,5,2,4,0,4,4,5,1
9,15,4,0,1,0,3,0,0,14,1,1,1,7,0,1,0,4,4,10,0
14,19,4,0,1,0,3,0,0,2,1,1,1,0,2,6,0,6,0,11,1
1,18,4,1,1,0,3,0,0,2,1,1,1,5,0,3,0,2,3,2,1
1,18,4,0,1,0,3,1,0,16,1,1,1,0,0,0,5,0,0,0,0
15,18,0,0,1,0,3,0,0,0,1,1,1,0,2,1,2,2,0,4,1
15,18,0,0,1,0,3,3,0,1,1,1,1,0,2,1,0,6,4,13,1
7,15,4,0,1,4,3,0,1,2,1,1,1,7,0,1,0,6,6,6,1
2,18,4,0,0,0,3,1,0,0,1,1,1,0,0,5,0,7,4,5,1
3,15,4,1,1,0,3,0,0,2,1,1,1,8,0,1,0,1,6,5,1
8,18,4,1,1,0,3,0,0,0,1,1,1,1,0,1,0,6,3,11,1
10,0,4,0,1,4,3,3,1,12,1,1,1,5,0,1,0,4,4,9,0
6,17,0,1,1,0,3,0,0,0,1,1,1,0,0,1,5,1,0,1,0
0,18,4,1,1,2,3,3,0,2,1,1,1,0,0,9,2,0,0,0,1
9,14,0,1,1,4,3,0,1,0,1,1,1,0,0,1,0,5,1,6,1
1,18,4,1,1,0,3,0,0,2,1,1,1,2,0,2,2,2,0,3,1
11,15,0,1,1,0,3,0,0,2,1,1,1,7,2,1,0,6,7,8,1
12,10,4,0,1,2,3,3,0,2,1,1,1,8,2,4,0,1,10,1,1
6,14,4,0,1,0,3,1,0,11,1,1,1,0,0,1,0,6,10,7,0
10,19,4,1,1,0,3,1,0,0,1,1,1,0,0,1,0,6,5,11,0
4,18,4,0,1,0,3,3,0,14,1,1,1,1,0,1,5,0,0,3,1
12,18,0,0,1,4,3,0,1,8,1,1,1,2,0,6,0,2,5,1,1
11,21,0,1,1,0,3,3,0,1,1,1,1,0,2,1,0,6,5,14,0
15,20,0,1,1,0,3,1,0,1,1,1,1,0,2,1,0,8,4,11,0
9,20,0,0,1,0,3,1,0,1,1,1,1,0,0,6,0,4,6,8,1
11,20,0,1,1,0,3,1,0,1,1,1,1,0,2,1,0,8,1,14,1
1,17,4,0,1,0,3,0,0,2,1,1,1,0,0,0,5,0,0,0,1
6,15,4,0,1,0,3,0,0,2,1,1,1,8,0,1,0,3,0,6,1
4,15,0,1,1,3,3,0,1,1,1,1,1,5,0,1,1,3,0,1,0
7,20,4,1,1,4,3,1,1,2,1,1,1,5,0,2,0,1,6,3,1
15,20,4,0,1,4,3,0,1,0,1,1,1,5,2,1,0,8,10,14,1
1,17,4,0,1,0,3,0,0,2,1,1,1,0,0,1,0,5,5,13,0
0,13,4,1,1,0,3,0,0,16,1,1,1,1,0,0,5,0,0,0,0
8,20,4,1,1,0,3,0,0,2,1,1,1,1,0,3,1,3,0,1,1
10,20,4,1,1,0,3,0,0,12,1,1,1,1,0,1,0,6,3,9,0
13,18,4,0,1,0,3,1,0,2,1,1,1,8,2,1,0,6,1,10,1
9,17,4,0,1,0,3,1,0,2,1,1,1,0,0,1,5,0,0,0,1
4,15,4,0,1,0,3,1,0,11,1,1,1,0,0,1,0,6,4,9,0
13,20,4,1,1,0,3,0,0,2,1,1,1,5,2,2,5,0,0,0,1
11,18,0,0,1,0,3,1,0,0,1,1,1,7,2,1,0,7,8,13,1
7,13,4,0,1,0,3,1,0,0,1,1,1,0,0,1,5,0,0,6,0
15,22,0,1,1,0,3,0,0,0,1,1,1,0,2,1,0,6,8,10,0
13,14,0,0,1,0,3,0,0,2,1,1,1,7,2,1,0,6,5,12,1
7,18,4,0,1,0,3,0,0,2,1,1,1,0,0,0,5,0,0,2,1
11,21,4,0,1,0,3,0,0,0,1,1,1,5,2,3,0,6,11,12,1
2,18,4,1,1,0,3,0,0,2,1,1,1,0,0,1,0,2,7,4,1
15,15,3,1,1,0,1,0,0,0,1,1,1,6,2,1,0,5,10,3,1
9,15,4,1,1,0,3,0,0,5,1,1,1,0,0,1,0,6,2,6,1
1,14,4,1,1,0,3,0,0,2,1,1,1,7,0,1,0,2,1,4,1
12,17,4,1,1,0,3,0,0,0,1,1,1,0,2,1,0,4,6,4,1
2,16,4,1,1,0,3,0,0,2,1,1,1,5,0,1,0,1,2,3,1
10,15,0,0,1,0,3,0,0,0,1,1,1,7,0,1,0,6,6,6,1
13,23,0,0,1,0,3,0,0,0,1,1,1,5,2,3,0,6,8,13,1
9,16,4,1,1,0,3,0,0,2,1,1,1,7,0,0,5,0,0,3,1
12,18,4,1,1,0,3,0,0,5,1,1,1,7,2,0,5,0,0,3,1
5,17,4,1,1,0,3,0,0,7,1,1,1,0,0,1,0,5,3,2,1
4,20,4,0,1,0,3,1,0,2,1,1,1,0,0,1,0,3,1,5,1
8,18,4,0,1,0,1,1,0,16,1,1,1,0,0,5,3,6,0,1,0
11,18,4,0,1,0,3,1,0,2,1,1,1,1,2,1,0,3,6,9,0
3,20,4,0,1,4,3,0,1,5,1,1,1,5,0,2,0,6,10,4,1
8,15,0,0,1,4,3,0,1,1,1,1,1,0,0,1,1,9,0,12,1
4,18,4,0,1,0,3,0,0,0,1,1,1,0,0,1,0,6,4,9,1
6,14,4,1,0,0,3,1,0,2,1,1,0,0,0,1,1,6,0,6,1
8,18,4,0,1,4,3,3,1,9,1,1,1,0,0,1,0,6,11,14,1
11,18,4,0,1,0,3,0,0,2,1,1,1,7,2,1,0,6,6,6,1
5,20,4,1,1,0,3,0,0,2,1,1,1,0,0,3,0,6,3,9,1
11,23,0,1,1,4,3,0,1,0,1,1,1,5,2,1,0,8,11,6,1
13,15,0,1,1,0,3,0,0,1,1,1,1,7,2,1,5,0,0,0,1
2,16,4,0,1,0,3,3,0,11,1,1,1,0,0,1,0,7,4,4,1
15,20,0,0,1,0,3,0,0,0,1,1,1,7,2,1,0,6,6,14,1
9,17,4,1,1,0,3,3,0,0,1,1,1,0,0,3,0,2,3,4,1
7,20,4,0,1,0,3,0,0,3,1,1,1,0,0,1,0,6,7,13,1
12,15,4,0,1,0,3,3,0,11,1,1,1,7,2,1,0,7,3,11,1
13,20,0,1,1,0,3,1,0,0,1,1,1,0,2,3,0,6,3,11,1
13,20,0,0,1,0,3,3,0,1,1,1,1,0,2,6,0,1,0,3,0
6,18,4,0,1,0,3,1,0,0,1,1,1,5,0,2,0,4,1,3,0
9,15,0,1,1,0,3,3,0,1,1,1,1,0,0,1,0,8,1,11,1
0,15,4,1,1,4,3,0,1,16,1,1,1,0,0,1,5,4,0,2,0
0,15,4,1,0,4,3,3,1,6,1,1,1,5,0,9,2,0,0,14,0
9,20,4,1,1,0,3,3,0,11,1,1,1,0,0,4,0,6,7,13,1
14,23,0,0,1,0,3,0,0,0,1,1,1,0,2,1,0,8,6,14,1
12,21,4,1,1,4,3,3,1,0,1,1,1,0,2,4,0,8,1,11,0
3,18,4,0,1,0,3,0,0,2,1,1,1,0,0,0,5,0,0,0,1
7,20,4,0,1,3,3,0,1,0,1,1,1,5,0,1,0,6,6,10,1
14,14,4,1,1,0,3,0,0,2,1,1,1,1,2,1,1,6,0,6,1
1,15,4,1,1,0,3,1,0,2,1,1,1,0,0,1,0,2,5,3,1
15,20,0,0,0,0,3,3,0,0,1,1,0,7,2,0,5,0,0,0,0
15,15,0,0,1,0,3,3,0,0,1,1,1,0,2,2,0,6,1,12,1
12,10,4,1,1,4,3,0,1,0,1,1,1,8,2,5,0,1,9,3,1
11,20,4,1,1,0,3,1,0,0,1,1,1,0,2,1,0,8,4,12,0
14,20,0,1,1,0,3,1,0,0,1,1,1,0,2,2,0,6,3,13,1
7,15,4,0,1,4,3,0,1,0,1,1,1,7,0,1,0,6,8,9,0
12,22,0,0,1,4,3,0,1,1,1,1,1,0,2,1,0,8,6,14,1
1,18,4,0,1,0,0,1,0,6,1,1,1,5,0,5,3,8,2,14,1
14,20,0,1,1,0,3,1,0,1,1,1,1,0,2,1,1,1,0,2,1
14,18,0,1,1,0,3,3,0,1,1,1,1,0,2,1,0,6,8,12,1
13,21,0,1,1,0,3,0,0,1,1,1,1,1,2,1,0,6,3,13,1
7,15,4,0,1,0,3,0,0,4,1,1,1,0,0,5,0,6,6,7,1
12,15,0,0,1,0,3,1,0,1,1,1,1,0,2,1,0,5,3,6,1
5,18,0,0,1,0,3,0,0,5,1,1,1,7,0,1,0,8,2,6,1
10,18,4,1,1,0,3,1,0,11,1,1,1,7,0,1,0,2,5,8,1
0,15,4,0,1,0,3,0,0,2,1,1,1,0,0,0,5,0,0,0,1
6,21,4,0,1,0,3,0,0,2,1,1,1,0,0,1,0,6,5,14,1
14,18,0,1,1,0,3,0,0,0,1,1,1,0,2,1,0,9,11,14,1
5,15,4,0,1,0,3,0,0,2,1,1,1,7,0,1,0,6,1,6,1
13,21,0,0,1,3,3,0,1,0,1,1,1,5,2,1,0,6,2,13,1
6,19,4,1,1,0,3,0,0,2,1,1,1,0,0,1,5,6,0,11,0
14,22,4,1,1,3,3,0,1,0,1,1,1,7,2,1,0,4,9,7,1
10,12,4,0,1,4,3,0,1,14,1,1,1,7,0,1,0,6,8,9,1
14,17,2,1,1,4,3,0,1,0,1,1,1,0,2,1,5,0,0,0,1
5,20,4,0,1,0,3,1,0,0,1,1,1,8,0,1,0,6,1,11,1
5,18,4,0,0,0,3,1,0,2,1,0,1,5,0,1,0,1,0,2,0
12,19,4,1,1,3,3,0,1,0,1,1,1,0,2,1,0,6,7,8,1
4,15,4,0,1,4,3,0,1,9,1,1,1,2,0,3,0,3,6,1,0
5,20,4,0,1,0,3,1,0,0,1,1,1,0,0,1,0,8,1,11,1
12,18,4,0,1,0,3,3,0,2,1,1,1,8,2,1,0,6,8,9,1
7,18,4,1,1,0,3,3,0,10,1,1,1,5,0,1,0,6,0,8,1
3,15,4,0,1,0,3,1,0,2,1,1,1,0,0,1,0,8,11,9,1
8,20,4,1,1,0,3,0,0,11,1,1,1,0,0,1,0,4,10,13,1
12,19,4,1,1,0,3,0,0,0,1,1,1,0,2,2,0,8,3,12,1
1,18,4,1,1,0,3,3,0,14,1,1,1,0,0,1,5,4,0,2,1
2,18,4,0,1,0,3,0,0,9,1,1,1,0,0,1,2,7,0,0,0
13,20,4,1,1,0,3,0,0,0,1,1,1,0,2,2,0,6,3,9,1
1,19,4,0,1,0,3,0,0,2,1,1,1,0,0,1,2,1,0,5,0
2,13,4,0,0,0,3,1,0,15,1,1,0,8,0,0,5,0,0,0,0
2,22,4,1,1,0,3,1,0,2,1,1,1,8,0,1,0,6,6,8,1
14,21,0,1,1,0,3,1,0,0,1,1,1,0,2,1,0,7,5,13,1
11,8,0,0,1,2,3,0,1,2,1,1,1,0,2,1,0,5,4,3,1
3,18,4,0,1,4,3,3,1,0,1,1,1,7,0,1,0,2,8,8,1
1,18,4,0,1,0,3,1,0,2,1,1,1,8,0,1,0,1,2,2,1
6,20,4,0,1,0,3,1,0,2,1,1,1,5,0,1,0,6,4,10,0
2,18,4,1,1,0,3,3,0,2,1,1,1,0,0,1,0,2,7,3,1
7,11,4,0,1,0,3,0,0,4,1,1,1,0,0,1,2,0,0,0,1
4,18,4,1,1,0,3,0,0,2,1,1,1,0,0,1,0,6,4,7,1
9,21,0,1,1,4,3,0,1,0,1,1,1,0,0,1,0,6,5,7,1
12,18,4,1,1,0,3,1,0,5,1,1,1,0,2,1,0,5,3,3,1
1,18,4,0,1,0,3,1,0,12,1,1,1,0,0,1,0,4,3,13,0
3,20,4,1,1,0,3,1,0,0,1,1,1,0,0,1,0,6,10,6,1
13,20,0,0,1,4,3,0,1,0,1,1,1,5,2,1,2,2,0,6,1
2,18,4,0,0,0,3,1,0,2,1,1,0,0,0,1,0,3,3,5,1
13,15,0,0,1,0,1,0,0,0,1,1,1,0,2,5,0,6,5,7,1
1,13,4,0,1,0,3,3,0,2,1,1,1,0,0,0,5,0,0,0,1
5,18,0,1,1,4,3,3,1,1,1,1,1,0,0,1,0,8,3,6,0
0,18,4,1,1,0,3,3,0,14,1,1,1,0,0,1,0,2,3,2,1
11,18,4,1,1,0,3,0,0,2,1,1,1,2,0,2,0,4,1,4,1
9,20,4,0,1,0,3,1,0,0,1,1,1,0,0,1,0,7,6,13,0
15,18,4,0,1,4,3,0,1,0,1,1,1,0,2,0,5,0,0,4,0
14,20,0,1,1,0,3,0,0,0,1,1,1,1,2,3,0,6,3,11,1
10,20,4,1,1,0,3,0,0,10,1,1,1,5,0,1,0,6,3,11,1
7,20,4,0,1,3,3,1,0,11,1,1,1,0,0,1,0,6,2,11,1
7,17,4,1,1,0,3,0,0,0,1,1,1,0,0,1,0,4,2,8,1
13,20,0,1,1,0,3,0,0,1,1,1,1,0,2,1,0,5,3,12,1
1,18,4,0,1,3,3,0,1,2,1,1,1,5,0,0,5,0,0,0,1
4,15,0,1,1,0,3,0,0,2,1,1,1,0,0,1,0,4,10,6,1
14,18,0,1,1,0,3,0,0,0,1,1,1,0,2,1,0,7,2,9,1
10,20,4,0,1,3,3,0,1,11,1,1,1,5,0,1,0,6,3,12,1
1,15,4,1,1,0,3,0,0,2,1,1,1,0,0,9,2,0,0,0,1
2,16,4,0,1,0,3,0,0,15,1,1,1,0,0,1,5,6,0,2,0
13,19,4,1,1,0,3,0,0,12,1,1,1,5,2,1,5,0,0,0,1
12,21,4,1,1,0,3,0,0,0,1,1,1,0,2,1,0,6,3,11,1
7,18,4,1,1,0,3,0,0,2,1,1,1,0,0,1,1,6,0,6,1
3,19,4,1,1,0,3,0,0,16,1,1,1,1,0,1,0,1,1,2,1
1,18,4,0,1,0,3,0,0,2,1,1,1,7,0,0,5,0,0,0,1
4,17,4,0,1,0,3,0,0,15,1,1,1,0,0,1,5,6,0,1,0
7,18,4,0,1,0,3,1,0,2,1,1,1,5,0,1,0,6,2,8,1
0,15,4,0,1,0,3,1,0,2,1,1,1,0,0,0,5,0,0,2,1
0,17,4,0,1,0,3,1,0,2,1,1,1,0,0,0,5,0,0,0,1
5,15,4,1,0,0,3,0,0,0,1,1,0,1,0,1,0,9,6,6,1
14,21,0,0,1,4,3,0,1,0,1,1,1,5,2,1,0,6,11,13,1
11,19,0,1,1,3,3,0,1,0,1,1,1,5,2,1,0,6,6,8,1
1,21,4,1,1,0,3,3,0,16,1,1,1,0,0,3,0,2,4,2,0
10,19,4,0,1,3,3,0,1,0,1,1,1,7,0,7,0,4,2,9,1
11,20,4,0,1,0,3,0,0,0,1,1,1,5,2,1,0,6,2,12,0
9,18,4,0,1,0,3,0,0,2,1,1,1,0,0,0,5,0,0,0,1
9,20,4,0,1,0,3,0,0,0,1,1,1,5,0,1,0,6,8,13,0
3,18,4,0,1,0,3,0,0,16,1,1,1,0,0,1,0,3,2,6,0
2,18,4,1,1,0,3,0,0,0,1,1,1,0,0,1,0,1,5,1,1
9,21,0,1,1,0,3,3,0,1,1,1,1,0,0,1,0,6,6,14,1
14,19,4,0,1,0,3,1,0,2,1,1,1,1,2,3,0,6,2,12,0
6,19,4,0,1,0,1,0,0,11,1,1,1,0,0,8,5,0,0,0,1
4,19,4,1,0,0,3,1,0,2,1,1,0,0,0,1,5,0,0,0,0
0,15,4,0,1,0,3,0,0,2,1,1,1,0,0,1,2,2,0,3,1
12,20,0,1,1,0,3,0,0,1,1,1,1,5,2,1,0,8,2,14,0
8,18,0,1,1,0,3,3,0,1,1,1,1,7,0,1,2,0,0,0,0
15,20,4,1,1,0,3,0,0,2,1,1,1,7,2,1,0,4,4,12,1
0,17,4,0,1,0,3,0,0,2,1,1,1,0,0,0,5,0,0,0,1
13,19,0,1,1,4,3,3,1,1,1,1,1,0,2,1,5,0,0,0,1
3,18,0,1,1,0,3,1,0,2,1,1,1,0,0,1,5,0,0,4,0
2,16,4,0,0,0,3,0,0,2,1,1,0,0,0,1,2,1,0,4,1
7,20,4,0,1,0,3,1,0,2,1,1,1,0,0,1,2,0,0,0,0
6,17,4,1,1,0,3,0,0,0,1,1,1,0,0,1,0,6,8,8,1
12,15,0,0,1,0,3,0,0,1,1,1,1,7,2,1,0,6,6,12,1
5,20,4,0,1,2,3,1,0,2,1,1,1,8,0,1,0,5,6,6,1
4,20,0,1,1,0,3,1,0,0,1,1,1,0,0,3,0,6,6,12,0
10,20,4,0,1,0,3,1,0,0,1,1,1,0,0,1,0,4,6,5,0
12,20,4,1,1,3,3,0,1,0,1,1,1,7,2,1,0,6,6,9,0
13,15,2,1,1,4,3,0,1,5,1,1,1,7,2,0,5,0,0,5,1
13,20,4,1,1,0,3,1,0,0,1,1,1,0,2,2,0,8,4,13,1
9,20,4,0,1,0,3,3,0,14,1,1,1,1,0,1,0,6,3,8,0
15,20,4,1,1,0,3,0,0,0,1,1,1,0,2,1,0,5,9,14,1
14,18,0,1,1,0,3,1,0,0,1,1,1,8,2,1,5,6,0,7,1
0,15,4,1,1,4,3,0,1,9,1,1,1,5,0,1,0,3,0,3,1
4,18,4,1,1,0,3,3,0,0,1,1,1,0,0,1,0,2,4,4,0
11,20,4,0,0,3,3,0,1,2,1,1,1,5,2,1,0,7,4,10,1
14,14,4,1,1,4,3,0,1,2,1,1,1,5,2,1,0,2,7,8,1
0,15,4,1,1,0,3,3,0,5,1,1,1,0,0,1,0,1,6,2,1
13,20,0,0,1,0,3,1,0,1,1,1,1,0,2,7,5,1,0,2,1
11,21,0,0,1,4,3,0,1,0,1,1,1,5,2,1,0,6,11,14,0
2,18,4,1,1,0,3,1,0,0,1,1,1,8,0,1,0,1,2,2,1
13,18,4,0,1,4,3,0,1,9,1,1,1,0,2,1,0,6,2,2,0
10,15,4,0,1,0,3,0,0,2,1,1,1,0,0,1,0,6,6,11,1
5,15,4,0,1,0,3,3,0,2,1,1,1,0,0,1,0,6,4,7,1
7,22,4,1,1,0,3,1,0,7,1,1,1,8,0,1,0,6,6,10,1
6,18,4,0,1,0,3,0,0,16,1,1,1,5,0,1,0,8,2,11,1
9,15,4,0,1,3,3,0,1,2,1,1,1,7,0,9,2,0,0,0,1
0,18,4,1,1,4,3,1,1,16,1,1,1,0,0,2,5,4,0,3,0
5,15,4,1,1,0,3,0,0,9,1,1,1,0,0,1,0,4,1,3,1
11,15,0,1,1,4,3,0,1,8,1,1,1,5,2,1,0,6,4,5,1
1,18,0,1,1,4,3,0,1,1,1,1,1,5,0,1,0,5,5,6,0
5,20,4,0,1,0,3,1,0,2,1,1,1,0,0,1,0,2,3,4,1
4,15,4,0,1,0,3,1,0,2,1,1,1,0,0,1,5,4,0,3,0
10,13,4,0,1,4,3,0,1,15,1,1,1,7,0,1,5,0,0,0,0
12,21,0,0,1,4,3,0,1,0,1,1,1,5,2,1,0,6,3,14,0
4,18,4,0,1,0,3,1,0,2,1,1,1,2,0,2,0,6,4,3,1
11,20,0,0,1,0,3,0,0,1,1,1,1,0,2,1,0,9,3,11,0
3,20,4,1,1,0,3,0,0,11,1,1,1,5,0,1,5,2,0,4,0
10,15,0,1,1,0,3,0,0,2,1,1,1,0,0,1,5,6,0,3,1
2,15,4,1,1,0,3,0,0,2,1,1,1,0,0,0,5,0,0,4,1
10,15,3,1,1,0,3,3,0,7,1,1,1,0,0,1,0,5,8,6,1
8,20,4,0,1,0,3,3,0,11,1,1,1,0,0,1,0,7,3,13,1
5,20,4,1,1,0,3,0,0,0,1,1,1,5,0,6,0,3,6,2,1
2,19,4,1,1,0,3,0,0,0,1,1,1,0,0,1,0,6,1,11,0
4,15,4,0,1,0,3,0,0,15,1,1,1,7,0,1,5,3,0,1,1
11,20,0,1,1,4,3,0,1,1,1,1,1,5,2,1,0,6,5,10,1
0,17,4,0,1,0,3,3,0,16,1,1,1,5,0,2,5,1,0,1,1
13,15,4,1,1,4,3,0,1,12,1,1,1,1,2,9,2,0,0,0,1
14,20,4,0,1,0,3,1,0,0,1,1,1,8,0,2,0,4,1,14,1
1,17,4,0,1,0,3,1,0,2,1,1,1,0,0,1,0,6,5,9,1
8,19,4,1,1,0,3,1,0,0,1,1,1,0,0,0,5,0,0,0,0
11,14,4,0,1,0,3,0,0,12,1,1,1,0,2,1,0,6,10,12,1
13,20,4,0,1,0,3,1,0,0,1,1,1,5,2,1,0,6,9,14,1
8,21,0,0,1,0,3,1,0,0,1,1,1,0,0,1,0,6,6,13,0
12,20,4,0,1,0,3,1,0,0,1,1,1,0,2,1,0,6,6,13,1
3,20,4,0,1,0,3,0,0,2,1,1,1,0,0,3,0,2,9,2,1
7,18,4,0,1,0,3,1,0,7,1,1,1,0,0,1,0,5,1,9,1
7,20,4,0,1,0,3,1,0,0,1,1,1,0,0,1,0,5,7,10,0
6,18,4,0,1,4,3,0,1,11,1,1,1,0,0,1,0,1,8,6,1
15,18,0,1,1,4,3,0,1,1,1,1,1,5,2,0,5,0,0,0,1
9,20,4,0,1,0,3,0,0,5,1,1,1,0,0,2,0,5,2,8,1
11,15,0,0,1,0,3,0,0,8,1,1,1,0,2,1,1,7,0,0,1
2,15,0,0,1,4,3,0,1,8,1,1,1,5,0,1,5,6,0,0,1
0,18,4,1,1,0,3,0,0,2,1,1,1,0,0,1,5,0,0,0,1
13,15,4,1,1,0,3,3,0,2,1,1,1,5,2,1,5,0,0,0,1
15,15,0,0,1,0,3,1,0,1,1,1,1,0,2,1,0,6,3,2,1
4,20,4,0,0,0,3,0,0,15,1,1,1,0,0,1,5,0,0,0,0
13,18,0,1,1,0,3,0,0,0,1,1,1,7,2,1,0,2,2,6,0
7,18,0,0,1,0,3,2,0,0,1,1,1,8,0,2,0,6,1,10,1
4,21,4,0,1,0,3,0,0,9,1,1,1,0,0,2,0,6,2,8,1
12,18,0,1,1,0,3,0,0,0,1,1,1,0,2,2,0,6,2,7,1
1,18,4,0,1,4,3,0,1,16,1,1,1,5,0,2,0,6,6,7,1
8,15,4,0,1,3,3,0,1,2,1,1,1,7,0,1,0,6,6,6,1
15,17,0,0,1,0,3,3,0,1,1,1,1,0,2,6,0,2,8,2,1
0,17,4,0,1,0,3,1,0,7,1,1,1,0,0,1,0,2,3,6,1
4,15,4,0,1,0,3,1,0,2,1,1,1,8,0,6,0,1,4,3,1
3,20,4,0,1,0,3,0,0,14,1,1,1,0,0,1,0,6,6,7,1
15,22,0,1,1,0,3,3,0,1,1,1,1,0,2,1,0,7,9,14,1
8,20,4,1,1,0,3,0,0,0,1,1,1,0,0,1,0,6,2,13,1
1,15,4,1,1,0,3,0,0,2,1,1,1,1,0,1,0,3,3,2,1
12,18,4,0,1,0,3,0,0,5,1,1,1,7,2,1,0,3,6,6,1
5,19,4,1,1,0,3,3,0,2,1,1,1,7,0,0,5,0,0,0,1
6,18,4,1,1,3,3,3,1,0,1,1,1,5,0,1,0,6,2,8,1
15,15,4,0,1,0,3,0,0,15,1,1,1,5,2,0,5,0,0,0,1
2,19,4,1,1,0,3,3,0,2,1,1,1,7,0,1,0,6,5,6,1
9,18,4,1,1,4,3,0,1,0,1,1,1,7,0,1,0,8,4,12,1
10,18,0,1,1,0,3,0,0,8,1,1,1,7,0,3,0,2,3,4,1
2,15,0,1,1,0,3,0,0,1,1,1,1,0,0,1,2,2,0,4,1
8,18,4,1,1,0,3,0,0,0,1,1,1,7,0,0,5,0,0,0,0
0,15,4,0,1,0,0,1,0,16,1,1,1,0,0,5,3,2,0,1,0
2,15,4,0,1,0,3,0,0,2,1,1,1,1,0,0,5,0,0,0,1
7,19,4,1,1,0,3,1,0,2,1,1,1,0,0,2,0,6,11,7,1
9,18,2,0,1,0,3,0,0,0,1,1,1,0,0,4,0,7,10,12,1
0,15,4,0,1,0,3,0,0,2,1,1,1,8,0,1,0,6,4,6,1
14,7,2,1,1,0,2,0,0,2,1,1,1,7,2,1,0,4,4,7,1
4,17,0,1,1,0,0,0,0,0,1,1,1,3,0,5,3,7,3,6,1
9,17,4,0,1,0,3,0,0,2,1,1,1,0,0,1,2,0,0,0,1
12,20,4,0,1,0,3,3,0,11,1,1,1,0,2,2,0,6,2,12,1
7,15,4,1,1,0,3,0,0,7,1,1,1,0,0,1,0,6,4,4,1
7,15,4,0,1,0,3,3,0,2,1,1,1,5,0,1,5,0,0,4,1
3,15,4,1,1,4,3,0,1,2,1,1,1,5,0,0,5,0,0,0,1
7,18,4,0,1,0,3,0,0,5,1,1,1,5,0,2,0,6,3,10,1
6,20,4,1,0,4,3,0,1,2,1,1,0,6,0,5,4,2,1,6,0
6,17,4,0,1,0,3,0,0,0,1,1,1,1,0,1,0,3,3,11,1
6,17,4,1,1,0,3,0,0,0,1,1,1,7,0,1,0,6,2,9,0
4,20,4,1,1,0,3,0,0,2,1,1,1,0,0,1,0,1,11,4,0
0,15,4,1,1,0,3,1,0,16,1,1,1,0,0,2,5,4,0,2,1
4,10,4,1,1,0,0,0,0,16,1,1,1,4,0,5,3,8,3,1,1
12,19,4,0,1,0,3,1,0,0,1,1,1,8,2,7,0,6,0,13,1
0,17,4,0,1,0,3,0,0,16,1,1,1,8,0,1,0,6,6,6,1
5,19,4,1,1,0,3,0,0,2,1,1,1,0,0,1,0,2,6,2,1
15,19,0,0,1,4,3,0,1,0,1,1,1,5,2,1,0,4,2,6,1
4,20,4,0,1,4,3,0,1,0,1,1,1,5,0,1,0,6,2,11,0
2,18,4,0,1,0,3,0,0,16,1,1,1,0,0,0,5,0,0,0,0
5,18,4,1,1,0,3,0,0,0,1,1,1,7,0,1,0,5,3,6,0
2,18,4,1,1,2,3,3,0,2,1,1,1,0,0,1,0,4,6,6,1
3,18,4,1,1,0,3,0,0,16,1,1,1,1,0,3,1,6,0,6,1
1,18,4,1,1,0,3,0,0,16,1,1,1,0,0,1,5,0,0,0,0
9,18,0,0,1,0,3,0,0,2,1,1,1,0,0,1,0,6,1,11,1
8,18,4,0,1,4,3,0,1,5,1,1,1,7,0,1,0,6,4,10,1
1,18,4,1,1,0,3,1,0,2,1,1,1,0,0,1,0,1,8,4,1
7,17,4,0,1,0,0,0,0,16,1,1,1,1,0,5,3,9,2,7,0
9,15,3,1,1,0,3,2,0,0,1,1,1,6,0,0,5,0,0,3,0
6,18,4,1,1,0,3,0,0,2,1,1,1,7,0,0,5,0,0,0,1
9,1,4,1,1,4,0,3,1,11,1,1,1,0,0,5,3,6,3,4,1
10,20,0,1,1,0,3,1,0,0,1,1,1,8,0,1,0,6,1,7,1
5,15,4,0,1,0,0,0,0,16,1,1,1,1,0,5,3,9,1,7,0
15,20,4,1,1,0,3,1,0,0,1,1,1,0,2,1,0,6,3,14,1
8,15,4,1,1,4,3,0,1,9,1,1,1,5,0,1,0,2,8,3,1
12,20,4,0,1,0,3,1,0,12,1,1,1,0,2,1,0,6,5,13,0
4,15,0,0,1,0,3,0,0,2,1,1,1,5,0,0,5,0,0,0,1
15,19,0,0,1,0,1,3,0,1,1,1,1,0,2,1,0,6,8,9,1
7,20,4,1,1,0,3,0,0,12,1,1,1,0,0,1,5,4,0,1,0
4,19,4,0,1,3,3,3,1,0,1,1,1,0,0,6,5,0,0,0,0
1,18,4,0,1,4,3,3,1,11,1,1,1,0,0,1,0,4,2,6,0
12,23,0,0,1,4,3,0,1,0,1,1,1,5,2,1,0,8,8,14,1
13,15,4,0,1,0,3,0,0,0,1,1,1,0,2,1,0,6,0,9,1
12,18,0,1,1,0,3,3,0,8,1,1,1,2,2,1,0,6,4,11,1
11,22,0,1,1,3,3,0,1,1,1,1,1,0,2,1,0,6,6,11,1
8,21,0,1,0,4,3,0,1,1,1,1,0,7,1,3,1,9,0,2,1
7,18,4,0,1,0,3,0,0,2,1,1,1,0,0,1,0,6,8,6,1
5,18,4,1,1,4,3,0,1,0,1,1,1,0,0,1,0,4,6,3,1
11,20,4,1,1,0,3,1,0,2,1,1,1,0,2,1,0,3,5,2,1
15,15,4,1,0,0,3,0,0,0,1,1,0,7,2,1,0,5,7,8,1
2,18,4,0,1,0,3,0,0,2,1,1,1,0,0,1,0,3,6,4,1
1,18,4,1,1,0,3,3,0,11,1,1,1,1,0,1,0,3,1,2,1
8,15,4,1,0,0,3,0,0,5,0,1,1,2,0,1,0,6,6,5,1
3,18,4,0,1,0,3,1,0,2,1,1,1,8,0,1,0,6,1,8,1
5,18,4,1,1,0,3,0,0,0,1,1,1,0,0,1,0,3,6,6,1
15,20,4,0,1,0,3,3,0,0,1,1,1,0,2,1,0,6,6,13,0
3,18,4,1,1,0,3,0,0,2,1,1,1,7,0,0,5,0,0,4,1
0,17,4,1,1,0,3,3,0,0,1,1,1,0,0,1,5,0,0,0,0
5,20,0,0,1,0,3,3,0,1,1,1,1,0,0,1,0,8,2,8,0
0,15,4,1,0,0,3,3,0,3,1,0,1,0,0,6,0,2,4,2,1
0,17,4,1,0,0,3,1,0,2,1,1,0,0,0,0,5,0,0,1,1
9,19,0,1,1,0,3,0,0,8,1,1,1,0,0,4,0,8,0,11,1
11,18,0,1,1,0,3,0,0,1,1,1,1,1,2,1,0,3,1,5,1
4,20,4,0,1,2,3,1,0,2,1,1,1,8,0,1,0,9,4,12,1
3,18,4,1,1,0,3,3,0,11,1,1,1,0,0,1,0,1,3,2,1
12,14,0,0,1,4,3,1,1,0,1,1,1,7,2,7,5,5,0,5,1
0,17,4,0,1,0,3,0,0,0,1,1,1,5,0,1,0,1,1,1,1
13,5,4,1,1,3,3,0,1,9,1,1,1,5,2,1,1,6,0,14,1
0,18,4,0,1,4,3,0,1,2,1,1,1,7,0,1,5,1,0,1,1
15,21,0,0,1,0,3,1,0,0,1,1,1,0,2,1,0,6,4,13,1
0,15,4,0,1,4,3,0,1,2,1,1,1,7,0,1,0,2,0,2,1
9,17,4,1,1,0,3,0,0,2,1,1,1,0,0,1,0,5,3,5,1
4,18,0,1,1,2,3,0,0,2,1,1,1,0,0,1,0,2,3,3,1
6,20,0,1,1,0,3,1,0,0,1,1,1,0,0,2,0,6,2,13,1
12,20,4,1,1,3,3,2,1,0,1,1,1,8,0,2,5,2,0,4,0
6,13,4,1,1,0,3,0,0,2,1,1,1,7,0,1,0,4,6,5,1
8,19,4,1,1,0,3,1,0,0,1,1,1,8,0,1,0,6,10,7,1
8,20,4,0,1,0,3,3,0,0,1,1,1,5,0,1,0,6,4,13,0
6,15,0,0,1,0,3,0,0,2,1,1,1,7,0,1,0,6,4,5,1
9,21,4,1,1,0,3,0,0,14,1,1,1,1,0,3,0,6,8,12,1
8,17,4,1,1,0,3,0,0,2,1,1,1,0,0,1,0,6,8,3,1
13,19,4,1,1,0,3,0,0,2,1,1,1,0,2,1,0,3,4,4,1
9,15,0,0,1,4,3,0,1,1,1,1,1,0,0,1,0,6,6,6,1
15,20,4,1,1,0,3,0,0,0,1,1,1,0,2,1,0,6,3,9,1
9,18,0,0,1,0,3,0,0,1,1,1,1,7,0,7,0,9,10,13,1
0,18,4,0,1,0,3,0,0,2,1,1,1,7,0,1,0,6,3,2,1
7,18,4,0,1,0,3,0,0,0,1,1,1,1,0,4,0,5,2,3,0
8,18,0,1,1,0,3,0,0,2,1,1,1,5,0,1,0,2,3,3,1
11,10,0,1,1,4,3,0,1,0,1,1,1,0,2,0,5,0,0,0,0
14,20,0,1,1,0,3,1,0,1,1,1,1,0,2,1,0,6,6,14,1
13,14,4,0,1,0,3,0,0,0,1,1,1,0,2,7,5,6,0,7,1
13,21,0,0,1,0,3,1,0,1,1,1,1,8,2,1,0,7,10,13,1
3,15,4,0,1,0,3,1,0,7,1,1,1,7,0,1,0,2,4,4,1
4,16,4,1,0,0,3,0,0,2,1,0,1,4,0,9,2,0,0,0,1
15,14,0,0,1,0,3,3,0,15,1,1,1,0,2,0,5,0,0,0,1
11,15,4,1,1,0,3,0,0,2,1,1,1,7,2,1,0,1,2,4,1
15,22,4,0,1,0,3,0,0,15,1,1,1,1,2,0,5,0,0,0,1
0,18,4,0,1,0,0,1,0,16,1,1,1,0,0,5,3,8,1,6,0
1,18,4,0,0,0,3,1,0,2,0,1,1,0,0,1,0,2,9,5,1
7,15,0,0,1,4,3,0,1,8,1,1,1,0,0,1,0,6,0,8,1
12,20,0,1,1,0,3,0,0,0,1,1,1,5,2,1,0,6,2,13,1
2,15,4,0,1,0,3,3,0,2,1,1,1,7,0,1,0,4,6,6,1
10,21,0,0,1,0,3,0,0,0,1,1,1,7,0,4,0,6,1,11,1
9,16,0,1,1,0,3,0,0,0,1,1,1,0,0,1,0,6,2,7,0
2,15,0,1,1,3,3,0,1,8,1,1,1,7,0,1,0,7,6,5,1
2,18,0,1,1,3,3,0,1,1,1,1,1,5,0,1,0,3,3,5,1
10,16,4,0,1,0,3,1,0,15,1,1,1,0,0,0,5,0,0,0,1
2,18,4,0,0,0,3,2,0,2,1,1,0,0,0,0,5,0,0,0,1
9,18,0,1,1,0,3,0,0,0,1,1,1,7,0,1,0,8,6,12,0
8,20,4,1,1,0,3,1,0,0,1,1,1,0,0,1,0,6,4,14,1
1,15,4,1,1,0,3,0,0,11,1,1,1,0,0,1,5,1,0,2,1
8,20,4,0,1,0,3,0,0,12,1,1,1,0,0,1,5,0,0,0,1
13,19,4,0,1,0,3,0,0,2,1,1,1,7,2,1,0,7,5,13,1
0,16,4,1,0,0,3,0,0,3,0,0,1,0,0,0,5,0,0,2,1
12,20,4,1,1,0,3,1,0,0,1,1,1,0,2,2,0,6,6,13,1
0,17,4,0,1,0,3,0,0,2,1,1,1,0,0,1,0,4,8,5,1
10,18,0,0,1,0,3,1,0,1,1,1,1,0,0,7,0,6,3,13,1
10,18,4,0,1,0,3,3,0,14,1,1,1,1,0,1,0,6,8,10,1
2,16,4,0,1,4,3,0,1,10,1,1,1,0,0,1,5,6,0,1,0
10,19,4,0,1,0,3,1,0,12,1,1,1,0,0,1,0,9,8,10,0
4,18,4,1,1,0,3,0,0,2,1,1,1,1,0,1,0,3,2,2,1
7,18,4,1,1,0,3,1,0,0,1,1,1,0,0,1,0,4,3,7,1
2,18,4,1,1,0,3,0,0,4,1,1,1,0,0,1,2,0,0,0,1
15,18,0,1,1,4,3,0,1,1,1,1,1,5,2,0,5,0,0,0,1
15,20,4,0,1,0,3,3,0,9,1,1,1,0,2,1,0,8,11,14,1
5,15,4,0,1,0,3,1,0,14,1,1,1,0,0,1,0,4,2,2,1
7,15,0,1,1,0,3,0,0,2,1,1,1,1,0,6,0,1,8,7,1
9,16,4,0,1,0,3,1,0,0,1,1,1,0,0,1,0,7,11,14,0
7,17,4,1,1,0,3,3,0,2,1,1,1,0,0,2,0,1,6,1,1
8,20,0,0,1,0,3,3,0,0,1,1,1,0,0,1,0,2,3,3,1
7,21,4,1,1,0,3,2,0,0,1,1,1,0,0,1,0,6,10,14,1
11,20,0,0,1,0,3,0,0,0,1,1,1,0,2,3,0,6,3,11,1
14,6,0,0,1,0,3,0,0,0,1,1,1,8,2,1,0,2,8,4,0
6,15,0,0,1,0,3,1,0,2,1,1,1,8,0,1,0,3,8,9,1
0,18,4,1,1,0,3,3,0,10,1,1,1,0,0,1,0,6,8,3,0
6,20,4,1,1,4,3,0,1,0,1,1,1,5,0,1,0,6,4,13,0
13,20,0,0,1,3,3,0,1,1,1,1,1,5,2,1,0,3,7,14,1
15,21,0,1,1,4,3,0,1,1,1,1,1,0,2,1,0,6,6,9,0
3,18,4,0,1,0,3,0,0,2,1,1,1,0,0,1,0,6,4,4,0
0,18,4,1,1,0,3,0,0,5,1,1,1,7,0,1,0,3,4,4,1
5,15,0,0,1,0,3,1,0,0,1,1,1,7,0,1,0,6,8,8,0
4,20,4,1,0,4,3,0,1,2,1,1,1,5,0,1,0,2,4,4,1
8,18,0,1,1,0,3,0,0,0,1,1,1,0,0,1,0,4,2,2,0
7,17,4,0,1,0,3,0,0,2,1,1,1,5,0,1,2,0,0,9,1
10,14,4,0,1,4,3,0,1,2,1,1,1,5,0,1,0,8,5,7,1
10,15,4,1,1,0,3,0,0,12,1,1,1,0,0,6,0,6,6,8,0
15,18,0,0,1,3,3,0,1,0,1,1,1,0,2,1,0,6,3,7,1
1,15,4,1,1,0,3,0,0,2,1,1,1,0,0,1,0,6,3,6,0
14,15,4,0,1,0,3,0,0,0,1,1,1,7,2,1,0,6,4,11,1
4,20,4,0,1,0,3,1,0,0,1,1,1,0,0,1,2,6,0,6,1
6,15,4,0,1,0,3,0,0,2,1,1,1,7,0,4,5,0,0,5,1
4,9,0,0,1,0,1,1,0,9,1,1,1,7,0,1,0,4,7,4,0
1,21,4,1,1,0,3,0,0,14,1,1,1,5,0,1,0,6,3,13,1
13,20,0,1,1,0,3,3,0,1,1,1,1,0,2,3,0,9,2,12,1
10,20,4,1,1,0,3,3,0,10,1,1,1,0,0,1,0,6,7,13,1
0,17,4,1,0,0,3,1,0,16,1,0,0,8,0,6,5,1,0,2,0
12,21,0,0,1,0,3,0,0,0,1,1,1,0,2,5,0,7,5,13,1
4,18,4,0,1,0,3,1,0,2,1,1,1,0,0,6,0,1,4,3,1
13,20,4,1,1,3,3,0,1,0,1,1,1,5,2,2,0,6,4,14,1
11,20,0,1,1,0,3,0,0,0,1,1,1,0,2,1,0,6,10,13,1
7,20,0,1,1,0,3,1,0,0,1,1,1,0,0,1,0,6,5,14,0
8,17,4,1,1,0,3,0,0,2,1,1,1,0,0,3,0,3,6,2,1
0,15,4,1,1,4,3,0,1,11,1,1,1,0,0,0,5,0,0,0,0
12,15,0,0,1,3,3,2,1,0,1,1,1,0,2,1,0,6,6,10,1
3,18,4,1,1,0,3,0,0,2,1,1,1,5,0,1,0,4,10,2,1
13,14,4,0,0,0,3,3,0,15,1,1,0,7,2,0,5,0,0,8,1
0,17,4,0,1,4,3,0,1,2,1,1,1,5,0,1,5,6,0,1,1
9,19,0,1,1,0,3,1,0,0,1,1,1,0,0,1,5,6,0,6,0
9,15,4,0,1,0,3,3,0,2,1,1,1,0,0,1,2,0,0,0,1
11,20,4,1,1,0,3,1,0,0,1,1,1,0,2,1,0,9,8,14,0
13,19,4,1,0,0,3,0,0,2,0,1,0,0,2,8,0,2,5,6,1
11,17,0,0,1,0,3,0,0,1,1,1,1,7,2,1,0,6,8,11,1
9,21,0,0,1,4,3,3,1,0,1,1,1,5,0,1,0,9,3,12,1
4,18,4,0,1,0,3,3,0,11,1,1,1,0,0,1,5,2,0,3,1
10,5,1,1,1,3,3,1,1,4,1,1,1,0,0,4,0,9,2,9,1
0,18,4,0,1,0,3,1,0,16,1,1,1,5,0,3,0,2,2,2,0
1,15,4,0,1,0,3,0,0,2,1,1,1,7,0,1,0,2,3,4,1
1,18,4,0,1,0,3,1,0,16,1,1,1,0,0,1,0,4,5,6,0
4,17,4,0,1,0,3,3,0,0,1,1,1,0,0,1,0,4,6,6,0
1,19,4,0,1,0,3,0,0,16,1,1,1,0,0,1,5,2,0,4,0
7,15,4,0,1,0,3,1,0,0,1,1,1,0,0,1,0,6,3,8,1
1,15,4,1,1,0,3,3,0,11,1,1,1,0,0,0,5,0,0,0,0
1,18,4,0,1,0,3,1,0,2,1,1,1,8,0,1,2,2,0,2,1
1,14,4,0,1,0,3,1,0,2,1,1,1,0,0,1,2,2,0,5,1
5,20,4,0,1,0,3,0,0,11,1,1,1,7,0,1,0,4,2,4,0
4,15,4,0,1,0,3,0,0,2,1,1,1,8,0,1,0,6,2,10,1
9,17,4,1,1,0,3,0,0,2,1,1,1,0,0,1,5,0,0,0,1
2,18,4,0,1,0,3,1,0,2,1,1,1,0,0,1,0,2,9,3,1
1,15,4,0,1,0,3,0,0,2,1,1,1,0,0,1,0,1,4,2,0
4,15,4,1,1,3,3,0,1,2,1,1,1,5,0,1,0,2,4,3,1
11,23,4,0,1,3,3,0,1,0,1,1,1,5,2,1,0,8,11,14,1
7,20,4,0,1,0,3,1,0,0,1,1,1,7,0,1,0,6,6,11,1
9,21,4,0,1,2,3,1,0,2,1,1,1,0,0,1,0,6,3,12,1
4,15,4,0,1,3,3,0,1,2,1,1,1,0,0,0,5,0,0,0,1
9,23,4,0,1,0,3,3,0,2,1,1,1,5,0,8,5,6,0,11,1
8,18,4,0,1,0,3,0,0,2,1,1,1,0,0,3,0,2,3,6,1
13,21,0,1,1,4,3,0,1,0,1,1,1,5,2,1,0,2,6,14,1
1,18,4,1,1,0,3,0,0,12,1,1,1,0,0,1,5,3,0,1,0
10,20,4,1,1,0,3,0,0,2,1,1,1,5,0,1,1,6,0,9,1
1,17,4,1,1,0,3,1,0,2,1,1,1,0,0,1,1,3,0,5,1
5,20,0,1,1,3,3,0,1,1,1,1,1,0,0,5,0,6,3,13,1
10,18,4,1,1,0,3,0,0,5,1,1,1,0,0,1,0,9,4,10,1
2,18,4,1,1,0,3,3,0,2,1,1,1,1,0,0,5,0,0,0,1
3,20,4,0,1,0,3,0,0,2,1,1,1,0,0,4,0,1,1,2,1
0,19,4,0,1,0,3,0,0,7,1,1,1,0,0,0,5,0,0,0,1
4,20,4,1,1,0,3,1,0,2,1,1,1,0,0,1,0,2,3,4,1
6,20,4,0,1,0,3,0,0,11,1,1,1,5,0,1,0,1,2,2,0
10,19,0,1,1,3,3,0,1,8,1,1,1,5,0,0,5,0,0,0,1
8,15,4,0,1,4,3,0,1,9,1,1,1,7,0,1,0,6,11,8,0
7,18,4,1,1,0,3,0,0,0,1,1,1,7,0,0,5,0,0,0,1
15,18,2,1,1,0,2,0,0,10,1,1,1,0,2,4,0,6,4,5,1
2,18,0,1,0,0,3,2,0,8,1,1,1,0,2,0,5,0,0,0,1
11,15,2,0,1,0,3,0,0,7,1,1,1,2,0,1,2,6,3,5,1
3,15,4,0,1,0,3,0,0,2,1,1,1,7,0,1,1,8,0,6,1
6,19,4,1,1,0,3,0,0,2,1,1,1,1,0,0,5,0,0,0,1
4,18,4,0,1,0,0,0,0,16,1,1,1,0,0,5,3,9,2,7,1
7,15,4,1,1,4,3,0,0,11,1,1,1,7,0,1,0,6,5,11,0
6,18,4,1,1,0,3,3,0,2,1,1,1,0,0,2,0,1,8,5,1
0,18,4,0,1,4,3,3,1,11,1,1,1,0,0,1,0,6,0,6,0
2,18,4,1,1,0,3,0,0,2,1,1,1,0,0,3,0,2,2,3,1
1,18,4,1,1,0,3,0,0,2,1,1,1,0,0,0,5,0,0,0,0
0,8,4,0,1,0,3,2,0,16,1,1,1,0,0,1,1,1,0,1,0
11,17,4,1,1,0,3,1,0,2,1,1,1,0,2,1,2,4,0,6,1
7,19,4,1,1,0,3,0,0,2,1,1,1,0,0,1,5,0,0,0,1
2,19,4,1,1,0,3,3,0,2,1,1,1,0,0,0,5,0,0,0,1
8,18,4,1,1,0,3,1,0,2,1,1,1,0,0,1,0,6,2,7,1
5,17,4,1,1,0,3,0,0,16,1,1,1,5,0,1,0,8,8,8,1
5,17,4,0,1,0,3,0,0,12,1,1,1,0,2,1,0,1,11,6,1
8,20,0,1,1,4,3,0,1,0,1,1,1,5,0,1,1,6,0,9,1
6,18,4,1,0,0,3,3,0,14,1,1,1,5,0,0,5,0,0,10,0
7,20,4,0,1,4,3,0,1,0,1,1,1,5,0,4,0,6,8,11,0
14,18,0,1,1,4,3,0,1,1,1,1,1,0,2,6,5,0,0,0,1
10,15,0,1,1,0,3,3,0,8,1,1,1,0,0,1,0,6,3,8,1
15,15,0,1,1,4,3,0,1,1,1,1,1,0,2,1,0,6,6,6,1
14,18,4,0,1,0,3,0,0,2,1,1,1,5,2,0,5,0,0,0,1
2,15,4,1,0,0,3,0,0,2,1,1,1,7,0,0,5,0,0,4,1
9,15,0,1,1,0,3,0,0,9,1,1,1,0,0,1,0,6,4,7,1
14,15,4,0,1,4,3,0,1,12,1,1,1,7,2,1,0,6,3,11,0
1,18,4,0,1,4,3,1,1,0,1,1,1,8,0,1,5,6,0,6,1
12,15,4,0,1,0,3,3,0,11,1,1,1,0,2,1,0,8,6,6,1
6,15,4,0,1,0,3,0,0,16,1,1,1,0,0,1,0,5,5,7,1
2,15,4,0,1,0,3,0,0,2,1,1,1,8,0,1,0,2,2,4,1
0,15,4,0,1,0,3,0,0,2,1,1,1,0,0,0,5,0,0,0,1
6,13,4,0,1,0,3,3,0,10,1,1,1,0,0,1,0,6,3,6,1
11,15,4,0,0,4,3,0,1,2,1,1,1,5,2,0,5,0,0,4,1
0,15,4,0,1,0,3,0,0,2,1,1,1,5,0,0,5,0,0,0,1
9,20,0,0,1,0,0,0,0,0,1,1,1,0,0,5,3,6,9,14,1
9,14,4,0,0,0,3,0,0,2,0,1,0,6,0,1,0,2,10,5,1
1,18,4,0,0,0,3,0,0,11,1,1,1,2,0,1,0,5,4,4,0
13,15,0,1,1,4,3,0,1,0,1,1,1,0,2,1,5,6,0,6,0
8,0,4,0,1,4,3,3,1,12,1,1,1,7,0,0,5,0,0,0,1
5,17,4,0,1,4,3,1,1,0,1,1,1,0,0,1,2,2,0,2,1
11,18,0,1,1,0,3,0,0,1,1,1,1,7,2,1,2,4,0,6,1
14,18,4,0,1,0,3,1,0,0,1,1,1,0,2,1,0,9,4,14,1
3,19,4,1,1,0,3,0,0,7,1,1,1,5,0,1,0,5,4,3,1
14,20,4,0,1,4,3,0,1,5,1,1,1,5,2,6,0,6,6,13,1
11,17,4,0,1,3,3,0,1,10,1,1,1,5,2,1,0,6,8,10,1
13,16,0,0,1,4,3,0,1,0,1,1,1,7,2,1,0,6,1,8,1
9,20,4,1,1,0,3,3,0,14,1,1,1,0,0,1,0,8,0,9,0
10,18,0,1,1,0,3,0,0,1,1,1,1,7,0,7,0,4,11,5,1
10,15,0,0,1,0,1,1,0,1,1,1,1,0,0,1,0,6,8,11,1
12,0,4,1,1,0,3,1,0,16,1,1,1,0,2,1,1,8,0,11,1
3,15,4,1,1,0,3,0,0,16,1,1,1,0,0,9,2,0,0,0,0
7,13,4,1,1,0,3,1,0,10,1,1,1,8,0,1,0,6,8,13,1
5,20,4,1,1,0,3,0,0,2,1,1,1,5,0,0,5,0,0,0,1
10,21,0,1,1,3,3,0,1,1,1,1,1,5,0,1,0,6,2,11,1
6,20,4,1,1,0,3,0,0,2,1,1,1,5,0,0,5,0,0,0,1
3,18,0,1,1,0,3,0,0,0,1,1,1,0,0,1,0,6,2,7,1
0,15,4,0,1,0,3,0,0,2,1,1,1,0,0,1,0,1,2,2,1
1,15,0,1,1,0,3,0,0,0,1,1,1,0,0,0,5,0,0,0,1
5,18,0,1,1,0,3,0,0,1,1,1,1,5,0,1,0,2,3,5,0
10,15,4,0,1,0,3,0,0,15,1,1,1,1,0,1,5,0,0,0,1
2,18,4,1,1,0,3,0,0,2,1,1,1,7,0,1,0,4,2,5,1
0,18,4,1,1,0,3,2,0,16,1,1,1,0,0,2,5,1,0,1,0
4,15,0,1,1,0,3,0,0,0,1,1,1,0,0,1,0,4,4,5,1
2,20,4,1,1,0,3,1,0,0,1,1,1,0,0,1,0,5,2,6,1
3,20,4,0,1,0,3,1,0,2,1,1,1,0,0,1,0,6,3,14,1
10,18,4,1,1,0,3,3,0,14,1,1,1,1,0,1,0,6,8,9,0
14,20,0,1,1,3,3,3,1,1,1,1,1,0,2,3,0,8,0,9,0
9,15,0,0,1,4,3,0,1,1,1,1,1,0,0,1,0,6,4,11,1
6,18,4,1,1,0,3,0,0,0,1,1,1,0,0,7,5,3,0,2,0
15,15,0,1,1,3,3,0,1,0,1,1,1,0,2,0,5,0,0,0,1
2,17,4,0,0,0,3,1,0,2,1,1,0,0,0,1,2,2,0,4,1
7,3,0,1,1,3,1,3,1,1,1,1,1,7,2,5,4,6,7,7,0
6,19,4,1,1,4,3,0,1,11,1,1,1,0,0,1,0,6,6,12,1
5,20,0,0,1,0,3,0,0,1,1,1,1,1,0,1,0,4,3,2,0
12,20,4,0,1,0,3,1,0,0,1,1,1,0,2,1,0,6,3,14,1
8,19,4,1,1,3,3,0,1,2,1,1,1,5,0,0,5,0,0,0,1
13,21,0,1,1,2,3,3,0,0,1,1,1,0,2,1,0,6,6,14,0
3,19,4,0,1,0,3,3,0,11,1,1,1,0,0,1,0,4,10,4,1
10,14,0,0,1,4,3,0,1,15,1,1,1,7,0,0,5,0,0,0,0
7,17,4,1,1,0,3,3,0,2,1,1,1,0,0,2,0,6,2,10,1
2,20,4,1,1,4,3,0,1,11,1,1,1,5,0,1,0,7,10,12,1
9,18,4,0,1,0,3,1,0,2,1,1,1,0,0,1,0,9,6,13,1
6,18,0,1,1,4,3,0,1,0,1,1,1,7,0,1,0,6,6,8,1
6,18,4,0,1,0,3,0,0,2,1,1,1,5,0,0,5,0,0,6,1
1,18,4,0,1,0,3,1,0,2,1,1,1,0,0,2,0,1,3,2,1
15,20,2,1,1,0,3,1,0,0,1,1,1,0,2,1,0,6,0,14,1
0,15,4,0,1,0,3,0,0,2,1,1,1,7,0,1,0,1,8,1,1
14,17,4,0,0,0,3,0,0,0,1,1,0,0,2,1,0,2,6,6,0
7,4,0,0,0,0,3,2,0,0,1,0,0,7,0,3,0,6,5,11,1
13,12,4,0,1,0,3,3,0,0,1,1,1,0,2,1,0,6,5,14,1
14,18,4,1,1,0,3,0,0,14,1,1,1,0,2,1,0,6,6,12,1
15,18,0,0,1,0,3,1,0,0,1,1,1,0,2,3,0,6,2,12,1
2,18,4,1,1,0,3,1,0,2,1,1,1,5,0,1,0,1,3,2,1
14,20,0,1,1,0,3,3,0,1,1,1,1,5,2,1,5,0,0,0,0
4,17,4,1,1,0,3,0,0,2,1,1,1,2,0,6,0,2,4,3,1
9,15,4,0,1,0,3,0,0,0,1,1,1,7,0,1,0,9,3,12,0
13,20,4,1,1,0,3,0,0,4,1,1,1,5,2,1,2,0,0,0,1
13,15,0,1,1,0,3,1,0,1,1,1,1,0,2,1,2,0,0,3,1
7,20,4,1,1,0,3,3,0,10,1,1,1,0,0,1,0,9,5,10,0
14,18,4,0,1,0,3,0,0,2,1,1,1,7,2,1,2,6,0,6,1
15,21,4,1,1,4,3,0,1,12,1,1,1,0,2,2,0,6,2,13,0
8,20,4,0,1,4,3,0,1,11,1,1,1,2,0,1,0,7,5,14,0
10,21,0,1,1,0,3,3,0,0,1,1,1,0,0,2,0,6,2,13,0
5,15,0,0,1,0,1,1,0,0,1,1,1,0,0,5,5,9,0,2,1
2,18,4,1,1,4,3,0,1,11,1,1,1,0,0,2,0,1,8,3,1
6,18,4,0,1,0,3,0,0,2,1,1,1,1,0,1,0,3,5,4,0
2,15,4,0,1,3,3,3,1,2,1,1,1,7,0,1,2,6,0,3,1
14,20,4,0,1,0,3,0,0,12,1,1,1,1,2,1,2,0,0,0,1
8,13,4,1,0,0,3,3,0,13,1,0,0,8,0,6,5,0,0,13,1
0,15,4,0,1,0,3,0,0,2,1,1,1,0,0,0,5,0,0,0,1
2,18,4,1,1,0,3,0,0,16,1,1,1,0,0,0,5,0,0,0,0
15,16,0,0,1,0,3,0,0,0,1,1,1,0,2,1,0,6,4,10,1
9,15,4,0,1,0,3,0,0,2,1,1,1,0,0,1,0,6,3,7,1
2,15,4,0,1,0,3,3,0,2,1,1,1,0,0,0,5,0,0,0,1
3,13,4,0,1,0,3,0,0,15,1,1,1,0,0,1,5,3,0,4,0
6,20,4,0,1,0,3,0,0,2,1,1,1,0,0,1,0,6,6,10,1
0,16,4,0,1,0,3,3,0,2,1,1,1,0,0,0,5,0,0,0,0
2,15,4,1,1,0,3,1,0,11,1,1,1,0,0,2,0,1,2,4,1
14,20,0,0,1,0,3,0,0,1,1,1,1,0,2,2,0,6,11,12,1
11,20,0,0,1,0,3,3,0,8,1,1,1,5,2,1,0,6,6,11,1
11,17,4,0,1,0,3,0,0,0,1,1,1,0,2,3,0,6,5,12,1
12,13,4,0,1,0,3,3,0,15,1,1,1,1,2,0,5,0,0,0,1
8,19,4,0,1,0,3,0,0,0,1,1,1,7,0,2,0,6,3,11,1
4,18,4,1,1,4,3,0,1,0,1,1,1,7,0,5,3,3,0,1,1
11,13,0,0,1,0,0,0,1,0,1,1,1,0,2,5,3,8,4,12,1
3,15,4,0,1,0,3,1,0,2,1,1,1,0,0,1,5,6,0,2,1
1,15,4,1,1,3,3,1,0,16,1,1,1,7,0,7,0,6,5,8,1
11,21,4,0,1,0,3,0,0,14,1,1,1,0,2,3,0,6,3,13,1
5,20,4,1,1,0,3,1,0,0,1,1,1,1,0,1,0,6,10,6,0
1,15,4,1,1,0,3,1,0,11,1,1,1,0,0,1,0,2,6,4,0
6,20,4,1,1,0,3,3,0,14,1,1,1,0,0,1,0,4,0,7,1
11,20,4,1,1,0,3,0,0,12,1,1,1,0,2,1,0,6,11,11,1
8,20,0,0,0,0,3,0,0,0,1,1,1,5,0,1,0,9,4,14,1
9,18,4,1,1,0,3,0,0,12,1,1,1,0,0,3,0,2,2,3,0
6,19,0,0,1,0,3,0,0,2,1,1,1,5,0,1,0,2,2,2,0
3,18,4,1,1,0,3,1,0,2,1,1,1,0,0,0,5,0,0,0,1
5,17,4,0,1,4,3,0,1,2,1,1,1,5,0,1,0,6,8,5,1
7,20,0,1,1,0,3,0,0,0,1,1,1,0,0,1,0,6,4,12,1
9,20,0,0,1,4,3,0,1,1,1,1,1,5,0,6,0,6,0,14,1
5,20,4,1,1,0,3,3,0,2,1,1,1,0,0,1,0,6,4,9,1
15,15,4,1,0,4,3,0,1,12,1,0,1,5,2,4,2,0,0,2,1
4,20,4,1,1,0,3,0,0,2,1,1,1,5,0,1,0,2,4,3,1
2,22,4,1,1,0,3,1,0,0,1,1,1,8,0,1,0,6,9,11,1
6,18,4,0,1,0,3,0,0,11,1,1,1,0,0,1,0,6,8,9,1
0,17,4,0,1,0,3,3,0,16,1,1,1,0,0,1,0,1,1,2,0
4,20,4,1,1,0,3,0,0,2,1,1,1,0,0,1,0,6,6,8,1
4,18,4,0,1,0,3,1,0,2,1,1,1,0,0,1,0,2,4,5,0
5,20,4,0,1,0,3,3,0,10,1,1,1,1,0,1,0,6,3,4,1
13,18,0,0,1,0,3,0,0,0,1,1,1,0,2,1,0,6,3,11,1
12,18,0,1,1,0,3,0,0,1,1,1,1,7,2,0,5,0,0,4,1
11,17,0,0,1,0,3,0,0,8,1,1,1,0,2,1,0,7,5,8,0
4,20,4,1,1,0,3,0,0,2,1,1,1,7,0,3,0,6,6,6,1
4,18,0,0,1,0,3,3,0,8,1,1,1,0,0,1,0,3,4,3,1
0,18,4,0,1,0,3,0,0,16,1,1,1,5,0,0,5,0,0,0,1
14,20,0,0,1,0,3,1,0,0,1,1,1,0,2,1,2,2,0,5,1
12,20,4,1,1,0,3,3,0,11,1,1,1,7,2,1,0,2,2,4,1
11,20,4,0,1,0,3,1,0,0,1,1,1,0,2,7,0,5,3,10,0
3,15,4,0,1,0,3,1,0,2,1,1,1,8,0,1,0,7,4,2,1
8,20,4,0,1,0,3,1,0,2,1,1,1,1,0,1,5,0,0,0,0
13,15,0,1,1,0,3,0,0,1,1,1,1,0,2,1,0,8,11,7,0
11,21,0,0,1,2,3,0,0,1,1,1,1,1,2,1,0,6,10,14,0
5,19,4,1,1,0,3,1,0,2,1,1,1,0,0,0,5,0,0,0,1
2,17,4,1,1,0,3,0,0,9,1,1,1,0,0,1,0,6,3,5,0
13,14,0,0,1,0,3,3,0,15,1,1,1,0,2,0,5,0,0,0,1
9,15,4,1,1,0,3,3,0,15,1,1,1,7,0,0,5,0,0,0,1
4,18,4,1,1,0,3,0,0,2,1,1,1,5,0,1,0,1,3,2,1
3,19,4,1,1,0,3,0,0,2,1,1,1,0,0,1,0,6,8,7,0
15,19,4,0,1,0,3,0,0,2,0,1,1,0,0,4,0,2,8,5,1
12,19,4,0,1,0,3,3,0,11,1,1,1,0,2,1,0,8,4,10,1
4,20,4,0,1,0,3,1,0,2,1,1,1,0,0,1,0,6,4,9,1
10,21,0,1,1,0,3,0,0,1,1,1,1,0,0,2,0,1,2,3,0
13,15,0,1,1,3,3,3,1,0,1,1,1,5,2,2,0,1,3,3,1
1,18,4,1,1,0,3,0,0,2,1,1,1,0,0,1,0,2,3,4,1
5,20,4,1,1,0,3,1,0,12,1,1,1,0,0,1,0,2,4,2,0
1,17,4,1,1,0,3,3,0,16,1,1,1,5,0,2,5,1,0,4,0
5,20,4,1,1,0,3,1,0,11,1,1,1,0,0,4,0,6,4,3,1
9,17,0,1,1,4,3,0,1,1,1,1,1,5,0,0,5,0,0,5,1
11,15,4,1,0,0,3,3,0,13,1,1,0,8,2,2,0,5,2,8,0
0,15,4,0,1,0,0,0,0,16,1,1,1,0,0,5,3,9,3,6,0
15,18,0,1,1,4,3,0,1,1,1,1,1,0,2,0,5,0,0,0,1
6,17,4,1,1,0,3,3,0,11,1,1,1,0,0,1,5,0,0,0,0
1,18,4,1,1,0,3,1,0,2,1,1,1,0,0,1,5,2,0,3,1
8,17,4,1,0,0,3,0,0,9,1,1,0,0,0,1,0,6,3,8,1
8,18,4,1,1,3,3,0,1,0,1,1,1,5,0,1,5,0,0,0,1
11,20,4,0,1,3,3,3,1,11,1,1,1,5,2,0,5,0,0,0,0
14,16,4,0,1,0,3,1,0,2,1,1,1,0,2,1,0,6,1,10,1
14,11,4,0,1,0,3,0,0,0,1,1,1,0,2,1,0,6,8,10,1
6,20,4,1,1,0,3,0,0,3,1,1,1,0,0,2,0,6,8,13,1
12,15,0,1,1,0,3,3,0,11,1,1,1,0,2,1,0,6,2,9,1
15,17,4,0,0,0,3,0,0,4,0,1,0,0,2,1,0,6,8,9,1
4,13,4,0,1,0,3,0,0,15,1,1,1,1,0,1,5,0,0,1,0
3,18,4,0,1,0,3,0,0,14,1,1,1,5,0,1,0,6,4,9,0
1,18,4,0,1,0,3,3,0,0,1,1,1,5,0,7,5,1,0,4,0
15,21,4,1,1,4,3,0,1,0,1,1,1,7,2,1,0,5,0,9,1
1,19,4,1,1,0,3,0,0,2,1,1,1,0,0,1,0,2,2,5,1
15,21,4,0,1,0,3,0,0,0,1,1,1,0,2,1,0,6,2,13,1
8,21,4,0,1,0,3,2,0,0,1,1,1,0,0,2,0,2,1,2,1
6,20,4,1,1,0,3,1,0,0,1,1,1,0,0,5,0,6,5,10,0
6,17,4,0,1,0,3,0,0,2,1,1,1,0,0,1,0,6,8,11,1
9,15,0,1,1,4,3,0,1,1,1,1,1,7,0,1,0,7,6,9,1
11,19,0,1,1,0,3,3,0,1,1,1,1,0,2,1,0,3,6,3,1
1,18,4,0,1,0,3,1,0,2,1,1,1,5,0,1,0,2,10,3,1
1,18,4,1,1,0,3,0,0,11,1,1,1,2,0,1,5,2,0,4,1
8,21,0,1,1,4,3,0,1,0,1,1,1,5,0,1,0,6,3,10,1
1,18,4,0,1,0,3,3,0,2,1,1,1,0,0,1,0,4,4,2,1
11,21,4,0,1,0,3,1,0,0,1,1,1,8,2,4,2,8,0,10,1
4,20,4,0,1,2,3,0,0,2,1,1,1,8,0,1,0,6,6,12,1
13,20,2,0,1,0,3,0,0,12,1,1,1,0,2,1,1,6,0,13,1
3,18,4,0,1,0,3,0,0,2,1,1,1,0,0,1,0,4,3,3,1
7,18,4,0,1,0,3,0,0,12,1,1,1,0,0,1,5,0,0,0,1
5,15,4,1,1,4,3,0,1,11,1,1,1,7,0,1,0,6,4,4,1
3,20,4,0,1,4,3,0,1,11,1,1,1,0,0,1,0,4,3,5,0
10,18,2,0,1,0,3,1,0,2,1,1,1,0,0,4,0,6,6,12,1
0,15,4,0,1,0,3,1,0,16,1,1,1,0,0,2,0,6,2,8,0
14,21,0,1,1,4,3,0,1,1,1,1,1,5,2,0,5,0,0,0,0
9,14,0,1,1,4,3,0,1,9,1,1,1,7,0,1,0,6,1,8,1
9,11,4,0,1,4,3,3,1,0,1,1,1,0,0,6,0,6,3,10,1
5,18,4,1,1,0,3,0,0,0,1,1,1,0,0,2,0,3,4,8,1
3,14,4,0,0,0,3,3,0,2,1,1,0,0,0,0,5,0,0,5,1
2,18,4,0,1,4,3,3,1,2,1,1,1,5,0,1,0,1,2,2,1
3,20,4,1,1,0,3,0,0,2,1,1,1,0,0,1,0,2,1,2,1
5,20,4,0,1,0,3,0,0,14,1,1,1,0,0,1,0,2,10,4,0
7,15,4,1,1,4,3,0,0,2,1,1,1,7,0,7,0,4,5,5,1
3,15,4,0,1,0,3,1,0,2,1,1,1,0,0,1,0,6,10,4,1
8,20,0,0,1,4,3,1,1,1,1,1,1,0,0,1,0,8,2,11,1
2,15,4,1,1,0,3,0,0,2,1,1,1,0,0,1,0,3,4,2,1
6,18,4,0,1,0,3,0,0,2,1,1,1,5,0,1,0,1,3,1,1
15,17,0,0,0,0,3,0,0,0,1,0,1,5,2,4,2,8,0,5,1
5,20,4,0,1,0,3,1,0,2,1,1,1,0,0,1,0,6,5,13,0
6,20,4,0,1,0,3,1,0,0,1,1,1,0,0,1,0,6,8,11,1
8,20,4,1,0,0,3,1,0,0,1,1,0,0,0,3,1,9,0,12,0
9,15,4,1,1,0,3,1,0,4,1,1,1,0,0,1,5,0,0,8,1
2,19,4,1,1,0,3,1,0,0,1,1,1,5,0,1,0,1,4,3,1
6,17,4,1,1,0,3,0,0,11,1,1,1,0,0,1,0,7,6,12,1
14,19,0,1,1,3,3,0,1,0,1,1,1,5,2,0,5,0,0,5,1
2,15,4,0,1,0,3,0,0,0,1,1,1,7,0,2,0,6,2,12,1
10,20,0,1,1,3,3,0,1,1,1,1,1,5,0,3,0,6,6,10,1
3,16,4,0,0,0,3,0,0,3,1,1,0,0,0,0,5,0,0,0,0
7,20,4,0,1,0,3,0,0,2,1,1,1,5,0,1,0,4,0,3,1
6,17,0,1,1,0,3,1,0,0,1,1,1,8,0,1,5,4,0,1,0
15,22,0,1,1,4,3,0,1,1,1,1,1,0,2,1,0,4,6,8,1
13,15,0,0,1,0,3,0,0,15,1,1,1,0,2,1,5,0,0,0,1
9,18,4,0,1,3,3,3,1,2,1,1,1,8,0,1,0,6,6,7,1
12,18,4,0,1,0,3,0,0,2,1,1,1,0,2,1,0,6,7,8,1
11,10,0,0,0,2,3,0,0,2,0,1,0,2,2,0,5,0,0,0,1
6,17,0,0,1,4,3,0,1,0,1,1,1,7,0,1,0,6,1,13,1
0,15,4,0,1,0,3,0,0,0,1,1,1,0,0,1,0,4,1,5,1
3,15,4,0,1,0,3,3,0,2,1,1,1,0,0,0,5,0,0,0,1
13,18,0,0,1,0,3,0,0,0,1,1,1,0,2,1,1,8,0,11,1
0,15,4,1,1,0,3,0,0,16,1,1,1,0,0,1,0,4,1,6,1
0,18,4,0,0,0,3,1,0,16,1,1,0,8,0,1,5,0,0,0,0
8,6,4,0,1,0,3,0,0,7,1,0,1,8,0,1,0,6,11,9,1
1,18,4,0,1,0,3,0,0,2,1,1,1,0,0,1,0,4,10,13,1
7,18,4,0,1,0,3,1,0,2,1,1,1,0,0,1,5,0,0,0,1
2,16,4,0,1,4,3,0,1,15,1,1,1,0,0,0,5,0,0,0,0
14,15,0,0,1,4,3,0,1,0,1,1,1,5,2,2,0,6,0,11,0
5,17,0,1,1,3,3,2,1,1,1,1,1,5,0,1,0,6,10,1,1
14,8,4,0,1,4,3,0,1,11,1,0,1,0,2,6,0,6,4,11,1
7,17,0,1,1,0,3,0,0,2,1,1,1,7,0,2,2,6,0,10,1
0,8,3,0,1,0,2,0,0,16,1,1,1,1,0,9,0,1,4,7,1
12,15,4,1,1,4,3,3,1,16,1,1,1,5,0,6,1,4,0,2,1
9,21,4,1,1,2,3,3,0,0,1,1,1,0,0,4,5,0,0,0,0
1,19,4,0,1,0,3,0,0,11,1,1,1,0,0,1,5,6,0,4,0
3,19,4,0,1,0,3,1,0,2,1,1,1,0,0,1,0,7,8,10,1
1,15,4,0,0,0,3,1,0,2,0,1,0,0,0,1,0,2,10,12,0
2,22,4,0,1,3,3,0,0,2,1,1,1,7,0,7,0,9,2,14,1
2,18,4,1,1,0,3,0,0,16,1,1,1,0,0,1,0,1,1,2,1
9,20,4,0,1,2,3,1,0,2,1,1,1,8,0,8,5,0,0,0,1
4,15,4,0,1,0,3,3,0,11,1,1,1,0,0,1,5,0,0,0,0
0,18,4,1,1,0,3,1,0,2,1,1,1,0,0,1,0,2,9,2,1
3,15,4,0,1,3,3,0,1,3,1,1,1,7,0,1,0,6,1,13,1
4,18,4,0,1,0,3,0,0,2,1,1,1,0,0,1,0,3,6,4,1
10,20,0,0,1,0,3,0,0,1,1,1,1,0,0,1,0,8,11,14,1
11,20,0,1,1,0,3,0,0,0,1,1,1,0,2,1,0,6,8,13,1
0,18,4,0,1,0,3,1,0,16,1,1,1,0,0,1,0,6,2,6,0
4,12,4,0,1,4,3,0,1,16,1,1,1,0,0,0,5,0,0,5,1
15,21,0,1,1,0,3,0,0,0,1,1,1,0,2,1,0,6,2,8,1
1,18,4,1,1,0,3,0,0,2,1,1,1,7,0,0,5,0,0,0,1
9,11,4,0,1,4,3,0,1,0,1,1,1,0,0,1,0,6,7,10,1
11,14,0,0,1,0,3,0,0,2,1,1,1,0,2,1,0,6,10,7,1
10,19,4,1,1,4,3,0,1,0,1,1,1,7,0,1,0,6,2,7,1
15,18,0,1,1,0,3,0,0,1,1,1,1,0,2,0,5,0,0,0,1
10,19,0,1,1,0,3,3,0,0,1,1,1,0,0,1,2,6,0,8,1
2,15,4,1,1,0,3,3,0,4,1,1,1,0,0,5,0,6,3,3,1
4,19,4,0,1,0,3,1,0,0,1,1,1,0,0,1,0,6,3,9,1
13,15,4,0,1,0,3,0,0,11,1,1,1,0,2,1,0,6,4,10,1
6,15,4,1,1,0,3,0,0,0,1,1,1,1,0,1,0,5,11,9,1
12,21,0,1,1,4,3,0,1,0,1,1,1,7,2,1,0,7,10,14,1
12,19,4,0,1,0,3,0,0,0,1,1,1,7,2,1,0,6,4,11,1
13,15,0,0,1,0,3,0,0,0,1,1,1,0,2,1,0,9,2,12,1
0,17,4,0,1,2,2,3,0,2,1,1,1,0,0,9,2,0,0,0,1
2,19,4,1,1,0,3,0,0,2,1,1,1,0,0,1,0,2,6,2,1
6,20,4,1,1,0,3,1,0,2,1,1,1,0,0,1,0,5,6,10,1
1,15,4,1,1,0,3,0,0,2,1,1,1,7,0,2,0,5,2,7,1
9,14,4,0,0,0,3,1,0,2,1,1,0,0,0,0,5,0,0,5,1
10,18,0,1,1,0,3,0,0,0,1,1,1,0,0,0,5,0,0,0,1
13,15,0,1,0,0,3,0,0,2,0,1,1,0,2,0,5,0,0,2,1
6,18,0,1,0,0,2,0,0,3,1,1,0,1,1,5,4,2,4,6,1
2,18,4,0,1,3,3,0,1,2,1,1,1,5,0,0,5,0,0,0,1
7,20,0,1,1,4,3,0,1,0,1,1,1,5,0,1,0,6,6,10,1
14,18,4,1,1,0,3,0,0,0,1,1,1,0,2,1,0,6,5,12,1
11,21,0,0,1,0,3,3,0,0,1,1,1,0,2,2,0,9,11,14,1
15,17,0,1,1,0,3,0,0,0,1,1,1,0,2,1,0,9,2,10,1
8,20,4,0,1,0,3,1,0,2,1,1,1,8,0,4,0,6,8,12,1
11,17,4,0,1,0,3,1,0,7,1,1,1,0,2,1,0,5,3,5,1
9,15,4,0,1,0,3,0,0,2,1,1,1,0,0,1,0,6,3,10,1
8,13,4,0,1,0,3,0,0,7,1,1,1,0,0,1,5,0,0,2,1
12,20,0,0,1,4,3,0,1,1,1,1,1,5,2,1,0,6,3,13,0
15,16,0,0,1,4,3,3,1,0,1,1,1,7,2,1,0,6,6,5,1
14,22,4,0,1,0,3,1,0,0,1,1,1,0,2,2,0,7,0,14,1
8,18,4,1,1,4,3,0,1,2,1,1,1,5,0,1,5,0,0,2,1
4,18,4,1,1,0,3,1,0,2,1,1,1,0,0,0,5,0,0,0,1
14,20,4,1,1,0,3,2,0,0,1,1,1,4,0,6,0,5,3,4,0
9,18,4,1,1,0,3,0,0,12,1,1,1,7,0,1,0,2,3,5,1
11,20,4,0,1,0,3,0,0,0,1,1,1,8,0,2,0,6,8,13,1
4,20,4,1,1,0,3,3,0,11,1,1,1,0,0,1,5,8,0,11,0
8,21,0,0,1,4,3,1,1,0,1,1,1,8,0,1,0,9,1,13,0
15,23,0,1,1,4,3,0,1,1,1,1,1,5,2,1,0,6,4,14,1
10,19,4,1,1,4,3,0,1,12,1,1,1,0,0,4,0,6,10,10,1
4,20,4,1,1,4,3,0,1,14,1,1,1,5,0,1,5,6,0,2,1
8,18,4,1,0,0,3,1,0,0,1,1,0,0,0,1,1,3,0,6,1
2,18,4,1,0,0,3,0,0,9,1,1,0,0,0,0,5,0,0,0,1
12,21,4,0,1,4,3,0,1,0,1,1,1,5,2,1,0,6,8,14,0
13,19,4,0,1,3,3,0,1,2,1,1,1,5,2,1,0,2,9,2,1
13,18,4,0,1,0,3,0,0,0,1,1,1,5,2,2,0,6,4,12,1
11,21,4,1,1,0,3,0,0,2,1,1,1,0,2,3,0,6,4,13,1
9,14,4,0,1,0,3,0,0,0,1,1,1,0,0,1,0,6,1,11,1
4,15,4,0,1,0,3,0,0,2,1,1,1,0,0,6,0,6,1,10,1
10,18,0,0,1,4,3,0,1,8,1,1,1,7,0,1,0,6,6,11,0
3,14,4,1,1,0,3,3,0,14,1,1,1,0,2,0,5,0,0,7,1
0,15,4,0,1,4,3,0,1,7,1,1,1,5,0,0,5,0,0,0,1
10,14,4,0,0,0,3,0,0,15,1,1,0,0,0,0,5,0,0,1,1
9,18,0,0,1,0,3,0,0,0,1,1,1,0,0,1,0,9,11,11,0
1,15,4,0,0,0,3,0,0,2,1,1,0,7,0,0,5,0,0,0,1
1,18,4,0,1,0,3,3,0,2,1,1,1,0,0,1,0,9,1,13,1
0,18,4,0,1,0,3,0,0,2,1,1,1,7,0,1,0,2,8,5,1
1,19,4,1,1,0,3,1,0,16,1,1,1,5,0,1,5,0,0,0,0
1,15,4,0,1,0,0,0,0,7,1,1,1,0,0,5,3,2,1,1,1
3,18,4,1,1,0,3,0,0,5,1,1,1,0,0,0,5,0,0,0,1
3,18,4,1,1,0,3,1,0,0,1,1,1,0,0,1,0,8,3,6,1
10,18,4,0,1,0,1,1,0,16,1,1,1,0,0,5,3,3,10,5,1
1,15,4,0,1,0,3,1,0,2,1,1,1,0,0,1,0,6,5,10,1
10,16,4,0,1,0,3,0,0,15,1,1,1,1,0,1,5,3,0,2,1
12,20,0,1,1,0,3,0,0,1,1,1,1,0,2,1,0,6,2,13,1
3,18,4,1,1,0,3,0,0,2,1,1,1,7,0,1,0,6,6,5,1
7,20,0,1,1,0,3,3,0,1,1,1,1,5,0,2,0,6,8,8,1
6,20,4,0,1,4,3,3,1,11,1,1,1,5,0,1,0,6,6,6,0
7,20,4,0,1,0,3,3,0,0,1,1,1,7,0,1,0,7,8,12,1
0,14,4,1,1,0,3,0,0,2,1,1,1,0,0,1,0,2,4,3,1
8,13,0,1,1,4,3,0,1,8,1,1,1,0,0,0,5,0,0,0,1
12,16,0,0,1,0,3,0,0,15,1,1,1,0,2,0,5,0,0,0,1
12,16,0,0,1,0,3,1,0,1,1,1,1,0,2,1,0,5,6,3,1
6,19,0,1,1,0,3,0,0,0,1,1,1,0,0,1,0,4,1,9,1
10,8,0,0,1,4,3,0,1,11,1,1,1,7,0,1,0,6,4,14,1
6,19,4,1,1,0,3,3,0,2,1,1,1,0,0,1,0,1,3,9,1
5,19,0,0,1,0,3,3,0,2,1,1,1,5,0,1,5,0,0,0,1
13,18,0,1,0,0,3,0,0,1,1,1,0,0,2,2,5,0,0,0,1
12,22,4,0,1,0,3,3,0,11,1,1,1,0,2,1,0,9,6,14,0
9,17,4,1,1,0,3,0,0,2,1,1,1,1,0,1,0,6,8,10,1
14,20,0,1,1,4,3,0,1,1,1,1,1,0,2,0,5,0,0,0,0
4,15,4,1,1,0,3,3,0,11,1,1,1,0,0,1,0,2,4,5,0
3,15,0,0,1,0,3,0,0,1,1,1,1,7,0,1,0,6,3,4,0
15,15,0,1,1,3,3,3,1,0,1,1,1,0,2,6,0,2,3,2,1
13,21,0,1,1,4,3,0,1,1,1,1,1,5,2,0,5,0,0,0,1
10,18,0,1,1,1,3,3,1,1,1,1,1,0,0,1,0,5,1,6,1
7,18,0,1,1,0,3,0,0,0,1,1,1,0,0,1,0,6,4,6,0
4,15,4,0,1,0,3,3,0,5,1,1,1,0,0,1,0,6,6,5,0
8,20,4,0,1,0,3,0,0,0,1,1,1,0,0,2,0,9,1,13,1
4,20,4,0,1,0,3,1,0,2,1,1,1,0,0,1,0,6,5,6,1
13,9,0,0,1,0,3,1,0,5,1,1,1,8,2,2,0,8,8,6,0
12,20,4,1,1,0,3,0,0,0,1,1,1,5,2,2,0,6,4,14,0
2,22,4,1,1,3,3,0,1,0,1,1,1,8,0,3,0,6,2,12,1
9,19,4,1,0,0,3,1,0,5,0,1,0,0,0,0,5,0,0,0,1
8,13,4,1,1,4,3,0,1,9,1,1,1,0,0,0,5,0,0,0,1
5,20,4,1,1,0,3,1,0,0,1,1,1,7,0,1,0,5,10,2,1
11,16,0,0,1,4,3,0,1,0,1,1,1,0,2,1,0,6,6,10,1
9,20,4,0,1,0,3,0,0,2,1,1,1,0,0,1,0,6,6,10,1
14,18,4,1,1,0,3,0,0,2,1,1,1,0,2,1,0,6,4,12,1
14,18,0,1,1,0,3,2,0,8,1,1,1,0,2,0,5,0,0,7,1
5,18,0,0,1,0,0,2,0,0,1,1,1,0,0,5,3,9,6,12,0
0,18,4,1,1,4,3,0,1,16,1,1,1,5,0,1,5,1,0,1,0
3,18,1,0,1,0,0,1,0,4,1,1,1,2,0,5,3,9,2,9,1
8,13,4,1,1,0,3,0,0,2,1,1,1,0,0,0,5,0,0,0,1
11,20,4,1,1,0,3,1,0,12,1,1,1,0,2,1,0,6,6,9,0
1,18,4,0,1,0,3,3,0,0,1,1,1,7,0,1,0,6,10,8,1
9,21,4,0,1,0,3,0,0,2,1,1,1,1,0,2,0,6,8,13,1
0,15,4,0,1,0,3,1,0,2,1,1,1,0,0,1,2,0,0,0,0
6,18,4,0,1,0,3,3,0,2,1,1,1,0,0,2,0,6,0,8,1
14,14,4,1,1,0,3,0,0,0,1,1,1,0,2,3,2,0,0,6,1
12,17,0,0,1,0,3,3,0,1,1,1,1,5,2,1,0,7,5,11,1
13,15,0,0,1,0,3,2,0,8,1,1,1,0,2,1,0,6,6,10,1
15,18,4,1,1,0,3,0,0,2,1,1,1,5,2,1,5,0,0,4,1
5,17,4,1,1,0,3,0,0,2,1,1,1,8,0,1,0,5,4,6,1
12,20,4,0,1,0,3,0,0,0,1,1,1,0,2,1,0,7,8,14,1
10,20,4,0,1,0,3,0,0,0,1,1,1,0,0,4,0,6,6,12,1
8,20,4,0,1,0,3,3,0,0,1,1,1,5,0,3,0,1,8,1,1
4,16,4,0,1,0,0,3,0,16,1,1,1,4,0,5,3,9,1,5,1
15,15,4,0,1,4,3,0,1,11,1,1,1,7,2,1,0,6,10,9,0
3,18,4,1,1,0,3,0,0,9,1,1,1,1,0,1,0,6,8,7,1
3,15,4,0,0,0,3,0,0,5,1,1,0,7,0,0,5,0,0,0,1
8,18,4,1,1,0,3,1,0,16,1,1,1,8,0,1,1,8,0,7,0
7,20,4,0,1,0,3,1,0,2,1,1,1,0,0,1,0,6,2,11,1
3,18,4,1,1,3,3,3,1,2,1,1,1,5,0,6,0,1,3,2,1
8,15,0,1,0,0,3,0,0,8,1,1,1,2,0,0,5,0,0,0,1
12,20,0,1,1,0,3,0,0,1,1,1,1,7,2,1,0,7,1,13,1
2,15,4,0,1,0,3,0,0,2,1,1,1,5,0,1,0,6,4,3,1
10,18,3,1,1,0,3,0,0,0,1,1,1,0,0,1,0,7,2,7,1
13,21,0,0,1,3,3,0,1,1,1,1,1,5,2,1,0,6,6,13,1
15,18,0,1,1,0,3,0,0,1,1,1,1,0,2,1,0,3,5,4,1
14,20,0,1,1,0,3,0,0,0,1,1,1,0,2,1,2,0,0,0,1
7,20,4,1,1,4,3,0,0,11,1,1,1,0,0,7,0,6,5,11,1
0,18,4,1,1,4,3,0,1,8,1,1,1,7,0,1,0,2,0,3,0
7,15,0,0,1,0,3,3,0,2,1,1,1,0,0,1,0,6,4,13,1
12,18,0,1,1,0,3,0,0,0,1,1,1,0,2,2,0,9,11,11,1
6,15,4,1,1,4,3,0,1,2,1,1,1,0,0,0,5,0,0,0,1
10,20,0,1,1,3,3,0,1,0,1,1,1,5,0,1,0,4,2,14,1
2,17,4,1,1,0,3,1,0,2,1,1,1,8,0,1,0,6,6,12,1
0,15,4,1,0,2,2,3,0,6,1,1,0,8,0,9,2,0,0,0,1
10,23,3,0,1,0,3,3,0,15,1,1,1,0,0,7,5,5,0,3,0
2,18,4,1,1,0,3,3,0,2,1,1,1,7,0,1,0,4,1,6,1
10,17,4,0,1,0,3,0,0,2,1,1,1,0,0,1,0,4,2,4,0
3,15,4,0,1,0,3,3,0,2,1,1,1,7,0,1,0,6,2,7,1
14,21,0,1,1,0,3,0,0,0,1,1,1,0,2,2,0,6,1,9,0
4,19,0,0,1,0,3,0,0,2,1,1,1,5,0,2,0,1,2,5,1
7,18,0,1,1,4,3,3,1,0,1,1,1,0,0,1,0,6,10,9,1
0,15,4,0,1,0,3,0,0,2,1,1,1,0,0,1,2,2,0,3,1
13,15,0,1,1,4,3,0,1,0,1,1,1,5,2,1,0,6,5,7,1
6,20,0,0,1,0,3,3,0,1,1,1,1,0,0,1,0,6,8,13,1
1,15,4,1,1,0,3,1,0,7,1,1,1,8,0,1,0,2,1,6,1
7,18,4,1,1,0,3,0,0,0,1,1,1,5,0,2,0,6,8,8,1
9,18,4,0,1,0,3,0,0,11,1,1,1,8,0,1,5,0,0,11,1
0,18,4,1,1,0,3,0,0,2,1,1,1,0,0,1,0,2,3,2,1
13,15,0,1,1,0,3,3,0,0,1,1,1,7,2,1,0,6,6,6,0
11,18,0,0,1,0,3,0,0,2,1,1,1,0,2,1,0,9,6,11,1
14,21,4,1,1,0,3,2,0,0,1,1,1,0,2,1,0,6,3,10,1
2,15,4,0,1,0,0,0,0,16,1,1,1,0,0,5,3,8,2,7,1
6,20,0,1,1,1,3,3,0,14,1,1,1,0,0,7,0,4,10,6,1
14,18,0,0,1,0,3,0,0,1,1,1,1,0,2,5,0,6,2,11,1
13,17,0,0,1,0,3,1,0,1,1,1,1,8,2,8,5,0,0,0,1
10,21,0,1,1,0,3,1,0,0,1,1,1,8,0,1,0,6,1,13,0
12,19,4,0,1,0,3,0,0,0,1,1,1,0,2,1,0,9,2,14,0
4,15,4,0,1,0,1,0,0,14,1,1,1,0,0,1,0,4,10,7,1
10,20,4,0,1,0,3,0,0,0,1,1,1,0,0,1,0,8,7,8,1
5,17,4,0,1,0,3,1,0,2,1,1,1,0,0,1,0,8,6,2,1
5,20,4,1,1,0,3,0,0,2,1,1,1,7,0,1,0,5,6,2,1
14,19,0,1,1,0,3,0,0,0,1,1,1,0,2,3,0,9,3,7,0
13,15,4,0,1,0,3,0,0,0,1,1,1,1,2,3,0,6,2,10,1
6,18,4,1,1,0,3,0,0,14,1,1,1,0,0,1,0,4,8,7,0
14,20,4,1,1,0,3,0,0,2,1,1,1,0,2,1,0,3,4,12,1
12,20,4,0,1,0,3,0,0,0,1,1,1,0,2,4,0,1,4,2,1
7,15,4,0,1,3,3,0,1,0,1,1,1,0,0,0,5,0,0,0,1
0,18,4,0,1,0,3,0,0,0,1,1,1,0,0,3,0,2,4,4,1
10,20,0,0,1,0,3,1,0,1,1,1,1,0,0,1,0,7,1,14,1
8,18,4,0,1,0,3,1,0,11,1,1,1,2,0,1,0,7,7,14,1
7,19,4,1,1,0,3,0,0,0,1,1,1,0,0,1,0,4,2,7,1
1,15,4,0,1,0,3,0,0,2,1,1,1,7,0,1,2,6,0,2,1
10,18,0,0,1,0,3,3,0,1,1,1,1,7,0,3,0,9,6,12,1
15,18,0,0,1,0,3,0,0,1,1,1,1,0,2,1,0,6,10,12,1
10,18,4,0,1,3,3,1,1,5,1,1,1,0,0,1,0,8,2,10,1
2,15,4,1,1,0,3,0,0,0,1,1,1,0,0,1,0,6,2,12,1
7,20,4,0,1,0,3,1,0,12,1,1,1,0,0,1,0,6,3,9,1
1,18,4,0,1,0,3,1,0,2,1,1,1,0,0,1,0,1,2,2,1
12,15,0,1,1,3,3,0,1,0,1,1,1,7,2,1,0,6,3,8,1
9,15,0,0,1,0,3,0,0,0,1,1,1,0,0,1,0,6,7,8,1
6,17,0,1,1,0,3,1,0,1,1,1,1,8,0,4,0,1,8,5,0
6,15,4,0,1,0,3,1,0,2,1,1,1,0,0,1,0,6,6,11,0
4,20,4,1,1,0,3,0,0,0,1,1,1,0,0,3,0,2,2,4,1
2,13,4,0,0,0,3,3,0,15,1,1,1,0,0,0,5,0,0,0,0
4,20,4,0,1,0,3,2,0,0,1,1,1,0,0,1,0,3,6,2,0
7,18,4,1,1,0,3,1,0,0,1,1,1,0,0,7,0,6,10,9,1
12,11,0,1,0,0,3,1,0,2,0,1,1,0,2,1,0,2,5,2,1
5,2,0,0,1,3,1,0,1,16,1,1,1,7,0,9,2,0,0,0,0
14,20,0,1,1,0,3,0,0,1,1,1,1,0,2,1,0,7,3,13,1
11,21,0,1,1,0,3,1,0,1,1,1,1,0,2,1,0,4,6,14,1
0,18,4,0,1,0,3,0,0,2,1,1,1,0,0,1,0,6,8,9,1
1,18,4,0,1,4,3,0,1,16,1,1,1,5,0,2,5,0,0,0,0
12,18,4,0,1,0,3,1,0,12,1,1,1,0,2,1,0,7,3,9,1
1,15,4,0,1,0,3,3,0,0,1,1,1,0,0,3,2,3,0,2,1
12,15,4,0,1,4,3,0,1,9,1,1,1,5,2,1,0,8,11,8,1
11,18,0,1,1,3,3,0,1,1,1,1,1,0,2,6,5,1,0,2,1
7,15,4,1,1,0,3,0,0,2,1,1,1,7,0,0,5,0,0,0,1
13,21,0,1,1,0,3,0,0,1,1,1,1,8,2,7,1,9,0,13,1
10,18,4,0,1,0,3,1,0,12,1,1,1,7,0,5,3,7,1,13,0
13,12,4,0,1,0,3,0,0,0,1,1,1,0,2,1,0,6,11,14,1
11,8,0,1,0,4,3,3,1,13,1,0,0,8,2,6,5,0,0,0,0
5,20,4,0,1,3,3,3,1,5,1,1,1,5,0,1,0,2,5,6,1
4,18,4,1,1,0,3,3,0,4,1,1,1,5,0,1,0,4,8,6,1
0,15,4,0,1,0,3,1,0,16,1,1,1,0,0,2,5,2,0,2,0
8,19,4,1,0,0,3,3,0,13,1,1,0,0,0,2,0,2,2,8,1
7,20,4,1,1,3,3,0,1,2,1,1,1,5,0,1,0,8,2,9,1
12,15,4,0,1,0,3,0,0,2,1,1,1,7,2,1,0,6,4,8,1
3,12,4,0,1,4,3,0,1,2,1,1,1,7,0,1,0,6,10,5,1
5,15,4,0,1,0,3,0,0,2,1,1,1,7,0,1,0,6,4,8,1
4,20,4,1,1,0,3,1,0,2,1,1,1,0,0,1,0,6,2,13,1
13,21,0,1,1,3,3,0,1,0,1,1,1,5,2,2,0,6,2,14,1
11,20,0,1,1,0,3,1,0,0,1,1,1,8,2,1,0,6,0,9,0
14,14,0,1,1,4,3,3,1,1,1,1,1,0,2,1,0,5,10,7,1
8,15,0,0,1,0,3,3,0,0,1,1,1,0,0,1,0,9,8,13,1
5,20,4,0,1,0,3,1,0,2,1,1,1,8,0,1,5,5,0,2,1
0,15,4,0,1,4,3,3,1,9,1,1,1,5,0,0,5,0,0,0,1
7,6,4,1,1,4,3,0,1,16,1,1,1,7,0,9,2,0,0,0,0
7,19,4,0,1,0,3,1,0,2,1,1,1,5,0,1,0,4,10,4,1
6,18,4,1,1,0,3,0,0,2,1,1,1,7,0,1,0,6,8,10,1
3,13,4,0,1,0,3,0,0,2,1,1,1,7,0,0,5,0,0,0,1
13,15,0,0,1,0,3,0,0,0,1,1,1,0,2,2,0,6,2,12,1
4,15,0,0,1,4,3,3,1,9,1,1,1,0,0,0,5,0,0,0,1
10,21,0,0,1,4,3,0,1,1,1,1,1,5,0,1,0,6,4,11,1
10,20,0,0,1,4,3,0,1,1,1,1,1,5,0,1,0,6,8,11,0
14,19,0,1,1,0,3,0,0,1,1,1,1,8,2,1,0,2,0,3,1
2,19,2,1,1,4,3,3,1,0,1,1,1,7,0,1,5,6,0,7,1
9,18,0,1,1,0,3,3,0,0,1,1,1,5,0,0,5,0,0,0,1
15,22,4,1,1,3,3,0,1,0,1,1,1,7,2,1,0,6,6,10,1
6,21,0,1,1,0,3,3,0,1,1,1,1,0,0,2,0,2,3,3,1
7,20,4,0,1,0,3,0,0,2,1,1,1,0,0,1,5,4,0,1,1
13,15,4,0,1,0,3,0,0,15,1,1,1,1,2,0,5,0,0,0,1
0,18,4,1,1,0,3,0,0,2,1,1,1,7,0,1,0,1,4,2,1
4,20,4,1,1,4,3,0,1,0,1,1,1,7,0,1,0,9,3,12,0
9,15,4,0,1,0,3,0,0,5,1,1,1,5,0,1,0,6,10,11,1
13,20,0,0,1,0,3,0,0,0,1,1,1,0,2,1,0,8,11,14,0
2,15,4,1,1,0,3,0,0,0,1,1,1,0,0,1,5,6,0,5,0
0,18,4,1,1,0,3,2,0,0,1,1,1,7,0,0,5,0,0,0,0
6,18,4,0,1,0,3,3,0,14,1,1,1,1,0,1,0,6,6,10,1
7,18,4,0,1,3,3,0,1,0,1,1,1,0,0,1,0,6,8,9,1
9,15,0,0,1,3,3,0,1,2,1,1,1,0,0,0,5,0,0,0,1
2,15,4,1,1,0,3,0,0,2,1,1,1,7,0,1,0,6,1,9,1
6,17,4,1,1,0,3,1,0,2,1,1,1,1,0,1,0,3,3,9,0
11,21,0,1,1,0,3,3,0,1,1,1,1,0,2,1,0,6,6,14,1
7,15,4,0,1,0,3,0,0,7,1,1,1,0,0,1,0,6,3,6,1
0,18,4,1,1,0,3,0,0,2,1,1,1,0,0,1,0,2,3,2,1
3,18,4,0,1,4,3,0,1,11,1,1,1,5,0,1,0,1,2,4,1
3,17,4,0,1,0,3,0,0,2,1,1,1,0,0,1,0,9,1,10,0
1,17,4,0,1,0,3,1,0,2,1,1,1,0,0,1,0,4,6,5,1
10,15,0,1,1,4,3,0,1,8,1,1,1,0,0,0,5,0,0,0,1
2,18,4,1,1,0,3,1,0,2,1,1,1,7,0,1,0,2,1,4,1
6,15,4,1,0,0,3,0,0,11,1,0,1,0,0,1,5,6,0,2,0
3,20,4,1,1,0,3,0,0,12,1,1,1,0,0,1,0,8,1,8,1
2,15,4,0,1,0,3,1,0,4,1,1,1,0,0,1,0,6,8,9,1
0,18,4,1,1,0,3,1,0,16,1,1,1,0,0,1,0,2,1,2,0
10,20,4,1,1,0,3,0,0,10,1,1,1,0,0,1,0,8,0,13,1
8,18,4,1,1,0,3,0,0,0,1,1,1,0,0,1,5,0,0,0,1
7,15,0,1,1,0,3,0,0,1,1,1,1,0,0,1,5,0,0,0,1
6,20,4,1,1,1,3,3,0,14,1,1,1,0,0,7,0,5,10,6,1
11,19,4,1,1,0,3,0,0,12,1,1,1,7,2,0,5,0,0,0,0
7,19,4,1,1,0,3,0,0,0,1,1,1,0,0,1,0,2,4,4,1
6,20,4,0,1,0,3,0,0,2,1,1,1,5,0,1,0,4,10,9,0
4,15,4,1,1,0,3,0,0,0,1,1,1,0,0,1,0,6,3,9,1
8,0,4,1,1,0,3,0,0,12,1,1,1,1,0,1,0,6,3,6,1
12,18,0,1,1,0,3,1,0,1,1,1,1,7,2,1,5,1,0,2,1
8,20,0,1,1,0,3,0,0,1,1,1,1,0,0,0,5,0,0,0,1
0,18,4,1,1,0,3,0,0,16,1,1,1,7,0,6,5,2,0,2,0
15,20,0,1,1,0,3,0,0,0,1,1,1,0,2,1,0,6,3,14,1
8,18,0,1,1,0,3,3,0,8,1,1,1,0,0,1,1,6,0,7,0
15,18,4,0,0,0,3,0,0,0,1,0,1,0,2,3,0,8,0,2,1
10,15,4,1,1,0,3,3,0,2,1,1,1,0,0,1,0,6,3,8,1
15,7,0,0,0,0,1,0,1,9,1,0,0,0,2,6,0,8,0,7,1
3,17,4,1,1,0,3,0,0,2,1,1,1,0,0,1,5,0,0,0,1
7,15,4,1,1,0,3,0,0,12,1,1,1,7,0,1,0,6,4,9,0
10,12,4,0,1,0,3,3,0,0,1,1,1,7,0,1,0,6,5,12,1
12,11,4,0,1,0,3,0,0,11,1,1,1,0,2,1,0,9,4,12,1
8,19,4,0,1,0,3,3,0,11,1,1,1,0,0,1,5,6,0,3,0
1,18,4,1,1,0,3,1,0,16,1,1,1,0,0,2,5,1,0,2,1
9,15,4,0,1,0,3,0,0,2,1,1,1,0,0,6,0,6,2,8,1
1,18,4,1,1,0,3,0,0,0,1,1,1,5,0,1,1,6,0,12,1
4,20,4,0,1,0,3,0,0,9,1,1,1,5,0,1,0,6,3,12,1
12,16,0,0,1,0,3,0,0,1,1,1,1,0,2,1,0,5,2,3,1
12,15,4,1,1,0,3,0,0,0,1,1,1,5,2,1,0,6,2,11,1
14,15,0,1,1,0,3,3,0,1,1,1,1,0,2,1,5,0,0,0,1
7,13,4,1,1,0,3,1,0,2,1,1,1,0,0,1,0,4,10,13,1
6,20,4,0,1,0,2,0,0,10,1,1,1,0,0,4,0,8,2,13,1
8,16,4,0,1,0,3,3,0,11,1,1,1,7,0,1,0,6,2,4,1
2,17,4,0,1,0,3,1,0,16,1,1,1,1,0,1,5,4,0,4,0
6,20,4,1,1,0,3,0,0,2,1,1,1,0,0,1,0,6,6,10,1
8,20,4,0,1,0,3,0,0,0,1,1,1,0,0,1,0,6,11,13,0
2,17,4,1,1,0,3,0,0,2,1,1,1,1,0,1,0,4,4,1,1
9,20,4,1,1,3,3,3,1,11,1,1,1,0,0,4,0,6,10,10,1
9,15,4,0,1,0,3,3,0,2,1,1,1,5,0,1,5,0,0,3,1
11,22,4,1,1,0,3,0,0,2,1,1,1,5,0,2,0,7,8,12,1
2,18,4,1,1,0,3,3,0,4,1,1,1,0,0,4,0,1,10,1,1
7,18,4,1,1,0,3,1,0,2,1,1,1,7,0,2,0,6,8,9,1
11,16,4,0,1,0,3,0,0,0,1,1,1,0,2,1,0,7,10,13,0
12,18,4,0,1,0,3,3,0,0,1,1,1,7,2,1,5,0,0,8,0
4,20,4,0,1,0,3,3,0,11,1,1,1,0,0,1,0,6,1,11,1
3,18,4,1,1,0,3,1,0,2,1,1,1,7,0,1,0,2,4,2,1
14,8,0,0,1,4,3,3,1,2,1,1,1,0,2,1,5,0,0,1,1
1,15,4,1,1,0,3,0,0,16,1,1,1,5,0,0,5,0,0,0,0
14,21,4,1,1,0,3,1,0,0,1,1,1,0,2,1,0,5,5,7,1
11,20,4,1,1,0,3,0,0,2,1,1,1,0,2,0,5,0,0,0,1
4,18,4,0,1,0,3,0,0,14,1,1,1,0,0,0,5,0,0,0,0
15,20,4,1,1,4,3,0,1,0,1,1,1,5,2,6,0,6,0,9,1
0,18,4,0,1,0,3,0,0,2,1,1,1,0,0,1,0,2,7,7,1
6,15,4,0,1,4,3,0,1,9,1,1,1,0,0,1,0,6,6,2,1
9,20,4,1,1,0,3,0,0,2,1,1,1,0,0,3,0,7,11,11,1
7,15,4,0,1,0,3,0,0,0,1,1,1,7,0,1,0,8,8,12,1
5,18,4,1,0,0,3,0,0,2,1,1,1,5,0,1,0,5,2,5,1
12,10,2,0,1,4,3,0,1,0,1,1,1,0,2,1,0,6,4,8,1
0,15,4,0,1,0,3,0,0,16,1,1,1,0,0,1,1,1,0,2,0
2,18,4,1,1,0,3,0,0,16,1,1,1,5,0,1,5,1,0,3,0
9,20,4,1,1,0,3,1,0,0,1,1,1,0,0,1,0,6,3,13,1
11,20,0,0,1,0,3,1,0,1,1,1,1,8,2,3,0,6,8,14,0
1,15,4,0,1,0,3,1,0,7,1,1,1,0,0,0,5,0,0,0,1
11,21,0,1,1,4,3,0,1,1,1,1,1,5,2,1,0,6,5,14,1
13,18,4,1,1,0,3,0,0,5,1,1,1,7,2,2,0,6,3,11,1
14,20,4,0,1,0,3,0,0,9,1,1,1,8,2,1,0,6,1,10,1
12,15,4,0,1,0,3,0,0,2,1,1,1,0,2,1,0,6,3,3,1
14,18,4,1,1,0,3,3,0,0,1,1,1,7,2,1,0,5,5,7,1
11,20,4,1,1,0,3,0,0,0,1,1,1,7,2,1,0,6,5,9,1
14,22,0,1,1,0,3,0,0,0,1,1,1,0,2,1,0,9,0,13,1
10,15,0,1,1,0,3,0,0,9,1,1,1,5,0,0,5,0,0,0,1
3,18,4,0,1,0,3,0,0,2,1,1,1,1,0,1,0,6,8,10,1
1,18,4,1,1,0,3,0,0,2,1,1,1,0,0,1,0,2,3,4,1
4,15,4,0,1,0,3,0,0,14,1,1,1,7,0,1,5,0,0,0,1
11,20,4,0,1,0,3,0,0,2,1,1,1,5,0,2,0,5,8,8,1
12,20,0,0,1,4,3,0,1,0,1,1,1,5,2,1,0,6,3,13,1
10,17,0,0,1,0,3,0,0,1,1,1,1,0,0,4,0,4,10,13,1
7,17,0,1,1,0,3,0,0,1,1,1,1,0,0,1,0,6,6,10,0
12,20,0,1,1,0,3,0,0,0,1,1,1,0,2,1,0,6,3,13,1
0,17,4,1,0,0,3,1,0,0,1,1,0,0,0,0,5,0,0,0,0
5,15,4,1,1,0,3,0,0,0,1,1,1,0,0,1,0,4,2,5,0
11,20,4,0,1,4,3,3,1,0,1,1,1,5,0,2,2,2,0,1,0
7,17,4,0,1,0,3,0,0,2,1,1,1,7,0,1,0,5,4,2,1
1,18,4,0,1,0,0,0,0,16,1,1,1,2,0,5,3,7,5,0,1
9,20,0,1,1,0,3,3,0,2,1,1,1,0,0,1,0,6,2,13,1
9,20,4,1,1,0,3,0,0,2,1,1,1,5,0,1,0,7,6,10,1
4,22,4,1,1,0,3,0,0,2,1,1,1,0,0,1,0,9,0,8,1
1,18,4,1,0,0,3,0,0,16,1,1,0,1,0,0,5,0,0,0,1
11,20,0,0,1,0,3,0,0,1,1,1,1,5,0,2,0,4,1,4,0
8,20,4,0,1,0,3,0,0,2,1,1,1,0,0,1,1,3,0,6,1
8,18,0,0,1,4,3,0,1,9,1,1,1,0,0,1,0,9,8,11,1
9,20,0,1,1,0,3,1,0,1,1,1,1,8,0,7,5,0,0,0,0
11,18,4,0,1,0,3,1,0,0,1,1,1,0,2,0,5,0,0,10,1
2,18,4,1,1,0,3,1,0,2,1,1,1,0,0,0,5,0,0,0,1
0,18,4,0,1,0,3,0,0,16,1,1,1,0,0,1,0,6,4,2,0
11,18,0,0,1,0,3,0,0,1,1,1,1,7,2,1,0,6,5,12,1
9,17,4,1,1,0,3,0,0,2,1,1,1,0,0,6,0,6,6,7,1
3,18,4,0,1,0,3,0,0,2,1,1,1,0,0,1,0,6,5,10,1
6,20,4,0,1,0,3,1,0,2,1,1,1,0,0,1,1,6,0,13,1
13,12,3,0,1,0,3,0,0,0,1,1,1,1,2,1,0,6,8,13,1
13,15,2,0,1,0,3,0,0,12,1,1,1,0,2,1,0,6,2,13,1
9,20,4,1,1,0,3,1,0,0,1,1,1,0,0,1,0,7,10,14,1
0,15,4,0,1,0,3,0,0,2,1,1,1,0,0,0,5,0,0,0,1
1,17,4,0,1,0,3,3,0,2,1,1,1,2,0,2,5,0,0,0,1
8,20,4,0,1,0,3,1,0,2,1,1,1,0,0,1,0,6,3,10,1
11,16,4,1,0,0,3,0,0,16,1,1,0,0,2,0,5,0,0,4,0
2,15,4,1,1,0,3,3,0,2,1,1,1,7,0,4,0,1,4,2,1
4,15,4,0,1,0,3,3,0,7,1,1,1,0,0,1,0,2,4,6,1
3,18,4,1,1,0,3,1,0,2,1,1,1,0,0,1,0,3,2,2,1
10,17,0,1,1,4,3,0,1,8,1,1,1,0,0,4,5,0,0,0,1
6,20,0,0,1,0,2,0,0,2,1,1,1,0,0,1,0,1,4,11,1
7,20,0,1,1,0,3,0,0,1,1,1,1,5,0,1,0,6,6,13,1
4,18,4,1,0,0,3,0,0,16,1,1,0,0,0,0,5,0,0,5,0
14,0,4,0,1,4,3,0,1,14,1,1,1,5,2,0,5,0,0,0,0
12,17,0,0,1,3,3,1,1,0,1,1,1,8,2,4,0,8,2,13,1
9,20,4,0,1,4,3,0,1,2,1,1,1,5,0,1,0,4,4,5,1
1,18,4,0,1,0,3,1,0,2,1,1,1,1,0,3,2,1,0,2,1
6,17,4,0,1,0,3,0,0,2,1,1,1,7,0,1,0,6,6,10,1
0,15,4,1,1,0,3,0,0,2,1,1,1,0,0,1,0,2,2,5,1
5,17,4,0,1,0,0,0,0,16,1,1,1,0,0,5,3,9,2,7,0
15,23,0,1,1,4,3,0,1,1,1,1,1,5,2,1,0,6,6,14,1
12,15,4,1,1,0,3,0,0,12,1,1,1,0,2,6,0,4,3,6,1
13,20,0,0,1,0,3,1,0,1,1,1,1,5,2,1,0,6,6,12,0
14,18,4,1,1,4,3,0,1,0,1,1,1,5,2,1,0,7,6,8,1
2,19,4,1,1,0,3,1,0,7,1,1,1,8,0,5,0,2,2,3,1
15,20,4,0,1,0,3,3,0,10,1,1,1,0,2,1,0,8,8,11,0
0,16,4,0,1,0,3,0,0,15,1,1,1,0,0,1,5,6,0,2,0
10,20,0,0,1,4,3,0,1,0,1,1,1,5,0,1,0,6,3,13,1
4,12,4,0,0,0,3,0,0,7,1,1,0,0,0,1,2,0,0,5,0
6,18,4,0,1,0,3,0,0,14,1,1,1,0,0,1,0,6,6,10,1
9,18,4,0,1,0,3,3,0,2,1,1,1,0,0,2,0,6,6,9,1
9,19,2,1,1,1,3,3,1,14,1,1,0,1,1,3,0,2,10,2,1
2,14,4,1,1,4,3,3,1,2,1,1,1,0,0,0,5,0,0,0,1
15,20,0,1,1,0,3,0,0,0,1,1,1,5,2,6,0,6,5,12,1
15,22,0,1,1,0,3,1,0,0,1,1,1,0,2,1,0,9,8,14,1
11,15,4,0,1,0,3,3,0,14,1,1,1,0,2,1,0,4,8,9,1
1,15,4,0,1,4,3,0,1,2,1,1,1,5,0,0,5,0,0,0,1
9,14,4,0,0,4,3,0,1,5,1,1,0,7,0,0,5,0,0,3,1
0,18,4,0,1,3,3,0,1,2,1,1,1,5,0,1,5,0,0,0,1
14,22,0,1,1,0,3,1,0,1,1,1,1,0,2,7,0,9,8,14,1
1,18,4,0,1,0,3,0,0,2,1,1,1,5,0,1,0,5,3,8,1
14,19,0,0,1,0,3,1,0,0,1,1,1,7,2,1,0,4,2,12,1
8,19,4,0,1,0,3,1,0,11,1,1,1,0,0,3,0,8,8,12,1
1,15,4,0,1,0,3,0,0,16,1,1,1,0,0,1,0,2,1,2,1
11,15,4,0,1,0,3,1,0,0,1,1,1,8,0,2,2,4,0,5,1
5,20,4,0,1,0,3,0,0,12,1,1,1,0,0,1,0,6,11,6,1
14,8,0,0,1,0,2,0,0,2,1,1,1,0,2,1,0,6,4,13,1
0,15,4,0,0,0,1,0,0,0,0,0,1,5,0,1,0,6,9,9,0
5,17,4,0,1,0,3,0,0,12,1,1,1,1,0,6,0,9,4,10,1
5,18,4,0,1,0,3,3,0,2,1,1,1,0,0,1,0,6,11,6,1
14,20,0,1,1,0,3,0,0,1,1,1,1,0,2,1,0,5,9,11,0
11,15,4,1,1,0,3,1,0,0,1,1,1,0,2,0,5,0,0,5,1
2,15,4,1,1,0,3,0,0,2,1,1,1,7,0,1,0,2,7,3,1
8,18,4,0,1,0,3,1,0,5,1,1,1,0,0,1,0,6,11,5,1
12,20,4,1,1,0,3,1,0,11,1,1,1,0,2,4,0,4,4,5,1
0,15,4,0,1,0,3,0,0,2,1,1,1,0,0,1,5,1,0,1,1
11,15,4,0,1,0,3,1,0,12,1,0,1,8,2,6,0,8,0,11,1
0,15,4,1,1,0,3,3,0,2,1,1,1,5,0,1,0,6,8,8,1
13,20,4,1,1,0,3,0,0,0,1,1,1,7,2,1,0,6,6,11,1
14,18,4,1,1,0,3,1,0,0,1,1,1,5,2,1,0,5,2,14,1
15,19,2,0,1,0,3,0,0,2,1,1,1,0,2,1,0,9,10,6,1
0,17,4,0,1,0,3,3,0,16,1,1,1,0,0,1,0,6,4,2,0
7,15,4,0,1,0,3,0,0,2,1,1,1,0,0,1,2,6,0,8,1
8,19,4,1,1,0,3,1,0,2,1,1,1,0,0,1,0,6,0,8,1
4,20,4,0,1,3,3,0,1,2,1,1,1,5,0,6,5,0,0,0,1
0,15,4,0,1,0,3,0,0,16,1,1,1,0,0,1,0,6,1,8,0
0,18,4,1,1,0,3,1,0,2,1,1,1,0,0,1,0,2,4,4,1
15,17,4,0,0,0,3,0,0,9,1,0,0,0,2,1,0,6,6,12,1
5,20,4,1,1,0,3,1,0,2,1,1,1,8,0,1,0,5,3,9,1
4,20,4,0,1,0,3,1,0,11,1,1,1,0,0,1,0,6,2,11,1
2,17,4,0,1,0,3,3,0,15,1,1,1,7,0,0,5,0,0,0,0
9,15,2,0,1,0,3,1,0,5,1,1,1,0,0,1,0,6,6,6,1
11,15,0,0,1,0,3,0,0,0,1,1,1,7,2,1,0,8,2,10,1
5,20,4,0,1,0,3,0,0,15,1,1,1,0,0,2,5,3,0,0,1
3,18,4,0,1,0,3,0,0,14,1,1,1,0,0,0,5,0,0,0,1
4,15,0,1,1,0,0,3,0,0,1,1,1,3,0,5,3,7,3,6,0
14,20,4,1,1,0,3,1,0,12,1,1,1,0,2,1,1,9,0,13,1
7,15,4,0,1,0,3,0,0,2,1,1,1,0,0,1,2,0,0,0,1
10,18,4,0,1,0,3,3,0,2,1,1,1,1,0,1,0,6,11,8,1
4,15,4,1,1,0,3,1,0,16,1,1,1,8,0,1,0,6,1,6,1
0,15,4,0,1,0,0,1,0,16,1,1,1,0,0,5,3,2,1,1,0
9,20,4,1,1,3,3,0,1,0,1,1,1,0,0,1,0,1,3,9,0
0,18,0,0,1,0,3,2,0,1,1,1,1,0,0,1,5,3,0,2,0
2,20,4,1,1,0,3,1,0,0,1,1,1,0,0,1,2,1,0,3,0
14,20,4,1,0,0,3,3,0,2,1,1,1,5,2,1,0,8,4,13,1
5,12,3,0,1,0,3,3,0,9,1,1,1,0,0,1,0,6,8,9,1
9,15,4,0,1,4,3,3,1,2,1,1,1,0,0,1,5,0,0,0,1
0,15,4,1,1,4,3,0,1,9,1,1,1,7,0,0,5,0,0,0,1
0,18,4,0,1,0,3,0,0,2,1,1,1,0,0,0,5,0,0,0,1
12,17,4,0,1,0,3,0,0,2,1,1,1,8,2,1,0,6,8,13,1
11,18,4,0,1,4,3,0,1,0,1,1,1,0,2,1,0,4,2,5,1
2,15,4,1,1,0,3,0,0,2,1,1,1,0,0,1,0,6,3,2,1
7,20,4,0,1,0,3,0,0,0,1,1,1,0,0,6,5,0,0,0,1
10,15,4,0,1,0,3,0,0,2,1,1,1,0,0,1,0,5,3,3,1
1,17,4,1,1,0,3,0,0,2,1,1,1,5,0,0,5,0,0,0,0
13,0,4,1,0,0,3,3,0,13,1,0,0,1,2,6,0,2,4,11,0
6,18,4,1,1,4,3,0,1,5,1,1,1,5,0,1,0,6,4,11,1
13,12,4,0,1,0,3,0,0,0,1,1,1,1,2,1,0,6,11,14,1
12,23,0,0,1,3,3,0,1,0,1,1,1,5,2,1,0,6,11,14,1
10,15,0,0,1,0,3,1,0,0,1,1,1,0,0,1,0,8,2,10,0
8,18,4,1,1,0,3,0,0,5,1,1,1,0,0,1,0,6,10,3,1
14,21,4,0,1,0,3,1,0,0,1,1,1,1,2,1,0,6,10,13,1
0,18,4,1,0,0,3,0,0,2,1,0,1,5,0,1,5,0,0,2,0
5,17,4,0,1,3,3,0,1,15,1,1,1,7,0,4,5,0,0,1,0
0,13,4,0,1,0,3,3,0,8,1,1,1,0,0,1,5,0,0,0,1
15,20,0,1,1,0,3,0,0,1,1,1,1,1,2,2,0,6,2,11,1
1,18,4,0,1,0,3,0,0,2,1,1,1,0,0,0,5,0,0,0,1
1,19,4,1,1,4,3,0,1,2,1,1,1,0,0,2,0,1,2,2,1
8,15,4,0,1,0,3,1,0,7,1,1,1,0,0,1,2,0,0,0,1
10,17,0,1,0,0,3,1,0,2,1,1,0,0,0,1,2,6,0,4,1
5,20,4,1,1,4,3,0,1,0,1,1,1,0,0,1,0,6,6,6,1
13,18,4,0,1,0,3,1,0,0,1,1,1,8,2,5,0,6,9,7,0
7,17,4,0,1,0,3,1,0,2,1,1,1,8,0,1,2,0,0,0,1
7,15,4,0,1,0,3,3,0,2,1,1,1,0,0,1,5,0,0,0,1
2,15,4,0,0,0,3,0,0,2,1,1,1,0,0,0,5,0,0,0,1
5,15,4,0,1,0,3,3,0,14,1,1,1,0,0,1,2,4,0,3,1
2,16,4,1,1,0,3,3,0,0,1,1,1,0,0,0,5,0,0,0,0
4,20,4,1,1,0,3,0,0,2,1,1,1,0,0,1,0,4,6,5,1
15,20,0,1,1,0,3,0,0,1,1,1,1,0,2,1,0,6,8,12,1
14,20,4,1,1,3,3,3,1,0,1,1,1,0,2,1,0,6,6,12,1
10,15,0,0,1,0,3,3,0,8,1,1,1,0,0,1,0,7,5,3,1
8,0,4,0,1,4,3,0,1,2,1,1,1,5,0,0,5,0,0,0,1
1,15,4,1,1,0,3,0,0,11,1,1,1,0,0,1,0,6,3,8,1
9,0,4,0,1,3,3,0,1,0,1,1,1,7,0,1,2,6,0,6,0
2,16,4,0,0,0,3,2,0,15,1,0,1,4,0,1,5,9,0,2,0
0,19,4,0,1,0,3,1,0,2,1,1,1,0,0,3,0,4,8,6,1
4,19,4,1,1,0,3,1,0,7,1,1,1,0,0,1,0,3,2,4,1
3,20,4,0,1,0,3,0,0,2,1,1,1,0,0,1,0,8,6,6,1
10,18,4,0,1,2,3,1,0,2,1,1,1,0,0,7,0,4,3,7,1
0,15,4,1,1,4,3,0,1,16,1,1,1,5,0,1,5,1,0,2,0
7,19,4,0,1,0,3,3,0,12,1,1,1,0,0,1,0,4,11,5,0
13,19,0,1,1,0,3,3,0,1,1,1,1,0,2,1,0,6,1,11,1
12,18,4,0,1,0,3,0,0,15,1,1,1,0,2,1,2,7,0,8,1
5,19,4,1,1,0,3,0,0,2,1,1,1,5,0,1,0,1,3,4,1
6,20,4,1,1,0,3,0,0,2,1,1,1,0,0,0,5,0,0,0,1
15,18,4,0,1,3,1,2,1,0,1,1,1,0,2,5,3,3,9,6,0
15,20,0,0,1,0,3,1,0,0,1,1,1,0,2,1,0,8,4,14,1
12,22,0,0,1,4,3,0,1,1,1,1,1,0,2,1,0,9,6,11,1
12,20,0,0,1,4,3,0,1,0,1,1,1,5,2,1,0,8,4,14,1
9,20,4,1,1,0,3,1,0,0,1,1,1,0,0,1,0,8,4,11,1
2,15,4,1,1,3,3,0,0,2,1,1,1,7,0,1,0,6,2,11,1
10,19,4,0,1,0,3,0,0,0,1,1,1,7,0,1,2,0,0,0,1
14,20,4,1,1,0,3,0,0,12,1,1,1,5,2,2,0,6,8,13,0
8,20,4,1,1,0,3,0,0,0,1,1,1,1,0,3,0,6,8,11,0
12,15,0,0,1,0,3,3,0,0,1,1,1,0,2,1,0,6,2,13,1
13,20,4,0,1,0,3,0,0,0,1,1,1,5,2,1,0,6,7,14,1
12,19,4,0,1,0,3,1,0,12,1,1,1,0,2,1,0,9,2,8,1
3,14,4,0,1,0,3,0,0,2,1,1,1,7,0,1,0,6,10,5,1
6,15,4,0,1,4,3,0,1,0,1,1,1,0,0,0,5,0,0,4,1
15,22,0,1,1,0,3,1,0,0,1,1,1,0,2,1,0,6,9,14,1
14,14,4,0,1,0,3,2,0,5,1,1,1,7,2,1,0,6,10,6,1
13,15,4,0,1,0,3,3,0,2,1,1,1,7,2,1,0,6,6,6,1
8,16,0,0,1,4,3,0,1,1,1,1,1,5,0,0,5,0,0,0,0
2,18,4,0,1,0,3,3,0,2,1,1,1,8,0,1,0,2,6,2,1
1,18,4,0,1,0,3,1,0,10,1,1,1,8,0,1,0,6,8,6,0
11,18,0,1,1,4,3,0,1,0,1,1,1,7,2,0,5,0,0,0,0
5,17,4,1,1,0,3,0,0,2,1,1,1,0,0,1,0,6,5,9,1
9,18,0,1,1,4,3,0,1,1,1,1,1,0,0,1,0,6,6,10,0
9,19,0,1,1,0,3,1,0,0,1,1,1,0,0,1,5,2,0,4,0
11,18,0,0,1,0,3,3,0,0,1,1,1,0,2,1,0,4,2,5,1
6,18,4,1,1,0,3,3,0,5,1,1,1,7,0,1,0,3,5,3,1
11,19,0,0,1,0,3,0,0,8,1,1,1,0,2,1,2,2,0,5,1
5,18,4,1,1,3,3,0,1,10,1,1,1,0,0,1,0,6,8,10,1
12,15,0,1,1,4,3,0,1,1,1,1,1,0,2,0,5,0,0,0,1
0,18,4,1,1,0,3,0,0,2,1,1,1,7,0,1,0,2,2,4,1
4,18,4,0,1,0,1,0,0,2,1,1,1,0,0,1,2,0,0,0,0
9,18,0,1,1,0,3,0,0,1,1,1,1,5,0,2,0,6,11,12,0
12,20,0,0,1,0,3,3,0,0,1,1,1,0,2,1,0,6,9,14,1
12,20,2,1,1,0,3,1,0,0,1,1,1,0,2,1,0,9,3,12,0
3,19,4,0,1,3,3,3,1,11,1,1,1,5,0,1,0,6,5,4,1
8,15,0,0,1,0,3,3,0,0,1,1,1,0,0,6,0,6,6,10,1
1,15,4,1,1,0,3,0,0,2,1,1,1,0,0,1,0,1,4,3,1
15,13,4,0,1,0,3,3,0,10,1,1,1,1,2,1,0,6,4,13,0
13,20,0,1,1,0,3,3,0,1,1,1,1,0,2,1,0,3,3,11,0
5,5,4,0,1,3,3,0,1,4,1,1,1,8,0,0,5,0,0,0,1
12,20,4,0,1,0,3,3,0,2,1,1,1,0,2,1,0,4,10,8,1
4,12,4,1,1,0,3,3,0,7,1,1,1,0,0,1,0,6,11,5,1
11,20,4,1,1,0,3,1,0,0,1,1,1,5,2,2,0,1,2,11,1
10,18,4,0,1,0,1,0,0,0,1,1,1,7,0,5,3,6,3,13,1
9,15,4,0,1,3,3,0,1,2,1,1,1,0,0,1,0,6,2,5,1
10,18,4,1,1,3,3,3,1,11,1,1,1,0,0,1,0,7,3,9,1
14,15,4,1,1,0,3,0,0,0,1,1,1,0,2,1,0,6,3,9,1
4,15,4,0,1,3,3,3,1,2,1,1,1,0,0,6,0,2,0,4,1
11,18,4,0,1,0,3,0,0,12,1,1,1,0,2,1,0,4,11,8,1
7,15,0,0,1,4,3,0,1,1,1,1,1,5,0,1,0,4,10,2,1
2,18,4,1,1,4,3,0,1,5,1,1,1,5,0,0,5,0,0,0,1
4,15,4,1,1,0,3,1,0,2,1,1,1,0,0,1,5,2,0,1,1
15,15,4,0,1,4,3,0,1,12,1,1,1,5,2,1,0,6,6,5,1
13,18,4,0,1,3,3,3,1,2,1,1,1,5,2,7,0,9,10,13,1
12,20,4,0,1,0,3,0,0,0,1,1,1,7,2,1,0,6,3,13,1
12,20,4,1,1,0,3,0,0,2,1,1,1,1,2,1,0,8,3,8,1
5,18,4,0,1,0,3,1,0,5,1,1,1,0,0,1,2,8,0,8,1
1,17,4,1,1,0,3,0,0,16,1,1,1,5,0,0,5,0,0,0,1
13,15,0,1,1,0,3,0,0,0,1,1,1,0,2,1,0,6,3,10,1
1,18,4,0,1,4,3,0,1,0,1,1,1,5,0,1,5,4,0,4,0
4,15,4,0,1,0,3,0,0,2,1,1,1,0,0,1,2,6,0,2,1
4,20,4,1,1,0,3,1,0,2,1,1,1,0,0,1,0,6,8,8,1
3,18,4,0,1,0,3,1,0,0,1,1,1,5,0,1,5,0,0,2,1
15,20,4,0,1,0,3,3,0,2,1,1,1,0,2,1,0,4,8,5,1
2,22,4,0,1,0,3,0,0,15,1,1,1,0,0,0,5,0,0,0,1
4,20,0,1,1,3,3,0,1,2,1,1,1,0,0,1,0,2,9,4,1
13,20,4,1,1,0,3,0,0,0,1,1,1,5,2,2,0,6,2,10,1
9,17,4,0,1,0,3,0,0,2,1,1,1,7,0,4,0,6,4,11,1
5,20,4,1,1,0,3,1,0,0,1,1,1,0,0,2,0,1,2,2,0
3,12,4,0,1,4,3,0,1,0,1,1,1,5,0,9,2,0,0,0,1
4,18,4,1,1,4,3,0,1,0,1,1,1,0,0,6,0,1,0,4,1
10,18,0,1,1,0,3,0,0,0,1,1,1,7,0,1,0,6,2,10,1
4,19,4,1,1,4,3,1,1,0,1,1,1,5,0,1,0,3,2,4,1
15,20,0,1,1,3,3,0,1,1,1,1,1,5,2,1,0,6,4,13,1
4,18,4,0,1,0,3,0,0,2,1,1,1,0,0,0,5,0,0,3,1
2,18,4,0,1,0,3,1,0,2,1,1,1,8,0,1,0,3,3,3,1
6,15,0,0,1,0,3,1,0,0,1,1,1,0,0,1,0,6,8,10,1
9,18,0,1,1,0,3,0,0,1,1,1,1,5,0,3,0,3,6,11,1
10,16,4,0,1,0,3,0,0,15,1,1,1,0,0,0,5,0,0,0,0
13,18,4,1,1,3,3,0,1,0,1,1,1,0,2,3,0,2,8,5,1
3,18,4,1,1,0,3,1,0,0,1,1,1,8,0,1,0,1,2,7,0
6,19,4,1,1,0,3,1,0,2,1,1,1,0,0,1,0,4,6,10,1
5,19,4,1,1,4,3,0,1,0,1,1,1,0,0,2,0,1,2,3,1
14,21,0,1,1,0,3,0,0,1,1,1,1,0,2,3,0,6,2,13,1
14,19,4,0,1,0,3,1,0,0,1,1,1,0,2,1,0,6,0,13,1
4,15,4,0,1,0,3,0,0,2,1,1,1,7,0,1,0,6,6,3,1
15,23,0,0,1,3,3,0,1,0,1,1,1,0,2,1,0,6,8,14,1
5,18,4,0,1,0,3,1,0,0,1,1,1,0,0,1,0,5,4,6,1
9,15,0,1,0,0,3,3,0,0,1,0,1,0,0,1,2,0,0,0,1
6,19,4,1,1,3,3,0,1,2,1,1,1,0,0,1,5,0,0,0,1
0,18,4,1,1,0,3,0,0,16,1,1,1,0,0,0,5,0,0,0,0
0,15,4,1,1,0,3,1,0,2,1,1,1,8,0,1,0,1,1,3,1
7,20,4,0,1,0,3,1,0,2,1,1,1,5,0,1,0,6,7,13,1
12,15,0,0,1,3,3,0,1,0,1,1,1,7,2,3,0,6,3,11,1
1,18,4,0,1,0,3,0,0,0,1,1,1,0,0,1,5,1,0,1,0
15,21,0,1,1,4,3,0,1,0,1,1,1,5,2,6,0,6,6,10,1
4,15,4,0,1,0,3,0,0,2,1,1,1,0,0,1,0,6,3,5,1
7,20,4,1,1,0,3,1,0,0,1,1,1,0,0,7,1,6,0,13,1
15,20,4,1,1,3,3,0,1,0,1,1,1,0,2,1,0,4,2,5,1
14,21,0,1,1,0,3,3,0,1,1,1,1,0,2,1,1,6,0,13,1
7,18,4,0,1,0,3,0,0,2,1,1,1,5,0,1,0,6,6,9,1
10,20,4,0,1,0,3,0,0,0,1,1,1,0,0,1,0,8,2,14,1
2,18,4,1,0,0,3,1,0,9,1,1,1,0,0,0,5,0,0,0,1
8,5,4,0,0,0,2,0,0,2,0,1,1,0,0,4,0,6,2,7,1
9,0,3,1,1,0,3,3,1,9,1,1,1,3,0,4,0,7,4,6,1
3,18,4,1,1,0,3,0,0,2,1,1,1,7,0,0,5,0,0,0,1
4,19,4,0,1,0,3,1,0,2,1,1,1,0,0,1,0,4,8,5,1
2,17,4,1,1,0,3,1,0,16,1,1,1,0,0,1,5,1,0,3,0
7,15,4,1,1,0,3,3,0,2,1,1,1,0,0,1,0,8,11,12,1
12,17,4,0,1,0,3,1,0,2,1,1,1,8,2,1,0,4,8,6,0
0,18,4,0,1,0,3,3,0,2,1,1,1,0,0,0,5,0,0,0,1
12,21,4,0,1,0,3,0,0,12,1,1,1,5,2,1,0,6,10,14,1
0,15,4,0,1,3,3,0,1,2,1,1,1,0,0,1,2,1,0,2,1
5,17,4,1,1,0,3,0,0,2,1,1,1,0,0,1,2,6,0,4,1
7,13,0,1,1,0,3,0,0,0,1,1,1,0,0,0,5,0,0,0,1
8,20,4,0,1,0,3,0,0,2,1,1,1,8,0,1,0,3,4,5,1
14,15,0,1,0,4,3,0,1,9,1,1,1,7,2,0,5,0,0,0,1
7,19,4,0,1,0,3,1,0,12,1,1,1,0,0,1,0,6,11,7,0
9,17,4,0,1,3,3,3,1,0,1,1,1,5,0,1,0,9,4,13,1
4,12,4,0,1,0,3,0,0,2,1,1,1,5,0,1,2,0,0,1,1
15,20,0,1,1,0,3,0,0,0,1,1,1,5,2,1,0,6,3,14,1
7,20,4,0,1,0,3,0,0,2,1,1,1,0,0,1,0,6,8,7,1
8,17,4,0,1,0,3,0,0,2,1,1,1,0,0,1,0,5,2,2,1
12,0,4,0,1,4,3,0,1,12,1,1,1,5,2,0,5,0,0,3,1
11,18,4,1,1,0,3,0,0,12,1,1,1,0,2,1,0,6,4,6,1
15,20,0,1,1,0,3,0,0,1,1,1,1,5,2,0,5,0,0,0,1
5,17,4,1,1,0,3,0,0,2,1,1,1,8,0,0,5,0,0,0,1
2,15,4,0,1,0,0,0,0,16,1,1,1,0,0,5,3,8,4,6,1
6,11,4,0,1,4,3,0,1,4,1,1,1,0,0,1,0,6,8,7,1
7,17,4,1,1,0,3,0,0,2,1,1,1,0,0,1,0,6,3,5,1
15,21,4,0,1,0,3,0,0,0,1,1,1,0,2,1,0,8,1,11,1
13,20,0,1,1,0,3,1,0,0,1,1,1,0,2,1,0,6,3,12,1
13,18,4,0,1,0,3,1,0,2,1,1,1,0,2,1,0,2,7,6,1
1,17,4,1,0,0,3,1,0,2,0,1,0,0,0,0,5,0,0,2,0
0,15,4,1,1,4,3,0,1,11,1,1,1,0,0,0,5,0,0,0,0
5,20,4,1,1,4,3,3,1,10,1,1,1,5,0,0,5,0,0,0,0
9,20,4,0,1,0,3,3,0,2,1,1,1,0,0,1,0,6,6,10,1
2,19,4,1,1,0,3,0,0,16,1,1,1,5,0,1,5,6,0,2,0
8,21,0,1,1,0,3,0,0,1,1,1,1,5,0,1,0,6,2,8,1
14,18,0,1,1,0,3,1,0,0,1,1,1,0,2,1,0,6,4,6,1
12,18,4,0,1,0,3,0,0,2,1,1,1,0,2,1,0,5,8,8,1
11,20,4,0,1,0,3,0,0,0,1,1,1,5,2,1,0,7,4,11,1
5,20,4,1,1,0,3,0,0,2,1,1,1,5,0,0,5,0,0,0,1
9,20,4,0,1,0,3,0,0,14,1,1,1,0,0,3,0,6,8,10,1
0,15,4,1,1,0,3,0,0,2,1,1,1,0,0,1,0,3,6,2,1
12,20,4,0,1,0,3,0,0,16,1,1,1,0,2,1,5,6,0,7,0
7,18,4,0,1,0,3,0,0,2,1,1,1,0,0,6,0,6,0,6,1
10,18,4,0,1,3,3,0,1,16,1,1,1,7,0,2,3,3,0,8,1
12,13,0,1,1,0,3,1,0,0,1,1,1,0,2,6,5,0,0,0,1
2,15,4,0,1,0,3,1,0,2,1,1,1,1,0,1,0,3,6,4,1
3,15,4,0,1,0,3,1,0,2,1,1,1,0,0,1,0,6,1,5,1
10,20,4,0,1,0,3,1,0,0,1,1,1,0,0,1,0,7,2,13,0
13,21,0,1,1,4,3,0,1,1,1,1,1,5,2,1,0,9,4,14,0
5,18,4,1,1,0,3,0,0,0,1,1,1,0,0,2,0,6,2,10,1
10,14,0,0,1,0,3,0,0,14,1,1,1,0,0,1,0,6,8,7,1
2,15,4,0,0,0,3,0,0,2,1,1,0,0,0,1,2,1,0,3,1
9,17,0,0,1,0,3,0,0,1,1,1,1,0,0,6,0,6,4,13,1
5,17,4,0,1,0,3,1,0,0,1,1,1,0,0,1,0,5,3,8,1
8,0,4,0,1,0,3,0,0,15,1,1,1,7,0,0,5,0,0,0,1
8,18,0,1,1,4,3,0,1,8,1,1,1,2,0,3,5,0,0,0,1
15,22,4,0,1,0,3,3,0,11,1,1,1,7,2,1,0,6,4,12,1
1,18,4,1,1,0,3,1,0,0,1,1,1,0,0,9,2,1,0,1,1
11,17,4,0,1,4,3,0,1,0,1,1,1,7,2,1,0,6,11,8,1
7,15,4,0,1,0,3,1,0,5,1,1,1,0,0,1,0,8,2,12,1
11,19,0,0,1,0,1,0,0,1,1,1,1,0,2,1,0,4,10,9,1
2,18,4,0,1,0,3,0,0,2,1,1,1,0,0,4,0,6,2,3,1
10,5,4,0,1,0,3,1,0,4,1,1,1,0,0,3,0,6,10,4,1
9,21,4,0,1,0,3,3,0,0,1,1,1,0,0,2,0,9,8,14,1
6,18,4,1,1,0,3,0,0,5,1,1,1,1,0,1,0,1,2,3,1
9,21,4,0,1,0,3,0,0,2,1,1,1,0,0,1,0,6,6,7,1
3,15,4,1,1,0,3,0,0,2,1,1,1,5,0,2,0,6,8,9,1
10,18,0,1,1,0,3,1,0,0,1,1,1,0,0,1,0,8,4,12,1
11,17,0,1,1,0,3,0,0,1,1,1,1,5,2,2,0,6,1,11,1
3,18,4,0,0,0,3,3,0,2,1,1,1,7,0,1,0,2,4,5,1
11,15,4,1,1,0,3,0,0,7,1,1,1,1,2,1,0,6,4,7,1
2,18,4,1,1,0,3,1,0,16,1,1,1,0,0,6,5,1,0,2,1
3,19,4,1,1,0,3,0,0,12,1,1,1,0,0,1,0,7,6,5,1
3,18,4,1,1,0,3,0,0,2,1,1,1,5,0,0,5,0,0,3,1
12,20,0,1,1,3,3,0,1,2,1,1,1,5,2,6,0,3,5,5,1
3,18,4,0,1,0,3,0,0,0,1,1,1,5,0,1,0,1,4,3,0
6,15,4,1,1,3,3,0,1,2,1,1,1,7,0,1,0,1,3,1,1
15,23,0,1,1,0,3,0,0,1,1,1,1,0,2,1,0,6,7,13,1
10,18,4,1,1,0,3,0,0,4,1,1,1,7,0,1,0,1,8,5,1
8,15,4,0,1,4,3,0,1,11,1,1,1,0,0,1,0,9,2,7,1
7,20,0,1,1,4,3,0,1,0,1,1,1,5,0,1,0,6,4,13,0
6,20,4,0,1,0,3,1,0,2,1,1,1,5,0,1,0,3,4,5,1
2,15,4,1,0,0,3,0,0,2,1,1,1,0,0,1,0,5,4,4,1
5,15,4,0,1,0,3,0,0,2,1,1,1,0,0,1,0,2,2,3,1
10,21,4,1,1,0,3,3,0,2,1,1,1,0,0,0,5,0,0,0,1
9,18,4,1,1,3,3,0,1,2,1,1,1,5,0,1,5,0,0,1,1
13,20,0,1,1,0,3,1,0,0,1,1,1,0,2,1,0,7,2,11,1
7,15,4,0,1,0,3,0,0,2,1,1,1,7,0,1,0,7,6,11,1
8,19,0,0,1,0,3,3,0,1,1,1,1,0,0,1,5,4,0,3,1
8,1,4,1,0,0,2,0,0,5,0,1,0,0,0,1,0,6,3,13,0
13,18,4,1,1,0,3,0,0,0,1,1,1,1,2,1,0,6,8,14,1
1,18,4,1,1,0,3,1,0,2,1,1,1,8,0,1,0,2,2,7,1
12,18,4,1,1,0,3,1,0,0,1,1,1,0,2,1,0,6,3,14,1
1,15,4,0,1,4,3,0,1,9,1,1,1,5,0,0,5,0,0,0,1
8,19,0,1,1,0,3,0,0,0,1,1,1,5,0,1,0,3,3,9,0
7,16,4,0,1,4,3,0,1,11,1,1,1,5,0,1,0,6,10,8,0
4,15,4,0,0,0,3,0,0,2,1,1,1,7,0,1,0,6,6,4,1
2,18,4,1,1,0,3,0,0,2,1,1,1,5,0,1,0,3,2,3,1
15,13,4,0,1,0,3,0,0,15,1,1,1,7,2,0,5,0,0,0,1
6,19,4,0,1,0,3,0,0,2,1,1,1,0,0,1,0,4,5,5,1
12,20,2,1,1,4,3,0,1,0,1,1,1,5,2,1,0,7,6,11,1
14,8,2,0,1,0,2,3,0,2,1,1,1,0,2,1,0,1,4,6,1
4,18,4,1,1,0,3,1,0,2,1,1,1,0,0,2,0,6,2,7,1
0,15,4,0,1,4,3,3,1,1,1,1,1,0,0,1,0,1,0,3,0
15,20,0,0,1,4,3,0,1,1,1,1,1,7,2,1,0,6,11,11,1
12,20,4,1,0,0,3,0,0,2,1,1,1,5,2,1,0,2,4,2,1
6,20,4,0,1,4,3,3,1,11,1,1,1,0,0,1,0,6,4,9,1
15,20,0,0,1,3,3,0,1,2,1,1,1,0,2,1,2,6,0,3,1
15,18,0,1,1,0,3,3,0,0,1,1,1,0,2,0,5,0,0,0,1
0,17,4,0,1,0,3,0,0,2,1,1,1,7,0,1,1,3,0,1,1
1,18,4,1,1,4,3,0,1,10,1,1,1,0,0,1,0,6,5,4,1
8,16,4,1,0,0,3,3,0,3,1,1,0,1,0,1,5,1,0,1,1
3,15,4,0,1,0,3,0,0,14,1,1,1,0,0,1,0,6,4,7,1
12,18,4,1,1,0,3,0,0,0,1,1,1,1,2,1,5,0,0,3,1
13,19,0,0,1,0,1,0,0,1,1,1,1,0,2,5,0,9,8,13,0
13,20,0,1,1,0,3,1,0,0,1,1,1,7,2,1,0,8,4,13,1
12,15,0,1,1,0,3,0,0,0,1,1,1,0,2,1,1,6,0,11,1
11,21,0,1,1,4,3,0,1,1,1,1,1,0,2,1,0,6,11,11,0
12,13,0,1,1,3,3,3,1,13,1,1,1,8,2,6,5,0,0,11,1
0,18,4,0,1,0,3,1,0,16,1,1,1,1,0,0,5,0,0,0,1
13,17,0,1,1,0,3,1,0,0,1,1,1,7,2,1,0,6,3,10,1
14,20,0,0,1,0,3,1,0,0,1,1,1,0,2,1,0,7,10,14,1
13,20,4,0,1,0,3,1,0,0,1,1,1,0,2,1,0,8,5,8,1
2,18,4,0,1,0,3,1,0,2,1,1,1,0,0,1,2,1,0,4,1
14,18,0,0,1,0,3,0,0,1,1,1,1,0,2,1,0,6,11,9,1
12,23,4,0,1,0,3,3,0,0,1,0,1,0,2,7,0,8,7,14,1
8,16,4,0,1,0,3,0,0,11,1,1,1,0,0,1,0,6,3,10,1
12,20,4,1,1,0,3,3,0,3,1,1,1,1,2,1,0,9,2,13,1
0,15,4,0,0,0,3,2,0,6,1,1,0,8,0,2,2,6,0,6,0
15,10,0,1,1,4,3,0,1,0,1,1,1,0,2,0,5,0,0,0,1
13,19,0,1,1,0,3,0,0,0,1,1,1,1,2,3,0,6,6,6,1
7,20,4,1,1,0,3,0,0,0,1,1,1,0,0,1,0,7,0,13,0
0,18,4,0,0,0,3,0,0,2,1,1,0,7,0,0,5,0,0,0,1
9,18,4,1,1,0,3,0,0,5,1,1,1,0,0,2,0,6,3,13,1
2,18,4,1,1,0,3,0,0,16,1,1,1,1,0,1,5,1,0,2,0
3,20,4,0,1,4,3,3,1,2,1,1,1,0,0,1,0,5,9,6,1
15,18,4,0,1,0,3,1,0,0,1,1,1,0,2,1,0,4,6,4,1
11,18,4,1,1,0,3,1,0,0,1,1,1,0,2,1,0,3,2,4,1
10,18,4,0,1,0,3,3,0,2,1,1,1,5,0,0,5,0,0,10,1
15,20,0,1,1,3,3,0,1,1,1,1,1,5,2,4,0,6,1,9,1
13,16,4,0,1,0,3,0,0,12,1,1,1,0,2,1,0,7,6,10,1
2,18,4,1,1,0,3,0,0,16,1,1,1,5,0,0,5,0,0,0,1
13,15,0,1,1,0,1,3,0,0,1,1,1,0,2,4,0,6,10,12,1
7,17,4,0,1,0,3,1,0,2,1,1,1,8,0,0,5,0,0,0,1
14,18,4,0,1,0,3,0,0,0,1,1,1,0,2,1,5,0,0,2,1
10,20,0,1,1,0,3,1,0,0,1,1,1,5,0,1,0,2,1,4,1
1,18,4,0,1,4,3,0,1,2,1,1,1,0,0,0,5,0,0,0,1
11,21,0,1,1,0,3,0,0,0,1,1,1,0,2,1,0,9,6,14,1
0,15,4,0,1,0,3,3,0,2,1,1,1,0,0,0,5,0,0,0,0
4,20,4,0,1,4,3,0,1,9,1,1,1,5,0,1,2,6,0,3,1
11,20,0,1,1,0,3,0,0,0,1,1,1,0,2,6,0,4,6,8,1
12,20,4,0,1,0,3,0,0,2,1,1,1,5,2,1,0,6,8,10,1
3,18,4,0,1,0,3,0,0,2,1,1,1,0,0,1,0,1,4,4,1
12,15,0,0,1,4,3,0,1,1,1,1,1,5,2,1,2,0,0,0,1
9,20,4,0,1,0,3,0,0,11,1,1,1,0,0,2,0,6,0,11,0
0,18,4,0,1,0,2,0,0,3,1,1,1,1,0,5,3,6,1,5,1
4,17,4,0,1,0,3,1,0,2,1,1,1,0,0,1,0,4,2,5,1
12,17,0,0,1,0,3,1,0,1,1,1,1,0,2,1,0,3,3,2,1
12,15,2,1,1,0,3,0,0,5,1,1,1,0,2,1,0,6,3,6,1
9,20,4,0,1,0,3,0,0,0,1,1,1,0,0,1,0,6,7,13,1
14,19,0,0,1,0,3,0,0,8,1,1,1,0,2,1,0,6,0,8,0
14,15,4,0,1,3,3,0,1,9,1,1,1,0,2,1,0,6,3,10,1
13,19,4,0,1,0,3,1,0,12,1,1,1,0,2,1,0,9,5,14,1
14,20,4,1,1,0,1,1,0,0,1,1,1,8,2,5,0,6,9,13,0
4,18,4,0,1,0,3,0,0,0,1,1,1,5,0,1,0,6,6,11,0
3,13,4,0,1,4,3,0,1,15,1,1,1,0,0,1,5,0,0,0,0
15,15,0,0,1,4,3,0,1,1,1,1,1,0,2,0,5,0,0,0,1
12,16,0,0,1,4,3,0,1,0,1,1,1,7,2,0,5,0,0,0,1
15,21,0,1,1,3,3,3,1,0,1,1,1,5,2,3,0,6,11,12,1
4,15,4,0,1,0,3,3,0,14,1,1,1,7,0,1,2,4,0,6,1
11,21,0,0,1,4,3,0,1,0,1,1,1,7,2,1,0,6,6,13,1
10,15,0,0,1,0,3,1,0,0,1,1,1,0,0,1,0,9,1,9,1
2,15,4,0,1,3,0,0,1,16,1,1,1,0,0,5,3,9,2,9,1
0,15,4,1,1,0,3,0,0,16,1,1,1,0,0,9,2,0,0,0,0
7,20,4,1,1,0,3,0,0,16,1,1,1,0,0,1,5,6,0,3,1
11,15,4,0,1,0,3,0,0,2,1,1,1,0,2,1,0,6,8,11,1
0,18,4,1,1,0,3,0,0,2,1,1,1,8,0,1,0,5,0,3,1
5,17,4,0,1,0,3,0,0,12,1,1,1,5,0,2,0,6,4,9,1
9,17,4,0,1,0,3,1,0,2,1,1,1,0,0,3,0,6,3,12,1
8,0,4,1,1,4,3,0,1,0,1,1,1,7,0,0,5,0,0,0,1
0,17,4,1,1,0,3,0,0,2,1,1,1,0,0,0,5,0,0,0,1
9,20,0,0,1,3,3,0,1,0,1,1,1,7,0,3,0,8,3,11,1
0,14,4,0,1,4,3,0,1,16,1,1,1,5,0,0,5,0,0,0,1
5,18,4,1,1,0,3,0,0,10,1,1,1,0,0,1,0,6,3,5,1
2,16,4,0,1,0,3,1,0,15,1,1,1,0,0,1,5,6,0,1,1
2,18,4,1,1,0,3,3,0,2,1,1,1,7,0,0,5,0,0,0,1
2,15,0,1,1,0,3,0,0,8,1,1,1,0,0,0,5,0,0,0,1
15,23,3,0,1,0,3,0,0,15,1,1,1,0,2,1,5,6,0,14,0
8,20,4,0,0,0,3,0,0,9,1,1,1,5,0,1,0,8,11,14,1
13,21,4,1,1,4,3,0,1,0,1,1,1,0,2,3,0,1,8,11,1
4,20,4,0,1,0,3,0,0,2,1,1,1,5,0,1,0,6,10,13,1
12,17,0,1,1,0,3,0,0,1,1,1,1,8,2,1,5,0,0,0,1
15,15,4,0,0,0,1,1,0,2,0,0,1,0,2,1,0,6,6,11,1
6,14,4,0,0,0,3,0,0,16,1,1,0,1,0,0,5,0,0,3,1
0,18,4,0,1,0,3,1,0,16,1,1,1,0,0,0,5,0,0,0,1
14,14,4,0,1,0,3,0,0,0,1,1,1,0,2,7,0,6,10,7,1
5,15,4,0,1,0,3,3,0,2,1,1,1,7,0,1,0,6,6,6,1
6,15,0,0,1,4,3,0,1,1,1,1,1,7,0,1,0,6,8,10,1
10,15,0,1,1,0,3,0,0,0,1,1,1,7,0,1,0,5,2,6,1
0,15,4,1,1,0,3,0,0,2,1,1,1,5,0,1,0,1,4,3,0
12,2,0,0,1,3,1,0,1,16,1,1,1,7,2,0,5,0,0,4,0
8,18,4,0,1,0,3,0,0,2,1,1,1,7,0,1,2,0,0,0,1
5,22,4,0,1,3,3,3,1,11,1,1,1,5,0,1,0,6,3,11,0
12,15,0,1,1,0,3,0,0,1,1,1,1,8,2,5,0,6,6,10,1
8,18,4,0,1,4,3,0,1,0,1,1,1,5,0,0,5,0,0,2,1
10,15,0,1,1,0,3,0,0,2,1,1,1,0,0,1,5,0,0,0,1
11,11,4,0,0,0,3,0,0,15,0,1,1,0,2,0,5,0,0,0,1
7,15,4,1,1,0,3,1,0,2,1,1,1,0,0,2,0,6,11,11,1
0,18,4,0,1,0,3,0,0,16,1,1,1,5,0,1,0,4,2,6,1
6,21,0,1,1,4,3,0,1,0,1,1,1,5,0,1,0,6,4,13,1
1,18,4,0,1,0,3,0,0,2,1,1,1,0,0,2,5,1,0,4,1
2,18,4,0,1,0,3,3,0,4,1,1,1,0,0,0,5,0,0,0,1
14,19,4,0,1,0,3,1,0,12,1,1,1,4,2,1,0,9,8,10,1
14,20,4,0,1,4,3,0,1,0,1,1,1,0,2,1,0,6,11,14,0
0,18,4,1,1,0,3,0,0,2,1,1,1,5,0,2,0,2,8,3,1
12,20,0,0,1,0,3,0,0,0,1,1,1,0,2,1,0,6,10,10,1
8,15,4,0,1,4,3,0,1,11,1,1,1,0,0,1,2,4,0,5,0
6,20,4,1,1,0,3,3,0,11,1,1,1,0,0,1,0,9,6,12,0
12,16,4,0,1,0,3,0,0,5,1,1,1,0,2,1,0,6,3,10,1
13,20,0,0,1,0,3,3,0,0,1,1,1,0,2,1,0,8,6,13,1
10,20,4,0,1,3,3,0,1,10,1,1,1,5,0,1,0,6,7,13,1
4,17,4,0,1,0,3,3,0,15,1,1,1,1,0,0,5,0,0,1,0
1,18,4,1,1,0,3,0,0,10,1,1,1,0,0,1,0,6,5,3,1
4,12,4,0,1,0,3,0,0,0,1,1,1,0,0,1,0,6,11,5,1
2,15,4,0,1,0,3,0,0,2,1,1,1,5,0,0,5,0,0,0,1
9,0,4,1,0,0,3,2,0,2,1,0,0,3,0,0,5,0,0,0,1
12,18,2,1,0,0,3,1,0,2,1,1,1,2,2,1,5,0,0,0,1
5,15,4,0,1,0,3,0,0,2,1,1,1,0,0,1,0,5,2,8,1
1,15,4,1,1,4,3,0,0,2,1,1,1,7,0,1,0,4,5,10,1
8,18,4,0,1,0,3,0,0,2,1,1,1,7,0,0,5,0,0,0,1
11,20,0,0,1,0,3,1,0,1,1,1,1,0,2,1,0,6,5,11,0
6,20,4,0,1,0,3,1,0,2,1,1,1,0,0,1,0,8,2,12,1
5,20,4,0,1,0,3,0,0,9,1,1,1,0,0,1,0,6,2,8,0
12,19,0,0,1,0,3,3,0,0,1,1,1,0,2,1,0,9,11,11,1
1,18,4,1,1,0,3,0,0,2,1,1,1,7,0,3,0,5,10,5,1
4,21,4,1,1,0,3,0,0,11,1,1,1,0,0,1,0,2,2,4,0
3,18,4,1,1,0,3,0,0,0,1,1,1,7,0,2,0,6,2,6,1
0,17,4,1,1,0,3,0,0,16,1,1,1,0,0,4,5,4,0,3,1
2,18,4,1,1,0,3,1,0,0,1,1,1,0,0,1,0,3,4,6,0
8,20,4,1,1,0,3,0,0,5,1,1,1,7,0,1,0,6,3,10,1
2,18,4,1,1,0,3,1,0,14,1,1,1,0,0,1,0,8,8,12,0
3,18,4,1,1,0,3,1,0,0,1,1,1,0,0,3,0,6,4,6,1
0,15,4,0,1,4,3,0,1,11,1,1,1,7,0,6,5,0,0,1,1
15,17,4,0,1,0,3,1,0,0,1,1,1,0,2,1,0,6,3,10,1
1,18,4,0,1,4,3,0,1,9,1,1,1,7,0,3,0,1,3,4,1
4,15,4,1,1,0,3,0,0,4,1,1,1,7,0,1,5,0,0,0,1
11,19,0,1,1,0,3,1,0,1,1,1,1,5,2,3,0,6,6,12,0
10,20,4,0,1,0,3,0,0,11,1,1,1,0,0,1,0,6,4,9,1
8,15,4,0,1,0,3,0,0,2,1,1,1,7,0,1,0,6,1,9,1
13,15,2,0,1,3,3,0,1,7,1,1,1,0,2,0,5,0,0,7,1
14,22,0,1,1,0,3,0,0,1,1,1,1,0,2,7,0,5,9,14,1
6,15,4,0,1,0,3,0,0,2,1,1,1,8,0,1,0,6,6,9,1
7,1,4,0,0,3,2,0,0,15,0,1,1,0,0,0,5,0,5,0,0
6,21,4,0,1,0,3,0,0,14,1,1,1,5,0,1,0,6,8,13,0
8,15,4,0,1,0,3,0,0,2,1,1,1,7,0,6,0,6,4,8,1
10,18,4,1,1,0,1,1,0,2,1,1,1,8,0,1,0,6,7,7,1
13,20,0,0,1,0,3,0,0,1,1,1,1,7,2,1,0,5,7,13,1
1,18,4,1,1,0,3,1,0,16,1,1,1,0,0,1,5,2,0,3,0
9,20,4,1,1,0,3,1,0,12,1,1,1,0,0,1,0,9,6,10,0
8,15,4,0,1,4,3,0,1,7,1,1,1,7,0,0,5,0,0,0,1
13,21,4,1,1,0,3,0,0,0,1,1,1,0,2,1,0,6,2,12,1
4,15,4,0,1,0,3,0,0,2,1,1,1,7,0,1,0,6,10,7,1
14,20,0,1,1,4,3,0,1,0,1,1,1,5,2,1,0,6,8,11,1
4,21,4,0,1,0,3,0,0,9,1,1,1,5,0,1,0,2,2,4,1
6,20,4,1,1,0,3,1,0,0,1,1,1,0,0,1,0,6,2,12,0
5,18,4,1,1,3,3,0,1,0,1,1,1,0,0,4,0,5,5,6,1
4,20,4,1,1,0,3,0,0,11,1,1,1,5,0,4,5,4,0,3,1
3,15,0,0,1,4,3,0,1,1,1,1,1,0,0,1,0,6,8,6,0
0,17,4,1,1,4,3,0,1,11,1,1,1,5,0,0,5,0,0,0,0
0,15,4,0,1,0,3,0,0,2,1,1,1,5,0,0,5,0,0,0,1
11,15,4,1,1,0,3,3,0,4,1,1,1,0,2,1,0,1,6,2,1
14,19,0,0,1,0,3,0,0,8,1,1,1,7,2,3,0,8,0,11,1
10,15,0,0,1,4,3,0,1,1,1,1,1,7,0,1,0,6,10,11,1
10,23,3,1,1,0,3,3,0,2,1,1,1,0,0,1,0,6,8,3,1
11,22,4,1,1,3,3,1,1,7,1,1,1,8,2,1,0,6,6,10,1
10,20,4,1,1,0,3,1,0,2,1,1,1,5,0,1,2,1,0,6,1
4,15,4,0,1,0,3,3,0,14,1,1,1,0,0,1,0,9,10,12,1
14,15,4,0,1,0,3,0,0,12,1,1,1,7,2,0,5,0,0,0,1
15,23,4,0,1,0,3,1,0,0,1,1,1,0,2,1,0,8,6,14,1
14,20,0,1,1,0,3,1,0,0,1,1,1,5,2,2,5,6,0,14,1
7,20,4,1,1,0,3,0,0,0,1,1,1,0,0,1,0,9,8,12,1
12,15,0,0,1,0,3,0,0,1,1,1,1,7,2,1,0,5,2,8,1
9,15,4,0,1,0,0,0,0,16,1,1,1,0,0,8,3,8,0,14,1
7,13,4,0,1,0,3,0,0,7,1,1,1,7,0,1,0,6,6,9,1
6,20,4,0,1,0,3,0,0,2,1,1,1,5,0,1,0,6,8,13,1
8,18,4,1,1,0,3,3,0,0,1,1,1,0,0,1,1,6,0,10,0
5,18,4,1,1,3,3,3,1,2,1,1,1,0,0,0,5,0,0,0,1
10,20,0,1,1,0,3,0,0,1,1,1,1,0,0,5,0,8,4,11,0
9,16,4,0,1,0,3,0,0,2,1,1,1,0,0,1,0,3,6,10,1
8,19,4,1,1,0,3,1,0,2,1,1,1,8,0,3,0,1,1,5,1
10,21,4,0,1,4,3,0,1,9,1,1,1,0,0,1,0,6,6,14,1
5,20,4,0,1,0,3,0,0,11,1,1,1,0,0,1,0,2,3,4,0
6,21,4,1,1,0,3,0,0,0,1,1,1,0,0,2,0,6,8,13,0
7,15,0,1,1,0,3,3,0,1,1,1,1,0,0,1,0,6,8,11,1
9,17,0,1,1,0,3,0,0,2,1,1,1,0,0,1,0,6,7,10,0
3,20,4,1,1,0,3,1,0,2,1,1,1,0,0,1,0,2,3,6,1
4,17,0,0,1,0,3,0,0,15,1,1,1,0,0,0,5,0,0,0,0
14,20,4,0,1,0,3,1,0,0,1,1,1,1,2,1,0,6,11,14,1
14,18,0,0,1,4,3,0,1,1,1,1,1,7,2,1,0,6,3,10,0
6,19,4,0,1,0,3,3,0,2,1,1,1,5,0,2,0,6,0,11,1
5,18,4,0,1,4,3,0,1,2,1,1,1,5,0,1,2,0,0,0,1
9,19,0,0,1,0,3,3,0,8,1,1,1,0,0,3,0,6,0,6,1
8,20,4,0,1,0,3,1,0,5,1,1,1,0,0,1,0,6,3,13,1
8,19,0,1,1,0,3,0,0,1,1,1,1,0,0,1,0,6,6,6,1
15,18,4,1,1,0,3,0,0,2,1,1,1,0,2,1,0,3,5,4,1
3,18,4,0,1,0,3,1,0,0,1,1,1,0,0,1,0,6,8,5,1
4,20,4,1,1,0,3,1,0,2,1,1,1,0,0,1,5,2,0,4,1
4,21,4,1,1,0,3,0,0,0,1,1,1,0,0,1,0,2,3,3,0
14,19,0,1,1,0,3,3,0,0,1,1,1,0,2,1,0,6,5,9,1
1,15,4,0,1,0,3,0,0,2,1,1,1,5,0,1,0,2,3,4,1
11,19,4,0,1,0,3,1,0,2,1,1,1,0,2,1,0,2,1,4,1
0,15,4,1,1,0,3,0,0,2,1,1,1,1,0,3,0,1,2,3,1
7,20,0,1,1,0,3,1,0,1,1,1,1,0,0,5,0,6,2,11,0
0,18,4,1,1,0,3,0,0,2,1,1,1,5,0,1,5,0,0,2,1
15,21,0,1,1,4,3,0,1,1,1,1,1,0,2,0,5,0,0,0,1
4,18,4,1,1,0,3,1,0,16,1,1,1,8,0,0,5,0,0,8,1
10,17,2,0,1,4,3,3,1,5,1,1,1,0,0,1,0,9,6,13,0
11,21,0,1,1,3,3,3,1,1,1,1,1,5,2,1,0,6,6,8,1
13,15,4,0,1,0,3,0,0,2,1,1,1,7,2,1,0,8,5,11,1
3,20,4,1,1,0,3,1,0,2,1,1,1,0,0,1,1,3,0,2,1
7,20,4,0,1,0,3,3,0,0,1,1,1,1,0,3,0,6,1,13,1
14,15,0,1,1,0,3,0,0,1,1,1,1,0,2,1,0,8,11,7,1
10,18,4,1,1,0,3,0,0,2,1,1,1,0,0,1,0,6,1,11,1
1,15,4,1,1,0,3,3,0,2,1,1,1,7,0,0,5,0,0,0,1
3,19,4,0,1,0,3,0,0,2,1,1,1,7,0,0,5,0,0,0,1
8,18,4,1,1,0,3,0,0,2,1,1,1,7,0,1,0,3,8,10,1
14,15,0,1,1,4,3,0,1,8,1,1,1,5,2,0,5,0,0,0,1
3,20,4,0,1,3,3,0,1,2,1,1,1,0,0,1,0,6,3,7,1
14,15,4,0,1,4,3,0,1,2,1,1,1,0,2,1,2,6,0,2,1
0,15,4,0,1,2,3,0,0,2,1,1,1,0,0,1,0,1,3,1,1
11,15,4,1,0,0,3,0,0,0,1,1,0,0,2,1,0,1,6,4,0
4,18,0,0,1,0,3,0,0,2,1,1,1,0,0,1,5,0,0,0,1
0,16,4,0,1,0,3,1,0,16,1,1,1,0,0,1,0,6,1,7,0
2,18,4,0,1,0,3,0,0,5,1,1,1,7,0,1,2,6,0,6,1
12,13,4,0,1,0,3,0,0,15,1,1,1,0,2,1,5,0,0,0,1
15,21,0,0,1,0,3,1,0,0,1,1,1,0,2,6,0,8,3,13,0
10,18,0,1,1,0,3,0,0,8,1,1,1,5,0,4,0,1,1,7,0
7,17,0,1,1,0,3,1,0,0,1,1,1,8,0,6,2,1,0,5,0
3,15,0,1,1,4,3,0,1,1,1,1,1,7,0,1,0,6,8,6,1
3,18,4,1,1,0,3,0,0,2,1,1,1,0,0,1,0,6,3,6,1
9,15,4,0,1,0,3,1,0,5,1,1,1,7,0,1,0,6,4,6,1
2,18,4,1,1,0,3,0,0,2,1,1,1,5,0,1,2,1,0,3,0
11,15,4,0,1,3,3,3,1,2,1,1,1,0,2,1,0,4,1,4,0
6,21,4,1,1,0,3,1,0,0,1,1,1,5,0,2,0,6,5,10,0
3,15,4,0,1,0,3,1,0,12,1,1,1,0,0,1,0,8,2,5,1
4,15,4,1,1,0,3,0,0,2,1,1,1,7,0,1,0,4,6,6,1
7,18,4,1,1,0,3,1,0,2,1,1,1,0,0,1,0,6,8,11,1
7,20,4,1,1,0,3,1,0,12,1,1,1,0,0,1,0,7,1,11,1
6,20,4,1,1,0,3,0,0,0,1,1,1,0,0,1,0,6,0,14,1
13,20,4,1,1,0,3,1,0,0,1,1,1,0,2,2,0,9,10,14,1
3,18,4,0,1,0,1,1,0,16,1,1,1,0,0,1,0,7,2,3,1
7,20,4,0,1,0,3,0,0,2,1,1,1,5,0,0,5,0,0,0,1
6,15,4,0,1,0,3,0,0,2,1,1,1,0,0,1,5,0,0,0,1
3,18,4,0,1,0,3,0,0,2,1,1,1,0,0,1,0,6,4,5,1
10,15,0,0,1,0,3,0,0,1,1,1,1,0,0,1,0,6,3,11,1
11,21,4,1,1,0,3,0,0,14,1,1,1,5,2,3,0,6,6,10,0
14,14,4,0,1,0,3,0,0,12,1,1,1,0,2,0,5,0,0,5,1
7,20,4,1,1,0,3,0,0,2,1,1,1,0,0,1,0,6,6,11,1
13,20,0,1,1,0,3,1,0,1,1,1,1,0,2,2,0,9,11,14,0
9,18,4,1,1,0,3,3,0,5,1,1,1,8,0,1,5,0,0,0,1
4,20,4,1,1,0,3,0,0,11,1,1,1,0,0,1,5,6,0,4,1
8,20,4,1,1,0,3,1,0,0,1,1,1,0,0,1,0,5,7,7,1
5,15,4,0,1,0,3,3,0,10,1,1,1,0,0,1,0,9,11,4,1
1,18,4,0,1,0,3,3,0,2,1,1,1,0,0,1,5,6,0,3,1
1,18,4,0,1,0,3,0,0,11,1,1,1,5,0,0,5,0,0,0,0
1,17,4,1,1,0,3,1,0,16,1,1,1,0,0,4,5,1,0,2,0
8,20,4,0,1,0,2,0,0,0,1,1,1,0,0,5,0,8,4,9,0
15,15,4,0,0,0,3,0,0,15,1,0,1,5,0,4,2,6,0,2,0
2,15,4,1,1,0,3,1,0,0,1,1,1,8,0,5,0,6,4,5,1
13,18,4,1,1,0,3,3,0,5,1,1,1,7,2,1,0,5,9,6,1
12,18,0,1,0,0,3,0,0,2,0,1,1,2,2,1,0,2,5,5,1
3,20,4,1,1,0,3,0,0,3,1,1,1,0,0,1,5,2,0,5,0
3,17,0,1,1,0,1,1,0,1,1,1,1,0,2,5,5,0,0,6,0
10,20,4,0,1,0,3,0,0,0,1,1,1,0,0,1,0,6,1,7,1
8,18,0,0,1,0,3,0,0,1,1,1,1,0,0,2,0,6,2,11,1
3,15,4,0,1,0,3,1,0,2,1,1,1,8,0,1,0,6,2,5,1
8,20,4,0,1,0,3,0,0,2,1,1,1,5,0,1,0,6,6,12,0
7,15,4,0,1,0,3,0,0,2,1,1,1,5,0,1,0,6,6,10,1
6,18,4,1,1,4,3,0,1,2,1,1,1,0,0,1,0,1,4,2,1
12,20,4,0,1,3,3,1,1,0,1,1,1,5,2,6,0,6,6,14,1
8,20,4,1,1,0,3,3,0,0,1,1,1,0,0,1,0,6,3,13,1
10,18,4,0,1,4,3,0,1,10,1,1,1,0,0,1,0,6,8,3,0
11,18,0,0,1,0,3,0,0,1,1,1,1,7,2,1,0,6,4,12,0
3,18,4,1,1,0,3,0,0,12,1,1,1,7,0,1,0,7,4,10,1
0,18,4,0,1,0,3,0,0,11,1,1,1,0,0,0,5,0,0,0,1
2,22,4,0,1,3,3,0,1,9,1,1,1,0,0,1,1,9,0,0,1
5,18,4,0,1,0,3,0,0,2,1,1,1,5,0,1,2,6,0,2,1
6,19,4,0,1,0,3,3,0,2,1,1,1,5,0,1,0,6,6,11,1
13,18,0,1,1,3,3,0,1,1,1,1,1,0,2,1,0,6,7,7,1
11,15,4,0,1,2,3,0,0,2,1,1,1,0,2,1,5,0,0,0,0
2,16,4,0,1,4,3,0,1,2,1,1,1,7,0,1,0,6,3,5,1
8,20,4,1,1,0,3,3,0,0,1,1,1,5,0,2,0,9,8,12,1
10,20,4,1,1,0,3,0,0,0,1,1,1,0,0,1,2,8,0,8,0
4,15,4,0,1,0,3,0,0,2,1,1,1,0,0,6,0,2,3,3,1
0,17,4,0,1,0,3,1,0,2,1,1,1,8,0,1,5,0,0,0,1
6,19,4,0,1,0,3,1,0,0,1,1,1,8,0,8,5,2,0,0,1
0,18,4,0,1,0,3,0,0,16,1,1,1,0,0,1,0,2,2,2,1
10,0,4,1,1,0,3,3,0,14,1,1,1,7,0,1,0,6,3,7,1
12,21,4,0,1,0,3,1,0,11,1,1,1,8,2,4,0,8,10,11,1
13,20,0,0,1,0,3,1,0,0,1,1,1,0,2,1,0,6,6,14,1
8,14,0,1,1,0,3,3,0,2,1,1,1,0,0,3,1,2,0,1,1
1,15,0,0,1,0,3,3,0,16,1,1,1,1,0,1,5,6,0,7,1
0,17,4,0,1,0,3,0,0,2,1,1,1,0,0,0,5,0,0,2,1
7,18,4,0,1,0,3,1,0,2,1,1,1,8,0,1,0,6,8,8,1
14,17,0,1,1,0,3,0,0,1,1,1,1,0,2,1,0,7,8,11,1
7,19,4,0,1,2,3,3,0,2,1,1,1,0,0,1,5,0,0,0,1
1,15,4,0,1,0,3,3,0,2,1,1,1,0,0,1,0,6,3,6,1
14,18,0,0,1,0,3,1,0,0,1,1,1,0,2,1,0,6,6,12,1
9,15,0,1,1,4,3,0,1,1,1,1,1,7,0,1,5,0,0,0,0
6,15,4,1,1,0,3,0,0,12,1,1,1,0,0,1,1,8,0,10,1
8,13,4,1,1,0,3,1,0,0,1,1,1,8,0,1,0,4,10,7,1
13,19,0,1,1,0,3,0,0,0,1,1,1,0,2,1,0,8,10,14,1
4,18,4,0,1,4,3,0,1,2,1,1,1,7,0,1,0,3,6,6,1
15,19,2,0,1,0,1,1,0,2,1,1,1,0,2,1,0,6,7,12,0
13,16,0,0,1,0,3,0,0,1,1,1,1,0,2,1,0,6,3,10,1
7,17,4,1,1,0,3,0,0,7,1,1,1,8,0,1,0,6,1,7,1
15,16,0,0,1,4,3,0,1,1,1,1,1,0,2,1,0,6,2,4,1
3,19,0,1,1,4,3,0,1,8,1,1,1,0,0,1,5,0,0,0,0
11,20,4,0,1,0,3,1,0,2,1,1,1,0,2,3,0,9,4,12,1
2,18,4,0,1,0,3,3,0,11,1,1,1,1,0,3,0,9,10,6,1
8,21,0,1,1,0,3,0,0,1,1,1,1,0,0,1,0,6,8,8,0
15,18,4,0,1,0,3,0,0,0,1,1,1,7,2,6,0,6,4,11,1
5,15,0,0,1,0,0,1,0,16,1,1,1,0,0,5,3,8,1,6,1
10,16,4,0,1,0,3,0,0,2,1,1,1,0,0,1,0,5,11,3,1
13,15,0,1,1,0,3,3,0,0,1,1,1,0,2,2,0,9,3,12,1
1,15,4,1,1,0,3,3,0,11,1,1,1,0,0,1,5,6,0,2,1
1,15,4,1,1,0,3,3,0,2,1,1,1,0,0,0,5,0,0,0,1
8,15,0,1,1,0,3,0,0,2,1,1,1,0,0,1,1,6,0,6,1
3,15,4,0,1,0,3,0,0,2,1,1,1,7,0,0,5,0,0,1,1
2,15,4,0,1,0,3,0,0,2,1,1,1,5,0,3,0,2,7,3,1
0,18,4,0,1,0,3,0,0,16,1,1,1,0,0,1,0,8,5,6,1
9,19,0,1,1,0,3,1,0,0,1,1,1,0,0,1,0,6,11,12,1
4,18,4,0,1,0,3,0,0,2,1,1,1,1,0,1,0,3,2,3,1
1,18,4,0,1,0,3,3,0,16,1,1,1,0,0,2,5,2,0,2,0
13,21,0,1,1,4,3,0,1,0,1,1,1,5,2,2,0,6,6,11,0
14,21,0,1,1,3,3,0,1,0,1,1,1,5,2,1,0,6,2,13,1
7,16,4,0,1,0,3,0,0,2,1,1,1,8,0,1,0,6,6,4,0
4,18,4,0,1,3,3,0,1,2,1,1,1,5,0,1,0,2,4,3,1
11,17,0,0,1,0,3,3,0,8,1,1,1,5,2,3,0,8,1,8,0
6,15,0,0,1,0,3,0,0,1,1,1,1,0,0,2,0,1,0,1,0
11,19,0,1,1,0,3,0,0,0,1,1,1,0,2,2,0,4,11,10,1
5,19,4,1,1,0,3,0,0,2,1,1,1,0,0,0,5,0,0,0,0
9,20,4,1,1,0,3,1,0,0,1,1,1,0,0,1,0,6,6,11,1
4,18,4,0,1,0,3,3,0,11,1,1,1,0,0,6,0,1,6,5,1
0,17,4,1,1,0,3,0,0,16,1,1,1,5,0,1,0,3,4,6,1
12,15,4,0,1,4,3,0,1,14,1,1,1,1,2,1,0,6,8,12,0
6,15,4,1,1,4,3,3,1,14,1,1,1,0,0,0,5,0,0,0,1
8,18,4,0,1,0,3,3,0,11,1,1,1,0,0,1,0,6,3,9,1
1,15,4,0,1,0,0,0,0,16,1,1,1,1,0,5,3,1,1,1,1
7,18,4,1,1,0,3,0,0,2,1,1,1,5,0,1,0,6,6,10,1
11,18,0,0,1,0,3,0,0,2,1,1,1,8,2,3,2,1,0,5,1
1,15,4,1,1,4,3,3,1,9,1,1,1,7,0,9,2,4,0,0,1
8,18,4,0,1,0,3,1,0,16,1,1,1,0,0,2,0,2,11,3,1
8,17,4,0,1,0,3,1,0,2,1,1,1,0,0,1,1,4,0,1,1
15,21,0,1,1,0,3,0,0,0,1,1,1,0,2,1,0,6,5,14,1
2,18,4,0,1,0,3,3,0,2,1,1,1,5,0,1,0,6,3,6,1
7,20,4,0,1,0,3,0,0,5,1,1,1,0,0,6,0,8,3,10,1
11,19,0,0,1,0,3,0,0,0,1,1,1,0,2,1,0,6,3,6,0
1,18,4,1,1,0,3,0,0,2,1,1,1,0,0,1,0,1,1,3,1
10,18,0,0,1,0,3,0,0,8,1,1,1,0,0,1,0,6,3,7,0
9,20,0,0,1,0,3,0,0,0,1,1,1,7,0,1,0,7,11,14,0
14,18,2,1,1,0,3,0,0,0,1,1,1,0,2,1,0,6,0,9,1
6,15,4,1,1,4,3,1,1,11,1,1,1,0,0,1,0,4,1,6,0
14,15,4,1,1,0,3,1,0,12,1,1,1,0,2,1,0,7,1,10,1
15,15,0,1,1,3,3,0,1,0,1,1,1,0,2,0,5,0,0,0,1
9,18,2,1,1,0,3,0,0,2,1,1,1,0,0,1,0,2,3,8,0
14,18,2,1,1,0,3,0,0,2,1,1,1,7,2,1,5,0,0,0,1
8,15,0,0,0,0,3,0,0,2,1,1,1,7,0,1,0,6,4,10,1
5,17,4,1,1,0,3,0,0,2,1,1,1,1,0,4,0,5,1,5,1
5,15,4,0,1,0,3,0,0,2,1,1,1,7,0,1,2,0,0,0,1
5,20,0,0,1,0,3,0,0,0,1,1,1,5,0,1,2,6,0,6,0
10,14,4,1,1,0,3,0,0,2,1,1,1,8,0,1,0,6,10,7,1
0,15,4,0,1,0,3,3,0,11,1,1,1,0,0,1,5,0,0,0,1
12,17,4,0,1,0,3,0,0,12,1,1,1,7,2,6,0,9,6,8,1
10,20,0,0,1,0,3,0,0,0,1,1,1,5,0,1,0,6,6,11,1
3,17,4,0,0,0,3,3,0,15,1,1,0,1,0,0,5,0,0,2,0
14,0,4,1,1,4,3,0,1,0,1,1,1,0,2,1,0,6,1,9,1
7,18,4,0,1,0,0,1,0,16,1,1,1,0,0,5,3,8,4,6,0
0,18,4,0,1,0,3,0,0,16,1,1,1,5,0,0,5,0,0,0,1
1,18,4,0,1,0,3,1,0,11,1,1,1,0,0,1,0,5,2,6,1
13,15,4,0,1,0,3,0,0,12,1,1,1,0,2,1,0,9,4,10,0
11,15,0,1,1,3,3,0,1,1,1,1,1,0,2,1,0,1,2,2,1
4,18,2,0,1,0,1,1,0,16,1,1,1,0,0,1,0,9,4,7,1
9,20,4,0,1,0,3,0,0,0,1,1,1,0,0,1,0,7,0,13,1
0,15,4,0,1,0,3,0,0,2,1,1,1,0,0,0,5,0,0,0,1
8,18,0,1,1,4,3,0,1,8,1,1,1,7,0,1,0,6,4,7,0
0,15,4,1,1,0,3,0,0,2,1,1,1,0,0,0,5,0,0,0,1
0,18,4,0,1,0,3,0,0,16,1,1,1,0,0,1,0,6,8,6,1
5,20,4,1,1,0,3,1,0,2,1,1,1,7,0,1,0,6,4,9,1
10,20,4,1,1,0,3,1,0,12,1,1,1,0,0,3,0,4,1,13,0
7,15,4,0,1,0,3,1,0,0,1,1,1,0,0,1,0,4,4,10,1
10,0,4,1,1,0,3,0,0,2,1,1,1,7,0,0,5,0,0,8,1
2,18,4,1,1,3,3,0,1,16,1,1,1,5,0,1,0,6,10,7,1
5,12,4,0,1,0,3,3,0,5,1,1,1,7,0,1,0,6,4,5,1
6,20,4,1,1,0,3,0,0,0,1,1,1,7,0,1,0,6,3,11,1
7,18,4,1,1,4,3,3,1,0,1,1,1,5,0,1,0,2,4,6,1
6,19,4,1,1,0,3,1,0,2,1,1,1,0,0,1,5,1,0,3,0
0,18,4,1,1,0,3,0,0,16,1,1,1,0,0,2,5,0,0,0,1
8,18,4,0,1,0,3,1,0,0,1,1,1,0,0,2,0,5,0,8,1
14,23,2,1,1,0,3,0,0,5,1,1,1,0,2,1,0,6,8,14,0
2,17,0,1,0,0,3,0,0,1,1,1,1,7,2,0,5,0,0,6,1
11,20,0,0,1,3,3,0,1,0,1,1,1,0,2,1,0,6,2,13,1
8,20,4,1,1,0,3,0,0,2,1,1,1,0,0,3,0,3,7,5,1
15,8,0,0,1,4,3,0,1,11,1,1,1,7,2,1,0,6,4,14,1
14,0,4,1,1,4,3,3,1,12,1,1,1,0,2,1,0,6,4,9,0
7,20,4,0,1,0,3,1,0,0,1,1,1,8,0,1,1,4,0,10,0
2,14,4,1,1,4,3,0,1,11,1,1,1,8,0,1,0,6,3,7,1
11,16,0,0,1,0,3,0,0,15,1,1,1,0,2,0,5,0,0,0,1
10,21,4,1,1,0,3,2,0,5,1,1,1,0,0,2,0,3,2,10,1
5,18,0,0,1,0,1,1,0,1,1,1,1,0,0,5,0,6,4,10,1
13,23,4,1,1,2,3,3,0,1,1,1,1,0,2,8,5,0,0,0,1
5,20,4,1,0,0,3,0,0,0,1,1,0,0,0,0,5,0,0,4,1
0,18,4,1,1,2,3,1,0,2,1,1,1,5,0,1,0,1,3,1,1
8,15,4,0,1,0,3,0,0,7,1,1,1,0,0,1,0,5,2,6,1
2,18,0,1,1,0,3,0,0,8,1,1,1,0,0,0,5,0,0,0,1
4,19,4,0,1,0,3,3,0,2,1,1,1,7,0,1,0,2,3,5,1
0,18,4,1,1,3,3,0,1,10,1,1,1,0,0,1,0,1,2,3,1
4,16,4,0,1,0,3,0,0,3,1,1,1,0,0,1,0,4,1,5,1
11,15,4,0,1,4,3,0,1,5,1,1,1,2,0,6,0,2,5,4,1
10,20,2,1,1,1,3,0,1,12,1,1,1,0,0,1,0,5,1,6,1
6,18,4,1,1,0,3,0,0,5,1,1,1,0,0,1,5,1,0,2,1
7,17,4,0,1,3,3,0,0,2,1,1,1,0,0,7,0,6,5,10,1
1,18,4,0,1,0,3,0,0,2,1,1,1,7,0,0,5,0,0,0,1
9,15,4,0,1,0,3,0,0,12,1,1,1,0,0,1,0,7,0,9,1
9,21,0,1,1,3,3,0,1,0,1,1,1,0,0,2,0,6,2,10,0
9,20,4,1,1,0,3,1,0,0,1,1,1,0,0,2,0,8,2,12,0
3,15,0,0,1,0,3,1,0,1,1,1,1,8,0,1,0,2,1,6,0
13,0,0,1,1,0,3,1,0,1,1,1,1,8,2,6,1,3,0,9,1
10,20,0,1,1,0,3,0,0,1,1,1,1,0,0,1,0,3,4,11,1
5,18,4,1,1,0,3,1,0,2,1,1,1,0,0,1,0,2,10,2,0
4,18,0,1,1,3,3,0,1,1,1,1,1,5,0,1,0,1,4,4,1
15,15,0,0,1,0,1,3,0,1,1,1,1,0,2,1,5,0,0,0,0
0,13,4,1,1,0,3,0,0,2,1,1,1,7,0,0,5,0,0,0,1
14,19,4,1,1,0,3,1,0,0,1,1,1,0,2,1,0,8,3,14,1
6,19,4,0,0,0,3,1,0,2,0,1,0,6,0,1,0,5,10,9,1
6,20,4,0,1,0,3,0,0,2,1,1,1,1,0,1,0,6,8,5,1
10,20,0,0,1,0,3,1,0,0,1,1,1,0,0,1,0,9,8,14,1
12,16,4,0,1,0,3,1,0,2,1,1,1,8,2,1,0,6,1,11,1
8,20,4,0,1,0,3,1,0,2,1,1,1,0,0,2,0,8,8,13,1
3,15,4,0,1,0,3,0,0,12,1,1,1,0,0,1,0,8,3,11,0
11,15,4,1,1,0,3,0,0,10,1,1,1,0,2,1,0,6,0,6,1
12,19,4,1,1,0,3,1,0,0,1,1,1,0,2,1,0,6,8,6,1
0,17,4,0,1,0,2,0,0,2,1,1,1,0,0,1,0,4,3,6,1
14,15,4,1,1,4,3,0,1,12,1,1,1,7,2,1,0,6,8,10,1
2,15,4,0,1,0,3,0,0,4,1,1,1,0,0,0,5,0,0,0,1
10,18,4,0,1,0,3,1,0,2,1,1,1,0,0,3,0,6,6,12,1
2,18,2,1,0,0,3,1,0,0,1,1,1,5,0,1,0,2,4,2,0
7,20,4,0,1,0,3,1,0,11,1,1,1,0,0,1,0,6,8,8,0
13,20,0,1,1,0,3,0,0,1,1,1,1,5,2,1,0,6,8,14,0
9,18,4,1,1,0,3,1,0,0,1,1,1,0,0,4,0,1,1,1,1
9,15,3,1,1,0,3,3,0,9,1,1,1,0,0,1,0,6,8,8,1
14,18,0,1,1,0,3,3,0,8,1,1,1,5,2,1,0,6,0,8,1
7,20,4,1,1,3,3,0,1,2,1,1,1,5,0,1,5,0,0,0,1
2,18,4,1,1,0,3,0,0,4,1,1,1,7,0,1,0,5,6,5,1
10,12,4,1,1,2,3,0,0,12,1,1,1,2,0,1,2,0,0,14,1
6,20,4,1,1,0,3,0,0,11,1,1,1,5,0,1,0,6,3,10,1
10,19,4,1,1,0,3,0,0,2,1,1,1,7,0,3,0,3,4,4,1
15,22,4,0,1,0,3,1,0,11,1,1,1,0,2,1,0,7,6,14,1
14,15,0,0,1,0,3,1,0,2,1,1,1,0,2,1,0,6,1,9,1
15,20,0,0,1,0,3,0,0,1,1,1,1,0,2,0,5,0,0,0,1
0,17,4,1,1,0,3,0,0,16,1,1,1,8,0,1,0,2,6,2,0
1,18,4,0,1,0,3,0,0,2,1,1,1,0,0,1,0,6,3,3,1
0,15,4,1,1,0,3,0,0,2,1,1,1,7,0,1,1,2,0,1,1
13,20,4,0,1,0,3,0,0,15,1,1,1,0,2,1,5,6,0,14,1
9,21,0,1,1,0,3,0,0,2,1,1,1,0,0,3,0,2,0,1,1
14,17,0,1,1,0,3,0,0,1,1,1,1,8,2,6,0,6,6,11,0
7,20,4,1,1,0,3,0,0,2,1,1,1,7,0,2,0,8,6,9,1
2,18,4,0,1,2,3,0,0,2,1,1,1,1,0,1,0,5,8,8,1
3,15,4,1,1,0,3,3,0,2,1,1,1,0,0,1,0,2,8,4,1
10,20,4,1,1,0,3,0,0,0,1,1,1,7,0,1,0,5,3,5,1
15,20,0,1,1,3,3,0,1,0,1,1,1,5,2,1,0,6,4,13,1
0,18,4,0,1,0,3,0,0,11,1,1,1,0,0,0,5,0,0,0,0
12,21,0,0,1,0,3,0,0,1,1,1,1,5,2,4,0,6,5,12,1
9,21,4,0,1,4,3,0,1,0,1,1,1,5,0,1,0,6,3,13,0
10,17,4,1,1,0,3,0,0,2,1,1,1,0,0,1,2,0,0,0,1
13,18,0,0,1,0,3,1,0,0,1,1,1,0,2,1,0,6,6,11,1
15,18,0,0,1,0,3,0,0,1,1,1,1,0,2,1,0,6,11,8,0
0,13,4,0,1,4,3,0,1,10,1,1,1,8,0,0,5,0,0,0,0
8,18,4,0,1,0,3,0,0,2,1,1,1,0,0,1,0,6,8,10,1
6,20,0,0,1,0,0,1,0,11,1,1,1,0,0,5,3,6,9,12,0
4,18,4,1,1,0,3,1,0,0,1,1,1,0,0,1,0,6,6,10,0
8,20,0,1,1,0,3,1,0,0,1,1,1,0,0,1,0,6,3,13,0
9,20,0,1,1,0,3,0,0,0,1,1,1,7,0,1,0,6,5,12,1
13,23,0,1,1,4,3,0,1,0,1,1,1,0,2,1,0,8,4,14,1
13,15,0,1,1,3,3,0,1,1,1,1,1,0,2,1,0,6,6,6,0
9,18,0,1,1,3,3,0,1,1,1,1,1,0,0,6,5,0,0,0,1
1,15,2,1,1,4,3,3,0,11,1,1,1,2,0,1,5,6,7,11,1
12,20,4,1,1,0,3,0,0,0,1,1,1,0,2,7,5,5,0,3,1
1,15,4,1,1,0,3,0,0,2,1,1,1,0,0,1,0,6,8,12,1
5,19,4,0,1,0,3,1,0,0,1,1,1,8,0,0,5,0,0,0,1
1,18,4,1,1,4,3,0,1,9,1,1,1,0,0,1,0,2,3,2,1
9,18,4,1,1,4,3,0,1,0,1,1,1,5,0,0,5,0,0,0,1
0,18,4,0,1,0,3,1,0,2,1,1,1,8,0,1,5,0,0,0,1
5,14,4,0,1,4,3,0,1,2,1,1,1,0,0,1,5,0,0,0,1
6,20,4,0,1,0,3,3,0,11,1,1,1,5,0,1,0,8,4,11,0
10,14,0,0,1,0,3,0,0,0,1,1,1,5,0,1,0,6,8,12,1
3,17,4,0,0,0,3,0,0,2,1,1,0,7,0,1,0,9,3,8,1
13,15,4,0,0,0,3,0,0,15,1,1,0,0,2,2,5,0,0,2,0
12,18,4,1,1,0,3,3,0,11,1,1,1,1,2,0,5,0,0,3,0
6,17,4,1,0,0,3,1,0,2,1,1,0,0,0,0,5,0,0,4,1
7,19,4,0,1,0,3,1,0,2,1,1,1,1,0,1,0,6,3,7,1
9,17,4,1,1,0,3,0,0,2,1,1,1,1,0,0,5,0,0,4,1
1,19,2,0,1,0,3,1,0,7,1,1,1,0,0,1,0,3,6,9,1
3,19,4,1,1,0,3,3,0,2,1,1,1,0,0,2,5,1,0,3,1
2,20,4,0,1,2,3,0,0,2,1,1,1,0,0,1,0,2,3,5,1
4,15,4,0,1,4,3,0,1,9,1,1,1,5,0,1,0,6,2,8,1
7,17,4,1,1,0,3,0,0,11,1,1,1,0,0,1,0,5,8,5,1
6,18,4,0,1,0,3,0,0,2,1,1,1,1,0,1,0,2,8,4,1
9,19,4,0,1,0,3,1,0,0,1,1,1,8,0,1,0,6,6,12,1
8,20,4,0,1,0,3,0,0,2,1,1,1,0,0,1,0,6,3,11,0
14,15,4,1,0,0,3,0,0,0,1,1,0,1,2,0,5,0,0,2,1
11,20,4,0,1,0,3,0,0,2,1,1,1,5,0,2,0,4,5,4,0
6,18,4,1,1,4,3,1,1,2,1,1,1,0,0,1,0,1,11,3,1
3,18,4,1,1,0,3,3,0,2,1,1,1,0,0,1,0,3,2,4,1
3,22,4,1,1,0,3,0,0,7,1,1,1,7,0,1,0,5,3,6,1
1,18,4,0,1,0,3,3,0,2,1,1,1,7,0,1,0,3,6,4,1
8,17,4,1,1,0,3,0,0,7,1,1,1,7,0,1,0,6,1,10,1
9,20,0,0,1,0,3,1,0,1,1,1,1,0,0,1,0,6,11,14,0
4,20,4,0,1,3,3,0,1,0,1,1,1,5,0,1,1,2,0,1,0
7,19,4,1,1,0,3,3,0,0,1,1,1,8,0,1,0,6,6,4,1
0,15,4,1,1,0,3,0,0,5,1,1,1,0,0,1,0,3,6,2,1
10,21,4,0,1,0,3,1,0,0,1,1,1,5,0,1,0,7,2,14,0
12,15,4,1,1,0,3,0,0,0,1,1,1,0,2,2,0,1,3,3,1
10,20,4,1,1,0,3,0,0,0,1,1,1,0,0,1,0,5,7,12,1
7,20,0,1,1,0,3,0,0,1,1,1,1,1,0,1,0,4,4,6,0
10,20,4,0,1,0,3,0,0,11,1,1,1,7,0,1,0,6,4,13,1
12,15,4,1,1,0,3,0,0,2,1,1,1,0,2,0,5,0,0,0,1
2,19,0,1,1,0,3,0,0,8,1,1,1,0,0,3,0,6,1,11,1
3,22,0,1,1,0,3,1,0,0,1,1,1,0,0,3,0,9,6,13,1
5,15,0,0,1,0,3,0,0,1,1,1,1,1,0,5,0,9,2,2,0
7,18,4,1,1,0,3,0,0,0,1,1,1,7,0,1,0,4,2,4,1
2,18,4,0,1,3,3,3,1,2,1,1,1,5,0,1,0,1,2,4,1
1,18,4,0,1,0,3,0,0,2,1,1,1,0,0,1,5,0,0,0,1
12,20,4,0,1,0,3,3,0,0,1,1,1,0,2,1,0,8,10,13,1
3,15,4,0,1,4,3,0,1,9,1,1,1,5,0,0,5,0,0,0,0
14,11,0,1,0,4,3,0,1,1,1,1,1,7,2,0,5,0,0,0,1
3,17,4,1,1,3,3,3,1,0,1,1,1,7,0,1,0,6,3,8,1
4,18,0,1,1,0,1,0,0,0,1,1,1,0,0,1,0,6,7,10,1
11,19,4,0,1,0,3,1,0,16,1,1,1,0,2,1,0,9,10,11,0
13,21,4,1,1,4,3,0,1,0,1,1,1,5,2,1,0,6,6,14,1
0,17,4,0,1,0,3,1,0,7,1,1,1,8,0,1,5,0,0,0,1
7,18,4,1,1,0,3,1,0,11,1,1,1,0,0,1,0,6,3,11,1
3,15,4,1,1,0,3,1,0,2,1,1,1,7,0,6,0,2,3,5,1
0,15,4,1,1,0,3,0,0,2,1,1,1,0,0,0,5,0,0,0,1
8,20,4,0,1,4,3,0,1,11,1,1,1,7,0,4,0,9,4,5,1
14,22,4,1,1,0,3,0,0,0,1,1,1,5,0,2,0,5,8,14,0
0,18,4,0,1,0,3,0,0,5,1,1,1,7,0,1,0,2,3,3,1
11,18,4,0,1,0,3,0,0,0,1,1,1,0,2,1,0,4,3,5,1
15,19,4,1,1,0,3,0,0,0,1,1,1,0,2,6,0,1,0,3,1
4,15,4,0,1,0,3,0,0,9,1,1,1,5,0,1,0,6,8,11,1
13,17,0,0,1,0,3,1,0,0,1,1,1,7,2,1,0,9,6,12,1
5,20,4,1,1,0,3,1,0,0,1,1,1,0,0,3,0,6,3,5,0
14,20,0,1,1,3,3,0,1,1,1,1,1,5,2,1,0,6,6,11,1
10,13,4,0,0,0,3,0,0,2,1,1,0,1,0,1,2,2,0,3,1
10,15,0,0,1,0,3,1,0,1,1,1,1,0,0,1,0,6,3,11,1
12,22,0,0,1,0,3,0,0,1,1,1,1,5,2,1,0,7,8,11,1
14,20,0,0,1,4,3,0,1,0,1,1,1,0,2,1,0,6,9,14,1
3,20,4,1,1,0,3,0,0,12,1,1,1,0,0,1,0,4,2,4,0
8,18,4,0,1,0,3,0,0,0,1,1,1,0,0,2,0,6,2,7,0
15,20,0,1,1,0,3,0,0,1,1,1,1,7,2,1,0,6,4,11,1
1,18,4,0,1,0,3,0,0,2,1,1,1,0,0,0,5,0,0,0,1
8,20,0,1,1,3,3,1,1,0,1,1,1,7,0,1,0,6,2,13,1
13,15,4,0,1,0,3,0,0,7,1,1,1,8,0,1,0,5,3,5,1
1,15,4,1,1,3,3,0,1,16,1,1,1,5,0,1,0,1,1,3,1
6,20,4,0,1,0,3,1,0,2,1,1,1,0,0,1,0,6,2,10,1
5,20,4,1,1,0,3,1,0,2,1,1,1,8,0,1,0,6,6,4,0
3,18,4,1,1,0,3,1,0,2,1,1,1,0,0,1,0,6,4,10,1
2,15,4,0,1,0,0,0,0,0,1,1,1,5,0,5,3,7,4,12,1
1,15,4,1,1,4,3,0,1,12,1,1,1,7,0,1,2,1,0,3,0
13,12,2,0,1,0,3,0,0,5,1,1,1,0,2,6,0,6,8,13,1
11,5,4,1,1,3,3,0,1,4,1,1,1,0,2,3,0,6,8,7,1
1,18,4,0,0,3,3,1,0,2,0,0,1,0,0,7,0,6,5,10,1
13,20,4,1,1,0,3,1,0,2,1,1,1,0,2,1,5,0,0,0,1
12,15,0,0,1,4,3,0,1,0,1,1,1,0,2,2,0,1,2,3,1
7,20,4,1,1,0,3,1,0,0,1,1,1,0,0,1,0,6,4,4,0
7,17,4,0,1,0,3,0,0,2,1,1,1,7,0,0,5,0,0,0,1
15,21,0,1,1,4,3,0,1,1,1,1,1,5,2,1,0,6,4,10,1
15,22,0,0,1,4,3,0,1,1,1,1,1,0,2,1,0,7,6,8,1
9,21,4,0,1,0,3,0,0,0,1,1,1,1,0,6,0,1,8,14,0
4,21,4,1,1,0,3,1,0,4,1,1,1,0,0,1,0,4,2,9,0
14,11,4,0,1,4,3,0,1,0,1,1,1,0,2,1,0,8,2,14,1
4,20,4,1,1,0,3,1,0,2,1,1,1,0,0,1,0,4,1,7,1
1,18,4,1,1,0,3,0,0,16,1,1,1,1,0,3,5,1,0,2,0
3,19,4,0,1,0,3,0,0,7,1,1,1,0,0,1,0,6,4,9,1
5,20,4,1,1,0,3,3,0,4,1,1,1,5,0,1,0,1,8,1,1
6,20,4,0,1,0,3,0,0,4,1,1,1,0,0,1,2,0,0,0,1
10,20,4,1,1,4,3,0,1,0,1,1,1,2,0,1,0,6,5,14,0
14,17,0,1,1,4,3,0,1,1,1,1,1,5,2,1,0,6,5,11,1
5,19,4,0,1,0,3,1,0,2,1,1,1,0,0,1,0,3,3,5,1
10,18,4,1,1,0,3,0,0,0,1,1,1,7,0,1,0,5,2,10,1
13,15,0,1,1,0,3,0,0,0,1,1,1,0,2,1,1,1,0,1,1
10,18,4,0,1,3,3,3,1,10,1,1,1,5,0,1,0,6,10,13,1
0,15,4,1,1,0,3,0,0,4,1,1,1,0,0,1,0,1,3,2,1
8,21,4,0,1,4,3,0,1,0,1,1,1,0,0,2,0,9,1,13,1
0,15,4,0,1,0,3,1,0,2,1,1,1,0,0,1,0,5,6,6,1
9,19,4,1,0,0,3,3,0,13,1,0,0,8,0,6,0,6,0,11,0
0,15,4,1,1,0,3,0,0,2,1,1,1,0,0,1,0,2,4,3,1
2,18,4,0,1,4,3,0,1,9,1,1,1,5,0,0,5,0,0,0,0
0,18,4,1,1,0,3,0,0,16,1,1,1,0,0,1,5,1,0,2,0
3,15,4,1,1,0,3,3,0,2,1,1,1,0,0,0,5,0,0,0,1
7,18,4,0,1,0,3,0,0,11,1,1,1,7,0,1,0,6,10,8,1
14,20,4,0,1,0,3,1,0,2,1,1,1,8,2,1,0,6,0,10,1
8,16,4,0,1,0,3,1,0,2,1,1,1,7,0,6,0,1,0,1,1
11,17,4,0,1,0,3,0,0,7,1,1,1,0,2,1,0,8,4,10,1
14,14,4,1,1,0,3,0,0,2,1,1,1,8,2,1,0,5,3,5,1
5,17,4,1,0,0,3,2,0,2,1,0,0,3,0,2,5,4,0,2,0
0,17,4,1,1,0,3,1,0,16,1,1,1,0,0,2,5,1,0,2,0
6,20,4,1,1,0,3,3,0,2,1,1,1,7,0,8,5,2,0,4,1
6,15,4,1,1,0,3,1,0,2,1,1,1,0,0,4,0,6,5,7,1
0,18,4,1,1,0,3,0,0,16,1,1,1,7,0,2,5,1,0,2,1
0,18,4,0,1,0,3,3,0,2,1,1,1,0,0,1,2,2,0,3,1
10,14,4,1,1,0,3,0,0,3,1,1,1,0,0,1,0,6,8,5,1
0,15,4,1,1,0,3,0,0,2,1,1,1,7,0,9,2,0,0,0,1
13,10,4,0,0,4,3,0,1,0,1,1,0,7,2,1,0,6,3,8,1
15,19,4,1,1,0,3,0,0,0,1,1,1,0,2,1,0,6,3,5,0
9,15,0,1,1,0,3,0,0,2,1,1,1,7,0,1,0,5,2,6,1
14,23,0,0,1,0,3,0,0,0,1,1,1,0,2,1,0,8,11,13,0
10,19,0,1,1,0,3,1,0,1,1,1,1,0,0,7,0,9,8,9,1
1,13,4,0,1,4,3,3,1,10,1,1,1,7,0,0,5,0,0,0,1
6,19,4,1,1,0,3,1,0,2,1,1,1,0,0,1,0,3,5,6,1
8,15,4,0,1,0,3,3,0,11,1,1,1,0,0,1,0,7,3,10,0
8,15,0,0,1,4,3,0,1,1,1,1,1,7,0,1,0,6,6,2,0
4,15,4,1,0,0,3,0,0,2,1,1,1,2,0,0,5,0,0,0,1
8,21,0,1,1,4,3,0,1,1,1,1,1,5,0,1,1,6,0,10,0
7,18,0,0,1,0,3,0,0,1,1,1,1,0,0,1,0,6,2,6,1
9,15,0,0,1,4,3,0,1,1,1,1,1,0,0,1,0,6,11,11,1
12,19,0,1,1,4,3,0,1,1,1,1,1,5,2,1,0,6,3,10,1
7,15,4,0,1,4,3,3,1,2,1,1,1,7,0,1,0,9,10,10,1
14,20,4,1,1,0,3,0,0,9,1,1,1,0,2,1,0,7,11,9,0
5,23,4,0,1,2,0,3,1,12,1,1,1,5,2,5,3,0,11,6,0
3,15,4,0,1,0,3,0,0,2,1,1,1,7,0,0,5,0,0,0,1
14,14,0,1,1,4,3,0,1,0,1,1,1,7,2,2,0,6,8,7,0
4,18,4,1,1,0,3,1,0,2,1,1,1,0,0,1,0,6,1,6,1
0,17,4,0,0,0,3,0,0,7,1,0,0,0,0,6,2,0,0,0,1
13,18,4,1,1,0,3,0,0,0,1,1,1,7,2,6,0,6,6,8,0
12,16,4,0,1,0,3,0,0,15,1,1,1,0,2,0,5,0,0,0,1
10,10,0,0,1,4,3,0,1,0,1,1,1,7,0,5,0,6,5,10,1
11,18,4,0,1,0,3,1,0,2,1,1,1,0,2,1,0,6,6,4,1
13,20,0,0,1,0,3,1,0,1,1,1,1,0,2,1,1,8,0,14,1
14,20,0,1,1,0,3,0,0,0,1,1,1,0,2,2,0,8,11,14,1
1,14,4,1,1,0,3,0,0,2,1,1,1,0,0,9,2,0,0,0,1
15,20,4,1,1,0,3,3,0,11,1,1,1,1,2,1,0,5,4,5,0
12,18,4,0,1,0,3,0,0,9,1,1,1,0,2,2,0,7,3,10,1
11,20,0,0,1,0,3,1,0,0,1,1,1,0,2,3,0,6,4,14,0
5,20,4,1,1,0,3,1,0,0,1,1,1,5,0,1,2,2,0,4,1
12,17,0,0,1,0,3,0,0,0,1,1,1,5,2,6,0,6,10,11,1
8,18,0,0,1,0,3,1,0,0,1,1,1,7,0,1,1,6,0,6,1
13,21,0,1,1,4,3,0,1,1,1,1,1,0,2,1,0,9,6,14,0
5,18,4,0,1,3,3,0,1,5,1,1,1,0,0,1,0,6,2,4,1
15,20,4,0,1,0,3,1,0,0,1,1,1,0,2,4,0,6,5,12,1
11,18,4,1,1,0,3,3,0,0,1,1,1,7,2,1,2,6,0,2,0
7,19,4,1,1,0,3,1,0,16,1,1,1,0,0,1,0,1,2,3,1
10,15,0,1,1,0,3,3,0,3,1,1,1,0,0,1,0,6,2,10,1
14,20,0,1,1,4,3,0,1,1,1,1,1,5,2,1,0,5,3,10,1
12,15,0,0,1,0,3,0,0,0,1,1,1,0,2,1,0,9,2,8,0
1,21,4,1,1,0,3,0,0,11,1,1,1,0,0,1,0,6,4,13,0
15,15,0,1,1,4,3,3,1,0,1,1,1,0,2,1,0,8,5,6,1
1,18,4,0,1,4,3,0,1,10,1,1,1,5,0,0,5,0,0,0,1
2,16,4,0,1,0,3,0,0,15,1,1,1,0,0,0,5,0,0,0,0
9,20,0,0,1,0,3,1,0,0,1,1,1,0,0,4,0,6,5,7,0
3,15,4,1,1,0,3,1,0,2,1,1,1,0,0,1,0,4,2,5,1
8,20,4,1,1,0,3,0,0,12,1,1,1,0,0,1,0,6,10,8,1
13,15,0,1,1,4,3,0,1,8,1,1,1,5,2,1,1,6,0,6,1
1,18,4,1,1,0,3,3,0,2,1,1,1,0,0,1,0,3,2,8,1
3,18,4,0,1,0,3,3,0,2,1,1,1,0,0,1,5,0,0,0,1
5,20,4,0,1,0,3,0,0,0,1,1,1,5,0,5,5,9,0,3,0
14,17,0,1,1,0,3,0,0,0,1,1,1,0,2,1,0,9,6,13,1
8,18,4,1,1,3,3,0,1,7,1,1,1,0,0,1,0,6,6,7,1
8,21,4,1,1,0,3,1,0,0,1,1,1,0,0,1,0,9,1,14,1
10,15,0,0,1,4,3,3,1,1,1,1,1,0,0,7,2,6,0,8,1
11,20,0,1,1,4,3,0,1,1,1,1,1,5,2,0,5,0,0,0,1
9,16,4,1,1,0,3,0,0,2,1,1,1,0,0,1,0,5,6,10,1
1,18,4,0,1,0,3,1,0,2,1,1,1,0,0,1,0,1,2,2,1
14,15,4,0,1,0,3,0,0,0,1,1,1,8,2,1,0,6,1,11,1
14,21,4,0,1,0,3,3,0,0,1,1,1,0,2,1,0,7,3,11,1
14,18,0,1,1,0,3,0,0,1,1,1,1,1,2,3,0,5,2,7,1
14,19,0,1,1,0,3,0,0,0,1,1,1,0,2,1,5,0,0,0,1
7,15,4,0,1,0,3,0,0,2,1,1,1,5,0,1,0,6,10,5,1
12,20,4,0,1,0,3,0,0,0,1,1,1,0,2,1,0,4,3,9,1
10,18,4,1,1,0,3,3,0,2,1,1,1,7,0,1,0,6,4,9,1
6,20,4,0,1,0,3,1,0,2,1,1,1,0,0,1,0,1,4,2,1
0,18,4,0,1,0,3,1,0,2,1,1,1,0,0,1,0,3,2,4,1
10,20,0,1,1,0,3,0,0,0,1,1,1,0,0,1,0,6,10,7,1
8,21,4,0,1,0,3,1,0,2,1,1,1,0,0,1,0,8,3,13,1
12,17,4,1,1,4,3,0,1,0,1,1,1,7,2,1,0,6,4,8,1
14,19,4,1,1,0,3,0,0,2,1,1,1,7,2,1,0,6,5,11,1
8,20,0,1,0,0,3,0,0,0,1,1,1,5,0,1,0,7,2,5,0
5,15,4,0,1,0,3,0,0,2,1,1,1,0,0,1,0,6,5,7,1
6,18,4,0,0,0,3,1,0,16,1,1,0,0,0,0,5,0,0,7,1
1,15,4,1,1,0,3,0,0,2,1,1,1,7,0,0,5,0,0,0,1
14,20,0,1,1,4,3,0,1,0,1,1,1,7,2,6,0,4,1,5,1
4,19,4,1,1,0,3,0,0,7,1,1,1,0,0,1,0,6,6,9,1
5,17,0,1,1,0,3,0,0,1,1,1,1,0,0,6,5,0,0,2,0
6,15,4,0,1,0,3,0,0,12,1,1,1,0,0,1,0,4,2,5,1
10,10,4,0,1,4,3,0,1,14,1,1,1,0,0,0,5,0,0,0,1
1,17,4,1,1,0,3,0,0,2,1,1,1,1,0,1,0,1,3,1,1
13,20,0,0,1,0,3,3,0,0,1,1,1,5,2,1,0,8,10,14,1
11,19,4,1,1,0,3,0,0,2,1,1,1,0,2,1,0,1,2,2,1
11,20,4,0,1,0,3,0,0,11,1,1,1,0,2,1,0,6,6,13,1
9,18,4,0,1,0,3,0,0,2,1,1,1,0,0,1,5,0,0,0,1
13,20,4,0,1,0,3,0,0,0,1,1,1,0,2,1,0,6,4,13,1
13,18,0,0,1,4,3,0,1,1,1,1,1,7,2,1,0,6,4,12,1
3,15,4,0,1,0,3,3,0,0,1,1,1,0,0,1,0,6,2,5,0
6,17,4,0,1,4,3,0,1,5,1,1,1,0,0,1,0,6,6,10,1
1,15,4,0,1,0,3,0,0,2,1,1,1,5,0,1,2,3,0,5,1
7,10,4,0,1,4,3,0,1,7,1,1,1,0,0,5,5,0,0,0,1
11,20,0,1,1,4,3,0,1,1,1,1,1,5,2,0,5,0,0,0,1
13,23,0,0,1,2,0,0,0,0,1,1,1,0,2,5,5,8,6,14,1
1,17,4,1,1,0,3,3,0,11,1,1,1,0,0,1,0,1,6,2,1
10,14,4,0,1,4,3,0,1,4,1,1,1,0,0,1,0,6,8,12,1
10,18,2,0,1,0,3,1,0,16,1,1,1,0,0,7,3,5,0,8,0
8,20,4,0,1,0,3,0,0,2,1,1,1,0,0,1,0,4,2,6,1
7,20,4,0,1,0,3,1,0,11,1,1,1,7,0,1,0,6,10,12,0
15,10,0,1,1,4,3,0,1,0,1,1,1,0,2,0,5,0,0,0,1
10,20,4,0,1,0,3,1,0,11,1,1,1,0,0,1,0,8,6,13,1
14,22,0,1,1,0,3,0,0,1,1,1,1,7,2,1,0,7,8,11,1
7,13,4,0,1,2,3,3,0,2,1,1,1,0,0,1,0,6,10,7,1
2,18,0,1,1,0,3,0,0,1,1,1,1,0,0,1,0,4,7,4,1
8,18,4,0,1,0,3,0,0,7,1,1,1,0,0,1,0,6,8,10,1
3,20,4,1,1,4,3,0,1,11,1,1,1,5,0,1,0,6,6,4,0
6,19,4,1,1,4,3,0,1,2,1,1,1,7,0,1,0,4,6,7,1
3,19,4,0,1,0,3,3,0,2,1,1,1,0,0,0,5,0,0,0,1
11,18,0,0,1,0,1,1,0,0,1,1,1,8,2,0,5,0,0,10,1
11,22,0,1,1,0,3,1,0,1,1,1,1,0,2,1,0,7,0,11,1
5,20,4,1,1,3,3,0,1,0,1,1,1,5,0,2,0,2,6,2,1
10,21,4,0,1,4,3,0,1,2,1,1,1,5,0,1,2,0,0,0,1
9,21,4,0,1,0,3,0,0,14,1,1,1,1,0,1,0,9,6,9,0
4,15,4,0,1,0,3,0,0,11,1,1,1,2,0,6,0,4,6,6,1
4,18,4,0,0,0,3,1,0,2,1,1,1,0,0,1,5,0,0,4,1
15,22,0,1,1,0,3,0,0,0,1,1,1,0,2,1,0,6,2,7,1
14,20,0,0,1,3,3,0,1,1,1,1,1,5,2,1,2,0,0,0,1
6,11,4,1,1,4,3,0,1,11,1,1,1,0,0,0,5,0,0,0,1
10,20,4,1,1,0,3,3,0,4,1,1,1,5,0,3,0,6,8,7,1
10,20,0,1,1,4,3,3,1,0,1,1,1,5,0,1,0,8,0,11,0
7,13,4,1,1,0,3,0,0,2,1,1,1,7,0,0,5,0,0,5,1
13,19,4,0,1,4,3,0,1,2,1,1,1,7,2,1,0,6,10,11,1
4,12,3,1,0,0,3,3,0,2,1,1,0,3,1,4,0,4,3,6,1
14,15,0,1,1,0,3,0,0,1,1,1,1,7,2,1,0,6,11,9,1
1,18,4,1,1,0,3,0,0,2,1,1,1,8,0,5,0,9,4,2,0
2,15,4,1,1,0,3,0,0,4,1,1,1,0,0,1,0,3,10,2,1
6,18,4,0,1,0,3,1,0,5,1,1,1,8,0,1,0,3,4,9,1
5,15,4,0,1,0,0,1,0,16,1,1,1,0,0,5,3,9,1,6,1
7,18,4,0,1,0,3,1,0,2,1,1,1,0,0,1,0,6,4,10,1
12,20,0,1,1,0,3,0,0,1,1,1,1,5,2,1,1,6,0,11,1
12,13,0,1,1,0,3,1,0,1,1,1,1,0,2,6,5,0,0,11,0
3,18,4,0,1,0,3,1,0,2,1,1,1,0,0,2,0,1,2,4,1
4,18,4,0,1,0,3,0,0,0,1,1,1,1,0,4,0,6,6,6,0
4,19,4,0,1,0,3,1,0,2,1,1,1,0,0,1,0,9,8,8,1
3,15,4,0,1,0,0,0,0,16,1,1,1,0,0,5,3,8,1,7,1
3,15,4,0,1,0,3,3,0,0,1,1,1,7,0,1,2,1,0,4,1
13,15,4,1,1,2,3,0,0,2,1,1,1,5,2,1,0,6,3,12,1
11,20,0,1,1,0,3,0,0,0,1,1,1,0,2,3,0,6,2,13,0
1,18,4,1,1,0,3,3,0,2,1,1,1,7,0,1,5,0,0,0,0
6,15,4,0,1,0,3,0,0,2,1,1,1,0,0,1,0,1,3,2,1
14,20,0,0,1,4,3,0,1,0,1,1,1,7,2,6,0,6,0,11,1
5,15,4,0,1,0,3,3,0,4,1,1,1,2,0,6,2,0,0,0,1
12,20,4,1,1,0,3,1,0,0,1,1,1,0,2,1,1,9,0,10,1
5,20,4,1,1,0,3,0,0,0,1,1,1,7,0,1,0,2,3,2,1
11,20,4,0,1,0,3,0,0,11,1,1,1,0,2,1,0,8,6,12,1
12,15,4,0,1,0,3,0,0,0,1,1,1,7,2,1,0,6,8,6,1
9,20,0,0,1,0,3,0,0,8,1,1,1,7,0,1,0,7,0,11,1
6,15,4,0,1,0,3,3,0,2,1,1,1,0,0,0,5,0,0,0,1
15,20,0,0,1,0,1,0,0,1,1,1,1,0,2,1,0,9,11,14,0
8,20,0,1,1,0,3,3,0,1,1,1,1,0,0,2,0,6,2,13,0
14,8,2,0,1,4,3,0,1,2,1,1,1,0,2,1,5,0,0,1,1
12,20,4,1,1,0,3,3,0,2,1,1,1,1,2,1,2,6,0,3,1
5,18,4,0,0,0,3,0,0,0,1,0,1,5,0,1,0,6,11,11,1
0,15,4,1,1,0,3,0,0,7,1,1,1,1,0,0,5,0,0,4,0
3,14,4,0,0,2,3,1,1,0,1,1,0,5,2,1,0,1,1,6,1
7,15,4,0,1,0,3,0,0,2,1,1,1,0,0,1,0,5,5,6,1
11,22,4,0,1,0,3,3,0,7,1,1,1,1,0,1,0,8,8,14,1
7,16,4,1,1,0,3,0,0,5,1,1,1,5,0,1,0,3,5,10,0
1,18,4,1,1,0,3,0,0,12,1,1,1,0,0,1,0,4,3,6,0
10,19,0,1,1,0,3,0,0,1,1,1,1,0,0,7,5,4,0,4,1
1,18,2,1,1,0,3,0,0,2,1,1,1,0,0,1,0,1,8,7,0
5,15,4,0,1,0,3,3,0,0,1,1,1,0,0,7,0,5,8,13,0
2,15,4,1,0,0,3,0,0,16,1,1,0,1,0,0,5,0,0,4,0
13,18,0,1,1,3,3,0,1,1,1,1,1,0,2,3,0,2,3,4,1
12,18,2,1,1,0,3,1,0,0,1,1,1,0,2,1,0,6,8,11,1
8,0,3,0,1,0,1,3,0,1,1,1,1,0,2,1,0,3,4,9,1
8,20,4,1,1,3,3,2,1,0,1,1,1,0,0,1,5,3,0,1,1
14,18,4,1,1,0,3,3,0,0,1,1,1,8,2,1,0,6,3,7,1
14,17,0,0,1,0,3,0,0,0,1,1,1,0,2,6,1,6,0,11,1
2,18,4,1,1,0,3,1,0,2,1,1,1,0,0,1,0,2,6,2,1
2,18,4,0,1,3,3,0,1,2,1,1,1,8,0,3,0,1,2,2,1
4,20,4,1,1,0,3,0,0,2,1,1,1,0,0,6,0,4,6,9,1
13,18,0,1,1,0,3,3,0,1,1,1,1,0,2,1,0,6,4,12,1
8,18,4,0,1,0,3,0,0,11,1,1,1,0,0,1,5,6,0,2,0
12,15,0,1,0,0,3,0,0,2,1,1,1,0,2,0,5,0,0,0,1
14,11,4,0,1,4,3,3,1,5,1,1,1,7,2,1,0,8,3,10,1
1,18,4,1,1,0,3,0,0,12,1,1,1,7,0,0,5,0,0,0,1
7,16,0,0,1,0,0,0,0,16,1,1,1,0,0,5,3,7,5,10,1
2,17,4,0,1,0,3,1,0,15,1,1,1,0,0,1,5,1,0,1,1
7,18,4,1,1,0,3,0,0,0,1,1,1,1,0,1,1,3,0,6,0
0,17,4,0,1,0,3,3,0,2,1,1,1,0,0,1,0,2,1,2,1
2,16,4,0,1,0,3,0,0,2,1,1,1,0,0,1,0,6,7,7,1
1,18,4,0,1,0,3,3,0,2,1,1,1,0,0,2,0,1,2,2,1
11,21,4,1,1,0,3,0,0,14,1,1,1,0,2,3,0,6,6,13,1
3,18,4,0,1,0,3,0,0,11,1,1,1,0,0,1,0,6,2,12,0
9,15,4,0,1,4,3,0,1,0,1,1,1,0,0,0,5,0,0,0,1
10,12,4,0,1,0,3,0,0,12,1,1,1,7,0,1,5,0,0,0,1
3,15,0,1,1,4,3,0,1,14,1,1,1,0,0,0,5,0,0,0,0
0,18,4,0,1,0,3,0,0,16,1,1,1,0,0,3,0,1,1,2,0
8,15,4,0,1,0,3,0,0,2,1,1,1,7,0,1,0,6,4,11,1
0,15,4,1,1,0,3,0,0,2,1,1,1,0,0,1,0,6,8,6,1
13,20,4,1,1,0,3,0,0,2,1,1,1,0,2,2,0,6,2,3,1
13,21,4,0,1,2,3,1,0,2,1,1,1,8,2,8,0,2,9,14,0
12,20,0,0,1,0,3,0,0,1,1,1,1,8,2,5,0,6,2,13,0
9,15,4,0,0,0,3,0,0,0,1,0,0,0,0,1,0,6,7,9,1
4,18,4,0,1,3,3,1,1,2,1,1,1,0,0,1,0,6,2,4,1
0,18,4,1,1,0,3,0,0,2,1,1,1,8,0,1,0,2,9,6,0
7,18,4,0,1,0,3,1,0,0,1,1,1,8,0,1,0,6,2,7,1
8,18,0,1,1,0,3,0,0,5,1,1,1,0,0,1,0,8,1,9,1
1,18,4,0,1,0,3,0,0,2,1,1,1,5,0,0,5,0,0,0,1
4,15,4,0,1,0,1,0,0,14,1,1,1,0,0,1,0,4,10,9,1
3,17,4,0,1,0,3,0,0,2,1,1,1,7,0,1,0,3,3,5,1
11,15,4,0,1,0,3,3,0,2,1,1,1,1,2,1,0,6,3,9,1
13,18,4,0,1,0,3,3,0,11,1,1,1,0,2,6,5,0,0,0,0
12,19,2,0,1,4,3,0,1,0,1,1,1,0,2,1,0,7,2,7,1
7,6,0,1,1,4,3,0,1,16,1,1,1,8,0,9,2,0,0,0,0
4,12,2,0,1,0,3,0,0,7,1,1,1,2,0,1,0,6,4,5,1
12,20,2,1,1,1,3,0,0,12,1,1,1,0,2,2,0,5,10,8,1
13,18,0,0,1,0,3,3,0,8,1,1,1,0,2,4,0,2,5,6,1
8,18,4,1,1,0,3,0,0,0,1,1,1,0,0,1,0,6,4,7,1
10,20,0,0,1,0,3,0,0,0,1,1,1,5,0,1,0,7,7,13,1
4,18,4,1,1,0,3,0,0,10,1,1,1,0,0,1,0,6,3,3,1
5,20,4,1,1,0,3,1,0,10,1,1,1,0,0,1,5,6,0,3,0
15,19,0,0,1,0,3,1,0,0,1,1,1,0,2,1,0,8,6,14,1
14,19,4,0,1,0,3,0,0,0,1,1,1,0,2,2,0,6,0,11,1
12,20,0,1,1,0,3,1,0,1,1,1,1,8,2,1,5,0,0,0,1
6,20,4,1,1,0,3,0,0,14,1,1,1,0,0,1,0,6,6,12,1
12,21,4,0,1,3,3,0,1,11,1,1,1,5,2,1,0,6,6,13,1
8,20,0,1,1,0,3,1,0,0,1,1,1,0,0,1,1,4,0,13,1
7,15,4,0,1,0,3,1,0,2,1,1,1,0,0,1,0,6,3,14,1
15,19,4,0,1,0,3,1,0,16,1,1,1,8,0,2,0,5,1,3,1
13,20,4,0,1,0,3,1,0,0,1,1,1,5,2,1,0,6,5,14,1
14,19,4,0,1,0,3,3,0,0,1,1,1,7,2,1,0,6,3,11,1
3,15,4,1,1,0,3,0,0,12,1,1,1,0,0,1,0,4,10,5,0
6,17,4,1,1,0,3,0,0,2,1,1,1,0,0,0,5,0,0,0,1
14,15,4,1,1,0,3,0,0,2,1,1,1,5,2,1,0,6,10,12,1
1,18,4,0,0,0,3,3,0,2,1,1,0,0,0,0,5,0,0,0,1
2,15,4,0,1,0,3,3,0,2,1,1,1,1,0,1,2,3,0,5,1
12,15,4,0,0,4,3,3,1,13,1,0,0,8,0,2,2,2,0,4,1
4,15,0,0,1,0,3,0,0,1,1,1,1,0,0,1,5,0,0,0,1
12,15,4,1,1,3,3,3,1,14,1,1,1,0,2,7,0,4,6,9,1
15,19,0,1,1,0,3,0,0,8,1,1,1,0,2,1,0,7,0,11,1
6,18,4,0,1,0,3,3,0,0,1,1,1,0,0,1,0,6,6,11,1
7,15,4,0,1,0,3,3,0,2,1,1,1,0,0,1,2,4,0,2,1
6,19,4,1,1,0,3,3,0,12,1,1,1,5,0,1,5,0,0,0,1
10,16,4,1,0,0,3,0,0,2,1,1,0,0,0,0,5,0,0,4,0
6,15,4,1,1,0,3,1,0,12,1,1,1,0,0,0,5,0,0,0,1
5,19,4,0,1,0,3,0,0,2,1,1,1,0,0,1,0,6,1,7,0
5,15,4,1,0,3,3,0,1,0,1,1,1,7,0,1,0,5,4,4,0
5,0,4,0,0,0,3,0,0,2,1,1,1,7,0,1,0,2,4,1,1
11,18,4,0,1,0,3,0,0,2,1,1,1,0,2,1,0,6,5,7,1
2,13,4,1,1,0,3,1,0,2,1,1,1,8,0,1,0,8,4,6,1
2,18,4,1,1,0,3,0,0,2,1,1,1,5,0,0,5,0,0,0,1
2,19,4,1,1,0,3,1,0,2,1,1,1,0,0,1,5,1,0,2,1
0,15,4,1,1,0,3,0,0,2,1,1,1,7,0,1,1,6,0,1,1
1,18,4,0,1,0,3,0,0,2,1,1,1,5,0,0,5,0,0,0,1
9,15,4,0,0,0,3,0,0,2,1,1,0,7,0,0,5,0,0,5,1
5,18,4,1,1,4,3,0,1,12,1,1,1,0,0,1,0,2,1,4,0
5,15,4,0,1,0,3,3,0,2,1,1,1,0,0,1,0,2,4,2,1
2,18,4,0,1,0,3,0,0,4,1,1,1,5,0,1,0,1,6,2,1
10,15,0,1,1,0,3,3,0,8,1,1,1,7,0,1,0,3,4,5,1
9,20,4,0,1,0,3,0,0,2,1,1,1,1,0,1,0,8,4,9,1
0,18,4,1,1,0,3,1,0,0,1,1,1,0,0,1,5,2,0,4,0
1,18,4,0,1,0,3,1,0,2,1,1,1,0,0,1,0,1,8,1,1
6,18,4,0,1,4,3,0,1,11,1,1,1,5,0,1,0,1,3,2,1
7,20,4,1,1,0,3,1,0,0,1,1,1,0,0,2,0,6,6,10,1
6,18,4,0,1,0,3,0,0,2,1,1,1,0,0,4,5,0,0,2,1
9,11,3,1,1,0,3,0,0,0,1,1,1,0,0,1,0,7,2,14,1
5,15,4,0,1,0,3,0,0,4,1,1,1,0,0,5,0,6,4,9,1
4,20,4,0,1,0,3,0,0,2,1,1,1,5,0,1,0,3,4,4,1
12,19,4,1,1,0,3,3,0,16,1,1,1,0,2,2,0,9,1,11,1
5,20,4,1,1,0,3,0,0,2,1,1,1,5,0,1,0,6,6,12,1
3,18,4,1,1,0,3,3,0,14,1,1,1,0,0,0,5,0,0,0,0
8,20,4,1,1,0,3,0,0,0,1,1,1,0,0,1,0,7,6,13,0
0,17,4,1,1,0,3,1,0,2,1,1,1,5,0,1,2,2,0,2,1
15,21,0,1,1,0,3,1,0,0,1,1,1,0,2,2,0,6,4,12,0
2,19,4,0,1,0,3,1,0,2,1,1,1,0,0,1,2,1,0,3,1
11,20,4,0,1,0,3,0,0,2,1,1,1,7,2,1,0,6,8,8,1
7,15,0,0,1,4,3,0,1,0,1,1,1,0,0,1,0,6,5,8,0
11,20,0,0,1,0,3,1,0,0,1,1,1,0,2,3,0,1,3,5,1
6,20,0,1,1,0,3,0,0,0,1,1,1,5,0,2,0,6,2,11,1
11,16,4,1,0,0,3,3,0,13,1,1,0,2,2,0,5,0,0,0,1
12,18,4,0,1,0,3,0,0,2,1,1,1,0,2,1,0,6,8,14,1
14,20,4,0,1,0,3,1,0,0,1,1,1,0,2,1,0,7,5,12,1
15,21,0,0,1,4,3,0,1,0,1,1,1,0,2,1,0,9,6,14,1
8,18,0,0,1,0,1,0,0,1,1,1,1,0,0,5,0,9,8,11,1
1,18,4,0,1,0,3,1,0,2,1,1,1,7,0,1,0,2,4,3,1
9,15,0,0,1,0,3,1,0,0,1,1,1,0,0,1,0,6,6,12,1
8,15,4,0,1,4,3,0,1,9,1,1,1,5,0,1,5,6,0,3,0
3,19,4,1,1,0,3,0,0,2,1,1,1,0,0,1,0,4,3,6,1
8,13,4,0,1,0,3,0,0,0,1,1,1,0,0,1,2,8,0,6,1
7,17,4,1,1,0,3,1,0,2,1,1,1,0,0,1,0,6,3,9,1
6,17,4,0,1,0,3,0,0,0,1,1,1,8,0,8,5,2,0,4,1
2,18,4,0,1,3,3,0,1,0,1,1,1,0,0,1,0,6,2,9,1
0,17,4,0,1,0,3,0,0,16,1,1,1,0,0,1,5,4,0,2,0
6,21,4,1,1,0,3,0,0,9,1,1,1,0,0,0,5,0,0,0,1
15,21,0,0,1,0,3,0,0,1,1,1,1,5,2,1,0,6,5,14,0
7,18,4,0,1,0,3,1,0,11,1,1,1,8,0,1,0,6,2,9,1
11,10,4,0,1,4,3,0,1,7,1,1,1,0,2,0,5,0,0,0,1
13,20,0,0,1,3,3,0,1,1,1,1,1,5,2,1,0,6,10,7,1
8,20,4,1,1,4,3,0,1,9,1,1,1,7,0,3,0,6,8,12,1
2,16,4,0,1,0,3,0,0,11,1,1,1,0,0,1,5,1,0,1,1
9,20,0,1,1,0,3,3,0,1,1,1,1,1,0,2,0,6,3,11,1
11,11,0,1,1,4,3,0,1,1,1,1,1,0,2,1,0,3,4,6,1
12,23,0,0,1,3,3,0,1,0,1,1,1,5,2,1,0,6,7,10,1
3,19,4,0,1,0,3,1,0,15,1,1,1,0,0,1,5,6,0,8,1
9,18,4,1,1,0,3,0,0,2,1,1,1,0,0,2,0,8,8,7,1
6,20,4,0,1,0,3,0,0,0,1,1,1,0,0,1,0,6,6,11,0
14,15,4,0,1,0,3,0,0,2,1,1,1,0,2,2,0,8,4,7,1
7,19,4,0,1,0,3,0,0,2,1,1,1,7,0,1,0,6,6,5,1
15,20,0,0,1,3,3,0,1,0,1,1,1,5,2,1,0,6,8,14,1
7,18,4,0,1,0,3,1,0,0,1,1,1,0,0,1,0,9,10,12,0
8,17,4,1,1,4,3,0,1,0,1,1,1,5,0,1,5,0,0,1,1
13,20,4,0,1,0,3,1,0,0,1,1,1,0,2,1,0,9,2,14,0
0,18,4,1,1,0,3,1,0,16,1,1,1,0,0,1,5,0,0,0,0
10,18,4,0,1,0,3,3,0,2,1,1,1,0,0,2,0,6,4,12,1
1,15,4,0,1,0,3,1,0,2,1,1,1,8,0,1,5,6,0,2,1
7,21,4,0,1,0,3,0,0,12,1,1,1,5,0,1,0,6,4,13,1
12,2,0,1,1,3,3,0,1,3,1,1,1,7,2,0,5,0,0,4,0
14,15,4,0,1,0,3,3,0,2,1,1,1,1,2,1,0,6,6,10,1
1,15,4,1,1,4,3,0,1,11,1,1,1,5,0,1,0,2,6,2,0
7,16,4,0,1,0,3,1,0,2,1,1,1,0,0,1,0,6,6,10,1
6,15,4,0,1,0,2,0,0,10,1,1,1,0,0,1,0,1,8,5,0
8,20,4,1,1,0,3,0,0,12,1,1,1,1,0,1,1,3,0,2,1
7,17,4,1,1,0,3,0,0,2,1,1,1,0,0,1,0,6,2,6,1
5,19,4,1,1,0,3,0,0,2,1,1,1,0,0,1,0,6,8,4,1
6,20,4,1,1,0,3,0,0,0,1,1,1,7,0,1,0,3,4,8,1
14,18,4,0,1,0,3,0,0,0,1,1,1,0,2,1,0,6,6,13,1
3,15,4,1,1,0,3,3,0,2,1,1,1,0,0,0,5,0,0,0,1
7,0,4,1,0,0,3,0,0,2,1,0,1,0,0,0,5,0,0,2,0
0,15,4,0,1,0,3,0,0,2,1,1,1,7,0,1,0,2,2,2,1
1,15,4,1,1,0,3,3,0,2,1,1,1,0,0,0,5,0,0,0,1
9,18,0,1,1,0,3,0,0,5,1,1,1,0,0,1,0,6,2,6,1
13,19,0,0,1,0,3,0,0,1,1,1,1,7,2,1,0,6,6,6,1
13,18,4,1,1,0,3,1,0,12,1,1,1,5,2,1,0,6,2,10,1
10,15,4,1,1,4,3,1,1,2,1,1,1,0,0,1,0,6,11,4,1
12,20,4,0,1,0,3,1,0,0,1,1,1,0,2,1,0,7,10,10,1
11,20,4,0,1,3,3,0,1,2,1,1,1,5,2,0,5,0,0,0,1
10,15,4,1,1,0,3,1,0,0,1,1,1,0,0,1,0,6,6,7,1
1,17,4,0,1,0,3,1,0,2,1,1,1,0,0,1,0,6,5,12,1
7,15,4,1,1,3,3,0,1,2,1,1,1,8,0,1,5,4,0,8,0
12,15,4,0,1,2,3,3,0,12,1,1,1,0,2,1,5,0,0,0,0
11,23,0,0,1,2,3,3,0,1,1,1,1,0,2,7,0,6,5,14,1
0,17,4,0,1,0,3,1,0,16,1,1,1,8,0,3,5,1,0,3,1
10,15,4,0,1,0,3,0,0,15,1,1,1,1,0,3,5,0,0,0,1
5,20,4,0,1,0,3,1,0,0,1,1,1,1,0,5,2,6,0,2,0
5,17,4,0,1,0,3,1,0,2,1,1,1,8,0,1,0,6,2,6,1
2,15,4,0,1,3,3,0,1,2,1,1,1,5,0,0,5,0,0,0,1
9,17,4,0,1,0,3,0,0,12,1,1,1,0,0,1,0,2,3,6,1
7,19,4,0,1,0,3,3,0,2,1,1,1,0,0,1,0,6,11,8,1
8,20,4,0,1,4,3,3,1,11,1,1,1,5,0,1,1,8,0,11,1
2,18,4,1,1,0,3,0,0,2,1,1,1,0,0,3,0,4,4,3,1
15,11,4,0,0,0,3,0,0,15,0,1,1,0,2,0,5,0,0,0,1
15,22,4,1,1,4,3,3,1,0,1,1,1,0,2,1,0,6,9,14,1
11,18,0,1,0,0,3,1,0,8,1,1,0,2,2,1,5,0,0,0,1
6,20,4,1,1,0,3,0,0,2,1,1,1,0,0,0,5,0,0,0,1
15,10,4,0,1,4,3,0,1,12,1,1,1,0,2,4,0,6,8,10,1
0,18,4,0,1,0,3,0,0,16,1,1,1,5,0,0,5,0,0,0,1
10,20,4,1,1,0,3,2,0,5,1,1,1,0,0,1,0,6,3,10,1
12,17,4,1,1,0,3,1,0,2,1,1,1,0,2,1,0,2,1,1,1
7,22,0,1,1,0,3,0,0,1,1,1,1,0,0,1,0,4,6,13,1
9,20,4,1,1,0,3,0,0,2,1,1,1,0,0,1,5,0,0,0,1
5,17,0,1,1,4,3,0,1,8,1,1,1,0,0,1,5,0,0,0,1
14,11,0,0,1,0,3,2,0,0,1,1,1,0,2,1,0,6,1,2,1
5,17,4,0,1,0,3,1,0,2,1,1,1,8,0,6,0,2,3,3,1
2,18,4,0,1,0,3,0,0,2,1,1,1,0,0,6,0,6,0,8,1
7,15,4,1,1,0,3,0,0,0,1,1,1,7,0,1,2,4,0,2,1
2,18,4,0,1,0,3,0,0,2,1,1,1,5,0,1,0,4,2,5,1
2,18,4,0,1,0,3,0,0,2,1,1,1,1,0,0,5,0,0,0,1
8,20,0,0,1,0,3,0,0,0,1,1,1,0,0,1,0,6,8,13,1
6,20,4,1,1,0,3,0,0,2,1,1,1,0,0,1,0,6,0,4,1
0,18,4,0,1,0,3,1,0,9,1,1,1,0,0,1,2,2,0,4,1
7,20,4,1,1,0,3,1,0,0,1,1,1,0,0,1,1,3,0,6,1
9,15,4,1,1,0,3,1,0,2,1,1,1,0,0,1,0,6,3,6,1
10,22,4,0,1,0,3,3,0,2,1,1,1,5,0,1,0,7,8,14,1
5,17,4,1,1,0,3,3,0,2,1,1,1,0,0,0,5,0,0,0,1
13,23,4,0,1,2,3,0,0,0,1,1,1,5,2,8,0,6,3,14,1
5,18,4,0,1,0,3,0,0,4,1,1,1,0,0,1,0,4,3,5,1
15,19,0,0,1,3,3,0,1,0,1,1,1,0,2,1,0,8,4,9,1
8,18,4,1,0,0,3,1,0,0,1,1,1,0,0,0,5,0,0,0,1
1,15,4,0,1,4,3,0,1,9,1,1,1,7,0,1,0,6,6,8,1
2,15,4,1,1,0,3,0,0,9,1,1,1,7,0,1,0,6,6,7,1
13,17,4,0,1,0,3,0,0,15,1,1,1,0,2,1,5,6,0,8,0
15,20,0,0,1,4,3,0,1,0,1,1,1,0,2,6,0,9,7,12,1
11,18,4,1,1,3,3,0,1,10,1,1,1,0,2,0,5,0,0,0,1
14,8,0,1,1,4,3,0,1,9,1,1,1,0,2,1,0,6,5,7,1
14,23,0,1,1,0,3,0,0,0,1,1,1,0,2,1,0,6,6,11,1
6,20,4,1,1,0,3,1,0,2,1,1,1,0,0,1,0,6,5,9,1
12,21,0,1,1,4,3,0,1,1,1,1,1,5,2,0,5,0,0,0,1
8,20,0,0,1,0,3,0,0,2,1,1,1,0,0,6,0,1,0,1,1
14,19,2,1,1,0,3,1,0,12,1,1,1,0,2,1,0,6,6,10,1
1,18,0,1,1,0,3,0,0,2,1,1,1,0,0,1,2,2,0,3,1
4,15,0,1,1,4,3,0,1,4,1,1,1,0,0,1,0,6,6,7,1
8,18,4,0,1,0,3,0,0,5,1,1,1,7,0,1,0,6,4,10,1
6,18,4,0,1,4,3,0,1,2,1,1,1,0,0,1,2,0,0,8,1
3,18,4,0,1,0,3,0,0,2,1,1,1,0,0,1,0,4,2,5,1
2,18,4,1,0,0,3,2,0,2,1,1,1,0,0,0,5,0,0,0,1
14,22,0,1,1,0,3,1,0,1,1,1,1,8,2,7,1,9,0,13,1
9,18,4,0,1,0,3,1,0,0,1,1,1,0,0,1,0,9,10,14,1
4,18,4,0,1,0,3,1,0,0,1,1,1,7,0,2,0,6,10,8,0
6,20,4,1,1,0,3,0,0,2,1,1,1,0,0,1,0,2,11,3,1
4,18,4,1,1,0,3,1,0,7,1,1,1,2,0,5,2,6,1,5,1
8,20,4,1,1,3,3,0,1,9,1,1,1,5,0,1,0,6,6,10,1
0,18,4,0,1,0,3,1,0,2,1,1,1,0,0,0,5,0,0,0,0
4,15,4,0,1,4,3,0,1,15,1,1,1,7,0,0,5,0,0,0,0
12,13,4,1,1,4,3,0,1,2,1,1,1,7,2,1,5,0,0,0,1
6,17,4,1,1,0,3,1,0,7,1,1,1,0,0,4,0,5,8,10,1
10,12,4,0,1,0,3,0,0,15,1,1,1,0,0,1,2,0,0,9,0
0,17,4,0,1,0,2,0,0,16,1,1,1,0,0,1,0,8,4,5,0
0,16,4,1,1,0,3,0,0,2,1,1,1,0,0,0,5,0,0,3,1
13,19,0,1,1,0,3,1,0,1,1,1,1,0,2,7,0,5,5,9,1
1,18,4,1,1,0,3,3,0,2,1,1,1,7,0,1,5,2,0,2,1
3,19,4,0,1,0,3,1,0,2,1,1,1,8,0,1,0,3,9,4,0
11,15,0,0,0,0,3,1,0,8,1,1,0,0,2,1,0,4,3,8,1
3,18,4,1,1,0,3,0,0,2,1,1,1,0,0,1,0,2,3,4,1
14,18,4,1,1,0,3,0,0,2,1,1,1,0,2,1,0,2,9,2,1
14,15,4,0,1,0,3,0,0,0,1,1,1,0,2,1,0,7,1,11,1
9,18,4,0,1,0,3,0,0,0,1,1,1,0,0,1,0,6,3,11,1
0,18,4,1,1,0,3,1,0,5,1,1,1,0,0,1,2,1,0,4,1
6,19,4,0,1,0,3,3,0,12,1,1,1,7,0,1,0,6,10,11,1
4,18,4,0,1,0,3,0,0,2,1,1,1,1,0,1,0,3,5,5,1
0,15,4,0,1,0,3,3,0,2,1,1,1,0,0,0,5,0,0,0,1
5,20,4,1,1,0,3,0,0,2,1,1,1,7,0,1,0,6,11,6,1
6,15,4,1,1,0,3,0,0,12,1,1,1,0,0,1,0,6,0,4,0
7,21,4,1,1,0,3,3,0,14,1,1,1,5,0,1,0,6,6,10,1
4,18,4,0,1,0,3,1,0,2,1,1,1,7,0,1,5,4,0,5,1
3,20,4,0,1,0,3,0,0,12,1,1,1,0,0,1,0,9,8,14,0
5,20,4,1,1,0,3,1,0,2,1,1,1,0,0,6,0,5,3,6,0
14,21,0,0,1,4,3,3,1,1,1,1,1,0,2,1,0,6,5,14,1
11,8,0,1,1,4,3,0,1,2,1,1,1,7,2,1,5,0,0,1,1
7,19,4,1,1,0,3,1,0,0,1,1,1,0,0,1,0,1,7,6,1
15,21,4,0,1,0,3,3,0,2,1,1,1,0,2,1,0,9,2,12,1
15,18,4,0,1,0,3,3,0,14,1,1,1,0,2,1,0,6,1,9,1
6,15,4,0,1,4,3,1,1,12,1,1,1,0,0,1,0,6,2,11,1
15,18,0,1,1,4,3,0,1,0,1,1,1,0,2,2,0,9,1,7,1
15,20,4,1,1,4,3,0,1,0,1,1,1,5,2,1,0,6,8,14,1
14,7,0,0,1,0,3,0,0,0,1,1,1,7,2,7,0,5,3,14,1
9,20,0,1,1,0,3,1,0,1,1,1,1,0,0,1,5,4,0,3,1
0,18,4,0,1,0,3,0,0,16,1,1,1,0,0,3,1,4,0,2,0
3,13,4,1,1,0,3,0,0,2,1,1,1,0,0,0,5,0,0,4,1
6,15,4,1,1,4,3,0,1,14,1,1,1,0,0,1,0,6,3,7,0
11,19,0,1,1,3,3,0,1,1,1,1,1,0,2,1,5,6,0,14,1
4,18,4,1,1,0,3,0,0,12,1,1,1,0,0,1,2,0,0,0,1
8,20,4,1,1,4,3,0,1,11,1,1,1,5,0,1,0,6,6,13,0
13,15,4,0,1,4,3,0,1,0,1,1,1,0,2,1,0,2,11,4,1
0,15,4,1,1,0,3,0,0,2,1,1,1,0,0,9,2,0,0,0,1
12,18,0,1,1,0,3,1,0,0,1,1,1,0,2,6,0,1,2,2,1
6,17,4,0,1,0,3,3,0,2,1,1,1,0,0,1,0,4,4,9,1
2,19,0,1,1,3,3,0,1,8,1,1,1,0,0,1,0,3,2,4,1
1,19,4,0,1,0,3,3,0,2,1,1,1,0,0,0,5,0,0,0,1
5,17,4,1,1,0,3,1,0,7,1,1,1,0,0,0,5,0,0,5,1
7,20,0,1,1,0,3,1,0,0,1,1,1,0,0,1,0,6,4,8,1
10,17,0,1,1,0,3,0,0,0,1,1,1,8,0,1,0,8,6,11,1
13,18,0,0,1,0,3,0,0,2,1,1,1,5,2,1,0,6,6,11,1
1,18,4,1,1,0,3,1,0,16,1,1,1,0,0,1,5,4,0,2,0
8,20,4,1,1,0,3,1,0,0,1,1,1,0,0,3,1,3,0,1,0
1,18,4,1,1,0,3,1,0,2,1,1,1,0,0,1,1,2,0,2,1
9,18,0,1,1,0,3,1,0,8,1,1,1,0,0,1,0,6,6,8,1
15,20,4,0,1,3,3,0,1,11,1,1,1,5,2,3,0,6,10,12,0
1,18,4,0,1,3,3,0,1,2,1,1,1,7,0,1,2,2,0,4,1
5,18,4,0,0,0,3,0,0,2,1,1,0,0,0,0,5,0,0,4,1
12,15,0,0,1,0,3,3,0,8,1,1,1,7,2,1,0,6,6,8,1
9,20,4,0,1,0,3,0,0,0,1,1,1,0,0,1,0,7,8,14,1
1,17,4,0,1,4,3,0,1,2,1,1,1,0,0,1,2,8,0,8,1
3,18,4,0,1,0,3,1,0,8,1,1,1,0,0,5,0,6,8,11,0
5,17,4,0,1,0,3,1,0,2,1,1,1,1,0,1,0,3,8,1,1
8,21,4,1,1,0,3,3,0,0,1,1,1,5,0,1,0,6,8,13,0
6,15,4,0,0,0,3,3,0,0,1,1,0,0,0,0,5,0,0,0,0
4,15,4,1,0,0,3,0,0,2,1,1,1,0,0,1,0,1,2,4,1
7,20,0,0,1,0,3,3,0,2,1,1,1,0,0,1,0,4,2,5,1
8,21,4,1,1,0,3,0,0,0,1,1,1,0,0,1,0,3,2,14,0
2,18,4,1,1,0,3,0,0,0,1,1,1,0,0,1,0,2,2,2,1
12,19,4,0,1,0,3,1,0,2,1,1,1,0,2,2,0,8,0,11,1
12,20,4,1,1,0,3,3,0,2,1,1,1,0,2,0,5,0,0,0,1
2,17,4,1,1,0,3,3,0,11,1,1,1,0,0,1,0,7,6,11,1
4,18,4,0,1,0,1,1,0,16,1,1,1,8,0,1,5,0,0,0,0
8,20,0,1,1,3,3,3,1,0,1,1,1,0,0,0,5,0,0,0,1
14,20,4,0,1,4,3,0,1,0,1,1,1,5,2,1,0,6,6,13,1
13,15,4,1,1,0,3,0,0,0,1,1,1,1,2,1,0,6,3,7,1
9,18,4,0,1,0,3,0,0,2,1,1,1,1,0,6,5,0,0,0,1
15,20,0,0,1,0,3,1,0,1,1,1,1,0,2,1,0,6,2,14,1
12,15,4,0,1,0,3,0,0,9,1,1,1,0,2,1,0,6,8,10,1
14,20,0,0,1,0,3,1,0,0,1,1,1,0,2,1,0,6,10,13,1
7,15,0,1,1,0,3,0,0,0,1,1,1,0,0,1,0,3,8,5,1
12,21,4,1,1,4,3,0,1,9,1,1,1,5,2,1,0,6,8,8,1
7,20,0,0,1,0,3,1,0,1,1,1,1,0,0,1,0,5,2,10,0
1,19,4,1,1,0,3,0,0,2,1,1,1,5,0,1,0,6,5,9,1
3,16,1,1,1,1,3,1,1,14,1,1,1,6,0,9,2,5,1,2,0
8,16,4,1,1,3,3,0,1,2,1,1,1,5,0,0,5,0,0,1,1
1,15,4,1,1,0,3,3,0,2,1,1,1,0,0,0,5,0,0,0,1
9,18,0,1,1,0,3,0,0,8,1,1,1,7,0,3,5,0,0,0,1
15,15,4,0,1,0,3,0,0,2,1,1,1,7,2,4,0,8,5,7,1
0,15,4,1,1,0,3,0,0,7,1,1,1,0,0,1,0,6,4,5,1
3,18,4,1,1,0,3,3,0,14,1,1,1,1,0,1,0,2,3,6,1
0,15,4,1,1,0,3,0,0,2,1,1,1,0,0,0,5,0,0,0,1
14,23,0,1,1,0,3,0,0,0,1,1,1,0,2,1,0,6,11,14,1
15,18,0,1,1,3,3,0,1,0,1,1,1,0,2,1,5,0,0,0,0
8,19,4,0,1,0,3,3,0,4,1,1,1,0,0,1,0,4,3,7,1
8,20,4,0,1,0,3,3,0,2,1,1,1,0,0,1,0,8,8,8,1
4,19,4,0,1,0,3,3,0,2,1,1,1,0,0,1,0,9,10,4,1
10,21,4,1,1,0,3,3,0,0,1,1,1,0,0,1,0,5,6,8,1
14,20,4,1,1,0,3,0,0,9,1,1,1,2,0,6,0,4,4,14,1
7,16,4,0,1,0,3,0,0,2,1,1,1,5,0,1,0,6,1,4,1
7,20,4,1,1,0,3,1,0,2,1,1,1,0,0,1,0,4,1,9,1
2,19,4,1,1,0,3,1,0,12,1,1,1,8,0,1,5,1,0,4,1
1,17,4,1,1,0,3,0,0,2,1,1,1,0,0,1,2,1,0,5,0
10,8,3,0,1,0,3,0,0,4,1,1,1,0,0,4,0,1,4,3,1
9,20,0,1,1,0,3,0,0,0,1,1,1,7,0,0,5,0,0,0,1
3,20,4,1,1,0,3,1,0,2,1,1,1,0,0,0,5,0,0,0,1
2,15,4,1,1,0,3,0,0,7,1,1,1,5,0,1,0,6,10,3,1
5,18,0,1,1,0,3,0,0,1,1,1,1,0,0,1,0,4,3,2,1
8,20,4,0,1,0,3,0,0,2,1,1,1,5,0,1,0,6,5,7,1
9,18,0,1,1,0,3,0,0,1,1,1,1,1,0,1,0,3,7,4,1
5,15,4,1,1,0,3,0,0,12,1,1,1,8,0,1,0,6,10,5,1
2,15,4,1,1,0,3,0,0,2,1,1,1,7,0,0,5,0,0,0,1
10,16,0,1,1,4,3,0,1,1,1,1,1,7,0,1,0,6,2,10,0
5,23,4,0,1,2,3,3,0,10,1,1,1,0,0,1,0,6,6,4,0
3,15,4,0,1,4,3,1,1,0,1,1,1,0,0,1,0,6,1,5,1
7,19,4,0,1,0,3,1,0,12,1,1,1,7,0,1,0,8,11,11,1
13,19,0,1,1,0,3,0,0,0,1,1,1,0,2,1,0,6,3,10,1
10,15,0,0,1,4,3,0,1,4,1,1,1,0,0,1,0,6,6,9,1
6,17,4,1,1,0,3,0,0,2,1,1,1,0,0,4,0,4,2,9,1
1,18,4,1,1,0,3,1,0,2,1,1,1,1,0,1,5,2,0,5,1
15,18,0,0,1,4,3,0,1,0,1,1,1,0,2,1,0,6,1,8,1
8,21,4,1,1,0,3,0,0,5,1,1,1,0,0,0,5,0,0,0,1
9,20,4,0,1,0,3,1,0,0,1,1,1,0,0,3,0,6,7,12,0
7,20,0,0,1,4,3,0,1,1,1,1,1,5,0,1,0,1,8,5,1
6,20,0,0,1,0,3,0,0,0,1,1,1,0,0,1,0,6,5,14,0
4,18,0,1,1,0,3,0,0,16,1,1,1,0,0,1,5,2,0,3,0
9,15,4,0,1,3,3,0,1,2,1,1,1,0,0,1,0,6,4,5,1
13,14,4,1,1,0,3,0,0,2,1,1,1,5,2,1,0,6,7,7,1
10,17,0,1,1,4,3,3,1,1,1,1,1,7,0,1,2,0,0,0,1
0,15,0,1,1,4,3,0,1,8,1,1,1,7,0,0,5,0,0,0,1
12,2,0,0,1,3,1,0,1,16,1,1,1,7,2,0,5,0,0,4,0
15,15,4,0,1,0,0,3,0,11,1,1,1,0,2,5,3,9,10,12,1
1,15,4,0,0,0,3,0,0,7,1,0,0,0,0,1,5,0,0,4,1
12,20,4,1,1,0,3,3,0,5,1,1,1,0,2,1,0,6,10,13,1
9,21,0,1,1,0,3,0,0,1,1,1,1,0,0,1,0,7,11,13,1
8,18,4,0,1,0,1,1,0,0,1,1,1,0,0,5,2,0,0,2,0
9,12,3,0,1,0,3,3,0,0,1,1,1,0,0,1,0,6,5,9,1
10,18,2,0,1,0,3,1,0,0,1,1,1,0,0,1,2,0,0,8,1
2,18,4,0,1,0,1,1,0,2,1,1,1,8,0,5,0,6,5,3,1
8,16,0,0,1,0,3,0,0,0,1,1,1,7,0,1,0,7,10,13,0
12,18,4,1,1,3,3,0,1,2,1,1,1,5,2,1,5,0,0,4,1
14,18,4,0,1,0,3,1,0,12,1,1,1,8,2,1,0,6,6,13,0
10,20,0,1,1,0,3,0,0,0,1,1,1,5,0,1,2,0,0,0,0
9,20,4,1,1,0,3,1,0,0,1,1,1,0,0,4,0,6,1,11,0
4,20,4,0,1,0,3,0,0,15,1,1,1,1,0,0,5,0,0,0,0
0,15,4,0,1,4,3,0,1,16,1,1,1,0,0,0,5,0,0,0,1
2,13,4,0,0,0,3,0,0,15,1,1,1,0,0,1,5,0,0,0,0
15,22,4,0,1,0,3,1,0,15,1,1,1,1,2,0,5,0,0,0,1
11,14,4,1,1,0,3,0,0,12,1,1,1,7,2,1,2,2,0,5,0
9,18,4,1,1,0,3,0,0,2,1,1,1,0,0,3,0,3,6,6,1
0,18,4,0,0,0,3,0,0,11,1,1,0,0,0,0,5,0,0,0,0
15,17,0,1,1,0,3,0,0,0,1,1,1,0,2,3,0,6,10,13,1
0,15,4,1,1,0,3,0,0,2,1,1,1,0,0,0,5,0,0,0,1
8,13,4,0,0,0,3,0,0,0,1,1,0,1,0,0,5,0,0,5,0
5,20,4,1,1,2,3,0,0,2,1,1,1,0,0,1,0,4,6,6,1
0,15,4,0,1,0,3,0,0,2,1,1,1,0,0,1,0,1,2,2,1
2,15,4,0,1,0,3,0,0,2,1,1,1,0,0,1,0,7,6,3,1
12,15,0,1,1,0,3,0,0,1,1,1,1,7,2,0,5,0,0,4,1
9,18,4,1,1,0,3,1,0,2,1,1,1,1,0,1,0,4,3,5,1
9,19,4,1,1,0,3,1,0,0,1,1,1,0,0,2,0,6,5,7,1
6,20,4,1,1,0,3,0,0,0,1,1,1,5,0,1,0,6,3,13,1
7,20,0,1,1,0,3,0,0,1,1,1,1,0,0,2,0,3,4,6,1
6,20,4,1,0,0,3,1,0,5,1,1,0,0,0,1,0,6,2,8,1
4,19,4,0,1,0,3,0,0,2,1,1,1,0,0,1,0,6,2,10,1
14,19,0,1,1,0,3,0,0,8,1,1,1,0,2,0,5,0,0,0,1
8,20,4,0,1,0,3,1,0,0,1,1,1,5,0,0,5,0,0,0,0
3,20,4,0,1,0,3,0,0,2,1,1,1,5,0,1,0,9,2,14,1
14,20,0,1,1,0,3,0,0,1,1,1,1,0,2,1,5,0,0,4,1
1,18,4,1,1,3,3,0,1,10,1,1,1,5,0,1,5,6,0,1,1
5,18,4,1,1,0,3,0,0,2,1,1,1,7,0,1,0,2,1,4,1
4,18,4,0,1,4,3,1,1,0,1,1,1,0,0,1,5,0,0,1,1
14,19,0,1,1,0,3,0,0,1,1,1,1,0,2,1,0,6,4,10,0
5,18,4,1,1,0,3,0,0,2,1,1,1,0,0,0,5,0,0,0,1
4,18,4,1,1,0,3,1,0,10,1,1,1,0,0,1,0,1,3,1,0
14,14,4,0,1,0,3,0,0,2,1,1,1,0,2,6,5,0,0,0,1
13,14,4,0,1,0,3,0,0,12,1,1,1,0,2,1,0,6,8,11,1
2,15,4,0,1,0,3,0,0,2,1,1,1,0,0,1,0,6,4,7,1
15,16,4,0,1,0,3,0,0,0,1,1,1,0,2,1,0,5,10,10,1
14,15,0,0,1,0,3,0,0,0,1,1,1,0,2,4,0,6,5,7,1
8,19,0,1,1,0,3,1,0,0,1,1,1,0,0,1,0,6,3,10,1
11,19,4,0,1,0,3,0,0,11,1,1,1,5,2,1,0,6,6,12,1
4,18,4,0,0,0,3,0,0,7,1,0,1,0,0,1,0,6,11,9,1
9,15,4,0,1,0,3,1,0,2,1,1,1,0,0,1,0,8,2,7,1
7,20,4,0,1,0,3,3,0,5,1,1,1,5,0,2,0,6,10,8,1
1,18,4,1,1,0,3,1,0,5,1,1,1,0,0,1,0,3,3,4,0
11,15,0,1,1,0,3,1,0,0,1,1,1,0,2,6,5,4,0,5,1
9,21,4,1,1,0,3,0,0,2,1,1,1,0,0,1,0,6,5,9,1
0,17,4,0,1,0,3,0,0,16,1,1,1,0,0,1,5,0,0,0,1
15,18,4,0,1,0,3,1,0,0,1,1,1,0,2,1,0,7,3,5,1
7,21,4,1,1,2,3,0,0,2,1,1,1,5,0,1,5,5,0,3,0
10,16,4,0,1,0,3,1,0,2,1,1,1,0,0,1,0,7,2,3,1
6,19,4,0,1,0,3,0,0,4,1,1,0,7,0,5,4,6,7,7,0
9,15,4,0,0,4,3,0,1,12,1,0,1,5,0,1,0,8,11,13,1
6,20,4,1,1,0,2,0,0,10,1,1,1,0,0,1,0,8,4,13,0
1,18,4,0,1,0,3,0,0,2,1,1,1,7,0,0,5,0,0,0,1
12,20,0,0,1,0,3,1,0,0,1,1,1,0,2,6,0,7,0,14,1
7,16,0,0,1,4,3,0,1,1,1,1,1,7,0,1,0,6,6,8,1
3,18,4,0,1,0,3,0,0,2,1,1,1,0,0,1,0,5,4,6,1
6,19,0,1,1,3,3,0,1,1,1,1,1,7,0,1,0,6,4,4,1
4,20,0,1,1,0,3,0,0,3,1,1,1,0,0,6,0,6,7,13,1
11,21,4,0,1,4,3,0,1,11,1,1,1,5,2,1,0,6,1,11,1
3,18,4,0,1,0,1,1,0,2,1,1,1,0,0,5,0,6,3,7,1
1,18,4,0,1,0,3,0,0,0,1,1,1,5,0,2,2,1,0,3,0
0,15,4,1,1,0,3,0,0,2,1,1,1,0,0,0,5,0,0,0,1
8,16,4,0,1,0,3,0,0,2,1,1,1,0,0,1,0,6,6,7,1
9,15,4,1,1,0,3,0,0,2,1,1,1,0,0,1,0,6,5,10,1
3,15,4,0,1,0,3,3,0,0,1,1,1,0,0,1,2,0,0,8,1
11,19,4,1,1,0,3,0,0,7,1,1,1,0,2,1,0,2,3,6,1
11,20,0,0,1,0,3,3,0,0,1,1,1,5,2,2,0,6,11,14,1
10,18,4,1,1,0,3,1,0,2,1,1,1,0,0,1,0,6,4,11,1
9,13,3,0,1,0,3,0,0,15,1,1,1,1,0,1,5,6,0,6,0
7,20,0,1,1,4,3,0,1,1,1,1,1,5,0,1,5,0,0,0,0
13,21,4,1,1,0,3,0,0,12,1,1,1,0,2,1,0,6,10,14,1
4,15,4,1,1,0,3,0,0,2,1,1,1,0,0,1,0,6,8,7,1
5,20,4,1,1,0,3,1,0,2,1,1,1,0,0,1,0,6,3,5,1
13,21,0,1,1,4,3,1,1,0,1,1,1,5,2,1,0,6,10,11,1
7,15,4,0,1,0,3,0,0,12,1,1,1,7,0,6,0,8,11,11,0
6,15,4,1,1,3,3,0,1,2,1,1,1,0,0,1,0,6,3,6,1
4,18,4,0,1,0,3,1,0,11,1,1,1,5,0,1,0,6,6,10,0
12,23,4,0,1,4,3,3,1,9,1,1,1,5,2,2,0,6,11,7,1
9,18,4,1,1,0,3,1,0,2,1,1,1,0,0,1,0,8,4,11,1
1,17,4,0,1,0,3,1,0,7,1,1,1,0,0,1,0,2,3,2,1
3,20,0,0,1,0,3,1,0,1,1,1,1,0,0,1,0,3,2,14,1
12,18,0,0,1,0,3,2,0,0,1,1,1,0,2,1,0,6,3,12,1
4,21,4,0,1,0,3,0,0,0,1,1,1,5,0,2,0,6,2,12,1
10,18,4,0,1,0,3,3,0,2,1,1,1,5,0,1,0,7,8,11,1
14,20,2,0,1,0,3,1,0,0,1,1,1,0,2,1,0,6,8,11,1
4,20,4,1,1,0,3,0,0,3,1,1,1,1,0,1,0,3,8,5,1
6,13,4,0,1,0,3,0,0,15,1,1,1,1,0,1,5,0,0,0,0
14,20,0,0,1,0,3,1,0,0,1,1,1,0,2,1,0,7,0,14,1
2,22,4,1,1,0,3,1,0,7,1,1,1,7,0,1,0,3,4,4,1
9,15,4,1,0,0,3,1,0,2,1,1,0,0,0,1,5,0,0,4,1
5,15,4,0,1,4,3,0,1,2,1,1,1,0,0,1,0,8,1,4,1
15,20,4,0,1,0,3,0,0,0,1,1,1,7,2,1,0,7,3,14,0
10,18,2,1,1,1,1,3,1,14,1,1,1,0,0,1,0,5,3,6,1
9,18,0,0,1,4,3,0,1,1,1,1,1,0,0,1,0,6,6,11,1
13,18,4,1,1,3,3,0,1,2,1,1,1,7,2,1,5,0,0,4,1
9,15,4,1,1,0,3,0,0,5,1,1,1,0,0,1,0,6,3,6,1
5,15,4,0,1,4,3,0,1,2,1,1,1,0,0,1,0,6,4,9,0
7,18,4,1,1,0,3,0,0,2,1,1,1,7,0,1,1,2,0,6,1
1,18,4,1,1,0,3,0,0,2,1,1,1,7,0,1,5,2,0,1,1
5,18,4,0,1,4,3,0,1,0,1,1,1,5,0,1,0,4,8,6,1
11,15,0,0,1,0,0,0,0,16,1,1,1,1,2,5,3,6,1,9,0
8,20,4,1,1,0,3,0,0,0,1,1,1,0,0,1,2,6,0,10,1
2,18,4,0,1,4,3,0,1,2,1,1,1,0,0,1,0,8,6,4,1
2,14,4,0,1,4,3,0,1,2,1,1,1,0,0,1,0,6,7,7,1
14,21,0,1,1,0,3,0,0,1,1,1,1,0,2,4,0,6,10,14,1
15,20,4,1,1,4,3,0,1,10,1,1,1,0,2,1,0,6,0,6,0
11,15,0,1,1,3,3,0,1,0,1,1,1,0,2,1,0,6,0,9,1
10,18,4,1,1,0,3,0,0,0,1,1,1,0,0,1,0,6,1,10,0
5,12,4,0,1,0,3,0,0,4,1,1,1,0,0,5,2,0,0,5,1
12,15,0,0,1,0,3,0,0,0,1,1,1,7,2,3,0,6,3,10,1
2,18,4,0,1,0,3,1,0,9,1,1,1,0,0,1,0,7,4,9,1
8,18,0,0,1,3,3,0,1,0,1,1,1,5,0,2,0,6,11,11,1
0,13,4,1,1,4,3,0,1,10,1,1,1,0,0,0,5,0,0,0,0
6,12,4,0,0,0,3,0,0,3,1,1,0,0,0,0,5,0,0,5,1
11,20,4,0,1,0,3,1,0,2,1,1,1,1,2,1,0,6,3,7,1
9,14,0,0,1,0,3,1,0,14,1,1,1,0,0,1,0,6,8,7,1
7,22,0,1,1,0,3,1,0,1,1,1,1,0,0,7,0,5,2,10,1
0,15,4,0,1,0,3,2,0,0,1,1,1,0,0,1,0,1,3,1,1
8,13,4,1,1,0,3,0,0,7,1,1,1,0,0,0,5,0,0,7,1
15,20,0,1,1,3,3,0,1,0,1,1,1,5,2,1,1,4,0,6,1
0,12,4,0,1,4,3,0,1,16,1,1,1,7,0,0,5,0,0,0,1
7,15,4,0,1,0,3,0,0,7,1,1,1,0,0,0,5,0,0,0,1
13,15,4,0,0,0,3,0,0,0,1,1,0,0,2,0,5,0,0,3,1
5,15,4,0,1,0,3,0,0,2,1,1,1,0,0,1,0,5,10,5,1
11,20,0,1,1,3,3,0,1,1,1,1,1,5,2,0,5,0,0,0,1
13,22,0,1,1,3,3,0,1,0,1,1,1,0,2,7,1,9,0,13,1
0,15,4,0,1,0,3,3,0,16,1,1,1,5,0,1,0,5,5,6,1
15,23,0,1,1,4,3,0,1,0,1,1,1,5,2,1,0,6,5,14,1
11,14,4,0,0,0,3,0,0,0,1,1,0,0,2,0,5,0,0,5,1
8,13,0,0,1,4,3,0,1,8,1,1,1,7,0,0,5,0,0,0,1
5,20,4,0,1,0,3,1,0,11,1,1,1,0,0,1,2,0,0,0,1
9,18,4,0,0,0,3,0,0,2,0,0,1,0,0,1,0,6,9,9,1
15,15,4,0,1,0,3,3,0,0,1,1,1,7,2,0,5,0,0,4,1
0,18,4,0,1,0,3,3,0,2,1,1,1,0,0,0,5,0,0,0,1
15,18,4,0,1,0,3,0,0,0,1,1,1,7,2,1,0,6,6,7,1
4,10,4,1,1,2,3,3,0,2,1,1,1,8,0,8,5,0,0,0,0
0,15,4,1,1,0,3,1,0,2,1,1,1,0,0,1,0,4,1,2,1
4,21,4,1,1,0,3,1,0,11,1,1,1,5,0,2,2,2,0,3,0
7,18,4,0,1,0,0,0,0,16,1,1,1,0,0,5,3,6,3,6,1
8,17,4,0,1,0,3,0,0,2,1,1,1,1,0,1,0,6,8,3,1
10,18,4,1,1,0,3,1,0,0,1,1,1,0,0,1,0,6,4,9,1
12,15,0,0,1,0,3,3,0,0,1,1,1,0,2,1,0,6,11,9,1
13,20,4,1,1,4,3,0,1,9,1,1,1,0,2,1,0,7,5,10,1
5,17,4,0,1,0,3,0,0,2,1,1,1,0,0,6,0,2,1,2,1
7,20,4,0,1,0,3,0,0,2,1,1,1,5,0,1,0,1,8,5,1
13,15,4,1,1,0,3,0,0,0,1,1,1,1,2,1,0,6,6,10,0
6,21,4,1,1,0,3,1,0,2,1,1,1,0,0,1,0,6,2,11,0
13,15,4,0,1,0,3,3,0,12,1,1,1,0,2,1,0,9,10,10,1
4,15,0,1,1,0,1,0,0,14,1,1,1,0,0,1,0,6,10,9,0
15,21,4,0,1,0,3,0,0,0,1,1,1,5,2,3,0,6,3,12,1
2,19,4,0,1,0,3,0,0,16,1,1,1,1,0,1,0,8,6,7,1
7,18,4,0,1,0,3,0,0,2,1,1,1,7,0,4,0,2,1,4,1
6,20,4,1,1,4,3,0,1,0,1,1,1,5,0,1,0,6,10,10,1
10,18,4,1,1,0,3,1,0,12,1,1,1,2,0,5,3,7,7,13,1
13,19,4,0,1,0,3,1,0,0,1,1,1,0,2,1,0,8,8,12,0
3,15,4,1,1,0,3,0,0,2,1,1,1,7,0,1,0,6,8,12,1
8,20,0,0,1,3,3,0,1,2,1,1,1,0,0,2,0,6,2,9,0
4,18,4,1,1,0,3,0,0,2,1,1,1,7,0,1,0,2,4,3,1
2,18,4,1,1,0,3,0,0,2,1,1,1,5,0,0,5,0,0,0,1
5,17,4,1,1,0,3,0,0,2,1,1,1,7,0,1,0,6,5,6,1
11,20,4,0,1,0,3,3,0,14,1,1,1,0,2,1,0,6,6,14,1
9,20,0,0,1,0,3,1,0,0,1,1,1,0,0,1,0,6,2,14,1
14,18,4,0,1,0,3,0,0,14,1,1,1,0,2,1,0,8,4,10,0
7,20,4,1,1,4,3,0,1,11,1,1,1,5,0,0,5,0,0,0,1
8,20,4,1,1,3,3,0,1,2,1,1,1,7,0,1,0,7,11,5,1
7,20,4,1,1,3,3,0,0,11,1,1,1,0,0,3,0,6,5,11,1
12,20,0,1,1,0,3,0,0,0,1,1,1,5,2,1,0,6,2,13,1
3,20,4,0,1,0,3,1,0,2,1,1,1,0,0,1,0,1,2,6,1
14,20,4,1,1,0,3,1,0,0,1,1,1,0,2,1,0,6,8,13,1
10,20,4,0,1,0,0,1,0,0,1,1,1,0,0,5,3,9,5,12,1
15,22,0,1,1,0,3,1,0,0,1,1,1,0,2,1,0,9,3,14,1
8,20,4,1,1,0,3,0,0,16,1,1,1,0,0,1,1,8,0,2,0
9,21,4,0,1,0,3,0,0,0,1,1,1,5,0,2,0,6,2,10,1
5,15,0,1,1,0,3,0,0,1,1,1,1,0,0,0,5,0,0,0,1
3,15,4,1,1,0,3,0,0,2,1,1,1,0,0,1,0,6,3,6,1
13,18,0,1,1,0,3,0,0,0,1,1,1,0,2,1,0,3,3,5,1
10,18,0,1,1,0,3,0,0,1,1,1,1,0,0,1,0,6,8,11,1
4,20,4,1,1,0,3,0,0,2,1,1,1,0,0,1,5,4,0,4,0
0,17,4,0,0,0,3,3,0,16,1,1,0,0,0,0,5,0,0,4,0
13,21,0,0,1,2,0,0,0,0,1,1,1,5,2,5,0,8,6,14,0
12,18,0,1,1,0,3,0,0,0,1,1,1,7,2,6,0,6,6,10,1
13,15,4,0,1,0,3,0,0,9,1,1,1,8,2,1,0,9,11,3,1
6,19,4,1,1,0,3,3,0,11,1,1,1,0,0,1,5,0,0,0,1
1,17,4,0,0,0,3,3,0,2,1,1,0,0,0,0,5,0,0,0,1
12,20,0,1,1,0,3,0,0,1,1,1,1,5,2,1,0,6,10,14,1
11,20,4,0,1,0,3,0,0,0,1,1,1,0,2,1,0,6,6,11,1
5,19,0,0,1,0,3,0,0,1,1,1,1,0,0,1,0,6,7,10,0
5,17,4,0,1,0,0,1,0,16,1,1,1,0,0,5,3,6,2,8,1
7,20,0,1,1,4,3,0,1,1,1,1,1,5,0,1,0,6,10,13,1
14,20,0,1,1,0,3,1,0,0,1,1,1,0,2,2,0,4,11,13,1
14,18,0,1,1,0,3,0,0,8,1,1,1,7,2,4,0,6,1,8,1
3,16,4,0,1,4,3,0,1,12,1,1,1,5,0,0,5,0,0,0,1
4,18,4,1,1,0,3,1,0,0,1,1,1,7,0,1,0,4,1,5,1
0,17,4,0,1,3,3,0,1,16,1,1,1,5,0,1,5,6,0,5,0
6,15,4,0,1,4,3,0,1,11,1,1,1,0,0,1,0,6,3,9,1
10,8,4,0,1,4,3,0,1,15,1,1,1,7,0,1,5,0,0,0,1
12,14,4,0,1,0,3,0,0,9,1,1,1,7,2,1,1,6,0,7,0
14,6,0,1,1,4,3,0,1,0,1,1,1,8,2,1,0,2,8,4,0
8,20,4,1,1,4,3,3,1,11,1,1,1,5,0,1,0,8,8,14,1
11,15,4,0,1,4,3,0,1,2,1,1,1,0,2,6,0,4,6,6,1
5,20,4,1,1,0,3,3,0,2,1,1,1,1,0,1,0,1,4,4,0
15,20,0,1,1,4,3,0,1,9,1,1,1,5,2,0,5,0,0,0,1
11,20,0,1,1,0,3,0,0,0,1,1,1,0,2,1,0,6,10,13,1
0,13,4,0,0,0,3,0,0,2,1,1,0,0,0,0,5,0,0,0,1
13,15,0,1,1,4,3,0,1,0,1,1,1,5,2,0,5,0,0,0,1
10,15,4,0,1,4,3,0,1,10,1,1,1,0,0,4,0,9,11,3,0
7,19,0,0,1,0,3,0,0,1,1,1,1,5,0,1,0,6,3,14,1
15,15,0,0,1,0,3,3,0,0,1,1,1,0,2,1,0,8,4,10,1
7,15,0,1,1,0,3,0,0,0,1,1,1,7,0,1,0,2,3,8,1
4,18,4,0,1,0,3,0,0,2,1,1,1,0,0,1,0,2,7,3,1
3,19,4,1,1,0,3,1,0,2,1,1,1,0,0,1,0,1,5,2,1
13,15,0,0,1,0,3,0,0,8,1,1,1,0,2,1,1,2,0,1,1
9,21,0,0,1,4,3,3,1,1,1,1,1,0,0,1,0,6,0,13,1
12,15,0,0,1,0,3,0,0,0,1,1,1,0,2,1,0,6,4,9,1
3,15,4,1,1,0,3,0,0,0,1,1,1,0,0,0,5,0,0,0,1
3,21,4,1,1,0,3,3,0,0,1,1,1,0,0,1,0,5,1,8,0
5,20,4,1,1,0,3,1,0,0,1,1,1,0,0,1,0,2,3,3,1
6,18,4,1,1,0,3,0,0,2,1,1,1,0,0,1,0,4,2,6,1
4,20,4,1,1,0,3,1,0,0,1,1,1,1,0,1,0,6,4,9,1
5,19,4,0,1,0,3,3,0,2,1,1,1,0,0,1,0,6,5,9,1
2,18,4,1,1,3,3,0,1,2,1,1,1,0,0,1,0,3,8,5,1
13,19,4,0,1,0,3,1,0,12,1,1,1,0,2,1,0,6,3,11,1
6,20,4,0,1,4,3,0,1,0,1,1,1,5,0,1,5,0,0,0,1
10,20,4,1,1,0,3,0,0,0,1,1,1,0,0,4,0,6,8,14,1
3,19,4,0,1,0,3,3,0,2,1,1,1,0,0,0,5,0,0,0,1
0,18,4,0,1,3,0,0,1,16,1,1,1,0,0,5,3,2,2,2,1
0,18,4,1,1,0,3,0,0,2,1,1,1,0,0,1,0,4,6,5,1
9,18,4,0,1,0,3,3,0,2,1,1,1,0,0,3,0,6,0,9,1
4,15,4,1,1,0,3,3,0,11,1,1,1,7,0,1,2,4,0,5,0
9,18,0,0,1,0,1,1,0,1,1,1,1,0,0,5,0,6,8,10,0
15,20,4,0,1,3,3,0,1,11,1,1,1,5,2,2,0,6,3,13,1
8,15,4,1,1,0,3,1,0,2,1,1,1,0,0,3,0,6,8,6,1
0,17,4,0,1,0,3,1,0,2,1,1,1,0,0,1,0,2,2,2,1
11,18,4,1,1,0,3,0,0,11,1,1,1,0,2,1,0,6,2,5,1
15,20,0,0,1,0,3,0,0,1,1,1,1,0,2,6,0,8,8,14,1
12,20,0,0,1,3,3,0,1,1,1,1,1,5,2,1,0,2,2,4,1
0,18,4,0,1,0,3,0,0,2,1,1,1,5,0,1,5,0,0,0,0
5,20,4,0,1,0,3,0,0,12,1,1,1,0,0,1,0,8,10,11,1
9,18,4,1,1,0,3,0,0,5,1,1,1,7,0,1,0,6,10,6,1
12,17,4,0,1,0,3,1,0,15,1,1,1,0,2,1,5,0,0,0,0
11,17,4,1,1,0,3,0,0,2,1,1,1,0,2,1,0,4,5,9,1
0,15,4,0,1,0,3,0,0,2,1,1,1,0,0,1,2,8,0,8,1
1,18,4,1,1,0,3,1,0,0,1,1,1,7,0,1,0,2,1,6,1
4,19,4,0,1,0,3,0,0,2,1,1,1,0,0,1,0,4,10,4,1
11,21,0,0,1,0,3,0,0,0,1,1,1,0,2,1,0,6,11,13,1
8,19,4,0,1,3,3,1,1,0,1,1,1,8,0,1,0,6,1,9,1
11,18,0,0,1,3,3,0,1,0,1,1,1,5,2,1,0,6,4,10,0
1,17,4,0,1,0,3,3,0,2,1,1,1,7,0,0,5,0,0,0,1
0,15,4,0,1,0,3,0,0,11,1,1,1,7,0,1,0,3,4,6,1
14,20,0,1,1,0,3,0,0,0,1,1,1,0,2,1,0,7,8,11,1
15,15,0,0,1,4,3,0,1,1,1,1,1,0,2,0,5,0,0,0,1
8,20,4,1,1,3,3,3,1,2,1,1,1,5,0,2,5,0,0,0,1
7,17,4,0,1,0,3,0,0,2,1,1,1,0,0,1,0,6,8,8,1
15,16,4,0,1,4,3,0,1,2,1,1,1,0,2,1,0,6,1,4,1
8,17,4,1,1,0,3,3,0,2,1,1,1,0,0,0,5,0,0,0,1
10,14,0,0,1,0,3,2,0,5,1,1,1,0,0,1,0,6,10,12,1
11,20,4,1,1,4,3,0,1,16,1,1,1,8,0,2,5,4,0,4,0
7,15,4,0,1,0,3,0,0,2,1,1,1,0,0,2,5,0,0,0,1
8,18,4,0,1,0,1,1,0,10,1,1,1,0,0,1,0,6,8,11,1
8,17,4,1,1,0,3,0,0,0,1,1,1,0,0,2,0,2,2,6,0
6,15,4,1,1,0,3,0,0,7,1,1,1,2,0,1,0,5,4,5,1
4,18,4,1,1,0,3,3,0,2,1,1,1,0,0,1,5,0,0,1,1
5,15,4,0,1,0,3,1,0,2,1,1,1,8,0,1,5,0,0,0,1
15,11,3,0,1,0,3,0,0,0,1,1,1,0,2,6,0,6,10,14,1
14,18,4,0,1,0,3,0,0,16,1,1,1,1,2,0,5,0,0,0,1
1,15,2,1,1,0,3,2,0,2,1,1,1,6,0,1,0,6,10,9,1
12,20,0,1,1,0,3,1,0,1,1,1,1,8,2,1,0,5,0,4,1
4,15,0,1,1,0,0,0,0,0,1,1,1,3,0,5,3,7,3,6,1
10,20,0,1,1,4,3,0,1,0,1,1,1,0,0,1,0,6,3,8,0
9,18,4,1,1,0,3,0,0,4,1,1,1,0,0,1,5,0,0,0,1
2,15,4,0,1,0,3,0,0,2,1,1,1,1,0,0,5,0,0,0,1
6,17,4,0,1,0,3,1,0,0,1,1,1,0,0,1,0,5,6,12,0
12,0,4,0,1,4,3,0,1,0,1,1,1,7,2,1,0,6,4,11,1
5,20,4,1,1,0,3,0,0,2,1,1,1,7,0,1,0,6,10,11,1
7,20,0,1,1,0,3,0,0,1,1,1,1,0,0,2,0,6,10,12,1
7,15,4,0,1,4,3,0,1,2,1,1,1,7,0,1,5,0,0,0,1
1,18,4,0,1,0,3,3,0,16,1,1,1,0,0,2,5,0,0,0,1
11,16,4,0,0,0,3,0,0,2,1,1,0,7,2,1,0,3,3,5,1
11,15,0,1,1,0,3,0,0,1,1,1,1,0,2,6,0,4,3,10,0
6,15,4,0,1,0,3,0,0,12,1,1,1,0,0,1,0,6,3,11,1
0,15,4,1,1,0,3,1,0,7,1,1,1,0,0,1,0,1,8,1,1
8,15,4,0,1,4,3,0,1,5,1,1,1,7,0,1,0,6,2,6,1
6,11,4,0,1,0,3,0,0,11,1,1,1,0,0,1,0,6,3,13,1
10,21,0,1,1,0,3,1,0,1,1,1,1,0,0,1,0,6,1,14,1
4,20,4,0,1,0,3,0,0,2,1,1,1,5,0,1,0,6,8,12,0
10,15,4,0,1,0,3,0,0,2,1,1,1,0,0,1,0,8,2,8,1
12,21,0,0,1,4,3,0,1,1,1,1,1,5,2,2,0,6,2,13,0
0,0,4,1,0,0,3,0,0,2,0,0,1,7,0,1,0,6,9,9,0
10,19,0,1,1,0,3,0,0,0,1,1,1,0,0,6,0,1,8,6,1
15,19,0,0,1,0,3,1,0,0,1,1,1,0,2,2,0,9,0,13,1
14,18,4,0,1,0,3,0,0,0,1,1,1,5,0,4,0,5,5,4,1
6,18,4,0,1,0,3,0,0,2,1,1,1,0,0,3,0,1,6,1,1
6,18,4,0,1,4,3,0,1,5,1,1,1,0,0,1,0,1,4,4,1
11,21,0,0,1,4,3,1,1,0,1,1,1,0,2,3,0,6,10,11,1
5,20,4,0,1,2,3,0,1,2,1,1,1,5,0,5,0,2,4,2,0
13,18,4,0,1,0,3,3,0,0,1,1,1,0,2,1,0,8,6,14,1
9,21,0,1,1,0,3,3,0,1,1,1,1,5,0,1,0,6,2,14,0
10,15,4,1,1,3,3,0,1,2,1,1,1,7,0,3,0,6,3,4,1
2,15,4,0,1,0,3,3,0,9,1,1,1,5,0,6,5,1,0,1,1
1,18,4,1,1,4,3,0,1,0,1,1,1,5,0,1,0,1,3,5,1
10,15,4,1,0,0,3,3,0,0,1,1,0,0,0,0,5,0,0,4,0
12,15,4,1,1,0,3,3,0,5,1,1,1,0,2,1,2,0,0,3,1
14,23,0,0,1,4,3,3,1,8,1,1,1,5,2,0,5,0,0,0,1
7,21,4,0,1,0,3,0,0,2,1,1,1,5,0,1,0,6,4,12,1
12,15,4,1,1,0,3,0,0,14,1,1,1,0,2,1,0,9,0,4,1
10,18,4,0,1,0,3,3,0,2,1,1,1,0,0,1,0,6,8,8,1
6,15,0,1,1,0,3,0,0,2,1,1,1,7,0,1,0,6,1,9,1
5,19,4,0,1,0,3,0,0,2,1,1,1,0,0,1,0,3,6,3,1
6,20,4,1,1,0,3,0,0,2,1,1,1,8,0,1,0,6,3,12,1
8,15,4,1,1,0,3,0,0,12,1,1,1,0,0,0,5,0,0,0,0
7,18,0,0,1,0,1,0,0,2,1,1,1,0,0,1,0,6,4,9,1
12,15,0,1,1,0,3,0,0,2,1,1,1,7,2,0,5,0,0,0,1
4,12,4,0,0,0,3,0,0,15,1,1,0,1,0,1,5,0,0,1,0
6,20,0,1,1,0,3,0,0,1,1,1,1,0,0,1,0,1,3,2,1
1,18,4,1,1,0,3,3,0,2,1,1,1,0,0,1,0,2,8,5,1
15,15,4,0,1,3,3,0,1,5,1,1,1,5,2,1,0,6,4,6,1
11,17,4,0,1,0,3,3,0,10,1,1,1,8,2,1,0,6,8,3,1
5,18,4,1,1,0,3,0,0,2,1,1,1,0,0,0,5,0,0,0,1
9,18,0,0,1,0,0,0,0,0,1,1,1,0,0,5,3,9,1,9,1
4,18,4,0,1,0,3,0,0,2,1,1,1,0,0,2,0,9,2,8,0
11,20,0,0,1,4,3,0,1,1,1,1,1,7,2,0,5,0,0,0,0
10,8,4,0,1,4,3,0,1,2,1,1,1,7,0,1,0,6,4,3,1
10,21,4,0,1,0,3,1,0,2,1,1,1,0,0,3,0,6,3,13,1
4,18,4,1,1,4,3,0,1,2,1,1,1,0,0,1,0,6,2,9,1
14,20,4,0,1,0,3,0,0,2,1,1,1,7,2,1,5,6,0,2,1
15,21,4,0,0,0,3,1,0,0,0,0,0,0,2,4,0,6,10,9,1
0,15,4,1,1,0,3,0,0,2,1,1,1,0,0,0,5,0,0,0,1
5,18,4,0,1,0,3,3,0,2,1,1,1,0,0,1,0,6,2,6,1
0,17,4,0,1,0,3,1,0,7,1,1,1,8,0,1,5,0,0,0,1
10,21,4,1,1,4,3,0,1,0,1,1,1,0,0,1,0,6,3,14,0
9,15,0,1,1,0,3,0,0,2,1,1,1,7,0,1,0,6,5,9,1
13,16,4,0,1,0,3,0,0,15,1,1,1,0,2,0,5,0,0,0,0
10,8,4,0,1,4,3,3,1,2,1,1,1,7,0,1,0,6,4,8,1
5,18,4,1,1,0,3,1,0,0,1,1,1,0,0,1,5,4,0,4,0
8,15,4,1,1,0,3,0,0,0,1,1,1,7,0,3,0,3,2,5,1
2,18,4,0,1,3,3,0,1,15,1,1,1,5,0,1,5,0,0,1,0
11,20,0,1,1,0,3,0,0,0,1,1,1,0,2,3,0,6,6,12,1
11,20,4,0,1,0,3,0,0,0,1,1,1,0,2,3,0,6,6,12,0
15,14,4,0,0,0,3,0,0,2,1,0,0,7,2,1,4,6,7,7,0
13,6,0,1,1,2,3,0,0,7,1,1,1,7,2,9,2,0,11,5,1
11,15,0,1,1,0,3,0,0,0,1,1,1,0,2,1,0,6,2,9,1
11,15,4,1,0,0,3,3,0,13,1,0,0,1,0,6,0,5,2,4,1
2,19,4,0,1,4,3,0,1,2,1,1,1,0,0,1,5,1,0,2,1
13,18,4,1,1,0,3,2,0,2,1,1,1,0,2,1,0,6,10,10,1
3,15,4,1,1,0,3,0,0,2,1,1,1,7,0,1,1,2,0,6,1
3,20,4,1,1,0,3,1,0,2,1,1,1,8,0,0,5,0,0,0,1
8,18,0,0,1,0,3,1,0,2,1,1,1,8,0,1,0,6,8,8,1
6,20,4,0,1,0,3,3,0,11,1,1,1,0,0,1,0,8,8,14,0
15,15,4,0,1,0,3,0,0,2,1,1,1,0,2,4,0,9,1,6,1
2,18,4,1,0,0,3,0,0,2,1,1,1,5,0,1,0,2,2,5,1
12,2,0,0,1,3,3,0,1,16,1,1,1,7,2,2,0,6,10,4,1
13,19,4,1,1,0,3,0,0,15,1,1,1,1,2,0,5,0,0,0,0
1,19,4,0,1,4,3,0,1,2,1,1,1,0,0,0,5,0,0,0,1
14,20,0,1,1,0,3,1,0,0,1,1,1,0,2,1,0,6,3,12,1
1,15,0,1,1,4,3,1,1,2,1,1,1,0,0,1,5,2,0,1,1
14,18,0,0,1,0,3,1,0,0,1,1,1,0,2,6,0,8,4,10,1
7,21,4,1,1,4,3,0,1,2,1,1,1,5,0,2,0,6,6,13,1
14,20,4,1,1,0,3,0,0,12,1,1,1,0,2,6,0,6,2,13,1
0,15,4,0,1,0,3,3,0,2,1,1,1,0,0,1,0,3,6,3,1
8,17,4,0,0,0,3,1,0,2,1,1,0,8,0,1,5,9,0,3,1
0,15,4,0,1,4,3,0,1,2,1,1,1,7,0,0,5,0,0,0,1
6,18,4,1,1,0,3,0,0,14,1,1,1,0,0,1,0,2,2,4,1
12,20,4,1,0,0,3,0,0,0,1,1,1,0,2,5,0,6,4,10,1
5,20,0,1,1,0,3,0,0,1,1,1,1,5,0,1,0,6,10,11,0
6,14,4,0,1,0,3,3,0,2,1,1,1,0,0,8,0,6,3,8,1
5,18,4,0,1,0,3,1,0,0,1,1,1,0,0,1,0,4,2,2,0
10,19,4,0,1,0,3,0,0,2,1,1,1,0,0,3,0,6,6,7,1
4,18,0,1,1,0,3,0,0,0,1,1,1,7,0,1,0,2,5,4,0
14,15,0,0,1,0,3,0,0,1,1,1,1,0,2,1,2,0,0,0,1
10,17,4,0,1,0,3,1,0,2,1,1,1,0,0,1,0,5,8,4,1
1,14,4,0,1,0,3,0,0,7,1,1,1,0,0,0,5,0,0,0,1
2,20,4,0,1,0,3,1,0,2,1,1,1,8,0,1,0,1,2,2,1
3,19,4,1,1,0,3,3,0,2,1,1,1,5,0,1,5,0,0,0,1
2,22,4,0,1,0,3,0,0,15,1,1,1,0,0,0,5,0,0,0,0
8,18,0,0,1,3,3,0,1,0,1,1,1,0,0,1,0,6,1,8,1
1,15,4,0,1,4,3,0,1,16,1,1,1,5,0,1,5,0,0,0,1
4,20,4,0,1,0,3,0,0,14,1,1,1,0,0,1,0,6,3,9,0
2,15,4,0,1,0,3,3,0,2,1,1,1,0,0,6,0,1,2,4,1
14,15,0,0,1,4,3,0,1,8,1,1,1,0,2,1,0,6,0,11,1
7,15,4,1,1,2,3,3,0,12,1,1,1,0,0,1,0,6,10,12,1
1,15,4,0,1,0,3,3,0,2,1,1,1,5,0,0,5,0,0,3,1
12,20,0,1,1,0,3,3,0,0,1,1,1,0,2,1,0,6,3,13,1
2,18,4,0,1,0,3,3,0,16,1,1,1,0,0,1,0,9,1,6,1
3,15,4,0,1,0,0,0,0,16,1,1,1,0,0,5,3,9,1,8,0
13,19,4,1,1,0,3,1,0,12,1,1,1,8,2,4,0,4,11,7,1
10,15,4,0,1,0,3,3,0,11,1,1,1,0,0,1,0,7,7,8,0
15,15,0,1,1,4,3,0,1,0,1,1,1,7,2,0,5,0,0,0,1
3,19,0,0,1,0,3,1,0,1,1,1,1,0,0,1,5,0,0,0,0
10,21,0,1,1,0,3,0,0,1,1,1,1,0,2,3,0,1,11,6,1
7,21,0,0,1,2,3,3,0,1,1,1,1,0,0,1,0,4,3,14,1
12,20,4,0,1,4,3,3,1,9,1,1,1,7,2,1,0,6,11,10,0
8,18,0,1,1,0,3,1,0,0,1,1,1,0,0,1,1,6,0,7,1
15,21,0,0,1,3,3,0,1,0,1,1,1,5,2,2,0,6,6,13,1
14,18,4,0,1,0,3,1,0,0,1,1,1,0,2,1,0,6,3,14,1
6,15,4,1,1,0,3,0,0,2,1,1,1,7,0,1,0,6,6,10,1
13,20,4,0,1,0,3,0,0,2,1,1,1,5,2,1,0,6,0,9,0
7,18,0,1,1,0,1,0,0,0,1,1,1,0,0,5,0,6,2,7,1
2,15,4,0,0,0,3,0,0,15,1,1,1,7,0,0,5,0,0,0,1
12,16,0,0,1,4,3,0,1,0,1,1,1,2,2,1,0,6,2,14,1
0,17,4,0,1,0,3,0,0,2,1,1,1,0,0,0,5,0,0,0,1
10,14,4,0,0,0,3,0,0,15,1,1,0,0,0,0,5,0,0,0,0
2,12,2,0,1,0,3,0,0,12,1,1,1,0,0,1,2,0,0,9,0
10,19,0,1,1,0,3,0,0,1,1,1,1,0,0,1,0,6,8,10,1
8,18,4,0,1,0,3,0,0,9,1,1,1,7,0,1,0,9,3,8,1
6,18,4,0,1,0,3,0,0,11,1,1,1,0,0,1,0,1,6,1,1
7,20,4,0,1,0,3,0,0,0,1,1,1,0,0,1,0,6,6,11,1
8,19,4,1,1,0,3,1,0,0,1,1,1,0,0,1,0,3,7,8,1
10,20,4,1,1,0,3,0,0,2,1,1,1,8,0,1,0,6,2,10,1
10,15,0,0,1,0,3,0,0,1,1,1,1,1,0,1,0,6,3,10,1
15,22,0,0,1,0,3,1,0,0,1,1,1,0,2,1,0,7,6,14,1
11,11,0,1,0,4,3,0,1,1,1,1,1,7,2,0,5,0,0,0,1
0,18,4,0,1,0,3,2,0,16,1,1,1,0,0,1,5,1,0,2,0
10,16,0,0,1,0,3,0,0,2,1,1,1,7,0,1,0,6,10,5,1
4,18,0,0,1,0,3,0,0,4,1,1,1,0,0,1,5,0,0,0,1
13,23,4,0,1,0,3,0,0,5,1,1,1,5,2,7,0,8,6,13,1
1,14,4,0,1,4,3,1,1,0,1,1,1,8,0,2,0,5,1,7,0
5,17,4,0,1,0,3,1,0,0,1,1,1,8,0,6,0,6,6,5,0
11,20,4,1,1,0,3,0,0,0,1,1,1,7,2,1,5,6,0,4,1
0,18,4,1,1,0,3,0,0,16,1,1,1,0,0,0,5,0,0,0,0
10,18,4,0,1,0,3,0,0,5,1,1,1,5,0,7,2,1,0,4,1
6,18,4,1,1,0,3,1,0,2,1,1,1,8,0,1,0,2,6,3,1
15,15,4,0,1,0,3,1,0,0,1,1,1,0,2,1,0,5,2,5,1
8,15,4,0,1,4,3,0,1,9,1,1,1,7,0,0,5,0,0,1,1
0,18,4,0,1,0,3,2,0,5,1,1,1,7,0,1,0,3,9,2,0
9,0,1,1,0,0,3,3,0,13,1,0,0,3,0,3,0,5,7,9,1
1,18,4,0,1,0,3,0,0,2,1,1,1,5,0,0,5,0,0,0,1
8,15,4,0,1,0,3,3,0,7,1,1,1,1,0,1,0,6,11,6,1
0,15,4,0,1,0,3,0,0,7,1,1,1,0,0,0,5,0,0,0,1
15,20,4,1,1,0,3,1,0,0,1,1,1,0,2,3,0,6,3,5,0
2,15,4,1,1,3,3,0,1,2,1,1,1,5,0,1,0,5,2,2,1
7,18,4,0,1,0,3,0,0,11,1,1,1,2,0,6,0,6,6,9,1
3,18,4,1,1,0,3,1,0,2,1,1,1,1,0,1,0,6,2,4,1
10,15,0,1,1,4,3,0,1,1,1,1,1,0,0,1,0,6,2,11,0
13,20,0,0,1,0,3,0,0,0,1,1,1,0,2,2,0,6,10,12,1
3,22,0,0,1,3,3,3,1,1,1,1,1,0,0,1,0,6,9,14,1
2,15,4,1,0,0,3,1,0,2,1,1,1,0,0,0,5,0,0,0,1
13,21,0,1,1,0,3,0,0,1,1,1,1,8,2,3,0,2,7,12,0
14,0,4,0,1,3,3,0,1,2,1,1,1,7,2,0,5,0,0,6,1
8,21,4,1,1,0,3,1,0,0,1,1,1,0,0,1,0,9,3,14,1
11,19,4,1,0,0,3,3,0,13,1,1,0,0,2,2,0,5,2,8,0
3,18,4,1,1,0,3,0,0,2,1,1,1,8,0,1,5,2,0,2,0
11,19,2,1,1,0,3,1,0,7,1,1,1,0,2,1,0,6,11,5,1
12,18,4,0,1,2,3,3,0,0,1,1,1,2,2,1,0,9,10,14,1
10,15,0,0,1,0,3,0,0,0,1,1,1,0,0,1,0,4,7,5,1
6,20,4,1,1,0,3,0,0,11,1,1,1,0,0,1,0,6,4,9,1
1,15,4,1,1,0,3,1,0,2,1,1,1,7,0,1,2,5,0,4,1
9,20,4,0,1,0,3,0,0,2,1,1,1,5,0,0,5,0,0,0,1
2,15,4,0,1,0,3,0,0,11,1,1,1,0,0,1,0,2,1,2,0
12,16,0,0,1,0,3,0,0,0,1,1,1,0,2,1,0,9,6,10,1
5,18,4,1,0,3,3,0,1,0,1,1,0,0,0,0,5,0,0,0,0
6,17,4,1,1,3,3,0,1,11,1,1,1,0,0,4,0,6,5,11,1
4,15,4,0,0,0,3,0,0,2,1,1,0,0,0,2,0,3,2,4,1
14,15,0,0,1,4,3,3,1,1,1,1,1,7,2,1,5,0,0,0,1
12,20,0,1,1,0,3,0,0,1,1,1,1,0,2,1,0,7,3,13,0
11,20,4,1,1,0,3,0,0,0,1,1,1,5,2,3,0,6,6,12,0
14,15,4,0,1,3,3,0,1,0,1,1,1,5,2,6,0,6,0,13,1
3,18,4,0,1,0,3,0,0,2,1,1,1,1,0,1,0,6,6,4,1
1,17,4,1,1,0,3,0,0,2,1,1,1,0,0,1,0,3,9,2,1
10,18,0,1,1,4,3,0,1,1,1,1,1,7,0,5,3,6,0,1,1
11,18,4,0,1,0,3,3,0,15,1,1,1,7,2,7,5,6,0,9,1
0,15,4,1,1,0,3,0,0,2,1,1,1,0,0,0,5,0,0,0,1
13,18,4,1,1,0,3,3,0,11,1,1,1,1,2,3,0,6,4,6,1
5,19,4,1,1,0,3,1,0,0,1,1,1,0,0,3,0,1,8,6,1
14,20,4,0,1,0,3,1,0,14,1,1,1,1,2,3,0,6,8,12,0
2,19,4,1,1,0,3,3,0,2,1,1,1,0,0,1,0,3,10,4,1
14,15,4,1,0,0,3,1,0,2,1,1,0,1,2,1,0,5,3,7,1
6,19,0,0,1,0,3,3,0,2,1,1,1,7,0,1,5,0,0,0,1
1,15,4,0,1,4,3,0,1,10,1,1,1,5,0,0,5,0,0,0,0
1,15,4,1,1,0,3,0,0,2,1,1,1,0,0,0,5,0,0,0,1
7,18,4,0,1,0,3,0,0,2,1,1,1,0,0,2,5,1,0,1,0
7,20,4,1,1,0,3,1,0,16,1,1,1,0,0,6,1,1,0,2,0
14,15,4,1,1,0,1,0,0,0,1,1,1,8,2,5,0,9,3,7,1
3,20,4,1,1,4,3,3,1,14,1,1,1,5,0,1,0,6,3,2,0
5,15,4,1,1,0,3,3,0,11,1,1,1,0,0,3,5,0,0,0,1
14,20,0,1,1,0,3,0,0,1,1,1,1,0,2,1,0,6,2,10,1
5,22,4,1,1,0,3,0,0,11,1,1,1,1,0,1,0,4,3,10,0
10,17,4,0,1,0,3,1,0,15,1,1,1,0,0,1,5,0,0,0,1
10,15,4,0,1,4,3,0,1,10,1,1,1,7,0,1,0,6,3,10,0
0,18,4,0,1,0,3,0,0,0,1,1,1,0,0,1,2,4,0,2,1
0,15,4,0,1,0,3,0,0,2,1,1,1,0,0,0,5,0,0,0,1
0,15,4,0,1,0,3,0,0,7,1,1,1,0,0,0,5,0,0,0,1
6,15,4,0,1,0,3,0,0,2,1,1,1,7,0,0,5,0,0,0,1
5,20,4,0,1,0,3,1,0,2,1,1,1,0,0,1,0,6,2,6,1
13,20,4,1,1,4,3,0,1,11,1,1,1,5,2,1,0,6,4,11,1
12,11,3,1,1,0,3,0,0,0,1,1,1,0,2,6,0,4,8,6,1
7,20,4,0,1,0,3,1,0,2,1,1,1,0,0,1,5,2,0,2,1
7,15,4,1,1,0,3,1,0,2,1,1,1,0,0,1,5,0,0,0,1
2,19,4,0,1,0,3,1,0,12,1,1,1,0,0,1,0,7,2,14,1
12,16,0,1,1,4,3,0,1,1,1,1,1,7,2,0,5,0,0,0,1
7,18,0,1,1,3,3,0,1,1,1,1,1,1,0,1,0,6,8,5,1
14,20,0,0,1,4,3,0,1,0,1,1,1,5,2,1,0,6,6,13,1
6,20,4,0,1,4,3,0,1,14,1,1,1,5,0,0,5,0,0,0,1
12,19,4,0,1,3,3,0,1,2,1,1,1,0,2,2,0,6,3,11,1
1,18,0,1,0,0,3,0,0,2,0,1,1,5,0,1,0,2,9,5,1
10,15,0,1,1,0,3,0,0,8,1,1,1,0,0,1,0,6,0,8,1
9,21,0,1,1,4,0,0,1,1,1,1,1,7,1,5,3,9,9,12,1
2,18,4,1,1,0,3,0,0,2,1,1,1,0,0,0,5,0,0,0,1
0,15,4,1,0,0,3,3,0,6,1,1,0,8,0,3,0,6,2,8,1
2,15,4,1,1,4,3,0,1,16,1,1,1,5,0,1,0,6,10,2,0
14,20,0,1,1,4,3,0,1,1,1,1,1,5,2,2,0,6,11,12,0
8,18,4,1,1,0,3,0,0,2,1,1,1,0,0,1,2,0,0,0,1
12,21,0,1,1,0,3,1,0,0,1,1,1,0,2,6,0,2,7,8,0
12,20,4,0,1,4,3,0,1,12,1,1,1,0,2,1,0,6,8,14,0
10,15,4,0,1,0,3,0,0,2,1,1,1,7,0,3,0,6,6,6,1
2,17,4,1,1,0,3,3,0,2,1,1,1,0,0,1,0,1,2,2,1
9,15,4,0,1,0,3,0,0,2,1,1,1,7,0,1,0,6,4,8,1
12,20,4,0,1,0,3,1,0,2,1,1,1,0,2,1,0,6,3,11,1
0,18,4,0,1,0,3,0,0,16,1,1,1,0,0,0,5,0,0,0,0
3,18,4,1,1,0,3,1,0,16,1,1,1,0,0,1,5,1,0,2,1
15,20,4,0,1,0,3,0,0,2,1,1,1,5,2,1,0,8,10,12,1
7,15,4,1,1,0,3,3,0,0,1,1,1,0,0,9,2,0,0,0,1
0,15,4,1,1,0,3,3,0,11,1,1,1,5,0,0,5,0,0,0,1
12,15,0,1,1,4,3,0,1,0,1,1,1,7,2,1,5,0,0,0,1
1,18,4,0,1,0,3,0,0,2,1,1,1,0,0,2,5,1,0,1,1
2,15,4,0,1,0,3,0,0,2,1,1,1,7,0,0,5,0,0,0,1
15,22,0,0,1,4,3,0,1,0,1,1,1,8,2,1,0,7,8,13,1
11,18,4,1,1,0,3,3,0,11,1,1,1,0,2,1,0,3,8,6,1
5,15,4,1,1,0,3,3,0,0,1,1,1,0,0,1,5,4,0,6,0
0,18,4,1,1,0,3,1,0,2,1,1,1,0,0,1,0,2,2,8,1
15,15,0,1,1,4,3,0,1,1,1,1,1,0,2,0,5,0,0,0,1
5,18,4,0,1,3,3,0,1,0,1,1,1,8,0,2,0,6,2,9,1
13,20,0,0,1,0,3,0,0,1,1,1,1,5,2,1,0,7,6,10,1
4,19,4,0,1,0,3,0,0,2,1,1,1,0,0,1,0,3,0,6,1
1,17,4,0,1,4,3,3,1,11,1,1,1,5,0,1,0,1,3,2,0
12,17,4,0,1,0,3,0,0,0,1,1,1,0,2,1,0,6,3,10,0
9,20,4,1,1,0,3,0,0,14,1,1,1,0,0,0,5,0,0,0,1
1,15,4,1,0,3,3,1,0,2,0,1,1,5,0,1,0,2,5,5,1
5,15,4,0,1,0,3,1,0,0,1,1,1,0,0,6,0,2,4,6,1
13,21,4,0,1,0,3,1,0,0,1,1,1,5,2,1,0,9,6,14,1
15,20,0,1,1,4,3,0,1,0,1,1,1,0,2,6,0,8,3,14,1
5,18,4,0,1,0,3,3,0,2,1,1,1,7,0,1,0,5,6,2,1
14,15,0,0,1,3,3,1,1,0,1,1,1,8,2,6,0,6,2,12,1
0,18,4,0,0,0,3,2,0,2,1,1,0,0,0,0,5,0,0,4,1
6,18,0,1,1,4,3,0,1,8,1,1,1,5,0,1,0,6,8,8,1
13,20,4,0,1,3,3,0,1,0,1,1,1,5,2,4,0,2,9,6,1
14,16,1,0,0,0,3,1,0,5,1,1,0,0,2,1,0,9,5,2,0
4,20,4,1,1,0,3,1,0,0,1,1,1,0,0,2,5,1,0,3,0
10,15,4,0,1,0,3,0,0,15,1,1,1,7,0,1,2,5,0,2,1
15,16,4,0,1,0,3,0,0,15,1,1,1,7,2,0,5,0,0,0,1
10,15,4,1,1,0,3,0,0,5,1,1,1,0,0,1,0,8,3,13,1
12,15,4,0,1,3,3,0,1,3,1,1,1,1,2,6,0,6,2,10,1
9,13,4,0,1,0,3,0,0,2,1,1,1,0,0,1,5,5,0,3,1
15,21,0,0,1,4,3,0,1,1,1,1,1,5,2,1,0,6,3,14,1
0,15,4,0,1,0,3,1,0,2,1,1,1,0,0,1,5,2,0,3,1
15,18,4,0,1,0,3,1,0,2,1,1,1,0,2,1,2,0,0,9,1
7,18,4,0,1,0,3,0,0,2,1,1,1,1,0,1,0,6,3,6,1
15,22,4,0,1,0,3,0,0,12,1,1,1,0,2,1,0,7,6,14,1
13,19,0,1,1,0,3,0,0,1,1,1,1,0,2,5,0,6,2,3,1
10,18,4,1,1,0,3,3,0,11,1,1,1,1,0,1,0,6,6,7,1
9,18,4,1,1,0,3,0,0,14,1,1,1,0,0,1,0,6,3,7,1
9,15,4,1,1,3,3,0,1,2,1,1,1,7,0,1,0,6,8,10,1
11,21,0,1,1,4,3,3,1,1,1,1,1,0,2,1,0,7,8,13,0
6,15,4,0,1,0,3,0,0,2,1,1,1,0,0,8,5,5,0,2,1
10,8,4,0,1,4,3,3,1,11,1,1,1,0,0,1,0,4,4,5,0
7,17,0,0,1,0,3,0,0,1,1,1,1,0,0,1,5,0,0,0,0
8,20,0,1,1,0,3,1,0,1,1,1,1,0,0,0,5,0,0,0,1
1,15,4,1,1,0,3,1,0,16,1,1,1,1,0,1,5,1,0,2,1
4,15,4,0,1,0,3,0,0,11,1,1,1,0,0,1,0,4,2,3,0
14,20,4,1,1,0,3,1,0,0,1,1,1,0,2,7,0,5,0,9,1
14,17,0,0,1,3,0,0,1,0,1,1,1,0,2,5,3,8,9,9,1
4,15,4,0,1,0,3,0,0,2,1,1,1,7,0,3,1,6,0,6,1
2,15,4,0,1,0,3,0,0,2,1,1,1,0,0,1,0,7,6,3,1
15,17,4,0,0,0,3,0,0,2,0,1,0,0,2,1,0,0,5,9,1
7,18,4,1,1,0,3,0,0,2,1,1,1,7,0,1,0,5,3,10,1
4,15,4,0,1,3,3,0,1,2,1,1,1,7,0,1,0,6,2,8,1
6,11,4,0,1,4,3,0,1,2,1,1,1,0,0,1,0,1,3,6,1
8,18,4,0,1,3,3,3,1,2,1,1,1,0,0,1,0,6,8,7,1
0,15,4,1,1,0,3,0,0,2,1,1,1,0,0,1,0,5,3,8,1
1,18,4,1,1,0,3,1,0,2,1,1,1,1,0,1,0,3,1,5,1
11,17,0,1,1,4,3,0,1,1,1,1,1,0,2,0,5,0,0,0,1
6,20,0,0,1,4,3,0,1,0,1,1,1,7,0,1,0,4,10,7,1
11,15,4,0,1,0,1,3,0,0,1,1,1,0,2,1,0,8,2,13,0
9,20,0,0,1,0,3,1,0,1,1,1,1,0,0,1,0,7,11,13,0
8,20,0,1,1,0,3,3,0,1,1,1,1,0,0,0,5,0,0,0,0
7,19,0,0,1,0,3,0,0,0,1,1,1,5,0,1,0,6,3,10,1
1,15,4,0,0,4,3,0,0,6,0,1,0,6,0,2,0,6,8,14,0
9,18,4,1,1,0,3,0,0,2,1,1,1,7,0,1,0,7,3,12,1
1,17,4,0,1,0,3,0,0,2,1,1,1,7,0,1,0,1,3,2,1
1,15,4,1,1,4,3,0,1,6,1,1,1,5,0,2,0,1,2,3,1
6,18,4,1,1,0,3,1,0,0,1,1,1,0,0,1,5,6,0,8,1
15,23,0,0,1,0,3,0,0,0,1,1,1,0,2,6,0,6,6,13,1
4,15,4,0,1,0,3,0,0,11,1,1,1,0,0,1,0,6,10,8,0
12,0,4,1,1,0,3,3,0,0,1,1,1,1,2,0,5,0,0,0,1
9,18,4,1,1,0,3,0,0,14,1,1,1,0,0,3,5,0,0,0,0
3,17,4,1,1,0,3,0,0,0,1,1,1,1,0,1,0,1,8,6,1
7,15,4,0,1,3,3,0,1,2,1,1,1,5,0,1,0,7,6,2,1
4,15,4,0,1,0,3,0,0,2,1,1,1,0,0,0,5,0,0,1,1
2,15,4,0,1,0,3,0,0,2,1,1,1,7,0,0,5,0,0,0,1
10,21,4,1,1,0,3,0,0,0,1,1,1,0,0,1,0,8,4,12,0
2,16,4,1,1,0,3,0,0,0,1,1,1,0,0,9,2,1,0,1,0
7,15,4,0,0,0,3,0,0,11,1,0,0,0,0,1,0,4,10,4,1
9,15,0,1,1,4,3,0,1,1,1,1,1,7,0,1,0,6,4,10,0
10,20,4,1,1,0,3,0,0,2,1,1,1,0,0,1,0,3,2,7,1
7,20,4,1,1,0,3,0,0,0,1,1,1,0,0,1,0,5,0,8,0
14,20,4,1,1,0,3,1,0,0,1,1,1,5,2,1,0,4,11,14,0
5,20,4,1,1,0,3,2,0,0,1,1,1,7,0,1,0,6,6,10,1
12,0,4,0,0,4,3,3,1,9,1,0,1,5,2,0,5,0,0,2,1
1,15,4,1,1,0,3,3,0,11,1,1,1,0,0,4,2,1,0,2,1
3,18,4,0,1,0,3,0,0,2,1,1,1,7,0,0,5,0,0,0,1
0,17,4,1,1,0,2,0,0,5,1,1,1,0,0,1,0,6,4,5,1
9,10,1,1,1,2,0,0,1,0,1,1,1,3,0,5,3,3,9,2,0
6,20,4,0,1,0,3,1,0,2,1,1,1,5,0,1,0,3,6,4,1
0,18,4,0,1,0,3,0,0,2,1,1,1,7,0,1,0,6,8,8,1
13,15,4,1,1,4,3,3,1,13,1,1,1,8,2,2,5,0,0,11,1
10,15,0,0,1,0,3,3,0,9,1,1,1,8,0,1,0,6,6,7,1
2,18,4,1,0,0,3,2,0,0,1,1,1,0,0,1,0,1,6,4,0
5,20,4,0,1,0,3,1,0,2,1,1,1,0,0,1,0,6,3,11,0
3,18,4,1,1,0,3,1,0,2,1,1,1,0,0,1,0,2,5,7,1
14,15,4,0,1,0,3,0,0,16,1,1,1,1,0,6,1,8,0,2,1
12,13,4,0,1,0,3,1,0,0,1,1,1,8,2,1,0,6,10,13,1
9,16,4,0,1,0,3,0,0,12,1,1,1,7,0,1,0,6,10,8,1
15,17,0,0,1,0,3,0,0,0,1,1,1,0,2,1,0,7,1,13,1
4,19,4,0,1,0,3,1,0,12,1,1,1,8,0,4,0,6,1,10,1
13,20,0,0,1,3,3,0,1,0,1,1,1,5,2,1,0,5,9,14,1
9,17,2,0,1,0,3,0,0,2,1,1,1,0,0,1,0,6,8,8,1
1,18,4,1,1,0,3,1,0,11,1,1,1,8,0,3,0,2,6,5,1
11,21,4,0,1,0,3,1,0,0,1,1,1,8,2,3,0,5,2,13,0
2,18,4,1,1,0,3,1,0,2,1,1,1,0,0,1,0,1,10,1,1
10,21,4,0,1,0,3,2,0,0,1,1,1,0,0,1,0,9,1,14,0
4,19,4,0,1,0,3,0,0,2,1,1,1,8,0,1,5,0,0,0,0
2,12,4,1,1,0,3,0,0,2,1,1,1,0,0,1,0,6,4,5,1
5,20,4,1,1,0,3,0,0,2,1,1,1,8,0,1,5,0,0,0,1
4,15,0,1,1,0,0,3,0,16,1,1,1,3,0,5,3,7,3,6,1
5,18,4,0,1,4,3,0,1,2,1,1,1,0,0,1,0,1,6,2,1
5,17,0,0,1,4,3,0,1,1,1,1,1,0,0,6,0,6,2,10,0
3,20,4,1,1,0,3,0,0,4,1,1,1,7,0,1,0,5,4,2,1
0,18,4,1,1,0,3,0,0,16,1,1,1,0,0,2,5,1,0,3,0
3,20,4,0,1,0,3,0,0,0,1,1,1,0,0,1,0,8,2,6,0
4,20,4,1,1,0,3,3,0,2,1,1,1,0,0,1,0,6,8,9,1
9,20,0,1,1,4,3,0,1,1,1,1,1,5,0,1,5,0,0,0,1
15,14,4,0,1,4,3,0,1,12,1,1,1,7,2,0,5,0,0,4,0
10,20,4,0,0,0,3,0,0,2,1,1,0,0,0,1,2,6,0,3,1
13,15,0,1,1,4,3,0,1,9,1,1,1,0,2,1,0,6,6,10,1
7,21,4,0,1,4,3,0,1,0,1,1,1,5,0,1,0,7,10,12,1
6,15,4,1,1,0,3,3,0,11,1,1,1,1,0,1,5,0,0,0,0
11,15,0,0,1,3,3,3,1,1,1,1,1,5,2,1,0,6,4,6,1
2,15,4,1,1,2,3,0,0,2,1,1,1,1,0,9,2,0,0,0,1
10,17,0,0,1,0,3,0,0,0,1,1,1,0,0,1,2,8,0,9,0
10,19,4,1,1,0,3,0,0,2,1,1,1,7,0,1,5,6,0,2,1
7,20,4,1,1,3,3,0,1,9,1,1,1,0,0,1,0,6,6,8,1
5,19,4,0,1,0,3,3,0,2,1,1,1,5,0,2,0,6,0,9,0
3,18,4,0,1,0,3,1,0,2,1,1,1,0,0,1,0,2,6,4,1
3,18,4,1,1,0,3,3,0,14,1,1,1,0,0,0,5,0,0,0,0
13,21,0,1,1,0,3,1,0,0,1,1,1,0,2,1,0,2,5,14,0
7,15,4,1,1,3,3,0,1,0,1,1,1,5,0,1,0,6,4,12,0
3,11,4,1,1,0,3,0,0,2,1,1,1,0,0,1,0,9,8,6,1
13,17,0,1,1,0,3,0,0,1,1,1,1,0,2,1,0,6,3,9,1
0,18,4,1,1,0,3,0,0,10,1,1,1,8,0,1,0,6,8,5,1
0,18,4,0,1,0,3,0,0,2,1,1,1,7,0,1,0,6,3,6,1
2,18,4,0,1,0,3,0,0,2,1,1,1,0,0,0,5,0,0,0,1
2,13,4,0,1,0,3,0,0,15,1,1,1,0,0,1,5,6,0,2,1
7,21,0,1,1,0,3,0,0,1,1,1,1,5,0,1,0,2,4,3,1
11,8,0,0,1,4,3,0,1,1,1,0,1,0,2,7,5,1,0,1,1
13,21,0,0,1,0,3,0,0,0,1,1,1,0,2,4,0,6,10,14,1
14,20,0,0,1,0,3,0,0,1,1,1,1,0,2,1,0,7,8,11,1
6,14,4,0,1,0,3,1,0,2,1,1,1,8,0,1,0,5,0,6,1
2,20,4,1,1,0,3,1,0,16,1,1,1,0,0,2,5,1,0,2,1
11,18,0,0,1,0,3,0,0,0,1,1,1,7,2,1,0,6,2,13,1
12,21,4,1,1,0,3,3,0,11,1,1,1,8,2,1,0,6,4,13,0
7,21,4,0,1,0,3,0,0,2,1,1,1,0,0,2,0,6,4,9,1
11,20,0,0,1,0,3,1,0,1,1,1,1,0,2,1,2,8,0,14,0
9,17,0,1,1,0,3,0,0,8,1,1,1,0,0,1,5,0,0,0,1
6,18,4,0,1,0,3,1,0,2,1,1,1,0,0,1,0,9,3,11,1
15,19,4,0,1,3,3,0,1,0,1,1,1,7,2,1,0,7,3,12,1
8,21,0,1,1,3,3,0,1,0,1,1,1,5,0,1,5,0,0,0,1
11,23,0,0,1,4,3,0,1,1,1,1,1,0,2,7,0,8,5,14,1
8,20,4,1,1,3,3,0,1,0,1,1,1,5,0,1,5,0,0,0,0
4,18,4,0,1,0,1,0,0,14,1,1,1,0,0,1,0,9,3,10,1
10,20,2,1,1,0,3,1,0,0,1,1,1,0,0,1,0,6,4,10,0
4,18,4,0,1,0,3,1,0,2,1,1,1,7,0,1,0,4,2,5,1
2,18,4,1,1,0,3,1,0,16,1,1,1,0,0,6,0,1,3,3,0
10,20,4,1,1,0,3,0,0,9,1,1,1,0,0,4,0,6,3,11,1
7,16,4,0,1,0,3,1,0,2,1,1,1,8,0,1,5,3,0,3,0
6,20,0,1,1,3,3,0,1,1,1,1,1,5,0,1,0,3,5,14,0
1,15,4,0,1,0,0,0,0,16,1,1,1,1,0,5,3,1,1,1,1
9,0,3,1,1,4,3,3,1,2,1,1,1,6,0,0,5,0,0,3,1
4,15,0,0,0,4,3,0,1,15,1,1,1,1,0,0,5,0,0,1,0
10,15,4,0,1,0,3,0,0,15,1,1,1,0,0,0,5,0,0,0,1
2,15,4,1,1,3,3,0,1,0,1,1,1,5,0,0,5,0,0,0,1
14,19,0,1,1,4,3,0,1,8,1,1,1,5,0,1,0,4,5,5,0
0,15,4,1,1,0,3,0,0,5,1,1,1,7,0,0,5,0,0,0,1
15,18,0,0,0,0,3,2,0,1,1,0,1,0,2,1,5,6,0,2,1
8,18,4,0,1,0,3,0,0,16,1,1,1,7,0,1,0,2,2,3,1
15,20,4,0,1,3,3,0,1,0,1,1,1,0,2,6,0,8,0,6,1
1,18,4,1,1,0,3,1,0,2,1,1,1,0,0,1,0,5,2,4,0
12,15,0,1,1,4,3,0,1,1,1,1,1,7,2,1,0,6,4,8,0
3,18,4,1,1,0,3,1,0,2,1,1,1,0,0,0,5,0,0,0,1
4,19,4,0,1,0,3,0,0,2,1,1,1,0,0,1,0,6,4,8,1
8,20,4,0,1,0,3,1,0,2,1,1,1,0,0,1,0,6,8,8,1
13,15,0,0,1,0,3,1,0,1,1,1,1,8,2,1,0,7,1,12,1
14,18,4,0,1,0,3,1,0,9,1,1,1,8,0,2,0,7,8,12,1
12,20,0,0,1,3,3,1,1,0,1,1,1,5,2,6,0,1,8,14,1
3,21,4,1,1,0,3,0,0,12,1,1,1,5,0,1,0,6,8,11,0
11,14,4,1,1,2,3,0,0,3,1,1,1,2,2,1,5,2,7,5,1
12,20,0,1,1,0,3,0,0,1,1,1,1,0,2,1,0,9,4,14,0
13,18,0,1,0,0,3,3,0,1,1,1,1,7,2,1,0,2,4,5,1
13,20,0,0,1,2,0,1,0,0,1,1,1,1,2,5,0,8,6,14,1
7,19,4,0,1,0,3,3,0,0,1,1,1,0,0,2,0,9,0,9,0
5,20,4,0,1,0,3,1,0,9,1,1,1,8,0,3,0,6,2,10,0
3,20,4,1,1,0,3,1,0,14,1,1,1,0,0,1,0,2,3,7,0
0,19,4,0,1,0,3,1,0,2,1,1,1,0,0,1,2,0,0,0,1
1,15,4,0,1,0,3,3,0,2,1,1,1,5,0,9,2,0,0,13,0
15,20,4,0,0,0,3,1,0,0,1,1,0,0,2,2,0,9,1,12,0
2,15,4,1,1,3,3,0,1,2,1,1,1,5,0,0,5,0,0,4,1
9,20,4,1,1,0,3,0,0,2,1,1,1,0,0,2,0,6,10,13,1
6,15,0,0,1,0,0,0,0,16,1,1,1,6,0,5,3,5,1,3,1
8,21,4,1,1,0,3,0,0,0,1,1,1,0,0,2,0,3,2,3,0
7,15,4,0,1,0,3,1,0,0,1,1,1,0,0,1,0,8,3,6,1
6,15,4,0,1,0,3,3,0,11,1,1,1,7,0,4,0,1,8,5,0
1,18,4,0,1,0,3,3,0,16,1,1,1,1,0,1,5,1,0,2,1
13,20,4,1,1,0,3,0,0,0,1,1,1,7,2,3,0,8,2,13,0
5,20,0,1,1,0,3,1,0,1,1,1,1,8,0,1,5,0,0,0,1
0,15,4,1,1,0,3,0,0,2,1,1,1,1,0,1,0,6,2,3,1
10,5,4,1,1,0,3,0,0,4,1,1,1,7,0,4,0,6,10,14,1
14,18,0,1,1,0,3,0,0,2,1,1,1,0,2,2,5,0,0,0,1
8,20,4,1,0,0,3,3,0,3,1,1,0,0,0,1,0,2,7,5,1
6,18,0,0,1,4,3,0,1,1,1,1,1,0,0,1,0,1,2,3,0
6,15,4,1,1,0,3,0,0,2,1,1,1,7,0,1,0,5,5,7,1
9,18,4,0,1,0,3,1,0,2,1,1,1,0,0,1,0,6,3,12,0
3,18,4,1,1,0,3,0,0,2,1,1,1,0,0,1,1,6,0,11,1
8,20,4,1,1,0,3,0,0,12,1,1,1,0,0,1,0,4,6,3,1
14,19,0,1,1,0,3,1,0,1,1,1,1,0,2,1,0,6,5,12,1
12,21,0,1,1,0,3,0,0,1,1,1,1,0,2,2,0,8,0,9,1
10,17,0,1,1,0,3,0,0,1,1,1,1,7,0,1,0,5,3,10,0
9,20,4,0,1,2,3,1,0,2,1,1,1,0,0,1,0,5,3,12,1
15,15,0,0,1,0,3,1,0,1,1,1,1,0,2,1,0,6,7,12,1
5,15,4,0,1,0,3,0,0,2,1,1,1,7,0,1,0,8,11,8,1
5,17,4,0,1,0,3,0,0,0,1,1,1,0,0,2,0,6,2,10,0
0,15,4,1,1,4,3,0,1,0,1,1,1,0,0,0,5,0,0,0,0
11,15,0,1,1,0,3,3,0,1,1,1,1,0,2,0,5,0,0,3,1
11,19,4,1,1,0,3,3,0,2,1,1,1,0,2,2,5,2,0,4,1
14,19,4,1,1,0,3,1,0,9,1,1,1,4,2,3,0,5,8,11,1
0,17,4,1,1,0,3,1,0,2,1,1,1,0,0,1,0,6,3,3,1
8,13,0,1,1,0,3,1,0,8,1,1,1,0,0,1,0,8,1,7,1
15,19,0,1,1,0,3,1,0,2,1,1,1,0,2,1,0,5,2,5,1
15,18,0,0,1,0,3,0,0,16,1,1,1,0,2,1,0,9,2,5,1
7,18,4,0,1,0,3,0,0,2,1,1,1,0,0,6,0,6,6,8,1
10,20,0,0,1,4,3,0,1,1,1,1,1,0,0,1,0,6,8,13,1
1,15,4,0,1,4,3,0,0,6,1,1,1,7,0,2,0,6,2,14,1
5,17,4,0,1,0,3,0,0,15,1,1,1,1,0,0,5,0,0,0,0
12,21,0,0,1,0,3,1,0,0,1,1,1,0,2,2,0,9,11,13,0
12,15,0,0,1,2,3,0,0,3,1,1,1,1,2,1,5,0,0,0,1
1,15,4,1,1,0,3,0,0,2,1,1,1,8,0,1,5,2,0,3,1
7,13,4,1,1,0,3,1,0,0,1,1,1,0,0,1,5,0,0,0,1
1,17,4,0,1,0,3,0,0,2,1,1,1,0,0,1,0,6,6,13,1
4,15,4,0,1,0,3,1,0,14,1,1,1,0,0,1,0,2,6,2,1
9,20,4,1,1,0,3,1,0,0,1,1,1,0,0,1,0,6,6,12,0
2,18,4,0,1,0,3,0,0,2,1,1,1,0,0,1,0,6,6,9,1
10,20,0,0,1,0,3,0,0,1,1,1,1,0,0,1,0,7,3,14,1
0,15,4,0,1,2,2,0,0,10,1,1,1,0,0,0,5,0,0,0,0
7,14,4,0,0,0,3,1,0,0,1,1,0,0,0,1,5,0,0,0,1
12,20,0,1,1,0,3,3,0,1,1,1,1,5,2,1,0,8,3,11,1
10,20,4,1,1,0,3,1,0,12,1,1,1,0,0,4,0,6,2,12,0
8,20,0,0,1,0,3,1,0,0,1,1,1,0,0,1,0,6,7,14,1
6,18,4,1,1,0,3,0,0,5,1,1,1,0,0,1,2,0,0,8,0
10,16,4,0,1,0,3,0,0,15,1,1,1,7,0,0,5,0,0,0,0
10,20,4,0,1,4,3,0,1,2,1,1,1,5,0,1,0,6,6,10,1
0,15,4,0,1,0,3,2,0,2,1,1,1,8,0,3,5,1,0,1,0
15,15,0,0,1,4,3,0,1,1,1,1,1,7,2,1,0,6,8,13,1
12,21,0,1,1,4,3,0,1,1,1,1,1,5,2,0,5,0,0,0,1
9,18,4,1,1,2,3,3,1,0,1,1,1,5,0,6,0,1,3,2,1
13,20,0,1,1,3,3,0,1,1,1,1,1,5,2,1,5,0,0,0,1
2,15,0,1,0,0,3,2,0,8,1,1,1,7,0,1,0,2,9,4,1
6,20,4,1,1,0,3,3,0,0,1,1,1,0,0,4,2,1,0,4,0
0,15,4,1,1,0,3,0,0,2,1,1,1,0,0,0,5,0,0,0,1
14,15,4,0,1,4,3,0,1,0,1,1,1,7,2,1,0,6,6,9,1
4,17,4,1,1,0,3,3,0,2,1,1,1,0,0,1,0,9,6,12,1
7,15,0,1,1,0,3,0,0,1,1,1,1,0,0,2,0,1,8,6,0
12,20,4,0,1,3,3,0,1,2,1,1,1,5,2,1,0,6,3,11,1
8,19,4,1,1,0,3,1,0,0,1,1,1,0,0,1,0,6,3,8,1
4,15,4,1,1,0,3,1,0,7,1,1,1,0,0,0,5,0,0,0,0
0,18,4,1,1,4,3,0,1,11,1,1,1,0,0,1,0,2,3,4,1
9,18,0,0,1,0,0,0,0,16,1,1,1,1,0,5,3,9,3,7,1
7,3,4,0,1,0,3,3,0,12,1,1,1,7,0,6,0,5,3,7,1
11,18,4,0,1,0,3,0,0,2,1,1,1,0,2,1,0,6,4,8,1
5,20,4,1,1,0,3,0,0,10,1,1,1,0,0,4,0,9,11,3,0
0,17,4,1,1,0,3,1,0,2,1,1,1,0,0,1,5,0,0,0,1
11,20,4,1,1,0,3,0,0,2,1,1,1,0,2,1,0,4,1,4,1
1,15,4,0,1,0,3,3,0,14,1,1,1,7,0,1,0,6,8,10,1
12,14,4,0,1,0,3,3,0,2,1,1,1,0,2,1,0,8,8,5,1
2,18,4,1,1,0,3,0,0,2,1,1,1,8,0,1,0,6,4,4,1
6,18,4,0,0,0,3,0,0,2,1,1,1,0,0,1,0,8,6,10,0
13,21,0,1,1,4,3,0,1,1,1,1,1,5,2,0,5,0,0,0,1
12,15,4,1,1,0,3,0,0,2,1,1,1,7,2,6,0,6,8,10,1
4,18,0,0,1,0,3,1,0,15,1,1,1,0,0,7,5,3,0,1,1
1,18,4,1,1,4,3,0,1,10,1,1,1,5,0,0,5,0,0,0,1
7,20,4,0,1,0,3,0,0,2,1,1,1,5,0,1,0,1,1,3,1
5,17,0,1,1,0,1,0,0,1,1,1,1,0,2,1,5,0,0,0,1
11,20,0,0,1,0,3,3,0,1,1,1,1,0,2,1,0,6,6,13,1
13,21,0,1,1,0,3,0,0,2,1,1,1,0,2,2,0,6,10,11,1
1,18,4,0,1,0,3,1,0,2,1,1,1,0,0,0,5,0,0,0,1
10,20,4,1,1,0,3,0,0,0,1,1,1,0,0,1,0,4,3,6,0
11,20,4,0,1,0,3,3,0,0,1,1,1,8,2,1,0,5,0,9,0
10,20,4,1,1,0,3,0,0,11,1,1,1,0,0,1,0,9,6,10,1
1,15,4,0,1,0,0,3,0,16,1,1,1,0,0,5,3,2,9,4,1
12,21,0,1,1,0,3,1,0,1,1,1,1,0,2,2,0,4,0,9,1
3,18,4,0,1,0,1,0,0,0,1,1,1,0,0,5,0,6,3,5,1
11,18,4,1,1,0,3,3,0,11,1,1,1,0,2,1,0,9,2,13,1
8,19,0,1,1,4,3,0,1,8,1,1,1,5,0,1,5,0,0,0,0
14,20,0,1,1,3,3,0,1,0,1,1,1,5,2,0,5,0,0,0,1
7,15,0,0,1,4,3,3,1,2,1,1,1,0,0,0,5,0,0,0,1
11,21,4,1,1,0,3,3,0,14,1,1,1,1,2,1,0,6,8,12,1
1,15,4,1,1,0,3,0,0,11,1,1,1,0,0,1,5,1,0,1,1
9,17,3,0,1,0,1,3,0,1,1,1,1,7,2,1,0,3,6,6,1
13,18,2,1,1,0,1,1,0,0,1,1,1,0,2,1,0,6,7,12,1
2,15,4,1,1,0,3,0,0,16,1,1,1,0,0,1,5,6,0,5,1
3,15,4,0,1,0,3,0,0,15,1,1,1,0,0,0,5,0,0,0,0
11,21,0,1,1,4,3,0,1,1,1,1,1,0,2,0,5,0,0,0,1
11,20,0,1,1,0,3,1,0,1,1,1,1,0,2,1,0,8,2,11,1
7,20,4,1,1,0,3,0,0,0,1,1,1,5,0,1,0,6,8,12,1
10,20,4,0,1,0,3,0,0,2,1,1,1,5,0,1,0,6,7,8,1
6,15,4,0,1,0,3,0,0,11,1,1,1,0,0,1,2,4,0,2,0
1,15,4,1,1,0,3,1,0,7,1,1,1,0,0,1,5,0,0,0,1
1,15,0,1,1,0,3,0,0,16,1,1,1,0,0,1,5,2,0,2,1
10,20,4,1,1,4,3,0,1,5,1,1,1,7,0,1,0,8,4,4,1
7,17,4,0,1,0,3,1,0,2,1,1,1,0,0,1,0,8,2,8,1
12,20,0,1,1,0,3,0,0,0,1,1,1,5,2,1,0,8,2,14,1
10,18,4,1,1,0,3,0,0,14,1,1,1,0,0,7,0,6,4,10,1
7,15,4,1,1,0,3,0,0,4,1,1,1,0,0,1,0,5,6,5,1
5,20,4,1,1,0,3,0,0,11,1,1,1,5,0,1,0,6,4,13,1
3,18,4,1,1,0,3,3,0,11,1,1,1,0,0,1,0,6,1,9,1
0,18,4,0,1,0,3,0,0,11,1,1,1,8,0,0,5,0,0,0,1
3,18,4,0,1,0,3,0,0,14,1,1,1,5,0,1,0,4,6,6,1
10,4,0,0,1,4,3,3,1,0,1,1,1,7,0,2,0,7,2,11,1
10,13,0,0,1,4,3,0,1,15,1,1,1,1,0,1,5,0,0,0,1
1,18,4,0,0,0,3,0,0,16,1,1,0,1,0,0,5,0,0,4,1
11,15,4,1,1,0,3,0,0,0,1,1,1,0,2,1,0,4,1,8,1
14,18,0,0,1,0,3,0,0,1,1,1,1,1,2,1,5,0,0,2,1
5,17,4,0,1,0,3,3,0,2,1,1,1,7,0,1,0,5,3,5,1
8,20,4,1,1,0,3,0,0,3,1,1,1,0,0,2,5,2,0,2,0
2,15,4,0,1,0,3,0,0,16,1,1,1,5,0,1,0,2,1,6,1
13,15,4,0,1,4,3,0,1,2,1,1,1,5,2,1,0,6,1,8,1
10,16,0,0,1,4,3,0,1,1,1,1,1,0,0,0,5,0,0,4,0
14,17,0,1,1,0,3,0,0,8,1,1,1,5,2,0,5,0,0,0,1
9,16,4,0,1,0,3,0,0,2,1,1,1,7,0,1,0,6,6,5,1
6,19,4,1,1,0,3,0,0,0,1,1,1,0,0,5,0,6,9,11,1
15,18,4,0,1,0,3,2,0,0,1,1,1,0,2,1,0,6,1,10,0
15,21,4,1,1,0,3,2,0,0,1,1,1,0,2,1,0,6,3,12,1
12,20,4,0,1,2,3,0,0,2,1,1,1,8,2,7,0,6,10,13,1
5,15,0,1,1,0,3,0,0,2,1,1,1,0,0,1,5,0,0,0,1
3,14,0,1,1,0,3,0,0,2,1,1,1,7,0,1,0,6,5,5,1
4,21,4,0,1,0,3,0,0,0,1,1,1,5,0,2,0,6,4,8,1
5,18,4,1,1,0,3,0,0,2,1,1,1,5,0,1,5,0,0,4,1
13,18,0,0,1,3,3,0,1,0,1,1,1,5,2,1,0,6,11,14,1
9,20,4,1,1,0,3,3,0,14,1,1,1,7,0,1,0,6,6,9,0
11,16,4,1,1,0,3,3,0,2,1,1,1,7,2,1,0,3,2,5,1
6,18,0,1,1,0,3,1,0,8,1,1,1,0,0,1,0,3,1,8,1
11,19,4,1,1,0,3,0,0,2,1,1,1,0,2,1,0,4,10,2,1
13,15,4,1,1,0,3,0,0,2,1,1,1,5,2,9,2,0,0,0,1
4,20,4,0,0,0,3,1,0,2,1,1,0,0,0,1,0,1,3,3,1
1,18,4,1,1,0,3,1,0,0,1,1,1,0,0,2,0,1,2,7,1
10,15,0,0,1,3,3,0,1,1,1,1,1,5,0,1,5,0,0,0,1
11,15,0,1,1,4,3,0,1,1,1,1,1,7,2,1,2,1,0,4,1
0,15,4,1,1,2,2,3,0,6,1,1,1,8,0,9,2,0,0,0,1
6,19,4,0,1,0,3,0,0,14,1,1,1,7,0,1,0,2,8,7,1
4,17,4,0,1,0,3,1,0,2,1,1,1,0,0,6,0,2,10,1,1
13,20,0,1,1,4,3,0,1,11,1,1,1,5,2,1,0,6,6,9,1
15,21,0,0,1,4,3,0,1,1,1,1,1,0,2,2,0,6,8,13,1
15,20,0,1,1,4,3,0,1,1,1,1,1,5,2,1,4,6,0,11,0
13,11,4,0,0,0,3,0,0,15,1,1,0,0,2,0,5,0,0,0,1
12,20,2,1,1,0,3,0,0,0,1,1,1,0,2,1,0,7,8,11,1
13,20,0,0,1,4,3,0,1,0,1,1,1,5,2,1,0,6,6,11,1
0,17,4,1,1,0,3,1,0,7,1,1,1,0,0,1,2,0,0,0,1
3,18,4,0,1,0,3,3,0,2,1,1,1,7,0,1,0,6,8,9,0
12,20,2,1,1,1,3,3,0,14,1,1,1,0,2,2,0,4,10,6,1
8,20,4,1,1,3,3,3,1,0,1,1,1,5,0,4,0,6,9,14,1
12,11,0,0,0,0,3,1,0,0,0,1,1,0,2,1,0,4,8,13,1
15,22,0,0,1,0,3,1,0,0,1,1,1,0,2,1,0,7,8,13,1
8,1,4,1,1,4,3,3,1,11,1,1,1,5,0,3,0,6,3,11,0
13,12,2,1,0,0,3,0,0,15,1,1,1,7,2,1,5,0,0,1,0
10,20,0,1,1,0,3,1,0,1,1,1,1,5,0,7,0,6,8,13,1
6,17,4,0,1,0,3,0,0,0,1,1,1,0,0,1,0,4,5,8,1
12,20,0,0,1,0,3,1,0,1,1,1,1,0,2,1,0,7,8,14,1
13,20,4,1,1,0,3,0,0,12,1,1,1,5,2,2,0,6,6,9,1
0,19,4,1,1,0,3,0,0,2,1,1,1,0,0,1,0,1,2,2,0
6,15,0,1,1,4,3,0,1,14,1,1,1,7,0,1,0,4,3,9,0
7,18,4,0,1,0,3,0,0,5,1,1,1,0,0,1,0,9,4,9,1
10,19,0,1,1,0,3,0,0,1,1,1,1,0,0,5,0,6,4,10,1
4,20,4,1,1,3,3,0,1,15,1,1,1,5,0,1,5,6,0,2,1
1,15,4,0,1,0,3,0,0,2,1,1,1,5,0,0,5,0,0,5,1
3,15,4,1,1,4,3,0,1,2,1,1,1,7,0,1,0,6,6,6,1
2,14,4,0,1,0,3,3,0,15,1,1,1,0,0,1,5,5,0,2,0
8,15,4,1,0,0,3,0,0,4,0,1,0,0,0,0,5,0,0,5,1
2,15,4,0,1,0,3,0,0,2,1,1,1,0,0,1,0,6,6,6,1
2,22,4,1,1,4,3,0,1,0,1,1,1,0,0,1,0,6,9,11,0
15,20,0,1,1,0,3,0,0,0,1,1,1,0,2,1,0,7,2,14,1
7,4,0,0,1,4,3,3,1,9,1,1,1,7,0,3,0,4,5,4,1
15,21,0,0,1,0,3,0,0,1,1,1,1,0,2,1,0,6,6,13,1
15,19,4,1,1,0,3,3,0,12,1,1,1,0,2,1,0,3,4,5,1
1,15,4,1,1,4,3,0,1,16,1,1,1,5,0,1,0,2,5,6,0
14,19,4,1,1,0,3,0,0,2,1,1,1,0,2,1,0,5,9,7,1
10,21,0,1,1,3,3,0,1,0,1,1,1,8,0,1,0,6,2,7,1
2,14,4,0,1,0,3,0,0,16,1,1,1,5,0,3,0,6,1,6,1
7,20,4,1,1,3,3,3,0,14,1,1,1,0,0,7,0,6,5,9,1
7,13,4,1,1,4,3,0,1,7,1,1,1,7,0,6,5,0,0,2,1
2,18,4,1,1,0,3,0,0,2,1,1,1,5,0,1,0,2,2,2,0
11,17,0,0,1,0,3,0,0,2,1,1,1,0,2,1,0,4,4,7,1
4,20,4,1,1,0,3,0,0,10,1,1,1,4,0,1,0,8,8,10,1
5,17,4,1,1,0,3,3,0,2,1,1,1,0,0,1,5,2,0,2,1
13,20,2,1,1,0,3,2,0,5,1,1,1,0,2,1,0,3,9,11,1
5,17,4,0,1,3,3,3,1,2,1,1,1,0,0,1,0,4,2,7,1
1,15,2,0,1,0,3,3,0,7,1,1,1,2,0,1,0,6,4,9,1
3,20,0,1,1,0,3,1,0,1,1,1,1,8,0,1,1,6,0,6,1
4,15,4,0,1,0,3,0,0,2,1,1,1,7,0,6,5,0,0,0,1
3,15,4,0,1,4,3,0,1,0,1,1,1,0,0,1,0,5,6,6,1
14,15,0,1,1,0,3,3,0,1,1,1,1,0,2,1,0,8,4,10,1
9,18,4,0,1,0,3,1,0,2,1,1,1,0,0,1,0,7,8,11,1
3,18,4,0,1,0,3,1,0,2,1,1,1,8,0,1,0,6,3,6,1
11,16,4,0,1,4,3,0,1,12,1,1,1,7,2,1,0,6,2,8,0
8,20,4,0,1,0,3,1,0,0,1,1,1,0,0,1,0,8,11,14,0
1,15,4,0,1,0,3,3,0,9,1,1,1,0,0,1,0,2,10,8,1
6,15,4,0,1,0,3,0,0,0,1,1,1,6,0,9,2,6,0,14,1
12,18,0,1,1,0,3,3,0,1,1,1,1,0,2,1,5,0,0,0,1
13,17,4,0,1,0,3,3,0,4,1,1,1,0,2,1,0,6,8,11,1
5,18,0,1,1,0,3,0,0,2,1,1,1,7,0,1,0,6,3,6,1
4,15,4,1,1,0,3,0,0,2,1,1,1,8,0,1,0,2,2,5,1
11,20,4,0,1,0,3,0,0,2,1,1,1,5,2,1,2,6,0,5,1
7,20,4,1,1,0,3,0,0,0,1,1,1,1,0,5,2,6,0,10,0
3,20,4,1,1,0,3,1,0,2,1,1,1,5,0,9,2,0,0,0,1
6,21,4,0,1,0,3,3,0,14,1,1,1,0,0,1,0,6,8,14,1
6,15,4,0,1,0,3,0,0,9,1,1,1,7,0,1,5,4,0,7,1
3,18,4,1,1,0,3,1,0,12,1,1,1,0,0,1,0,2,5,2,1
7,20,0,1,1,0,3,1,0,2,1,1,1,0,0,1,0,8,7,9,1
12,18,0,1,1,4,3,3,1,1,1,1,1,0,2,2,5,0,0,0,1
13,7,2,1,0,1,1,0,1,12,1,0,1,0,2,9,2,5,0,2,1
5,20,4,0,1,0,3,1,0,2,1,1,1,8,0,1,0,6,8,9,1
15,21,0,1,1,4,3,0,1,0,1,1,1,5,2,1,0,6,8,14,0
2,15,4,0,1,0,3,0,0,2,1,1,1,0,0,1,0,6,6,6,1
4,20,4,0,1,0,3,0,0,2,1,1,1,8,0,1,0,3,1,6,1
13,15,0,0,1,3,3,0,1,1,1,1,1,0,2,1,0,6,3,10,1
0,18,4,1,1,0,3,0,0,16,1,1,1,0,0,2,5,2,0,3,1
6,18,0,1,1,0,3,0,0,2,1,1,1,0,0,1,0,5,8,5,1
11,17,0,0,1,0,0,0,0,0,1,1,1,1,2,1,0,8,6,12,1
5,19,4,1,1,0,3,0,0,9,1,1,1,5,0,0,5,0,0,0,1
1,18,4,0,1,0,3,1,0,2,1,1,1,7,0,1,0,1,4,4,1
0,17,4,0,1,0,3,3,0,11,1,1,1,0,0,3,0,4,7,6,0
14,8,0,0,1,4,3,0,1,16,1,1,1,1,2,1,5,0,0,1,0
4,21,4,0,1,4,3,0,1,14,1,1,1,5,0,1,0,6,4,13,0
0,15,4,1,1,0,3,0,0,16,1,1,1,0,0,1,0,2,1,4,1
15,20,0,0,1,4,3,1,1,1,1,1,1,0,2,1,0,6,5,12,1
6,19,4,1,1,0,3,3,0,5,1,1,1,0,0,1,0,3,6,9,1
13,23,0,1,1,0,3,3,0,0,1,1,1,0,2,1,0,8,7,13,1
8,18,0,1,1,3,3,0,1,0,1,1,1,5,0,1,0,6,8,9,0
1,18,4,1,1,4,3,3,1,11,1,1,1,5,0,1,5,1,0,3,0
14,18,4,1,1,0,3,0,0,2,1,1,1,0,2,1,0,6,4,9,1
3,20,4,0,1,0,3,1,0,11,1,1,1,0,0,1,0,8,4,5,0
7,17,4,1,1,0,3,0,0,0,1,1,1,0,0,1,0,7,3,12,0
9,18,4,1,1,0,3,0,0,12,1,1,1,0,0,1,0,8,4,6,1
9,20,4,0,1,0,3,3,0,14,1,1,1,5,0,1,0,6,6,10,0
6,20,4,1,1,3,3,0,1,2,1,1,1,5,0,1,5,0,0,0,1
10,21,4,1,1,0,3,1,0,0,1,1,1,5,0,4,0,6,6,14,1
5,15,4,1,1,4,3,0,1,0,1,1,1,0,0,5,5,6,0,5,0
4,20,0,0,1,0,1,0,0,0,1,1,1,0,0,1,0,6,7,12,0
1,14,4,0,1,0,3,0,0,2,1,1,1,0,0,1,0,2,2,3,1
4,18,4,0,0,0,3,0,0,2,1,1,1,0,0,0,5,0,0,0,1
8,15,4,0,1,0,3,3,0,2,1,1,1,0,0,1,0,6,0,8,0
8,8,0,1,1,4,3,3,1,11,1,1,1,0,0,1,5,0,0,0,0
7,17,4,1,1,4,3,0,1,5,1,1,1,0,0,1,0,6,2,9,1
3,18,4,0,1,0,3,1,0,2,1,1,1,0,0,9,2,0,0,0,1
12,21,0,1,1,4,3,0,1,1,1,1,1,0,2,2,0,6,3,9,1
2,18,4,0,1,3,3,0,1,5,1,1,1,5,0,1,0,8,2,12,1
12,18,0,0,1,0,3,0,0,0,1,1,1,0,2,1,0,6,3,9,0
11,19,0,1,1,0,3,0,0,8,1,1,1,5,0,4,0,4,5,5,0
1,18,4,0,1,0,3,0,0,11,1,1,1,0,0,0,5,0,0,0,0
9,0,1,1,0,4,3,0,1,14,1,1,0,6,0,0,5,0,0,3,1
13,0,4,0,1,4,3,0,1,0,1,1,1,0,2,1,0,6,3,6,1
4,10,2,0,1,0,3,0,0,7,1,1,1,7,0,4,0,1,1,3,1
6,15,0,0,1,0,3,0,0,1,1,1,1,5,0,1,0,6,4,12,1
9,15,4,1,1,0,3,3,0,12,1,1,1,0,0,1,0,2,4,5,1
3,19,4,0,1,3,3,1,1,2,1,1,1,5,0,1,5,0,0,0,1
14,20,4,1,1,3,3,0,1,5,1,1,1,0,2,6,0,8,4,13,1
10,21,4,1,1,0,3,1,0,0,1,1,1,0,0,1,0,6,6,14,1
13,18,4,1,1,0,3,1,0,2,1,1,1,0,2,1,5,0,0,0,1
13,17,4,1,1,0,3,0,0,2,1,1,1,0,2,9,2,0,0,0,1
15,21,4,1,1,0,3,0,0,12,1,1,1,0,2,1,0,6,10,9,1
13,20,4,1,1,0,3,3,0,0,1,1,1,5,2,1,0,9,6,14,1
12,21,4,0,1,4,3,0,1,9,1,1,1,5,2,1,0,6,6,14,1
10,21,4,1,1,0,3,0,0,2,1,1,1,5,0,1,0,6,10,8,1
8,18,4,1,1,0,3,0,0,2,1,1,1,7,0,1,0,8,4,10,1
8,18,4,1,1,4,3,3,1,0,1,1,1,7,0,1,0,6,8,7,1
7,20,4,0,1,0,3,1,0,16,1,1,1,0,0,1,0,8,3,5,0
7,20,0,1,1,3,3,0,1,9,1,1,1,0,0,4,5,9,0,0,1
10,15,0,0,1,0,3,2,0,1,1,1,1,0,0,7,0,6,10,10,1
0,18,4,0,1,0,3,0,0,2,1,1,1,7,0,3,0,2,3,3,1
5,15,4,1,1,0,3,3,0,2,1,1,1,0,0,1,0,8,4,4,0
10,11,4,0,1,4,3,0,1,15,1,1,1,7,0,1,5,9,0,1,1
12,20,0,1,1,0,3,3,0,1,1,1,1,8,2,1,0,6,11,10,1
6,19,4,1,1,0,3,3,0,2,1,1,1,7,0,3,0,3,6,4,1
4,18,4,0,1,0,3,0,0,2,1,1,1,5,0,0,5,0,0,0,1
7,21,4,1,1,0,3,1,0,2,1,1,1,5,0,4,0,1,5,1,0
0,18,4,0,1,0,3,0,0,10,1,1,1,0,0,1,0,6,0,3,0
9,14,4,0,1,0,3,0,0,2,1,1,1,0,0,1,1,6,0,4,1
8,15,4,0,1,3,3,0,1,7,1,1,1,8,0,1,2,0,0,0,0
2,17,4,0,1,2,3,3,0,2,1,1,1,8,0,1,0,4,8,7,1
0,21,4,1,1,0,3,0,0,11,1,1,1,0,0,1,0,1,1,6,1
4,20,4,1,1,0,3,3,0,11,1,1,1,0,0,1,0,9,2,9,0
1,17,4,1,1,4,3,0,1,2,1,1,1,0,0,0,5,0,0,0,1
13,15,0,0,1,0,3,0,0,0,1,1,1,0,2,3,0,6,1,11,1
8,19,4,0,1,0,3,3,0,2,1,1,1,5,0,1,5,0,0,3,1
1,18,4,1,1,0,3,0,0,4,1,1,1,2,0,5,3,3,1,1,1
1,18,4,0,1,0,3,0,0,2,1,1,1,0,0,1,0,3,5,2,1
7,20,0,1,1,4,3,0,1,1,1,1,1,5,0,1,0,6,2,14,0
10,23,4,1,1,0,3,0,0,5,1,1,1,7,0,1,5,6,0,3,1
12,21,4,0,1,0,3,1,0,11,1,1,1,8,2,1,0,9,6,13,1
4,15,4,0,1,0,3,3,0,10,1,1,1,0,0,1,5,6,0,3,0
8,18,4,0,1,0,3,2,0,2,1,1,1,0,0,1,0,3,1,2,1
14,18,4,1,1,0,3,0,0,2,1,1,1,1,2,1,5,0,0,0,1
10,21,4,0,1,0,3,0,0,12,1,1,1,0,0,1,0,7,11,14,1
11,20,0,1,1,0,3,3,0,1,1,1,1,0,2,1,0,6,0,11,1
3,14,4,0,1,0,3,0,0,16,1,1,1,7,0,1,1,6,0,7,0
12,15,4,0,1,0,3,1,0,2,1,1,1,0,2,5,0,6,4,9,0
12,15,4,1,1,0,3,0,0,2,1,1,1,7,2,1,0,6,5,7,1
13,18,4,0,1,0,3,3,0,2,1,1,1,0,2,6,0,8,0,13,1
15,15,0,1,1,0,3,0,0,0,1,1,1,1,2,6,0,2,6,3,1
3,20,4,1,1,0,3,0,0,0,1,1,1,0,0,2,0,1,1,2,0
0,18,4,0,1,0,3,3,0,2,1,1,1,0,0,1,2,2,0,4,1
13,17,4,0,1,0,3,0,0,2,1,1,1,1,2,1,0,6,6,4,1
8,6,0,1,1,4,3,0,1,0,1,1,1,8,0,1,0,4,8,9,0
13,15,0,1,1,4,3,0,1,1,1,1,1,0,2,0,5,0,0,6,1
0,18,4,1,1,0,3,2,0,2,1,1,1,0,0,1,5,2,0,4,0
13,12,2,1,1,4,3,0,1,0,1,1,1,1,2,1,0,6,11,5,1
0,15,4,1,0,0,3,2,0,6,1,1,0,8,0,1,2,4,0,1,1
6,20,4,1,1,0,3,1,0,2,1,1,1,0,0,1,0,3,5,7,1
15,18,0,1,1,0,3,3,0,2,1,1,1,7,2,1,0,7,5,10,1
12,17,4,1,1,0,3,1,0,2,1,1,1,8,2,1,0,2,2,4,1
12,22,4,1,1,0,3,0,0,9,1,1,1,8,0,1,1,4,0,10,1
14,17,4,0,1,0,3,0,0,0,1,1,1,0,2,1,0,6,6,12,1
14,23,4,0,1,0,3,1,0,2,1,1,1,0,2,7,0,6,4,13,1
0,15,4,0,1,0,3,1,0,2,1,1,1,8,0,0,5,0,0,1,1
0,17,4,0,1,0,3,1,0,16,1,1,1,8,0,1,5,8,0,5,0
2,18,4,1,1,0,3,0,0,2,1,1,1,0,0,1,0,3,3,5,1
9,17,0,0,1,4,3,0,1,1,1,1,1,7,0,0,5,0,0,0,1
2,18,4,1,1,0,3,0,0,16,1,1,1,0,0,1,5,0,0,0,1
4,18,0,1,1,0,3,1,0,2,1,1,1,0,0,3,0,6,10,6,0
2,15,4,0,0,0,3,0,0,2,1,1,0,0,0,0,5,0,0,4,1
8,16,4,1,1,0,3,3,0,0,1,1,1,5,0,0,5,0,0,0,1
11,19,4,0,1,0,3,0,0,11,1,1,1,5,2,1,0,4,10,5,1
9,19,4,0,1,0,3,0,0,11,1,1,1,7,0,3,0,6,4,11,0
11,20,0,1,1,0,3,3,0,0,1,1,1,0,2,2,2,6,0,8,0
7,20,4,0,1,0,3,3,0,0,1,1,1,0,0,1,0,8,6,12,0
7,18,4,0,1,0,3,0,0,5,1,1,1,0,0,1,0,6,2,9,0
11,18,4,0,1,0,3,3,0,4,1,1,1,0,2,0,5,0,0,0,1
11,15,4,0,1,0,3,0,0,11,1,1,1,5,2,1,0,6,3,9,0
6,18,4,0,1,0,3,0,0,12,1,1,1,5,0,0,5,0,0,0,1
13,0,4,1,1,0,3,0,0,12,1,1,1,7,2,6,0,6,3,9,1
10,15,2,1,1,0,3,0,0,0,1,1,1,0,0,1,0,2,4,2,1
9,18,4,0,1,0,3,1,0,2,1,1,1,8,0,6,5,0,0,0,1
12,15,0,0,0,0,3,0,0,2,1,1,1,7,2,1,0,6,6,8,1
6,19,0,1,1,0,3,0,0,1,1,1,1,0,0,1,0,1,3,12,1
4,15,0,1,1,0,3,0,0,3,1,1,1,0,0,0,5,0,0,0,1
12,21,0,1,1,3,3,0,1,1,1,1,1,0,2,1,0,8,6,14,1
6,21,4,1,1,0,3,3,0,0,1,1,1,0,0,2,0,6,4,13,0
2,14,4,1,1,0,3,0,0,2,1,1,1,0,0,3,2,1,0,3,1
6,20,4,1,1,2,3,1,0,0,1,1,1,0,0,1,0,4,6,13,0
9,16,4,0,1,0,3,1,0,15,1,1,1,0,0,1,5,5,0,1,1
0,18,4,0,1,0,3,0,0,16,1,1,1,5,0,0,5,0,0,0,1
0,15,4,0,1,0,3,3,0,16,1,1,1,7,0,1,5,6,0,2,0
10,18,4,0,1,0,3,0,0,2,1,1,1,0,0,1,0,6,6,10,1
15,19,0,1,1,0,3,1,0,0,1,1,1,0,2,1,0,8,11,12,1
7,15,4,0,1,2,3,0,0,2,1,1,1,0,0,9,2,0,0,0,1
12,15,4,1,1,0,3,1,0,2,1,1,1,0,2,1,0,4,10,10,1
12,18,0,0,1,0,1,3,0,1,1,1,1,0,2,1,5,0,0,0,0
3,20,4,1,1,4,3,0,1,11,1,1,1,5,0,1,5,0,0,0,0
9,18,4,1,1,4,3,0,1,14,1,1,1,7,0,1,0,6,6,7,1
8,18,4,1,1,0,3,0,0,2,1,1,1,0,0,1,0,6,2,10,1
2,18,4,0,1,0,3,0,0,0,1,1,1,0,0,5,0,6,6,11,1
7,16,4,1,1,0,3,1,0,0,1,1,1,0,0,0,5,0,0,4,0
2,18,4,0,1,0,3,1,0,2,1,1,1,0,0,1,0,9,1,3,1
3,18,4,1,1,0,3,0,0,2,1,1,1,0,0,0,5,0,0,0,1
7,11,4,1,1,4,3,0,1,0,1,1,1,0,0,1,0,7,5,0,1
2,18,4,1,1,0,3,0,0,16,1,1,1,0,0,1,0,4,10,6,0
14,15,0,0,1,3,3,2,1,8,1,1,1,7,2,1,0,6,6,8,1
11,16,0,1,1,0,3,1,0,1,1,1,1,0,2,1,0,6,1,10,1
4,22,4,1,1,0,3,0,0,11,1,1,1,0,0,1,0,7,8,11,0
2,15,4,0,1,2,3,3,0,2,1,1,1,8,0,1,0,6,6,6,1
4,18,4,1,1,0,3,0,0,0,1,1,1,0,0,1,0,6,2,11,1
14,17,0,1,1,0,3,1,0,1,1,1,1,5,2,1,0,4,3,4,1
1,15,4,1,0,4,3,1,0,6,0,1,0,6,0,2,0,4,8,14,0
15,22,4,0,1,3,3,0,1,2,1,1,1,1,2,1,0,9,4,8,1
3,13,4,0,0,0,3,0,0,2,1,1,0,7,0,0,5,0,0,3,1
13,12,3,0,1,0,3,0,0,15,1,1,1,1,2,1,0,6,10,9,0
7,20,0,1,1,4,3,0,1,1,1,1,1,5,0,0,5,0,0,0,0
13,19,4,1,1,0,3,0,0,12,1,1,1,0,2,1,5,4,0,5,1
10,16,0,1,1,0,3,3,0,1,1,1,1,0,0,1,0,5,4,4,1
7,20,4,0,1,0,3,0,0,0,1,1,1,5,0,1,0,6,5,14,0
13,17,0,0,1,0,3,0,0,8,1,1,1,0,2,4,0,2,1,3,1
8,17,4,0,1,0,3,0,0,0,1,1,1,0,0,0,5,0,0,0,0
1,14,4,0,1,0,3,1,0,2,1,1,1,0,0,1,0,5,5,2,1
13,17,4,1,0,0,3,3,0,0,1,0,0,0,2,3,0,6,7,12,1
4,20,4,1,1,4,3,0,1,9,1,1,1,5,0,0,5,0,0,0,1
0,14,4,1,0,0,3,2,0,16,1,1,0,0,0,1,5,1,0,1,0
3,13,4,0,0,0,3,1,0,2,1,1,0,0,0,1,5,0,0,5,1
15,20,0,0,1,0,3,1,0,1,1,1,1,0,2,1,1,6,0,12,1
9,20,4,1,1,0,3,1,0,0,1,1,1,0,0,2,0,6,6,10,1
11,21,4,1,1,0,3,1,0,0,1,1,1,0,2,3,0,6,3,13,0
6,20,4,0,1,0,3,3,0,11,1,1,1,0,0,1,0,4,0,13,0
3,20,4,0,0,0,3,0,0,2,1,1,0,5,0,2,0,1,6,3,0
12,15,4,0,1,0,3,0,0,2,1,1,1,0,2,1,0,1,3,1,1
10,15,4,0,1,0,3,0,0,15,1,1,1,0,0,0,5,0,0,0,0
7,20,0,1,1,0,3,1,0,0,1,1,1,0,0,3,0,4,2,6,0
0,17,4,0,0,0,3,3,0,2,1,1,0,8,0,0,5,0,0,4,1
3,17,4,1,1,0,3,1,0,2,1,1,1,0,0,1,1,3,0,2,1
7,18,4,0,1,0,3,3,0,5,1,1,1,0,0,0,5,0,0,0,1
1,18,4,0,1,0,3,1,0,2,1,1,1,0,0,1,0,5,2,7,1
10,19,4,1,1,0,3,1,0,12,1,1,1,0,0,1,2,0,0,0,1
11,19,0,1,1,0,3,0,0,2,1,1,1,0,2,1,0,6,10,12,1
10,21,4,1,1,0,3,3,0,5,1,1,1,5,0,2,0,6,4,9,0
14,21,4,1,1,0,3,0,0,14,1,1,1,0,2,1,0,6,4,14,1
1,15,4,1,1,0,3,0,0,2,1,1,1,1,0,1,2,1,0,2,1
11,21,4,1,1,4,3,1,1,12,1,1,1,5,2,1,0,7,11,14,1
7,20,4,1,1,3,3,0,1,2,1,1,1,5,0,1,0,6,8,12,1
1,13,4,1,1,0,3,0,0,2,1,1,1,1,0,1,0,6,6,5,1
4,20,4,1,1,0,3,1,0,16,1,1,1,0,0,1,5,4,0,3,0
3,15,4,1,1,0,3,1,0,0,1,1,1,0,0,1,1,4,0,2,0
15,20,0,0,1,0,3,0,0,0,1,1,1,0,2,1,0,9,2,13,1
5,15,4,1,0,0,3,0,0,2,1,1,0,7,0,0,5,0,0,3,1
4,20,0,1,1,0,3,0,0,1,1,1,1,8,0,1,5,0,0,0,0
0,18,4,0,1,0,3,1,0,2,1,1,1,0,0,0,5,0,0,0,1
15,15,0,1,1,4,3,0,1,0,1,1,1,0,2,1,0,6,4,9,1
3,18,4,0,1,0,3,0,0,2,1,1,1,0,0,1,0,3,1,5,1
13,18,0,0,0,0,3,3,0,1,1,1,1,0,2,5,0,9,6,13,1
8,15,4,0,1,0,3,0,0,11,1,1,1,7,0,1,0,6,6,12,1
10,18,4,0,1,3,3,3,1,5,1,1,1,0,0,1,0,3,4,4,1
4,18,4,1,1,0,3,0,0,0,1,1,1,5,0,2,0,1,1,1,1
6,20,4,0,1,0,3,1,0,2,1,1,1,0,0,4,0,2,11,5,1
6,18,4,0,1,0,3,0,0,14,1,1,1,0,0,1,0,2,6,2,0
9,18,4,1,1,0,3,1,0,12,1,1,1,8,0,6,5,0,0,0,1
0,18,4,1,1,0,3,1,0,16,1,1,1,0,0,1,5,1,0,2,1
13,0,4,0,1,4,3,0,1,0,1,1,1,7,2,1,0,8,4,9,1
8,16,4,0,0,0,3,0,0,16,1,1,0,0,0,1,0,9,1,4,0
8,18,0,1,1,0,3,2,0,0,1,1,1,0,0,1,0,6,3,12,1
11,20,4,0,1,0,3,0,0,0,1,1,1,0,2,1,0,7,5,14,1
13,21,0,1,1,0,3,0,0,0,1,1,1,0,2,1,0,6,8,5,1
14,20,4,1,1,0,3,3,0,12,1,1,1,0,2,1,0,6,4,11,1
0,15,4,1,1,0,3,0,0,16,1,1,1,0,0,1,5,4,0,6,1
8,15,4,1,1,0,3,3,0,0,1,1,1,0,0,3,0,6,11,9,1
0,15,4,0,1,4,3,0,1,9,1,1,1,5,0,0,5,0,0,0,0
15,23,0,1,1,4,3,0,1,1,1,1,1,0,2,1,0,6,8,14,0
8,20,4,1,1,0,3,0,0,0,1,1,1,0,0,3,0,7,7,12,1
3,18,4,1,1,0,3,3,0,2,1,1,1,0,0,0,5,0,0,0,1
2,15,4,0,0,0,3,3,0,2,1,1,1,0,0,1,0,2,4,4,1
4,19,4,1,1,0,3,0,0,2,1,1,1,0,0,1,0,4,5,7,1
14,17,0,1,1,0,3,1,0,0,1,1,1,0,2,1,0,7,1,11,1
10,20,4,0,1,0,3,3,0,14,1,1,1,0,0,1,0,6,8,13,1
6,18,4,0,1,0,3,0,0,2,1,1,1,7,0,1,0,5,5,7,1
6,7,4,1,1,0,2,0,0,2,1,1,1,7,0,7,0,2,5,7,1
2,18,4,0,1,0,3,0,0,2,1,1,1,0,0,1,0,6,8,12,1
13,20,4,1,1,0,3,3,0,9,1,1,1,0,2,3,0,6,3,12,1
6,19,0,0,1,0,3,1,0,0,1,1,1,8,0,1,0,6,8,12,1
14,14,0,1,0,0,3,1,0,0,1,1,0,0,2,1,5,0,0,0,0
11,15,4,1,1,0,3,0,0,2,1,1,1,0,2,1,0,6,3,9,1
12,15,4,0,1,3,3,0,1,2,1,1,1,8,0,1,0,6,5,4,0
0,18,4,0,1,0,3,0,0,2,1,1,1,0,0,1,0,6,6,8,1
5,18,4,1,1,0,3,0,0,2,1,1,1,7,0,4,0,4,1,5,1
0,18,4,1,1,0,3,0,0,16,1,1,1,1,0,3,5,1,0,1,1
11,21,0,1,1,3,3,0,1,0,1,1,1,5,2,2,0,6,2,12,0
2,18,4,0,1,0,3,0,0,2,1,1,1,7,0,1,0,3,4,9,1
5,12,4,0,0,0,3,0,0,0,1,1,0,0,0,1,2,0,0,4,0
9,20,0,1,1,0,3,1,0,0,1,1,1,0,0,1,1,7,0,11,1
14,8,4,0,1,4,3,3,1,2,1,1,1,0,2,1,0,5,4,4,1
5,15,4,0,1,0,3,0,0,7,1,1,1,0,0,1,0,5,3,5,1
5,18,4,1,1,0,3,0,0,2,1,1,1,0,0,2,0,2,2,4,1
1,18,4,0,1,0,3,1,0,2,1,1,1,8,0,1,0,5,11,6,1
9,18,4,1,1,0,3,0,0,2,1,1,1,7,0,1,0,4,11,6,1
10,20,0,0,1,0,3,0,0,0,1,1,1,0,0,1,0,6,4,12,1
1,18,4,1,1,0,3,0,0,0,1,1,1,0,0,5,3,7,2,13,1
6,18,0,0,1,0,1,1,0,0,1,1,1,8,0,1,0,8,11,11,0
4,18,4,1,1,0,3,0,0,2,1,1,1,0,0,1,0,6,2,5,1
4,18,4,1,0,0,3,3,0,16,1,1,0,0,0,0,5,0,0,0,0
9,20,0,1,1,0,3,1,0,1,1,1,1,0,0,1,0,5,4,8,1
12,20,0,0,1,0,3,1,0,1,1,1,1,5,2,1,0,9,4,14,1
5,15,0,0,1,0,3,0,0,0,1,1,1,0,0,6,0,2,4,5,1
2,18,4,1,1,0,3,0,0,0,1,1,1,0,0,1,0,2,3,4,0
3,19,4,1,1,0,3,0,0,2,1,1,1,7,0,1,0,3,2,5,1
10,14,0,1,1,0,3,0,0,2,1,1,1,0,0,1,2,8,0,6,1
10,15,4,0,1,0,3,0,0,11,1,1,1,7,0,1,0,6,6,6,1
8,16,4,1,1,0,3,0,0,12,1,1,1,0,0,1,0,6,1,10,0
8,18,4,1,1,4,3,3,1,2,1,1,1,5,0,1,0,4,2,5,1
5,20,4,0,1,0,0,3,0,11,1,1,1,0,0,5,3,9,2,12,0
14,0,4,0,1,0,3,0,0,0,1,1,1,1,2,1,0,6,4,11,1
14,19,0,1,1,0,3,1,0,1,1,1,1,0,2,1,0,6,1,9,1
3,19,4,1,1,0,3,0,0,2,1,1,1,0,0,1,0,8,4,7,1
13,19,4,0,1,0,3,1,0,0,1,1,1,0,2,3,0,6,7,12,1
10,20,4,1,1,0,3,0,0,0,1,1,1,0,0,1,0,8,3,9,1
12,17,0,0,1,0,3,0,0,0,1,1,1,0,2,1,0,6,2,13,1
3,18,4,0,1,4,3,0,1,2,1,1,1,7,0,1,0,2,3,4,1
4,15,4,0,1,0,3,3,0,9,1,1,1,0,0,1,0,6,8,8,1
13,18,4,1,1,4,3,0,1,2,1,1,1,7,2,1,0,6,8,10,1
4,15,4,0,1,0,3,0,0,2,1,1,1,0,0,1,1,6,0,9,0
2,18,4,0,1,0,3,0,0,4,1,1,1,0,0,2,0,9,3,7,1
9,20,0,1,1,3,3,3,1,1,1,1,1,5,0,1,0,6,2,10,1
2,17,4,1,1,0,3,0,0,2,1,1,1,5,0,1,0,6,2,5,1
9,18,4,0,1,0,3,1,0,0,1,1,1,0,0,1,0,9,5,14,1
5,20,4,1,1,0,3,1,0,12,1,1,1,0,0,1,0,6,3,11,0
10,15,4,0,1,0,3,1,0,2,1,1,1,0,0,1,0,6,8,8,1
14,18,0,1,1,0,3,1,0,0,1,1,1,8,2,2,5,0,0,0,1
4,20,4,0,1,4,3,0,1,14,1,1,1,0,0,1,0,8,6,9,0
2,18,4,0,1,0,3,0,0,2,1,1,1,1,0,1,0,3,8,5,0
7,20,4,0,1,3,3,0,1,2,1,1,1,5,0,2,0,6,8,8,1
5,20,4,1,1,0,3,1,0,0,1,1,1,1,0,5,2,6,0,2,0
13,15,0,1,1,0,3,1,0,0,1,1,1,0,2,2,0,6,0,12,0
14,8,4,0,1,4,3,0,1,12,1,1,1,1,2,0,5,0,0,3,1
12,17,0,0,1,0,3,0,0,1,1,1,1,7,2,1,0,4,2,8,0
8,21,4,1,1,0,3,0,0,11,1,1,1,1,0,6,0,1,4,2,0
8,16,0,0,1,0,3,3,0,1,1,1,1,0,0,0,5,0,0,0,1
8,20,4,1,1,0,3,0,0,0,1,1,1,0,0,3,5,0,0,0,0
9,20,4,1,1,0,3,3,0,0,1,1,1,0,0,1,0,6,5,6,0
5,15,4,1,1,0,3,1,0,11,1,1,1,0,0,1,0,4,1,4,0
7,17,0,0,1,0,3,1,0,1,1,1,1,0,0,1,2,0,0,0,1
9,18,4,1,1,0,3,0,0,2,1,1,1,7,0,1,0,6,6,9,1
1,15,4,1,1,0,3,3,0,12,1,1,1,7,0,1,0,3,3,9,0
11,20,0,1,1,0,3,0,0,1,1,1,1,5,2,0,5,0,0,0,1
13,21,0,1,1,4,3,0,1,1,1,1,1,5,2,0,5,0,0,0,1
12,21,0,1,1,0,3,0,0,1,1,1,1,5,2,2,0,9,11,14,1
8,18,3,1,1,0,3,0,0,0,1,1,1,0,0,1,0,3,4,4,1
3,20,4,0,1,0,3,0,0,0,1,1,1,0,0,1,0,6,2,14,1
14,17,0,0,1,0,3,1,0,1,1,1,1,8,2,1,0,5,8,11,0
7,15,4,1,1,0,3,3,0,5,1,1,1,7,0,1,0,6,11,6,1
14,15,4,1,1,0,3,0,0,12,1,1,1,0,2,1,0,4,1,6,1
9,20,4,0,1,0,3,3,0,12,1,1,1,0,0,1,0,6,11,14,1
13,19,4,0,1,0,3,3,0,9,1,1,1,7,2,1,0,6,5,7,1
10,15,4,0,1,0,3,1,0,12,1,1,1,0,0,1,0,7,11,11,1
0,18,4,1,1,0,3,1,0,2,1,1,1,8,0,1,0,3,6,3,1
12,20,0,1,1,0,3,1,0,0,1,1,1,0,2,2,0,6,8,14,0
8,17,4,0,1,0,3,0,0,12,1,1,1,0,0,1,0,7,8,8,1
9,18,4,1,1,4,3,3,1,5,1,1,1,7,0,1,0,8,10,10,1
9,17,4,0,1,4,3,0,1,2,1,1,1,5,0,1,0,3,4,6,1
8,20,4,1,1,0,3,1,0,11,1,1,1,5,0,3,0,3,8,1,1
9,20,4,0,1,0,3,3,0,11,1,1,1,5,0,1,0,6,4,13,0
8,21,4,0,1,4,3,0,1,0,1,1,1,0,0,4,0,9,6,13,1
8,0,4,0,0,0,3,3,0,0,1,1,1,0,0,1,0,6,4,6,1
4,18,4,1,0,0,3,3,0,2,1,1,0,0,0,0,5,0,0,4,1
3,18,4,1,1,0,3,0,0,12,1,1,1,0,0,1,0,6,1,5,1
15,20,0,0,1,0,3,3,0,2,1,1,1,0,2,1,0,6,5,13,1
11,15,4,0,1,0,3,3,0,16,1,1,1,0,2,1,5,2,0,3,0
0,15,4,0,1,0,3,0,0,2,1,1,1,0,0,0,5,0,0,0,1
8,13,0,0,1,0,3,0,0,1,1,1,1,0,0,6,5,0,0,0,1
13,21,4,1,1,0,3,0,0,0,1,1,1,5,2,1,0,6,6,14,1
9,17,4,0,1,0,3,0,0,12,1,1,1,2,0,2,0,9,6,5,1
6,20,0,1,1,0,3,0,0,1,1,1,1,0,0,1,5,0,0,8,1
5,18,0,1,1,0,3,0,0,0,1,1,1,0,0,1,0,8,6,10,1
8,20,4,0,1,0,3,2,0,2,1,1,1,0,0,1,0,6,6,7,1
12,14,0,0,1,0,3,2,0,0,1,1,1,0,2,1,0,6,3,12,1
1,18,4,0,1,4,3,0,1,10,1,1,1,5,0,0,5,0,0,0,1
5,20,4,1,1,0,3,1,0,2,1,1,1,0,0,6,0,6,6,10,1
7,20,4,1,1,0,3,0,0,0,1,1,1,7,0,2,0,6,4,13,1
5,19,4,1,1,0,3,0,0,0,1,1,1,0,0,1,0,6,6,4,1
4,15,4,0,1,0,3,3,0,2,1,1,1,0,0,1,0,6,4,10,1
7,21,4,1,1,0,3,2,0,0,1,1,1,0,0,1,5,3,0,3,1
8,18,4,0,1,0,3,3,0,7,1,1,1,8,0,1,0,6,11,7,1
14,15,0,0,1,4,3,0,1,1,1,1,1,0,2,1,0,6,4,12,1
14,15,0,0,1,0,0,3,0,16,1,1,1,0,2,5,3,6,0,7,1
9,13,0,1,1,4,3,0,1,8,1,1,1,7,0,1,5,6,0,5,0
3,18,4,0,1,0,0,1,0,16,1,1,1,0,0,5,3,8,5,7,1
13,20,4,0,1,0,3,1,0,0,1,1,1,0,2,4,0,8,4,14,0
8,15,0,1,1,0,3,2,0,8,1,1,1,0,0,1,2,2,0,3,1
3,20,4,1,1,0,3,0,0,11,1,1,1,0,0,1,0,6,2,5,0
9,15,4,0,1,0,3,0,0,2,1,1,1,7,0,6,0,6,6,7,1
2,18,0,1,0,0,3,0,0,8,1,1,1,2,0,0,5,0,0,0,1
2,17,4,1,1,0,3,0,0,2,1,1,1,7,0,1,2,2,0,2,0
2,13,4,0,0,0,3,0,0,15,1,1,0,1,0,0,5,0,0,1,0
6,11,4,1,1,4,3,0,1,11,1,1,1,0,0,0,5,0,0,0,1
1,18,4,0,1,0,3,0,0,2,1,1,1,7,0,0,5,0,0,0,1
2,18,4,0,1,4,3,0,1,4,1,1,1,5,0,0,5,0,0,0,1
12,17,4,0,1,0,3,1,0,15,1,1,1,0,2,1,5,5,0,3,1
5,19,4,1,1,4,3,3,1,11,1,1,1,1,0,1,0,4,10,4,0
8,17,2,0,1,4,3,0,1,7,1,1,1,0,0,1,0,6,4,7,1
10,21,4,0,1,0,3,0,0,12,1,1,1,5,0,1,0,7,8,13,1
10,20,0,1,1,0,3,0,0,1,1,1,1,0,0,1,0,6,10,11,1
6,18,4,1,1,0,3,0,0,9,1,1,1,1,0,1,0,6,3,7,1
15,18,0,0,1,0,3,1,0,0,1,1,1,7,2,1,0,6,5,6,0
3,18,4,1,1,0,3,0,0,2,1,1,1,0,0,2,0,6,10,8,1
14,19,0,1,1,0,3,0,0,0,1,1,1,0,2,2,0,7,0,9,1
4,15,0,0,1,0,3,1,0,0,1,1,1,0,0,1,0,7,8,7,1
1,18,4,0,1,0,3,1,0,16,1,1,1,0,0,0,5,0,0,0,0
15,22,0,1,1,4,3,0,1,1,1,1,1,0,2,0,5,0,0,0,1
11,14,0,0,1,0,3,3,0,0,1,1,1,0,2,1,0,6,5,12,0
7,18,4,1,1,0,3,3,0,2,1,1,1,0,0,1,0,1,6,3,1
10,19,4,1,1,0,3,3,0,12,1,1,1,0,0,1,0,6,6,5,1
15,15,0,0,1,0,3,0,0,0,1,1,1,0,2,1,0,6,4,8,1
5,17,0,1,1,0,1,3,0,1,1,1,1,0,2,1,5,0,0,0,1
11,20,4,0,1,0,0,1,0,0,1,1,1,0,2,2,0,8,6,12,1
13,20,0,0,1,0,3,0,0,0,1,1,1,8,2,6,0,1,9,7,0
14,20,0,0,1,0,3,0,0,0,1,1,1,7,2,1,0,9,3,12,1
6,16,0,1,1,0,3,1,0,0,1,1,1,0,0,1,0,6,1,11,0
11,21,0,1,1,0,3,0,0,1,1,1,1,0,2,3,5,1,0,3,0
10,15,4,0,0,0,3,0,0,12,1,0,0,0,0,6,0,3,7,9,1
4,18,2,0,1,0,3,0,0,12,1,1,1,7,0,1,3,3,0,6,1
5,15,4,0,1,0,3,1,0,2,1,1,1,0,0,1,0,6,4,8,1
15,20,0,1,1,0,3,1,0,1,1,1,1,8,2,2,0,6,10,6,0
12,15,0,0,1,4,3,0,1,8,1,1,1,0,2,1,0,6,0,8,1
1,18,4,1,1,0,3,3,0,2,1,1,1,7,0,9,2,0,0,0,1
14,20,0,1,1,0,3,0,0,0,1,1,1,7,2,1,0,6,10,14,1
1,18,4,1,1,4,3,3,1,0,1,1,1,0,0,1,0,1,3,2,1
5,20,4,0,1,0,3,0,0,2,1,1,1,0,0,2,0,6,3,7,0
0,0,4,1,0,0,3,0,0,2,0,1,1,6,0,0,5,0,0,3,1
4,19,4,1,1,4,3,0,1,2,1,1,1,0,0,1,2,2,0,3,1
0,17,4,0,1,0,3,1,0,15,1,1,1,8,0,1,5,3,0,1,0
2,18,4,1,1,3,3,0,1,2,1,1,1,5,0,1,0,6,4,6,1
11,20,0,0,1,0,3,0,0,1,1,1,1,0,2,1,0,6,8,11,0
0,18,4,0,1,0,3,3,0,2,1,1,1,7,0,0,5,0,0,0,1
14,15,0,0,1,4,3,0,1,8,1,1,1,7,2,1,0,6,2,7,1
13,21,0,1,1,4,3,0,1,1,1,1,1,5,2,0,5,0,0,0,1
6,20,4,0,1,0,3,0,0,11,1,1,1,5,0,1,0,6,8,13,0
10,20,4,0,1,0,3,1,0,0,1,1,1,8,0,1,0,6,6,7,1
7,18,4,0,1,0,3,3,0,9,1,1,1,0,0,1,0,6,2,8,1
6,19,4,0,1,0,3,3,0,12,1,1,1,0,0,1,0,6,6,9,0
3,7,4,0,1,4,3,0,1,11,1,1,1,7,0,6,0,2,8,4,1
1,19,4,0,0,0,3,1,0,2,0,1,0,0,0,1,0,1,5,5,1
8,20,4,1,1,0,3,1,0,2,1,1,1,1,0,1,0,6,5,7,1
1,19,4,0,1,4,3,0,1,0,1,1,1,5,0,1,0,6,2,13,1
6,20,4,0,1,0,3,0,0,2,1,1,1,0,0,1,0,3,2,6,1
2,15,4,0,1,3,3,0,1,11,1,1,1,5,0,1,0,7,1,3,0
0,18,4,0,1,0,3,3,0,2,1,1,1,8,0,0,5,0,0,0,1
6,20,4,1,1,0,3,1,0,14,1,1,1,0,0,1,0,2,3,4,1
2,18,4,0,1,0,3,0,0,0,1,1,1,5,0,4,0,6,3,3,1
10,17,4,0,1,3,3,0,1,15,1,1,1,5,0,3,1,9,0,9,0
3,17,4,0,1,0,0,0,0,16,1,1,1,0,0,5,3,9,4,7,0
5,17,4,1,1,0,3,0,0,2,1,1,1,7,0,1,2,2,0,3,1
7,15,4,1,1,0,3,0,0,2,1,1,1,5,0,1,0,6,4,5,1
6,20,0,1,1,0,3,1,0,2,1,1,1,0,0,2,0,1,4,1,1
9,20,4,0,1,0,3,1,0,12,1,1,1,5,0,1,0,6,2,11,1
11,20,4,0,1,0,3,0,0,0,1,1,1,5,2,1,0,7,6,11,0
1,14,4,1,1,4,3,3,1,9,1,1,1,5,0,1,5,1,0,1,0
10,20,0,1,1,0,3,3,0,0,1,1,1,0,0,1,0,6,7,13,1
0,15,4,1,1,0,3,0,0,2,1,1,1,7,0,1,0,4,2,3,1
2,15,2,1,0,0,3,3,0,14,1,1,1,0,2,3,0,6,6,7,1
10,21,4,1,1,0,3,3,0,14,1,1,1,0,0,1,0,6,6,9,1
7,19,4,1,1,3,3,0,1,0,1,1,1,7,0,1,0,6,6,9,0
8,20,4,0,1,0,3,0,0,11,1,1,1,0,0,1,0,4,4,4,0
10,15,0,0,1,0,3,0,0,0,1,1,1,7,0,1,0,9,2,10,1
7,20,4,0,1,0,3,0,0,0,1,1,1,5,0,1,0,6,3,14,1
7,20,4,1,1,0,3,3,0,5,1,1,1,0,0,2,0,6,0,9,1
9,20,4,1,1,0,3,1,0,0,1,1,1,5,0,1,0,6,1,13,0
14,19,4,1,1,0,3,1,0,12,1,1,1,7,2,1,0,4,11,5,1
12,13,4,0,1,0,3,0,0,15,1,1,1,0,2,1,5,0,0,0,1
6,17,4,0,1,0,3,0,0,7,1,1,1,7,0,1,2,0,0,0,1
12,20,0,1,1,0,3,3,0,0,1,1,1,0,2,1,0,8,8,13,0
3,15,4,1,1,0,3,0,0,2,1,1,1,7,0,1,0,6,6,8,1
0,17,4,1,1,0,3,0,0,2,1,1,1,0,0,1,5,5,0,2,0
12,16,0,0,1,4,3,0,1,1,1,1,1,7,2,0,5,0,0,0,1
6,19,4,1,1,0,3,3,0,12,1,1,1,0,0,1,0,8,2,10,0
14,15,4,0,1,0,3,3,0,9,1,1,1,0,2,1,2,2,0,4,1
7,20,4,0,1,0,3,0,0,2,1,1,1,5,0,3,0,1,6,11,1
8,20,0,1,1,3,3,0,1,1,1,1,1,5,0,1,1,6,0,9,1
1,18,4,0,1,0,3,2,0,2,1,1,1,6,0,2,0,2,10,3,1
9,20,4,1,1,4,3,0,1,0,1,1,1,0,0,1,0,9,6,14,1
13,21,0,1,1,3,3,0,1,0,1,1,1,0,2,3,5,0,0,0,1
8,20,4,1,1,0,3,0,0,0,1,1,1,0,0,1,2,0,0,0,1
7,20,4,0,1,0,3,0,0,0,1,1,1,0,0,1,0,8,4,13,1
15,18,4,0,1,0,3,0,0,2,1,1,1,0,2,1,5,0,0,0,1
7,6,0,1,1,0,3,0,0,7,1,1,1,8,0,1,0,2,8,4,0
6,15,4,0,1,0,3,0,0,2,1,1,1,1,0,0,5,0,0,0,1
10,19,4,1,1,0,3,0,0,2,1,1,1,7,0,1,0,6,6,10,1
11,22,0,1,1,3,3,0,1,0,1,1,1,8,2,3,0,6,2,12,1
13,21,0,1,1,3,3,0,1,0,1,1,1,5,2,3,1,6,0,13,1
7,8,0,0,1,4,3,0,1,5,1,1,1,0,0,1,0,6,4,3,1
14,19,0,1,1,0,3,0,0,1,1,1,1,7,2,1,0,8,11,12,1
10,15,4,0,1,0,3,0,0,15,1,1,1,0,0,0,5,0,0,0,1
11,17,0,1,1,0,3,0,0,1,1,1,1,0,2,1,0,3,2,5,1
4,16,0,0,1,4,3,3,1,8,1,1,1,0,0,1,5,6,0,3,0
11,22,0,0,1,0,3,0,0,0,1,1,1,0,2,1,0,9,6,14,1
15,20,4,1,0,0,3,0,0,0,1,1,0,0,2,1,0,4,6,5,1
6,20,4,1,1,3,3,0,1,11,1,1,1,5,0,1,0,6,10,11,1
3,18,4,0,1,0,3,0,0,2,1,1,1,0,0,1,0,8,4,12,1
10,20,4,1,1,0,3,0,0,2,1,1,1,5,0,4,2,0,0,0,1
11,16,4,1,1,0,3,0,0,12,1,1,1,0,2,1,0,6,10,4,0
5,18,4,0,1,0,3,0,0,4,1,1,1,7,0,1,0,5,10,9,1
7,18,4,0,1,0,3,0,0,2,1,1,1,1,0,1,0,5,8,4,1
8,8,4,0,1,4,3,0,1,2,1,1,1,0,0,1,0,6,8,12,1
0,10,4,1,0,0,3,0,0,5,0,1,0,0,0,0,5,0,0,0,1
10,14,0,0,1,4,3,0,1,14,1,1,1,1,0,1,0,6,10,7,0
12,20,0,1,1,0,3,0,0,1,1,1,1,5,2,5,0,6,6,11,1
8,21,0,1,1,4,3,0,1,1,1,1,1,0,0,6,1,4,0,9,1
2,14,4,0,0,0,3,0,0,16,1,1,0,5,0,0,5,0,0,4,0
7,17,4,1,1,0,3,0,0,0,1,1,1,5,0,1,0,3,6,2,1
1,18,4,1,1,0,3,3,0,2,1,1,1,7,0,1,0,6,6,7,1
4,19,4,0,1,0,3,1,0,2,1,1,1,5,0,0,5,0,0,0,1
4,19,4,0,1,0,3,0,0,16,1,1,1,0,0,1,0,2,4,5,0
14,20,4,1,1,0,3,1,0,0,1,1,1,0,2,1,0,6,1,14,1
1,15,4,0,1,0,3,3,0,2,1,1,1,7,0,1,0,3,6,3,1
4,20,4,1,1,0,3,3,0,2,1,1,1,5,0,1,0,6,5,3,0
13,20,0,0,1,0,3,1,0,0,1,1,1,0,2,1,0,8,6,14,1
6,15,4,0,1,0,3,0,0,2,1,1,1,8,0,8,5,6,0,8,1
2,18,4,0,1,3,3,0,1,2,1,1,1,5,0,0,5,0,0,0,1
13,20,0,0,1,0,3,1,0,0,1,1,1,0,2,3,1,9,0,11,1
12,18,4,0,0,0,3,0,0,0,1,1,0,0,2,1,0,1,3,4,0
7,18,0,1,1,3,3,1,1,0,1,1,1,8,0,2,0,6,6,9,0
9,18,0,0,1,3,3,0,1,1,1,1,1,0,0,1,0,6,8,11,1
7,4,0,0,1,4,3,0,1,2,1,1,1,7,0,3,0,9,5,11,1
7,20,4,1,1,0,3,1,0,16,1,1,1,8,0,6,0,1,0,3,1
8,18,0,1,1,0,3,0,0,0,1,1,1,7,0,1,0,6,11,6,0
14,20,0,0,1,3,3,0,1,0,1,1,1,0,2,1,0,6,6,13,1
13,21,0,0,1,4,3,0,1,1,1,1,1,0,2,1,1,8,0,11,0
0,17,4,1,1,0,3,0,0,2,1,1,1,1,0,0,5,0,0,0,1
5,19,4,0,1,0,3,0,0,0,1,1,1,7,0,1,5,0,0,0,1
10,20,0,1,1,0,3,0,0,0,1,1,1,0,0,1,0,8,8,12,1
12,20,4,1,1,4,3,3,1,0,1,1,1,0,2,1,0,6,0,8,1
7,20,0,1,1,0,3,1,0,1,1,1,1,8,0,2,0,6,6,13,0
12,17,0,0,1,0,3,0,0,0,1,1,1,0,2,1,5,0,0,0,1
9,20,4,0,1,3,3,3,1,11,1,1,1,0,0,1,0,8,4,14,1
2,14,4,0,0,0,3,3,0,11,1,1,0,0,2,1,0,9,1,7,1
14,7,4,1,1,0,1,0,0,2,1,1,1,4,2,5,0,5,8,3,1
12,20,4,0,1,0,3,0,0,2,1,1,1,7,2,1,0,6,5,9,1
9,17,4,1,1,0,3,0,0,2,1,1,1,1,0,1,0,4,6,6,1
5,18,4,1,1,0,3,0,0,2,1,1,1,5,0,1,0,6,3,3,1
5,20,4,0,1,4,3,0,1,9,1,1,1,7,0,1,0,6,11,3,0
10,20,4,1,1,0,3,1,0,2,1,1,1,0,0,1,2,0,0,0,1
6,18,4,1,1,4,3,3,1,11,1,1,1,0,0,1,0,6,6,10,0
7,18,4,0,0,0,3,0,0,2,1,1,0,0,0,1,0,4,3,8,1
11,22,0,1,0,0,3,1,0,1,1,1,1,0,2,1,0,9,4,14,1
12,15,0,1,1,0,3,1,0,1,1,1,1,0,2,6,5,0,0,2,1
9,16,4,0,1,0,3,0,0,2,1,1,1,7,0,1,0,6,4,10,1
15,20,4,0,1,4,3,0,1,14,1,1,1,5,2,0,5,0,0,0,1
12,20,4,1,1,0,3,0,0,0,1,1,1,0,2,4,0,4,10,4,1
4,20,4,1,1,0,3,3,0,2,1,1,1,0,0,1,0,4,4,3,1
14,20,4,0,1,4,3,0,1,0,1,1,1,5,0,1,0,5,3,4,0
13,7,2,1,0,1,3,0,0,11,0,0,0,7,1,2,0,4,3,2,1
10,15,4,0,1,0,3,0,0,2,1,1,1,0,0,1,0,6,11,7,1
2,15,4,1,1,4,3,0,1,2,1,1,1,5,0,9,2,0,0,0,1
6,20,4,1,1,0,3,1,0,11,1,1,1,0,0,1,0,4,3,10,0
4,18,4,1,1,0,3,3,0,0,1,1,1,7,0,0,5,0,0,1,1
6,20,0,1,1,1,3,3,0,11,1,1,1,8,0,2,0,2,10,6,1
4,15,4,0,1,0,3,0,0,14,1,1,1,7,0,1,0,2,3,6,1
10,21,0,0,1,0,3,1,0,0,1,1,1,0,0,1,0,6,5,14,1
7,20,4,1,1,0,3,0,0,0,1,1,1,7,0,2,5,1,0,2,1
1,15,4,0,1,0,3,0,0,7,1,1,1,0,0,1,0,2,3,4,0
12,15,4,0,1,3,3,0,1,2,1,1,1,5,2,1,0,6,4,12,1
11,18,4,1,1,0,3,3,0,14,1,1,1,0,2,1,0,6,8,12,1
4,20,4,0,1,0,3,1,0,2,1,1,1,0,0,3,0,2,2,6,1
10,20,0,1,1,3,3,3,1,1,1,1,1,5,0,1,2,0,0,0,1
2,18,4,1,1,0,3,1,0,2,1,1,1,0,0,1,0,2,2,3,1
5,17,4,0,1,0,3,0,0,9,1,1,1,0,0,1,0,6,8,8,1
12,20,0,1,1,0,3,1,0,0,1,1,1,0,2,6,0,4,3,12,1
10,15,0,0,1,4,3,0,1,9,1,1,1,7,0,1,0,6,6,10,1
13,17,0,1,1,0,3,0,0,1,1,1,1,0,2,1,0,6,8,13,1
4,21,4,1,1,4,3,0,1,9,1,1,1,5,0,4,0,6,5,7,0
15,20,0,1,1,0,3,1,0,1,1,1,1,0,2,6,0,8,0,13,0
6,17,4,1,1,0,3,0,0,2,1,1,1,8,0,1,0,6,6,6,1
7,15,4,1,1,0,3,3,0,2,1,1,1,1,0,1,0,6,11,5,1
12,18,4,1,1,3,3,3,1,14,1,1,1,0,2,7,5,0,0,0,1
0,15,4,0,1,0,3,0,0,2,1,1,1,8,0,0,5,0,0,0,1
0,18,4,0,1,0,3,0,0,16,1,1,1,5,0,0,5,0,0,3,1
9,20,4,0,1,0,3,0,0,5,1,1,1,0,0,2,0,6,0,11,0
2,15,4,0,0,0,3,0,0,2,1,1,0,0,0,0,5,0,0,4,1
1,18,4,0,1,0,3,3,0,11,1,1,1,0,0,2,5,4,0,4,1
4,15,4,1,1,0,3,0,0,16,1,1,1,4,0,1,1,8,0,6,1
3,21,4,1,1,0,3,1,0,0,1,1,1,0,0,1,0,2,4,2,1
12,20,4,0,1,0,3,0,0,2,1,1,1,7,2,4,0,6,2,10,1
8,18,4,0,1,0,3,0,0,2,1,1,1,0,0,3,0,2,4,1,1
2,15,4,1,1,4,3,3,1,11,1,1,1,0,0,0,5,0,0,0,1
10,10,4,1,1,0,3,0,0,5,1,1,1,0,0,5,0,6,4,3,1
8,17,0,0,1,0,3,0,0,0,1,1,1,1,0,1,0,6,3,9,0
12,18,0,1,1,0,3,0,0,1,1,1,1,0,2,1,5,0,0,0,1
11,20,0,0,1,2,3,1,0,1,1,1,1,0,2,1,0,6,3,12,1
14,20,0,0,1,0,3,0,0,0,1,1,1,0,2,6,0,6,0,11,0
0,15,4,0,1,0,3,0,0,2,1,1,1,0,0,1,0,1,0,1,1
4,16,4,0,1,0,0,0,0,16,1,1,1,4,0,5,3,9,4,5,1
2,18,4,1,0,0,3,0,0,13,1,1,0,7,0,2,0,2,2,8,0
6,9,0,0,0,4,3,1,1,2,1,1,1,5,0,1,0,8,5,8,1
13,18,0,0,1,0,3,0,0,1,1,1,1,7,2,7,0,6,3,9,0
10,19,4,1,1,3,3,3,1,0,1,1,1,0,0,1,1,6,0,12,1
8,17,3,0,1,0,3,0,0,7,1,1,1,0,0,6,0,3,8,9,1
10,19,4,1,1,0,3,3,0,0,1,1,1,0,0,1,0,6,1,10,1
13,18,4,1,1,0,3,0,0,2,1,1,1,5,2,1,0,6,7,10,1
2,13,4,0,0,0,3,3,0,15,1,1,0,7,0,0,5,0,0,0,0
10,15,0,0,1,0,3,1,0,1,1,1,1,0,0,6,0,8,4,12,1
3,18,4,1,1,0,3,0,0,2,1,1,1,7,0,0,5,0,0,0,1
4,20,4,0,1,0,3,1,0,0,1,1,1,7,0,1,0,6,5,9,0
9,19,3,1,1,0,3,3,0,0,1,1,1,7,0,1,0,7,0,8,1
4,18,4,0,1,0,1,3,0,11,1,1,1,0,0,1,0,4,7,5,1
14,15,2,1,1,0,3,0,0,14,1,1,1,0,2,1,5,0,0,2,1
14,15,0,1,1,0,1,0,0,1,1,1,1,0,2,5,0,6,8,7,0
13,15,0,0,1,0,3,0,0,1,1,1,1,0,2,1,0,8,1,11,1
13,19,0,1,1,4,3,0,1,0,1,1,1,0,2,1,0,8,2,5,0
9,15,4,1,1,0,3,0,0,2,1,1,1,0,0,1,0,6,6,5,1
8,20,4,0,1,0,3,0,0,11,1,1,1,5,0,1,0,9,10,12,1
12,20,4,0,1,0,3,3,0,11,1,1,1,5,2,1,0,6,2,11,1
13,0,4,0,1,4,3,0,1,0,1,1,1,0,2,1,0,8,4,11,1
9,20,0,0,1,4,3,0,1,0,1,1,1,5,0,1,0,6,6,14,0
1,17,4,0,1,0,3,1,0,2,1,1,1,0,0,4,0,9,4,2,1
5,20,4,0,0,0,3,0,0,0,1,1,1,0,0,1,0,7,4,10,0
4,15,4,1,1,0,3,2,0,2,1,1,1,6,0,3,0,2,10,3,1
12,11,4,1,1,4,3,0,1,11,1,1,1,0,2,1,0,9,4,13,0
11,15,0,1,1,0,3,3,0,1,1,1,1,0,2,3,0,6,3,11,1
1,15,4,1,1,0,3,0,0,2,1,1,1,7,0,0,5,0,0,0,1
3,15,4,1,1,0,3,3,0,4,1,1,1,0,0,1,0,1,4,4,1
11,14,0,0,1,0,3,3,0,11,1,1,1,7,2,1,5,6,0,7,1
5,20,4,1,1,0,3,0,0,2,1,1,1,0,0,1,0,6,8,10,1
14,17,4,1,1,0,3,3,0,12,1,1,1,2,2,6,5,0,0,0,1
10,19,4,1,1,0,3,0,0,0,1,1,1,0,0,1,0,6,4,10,1
14,8,0,0,1,4,3,0,1,2,1,1,1,7,2,1,0,6,5,12,1
7,19,4,1,1,0,3,1,0,2,1,1,1,5,0,2,5,0,0,0,1
13,18,0,1,1,0,3,0,0,0,1,1,1,0,2,1,5,0,0,0,1
11,22,0,1,1,0,3,1,0,0,1,1,1,0,2,2,0,6,3,11,1
2,18,0,1,1,0,1,0,0,1,1,1,1,0,2,5,0,6,2,6,1
5,20,0,0,1,2,3,0,1,1,1,1,1,5,0,6,0,2,4,4,0
4,18,4,0,1,0,3,0,0,0,1,1,1,0,0,1,0,3,2,4,0
11,18,4,0,1,0,3,0,0,16,1,1,1,0,2,1,5,3,0,3,1
10,15,4,0,1,0,1,3,0,2,1,1,1,0,0,1,0,8,8,13,1
15,15,0,1,1,0,3,0,0,4,1,1,1,0,2,0,5,0,0,5,1
12,21,4,0,1,0,3,1,0,0,1,1,1,0,2,2,0,6,8,14,0
10,12,4,1,1,0,3,3,0,12,1,1,1,0,0,1,2,0,0,0,1
9,15,4,0,1,0,3,0,0,2,1,1,1,1,0,1,0,6,10,3,1
10,18,4,1,1,0,3,3,0,5,1,1,1,0,0,1,0,9,6,11,1
1,15,4,0,1,0,3,0,0,2,1,1,1,7,0,1,0,5,3,9,1
3,17,4,0,1,0,3,3,0,2,1,1,1,0,0,1,0,3,2,3,1
4,15,4,0,1,3,3,0,1,2,1,1,1,7,0,1,0,4,11,4,1
12,18,4,1,1,0,3,0,0,3,1,1,1,0,2,2,0,4,2,5,1
9,14,4,1,1,4,3,0,1,5,1,1,1,0,0,1,0,6,10,8,1
6,19,4,0,1,0,3,0,0,0,1,1,1,5,0,1,5,0,0,0,1
3,18,4,1,0,0,3,0,0,9,1,1,1,2,0,0,5,0,0,0,1
14,19,4,1,1,3,3,0,1,2,1,1,1,0,2,3,0,6,8,12,1
12,15,4,0,1,4,3,0,1,2,1,1,1,7,2,1,0,6,8,11,1
9,18,4,0,1,0,3,0,0,12,1,1,1,0,0,1,0,7,2,8,1
11,16,4,0,0,0,3,0,0,3,0,1,0,0,2,1,0,2,8,5,1
7,11,4,0,1,4,3,0,1,11,1,1,1,0,0,1,0,6,4,4,1
12,20,0,1,1,3,3,0,1,1,1,1,1,0,2,1,0,6,8,12,1
8,20,4,0,1,0,3,1,0,2,1,1,1,5,0,1,0,7,11,12,1
11,21,0,1,1,2,3,1,0,1,1,1,1,0,2,1,0,4,3,6,0
5,19,4,0,1,0,3,0,0,2,1,1,1,7,0,0,5,0,0,0,1
14,17,2,0,1,0,2,3,0,2,1,1,1,0,2,1,0,4,4,6,1
15,21,0,0,1,4,3,0,1,0,1,1,1,5,2,1,0,6,3,14,1
15,18,4,1,1,4,3,0,1,11,1,1,1,0,2,1,0,6,6,5,0
0,15,4,0,1,0,3,0,0,16,1,1,1,7,0,1,0,6,2,6,1
6,21,4,0,1,0,3,1,0,0,1,1,1,0,0,1,0,8,3,14,1
11,17,4,1,1,4,3,0,1,0,1,1,1,0,2,1,5,0,0,0,0
10,8,0,1,1,4,3,0,1,11,1,1,1,0,0,1,5,6,0,3,1
5,17,4,1,1,0,3,3,0,2,1,1,1,0,0,1,5,0,0,0,1
4,20,4,1,0,0,3,1,0,0,1,1,1,0,0,1,5,0,0,0,1
15,20,0,1,1,0,3,3,0,1,1,1,1,0,2,1,0,6,8,12,1
2,17,4,1,1,0,3,0,0,2,1,1,1,7,0,0,5,0,0,0,1
4,18,4,0,1,0,3,1,0,0,1,1,1,0,0,1,5,0,0,0,1
14,14,0,0,1,0,3,2,0,0,1,1,1,7,2,1,0,6,10,8,1
0,15,4,1,1,0,3,1,0,7,1,1,1,0,0,1,2,0,0,0,1
10,20,4,1,0,0,3,1,0,0,1,1,0,0,0,1,0,6,6,12,1
5,18,4,0,1,0,3,1,0,2,1,1,1,0,0,1,5,0,0,0,1
8,20,4,1,1,0,3,1,0,5,1,1,1,0,0,2,0,3,1,2,1
3,20,4,0,1,0,3,3,0,2,1,1,1,0,0,1,0,4,5,6,1
2,15,4,0,1,0,3,0,0,2,1,1,1,1,0,1,0,6,3,4,1
13,20,4,0,1,4,3,0,1,0,1,1,1,5,2,1,0,6,0,14,0
12,15,0,1,1,4,3,3,1,1,1,1,1,0,2,0,5,0,0,0,1
5,18,4,0,0,4,3,0,1,2,1,1,1,7,0,1,5,0,0,4,1
7,16,4,0,1,0,3,1,0,2,1,1,1,7,0,0,5,0,0,0,1
5,20,4,1,1,0,3,0,0,0,1,1,1,1,0,5,0,6,4,2,1
7,15,4,0,1,0,3,0,0,4,1,1,1,5,0,1,0,1,8,1,1
8,18,4,0,1,0,3,1,0,12,1,1,1,0,0,1,0,6,8,9,0
15,20,0,1,1,0,3,0,0,0,1,1,1,1,2,1,0,6,3,10,1
5,20,4,1,1,0,3,0,0,0,1,1,1,1,0,3,0,6,1,5,1
2,0,4,1,1,4,3,3,1,9,1,1,1,7,0,0,5,0,0,0,1
7,8,4,1,0,2,3,3,0,3,0,0,0,0,0,1,0,6,10,5,1
0,15,4,0,1,0,3,0,0,11,1,1,1,0,0,1,0,4,4,5,0
2,18,4,0,1,0,3,0,0,2,1,1,1,0,0,1,2,2,0,3,1
1,18,4,1,1,0,3,0,0,2,1,1,1,5,0,1,0,1,3,1,1
11,15,0,0,1,0,0,0,0,16,1,1,1,0,2,5,3,9,1,7,0
9,20,4,0,1,0,3,0,0,2,1,1,1,0,0,1,2,6,0,6,1
6,18,4,1,1,0,3,0,0,14,1,1,1,7,0,1,0,6,6,9,0
13,20,4,1,1,0,3,0,0,12,1,1,1,0,2,1,0,7,7,12,1
6,15,4,0,1,0,3,1,0,0,1,1,1,0,0,3,5,0,0,2,0
13,20,0,0,1,0,3,1,0,1,1,1,1,0,2,3,0,7,7,13,1
8,18,4,0,1,0,3,3,0,2,1,1,1,0,0,1,2,0,0,0,1
13,19,4,1,1,0,3,3,0,2,1,1,1,5,2,1,0,2,0,3,0
15,15,0,1,1,0,3,0,0,1,1,1,1,7,2,4,5,0,0,2,1
10,18,4,0,1,0,3,0,0,15,1,1,1,0,0,1,5,6,0,6,0
11,15,0,1,1,0,3,0,0,0,1,1,1,0,2,1,0,6,2,10,1
9,20,4,1,1,4,3,0,1,0,1,1,1,5,0,1,0,6,5,13,0
14,17,0,1,1,0,3,1,0,1,1,1,1,0,2,1,0,3,5,4,1
12,18,4,1,1,0,3,0,0,12,1,1,1,0,2,1,0,7,2,10,1
2,15,4,1,1,0,3,0,0,2,1,1,1,1,0,1,0,5,10,2,1
0,15,4,0,1,0,3,0,0,2,1,1,1,0,0,0,5,0,0,0,1
13,20,4,1,1,2,3,1,0,12,1,1,1,5,2,4,0,1,10,14,1
13,19,4,0,1,3,3,1,1,2,1,1,1,5,2,1,0,6,6,11,1
6,18,4,0,1,3,3,3,1,2,1,1,1,5,0,9,2,0,0,0,1
11,15,4,1,1,0,3,0,0,0,1,1,1,7,2,1,0,4,11,3,1
15,18,0,1,0,4,3,0,1,1,1,0,1,5,2,0,5,0,0,2,1
10,21,0,1,1,0,3,1,0,1,1,1,1,0,0,7,1,9,0,14,1
3,14,4,0,0,0,3,3,0,15,1,1,0,0,0,0,5,0,0,8,1
13,19,4,1,1,0,3,1,0,2,1,1,1,0,2,1,0,2,4,3,1
2,15,4,1,1,0,3,0,0,2,1,1,1,7,0,6,0,2,2,3,1
5,19,4,1,1,0,3,3,0,0,1,1,1,0,0,1,5,0,0,0,1
2,18,4,0,1,0,3,0,0,0,1,1,1,5,0,1,0,2,4,4,1
0,18,4,1,1,0,3,0,0,16,1,1,1,0,0,3,0,4,1,3,1
3,14,4,0,1,0,3,0,0,12,1,1,1,5,0,1,0,8,4,8,1
5,18,4,1,1,0,3,0,0,14,1,1,1,0,0,1,0,4,3,9,1
13,18,0,1,1,0,3,0,0,1,1,1,1,7,2,1,0,1,2,2,1
0,18,4,0,1,4,3,0,1,2,1,1,1,0,0,6,0,1,2,3,1
3,20,4,1,1,0,3,0,0,12,1,1,1,0,0,1,5,1,0,1,0
9,15,4,0,1,0,3,3,0,0,1,1,1,5,0,1,2,0,0,8,0
2,18,4,0,1,0,3,0,0,2,1,1,1,0,0,4,0,1,1,6,1
14,20,4,1,1,3,3,0,1,0,1,1,1,5,2,1,0,6,8,11,1
10,15,4,1,1,0,3,0,0,9,1,1,1,0,0,1,0,6,6,8,1
10,20,4,1,1,0,3,0,0,2,1,1,1,0,0,1,5,0,0,0,1
6,18,0,1,1,0,3,0,0,0,1,1,1,0,0,3,0,6,8,12,1
5,17,0,1,1,4,3,1,1,1,1,1,1,7,2,1,0,9,11,6,0
12,13,4,0,1,0,3,3,0,15,1,1,1,1,2,1,5,0,0,0,1
1,15,4,0,1,0,0,3,0,16,1,1,1,0,0,5,3,9,5,6,1
13,17,4,0,1,0,3,1,0,0,1,1,1,0,2,4,0,4,1,5,1
9,18,0,1,1,4,3,3,1,1,1,1,1,0,0,2,5,1,0,3,1
15,20,0,0,1,0,3,0,0,16,1,1,1,8,0,2,5,2,0,3,0
4,18,4,0,1,0,3,1,0,2,1,1,1,0,0,1,0,3,4,10,1
1,18,4,0,1,4,3,0,1,9,1,1,1,7,0,1,0,5,5,8,1
14,20,0,1,1,0,3,0,0,0,1,1,1,5,2,1,0,7,5,13,1
6,20,4,1,1,3,3,3,1,0,1,1,1,0,0,0,5,0,0,5,1
7,18,4,0,1,0,3,0,0,2,1,1,1,7,0,1,5,0,0,1,0
8,18,0,1,1,3,3,0,1,2,1,1,1,7,0,1,0,6,6,10,1
9,18,4,1,1,0,3,3,0,12,1,1,1,0,0,1,5,0,0,0,0
14,18,4,0,1,0,1,0,0,0,1,1,1,0,2,1,0,6,4,10,1
12,15,0,0,1,0,3,0,0,1,1,1,1,0,2,1,0,6,8,8,1
13,18,4,1,1,0,3,0,0,0,1,1,1,7,2,1,0,6,6,13,0
15,21,0,0,1,4,3,0,1,1,1,1,1,5,2,1,0,6,8,14,1
9,18,4,0,1,0,3,1,0,2,1,1,1,8,0,1,5,0,0,0,1
2,18,4,0,1,0,3,0,0,16,1,1,1,1,0,1,0,6,2,7,0
3,15,4,0,0,0,3,0,0,2,1,1,0,7,0,0,5,0,0,0,1
14,21,0,0,1,0,3,1,0,0,1,1,1,8,2,1,0,7,0,13,1
15,18,4,1,1,0,3,1,0,2,1,1,1,0,2,1,2,3,0,5,1
7,20,4,1,1,0,3,0,0,12,1,1,1,0,0,1,0,6,6,6,1
10,18,0,1,1,0,3,3,0,1,1,1,1,0,0,1,0,3,2,8,1
4,19,4,1,1,0,3,1,0,7,1,1,1,0,0,0,5,0,0,0,1
12,20,4,0,1,0,3,3,0,11,1,1,1,5,2,1,0,8,3,13,1
12,21,0,1,1,0,3,0,0,0,1,1,1,5,2,3,0,6,10,13,1
13,13,4,0,1,0,3,3,0,15,1,1,1,1,2,1,5,0,0,0,1
7,19,4,0,1,0,3,0,0,2,1,1,1,0,0,2,0,6,3,12,1
2,18,0,1,0,0,3,1,0,1,1,1,1,0,2,5,0,7,2,10,1
15,13,0,0,1,0,3,0,0,15,1,1,1,0,2,0,5,0,0,0,1
14,18,0,0,1,3,3,0,1,1,1,1,1,0,2,1,5,0,0,4,1
7,15,4,0,1,0,3,0,0,2,1,1,1,5,0,4,0,6,10,2,1
2,19,4,1,1,3,3,0,1,2,1,1,1,5,0,1,0,2,2,3,1
5,20,4,1,1,0,3,0,0,2,1,1,1,5,0,1,0,5,11,3,1
7,18,4,0,1,0,3,0,0,2,1,1,1,0,0,1,0,4,6,5,1
1,18,4,0,1,4,3,0,1,0,1,1,1,5,0,1,0,1,2,9,0
9,20,4,0,1,0,3,3,0,12,1,1,1,5,0,1,0,7,8,9,0
14,18,4,1,1,0,3,0,0,0,1,1,1,1,2,1,0,4,1,4,1
12,19,4,0,1,0,3,3,0,0,1,1,1,0,2,1,0,7,4,12,1
3,18,4,1,1,0,3,3,0,11,1,1,1,0,0,9,2,0,0,0,1
12,3,4,0,0,0,1,3,0,12,0,0,1,7,2,4,0,6,9,7,1
8,20,4,0,1,0,3,1,0,2,1,1,1,8,0,1,0,8,2,9,1
8,18,4,0,1,0,3,1,0,2,1,1,1,0,0,1,0,8,11,12,1
5,15,4,1,1,0,3,0,0,0,1,1,1,0,0,1,0,6,10,8,1
2,18,4,1,1,0,3,0,0,11,1,1,1,0,0,1,0,3,2,5,0
9,18,4,0,1,0,3,3,0,2,1,1,1,0,0,1,0,3,1,5,1
1,13,4,1,1,0,3,0,0,10,1,1,1,0,0,0,5,0,0,0,1
1,18,4,0,1,0,3,3,0,16,1,1,1,5,0,1,0,1,4,2,0
14,18,4,0,1,0,3,0,0,0,1,1,1,1,2,1,0,6,8,11,1
1,14,4,1,1,4,3,0,1,2,1,1,1,7,0,1,0,1,5,2,1
3,18,4,0,1,4,3,0,1,11,1,1,1,5,0,1,0,4,4,2,1
6,20,4,0,1,0,3,1,0,12,1,1,1,0,0,1,0,6,6,10,0
2,19,4,1,1,0,3,3,0,2,1,1,1,0,0,3,0,6,10,4,1
11,15,0,0,1,0,3,0,0,0,1,1,1,0,2,1,0,6,11,11,0
2,18,0,1,0,0,3,0,0,8,1,1,1,5,0,1,0,5,4,8,1
10,21,0,0,1,0,0,1,0,0,1,1,1,0,0,5,3,9,2,14,1
4,18,4,1,1,0,3,1,0,2,1,1,1,0,0,0,5,0,0,0,1
13,20,0,1,1,0,3,0,0,1,1,1,1,0,2,4,0,5,0,3,0
9,18,4,1,1,0,3,0,0,6,1,1,1,5,0,3,2,6,0,14,1
10,16,4,0,1,0,3,0,0,2,1,1,1,0,0,0,5,0,0,4,1
7,18,4,0,1,0,3,0,0,2,1,1,1,0,0,2,0,6,2,10,0
6,15,4,0,1,0,3,0,0,0,1,1,1,0,0,1,0,6,6,11,0
9,13,4,1,1,4,3,0,1,2,1,1,1,7,0,1,5,6,0,6,1
4,10,1,1,1,2,0,0,0,0,1,1,1,3,0,5,3,3,9,2,0
7,15,1,0,1,3,3,0,0,14,1,1,1,0,0,7,0,9,2,9,1
8,18,0,1,1,0,3,0,0,1,1,1,1,1,0,1,1,6,0,2,0
4,18,4,0,1,0,3,0,0,9,1,1,1,2,0,6,0,3,5,3,1
7,15,0,0,1,0,3,3,0,0,1,1,1,0,0,1,0,9,2,9,1
0,18,4,1,1,0,3,0,0,11,1,1,1,8,0,1,0,4,1,5,0
2,15,0,1,1,4,3,0,1,8,1,1,1,7,0,0,5,0,0,0,0
15,22,0,0,1,0,3,1,0,0,1,1,1,0,2,2,0,6,2,11,1
9,15,4,0,1,3,3,0,1,2,1,1,1,5,0,1,0,6,1,8,1
5,17,4,0,1,4,3,0,1,0,1,1,1,5,0,1,0,6,4,11,1
15,20,4,1,1,0,3,3,0,14,1,1,1,0,2,1,0,6,0,9,1
8,15,4,0,1,0,3,0,0,12,1,1,1,5,0,1,0,7,11,12,0
11,20,0,1,1,0,3,1,0,1,1,1,1,0,2,1,0,9,5,14,1
3,15,4,0,1,0,3,0,0,11,1,1,1,2,0,1,0,8,4,14,1
3,12,0,1,1,0,3,0,0,1,1,1,1,0,0,1,1,0,0,0,1
5,18,0,1,1,0,3,3,0,1,1,1,1,7,0,6,0,6,8,8,0
14,20,0,1,1,0,3,3,0,1,1,1,1,7,2,1,5,0,0,0,0
15,23,2,1,1,0,3,0,0,0,1,1,1,5,2,1,0,6,6,14,1
3,18,4,1,1,0,3,1,0,0,1,1,1,7,0,1,0,6,8,5,0
10,20,0,0,1,0,3,3,0,0,1,1,1,7,0,1,0,6,10,13,1
12,20,0,1,1,4,3,0,1,0,1,1,1,5,2,1,0,6,8,13,0
11,15,4,0,1,0,3,0,0,11,1,1,1,2,2,1,0,6,3,14,1
4,15,4,1,1,0,3,0,0,2,1,1,1,0,0,1,2,2,0,2,1
15,22,4,0,1,0,3,1,0,0,1,0,1,0,2,6,0,6,0,11,1
14,18,0,1,1,0,3,0,0,0,1,1,1,7,2,1,0,6,5,7,1
3,20,4,1,1,0,3,0,0,11,1,1,1,0,0,1,0,6,8,6,0
10,20,4,1,1,0,3,0,0,2,1,1,1,1,0,1,0,6,2,10,1
1,18,4,1,1,0,3,0,0,2,1,1,1,7,0,1,0,4,5,9,1
15,18,0,1,1,4,3,0,1,1,1,1,1,0,2,1,0,6,10,11,1
13,0,0,1,1,4,3,0,1,0,1,1,1,0,2,1,0,6,4,11,1
11,19,0,1,1,4,3,0,1,1,1,1,1,0,2,0,5,0,0,0,1
13,11,3,1,1,0,3,0,0,15,1,1,1,0,2,0,5,0,0,0,0
6,20,4,0,1,0,1,1,0,0,1,1,1,8,0,5,0,9,6,10,0
3,18,4,0,1,0,3,3,0,11,1,1,1,0,0,1,0,6,4,10,0
2,15,4,1,1,0,3,1,0,2,1,1,1,0,0,0,5,0,0,0,1
15,20,0,1,1,0,3,1,0,0,1,1,1,7,2,6,5,0,0,0,1
12,15,0,1,1,4,3,0,1,1,1,1,1,7,2,1,0,2,10,4,1
6,15,0,0,1,0,3,3,0,2,1,1,1,0,0,1,0,6,6,7,1
12,22,0,1,0,0,3,3,0,0,1,1,1,0,2,1,0,9,6,14,1
14,20,4,0,1,0,3,1,0,2,1,1,1,0,2,1,5,0,0,0,1
13,20,0,1,1,0,3,1,0,1,1,1,1,0,2,1,0,6,11,14,1
7,18,4,0,1,0,3,3,0,2,1,1,1,0,0,1,5,0,0,0,1
2,15,4,1,1,0,3,3,0,4,1,1,1,0,0,0,5,0,0,0,1
14,8,0,1,1,4,3,0,1,0,1,1,1,0,2,1,0,6,4,14,0
15,20,0,0,1,0,3,2,0,0,1,1,1,0,2,6,0,9,10,14,1
5,18,4,1,1,0,3,1,0,0,1,1,1,1,0,1,0,1,3,2,1
15,15,0,0,1,0,3,1,0,0,1,1,1,0,2,1,0,6,2,7,1
3,14,4,1,0,0,3,0,0,16,1,1,0,0,0,0,5,0,0,5,0
5,19,4,1,1,4,3,0,1,0,1,1,1,7,0,1,0,3,3,4,0
14,11,3,0,1,4,3,0,1,0,1,1,1,0,2,6,0,9,3,14,1
13,13,4,0,1,0,3,3,0,15,1,1,1,1,2,1,5,0,0,0,1
10,20,0,0,1,0,3,0,0,0,1,1,1,5,0,1,0,9,3,14,1
11,15,0,0,1,0,0,0,0,16,1,1,1,1,2,5,3,9,11,8,0
9,21,4,1,1,0,3,0,0,2,1,1,1,5,0,1,0,7,6,11,1
10,17,4,0,0,0,3,0,0,15,1,1,0,7,0,0,5,0,0,0,1
8,19,4,0,1,0,3,1,0,0,1,1,1,0,0,1,0,6,5,10,1
12,20,4,1,1,3,3,0,1,2,1,1,1,0,2,1,2,0,0,0,1
14,20,0,0,1,0,3,0,0,0,1,1,1,0,2,6,0,6,0,13,0
2,18,4,1,1,0,3,0,0,0,1,1,1,0,0,1,5,0,0,0,0
1,15,4,0,1,0,3,0,0,2,1,1,1,0,0,1,0,6,5,12,1
15,19,4,0,1,0,3,0,0,0,1,1,1,7,2,6,0,6,0,10,1
6,21,4,0,1,0,3,1,0,12,1,1,1,0,0,1,0,6,11,11,1
3,21,4,1,1,3,3,0,1,0,1,1,1,5,0,1,0,1,9,3,0
9,20,4,0,1,0,3,0,0,2,1,1,1,0,0,1,0,7,10,11,1
0,17,4,0,1,0,3,1,0,2,1,1,1,8,0,1,0,2,8,4,1
12,20,4,1,1,4,3,0,1,0,1,1,1,5,2,1,0,6,3,12,0
15,21,0,1,1,4,3,1,1,0,1,1,1,0,2,4,0,2,4,5,1
8,11,0,1,0,4,3,0,1,1,1,1,1,7,0,0,5,0,0,0,1
10,20,4,1,1,0,3,0,0,0,1,1,1,1,0,4,0,6,4,7,1
6,20,4,0,1,4,3,0,1,11,1,1,1,5,0,1,0,1,8,1,1
9,15,4,0,1,0,3,0,0,2,1,1,1,0,0,1,0,6,3,8,1
4,20,4,0,1,0,3,0,0,2,1,1,1,7,0,1,5,0,0,0,1
12,20,4,0,1,0,3,0,0,11,1,1,1,5,2,1,0,9,8,14,1
7,20,0,1,1,0,3,0,0,2,1,1,1,7,0,1,0,6,5,10,1
6,18,0,1,1,0,3,0,0,8,1,1,1,5,0,1,5,0,0,0,1
11,20,4,0,1,0,3,1,0,0,1,1,1,0,2,1,0,7,1,11,0
9,14,0,1,1,4,3,0,1,2,1,1,1,5,0,1,0,5,3,6,1
6,20,4,0,1,0,3,1,0,2,1,1,1,5,0,3,0,1,2,2,1
14,20,4,0,1,0,3,0,0,11,1,1,1,5,2,1,0,6,3,14,0
11,20,4,1,1,0,3,0,0,14,1,1,1,0,2,3,0,6,3,12,1
7,15,4,1,1,0,3,0,0,4,1,1,1,0,0,1,0,6,6,9,1
13,20,4,0,1,0,3,1,0,0,1,1,1,0,2,7,0,7,5,13,0
9,17,4,0,1,0,3,3,0,2,1,1,1,7,0,1,0,6,10,10,1
0,18,4,1,1,0,3,1,0,2,1,1,1,8,0,1,0,6,8,9,1
10,14,4,0,1,0,3,0,0,0,1,1,1,5,0,1,0,6,5,8,1
1,18,4,1,1,0,3,3,0,2,1,1,1,1,0,1,0,5,5,5,1
10,18,0,1,1,0,3,3,0,0,1,1,1,0,0,1,0,1,2,7,0
11,17,0,0,1,0,3,0,0,0,1,1,1,5,2,1,0,6,2,13,1
2,15,4,0,1,0,3,0,0,16,1,1,1,0,0,1,0,6,4,7,0
14,18,0,0,1,0,1,3,0,0,1,1,1,0,2,5,0,8,2,7,1
11,19,4,0,1,4,3,3,1,2,1,1,1,5,2,0,5,0,0,0,1
4,15,4,0,0,0,3,0,0,16,1,1,0,0,0,1,5,6,0,3,1
3,17,4,0,1,0,3,0,0,2,1,1,1,7,0,3,0,2,8,1,1
1,18,4,1,1,4,3,0,1,2,1,1,1,0,0,0,5,0,0,5,1
15,20,4,0,1,0,3,0,0,10,1,1,1,0,2,1,0,6,8,3,0
8,18,4,0,1,0,3,0,0,2,1,1,1,0,0,1,0,6,8,9,1
1,18,4,0,1,0,3,1,0,2,1,1,1,0,0,0,5,0,0,0,1
2,18,4,1,0,0,3,3,0,2,1,1,1,0,0,0,5,0,0,0,1
12,17,2,0,1,3,3,3,1,0,1,1,1,7,2,3,0,6,6,13,1
15,22,0,0,1,0,3,0,0,1,1,1,1,0,2,1,0,9,8,14,1
2,18,4,0,1,0,3,3,0,2,1,1,1,5,0,4,0,1,1,5,1
4,15,4,0,1,0,3,0,0,10,1,1,1,5,0,4,0,6,8,10,1
3,20,4,1,1,3,3,0,1,9,1,1,1,5,0,1,0,2,3,4,1
5,20,4,1,1,0,3,0,0,0,1,1,1,1,0,5,2,6,0,2,0
8,19,4,1,1,0,3,1,0,2,1,1,1,0,0,1,0,6,5,12,0
12,20,4,1,1,0,3,1,0,2,1,1,1,0,2,7,0,6,5,9,1
4,21,4,1,1,2,3,0,0,2,1,1,1,1,0,9,2,0,0,0,1
0,15,4,0,1,0,3,2,0,2,1,1,1,0,0,1,5,6,0,1,1
10,14,4,1,1,0,3,0,0,11,1,1,1,0,0,1,0,6,8,8,0
15,22,4,0,1,0,3,0,0,0,1,1,1,5,2,1,0,7,9,14,1
2,18,4,0,1,0,3,1,0,0,1,1,1,8,0,0,5,0,0,0,1
10,20,4,1,1,0,3,1,0,2,1,1,1,8,0,3,0,1,6,3,1
7,15,4,0,1,0,3,0,0,2,1,1,1,0,0,1,0,3,6,6,1
13,15,0,1,1,3,3,0,1,0,1,1,1,0,2,1,0,2,1,4,1
5,11,4,0,1,4,3,0,1,2,1,1,1,7,0,1,0,6,4,6,1
9,18,4,1,1,0,3,0,0,9,1,1,1,5,0,1,0,6,0,8,0
10,17,4,1,1,0,3,1,0,11,1,1,1,0,0,1,0,7,4,12,1
7,15,4,1,1,0,3,3,0,2,1,1,1,7,0,1,0,3,2,2,1
7,21,4,0,1,0,3,0,0,12,1,1,1,0,0,1,0,6,10,14,1
0,18,4,1,1,0,3,1,0,14,1,1,1,0,0,1,0,2,4,6,0
2,12,4,0,1,0,3,0,0,0,1,1,1,0,0,1,1,3,0,1,1
12,18,4,0,1,0,3,3,0,14,1,1,1,0,2,1,0,6,4,10,1
8,1,3,1,1,0,2,3,0,0,1,1,1,0,0,6,0,6,3,13,0
4,18,4,0,1,4,3,0,1,0,1,1,1,7,0,1,0,4,2,8,1
14,23,0,1,1,4,3,0,1,1,1,1,1,5,2,0,5,0,0,0,1
1,14,4,0,1,0,3,0,0,12,1,1,1,0,0,1,1,6,0,6,0
4,15,4,0,1,0,3,3,0,2,1,1,1,0,0,1,0,4,7,7,0
13,15,4,0,1,0,3,1,0,0,1,1,1,7,2,1,0,8,4,11,1
10,15,0,0,1,0,3,1,0,1,1,1,1,0,0,1,0,6,3,11,1
14,15,4,1,1,0,3,0,0,12,1,1,1,5,2,0,5,0,0,5,1
4,20,4,1,1,0,3,3,0,2,1,1,1,0,0,0,5,0,0,0,0
13,16,4,0,1,0,3,0,0,15,1,1,1,7,2,0,5,0,0,0,1
3,20,4,1,1,0,3,0,0,2,1,1,1,5,0,1,0,3,9,3,1
1,15,4,0,1,0,3,1,0,11,1,1,1,1,0,1,0,7,6,10,0
7,19,4,1,1,0,3,0,0,2,1,1,1,0,0,1,1,3,0,11,1
6,11,0,1,1,4,3,0,1,0,1,1,1,0,0,0,5,0,0,0,1
0,18,4,0,1,0,3,0,0,16,1,1,1,1,0,0,5,0,0,0,0
9,21,0,1,1,4,3,1,1,1,1,1,1,0,0,2,0,9,4,14,0
9,18,4,0,1,0,3,0,0,2,1,1,1,0,0,0,5,0,0,0,1
6,20,4,1,1,0,3,1,0,2,1,1,1,0,0,0,5,0,0,0,1
14,20,0,0,1,4,3,0,1,1,1,1,1,0,2,1,0,7,2,12,0
6,20,0,0,1,0,3,0,0,8,1,1,1,0,0,4,0,6,1,11,1
11,18,4,1,1,0,3,1,0,2,1,1,1,0,2,2,0,3,6,9,1
14,21,0,0,1,4,3,0,1,1,1,1,1,5,2,0,5,0,0,14,1
10,15,0,1,1,0,3,0,0,2,1,1,1,7,0,1,0,5,4,7,0
5,20,4,0,1,0,3,1,0,2,1,1,1,8,0,1,0,8,2,4,1
0,17,4,0,1,0,3,0,0,0,1,1,1,1,0,1,0,3,4,7,0
12,20,0,1,1,0,3,0,0,0,1,1,1,0,2,1,0,6,7,13,1
12,20,4,0,1,0,3,0,0,3,1,1,1,0,2,1,0,6,2,13,1
5,18,0,1,1,0,3,0,0,1,1,1,1,1,0,1,0,6,11,8,0
13,18,4,0,1,0,3,0,0,2,1,1,1,5,2,1,0,6,7,10,1
4,14,4,0,1,0,3,0,0,2,1,1,1,5,0,1,1,1,0,1,1
11,20,4,0,1,0,3,1,0,0,1,1,1,5,0,4,0,5,5,14,0
12,17,0,0,1,4,3,0,1,1,1,1,1,7,2,1,0,6,8,10,1
10,18,0,1,1,0,3,0,0,0,1,1,1,0,0,1,0,6,6,10,1
6,18,4,0,1,0,1,0,0,14,1,1,1,0,0,5,0,6,8,10,1
15,13,4,0,0,0,3,1,0,7,1,0,0,8,2,0,5,0,0,12,1
5,18,4,1,1,0,3,0,0,2,1,1,1,0,0,1,0,6,2,7,1
8,17,0,0,1,0,3,0,0,0,1,1,1,5,0,1,0,6,8,10,0
11,20,4,0,1,0,3,1,0,2,1,1,1,0,2,7,0,6,10,9,1
0,15,4,1,1,0,3,0,0,2,1,1,1,5,0,3,0,1,3,6,1
8,21,4,1,1,0,3,1,0,2,1,1,1,5,0,1,0,6,4,13,1
14,15,0,1,1,3,3,0,1,0,1,1,1,5,2,1,0,6,3,12,1
13,17,0,0,1,4,3,0,1,1,1,1,1,0,2,1,0,6,10,10,1
12,20,0,1,1,3,3,0,1,0,1,1,1,0,2,1,0,6,3,13,1
13,15,0,0,1,0,0,0,0,0,1,1,1,0,2,5,3,6,9,12,1
13,15,4,0,0,0,3,3,0,15,1,1,0,0,2,3,5,0,0,1,1
15,20,4,1,1,4,3,3,1,14,1,1,1,5,2,0,5,0,0,10,1
9,15,4,0,1,0,3,3,0,2,1,1,1,0,0,3,0,6,3,6,1
4,20,0,1,0,0,3,1,0,0,1,1,0,0,0,1,0,2,10,1,1
1,13,4,0,1,0,3,0,0,2,1,1,1,0,0,1,5,4,0,3,1
8,15,4,0,1,0,3,3,0,7,1,1,1,0,0,1,0,8,11,7,1
6,14,0,1,1,0,3,0,0,0,1,1,1,0,0,1,0,2,1,8,0
6,18,4,1,1,3,3,3,1,2,1,1,1,5,0,1,0,2,2,8,1
4,18,0,0,1,0,3,0,0,8,1,1,1,0,0,1,0,3,1,5,1
8,15,4,1,1,0,3,0,0,2,1,1,1,0,0,1,0,6,8,5,1
14,20,0,1,1,0,3,1,0,0,1,1,1,0,2,1,0,6,3,13,1
9,19,4,1,1,0,3,1,0,12,1,1,1,0,0,2,0,2,11,3,1
11,15,0,1,1,4,3,0,1,0,1,1,1,7,2,0,5,0,0,0,1
11,15,4,1,1,0,3,1,0,12,1,1,1,0,2,1,0,4,0,8,1
13,15,4,0,1,0,3,0,0,0,1,1,1,0,2,1,0,6,1,13,1
3,18,4,1,1,0,3,0,0,2,1,1,1,0,0,0,5,0,0,0,0
3,18,4,1,1,4,3,0,1,5,1,1,1,5,0,0,5,0,0,0,1
0,15,4,1,1,0,3,0,0,2,1,1,1,0,0,0,5,0,0,0,1
11,15,4,0,1,0,3,3,0,2,1,1,1,0,2,1,0,6,2,8,1
14,20,0,1,1,0,3,1,0,1,1,1,1,0,2,1,0,4,10,14,1
2,18,4,1,1,0,3,1,0,2,1,1,1,5,0,0,5,0,0,0,0
12,15,0,1,1,4,3,0,1,1,1,1,1,7,2,1,0,6,8,10,1
12,17,4,0,1,0,3,3,0,2,1,1,1,8,2,1,0,2,3,5,1
1,18,4,0,1,4,3,0,1,2,1,1,1,0,0,9,2,0,0,0,1
12,18,0,1,1,0,3,0,0,1,1,1,1,8,2,1,5,0,0,0,1
0,17,4,0,1,0,3,0,0,16,1,1,1,5,0,1,5,4,0,2,0
2,19,2,1,1,0,1,1,0,0,1,1,1,0,2,1,0,6,7,7,1
2,15,0,1,1,0,3,2,0,8,1,1,1,0,0,1,5,2,0,3,1
0,17,4,0,1,0,3,3,0,2,1,1,1,0,0,1,2,3,0,2,1
8,20,0,0,0,0,3,1,0,1,1,1,1,0,0,1,0,5,11,13,1
8,15,4,0,1,0,3,0,0,0,1,1,1,7,0,1,0,7,1,9,1
13,11,3,0,1,3,3,0,1,15,1,1,1,7,2,0,5,0,0,0,0
13,12,2,0,1,0,3,0,0,7,1,1,1,1,2,0,5,0,0,7,1
13,20,0,1,1,0,3,1,0,1,1,1,1,0,2,1,0,4,3,5,1
6,21,4,0,1,2,3,1,0,2,1,1,1,5,0,9,2,0,0,13,1
2,18,4,0,1,0,3,0,0,2,1,1,1,5,0,1,0,3,4,3,1
8,20,4,0,1,0,2,0,0,10,1,1,1,0,0,1,0,6,2,13,0
1,15,4,1,1,0,3,0,0,2,1,1,1,7,0,1,0,6,6,5,1
9,15,4,1,1,4,3,0,1,5,1,1,1,7,0,0,5,0,0,0,1
1,15,4,1,1,0,3,0,0,2,1,1,1,0,0,0,5,0,0,0,1
15,16,0,1,1,0,3,0,0,1,1,1,1,0,2,1,5,6,0,2,1
12,18,0,0,1,0,3,1,0,0,1,1,1,8,2,1,0,6,2,8,1
14,14,4,0,0,0,3,0,0,16,1,1,0,0,2,0,5,0,0,5,1
12,20,0,1,1,3,3,3,1,1,1,1,1,8,2,1,5,0,0,0,0
1,18,4,1,1,0,3,0,0,16,1,1,1,0,0,2,0,4,1,3,0
0,15,4,0,1,0,2,0,0,10,1,1,1,0,0,0,5,0,0,0,1
2,18,4,0,1,0,3,3,0,2,1,1,1,7,0,0,5,0,0,0,1
6,17,0,0,1,0,3,0,0,2,1,1,1,0,0,1,0,8,3,12,1
7,20,4,0,1,3,3,0,1,2,1,1,1,5,0,1,0,6,6,12,0
10,20,2,1,1,0,3,0,0,0,1,1,1,7,0,3,0,6,8,11,1
9,21,4,0,1,0,3,1,0,2,1,1,1,5,0,1,0,6,3,13,1
2,17,4,1,0,0,3,3,0,2,1,1,0,0,0,0,5,0,0,0,1
2,18,4,0,1,0,3,0,0,2,1,1,1,1,0,0,5,0,0,0,1
10,20,0,1,1,0,3,0,0,1,1,1,1,7,0,7,0,6,6,9,1
13,19,4,0,1,0,3,0,0,0,1,1,1,0,2,1,0,6,2,10,0
6,15,4,0,1,0,3,1,0,11,1,1,1,0,0,1,0,8,8,11,1
4,15,4,1,0,0,3,3,0,3,1,1,1,0,0,1,0,4,4,5,1
12,19,4,0,1,0,3,0,0,0,1,1,1,7,2,4,0,6,8,11,1
7,20,4,0,1,0,3,0,0,12,1,1,1,7,0,1,0,6,11,9,1
5,20,4,1,1,0,3,0,0,2,1,1,1,5,0,2,0,1,3,3,1
8,17,2,0,1,0,3,1,0,7,1,1,1,0,0,1,0,6,1,10,1
8,15,4,0,1,3,3,3,1,2,1,1,1,7,0,1,1,3,0,6,1
11,15,0,0,1,0,1,1,0,0,1,1,1,8,2,1,0,6,3,10,0
2,20,4,1,1,0,3,3,0,2,1,1,1,0,0,3,0,4,0,4,1
4,18,4,0,1,0,3,3,0,2,1,1,1,0,0,1,0,3,5,9,0
12,15,0,0,1,4,3,0,1,1,1,1,1,0,2,1,0,6,8,10,0
11,15,0,1,1,4,3,0,1,1,1,1,1,7,2,1,0,4,5,6,1
11,18,4,0,1,3,3,0,1,0,1,1,1,0,2,1,0,6,2,12,0
9,21,4,1,1,0,3,1,0,0,1,1,1,8,0,4,0,4,1,5,1
4,15,4,0,1,0,3,3,0,2,1,1,1,7,0,1,0,6,11,6,1
14,20,4,0,1,0,3,2,0,0,1,1,1,0,2,1,2,6,0,4,1
12,15,0,0,1,4,3,0,1,1,1,1,1,7,2,1,0,8,8,6,1
8,18,4,0,1,0,3,1,0,0,1,1,1,7,0,1,0,6,2,9,1
3,18,4,1,1,0,3,1,0,0,1,1,1,0,0,2,5,1,0,2,0
7,20,4,1,1,0,3,1,0,2,1,1,1,0,0,1,0,4,3,4,1
11,18,4,0,1,4,3,0,1,0,1,1,1,5,2,1,0,4,3,5,1
5,20,4,1,1,0,3,3,0,12,1,1,1,0,0,1,0,2,2,4,0
8,20,4,1,1,0,3,0,0,0,1,1,1,0,0,2,0,6,4,12,0
13,21,4,1,1,0,3,0,0,0,1,1,1,0,2,2,0,6,4,13,1
8,18,4,1,1,0,3,1,0,2,1,1,1,8,0,1,1,6,0,5,1
14,21,0,1,1,0,3,0,0,0,1,1,1,0,2,2,0,7,2,14,1
7,17,0,0,1,0,3,0,0,8,1,1,1,0,0,1,0,6,4,8,1
13,20,4,0,1,0,3,0,0,0,1,1,1,1,2,3,0,6,1,12,1
4,12,4,1,1,4,3,0,1,0,1,1,1,1,0,0,5,0,0,4,1
5,15,4,1,1,0,3,0,0,2,1,1,1,7,0,2,0,1,2,3,1
2,19,4,0,1,3,3,3,1,2,1,1,1,5,0,1,5,2,0,2,1
8,18,4,0,1,0,3,0,0,11,1,1,1,0,0,1,0,6,2,10,0
3,20,4,1,1,0,3,1,0,14,1,1,1,0,0,1,0,6,3,9,1
14,20,4,1,1,0,3,0,0,2,1,1,1,0,2,1,0,6,2,9,1
4,18,4,0,1,0,3,0,0,0,1,1,1,1,0,0,5,0,0,8,1
3,15,4,0,1,0,3,0,0,15,1,1,1,0,0,1,5,5,0,2,1
12,18,4,0,1,0,3,0,0,0,1,1,1,0,2,6,0,6,0,11,1
1,17,4,0,0,0,3,0,0,2,1,1,0,0,0,0,5,0,0,4,1
8,20,4,0,1,0,3,1,0,0,1,1,1,0,0,1,0,6,2,13,0
15,17,4,0,1,0,3,0,0,15,1,1,1,7,2,0,5,0,0,0,1
4,18,4,0,1,4,3,3,1,0,1,1,1,0,0,1,2,6,0,5,0
6,18,4,1,1,0,3,0,0,11,1,1,1,1,0,1,0,3,2,7,1
4,20,4,1,1,0,3,0,0,2,1,1,1,0,0,1,0,6,8,7,1
4,20,4,0,1,3,3,0,1,11,1,1,1,5,0,1,0,7,7,10,1
1,15,4,0,1,0,3,0,0,2,1,1,1,0,0,1,0,6,6,8,1
1,15,4,1,0,0,3,1,0,6,0,1,0,6,0,2,0,6,8,3,0
5,20,4,0,1,0,3,0,0,0,1,1,1,0,0,1,0,6,8,6,1
0,17,4,1,1,0,3,0,0,12,1,1,1,0,0,2,0,2,2,4,1
14,22,4,1,0,0,3,0,0,0,1,0,1,5,2,7,0,7,0,14,1
13,15,4,0,1,4,3,0,1,9,1,1,1,7,2,0,5,0,0,0,1
3,15,4,1,0,0,3,3,0,9,1,1,0,0,0,0,5,0,0,0,1
2,18,4,0,1,3,3,0,1,2,1,1,1,5,0,1,0,2,3,5,1
7,15,4,0,1,0,3,1,0,2,1,1,1,0,0,1,0,9,6,12,1
9,15,4,1,1,0,3,1,0,0,1,1,1,0,0,1,0,6,4,7,0
15,21,4,0,1,4,3,0,1,0,1,1,1,5,2,1,0,6,5,13,0
3,18,4,1,1,0,3,0,0,2,1,1,1,7,0,1,5,0,0,0,1
9,20,4,1,1,4,3,0,1,5,1,1,1,5,0,1,0,9,3,10,1
8,18,2,1,1,0,3,1,0,7,1,1,1,0,0,1,5,2,0,2,1
13,20,4,1,1,0,3,0,0,0,1,1,1,5,2,2,0,1,2,2,1
14,15,0,0,1,3,3,0,1,1,1,1,1,7,2,1,0,4,2,7,1
11,15,4,0,1,0,3,0,0,0,1,1,1,0,2,7,1,6,0,9,1
2,15,4,0,0,0,3,0,0,2,1,1,0,0,0,0,5,0,0,3,1
2,14,4,0,0,0,3,1,0,15,1,1,0,0,0,0,5,0,0,0,1
6,9,4,0,0,0,3,1,0,5,1,1,0,8,0,2,0,1,2,6,0
0,15,4,0,1,4,3,0,1,9,1,1,1,0,0,0,5,0,0,0,1
9,20,4,1,1,0,3,1,0,2,1,1,1,5,0,1,0,6,8,8,1
11,21,4,1,1,3,3,0,1,0,1,1,1,5,2,1,0,6,5,14,0
11,21,0,1,1,0,3,0,0,0,1,1,1,5,2,0,5,0,0,0,1
9,18,4,1,1,0,3,1,0,9,1,1,1,8,0,1,0,6,10,7,1
8,18,4,0,1,4,3,3,1,0,1,1,1,7,0,1,0,6,6,9,1
7,17,4,0,1,0,3,1,0,9,1,1,1,0,0,1,0,5,5,8,1
11,17,0,1,1,0,3,0,0,8,1,1,1,2,2,3,0,6,3,11,1
14,20,4,0,1,3,3,3,1,2,1,1,1,0,2,1,5,0,0,0,1
0,17,4,0,1,0,3,3,0,2,1,1,1,1,0,1,2,3,0,2,1
2,21,4,0,1,0,3,1,0,0,1,1,1,0,0,3,0,9,10,14,0
11,18,0,1,1,0,3,1,0,0,1,1,1,0,2,2,0,2,8,5,1
0,15,4,1,1,4,3,3,1,0,1,1,1,0,0,0,5,0,0,0,1
5,20,0,0,1,0,3,1,0,0,1,1,1,0,0,1,0,9,8,11,0
12,21,4,1,1,0,3,0,0,0,1,1,1,8,2,4,0,6,1,12,1
4,20,4,1,1,0,3,0,0,11,1,1,1,5,0,2,0,8,2,11,0
15,19,4,1,1,0,3,0,0,12,1,1,1,0,2,6,0,6,5,10,0
0,15,4,0,1,0,3,1,0,2,1,1,1,0,0,1,0,9,8,6,1
15,22,4,1,1,0,3,1,0,15,1,1,1,1,2,0,5,0,0,0,0
4,16,4,0,1,0,3,0,0,2,1,1,1,4,0,1,0,5,8,5,1
7,20,4,0,1,0,3,1,0,0,1,1,1,0,0,1,0,2,2,8,0
2,19,4,0,1,0,3,1,0,0,1,1,1,0,0,1,0,7,2,11,1
7,15,0,1,1,0,3,1,0,0,1,1,1,0,0,6,0,6,5,6,1
7,20,0,0,1,3,3,0,1,0,1,1,1,5,0,1,0,9,2,14,0
14,18,4,0,0,0,3,2,0,0,1,0,1,0,2,7,2,6,0,14,1
6,14,4,1,1,0,3,0,0,12,1,1,1,0,0,0,5,0,0,12,1
1,18,4,1,1,0,3,0,0,16,1,1,1,5,0,2,5,1,0,2,1
15,17,0,1,1,0,3,1,0,1,1,1,1,0,2,1,0,8,4,13,1
9,15,4,0,1,0,3,3,0,2,1,1,1,0,0,6,0,2,0,3,1
2,17,4,1,0,2,3,3,0,2,1,1,0,0,2,1,5,0,0,6,1
0,18,4,1,1,0,3,1,0,0,1,1,1,8,0,1,5,1,0,1,0
14,20,0,1,1,0,3,0,0,1,1,1,1,0,2,6,0,8,6,11,1
8,15,0,0,1,0,3,0,0,1,1,1,1,7,0,1,2,6,0,3,0
12,20,4,0,1,0,3,3,0,11,1,1,1,0,2,1,0,7,4,14,1
5,17,4,0,1,0,3,0,0,2,1,1,1,7,0,1,0,5,1,3,1
1,15,4,1,1,4,3,1,1,2,1,1,1,0,0,1,5,6,0,3,1
0,18,4,0,1,0,3,0,0,2,1,1,1,0,0,1,0,1,8,1,1
1,15,4,1,0,0,3,3,0,2,1,1,0,0,0,0,5,0,0,0,1
14,19,0,1,1,0,3,1,0,1,1,1,1,0,2,1,0,4,1,8,1
8,15,4,1,1,0,3,1,0,12,1,1,1,7,0,6,0,4,4,6,1
11,16,0,0,1,0,3,0,0,1,1,1,1,7,2,1,0,6,1,11,1
4,20,4,1,1,0,3,1,0,0,1,1,1,7,0,1,0,4,10,13,1
6,20,4,0,1,0,3,0,0,12,1,1,1,5,0,2,0,6,2,11,0
4,18,4,0,1,0,3,0,0,2,1,1,1,7,0,1,0,6,1,3,1
2,18,4,1,1,0,3,3,0,11,1,1,1,0,0,1,0,6,4,10,0
9,20,0,1,1,0,3,1,0,0,1,1,1,8,0,3,0,6,7,12,1
5,20,4,0,1,0,3,3,0,2,1,1,1,5,0,1,0,8,4,9,1
7,18,0,0,1,4,3,0,1,0,1,1,1,5,0,0,5,0,0,0,1
2,18,4,0,1,0,3,1,0,2,1,1,1,8,0,0,5,0,0,0,1
5,15,4,0,1,0,3,0,0,2,1,1,1,7,0,0,5,0,0,0,1
4,16,4,0,1,0,0,2,0,16,1,1,1,4,0,5,3,9,1,4,1
10,16,4,1,1,0,3,1,0,3,1,1,1,0,0,1,0,3,1,5,1
0,18,4,1,1,0,3,0,0,2,1,1,1,0,0,0,5,0,0,0,1
9,16,4,1,1,0,3,0,0,5,1,1,1,7,0,1,0,6,6,4,1
14,16,0,0,1,0,3,1,0,0,1,1,1,0,2,1,0,6,1,13,0
11,21,0,1,1,4,3,0,1,0,1,1,1,5,2,1,0,6,11,13,0
11,21,4,0,0,0,3,1,0,2,0,1,0,0,2,1,0,2,8,5,1
8,18,4,1,1,0,3,0,0,7,1,1,1,0,0,1,0,6,4,4,1
4,20,0,1,1,0,3,3,0,2,1,1,1,0,0,2,0,1,0,2,1
8,20,4,0,1,4,3,0,1,11,1,1,1,5,0,1,0,7,8,5,1
11,15,0,1,1,0,3,0,0,0,1,1,1,1,2,3,0,6,6,6,1
14,20,0,1,1,4,3,0,1,1,1,1,1,5,2,1,1,6,0,2,1
2,15,4,1,1,3,3,0,1,0,1,1,1,5,0,1,0,6,2,6,1
7,20,4,0,1,0,3,0,0,5,1,1,1,0,0,1,0,6,3,9,1
6,17,0,1,1,0,3,1,0,0,1,1,1,0,0,2,0,4,11,3,1
4,15,4,0,1,0,3,0,0,14,1,1,1,0,0,1,0,6,1,9,0
1,18,4,0,1,0,3,1,0,16,1,1,1,0,0,1,0,5,5,6,1
2,15,4,1,1,0,3,0,0,14,1,1,1,0,0,0,5,0,0,0,0
11,20,4,1,1,0,3,0,0,2,1,1,1,0,2,0,5,0,0,0,1
11,15,4,0,1,0,3,0,0,14,1,1,1,0,2,1,0,6,6,9,1
6,18,4,1,1,0,3,0,0,2,1,1,1,1,0,1,0,3,6,7,1
10,16,0,1,1,4,3,0,1,1,1,1,1,5,0,1,0,6,10,10,0
3,18,4,1,1,0,3,0,0,2,1,1,1,5,0,0,5,0,0,2,1
1,18,4,0,0,0,3,0,0,16,1,1,0,1,0,0,5,0,0,5,0
2,19,4,0,1,0,3,3,0,11,1,1,1,0,0,4,0,1,4,3,0
13,18,4,1,1,0,3,3,0,5,1,1,1,0,2,1,0,1,2,3,1
12,13,4,0,1,0,3,0,0,2,1,1,1,1,2,1,0,8,2,7,1
5,18,4,1,1,4,3,0,1,0,1,1,1,0,0,1,5,1,0,1,0
13,20,0,1,1,0,3,1,0,0,1,1,1,0,2,1,0,8,7,12,1
6,20,4,1,1,0,3,1,0,12,1,1,1,8,0,4,0,6,3,10,1
0,12,4,0,1,0,3,0,0,16,1,1,1,7,0,0,5,0,0,0,0
11,20,4,0,1,0,3,0,0,0,1,1,1,5,2,1,0,6,6,14,1
14,18,4,0,1,0,3,3,0,0,1,1,1,1,2,1,2,0,0,4,0
13,18,0,1,1,4,3,0,1,8,1,1,1,0,2,1,0,6,3,8,0
4,15,4,0,1,0,3,0,0,16,1,1,1,1,0,1,0,6,1,8,1
8,18,4,0,1,0,3,0,0,11,1,1,1,0,0,1,0,7,2,10,1
14,20,0,0,1,4,3,0,1,1,1,1,1,5,2,1,0,8,0,14,1
12,20,0,0,1,3,3,0,1,0,1,1,1,8,2,1,0,6,6,13,1
4,20,0,1,0,0,3,0,0,2,1,1,1,5,0,1,0,6,4,3,1
10,18,3,1,0,3,3,0,1,8,1,1,0,7,1,3,0,1,4,2,1
11,20,0,1,1,0,3,0,0,1,1,1,1,0,2,1,5,0,0,0,1
6,18,4,1,0,0,3,1,0,16,1,1,0,8,0,1,5,0,0,1,0
13,19,4,0,1,0,3,3,0,0,1,1,1,7,2,1,0,6,5,7,1
13,18,4,0,1,0,3,0,0,12,1,1,1,0,2,1,0,6,3,9,1
0,18,4,0,1,3,3,0,1,2,1,1,1,0,0,1,0,2,2,5,1
2,15,0,1,1,0,3,0,0,1,1,1,1,0,0,1,0,6,4,11,1
14,11,4,0,1,4,3,0,1,5,1,1,1,7,2,6,0,6,3,10,1
11,20,0,1,1,0,3,0,0,1,1,1,1,7,2,1,0,6,8,13,1
13,22,4,1,1,0,3,0,0,0,1,1,1,0,2,1,0,1,9,11,1
7,15,0,0,1,0,3,0,0,0,1,1,1,0,0,1,0,6,8,9,1
9,21,4,1,1,0,3,0,0,0,1,1,1,0,0,1,0,4,8,13,0
10,18,4,0,1,0,1,0,0,2,1,1,1,0,0,1,0,6,3,8,1
8,17,3,1,1,0,3,0,0,9,1,1,1,0,0,1,0,7,8,10,0
10,20,0,1,1,0,3,0,0,1,1,1,1,0,0,1,0,7,2,13,0
13,15,0,1,1,4,3,0,1,0,1,1,1,7,2,0,5,0,0,0,1
6,21,4,1,1,0,3,1,0,0,1,1,1,0,0,1,0,6,4,14,0
3,17,4,1,1,4,3,0,1,0,1,1,1,7,0,1,0,4,1,1,1
9,18,4,0,1,0,3,1,0,2,1,1,1,8,0,1,0,7,8,10,1
4,12,4,0,1,0,3,0,0,15,1,1,1,1,0,1,5,0,0,1,0
7,18,4,0,1,0,3,1,0,11,1,1,1,0,0,1,0,4,2,6,1
14,18,0,1,1,0,3,0,0,1,1,1,1,7,2,1,0,6,5,10,1
14,15,0,0,1,0,3,0,0,0,1,1,1,0,2,1,0,6,8,14,1
2,18,4,0,1,4,3,0,1,2,1,1,1,0,0,6,2,1,0,2,1
8,20,4,0,1,0,3,2,0,5,1,1,1,0,0,1,0,9,6,10,1
11,21,0,1,1,4,3,0,1,0,1,1,1,0,2,1,0,6,6,14,0
15,20,0,1,1,0,3,1,0,0,1,1,1,0,2,1,0,4,5,14,1
10,20,0,1,1,0,3,1,0,0,1,1,1,8,0,1,0,6,1,10,1
11,23,0,0,1,0,3,0,0,0,1,1,1,0,2,2,0,8,4,10,0
7,20,4,1,1,0,3,2,0,0,1,1,1,0,0,1,0,4,10,10,1
2,15,4,0,1,0,3,3,0,15,1,1,1,0,0,0,5,0,0,0,1
4,19,4,0,1,4,3,0,1,2,1,1,1,0,0,1,0,4,5,6,1
1,17,4,0,1,0,3,0,0,2,1,1,1,0,0,1,0,6,6,10,1
5,23,0,0,1,0,3,1,0,1,1,1,1,0,0,5,5,6,3,2,1
0,19,4,1,1,0,2,0,0,2,1,1,1,0,0,1,0,2,4,5,1
12,20,4,0,1,0,3,0,0,0,1,1,1,0,2,4,0,9,4,6,1
0,15,4,1,1,0,3,0,0,2,1,1,1,0,0,0,5,0,0,0,1
14,20,0,1,1,4,3,0,1,1,1,1,1,7,2,6,5,0,0,0,1
14,20,0,0,1,3,1,0,1,0,1,1,1,0,2,1,0,6,10,14,1
14,19,4,0,1,0,1,3,0,0,1,1,1,0,2,1,0,6,11,14,1
10,20,4,1,1,0,3,0,0,0,1,1,1,7,0,1,0,6,3,7,1
12,13,0,1,1,0,3,1,0,2,1,1,1,8,2,6,5,0,0,0,1
4,19,4,1,1,0,3,0,0,7,1,1,1,0,0,4,0,6,11,3,0
2,15,4,1,1,0,3,0,0,0,1,1,1,0,0,5,2,6,0,2,0
5,20,4,1,1,0,3,0,0,2,1,1,1,5,0,0,5,0,0,0,1
14,15,0,0,1,4,3,0,1,0,1,1,1,7,2,1,0,7,3,11,0
12,21,0,1,1,0,3,0,0,1,1,1,1,0,2,0,5,0,0,0,1
12,20,0,1,1,0,3,0,0,0,1,1,1,1,2,4,5,6,0,1,1
12,21,4,0,1,4,3,0,1,0,1,1,1,5,2,1,0,6,8,13,0
5,17,4,0,1,0,3,1,0,2,1,1,1,0,0,6,0,6,6,5,1
14,20,0,0,1,0,3,3,0,1,1,1,1,5,2,1,0,6,4,11,1
10,21,0,1,1,4,3,0,1,0,1,1,1,5,0,4,0,6,4,11,0
8,18,4,1,1,0,3,1,0,11,1,1,1,0,0,1,0,6,6,10,1
14,18,0,1,1,0,3,1,0,0,1,1,1,0,2,0,5,0,0,0,1
2,15,4,0,1,0,3,0,0,2,1,1,1,7,0,1,0,5,8,4,1
0,18,4,1,1,0,3,0,0,2,1,1,1,1,0,9,2,0,0,0,1
10,17,0,0,1,0,3,1,0,1,1,1,1,0,0,1,0,6,2,8,0
9,18,4,1,1,3,3,0,1,2,1,1,1,7,0,1,0,6,6,11,1
10,1,4,0,0,0,3,3,0,2,0,1,0,0,0,2,0,6,3,9,1
2,18,4,0,1,0,3,0,0,4,1,1,1,5,0,3,0,1,10,1,1
8,11,3,0,1,0,3,0,0,15,1,1,1,0,0,0,5,0,0,0,1
15,20,4,0,1,0,3,1,0,0,1,1,1,0,2,2,0,9,11,14,0
9,19,4,1,1,0,3,3,0,12,1,1,1,0,0,0,5,0,0,0,1
9,20,4,0,1,0,3,0,0,15,1,1,1,5,0,1,5,0,0,0,0
3,20,4,0,1,0,3,0,0,2,1,1,1,7,0,1,0,6,6,2,1
7,17,4,0,1,0,3,0,0,2,1,1,1,5,0,1,0,1,10,2,1
2,18,4,1,1,0,3,0,0,2,1,1,1,0,0,1,0,3,4,4,1
13,19,4,0,1,0,3,1,0,0,1,1,1,0,2,2,0,6,2,11,1
11,18,4,0,1,3,1,0,1,0,1,1,1,0,2,1,0,3,6,4,1
1,18,4,1,0,0,3,0,0,16,1,1,0,2,0,1,5,5,0,5,0
3,15,4,1,1,4,3,0,1,9,1,1,1,0,0,1,0,6,3,2,1
12,21,4,1,1,0,3,3,0,5,1,1,1,5,2,1,0,6,10,13,1
6,20,0,1,1,0,3,0,0,2,1,1,1,6,0,3,1,3,0,9,1
2,18,4,0,1,4,3,0,1,5,1,1,1,5,0,2,0,2,2,2,1
14,19,0,1,1,0,3,0,0,1,1,1,1,1,2,5,0,6,4,7,1
10,20,0,1,1,0,3,0,0,15,1,1,1,1,0,0,5,0,0,0,1
8,15,4,0,1,4,3,0,1,2,1,1,1,0,0,6,0,6,11,6,1
1,15,4,0,1,0,0,1,0,16,1,1,1,0,0,5,3,6,1,6,0
3,18,4,0,1,0,3,0,0,2,1,1,1,7,0,1,0,5,3,5,1
12,16,4,1,1,0,3,0,0,2,1,1,1,0,2,1,0,6,6,4,1
0,18,4,0,1,0,3,0,0,2,1,1,1,0,0,1,0,1,8,1,1
2,18,4,1,1,0,3,0,0,2,1,1,1,0,0,3,0,1,8,4,1
4,18,1,0,1,0,3,1,0,4,1,1,1,0,0,4,0,9,2,9,0
4,10,4,0,1,4,3,0,1,2,1,1,1,0,0,1,0,1,8,1,1
8,20,0,1,1,0,3,3,0,0,1,1,1,0,0,0,5,0,0,0,1
10,21,4,1,1,0,3,0,0,14,1,1,1,1,0,1,0,6,8,10,1
2,17,4,1,1,0,3,1,0,16,1,1,1,8,0,4,0,2,1,5,1
9,18,4,1,1,0,3,3,0,12,1,1,1,0,0,1,0,6,2,12,0
1,18,4,0,1,0,3,1,0,7,1,1,1,0,0,1,0,2,3,1,0
5,15,4,1,1,0,3,0,0,2,1,1,1,0,0,1,0,3,6,2,1
5,20,4,0,1,0,3,1,0,2,1,1,1,8,0,1,0,6,2,13,0
13,18,4,0,1,0,3,0,0,2,1,1,1,0,2,1,0,6,2,6,0
0,17,4,0,1,0,3,2,0,8,1,1,1,7,0,1,0,3,6,1,1
1,18,4,0,1,0,3,1,0,2,1,1,1,0,0,1,0,9,11,12,1
10,15,0,0,1,0,3,0,0,1,1,1,1,0,0,1,0,6,7,12,0
10,20,4,0,1,0,3,0,0,2,1,1,1,8,0,1,0,6,11,7,1
3,20,4,1,1,0,1,1,0,0,1,1,1,8,0,5,0,6,9,9,0
9,17,4,1,0,0,3,1,0,2,1,0,0,0,0,6,0,3,0,4,1
2,15,4,1,1,3,3,0,1,2,1,1,1,7,0,1,0,2,6,3,1
9,20,0,1,1,0,3,1,0,0,1,1,1,0,0,1,0,7,5,13,1
1,18,4,1,1,0,3,3,0,2,1,1,1,7,0,0,5,0,0,0,1
5,18,4,0,1,2,3,0,1,0,1,1,1,8,0,6,0,1,3,6,0
15,22,0,1,1,0,3,0,0,1,1,1,1,0,2,1,0,7,2,14,1
10,16,3,1,1,0,3,3,0,0,1,1,1,0,0,0,5,0,0,4,0
6,17,4,1,1,0,3,1,0,2,1,1,1,7,0,1,0,4,3,4,1
11,15,4,0,1,0,3,1,0,12,1,1,1,0,2,1,2,4,0,6,0
4,20,4,0,0,0,3,3,0,2,1,1,0,0,0,0,5,0,0,0,1
12,20,4,1,1,0,3,1,0,2,1,1,1,5,2,1,0,6,6,12,1
2,18,4,1,1,0,3,2,0,2,1,1,1,0,0,1,0,1,10,1,1
15,18,0,1,1,0,3,0,0,0,1,1,1,0,2,0,5,0,0,5,1
6,18,4,0,0,0,3,1,0,5,1,1,0,8,0,1,5,0,0,3,1
5,15,4,1,1,0,3,0,0,2,1,1,1,7,0,1,0,6,8,9,1
11,18,4,0,0,0,3,3,0,2,1,1,1,0,2,1,0,6,6,2,1
10,19,4,1,1,0,3,0,0,2,1,1,1,0,0,1,0,6,2,5,1
2,18,4,0,1,3,3,0,1,15,1,1,1,0,0,1,5,6,0,2,1
4,15,4,1,0,0,3,1,0,0,1,1,0,0,0,0,5,0,0,4,1
6,20,4,1,1,0,3,1,0,2,1,1,1,0,0,1,0,1,2,4,1
8,20,0,0,0,0,3,3,0,0,1,1,1,5,0,1,0,7,11,13,1
13,18,0,1,1,0,3,0,0,0,1,1,1,7,2,4,0,6,1,11,0
7,18,4,0,1,0,3,0,0,5,1,1,1,7,0,1,0,6,8,4,1
11,18,4,0,1,0,3,3,0,16,1,1,1,0,2,1,5,6,0,7,1
11,16,4,0,1,0,3,3,0,15,1,1,1,0,2,1,5,7,0,0,0
9,21,4,1,1,0,3,1,0,0,1,1,1,5,0,1,0,6,4,9,0
4,20,4,0,1,3,3,0,1,2,1,1,1,5,0,1,0,6,8,12,1
8,15,4,0,1,0,3,0,0,2,1,1,1,0,0,1,1,6,0,2,1
7,20,4,0,1,0,3,0,0,5,1,1,1,0,0,1,0,8,3,13,1
10,19,0,0,1,3,1,0,1,0,1,1,1,0,0,1,0,9,3,10,0
2,18,4,0,1,0,3,3,0,4,1,1,1,5,0,0,5,0,0,0,1
3,20,4,0,1,0,3,3,0,11,1,1,1,5,0,1,0,3,2,5,0
12,15,0,1,1,4,3,0,1,0,1,1,1,5,2,6,5,0,0,0,1
2,17,4,0,1,0,3,0,0,2,1,1,1,5,0,0,5,0,0,0,1
10,17,2,1,1,0,3,0,0,0,1,1,1,0,0,3,0,6,3,7,1
0,15,4,1,1,0,3,0,0,16,1,1,1,0,0,9,2,0,0,0,1
5,20,4,0,1,0,3,3,0,0,1,1,1,8,0,1,5,0,0,0,0
10,20,4,1,1,0,3,3,0,11,1,1,1,0,0,1,0,6,8,14,1
13,12,4,0,1,4,3,0,1,0,1,1,1,0,2,0,5,0,0,5,1
9,21,4,0,1,2,3,3,0,4,0,1,1,5,0,7,0,5,8,9,1
4,18,4,1,0,0,3,0,0,2,1,1,0,0,0,0,5,0,0,3,1
13,18,0,1,1,0,3,0,0,1,1,1,1,0,2,3,1,2,0,4,1
15,15,0,1,1,4,3,0,1,1,1,1,1,7,2,1,0,2,4,5,1
14,20,0,0,1,0,3,3,0,0,1,1,1,5,2,3,0,6,5,12,0
4,15,4,0,1,0,3,0,0,16,1,1,1,1,0,6,5,0,0,3,0
4,18,4,1,1,0,3,0,0,11,1,1,1,0,0,1,0,6,2,9,1
7,20,4,1,1,4,3,0,1,0,1,1,1,0,0,2,0,8,11,11,0
2,15,4,0,1,3,3,0,1,2,1,1,1,5,0,6,2,1,0,3,1
15,15,4,0,0,0,3,0,0,2,1,1,0,7,2,1,0,6,6,6,1
3,22,4,1,1,0,3,0,0,0,1,1,1,7,0,1,0,6,9,11,0
5,18,4,1,1,0,3,3,0,12,1,1,1,0,0,1,0,6,10,10,0
11,20,4,1,1,0,3,0,0,2,1,1,1,0,2,2,0,3,1,11,1
5,20,4,1,1,0,3,0,0,0,1,1,1,5,0,4,5,1,0,1,0
5,18,4,0,1,0,3,0,0,16,1,1,1,0,0,1,0,6,1,11,0
6,20,4,1,1,0,3,1,0,0,1,1,1,0,0,1,0,5,0,8,0
1,18,4,0,1,0,3,0,0,0,1,1,1,0,0,1,5,1,0,2,0
14,15,4,0,1,0,3,0,0,2,1,1,1,8,0,6,0,4,0,4,1
1,17,4,1,1,0,3,3,0,2,1,1,1,0,0,1,0,4,4,9,1
10,21,4,1,1,0,3,0,0,0,1,1,1,0,0,1,0,6,3,12,0
9,18,0,1,1,0,3,0,0,8,1,1,1,7,0,5,0,6,5,11,0
14,20,0,1,1,0,3,1,0,0,1,1,1,0,2,3,0,6,3,12,1
11,20,4,1,1,0,3,1,0,2,1,1,1,0,2,3,0,6,7,10,1
1,18,4,1,1,4,3,3,1,11,1,1,1,5,0,1,0,1,3,3,1
0,15,4,0,1,0,3,0,0,2,1,1,1,7,0,1,0,1,4,3,1
14,8,0,0,1,4,3,0,1,16,1,1,1,0,2,1,0,6,4,4,1
12,15,0,1,1,0,3,0,0,1,1,1,1,0,2,1,0,7,4,12,1
2,15,4,1,1,0,3,0,0,16,1,1,1,0,0,1,0,9,6,6,1
3,20,4,1,1,0,3,0,0,2,1,1,1,5,0,1,0,5,9,6,1
15,20,0,1,1,0,3,0,0,0,1,1,1,0,2,2,0,6,3,13,0
10,20,0,0,1,4,3,1,1,0,1,1,1,0,0,1,0,6,6,12,0
5,20,4,1,1,0,3,0,0,16,1,1,1,5,0,3,0,4,5,5,1
13,19,0,0,1,0,0,0,0,7,1,1,1,1,2,5,0,8,6,9,0
1,18,4,0,1,0,3,0,0,2,1,1,1,0,0,1,0,3,2,6,1
0,18,4,0,1,0,3,3,0,2,1,1,1,0,0,0,5,0,0,0,1
0,15,4,0,1,4,3,0,1,10,1,1,1,5,0,1,5,6,0,3,1
9,18,0,1,1,0,3,3,0,1,1,1,1,7,0,3,0,7,7,12,1
1,15,4,1,0,3,3,0,0,2,0,1,1,0,0,1,0,4,2,5,1
1,18,4,1,1,0,3,0,0,2,1,1,1,0,0,1,5,0,0,0,1
4,15,4,0,1,0,3,1,0,2,1,1,1,0,0,2,0,3,1,3,1
5,20,4,0,1,0,3,0,0,2,1,1,1,0,0,1,0,8,2,8,1
10,14,4,0,0,0,3,0,0,2,1,1,0,0,0,1,0,3,3,5,1
12,19,0,1,1,3,3,0,1,1,1,1,1,0,2,1,0,6,0,8,1
4,18,4,0,1,3,3,0,1,2,1,1,1,0,0,1,0,7,7,8,1
11,16,0,1,1,0,3,0,0,1,1,1,1,7,2,1,0,6,6,8,1
0,18,4,0,1,0,3,1,0,16,1,1,1,5,0,0,5,0,0,0,1
5,20,4,0,1,0,3,0,0,2,1,1,1,0,0,1,0,6,3,9,1
15,19,4,1,1,0,3,1,0,2,1,1,1,0,2,1,0,4,0,2,1
11,15,0,1,1,4,3,0,1,1,1,1,1,0,2,1,0,6,4,9,1
13,16,4,0,1,0,3,0,0,15,1,1,1,0,2,1,5,6,0,2,0
4,15,4,0,1,0,1,1,0,10,1,1,1,0,0,1,0,6,8,11,1
12,2,0,1,1,3,3,0,1,3,1,1,1,7,2,0,5,0,0,6,1
8,20,4,0,0,4,3,0,1,9,1,1,1,0,0,1,0,6,6,13,0
8,20,4,0,1,0,3,0,0,2,1,1,1,5,0,1,0,3,6,2,1
0,17,4,0,1,4,3,0,1,2,1,1,1,0,0,1,0,6,4,2,1
12,11,3,0,1,0,3,0,0,0,1,1,1,0,2,6,0,6,4,10,1
3,15,4,0,1,0,3,1,0,12,1,1,1,0,0,1,0,2,1,4,0
10,15,0,0,1,4,3,0,1,1,1,1,1,1,0,1,0,1,3,2,1
7,16,0,0,1,4,3,0,1,1,1,1,1,0,0,1,0,6,6,4,1
14,20,4,1,1,0,3,2,0,0,1,1,1,8,2,1,0,6,3,12,1
9,15,4,1,1,4,3,3,1,11,1,1,1,7,0,1,0,6,2,7,0
13,18,4,0,1,4,3,0,1,0,1,1,1,1,2,1,0,9,6,6,1
5,17,4,0,1,0,0,1,0,16,1,1,1,7,0,5,3,9,11,5,1
13,20,4,1,1,0,3,1,0,2,1,1,1,8,2,1,0,3,9,7,1
13,20,4,0,1,0,3,0,0,11,1,1,1,5,2,1,0,8,6,14,0
6,20,4,1,1,0,3,1,0,2,1,1,1,0,0,1,0,6,0,9,1
14,20,4,0,1,0,3,1,0,2,1,1,1,0,2,2,0,6,4,11,1
1,15,4,1,1,0,3,0,0,16,1,1,1,5,0,1,5,1,0,2,1
1,18,4,0,1,0,3,1,0,11,1,1,1,0,0,1,0,1,2,2,1
12,18,0,1,1,3,3,1,1,0,1,1,1,0,2,2,0,8,2,12,1
14,14,0,0,0,0,3,0,0,0,1,1,0,0,2,0,5,0,0,0,1
5,17,4,0,1,0,3,1,0,0,1,1,1,8,0,1,0,9,2,13,0
1,15,4,0,1,4,3,0,0,16,1,1,1,7,0,7,0,6,5,8,1
5,19,4,0,1,0,3,1,0,2,1,1,1,8,0,1,0,4,6,2,0
8,18,4,0,1,0,3,1,0,7,1,1,1,8,0,1,0,3,2,6,1
5,20,0,0,1,0,0,1,0,0,1,1,1,0,0,5,3,8,4,9,0
14,19,0,0,1,0,3,0,0,1,1,1,1,5,2,1,0,6,8,12,1
8,18,4,0,1,4,3,1,1,16,1,1,1,0,0,1,5,0,0,2,0
1,18,4,1,1,0,3,3,0,9,1,1,1,7,0,1,0,3,5,8,1
12,21,4,0,1,0,3,1,0,9,1,1,1,8,2,1,0,6,2,14,1
8,19,4,0,1,0,1,1,0,0,1,1,1,0,0,1,0,6,7,7,1
14,8,0,0,1,4,3,0,1,0,1,1,1,0,2,1,0,6,3,6,1
7,15,4,1,1,4,3,0,1,0,1,1,1,7,0,1,0,6,4,8,0
11,18,0,1,1,0,3,0,0,2,1,1,1,0,2,1,0,7,4,9,1
9,15,4,0,1,0,3,0,0,5,1,1,1,7,0,1,0,6,3,8,1
12,15,4,0,1,3,3,0,1,2,1,1,1,0,2,1,5,0,0,0,1
0,18,4,1,1,0,3,0,0,16,1,1,1,7,0,1,5,2,0,4,1
12,19,4,0,1,0,3,1,0,0,1,1,1,0,2,1,0,9,4,10,1
9,15,4,0,1,4,3,0,1,9,1,1,1,5,0,1,0,1,6,3,1
9,13,0,0,1,0,3,1,0,0,1,1,1,0,0,1,0,8,10,13,1
12,21,0,1,1,3,3,0,1,0,1,1,1,5,2,2,0,6,2,12,1
13,15,4,0,1,0,3,0,0,0,1,1,1,7,2,1,0,8,4,12,1
11,20,0,0,1,0,3,0,0,0,1,1,1,0,2,3,0,8,11,13,1
15,18,4,0,1,0,3,0,0,2,1,1,1,0,2,1,0,6,6,2,1
6,20,4,1,1,4,3,0,1,0,1,1,1,0,0,1,0,6,3,14,1
13,21,4,1,1,0,3,0,0,0,1,1,1,5,2,2,0,6,8,13,0
9,16,4,0,1,0,3,0,0,2,1,1,1,7,0,1,0,6,3,8,1
0,15,4,1,1,0,3,3,0,11,1,1,1,0,0,1,0,1,3,2,0
15,17,4,1,1,0,3,0,0,2,1,1,1,5,2,1,0,6,1,4,1
15,20,4,0,1,0,3,0,0,0,1,1,1,0,2,1,0,7,6,12,1
6,20,0,1,1,3,3,0,1,2,1,1,1,5,0,0,5,0,0,0,1
6,15,0,0,1,0,3,0,0,1,1,1,1,0,0,1,0,6,6,12,0
15,15,4,0,1,4,3,0,1,0,1,1,1,7,2,1,0,6,4,12,1
1,18,4,1,1,4,3,0,1,2,1,1,1,0,0,1,0,4,6,6,0
0,17,4,1,1,0,3,3,0,2,1,1,1,0,0,1,0,1,8,1,0
6,20,0,1,1,0,3,1,0,0,1,1,1,0,0,1,0,8,2,14,0
2,18,4,1,1,0,3,1,0,16,1,1,1,0,0,1,5,4,0,3,0
7,19,4,1,1,0,3,1,0,0,1,1,1,0,0,1,0,6,2,9,1
4,15,4,0,1,0,3,0,0,15,1,1,1,7,0,1,5,6,0,1,0
8,20,4,1,1,3,3,0,1,2,1,1,1,5,0,1,5,0,0,0,0
7,19,4,1,1,0,3,3,0,0,1,1,1,0,0,1,0,1,2,4,0
7,20,0,1,1,0,3,0,0,1,1,1,1,5,0,1,0,6,3,9,0
15,15,4,1,1,0,3,0,0,11,1,1,1,0,2,1,0,4,1,2,1
5,20,4,1,1,3,3,0,1,2,1,1,1,5,0,0,5,0,0,0,1
7,20,0,0,1,0,3,0,0,0,1,1,1,0,0,2,2,7,0,0,1
9,14,4,0,0,0,3,0,1,9,1,1,0,5,0,0,5,0,0,0,1
1,18,4,0,1,0,3,0,0,2,1,1,1,1,0,1,2,0,0,0,1
0,17,4,1,1,0,3,0,0,16,1,1,1,1,0,1,5,1,0,1,1
12,18,2,0,1,0,3,1,0,0,1,1,1,0,2,1,0,9,8,12,1
3,19,4,1,1,0,3,0,0,9,1,1,1,0,0,1,0,6,6,5,1
3,18,4,0,1,0,3,0,0,9,1,1,1,2,0,1,0,6,5,6,1
4,20,4,0,1,0,3,0,0,2,1,1,1,0,0,1,0,4,4,8,1
13,20,0,0,1,2,0,3,0,0,1,1,1,5,2,5,0,8,6,14,0
9,18,4,0,1,0,3,1,0,2,1,1,1,0,0,1,0,9,6,13,1
14,14,4,0,1,4,3,0,1,12,1,1,1,4,2,1,0,5,7,5,1
10,20,4,0,1,0,3,0,0,0,1,1,1,5,0,1,0,6,8,14,1
8,15,4,1,1,0,3,1,0,7,1,1,1,0,0,0,5,0,0,5,1
11,11,4,1,1,0,3,2,0,11,1,1,1,0,2,1,0,3,1,2,1
9,20,4,0,1,0,3,1,0,0,1,1,1,0,0,1,0,7,10,14,1
5,20,4,0,1,0,3,0,0,2,1,1,1,7,0,1,0,6,4,5,1
13,18,4,1,1,0,3,3,0,2,1,1,1,7,2,1,0,6,5,7,1
4,15,4,0,1,0,3,0,0,2,1,1,1,1,0,1,0,6,3,7,1
2,18,4,1,1,0,3,1,0,4,1,1,1,0,0,9,2,0,0,0,1
14,18,4,1,1,0,3,0,0,2,1,1,1,0,2,1,2,0,0,8,1
14,19,2,0,1,0,3,0,0,0,1,1,1,0,2,3,0,6,8,12,1
13,17,0,1,1,0,3,1,0,1,1,1,1,0,2,1,0,5,5,7,1
4,15,4,0,1,0,3,0,0,2,1,1,1,0,0,1,0,9,4,12,1
8,15,4,1,1,0,3,0,0,2,1,1,1,0,0,3,0,6,8,7,1
14,21,0,1,1,0,3,1,0,0,1,1,1,5,2,1,0,2,11,14,1
3,15,4,0,1,0,3,3,0,9,1,1,1,0,0,1,0,2,6,6,0
4,18,4,0,1,0,3,3,0,11,1,1,1,2,0,1,0,6,7,13,1
0,15,4,0,1,0,3,0,0,11,1,1,1,0,0,1,0,6,3,6,1
13,20,4,1,1,3,3,0,1,2,1,1,1,5,2,1,5,0,0,0,0
12,21,0,0,1,0,3,0,0,0,1,1,1,0,2,2,0,9,2,13,1
10,15,4,0,1,0,3,0,0,2,1,1,1,0,0,1,0,6,6,9,1
4,19,4,1,1,0,3,0,0,2,1,1,1,0,0,1,0,2,5,4,1
3,18,4,1,1,0,3,0,0,4,1,1,1,5,0,0,5,0,0,5,0
10,17,4,0,1,4,3,0,1,2,1,1,1,5,0,1,2,0,0,0,0
15,22,4,0,1,4,3,0,1,11,1,1,1,5,2,1,0,4,4,6,1
4,18,4,0,1,0,3,0,0,2,1,1,1,5,0,1,5,0,0,4,1
6,13,4,0,0,0,3,0,0,15,1,1,0,1,0,0,5,0,0,6,0
14,18,4,1,1,0,3,0,0,2,1,1,1,0,2,1,0,6,4,12,1
1,15,4,1,1,3,3,2,0,16,1,1,1,0,0,7,5,2,2,5,1
1,18,4,0,0,0,3,0,0,16,1,1,0,7,0,0,5,0,0,0,1
11,23,2,0,1,0,3,3,0,2,1,1,1,0,2,1,0,6,6,13,0
15,22,0,1,1,0,3,0,0,0,1,1,1,0,2,1,0,7,0,13,1
11,15,4,0,1,0,0,3,0,16,1,1,1,0,2,5,3,9,0,6,1
8,19,0,0,1,0,3,0,0,0,1,1,1,0,0,1,0,6,4,10,1
11,21,4,0,1,0,0,1,0,16,1,1,1,5,2,5,3,9,5,14,0
6,20,4,1,1,0,3,0,0,5,1,1,1,0,0,2,0,6,6,13,0
8,17,4,0,1,0,3,0,0,2,1,1,1,1,0,1,0,9,2,7,1
7,15,4,0,1,4,3,1,1,7,1,1,1,0,0,1,0,6,4,9,1
11,19,4,0,1,0,0,0,0,2,1,1,0,1,2,5,4,8,7,7,0
1,18,4,0,1,0,3,1,0,16,1,1,1,0,0,0,5,0,0,0,0
7,15,4,0,1,0,3,0,0,5,1,1,1,7,0,1,0,8,4,11,1
4,17,2,1,1,0,3,3,0,16,1,1,1,3,0,2,3,7,1,6,1
6,15,4,0,1,0,3,0,0,2,1,1,1,0,0,2,0,3,0,3,1
12,20,4,1,1,0,3,0,0,16,1,1,1,8,0,2,5,2,0,3,0
10,14,0,1,1,0,3,0,0,15,1,1,1,0,0,1,5,0,0,0,0
10,20,4,1,1,0,3,0,0,11,1,1,1,1,0,1,0,6,2,8,1
3,18,4,0,1,0,3,3,0,2,1,1,1,0,0,0,5,0,0,0,1
9,0,4,0,0,0,3,1,0,14,0,1,0,6,0,1,0,2,8,9,1
14,17,4,0,1,0,3,0,0,2,1,1,1,0,2,1,0,6,3,10,1
2,18,4,0,1,0,3,1,0,2,1,1,1,0,0,1,0,4,1,5,1
3,18,4,1,1,0,3,0,0,2,1,1,1,7,0,1,0,6,10,9,1
0,15,4,1,1,0,3,0,0,2,1,1,1,0,0,9,2,0,0,0,1
0,18,4,1,1,0,3,0,0,2,1,1,1,0,0,0,5,0,0,0,1
15,15,0,0,1,4,3,0,1,1,1,1,1,7,2,1,0,6,10,8,1
7,20,4,1,1,0,3,0,0,2,1,1,1,5,0,1,0,5,5,7,1
3,20,4,0,1,0,3,1,0,11,1,1,1,8,0,2,5,6,0,0,0
9,15,4,1,1,4,3,0,1,0,1,1,1,5,0,1,5,0,0,2,0
13,18,0,1,1,0,3,0,0,2,1,1,1,5,2,2,0,6,6,13,1
11,19,4,0,1,0,3,1,0,2,1,1,1,0,2,0,5,0,0,0,1
4,15,0,0,1,0,1,0,0,2,1,1,1,0,0,1,0,4,7,5,1
9,15,0,0,1,4,3,0,1,1,1,1,1,0,0,1,5,0,0,0,0
2,20,4,0,1,3,3,1,1,9,1,1,1,0,0,1,2,4,0,0,1
13,15,0,1,1,4,3,0,1,0,1,1,1,0,2,1,0,6,1,5,1
0,17,4,1,1,4,3,0,1,16,1,1,1,5,0,0,5,0,0,0,0
3,11,4,0,1,0,3,3,1,9,1,1,1,0,0,6,0,3,4,2,1
8,20,4,0,1,0,3,0,0,0,1,1,1,5,0,1,0,6,4,13,1
8,17,0,1,1,0,3,0,0,1,1,1,1,7,0,0,5,0,0,0,1
11,15,4,0,1,3,3,0,1,11,1,1,1,0,2,1,0,6,1,10,1
15,15,4,0,1,0,3,0,0,11,1,1,1,0,2,3,0,4,10,6,1
5,22,0,1,1,0,3,0,0,1,1,1,1,7,0,1,0,6,2,8,0
1,18,4,0,0,0,3,1,0,2,0,1,0,6,0,2,0,2,8,3,1
4,20,4,1,1,0,3,3,0,2,1,1,1,1,0,1,0,6,3,8,1
8,20,2,1,1,0,3,1,0,12,1,1,1,0,0,3,0,6,11,5,0
12,15,2,0,1,0,1,0,0,0,1,1,1,0,2,1,0,9,10,12,0
11,20,4,1,1,0,3,3,0,14,1,1,1,1,2,1,0,6,0,9,0
6,21,4,0,1,0,3,1,0,0,1,1,1,5,0,1,0,5,8,14,0
8,20,4,1,1,0,3,1,0,2,1,1,1,0,0,1,2,6,0,3,1
1,15,4,0,1,4,3,0,1,2,1,1,1,0,0,1,0,3,2,5,1
5,20,4,1,1,0,3,3,0,11,1,1,1,0,0,4,0,4,5,6,0
8,20,0,1,1,4,3,0,1,16,1,1,1,5,0,3,5,6,0,6,0
9,20,4,0,1,0,3,0,0,0,1,1,1,0,0,1,0,6,7,12,1
9,20,4,0,1,0,3,0,0,11,1,1,1,0,0,1,0,6,2,14,0
3,20,4,1,1,0,3,0,0,2,1,1,1,0,0,3,0,2,2,6,1
3,16,4,0,1,0,3,0,0,15,1,1,1,7,0,1,5,6,0,3,0
4,15,4,0,1,4,3,0,1,2,1,1,1,5,0,1,0,6,4,7,1
8,15,3,0,1,0,3,0,0,0,1,1,1,0,0,1,0,6,4,9,0
10,15,4,0,1,4,3,0,1,15,1,1,1,7,0,0,5,0,0,0,1
7,20,4,1,1,0,3,1,0,0,1,1,1,0,0,1,0,6,2,14,1
12,6,4,0,1,2,3,0,0,12,1,1,1,8,2,1,0,2,8,4,1
13,14,4,0,0,0,3,0,0,2,1,1,0,0,2,1,0,1,3,2,1
6,15,4,0,1,0,3,0,0,2,1,1,1,0,0,1,0,1,2,4,1
13,15,0,1,1,0,3,0,0,1,1,1,1,0,2,1,5,0,0,4,1
7,20,0,0,1,0,3,0,0,4,1,1,1,0,0,1,0,6,8,9,1
13,15,4,0,1,0,3,3,0,11,1,1,1,5,2,1,0,6,2,5,1
12,18,2,0,1,0,3,0,0,0,1,1,1,1,2,1,0,6,8,11,0
0,15,4,0,1,0,3,1,0,7,1,1,1,0,0,1,5,0,0,4,0
2,18,4,1,1,3,3,0,1,2,1,1,1,5,0,1,0,2,4,4,1
3,14,0,0,1,4,3,3,1,14,1,1,1,0,0,1,0,8,2,7,1
7,20,4,0,1,0,3,1,0,0,1,1,1,0,0,1,0,6,3,12,0
10,21,0,1,1,0,3,3,0,0,1,1,1,0,0,2,0,6,2,12,1
13,17,4,1,1,0,3,3,0,2,1,1,1,1,2,9,2,0,0,0,1
6,10,0,0,1,4,3,0,1,5,1,1,1,6,0,1,0,6,10,3,1
5,17,4,1,1,0,3,0,0,2,1,1,1,0,0,1,0,2,1,5,1
1,18,4,1,1,0,3,3,0,16,1,1,1,0,0,1,5,1,0,2,0
9,21,0,1,1,0,3,0,0,0,1,1,1,0,0,3,0,2,7,5,1
5,18,4,1,1,0,3,0,0,2,1,1,1,0,0,0,5,0,0,0,1
5,18,4,1,1,0,3,1,0,2,1,1,1,0,0,1,2,0,0,0,1
8,11,2,0,0,0,3,2,0,0,1,1,1,0,0,1,0,9,1,10,1
4,19,4,1,1,0,3,0,0,0,1,1,1,5,0,1,0,1,2,11,1
14,19,2,1,1,0,3,1,0,0,1,1,1,0,2,1,5,4,0,7,1
15,20,0,0,1,4,3,0,1,0,1,1,1,5,2,4,5,6,0,11,1
14,20,4,0,1,4,3,0,1,0,1,1,1,5,2,1,0,6,2,14,0
6,12,4,0,1,0,3,0,0,2,1,1,1,0,0,1,2,0,0,0,1
8,20,4,1,1,0,3,0,0,2,1,1,1,0,0,1,0,6,7,12,1
14,12,2,0,1,0,3,0,0,5,1,1,1,0,2,0,5,0,0,12,1
14,20,4,0,0,0,3,1,0,0,1,1,0,0,2,5,0,9,6,9,1
12,14,4,0,1,0,3,0,0,2,1,1,1,8,2,7,0,6,1,7,1
0,17,4,0,1,0,3,0,0,15,1,1,1,0,0,1,5,6,0,1,0
14,20,4,1,1,3,3,0,1,9,1,1,1,0,2,1,5,6,0,7,1
6,15,4,0,1,0,3,0,0,7,1,1,1,0,0,0,5,0,0,4,1
3,18,4,1,1,0,3,0,0,0,1,1,1,0,0,1,5,0,0,4,1
5,15,4,0,1,3,0,0,1,16,1,1,1,0,0,5,3,6,3,9,1
5,18,0,1,1,0,3,1,0,2,1,1,1,0,0,1,0,6,10,10,1
7,13,4,0,1,0,3,0,0,2,1,1,1,0,0,1,0,2,2,5,1
12,18,4,0,1,4,3,0,1,0,1,1,1,0,2,1,0,2,3,5,0
6,9,4,0,0,4,3,1,1,12,1,1,1,7,0,9,2,0,0,0,0
4,15,4,0,1,0,3,3,0,9,1,1,1,7,0,1,0,7,5,8,1
15,20,0,1,1,0,3,0,0,1,1,1,1,1,2,1,0,6,4,12,1
7,4,0,0,1,4,3,0,1,0,1,1,1,7,0,2,0,7,5,11,1
4,15,4,1,1,0,3,0,0,2,1,1,1,0,0,1,5,0,0,0,1
11,8,4,1,1,4,3,3,1,11,1,1,1,0,2,1,0,3,4,3,0
13,21,0,1,1,0,3,1,0,0,1,1,1,0,2,1,0,4,5,13,0
5,19,4,0,1,0,3,0,0,2,1,1,1,7,0,1,5,6,0,3,1
8,20,0,1,1,0,3,0,0,0,1,1,1,7,0,1,0,6,3,10,1
4,18,4,1,1,0,3,0,0,9,1,1,1,1,0,3,0,3,6,3,1
10,15,4,1,1,0,3,3,0,2,1,1,1,0,0,0,5,0,0,0,1
4,20,4,0,1,0,3,1,0,10,1,1,1,4,0,4,0,9,8,11,1
8,10,2,0,0,4,3,0,1,0,1,1,1,0,0,0,5,0,0,0,1
1,15,4,0,1,0,3,0,0,2,1,1,1,7,0,1,0,2,6,2,1
12,20,0,1,1,0,3,0,0,1,1,1,1,0,2,1,0,6,3,6,1
3,19,4,1,1,0,3,0,0,2,1,1,1,0,0,1,2,1,0,2,1
12,20,4,1,0,3,3,0,1,2,1,1,0,5,2,5,4,6,7,13,0
11,14,4,1,1,3,3,3,1,12,1,1,1,5,2,1,0,6,1,8,1
11,20,0,1,1,0,3,1,0,0,1,1,1,7,2,1,1,8,0,12,1
7,21,0,0,1,4,3,0,1,1,1,1,1,5,0,1,0,6,11,14,1
3,20,4,1,1,0,3,0,0,2,1,1,1,0,0,0,5,0,0,0,1
1,18,4,1,1,0,3,1,0,2,1,1,1,0,0,1,5,1,0,2,1
11,20,0,1,1,3,3,0,1,1,1,1,1,5,2,3,0,3,5,11,1
8,19,4,0,1,0,3,0,0,7,1,1,1,7,0,3,0,2,4,2,1
11,20,0,1,1,0,3,0,0,1,1,1,1,1,2,1,0,6,6,11,1
1,17,0,1,1,0,3,0,0,1,1,1,1,0,0,2,5,0,0,0,0
6,13,4,1,0,0,3,0,0,15,1,1,1,0,0,1,5,0,0,0,1
7,19,0,1,1,0,3,0,0,0,1,1,1,0,0,0,5,0,0,0,0
15,20,4,1,1,0,3,3,0,0,1,1,1,0,2,1,0,6,10,12,1
12,21,4,1,1,0,3,1,0,0,1,1,1,0,2,4,0,8,4,13,0
10,21,4,1,1,0,3,0,0,14,1,1,1,0,0,1,0,8,2,7,0
4,20,4,1,1,2,3,1,0,2,1,1,1,3,0,4,0,2,3,2,1
6,20,4,1,1,3,3,0,1,2,1,1,1,5,0,1,0,8,3,9,1
3,21,4,1,1,0,3,1,0,5,1,1,1,0,0,1,0,8,4,8,1
4,15,0,1,1,0,3,0,0,2,1,1,1,7,0,1,5,0,0,0,1
1,18,4,1,0,0,3,0,0,2,1,1,0,7,0,0,5,0,0,4,1
2,18,4,0,1,0,3,0,0,2,1,1,1,5,0,1,2,6,0,2,1
7,15,0,0,1,3,0,0,1,11,1,1,1,5,0,5,3,9,3,12,0
10,16,4,0,1,3,3,0,1,0,1,1,1,0,0,1,0,9,1,13,0
15,17,0,1,1,0,3,1,0,1,1,1,1,0,2,0,5,0,0,5,1
5,20,4,0,1,0,3,1,0,2,1,1,1,0,0,1,0,1,2,2,0
12,16,4,0,0,3,3,0,1,0,1,1,0,0,2,0,5,0,0,5,1
7,19,0,1,1,0,3,1,0,0,1,1,1,0,0,1,0,6,5,10,0
0,18,4,1,1,0,3,1,0,2,1,1,1,7,0,1,0,4,3,2,1
2,19,4,1,1,0,3,0,0,0,1,1,1,0,0,1,0,3,4,5,1
6,18,0,1,1,4,3,0,1,0,1,1,1,7,0,0,5,0,0,0,1
15,15,0,1,1,4,3,0,1,0,1,1,1,7,2,1,0,4,10,6,1
10,21,4,1,1,0,3,0,0,5,1,1,1,5,0,1,0,6,5,12,0
1,18,4,0,1,0,3,0,0,2,1,1,1,0,0,2,0,1,1,3,1
13,15,0,0,1,4,3,0,1,1,1,1,1,7,2,1,0,6,6,10,1
0,15,4,0,1,0,3,0,0,2,1,1,1,0,0,0,5,0,0,0,1
6,18,4,1,1,4,3,0,1,2,1,1,1,5,0,1,0,3,6,3,1
0,15,4,1,1,0,3,0,0,16,1,1,1,0,0,9,2,0,0,0,1
8,4,0,0,1,4,3,0,0,8,1,1,1,7,0,3,0,6,5,11,1
15,9,0,0,1,0,3,1,0,12,1,1,1,7,2,2,0,8,1,6,1
14,19,0,1,1,0,3,0,0,1,1,1,1,0,2,1,5,0,0,2,1
2,20,4,1,1,0,3,1,0,2,1,1,1,0,0,1,0,6,7,7,1
15,18,0,1,1,0,1,0,0,0,1,1,1,0,2,1,0,8,10,10,1
12,15,3,1,1,3,3,0,1,0,1,1,1,0,2,1,0,7,2,4,1
10,0,4,0,1,4,3,0,1,2,1,1,1,7,0,6,0,6,11,6,1
7,20,0,0,1,4,3,0,1,0,1,1,1,5,0,1,0,6,10,14,1
5,19,4,1,1,4,3,0,1,0,1,1,1,7,0,1,0,6,4,6,1
4,20,4,1,1,0,3,3,0,2,1,1,1,7,0,1,0,6,6,9,1
10,21,4,1,1,0,3,0,0,2,1,1,1,0,0,3,0,6,6,11,1
7,21,4,0,1,0,3,0,0,5,1,1,1,7,0,1,0,6,2,9,1
7,20,4,0,1,4,3,3,0,11,1,1,1,0,0,2,0,6,2,11,1
15,15,0,1,1,4,3,0,1,1,1,1,1,7,2,0,5,0,0,0,1
9,21,4,1,1,0,3,1,0,0,1,1,1,0,0,1,0,8,9,14,1
11,15,4,0,1,0,3,0,0,7,1,1,1,0,2,1,2,8,0,6,1
9,20,4,0,1,0,3,3,0,2,1,1,1,0,0,1,0,3,0,3,1
6,20,4,1,1,0,3,1,0,0,1,1,1,0,0,1,0,3,5,14,0
11,18,0,1,1,0,3,0,0,8,1,1,1,7,2,1,5,1,0,1,0
6,15,4,1,1,0,3,0,0,2,1,1,1,7,0,1,0,4,8,4,1
10,19,4,1,1,0,3,3,0,0,1,1,1,0,0,0,5,0,0,0,1
13,17,0,0,1,0,3,0,0,1,1,1,1,0,2,2,0,1,3,3,1
11,15,4,1,1,4,3,0,1,12,1,1,1,0,2,1,0,4,2,2,0
4,20,4,0,1,3,3,0,1,2,1,1,1,0,0,3,0,6,8,11,1
15,16,0,0,1,0,0,0,1,0,1,1,1,0,2,5,3,7,1,12,1
10,14,0,0,1,0,3,0,0,5,1,1,1,7,0,1,5,8,0,6,1
8,20,4,0,1,0,3,0,0,0,1,1,1,0,0,1,0,7,2,12,1
2,18,4,0,1,0,3,0,0,2,1,1,1,1,0,3,0,3,6,3,1
3,13,4,0,1,0,3,0,0,2,1,1,1,0,0,1,5,0,0,0,1
13,19,0,1,1,3,3,0,1,0,1,1,1,5,2,1,0,6,3,13,1
1,18,4,0,1,0,3,0,0,2,1,1,1,0,0,1,0,6,2,10,0
14,15,0,1,1,0,3,0,0,0,1,1,1,1,2,1,0,6,8,12,1
8,19,4,0,1,4,3,3,1,0,1,1,1,0,0,1,0,6,4,10,1
5,18,0,1,1,0,3,0,0,0,1,1,1,0,0,1,0,6,2,9,1
13,20,4,1,1,3,3,1,1,0,1,1,1,0,2,1,0,6,3,14,1
12,10,0,1,1,4,3,3,1,0,1,1,1,0,2,0,5,0,0,0,1
14,19,4,0,1,0,3,0,0,2,1,1,1,0,2,1,0,6,4,8,1
13,10,2,0,1,3,3,0,1,2,1,1,1,0,2,9,2,0,0,0,1
4,0,4,0,0,4,3,0,1,9,1,1,1,0,0,0,5,0,0,0,0
0,16,4,1,0,0,3,0,0,2,1,0,1,0,0,9,2,1,0,1,1
6,20,4,0,1,0,3,3,0,14,1,1,1,7,0,1,0,6,8,12,1
10,14,4,0,1,0,3,0,0,11,1,1,1,8,0,1,0,6,6,6,1
8,20,4,1,1,0,3,0,0,2,1,1,1,8,0,4,5,0,0,0,0
6,18,4,1,0,0,3,0,0,16,1,1,0,1,0,0,5,0,0,5,0
10,20,4,1,1,3,3,0,1,2,1,1,1,5,0,1,0,6,2,10,0
2,15,4,1,1,0,3,0,0,2,1,1,1,8,0,1,0,6,8,5,1
5,20,4,0,1,0,3,0,0,0,1,1,1,5,0,1,0,6,10,9,0
12,13,0,1,0,0,3,0,0,3,0,1,1,0,2,1,0,4,4,5,1
11,21,4,1,1,0,3,0,0,2,1,1,1,5,2,1,0,1,8,4,1
1,18,4,0,1,0,3,1,0,2,1,1,1,0,0,0,5,0,0,0,0
15,15,4,1,1,0,3,0,0,11,1,1,1,0,2,1,0,7,6,5,0
14,18,4,0,1,0,3,1,0,0,1,1,1,0,2,1,5,0,0,4,1
1,14,4,0,0,0,3,0,0,16,1,1,0,0,0,2,5,1,0,3,1
3,19,4,1,1,4,3,0,1,0,1,1,1,0,0,1,0,3,8,14,1
14,8,0,0,1,4,3,0,1,0,1,1,1,0,2,1,5,0,0,0,1
5,15,4,0,1,0,3,3,0,11,1,1,1,7,0,1,0,6,3,9,0
1,15,4,0,1,4,3,0,1,2,1,1,1,5,0,1,0,6,3,5,1
12,15,4,1,1,0,3,1,0,0,1,1,1,0,2,1,5,6,0,4,1
1,18,4,1,1,0,3,1,0,2,1,1,1,0,0,1,0,3,6,2,0
10,18,0,0,1,0,3,1,0,0,1,1,1,0,0,1,1,9,0,10,1
13,15,0,0,1,3,3,0,1,1,1,1,1,0,2,1,0,6,8,6,1
12,13,0,0,0,0,3,0,0,15,1,1,1,7,2,1,5,0,0,0,1
2,17,4,0,1,0,3,0,0,2,1,1,1,0,0,1,2,6,0,5,1
13,0,4,1,1,0,3,0,0,12,1,1,1,7,2,0,5,0,0,6,1
7,20,4,0,1,0,3,1,0,2,1,1,1,0,0,4,0,6,5,11,1
4,18,4,1,1,0,3,0,0,0,1,1,1,7,0,4,5,0,0,2,1
6,13,4,0,1,0,3,0,0,15,1,1,1,1,0,1,5,0,0,0,0
2,17,4,0,1,0,3,3,0,0,1,1,1,0,0,6,5,1,0,1,1
1,15,4,0,1,0,0,0,0,16,1,1,1,0,0,5,3,6,1,8,0
8,18,0,1,1,0,3,0,0,1,1,1,1,5,0,2,5,0,0,0,0
14,20,0,1,1,0,3,1,0,0,1,1,1,0,2,1,0,7,11,14,1
7,20,0,0,1,0,3,3,0,2,1,1,1,5,0,1,0,6,8,14,1
14,18,4,0,1,0,3,1,0,0,1,1,1,5,2,1,0,6,11,11,1
0,18,4,1,1,0,3,0,0,16,1,1,1,5,0,1,5,1,0,3,0
13,18,0,0,1,3,3,0,1,0,1,1,1,7,2,1,0,6,11,13,1
10,20,4,1,1,0,3,3,0,10,1,1,1,0,0,1,0,6,11,13,1
0,15,4,1,1,0,3,0,0,2,1,1,1,0,0,0,5,0,0,0,1
7,15,0,0,1,0,0,0,0,0,1,1,1,7,0,5,3,6,2,7,1
10,20,4,1,1,0,3,0,0,11,1,1,1,0,0,4,0,2,2,5,1
9,14,0,1,1,0,3,0,0,0,1,1,1,0,0,3,1,6,0,5,1
9,20,4,1,1,2,3,3,0,2,1,1,1,5,0,1,0,4,3,6,1
6,20,4,0,1,0,2,0,0,0,1,1,1,0,0,6,0,1,4,5,1
11,21,4,1,1,0,3,0,0,0,1,1,1,0,2,3,0,8,11,12,1
13,19,0,0,1,3,3,0,1,0,1,1,1,0,2,1,0,6,6,7,1
4,19,4,1,1,0,3,3,0,2,1,1,1,5,0,1,5,3,0,3,1
14,17,0,1,1,0,3,0,0,8,1,1,1,0,2,1,0,6,11,11,0
10,18,0,1,1,0,3,0,0,1,1,1,1,0,0,1,2,0,0,0,1
9,20,4,1,1,0,3,0,0,12,1,1,1,0,0,1,0,6,8,12,0
14,15,0,0,1,0,3,1,0,0,1,1,1,0,2,1,0,6,5,7,1
1,14,4,0,1,4,3,3,1,14,1,1,1,0,0,0,5,0,0,0,0
8,20,0,1,1,0,3,0,0,1,1,1,1,7,0,1,0,6,4,13,1
0,15,4,0,1,0,3,3,0,2,1,1,1,7,0,0,5,0,0,0,1
12,20,4,0,1,0,3,1,0,2,1,1,1,8,2,1,0,7,2,11,1
12,19,4,1,1,0,3,0,0,2,1,1,1,7,2,4,0,6,3,10,1
1,18,4,1,0,0,3,0,0,16,1,1,0,0,0,1,5,9,0,2,0
0,18,4,1,1,4,3,0,1,16,1,1,1,5,0,0,5,0,0,0,1
6,14,4,0,0,0,3,0,0,2,1,1,0,0,0,1,1,2,0,2,1
5,15,4,1,1,0,3,0,0,2,1,1,1,0,0,1,0,6,3,8,1
0,0,4,1,1,4,3,0,1,10,1,1,1,5,0,0,5,0,0,0,1
5,15,4,1,1,0,3,0,0,2,1,1,1,7,0,1,2,0,0,0,1
3,18,4,0,1,0,3,1,0,16,1,1,1,0,0,1,5,6,0,3,0
7,20,4,0,1,0,3,0,0,0,1,1,1,0,0,1,0,8,8,13,1
5,18,4,1,1,0,3,1,0,2,1,1,1,0,0,1,0,2,2,5,1
14,18,0,1,1,0,3,2,0,8,1,1,1,0,2,1,1,3,0,8,1
4,21,4,1,1,0,3,3,0,0,1,1,1,1,0,1,0,9,3,7,0
9,19,4,1,1,0,3,0,0,0,1,1,1,0,0,1,0,3,5,11,1
3,17,4,1,1,0,3,3,0,11,1,1,1,0,2,3,0,1,4,6,1
3,18,4,1,1,0,3,1,0,2,1,1,1,0,0,0,5,0,0,0,1
5,5,4,0,1,3,3,0,1,4,1,1,1,0,0,4,0,6,10,4,1
0,15,0,1,1,0,3,0,0,8,1,1,1,0,0,1,5,0,0,0,1
3,19,0,1,1,0,3,1,0,2,1,1,1,0,0,0,5,0,0,0,1
9,15,0,0,1,4,3,0,1,2,1,1,1,0,0,1,0,6,11,5,1
13,18,2,1,1,0,3,1,0,0,1,1,1,0,2,1,0,6,11,7,1
1,15,4,0,0,0,3,0,0,5,0,1,0,0,0,0,5,0,0,4,0
14,20,4,1,1,0,3,3,0,14,1,1,1,0,2,1,0,8,3,10,1
6,17,4,0,1,4,3,0,1,0,1,1,1,0,0,1,0,6,3,9,0
4,20,4,0,1,4,3,0,1,11,1,1,1,7,0,1,0,6,3,10,1
4,20,4,0,1,0,3,3,0,2,1,1,1,0,0,2,0,4,6,3,1
4,17,4,1,1,0,3,0,0,2,1,1,1,0,0,1,0,6,6,10,1
1,18,4,0,1,0,3,0,0,2,1,1,1,7,0,1,0,4,2,3,1
13,12,4,0,1,0,3,0,0,15,1,1,1,0,2,1,5,0,0,0,1
14,15,0,0,1,4,3,0,1,1,1,1,1,7,2,1,0,6,6,11,0
2,15,4,0,1,4,3,1,0,16,1,1,1,0,0,7,0,9,5,11,0
12,15,4,0,1,3,3,0,1,0,1,1,1,5,2,1,2,0,0,8,1
15,20,0,0,1,4,3,0,1,0,1,1,1,0,2,1,0,6,6,9,1
5,20,4,0,1,0,3,0,0,11,1,1,1,5,0,1,0,6,4,13,0
8,17,4,1,1,3,3,3,1,2,1,1,1,0,0,1,5,0,0,0,1
4,21,4,1,1,0,3,0,0,0,1,1,1,5,0,2,0,6,11,13,0
5,15,4,0,0,4,3,0,1,0,1,1,1,7,2,1,0,9,11,6,1
12,20,4,1,1,0,3,3,0,0,1,1,1,5,2,1,0,6,5,12,1
11,15,0,0,1,0,3,0,0,8,1,1,1,7,2,0,5,0,0,0,1
3,15,4,1,1,0,3,0,0,2,1,1,1,0,0,9,2,0,0,0,1
10,15,4,1,1,0,3,0,0,2,1,1,1,0,0,1,0,6,8,8,1
6,15,0,1,1,3,3,0,1,0,1,1,1,0,0,1,5,6,0,1,0
2,18,4,0,1,3,3,0,1,2,1,1,1,5,0,0,5,0,0,0,1
3,15,4,0,1,0,3,1,0,2,1,1,1,0,0,6,0,5,0,6,1
0,15,4,1,1,0,3,0,0,2,1,1,1,0,0,0,5,0,0,0,1
10,18,4,0,1,4,3,0,1,5,1,1,1,7,0,1,0,3,2,4,1
11,20,0,0,1,0,3,0,0,1,1,1,1,5,2,1,0,9,6,14,0
5,20,4,1,1,0,3,3,0,14,1,1,1,0,0,1,0,2,3,9,1
6,21,4,1,1,0,3,1,0,2,1,1,1,0,0,1,0,6,4,12,0
12,19,4,0,1,0,3,1,0,0,1,1,1,8,2,5,0,6,2,10,1
14,21,0,0,1,0,3,0,0,0,1,1,1,0,2,1,0,6,2,13,0
0,15,4,1,1,0,3,0,0,12,1,1,1,0,0,1,0,3,4,2,1
12,21,4,1,1,0,3,0,0,0,1,1,1,5,2,2,0,6,8,13,1
13,20,4,1,1,0,3,0,0,2,1,1,1,5,2,1,0,6,6,13,1
10,14,0,1,1,0,3,0,0,1,1,1,1,5,0,7,1,6,0,5,1
14,18,4,0,1,0,3,0,0,0,1,1,1,0,2,4,0,6,1,11,1
7,15,0,1,1,0,3,1,0,1,1,1,1,0,0,1,0,5,2,9,1
10,20,0,1,1,4,3,0,1,1,1,1,1,0,0,0,5,0,0,0,0
3,18,4,0,0,0,3,0,0,16,1,1,0,0,0,1,5,1,0,4,1
3,20,4,1,1,0,3,0,0,12,1,1,1,0,0,1,5,0,0,0,0
9,3,0,0,1,3,3,3,1,2,1,1,1,7,0,2,0,6,8,7,1
3,15,4,1,0,0,3,3,0,12,1,1,0,0,0,2,5,0,0,0,1
12,18,4,0,1,0,3,0,0,0,1,1,1,0,2,7,0,5,3,6,1
7,19,4,1,1,0,3,0,0,12,1,1,1,5,0,1,0,4,5,5,0
4,15,4,1,1,0,3,0,0,2,1,1,1,0,0,1,0,6,8,4,1
6,20,4,0,1,0,3,0,0,12,1,1,1,7,0,1,5,4,0,3,0
10,0,4,0,1,0,3,3,0,14,1,1,1,0,0,1,0,8,3,7,1
6,18,4,0,1,0,3,1,0,0,1,1,1,0,0,5,0,6,8,11,0
9,20,0,1,1,3,3,0,1,1,1,1,1,5,0,1,0,6,8,6,1
9,15,2,0,1,4,3,0,1,0,1,1,1,0,0,4,0,9,6,8,0
5,19,4,0,1,0,3,1,0,2,1,1,1,0,0,2,0,1,2,7,0
2,18,4,1,1,0,3,0,0,2,1,1,1,0,0,1,2,2,0,4,1
15,16,0,1,1,4,3,0,1,0,1,1,1,7,2,0,5,0,0,10,1
14,14,4,0,0,0,3,0,0,2,1,1,0,7,2,0,5,0,0,4,1
4,18,4,1,1,3,3,0,1,2,1,1,1,0,0,1,0,1,2,4,1
12,18,0,1,1,4,3,0,1,0,1,1,1,0,2,2,0,6,4,7,0
4,15,4,0,1,0,3,1,0,2,1,1,1,0,0,1,0,6,4,9,1
14,20,4,1,1,0,3,0,0,12,1,1,1,0,2,1,0,8,3,10,0
15,20,2,1,1,0,3,1,0,0,1,1,1,0,2,3,0,9,4,13,1
15,20,0,1,1,0,3,0,0,0,1,1,1,0,2,1,0,6,1,13,1
0,15,4,1,1,0,3,3,0,16,1,1,1,0,0,1,5,6,0,2,1
7,3,0,1,0,3,1,3,1,14,1,1,1,7,2,0,5,0,0,7,1
5,18,4,0,1,0,1,0,0,10,1,1,1,5,0,1,0,6,11,3,0
1,18,4,0,0,0,3,0,0,0,1,1,0,1,0,0,5,0,0,0,1
11,20,4,0,1,0,3,0,0,0,1,1,1,0,2,7,0,8,11,14,1
2,22,4,1,1,0,3,0,0,11,1,1,1,0,0,1,0,9,6,14,0
11,15,4,0,1,0,3,1,0,0,1,1,1,0,2,1,5,6,0,11,0
11,15,0,1,0,0,3,1,0,1,1,1,1,0,2,0,5,0,0,4,1
0,18,4,0,0,0,3,3,0,2,1,0,1,7,0,1,0,6,6,2,1
11,23,0,1,1,4,3,0,1,8,1,1,1,5,2,1,0,6,6,10,0
9,18,2,0,1,0,3,1,0,0,1,1,1,0,0,1,0,7,8,9,1
11,21,0,1,1,4,3,0,1,1,1,1,1,5,2,1,0,6,3,8,1
14,8,4,0,1,4,3,0,1,2,1,1,1,0,2,0,5,0,0,1,1
12,21,4,0,1,0,3,1,0,0,1,1,1,0,2,1,0,6,5,14,1
1,16,4,0,1,0,3,0,0,11,1,1,1,0,0,1,0,7,2,13,0
4,14,4,1,0,0,3,0,0,2,1,1,0,0,0,0,5,0,0,5,1
13,11,4,0,0,0,3,1,0,5,0,1,1,0,2,1,0,9,4,13,1
9,12,2,1,1,0,3,0,0,5,1,1,1,7,0,1,5,0,0,0,1
7,19,4,0,1,0,3,0,0,2,1,1,1,0,0,1,0,6,10,10,1
8,15,4,0,1,3,3,0,1,0,1,1,1,5,0,1,0,6,4,12,1
12,22,0,0,1,0,3,0,0,0,1,1,1,0,2,1,0,9,0,11,1
12,21,0,1,1,0,3,0,0,1,1,1,1,8,2,2,0,6,1,14,1
6,20,4,0,1,0,1,0,0,0,1,1,1,0,0,5,0,6,8,11,0
1,14,4,0,0,0,3,0,0,2,1,1,0,0,0,0,5,0,0,0,1
6,18,4,1,1,0,3,0,0,2,1,1,1,7,0,0,5,0,0,0,1
4,21,4,1,1,0,3,0,0,2,1,1,1,1,0,1,0,9,5,7,1
14,21,4,0,1,4,3,0,1,5,1,1,1,5,2,1,0,6,11,14,1
2,15,4,0,1,0,3,3,0,5,1,1,1,0,0,1,0,6,4,9,1
15,17,4,0,0,0,3,3,0,7,1,0,0,0,2,0,5,0,0,4,1
3,18,4,0,1,0,3,3,0,11,1,1,1,7,0,1,0,7,8,2,0
0,15,4,0,1,0,3,0,0,7,1,1,1,0,0,0,5,0,0,0,1
11,14,4,0,1,0,3,3,0,0,1,1,1,0,2,1,0,6,4,4,1
9,20,4,0,1,0,3,1,0,0,1,1,1,0,0,1,0,6,2,14,1
4,15,4,0,1,0,3,1,0,2,1,1,1,0,0,1,0,6,5,7,1
0,18,4,1,1,0,3,3,0,9,1,1,1,0,0,0,5,0,0,0,1
0,13,4,1,1,0,3,0,0,2,1,1,1,0,0,2,5,0,0,0,1
12,20,0,1,1,0,3,1,0,0,1,1,1,8,2,2,0,9,4,12,0
3,18,4,1,1,0,3,0,0,16,1,1,1,5,0,0,5,0,0,3,0
12,21,0,0,1,0,3,1,0,1,1,1,1,0,2,2,0,6,2,14,0
10,23,4,0,1,4,3,0,1,0,1,1,1,5,0,1,0,8,11,14,1
14,21,0,1,1,4,3,0,1,1,1,1,1,5,2,0,5,0,0,0,0
9,15,4,1,1,4,3,0,1,0,1,1,1,0,0,0,5,0,0,5,1
8,20,4,1,1,0,3,0,0,11,1,1,1,7,0,1,0,6,10,7,1
14,20,0,1,1,0,3,3,0,1,1,1,1,0,2,0,5,0,0,0,0
14,18,0,1,1,0,3,0,0,8,1,1,1,7,2,0,5,0,0,0,1
0,15,4,0,1,0,3,0,0,2,1,1,1,0,0,0,5,0,0,0,1
11,20,0,1,1,0,3,1,0,0,1,1,1,0,2,1,0,8,5,14,1
9,18,0,1,1,0,3,1,0,1,1,1,1,0,0,1,0,3,8,5,1
8,20,0,1,1,0,3,0,0,0,1,1,1,0,0,1,5,0,0,0,1
3,18,4,0,1,3,3,0,1,9,1,1,1,7,0,1,1,6,0,10,0
4,20,4,1,1,0,3,0,0,2,1,1,1,0,0,1,1,6,0,4,1
2,15,4,1,1,0,3,0,0,2,1,1,1,0,0,3,2,1,0,3,1
14,19,4,1,1,0,3,0,0,12,1,1,1,7,2,0,5,0,0,5,1
7,7,4,0,0,0,2,0,0,2,1,1,0,7,2,5,0,2,4,6,1
0,15,4,1,1,0,3,1,0,16,1,1,1,0,0,1,0,6,2,8,1
15,15,4,0,1,0,3,3,0,11,1,1,1,0,2,1,0,5,10,5,1
10,18,0,1,1,0,3,0,0,2,1,1,1,7,0,1,0,6,4,12,1
12,21,4,0,1,4,3,0,1,0,1,1,1,5,2,1,0,6,8,13,1
2,18,0,0,0,0,3,1,0,2,1,1,0,0,2,0,5,0,0,6,1
9,20,4,1,1,0,3,0,0,2,1,1,1,0,0,1,0,8,3,10,1
7,20,0,0,1,0,3,0,0,2,1,1,1,0,0,2,5,1,0,2,1
11,19,0,1,1,0,3,3,0,8,1,1,1,0,2,1,0,7,0,11,0
15,15,0,1,1,4,3,0,1,1,1,1,1,0,2,1,0,1,3,2,1
4,15,0,0,1,0,0,0,0,16,1,1,1,0,0,5,3,9,1,7,1
10,15,2,0,1,0,3,0,0,7,1,1,1,0,0,1,0,9,1,10,1
13,21,4,1,1,0,3,1,0,0,1,1,1,1,2,3,0,5,6,10,1
0,18,4,1,1,0,3,2,0,2,1,1,1,0,0,1,5,3,0,2,1
11,20,4,0,1,0,3,0,0,11,1,1,1,5,2,1,0,6,6,12,0
1,18,4,1,1,0,3,0,0,5,1,1,1,1,0,5,3,3,10,5,1
6,15,4,0,1,4,3,0,1,11,1,1,1,2,0,1,0,6,8,14,1
7,15,0,0,1,0,3,0,0,7,1,1,1,0,0,0,5,0,0,5,1
11,18,4,0,1,0,1,3,0,0,1,1,1,0,2,1,0,6,7,8,1
8,18,4,0,1,0,3,0,0,2,1,1,1,8,0,1,0,7,10,12,1
11,19,4,1,1,2,3,3,0,2,1,1,1,5,2,1,0,4,11,6,1
6,18,4,0,1,0,3,0,0,14,1,1,1,0,0,7,0,5,0,9,1
5,15,4,0,1,0,3,0,0,9,1,1,1,5,0,1,0,4,8,6,0
13,20,0,1,1,0,3,0,0,1,1,1,1,1,2,1,0,6,6,11,1
13,15,4,0,1,0,3,3,0,15,1,1,1,0,2,3,5,0,0,0,0
5,15,4,0,1,4,3,0,1,2,1,1,1,7,0,1,2,6,0,2,1
4,19,4,1,1,0,3,0,0,2,1,1,1,1,0,1,0,4,2,7,1
3,18,4,1,1,0,3,1,0,2,1,1,1,0,0,1,5,0,0,0,1
2,17,4,0,0,0,3,0,0,0,1,1,0,0,0,5,0,9,5,6,0
5,20,4,1,1,0,3,1,0,0,1,1,1,8,0,1,0,5,3,8,1
11,20,0,1,1,3,3,3,1,0,1,1,1,5,2,1,0,6,11,13,1
11,14,4,1,1,4,3,0,1,12,1,1,1,7,2,1,2,6,0,5,1
5,21,4,1,1,0,3,1,0,12,1,1,1,0,0,1,0,6,8,5,0
1,18,4,0,1,0,3,0,0,16,1,1,1,7,0,1,0,6,5,6,0
12,18,4,0,1,0,3,0,0,0,1,1,1,0,2,1,0,9,2,11,1
11,18,0,0,1,3,3,0,1,0,1,1,1,0,2,1,0,6,8,7,1
3,19,4,1,1,0,3,0,0,2,1,1,1,7,0,3,0,1,4,4,1
2,17,2,1,1,0,3,1,0,7,1,1,1,0,0,1,0,9,8,9,0
8,21,4,0,1,0,3,0,0,0,1,1,1,5,0,2,0,6,3,12,1
5,17,0,1,1,0,3,0,0,2,1,1,1,0,0,1,2,0,0,0,0
10,20,0,1,1,0,3,1,0,0,1,1,1,0,0,1,0,8,2,14,0
11,14,0,1,1,0,3,3,0,0,1,1,1,0,2,1,0,8,1,8,1
0,12,4,1,1,2,3,3,0,0,1,1,1,0,0,9,2,0,0,0,1
2,18,4,1,1,0,3,0,0,2,1,1,1,5,0,3,0,2,6,3,1
9,18,4,1,1,0,3,1,0,2,1,1,1,0,0,1,2,0,0,5,1
3,20,4,1,1,4,3,0,1,2,1,1,1,1,0,1,0,1,3,3,1
3,18,4,1,1,0,3,3,0,11,1,1,1,0,0,1,5,0,0,0,0
6,20,4,1,1,3,3,0,1,12,1,1,1,0,0,1,0,2,4,4,0
7,18,4,1,1,0,3,1,0,2,1,1,1,8,0,1,1,6,0,6,1
1,18,4,0,1,0,3,3,0,2,1,1,1,7,0,9,2,0,0,0,1
0,15,4,0,0,3,3,0,0,3,0,1,1,0,0,1,0,4,2,5,1
15,22,4,1,1,0,3,1,0,0,1,1,1,0,2,2,0,6,4,10,1
2,14,4,1,1,0,3,2,0,2,1,1,1,0,0,1,0,1,10,1,1
7,15,4,0,1,4,3,0,1,0,1,1,1,7,0,6,5,6,0,3,0
7,22,4,1,1,0,3,1,0,7,1,1,1,8,0,1,0,6,6,6,1
3,20,4,1,1,0,3,0,0,4,1,1,1,0,0,5,0,6,8,7,1
13,21,0,0,1,4,3,0,1,1,1,1,1,5,2,1,0,8,11,14,0
10,15,4,0,1,0,3,0,0,12,1,1,1,8,0,1,0,7,1,3,1
10,15,2,1,1,0,3,0,0,5,1,1,1,7,0,3,0,9,10,12,1
5,17,4,0,1,0,3,1,0,0,1,1,1,0,0,1,2,4,0,4,0
3,15,4,0,1,4,3,0,1,16,1,1,1,7,0,1,5,6,0,3,0
0,15,4,0,1,0,3,1,0,11,1,1,1,0,0,1,5,0,0,0,0
9,20,4,1,1,0,3,0,0,2,1,1,1,1,0,1,0,3,10,9,1
15,20,4,1,1,0,3,1,0,10,1,1,1,8,2,1,0,9,0,4,0
3,17,4,0,0,0,3,0,0,2,1,1,0,0,0,2,0,1,1,4,1
10,15,4,1,1,0,3,3,0,2,1,1,1,0,0,1,0,4,5,3,1
11,20,4,0,1,0,3,0,0,2,1,1,1,0,2,1,0,6,6,6,1
0,18,4,1,1,0,3,0,0,2,1,1,1,5,0,0,5,0,0,0,1
8,16,4,0,1,0,3,3,0,2,1,1,1,0,0,1,0,6,6,4,1
13,12,2,1,1,4,3,0,1,0,1,1,1,0,2,9,2,0,0,13,1
6,20,4,1,1,0,3,0,0,0,1,1,1,7,0,4,0,6,4,11,0
9,16,0,0,1,0,3,0,0,15,1,1,1,0,0,0,5,0,0,0,1
7,18,4,0,1,0,3,1,0,2,1,1,1,8,0,1,0,6,3,8,1
11,16,0,0,1,0,3,0,0,0,1,1,1,7,2,1,0,6,3,13,1
11,16,0,0,1,0,3,1,0,0,1,1,1,8,2,1,0,6,1,13,1
12,20,4,0,1,3,3,0,1,2,1,1,1,1,2,5,4,6,4,13,0
12,20,4,1,1,0,3,0,0,3,1,1,1,0,2,6,0,4,7,13,1
11,21,0,1,1,0,3,0,0,0,1,1,1,0,2,1,2,6,0,6,1
3,10,4,0,0,4,3,0,1,2,1,1,0,7,0,0,5,0,0,0,1
0,17,4,1,1,0,3,3,0,2,1,1,1,8,0,1,0,2,2,4,1
2,19,4,0,1,0,3,3,0,2,1,1,1,0,0,1,0,2,2,6,1
11,19,0,1,1,0,3,0,0,8,1,1,1,7,2,0,5,0,0,0,1
7,20,4,0,1,0,3,1,0,2,1,1,1,0,0,1,0,6,11,9,1
5,19,4,1,1,0,3,1,0,2,1,1,1,0,0,1,2,0,0,0,1
14,15,4,1,1,3,3,0,1,0,1,1,1,5,0,4,0,5,5,12,1
1,18,4,1,1,0,3,0,0,16,1,1,1,7,0,1,5,1,0,2,1
9,15,0,1,1,0,3,3,0,0,1,1,1,0,0,1,0,7,5,12,1
10,20,4,1,1,0,3,0,0,0,1,1,1,0,0,4,0,8,10,10,0
4,18,4,0,0,0,3,3,0,0,1,1,0,0,0,1,0,3,2,5,1
10,20,4,0,1,0,3,3,0,2,1,1,1,0,0,3,0,4,6,6,1
12,20,0,0,1,0,3,0,0,2,1,1,1,0,2,6,0,6,10,13,0
7,20,4,1,1,0,3,0,0,2,1,1,1,0,0,1,0,6,5,12,1
1,18,4,1,1,0,3,1,0,16,1,1,1,1,0,1,1,1,0,6,1
7,15,0,1,1,0,3,0,0,0,1,1,1,0,0,1,0,6,11,9,1
14,15,0,1,1,0,3,3,0,1,1,1,1,7,2,1,2,0,0,0,1
15,21,0,0,1,0,3,1,0,0,1,1,1,0,2,4,0,9,10,12,1
10,15,4,1,1,0,3,0,0,11,1,1,1,0,0,4,0,6,4,5,0
9,18,4,1,1,3,3,0,1,0,1,1,1,7,0,6,0,6,6,8,1
3,18,4,0,0,0,3,3,0,2,1,1,0,0,0,0,5,0,0,4,1
0,18,4,0,1,0,3,1,0,2,1,1,1,7,0,1,5,6,0,4,1
2,18,4,1,1,0,3,2,0,16,1,1,1,0,0,1,5,1,0,1,1
9,15,4,0,1,0,3,0,0,2,1,1,1,0,0,1,0,6,6,6,1
6,18,4,0,1,0,3,3,0,11,1,1,1,0,0,1,0,8,2,10,1
3,15,4,0,1,0,3,3,0,2,1,1,1,0,0,1,0,4,6,4,1
5,15,4,0,1,0,3,0,0,2,1,1,1,0,0,1,0,6,3,4,1
7,18,4,1,1,0,3,0,0,2,1,1,1,0,0,1,0,6,6,11,1
3,15,4,1,1,0,3,1,0,12,1,1,1,0,0,1,5,0,0,0,1
4,15,4,0,1,0,3,0,0,7,1,1,1,0,0,1,2,0,0,4,1
12,13,0,0,1,0,3,3,0,15,1,1,1,1,2,0,5,0,0,0,0
11,15,0,0,1,4,3,0,1,0,1,1,1,5,2,1,0,4,3,5,1
15,21,0,0,1,4,3,3,1,1,1,1,1,5,2,1,0,6,8,12,1
10,18,4,1,1,0,3,1,0,2,1,1,1,0,0,1,0,4,7,4,1
14,18,4,0,1,0,3,1,0,0,1,1,1,0,2,1,0,6,8,11,1
3,19,4,1,1,0,3,0,0,12,1,1,1,5,0,0,5,0,0,0,1
4,15,0,0,1,0,3,3,0,8,1,1,1,0,0,1,0,8,3,7,1
4,20,0,0,1,0,3,1,0,0,1,1,1,0,0,1,0,6,4,11,0
12,20,4,1,1,0,3,1,0,2,1,1,1,0,2,1,0,6,2,11,1
3,19,4,1,1,0,3,0,0,2,1,1,1,0,0,1,0,3,2,3,1
15,18,0,1,1,0,3,0,0,1,1,1,1,7,2,0,5,0,0,0,1
0,19,0,1,1,0,3,1,0,8,1,1,1,0,0,3,5,1,0,3,0
8,19,0,0,0,4,3,3,1,8,1,1,0,7,1,0,5,0,0,0,1
6,18,4,1,1,3,3,0,1,0,1,1,1,0,0,1,0,2,6,4,1
2,18,4,1,1,4,3,0,1,0,1,1,1,5,0,1,0,2,1,5,1
6,20,4,0,0,0,3,3,0,11,1,1,0,0,0,1,5,0,0,0,0
11,0,4,1,1,4,3,0,1,0,1,1,1,7,2,0,5,0,0,3,1
9,0,4,1,1,0,3,3,0,14,1,1,1,7,0,0,5,0,0,0,1
8,16,0,0,1,0,3,0,0,1,1,1,1,7,0,0,5,0,0,0,1
3,15,4,1,1,0,3,0,0,12,1,1,1,0,0,1,0,6,2,10,1
1,18,4,1,1,0,3,1,0,2,1,1,1,7,0,1,0,6,11,10,0
3,19,4,0,1,3,3,0,1,2,1,1,1,5,0,1,5,0,0,0,1
11,8,4,0,1,2,3,0,1,2,1,1,1,1,2,4,0,1,4,3,1
2,18,4,0,1,0,3,0,0,2,1,1,1,0,0,6,0,2,9,4,1
15,20,2,0,1,3,3,3,1,0,1,1,1,0,2,1,0,9,6,13,1
9,21,4,1,1,0,3,0,0,12,1,1,1,0,0,1,5,2,0,4,0
2,18,4,0,1,4,3,0,1,0,1,1,1,7,0,1,0,3,3,2,1
15,21,0,1,1,0,3,0,0,0,1,1,1,1,2,1,0,9,11,14,0
1,19,4,1,1,0,3,3,0,2,1,1,1,0,0,1,0,6,3,8,1
0,18,4,1,1,0,3,0,0,16,1,1,1,1,0,0,5,0,0,0,0
3,15,4,0,1,0,3,0,0,2,1,1,1,0,0,1,0,6,2,11,1
9,21,0,1,1,0,3,3,0,1,1,1,1,0,0,2,0,6,4,7,1
15,13,4,0,1,0,3,0,0,15,1,1,1,7,2,6,5,0,0,2,1
0,18,4,1,1,0,3,3,0,11,1,1,1,0,0,0,5,0,0,0,1
14,21,0,1,1,4,3,0,1,1,1,1,1,5,2,1,0,9,5,14,1
0,15,4,1,1,0,3,0,0,2,1,1,1,0,0,0,5,0,0,0,1
5,20,4,1,1,0,3,0,0,2,1,1,1,7,0,3,0,4,4,5,1
1,15,4,1,1,0,3,1,0,2,1,1,1,7,0,1,0,4,4,3,1
7,15,4,1,1,0,3,0,0,2,1,1,1,7,0,1,0,6,8,9,1
11,17,4,0,1,0,3,0,0,0,1,1,1,5,2,1,0,6,1,11,1
5,13,4,0,0,0,3,0,0,15,1,1,1,7,0,1,5,0,0,2,0
5,18,4,0,1,0,3,0,0,2,1,1,1,0,0,2,0,1,6,2,1
7,18,0,1,1,0,3,1,0,1,1,1,1,0,0,0,5,0,0,0,1
10,15,4,1,1,0,3,3,0,9,1,1,1,0,0,1,0,8,11,8,1
13,15,4,1,1,3,3,0,1,0,1,1,1,7,2,1,0,6,6,9,0
10,8,0,1,1,4,3,0,1,0,1,1,1,7,0,1,0,6,2,7,1
9,15,0,1,1,4,3,0,1,1,1,1,1,7,0,9,2,0,0,0,1
10,0,0,1,1,4,3,1,1,1,1,1,1,0,0,6,0,3,3,9,0
8,20,4,0,1,0,3,1,0,2,1,1,1,0,0,1,0,2,4,4,1
1,15,4,0,1,0,3,3,0,2,1,1,1,7,0,1,0,6,3,6,1
13,15,0,0,1,3,3,0,1,9,1,1,1,5,2,1,0,6,8,9,1
2,16,4,1,1,0,3,1,0,9,1,1,1,0,0,1,0,7,2,7,0
8,20,4,0,1,0,3,0,0,2,1,1,1,0,0,1,0,6,3,10,1
12,18,4,0,1,0,3,1,0,0,1,1,1,0,2,6,0,8,3,10,0
10,18,0,0,1,0,1,3,0,0,1,1,1,0,0,1,0,6,3,10,0
6,15,4,0,1,0,3,3,0,2,1,1,1,0,0,1,0,6,4,9,1
8,20,4,0,1,0,3,2,0,2,1,1,1,0,0,1,0,6,6,7,1
8,21,4,1,1,0,3,1,0,0,1,1,1,0,0,1,0,6,2,12,0
9,18,0,0,1,0,3,3,0,8,1,1,1,0,0,1,0,6,11,11,1
10,21,0,0,1,0,3,1,0,1,1,1,1,8,0,1,0,6,2,14,1
2,18,4,1,1,0,3,1,0,2,1,1,1,8,0,1,5,2,0,4,1
8,15,4,0,1,0,3,0,0,0,1,1,1,0,0,5,2,6,0,3,0
12,18,0,1,1,0,3,0,0,2,1,1,1,8,2,1,0,6,2,6,1
8,15,4,1,1,0,3,0,0,3,1,1,1,1,0,1,0,6,4,5,1
10,19,0,0,1,3,3,0,1,0,1,1,1,5,0,1,0,6,8,13,0
14,15,4,1,1,0,3,0,0,9,1,1,1,0,2,1,0,6,6,12,1
4,18,4,0,1,0,3,1,0,2,1,1,1,8,0,6,0,6,7,8,1
9,18,4,0,1,0,3,3,0,2,1,1,1,0,0,1,0,5,5,7,1
12,20,2,1,1,3,3,0,1,1,1,1,1,0,2,1,0,7,1,11,1
9,17,4,1,1,4,3,0,1,2,1,1,1,0,0,1,0,2,4,4,1
5,20,4,0,1,3,3,0,1,2,1,1,1,5,0,1,5,6,0,5,0
7,20,4,0,1,0,3,0,0,2,1,1,1,0,0,1,0,6,6,4,1
9,20,4,1,1,3,3,0,1,0,1,1,1,5,0,3,0,2,6,4,1
5,14,4,1,1,0,3,1,0,12,1,1,1,0,0,1,0,2,4,3,1
9,15,0,1,1,4,3,0,1,1,1,1,1,5,0,1,0,7,3,10,1
9,17,0,0,1,0,0,0,0,16,1,1,1,0,0,5,3,9,3,9,0
5,11,0,0,0,0,3,1,0,1,1,1,1,0,0,1,0,5,4,2,1
8,20,2,0,1,4,3,0,1,0,1,1,1,5,0,1,0,9,8,12,1
15,18,0,0,1,4,3,0,1,0,1,1,1,0,2,0,5,0,0,0,1
3,15,4,1,1,0,3,1,0,2,1,1,1,0,0,1,0,6,8,9,1
9,20,2,1,1,0,3,0,0,2,1,1,1,0,0,1,5,0,0,0,1
6,13,4,0,1,0,3,1,0,0,1,1,1,8,0,1,5,1,0,7,1
7,15,4,0,1,0,3,0,0,2,1,1,1,0,0,1,0,6,3,10,1
1,15,4,1,1,0,3,0,0,2,1,1,1,1,0,9,2,0,0,0,1
4,20,4,1,1,0,3,0,0,2,1,1,1,7,0,1,0,3,3,6,1
9,20,4,1,1,0,3,0,0,12,1,1,1,5,0,1,0,7,6,11,0
7,20,4,0,1,0,3,0,0,11,1,1,1,5,0,1,0,6,6,12,0
1,16,1,1,1,3,3,2,1,16,1,1,1,3,0,9,3,3,1,2,0
4,18,4,1,1,0,3,0,0,11,1,1,1,0,0,1,5,6,0,4,1
10,15,4,0,1,4,3,3,1,9,1,1,1,0,0,1,0,7,11,7,0
12,21,0,1,1,4,3,3,1,1,1,1,1,7,2,7,0,9,8,13,0
14,15,4,1,1,0,3,0,0,12,1,1,1,7,2,1,0,6,8,11,1
12,19,0,1,1,0,3,0,0,0,1,1,1,0,2,1,0,6,3,10,1
4,18,0,1,1,0,3,0,0,0,1,1,1,1,0,0,5,0,0,0,1
15,15,2,0,1,4,3,0,1,0,1,1,1,0,2,1,0,6,10,7,1
0,19,4,1,1,0,3,1,0,7,1,1,1,0,0,1,0,3,6,3,1
7,16,4,0,1,0,3,0,0,2,1,1,1,7,0,1,0,1,10,2,1
14,20,4,1,1,0,3,3,0,11,1,1,1,0,2,1,0,6,4,12,1
1,19,0,0,1,0,0,0,0,0,0,1,1,0,0,5,3,7,9,13,0
5,17,4,1,1,0,3,0,0,2,1,1,1,0,0,1,0,1,6,2,1
9,20,0,1,1,0,3,0,0,1,1,1,1,5,0,1,0,6,3,12,1
11,2,0,0,1,0,0,0,0,16,1,1,1,2,0,5,3,5,5,4,0
10,12,4,0,1,0,3,3,0,0,1,1,1,0,0,1,1,6,0,12,1
11,21,0,0,1,2,3,1,0,0,1,1,1,0,2,1,0,6,8,14,1
5,15,4,0,1,0,3,0,0,2,1,1,1,0,0,6,0,2,3,2,0
6,20,4,1,1,0,3,3,0,11,1,1,1,0,0,1,0,4,6,13,1
15,20,0,0,1,4,3,0,1,1,1,1,1,5,2,0,5,0,0,2,1
1,14,4,0,1,0,3,1,0,2,1,1,1,0,0,1,2,6,0,8,1
5,9,0,0,0,0,1,1,1,9,1,1,1,7,2,0,5,0,0,0,1
12,16,4,0,1,0,3,3,0,3,1,1,1,8,2,1,0,9,1,13,1
4,20,0,1,1,0,3,3,0,2,1,1,1,0,0,0,5,0,0,0,1
4,19,4,0,1,0,3,1,0,0,1,1,1,5,0,1,0,1,2,3,1
12,19,4,0,1,0,3,0,0,0,1,1,1,0,2,1,0,9,3,14,1
1,15,4,1,1,0,3,1,0,2,1,1,1,0,0,0,5,0,0,0,1
14,12,0,0,1,0,3,0,0,1,1,1,1,1,2,5,2,0,0,5,1
5,15,4,0,1,0,3,0,0,7,1,1,1,0,0,1,0,5,4,6,1
2,18,4,0,1,0,3,0,0,2,1,1,1,0,0,1,0,2,6,2,1
9,21,4,0,1,0,3,0,0,0,1,1,1,0,0,7,0,7,10,13,1
2,18,4,0,1,0,3,0,0,10,1,1,1,0,0,1,0,8,3,10,1
7,17,4,0,1,0,3,0,0,2,1,1,1,0,0,1,0,4,3,4,1
11,18,0,1,1,3,3,0,1,0,1,1,1,7,2,1,0,6,6,9,0
12,14,4,0,1,4,3,0,1,0,1,1,1,0,2,7,1,6,0,6,1
1,13,4,0,1,0,3,0,0,15,1,1,1,1,0,1,5,0,0,0,1
10,15,4,0,1,0,3,1,0,2,1,1,1,0,0,1,0,6,6,7,1
2,15,4,0,1,0,3,0,0,2,1,1,1,0,0,0,5,0,0,0,1
9,14,4,1,1,0,3,1,0,12,1,1,1,0,0,1,0,6,7,14,0
6,11,4,0,1,4,3,0,1,5,1,1,1,7,0,1,2,6,0,6,1
2,18,4,1,1,0,3,0,0,11,1,1,1,7,0,1,0,6,10,9,1
10,19,3,1,1,0,3,0,0,4,1,1,0,7,1,6,0,9,10,2,1
11,15,4,0,1,0,3,0,0,2,1,1,1,0,2,1,0,9,6,11,1
9,15,0,0,1,4,3,0,1,2,1,1,1,6,0,0,5,0,0,3,1
10,16,4,1,1,0,3,0,0,2,1,1,1,7,0,1,0,6,8,10,1
2,18,4,1,0,0,3,0,0,16,1,1,0,0,0,0,5,0,0,3,0
9,20,2,1,1,0,3,2,0,0,1,1,1,6,0,3,0,6,10,11,0
2,18,4,1,1,0,3,1,0,0,1,1,1,0,0,1,0,1,2,2,0
11,18,0,0,1,0,3,0,0,1,1,1,1,7,2,1,0,6,4,12,1
10,13,4,1,1,0,3,0,0,15,1,1,1,7,0,1,5,0,0,9,1
14,18,0,1,1,3,3,0,1,0,1,1,1,0,2,1,0,6,4,14,1
9,14,4,0,0,0,3,0,0,2,1,1,0,0,0,0,5,0,0,0,1
6,21,4,1,1,0,3,0,0,0,1,1,1,0,0,1,1,6,0,13,0
13,20,0,1,1,0,3,0,0,1,1,1,1,0,2,1,0,2,10,1,1
9,20,4,1,1,0,3,3,0,2,1,1,1,0,0,3,0,8,3,11,1
7,18,4,0,1,0,3,0,0,14,1,1,1,0,0,1,0,4,6,8,1
9,18,0,1,1,0,3,0,0,2,1,1,1,1,0,0,5,0,0,0,1
15,21,4,1,1,4,3,0,1,0,1,1,1,5,2,2,0,6,8,10,0
9,15,0,1,1,0,3,0,0,1,1,1,1,0,0,5,2,6,0,6,1
2,18,4,1,0,0,3,0,0,16,1,1,0,0,0,0,5,0,0,0,1
15,15,4,0,1,0,3,1,0,2,1,1,1,0,2,1,0,8,3,6,1
12,19,0,1,1,0,3,3,0,13,1,1,1,8,2,2,0,2,4,8,0
2,16,4,0,1,0,3,0,0,2,1,1,1,7,0,1,0,6,6,5,1
10,8,3,0,1,0,1,3,0,2,1,1,1,0,2,0,5,0,0,7,1
14,21,4,0,1,4,3,0,1,0,1,1,1,5,2,1,0,4,6,13,1
15,18,0,1,1,0,3,0,0,1,1,1,1,0,2,1,5,0,0,0,0
13,15,0,1,1,0,3,0,0,0,1,1,1,7,2,1,0,6,10,12,1
11,14,4,0,1,4,3,0,1,12,1,1,1,5,2,1,2,2,0,5,1
10,19,0,1,1,4,3,0,1,8,1,1,1,5,0,1,0,6,3,8,1
6,9,4,0,0,0,3,1,0,12,1,0,1,1,0,9,2,0,0,0,1
2,17,0,0,1,3,3,0,1,8,1,1,1,5,0,1,0,6,6,3,1
0,15,4,0,1,0,3,0,0,2,1,1,1,0,0,0,5,0,0,0,1
4,17,4,0,1,0,3,1,0,2,1,1,1,0,0,1,0,4,10,1,1
6,15,4,0,1,0,3,1,0,2,1,1,1,0,0,1,0,4,8,6,1
14,23,4,0,1,0,3,0,0,5,1,1,1,5,2,1,0,8,11,13,1
11,15,4,1,1,3,3,0,1,12,1,1,1,0,2,1,5,0,0,0,1
7,15,4,0,1,0,3,1,0,0,1,1,1,0,0,1,0,4,5,8,0
9,17,2,1,1,4,3,1,1,2,1,1,1,0,0,1,0,2,4,5,1
14,21,0,1,1,0,3,0,0,0,1,1,1,0,2,3,0,6,6,12,1
13,15,4,1,1,0,3,1,0,2,1,1,1,0,2,1,0,6,8,8,1
13,21,0,0,1,0,3,1,0,0,1,1,1,0,2,2,0,6,2,11,1
5,18,4,1,1,4,3,0,1,9,1,1,1,5,0,0,5,0,0,0,1
2,18,4,1,1,0,3,1,0,2,1,1,1,8,0,2,0,3,1,3,1
15,13,4,0,1,0,3,0,0,0,1,1,1,0,2,1,0,6,4,6,1
0,18,4,1,1,0,3,0,0,2,1,1,1,0,0,1,0,1,10,2,1
4,15,4,0,1,0,3,1,0,2,1,1,1,0,0,1,0,3,3,10,1
10,20,0,1,1,0,3,1,0,1,1,1,1,0,0,1,0,7,3,11,1
15,21,4,0,1,4,3,0,1,9,1,1,1,5,2,1,0,6,10,8,0
13,20,4,1,1,0,3,3,0,2,1,1,1,5,2,1,0,1,2,3,1
1,18,4,1,1,0,3,0,0,2,1,1,1,0,0,0,5,0,0,0,1
12,15,4,1,1,0,3,0,0,12,1,1,1,0,2,1,0,6,8,9,1
5,20,4,0,1,0,3,1,0,2,1,1,1,0,0,1,0,6,5,5,0
6,18,4,1,1,0,3,0,0,16,1,1,1,1,0,1,1,8,0,11,1
6,15,4,0,1,0,3,0,0,2,1,1,1,5,0,0,5,0,0,0,1
15,20,4,0,1,4,3,0,1,0,1,1,1,5,2,1,0,6,4,10,0
6,20,4,1,1,0,3,1,0,11,1,1,1,0,0,1,0,7,8,14,1
7,18,4,0,1,0,3,1,0,2,1,1,1,0,0,1,0,6,6,3,1
9,3,0,0,1,3,1,3,1,14,1,1,1,7,0,1,0,5,3,7,1
0,17,4,0,1,0,3,3,0,2,1,1,1,0,0,1,2,1,0,1,0
8,15,4,1,1,0,3,3,0,2,1,1,1,0,0,1,0,6,2,5,1
2,18,4,0,1,0,3,1,0,2,1,1,1,0,0,1,5,6,0,2,1
5,22,4,1,1,0,3,0,0,11,1,1,1,1,0,1,0,6,6,10,0
15,15,0,1,1,0,3,3,0,0,1,1,1,0,2,1,0,9,3,11,1
12,15,4,0,1,0,3,0,0,12,1,1,1,0,2,1,0,5,3,6,0
11,20,4,0,1,3,3,0,1,12,1,1,1,5,2,1,0,7,8,10,1
14,15,0,0,1,0,3,0,0,0,1,1,1,0,2,1,0,6,8,11,1
14,13,0,1,0,0,3,0,0,0,1,1,1,0,2,1,0,8,6,13,1
2,20,4,1,1,0,3,0,0,2,1,1,1,0,0,0,5,0,0,0,1
4,21,4,0,1,0,3,0,0,2,1,1,1,0,0,1,0,6,2,9,1
1,17,4,0,1,0,3,0,0,2,1,1,1,7,0,1,0,2,2,2,1
13,18,4,0,1,0,3,0,0,0,1,1,1,5,2,1,0,6,10,14,1
0,17,4,0,1,0,3,0,0,2,1,1,1,0,0,0,5,0,0,0,1
15,20,4,1,0,0,3,1,0,0,1,1,0,0,2,2,0,6,6,8,1
10,17,2,0,1,0,3,0,0,2,1,1,1,7,0,3,5,0,0,0,1
6,20,4,0,1,0,1,1,0,1,1,1,1,8,0,8,5,0,0,0,1
2,15,4,0,1,0,3,1,0,2,1,1,1,0,0,1,2,6,0,2,1
11,15,4,1,1,0,3,0,0,2,1,1,1,7,2,1,0,4,3,5,1
9,20,4,1,1,0,3,0,0,0,1,1,1,5,0,1,0,6,0,11,1
12,20,4,0,1,4,3,3,1,5,1,1,1,5,2,2,0,6,6,10,1
6,12,4,0,1,0,3,0,0,5,1,1,1,7,0,1,2,0,0,0,1
11,19,0,0,1,0,3,1,0,0,1,1,1,0,2,1,0,6,3,12,1
15,19,4,0,1,0,3,1,0,2,1,1,1,8,2,3,0,2,0,3,1
4,15,4,1,1,0,3,0,0,11,1,1,1,0,0,1,0,6,2,6,1
11,19,0,1,1,0,3,0,0,1,1,1,1,0,2,1,0,6,4,12,1
9,15,4,0,1,0,3,0,0,2,1,1,1,0,0,1,0,6,4,6,1
13,17,0,0,1,4,3,0,1,1,1,1,1,0,2,1,0,6,4,10,1
1,15,4,0,1,4,3,0,1,9,1,1,1,5,0,0,5,0,0,0,1
0,18,4,0,1,0,3,1,0,2,1,1,1,0,0,1,0,2,7,4,1
11,14,0,0,1,0,3,0,0,16,1,1,1,5,2,1,0,6,5,6,1
10,13,4,0,1,4,3,0,1,15,1,1,1,7,0,0,5,0,0,0,1
2,18,4,1,1,0,3,1,0,12,1,1,1,0,0,1,5,2,0,4,0
12,15,4,1,1,4,3,3,1,13,1,1,1,7,2,7,0,5,4,8,1
14,15,4,0,1,0,3,0,0,12,1,1,1,5,2,1,0,6,4,10,1
8,15,4,0,1,0,3,0,0,0,1,1,1,0,0,6,1,4,0,7,1
14,19,0,1,1,0,3,0,0,1,1,1,1,0,2,1,0,3,5,7,1
8,15,4,1,1,4,3,0,1,9,1,1,1,7,0,1,0,6,11,8,1
3,14,0,0,1,0,3,0,0,2,1,1,1,0,0,1,0,6,3,4,1
9,18,0,1,1,3,3,0,1,0,1,1,1,5,0,1,5,0,0,0,1
0,15,4,1,1,0,3,0,0,2,1,1,1,0,0,1,5,1,0,2,1
12,20,0,1,1,0,3,3,0,0,1,1,1,0,2,1,0,8,4,13,1
0,18,4,0,1,0,3,0,0,11,1,1,1,0,0,1,0,7,7,5,1
12,21,4,0,1,3,3,1,1,0,1,1,1,5,2,1,0,6,2,13,0
10,19,4,1,1,0,3,0,0,12,1,1,1,7,0,1,0,6,11,4,1
12,15,4,0,1,0,3,0,0,9,1,1,1,0,2,1,0,6,2,9,0
5,14,0,0,0,0,3,0,0,2,1,1,0,7,0,0,5,0,0,0,1
13,18,4,0,1,0,3,1,0,0,1,1,1,0,2,1,0,6,6,10,1
3,20,4,0,1,4,3,3,1,9,1,1,1,5,0,1,0,1,2,7,0
8,18,4,0,1,0,3,3,0,0,1,1,1,0,0,1,0,4,1,6,1
13,21,0,1,1,4,3,0,1,1,1,1,1,0,2,1,0,6,10,13,0
3,18,4,1,1,0,3,1,0,16,1,1,1,8,0,1,1,2,0,2,1
12,18,4,1,1,0,3,3,0,0,1,1,1,0,2,1,0,8,4,13,1
13,0,4,1,1,4,3,0,1,12,1,1,1,0,2,0,5,0,0,0,1
0,18,4,0,1,0,3,0,0,16,1,1,1,5,0,0,5,0,0,0,0
11,21,0,0,1,0,0,0,0,0,1,1,1,5,2,5,2,8,0,9,0
9,15,4,1,1,0,3,3,0,0,1,1,1,0,0,1,2,0,0,0,0
7,19,0,1,1,0,3,1,0,1,1,1,1,0,0,1,0,4,2,6,0
11,15,4,1,1,0,3,0,0,11,1,1,1,0,2,1,2,4,0,5,1
14,16,4,0,1,0,3,0,0,2,1,1,1,0,2,1,0,6,4,10,1
6,19,4,1,1,4,3,1,1,2,1,1,1,5,0,1,0,9,0,6,1
3,18,4,1,1,0,3,0,0,2,1,1,1,7,0,1,5,6,0,2,1
12,21,4,1,1,0,3,0,0,0,1,1,1,0,2,1,0,6,2,14,1
2,15,4,1,1,0,3,2,0,0,1,1,1,0,0,1,0,9,1,12,1
9,21,0,1,1,4,3,0,1,1,1,1,1,0,0,6,0,6,8,14,0
2,18,4,1,1,0,3,0,0,16,1,1,1,5,0,0,5,0,0,0,1
14,20,0,1,1,0,3,1,0,0,1,1,1,0,2,2,0,6,2,13,1
4,20,4,0,1,0,3,3,0,2,1,1,1,0,0,1,2,2,0,2,1
14,18,0,1,1,0,3,0,0,0,1,1,1,0,2,1,0,7,5,12,1
2,18,4,1,1,4,3,0,1,9,1,1,1,5,0,0,5,0,0,0,1
6,20,4,1,1,0,3,0,0,2,1,1,1,0,0,1,0,6,8,11,1
6,15,4,0,1,0,3,0,0,11,1,1,1,0,0,1,0,5,0,6,0
14,20,0,0,1,0,3,1,0,0,1,1,1,5,2,1,0,7,11,14,1
11,15,0,0,1,0,3,0,0,8,1,1,1,0,2,4,0,6,5,11,0
13,12,2,0,0,0,3,0,0,15,1,1,1,0,2,1,5,0,0,1,1
5,18,4,0,1,0,3,0,0,2,1,1,1,0,0,1,0,6,3,4,1
2,16,4,0,1,0,3,0,0,15,1,1,1,0,0,1,5,7,0,0,0
10,20,2,1,1,4,3,0,1,0,1,1,1,7,0,4,0,6,6,9,1
10,18,4,0,1,0,3,3,0,14,1,1,1,0,0,7,0,9,8,12,1
4,18,4,0,1,3,3,0,1,0,1,1,1,7,0,1,0,6,1,8,1
5,18,4,1,1,0,3,0,0,2,1,1,1,7,0,1,0,6,2,3,1
6,21,4,1,1,0,3,3,0,2,1,1,1,0,0,2,0,1,2,7,0
9,18,4,1,1,0,3,3,0,11,1,1,1,0,0,4,0,6,10,11,1
12,19,0,1,1,0,3,3,0,0,1,1,1,0,2,1,0,6,4,11,1
9,15,0,1,1,0,3,0,0,0,1,1,1,7,0,1,0,6,6,7,1
6,18,4,0,1,0,3,0,0,14,1,1,1,1,0,1,0,6,8,10,1
3,18,4,1,1,0,3,3,0,2,1,1,1,5,0,1,0,6,6,5,1
8,20,4,1,1,0,3,0,0,11,1,1,1,7,0,1,5,6,0,7,0
5,18,4,0,1,0,1,0,0,0,1,1,1,0,0,5,0,9,8,10,0
9,13,0,0,0,0,3,3,0,8,1,1,0,0,0,1,5,6,0,7,1
7,18,4,1,1,0,3,1,0,0,1,1,1,7,0,4,0,5,2,3,1
12,18,2,0,1,0,3,0,0,2,1,1,1,0,2,0,5,0,0,0,1
2,12,4,0,1,0,3,0,0,12,1,1,1,0,0,1,2,0,0,0,1
0,18,4,1,1,0,3,0,0,2,1,1,1,0,0,1,0,4,0,3,0
1,18,4,0,1,0,3,1,0,2,1,1,1,0,0,1,0,3,5,4,1
10,20,4,0,1,0,3,3,0,2,1,1,1,5,0,1,0,6,2,14,1
4,21,4,1,1,0,3,1,0,0,1,1,1,0,0,1,0,6,4,11,1
8,19,0,1,1,0,3,0,0,0,1,1,1,0,0,1,0,6,4,9,1
15,21,0,1,1,0,3,1,0,0,1,1,1,0,2,3,0,8,6,14,1
3,15,4,0,1,0,3,0,0,15,1,1,1,0,0,1,5,7,0,2,0
10,15,4,1,1,0,3,0,0,12,1,1,1,0,0,1,0,6,8,10,1
6,17,0,1,1,0,3,1,0,0,1,1,1,8,0,1,0,6,1,10,1
1,18,4,0,1,0,3,0,0,16,1,1,1,0,0,1,5,1,0,2,0
1,17,4,1,1,0,3,1,0,0,1,1,1,0,0,2,5,1,0,2,1
11,15,4,1,1,0,3,0,0,7,1,1,1,7,2,1,0,3,4,5,1
2,18,4,0,1,0,3,0,0,0,1,1,1,0,0,5,0,7,2,5,1
11,20,4,1,1,0,3,0,0,0,1,1,1,7,2,1,0,6,6,13,1
3,20,4,1,1,0,3,0,0,3,1,1,1,0,0,1,0,9,4,5,0
14,21,4,1,1,0,3,0,0,12,1,1,1,0,2,1,0,6,2,14,1
0,15,4,0,0,0,3,0,0,16,1,1,0,0,0,0,5,0,0,4,0
11,1,4,1,0,3,3,0,1,15,1,1,0,8,2,3,5,6,0,0,0
13,20,0,0,1,0,1,1,0,0,1,1,1,8,2,5,0,9,8,14,1
0,13,4,0,1,0,3,3,0,16,1,1,1,0,0,0,5,0,0,0,1
3,20,4,1,1,4,3,0,1,2,1,1,1,5,0,1,5,0,0,0,1
9,18,4,1,1,4,3,0,1,11,1,1,1,2,0,1,0,6,3,3,0
14,20,4,0,1,0,3,1,0,0,1,1,1,5,2,1,0,6,8,10,1
7,20,4,0,1,0,3,0,0,5,1,1,1,7,0,1,0,6,10,9,1
8,20,4,1,1,0,3,0,0,0,1,1,1,0,0,3,0,5,0,6,1
15,18,0,0,1,3,3,1,1,1,1,1,1,0,2,0,5,0,0,5,1
4,13,4,1,1,0,3,3,0,16,1,1,1,1,0,6,3,3,0,6,1
6,15,0,0,1,0,3,0,0,0,1,1,1,7,0,1,0,6,1,11,1
11,14,0,0,1,2,3,0,1,0,1,1,1,5,2,1,0,1,1,3,0
4,17,4,0,1,0,3,0,0,2,1,1,1,0,0,0,5,0,0,0,1
2,18,4,1,1,0,3,1,0,0,1,1,1,0,0,1,2,1,0,4,1
9,17,4,0,1,0,3,0,0,12,1,1,1,0,0,6,0,7,6,11,1
13,18,4,1,1,3,3,1,1,5,1,1,1,0,2,1,0,3,4,4,1
1,18,4,1,1,4,3,0,1,16,1,1,1,0,0,2,0,2,2,4,0
9,21,4,0,1,4,3,0,1,0,1,1,1,5,0,4,0,6,6,11,0
15,19,4,1,1,0,3,0,0,2,1,1,1,5,2,1,0,6,8,12,1
2,14,4,0,1,4,3,0,1,16,1,1,1,0,0,1,0,8,2,5,1
13,16,4,0,1,0,3,0,0,15,1,1,1,7,2,0,5,0,0,0,1
14,20,0,1,1,4,3,0,1,0,1,1,1,5,2,1,0,6,0,13,0
13,21,0,1,1,4,3,0,1,1,1,1,1,5,2,1,0,6,3,14,0
7,20,4,0,1,2,3,0,0,2,1,1,1,0,0,9,2,0,0,0,1
7,13,4,0,1,0,3,3,0,2,1,1,1,0,0,0,5,0,0,13,1
2,18,2,0,0,0,3,2,0,0,1,1,1,0,0,1,5,2,0,1,1
8,15,4,0,1,3,3,0,1,5,1,1,1,5,0,1,0,6,3,2,1
3,15,0,0,1,0,0,3,0,11,1,1,1,0,0,5,3,9,3,12,0
5,17,4,0,1,0,3,0,0,15,1,1,1,0,0,0,5,0,0,0,1
12,18,4,0,1,0,3,1,0,0,1,1,1,0,2,1,5,0,0,0,0
10,20,0,0,1,0,3,1,0,0,1,1,1,0,0,2,0,6,1,10,1
0,18,4,0,1,3,3,3,1,2,1,1,1,1,0,1,0,6,6,9,1
9,18,4,0,1,0,3,0,0,0,1,1,1,5,0,6,5,0,0,11,0
13,15,0,0,1,0,3,1,0,2,1,1,1,0,2,6,0,4,7,7,1
14,0,4,1,1,4,3,0,1,9,1,1,1,0,2,0,5,0,0,0,1
13,20,0,1,1,0,3,0,0,0,1,1,1,0,2,1,0,6,3,11,1
15,12,0,0,1,4,3,0,1,1,1,1,1,0,2,1,2,0,0,5,1
10,20,0,1,1,0,3,1,0,0,1,1,1,0,0,3,0,6,2,12,0
3,18,4,0,1,0,3,3,0,16,1,1,1,1,0,9,2,0,0,0,1
5,20,4,1,1,3,3,1,1,2,1,1,1,0,0,1,5,0,0,0,1
9,20,0,0,1,0,3,0,0,1,1,1,1,7,0,1,0,6,4,13,1
11,20,4,0,1,0,3,1,0,0,1,1,1,8,2,1,0,6,8,13,1
10,12,0,1,1,4,3,0,1,1,1,1,1,0,0,1,0,6,7,5,1
11,15,0,0,1,0,1,1,0,0,1,1,1,0,2,1,0,6,11,3,1
3,15,4,1,1,0,3,1,0,2,1,1,1,0,0,1,0,6,1,9,1
13,18,0,0,1,0,3,0,0,8,1,1,1,0,2,1,0,1,1,1,1
0,18,4,1,1,0,3,3,0,5,1,1,1,7,0,1,0,3,4,3,1
8,16,4,0,0,0,3,1,0,2,1,1,0,0,0,0,5,0,0,2,1
1,18,4,0,1,4,3,0,1,11,1,1,1,2,0,1,5,6,0,0,1
6,15,4,0,1,0,3,0,0,2,1,1,1,0,0,1,0,6,2,12,1
2,18,4,1,1,0,3,3,0,2,1,1,1,0,0,1,0,3,2,2,1
11,20,4,0,1,0,3,1,0,10,1,1,1,0,2,1,0,6,3,11,0
3,18,4,0,1,4,3,0,1,2,1,1,1,5,0,1,0,3,9,2,1
2,18,4,0,1,0,3,3,0,2,1,1,1,0,0,1,0,6,7,7,1
9,15,0,0,1,0,0,1,0,0,1,1,1,0,0,5,3,7,0,9,0
13,21,0,1,1,4,3,0,1,1,1,1,1,5,2,0,5,0,0,0,1
8,19,4,0,1,0,3,0,0,2,1,1,1,5,0,1,1,6,0,10,1
4,12,4,0,1,0,3,0,0,16,1,1,1,8,0,1,5,0,0,5,0
15,23,2,0,1,3,3,0,1,15,1,1,1,0,2,1,5,6,0,2,0
13,20,4,0,1,0,1,1,0,0,1,1,1,8,2,5,0,6,9,13,0
10,4,2,0,1,4,3,0,1,2,1,1,1,7,0,3,0,7,5,11,1
8,18,4,0,1,0,3,0,0,2,1,1,1,0,0,3,0,2,7,8,1
15,21,0,1,1,4,3,0,1,1,1,1,1,5,2,0,5,0,0,0,0
6,19,4,1,1,0,3,0,0,2,1,1,1,7,0,4,0,4,5,6,1
11,20,0,1,1,0,3,0,0,2,1,1,1,0,2,3,0,6,4,11,1
7,18,4,0,1,0,1,0,0,0,1,1,1,0,0,5,0,6,8,10,0
7,20,0,0,1,3,3,0,1,1,1,1,1,8,0,1,1,6,0,13,1
11,20,0,1,1,0,3,0,0,0,1,1,1,5,0,2,2,4,0,4,0
13,15,4,0,1,0,3,0,0,0,1,1,1,0,2,1,0,6,4,11,1
1,17,4,1,1,0,3,0,0,2,1,1,1,5,0,3,2,1,0,2,1
5,18,4,0,0,3,3,0,1,11,1,0,1,5,0,1,5,6,0,5,0
7,20,0,0,1,0,3,1,0,1,1,1,1,8,0,1,0,7,10,11,0
7,20,4,1,1,3,3,0,1,2,1,1,1,0,0,1,5,0,0,0,1
3,18,4,1,1,0,3,1,0,0,1,1,1,0,0,2,0,4,8,1,0
1,15,4,0,1,3,3,0,1,2,1,1,1,0,0,9,2,0,0,0,1
10,19,4,1,1,0,3,3,0,12,1,1,1,0,0,1,0,6,8,9,0
1,17,4,1,1,0,3,0,0,2,1,1,1,0,0,1,0,4,2,8,1
8,19,4,1,1,3,3,3,1,12,1,1,1,5,0,1,0,6,8,8,1
3,17,4,0,1,0,3,0,0,16,1,1,1,0,0,1,5,6,0,4,1
14,20,4,0,0,0,3,1,0,0,1,1,1,5,2,1,0,5,6,8,0
0,15,4,0,0,0,3,3,0,2,1,1,0,0,0,0,5,0,0,0,1
3,17,4,1,1,0,3,1,0,2,1,1,1,0,0,1,0,5,2,7,1
7,16,4,0,1,0,3,0,0,2,1,1,1,0,0,1,0,5,6,5,1
1,17,4,1,1,0,3,1,0,2,1,1,1,8,0,1,0,6,6,9,1
14,20,0,1,1,0,3,1,0,1,1,1,1,0,2,1,0,4,3,13,1
10,19,4,1,1,0,3,0,0,0,1,1,1,0,0,0,5,0,0,0,0
5,18,4,1,0,0,3,0,0,2,1,1,0,1,0,0,5,0,0,0,1
0,18,4,1,1,0,3,0,0,2,1,1,1,1,0,0,5,0,0,0,1
1,18,4,0,1,4,3,0,1,2,1,1,1,8,0,1,0,1,8,5,1
4,20,4,1,1,4,3,0,1,11,1,1,1,0,0,0,5,0,0,0,0
11,18,4,1,0,3,3,0,1,2,1,1,1,5,2,1,5,0,0,1,1
8,19,4,1,1,4,3,0,1,0,1,1,1,5,0,1,1,6,0,10,0
15,18,4,0,1,0,3,0,0,2,1,1,1,1,2,1,5,6,0,2,1
0,15,4,0,0,0,3,3,0,16,1,1,0,0,0,0,5,0,0,0,1
11,18,4,0,1,0,3,3,0,11,1,1,1,0,2,1,5,0,0,0,0
8,19,4,1,0,0,3,0,0,0,1,1,0,1,0,1,0,3,3,4,0
9,18,2,1,1,0,3,1,0,2,1,1,1,0,0,1,5,2,0,3,0
13,18,4,0,1,0,3,1,0,0,1,1,1,0,2,7,0,5,0,9,1
13,15,0,1,1,0,3,0,0,0,1,1,1,7,2,1,0,6,7,12,0
12,19,0,1,1,0,3,0,0,2,1,1,1,0,2,0,5,0,0,0,1
13,18,4,1,1,2,3,1,0,0,1,1,1,0,2,7,5,0,0,0,1
3,19,4,1,1,0,3,1,0,0,1,1,1,0,0,1,5,0,0,0,1
13,21,4,1,1,4,3,0,1,0,1,1,1,0,2,0,5,0,0,0,1
3,6,1,1,1,1,1,0,1,7,1,0,1,8,0,9,2,5,11,3,0
15,15,4,0,1,4,3,0,1,0,1,1,1,7,2,1,0,5,3,6,1
11,20,0,0,1,0,0,0,0,7,1,1,1,5,2,5,0,8,6,9,1
2,15,4,0,1,0,3,1,0,2,1,1,1,0,0,3,0,6,7,3,1
9,21,4,1,1,3,3,0,1,0,1,1,1,5,0,2,0,8,11,11,0
15,21,4,0,1,4,3,0,1,0,1,1,1,5,2,1,0,8,10,14,1
7,15,4,0,1,0,3,0,0,11,1,1,1,0,0,1,0,6,3,9,1
0,15,4,0,1,0,3,0,0,2,1,1,1,0,0,0,5,0,0,0,1
9,14,0,0,1,4,3,0,1,15,1,1,1,0,0,1,5,0,0,0,1
3,18,4,1,1,0,3,3,0,2,1,1,1,0,0,1,0,6,4,4,1
6,17,0,0,1,4,3,0,1,1,1,1,1,0,0,4,0,6,2,5,1
4,18,4,1,1,0,3,0,0,16,1,1,1,0,0,2,5,1,0,7,0
12,15,0,1,1,4,3,0,1,1,1,1,1,0,2,1,5,0,0,0,0
4,20,4,1,1,0,3,3,0,3,1,1,1,0,0,1,0,6,7,9,1
12,16,4,1,0,0,3,1,0,3,1,0,0,8,0,6,5,6,0,4,1
6,18,4,0,1,0,0,0,0,11,1,1,1,0,0,5,3,9,3,12,1
2,18,4,1,1,0,3,0,0,2,1,1,1,5,0,1,5,0,0,0,1
3,16,4,0,1,0,3,3,0,14,1,1,1,5,0,1,0,6,10,7,1
0,15,4,1,1,4,3,1,0,16,1,1,1,0,0,1,0,4,2,5,0
15,22,4,1,0,0,3,3,0,0,1,0,1,0,2,1,0,6,9,14,1
4,15,4,0,1,0,3,1,0,7,1,1,1,0,0,1,0,2,8,6,1
0,18,4,1,1,0,3,1,0,9,1,1,1,0,0,0,5,0,0,0,1
11,15,0,0,1,0,1,0,0,0,1,1,1,0,2,1,0,6,6,12,1
11,20,4,0,1,0,3,0,0,2,1,1,1,5,2,1,0,6,5,10,1
9,7,0,0,1,2,3,0,1,2,1,1,1,8,0,6,0,2,4,4,1
10,20,4,1,1,0,3,3,0,0,1,1,1,0,0,1,0,5,6,12,1
3,15,4,0,1,0,3,0,0,0,1,1,1,7,0,0,5,0,0,3,1
4,20,4,1,1,0,3,0,0,2,1,1,1,5,0,1,0,7,0,9,1
7,17,4,1,1,0,3,3,0,0,1,1,1,0,0,1,0,6,5,9,1
15,15,0,0,1,0,1,1,0,0,1,1,1,0,2,1,0,9,3,12,1
7,17,4,1,1,0,3,3,0,0,1,1,1,0,0,1,1,3,0,9,1
15,20,4,1,1,0,3,3,0,0,1,1,1,0,2,2,0,6,0,13,0
5,20,4,1,1,2,3,1,0,2,1,1,1,0,0,1,0,6,6,12,1
5,19,4,0,1,0,3,3,0,0,1,1,1,8,0,2,0,1,1,2,1
7,15,0,1,1,0,3,1,0,2,1,1,1,5,0,6,0,1,0,6,1
14,15,0,1,1,3,3,0,1,0,1,1,1,0,2,0,5,0,0,0,1
1,15,4,0,1,0,3,0,0,2,1,1,1,7,0,1,0,6,6,3,1
0,17,4,0,1,4,3,0,1,2,1,1,1,7,0,3,0,4,0,1,1
7,18,4,1,1,0,3,0,0,14,1,1,1,0,0,1,0,6,8,8,1
10,20,4,1,0,0,3,0,0,2,1,1,0,0,0,1,0,6,6,4,1
10,15,4,0,1,0,3,0,0,15,1,1,1,0,0,0,5,0,0,0,0
15,16,4,0,0,3,3,0,1,2,1,1,0,0,2,0,5,0,0,4,1
5,18,4,1,1,0,3,3,0,2,1,1,1,0,0,0,5,0,0,0,1
7,15,0,0,1,0,3,1,0,2,1,1,1,0,0,1,0,1,1,4,1
9,20,4,0,1,0,3,0,0,0,1,1,1,0,0,1,0,7,4,13,1
10,15,4,0,1,0,3,0,0,2,1,1,1,0,0,1,0,6,6,8,1
6,18,4,0,1,2,3,0,0,2,1,1,1,2,0,1,0,5,6,3,1
1,18,4,1,1,0,3,0,0,2,1,1,1,0,0,3,0,1,4,1,1
7,15,0,0,1,0,0,0,0,0,1,1,1,7,0,5,3,9,2,12,0
4,15,2,0,1,0,3,0,0,7,1,1,1,0,0,3,0,6,4,9,1
15,20,0,0,1,0,3,1,0,0,1,1,1,0,2,4,5,0,0,13,1
9,12,3,0,1,0,3,3,0,0,1,1,1,1,0,1,0,6,2,4,0
0,15,4,0,1,0,3,0,0,2,1,1,1,0,0,0,5,0,0,0,1
12,21,0,1,1,0,3,3,0,2,1,1,1,0,2,2,0,7,4,13,1
0,18,4,1,1,0,3,0,0,9,1,1,1,7,0,2,0,1,0,1,1
9,21,4,1,1,0,3,0,0,0,1,1,0,1,0,3,0,6,7,12,1
10,20,0,0,1,0,3,3,0,0,1,1,1,0,0,2,0,8,11,13,0
2,15,0,0,1,4,3,0,1,8,1,1,1,7,0,1,0,2,3,6,0
4,20,0,1,1,0,3,1,0,0,1,1,1,0,0,1,0,6,5,12,0
8,15,4,0,1,0,3,0,0,2,1,1,1,0,0,1,0,4,6,8,1
5,15,4,1,1,4,3,0,1,10,1,1,1,0,0,1,0,9,11,3,0
9,18,4,0,1,0,3,1,0,12,1,1,1,0,0,1,0,8,6,6,1
10,20,4,0,1,0,3,0,0,2,1,1,1,0,0,1,0,8,6,11,1
8,19,4,1,1,0,3,1,0,11,1,1,1,0,0,1,5,6,0,7,1
2,18,4,1,0,0,3,1,0,2,1,1,1,0,0,1,0,6,6,5,1
13,15,4,1,1,0,3,0,0,5,1,1,1,0,2,1,0,6,2,10,1
4,21,0,1,1,0,3,0,0,0,1,1,1,0,0,2,0,6,3,13,0
0,8,4,0,1,4,3,0,1,2,1,1,1,0,0,1,5,0,0,0,1
11,4,4,0,0,2,3,1,0,2,0,0,0,0,0,8,0,2,5,4,1
1,18,4,0,1,0,3,3,0,2,1,1,1,0,0,1,0,3,4,4,1
13,16,4,0,1,0,3,0,0,2,1,1,1,0,2,9,2,0,0,0,1
13,16,0,0,0,0,3,0,0,1,1,1,0,0,2,0,5,0,0,0,1
6,21,4,0,1,0,3,0,0,2,1,1,1,5,0,1,0,2,11,3,1
13,20,0,1,1,4,3,0,1,0,1,1,1,5,2,1,0,2,9,6,1
9,19,4,1,1,0,3,0,0,0,1,1,1,0,0,1,0,5,0,6,0
6,18,4,1,1,0,3,3,0,11,1,1,1,0,0,0,5,0,0,0,1
11,21,0,1,1,4,3,0,1,1,1,1,1,5,2,0,5,0,0,12,1
10,14,0,0,1,0,3,3,0,0,1,1,1,0,0,3,0,6,4,12,1
7,21,4,0,1,4,3,0,1,5,1,1,1,7,0,1,0,6,4,8,1
11,19,4,0,1,0,3,1,0,2,1,1,1,0,2,3,0,6,10,11,1
2,15,4,0,1,0,3,0,0,2,1,1,1,0,0,0,5,0,0,0,1
6,15,4,1,1,0,3,1,0,2,1,1,1,8,0,1,5,0,0,0,1
7,20,4,1,1,0,3,1,0,12,1,1,1,0,2,3,0,1,2,6,1
9,20,0,1,1,2,3,1,0,0,1,1,1,0,0,1,0,6,11,14,1
7,18,4,0,1,0,3,0,0,5,1,1,1,7,0,1,0,6,4,9,0
14,19,4,0,1,0,3,0,0,0,1,1,1,5,2,1,0,6,4,11,1
11,18,4,0,1,0,3,0,0,16,1,1,1,1,2,6,5,1,0,2,1
4,18,4,0,1,0,3,3,0,11,1,1,1,0,0,1,0,3,6,8,0
4,19,4,0,1,0,3,1,0,2,1,1,1,8,0,1,0,2,5,2,1
5,20,4,1,1,3,3,3,1,0,1,1,1,5,0,1,0,6,2,5,1
0,18,4,0,1,0,3,0,0,16,1,1,1,1,0,0,5,0,0,0,0
12,17,0,0,1,0,3,1,0,1,1,1,1,8,2,1,0,7,2,13,1
5,19,4,0,1,0,3,0,0,2,1,1,1,5,0,1,0,6,6,10,1
13,18,0,0,1,0,1,0,0,0,1,1,1,8,2,5,0,6,2,9,1
4,19,4,1,1,0,3,0,0,2,1,1,1,1,0,6,0,6,0,8,0
5,18,4,1,1,0,3,0,0,2,1,1,1,0,0,6,0,1,3,4,0
8,11,4,0,1,4,3,0,1,0,1,1,1,0,0,0,5,0,0,0,1
8,16,0,1,1,0,3,1,0,0,1,1,1,0,0,1,5,5,0,2,0
1,15,4,1,1,0,3,0,0,2,1,1,1,0,0,1,1,4,0,1,1
5,20,4,1,1,0,3,1,0,16,1,1,1,0,0,2,0,6,1,7,0
14,20,0,0,1,0,3,0,0,1,1,1,1,0,2,1,2,6,0,9,1
8,21,4,0,1,4,3,3,1,11,1,1,1,5,0,1,0,5,0,2,1
8,20,4,0,1,0,3,0,0,2,1,1,1,7,0,2,0,6,4,12,1
1,18,4,0,1,0,3,3,0,2,1,1,1,0,0,0,5,0,0,0,1
14,21,0,1,1,0,3,0,0,0,1,1,1,5,2,1,0,6,4,13,1
15,20,0,0,1,0,3,0,0,0,1,1,1,7,2,1,0,6,3,14,1
11,18,4,0,1,0,3,0,0,11,1,1,1,2,2,1,0,9,3,14,1
14,0,0,0,1,4,3,0,1,1,1,1,1,7,2,1,0,6,4,7,1
7,15,4,0,1,0,3,3,0,2,1,1,1,0,0,0,5,0,0,0,1
14,19,0,1,1,3,3,0,1,8,1,1,1,5,2,0,5,0,0,0,1
0,15,4,1,1,0,3,0,0,2,1,1,1,0,0,0,5,0,0,0,1
3,20,4,1,1,0,3,1,0,2,1,1,1,0,0,1,0,2,1,5,0
11,18,4,0,1,0,3,0,0,7,1,1,1,0,2,6,0,3,11,6,1
3,15,4,0,1,0,3,1,0,2,1,1,1,1,0,1,0,3,2,4,1
13,23,0,0,1,0,3,3,0,1,1,1,1,0,2,7,0,8,7,13,0
13,21,0,1,1,0,3,0,0,0,1,1,1,5,2,2,0,9,10,14,0
9,15,0,1,1,4,3,0,1,1,1,1,1,7,0,1,5,0,0,0,0
13,18,0,1,1,0,3,0,0,1,1,1,1,0,2,1,0,6,3,11,0
3,18,4,1,1,0,3,1,0,2,1,1,1,8,0,0,5,0,0,0,1
4,20,4,1,1,0,3,3,0,9,1,1,1,5,0,1,0,7,3,3,1
4,16,4,0,1,0,3,0,0,2,1,1,1,7,0,1,0,6,10,10,1
3,17,0,1,1,4,3,0,1,1,1,1,1,0,0,1,1,9,0,2,1
13,13,4,1,1,0,3,0,0,2,1,1,1,1,2,1,0,6,2,13,1
14,20,0,1,1,0,3,1,0,0,1,1,1,0,2,3,0,6,5,12,1
13,20,0,1,1,0,3,0,0,1,1,1,1,1,2,5,0,6,6,6,1
5,15,4,1,1,4,3,0,1,9,1,1,1,5,0,0,5,0,0,0,1
10,21,4,1,1,4,3,1,1,12,1,1,1,5,0,1,0,6,10,14,0
6,15,4,0,1,0,3,3,0,2,1,1,1,0,0,1,0,6,3,10,1
1,18,4,0,1,0,3,0,0,2,1,1,1,1,0,1,0,4,3,5,1
7,13,4,1,1,0,3,1,0,2,1,1,1,0,0,1,0,6,4,7,1
6,15,4,1,1,4,3,0,1,0,1,1,1,0,0,1,0,6,4,12,0
14,19,0,1,1,0,3,1,0,0,1,1,1,0,2,1,0,6,4,12,1
1,17,4,0,1,4,3,0,1,2,1,1,1,7,0,1,0,6,3,10,1
6,18,0,0,1,4,3,0,1,0,1,1,1,7,0,1,0,6,4,9,1
8,0,4,0,1,0,3,0,0,2,1,1,1,1,0,0,5,0,0,0,1
8,20,0,1,1,4,3,0,1,0,1,1,1,5,0,0,5,0,0,0,1
3,13,0,1,1,0,3,1,0,1,1,1,1,0,0,1,5,0,0,2,1
8,20,4,0,1,0,3,1,0,11,1,1,1,0,0,1,0,6,1,10,1
9,20,4,0,1,0,3,1,0,2,1,1,1,0,0,4,0,5,5,6,1
1,18,4,0,1,0,3,0,0,2,1,1,1,0,0,1,0,6,4,13,1
15,19,0,0,1,0,1,1,0,0,1,1,1,0,2,1,0,9,10,10,1
8,20,4,1,1,0,3,0,0,9,1,1,1,7,0,3,2,3,0,3,1
14,20,4,0,0,0,3,1,0,16,1,1,0,0,2,1,5,0,0,0,1
4,18,4,1,1,0,3,3,0,2,1,1,1,0,0,1,0,4,2,3,1
2,20,4,1,1,3,3,3,1,2,1,1,1,0,0,1,0,6,4,4,1
9,18,4,0,1,3,3,0,1,2,1,1,1,0,0,1,0,6,4,9,1
2,15,4,0,1,0,3,1,0,2,1,1,1,8,0,0,5,0,0,0,1
6,15,4,0,1,0,3,0,0,2,1,1,1,7,0,1,0,6,4,8,1
3,15,4,0,1,0,3,0,0,2,1,1,1,7,0,1,0,6,4,6,1
2,18,4,1,1,0,3,0,0,11,1,1,1,5,0,1,0,1,3,6,1
3,13,4,0,1,0,3,0,0,15,1,1,1,0,0,0,5,0,0,0,0
6,14,4,1,0,0,3,3,0,3,1,1,0,1,0,0,5,0,0,5,1
8,18,4,0,1,3,3,3,1,2,1,1,1,5,0,1,0,9,11,9,1
4,21,4,1,1,0,3,0,0,2,1,1,1,0,0,1,0,6,5,7,0
7,17,4,0,1,0,3,3,0,2,1,1,1,8,0,1,0,6,8,8,1
7,18,4,0,1,4,3,0,1,14,1,1,1,7,0,1,0,6,4,7,1
8,20,4,1,1,0,3,0,0,11,1,1,1,0,0,1,0,8,2,10,1
4,21,4,0,1,0,3,0,0,0,1,1,1,0,0,1,0,6,2,11,1
6,17,4,0,1,0,3,0,0,5,1,1,1,0,0,1,0,6,6,12,1
7,15,0,0,1,0,3,3,0,1,1,1,1,7,0,7,0,6,10,4,1
11,20,0,0,1,0,3,1,0,1,1,1,1,8,2,3,0,8,3,12,1
5,20,4,1,1,4,3,3,1,11,1,1,1,0,0,6,0,6,3,8,0
3,15,4,1,1,0,3,0,0,7,1,1,1,7,0,1,0,3,6,5,1
7,15,4,0,1,4,3,0,1,5,1,1,1,0,0,1,0,6,10,8,1
3,15,4,1,1,0,3,3,0,2,1,1,1,7,0,1,0,6,6,5,1
15,20,0,1,1,0,3,0,0,0,1,1,1,7,2,1,0,7,10,11,1
10,19,4,1,1,0,3,0,0,2,1,1,1,5,0,3,0,5,5,2,1
7,18,4,1,1,4,3,0,1,0,1,1,1,0,0,1,0,8,1,9,1
4,21,0,1,1,0,3,0,0,0,1,1,1,0,0,1,0,8,3,9,1
0,15,4,0,1,0,3,0,0,2,1,1,1,0,0,1,0,2,7,4,1
8,18,4,1,1,0,3,0,0,9,1,1,1,0,0,2,0,6,3,8,1
4,15,4,0,1,4,3,0,1,5,1,1,1,5,0,1,0,6,3,9,1
11,21,4,0,1,0,3,3,0,0,1,1,1,0,2,1,0,6,3,13,0
11,16,4,1,1,0,3,0,0,10,1,1,1,0,2,1,0,6,5,4,1
0,19,4,1,1,0,3,1,0,2,1,1,1,0,0,1,0,4,1,6,1
13,15,0,1,1,0,3,0,0,1,1,1,1,7,2,1,0,1,4,2,1
15,15,4,0,1,0,3,0,0,0,1,1,1,0,2,1,0,8,2,8,1
11,17,4,1,1,0,3,0,0,0,1,1,1,0,2,1,0,7,6,12,0
2,15,2,1,1,4,3,3,1,14,1,1,1,0,0,1,5,2,0,2,1
13,20,0,0,1,0,3,0,0,1,1,1,1,5,2,1,0,6,4,13,0
15,20,0,0,1,4,3,0,1,0,1,1,1,0,2,1,0,6,3,9,1
0,18,4,1,1,0,3,3,0,2,1,1,1,0,0,3,5,0,0,0,1
5,15,0,1,1,0,3,0,0,2,1,1,1,0,0,1,0,6,2,9,1
15,21,0,0,1,0,3,0,0,0,1,1,1,0,2,1,0,9,5,14,1
9,20,0,1,1,0,3,1,0,0,1,1,1,5,0,1,0,2,3,3,1
2,13,4,0,1,4,3,0,1,15,1,1,1,0,0,0,5,0,0,0,0
1,15,2,1,1,4,3,0,1,7,1,1,1,2,0,1,5,5,0,3,1
5,18,4,1,0,0,3,1,0,16,1,1,0,0,0,1,5,0,0,4,0
2,18,4,0,1,0,3,0,0,2,1,1,1,5,0,0,5,0,0,2,1
9,15,4,0,1,0,3,0,0,11,1,1,1,0,0,6,0,4,0,6,1
14,20,4,0,1,0,3,0,0,0,1,1,1,5,2,1,0,6,3,13,1
7,19,4,1,1,3,3,0,1,0,1,1,1,0,0,1,0,6,2,8,1
9,15,4,1,1,0,3,1,0,2,1,1,1,0,0,1,0,6,2,8,1
5,8,4,0,1,0,3,0,1,9,1,1,1,0,0,1,0,5,4,3,0
5,15,4,0,1,0,3,1,0,2,1,1,1,0,0,1,0,6,11,8,0
8,20,4,1,1,0,3,0,0,0,1,1,1,0,0,3,1,1,0,1,1
4,20,4,1,1,0,3,0,0,0,1,1,1,0,0,1,0,3,6,2,0
0,18,4,1,1,0,3,0,0,16,1,1,1,0,0,3,0,1,3,3,1
9,16,0,0,1,0,3,0,0,0,1,1,1,7,0,1,0,5,1,13,0
14,15,4,0,0,0,3,0,0,2,1,1,0,0,2,0,5,0,0,4,1
3,18,4,1,1,0,3,0,0,2,1,1,1,0,0,3,0,3,4,2,1
12,22,4,0,1,0,3,0,0,0,1,1,1,5,0,2,0,8,3,14,0
15,18,4,1,1,0,3,0,0,2,1,1,1,7,2,1,0,6,2,12,1
0,13,4,1,1,0,3,0,0,2,1,1,1,0,0,0,5,0,0,0,1
12,18,0,0,1,0,3,3,0,1,1,1,1,0,2,1,0,7,3,12,1
14,19,0,1,1,0,3,1,0,0,1,1,1,0,2,1,0,7,8,14,1
7,19,0,1,1,0,3,0,0,1,1,1,1,0,0,1,0,6,10,9,0
10,15,4,1,1,0,3,0,0,5,1,1,1,7,0,1,0,3,4,5,1
1,18,4,0,1,0,3,3,0,2,1,1,1,0,0,1,0,6,2,8,1
14,20,0,1,1,4,3,0,1,1,1,1,1,0,2,7,0,7,5,14,1
0,17,4,0,1,0,3,3,0,2,1,1,1,0,0,1,0,2,2,4,1
15,21,4,1,1,3,3,0,1,0,1,1,1,5,2,4,0,6,1,13,1
14,8,3,0,1,3,3,0,1,2,1,1,1,0,2,1,0,3,4,4,1
7,18,4,0,1,0,3,0,0,2,1,1,1,5,0,1,0,6,2,6,0
1,18,4,0,1,3,3,0,1,2,1,1,1,7,0,1,0,4,4,5,1
10,13,4,0,1,0,3,1,0,15,1,1,1,8,0,1,5,0,0,0,1
11,20,0,1,1,0,3,0,0,0,1,1,1,1,2,0,5,0,0,0,1
5,17,4,0,1,0,0,0,0,16,1,1,1,0,0,5,3,9,1,5,1
2,15,4,0,1,0,3,0,0,15,1,1,1,1,0,0,5,0,0,0,0
5,20,4,1,1,3,3,0,1,2,1,1,1,5,0,2,0,6,4,2,1
4,18,4,0,1,0,3,0,0,2,1,1,1,0,0,4,0,6,2,7,1
3,15,4,1,1,0,3,3,0,2,1,1,1,0,0,2,0,3,1,3,1
15,15,4,1,1,0,3,0,0,0,1,1,1,7,2,1,0,6,8,6,1
10,16,4,0,1,0,3,1,0,10,1,1,1,0,0,1,1,6,0,10,0
9,0,4,1,1,4,3,0,1,12,1,1,1,0,0,0,5,0,0,0,1
5,15,4,1,1,3,3,0,1,9,1,1,1,0,0,1,0,6,8,8,1
7,15,4,0,1,0,3,1,0,2,1,1,1,0,0,1,2,0,0,0,1
13,20,4,1,0,0,3,2,0,0,1,1,0,7,2,1,0,9,3,6,1
14,20,0,0,1,0,3,0,0,1,1,1,1,5,2,1,0,6,6,14,1
7,4,0,0,1,4,3,0,1,0,1,1,1,7,0,6,1,6,0,10,1
3,20,4,1,1,0,3,1,0,12,1,1,1,0,0,1,0,3,4,2,0
4,18,4,1,1,0,3,0,0,2,1,1,1,0,0,6,0,6,3,5,1
3,18,0,1,1,0,3,0,0,1,1,1,1,0,0,1,0,2,5,4,1
11,20,4,1,1,0,3,0,0,2,1,1,1,0,2,4,2,1,0,2,1
9,18,4,1,1,0,3,0,0,2,1,1,1,7,0,1,0,6,2,3,1
6,18,0,1,1,0,3,0,0,2,1,1,1,8,0,1,1,4,0,6,1
11,18,4,0,1,0,3,0,0,2,1,1,1,0,2,1,0,1,4,2,1
11,14,4,0,1,0,3,3,0,0,1,1,1,7,2,3,0,8,2,6,1
13,18,0,1,1,0,1,3,0,0,1,1,1,0,2,1,0,6,7,10,0
4,18,4,0,1,3,3,3,1,9,1,1,1,7,0,1,0,6,2,8,1
7,20,4,0,1,0,3,0,0,5,1,1,1,5,0,0,5,0,0,10,1
0,18,4,1,1,0,3,0,0,2,1,1,1,5,0,0,5,0,0,0,1
4,20,4,0,1,0,3,1,0,0,1,1,1,0,0,1,0,4,10,4,1
2,18,4,0,1,0,3,0,0,2,1,1,1,0,0,1,0,6,2,6,1
8,20,4,0,1,0,3,1,0,12,1,1,1,0,0,1,0,6,9,9,1
15,23,2,0,1,0,3,1,0,15,1,1,1,0,2,4,5,6,0,2,1
1,17,4,1,1,0,3,3,0,2,1,1,1,0,0,6,0,2,9,2,1
5,20,4,1,1,3,3,3,1,10,1,1,1,5,0,0,5,0,0,0,1
11,16,4,0,1,0,3,0,0,15,1,1,1,0,2,0,5,0,0,0,0
11,19,4,0,1,3,3,3,1,2,1,1,1,5,0,4,0,4,5,4,1
14,18,4,1,1,0,3,0,0,0,1,1,1,0,2,3,0,6,10,11,1
7,8,0,0,1,4,3,0,1,11,1,1,1,0,2,0,5,0,0,6,1
9,18,0,0,1,0,0,0,0,0,1,1,1,0,0,5,3,8,2,12,1
1,15,4,0,0,0,3,1,0,15,1,1,0,0,0,0,5,0,0,0,0
3,19,4,1,1,0,3,3,0,2,1,1,1,0,0,1,0,3,5,4,1
12,7,0,0,1,0,1,0,0,11,1,1,1,7,2,6,0,4,3,14,1
14,23,0,1,1,4,3,0,1,8,1,1,1,5,2,0,5,0,0,0,1
10,15,4,0,1,0,1,0,0,9,1,1,1,0,0,1,0,6,8,10,1
15,21,0,0,1,4,3,0,1,0,1,1,1,0,2,1,0,9,6,13,0
1,17,4,0,1,0,3,1,0,2,1,1,1,0,0,1,0,6,4,13,1
8,15,4,1,1,4,3,0,1,2,1,1,1,7,0,1,0,6,8,11,1
15,21,0,1,1,3,3,2,1,0,1,1,1,0,2,1,0,6,6,12,1
6,19,4,1,1,0,3,0,0,16,1,1,1,1,0,1,0,4,1,5,1
5,12,3,0,1,0,3,0,0,7,1,1,1,0,0,1,5,0,0,4,1
6,20,4,1,1,0,3,1,0,0,1,1,1,0,0,1,0,5,0,9,0
0,17,4,0,1,0,3,0,0,16,1,1,1,1,0,3,0,2,1,2,1
5,20,4,0,0,3,3,0,1,0,1,1,0,5,0,1,0,6,3,8,1
0,18,4,0,1,0,3,0,0,2,1,1,1,0,0,1,2,2,0,3,0
5,15,4,0,1,0,3,3,0,14,1,1,1,0,0,1,0,6,8,7,1
6,20,4,1,1,0,3,1,0,2,1,1,1,8,0,1,5,0,0,0,1
4,20,4,1,1,0,3,1,0,7,1,1,1,0,0,1,0,2,4,4,1
11,17,0,1,1,0,3,0,0,8,1,1,1,0,2,1,0,7,3,8,1
2,13,4,0,0,0,3,0,0,15,1,1,1,7,0,0,5,0,0,0,1
9,20,4,1,1,0,3,1,0,2,1,1,1,5,0,1,0,8,2,13,1
4,15,4,0,1,4,3,0,1,2,1,1,1,0,0,1,0,6,4,5,1
0,15,4,0,1,0,3,0,0,2,1,1,1,0,0,1,0,1,2,3,1
9,17,0,1,1,4,3,0,1,1,1,1,1,5,0,0,5,0,0,0,0
10,18,0,0,1,4,3,0,1,0,1,1,1,5,0,1,0,6,8,14,1
4,15,4,0,1,0,3,1,0,2,1,1,1,0,0,0,5,0,0,4,1
10,14,4,0,1,0,3,0,0,2,1,1,1,0,0,1,0,6,7,8,1
15,15,0,0,1,3,3,0,1,1,1,1,1,0,2,3,0,6,3,5,1
15,19,0,1,1,3,3,0,1,0,1,1,1,5,2,3,0,6,4,9,1
2,18,4,0,1,0,3,0,0,2,1,1,1,7,0,1,0,3,4,6,1
7,22,4,1,1,4,3,1,0,11,1,1,1,0,0,1,0,6,5,11,0
12,15,4,0,1,0,3,0,0,14,1,1,1,0,2,1,0,6,6,10,1
13,15,4,1,1,4,3,0,1,9,1,1,1,0,2,1,0,6,3,7,1
3,18,4,0,1,0,3,0,0,16,1,1,1,7,0,1,5,8,0,5,1
3,15,4,1,1,0,3,3,0,2,1,1,1,7,0,1,0,6,6,5,1
0,17,4,1,1,0,3,0,0,16,1,1,1,7,0,1,5,2,0,2,0
1,15,4,1,1,4,3,0,1,16,1,1,1,0,0,1,0,2,1,4,0
4,19,4,1,1,0,3,1,0,2,1,1,1,0,0,3,0,4,11,4,1
12,20,4,0,1,0,3,0,0,2,1,1,1,7,2,1,0,6,7,5,1
6,19,4,0,1,0,3,0,0,2,1,1,1,7,0,1,0,6,11,11,1
6,20,4,0,1,0,3,3,0,14,1,1,1,0,0,3,0,6,0,9,0
9,13,4,0,1,0,3,0,0,15,1,1,1,1,0,1,5,0,0,0,0
10,18,4,0,1,3,3,0,1,0,1,1,1,8,0,7,1,7,0,9,1
14,20,4,1,1,0,3,3,0,12,1,1,1,0,2,3,0,5,2,10,1
15,20,0,0,1,3,3,0,1,0,1,1,1,5,2,4,0,6,5,14,1
0,17,4,0,1,0,3,0,0,8,1,1,1,0,0,1,0,2,4,3,1
6,15,4,0,1,0,3,0,0,2,1,1,1,7,0,1,0,6,4,9,1
13,21,4,1,1,0,3,1,0,0,1,1,1,0,2,3,0,9,4,14,0
10,20,4,0,1,0,3,3,0,0,1,1,1,5,0,1,0,6,6,14,1
15,15,4,0,0,0,3,0,0,0,1,1,0,1,2,1,0,6,2,4,1
8,18,4,0,1,0,3,0,0,0,1,1,1,0,0,1,0,4,1,8,1
11,20,4,0,1,0,3,0,0,0,1,1,1,0,2,1,0,8,4,12,1
12,21,4,1,1,0,3,0,0,9,1,1,1,0,2,1,0,6,8,8,1
6,20,4,1,1,4,3,0,1,2,1,1,1,5,0,0,5,0,0,0,1
10,18,4,0,1,2,3,0,0,4,1,1,1,2,0,1,0,5,6,3,1
4,20,4,0,1,0,3,3,0,2,1,1,1,1,0,1,0,3,10,3,1
9,13,0,0,0,0,3,0,0,8,1,1,0,7,0,1,5,2,0,5,1
11,8,4,0,1,0,3,0,0,2,1,1,1,0,2,1,0,1,2,3,1
5,18,4,1,0,0,3,0,0,2,1,1,1,0,0,1,0,5,4,5,1
0,8,3,0,1,0,2,0,0,16,1,1,1,0,0,9,0,1,4,6,1
11,18,4,1,1,4,3,0,1,0,1,1,1,5,2,1,0,3,5,5,1
14,18,0,0,1,0,3,0,0,0,1,1,1,0,2,1,0,6,5,10,0
13,21,0,1,1,3,3,1,1,0,1,1,1,0,2,2,0,6,3,11,1
9,15,4,1,1,0,3,3,0,2,1,1,1,0,0,1,5,0,0,3,1
4,17,4,0,1,0,3,0,0,12,1,1,1,0,2,3,2,0,0,6,1
11,15,4,0,1,0,3,1,0,2,1,1,1,8,2,1,0,8,6,9,1
10,15,4,0,1,0,3,0,0,0,1,1,1,0,0,1,0,7,11,13,1
1,18,4,0,1,0,3,1,0,16,1,1,1,0,0,0,5,0,0,0,0
7,19,4,1,1,0,3,1,0,2,1,1,1,8,0,1,5,0,0,0,1
5,19,4,0,1,0,3,3,0,11,1,1,1,0,0,1,0,6,6,9,0
8,21,0,1,1,0,1,1,0,11,1,1,1,0,2,1,0,6,11,9,1
10,20,0,1,1,0,3,1,0,0,1,1,1,0,0,2,0,8,2,12,1
4,18,0,0,1,0,3,3,0,1,1,1,1,1,0,6,2,0,0,8,0
1,13,4,1,1,4,3,0,1,10,1,1,1,0,0,1,5,6,0,6,1
2,15,4,1,1,0,3,0,0,9,1,1,1,5,0,1,2,6,0,3,1
7,20,4,1,1,0,3,1,0,0,1,1,1,0,0,1,0,6,8,12,1
3,17,4,0,1,0,3,1,0,2,1,1,1,0,0,1,0,8,3,12,1
8,17,0,0,1,0,3,1,0,1,1,1,1,0,0,1,0,7,8,12,0
11,15,4,0,1,0,3,3,0,2,1,1,1,7,2,1,0,6,6,9,1
5,20,4,1,1,0,3,3,0,0,1,1,1,0,0,1,2,0,0,0,1
2,18,4,1,1,0,3,1,0,16,1,1,1,0,0,2,0,1,2,5,0
5,20,4,1,1,4,3,0,1,10,1,1,1,5,0,1,0,6,8,10,0
1,19,4,1,1,0,3,0,0,2,1,1,1,0,0,1,0,2,9,6,1
12,20,0,0,1,0,3,0,0,0,1,1,1,0,2,1,0,9,8,13,1
2,18,4,0,1,4,3,3,1,2,1,1,1,5,0,1,0,1,6,3,1
12,20,4,0,1,0,3,3,0,11,1,1,1,0,2,1,0,6,10,13,1
9,17,4,1,1,0,3,0,0,11,1,1,1,0,0,4,0,6,8,12,1
8,11,3,1,0,0,3,0,0,2,1,1,0,0,0,1,5,5,0,6,1
10,21,4,0,1,0,3,1,0,0,1,1,1,0,0,3,0,6,2,13,1
14,15,0,0,1,4,3,0,1,1,1,1,1,7,2,6,0,6,6,10,1
13,21,0,1,1,3,3,0,1,1,1,1,1,5,2,9,2,0,0,14,1
3,18,4,1,1,0,3,3,0,2,1,1,1,0,0,1,0,6,2,11,1
13,20,4,1,1,4,3,0,1,4,1,1,1,5,2,1,0,1,8,5,1
4,20,4,0,1,0,3,3,0,2,1,1,1,5,0,2,0,6,4,9,0
12,13,0,0,1,0,3,0,0,0,1,1,1,0,2,1,0,6,4,13,1
9,21,4,1,1,0,3,2,0,0,1,1,1,6,0,3,0,6,1,14,1
4,20,4,0,1,0,3,1,0,2,1,1,1,0,0,1,0,9,3,12,1
7,15,4,1,1,0,3,0,0,2,1,1,1,7,0,1,0,6,11,8,1
4,20,4,0,1,0,3,3,0,2,1,1,1,0,0,3,0,6,6,6,1
15,20,2,0,1,0,3,0,0,0,1,1,1,0,2,1,5,9,0,14,1
15,15,0,0,1,0,3,0,0,1,1,1,1,0,2,1,0,6,6,11,1
13,15,0,1,1,3,3,0,1,1,1,1,1,0,2,9,2,0,0,0,1
5,19,4,1,1,0,3,0,0,2,1,1,1,7,0,1,0,4,3,2,0
5,15,4,0,1,0,3,0,0,15,1,1,1,0,0,4,5,0,0,2,1
2,18,4,0,1,0,3,0,0,2,1,1,1,0,0,1,0,6,4,2,1
14,20,0,0,1,4,3,0,1,1,1,1,1,7,2,6,5,0,0,0,1
10,21,4,1,1,0,3,1,0,2,1,1,1,0,0,2,0,6,11,11,1
0,15,4,0,1,0,3,0,0,2,1,1,1,0,0,0,5,0,0,0,1
15,20,0,1,1,0,3,1,0,1,1,1,1,0,2,1,0,6,3,9,1
9,20,0,1,1,0,3,1,0,0,1,1,1,0,0,3,0,8,0,11,0
12,17,0,1,1,0,3,0,0,2,1,1,1,0,2,6,0,2,8,3,1
5,18,4,0,1,0,3,3,0,2,1,1,1,5,0,1,2,0,0,2,1
14,18,0,0,1,0,3,3,0,1,1,1,1,0,2,1,2,0,0,8,1
6,20,4,1,1,0,3,0,0,3,1,1,1,1,0,2,0,1,8,6,0
12,17,0,1,1,0,3,0,0,8,1,1,1,0,2,4,0,1,1,3,1
3,15,4,0,1,0,3,0,0,14,1,1,1,1,0,0,5,0,0,0,1
5,17,4,1,1,0,3,1,0,2,1,1,1,8,0,0,5,0,0,0,1
3,15,4,1,1,0,3,1,0,2,1,1,1,0,0,1,1,6,0,2,1
7,21,4,1,1,4,3,0,1,12,1,1,1,5,0,1,0,6,1,9,1
11,18,4,0,1,3,3,0,1,2,1,1,1,5,2,1,0,6,8,13,1
7,18,4,1,1,0,3,0,0,2,1,1,1,7,0,1,0,5,6,8,1
13,20,4,1,1,4,3,0,1,0,1,1,1,5,2,1,0,6,6,14,1
13,17,0,1,1,4,3,0,1,1,1,1,1,7,2,1,0,6,4,7,1
2,17,2,0,1,3,3,1,0,2,1,1,1,0,0,1,0,9,2,11,1
5,20,4,1,1,0,3,3,0,2,1,1,1,5,0,1,5,0,0,0,0
15,21,4,0,1,3,3,0,1,0,1,1,1,5,2,3,0,6,10,14,1
9,17,4,1,1,0,3,0,0,2,1,1,1,0,0,1,2,0,0,5,1
2,12,4,0,1,4,3,0,1,0,1,1,1,5,0,1,0,6,2,12,0
6,18,4,1,1,0,3,0,0,4,1,1,1,7,0,1,0,4,6,7,0
9,15,4,0,1,0,3,3,0,2,1,1,1,0,0,1,0,6,4,8,1
7,18,4,1,1,0,3,0,0,2,1,1,1,0,0,2,0,1,8,3,1
9,18,4,0,1,0,3,0,0,2,1,1,1,0,0,1,0,6,6,11,1
1,15,4,0,1,0,3,0,0,2,1,1,1,7,0,1,0,6,11,5,1
15,18,4,0,1,0,3,1,0,2,1,1,1,0,2,1,0,6,4,12,1
12,18,4,1,1,0,3,0,0,2,1,1,1,5,2,1,0,2,4,2,1
7,18,4,0,1,0,3,0,0,2,1,1,1,0,0,2,0,6,3,11,1
2,18,4,0,1,0,3,0,0,0,1,1,1,0,0,3,0,9,10,13,0
7,18,0,1,1,0,3,0,0,1,1,1,1,0,0,1,5,0,0,0,0
11,20,0,1,1,0,3,3,0,1,1,1,1,0,2,0,5,0,0,0,1
11,15,4,0,1,0,3,0,0,16,1,1,1,0,2,1,5,6,0,4,0
0,18,4,1,1,0,3,0,0,2,1,1,1,0,0,0,5,0,0,0,1
15,23,3,0,1,0,3,0,0,15,1,1,1,0,2,4,5,6,0,3,1
9,20,4,1,1,0,3,3,0,0,1,1,1,7,0,1,0,5,0,8,0
6,15,4,0,1,0,3,3,0,14,1,1,1,0,0,1,0,6,0,9,0
10,20,0,0,1,0,3,3,0,1,1,1,1,0,0,1,0,6,7,12,0
13,15,0,1,1,0,3,3,0,0,1,1,1,0,2,1,0,6,6,7,1
5,19,4,0,1,0,3,0,0,11,1,1,1,0,0,1,0,6,4,9,0
10,20,0,1,1,0,3,0,0,1,1,1,1,0,0,1,5,0,0,0,0
6,18,4,0,0,0,3,0,0,2,1,1,1,7,0,1,0,5,11,10,1
1,15,4,0,1,0,3,0,0,2,1,1,1,1,0,9,2,1,0,1,1
9,20,4,1,1,0,3,0,0,11,1,1,1,7,0,1,0,7,4,13,1
3,22,4,0,1,0,3,1,0,2,1,1,1,0,0,1,0,9,3,14,1
5,17,4,0,1,0,3,0,0,15,1,1,1,0,0,1,5,0,0,0,0
14,20,4,0,1,0,3,0,0,0,1,1,1,5,2,1,0,6,3,14,1
2,17,4,1,1,0,3,0,0,0,1,1,1,0,0,2,5,1,0,1,1
5,19,4,1,1,4,3,0,1,12,1,1,1,0,0,1,0,4,3,5,1
0,15,4,1,1,0,3,0,0,3,1,1,1,0,0,1,5,2,0,2,1
9,18,4,1,1,0,3,0,0,0,1,1,1,0,0,0,5,0,0,0,1
13,15,4,0,0,0,3,0,0,12,1,1,0,7,2,1,0,3,6,8,1
10,14,4,1,1,4,3,3,1,12,1,1,1,7,0,1,0,6,2,5,1
2,4,0,1,1,3,3,2,1,8,1,1,1,7,0,3,1,1,0,1,1
10,15,0,1,1,4,3,0,1,1,1,1,1,7,0,0,5,0,0,0,1
0,18,4,0,1,0,3,3,0,9,1,1,1,0,0,1,2,3,0,3,1
6,13,4,1,1,4,3,1,1,0,1,1,1,0,0,1,5,2,0,5,1
5,18,4,1,1,4,3,0,1,9,1,1,1,0,0,1,0,6,3,9,0
12,14,0,0,1,4,3,0,1,2,1,1,1,7,2,1,0,6,8,5,1
14,17,0,1,1,0,3,0,0,1,1,1,1,0,2,1,5,0,0,0,1
4,15,4,0,1,0,3,3,0,3,1,1,1,8,0,1,0,9,2,9,1
14,20,0,1,1,4,3,0,1,1,1,1,1,5,2,0,5,0,0,0,1
7,15,4,1,1,2,2,0,0,10,1,1,1,0,0,1,0,6,3,5,0
12,18,4,1,1,0,3,0,0,2,1,1,1,0,2,1,0,1,4,1,1
10,20,4,0,1,0,3,3,0,11,1,1,1,5,0,1,0,6,3,13,0
2,19,4,0,1,0,3,1,0,0,1,1,1,8,0,1,0,7,10,14,0
15,18,2,1,1,0,3,1,0,0,1,1,1,0,2,4,0,6,8,11,1
1,18,4,0,1,0,3,0,0,16,1,1,1,5,0,0,5,0,0,0,0
1,15,4,1,1,0,3,0,0,16,1,1,1,1,0,1,5,2,0,3,0
6,18,0,1,1,0,3,0,0,11,1,1,1,0,0,1,0,6,2,13,1
0,18,4,1,1,0,3,0,0,16,1,1,1,0,0,0,5,0,0,0,1
12,20,0,1,1,0,3,0,0,1,1,1,1,5,2,1,0,6,3,14,1
3,15,4,1,1,0,3,0,0,11,1,1,1,5,0,3,0,6,2,6,0
9,21,0,1,1,0,3,1,0,1,1,1,1,8,0,1,1,6,0,10,0
11,18,4,1,1,0,3,0,0,2,1,1,1,0,2,3,0,1,11,3,1
8,13,0,1,0,0,3,0,0,8,1,1,0,0,0,1,5,0,0,0,1
9,17,0,1,1,0,3,0,0,0,1,1,1,0,0,1,0,6,6,9,0
1,18,4,1,1,0,3,0,0,2,1,1,1,0,0,0,5,0,0,0,1
10,15,4,0,1,0,3,1,0,2,1,1,1,0,0,1,0,3,4,4,0
5,18,4,1,1,0,3,3,0,0,1,1,1,0,0,1,0,4,3,8,1
2,15,4,0,0,0,3,0,0,2,1,1,1,7,0,0,5,0,0,4,1
14,8,1,1,1,3,1,1,1,14,1,1,1,0,2,4,5,0,0,3,1
0,19,4,1,1,3,3,0,1,2,1,1,1,7,0,3,0,4,2,4,1
3,15,4,1,1,0,3,0,0,12,1,1,1,0,0,9,2,0,0,0,0
2,17,4,1,1,0,3,1,0,11,1,1,1,0,0,1,2,4,0,5,0
12,15,4,0,1,0,3,0,0,0,1,1,1,0,2,1,2,0,0,0,1
0,17,4,0,1,0,3,1,0,2,1,1,1,0,0,1,0,6,8,4,1
1,19,4,0,1,0,3,3,0,2,1,1,1,0,0,1,0,2,3,6,1
6,20,4,0,1,0,3,0,0,2,1,1,1,7,0,1,0,6,3,12,1
14,20,4,0,1,0,3,3,0,11,1,1,1,0,2,4,0,6,5,7,1
5,19,4,1,1,0,3,0,0,0,1,1,1,0,0,1,5,0,0,0,1
8,20,0,0,1,0,3,1,0,0,1,1,1,0,0,1,0,9,8,14,0
10,18,4,0,1,0,3,0,0,11,1,1,1,0,0,4,0,6,6,3,1
3,15,4,0,1,0,3,0,0,11,1,1,1,0,0,1,0,9,4,4,0
12,17,4,1,1,4,3,0,1,0,1,1,1,5,2,1,0,6,8,13,1
15,23,0,1,1,0,3,1,0,0,1,1,1,0,2,1,0,6,5,14,1
6,19,4,1,1,3,3,0,1,0,1,1,1,0,0,1,0,3,6,10,1
15,20,4,1,0,0,3,0,0,2,1,1,0,0,2,1,0,6,2,5,1
8,20,4,1,1,0,3,0,0,11,1,1,1,5,0,1,0,6,8,12,1
13,20,4,0,1,0,3,1,0,2,1,1,1,5,2,4,0,9,5,11,1
10,20,4,1,1,0,3,0,0,12,1,1,1,0,0,1,0,6,8,13,1
15,15,4,1,1,0,3,0,0,12,1,1,1,0,2,1,0,4,4,10,1
7,10,0,1,1,0,3,0,0,0,1,1,1,0,0,5,0,6,3,10,1
12,15,4,0,1,0,3,0,0,11,1,1,1,7,2,1,0,7,6,12,0
14,20,0,1,1,0,3,0,0,0,1,1,1,0,2,1,0,6,10,11,1
7,18,4,0,1,0,3,3,0,2,1,1,1,0,0,1,0,6,11,4,1
13,15,4,0,1,0,3,3,0,15,1,1,1,1,0,4,5,5,0,1,0
12,15,0,0,1,0,3,0,0,1,1,1,1,7,2,1,0,6,2,9,1
8,15,0,0,1,4,3,3,1,8,1,1,1,0,0,0,5,0,0,0,1
1,18,4,0,1,0,3,0,0,2,1,1,1,7,0,0,5,0,0,0,1
6,20,4,1,1,0,3,1,0,2,1,1,1,0,0,1,5,0,0,0,0
14,17,0,1,1,0,3,0,0,1,1,1,1,5,2,1,0,5,2,13,1
2,18,4,0,1,0,3,0,0,2,1,1,1,0,0,1,0,8,6,6,1
8,15,4,1,1,0,3,1,0,12,1,1,1,0,0,1,0,3,2,2,0
8,19,0,1,1,0,3,0,0,2,1,1,1,0,0,2,0,4,2,8,0
4,15,4,1,1,0,3,0,0,2,1,1,1,5,0,1,0,6,6,10,0
4,12,0,1,1,4,3,0,1,0,1,1,1,0,0,0,5,0,0,0,0
13,21,0,1,1,0,3,0,0,0,1,1,1,1,2,1,0,6,2,13,0
5,17,3,0,1,0,3,1,0,0,1,1,1,0,2,1,0,6,6,6,1
15,18,0,1,1,0,3,3,0,1,1,1,1,1,2,0,5,0,0,0,1
13,11,4,0,0,0,3,1,0,15,0,1,1,0,2,0,5,0,0,0,0
6,18,0,0,1,0,3,0,0,8,1,1,1,0,0,1,0,1,1,3,1
14,19,0,1,1,0,3,0,0,1,1,1,1,0,2,1,5,0,0,0,1
12,20,0,1,1,4,3,0,1,0,1,1,1,5,2,0,5,0,0,0,1
3,15,4,0,1,0,0,0,0,16,1,1,1,1,0,5,3,9,1,6,1
9,20,4,0,1,0,3,0,0,2,1,1,1,5,0,1,0,6,10,13,1
4,20,4,0,1,4,3,0,1,16,1,1,1,0,0,0,5,0,0,0,0
4,18,2,1,1,1,1,1,0,14,1,1,1,6,0,1,0,5,10,6,0
0,17,4,1,1,0,3,0,0,2,1,1,1,0,0,3,0,1,8,1,1
10,20,4,0,1,0,3,1,0,0,1,1,1,5,0,1,0,8,11,13,0
6,15,4,0,0,0,3,0,0,2,1,1,0,1,0,0,5,0,0,5,1
8,15,0,1,1,4,3,0,1,8,1,1,1,0,0,1,0,6,6,5,1
0,17,4,1,1,0,3,0,0,0,1,1,1,0,0,1,0,3,4,2,1
10,19,0,1,1,0,3,1,0,1,1,1,1,0,0,1,0,6,6,9,1
4,15,4,0,1,3,3,0,1,2,1,1,1,0,0,1,0,2,3,4,1
13,20,0,0,1,0,3,1,0,1,1,1,1,0,2,1,0,8,3,12,1
2,15,4,1,1,0,3,1,0,2,1,1,1,0,0,4,0,1,4,3,1
4,20,4,1,1,0,3,0,0,2,1,1,1,1,0,1,0,6,2,7,1
12,21,0,1,1,0,3,1,0,0,1,1,1,8,2,2,0,7,8,12,1
13,15,0,1,1,0,3,0,0,2,1,1,1,0,2,1,0,6,1,9,1
2,18,4,1,1,0,3,1,0,0,1,1,1,8,0,4,0,2,1,2,1
9,15,4,1,1,0,3,1,0,2,1,1,1,0,0,1,0,6,4,10,1
9,18,0,0,1,0,3,2,0,1,1,1,1,0,0,0,5,0,0,0,0
15,20,4,1,1,0,3,0,0,0,1,1,1,5,2,1,2,3,0,5,1
4,18,4,0,1,0,3,1,0,2,1,1,1,0,0,1,2,0,0,8,1
10,19,2,0,1,0,3,0,0,2,1,1,1,0,0,3,0,6,1,5,1
5,0,4,0,1,2,3,0,1,10,1,1,1,5,0,1,0,6,4,6,1
1,18,4,1,1,3,3,0,1,2,1,1,1,8,0,1,1,3,0,1,1
9,14,0,0,1,0,3,0,0,2,1,1,1,7,0,1,0,5,7,5,1
7,19,4,0,1,0,3,1,0,2,1,1,1,0,0,0,5,0,0,0,1
1,18,4,1,1,0,3,0,0,2,1,1,1,7,0,1,0,2,1,3,1
9,14,0,1,1,0,3,1,0,2,1,1,1,0,0,3,0,2,7,5,1
6,21,0,1,1,4,3,0,1,0,1,1,1,0,0,1,0,6,0,13,0
6,15,4,1,1,3,3,0,1,2,1,1,1,7,0,0,5,0,0,2,1
11,20,4,0,1,0,3,0,0,12,1,1,1,0,2,6,0,4,6,6,0
5,18,4,0,1,0,3,0,0,2,1,1,1,7,0,0,5,0,0,0,1
6,18,0,1,1,0,3,3,0,1,1,1,1,1,0,1,0,1,6,3,1
15,15,4,1,0,0,3,3,0,0,1,1,0,0,2,0,5,0,0,4,1
5,20,4,1,1,3,3,3,1,2,1,1,1,0,0,4,5,6,0,3,1
15,20,0,1,1,4,3,0,1,1,1,1,1,7,2,0,5,0,0,0,1
9,20,4,0,1,0,3,3,0,12,1,1,1,0,0,1,0,4,4,9,0
9,18,4,1,1,0,3,0,0,0,1,1,1,0,0,1,0,6,3,13,1
14,14,0,1,1,4,3,0,1,1,1,1,1,0,2,1,1,6,0,7,1
4,20,4,0,1,0,3,1,0,2,1,1,1,0,0,1,0,6,10,12,1
5,20,4,1,1,4,3,0,1,11,1,1,1,7,0,4,0,6,4,6,1
3,18,4,0,1,0,3,1,0,2,1,1,1,5,0,1,0,2,1,2,1
1,18,4,0,1,0,3,1,0,11,1,1,1,0,0,1,5,5,0,2,0
13,0,4,1,1,3,3,0,1,9,1,1,1,5,2,0,5,0,0,0,1
12,15,4,1,1,0,3,1,0,11,1,1,1,5,2,1,0,6,4,12,1
7,19,0,1,1,0,3,3,0,1,1,1,1,0,0,1,0,6,6,8,1
3,20,4,1,1,0,3,1,0,0,1,1,1,0,0,7,5,1,0,1,1
2,19,4,0,1,0,3,1,0,2,1,1,1,0,0,2,0,6,3,6,1
15,19,4,0,1,0,3,0,0,2,1,1,1,0,2,6,0,2,0,8,1
8,18,4,0,1,0,3,0,0,12,1,1,1,7,0,1,0,3,5,5,0
8,20,4,1,0,0,3,1,0,2,1,1,1,7,0,1,0,2,5,3,0
8,15,4,1,1,0,3,1,0,2,1,1,1,0,0,0,5,0,0,0,1
6,18,4,0,1,0,3,1,0,2,1,1,1,8,0,1,0,6,6,7,1
1,17,4,0,1,0,3,3,0,2,1,1,1,0,0,1,0,5,5,6,1
14,19,4,1,1,0,3,1,0,12,1,1,1,0,2,2,0,8,0,10,1
5,18,4,0,1,0,1,1,1,9,1,1,1,0,2,5,3,3,11,6,0
15,20,0,1,1,4,3,0,1,1,1,1,1,5,2,1,5,0,0,0,1
8,15,4,0,0,4,3,0,1,13,1,1,0,2,0,2,0,3,4,13,1
9,19,4,1,1,0,3,0,0,0,1,1,1,0,0,0,5,0,0,0,1
9,15,4,1,1,0,3,0,0,2,1,1,1,8,0,1,2,0,0,0,1
11,15,0,1,1,0,3,3,0,0,1,1,1,0,2,3,1,6,0,12,1
8,17,4,1,1,0,3,0,0,2,1,1,1,0,0,3,0,6,8,6,1
7,3,0,1,0,3,3,3,1,3,1,0,1,7,0,6,5,6,0,1,1
8,15,4,1,1,0,3,3,0,5,1,1,1,8,0,1,0,6,9,6,1
10,15,4,0,1,0,3,0,0,0,1,1,1,7,0,1,1,6,0,10,1
6,20,4,0,1,0,3,1,0,5,1,1,1,0,0,6,0,1,9,11,1
8,17,3,1,1,0,3,3,0,2,1,1,1,0,2,1,0,9,6,6,1
5,17,4,0,1,4,3,0,1,0,1,1,1,0,0,1,0,9,4,10,0
2,15,4,0,1,4,3,0,1,15,1,1,1,0,0,0,5,0,0,0,1
12,20,0,1,1,4,3,1,1,0,1,1,1,0,2,1,0,6,1,11,1
2,18,4,0,0,0,3,1,0,2,1,1,0,8,0,0,5,0,0,3,1
9,20,4,0,1,0,3,0,0,2,1,1,1,0,0,1,5,0,0,0,1
10,5,2,0,1,3,1,0,1,2,1,1,1,5,0,0,5,0,0,0,1
12,20,0,0,1,0,3,3,0,1,1,1,1,0,2,1,0,9,11,14,0
0,15,4,0,1,0,3,3,0,2,1,1,1,0,0,0,5,0,0,0,1
14,21,4,1,1,0,3,3,0,0,1,1,1,5,2,3,0,2,4,12,0
3,18,4,1,1,4,3,0,1,2,1,1,1,5,0,2,0,1,8,3,0
6,14,4,0,1,4,3,0,1,2,1,1,1,7,0,1,0,5,8,6,1
0,18,4,0,1,4,3,0,1,5,1,1,1,5,0,1,2,1,0,2,1
14,19,0,0,1,0,3,0,0,0,1,1,1,0,2,1,0,8,5,14,1
13,15,4,0,1,3,3,0,1,2,1,1,1,0,2,1,0,9,6,6,1
4,15,4,1,1,0,3,0,0,11,1,1,1,7,0,4,0,6,10,7,1
10,16,0,0,1,0,3,0,0,1,1,1,1,0,0,1,0,6,10,8,0
4,15,4,0,1,0,3,0,0,4,1,1,1,0,0,1,2,0,0,0,0
9,17,1,1,0,0,3,1,0,0,1,0,0,1,0,1,2,9,0,9,1
9,20,0,1,1,4,3,0,1,1,1,1,1,5,0,1,5,0,0,0,0
6,19,4,0,1,0,3,3,0,2,1,1,1,7,0,1,0,6,3,6,1
0,13,4,0,1,0,3,3,0,7,1,1,1,0,0,0,5,0,0,0,1
3,20,4,1,1,0,3,1,0,2,1,1,1,0,0,1,0,6,3,7,1
7,20,0,0,1,0,3,1,0,0,1,1,1,0,0,2,0,6,1,11,1
3,11,4,0,1,0,3,0,0,15,1,1,1,0,0,0,5,0,0,0,1
12,22,4,0,1,0,3,0,0,0,1,1,1,0,2,7,1,9,0,13,1
2,18,4,1,1,0,3,0,0,2,1,1,1,0,0,0,5,0,0,4,1
5,10,4,1,1,0,3,0,0,7,1,1,1,7,0,5,0,6,3,3,1
1,21,4,0,1,0,3,1,0,14,1,1,1,0,0,1,0,6,4,13,0
8,20,4,1,1,0,3,1,0,11,1,1,1,0,0,3,0,6,4,12,0
6,11,4,1,1,0,3,0,0,4,1,1,1,0,0,1,2,0,0,0,1
8,18,4,1,1,0,3,2,0,5,1,1,1,0,0,2,0,2,3,3,1
15,20,2,1,1,0,3,0,0,0,1,1,1,0,2,3,0,8,4,12,1
1,18,4,0,1,0,3,0,0,11,1,1,1,0,0,3,0,2,10,6,1
5,18,0,0,1,0,3,0,0,1,1,1,1,5,0,5,0,6,2,10,0
5,15,4,0,1,0,3,0,0,2,1,1,1,0,0,1,0,4,6,4,1
3,15,4,1,1,4,3,0,1,2,1,1,1,0,0,0,5,0,0,0,1
7,19,4,0,1,0,3,1,0,11,1,1,1,0,0,0,5,0,0,0,1
14,15,4,0,1,0,3,0,0,2,1,1,1,0,2,2,0,6,6,10,1
15,18,0,0,1,0,3,0,0,1,1,1,1,7,2,1,0,6,8,14,1
5,18,4,1,1,0,3,0,0,2,1,1,1,0,0,1,0,2,2,4,1
6,18,4,0,1,3,3,3,1,2,1,1,1,0,0,1,0,4,4,8,1
9,0,4,0,1,4,3,0,1,2,1,1,1,7,0,1,0,6,4,6,1
9,20,4,1,1,0,3,0,0,0,1,1,1,1,0,1,0,9,10,10,1
2,20,4,0,1,0,3,0,0,15,1,1,1,0,0,1,2,7,0,0,0
14,0,4,1,0,4,3,0,1,9,1,1,0,0,2,1,0,2,3,6,1
8,20,4,1,1,0,3,0,0,2,1,1,1,0,0,1,1,6,0,11,1
14,14,0,1,0,4,3,0,1,8,1,1,0,0,2,1,1,6,0,5,0
8,19,0,1,1,0,3,0,0,8,1,1,1,5,0,1,1,6,0,11,0
5,20,0,0,1,0,3,3,0,0,1,1,1,0,0,1,0,6,8,6,0
12,19,4,0,1,0,3,1,0,2,1,1,1,0,2,1,0,6,8,11,1
0,15,4,0,1,4,3,0,1,16,1,1,1,5,0,9,2,1,0,1,1
2,18,4,0,1,0,3,3,0,3,1,1,1,0,0,1,0,2,7,5,0
10,20,4,0,1,0,3,0,0,5,1,1,1,5,0,1,2,6,0,5,1
12,20,0,0,1,0,3,1,0,1,1,1,1,0,2,1,0,6,4,13,1
2,15,4,1,1,0,3,3,0,16,1,1,1,5,0,1,5,1,0,3,1
15,15,0,0,1,4,3,0,1,2,1,1,1,0,2,1,0,8,3,12,1
9,20,4,1,1,3,3,0,1,0,1,1,1,0,0,3,0,2,2,4,1
9,20,4,1,1,0,3,0,0,12,1,1,1,5,0,2,0,7,11,14,1
15,20,0,1,1,0,3,0,0,0,1,1,1,5,2,6,5,1,0,3,1
7,15,4,0,1,0,0,0,0,16,1,1,1,0,0,5,3,6,1,6,0
3,15,4,0,1,0,3,3,0,2,1,1,1,0,0,1,0,6,4,11,1
14,13,4,0,1,0,3,3,0,2,1,1,1,0,2,1,0,4,1,13,1
9,16,4,1,1,0,3,0,0,2,1,1,1,5,0,0,5,0,0,0,1
15,18,0,0,1,4,3,0,1,0,1,1,1,0,2,6,5,0,0,0,1
14,21,0,1,1,4,3,1,1,1,1,1,1,0,2,1,0,6,2,12,1
2,18,4,1,1,0,3,0,0,16,1,1,1,0,0,1,5,1,0,1,1
13,21,0,0,1,4,3,0,1,1,1,1,1,0,2,1,0,8,6,12,0
0,17,4,1,1,0,3,0,0,2,1,1,1,0,0,0,5,0,0,0,1
8,17,0,0,1,0,3,3,0,11,1,1,1,0,0,1,0,6,6,8,0
4,12,4,0,1,0,3,0,0,15,1,1,1,1,0,0,5,0,0,1,1
14,21,0,1,1,0,3,3,0,0,1,1,1,0,2,1,0,6,2,13,0
14,14,0,1,1,0,3,0,0,9,1,1,1,8,2,1,0,6,2,10,1
3,18,4,1,1,0,3,0,0,2,1,1,1,0,0,1,0,6,6,9,1
2,18,4,0,0,0,3,0,0,15,1,1,0,0,0,0,5,0,0,0,1
10,18,4,1,1,0,3,0,0,12,1,1,1,2,0,1,0,6,7,9,1
9,19,4,0,1,0,3,0,0,0,1,1,1,0,0,1,0,9,10,14,1
9,17,0,0,1,0,3,3,0,0,1,1,1,8,0,1,5,0,0,0,0
9,15,0,1,1,0,3,0,0,11,1,1,1,7,0,1,0,6,4,6,0
4,17,4,0,1,4,3,0,1,0,1,1,1,5,0,1,0,9,2,5,1
12,22,0,1,1,4,3,0,1,1,1,1,1,5,2,2,0,6,8,14,1
6,20,4,0,1,0,3,0,0,11,1,1,1,5,0,1,0,6,2,9,0
7,20,4,1,1,0,3,0,0,2,1,1,1,0,0,1,0,6,6,9,1
1,14,4,0,1,0,3,3,0,2,1,1,1,5,0,1,0,5,6,8,1
0,13,4,0,1,0,3,0,0,10,1,1,1,0,0,0,5,0,0,0,0
1,15,4,0,1,0,3,0,0,2,1,1,1,0,0,1,0,3,6,5,0
8,20,4,1,1,0,3,1,0,0,1,1,1,0,0,1,1,6,0,11,1
11,20,0,0,1,0,3,1,0,1,1,1,1,0,2,2,0,8,11,11,1
14,20,0,0,1,4,3,0,1,1,1,1,1,0,2,1,0,6,3,13,1
3,15,4,1,1,0,3,0,0,12,1,1,1,0,0,1,0,3,2,4,0
12,20,0,0,1,0,3,0,0,1,1,1,1,0,2,1,1,9,0,14,1
15,15,0,1,1,0,3,0,0,1,1,1,1,0,2,1,0,4,1,9,1
10,18,0,0,1,0,3,3,0,0,1,1,1,0,0,1,0,7,8,11,1
0,15,4,0,1,0,3,0,0,2,1,1,1,0,0,0,5,0,0,0,1
8,10,0,0,0,0,3,3,0,2,0,1,1,7,0,4,0,6,9,10,1
6,18,0,1,1,1,3,3,0,14,1,1,1,0,0,1,0,4,8,6,0
6,21,4,1,1,0,3,1,0,0,1,1,1,0,0,4,0,5,0,13,0
13,21,0,1,1,4,3,0,1,1,1,1,1,5,2,1,0,6,2,14,0
7,20,0,1,1,0,3,1,0,2,1,1,1,6,0,2,0,5,10,11,0
9,20,4,0,1,0,3,3,0,12,1,1,1,0,0,1,0,7,4,13,1
11,20,0,1,1,0,3,0,0,1,1,1,1,5,2,7,0,6,8,13,1
11,18,0,0,1,0,3,3,0,1,1,1,1,1,2,1,0,8,11,10,1
15,15,0,1,1,0,3,0,0,0,1,1,1,0,2,1,0,6,6,12,0
0,17,4,0,1,0,3,3,0,2,1,1,1,0,0,1,2,1,0,2,1
15,18,4,1,1,3,3,0,1,10,1,1,1,0,2,1,0,6,8,10,1
6,15,4,1,1,3,3,0,1,0,1,1,1,5,0,1,0,6,2,6,1
8,19,4,0,1,0,3,1,0,0,1,1,1,0,0,2,0,6,3,8,0
2,15,4,0,1,0,3,2,0,0,1,1,1,0,0,6,0,2,9,6,1
3,18,4,0,1,0,3,3,0,2,1,1,1,0,0,1,0,9,2,5,1
4,15,0,0,1,4,3,0,1,0,1,1,1,7,0,1,0,4,4,6,1
2,18,4,0,1,0,3,1,0,2,1,1,1,0,0,6,0,4,3,7,1
13,22,0,1,1,2,3,0,0,1,1,1,1,0,2,7,1,9,0,12,1
10,18,4,0,1,0,3,3,0,11,1,1,1,0,0,0,5,0,0,0,0
15,21,4,1,1,4,3,0,1,0,1,1,1,5,2,2,0,6,6,14,1
3,20,0,1,1,0,3,3,0,1,1,1,1,7,0,1,0,8,5,11,0
10,20,4,0,1,0,3,1,0,5,1,1,1,0,0,1,0,8,2,13,0
2,15,4,1,1,4,3,0,1,0,1,1,1,5,0,1,0,6,4,6,1
14,19,4,1,1,4,3,0,1,0,1,1,1,5,2,0,5,0,0,0,1
3,15,4,0,1,0,3,3,0,2,1,1,1,0,0,1,5,6,0,4,0
3,19,4,0,1,0,3,0,0,2,1,1,1,0,0,1,0,5,2,5,1
8,16,0,0,1,0,3,0,0,8,1,1,1,7,0,1,0,6,6,8,1
3,13,4,1,1,4,3,0,1,2,1,1,1,0,0,0,5,0,0,2,1
0,17,4,0,1,0,0,0,0,16,1,1,1,0,0,5,3,2,1,1,1
15,23,4,0,1,0,3,0,0,0,1,1,1,5,2,1,0,6,8,13,1
11,17,0,0,1,0,3,0,0,0,1,1,1,0,2,1,0,2,3,4,1
1,15,4,0,1,0,3,1,0,16,1,1,1,8,0,2,5,2,0,3,0
4,15,4,0,1,0,3,0,0,2,1,1,1,7,0,1,0,4,1,3,1
11,21,4,0,1,0,3,0,0,0,1,1,1,1,2,1,0,9,6,14,1
10,21,4,1,1,0,3,1,0,0,1,1,1,0,0,3,0,6,8,13,1
2,15,4,1,1,0,3,3,0,9,1,1,1,0,0,1,2,3,0,4,1
5,2,0,0,1,2,3,0,0,3,1,1,1,7,0,6,0,5,10,6,0
14,20,0,1,1,4,3,0,1,1,1,1,1,0,2,0,5,0,0,0,0
13,20,0,1,1,0,3,1,0,0,1,1,1,0,2,1,0,9,8,14,1
5,19,4,0,1,3,3,0,1,2,1,1,1,5,0,0,5,0,0,0,1
9,7,1,1,0,0,1,0,0,0,0,0,1,3,0,4,2,0,0,2,1
12,17,2,0,1,0,3,0,0,1,1,1,1,0,2,1,0,7,2,11,1
0,15,4,1,1,0,3,0,0,2,1,1,1,0,0,0,5,0,0,0,1
8,19,0,1,1,0,3,3,0,8,1,1,1,7,0,0,5,0,0,0,1
2,15,4,0,1,0,3,1,0,2,1,1,1,0,0,1,2,5,0,5,1
13,20,0,1,1,3,3,0,1,0,1,1,1,0,2,1,0,6,2,13,1
9,18,0,0,1,0,0,1,0,16,1,1,1,0,0,5,3,6,2,9,0
13,19,0,1,1,0,3,1,0,1,1,1,1,0,2,1,0,2,3,6,1
12,15,0,0,1,0,3,3,0,0,1,1,1,7,2,1,0,6,10,11,1
14,6,0,1,1,0,3,0,0,16,1,1,1,8,2,1,0,2,8,3,0
5,20,4,0,1,2,3,3,1,0,1,1,1,0,0,5,0,5,4,3,0
14,20,4,0,1,0,3,0,0,12,1,1,1,0,2,2,0,6,8,10,1
6,21,4,0,1,0,3,3,0,5,1,1,1,0,0,2,0,8,2,8,1
2,18,4,0,1,0,3,3,0,2,1,1,1,7,0,1,0,6,6,2,1
0,18,4,0,1,0,3,0,0,16,1,1,1,5,0,0,5,0,0,0,1
7,15,4,0,1,0,3,0,0,2,1,1,1,0,0,5,0,9,8,7,1
5,17,4,0,1,0,3,0,0,2,1,1,1,5,0,1,0,6,3,13,1
13,20,0,1,1,4,3,0,1,1,1,1,1,5,2,2,5,0,0,0,1
9,17,0,0,1,0,3,0,0,1,1,1,1,7,0,1,0,4,2,8,1
13,18,0,1,1,0,3,0,0,8,1,1,1,0,2,1,0,6,3,11,1
7,21,4,1,1,0,3,1,0,12,1,1,1,0,0,1,0,6,4,11,0
11,15,4,1,1,0,3,0,0,2,1,1,1,0,2,1,0,6,4,8,1
13,19,4,1,1,0,3,1,0,0,1,1,1,0,2,1,0,1,2,7,1
6,14,4,1,0,0,3,3,0,12,1,1,0,0,0,2,5,1,0,1,1
1,14,4,1,1,0,3,0,0,2,1,1,1,0,0,1,1,3,0,5,1
3,15,4,0,1,0,3,1,0,2,1,1,1,0,0,1,0,3,2,7,1
7,20,0,0,1,0,3,1,0,1,1,1,1,5,0,1,0,6,8,12,0
15,19,0,1,1,4,3,0,1,1,1,1,1,0,2,1,0,5,8,5,1
14,21,0,0,1,4,3,0,1,0,1,1,1,5,2,1,0,6,4,14,1
7,15,4,1,1,0,3,3,0,2,1,1,1,0,0,1,0,6,3,9,1
7,20,4,1,1,0,3,0,0,2,1,1,1,5,0,1,5,0,0,0,1
2,15,4,0,1,0,3,0,0,2,1,1,1,8,0,1,2,6,0,6,1
11,19,4,1,1,0,3,1,0,0,1,1,1,0,2,1,5,1,0,1,1
3,20,4,1,1,0,3,3,0,2,1,1,1,5,0,1,0,6,8,3,1
5,20,4,1,1,0,3,0,0,11,1,1,1,0,0,1,0,4,6,6,1
1,15,4,0,1,0,3,3,0,10,1,1,1,5,0,0,5,0,0,3,1
7,20,4,0,1,0,3,1,0,7,1,1,1,0,0,1,0,6,11,6,1
6,20,4,1,1,3,3,3,1,2,1,1,1,5,0,1,5,0,0,3,1
5,18,4,1,1,3,3,3,1,2,1,1,1,7,0,1,0,1,8,5,1
0,18,4,1,1,0,3,3,0,16,1,1,1,0,0,1,0,8,2,5,1
12,18,4,1,1,0,3,0,0,0,1,1,1,1,2,5,0,6,2,2,0
12,20,4,1,1,3,3,3,1,0,1,1,1,0,2,1,0,8,2,13,0
4,15,4,1,1,2,3,0,0,2,1,1,1,2,0,1,0,4,3,3,1
5,20,4,0,1,0,3,0,0,2,1,1,1,5,0,1,2,5,0,6,1
14,21,0,0,1,0,3,0,0,0,1,1,1,5,2,1,0,7,5,13,0
3,20,4,1,1,0,3,3,0,0,1,1,1,0,0,1,0,3,8,2,1
14,15,0,1,1,0,3,1,0,8,1,1,1,0,2,1,5,0,0,0,1
10,18,4,0,1,0,3,1,0,2,1,1,1,0,0,1,0,4,11,6,1
11,21,4,0,1,0,3,1,0,0,1,1,1,0,2,4,0,6,4,13,0
15,15,4,0,1,0,0,0,0,16,1,1,1,0,2,5,3,6,1,11,0
7,11,4,0,0,4,3,0,1,0,1,1,1,0,0,0,5,0,0,0,1
6,15,0,0,1,0,3,0,0,2,1,1,1,5,0,0,5,0,0,0,1
14,15,0,0,1,0,0,0,0,0,1,1,1,0,2,5,3,6,9,13,1
4,18,4,0,1,0,3,3,0,11,1,1,1,2,0,6,0,2,7,5,1
13,0,4,1,1,4,3,0,1,0,1,1,1,7,2,1,0,6,4,7,1
15,18,0,1,1,0,3,1,0,1,1,1,1,0,2,1,0,5,5,6,1
1,18,4,1,1,0,3,1,0,2,1,1,1,8,0,1,0,2,6,4,1
1,14,4,0,1,0,3,3,0,12,1,1,1,7,0,0,5,0,0,0,0
0,15,4,0,1,0,3,0,0,2,1,1,1,0,0,0,5,0,0,0,1
9,19,0,0,1,4,3,3,1,1,1,1,1,0,0,1,0,6,3,6,1
3,18,4,0,1,3,3,3,1,2,1,1,1,8,0,1,0,2,9,4,1
6,20,4,0,1,0,3,1,0,2,1,1,1,8,0,1,0,3,8,6,1
1,17,4,1,1,0,3,1,0,2,1,1,1,1,0,1,0,2,3,2,1
5,18,4,0,1,3,3,3,1,2,1,1,1,5,0,1,0,6,3,9,1
14,18,0,0,1,0,3,3,0,1,1,1,1,1,2,2,0,6,3,13,1
14,21,0,0,1,0,3,0,0,0,1,1,1,0,2,6,0,6,6,14,0
10,20,4,0,1,0,3,3,0,11,1,1,1,1,0,1,0,6,11,14,0
7,15,4,0,1,0,3,3,0,7,1,1,1,7,0,1,0,1,3,5,1
10,18,0,0,1,4,3,0,1,0,1,1,1,7,0,1,0,6,1,7,1
15,18,0,1,1,0,3,0,0,1,1,1,1,7,2,4,0,5,6,2,0
12,20,4,1,1,0,3,0,0,2,1,1,1,5,2,1,1,6,0,10,1
0,15,4,1,1,4,3,0,1,11,1,1,1,0,0,9,2,0,0,0,0
11,15,0,0,1,3,3,0,1,8,1,1,1,7,2,1,5,2,0,0,1
13,12,2,0,1,0,3,0,0,7,1,1,1,2,2,1,5,0,11,5,1
12,18,0,1,1,4,3,0,1,0,1,1,1,0,2,1,0,3,8,5,0
4,17,4,1,1,0,3,1,0,2,1,1,1,7,0,2,0,3,6,6,1
14,19,4,1,1,0,3,0,0,9,1,1,1,4,0,4,0,5,8,14,0
3,15,4,0,1,0,3,0,0,2,1,1,1,7,0,1,0,6,10,8,1
10,17,0,0,1,3,3,0,1,0,1,1,1,8,0,1,0,7,2,12,1
7,15,0,0,1,0,3,0,0,1,1,1,1,7,0,1,0,6,2,10,1
0,21,4,1,1,4,3,0,1,16,1,1,1,5,0,6,5,2,0,1,0
5,15,4,1,1,0,3,1,0,2,1,1,1,0,0,1,0,4,1,6,0
5,18,4,1,1,0,3,0,0,2,1,1,1,1,0,1,0,6,1,2,1
10,15,0,1,1,0,1,0,0,1,1,1,1,5,0,1,0,6,7,12,1
6,15,4,0,1,3,3,3,1,0,1,1,1,0,0,1,0,6,8,11,1
13,20,4,0,1,0,3,3,0,2,1,1,1,0,2,1,0,7,6,10,1
15,15,4,0,1,0,3,0,0,15,1,1,1,1,2,0,5,0,0,0,1
8,19,4,1,1,0,3,1,0,12,1,1,1,0,0,3,0,3,2,5,0
1,18,4,1,1,0,3,3,0,2,1,1,1,0,0,1,0,2,11,4,0
5,20,0,1,1,0,3,3,0,1,1,1,1,5,0,1,0,6,10,11,0
8,20,0,1,1,4,3,0,1,0,1,1,1,7,0,1,0,6,6,5,1
12,15,0,1,1,0,3,3,0,0,1,1,1,8,2,1,0,6,8,10,1
3,18,4,0,1,0,3,0,0,2,1,1,1,0,0,0,5,0,0,0,1
13,21,4,1,1,0,3,0,0,0,1,1,1,7,2,3,0,2,6,3,0
4,18,4,1,1,0,3,1,0,2,1,1,1,0,0,1,0,4,6,5,1
13,21,0,1,1,4,3,0,1,1,1,1,1,0,2,0,5,0,0,0,1
5,20,4,0,1,0,3,3,0,2,1,1,1,0,0,1,2,6,0,2,0
13,0,4,1,1,4,3,3,1,12,1,1,1,7,2,6,0,3,4,3,1
12,15,0,1,1,4,3,3,1,8,1,1,1,0,2,0,5,0,0,0,1
0,15,0,1,1,0,3,0,0,1,1,1,1,0,0,1,1,1,0,1,0
14,15,4,0,0,0,3,1,0,2,1,1,0,0,2,1,5,0,0,2,1
0,17,4,1,1,0,3,0,0,16,1,1,1,0,0,1,0,4,2,6,1
12,20,4,0,1,0,3,3,0,0,1,1,1,0,2,2,0,9,6,14,1
15,20,0,0,1,0,3,1,0,0,1,1,1,5,2,1,0,7,8,14,1
14,15,0,0,1,0,3,0,0,0,1,1,1,0,2,1,0,9,6,12,1
10,20,4,0,1,0,3,1,0,0,1,1,1,0,0,1,0,6,6,11,1
5,18,4,0,1,0,3,0,0,2,1,1,1,7,0,6,5,0,0,2,1
6,20,4,1,1,3,3,0,1,5,1,1,1,5,0,1,0,6,8,8,1
10,20,4,0,1,0,3,3,0,2,1,1,1,0,0,1,0,6,2,12,1
13,20,0,0,1,0,1,1,0,0,1,1,1,0,2,1,0,9,7,14,1
10,0,0,1,1,4,3,3,1,1,1,1,1,0,0,0,5,0,0,0,1
4,20,4,0,1,0,3,0,0,3,1,1,1,0,0,6,1,9,0,13,1
3,20,4,0,1,0,3,1,0,0,1,1,1,0,0,2,0,9,10,14,1
2,18,4,1,0,0,3,1,0,2,1,0,1,0,0,0,5,0,0,2,1
8,21,4,0,1,0,3,0,0,12,1,1,1,0,0,3,0,7,2,13,1
11,16,0,0,1,0,3,0,0,1,1,1,1,7,2,1,0,6,6,10,1
9,0,4,1,0,0,3,3,0,2,0,0,0,3,0,2,0,6,10,9,0
1,18,4,0,1,0,3,0,0,2,1,1,1,7,0,0,5,0,0,0,1
15,18,0,0,1,0,3,0,0,0,1,1,1,0,2,0,5,0,0,0,1
4,19,4,1,1,3,3,3,1,2,1,1,1,0,0,1,0,1,2,4,1
5,20,4,0,1,0,3,0,0,2,1,1,1,7,0,3,0,4,10,6,1
1,15,4,1,1,4,3,0,1,7,1,1,1,5,0,1,0,2,3,6,1
12,15,4,1,1,0,3,3,0,0,1,1,1,0,2,1,0,6,4,11,1
0,1,4,1,0,2,2,3,0,3,0,1,0,0,0,0,5,0,0,0,0
10,2,0,1,1,3,3,0,1,0,1,1,1,7,0,3,2,0,0,4,1
13,20,0,1,1,0,3,0,0,0,1,1,1,0,2,1,0,6,4,12,1
7,15,4,1,1,0,3,0,0,7,1,1,1,0,0,1,2,0,0,0,1
5,18,4,0,1,0,3,0,0,0,1,1,1,7,0,1,0,5,2,2,1
11,15,0,1,1,0,3,0,0,1,1,1,1,8,2,1,0,1,3,4,1
6,18,4,1,1,0,3,0,0,2,1,1,1,7,0,1,0,3,8,3,1
10,20,0,0,1,0,3,1,0,0,1,1,1,8,0,3,0,6,11,9,1
11,20,0,0,1,0,3,1,0,1,1,1,1,0,2,1,0,4,1,9,1
3,22,4,1,1,0,3,1,0,0,1,1,1,0,0,3,1,7,0,12,1
5,18,4,1,1,0,3,0,0,10,1,1,1,0,0,0,5,0,0,0,0
9,20,4,1,1,3,3,3,1,0,1,1,1,7,0,4,0,6,8,6,1
14,18,4,0,1,0,3,0,0,14,1,1,1,0,2,1,0,2,4,7,0
2,16,4,0,1,0,3,0,0,15,1,1,1,0,0,0,5,0,0,0,0
3,18,4,1,1,0,3,0,0,2,1,1,1,0,0,0,5,0,0,0,1
5,15,4,1,1,0,3,0,0,12,1,1,1,0,0,1,0,6,2,9,1
3,20,4,1,1,0,3,1,0,11,1,1,1,8,0,1,0,1,2,3,0
3,15,4,0,1,0,3,0,0,2,1,1,1,7,0,2,5,0,0,0,1
2,18,4,1,1,0,3,0,0,2,1,1,1,7,0,1,0,3,2,6,1
9,12,4,0,1,4,3,0,1,0,1,1,1,7,0,1,0,6,7,13,1
7,18,4,0,1,0,3,1,0,0,1,1,1,0,0,2,0,5,6,9,1
10,17,0,1,1,0,3,0,0,1,1,1,1,0,0,1,0,5,2,4,0
2,15,0,1,1,3,3,0,0,8,1,1,1,7,0,1,0,6,2,11,1
5,15,4,1,0,0,3,3,0,3,1,0,1,0,0,1,0,4,11,5,1
4,20,4,1,1,0,3,0,0,0,1,1,1,0,0,1,0,6,3,8,0
15,15,0,1,1,0,3,0,0,0,1,1,1,0,2,1,0,6,3,6,1
15,15,0,1,1,0,3,1,0,0,1,1,1,0,2,1,0,6,1,10,1
6,18,4,1,1,0,3,0,0,14,1,1,1,5,0,7,0,6,8,10,1
11,18,4,0,1,0,3,0,0,2,1,1,1,7,2,1,0,3,6,8,1
15,18,0,1,1,0,3,0,0,1,1,1,1,0,2,1,0,5,5,6,1
10,18,4,0,1,0,3,1,0,2,1,1,1,0,0,1,0,6,6,9,1
15,18,4,0,1,0,3,1,0,0,1,1,1,0,2,1,0,6,2,5,1
5,18,4,0,1,0,3,1,0,2,1,1,1,6,0,2,0,5,8,3,1
7,13,4,1,1,0,3,0,0,0,1,1,1,7,0,6,0,4,6,8,1
11,18,0,0,1,0,3,3,0,2,1,1,1,7,2,1,0,6,3,10,1
0,18,4,1,1,0,3,3,0,2,1,1,1,0,0,2,5,1,0,3,1
8,18,4,1,1,0,3,0,0,2,1,1,1,5,0,2,0,6,8,8,1
5,15,4,0,1,0,1,3,0,0,1,1,1,0,0,5,0,9,3,3,0
5,18,4,0,1,0,3,0,0,2,1,1,1,0,0,1,0,4,6,4,1
3,18,4,0,1,0,3,0,0,0,1,1,1,5,0,1,0,6,3,9,0
8,18,0,0,0,0,3,0,0,0,1,1,1,0,0,1,0,6,4,10,1
2,18,4,1,1,0,3,3,0,2,1,1,1,0,0,3,0,1,2,2,1
6,15,4,1,1,4,3,0,1,0,1,1,1,0,0,1,0,4,6,6,1
14,20,2,1,1,4,3,0,1,0,1,1,1,5,2,3,0,9,8,11,0
9,17,4,0,1,0,3,0,0,2,1,1,1,1,0,0,5,0,0,0,1
3,15,4,0,1,0,3,0,0,15,1,1,1,1,0,1,5,6,0,2,0
4,20,0,0,1,3,3,0,1,0,1,1,1,7,0,1,0,6,3,8,1
10,20,0,0,1,4,3,1,1,0,1,1,1,0,0,1,0,9,3,14,1
1,18,4,1,1,0,3,3,0,2,1,1,1,0,0,0,5,0,0,0,1
6,18,4,0,1,0,3,0,0,0,1,1,1,5,0,7,5,5,0,2,1
9,17,0,1,1,0,3,3,0,1,1,1,1,5,0,1,0,8,4,8,1
1,14,4,1,1,4,3,0,1,2,1,1,1,0,0,1,0,2,4,2,1
5,19,4,1,1,0,3,0,0,2,1,1,1,5,0,1,0,1,2,2,1
12,13,4,0,1,0,3,0,0,2,1,1,1,1,2,1,5,0,0,0,1
10,20,4,1,1,4,3,0,1,11,1,1,1,5,0,2,0,1,11,3,0
6,15,4,1,0,0,3,0,0,3,1,1,0,0,0,0,5,0,0,0,1
13,20,0,1,1,3,3,0,1,0,1,1,1,5,2,2,0,6,6,10,1
3,15,4,0,1,0,0,0,0,16,1,1,1,0,0,5,3,9,2,6,0
14,18,0,0,1,0,3,0,0,0,1,1,1,0,2,1,0,6,3,12,1
3,20,4,0,1,0,3,1,0,2,1,1,1,0,0,1,0,6,8,3,1
11,8,4,0,1,4,3,0,1,11,1,1,1,7,2,1,0,6,4,8,1
8,20,4,0,1,0,3,0,0,0,1,1,1,5,0,1,0,6,6,14,1
4,15,4,1,1,0,3,1,0,0,1,1,1,8,0,1,0,9,6,8,1
12,18,0,0,1,0,1,0,0,0,1,1,1,0,2,5,0,9,6,10,0
12,23,0,0,1,4,3,0,1,0,1,1,1,0,2,2,0,6,8,14,1
9,20,0,1,1,0,3,0,0,0,1,1,1,1,0,1,0,6,4,13,1
11,18,0,1,1,0,3,0,0,0,1,1,1,0,2,3,0,6,2,11,1
7,13,4,0,1,0,3,3,0,0,1,1,1,0,0,6,5,0,0,0,1
8,19,4,0,1,0,3,1,0,0,1,1,1,5,0,1,0,8,1,14,1
9,20,0,1,1,0,3,0,0,0,1,1,1,3,0,4,0,7,3,9,1
5,15,4,0,1,0,3,0,0,15,1,1,1,7,0,1,5,0,0,0,0
13,20,4,1,1,0,3,0,0,12,1,1,1,5,2,1,0,6,3,10,1
1,17,4,0,1,0,3,0,0,2,1,1,1,0,0,0,5,0,0,0,1
3,15,4,0,1,0,0,1,0,16,1,1,1,0,0,5,3,8,1,6,1
4,18,4,1,1,0,3,0,0,16,1,1,1,5,0,1,5,0,0,0,0
0,15,4,1,1,0,3,0,0,2,1,1,1,0,0,1,2,2,0,3,1
4,21,4,1,1,0,3,0,0,2,1,1,1,7,0,2,0,2,3,8,1
9,20,4,0,1,0,3,0,0,0,1,1,1,0,0,1,0,8,4,11,1
11,22,4,1,1,0,3,1,0,2,1,1,1,0,2,2,0,1,2,11,1
15,16,4,0,1,0,3,0,0,2,1,1,1,5,2,1,0,6,8,5,1
14,18,2,0,1,0,3,0,0,0,1,1,1,0,2,1,0,7,2,11,1
6,20,0,0,1,0,3,3,0,3,1,1,1,0,0,1,0,6,8,13,1
13,20,4,1,1,0,3,0,0,0,1,1,1,1,2,3,0,6,6,13,0
2,18,4,1,1,0,3,0,0,2,1,1,1,0,0,1,0,6,6,6,1
2,18,4,0,1,0,3,0,0,11,1,1,1,5,0,1,2,1,0,2,0
1,15,2,0,1,0,3,0,0,7,1,1,1,0,0,1,2,5,0,3,1
2,16,4,0,1,0,3,3,0,15,1,1,1,7,0,0,5,0,0,0,1
11,19,4,0,1,0,3,0,0,2,1,1,1,7,2,1,0,6,5,6,1
15,15,0,0,1,3,3,0,1,1,1,1,1,0,2,1,0,9,7,14,0
8,15,0,0,1,0,3,2,0,8,1,1,1,8,0,1,5,6,0,7,0
3,20,0,0,1,0,3,1,0,1,1,1,1,0,0,2,5,1,0,2,1
15,11,4,0,1,4,3,0,1,15,1,1,1,0,2,0,5,0,0,0,1
8,20,0,0,1,0,1,0,0,2,1,1,1,0,0,1,0,6,3,9,1
4,18,2,1,1,3,1,1,1,0,1,1,1,7,1,5,3,9,9,13,1
11,14,0,1,1,4,3,0,1,0,1,1,1,7,2,1,0,6,5,8,1
11,20,4,1,1,0,3,0,0,0,1,1,1,5,2,2,0,8,11,8,1
3,15,4,0,1,0,3,3,0,0,1,1,1,0,0,1,2,6,0,4,1
1,18,4,1,1,0,3,3,0,0,1,1,1,7,0,1,0,2,4,4,1
1,15,4,1,0,0,3,1,0,7,1,0,0,0,0,1,0,3,10,3,1
9,20,4,1,1,0,3,0,0,11,1,1,1,0,0,1,0,6,8,14,1
11,20,4,0,1,0,3,3,0,11,1,1,1,0,2,6,0,6,0,9,1
2,18,4,1,1,0,3,0,0,0,1,1,1,0,0,1,0,6,3,9,0
14,19,0,0,1,0,0,3,0,1,1,1,1,4,2,5,4,8,4,11,0
1,18,4,0,1,4,3,1,1,2,1,1,1,5,0,1,0,3,6,2,0
8,15,0,1,1,3,3,0,1,0,1,1,1,7,0,1,0,6,6,9,1
15,23,0,1,1,4,3,3,1,1,1,1,1,5,2,0,5,0,0,0,0
9,17,0,0,1,3,3,0,1,1,1,1,1,5,0,1,0,6,10,11,1
7,20,4,1,1,0,3,0,0,2,1,1,1,5,0,1,0,2,6,5,1
0,15,4,0,1,0,3,3,0,2,1,1,1,0,0,0,5,0,0,0,1
5,18,4,0,0,0,3,0,0,0,1,1,0,0,0,1,5,6,0,3,0
2,18,4,1,0,0,3,0,0,12,1,1,1,0,2,1,0,9,2,6,1
3,20,4,1,0,0,3,1,0,12,1,1,0,0,2,0,5,0,0,0,0
15,20,0,0,1,3,3,0,1,0,1,1,1,5,2,1,0,6,2,14,1
5,15,4,0,1,0,3,0,0,0,1,1,1,7,0,1,2,0,0,0,1
10,15,4,0,1,4,3,0,1,2,1,1,1,0,0,1,0,6,8,12,1
1,15,4,1,1,0,3,0,0,2,1,1,1,1,0,6,2,1,0,2,1
6,15,4,0,1,0,3,0,0,0,1,1,1,7,0,1,0,6,4,8,1
11,10,4,1,0,0,3,3,0,14,0,1,1,4,2,1,0,6,8,10,0
2,15,4,0,1,0,3,3,0,16,1,1,1,0,0,6,0,9,0,3,1
3,21,4,0,1,4,3,0,1,2,1,1,1,5,0,1,0,6,8,14,1
13,20,4,0,1,0,3,0,0,15,1,1,1,1,2,3,5,0,0,0,1
9,19,4,0,1,0,3,1,0,0,1,1,1,0,0,4,0,9,4,11,1
4,20,4,0,1,0,3,3,0,0,1,1,1,7,0,1,0,4,4,4,0
12,21,0,1,1,0,3,0,0,9,1,1,1,0,2,1,1,9,0,11,1
10,21,4,0,1,4,3,0,1,0,1,1,1,0,0,6,0,6,6,10,1
9,18,4,0,1,0,3,0,0,12,1,1,1,0,0,2,0,6,1,10,1
8,20,4,1,1,4,3,3,1,2,1,1,1,5,0,1,0,6,9,6,1
6,20,0,1,1,3,3,0,1,2,1,1,1,5,0,0,5,0,0,0,1
4,18,4,0,1,3,3,0,1,2,1,1,1,5,0,1,0,4,4,4,1
10,18,4,1,1,0,3,3,0,0,1,1,1,7,0,1,0,6,2,6,1
15,15,0,1,1,4,3,0,1,1,1,1,1,0,2,0,5,0,0,0,1
14,20,0,0,1,3,3,3,1,0,1,1,1,5,2,1,0,6,3,13,1
15,15,4,0,1,0,3,1,0,0,1,1,1,7,2,1,0,6,4,6,1
9,20,4,1,1,0,3,1,0,0,1,1,1,0,0,2,0,6,4,12,0
10,0,4,1,1,3,3,0,1,9,1,1,1,0,0,0,5,0,0,0,1
8,20,4,0,1,0,3,0,0,2,1,1,1,0,0,1,0,6,4,10,1
1,14,0,0,1,0,3,0,0,2,1,1,1,0,0,1,0,6,8,5,0
2,14,4,0,0,0,3,0,0,0,1,1,0,0,0,1,1,3,0,6,0
7,20,4,1,1,0,0,1,0,0,1,1,1,0,0,5,3,8,2,12,1
11,15,4,1,1,3,3,0,1,2,1,1,1,0,2,1,0,6,2,5,1
5,18,4,0,1,0,3,1,0,2,1,1,1,0,0,1,0,6,2,7,1
1,15,4,0,1,0,0,3,0,16,1,1,1,0,0,5,3,6,9,6,0
3,15,4,0,1,4,3,0,1,2,1,1,1,0,0,1,5,0,0,3,1
8,20,0,1,1,0,3,1,0,0,1,1,1,7,0,3,0,6,8,9,1
0,15,4,1,1,4,3,3,1,14,1,1,1,7,0,1,0,2,6,2,0
12,20,4,0,1,3,3,0,1,0,1,1,1,0,2,1,0,9,4,11,1
0,19,4,1,1,0,3,1,0,0,1,1,1,0,0,1,0,1,0,1,1
9,18,0,0,1,0,3,0,0,1,1,1,1,0,0,1,0,8,3,6,0
5,15,4,1,1,0,3,3,0,2,1,1,1,0,0,1,0,6,3,8,1
6,18,4,0,1,0,3,1,0,0,1,1,1,0,0,1,0,6,9,14,0
9,21,4,0,0,0,3,1,0,2,0,1,1,5,0,1,0,7,8,13,1
13,19,4,0,0,0,3,1,0,15,1,1,0,0,2,1,5,0,0,0,0
15,20,0,1,1,0,3,1,0,0,1,1,1,0,2,1,0,6,2,13,1
9,19,4,0,1,0,3,0,0,2,1,1,1,0,0,3,0,6,0,11,1
15,15,0,1,1,0,3,1,0,0,1,1,1,0,2,1,0,6,11,5,0
6,20,4,0,1,0,3,0,0,14,1,1,1,5,0,1,0,6,8,13,1
7,19,4,1,1,0,3,0,0,2,1,1,1,5,0,1,0,1,8,3,1
3,18,4,1,1,0,3,0,0,2,1,1,1,0,0,0,5,0,0,0,1
0,18,4,1,1,0,3,1,0,2,1,1,1,0,0,1,0,2,5,3,1
5,19,4,1,1,0,3,0,0,2,1,1,1,0,0,1,0,3,1,5,1
1,18,4,0,1,4,3,0,1,0,1,1,1,5,0,1,0,1,3,5,0
9,15,0,1,1,3,3,0,1,1,1,1,1,7,0,1,0,6,3,9,1
15,18,2,1,1,0,3,0,0,0,1,1,1,0,2,3,0,6,4,12,1
15,15,4,0,1,4,3,0,1,9,1,1,1,0,2,1,0,6,5,7,1
6,15,4,0,1,0,3,0,0,2,1,1,1,1,0,3,0,6,3,10,1
4,15,4,0,1,0,1,1,0,2,1,1,1,8,0,1,0,6,6,5,0
2,16,4,1,1,0,3,3,0,3,1,1,1,0,0,0,5,0,0,0,1
1,16,4,0,1,0,3,1,0,2,1,1,1,7,0,1,0,6,5,4,0
1,18,4,1,1,4,3,0,1,11,1,1,1,0,0,0,5,0,0,0,0
4,19,4,1,1,0,3,3,0,2,1,1,1,0,0,1,5,3,0,2,1
3,20,4,1,1,0,3,1,0,2,1,1,1,0,0,1,0,2,5,6,1
3,17,4,1,1,3,3,0,1,2,1,1,1,8,0,1,1,2,0,5,1
3,15,4,0,1,3,3,0,1,2,1,1,1,5,0,1,0,8,8,6,1
5,14,4,0,1,4,3,3,1,7,1,1,1,0,0,1,0,5,8,5,1
14,15,0,0,1,3,3,3,1,0,1,1,1,7,2,1,0,7,2,11,1
0,15,4,1,1,0,3,1,0,16,1,1,1,0,0,0,5,0,0,0,0
14,15,0,1,1,0,3,1,0,0,1,1,1,0,2,1,0,9,11,14,1
7,20,4,0,1,0,3,3,0,2,1,1,1,5,0,1,2,6,0,3,1
11,20,0,1,1,0,3,3,0,1,1,1,1,0,2,1,0,7,3,10,1
6,20,0,1,1,0,3,0,0,0,1,1,1,0,0,0,5,0,0,0,0
12,20,0,0,1,0,3,0,0,0,1,1,1,5,2,1,0,6,7,12,1
3,15,4,1,1,0,3,0,0,12,1,1,1,0,0,9,2,0,0,0,1
7,20,4,0,1,0,3,0,0,4,1,1,1,0,0,1,0,4,8,7,0
9,20,4,0,1,0,3,1,0,2,1,1,1,0,0,3,0,6,4,9,1
10,15,0,0,1,4,3,0,1,8,1,1,1,7,0,0,5,0,0,0,1
5,19,0,1,1,0,3,0,0,0,1,1,1,0,0,6,5,1,0,2,1
12,18,0,1,1,4,3,3,1,1,1,1,1,0,2,1,5,0,0,3,1
5,20,4,1,1,0,3,0,0,2,1,1,1,0,0,1,0,6,11,6,1
0,17,4,0,1,0,3,0,0,16,1,1,1,0,0,2,0,1,3,3,1
1,18,4,0,1,0,3,3,0,2,1,1,1,0,0,0,5,0,0,0,1
0,15,4,1,1,0,3,0,0,11,1,1,1,0,0,1,0,6,3,9,1
6,14,4,0,1,4,3,0,1,14,1,1,1,7,0,1,0,2,8,6,0
8,11,0,0,1,4,3,3,1,8,1,1,1,0,0,0,5,0,0,0,1
12,19,0,1,1,0,3,3,0,1,1,1,1,0,2,1,5,0,0,0,1
12,18,0,1,1,4,3,0,1,1,1,1,1,0,2,2,0,1,2,3,1
5,19,0,0,1,0,3,0,0,2,1,1,1,8,0,2,5,1,0,2,1
2,18,4,1,1,3,3,3,1,2,1,1,1,5,0,1,0,2,8,1,1
4,20,4,0,1,0,3,3,0,11,1,1,1,5,0,1,0,6,6,14,0
12,21,4,0,1,0,3,1,0,0,1,1,1,0,2,1,0,8,2,11,0
1,18,4,0,1,0,3,0,0,16,1,1,1,0,0,0,5,0,0,0,1
9,19,4,1,1,0,3,0,0,16,1,1,1,0,0,1,0,1,1,5,1
1,15,4,1,1,4,3,0,0,11,1,1,1,7,0,1,0,2,2,5,0
10,20,0,1,1,0,3,0,0,1,1,1,1,0,0,1,0,6,3,13,1
7,20,0,1,1,0,3,3,0,1,1,1,1,0,0,1,0,7,7,13,1
6,20,4,0,1,0,3,3,0,0,1,1,1,5,0,1,0,6,4,11,0
14,15,0,1,1,3,3,0,1,1,1,1,1,0,2,1,2,0,0,5,1
15,13,0,0,1,0,3,0,0,0,1,1,1,7,2,6,0,6,2,13,1
14,18,0,1,1,0,3,0,0,1,1,1,1,0,2,1,0,3,8,4,1
9,18,4,1,1,2,3,1,0,2,1,1,1,8,0,1,0,4,6,6,0
14,20,0,0,1,0,3,3,0,1,1,1,1,0,2,1,1,6,0,13,1
6,15,0,0,1,0,3,3,0,8,1,1,1,5,0,0,5,0,0,0,1
15,22,0,1,0,0,3,1,0,1,1,0,1,0,2,1,0,6,0,11,1
6,20,4,1,1,0,3,0,0,11,1,1,1,5,0,1,0,1,4,3,0
8,14,4,0,0,0,3,2,0,2,1,1,0,0,0,0,5,0,0,0,1
11,17,4,0,1,0,3,0,0,2,1,1,1,0,2,1,0,6,6,12,1
10,15,4,1,1,4,3,0,1,11,1,1,1,7,0,1,0,6,6,10,1
2,15,4,0,1,0,3,1,0,2,1,1,1,0,0,1,5,1,0,2,1
12,17,0,0,1,0,3,1,0,0,1,1,1,8,2,1,0,9,1,10,0
7,20,4,0,1,0,3,3,0,2,1,1,1,0,0,1,0,6,4,9,1
15,20,0,1,1,4,3,3,1,1,1,1,1,0,2,2,5,0,0,0,1
15,19,4,0,1,0,3,3,0,0,1,1,1,0,2,0,5,0,0,2,1
13,15,4,1,1,0,3,0,0,15,1,1,1,7,2,1,5,6,0,8,1
11,23,0,1,1,3,3,0,1,8,1,1,1,5,2,1,0,8,3,11,1
2,22,4,1,1,3,3,3,0,2,1,1,1,0,0,7,0,9,5,11,1
4,15,4,1,1,0,3,0,0,2,1,1,1,7,0,0,5,0,0,4,1
3,15,4,0,1,0,0,3,0,16,1,1,1,0,0,5,3,8,1,6,1
7,20,4,1,1,0,3,0,0,12,1,1,1,0,0,1,0,6,3,10,1
7,19,0,1,1,0,3,0,0,1,1,1,1,5,0,0,5,0,0,0,1
10,18,0,0,1,0,3,0,0,1,1,1,1,0,0,1,1,6,0,14,1
9,18,4,0,1,0,3,0,0,11,1,1,1,0,0,1,5,5,0,6,1
1,17,4,1,1,0,3,3,0,0,1,1,1,0,0,2,0,6,3,13,0
2,17,4,1,1,3,3,3,0,8,1,1,1,0,0,3,0,6,2,11,1
2,19,0,1,1,0,3,1,0,8,1,1,1,0,0,1,0,2,6,8,1
3,15,4,0,1,0,3,0,0,2,1,1,1,0,0,1,0,2,3,5,1
15,21,0,0,1,0,3,0,0,1,1,1,1,0,2,2,0,8,11,13,1
11,20,4,1,1,2,3,1,0,12,1,1,1,2,2,1,0,6,7,14,1
6,15,4,0,1,0,3,0,0,7,1,1,1,7,0,1,0,6,6,9,1
10,22,0,1,1,0,3,0,0,0,1,1,1,7,0,2,0,6,6,11,1
12,20,0,1,0,0,3,0,0,1,1,1,1,0,2,5,0,6,4,10,1
10,15,0,1,1,0,3,0,0,1,1,1,1,0,0,1,0,8,4,8,1
2,19,4,1,1,0,3,1,0,12,1,1,1,0,0,1,0,3,5,5,0
12,20,0,0,1,0,3,3,0,1,1,1,1,0,2,1,0,7,7,9,1
9,20,0,0,1,0,3,1,0,1,1,1,1,0,0,1,0,7,7,12,1
1,18,4,1,1,0,3,1,0,16,1,1,1,0,0,3,0,2,6,4,1
6,20,0,1,1,0,3,1,0,0,1,1,1,8,0,1,0,6,3,12,0
12,15,4,1,1,0,3,3,0,2,1,1,1,7,2,1,0,5,3,10,1
15,14,4,1,0,3,3,2,1,0,1,1,0,0,2,1,4,3,1,6,1
13,20,0,1,1,4,3,0,1,1,1,1,1,0,2,1,0,6,8,11,0
5,15,4,0,1,4,3,0,1,0,1,1,1,7,0,1,0,6,11,6,0
8,18,4,1,1,0,3,0,0,2,1,1,1,0,0,2,5,0,0,0,1
9,20,0,1,1,0,3,0,0,1,1,1,1,7,0,1,0,6,6,9,1
14,17,0,0,1,3,3,3,0,8,1,1,1,7,2,1,0,6,5,11,1
12,18,4,1,1,0,3,0,0,2,1,1,1,0,2,1,0,4,2,8,1
3,15,4,0,1,0,3,0,0,15,1,1,1,0,0,0,5,0,0,0,0
7,20,2,1,1,1,3,2,0,5,1,1,1,6,0,3,0,5,10,8,0
15,18,4,0,1,0,3,0,0,11,1,1,1,7,2,1,0,6,10,8,1
3,18,4,0,1,0,3,3,0,2,1,1,1,0,0,0,5,0,0,0,1
1,19,4,0,1,0,3,0,0,2,1,1,1,0,0,1,0,1,5,1,1
9,19,4,0,1,4,3,0,1,12,1,1,1,7,0,1,0,6,3,12,1
8,20,4,0,1,0,3,1,0,2,1,1,1,0,0,1,0,6,6,11,1
0,15,4,1,1,0,3,1,0,2,1,1,1,0,0,1,0,6,4,6,1
5,20,4,0,1,0,3,0,0,2,1,1,1,7,0,1,0,6,2,8,1
11,20,4,0,1,0,3,3,0,14,1,1,1,5,2,3,0,6,6,12,0
13,19,0,1,1,0,3,1,0,0,1,1,1,0,2,2,0,6,5,7,1
8,18,4,0,1,0,3,0,0,9,1,1,1,7,0,1,0,6,11,8,1
4,10,1,1,1,0,0,0,0,0,1,1,1,3,0,5,3,3,9,2,0
13,20,4,0,1,0,3,3,0,0,1,1,1,1,2,1,0,6,2,7,1
10,5,4,1,1,3,3,0,1,2,1,1,1,7,0,4,0,6,10,14,1
14,14,0,0,1,0,3,2,0,0,1,1,1,0,2,1,0,6,6,7,1
6,17,0,0,0,0,2,0,0,1,1,1,0,7,2,5,4,6,4,6,0
9,18,0,0,0,0,3,0,0,0,1,1,1,0,0,1,0,6,4,13,0
10,20,4,0,1,2,3,1,0,12,1,1,1,2,0,1,0,4,3,14,0
12,15,4,0,1,0,3,1,0,0,1,1,1,8,2,4,5,0,0,0,1
6,13,4,0,0,0,3,0,0,15,1,1,1,0,0,1,5,0,0,1,1
11,19,4,1,1,0,3,0,0,0,1,1,1,8,0,4,0,4,5,4,0
3,21,4,1,1,0,3,0,0,2,1,1,1,0,0,1,0,2,5,6,1
10,8,4,0,1,0,3,0,0,2,1,1,1,1,0,1,0,1,4,1,1
14,21,4,0,1,4,3,1,1,0,1,1,1,0,2,6,0,8,0,14,0
11,15,0,1,0,0,3,1,0,8,1,1,0,2,2,1,5,0,0,0,1
3,17,4,1,1,0,3,3,0,11,1,1,1,0,0,1,2,1,0,3,0
12,21,0,1,1,4,3,0,1,1,1,1,1,8,2,1,5,0,0,0,1
8,18,0,0,1,3,3,3,1,9,1,1,1,0,0,2,5,6,0,3,1
15,18,2,0,1,0,3,1,0,2,1,1,1,0,2,4,5,0,0,2,0
10,20,4,0,1,0,3,0,0,12,1,1,1,0,0,1,2,8,0,14,1
7,18,4,0,1,0,3,0,0,5,1,1,1,7,0,1,0,8,2,8,1
13,20,0,0,1,3,3,1,1,0,1,1,1,5,2,1,0,6,3,14,1
1,15,4,0,1,0,3,1,0,2,1,1,1,0,0,6,1,4,0,1,1
12,18,4,0,0,0,3,0,0,9,1,1,0,0,2,1,0,6,3,8,0
6,15,4,0,1,0,3,1,0,12,1,1,1,0,0,1,0,6,6,11,0
5,17,0,0,1,0,3,0,0,1,1,1,1,0,0,1,0,9,10,11,1
1,17,4,1,1,0,3,1,0,7,1,1,1,0,0,1,5,1,0,1,1
15,15,2,0,1,0,3,1,0,7,1,1,1,0,2,1,5,9,0,10,1
2,18,4,1,1,0,3,1,0,0,1,1,1,0,0,1,0,4,2,5,1
2,15,4,0,1,4,3,0,1,0,1,1,1,7,0,1,0,6,3,6,1
3,18,4,1,1,0,3,3,0,2,1,1,1,0,0,1,0,1,8,5,1
1,18,4,1,1,4,3,0,1,16,1,1,1,5,0,1,5,1,0,1,1
10,20,0,1,1,0,3,3,0,1,1,1,1,5,0,7,0,6,11,13,1
0,8,4,1,0,4,3,0,1,16,1,0,0,8,0,1,5,1,0,3,0
9,21,4,1,1,0,3,1,0,0,1,1,1,0,0,1,0,6,2,13,1
10,18,4,0,1,0,3,3,0,14,1,1,1,7,0,7,0,6,3,9,1
13,15,0,0,1,0,3,2,0,0,1,1,1,0,2,6,0,6,3,10,1
15,18,4,1,0,0,3,0,0,0,0,0,1,5,2,4,0,6,6,13,1
5,20,4,0,1,0,3,0,0,2,1,1,1,5,0,1,0,6,10,11,1
0,17,4,1,1,0,3,0,0,2,1,1,1,0,0,0,5,0,0,1,1
2,18,4,0,1,0,3,0,0,2,1,1,1,0,0,1,2,2,0,3,1
13,20,0,1,1,4,3,0,1,1,1,1,1,0,2,1,0,6,6,11,1
2,15,4,1,1,0,3,3,0,2,1,1,1,7,0,1,0,6,5,9,1
9,15,0,0,0,0,1,1,0,0,0,0,1,0,0,1,0,6,9,13,1
13,15,0,1,1,0,3,1,0,0,1,1,1,7,2,1,0,6,6,11,0
8,15,0,1,1,0,3,2,0,8,1,1,1,7,0,1,1,3,0,1,1
9,18,4,0,1,0,3,1,0,0,1,1,1,1,0,4,0,6,10,8,0
9,20,4,0,1,0,3,1,0,2,1,1,1,5,0,1,0,6,3,12,1
0,17,4,0,1,0,3,1,0,7,1,1,1,8,0,1,5,0,0,0,1
0,18,4,1,1,0,3,2,0,8,1,1,1,7,0,1,0,2,3,8,1
7,15,4,1,1,0,3,3,0,4,1,1,1,0,0,1,2,0,0,0,1
10,18,4,0,1,0,3,3,0,2,1,1,1,1,0,1,0,6,11,8,1
6,15,4,0,1,0,3,3,0,2,1,1,1,0,0,1,0,2,4,8,1
14,20,4,1,1,0,3,1,0,12,1,1,1,0,2,1,0,6,4,10,1
9,15,4,1,1,0,3,0,0,0,1,1,1,7,0,1,1,6,0,11,1
1,15,4,0,1,0,3,0,0,2,1,1,1,5,0,1,2,2,0,2,1
2,15,4,1,1,0,3,0,0,2,1,1,1,0,0,1,0,6,7,4,1
12,14,4,0,1,0,3,0,0,2,1,1,1,5,2,1,2,0,0,0,1
4,18,4,0,0,0,3,0,0,2,1,1,1,5,0,1,5,0,0,5,1
3,20,4,0,1,0,3,1,0,0,1,1,1,5,0,1,0,8,4,14,0
6,17,4,1,1,0,3,0,0,4,1,1,1,0,0,1,0,4,6,7,1
1,15,4,1,1,0,3,0,0,2,1,1,1,0,0,1,0,6,10,13,0
1,18,4,1,0,0,3,1,0,2,1,1,0,8,0,0,5,0,0,0,1
13,20,0,0,1,3,3,0,1,0,1,1,1,5,2,1,1,6,0,14,1
3,18,4,1,1,3,3,0,1,2,1,1,1,5,0,1,0,6,8,5,1
11,18,4,1,1,0,3,0,0,0,1,1,1,1,2,1,2,1,0,4,1
15,15,4,0,1,0,3,3,0,10,1,1,1,0,2,1,0,6,0,3,0
10,0,4,0,0,0,1,0,0,15,0,0,1,0,0,1,2,0,0,9,0
13,11,0,0,1,4,3,0,1,1,1,1,1,0,2,1,0,6,1,6,1
1,18,4,0,1,0,3,3,0,11,1,1,1,0,0,0,5,0,0,0,1
4,20,4,1,1,0,3,1,0,0,1,1,1,0,0,2,0,7,2,11,0
14,22,0,1,1,0,3,0,0,1,1,1,1,0,2,1,0,6,9,11,1
5,20,4,0,1,0,3,0,0,2,1,1,1,5,0,1,0,6,2,10,1
0,14,4,0,1,0,3,0,0,5,1,1,1,7,0,1,0,6,3,6,1
3,18,0,0,1,0,1,0,0,1,1,1,1,0,2,5,5,0,0,11,1
8,20,4,0,1,4,3,0,1,9,1,1,1,0,0,1,0,9,11,14,0
11,20,4,0,1,0,3,3,0,12,1,1,1,5,2,1,0,6,3,13,1
10,19,0,1,1,4,3,0,1,1,1,1,1,0,0,1,0,4,2,7,1
3,22,4,1,1,0,3,0,0,2,1,1,1,0,0,1,0,7,3,11,1
9,18,0,0,1,0,3,0,0,2,1,1,1,0,0,6,0,2,5,11,1
9,19,0,1,1,0,3,1,0,2,1,1,1,0,0,1,5,0,0,0,1
11,18,4,1,1,4,3,0,1,0,1,1,1,7,2,1,0,6,6,9,0
5,20,4,1,1,0,3,0,0,0,1,1,1,0,0,1,0,6,5,9,0
0,18,4,1,1,0,3,3,0,2,1,1,1,0,0,1,0,4,0,1,1
15,15,2,1,1,0,1,2,0,0,1,1,1,6,2,1,0,6,10,9,0
15,18,4,1,1,0,3,0,0,12,1,1,1,0,2,1,0,6,2,9,1
6,18,4,0,1,0,3,3,0,11,1,1,1,0,0,1,5,6,0,11,0
10,22,0,1,1,0,3,0,0,0,1,1,1,0,0,3,0,6,2,14,1
10,15,4,0,1,0,3,0,0,2,1,1,1,0,0,1,0,5,3,9,1
8,15,0,1,1,0,3,0,0,8,1,1,1,7,0,1,0,7,1,11,1
2,20,4,1,1,0,3,0,0,2,1,1,1,0,0,0,5,0,0,0,1
6,11,4,0,0,0,3,0,0,15,1,1,0,0,0,0,5,0,0,0,1
14,18,4,0,1,0,3,0,0,2,1,1,1,0,2,1,0,4,3,5,1
13,11,4,0,0,0,3,1,0,15,0,1,1,0,2,0,5,0,0,0,1
5,18,4,1,0,0,3,0,0,2,1,1,1,7,0,1,0,8,4,4,1
9,19,0,1,1,0,3,0,0,8,1,1,1,0,0,5,0,7,4,11,0
10,15,4,1,1,0,3,1,0,7,1,1,1,0,0,1,2,0,0,3,1
6,21,0,1,1,0,3,0,0,0,1,1,1,8,0,1,0,5,10,13,1
4,15,4,0,1,0,3,1,0,2,1,1,1,0,0,1,2,0,0,0,1
15,20,4,1,0,0,3,0,0,0,1,1,0,0,2,1,0,5,0,6,1
1,18,4,0,1,0,3,0,0,2,1,1,1,1,0,1,0,6,6,10,1
3,19,4,0,1,0,3,1,0,2,1,1,1,5,0,1,0,2,1,3,1
4,16,4,0,1,0,0,3,0,16,1,1,1,4,0,5,3,9,3,4,0
5,18,4,1,1,0,3,0,0,2,1,1,1,0,0,1,0,3,4,4,1
2,18,4,0,1,4,3,3,1,2,1,1,1,5,0,1,5,1,0,3,1
4,19,4,1,1,0,3,0,0,2,1,1,1,0,0,1,5,4,0,6,1
14,20,0,1,1,0,3,0,0,1,1,1,1,0,2,3,0,3,2,11,0
9,20,4,0,1,0,3,1,0,2,1,1,1,0,0,1,0,9,5,14,1
2,18,4,0,1,0,3,0,0,2,1,1,1,0,0,1,2,6,0,3,1
6,15,0,1,1,4,3,0,1,1,1,1,1,5,0,5,0,6,4,11,0
1,14,4,1,1,0,3,0,0,2,1,1,1,0,0,1,0,1,2,5,1
13,19,0,1,1,0,3,3,0,8,1,1,1,0,2,3,0,6,0,8,1
7,15,0,0,1,0,3,0,0,2,1,1,1,7,0,1,0,6,7,9,1
15,20,0,0,1,0,3,0,0,0,1,1,1,0,2,1,0,8,11,14,0
13,19,0,1,1,3,3,0,1,0,1,1,1,7,2,1,0,6,6,10,0
11,20,0,1,1,3,3,0,1,1,1,1,1,5,2,1,2,6,0,10,1
9,17,4,0,1,0,3,0,0,2,1,1,1,0,0,1,0,6,11,8,1
3,15,4,0,1,0,3,0,0,2,1,1,1,7,0,1,0,6,2,7,1
15,19,3,1,1,0,3,3,0,0,1,1,1,0,2,1,0,3,2,4,1
15,11,4,0,0,0,3,1,0,15,0,1,0,0,2,0,5,0,0,0,0
2,15,4,0,1,0,3,3,0,4,1,1,1,8,0,1,0,9,8,7,0
11,15,0,0,1,4,3,0,1,1,1,1,1,0,2,1,0,6,3,6,1
6,20,4,0,1,0,3,1,0,2,1,1,1,8,0,1,0,6,6,9,1
0,15,4,0,1,0,3,3,0,4,1,1,1,1,0,1,0,1,8,1,1
4,11,4,0,0,4,3,0,1,15,1,1,1,7,0,0,5,0,0,0,0
11,18,4,0,1,0,3,0,0,0,1,1,1,0,2,1,0,8,11,13,1
9,17,0,0,1,0,3,0,0,1,1,1,1,0,0,8,2,6,0,10,1
12,17,2,1,1,0,3,0,0,0,1,1,1,0,2,1,2,4,0,6,1
3,20,4,1,1,0,3,3,0,9,1,1,1,0,0,1,2,6,0,0,0
0,14,4,1,1,0,3,0,0,11,1,1,1,0,0,1,0,6,3,5,1
10,16,4,0,1,0,3,1,0,2,1,1,1,0,0,1,0,7,4,4,1
12,18,4,0,1,0,3,1,0,2,1,1,1,0,2,1,2,0,0,0,1
8,13,0,0,1,0,3,1,0,8,1,1,1,0,0,1,0,6,4,7,0
7,18,4,1,1,0,3,0,0,4,1,1,1,5,0,6,1,1,0,1,1
10,14,0,0,1,4,3,0,1,0,1,1,1,5,0,1,2,5,0,6,1
2,15,4,0,1,0,1,0,0,2,1,1,1,0,0,1,0,6,4,3,1
10,21,0,0,1,0,3,0,0,1,1,1,1,1,0,1,2,2,0,3,0
14,15,4,0,1,4,3,3,1,0,1,1,1,7,2,1,0,7,4,13,1
14,8,1,1,1,3,1,0,1,14,1,1,1,0,2,4,5,0,0,3,0
11,20,0,1,1,4,3,0,1,1,1,1,1,5,2,1,0,6,2,12,1
1,18,4,0,1,0,3,1,0,16,1,1,1,0,0,1,5,1,0,3,1
13,17,0,1,1,0,3,0,0,1,1,1,1,0,2,1,5,0,0,0,1
0,17,4,1,1,0,3,0,0,16,1,1,1,0,0,1,0,4,4,2,1
3,18,4,1,1,0,3,0,0,16,1,1,1,0,0,1,0,6,6,8,1
9,18,4,0,1,0,3,3,0,2,1,1,1,0,0,1,5,0,0,3,1
9,20,4,1,1,0,3,0,0,2,1,1,1,0,0,3,5,0,0,0,0
4,18,4,0,1,0,3,0,0,2,1,1,1,0,0,1,0,4,2,8,1
2,15,4,1,1,0,3,0,0,2,1,1,1,7,0,0,5,0,0,0,1
5,20,4,1,1,0,3,1,0,2,1,1,1,8,0,1,0,3,4,5,1
8,20,4,0,1,0,3,1,0,0,1,1,1,0,0,1,0,8,9,14,1
0,17,4,1,1,0,3,2,0,8,1,1,1,0,0,1,0,1,3,1,0
3,13,4,0,1,0,3,0,0,2,1,1,1,7,0,1,0,6,6,7,1
15,20,2,1,1,0,3,1,0,12,1,1,1,0,2,1,5,5,0,3,0
13,23,0,1,1,0,3,0,0,1,1,1,1,0,2,8,0,8,2,14,1
12,14,0,1,1,0,3,3,0,3,1,1,1,0,2,1,0,2,7,5,1
15,15,0,1,1,4,3,0,1,1,1,1,1,0,2,1,0,4,2,4,1
14,23,0,1,1,0,3,0,0,2,1,1,1,0,2,1,0,8,4,13,0
4,12,4,0,1,0,3,0,0,5,1,1,1,7,0,1,0,6,4,13,1
8,20,4,1,1,0,3,3,0,2,1,1,1,0,0,1,0,6,9,7,1
8,21,4,0,1,0,3,0,0,0,1,1,1,0,0,1,0,9,6,14,1
6,20,4,0,1,3,3,0,1,2,1,1,1,5,0,1,0,6,8,11,1
8,17,3,0,1,0,3,0,0,0,1,1,1,7,0,1,0,6,3,4,1
3,18,4,0,1,0,3,1,0,16,1,1,1,0,0,1,0,2,1,3,1
13,12,2,1,1,0,3,0,0,12,1,1,1,0,2,1,0,6,8,5,1
14,15,0,1,1,4,3,0,1,8,1,1,1,7,2,0,5,0,0,0,1
12,2,0,0,1,3,3,0,1,3,1,1,1,7,2,2,0,6,10,6,1
13,19,0,1,1,0,3,0,0,1,1,1,1,0,2,3,5,0,0,0,1
9,18,4,0,1,0,3,0,0,2,1,1,1,7,0,1,0,7,5,11,1
2,18,4,1,0,0,3,3,0,2,1,1,1,7,0,0,5,0,0,0,1
15,21,0,0,1,4,3,0,1,0,1,1,1,0,2,1,0,6,5,14,1
3,19,4,1,1,0,3,3,0,2,1,1,1,0,0,1,0,2,5,4,1
15,18,2,0,1,0,3,0,0,0,1,1,1,7,2,1,0,6,3,5,1
9,21,0,1,1,0,3,2,0,0,1,1,1,0,0,1,0,6,5,7,0
11,15,0,0,1,0,3,1,0,2,1,1,1,0,2,1,0,6,5,10,1
8,20,4,0,1,0,3,0,0,11,1,1,1,5,0,4,0,2,9,2,0
10,20,4,0,1,0,3,0,0,11,1,1,1,0,0,6,0,6,3,13,1
13,7,2,1,0,4,3,0,1,12,1,1,1,7,2,9,2,2,0,14,1
11,20,4,1,1,0,3,3,0,0,1,1,1,5,2,2,0,6,8,13,0
0,8,4,0,0,0,2,3,0,3,0,0,0,0,0,0,4,0,5,5,1
2,22,4,1,1,0,3,1,0,0,1,1,1,0,0,1,0,7,6,11,0
15,20,4,1,1,0,3,0,0,2,1,1,1,1,2,3,0,6,6,6,1
12,20,4,1,1,0,3,0,0,0,1,1,1,5,2,1,0,6,4,14,1
1,15,4,0,1,0,3,0,0,12,1,1,1,0,0,1,2,6,0,8,0
11,20,0,1,1,0,3,0,0,2,1,1,1,0,2,1,5,0,0,0,1
15,17,4,0,1,0,3,0,0,2,1,1,1,0,2,1,0,9,10,12,1
9,15,0,0,1,0,3,0,0,1,1,1,1,7,0,1,0,8,3,10,1
4,18,4,1,1,0,3,0,0,16,1,1,1,1,0,1,5,0,0,0,0
10,15,4,0,0,0,3,1,0,15,1,1,0,0,0,0,5,0,0,0,1
4,18,4,0,1,0,3,0,0,0,1,1,1,7,0,1,2,6,0,5,1
4,18,4,1,1,0,3,0,0,2,1,1,1,5,0,1,0,2,6,3,1
4,18,4,0,1,0,3,0,0,2,1,1,1,0,0,1,0,6,4,5,1
4,15,4,0,1,0,3,0,0,2,1,1,1,0,0,1,0,2,6,4,1
13,20,4,1,1,0,3,3,0,2,1,1,1,0,2,3,0,3,7,10,1
0,15,4,1,1,0,3,0,0,2,1,1,1,0,0,0,5,0,0,0,1
13,17,0,0,1,0,3,3,0,0,1,1,1,0,2,1,0,9,11,13,0
0,17,4,1,1,0,3,0,0,2,1,1,1,0,0,9,2,0,0,0,1
10,21,4,1,1,4,3,0,1,0,1,1,1,0,0,0,5,0,0,0,0
4,18,4,1,1,0,3,3,0,0,1,1,1,0,0,1,0,4,4,6,0
3,21,4,1,1,0,3,1,0,0,1,1,1,0,0,1,0,6,6,12,1
2,15,4,1,1,0,3,0,0,2,1,1,1,0,0,1,2,4,0,5,1
15,21,0,0,1,0,3,0,0,2,1,1,1,0,2,3,0,6,11,12,1
14,20,4,1,1,0,3,0,0,0,1,1,1,0,2,1,0,7,6,14,0
8,20,4,1,1,0,3,0,0,2,1,1,1,7,0,1,0,6,11,11,1
6,20,4,0,1,0,3,3,0,11,1,1,1,5,0,1,0,4,1,14,1
1,17,2,1,1,0,3,0,0,2,1,1,1,0,0,1,0,6,2,7,1
15,15,4,1,1,0,3,0,0,2,1,1,1,0,2,1,0,6,4,7,1
0,15,4,1,0,0,3,3,0,2,1,1,1,7,0,1,5,0,0,0,1
9,20,0,1,1,0,3,3,0,0,1,1,1,7,0,3,0,6,1,13,1
11,21,0,1,1,0,3,1,0,0,1,1,1,8,2,3,0,9,6,13,1
7,15,4,0,1,0,3,3,0,4,1,1,1,0,0,1,2,0,0,0,1
1,14,4,0,1,0,3,0,0,2,1,1,1,0,0,1,2,0,0,0,1
7,14,4,0,1,0,3,0,0,0,1,1,1,0,0,1,0,6,8,6,1
13,20,4,1,1,0,3,0,0,2,1,1,1,1,2,1,0,6,3,11,1
3,15,4,1,1,4,3,0,1,16,1,1,1,0,0,1,5,0,0,0,1
4,12,4,0,1,0,3,3,0,2,1,1,1,8,0,1,2,0,0,5,1
0,15,4,1,1,4,3,0,1,6,1,1,1,5,0,9,2,0,0,0,1
8,20,4,0,1,3,3,2,1,11,1,1,1,5,0,1,2,6,0,10,1
11,23,0,1,1,0,3,3,0,13,1,1,1,8,2,2,0,1,2,11,0
3,15,4,0,0,0,3,1,0,7,1,0,0,8,0,1,5,0,0,4,1
6,21,4,0,1,0,3,3,0,0,1,1,1,5,0,2,0,1,4,13,1
14,19,0,1,1,0,3,0,0,8,1,1,1,0,2,3,5,0,0,0,0
13,15,4,1,1,0,3,0,0,2,1,1,1,1,2,1,0,2,1,2,1
10,18,0,0,1,0,3,1,0,0,1,1,1,0,0,4,0,6,6,12,1
12,15,4,1,1,0,3,0,0,2,1,1,1,0,2,1,0,6,8,10,1
8,13,4,0,1,0,3,0,0,2,1,1,1,0,0,0,5,0,0,2,1
9,16,4,0,1,0,3,0,0,2,1,1,1,5,0,1,0,6,3,5,1
6,19,4,1,1,0,3,0,0,2,1,1,1,5,0,1,0,1,0,2,1
7,15,4,1,1,0,3,0,0,5,1,1,1,7,0,1,0,6,4,6,0
0,15,4,1,1,0,3,0,0,2,1,1,1,0,0,1,0,8,3,6,0
6,17,0,1,1,0,3,0,0,1,1,1,1,0,0,1,0,1,6,1,1
15,17,0,1,1,0,3,3,0,0,1,1,1,0,2,0,5,0,0,5,1
11,15,4,0,1,0,3,0,0,7,1,1,1,2,2,1,0,6,6,6,1
5,17,4,1,1,0,3,0,0,12,1,1,1,0,0,1,0,6,10,9,1
13,10,4,0,1,2,3,3,0,12,0,1,1,0,2,4,0,0,10,0,1
10,20,0,1,1,0,3,0,0,1,1,1,1,0,0,5,0,9,2,13,1
10,20,4,1,1,4,3,0,1,14,1,1,1,5,0,1,5,0,0,0,1
2,19,0,0,1,4,3,3,1,8,1,1,1,0,0,1,0,4,0,3,1
4,15,4,1,0,0,3,0,0,2,1,1,0,0,0,0,5,0,0,0,1
1,18,4,0,0,0,3,3,0,2,1,1,0,0,0,0,5,0,0,4,1
4,15,0,1,1,0,3,0,0,0,1,1,1,0,0,6,0,1,0,4,1
0,15,4,0,1,0,3,2,0,5,1,1,1,0,0,0,5,0,0,0,1
0,17,4,0,1,0,3,1,0,7,1,1,1,8,0,0,5,0,0,0,1
3,17,4,1,1,0,3,0,0,2,1,1,1,7,0,1,2,0,0,0,1
5,17,0,1,1,0,3,0,0,1,1,1,1,0,0,0,5,0,0,0,1
11,20,4,1,1,0,3,3,0,0,1,1,1,0,2,1,0,6,11,12,1
11,15,4,0,1,4,3,3,1,12,1,1,1,0,2,1,0,8,6,10,0
14,19,0,0,1,0,3,1,0,0,1,1,1,0,2,1,0,9,5,11,1
13,11,3,1,1,3,3,0,1,15,1,1,1,0,2,0,5,0,0,0,0
7,8,0,0,1,4,3,1,1,11,1,1,1,0,2,0,5,0,0,6,1
5,17,4,0,1,0,0,0,0,16,1,1,1,1,0,5,3,9,2,7,0
2,18,4,0,1,0,3,0,0,2,1,1,1,1,0,0,5,0,0,0,1
10,19,4,1,1,4,3,0,1,12,1,1,1,0,0,1,0,6,6,7,1
14,20,4,1,1,0,3,1,0,0,1,1,1,5,2,3,5,0,0,0,1
13,17,2,0,1,0,3,1,0,0,1,1,1,0,2,3,0,9,1,11,1
12,20,0,0,1,0,3,1,0,0,1,1,1,0,2,6,0,6,11,14,1
12,14,4,1,0,0,3,0,0,16,1,1,0,7,2,1,0,6,1,8,1
12,18,0,1,1,0,3,0,0,9,1,1,1,8,2,1,0,6,8,8,1
10,20,4,0,1,0,3,0,0,0,1,1,1,0,0,1,0,6,3,11,1
10,20,0,1,1,0,3,3,0,0,1,1,1,0,0,1,0,8,6,13,0
3,16,4,1,0,0,3,0,0,3,1,1,0,0,0,0,5,0,0,0,1
9,20,4,0,1,0,3,0,0,12,1,1,1,0,0,1,0,6,7,13,0
14,15,0,0,1,4,3,0,1,0,1,1,1,0,2,1,0,9,6,12,0
2,15,4,0,1,0,3,0,0,2,1,1,1,0,0,1,2,2,0,4,1
3,19,4,0,1,0,3,0,0,2,1,1,1,8,0,1,0,2,2,5,0
11,16,4,0,1,0,3,0,0,11,1,1,1,2,2,1,0,6,6,3,1
13,20,4,1,1,0,3,3,0,11,1,1,1,5,2,1,0,6,8,11,1
3,20,4,1,1,0,3,1,0,11,1,1,1,0,0,1,0,6,3,11,1
9,21,4,0,1,0,3,0,0,0,1,1,1,0,0,3,0,8,2,12,1
8,15,4,0,1,0,3,0,0,2,1,1,1,0,0,1,0,6,4,6,1
14,19,0,1,1,3,3,3,1,8,1,1,1,0,2,1,0,2,1,5,1
10,15,0,0,1,0,0,0,0,0,1,1,1,0,0,5,3,9,4,12,1
12,20,4,0,1,0,3,0,0,12,1,1,1,0,2,1,0,6,6,11,0
12,15,0,1,1,0,3,0,0,0,1,1,1,7,2,1,0,6,4,8,1
3,19,4,0,1,0,3,1,0,2,1,1,1,0,0,1,0,6,2,6,1
15,22,0,0,1,0,3,3,0,0,1,1,1,0,2,1,0,6,2,14,0
11,23,0,0,1,0,3,3,0,0,1,1,1,0,2,1,0,8,11,14,0
13,20,0,0,1,3,3,3,1,1,1,1,1,0,2,1,0,6,8,12,1
8,18,4,0,1,0,3,3,0,2,1,1,1,1,0,1,0,6,8,9,1
5,20,4,1,1,0,3,1,0,0,1,1,1,0,0,1,0,2,2,4,0
14,20,0,1,1,0,3,2,0,1,1,1,1,0,2,1,0,6,1,10,1
10,19,4,0,1,0,3,0,0,2,1,1,1,0,0,1,0,4,0,6,1
15,20,0,0,1,0,3,1,0,0,1,1,1,0,2,3,0,8,2,13,1
5,16,4,0,1,0,3,0,0,2,1,1,1,7,0,1,0,6,7,8,1
3,18,4,0,1,0,3,0,0,2,1,1,1,0,0,1,0,8,2,6,1
12,18,0,0,1,0,3,0,0,0,1,1,1,0,2,1,0,6,3,7,0
1,15,4,0,0,0,3,1,0,16,1,1,0,0,0,0,5,0,0,0,1
10,20,4,0,1,0,3,0,0,2,1,1,1,7,0,3,0,6,4,6,1
9,15,4,1,1,3,3,0,1,2,1,1,1,5,0,1,0,6,6,6,1
2,19,4,1,1,0,3,0,0,2,1,1,1,5,0,1,0,1,2,5,1
2,17,4,1,1,0,3,1,0,11,1,1,1,0,2,3,0,6,6,6,1
11,20,0,0,1,0,3,0,0,2,1,1,1,0,2,3,0,6,8,10,1
12,20,0,0,1,4,3,0,1,1,1,1,1,0,2,1,0,8,2,13,1
15,20,0,1,1,4,3,0,1,1,1,1,1,5,2,1,0,5,0,2,1
1,18,4,1,1,0,3,0,0,12,1,1,1,2,0,1,0,6,2,13,1
13,20,0,1,1,4,3,1,1,1,1,1,1,0,2,1,0,8,4,14,1
12,21,0,0,1,4,3,0,1,1,1,1,1,5,2,1,0,6,2,13,1
6,20,0,1,1,0,3,0,0,1,1,1,1,0,0,1,0,6,8,12,1
0,18,0,1,1,0,3,0,0,1,1,1,1,0,0,1,0,3,3,6,1
4,21,4,1,1,4,3,0,1,14,1,1,1,5,0,0,5,0,0,0,0
4,19,0,1,1,4,3,0,1,8,1,1,1,5,0,1,0,6,0,8,1
10,21,4,1,1,0,3,0,0,0,1,1,1,0,0,3,0,8,2,13,1
8,18,4,0,1,3,3,0,1,0,1,1,1,0,0,1,0,4,2,5,0
14,15,0,0,1,4,3,3,1,8,1,1,1,7,2,0,5,0,0,0,1
9,20,4,1,1,0,3,0,0,0,1,1,1,7,0,1,0,6,3,6,0
1,15,4,0,1,0,3,0,0,2,1,1,1,7,0,9,2,0,0,0,1
6,18,0,0,1,3,3,0,1,1,1,1,1,0,0,1,5,0,0,0,1
3,18,4,1,1,0,3,3,0,2,1,1,1,0,0,0,5,0,0,2,1
11,14,4,0,1,4,3,0,1,2,1,1,1,5,2,1,0,6,8,6,1
7,21,4,0,1,0,3,1,0,0,1,1,1,0,0,1,0,6,8,12,0
6,20,4,0,1,2,2,1,0,2,1,1,1,0,0,4,0,1,3,5,1
15,20,4,0,1,0,3,0,0,0,1,1,1,0,2,1,0,9,7,12,1
9,20,4,0,1,0,3,0,0,0,1,1,1,0,0,3,0,6,6,12,0
1,18,4,1,1,0,3,0,0,16,1,1,1,0,0,2,5,2,0,0,0
7,13,0,0,1,0,3,0,0,0,1,1,1,7,0,1,5,6,0,13,1
15,20,0,1,1,0,3,1,0,1,1,1,1,0,2,3,0,8,0,11,1
8,18,4,1,1,0,1,0,0,0,1,1,1,0,0,5,0,9,8,13,0
8,20,4,0,1,0,3,1,0,0,1,1,1,0,0,1,0,7,11,12,1
2,15,4,0,1,0,3,0,0,2,1,1,1,0,0,1,0,6,4,6,1
12,18,4,0,1,0,3,0,0,16,1,1,1,0,2,1,5,2,0,1,1
10,0,4,1,1,0,3,0,0,14,1,1,1,0,0,1,0,6,4,9,1
2,15,4,0,1,0,0,0,0,3,1,1,1,0,0,5,3,2,1,6,1
13,12,2,1,1,4,3,0,1,0,1,1,1,0,2,1,0,6,11,12,1
14,15,0,1,1,4,3,1,1,1,1,1,1,0,2,1,0,8,4,11,1
9,15,0,0,1,4,3,0,1,1,1,1,1,0,0,1,0,8,0,6,1
13,17,4,1,0,0,3,0,0,0,1,1,0,7,2,1,5,0,0,8,1
11,19,4,0,1,0,3,0,0,2,1,1,1,5,2,1,0,6,5,8,1
14,20,4,1,1,0,3,3,0,2,1,1,1,0,2,3,0,6,8,13,1
4,20,4,0,1,0,3,3,0,2,1,1,1,0,0,2,0,1,11,3,1
2,16,4,0,0,0,3,3,0,3,1,0,0,0,0,1,0,6,7,5,0
11,18,4,1,1,4,3,0,1,0,1,1,1,7,2,1,2,1,0,2,1
11,20,4,1,1,0,3,3,0,2,1,1,1,1,2,3,0,6,4,13,1
13,20,2,1,1,0,3,0,0,0,1,1,1,0,2,3,0,6,6,13,0
10,20,4,1,1,0,3,0,0,0,1,1,1,0,0,1,0,9,8,11,1
1,18,4,0,1,0,3,3,0,11,1,1,1,0,0,0,5,0,0,0,1
14,15,0,1,1,0,3,0,0,1,1,1,1,0,2,6,5,0,0,0,0
7,16,0,1,1,0,3,0,0,0,1,1,1,7,0,1,0,5,0,8,0
14,8,1,0,0,3,1,0,1,0,1,0,1,0,2,4,0,5,9,2,1
0,15,4,0,1,0,3,0,0,15,1,1,1,0,0,1,5,6,0,2,1
14,15,0,0,1,4,3,0,1,1,1,1,1,0,2,6,5,0,0,0,1
12,18,0,0,1,0,3,0,0,0,1,1,1,7,2,1,0,9,2,11,1
5,19,4,1,1,4,3,0,1,0,1,1,1,7,0,1,0,3,2,5,1
7,20,4,0,1,0,3,1,0,2,1,1,1,0,0,1,0,1,8,4,0
11,19,4,1,1,0,3,0,0,0,1,1,1,0,2,1,0,6,5,5,1
3,15,4,0,1,0,3,1,0,2,1,1,1,0,0,1,0,6,1,5,1
8,23,4,1,1,0,3,3,0,2,1,1,1,0,0,1,0,8,6,14,1
7,15,4,0,0,0,3,0,0,11,1,0,1,0,0,1,0,7,2,11,1
11,15,4,0,1,0,3,0,0,7,1,1,1,0,2,1,0,3,10,9,1
8,14,4,0,0,0,3,2,0,2,1,1,0,0,0,1,1,3,0,1,1
8,20,4,1,1,0,3,0,0,2,1,1,1,7,0,3,0,6,11,5,0
4,13,4,0,1,2,3,3,0,2,1,1,1,0,0,1,5,0,0,0,1
4,20,4,1,1,0,3,0,0,2,1,1,1,0,0,1,0,6,3,6,1
12,5,0,0,1,3,3,0,1,4,1,1,1,0,2,3,1,4,0,4,1
11,20,4,1,1,0,3,1,0,0,1,1,1,0,2,2,0,6,3,11,1
13,18,4,0,1,0,3,1,0,2,1,1,1,0,2,1,1,8,0,10,1
0,18,4,1,1,0,3,0,0,2,1,1,1,0,0,1,0,2,3,6,1
0,18,4,1,1,3,3,3,1,11,1,1,1,0,0,2,5,6,0,3,0
12,14,0,0,1,0,3,3,0,1,1,1,1,0,2,7,0,5,8,6,1
10,20,4,0,1,0,3,0,0,15,1,1,1,1,0,2,2,7,0,9,0
1,18,4,1,1,0,3,0,0,12,1,1,1,0,0,1,0,4,2,4,1
15,20,0,1,1,0,3,1,0,0,1,1,1,8,2,3,0,8,0,11,1
4,18,4,0,1,0,3,0,0,2,1,1,1,0,0,1,0,1,2,3,0
9,15,4,0,1,0,3,0,0,12,1,1,1,1,0,1,0,6,10,13,0
6,18,4,1,1,0,1,1,0,0,1,1,1,8,0,5,5,0,0,11,1
9,0,3,1,1,0,3,0,0,2,1,1,1,6,0,0,5,0,0,3,1
3,18,0,1,0,2,3,3,1,3,1,1,0,1,1,5,1,9,4,2,1
1,19,4,0,0,0,3,0,0,16,1,1,0,0,0,1,5,4,0,4,1
12,18,0,0,1,0,3,0,0,0,1,1,1,7,2,1,0,6,2,13,1
14,18,0,0,1,0,3,1,0,2,1,1,1,0,2,1,0,7,11,9,1
6,20,4,1,1,4,3,0,1,0,1,1,1,5,0,1,0,6,5,7,1
3,20,4,1,1,3,3,3,1,2,1,1,1,5,0,1,0,5,9,6,1
11,4,0,0,0,3,3,2,1,8,1,0,0,7,1,3,1,4,4,4,1
3,15,4,1,1,3,3,0,1,0,1,1,1,5,0,1,0,2,6,5,1
11,23,0,0,1,0,3,1,0,1,1,1,1,0,2,1,0,8,6,14,1
2,14,4,1,1,0,3,2,0,2,1,1,1,0,0,0,5,0,0,0,1
13,19,0,0,1,0,3,0,0,1,1,1,1,0,2,1,5,0,0,0,1
13,20,0,1,1,3,3,0,1,0,1,1,1,5,2,1,0,6,7,13,0
2,18,4,0,1,0,1,0,0,0,1,1,1,8,0,5,5,9,0,2,0
8,17,4,0,1,0,3,1,0,2,1,1,1,0,0,1,0,6,8,8,0
4,19,4,0,1,4,3,0,0,11,1,1,1,4,0,1,0,9,7,10,1
12,17,4,1,1,0,3,1,0,12,1,1,1,0,2,1,0,3,2,8,1
10,17,4,1,1,0,3,1,0,0,1,1,1,0,0,1,0,5,6,5,1
7,11,4,0,1,0,3,0,0,0,1,1,1,7,0,1,0,1,3,2,1
8,20,4,0,1,3,3,0,1,5,1,1,1,0,0,1,0,8,6,9,1
14,21,0,1,1,3,3,0,1,0,1,1,1,5,2,6,0,6,6,14,1
6,20,4,0,1,4,3,0,1,14,1,1,1,5,0,1,0,4,0,9,0
1,15,4,0,1,4,3,0,1,2,1,1,1,7,0,1,5,6,0,7,1
2,16,4,1,1,0,3,0,0,2,1,1,1,7,0,1,0,6,7,8,1
13,20,4,0,1,0,3,1,0,0,1,1,1,0,2,1,0,9,3,14,1
0,15,4,0,1,0,3,3,0,2,1,1,1,0,0,0,5,0,0,0,1
13,20,0,0,1,3,3,0,1,0,1,1,1,0,2,1,0,9,3,14,1
12,19,0,0,1,3,3,0,1,0,1,1,1,0,2,1,0,6,5,10,1
13,20,4,0,1,0,3,0,0,0,1,1,1,7,2,1,0,6,6,11,0
15,15,0,1,1,3,3,0,1,1,1,1,1,7,2,1,2,0,0,0,1
0,18,4,0,1,0,3,0,0,2,1,1,1,7,0,0,5,0,0,1,1
6,14,4,0,1,0,3,1,0,2,1,1,1,8,0,8,5,5,0,8,1
2,15,4,0,1,0,3,1,0,2,1,1,1,8,0,1,0,6,6,6,1
9,20,0,0,1,4,3,0,1,0,1,1,1,5,0,1,0,6,4,13,1
15,21,0,0,1,0,3,0,0,1,1,1,1,0,2,1,0,6,6,14,1
6,15,4,0,1,0,3,0,0,0,1,1,1,0,0,1,0,5,2,5,1
5,15,4,0,1,0,3,0,0,2,1,1,1,0,0,1,2,0,0,0,0
6,19,0,1,1,0,3,3,0,8,1,1,1,0,0,4,0,6,0,11,1
7,15,4,0,1,3,3,0,1,10,1,1,1,0,0,4,0,6,11,3,1
4,18,4,0,0,0,3,0,0,15,1,1,1,2,0,1,5,0,0,0,0
14,21,4,0,1,3,3,0,1,0,1,1,1,5,2,1,0,6,6,12,1
12,18,4,0,1,0,3,0,0,9,1,1,1,0,2,1,2,3,0,3,1
11,20,4,1,1,0,3,1,0,0,1,1,1,0,2,1,0,6,11,12,1
12,15,4,0,1,0,3,1,0,0,1,1,1,8,2,1,0,8,2,8,1
9,20,0,1,1,0,3,0,0,0,1,1,1,0,0,1,0,8,4,13,1
11,15,4,0,1,0,3,0,0,12,1,1,1,0,2,3,2,0,0,0,1
12,17,2,1,1,0,3,3,0,2,1,1,1,0,2,1,0,6,11,12,1
1,18,4,1,1,0,3,1,0,7,1,1,1,0,0,1,0,5,3,5,1
8,21,4,0,1,4,3,3,1,11,1,1,1,5,0,1,2,6,0,14,0
3,20,4,1,1,0,3,1,0,0,1,1,1,5,0,2,5,1,0,2,0
8,20,4,0,1,0,3,0,0,2,1,1,1,0,0,2,0,7,11,10,1
2,18,4,0,1,0,3,0,0,15,1,1,1,0,0,1,2,6,0,9,0
3,20,4,1,1,0,3,0,0,11,1,1,1,0,0,0,5,0,0,0,1
6,18,0,0,0,0,3,1,0,14,1,1,1,0,0,1,0,2,6,5,1
14,20,0,1,1,0,3,1,0,1,1,1,1,0,2,1,0,6,11,13,1
14,0,2,0,1,0,3,1,0,2,1,1,1,0,2,1,0,6,4,11,1
13,17,4,0,1,0,3,1,0,2,1,1,1,0,2,1,0,7,6,3,0
1,17,4,1,1,0,3,0,0,11,1,1,1,5,0,0,5,0,0,0,0
3,20,4,0,1,3,3,0,1,2,1,1,1,5,0,1,0,1,2,5,1
0,18,4,1,1,0,3,0,0,5,1,1,1,7,0,0,5,0,0,0,1
1,18,4,0,1,4,3,0,1,2,1,1,1,0,0,1,0,1,4,2,1
0,18,4,0,1,0,3,0,0,2,1,1,1,7,0,1,0,6,4,8,1
8,19,4,0,1,0,3,1,0,7,1,1,1,8,0,1,0,6,2,7,1
9,9,4,0,1,0,3,1,0,5,1,1,1,7,0,2,2,8,0,6,1
3,18,4,1,1,0,3,0,0,12,1,1,1,0,0,1,0,6,3,6,1
0,13,4,0,0,0,3,0,0,16,1,1,0,0,0,0,5,0,0,0,1
6,15,4,0,1,3,3,0,1,0,1,1,1,0,0,1,0,6,4,12,1
2,15,4,0,1,0,3,3,0,2,1,1,1,0,0,0,5,0,0,0,1
1,15,2,1,1,4,3,3,0,16,1,1,1,0,0,3,5,1,0,1,1
1,15,4,1,1,4,3,0,1,9,1,1,1,5,0,0,5,0,0,0,1
3,15,4,1,1,4,3,0,1,2,1,1,1,7,0,1,0,6,1,4,1
10,15,4,0,1,0,3,0,0,7,1,1,1,0,0,1,0,5,4,3,1
0,18,4,0,1,0,3,0,0,16,1,1,1,5,0,1,5,0,0,0,1
4,18,4,1,1,4,3,0,1,12,1,1,1,0,0,1,0,3,2,5,0
14,23,2,0,1,3,3,0,1,0,1,1,1,0,2,1,0,6,8,10,1
7,15,0,0,1,0,3,1,0,1,1,1,1,0,0,5,0,7,4,2,1
8,20,4,1,1,4,3,0,1,11,1,1,1,5,0,1,5,0,0,0,1
14,20,4,0,1,0,3,0,0,0,1,1,1,7,2,1,0,6,3,14,1
0,19,4,0,1,4,3,0,1,0,1,1,1,5,0,1,0,9,1,8,0
13,17,0,0,1,0,3,0,0,1,1,1,1,0,2,1,1,6,0,10,1
8,15,0,0,1,4,3,0,1,8,1,1,1,0,0,1,0,6,6,3,1
13,12,0,0,1,0,3,0,0,0,1,1,1,8,2,1,0,6,4,12,1
15,20,4,0,1,0,3,0,0,15,1,1,1,8,0,4,5,5,0,1,0
13,12,4,0,1,2,3,3,0,0,1,1,1,1,2,9,2,0,0,14,1
14,21,0,1,1,0,3,1,0,0,1,1,1,0,2,1,0,5,2,14,1
13,20,4,1,1,0,3,3,0,0,1,1,1,1,2,1,1,9,0,11,1
5,20,4,0,1,0,3,3,0,0,1,1,1,5,0,1,0,6,6,13,1
0,15,4,0,1,0,3,0,0,2,1,1,1,0,0,0,5,0,0,0,1
6,15,4,1,1,0,3,0,0,14,1,1,1,0,0,1,0,4,6,10,1
14,20,4,1,1,0,3,3,0,0,1,1,1,0,2,1,0,6,8,14,0
2,18,4,0,1,0,3,0,0,4,1,1,1,0,0,1,0,4,2,4,0
1,18,4,1,1,0,3,0,0,16,1,1,1,5,0,1,5,2,0,4,1
6,11,4,0,1,0,3,0,0,0,1,1,1,0,0,1,0,5,2,6,1
11,18,0,0,1,0,1,1,0,1,1,1,1,0,2,1,0,6,8,9,1
8,0,4,1,1,0,3,3,0,2,1,1,1,8,0,1,1,8,0,6,1
5,17,4,0,1,0,3,0,0,15,1,1,1,1,0,0,5,0,0,0,0
2,16,4,0,1,0,3,0,0,2,1,1,1,0,0,9,2,0,0,0,1
1,18,4,0,1,0,0,0,0,16,1,1,1,0,0,5,3,6,5,7,0
13,21,0,0,1,0,3,3,0,0,1,1,1,0,2,6,0,8,0,11,0
11,20,4,1,1,0,3,1,0,0,1,1,1,0,2,2,2,1,0,2,1
6,18,4,0,1,0,1,1,0,0,1,1,1,0,0,5,5,0,0,5,1
13,12,0,0,1,4,3,0,1,1,1,1,1,0,2,5,0,6,4,13,1
5,15,4,1,1,0,3,1,0,0,1,1,1,0,0,1,0,6,2,8,1
15,20,4,1,1,0,3,0,0,0,1,1,1,0,2,0,5,0,0,4,1
2,17,4,1,1,0,3,0,0,16,1,1,1,0,0,1,0,8,2,7,1
15,20,0,1,1,0,3,0,0,0,1,1,1,0,2,1,0,6,5,12,0
10,13,4,1,1,4,3,0,1,15,1,1,1,7,0,1,5,0,0,0,1
11,18,0,1,1,0,3,0,0,2,1,1,1,5,2,1,0,2,11,3,1
7,15,4,0,1,0,3,0,0,12,1,1,1,7,0,1,0,9,10,9,1
9,20,4,0,1,0,3,3,0,14,1,1,1,0,0,7,0,6,3,13,0
13,20,0,0,1,0,3,1,0,0,1,1,1,0,2,3,0,6,6,14,1
9,13,4,1,1,0,3,0,0,0,1,1,1,1,0,6,0,2,6,6,1
6,15,4,0,1,0,3,1,0,2,1,1,1,8,0,1,0,6,4,11,1
8,17,4,1,1,0,3,1,0,2,1,1,1,0,0,1,0,6,6,8,1
14,15,4,1,1,0,3,3,0,14,1,1,1,7,2,1,0,6,4,7,1
11,15,4,1,1,0,3,1,0,7,1,1,1,0,2,1,0,5,1,10,1
8,18,0,1,1,0,3,0,0,0,1,1,1,0,0,1,0,4,2,7,1
6,15,0,1,1,0,3,3,0,0,1,1,1,7,0,1,5,6,0,8,1
7,19,4,0,1,0,3,3,0,2,1,1,1,1,0,1,2,0,0,0,0
5,22,4,1,1,0,3,1,0,0,1,1,1,0,0,1,0,6,8,11,1
11,20,4,0,1,0,3,3,0,10,1,1,1,0,2,1,0,9,8,13,0
0,18,4,0,1,0,3,3,0,11,1,1,1,5,0,1,0,2,3,3,1
8,20,4,1,1,0,3,0,0,2,1,1,1,7,0,1,0,6,8,11,1
6,15,4,0,1,4,3,0,1,4,1,1,1,0,0,1,0,6,6,7,1
11,20,4,1,1,0,3,1,0,0,1,1,1,8,2,3,0,6,10,12,1
10,18,2,0,1,0,3,1,0,0,1,1,1,0,0,1,0,7,11,11,1
11,15,4,0,1,4,3,0,1,0,1,1,1,0,2,1,0,7,0,8,0
1,15,4,1,1,0,3,3,0,11,1,1,1,0,0,1,0,3,2,3,0
15,19,4,0,1,0,3,0,0,2,1,1,1,0,2,1,0,6,6,12,1
8,19,4,0,1,0,3,1,0,7,1,1,1,0,0,1,0,8,11,12,1
4,20,4,1,1,0,3,1,0,0,1,1,1,0,0,1,0,3,3,2,1
9,18,0,1,1,0,3,0,0,1,1,1,1,1,0,1,0,6,6,7,1
14,20,4,0,1,0,3,1,0,2,1,1,1,5,0,2,0,4,5,1,1
8,16,4,1,1,0,3,0,0,11,1,1,1,0,0,1,0,3,1,3,1
12,20,4,1,1,0,3,1,0,0,1,1,1,0,2,1,0,6,11,8,1
10,14,4,0,1,0,3,0,0,12,1,1,1,0,0,1,0,6,8,5,1
1,15,4,0,1,0,0,3,0,16,1,1,1,0,0,5,3,9,1,9,1
1,18,4,1,1,0,3,0,0,2,1,1,1,7,0,1,0,2,2,4,1
13,18,4,1,1,0,3,0,0,0,1,1,1,5,2,1,0,6,8,14,1
2,15,4,0,1,0,3,0,0,2,1,1,1,5,0,1,0,6,3,2,1
14,6,0,1,1,4,3,0,1,0,1,1,1,7,2,9,2,0,0,0,0
0,18,4,1,1,0,3,1,0,2,1,1,1,8,0,0,5,0,0,0,1
3,19,4,0,1,0,3,0,0,2,1,1,1,0,0,1,0,1,8,3,1
12,15,4,0,0,0,3,0,0,2,1,1,0,0,2,0,5,0,0,5,1
2,18,4,0,1,0,3,0,0,2,1,1,1,0,0,0,5,0,0,0,1
10,20,4,1,1,3,3,0,1,2,1,1,1,5,0,1,0,6,4,13,1
5,14,4,0,1,4,3,0,1,2,1,1,1,7,0,1,0,5,10,5,1
6,18,4,1,1,0,3,0,0,0,1,1,1,0,0,5,0,7,5,10,0
14,16,3,1,1,0,3,3,0,1,1,1,1,4,2,1,5,5,0,4,0
13,8,0,1,1,4,3,3,1,11,1,1,1,7,2,1,0,6,4,3,0
1,18,4,0,1,0,3,0,0,16,1,1,1,1,0,1,5,1,0,3,0
9,0,2,1,1,4,3,0,1,0,1,1,1,0,0,1,0,6,4,11,1
6,17,4,1,1,0,3,0,0,2,1,1,1,0,0,1,0,4,2,4,1
8,6,4,1,1,4,3,0,1,0,1,1,1,7,0,1,0,2,8,4,0
0,18,4,1,1,0,3,3,0,2,1,1,1,0,0,1,2,0,0,0,1
6,19,4,1,1,0,3,0,0,0,1,1,1,0,0,1,0,1,3,1,1
11,18,4,1,1,0,3,1,0,2,1,1,1,7,2,1,0,6,11,8,1
7,19,4,0,1,0,3,1,0,2,1,1,1,0,0,3,0,6,2,6,1
13,19,4,0,1,0,3,0,0,0,1,1,1,5,2,2,0,2,0,12,0
2,14,4,1,1,0,3,0,0,16,1,1,1,0,0,1,0,2,2,5,1
4,18,4,0,1,0,3,0,0,11,1,1,1,5,0,0,5,0,0,0,1
11,20,4,0,1,0,3,0,0,2,1,1,1,5,2,3,0,6,2,13,1
12,11,3,1,1,0,3,0,0,0,1,1,1,7,2,1,0,6,3,6,1
14,20,4,0,1,0,3,3,0,12,1,1,1,0,2,1,0,6,3,12,1
8,20,0,0,1,0,3,0,0,0,1,1,1,0,0,1,0,8,2,10,1
6,18,4,0,1,0,1,0,0,2,1,1,1,5,0,1,0,3,2,3,1
11,13,4,1,0,0,3,3,0,13,1,1,0,8,2,0,5,0,0,8,0
11,15,0,0,1,4,3,3,1,1,1,1,1,5,2,1,0,8,11,11,1
1,18,4,0,1,0,3,0,0,2,1,1,1,7,0,0,5,0,0,0,1
3,13,4,0,1,0,3,3,0,16,1,1,1,0,0,1,5,8,0,7,1
10,15,4,0,1,3,3,0,1,2,1,1,1,0,0,1,0,6,2,7,1
10,18,4,1,1,0,3,3,0,2,1,1,1,0,0,3,0,1,11,3,1
11,15,4,1,1,0,3,3,0,0,1,1,1,7,2,1,0,4,1,4,1
5,18,4,0,1,0,3,0,0,2,1,1,1,7,0,1,0,4,3,5,1
8,21,4,1,1,0,3,1,0,12,1,1,1,0,0,1,0,4,8,13,1
10,20,0,1,1,4,3,0,1,1,1,1,1,5,0,1,0,5,7,13,0
12,15,4,1,1,0,3,0,0,2,1,1,1,8,0,2,0,6,5,1,1
15,15,2,1,1,3,3,0,1,0,1,1,1,0,2,1,0,6,6,11,1
4,18,4,1,1,4,3,0,1,11,1,1,1,5,0,1,0,2,3,4,0
11,8,3,0,1,0,3,0,1,7,1,0,1,1,2,6,0,1,4,3,1
0,15,4,0,1,4,3,0,1,14,1,1,1,7,0,1,0,6,3,6,1
5,18,4,1,1,4,3,0,1,0,1,1,1,5,0,1,5,0,0,0,1
10,15,0,0,1,0,0,0,0,0,1,1,1,0,0,5,3,6,2,12,1
10,15,0,1,1,3,3,0,1,0,1,1,1,0,0,1,5,6,0,4,1
14,15,4,1,1,4,3,3,1,14,1,1,1,5,2,0,5,0,0,0,0
0,18,4,0,1,0,3,0,0,2,1,1,1,7,0,1,5,1,0,2,1
3,18,4,1,0,0,3,1,0,16,1,1,0,0,0,1,0,2,3,2,1
11,15,0,0,1,0,1,1,0,0,1,1,1,8,2,1,5,0,0,0,1
0,18,4,1,1,0,3,0,0,2,1,1,1,0,0,1,0,3,2,3,1
0,15,4,0,1,0,3,0,0,2,1,1,1,5,0,0,5,0,0,2,0
15,20,0,1,1,3,3,0,1,1,1,1,1,5,2,4,0,6,10,4,1
10,17,4,0,1,0,3,0,0,2,1,1,1,7,0,6,0,6,4,10,1
9,20,4,0,1,0,3,0,0,0,1,1,1,7,0,1,0,6,6,12,1
13,19,0,1,1,4,3,0,1,8,1,1,1,5,2,1,1,6,0,11,1
0,18,4,0,1,0,1,1,0,16,1,1,1,8,0,1,5,0,0,0,1
6,21,4,1,1,4,3,0,1,9,1,1,1,7,0,1,0,5,4,8,1
13,20,4,1,1,0,3,0,0,0,1,1,1,0,2,2,0,1,2,3,1
12,19,0,1,1,0,3,3,0,0,1,1,1,7,2,1,0,6,3,6,1
7,20,4,0,1,0,3,0,0,12,1,1,1,0,0,2,0,8,3,12,0
1,15,4,0,1,0,3,0,0,2,1,1,1,7,0,4,5,6,0,2,1
5,20,4,0,1,0,3,0,0,0,1,1,1,0,0,1,0,6,11,6,1
5,20,0,1,1,0,3,0,0,0,1,1,1,0,0,1,2,4,0,4,0
10,12,3,0,1,3,3,0,1,0,1,1,1,7,0,0,5,0,0,4,1
11,21,0,1,1,4,3,0,1,1,1,1,1,5,2,1,0,6,2,14,1
10,15,4,1,1,0,3,0,0,2,1,1,1,7,0,1,0,6,11,11,1
15,15,0,0,1,4,3,1,1,1,1,1,1,0,2,1,0,4,4,5,1
6,18,4,0,1,0,3,1,0,2,1,1,1,0,0,1,0,6,0,8,0
0,13,4,0,1,0,3,0,0,7,1,1,1,0,0,1,5,0,0,0,1
15,19,0,1,1,0,3,0,0,1,1,1,1,0,2,1,5,4,0,4,1
0,18,4,1,1,0,3,1,0,2,1,1,1,0,0,1,0,3,4,2,1
10,20,0,1,1,0,3,1,0,0,1,1,1,0,0,1,0,6,1,13,1
12,20,0,1,1,0,3,1,0,0,1,1,1,0,2,1,0,7,10,12,0
11,18,4,1,1,0,3,0,0,11,1,1,1,2,2,3,0,6,6,11,1
15,20,0,1,1,3,3,0,1,0,1,1,1,5,2,1,0,6,5,5,1
12,2,0,1,1,3,3,0,1,3,1,1,1,7,2,2,0,7,2,6,1
9,20,4,0,1,0,3,0,0,2,1,1,1,5,0,1,0,6,9,7,1
11,20,4,0,1,0,3,1,0,0,1,1,1,0,2,1,0,6,11,12,1
15,18,4,0,1,4,3,0,1,0,1,1,1,5,2,1,0,6,8,11,0
12,13,4,0,1,0,3,0,0,15,1,1,1,1,2,1,5,0,0,0,1
10,18,0,1,1,3,3,0,1,0,1,1,1,0,0,3,0,6,4,7,1
14,17,4,0,1,0,3,0,0,2,1,1,1,7,2,1,0,5,3,2,0
5,20,4,0,1,0,3,3,0,5,1,1,1,5,0,2,0,6,10,8,1
10,8,3,0,1,4,3,0,1,0,1,1,1,0,0,1,0,1,4,3,1
11,13,4,0,0,0,3,0,0,15,1,1,0,1,2,0,5,0,0,4,0
11,21,4,1,1,0,3,3,0,2,1,1,1,0,2,3,0,6,2,13,1
8,17,4,1,1,0,3,1,0,0,1,1,1,0,0,1,0,6,2,8,1
11,21,0,0,1,3,3,1,1,0,1,1,1,8,2,1,0,6,2,13,1
13,21,0,0,1,0,3,0,0,0,1,1,1,0,2,1,0,7,5,14,1
13,20,0,1,1,4,3,0,1,1,1,1,1,0,2,5,0,6,6,6,1
6,20,4,1,1,0,3,1,0,11,1,1,1,0,0,1,0,6,6,10,1
3,18,4,1,1,4,3,0,1,9,1,1,1,5,0,0,5,0,0,0,1
3,15,4,0,1,0,0,0,0,16,1,1,1,0,0,5,3,6,1,7,1
11,0,0,1,0,4,3,0,1,1,1,0,1,5,2,0,5,0,0,3,1
7,20,4,0,1,0,3,2,0,0,1,1,1,0,0,1,0,9,6,12,0
5,20,4,1,1,2,3,0,0,2,1,1,1,0,0,1,0,4,3,7,0
5,19,4,1,1,4,3,0,1,7,1,1,1,7,0,1,0,6,10,7,1
4,18,4,0,1,0,3,0,0,2,1,1,1,0,0,1,0,3,2,3,1
15,20,0,1,1,0,3,1,0,0,1,1,1,0,2,2,0,6,6,10,0
12,18,4,1,1,0,3,1,0,2,1,1,1,8,2,1,5,0,0,2,0
11,18,4,0,1,4,3,0,1,2,1,1,1,5,2,1,0,6,11,4,1
2,18,4,1,0,0,3,0,0,2,1,1,1,0,0,1,5,0,0,0,1
1,18,4,0,1,0,3,0,0,2,1,1,1,0,0,1,0,6,6,6,1
13,15,0,0,1,0,3,0,0,1,1,1,1,0,2,1,0,6,4,12,1
5,20,4,1,1,0,3,0,0,2,1,1,1,0,0,0,5,0,0,0,1
10,16,0,0,1,0,3,0,0,0,1,1,1,0,0,1,2,5,0,3,1
2,15,4,1,1,0,3,0,0,4,1,1,1,0,0,1,0,4,6,7,1
11,18,0,0,1,0,3,0,0,1,1,1,1,0,2,1,0,6,8,11,1
2,20,4,1,1,0,3,1,0,16,1,1,1,8,0,1,5,8,0,7,0
0,15,4,1,1,0,3,3,0,16,1,1,1,0,0,1,5,0,0,2,0
15,20,4,0,1,0,3,0,0,0,1,1,1,5,2,1,0,6,10,14,1
14,8,4,0,1,4,3,0,1,12,1,1,1,0,2,1,0,6,8,14,1
14,15,4,0,1,4,3,0,1,9,1,1,1,0,2,1,0,6,3,7,1
10,20,0,0,1,0,1,1,0,0,1,1,1,0,0,5,5,0,0,0,1
6,15,4,0,1,0,3,0,0,2,1,1,1,0,0,0,5,0,0,0,0
12,15,2,0,1,0,3,0,0,0,1,1,1,0,2,1,0,6,2,11,1
2,15,4,1,1,0,3,0,0,2,1,1,1,0,0,5,2,6,0,6,1
8,20,0,1,1,0,3,0,0,1,1,1,1,0,0,0,5,0,0,0,1
1,15,4,0,1,0,3,0,0,2,1,1,1,0,0,1,2,1,0,1,1
0,15,4,0,1,0,3,0,0,11,1,1,1,7,0,1,2,6,0,4,1
11,15,0,1,1,0,3,0,0,14,1,1,1,0,2,6,0,4,6,7,1
13,14,4,1,1,4,3,0,1,11,1,1,1,5,2,1,0,6,7,12,1
0,18,4,1,1,0,3,0,0,2,1,1,1,1,0,1,0,4,0,1,0
8,20,4,0,0,0,3,3,0,11,1,1,1,2,0,1,0,9,6,14,1
5,19,4,0,1,0,3,1,0,2,1,1,1,0,0,1,0,4,4,4,1
5,15,4,0,0,4,3,0,1,2,1,1,1,5,0,0,5,0,0,0,1
0,18,4,1,1,0,3,3,0,2,1,1,1,0,0,0,5,0,0,0,1
15,15,0,0,1,0,3,0,0,4,1,1,1,0,2,1,0,4,6,6,1
0,15,4,0,0,0,3,3,0,2,1,1,0,0,0,0,5,0,0,0,1
5,21,4,1,1,4,3,0,1,5,1,1,1,5,0,1,0,6,4,8,1
2,15,4,0,1,0,3,0,0,0,1,1,1,5,0,1,2,6,0,9,1
7,15,4,1,1,0,3,0,0,0,1,1,1,0,0,1,0,4,2,4,0
3,21,4,0,1,0,3,0,0,14,1,1,1,5,0,0,5,0,0,0,1
5,18,4,1,1,0,3,3,0,2,1,1,1,8,0,1,0,6,4,9,1
11,17,4,0,1,3,3,0,1,0,1,1,1,0,2,3,2,4,0,6,0
11,15,4,0,1,0,3,0,0,2,1,1,1,0,2,1,0,6,11,11,1
13,15,0,0,1,0,3,3,0,9,1,1,1,0,2,1,0,6,4,8,0
12,16,2,1,1,0,3,1,0,12,1,1,1,0,2,1,0,6,1,10,1
11,15,4,0,1,3,3,3,1,0,1,1,1,5,2,1,0,4,2,8,1
8,18,4,0,1,0,3,1,0,2,1,1,1,8,0,1,0,6,1,8,1
15,15,4,0,1,0,3,0,0,0,1,1,1,7,2,1,0,7,1,10,1
2,15,4,0,1,0,3,1,0,7,1,1,1,8,0,1,0,9,3,5,1
3,15,4,0,1,0,3,1,0,2,1,1,1,0,0,1,0,6,3,7,1
12,20,0,1,1,4,3,0,1,1,1,1,1,5,2,1,2,0,0,0,1
3,19,4,1,1,0,3,0,0,0,1,1,1,0,0,1,0,5,3,7,1
8,15,4,0,1,0,3,0,0,7,1,1,1,1,0,1,2,0,0,1,0
1,15,4,0,1,0,3,0,0,2,1,1,1,7,0,1,0,6,2,4,1
10,15,4,0,1,0,3,3,0,5,1,1,1,0,0,1,2,6,0,8,1
3,20,4,1,1,0,3,0,0,2,1,1,1,0,0,3,1,6,0,6,1
8,15,4,0,1,0,3,1,0,2,1,1,1,0,0,3,0,9,6,2,1
7,18,4,1,1,0,3,0,0,0,1,1,1,0,0,5,0,6,6,2,1
2,18,4,1,1,0,3,2,0,2,1,1,1,8,0,1,0,2,1,4,1
12,20,0,0,1,0,3,0,0,2,1,1,1,0,2,0,5,0,0,0,1
14,15,0,0,1,4,3,0,1,0,1,1,1,7,2,1,0,6,4,13,1
15,20,0,1,1,0,3,0,0,1,1,1,1,0,2,1,0,6,8,14,0
6,18,4,1,1,0,3,0,0,0,1,1,1,7,0,1,5,0,0,1,1
4,20,4,0,1,0,3,3,0,2,1,1,1,0,0,6,0,1,0,3,1
10,20,4,1,1,0,3,0,0,16,1,1,1,0,0,1,1,8,0,11,0
6,15,0,0,1,0,0,0,0,6,1,1,1,5,0,5,3,6,2,14,0
7,15,4,1,1,4,3,0,1,12,1,1,1,7,0,6,0,6,10,7,1
7,18,4,0,1,0,3,0,0,2,1,1,1,5,0,2,0,6,2,11,1
11,18,0,0,1,3,3,3,1,0,1,1,1,0,2,1,0,6,2,9,1
5,20,4,1,1,0,3,1,0,5,1,1,1,0,0,6,0,1,3,5,1
5,15,4,0,1,0,3,0,0,2,1,1,1,1,0,1,0,6,3,3,1
14,21,4,1,1,0,3,1,0,2,1,1,1,8,2,1,5,0,0,0,1
14,20,4,0,1,0,3,3,0,0,1,1,1,7,2,1,0,9,5,11,1
9,20,4,1,1,0,3,1,0,12,1,1,1,0,0,1,0,8,8,10,0
13,20,4,0,1,0,3,1,0,0,1,1,1,0,2,1,0,8,11,13,0
5,19,4,0,1,0,3,3,0,2,1,1,1,5,0,3,0,1,2,3,1
13,18,0,0,1,4,3,0,1,1,1,1,1,0,2,1,0,5,6,5,0
6,20,0,1,1,0,2,0,0,0,1,1,1,0,0,1,0,2,3,5,1
3,15,4,0,1,0,3,1,0,16,1,1,1,0,0,1,5,6,0,2,0
0,15,4,1,1,0,3,3,0,14,1,1,1,0,0,1,0,2,6,3,1
4,15,4,1,1,3,3,0,1,0,1,1,1,7,0,1,0,3,2,6,1
9,20,4,0,1,0,3,0,0,11,1,1,1,0,0,3,0,3,6,14,1
15,15,3,1,1,0,3,0,0,0,1,1,1,6,2,1,0,5,10,3,0
7,15,0,1,1,0,3,0,0,0,1,1,1,7,0,1,0,6,10,10,1
11,18,4,1,1,0,3,0,0,2,1,1,1,8,0,4,0,4,5,3,1
14,17,2,1,1,0,3,0,0,0,1,1,1,1,2,4,0,6,1,7,1
4,18,4,1,1,0,3,1,0,2,1,1,1,8,0,1,0,3,1,5,1
15,20,4,0,1,4,3,0,1,16,1,1,1,0,2,4,0,8,5,8,1
2,18,4,0,1,0,3,1,0,2,1,1,1,0,0,1,0,5,3,7,1
4,18,0,1,1,0,3,0,0,1,1,1,1,7,0,3,0,6,2,6,1
14,20,0,1,1,0,3,0,0,0,1,1,1,0,2,1,0,6,4,14,1
1,18,4,1,1,0,3,0,0,2,1,1,1,1,0,1,0,2,3,2,1
12,20,4,0,1,0,3,0,0,0,1,1,1,0,2,1,0,6,6,14,1
11,21,0,1,1,4,3,3,1,1,1,1,1,5,2,0,5,0,0,0,1
9,15,0,1,1,4,3,0,1,0,1,1,1,0,0,2,0,5,6,7,1
11,18,4,0,1,0,3,0,0,2,1,1,1,0,2,6,0,4,0,3,1
10,20,4,0,1,0,3,1,0,0,1,1,1,8,0,4,0,8,1,13,1
7,20,4,1,1,0,3,3,0,5,1,1,1,0,0,1,0,6,6,6,1
1,18,4,1,1,0,3,0,0,2,1,1,1,0,0,9,2,0,0,0,1
13,18,4,1,1,0,3,1,0,12,1,1,1,8,2,1,0,6,2,9,1
14,23,0,0,1,0,3,0,0,0,1,1,1,0,2,1,0,6,6,13,1
5,18,4,0,0,0,3,0,0,2,1,1,1,7,0,1,0,2,6,4,1
15,8,0,0,1,3,3,2,1,15,1,1,1,0,2,1,5,3,0,1,0
7,20,4,1,1,0,3,0,0,0,1,1,1,0,0,1,0,6,6,8,1
0,18,4,0,1,0,3,1,0,2,1,1,1,0,0,1,0,3,2,3,1
4,20,0,1,1,0,3,0,0,3,1,1,1,0,0,2,5,6,0,0,1
11,18,0,0,1,0,3,1,0,1,1,1,1,0,2,1,0,4,2,5,1
6,13,4,0,0,0,3,3,0,15,1,1,1,0,0,1,5,0,0,0,1
10,20,4,1,1,0,3,0,0,14,1,1,1,0,0,7,0,5,0,9,0
15,15,4,1,1,0,3,1,0,10,1,1,1,0,2,4,0,6,8,6,0
15,13,4,0,1,0,3,0,0,15,1,1,1,1,2,0,5,0,0,0,1
7,21,4,1,1,0,3,1,0,12,1,1,1,0,0,1,0,6,4,11,0
12,17,0,1,1,3,3,0,1,0,1,1,1,5,2,4,5,0,0,4,1
2,20,4,0,1,0,3,1,0,0,1,1,1,5,0,1,0,9,1,14,1
12,15,4,1,1,0,3,0,0,2,1,1,1,7,2,1,0,1,3,2,1
11,15,4,1,1,3,3,3,1,2,1,1,1,5,2,1,0,4,3,6,1
2,18,4,1,1,3,3,0,1,2,1,1,1,7,0,1,0,2,3,3,1
14,23,0,1,1,0,3,0,0,0,1,1,1,0,2,3,0,6,11,10,1
8,20,4,1,1,0,3,1,0,0,1,1,1,0,0,1,0,9,4,12,1
8,15,0,1,1,0,1,1,0,1,1,1,1,0,0,1,0,3,8,11,0
13,15,0,1,1,0,3,0,0,2,1,1,1,5,2,1,2,2,0,3,1
10,20,0,1,1,0,3,0,0,1,1,1,1,0,0,5,0,9,2,13,1
6,18,4,1,1,0,3,0,0,4,1,1,1,0,0,1,5,0,0,4,1
10,1,4,0,1,4,3,0,1,15,1,1,1,5,0,3,5,6,0,2,0
3,15,4,1,1,0,3,3,0,14,1,1,1,0,0,0,5,0,0,0,1
1,18,4,0,1,0,3,0,0,2,1,1,1,0,0,2,2,1,0,4,1
12,19,0,1,1,4,3,0,1,1,1,1,1,5,2,1,0,6,6,9,1
14,23,0,1,1,4,3,3,1,8,1,1,1,0,2,1,0,6,9,7,1
6,15,4,0,1,0,3,1,0,2,1,1,1,7,0,5,2,0,0,2,1
1,15,4,0,0,0,3,0,0,2,1,1,0,0,0,2,5,0,0,0,0
15,20,4,0,1,0,3,0,0,12,1,1,1,0,2,1,0,6,7,13,1
8,16,4,1,1,0,3,0,0,0,1,1,1,7,0,1,0,6,4,8,0
15,22,4,1,1,0,3,0,0,0,1,1,1,0,2,3,0,9,8,12,1
7,18,4,1,1,0,3,0,0,16,1,1,1,5,0,0,5,0,0,0,1
1,18,4,0,1,3,3,0,1,2,1,1,1,0,0,0,5,0,0,0,1
12,17,0,0,1,0,3,0,0,1,1,1,1,7,2,1,0,6,8,9,1
0,18,4,1,1,0,1,1,0,16,1,1,1,8,0,1,5,0,0,0,0
13,12,0,0,0,0,3,0,0,0,1,1,0,0,2,1,1,6,0,13,1
4,17,0,1,1,0,3,1,0,0,1,1,1,0,0,6,0,3,8,10,1
9,18,0,1,1,3,3,0,1,0,1,1,1,7,0,1,0,6,3,10,1
13,15,0,0,1,0,0,0,0,0,1,1,1,5,2,5,0,8,6,9,1
13,19,4,1,1,0,3,1,0,0,1,1,1,7,2,1,0,6,4,8,1
8,17,4,1,1,0,3,0,0,0,1,1,1,0,0,6,0,4,6,2,1
8,18,4,0,1,0,3,0,0,0,1,1,1,7,0,3,0,7,6,12,1
2,18,4,1,1,0,3,1,0,16,1,1,1,5,0,0,5,0,0,2,1
3,15,4,0,1,0,3,1,0,2,1,1,1,0,0,0,5,0,0,0,0
14,19,4,0,1,0,3,0,0,12,1,1,1,5,2,1,0,6,4,12,0
0,18,4,0,1,0,3,3,0,2,1,1,1,0,0,1,0,2,0,4,1
13,20,0,1,1,4,3,0,1,1,1,1,1,5,2,2,5,0,0,0,1
14,21,0,1,1,0,3,3,0,0,1,1,1,0,2,3,0,8,6,12,0
6,19,4,1,0,0,3,0,0,2,1,1,0,0,0,1,0,1,3,4,1
8,18,4,0,1,3,3,0,1,2,1,1,1,7,0,1,0,6,4,5,1
14,15,4,1,1,0,3,0,0,0,1,1,1,1,2,1,5,0,0,1,0
15,18,4,0,1,0,3,1,0,0,1,1,1,1,2,1,0,6,6,10,1
6,20,4,1,1,0,3,1,0,0,1,1,1,0,0,1,5,0,0,0,1
9,21,0,0,1,0,3,3,0,1,1,1,1,0,0,1,0,8,11,13,0
6,20,4,0,0,0,3,0,0,9,1,1,1,5,0,1,0,6,6,8,0
4,20,4,1,1,4,3,0,1,11,1,1,1,5,0,0,5,0,0,0,1
9,15,4,1,1,3,3,1,1,2,1,1,1,0,0,1,0,5,3,6,1
4,15,4,0,1,0,1,1,0,16,1,1,1,0,0,1,5,4,0,3,1
13,11,4,0,0,4,3,0,1,15,1,1,1,7,2,0,5,0,0,0,1
6,20,4,0,1,0,3,1,0,2,1,1,1,0,0,1,0,6,3,14,1
6,15,4,1,1,4,3,0,1,10,1,1,1,7,0,1,0,9,0,8,0
2,19,0,1,1,0,3,0,0,8,1,1,1,8,0,3,0,1,4,7,1
9,17,4,0,1,0,3,1,0,2,1,1,1,0,0,1,0,6,4,8,1
15,18,0,1,0,0,3,0,0,0,1,1,0,0,2,0,5,0,0,0,1
15,22,0,0,1,0,3,0,0,0,1,1,1,0,2,1,0,7,9,14,1
0,15,4,1,1,0,3,0,0,2,1,1,1,0,0,0,5,0,0,0,1
6,15,4,0,1,0,3,0,0,0,1,1,1,0,0,1,0,6,3,8,1
2,15,4,1,1,0,3,0,0,2,1,1,1,0,0,1,2,1,0,3,1
6,20,4,1,1,0,3,0,0,0,1,1,1,0,0,1,0,3,9,14,0
5,18,4,0,1,2,3,0,0,2,1,1,1,0,0,1,0,5,10,6,1
2,18,4,0,1,0,3,1,0,4,1,1,1,0,0,4,0,5,8,4,0
13,20,4,1,1,0,1,1,0,0,1,1,1,8,2,5,0,6,9,9,0
13,15,0,0,1,0,3,3,0,0,1,1,1,7,2,3,2,6,0,6,1
15,20,0,0,1,0,3,3,0,0,1,1,1,0,2,1,0,9,10,13,1
1,15,4,0,1,4,3,0,1,10,1,1,1,5,0,0,5,0,0,0,1
14,18,4,0,1,0,3,1,0,0,1,1,1,0,2,1,0,6,2,8,0
12,16,0,0,1,0,3,0,0,0,1,1,1,7,2,1,0,6,3,8,1
9,20,4,0,1,0,3,0,0,2,1,1,1,1,0,6,5,0,0,0,1
0,15,4,1,1,0,3,0,0,0,1,1,1,0,0,1,0,2,3,5,0
1,17,4,0,1,0,3,0,0,2,1,1,1,7,0,2,0,1,8,2,1
2,15,4,1,1,4,3,0,1,16,1,1,1,5,0,1,5,1,0,2,0
5,20,0,1,0,0,3,1,0,0,1,1,1,0,0,1,0,8,2,13,0
8,20,4,0,1,0,3,3,0,5,1,1,1,5,0,6,0,8,9,14,1
13,20,0,1,1,0,3,3,0,0,1,1,1,0,2,2,0,2,0,3,0
2,16,4,0,1,0,3,1,0,2,1,1,1,5,0,1,0,6,4,5,0
15,9,0,0,1,0,3,1,0,9,1,1,1,5,2,2,0,8,8,4,1
14,21,0,0,1,4,3,0,1,14,1,1,1,5,2,1,0,6,6,13,0
7,20,0,1,1,0,3,0,0,0,1,1,1,0,0,1,0,6,8,8,1
0,18,4,1,1,0,3,1,0,2,1,1,1,5,0,1,5,0,0,0,1
2,15,0,1,1,4,3,0,1,8,1,1,1,7,0,1,0,6,6,5,1
11,20,4,1,1,0,3,1,0,0,1,1,1,5,2,1,0,8,3,14,0
15,15,4,0,1,3,3,0,1,2,1,1,1,0,2,1,0,6,4,10,1
0,18,4,0,1,0,3,0,0,4,1,1,1,5,0,1,0,1,3,1,1
9,13,4,1,1,0,3,0,0,2,1,1,1,0,0,1,0,8,6,6,1
9,7,0,0,1,0,0,0,0,16,1,1,1,7,0,5,3,2,5,7,0
1,18,4,0,1,0,3,0,0,16,1,1,1,0,0,2,5,1,0,4,0
6,18,0,0,1,0,3,3,0,1,1,1,1,5,0,1,0,6,6,11,0
6,18,4,1,1,3,3,0,1,0,1,1,1,5,0,1,0,1,2,4,1
13,14,4,0,1,0,3,3,0,12,1,1,1,0,2,1,0,8,7,14,1
5,20,4,0,1,0,3,0,0,2,1,1,1,0,0,0,5,0,0,0,1
7,15,4,1,1,0,3,3,0,4,1,1,1,7,0,1,0,5,6,4,1
9,15,0,0,1,4,3,0,1,0,1,1,1,0,0,1,0,6,1,8,1
4,18,4,1,1,0,3,0,0,2,1,1,1,0,0,1,0,6,6,9,1
14,21,0,1,1,4,3,1,1,1,1,1,1,0,2,1,0,8,11,14,1
9,7,4,1,0,0,3,0,1,9,1,0,0,8,0,6,0,5,0,7,1
8,20,4,0,1,0,3,1,0,2,1,1,1,5,0,1,0,6,4,9,1
14,15,0,1,1,0,3,0,0,0,1,1,1,0,2,1,0,8,1,11,1
9,18,4,0,0,0,3,0,0,16,1,1,0,1,0,1,5,5,0,6,1
2,15,4,1,1,0,3,0,0,2,1,1,1,0,0,1,0,2,8,5,1
9,16,4,0,1,0,3,0,0,2,1,1,1,7,0,9,2,0,0,0,1
7,20,0,1,1,0,3,0,0,0,1,1,1,0,0,1,0,4,3,13,0
12,17,0,1,1,0,3,3,0,8,1,1,1,0,2,0,5,0,0,0,1
15,9,0,0,0,0,3,0,1,9,1,1,0,1,2,0,5,0,0,0,1
13,0,0,1,1,4,3,3,1,1,1,1,1,0,2,0,5,0,0,6,1
1,18,4,1,1,0,3,0,0,2,1,1,1,0,0,1,0,4,1,5,1
1,15,4,0,1,0,3,3,0,2,1,1,1,0,0,2,0,2,2,3,0
12,15,0,1,1,4,3,3,1,8,1,1,1,7,2,1,0,2,3,3,1
14,18,4,0,1,0,3,2,0,0,1,1,1,0,2,1,0,6,1,10,1
4,18,4,0,1,0,3,0,0,0,1,1,1,1,0,1,0,6,3,8,1
7,21,4,1,1,0,3,0,0,4,1,1,1,5,0,1,0,6,6,9,1
7,15,4,0,1,3,3,3,1,2,1,1,1,8,0,1,1,8,0,6,0
9,17,0,1,1,0,3,0,0,8,1,1,1,5,0,4,0,1,1,7,1
12,15,2,1,1,0,3,0,0,0,1,1,1,0,2,1,0,6,4,9,0
13,15,4,1,1,0,3,0,0,2,1,1,1,5,2,2,0,3,3,3,1
10,18,4,0,1,0,1,1,0,0,1,1,1,7,0,5,3,6,7,13,1
8,20,4,0,1,0,3,1,0,0,1,1,1,5,0,1,0,9,8,14,1
11,20,4,0,1,0,0,1,0,0,1,1,1,0,2,5,3,9,4,12,1
15,20,4,1,1,0,3,1,0,0,1,1,1,0,2,1,0,5,0,8,0
1,18,0,1,1,0,3,1,0,16,1,1,1,5,0,1,5,6,0,3,0
1,19,4,0,1,0,3,0,0,2,1,1,1,5,0,0,5,0,0,0,1
0,15,4,0,1,0,3,0,0,2,1,1,1,7,0,1,5,0,0,1,1
13,20,0,1,1,0,3,1,0,1,1,1,1,0,2,3,0,6,4,12,1
13,15,0,1,1,0,3,3,0,1,1,1,1,0,2,7,5,0,0,0,1
3,15,4,0,1,0,3,0,0,14,1,1,1,0,0,1,0,6,3,5,1
6,17,0,0,1,0,3,1,0,1,1,1,1,8,0,1,0,8,8,12,1
4,20,4,1,1,0,3,0,0,11,1,1,1,0,0,1,5,4,0,5,0
4,21,4,1,1,0,3,0,0,2,1,1,1,0,0,2,0,6,2,7,0
12,22,4,1,1,0,3,0,0,11,1,1,1,0,2,1,0,6,0,13,0
6,15,4,0,1,0,3,0,0,2,1,1,1,0,0,4,0,6,5,7,1
5,17,4,1,1,0,3,1,0,0,1,1,1,8,0,1,0,4,1,6,0
4,17,4,0,1,0,3,1,0,2,1,1,1,0,0,1,0,2,4,6,1
9,23,0,0,1,2,3,0,0,0,1,1,1,0,0,1,0,6,11,14,1
8,18,4,1,1,0,3,0,0,5,1,1,1,7,0,1,0,6,4,6,1
3,18,4,1,1,0,3,0,0,2,1,1,1,0,0,3,0,2,8,6,1
11,17,0,0,1,0,3,0,0,1,1,1,1,0,2,6,2,0,0,0,1
9,18,4,0,1,0,1,0,0,14,1,1,1,0,0,1,0,6,3,10,0
8,11,4,0,1,0,3,0,0,7,1,1,1,0,0,1,2,0,0,0,1
2,18,4,0,1,0,3,0,0,2,1,1,1,0,0,1,0,2,4,3,0
2,20,4,1,1,4,3,0,1,11,1,1,1,5,0,2,0,1,3,2,0
6,18,4,0,0,0,3,0,0,2,1,1,0,7,0,0,5,0,0,0,1
15,20,4,0,1,4,3,0,1,0,1,1,1,0,2,3,0,9,5,14,1
10,15,0,0,1,0,3,1,0,8,1,1,1,0,0,1,0,6,1,11,1
7,21,4,1,1,0,3,3,0,5,1,1,1,0,0,2,0,8,10,14,1
1,15,4,0,1,3,3,0,0,16,1,1,1,0,0,2,0,8,2,11,1
10,14,0,0,1,0,3,3,0,11,1,1,1,7,0,1,0,6,8,12,1
9,20,4,1,1,0,3,0,0,12,1,1,1,0,0,1,0,7,0,11,0
4,18,4,1,1,0,3,0,0,2,1,1,1,0,0,0,5,0,0,0,1
6,18,4,0,1,3,3,0,1,2,1,1,1,7,0,1,0,5,1,10,1
1,15,4,0,1,0,3,3,0,2,1,1,1,0,0,1,2,6,0,2,1
5,15,4,0,1,0,3,0,0,2,1,1,1,1,0,1,0,8,3,12,1
11,20,4,0,1,0,3,0,0,2,1,1,1,5,2,1,0,6,8,11,1
11,20,4,1,1,0,3,1,0,0,1,1,1,0,2,1,0,2,1,4,1
14,15,0,1,1,0,3,3,0,1,1,1,1,7,2,1,5,0,0,0,1
6,20,4,0,1,4,3,0,1,5,1,1,1,5,0,1,0,6,3,12,1
0,15,4,0,0,0,3,0,0,16,1,1,0,0,0,0,5,0,0,4,1
0,17,4,1,1,0,3,1,0,2,1,1,1,8,0,1,0,3,6,5,0
9,20,4,0,1,3,3,0,1,2,1,1,1,0,0,1,0,6,3,7,1
0,15,4,0,1,0,3,2,0,0,1,1,1,0,0,1,0,6,3,7,1
13,20,0,0,1,4,3,0,1,0,1,1,1,5,2,1,0,9,10,14,1
5,15,4,0,1,3,3,0,1,2,1,1,1,5,0,1,0,6,3,9,1
10,0,4,0,1,0,3,3,0,12,1,1,1,1,0,1,0,3,4,8,1
10,15,0,0,1,0,3,0,0,1,1,1,1,7,0,1,0,6,4,13,1
1,18,4,0,1,0,0,1,0,16,1,1,1,0,0,5,3,1,1,1,1
2,14,4,0,1,0,3,0,0,16,1,1,1,0,0,3,0,8,2,5,1
9,18,4,0,1,0,0,0,0,6,1,1,1,5,0,5,3,6,2,12,1
13,15,0,1,1,0,3,3,0,2,1,1,1,7,2,1,0,6,6,6,1
1,15,4,1,1,4,3,0,1,2,1,1,1,5,0,1,0,2,4,2,1
8,15,4,0,1,0,3,0,0,2,1,1,1,7,0,1,2,0,0,0,1
1,18,4,0,1,0,3,0,0,5,1,1,1,7,0,2,5,6,0,4,1
8,18,4,0,1,0,3,2,0,5,1,1,1,0,0,5,2,6,3,5,1
0,15,4,0,1,0,3,0,0,2,1,1,1,0,0,1,0,6,0,1,1
13,20,0,1,1,3,3,0,1,1,1,1,1,0,2,7,1,7,0,7,1
0,8,3,1,1,4,3,0,1,16,1,1,1,1,0,9,5,0,0,1,0
12,16,3,1,1,0,3,3,0,0,1,1,1,0,2,1,0,7,2,4,1
6,15,0,0,1,0,3,0,0,0,1,1,1,7,0,1,0,6,6,12,1
15,20,4,0,0,0,3,1,0,0,1,1,0,8,2,1,0,5,2,5,1
7,22,0,1,1,0,3,0,0,1,1,1,1,0,0,1,1,4,0,13,0
5,18,4,0,1,4,3,0,1,0,1,1,1,7,0,6,0,4,2,5,1
5,18,4,0,1,0,3,0,0,2,1,1,1,0,0,2,0,9,1,3,1
8,15,4,0,1,3,3,0,1,12,1,1,1,7,0,1,0,6,2,8,1
10,18,0,0,1,0,1,0,0,1,1,1,1,7,0,5,3,6,7,13,1
3,18,4,1,1,0,3,0,0,5,1,1,1,0,0,1,0,6,6,6,1
15,18,0,1,1,4,3,0,1,0,1,1,1,7,2,1,0,6,3,5,0
1,19,4,1,1,0,3,0,0,0,1,1,1,0,0,1,0,7,1,13,1
9,15,0,1,1,4,3,0,1,1,1,1,1,0,0,1,0,9,1,7,1
0,15,4,0,0,0,3,1,0,15,1,0,1,0,0,4,5,6,0,2,0
5,19,4,1,1,0,3,0,0,2,1,1,1,7,0,1,2,6,0,6,1
0,17,4,0,1,0,3,0,0,2,1,1,1,7,0,1,5,1,0,1,0
7,20,4,1,1,3,3,0,1,9,1,1,1,5,0,1,0,6,8,5,1
10,5,0,0,1,0,3,0,0,4,1,1,1,0,0,0,5,0,0,0,1
12,19,4,0,1,0,3,0,0,2,1,1,1,0,2,1,0,6,6,8,1
10,18,0,1,1,0,3,1,0,1,1,1,1,0,0,0,5,0,0,0,1
9,18,0,1,1,4,3,0,1,1,1,1,1,5,0,1,0,6,6,10,1
10,20,0,0,1,0,3,0,0,1,1,1,1,0,0,1,0,8,2,14,1
1,15,4,1,1,0,3,0,0,2,1,1,1,7,0,1,2,4,0,6,1
2,15,4,1,1,0,3,0,0,11,1,1,1,0,0,0,5,0,0,0,1
6,18,4,0,1,0,3,1,0,0,1,1,1,6,0,1,0,5,8,14,0
14,19,0,1,1,3,3,3,1,2,1,1,1,5,2,0,5,0,0,0,1
2,18,4,0,1,0,3,0,0,0,1,1,1,0,0,7,0,7,1,12,1
14,18,0,0,1,4,3,0,1,0,1,1,1,5,2,1,0,6,4,10,1
1,14,4,1,1,4,3,0,1,16,1,1,1,0,0,0,5,0,0,5,0
9,11,4,0,0,0,3,0,0,15,0,1,1,7,0,0,5,0,0,0,1
8,20,4,1,1,0,3,1,0,9,1,1,1,1,0,1,0,6,6,8,1
14,15,4,0,1,0,3,1,0,12,1,1,1,0,2,1,0,6,3,13,1
9,18,0,1,1,0,3,0,0,0,1,1,1,0,0,1,0,6,4,5,1
7,16,4,0,1,0,3,0,0,11,1,1,1,0,0,1,0,7,0,13,0
1,15,4,0,1,0,3,3,0,2,1,1,1,5,0,1,5,0,0,2,1
12,20,4,1,1,0,3,1,0,0,1,1,1,0,2,4,0,8,4,12,0
13,20,4,0,1,3,3,3,1,15,1,1,1,0,2,3,5,6,0,9,0
7,20,4,0,1,0,3,1,0,0,1,1,1,0,0,1,0,7,11,14,1
9,0,4,0,1,0,3,0,0,2,1,1,1,7,0,6,1,6,0,11,1
12,20,4,1,1,4,3,3,1,2,1,1,1,5,2,2,0,6,3,8,1
0,17,4,0,1,0,3,3,0,2,1,1,1,1,0,1,2,3,0,4,0
11,16,2,1,0,0,3,3,0,3,1,0,1,0,2,1,5,6,0,2,1
15,19,4,0,1,0,3,0,0,2,1,1,1,0,2,1,0,6,2,5,1
7,15,4,0,1,0,3,2,0,0,1,1,1,6,0,1,0,3,10,14,1
9,18,4,1,1,0,3,0,0,2,1,1,1,7,0,1,0,6,6,10,1
4,18,4,1,1,0,3,0,0,2,1,1,1,7,0,1,1,2,0,1,1
0,17,4,0,1,0,3,1,0,2,1,1,1,0,0,1,0,2,1,2,1
12,16,2,1,1,0,3,0,0,2,1,1,1,5,2,1,0,6,6,10,0
10,21,0,1,1,0,3,0,0,0,1,1,1,0,0,3,0,6,3,12,1
8,17,4,0,1,0,3,1,0,2,1,1,1,7,0,1,2,0,0,5,1
8,15,4,0,1,3,3,0,1,2,1,1,1,7,0,1,2,0,0,0,1
4,19,4,0,1,0,3,0,0,2,1,1,1,0,0,1,0,4,4,3,1
11,16,4,0,1,0,3,0,0,11,1,1,1,2,2,1,0,7,7,13,1
10,18,4,0,1,0,0,0,0,11,1,1,1,2,0,5,3,7,3,9,1
12,15,2,1,0,0,3,0,0,0,1,1,1,2,2,1,0,6,4,13,1
4,19,4,1,1,0,3,0,0,11,1,1,1,0,0,1,5,6,0,4,0
2,16,4,0,1,0,3,3,0,2,1,1,1,0,0,1,0,1,3,3,1
4,15,4,1,1,0,3,0,0,7,1,1,1,0,0,0,5,0,0,0,1
7,6,0,1,1,2,3,0,0,0,1,1,1,0,0,9,2,0,0,0,1
5,20,4,1,0,0,3,1,0,2,1,1,0,0,0,2,0,1,6,4,0
5,17,4,1,1,0,3,0,0,2,1,1,1,0,0,2,5,6,0,4,1
4,20,4,1,1,0,3,0,0,2,1,1,1,5,0,2,0,6,2,10,1
0,19,4,0,1,0,3,0,0,11,1,1,1,0,0,0,5,0,0,0,0
14,20,4,1,1,0,3,1,0,0,1,1,1,0,2,2,0,6,1,14,0
4,15,4,0,1,0,3,3,0,11,1,1,1,0,0,1,0,4,4,5,1
13,17,0,0,1,0,3,0,0,2,1,1,1,0,2,1,0,2,3,5,1
13,20,4,1,1,0,3,1,0,12,1,1,1,8,2,1,0,6,6,13,0
7,3,4,1,0,0,3,3,0,12,1,0,0,7,0,6,0,6,7,12,0
0,17,4,0,1,0,3,1,0,2,1,1,1,0,0,1,0,4,6,2,1
12,15,0,1,0,4,3,0,1,1,1,1,1,7,2,1,0,6,6,8,1
8,18,0,1,0,0,3,2,0,8,1,1,1,0,0,1,0,1,6,1,1
10,15,4,0,1,0,3,1,0,9,1,1,1,0,0,1,0,6,6,8,1
4,18,4,1,1,0,3,3,0,2,1,1,1,5,0,1,0,3,3,6,1
8,20,4,0,1,0,3,0,0,0,1,1,1,0,0,1,0,6,8,13,1
12,9,0,0,0,0,1,1,0,9,0,0,1,5,0,2,0,4,5,4,1
9,20,4,1,1,0,3,0,0,2,1,1,1,0,0,2,0,6,2,13,1
6,18,4,0,1,0,3,1,0,4,1,1,1,0,0,1,0,1,8,7,1
11,20,4,0,1,0,3,0,0,2,1,1,1,0,2,1,0,4,6,7,1
3,15,4,0,1,0,3,1,0,2,1,1,1,7,0,1,0,4,3,6,1
11,17,4,1,0,0,3,0,0,16,1,1,0,1,2,0,5,0,0,8,0
6,19,0,0,1,0,3,0,0,0,1,1,1,0,0,1,0,6,6,5,1
15,20,0,0,1,0,3,3,0,0,1,1,1,5,2,3,0,9,8,14,0
14,21,0,1,1,4,3,0,1,8,1,1,1,5,2,1,1,6,0,11,0
4,12,4,0,1,0,3,0,0,7,1,1,1,0,0,1,2,0,0,9,1
14,15,0,0,1,0,3,0,0,2,1,1,1,7,2,1,0,8,4,7,1
5,15,4,1,1,0,3,0,0,2,1,1,1,7,0,1,0,6,5,3,1
8,15,4,0,1,0,3,0,0,5,1,1,1,0,0,0,5,0,0,0,0
9,14,0,0,1,0,3,3,0,14,1,1,1,0,2,0,5,0,0,7,0
11,21,0,0,1,0,3,3,0,1,1,1,1,0,2,1,0,6,6,9,1
3,18,4,1,1,0,3,1,0,2,1,1,1,0,0,1,0,4,1,2,1
4,18,4,0,1,0,3,0,0,2,1,1,1,0,0,1,0,3,5,7,1
2,12,4,0,1,4,3,0,1,0,1,1,1,8,0,1,0,6,4,12,1
5,20,4,1,1,0,3,0,0,2,1,1,1,0,0,0,5,0,0,0,1
13,16,0,0,1,4,3,0,1,0,1,1,1,7,2,1,0,6,10,13,1
7,21,4,0,1,0,3,0,0,0,1,1,1,0,0,2,0,1,1,14,0
2,18,4,0,1,2,3,0,0,2,1,1,1,0,0,9,2,0,0,0,1
9,14,4,0,1,0,3,0,0,2,1,1,1,0,0,1,0,5,2,8,1
6,20,4,0,1,0,3,0,0,2,1,1,1,5,0,9,2,0,0,0,1
0,12,3,0,1,4,3,0,1,1,1,1,1,7,0,1,0,6,0,4,0
11,20,0,1,1,0,3,1,0,0,1,1,1,0,2,1,0,8,3,12,0
7,18,4,0,1,2,3,1,0,2,1,1,1,0,0,1,0,5,6,6,1
15,15,4,0,1,0,3,0,0,11,1,1,1,0,2,1,0,7,3,12,1
9,21,4,0,1,0,3,1,0,11,1,1,1,8,0,1,0,6,4,13,1
9,18,4,0,1,0,3,3,0,11,1,1,1,0,0,1,0,9,6,12,1
6,15,4,1,1,0,3,0,0,2,1,1,1,0,0,1,0,4,4,3,1
11,15,4,0,1,0,3,0,0,14,1,1,1,5,2,0,5,0,0,10,1
11,19,0,1,1,0,3,0,0,1,1,1,1,0,2,1,0,6,5,9,0
0,15,4,1,1,0,3,0,0,2,1,1,1,0,0,1,0,1,3,3,1
9,17,0,1,1,3,3,0,1,0,1,1,1,7,0,1,5,6,0,6,1
11,15,0,1,1,0,3,0,0,1,1,1,1,0,2,6,0,6,7,12,1
14,20,0,1,1,4,3,0,1,1,1,1,1,0,2,0,5,0,0,0,1
12,17,0,1,1,0,3,0,0,0,1,1,1,0,2,4,0,6,8,13,1
0,15,4,0,1,0,3,0,0,5,1,1,1,7,0,1,0,8,4,6,0
8,0,4,0,1,0,3,0,0,2,1,1,1,0,0,0,5,0,0,7,1
14,19,4,0,1,0,3,0,0,2,1,1,1,0,2,1,2,0,0,0,1
9,21,4,0,1,0,3,0,0,0,1,1,1,0,0,1,0,7,10,14,1
9,18,4,0,1,0,3,0,0,11,1,1,1,0,0,1,0,6,7,12,1
14,20,4,0,1,0,3,0,0,2,1,1,1,5,2,1,0,6,4,14,1
10,18,0,0,1,0,3,3,0,1,1,1,1,7,0,5,3,5,0,6,1
0,18,4,0,1,0,3,3,0,2,1,1,1,0,0,0,5,0,0,0,1
7,18,0,1,1,0,3,0,0,0,1,1,1,0,0,1,0,6,11,8,0
6,18,4,1,1,0,3,0,0,2,1,1,1,0,0,1,0,6,1,9,1
10,20,4,0,1,0,3,0,0,2,1,1,1,0,0,1,0,3,1,4,1
13,20,0,0,1,0,3,1,0,0,1,1,1,5,2,1,0,6,10,13,1
14,18,4,0,0,4,3,0,1,0,1,0,1,5,2,9,2,0,0,14,1
8,15,4,1,1,4,3,0,1,2,1,1,1,7,0,1,0,6,8,8,1
9,21,0,1,1,4,3,0,1,0,1,1,1,5,0,1,0,6,4,14,1
7,19,4,0,1,0,3,0,0,0,1,1,1,0,0,3,0,6,6,13,1
6,20,0,1,1,0,3,0,0,1,1,1,1,0,0,4,0,6,6,11,1
12,21,4,0,1,0,3,0,0,16,1,1,1,5,2,2,0,4,2,7,0
8,18,4,1,1,0,3,1,0,0,1,1,1,0,0,1,0,2,1,7,1
5,18,4,0,1,0,3,0,0,15,1,1,1,0,0,0,5,0,0,0,1
12,10,4,1,1,4,3,0,1,0,1,1,1,8,2,5,0,6,2,10,0
14,20,0,0,1,0,3,3,0,1,1,1,1,5,2,1,0,7,8,11,1
10,18,0,1,1,0,3,0,0,1,1,1,1,0,0,1,0,6,3,7,1
13,0,0,0,1,4,3,0,1,9,1,1,1,5,2,0,5,0,0,0,1
5,20,4,0,1,0,3,3,0,11,1,1,1,0,0,1,0,4,10,5,1
3,20,4,1,1,0,3,3,0,11,1,1,1,8,0,1,0,6,2,5,0
11,18,4,1,1,0,3,3,0,0,1,1,1,5,2,1,1,4,0,12,1
10,17,4,1,1,0,3,0,0,4,1,1,1,2,0,6,0,6,6,5,1
15,22,0,1,1,0,3,1,0,0,1,1,1,0,2,1,0,9,8,14,1
8,17,4,1,1,0,3,1,0,7,1,1,1,8,0,1,0,6,3,7,1
5,15,0,0,1,0,0,3,0,16,1,1,1,0,0,5,3,8,2,6,1
0,19,4,1,1,0,3,1,0,2,1,1,1,8,0,1,5,6,0,4,1
11,18,0,1,1,0,3,0,0,1,1,1,1,8,2,1,5,3,0,2,1
13,20,4,0,1,0,3,1,0,0,1,1,1,0,2,1,0,8,11,14,1
13,18,4,1,1,0,3,1,0,2,1,1,1,0,2,1,0,8,6,10,1
4,18,4,0,1,0,1,3,0,9,1,1,1,8,0,1,0,9,3,7,0
10,20,4,0,1,0,3,0,0,2,1,1,1,0,0,7,0,8,10,13,1
6,18,4,0,1,0,3,0,0,11,1,1,1,7,0,1,0,9,6,10,1
7,20,0,0,1,0,3,1,0,1,1,1,1,0,0,1,0,5,5,12,1
0,18,4,0,1,0,3,1,0,16,1,1,1,0,0,1,0,8,2,6,1
12,21,4,1,1,4,3,0,1,2,1,1,1,0,2,2,5,6,0,3,1
15,19,0,1,1,0,3,0,0,0,1,1,1,0,2,1,5,0,0,0,1
14,20,4,0,0,0,3,1,0,0,1,1,0,0,2,1,0,6,3,13,0
14,19,4,0,1,0,3,1,0,0,1,1,1,0,2,1,0,4,3,13,1
10,19,0,1,1,3,3,0,1,0,1,1,1,0,0,1,0,8,4,10,1
4,16,4,0,1,0,3,0,0,15,1,1,1,4,0,0,5,0,0,0,1
4,20,4,0,1,0,3,1,0,2,1,1,1,7,0,1,0,3,5,6,1
6,19,4,0,1,0,3,0,0,0,1,1,1,5,0,1,5,0,0,11,0
12,21,0,1,1,4,3,0,1,0,1,1,1,5,2,1,0,6,8,12,1
13,19,0,1,1,0,3,0,0,1,1,1,1,0,2,1,5,0,0,0,1
9,18,4,0,1,0,3,0,0,2,1,1,1,0,0,1,5,0,0,0,1
3,18,4,0,1,0,3,1,0,0,1,1,1,0,0,1,0,2,3,2,0
0,15,4,1,1,3,3,3,1,2,1,1,1,5,0,1,0,3,6,4,1
10,19,0,0,1,0,3,0,0,8,1,1,1,5,0,1,0,6,6,11,1
13,20,0,0,1,4,3,0,1,0,1,1,1,5,2,1,0,7,7,12,1
13,21,0,0,1,0,3,0,0,0,1,1,1,0,2,6,0,9,6,14,0
6,15,4,1,1,0,3,3,0,2,1,1,1,0,0,1,0,4,4,6,1
12,20,0,0,0,0,3,1,0,1,1,1,1,0,2,1,0,6,4,14,0
15,21,0,0,1,4,3,0,1,1,1,1,1,5,2,1,0,6,3,13,1
9,18,4,0,1,0,3,3,0,0,1,1,1,0,0,1,0,6,1,6,1
7,20,0,0,1,0,3,1,0,11,1,1,1,0,0,1,0,8,4,13,1
15,19,4,0,1,0,3,1,0,0,1,1,1,0,2,1,0,6,10,11,1
12,19,0,0,1,0,3,1,0,0,1,1,1,8,2,1,0,6,10,10,0
8,18,4,1,1,3,3,0,1,5,1,1,1,5,0,0,5,0,0,0,1
15,19,4,1,1,0,3,3,0,12,1,1,1,0,2,1,0,9,11,13,1
11,19,4,0,1,0,3,0,0,12,1,1,1,0,2,1,0,8,2,12,0
7,20,4,0,1,0,3,0,0,5,1,1,1,7,0,6,2,1,0,2,1
13,21,4,0,1,0,3,1,0,2,1,1,1,0,2,3,0,4,2,13,0
15,18,4,0,1,0,1,1,0,0,1,1,1,8,2,1,0,6,3,6,1
7,18,0,0,1,0,3,0,0,2,1,1,1,7,0,1,0,6,3,9,1
11,11,4,0,1,0,3,1,0,7,1,1,1,0,2,1,0,1,3,2,1
11,20,0,0,1,0,3,0,0,0,1,1,1,0,2,1,0,6,8,14,1
8,20,4,0,1,0,3,0,0,0,1,1,1,7,0,4,0,6,8,13,1
3,18,4,0,1,0,3,0,0,9,1,1,1,8,0,2,0,6,6,9,1
13,19,0,1,1,0,3,1,0,0,1,1,1,8,2,1,0,2,0,6,1
8,15,4,1,1,0,3,0,0,2,1,1,1,5,0,1,0,6,3,9,1
3,15,4,1,1,0,3,0,0,9,1,1,1,0,0,1,0,3,3,8,1
9,18,4,1,1,0,3,0,0,0,1,1,1,0,0,1,0,6,6,9,1
6,20,4,0,1,0,3,3,0,11,1,1,1,0,0,1,0,6,6,13,1
5,20,4,1,1,0,3,0,0,2,1,1,1,0,0,4,0,4,11,3,1
5,15,4,0,1,0,3,3,0,5,1,1,1,7,0,1,0,6,4,10,1
0,17,4,0,1,0,3,0,0,2,1,1,1,0,0,1,0,6,6,7,1
13,20,0,1,1,4,3,0,1,1,1,1,1,5,2,0,5,0,0,0,1
9,18,0,1,1,0,3,0,0,0,1,1,1,7,0,0,5,0,0,0,1
0,17,4,0,1,0,3,0,0,2,1,1,1,0,0,2,0,1,2,2,1
14,21,4,1,1,4,3,1,1,0,1,1,1,5,2,1,0,6,8,14,1
5,18,4,0,1,0,3,1,0,2,1,1,1,0,0,1,0,6,8,6,1
12,15,0,0,1,0,3,0,0,9,1,1,1,0,2,0,5,0,0,0,1
9,20,0,1,1,4,3,0,1,0,1,1,1,5,0,1,0,6,3,14,1
0,17,4,1,1,0,3,1,0,2,1,1,1,0,0,0,5,0,0,0,1
11,15,4,0,1,0,3,3,0,7,1,1,1,0,2,1,0,6,1,6,1
14,21,4,0,1,0,3,0,0,12,1,1,1,0,2,1,0,6,2,14,1
11,20,4,0,1,4,3,0,1,0,1,1,1,5,0,2,0,6,3,14,0
2,15,4,1,1,0,3,0,0,5,1,1,1,0,0,1,0,9,2,4,1
8,20,0,1,1,0,3,0,0,8,1,1,1,7,0,4,0,6,0,11,0
6,18,4,1,1,0,3,0,0,14,1,1,1,0,0,1,5,0,0,0,1
2,18,4,0,1,0,0,3,0,16,1,1,1,1,0,5,3,9,3,7,1
11,8,4,0,1,4,3,0,1,11,1,1,1,0,2,1,5,0,0,1,0
1,18,4,0,1,0,3,0,0,16,1,1,1,7,0,1,5,2,0,4,0
5,20,4,0,1,0,3,0,0,2,1,1,1,5,0,2,0,6,2,13,1
9,18,4,1,1,0,3,3,0,2,1,1,1,5,0,1,5,6,0,3,1
11,15,4,0,1,0,3,0,0,2,1,1,1,5,2,1,0,6,0,9,1
4,15,4,0,1,0,3,0,0,2,1,1,1,8,0,6,0,6,0,6,1
9,20,4,1,1,0,3,1,0,2,1,1,1,0,0,0,5,0,0,0,1
11,21,0,0,1,0,3,0,0,0,1,1,1,0,2,1,0,6,2,14,1
3,21,4,1,1,0,3,1,0,4,1,1,1,8,0,5,0,6,6,7,1
1,18,4,0,1,0,3,0,0,2,1,1,1,0,0,1,2,1,0,2,1
7,20,4,1,1,0,3,3,0,10,1,1,1,0,0,1,0,8,8,11,0
0,15,4,0,1,0,3,1,0,7,1,1,1,0,0,0,5,0,0,0,1
2,15,4,0,1,0,3,0,0,2,1,1,1,0,0,1,2,3,0,5,1
3,18,4,0,1,0,3,0,0,5,1,1,1,0,0,1,0,1,10,2,0
14,17,0,1,1,0,3,0,0,0,1,1,1,0,2,1,0,6,6,11,1
7,15,4,0,1,0,3,3,0,2,1,1,1,0,0,1,0,4,2,7,1
13,11,4,0,1,0,3,2,0,0,1,1,1,0,2,1,0,9,1,10,1
13,18,0,0,1,4,3,0,1,0,1,1,1,0,2,3,0,6,7,13,1
13,21,0,0,1,0,3,3,0,1,1,1,1,0,2,3,0,6,2,13,0
6,18,4,0,1,0,3,3,0,11,1,1,1,7,0,4,0,6,8,11,1
9,18,4,0,1,4,3,1,1,0,1,1,1,5,0,1,0,6,3,9,0
1,18,4,1,1,0,3,3,0,2,1,1,1,0,0,1,0,3,5,3,1
2,15,4,0,1,0,3,2,0,2,1,1,1,7,0,1,2,2,0,4,1
4,18,4,0,1,0,3,0,0,2,1,1,1,1,0,1,0,6,3,8,1
11,18,4,0,1,0,3,1,0,2,1,1,1,0,2,1,0,6,1,4,1
12,20,0,0,1,4,3,3,1,1,1,1,1,0,2,1,0,6,11,13,1
4,15,4,1,1,0,3,1,0,2,1,1,1,8,0,1,0,2,2,2,1
12,15,0,0,1,4,3,0,1,0,1,1,1,7,2,1,0,7,8,13,1
4,12,4,0,0,4,3,0,1,9,1,1,1,4,0,0,5,0,0,4,1
7,20,0,1,1,0,3,1,0,0,1,1,1,0,0,1,0,6,11,13,0
8,11,3,0,1,0,3,0,0,7,1,1,1,0,0,6,0,6,10,10,1
5,20,4,1,1,0,3,2,0,0,1,1,1,0,0,1,5,3,0,1,0
3,20,0,1,1,3,3,0,1,1,1,1,1,1,0,1,0,4,4,4,1
4,19,4,0,1,0,3,0,0,2,1,1,1,0,0,1,0,4,2,7,1
14,19,0,1,1,0,3,3,0,1,1,1,1,0,2,1,5,0,0,0,0
10,18,4,0,1,0,3,0,0,14,1,1,1,5,0,1,0,6,6,12,1
11,19,0,1,1,0,3,0,0,1,1,1,1,7,2,1,0,6,3,11,0
4,15,4,0,1,0,1,0,0,16,1,1,1,0,0,1,5,0,0,4,0
8,15,0,1,0,0,3,0,0,2,1,1,1,5,0,0,5,0,0,0,1
15,20,0,0,1,4,3,0,1,1,1,1,1,5,2,4,0,9,10,14,1
13,17,2,1,1,4,3,1,1,2,1,1,1,0,2,3,0,2,4,6,1
2,16,4,0,1,0,3,0,0,3,1,1,1,0,0,1,0,6,2,13,1
1,18,4,1,1,0,3,0,0,2,1,1,1,7,0,1,0,6,4,9,1
4,17,4,0,1,0,3,0,0,2,1,1,1,0,0,0,5,0,0,4,1
2,18,4,1,1,3,3,0,1,0,1,1,1,7,0,1,0,2,4,4,1
4,20,4,0,1,0,3,0,0,0,1,1,1,0,0,1,0,7,2,12,0
10,0,4,0,1,4,3,3,1,10,1,1,1,0,0,0,5,0,0,0,1
11,18,4,0,1,0,3,0,0,16,1,1,1,8,2,2,0,6,1,10,1
8,18,4,1,1,0,3,2,0,2,1,1,1,0,0,1,0,3,6,1,1
0,13,4,1,1,0,3,0,0,16,1,1,1,0,0,0,5,0,0,5,1
3,18,4,1,1,0,3,3,0,2,1,1,1,0,0,1,2,0,0,2,1
14,19,4,0,1,0,3,0,0,2,1,1,1,5,2,0,5,0,0,0,1
11,13,0,0,1,0,3,0,0,8,1,1,1,0,2,1,0,4,1,6,1
1,15,0,0,1,0,0,1,0,16,1,1,1,0,0,5,3,9,1,7,0
1,18,4,0,1,4,3,0,1,16,1,1,1,5,0,1,0,1,1,5,0
5,19,4,1,1,4,3,3,1,12,1,1,1,5,0,1,0,4,2,5,1
2,15,4,0,1,0,3,1,0,11,1,1,1,8,0,1,0,9,4,12,1
9,21,4,0,1,0,3,1,0,0,1,1,1,1,0,5,0,9,4,11,0
5,20,4,1,1,0,3,0,0,2,1,1,1,5,0,1,0,3,6,6,1
1,17,4,0,1,0,3,3,0,2,1,1,1,0,0,1,0,6,6,9,0
7,15,4,0,1,0,3,0,0,11,1,1,1,0,0,1,0,8,1,8,1
6,20,4,0,1,0,3,0,0,2,1,1,1,7,0,1,0,8,6,13,1
14,20,4,0,1,0,3,1,0,0,1,1,1,8,2,1,0,6,6,14,1
10,20,0,0,1,3,3,0,1,0,1,1,1,5,0,1,0,6,10,14,0
9,18,4,1,1,0,3,0,0,0,1,1,1,0,0,4,0,1,4,5,0
15,21,0,1,1,0,3,1,0,1,1,1,1,0,2,2,0,6,3,9,1
0,15,4,1,1,0,3,0,0,10,1,1,1,5,0,1,0,6,0,6,1
14,20,4,1,1,0,3,1,0,0,1,1,1,0,2,1,0,7,1,11,1
2,19,4,0,1,0,3,0,0,2,1,1,1,0,0,1,5,4,0,3,1
0,18,4,0,1,0,3,0,0,2,1,1,1,1,0,1,0,4,8,8,0
5,15,4,0,1,4,3,0,1,2,1,1,1,7,0,1,0,4,10,1,1
7,21,4,1,1,0,3,0,0,11,1,1,1,5,0,1,0,6,10,13,0
1,18,4,1,1,0,3,1,0,11,1,1,1,0,0,0,5,0,0,0,1
13,12,0,0,1,4,3,0,1,1,1,1,1,0,2,1,2,0,0,5,1
4,19,4,1,1,0,3,1,0,7,1,1,1,8,0,1,0,3,2,2,0
2,17,4,1,1,3,3,1,0,16,1,1,1,0,0,1,0,6,2,11,1
2,15,4,0,1,0,3,3,0,0,1,1,1,1,0,1,2,6,0,6,0
12,20,4,1,1,0,3,3,0,0,1,1,1,0,2,1,0,6,3,14,1
11,20,0,1,1,0,3,1,0,1,1,1,1,0,2,2,0,1,1,2,0
9,14,4,0,1,0,3,0,0,2,1,1,1,8,0,8,2,6,0,8,1
12,20,4,1,1,0,3,3,0,3,1,1,1,1,2,1,0,9,7,13,1
14,20,4,0,1,0,3,1,0,2,1,1,1,1,2,1,0,6,5,11,1
15,19,0,1,1,4,3,0,1,1,1,1,1,7,2,0,5,0,0,0,1
6,4,0,0,0,4,3,0,1,11,1,0,1,7,0,3,0,7,2,11,1
10,15,0,0,1,0,0,0,0,0,1,1,1,0,0,5,3,9,2,14,1
9,16,4,0,1,0,3,0,0,15,1,1,1,7,0,0,5,0,0,0,0
0,19,4,0,1,0,3,0,0,2,1,1,1,7,0,1,0,3,6,3,1
15,22,0,1,1,0,3,0,0,0,1,1,1,7,2,1,0,6,6,12,1
11,15,0,0,1,0,1,0,0,1,1,1,1,0,2,1,0,8,11,12,1
7,21,4,1,1,0,3,1,0,0,1,1,1,8,0,5,0,6,6,13,0
10,15,0,0,1,0,3,0,0,2,1,1,1,0,0,1,0,6,10,10,1
12,18,4,0,1,0,3,1,0,0,1,1,1,0,2,0,5,0,0,10,1
11,21,4,0,1,4,3,0,1,0,1,1,1,0,2,1,0,9,6,14,1
0,18,4,0,1,0,3,0,0,2,1,1,1,0,0,3,0,2,7,3,1
2,20,4,1,1,0,3,0,0,2,1,1,1,0,0,1,2,1,0,2,0
6,18,4,0,1,0,3,3,0,11,1,1,1,0,0,1,0,4,1,10,0
14,20,0,0,1,0,2,0,0,2,1,1,1,0,2,6,0,4,4,13,1
13,20,0,1,1,4,3,0,1,1,1,1,1,0,2,1,0,6,7,12,1
4,18,4,0,1,0,3,0,0,9,1,1,1,0,0,1,5,3,0,3,1
6,15,4,0,1,0,3,0,0,10,1,1,1,0,0,1,0,6,11,10,1
14,19,4,1,1,0,3,1,0,0,1,1,1,0,2,1,0,4,2,4,1
8,18,4,1,1,0,3,1,0,5,1,1,1,0,0,6,0,1,4,2,1
0,15,4,0,1,0,3,0,0,15,1,1,1,7,0,1,5,6,0,1,1
9,15,4,1,1,0,3,1,0,12,1,1,1,0,0,1,2,6,0,4,1
7,13,4,0,1,0,3,0,0,0,1,1,1,0,0,1,0,4,2,6,1
12,20,4,0,1,4,3,1,1,11,1,1,1,5,2,1,5,1,0,2,1
0,18,4,1,1,0,3,0,0,2,1,1,1,8,0,0,5,0,0,0,1
0,17,4,0,1,0,3,1,0,7,1,1,1,8,0,0,5,0,0,0,1
12,14,4,0,1,0,3,0,1,9,1,1,1,1,2,6,0,1,4,3,1
0,15,4,1,1,0,3,0,0,2,1,1,1,7,0,1,0,3,2,3,1
12,18,0,1,1,0,3,0,0,1,1,1,1,1,2,2,0,1,2,3,1
10,15,0,1,1,0,1,0,0,0,1,1,1,0,0,1,0,6,3,11,1
7,20,4,1,1,0,3,1,0,5,1,1,1,0,0,6,0,1,8,5,0
13,0,4,1,1,4,3,0,1,9,1,1,1,5,2,0,5,0,0,0,1
1,15,4,1,1,0,3,0,0,2,1,1,1,0,0,1,5,1,0,1,0
0,15,4,1,1,4,3,0,1,8,1,1,1,5,0,1,0,6,6,3,1
6,19,4,0,1,0,3,0,0,2,1,1,1,0,0,1,0,1,2,7,1
6,20,4,1,1,0,3,1,0,2,1,1,1,5,0,1,0,6,8,13,1
9,18,0,0,1,0,3,1,0,0,1,1,1,7,0,1,0,6,2,10,1
10,17,4,0,0,0,3,1,0,0,1,1,0,0,0,1,0,5,3,8,1
9,20,0,1,1,0,3,0,0,0,1,1,1,0,0,6,5,0,0,0,1
9,18,0,0,1,4,3,0,1,8,1,1,1,7,0,0,5,0,0,0,1
4,15,4,0,1,4,3,0,1,14,1,1,1,0,0,1,0,6,1,4,1
15,18,4,0,1,0,3,1,0,2,1,1,1,0,2,1,0,4,5,9,1
14,20,0,0,1,0,3,3,0,0,1,1,1,0,2,1,0,6,5,12,1
4,20,4,0,0,0,3,0,0,2,1,1,1,5,0,1,0,6,6,5,1
14,19,4,1,1,0,3,0,0,0,1,1,1,0,2,1,0,6,5,7,1
1,18,4,0,1,0,3,0,0,2,1,1,1,7,0,1,0,6,3,3,1
9,18,0,1,1,0,3,3,0,1,1,1,1,7,0,1,0,6,6,8,1
9,18,4,1,1,0,3,0,0,2,1,1,1,7,0,0,5,0,0,0,1
2,18,4,0,1,0,3,1,0,2,1,1,1,0,0,1,0,4,4,6,1
11,21,4,0,1,0,3,1,0,0,1,1,1,0,2,1,0,7,3,14,1
5,15,4,0,1,0,3,0,0,11,1,1,1,7,0,1,0,6,4,9,1
11,20,4,0,1,0,3,3,0,0,1,1,1,0,2,1,0,8,4,13,1
4,15,4,0,1,0,3,0,0,7,1,1,1,5,0,0,5,0,0,4,0
5,20,4,1,1,2,3,0,0,2,1,1,1,0,0,1,0,2,4,3,0
10,20,4,1,1,0,3,0,0,2,1,1,1,7,0,1,0,6,3,8,1
8,20,4,1,1,0,3,3,0,2,1,1,1,5,0,0,5,0,0,0,1
6,18,4,1,1,0,3,0,0,0,1,1,1,0,0,0,5,0,0,8,1
5,17,4,1,1,0,3,1,0,7,1,1,1,0,0,1,2,0,0,4,1
4,21,4,0,1,0,3,1,0,0,1,1,1,0,0,2,0,3,2,3,1
5,18,4,1,1,3,3,0,1,2,1,1,1,7,0,1,0,6,4,4,1
15,9,4,0,1,0,3,1,0,12,1,1,1,1,2,2,0,8,8,6,0
9,20,4,1,1,0,3,1,0,11,1,1,1,0,0,1,0,5,0,6,0
13,21,4,0,1,0,3,0,0,9,1,1,1,0,2,1,0,6,6,9,0
15,19,4,0,1,0,3,0,0,0,1,1,1,0,2,4,0,1,11,3,1
1,18,4,0,0,0,3,3,0,2,1,1,0,1,0,0,5,0,0,0,1
5,20,4,1,1,0,3,3,0,11,1,1,1,5,0,1,0,6,7,10,0
8,21,0,0,1,4,3,0,1,0,1,1,1,0,0,1,0,6,8,12,0
6,20,4,1,1,0,3,0,0,14,1,1,1,5,0,1,0,4,4,10,0
5,15,4,1,1,0,3,0,0,11,1,1,1,7,0,6,5,1,0,3,0
1,14,4,1,1,4,3,3,1,12,1,1,1,7,0,1,0,6,10,6,1
6,20,4,1,1,0,3,0,0,2,1,1,1,5,0,1,0,6,11,5,1
10,20,4,0,1,0,3,1,0,0,1,1,1,0,0,1,5,5,0,5,1
13,20,0,1,1,3,3,0,1,1,1,1,1,0,2,1,1,8,0,11,1
7,15,4,0,1,0,3,3,0,2,1,1,1,0,0,1,0,2,11,4,1
0,13,4,0,1,0,3,1,0,2,1,1,1,7,0,1,0,6,4,6,1
8,18,4,1,1,0,3,3,0,11,1,1,1,0,0,1,5,0,0,0,0
12,20,0,0,1,0,3,0,0,0,1,1,1,5,2,1,0,6,10,13,1
5,18,4,1,1,0,3,0,0,2,1,1,1,7,0,1,0,3,2,6,1
11,20,0,0,1,3,3,0,1,0,1,1,1,5,2,3,2,6,0,4,1
6,15,4,0,1,0,3,3,0,2,1,1,1,7,0,1,0,4,6,9,1
3,18,4,1,1,0,3,1,0,2,1,1,1,0,0,2,0,1,4,2,1
15,21,0,1,1,0,3,0,0,1,1,1,1,0,2,1,0,6,4,10,0
8,20,2,1,0,0,3,1,0,0,1,1,0,0,0,1,5,9,0,12,0
9,18,4,1,1,0,3,0,0,5,1,1,1,0,0,1,2,6,0,5,1
5,14,4,1,1,0,3,0,0,12,1,1,1,0,0,1,0,5,1,5,0
4,20,4,0,1,0,3,0,0,9,1,1,1,5,0,0,5,0,0,0,1
15,18,4,0,1,0,3,1,0,2,1,1,1,7,2,1,0,6,5,8,1
5,20,4,0,1,2,3,3,0,2,1,1,1,0,0,1,0,6,10,8,1
9,18,4,0,1,0,3,0,0,2,1,1,1,0,0,1,0,6,4,7,1
11,18,4,0,1,0,3,1,0,0,1,1,1,8,2,1,0,6,1,6,0
14,8,4,0,1,4,3,0,1,2,1,1,1,1,2,1,0,6,8,4,1
14,20,0,0,1,3,3,0,1,0,1,1,1,5,2,1,0,6,3,14,1
11,20,2,0,1,0,3,3,0,2,1,1,1,0,2,3,0,6,10,11,1
14,15,4,1,1,0,3,0,0,12,1,1,1,0,2,1,0,6,6,4,1
12,20,4,1,1,3,3,3,1,11,1,1,1,0,2,1,0,4,8,4,1
6,15,4,1,1,0,3,1,0,10,1,1,1,0,0,1,0,6,8,11,1
15,22,0,1,1,0,3,0,0,1,1,1,1,0,2,2,0,6,6,10,1
9,20,4,1,1,0,3,0,0,14,1,1,1,0,0,1,0,9,6,12,0
4,18,4,1,1,0,3,0,0,2,1,1,1,0,0,0,5,0,0,0,1
7,17,4,1,1,0,3,0,0,2,1,1,1,0,0,1,2,1,0,3,1
10,15,0,1,1,0,3,0,0,1,1,1,1,0,0,1,0,8,4,12,1
0,18,4,1,1,0,3,0,0,2,1,1,1,0,0,0,5,0,0,0,1
10,18,0,0,1,0,3,1,0,0,1,1,1,0,0,1,0,9,6,7,0
7,18,4,0,1,4,3,0,1,2,1,1,1,5,0,1,0,5,4,4,1
3,18,4,1,0,0,3,3,0,2,1,1,0,0,0,0,5,0,0,0,1
14,21,4,0,1,0,3,2,0,0,1,1,1,7,2,1,0,6,3,10,1
8,17,4,0,1,0,3,0,0,12,1,1,1,0,0,2,0,9,3,8,0
14,15,4,0,1,4,0,3,1,16,1,1,1,0,2,5,3,6,0,9,1
0,15,4,0,1,0,3,1,0,2,1,1,1,0,0,0,5,0,0,0,1
11,8,4,1,1,4,3,3,1,2,1,1,1,0,2,1,0,6,4,8,1
15,15,4,1,1,4,3,3,1,0,1,1,1,0,2,0,5,0,0,5,1
10,20,4,0,1,4,3,0,1,11,1,1,1,5,0,1,0,6,6,11,0
5,20,4,0,1,4,3,0,1,0,1,1,1,7,0,1,0,9,3,11,1
0,17,4,0,1,4,3,0,1,9,1,1,1,5,0,1,0,6,8,8,1
0,18,4,0,1,0,3,0,0,2,1,1,1,0,0,1,0,6,6,3,1
11,18,4,0,1,2,3,0,0,2,1,1,1,5,2,0,5,0,0,12,1
6,15,4,1,1,0,3,0,0,0,1,1,1,0,0,4,0,1,3,5,0
0,17,4,0,1,0,3,1,0,16,1,1,1,0,0,1,5,8,0,2,0
13,19,4,1,1,0,3,1,0,12,1,1,1,0,2,6,0,3,0,1,1
13,0,0,1,1,4,3,0,1,1,1,1,1,7,2,1,0,6,4,9,1
4,19,4,1,1,0,3,1,0,2,1,1,1,1,0,1,0,4,5,6,1
1,15,4,0,1,0,3,3,0,2,1,1,1,1,0,0,5,0,0,0,1
4,13,4,0,1,0,3,0,0,15,1,1,1,1,0,6,5,0,0,0,1
9,15,0,0,1,0,3,0,0,1,1,1,1,1,0,1,0,4,3,6,0
8,15,4,0,1,0,3,0,0,9,1,1,1,0,0,1,0,6,0,1,1
5,20,4,1,1,0,3,0,0,0,1,1,1,7,0,1,0,6,10,13,0
15,21,4,0,1,0,3,0,0,14,1,1,1,0,2,1,0,6,10,13,1
4,20,4,1,1,0,3,0,0,0,1,1,1,7,0,1,0,6,1,8,1
9,13,4,0,1,2,3,0,0,2,1,1,1,8,0,1,0,4,4,7,1
11,8,4,1,1,2,3,3,0,2,1,1,1,0,2,1,5,0,0,3,1
3,20,4,0,1,0,3,0,0,2,1,1,1,5,0,1,0,3,2,5,0
13,20,0,0,1,4,3,0,1,0,1,1,1,0,2,1,0,9,6,13,1
5,20,4,1,1,0,3,0,0,2,1,1,1,5,0,1,0,6,2,13,1
1,18,4,1,1,0,3,1,0,2,1,1,1,0,0,1,0,3,4,4,1
10,14,4,1,1,4,3,0,1,12,1,1,1,7,0,1,2,0,0,0,0
7,20,0,1,1,4,3,0,1,0,1,1,1,5,0,1,0,6,6,8,0
1,14,4,1,1,4,3,0,1,2,1,1,1,5,0,1,0,1,5,5,1
11,20,4,1,1,0,3,0,0,5,1,1,1,5,2,0,5,0,0,0,1
0,17,4,1,1,0,3,0,0,2,1,1,1,0,0,4,2,2,0,2,1
9,20,4,1,1,0,3,0,0,11,1,1,1,0,0,1,0,6,6,11,1
14,20,4,1,0,0,3,1,0,0,1,1,1,0,2,1,0,2,11,4,1
14,18,0,1,1,3,3,0,1,1,1,1,1,5,2,1,0,7,1,13,1
1,15,4,0,1,0,3,3,0,2,1,1,1,7,0,1,0,2,5,4,1
13,23,4,1,1,2,3,3,0,12,1,1,1,0,2,1,0,6,11,14,0
10,8,0,0,1,4,3,0,1,2,1,1,1,0,0,1,5,0,0,3,1
2,18,4,0,1,0,3,3,0,2,1,1,1,0,0,1,0,7,7,9,1
3,13,4,0,1,0,3,0,0,0,1,1,1,7,0,1,0,6,10,10,1
10,20,4,0,1,4,3,0,1,0,1,1,1,5,0,1,0,6,3,12,0
1,18,4,1,1,0,3,1,0,16,1,1,1,0,0,1,0,4,1,3,0
2,18,4,0,1,0,3,0,0,9,1,1,1,0,0,1,0,2,3,2,1
8,15,4,1,1,0,3,1,0,2,1,1,1,7,0,1,0,6,3,8,1
7,21,4,0,1,0,3,0,0,14,1,1,1,5,0,1,0,8,8,12,0
4,20,4,0,1,0,3,0,0,9,1,1,1,5,0,1,0,6,8,8,1
11,18,4,1,1,0,3,1,0,2,1,1,1,0,2,1,0,4,8,9,1
12,20,0,1,1,0,3,0,0,0,1,1,1,0,2,1,0,9,11,12,1
14,18,4,0,1,0,3,0,0,0,1,1,1,0,2,1,0,5,3,6,1
7,15,4,0,1,0,3,0,0,2,1,1,1,1,0,5,2,6,0,6,1
1,21,4,0,1,0,3,1,0,4,0,1,1,0,0,1,0,6,8,9,0
4,15,4,0,1,0,3,0,0,2,1,1,1,0,0,1,0,3,4,5,1
11,17,0,1,0,0,3,1,0,1,1,1,0,8,2,0,5,0,0,4,0
11,15,4,0,1,0,3,0,0,2,1,1,1,2,0,1,2,5,0,4,1
10,20,4,0,1,0,3,1,0,2,1,1,1,0,0,3,0,6,7,12,1
12,14,4,0,1,3,3,3,1,2,1,1,1,7,2,1,0,8,4,8,1
3,15,4,1,1,0,3,0,0,2,1,1,1,7,0,1,0,3,6,5,1
0,14,4,0,0,0,3,0,0,2,1,1,0,0,0,0,5,0,0,0,1
10,20,4,1,1,0,3,0,0,14,1,1,1,0,0,1,0,6,4,9,1
12,15,0,0,1,0,3,0,0,0,1,1,1,0,2,4,0,1,2,2,1
7,20,4,1,1,0,3,0,0,4,1,1,1,0,0,1,0,4,8,7,1
2,19,4,1,1,0,3,0,0,2,1,1,1,5,0,0,5,0,0,0,0
13,20,4,0,1,0,3,0,0,11,1,1,1,5,2,1,0,8,4,11,1
10,19,4,1,1,0,3,0,0,2,1,1,1,0,0,1,0,3,6,7,1
0,15,4,1,1,0,3,0,0,2,1,1,1,0,0,0,5,0,0,0,1
15,13,4,0,1,0,3,0,0,15,1,1,1,1,2,0,5,0,0,0,1
14,21,4,0,1,4,3,0,1,0,1,1,1,7,2,6,0,6,8,11,1
5,15,4,0,1,0,0,1,0,16,1,1,1,0,0,5,3,9,2,2,1
6,15,4,1,1,0,3,1,0,2,1,1,1,0,0,0,5,0,0,0,1
10,15,0,1,1,4,3,0,1,1,1,1,1,0,0,1,5,0,0,0,1
1,18,4,1,1,0,3,0,0,2,1,1,1,1,0,0,5,0,0,0,1
0,18,4,1,1,0,3,0,0,2,1,1,1,0,0,0,5,0,0,0,1
10,12,0,0,1,4,3,0,1,1,1,1,1,5,0,1,2,0,0,14,0
4,21,0,0,1,3,3,0,1,1,1,1,1,0,0,1,0,9,4,13,1
8,20,4,1,0,0,3,0,0,0,1,1,0,0,0,3,0,6,7,12,1
1,15,4,0,1,0,3,1,0,2,1,1,1,0,0,1,5,2,0,2,1
3,18,4,1,1,0,3,0,0,2,1,1,1,0,0,2,0,1,4,3,1
11,21,0,0,1,4,3,0,1,1,1,1,1,0,2,1,0,8,1,11,0
14,19,0,1,1,0,3,0,0,0,1,1,1,0,2,1,0,7,5,14,0
12,15,4,1,1,0,3,0,0,12,1,1,1,0,2,2,5,0,0,0,1
4,18,4,1,1,0,3,0,0,2,1,1,1,7,0,1,5,2,0,1,1
3,18,4,1,1,0,3,1,0,0,1,1,1,0,0,2,5,1,0,2,0
2,17,4,1,1,0,3,3,0,2,1,1,1,7,0,0,5,0,0,0,1
14,21,0,1,1,4,3,0,1,0,1,1,1,5,2,1,0,2,5,14,1
4,21,4,1,1,0,3,0,0,2,1,1,1,0,0,1,5,0,0,0,1
6,18,4,1,1,0,3,0,0,2,1,1,1,0,0,1,0,5,6,8,1
15,18,4,1,0,0,3,1,0,0,1,1,0,0,2,1,0,4,2,3,1
0,18,4,0,1,0,3,1,0,16,1,1,1,5,0,0,5,0,0,0,0
10,20,4,1,1,0,3,3,0,11,1,1,1,5,0,1,0,8,4,11,0
6,14,0,1,1,0,3,1,0,7,1,1,1,8,0,1,0,6,1,6,1
12,23,0,1,1,0,3,0,0,0,1,1,1,5,2,2,0,8,3,14,1
12,18,4,0,1,0,3,3,0,0,1,1,1,0,2,0,5,0,0,12,1
11,15,4,0,1,0,3,0,0,0,1,1,1,0,2,1,0,6,3,8,1
12,15,2,0,1,0,1,1,0,0,1,1,1,0,2,1,0,9,3,11,1
15,21,0,0,1,3,3,1,1,0,1,1,1,0,2,6,0,8,1,14,1
0,14,4,0,1,0,3,0,0,2,1,1,1,0,0,1,0,6,8,1,1
3,20,4,1,1,0,3,1,0,2,1,1,1,0,0,1,0,6,4,5,1
4,20,4,0,1,0,3,1,0,2,1,1,1,0,0,7,2,4,0,5,1
11,17,4,1,1,0,3,1,0,0,1,1,1,0,2,1,2,4,0,8,1
9,17,2,1,1,0,3,0,0,2,1,1,1,7,0,3,0,6,8,5,1
13,20,0,0,1,3,3,0,1,0,1,1,1,0,2,3,1,6,0,11,1
13,20,0,0,1,4,3,0,1,1,1,1,1,5,2,2,5,0,0,0,1
11,20,4,1,1,0,3,0,0,0,1,1,1,7,2,3,0,6,6,12,0
2,18,4,1,1,0,3,0,0,8,1,1,1,0,0,4,0,1,6,3,1
6,21,4,1,1,0,3,1,0,0,1,1,1,0,0,1,0,6,2,12,0
9,18,0,1,1,0,3,3,0,8,1,1,1,0,0,3,0,6,0,8,1
9,13,0,0,1,4,3,0,1,0,1,1,1,0,0,6,5,6,0,6,1
15,15,4,0,1,0,3,0,0,2,1,1,1,1,0,4,0,5,3,4,1
7,18,4,1,1,0,3,0,0,0,1,1,1,0,0,1,0,7,1,11,1
1,18,4,1,1,0,3,1,0,2,1,1,1,0,0,1,1,3,0,2,1
13,15,2,1,1,0,3,0,0,7,1,1,1,5,2,1,0,2,11,3,1
6,18,4,0,1,0,3,1,0,11,1,1,1,0,0,1,0,6,10,12,0
13,21,0,0,1,0,3,1,0,0,1,1,1,0,2,1,0,9,5,14,1
13,0,4,0,1,4,3,0,1,0,1,1,1,7,2,4,0,6,1,11,1
3,20,4,0,1,0,3,0,0,2,1,1,1,7,0,4,0,2,2,4,1
8,21,0,0,1,4,3,0,1,1,1,1,1,5,0,1,1,7,0,11,1
14,20,0,1,1,0,3,0,0,0,1,1,1,0,2,3,0,6,10,13,1
12,19,3,1,1,0,3,0,0,0,1,1,1,0,2,7,0,7,10,9,1
11,15,0,0,1,0,3,0,0,1,1,1,1,7,2,1,0,6,6,6,0
6,20,4,1,1,0,3,0,0,2,1,1,1,0,0,1,0,3,2,2,1
13,18,0,0,1,0,1,0,0,0,1,1,1,0,2,1,0,7,10,10,1
15,20,4,1,1,0,3,3,0,10,1,1,1,0,2,1,0,6,5,3,1
6,18,4,1,1,0,3,0,0,11,1,1,1,0,0,1,0,6,6,14,1
13,12,0,0,1,2,3,0,0,1,1,1,1,0,2,9,2,0,0,13,1
10,15,4,1,1,0,3,0,0,2,1,1,1,5,0,1,0,1,11,4,1
0,18,4,0,1,0,3,3,0,11,1,1,1,5,0,0,5,0,0,0,1
2,14,4,1,1,0,3,0,0,12,1,1,1,7,2,1,0,6,7,6,1
14,20,0,0,1,3,3,0,1,0,1,1,1,5,2,1,0,6,2,13,1
0,17,4,1,1,0,3,1,0,2,1,1,1,0,0,1,2,2,0,3,0
6,9,0,0,1,0,3,1,0,2,1,1,1,7,0,2,0,8,8,6,1
15,20,0,1,1,0,3,0,0,0,1,1,1,0,2,4,0,1,8,5,1
7,21,4,0,1,0,0,1,0,0,1,1,1,0,0,5,3,7,5,12,0
9,19,0,0,1,0,3,3,0,8,1,1,1,0,0,1,0,6,3,8,0
10,19,4,1,1,0,3,1,0,0,1,1,1,8,0,1,0,6,1,5,1
0,18,4,0,1,4,3,0,1,14,1,1,1,0,0,1,0,5,8,6,0
7,16,4,0,1,0,3,0,0,5,1,1,1,0,0,1,2,1,0,3,1
9,20,4,0,1,0,3,1,0,2,1,1,1,5,0,1,0,7,4,12,1
2,18,4,1,1,2,3,0,0,2,1,1,1,8,0,1,0,2,3,5,1
1,15,4,0,1,0,0,0,0,16,1,1,1,0,0,5,3,9,4,4,1
14,19,4,1,1,3,3,0,1,2,1,1,1,5,2,1,0,6,11,11,1
10,18,4,0,1,0,3,0,0,0,1,1,1,0,0,3,0,7,2,14,1
6,21,0,1,1,0,3,0,0,1,1,1,1,0,0,1,0,6,3,9,0
6,18,4,0,1,0,3,1,0,0,1,1,1,0,0,1,0,6,3,10,1
11,15,4,0,1,0,3,3,0,11,1,1,1,0,2,1,0,6,3,11,0
2,14,4,1,1,4,3,0,1,9,1,1,1,5,0,0,5,0,0,0,1
15,20,0,1,1,0,3,3,0,11,1,1,1,5,2,1,0,6,4,13,1
12,21,0,1,1,4,3,0,1,0,1,1,1,5,2,2,0,1,4,14,1
11,15,4,1,1,4,3,0,1,0,1,1,1,0,2,1,0,6,2,5,1
0,18,4,1,1,0,3,0,0,16,1,1,1,5,0,1,0,1,4,2,0
1,18,4,1,1,0,3,0,0,12,1,1,1,0,0,1,0,6,6,8,0
5,20,4,1,1,0,3,2,0,0,1,1,1,0,0,2,5,3,0,2,1
3,18,4,0,1,0,3,0,0,2,1,1,1,0,0,1,0,1,3,4,1
12,20,0,1,1,0,3,3,0,1,1,1,1,5,2,1,0,7,10,13,1
15,15,2,1,1,0,3,3,0,0,1,1,1,0,2,1,0,6,0,9,1
15,19,0,0,1,0,3,1,0,1,1,1,1,0,2,1,5,6,0,7,1
11,22,4,1,1,0,3,1,0,0,1,1,1,0,2,2,0,4,2,7,1
12,18,0,1,1,0,3,3,0,1,1,1,1,0,2,7,2,8,0,6,1
7,20,4,1,1,0,3,0,0,2,1,1,1,7,0,1,0,5,2,6,1
8,18,4,0,1,4,3,0,1,0,1,1,1,0,0,1,0,7,3,12,1
12,20,4,1,1,0,3,0,0,2,1,1,1,0,2,1,0,6,3,12,1
14,10,0,1,1,3,3,0,1,0,1,1,1,0,2,1,0,8,3,10,1
1,18,4,0,1,0,3,0,0,16,1,1,1,0,0,1,5,0,0,0,0
3,20,4,1,1,0,3,1,0,2,1,1,1,0,0,6,0,2,3,5,1
11,20,0,1,1,4,3,0,1,0,1,1,1,0,2,1,0,6,6,12,1
13,20,0,0,1,0,1,0,0,0,1,1,1,0,2,1,0,6,7,13,0
8,20,4,1,1,0,3,0,0,2,1,1,1,0,0,1,0,6,4,7,1
9,21,4,0,1,0,3,3,0,1,1,1,1,0,0,8,0,6,3,11,1
9,15,0,0,1,0,3,3,0,1,1,1,1,0,0,1,0,8,4,6,1
15,18,2,0,1,0,3,0,0,7,1,1,1,1,2,3,5,0,0,0,1
12,19,4,0,0,0,3,1,0,2,0,1,0,0,0,1,0,2,5,5,1
4,19,4,1,1,0,3,0,0,14,1,1,1,0,0,0,5,0,0,0,1
7,20,0,0,1,0,3,1,0,0,1,1,1,0,0,1,0,4,6,8,1
8,20,0,0,1,0,3,2,0,0,1,1,1,5,0,1,0,9,6,12,0
12,19,4,1,1,0,3,0,0,2,1,1,1,0,2,1,0,6,8,10,1
8,17,4,1,1,0,3,1,0,7,1,1,1,0,0,1,0,6,2,7,1
6,20,4,1,1,3,3,0,1,11,1,1,1,5,0,1,0,6,8,14,0
7,0,4,1,1,0,3,0,0,12,1,1,1,7,0,1,0,6,3,9,1
1,18,4,0,1,0,3,0,0,2,1,1,1,7,0,6,0,7,6,10,1
3,20,4,0,1,4,3,0,1,2,1,1,1,5,0,1,2,2,0,5,0
7,18,4,0,1,0,3,0,0,2,1,1,1,0,0,1,0,6,6,8,1
4,15,0,0,1,0,3,3,0,11,1,1,1,8,0,1,0,9,1,5,1
11,15,0,0,1,0,1,0,0,1,1,1,1,0,2,1,0,6,3,9,1
13,20,4,0,1,0,3,0,0,0,1,1,1,5,2,1,0,7,9,14,1
14,19,0,1,1,0,3,0,0,0,1,1,1,0,2,1,0,6,0,9,1
0,15,4,0,1,3,3,3,1,2,1,1,1,0,0,0,5,0,0,0,1
13,18,4,1,1,0,3,0,0,11,1,1,1,1,2,1,0,8,8,7,1
0,15,4,0,1,0,3,0,0,16,1,1,1,5,0,1,0,2,3,2,0
1,15,4,0,1,0,0,0,0,16,1,1,1,0,0,5,3,9,1,7,1
0,18,4,1,1,0,3,0,0,11,1,1,1,7,0,0,5,0,0,0,0
5,20,4,0,1,0,3,1,0,0,1,1,1,0,0,1,0,6,3,2,1
6,20,4,1,1,0,3,0,0,11,1,1,1,0,0,1,0,6,6,5,1
11,14,4,0,1,0,3,0,0,2,1,1,1,0,2,7,0,3,8,2,1
2,17,4,0,1,0,3,0,0,11,1,1,1,5,0,1,2,2,0,2,1
14,20,2,1,1,0,3,1,0,0,1,1,1,0,2,2,0,7,8,12,1
8,19,4,0,1,0,3,0,0,0,1,1,1,0,0,2,0,9,6,11,0
7,20,4,0,1,0,3,3,0,0,1,1,1,0,0,3,0,6,11,11,0
2,15,4,1,1,0,3,3,0,11,1,1,1,0,0,0,5,0,0,0,0
6,20,4,1,0,0,3,1,0,2,1,1,0,5,0,0,5,0,0,0,1
0,18,4,1,1,0,3,1,0,2,1,1,1,8,0,1,0,1,1,3,1
6,21,4,1,1,4,3,0,1,9,1,1,1,5,0,1,0,4,2,8,1
13,19,4,1,1,0,3,0,0,0,1,1,1,0,2,1,0,6,4,7,1
3,15,4,0,1,0,3,0,0,0,1,1,1,7,0,1,0,6,10,9,1
0,17,4,0,1,0,3,0,0,2,1,1,1,0,0,0,5,0,0,0,1
11,20,4,0,1,0,3,1,0,12,1,1,1,0,2,1,0,6,10,9,1
6,18,0,1,1,4,3,0,1,0,1,1,1,0,0,1,0,6,6,10,1
0,17,4,0,1,0,3,1,0,2,1,1,1,0,0,0,5,0,0,0,1
12,20,0,1,1,0,3,0,0,1,1,1,1,5,2,1,0,8,2,12,1
13,20,4,0,1,2,3,1,0,0,1,1,1,0,2,1,0,6,3,12,1
5,23,4,1,1,0,3,0,1,9,1,1,1,5,0,6,0,1,4,3,0
0,17,4,0,1,0,3,0,0,2,1,1,1,0,0,0,5,0,0,0,1
15,21,0,0,1,4,3,0,1,0,1,1,1,5,2,1,0,6,6,12,0
6,15,0,1,1,0,3,0,0,2,1,1,1,0,0,1,0,6,8,6,1
3,18,4,0,1,0,3,1,0,2,1,1,1,0,0,0,5,0,0,0,1
11,18,4,1,1,4,3,0,1,10,1,1,1,5,2,1,0,6,11,4,0
1,15,4,0,1,0,3,1,0,2,1,1,1,1,0,3,0,5,6,12,0
10,5,4,0,1,0,3,0,0,4,1,1,1,8,0,3,0,6,10,14,1
4,15,4,0,1,0,3,3,0,2,1,1,1,0,0,6,0,3,6,3,1
11,15,0,1,1,0,3,2,0,8,1,1,1,0,2,1,5,3,0,2,1
12,15,4,0,1,0,3,0,0,0,1,1,1,0,2,4,0,8,2,11,1
1,19,4,1,1,0,3,1,0,2,1,1,1,8,0,2,0,1,4,5,1
0,18,4,1,1,4,3,0,1,10,1,1,1,5,0,0,5,0,0,0,0
8,18,0,0,1,3,3,0,1,0,1,1,1,7,0,1,0,6,8,9,1
15,20,4,0,1,0,3,1,0,0,1,1,1,0,2,1,0,8,11,14,1
1,15,4,1,1,4,3,0,1,12,1,1,1,0,0,0,5,0,0,0,1
10,18,0,1,1,0,3,0,0,11,1,1,1,0,0,1,0,6,3,8,0
5,20,4,1,1,3,3,0,1,2,1,1,1,5,0,1,0,6,6,9,1
11,15,4,0,1,0,3,0,0,12,1,1,1,1,2,1,0,6,6,6,1
11,20,0,0,1,0,3,1,0,1,1,1,1,0,2,1,0,8,2,13,0
13,8,0,1,1,4,3,3,1,9,1,1,1,5,2,1,0,3,4,3,1
14,18,4,1,0,0,3,0,0,2,1,1,0,7,2,1,5,0,0,5,1
4,12,4,0,1,0,3,3,0,7,1,1,1,0,0,0,5,0,0,5,1
2,19,4,0,1,0,3,0,0,2,1,1,1,0,0,1,0,6,3,12,1
8,15,0,0,1,0,3,3,0,1,1,1,1,7,0,1,0,3,4,5,0
8,19,4,1,1,4,3,0,1,0,1,1,1,5,0,0,5,0,0,0,1
5,15,4,1,0,0,3,0,0,2,1,1,1,7,0,1,0,6,4,2,1
11,21,4,0,1,0,3,3,0,14,1,1,1,1,2,1,0,8,6,14,1
10,18,0,1,1,0,3,0,0,8,1,1,1,0,0,3,0,1,6,3,1
8,15,4,0,1,0,3,0,0,2,1,1,1,5,0,1,0,6,2,8,1
5,15,4,1,1,0,3,0,0,0,1,1,1,7,0,1,0,6,8,6,1
3,15,4,1,1,4,3,3,1,14,1,1,1,0,0,1,0,6,4,9,1
0,17,4,0,1,0,3,1,0,2,1,1,1,0,0,1,0,1,6,1,1
0,18,4,1,1,0,3,1,0,2,1,1,1,0,0,1,0,5,0,3,1
2,15,4,0,1,0,3,3,0,2,1,1,1,1,0,3,0,1,3,4,1
0,18,4,1,1,0,3,1,0,7,1,1,1,0,0,1,0,1,4,1,1
14,20,4,0,1,3,3,0,1,0,1,1,1,5,2,1,0,6,6,14,1
13,20,0,0,1,4,3,0,1,1,1,1,1,5,2,1,0,6,6,11,1
15,20,4,0,1,0,3,1,0,2,1,1,1,0,2,1,0,6,3,5,1
5,19,0,0,1,0,3,1,0,0,1,1,1,0,0,2,0,4,2,10,0
12,20,4,0,1,0,3,1,0,2,1,1,1,0,2,3,0,4,0,2,1
4,20,4,1,1,0,3,3,0,2,1,1,1,0,0,1,0,2,2,2,1
1,15,4,0,0,0,3,0,0,2,0,1,1,0,0,1,0,6,9,2,1
10,15,4,0,1,0,3,0,0,0,1,1,1,0,0,1,0,6,4,12,0
8,20,0,0,1,0,3,0,0,2,1,1,1,0,0,1,1,6,0,12,1
8,20,4,1,1,0,3,3,0,2,1,1,1,5,0,1,0,7,8,9,1
9,15,4,0,1,0,3,3,0,2,1,1,1,7,0,1,0,8,4,10,1
0,19,4,0,1,0,3,0,0,2,1,1,1,0,0,1,0,4,0,4,1
10,18,0,0,1,0,3,0,0,1,1,1,1,0,0,1,0,6,3,11,1
8,17,4,0,1,0,3,1,0,0,1,1,1,0,0,2,0,8,11,6,1
8,18,4,0,1,0,3,0,0,5,1,1,1,7,0,1,0,6,4,8,1
0,18,4,1,1,0,3,3,0,2,1,1,1,7,0,1,5,1,0,3,1
11,10,4,0,1,4,3,0,1,7,1,1,1,0,2,1,0,6,3,10,1
11,18,4,1,1,0,3,1,0,2,1,1,1,8,2,1,0,4,2,5,1
4,18,4,0,1,0,3,0,0,2,1,1,1,0,0,6,0,6,5,10,1
0,18,4,0,1,0,3,0,0,2,1,1,1,0,0,1,2,2,0,2,1
11,20,4,0,1,0,3,0,0,14,1,1,1,0,2,1,0,9,3,13,1
7,15,4,0,1,0,3,3,0,11,1,1,1,0,0,1,0,6,2,6,1
9,20,0,1,1,3,3,1,1,0,1,1,1,0,0,1,0,6,8,6,1
14,21,0,0,1,4,3,1,1,0,1,1,1,0,2,1,0,9,6,14,0
11,20,4,0,1,0,3,0,0,14,1,1,1,5,2,1,0,6,4,13,0
7,18,0,0,1,0,3,0,0,0,1,1,1,0,0,4,0,6,6,9,1
8,4,0,0,0,4,1,1,1,0,1,0,1,0,0,3,0,6,5,11,1
9,20,4,0,1,0,3,0,0,2,1,1,1,0,0,1,0,6,8,12,1
13,20,4,0,1,0,3,1,0,15,1,1,1,0,2,7,5,5,0,9,0
15,19,0,0,1,0,3,3,0,1,1,1,1,0,2,3,0,8,8,12,1
7,20,0,1,1,0,3,1,0,0,1,1,1,0,0,1,5,6,0,6,0
15,20,4,0,1,0,3,0,0,0,1,1,1,0,2,1,0,7,5,14,1
1,18,4,0,1,0,3,1,0,2,1,1,1,0,0,3,0,1,3,3,1
2,18,4,1,1,0,3,1,0,2,1,1,1,0,0,0,5,0,0,0,1
5,17,4,0,1,4,3,0,1,2,1,1,1,0,0,6,5,0,0,1,1
6,15,4,0,0,2,3,3,0,3,1,0,0,8,0,1,5,6,0,2,1
9,16,0,0,1,4,3,0,1,0,1,1,1,0,0,1,0,7,5,7,0
0,18,4,0,1,0,3,1,0,2,1,1,1,0,0,1,5,0,0,0,0
13,20,0,1,1,3,3,0,1,0,1,1,1,5,2,1,0,1,6,5,1
9,20,4,0,1,0,3,3,0,14,1,1,1,7,0,1,0,9,2,10,0
2,19,4,1,1,0,3,0,0,0,1,1,1,0,0,3,0,1,2,2,0
4,21,4,1,1,0,3,0,0,9,1,1,1,0,0,1,0,6,2,8,0
1,18,4,0,1,0,3,3,0,2,1,1,1,7,0,1,0,6,5,9,0
6,15,4,0,1,0,3,0,0,2,1,1,1,1,0,0,5,0,0,7,1
7,20,4,0,1,0,3,3,0,0,1,1,1,0,0,2,0,6,2,9,0
7,15,4,0,1,0,3,3,0,2,1,1,1,7,0,1,0,4,2,5,1
7,17,4,0,1,0,3,0,0,0,1,1,1,0,0,1,0,6,3,14,0
9,15,4,1,1,0,3,1,0,2,1,1,1,0,0,1,5,0,0,5,1
14,18,4,0,0,0,3,3,0,0,1,1,1,5,2,1,0,5,9,14,0
6,18,4,0,1,0,3,0,0,11,1,1,1,0,0,0,5,0,0,0,1
11,18,4,0,1,0,3,0,0,0,1,1,1,7,2,1,0,9,11,13,1
6,18,4,0,1,0,3,3,0,11,1,1,1,2,0,1,0,6,6,11,1
9,15,4,0,1,3,3,0,1,2,1,1,1,0,0,1,5,0,0,0,1
0,15,4,0,1,0,0,0,0,16,1,1,1,0,0,5,3,6,3,6,0
12,14,0,0,1,0,3,3,0,0,1,1,1,0,2,3,0,3,4,5,1
6,20,4,1,0,4,3,0,1,0,1,1,0,7,2,5,4,3,0,6,0
6,15,0,0,1,0,3,3,0,0,1,1,1,7,0,3,0,6,3,9,1
10,22,0,1,1,0,3,0,0,1,1,1,1,0,0,7,0,8,4,10,1
10,20,4,1,1,0,3,0,0,2,1,1,1,7,0,1,0,6,3,9,1
14,11,4,0,0,0,3,0,0,0,1,1,0,0,2,1,0,9,1,6,1
3,20,4,1,1,0,3,0,0,14,1,1,1,0,0,1,5,2,0,2,0
1,18,4,1,1,4,3,0,1,2,1,1,1,0,0,1,0,1,8,2,1
7,18,4,0,1,0,3,0,0,11,1,1,1,7,0,1,0,6,4,6,1
12,18,0,1,1,4,3,3,1,1,1,1,1,5,2,1,5,0,0,2,1
6,20,4,0,1,4,3,0,1,2,1,1,1,0,0,5,0,9,4,7,1
11,18,0,0,1,0,1,1,0,0,1,1,1,0,2,1,0,4,11,9,0
5,18,4,1,1,0,3,0,0,10,1,1,1,0,0,1,0,6,3,10,1
1,19,0,0,1,0,3,1,0,0,1,1,1,0,0,6,5,1,0,1,1
9,21,0,1,1,4,3,3,1,1,1,1,1,5,0,6,5,0,0,0,1
9,20,0,0,1,0,3,0,0,1,1,1,1,0,0,1,0,9,3,12,0
13,18,0,1,1,0,3,1,0,1,1,1,1,0,2,1,0,1,3,2,1
2,15,4,0,1,0,3,3,0,2,1,1,1,0,0,1,0,5,7,3,1
6,15,4,0,1,0,3,0,0,5,1,1,1,0,0,1,0,6,0,11,1
6,18,4,0,1,0,3,0,0,2,1,1,1,0,0,1,0,6,3,4,1
0,18,4,1,1,0,3,1,0,10,1,1,1,0,0,7,1,9,0,1,0
12,15,4,0,1,0,3,0,0,0,1,1,1,0,2,1,0,6,0,6,0
3,18,4,1,1,0,3,0,0,16,1,1,1,0,0,1,0,6,1,7,1
9,14,4,1,1,4,3,3,1,12,1,1,1,7,0,1,0,3,8,6,1
15,21,0,1,1,0,3,3,0,1,1,1,1,0,2,1,0,6,3,13,1
0,18,4,0,1,4,3,0,1,6,1,1,1,7,0,3,0,4,2,6,1
2,18,0,1,1,0,3,0,0,8,1,1,1,0,0,1,0,6,8,5,0
9,18,4,1,0,0,3,1,0,2,1,0,1,0,0,1,5,0,0,2,1
8,18,4,1,1,0,3,1,0,7,1,1,1,7,0,1,0,6,4,5,1
9,13,4,1,1,0,3,0,0,2,1,1,1,1,0,1,0,6,3,9,1
4,15,4,0,1,0,3,3,0,2,1,1,1,0,0,1,0,2,5,5,1
13,13,4,0,1,0,3,0,0,15,1,1,1,1,2,1,5,0,0,0,0
9,19,0,0,1,0,3,0,0,0,1,1,1,5,0,1,0,6,3,11,1
6,14,4,1,0,0,3,0,0,2,1,1,0,0,0,1,0,3,3,6,0
10,19,0,0,1,0,3,0,0,2,1,1,1,0,0,1,0,6,3,9,1
11,20,0,1,1,0,3,3,0,8,1,1,1,7,2,0,5,0,0,0,1
2,15,4,0,1,0,3,3,0,2,1,1,1,0,0,1,0,6,8,4,1
5,22,0,0,0,0,3,1,0,1,1,1,1,0,0,1,0,7,4,13,0
12,20,0,1,1,0,3,0,0,0,1,1,1,0,2,1,0,8,4,14,1
9,20,4,1,1,0,3,1,0,0,1,1,1,7,0,2,5,6,0,10,0
4,20,4,0,1,3,3,3,1,2,1,1,1,0,0,1,0,4,8,5,1
12,18,0,1,1,0,3,1,0,1,1,1,1,0,2,7,0,3,5,3,1
6,15,4,1,1,0,3,0,0,2,1,1,1,8,0,0,5,0,0,4,1
14,19,0,1,1,0,3,1,0,0,1,1,1,5,2,3,5,0,0,0,1
10,20,4,1,1,0,3,0,0,0,1,1,1,0,0,4,0,1,2,7,1
3,16,3,1,1,0,3,0,0,1,1,1,1,4,0,1,0,5,8,4,0
3,18,4,1,1,0,3,0,0,9,1,1,1,7,0,0,5,0,0,0,1
9,13,4,1,1,2,3,1,1,0,1,1,1,8,0,1,0,1,4,6,0
6,19,4,1,1,0,3,0,0,0,1,1,1,0,0,1,0,5,0,8,0
8,20,4,1,1,3,3,0,1,11,1,1,1,5,0,1,0,6,8,13,0
15,18,0,0,1,4,3,0,1,0,1,1,1,5,2,1,0,6,10,11,1
14,15,4,0,1,0,3,1,0,0,1,1,1,0,2,1,0,5,6,7,1
6,21,4,1,0,0,3,1,0,2,1,0,0,0,0,2,0,6,0,9,0
14,21,0,0,1,4,3,0,1,1,1,1,1,5,2,1,0,6,8,14,1
11,20,0,1,1,3,3,3,1,1,1,1,1,5,2,7,0,6,10,13,1
2,15,4,0,1,0,3,3,0,2,1,1,1,7,0,1,0,6,1,7,1
10,20,2,0,1,0,3,1,0,2,1,1,1,0,0,3,0,6,2,9,1
10,0,4,1,1,0,3,0,0,2,1,1,1,1,0,1,0,6,3,9,1
13,0,4,0,1,4,3,3,1,9,1,1,1,0,2,0,5,0,0,0,1
4,15,4,0,0,0,3,0,0,2,1,1,0,0,0,0,5,0,0,5,1
3,20,4,0,1,0,3,1,0,2,1,1,1,0,0,2,0,6,6,6,1
11,20,4,0,1,0,3,0,0,2,1,1,1,0,2,1,0,8,1,11,1
2,18,4,0,1,0,3,1,0,16,1,1,1,0,0,1,0,2,2,3,0
5,15,4,0,1,0,3,0,0,2,1,1,1,7,0,1,0,6,11,7,1
10,21,4,1,1,0,3,0,0,2,1,1,1,0,0,1,0,6,2,9,1
7,22,0,1,1,4,3,0,1,1,1,1,1,5,0,1,0,6,4,11,1
7,19,4,1,1,0,3,3,0,0,1,1,1,0,0,1,1,8,0,6,1
10,18,0,0,1,0,3,0,0,8,1,1,1,7,0,1,0,6,6,10,1
6,18,4,0,1,4,3,3,1,14,1,1,1,0,0,1,0,4,6,2,1
10,17,0,0,1,0,3,0,0,0,1,1,1,0,0,6,5,0,0,0,1
7,0,4,0,1,0,3,3,0,2,1,1,1,1,0,6,0,6,4,9,1
10,20,4,1,1,0,3,0,0,0,1,1,1,0,0,5,0,8,2,7,1
15,20,4,0,1,4,3,0,1,11,1,1,1,7,2,1,0,6,4,9,1
15,15,4,1,1,0,3,0,0,0,1,1,1,1,2,1,0,5,6,6,1
8,18,4,1,1,0,3,0,0,9,1,1,1,0,0,1,0,6,11,8,0
3,20,4,0,1,0,3,3,0,14,1,1,1,0,0,1,0,6,3,9,1
11,15,0,1,1,0,3,3,0,0,1,1,1,0,2,1,0,6,2,9,1
12,15,4,0,1,0,3,1,0,0,1,1,1,0,2,1,0,4,2,8,1
12,20,4,0,1,3,3,0,1,0,1,1,1,5,2,1,0,6,8,11,1
10,18,0,1,1,0,3,0,0,0,1,1,1,0,0,1,0,4,5,7,0
13,15,0,1,1,4,3,0,1,0,1,1,1,5,2,1,0,6,10,7,0
4,15,4,0,1,0,3,3,0,4,1,1,1,0,0,0,5,0,0,5,0
1,14,4,1,1,0,3,0,0,12,1,1,1,0,0,0,5,0,0,0,0
6,13,4,0,1,0,3,1,0,15,1,1,1,8,0,1,5,0,0,0,1
14,19,4,0,1,0,3,3,0,0,1,1,1,0,2,3,0,4,5,9,0
12,17,0,1,1,0,3,3,0,1,1,1,1,0,2,6,5,0,0,0,1
9,20,4,0,1,3,3,0,1,2,1,1,1,5,0,1,0,6,7,10,1
1,18,4,0,1,0,3,0,0,16,1,1,1,7,0,1,5,0,0,0,1
14,15,0,0,1,3,3,0,1,1,1,1,1,0,2,3,0,6,11,11,1
9,18,0,0,1,0,3,0,0,0,1,1,1,7,0,1,5,4,0,4,1
11,18,4,1,1,0,3,0,0,11,1,1,1,2,2,3,0,5,7,13,1
5,14,0,0,1,0,3,0,0,2,1,1,1,5,0,1,0,6,10,5,1
8,21,4,1,1,0,3,1,0,12,1,1,1,0,2,3,0,6,11,11,1
10,15,0,1,1,3,3,3,1,1,1,1,1,0,0,1,0,6,8,8,1
1,18,4,0,1,0,3,0,0,2,1,1,1,0,0,1,5,0,0,0,1
11,8,0,1,1,4,3,0,1,2,1,1,1,0,2,1,0,6,4,6,1
8,17,0,1,1,3,3,0,1,1,1,1,1,7,0,1,0,7,2,10,1
9,15,4,1,1,4,3,0,1,6,1,1,1,5,0,2,0,6,2,14,1
1,19,4,0,0,0,3,1,0,2,0,1,0,0,0,1,0,2,10,5,1
11,15,4,0,1,0,1,1,0,2,1,1,1,0,2,1,0,6,11,11,1
4,17,4,0,1,0,3,0,0,0,1,1,1,1,0,4,2,6,0,4,0
9,15,4,0,1,0,3,3,0,15,1,1,1,0,0,1,5,9,0,8,1
8,16,4,0,1,4,3,0,1,2,1,1,1,7,0,1,0,9,3,2,1
3,15,4,0,1,0,3,1,0,2,1,1,1,0,0,1,0,5,2,6,1
6,15,0,1,1,0,3,1,0,0,1,1,1,0,0,1,0,6,6,10,1
6,20,4,1,0,0,2,0,0,3,1,1,0,1,0,5,4,6,4,13,0
7,17,0,1,1,0,3,0,0,0,1,1,1,0,0,1,0,6,4,8,1
3,15,4,0,1,0,3,1,0,2,1,1,1,0,0,1,0,6,6,8,1
6,18,4,0,1,0,3,0,0,2,1,1,1,7,0,1,0,2,6,2,1
9,18,4,0,1,0,3,0,0,11,1,1,1,7,0,1,0,6,3,12,1
15,20,4,1,1,4,3,0,1,0,1,1,1,5,2,1,5,6,0,3,1
6,15,4,1,1,0,3,3,0,7,1,1,1,0,0,1,5,0,0,5,1
0,18,4,1,1,0,3,0,0,2,1,1,1,0,0,1,0,1,6,3,1
10,15,4,1,1,0,3,3,0,12,1,1,1,0,0,1,0,8,2,9,0
1,18,4,1,1,0,3,1,0,2,1,1,1,0,0,0,5,0,0,0,1
14,18,0,1,1,4,3,0,1,8,1,1,1,0,2,0,5,0,0,0,1
15,2,0,0,1,3,1,0,1,0,1,1,1,7,2,0,5,0,0,4,1
7,8,0,0,1,4,3,0,1,0,1,1,1,0,0,1,0,6,4,8,0
4,18,4,0,1,0,1,0,0,14,1,1,1,0,0,1,0,4,2,7,0
13,20,0,1,1,3,3,0,1,1,1,1,1,5,2,1,0,6,3,10,1
1,18,4,0,1,0,0,0,0,16,1,1,1,1,0,5,3,1,1,1,1
14,20,0,0,1,3,3,0,1,1,1,1,1,5,2,1,0,8,11,14,1
5,18,4,1,1,0,3,3,0,10,1,1,1,0,0,4,0,6,5,2,1
0,10,4,0,1,4,3,0,1,7,1,1,1,0,0,0,5,0,0,0,1
13,11,4,0,1,4,3,0,1,15,1,1,1,7,2,0,5,0,0,0,0
6,18,4,0,1,0,3,0,0,12,1,1,1,7,0,1,0,2,1,5,0
13,15,0,1,1,3,3,0,1,1,1,1,1,7,2,1,0,6,2,6,1
7,15,4,1,1,0,3,0,0,2,1,1,1,0,0,1,1,6,0,9,1
13,19,0,1,1,3,3,0,1,0,1,1,1,5,2,3,5,0,0,0,0
1,13,4,0,1,0,3,0,0,15,1,1,1,0,0,0,5,0,0,0,1
11,15,4,0,1,0,3,0,0,16,1,1,1,1,2,3,0,6,5,7,1
11,17,4,0,0,0,3,3,0,0,1,1,0,0,2,0,5,0,0,0,1
13,18,2,1,1,0,3,0,0,0,1,1,1,0,2,3,0,6,6,12,1
1,18,4,1,1,0,3,0,0,14,1,1,1,0,0,1,0,2,4,8,1
7,20,4,0,1,3,3,0,1,2,1,1,1,5,0,1,0,6,6,10,1
0,18,4,1,1,0,3,0,0,16,1,1,1,0,0,0,5,0,0,0,0
3,15,0,1,1,0,3,3,0,8,1,1,1,0,0,3,0,6,4,5,1
9,17,4,0,1,0,3,3,0,11,1,1,1,0,0,3,0,6,4,11,1
7,19,4,0,1,0,3,3,0,2,1,1,1,5,0,1,0,6,0,9,1
12,15,0,1,1,0,3,1,0,1,1,1,1,0,2,1,0,6,4,6,1
8,20,4,1,1,0,3,0,0,9,1,1,1,0,0,1,0,6,3,11,0
3,19,4,0,1,0,3,0,0,9,1,1,1,7,0,1,0,6,5,7,1
6,18,4,1,1,0,3,0,0,2,1,1,1,7,0,1,0,3,4,11,1
6,18,4,1,1,4,3,3,1,2,1,1,1,5,0,1,0,3,2,8,1
11,21,0,0,1,4,3,0,1,0,1,1,1,5,2,3,0,6,6,14,1
7,18,4,0,1,0,3,1,0,7,1,1,1,0,0,1,0,1,1,4,1
2,19,4,0,1,0,3,1,0,0,1,1,1,0,0,5,5,9,0,2,0
15,20,0,1,1,4,3,0,1,1,1,1,1,0,2,0,5,0,0,0,1
4,14,4,0,1,0,3,0,0,7,1,1,1,1,0,1,2,6,0,6,1
14,20,4,1,1,0,3,0,0,14,1,1,1,0,2,1,0,6,4,10,1
9,18,4,1,1,0,3,0,0,5,1,1,1,0,0,1,0,6,3,13,1
0,15,4,1,1,0,3,3,0,2,1,1,1,8,0,0,5,0,0,0,1
3,18,4,0,1,0,3,3,0,14,1,1,1,0,0,0,5,0,0,2,1
1,18,4,1,1,0,3,0,0,2,1,1,1,0,0,1,2,6,0,2,1
13,20,4,0,1,0,3,3,0,0,1,1,1,0,2,7,0,7,8,14,1
1,17,4,1,1,0,3,0,0,12,1,1,1,5,0,1,0,6,3,10,1
10,19,4,0,1,0,3,3,0,5,1,1,1,0,0,1,0,3,3,3,1
9,20,4,0,1,0,3,0,0,11,1,1,1,0,0,1,0,9,6,14,1
4,16,4,0,1,0,3,1,0,11,1,1,1,0,0,1,0,2,1,4,0
3,20,4,0,1,0,3,3,0,14,1,1,1,0,0,1,0,6,1,9,1
14,15,4,0,1,0,3,0,0,2,1,1,1,0,2,1,0,6,6,6,1
15,22,4,1,1,4,3,0,1,0,1,1,1,7,2,3,0,4,4,8,1
8,18,4,1,1,0,3,0,0,12,1,1,1,5,0,3,0,6,6,10,1
5,20,4,1,1,0,3,1,0,11,1,1,1,0,0,1,0,9,4,2,0
2,13,4,0,1,0,3,0,0,15,1,1,1,1,0,0,5,0,0,0,1
10,21,0,0,1,0,3,3,0,14,1,1,1,0,0,3,0,6,6,13,1
9,20,4,1,1,0,3,0,0,12,1,1,1,5,0,4,0,6,8,11,1
10,12,4,0,1,4,3,0,1,12,1,1,1,5,0,1,0,6,4,4,1
14,15,0,1,1,0,3,0,0,1,1,1,1,1,2,1,0,7,3,12,1
11,20,4,1,1,0,3,0,0,0,1,1,1,0,2,3,0,6,5,12,0
15,13,4,0,0,0,3,0,0,15,1,1,0,1,2,0,5,0,0,4,1
11,20,4,0,1,0,3,3,0,0,1,1,1,0,2,2,0,6,0,9,1
3,18,4,0,1,4,3,0,1,0,1,1,1,5,0,7,0,5,3,5,1
11,20,4,0,1,3,3,0,1,5,1,1,1,8,0,6,2,4,0,4,1
11,15,0,0,1,4,3,0,1,1,1,1,1,7,2,0,5,0,0,0,1
4,20,4,0,1,4,3,0,1,2,1,1,1,5,0,1,0,6,6,9,1
3,17,4,0,1,0,3,3,0,2,1,1,1,0,0,1,0,4,8,8,1
6,16,4,0,1,0,0,3,0,16,1,1,1,0,0,8,3,6,0,11,1
9,20,4,1,1,0,3,3,0,2,1,1,1,8,0,1,0,8,6,9,1
0,18,4,0,1,3,3,0,1,2,1,1,1,5,0,0,5,0,0,0,1
0,18,4,0,1,3,3,0,1,16,1,1,1,0,0,1,5,0,0,0,1
6,18,4,0,1,0,3,0,0,14,1,1,1,0,0,1,0,6,6,9,1
8,17,4,0,1,0,3,0,0,7,1,1,1,0,0,3,5,0,0,1,1
4,20,4,0,1,0,3,1,0,2,1,1,1,5,0,0,5,0,0,0,1
0,18,4,0,1,0,3,0,0,16,1,1,1,5,0,0,5,0,0,0,1
9,17,4,1,1,0,3,3,0,2,1,1,1,0,0,3,0,6,6,12,1
11,18,0,0,1,0,3,0,0,1,1,1,1,1,2,1,0,6,6,11,1
9,20,4,0,1,0,3,0,0,2,1,1,1,0,0,1,0,6,3,14,1
5,15,0,1,1,0,3,0,0,2,1,1,1,8,0,1,0,6,1,6,1
6,18,4,0,1,0,3,0,0,5,1,1,1,7,0,1,0,6,2,6,1
4,20,4,0,1,0,3,0,0,2,1,1,1,0,0,6,0,4,0,3,1
5,20,0,1,1,0,3,0,0,0,1,1,1,0,0,1,0,6,4,10,1
2,19,4,0,1,0,3,0,0,2,1,1,1,0,0,1,0,6,10,7,1
7,20,4,0,1,0,3,0,0,2,1,1,1,5,0,1,0,7,6,11,1
1,18,0,0,1,0,3,3,0,1,1,1,1,5,0,2,5,1,0,3,1
15,15,0,1,1,0,3,3,0,0,1,1,1,7,2,2,0,5,0,3,1
1,18,4,0,1,0,3,0,0,16,1,1,1,7,0,1,5,4,0,5,0
0,15,4,1,1,4,3,0,1,6,1,1,1,8,0,9,2,0,0,0,1
7,20,4,1,1,3,3,0,1,2,1,1,1,5,0,0,5,0,0,0,1
9,20,4,0,1,0,3,0,0,0,1,1,1,0,0,1,0,9,11,14,1
14,21,0,1,1,4,3,0,1,1,1,1,1,5,2,2,0,6,0,9,1
10,15,0,0,1,0,3,1,0,1,1,1,1,0,0,1,0,6,4,10,1
12,18,4,0,1,0,3,0,0,0,1,1,1,0,2,0,5,0,0,2,1
10,20,4,1,1,3,3,0,1,0,1,1,1,5,0,1,0,6,2,12,0
3,18,4,0,1,0,3,3,0,2,1,1,1,0,0,1,0,2,5,1,1
11,20,4,0,1,0,3,1,0,0,1,1,1,0,2,3,0,8,11,13,0
5,20,4,0,1,0,3,3,0,2,1,1,1,0,0,1,2,4,0,5,1
0,15,4,0,1,0,3,0,0,9,1,1,1,0,0,1,5,6,0,2,1
7,18,0,0,1,3,3,0,1,0,1,1,1,7,0,1,0,6,7,9,1
12,19,0,0,1,0,3,3,0,1,1,1,1,0,2,1,0,6,0,8,0
8,17,0,0,1,0,3,3,0,0,1,1,1,0,0,2,0,7,6,10,0
12,17,0,0,1,0,3,0,0,0,1,1,1,0,2,1,0,9,3,13,0
13,17,0,0,1,4,3,0,1,1,1,1,1,7,2,1,0,6,2,9,0
9,20,4,1,1,0,3,1,0,0,1,1,1,0,0,2,0,6,0,9,0
6,20,4,1,1,0,3,0,0,12,1,1,1,0,0,1,0,6,0,9,1
1,15,4,0,0,0,3,0,0,2,1,1,0,0,0,0,5,0,0,4,1
0,22,4,1,1,0,3,1,0,7,1,1,1,0,0,0,5,0,0,0,1
11,21,0,1,1,0,3,0,0,1,1,1,1,5,2,1,0,6,3,12,1
2,16,4,0,1,0,3,0,0,15,1,1,1,0,0,1,5,6,0,3,0
0,18,4,0,1,0,3,3,0,11,1,1,1,5,0,0,5,0,0,0,0
15,18,2,1,1,0,3,1,0,2,1,1,1,1,2,4,0,6,11,7,0
11,10,4,0,1,4,3,0,1,0,1,1,1,7,2,1,0,6,3,8,1
9,20,0,0,1,0,3,1,0,1,1,1,1,0,0,1,0,9,6,13,1
12,0,0,0,1,0,3,1,0,1,1,1,1,0,2,1,1,8,0,9,1
4,18,0,1,1,0,3,0,0,0,1,1,1,2,0,1,0,2,7,3,1
12,20,4,0,1,3,3,0,1,11,1,1,1,5,2,1,0,7,11,13,1
1,18,4,0,1,0,0,0,0,16,1,1,1,0,0,5,3,6,4,7,0
2,22,4,1,1,0,3,0,0,15,1,1,1,0,0,0,5,0,0,0,1
4,18,4,0,1,0,3,0,0,9,1,1,1,8,0,1,0,2,8,4,1
1,15,4,1,1,0,3,0,0,2,1,1,1,0,0,1,0,2,4,4,1
10,17,0,0,1,0,3,0,0,2,1,1,1,0,0,1,0,7,4,13,1
12,15,4,1,1,0,3,3,0,2,1,1,1,7,2,1,0,6,3,9,1
9,15,0,0,1,0,0,0,0,16,1,1,1,0,0,5,3,8,3,6,0
5,15,4,0,1,0,3,0,0,2,1,1,1,0,0,5,0,6,6,3,1
14,23,0,0,1,0,3,0,0,0,1,1,1,0,2,1,0,6,8,13,1
10,21,4,1,0,2,3,1,0,2,0,1,0,0,0,1,0,0,5,13,1
8,20,4,0,0,0,3,1,0,0,1,1,0,0,0,2,0,6,3,8,0
0,15,4,0,0,0,3,1,0,2,1,1,1,0,0,1,0,5,6,4,1
1,18,4,0,0,0,3,1,0,2,1,1,0,8,0,1,2,3,0,5,1
5,19,4,0,1,0,3,0,0,0,1,1,1,0,0,1,0,9,10,12,1
4,15,4,0,1,0,3,1,0,2,1,1,1,0,0,1,0,4,3,4,1
11,8,4,0,1,4,3,0,1,12,1,1,1,7,2,1,0,5,4,5,1
10,14,0,1,1,0,3,0,0,0,1,1,1,7,0,1,0,6,10,7,1
0,18,4,1,1,3,3,0,1,11,1,1,1,0,0,3,0,1,4,6,0
5,20,4,1,1,0,3,1,0,12,1,1,1,1,0,1,0,6,11,12,0
4,18,4,0,1,0,3,0,0,15,1,1,1,7,0,4,5,0,0,1,0
14,20,4,0,1,3,3,3,1,9,1,1,1,5,0,1,0,2,3,4,0
8,20,4,0,1,3,3,0,1,2,1,1,1,7,0,4,0,6,8,12,1
5,20,4,0,1,0,3,0,0,2,1,1,1,7,0,1,0,8,2,8,1
6,13,4,1,1,0,3,0,0,10,1,1,1,0,0,1,0,6,8,13,1
6,18,4,0,1,0,3,0,0,5,1,1,1,5,0,1,0,6,4,5,1
1,18,4,0,0,0,3,3,0,2,1,1,0,1,0,1,5,2,0,2,1
1,15,4,0,1,0,3,0,0,2,1,1,1,7,0,1,0,4,4,5,0
9,15,4,0,1,0,3,0,0,2,1,1,1,0,0,1,2,6,0,3,1
0,15,4,0,1,0,3,0,0,2,1,1,1,0,0,0,5,0,0,0,1
7,20,4,0,1,0,3,1,0,16,1,1,1,5,0,1,1,8,0,7,1
1,18,4,1,1,0,3,0,0,2,1,1,1,0,0,1,0,4,3,4,1
5,20,4,1,1,0,3,0,0,0,1,1,1,0,0,1,0,6,3,9,1
13,20,4,0,1,0,3,3,0,12,1,1,1,5,2,1,0,6,6,14,1
8,20,0,1,0,0,3,1,0,0,1,1,1,5,0,4,0,5,4,13,0
10,20,0,1,1,0,3,1,0,0,1,1,1,8,0,1,0,6,1,13,1
6,18,4,1,1,0,3,0,0,2,1,1,1,0,0,1,0,6,8,9,1
4,18,4,0,1,0,0,1,0,16,1,1,1,0,0,5,3,9,5,7,0
15,19,0,1,1,4,3,0,1,0,1,1,1,0,2,0,5,0,0,0,1
8,16,4,1,0,4,3,3,1,13,1,0,0,5,0,6,5,0,0,11,1
7,20,0,0,1,0,3,0,0,1,1,1,1,0,0,1,5,0,0,0,0
9,15,4,1,1,0,3,0,0,2,1,1,1,0,0,0,5,0,0,0,1
9,18,4,1,1,0,3,3,0,11,1,1,1,0,0,1,0,6,7,5,0
7,18,4,1,1,0,3,0,0,2,1,1,1,7,0,0,5,0,0,8,1
10,13,4,0,0,0,3,0,0,2,1,1,0,0,0,1,2,0,0,8,1
10,21,4,0,1,0,3,1,0,0,1,1,1,0,0,1,0,7,4,14,1
7,17,4,1,1,0,3,0,0,2,1,1,1,7,0,1,0,6,6,9,1
7,18,4,1,1,4,3,0,1,11,1,1,1,2,0,1,0,4,10,6,1
4,18,4,1,1,0,3,3,0,14,1,1,1,0,0,1,0,2,4,3,1
10,0,4,0,1,0,3,3,0,2,1,1,1,0,0,1,0,4,3,7,0
12,18,4,0,1,0,3,2,0,11,1,1,1,0,2,1,0,6,10,10,0
10,21,4,1,1,0,3,0,0,2,1,1,1,5,0,2,0,3,1,8,1
0,15,4,1,1,0,2,0,0,6,1,1,1,8,0,6,0,4,2,6,1
7,18,4,1,1,0,3,3,0,16,1,1,1,5,0,2,5,1,0,2,1
9,18,4,0,1,0,3,0,0,11,1,1,1,0,0,6,0,4,0,6,1
10,17,2,1,1,0,3,3,0,2,1,1,1,0,0,1,0,6,8,7,1
9,19,4,0,1,0,3,1,0,2,1,1,1,0,0,1,5,0,0,0,1
3,20,4,0,1,4,3,0,1,2,1,1,1,0,0,0,5,0,0,0,1
0,15,4,0,0,3,3,3,1,3,1,0,1,0,0,1,5,2,0,2,1
14,20,0,0,1,4,3,0,1,0,1,1,1,0,2,1,0,9,6,11,1
11,20,0,0,1,0,3,1,0,0,1,1,1,5,2,1,0,8,3,11,1
12,16,4,0,1,0,3,0,0,0,1,1,1,5,2,1,0,6,10,8,1
6,20,4,0,1,0,3,0,0,11,1,1,1,7,0,4,0,6,6,11,1
2,18,4,0,1,2,3,0,0,2,1,1,1,0,0,1,0,5,3,6,1
3,14,4,0,1,0,3,3,0,3,1,1,1,1,0,1,0,2,1,6,1
7,20,0,1,1,0,3,1,0,0,1,1,1,0,0,1,0,6,2,12,1
5,17,4,1,1,2,3,1,0,12,1,1,1,0,2,1,5,0,0,6,1
8,20,4,1,1,0,3,3,0,2,1,1,1,0,0,1,0,4,6,6,1
0,18,4,1,1,0,3,3,0,16,1,1,1,1,0,1,5,2,0,3,1
2,18,4,1,1,0,3,1,0,2,1,1,1,0,0,1,2,3,0,4,1
14,20,0,0,1,4,3,0,1,1,1,1,1,5,2,1,0,6,5,14,1
3,18,4,1,1,0,3,1,0,0,1,1,1,0,0,2,0,2,1,4,0
15,20,4,1,1,0,3,1,0,2,1,1,1,5,2,3,2,0,0,0,1
11,18,4,1,1,0,3,0,0,2,1,1,1,0,2,3,0,3,3,9,1
1,15,4,0,1,0,3,0,0,16,1,1,1,0,0,2,0,2,2,5,0
7,18,4,1,1,0,3,1,0,0,1,1,1,7,0,1,5,0,0,0,0
13,20,0,1,1,2,3,3,0,1,1,1,1,5,2,1,5,0,0,0,0
0,15,4,1,1,0,3,0,0,11,1,1,1,0,0,1,2,1,0,2,0
14,20,0,0,1,0,1,3,0,1,1,1,1,4,2,5,0,8,8,13,1
7,15,4,0,1,0,3,0,0,2,1,1,1,8,0,1,0,6,5,6,0
9,20,4,1,1,3,3,0,1,0,1,1,1,5,0,1,5,2,0,4,0
11,20,4,0,1,0,3,0,0,2,1,1,1,5,2,1,0,6,11,14,1
8,20,4,0,1,0,3,1,0,0,1,1,1,0,0,1,0,9,8,13,1
12,20,0,1,1,0,3,3,0,1,1,1,1,0,2,1,0,8,2,13,1
2,18,4,1,1,0,3,1,0,9,1,1,1,7,0,1,2,2,0,3,1
11,11,0,0,1,0,3,2,0,1,1,1,1,0,2,1,0,3,1,2,1
13,21,0,1,1,0,3,0,0,0,1,1,1,1,2,2,0,8,10,13,1
9,20,0,1,1,0,3,3,0,0,1,1,1,1,0,0,5,0,0,0,1
13,0,4,1,1,4,3,3,1,9,1,1,1,7,2,0,5,0,0,0,1
4,18,4,1,1,0,3,0,0,2,1,1,1,5,0,0,5,0,0,4,1
0,13,4,1,1,0,3,1,0,7,1,1,1,8,0,1,5,0,0,0,1
10,18,4,1,1,0,3,0,0,11,1,1,1,0,0,1,0,4,4,4,1
5,18,4,1,1,0,3,0,0,2,1,1,1,0,0,4,0,1,1,3,1
13,18,0,0,1,0,3,0,0,0,1,1,1,0,2,1,0,6,6,14,1
5,19,0,1,1,0,3,0,0,1,1,1,1,0,0,1,0,2,1,3,0
13,19,0,1,1,3,3,0,1,1,1,1,1,0,2,0,5,0,0,0,1
7,18,4,0,1,0,3,0,0,2,1,1,1,0,0,1,0,6,1,5,1
11,20,0,0,1,0,3,1,0,1,1,1,1,0,2,1,0,8,6,12,1
14,20,0,1,1,0,3,1,0,1,1,1,1,0,2,1,0,6,1,7,1
4,20,0,1,1,4,3,0,1,1,1,1,1,7,0,1,0,6,5,6,1
14,19,0,1,1,4,3,1,1,1,1,1,1,0,2,1,0,4,2,5,1
12,18,4,0,1,0,3,0,0,0,1,1,1,7,2,7,1,9,0,9,1
12,18,4,0,1,0,3,0,0,16,1,1,1,0,2,7,0,9,5,4,1
9,15,4,1,1,0,3,1,0,2,1,1,1,0,0,1,5,0,0,0,1
15,15,0,0,1,0,3,0,0,1,1,1,1,0,2,1,0,6,1,6,1
14,18,0,0,1,4,3,1,1,0,1,1,1,0,2,6,0,6,6,11,1
5,20,4,0,1,0,3,0,0,0,1,1,1,7,0,1,0,5,2,2,1
2,15,4,0,1,0,3,0,0,15,1,1,1,1,0,0,5,0,0,0,0
0,18,4,1,1,0,3,1,0,7,1,1,1,1,0,1,0,6,8,3,1
11,20,0,0,1,4,3,0,1,0,1,1,1,5,2,1,0,6,11,13,0
9,15,0,1,1,4,3,0,1,0,1,1,1,0,0,1,0,4,1,6,0
10,18,0,1,1,0,3,0,0,0,1,1,1,7,0,0,5,0,0,0,1
11,17,0,0,1,0,3,1,0,0,1,1,1,0,2,1,5,6,0,13,1
12,15,0,0,1,0,3,0,0,1,1,1,1,0,2,5,0,7,8,7,1
9,18,4,1,1,4,3,1,1,0,1,1,1,0,0,1,0,5,6,6,1
14,14,0,1,1,4,3,0,1,0,1,1,1,0,2,1,0,2,3,5,0
10,14,4,0,0,4,3,0,1,5,1,1,0,0,0,1,0,3,4,8,1
6,18,4,0,1,0,3,0,0,2,1,1,1,8,0,1,0,4,4,5,0
14,19,4,0,1,0,3,0,0,16,1,1,1,0,0,2,0,5,5,8,0
11,8,2,1,1,4,1,0,1,0,1,1,1,0,2,1,5,6,0,3,1
14,20,4,0,1,4,3,0,1,5,1,1,1,5,2,1,0,6,6,6,1
13,20,4,1,1,0,3,0,0,12,1,1,1,7,2,1,0,9,3,7,1
1,18,4,0,1,0,3,0,0,16,1,1,1,1,0,5,3,3,1,6,1
3,18,4,1,1,0,3,0,0,0,1,1,1,0,0,0,5,0,0,0,1
2,18,4,0,1,0,3,3,0,2,1,1,1,0,0,1,0,4,6,3,1
10,14,4,0,1,4,3,0,1,12,1,1,1,0,0,1,0,6,4,5,0
2,15,4,1,1,0,3,0,0,2,1,1,1,0,0,1,2,1,0,2,0
6,9,0,0,1,0,3,1,0,5,1,1,1,7,0,2,0,8,3,6,1
0,17,4,0,1,0,3,1,0,8,1,1,1,0,0,1,1,3,0,5,1
5,18,4,0,1,0,3,3,0,7,1,1,1,1,0,1,0,6,4,6,1
1,15,4,0,1,0,3,3,0,11,1,1,1,0,0,1,0,2,1,4,0
8,21,0,1,1,0,3,1,0,0,1,1,1,0,0,2,0,6,3,14,1
12,21,4,0,1,0,3,1,0,0,1,1,1,0,2,1,0,4,8,14,1
2,18,4,0,1,0,3,3,0,2,1,1,1,0,0,3,0,2,2,4,1
14,8,2,1,1,0,2,0,0,2,1,1,1,0,2,1,0,6,4,6,1
13,20,0,1,1,0,3,0,0,0,1,1,1,5,2,1,0,5,11,13,1
7,20,4,1,1,0,3,0,0,10,1,1,1,0,0,1,0,6,7,10,0
4,15,4,0,1,0,3,3,0,5,1,1,1,0,0,6,0,1,2,5,0
5,13,4,0,1,0,3,0,0,2,1,1,1,0,0,1,2,0,0,6,1
7,22,4,1,1,0,3,1,0,0,1,1,1,8,0,1,0,6,4,8,1
2,18,4,0,1,3,3,0,1,2,1,1,1,5,0,0,5,0,0,0,1
7,21,0,1,1,4,3,0,1,1,1,1,1,5,0,1,0,6,5,10,1
11,8,4,0,0,2,3,0,1,7,1,0,0,0,2,1,0,3,4,4,1
10,15,2,0,1,0,3,0,0,15,1,1,1,0,0,3,5,6,0,6,1
12,15,4,0,1,0,3,0,0,0,1,1,1,0,2,6,0,6,2,4,1
7,15,0,0,1,0,3,0,0,1,1,1,1,5,0,0,5,0,0,8,0
0,18,4,1,1,0,3,1,0,16,1,1,1,5,0,2,5,1,0,2,1
4,20,4,1,1,0,3,0,0,2,1,1,1,5,0,1,5,3,0,2,1
13,19,4,1,1,2,3,0,0,12,1,1,1,0,2,1,5,0,0,0,0
13,20,0,0,1,0,3,1,0,0,1,1,1,0,2,1,0,6,10,14,1
7,4,2,1,1,4,3,1,0,11,1,1,1,0,0,3,0,6,5,11,1
3,18,4,0,1,0,3,0,0,9,1,1,1,7,0,1,0,6,3,9,0
10,18,0,0,1,4,3,0,1,1,1,1,1,0,0,1,0,6,6,9,1
14,7,3,0,1,0,2,0,0,5,1,1,1,4,2,6,0,5,3,4,1
3,18,4,1,1,0,3,3,0,2,1,1,1,0,0,0,5,0,0,2,1
5,15,0,0,1,0,3,0,0,0,1,1,1,0,0,1,0,6,1,10,1
10,20,4,0,1,3,3,1,1,0,1,1,1,0,0,1,0,7,7,12,1
9,11,4,0,1,4,3,0,1,11,1,1,1,0,0,0,5,0,0,0,1
11,20,0,1,1,0,3,0,0,0,1,1,1,7,2,2,0,6,6,13,1
7,19,0,1,1,0,3,0,0,0,1,1,1,5,0,3,0,4,7,10,1
4,20,4,1,1,3,3,0,1,9,1,1,1,5,0,1,0,2,3,5,0
9,19,0,0,1,4,3,0,1,0,1,1,1,7,0,6,0,6,6,10,1
7,19,4,1,1,0,3,1,0,0,1,1,1,0,0,7,5,4,0,5,1
1,15,4,1,1,4,3,3,1,10,1,1,1,5,0,1,0,6,3,3,1
1,15,4,1,1,0,3,1,0,2,1,1,1,8,0,1,0,4,3,6,1
9,21,4,1,1,0,3,0,0,2,1,1,1,0,0,1,0,6,1,13,1
9,20,4,0,1,3,3,3,1,11,1,1,1,5,0,1,5,0,0,0,1
3,19,4,0,1,0,3,0,0,2,1,1,1,7,0,1,0,2,9,2,1
15,22,0,0,1,0,3,1,0,1,1,1,1,7,2,1,0,9,2,14,1
13,15,4,1,1,0,3,0,0,9,1,1,1,0,2,1,0,6,2,10,1
3,15,4,1,1,0,3,1,0,2,1,1,1,0,0,1,0,5,1,4,1
5,20,4,1,1,0,3,0,0,2,1,1,1,0,0,1,0,6,7,4,1
6,18,4,0,1,0,3,0,0,14,1,1,1,7,0,1,0,6,3,10,0
9,15,0,0,1,4,3,0,1,9,1,1,1,5,0,0,5,0,0,0,1
4,20,4,1,1,0,3,0,0,2,1,1,1,0,0,1,0,1,4,3,1
12,20,4,0,1,0,3,0,0,0,1,1,1,0,2,1,0,6,7,13,1
11,15,3,0,1,0,0,3,0,7,1,1,1,0,2,4,0,8,6,9,1
8,13,0,0,0,0,3,0,0,8,1,1,1,7,0,1,0,6,4,10,1
12,14,0,1,1,0,3,3,0,3,1,1,1,8,2,1,0,2,7,5,1
9,15,4,0,1,0,3,3,0,2,1,1,1,0,0,1,0,6,6,4,1
15,11,3,0,0,3,3,0,1,0,1,0,0,7,1,6,0,9,3,2,1
6,15,4,0,1,0,3,0,0,0,1,1,1,0,0,1,0,5,3,5,1
11,15,4,0,1,0,3,0,0,12,1,1,1,0,2,1,0,6,6,9,1
4,20,4,1,1,0,3,1,0,2,1,1,1,8,0,3,1,3,0,2,1
8,21,4,1,1,0,3,1,0,0,1,1,1,0,0,2,0,7,2,12,0
6,15,4,0,1,0,3,0,0,2,1,1,1,0,0,1,0,2,8,5,1
7,19,4,0,1,0,3,0,0,7,1,1,1,0,0,1,0,6,6,9,1
8,21,4,0,1,0,3,1,0,0,1,1,1,8,0,4,0,6,8,8,1
12,20,4,0,1,0,3,3,0,2,1,1,1,0,2,1,0,6,6,6,1
5,15,4,0,0,0,3,2,0,0,1,0,1,0,0,3,2,6,0,2,1
8,20,4,1,1,4,3,0,1,11,1,1,1,5,0,0,5,0,0,0,0
10,20,0,1,1,0,3,1,0,1,1,1,1,0,0,1,0,4,3,14,1
14,20,4,0,1,0,3,0,0,2,1,1,1,0,2,3,0,8,3,10,1
4,18,4,0,1,0,3,3,0,2,1,1,1,0,0,1,0,2,2,4,1
9,20,0,1,1,0,3,0,0,1,1,1,1,5,0,3,5,0,0,0,0
8,21,4,1,1,0,3,0,0,0,1,1,1,5,0,0,5,0,0,0,1
6,12,4,0,1,0,3,0,0,7,1,1,1,0,0,0,5,0,0,12,1
1,18,4,0,1,0,3,0,0,15,1,1,1,0,0,0,5,0,0,0,1
12,16,0,0,1,4,3,0,1,1,1,1,1,7,2,0,5,0,0,0,0
7,20,4,1,1,0,3,1,0,0,1,1,1,0,0,1,0,8,2,6,0
7,18,4,0,1,0,3,1,0,2,1,1,1,0,0,0,5,0,0,0,1
0,15,4,1,0,0,3,0,0,0,1,0,1,0,0,9,2,0,0,0,1
1,18,4,0,1,0,3,0,0,2,1,1,1,5,0,0,5,0,0,0,1
13,20,0,1,1,0,3,0,0,0,1,1,1,7,2,1,0,6,6,11,1
1,15,4,0,1,0,3,0,0,0,1,1,1,1,0,3,0,6,3,13,1
6,18,0,0,1,0,3,1,0,2,1,1,1,0,0,1,0,6,2,9,1
10,8,0,0,0,0,1,1,0,0,0,0,1,0,0,1,0,6,4,11,1
8,21,4,1,1,0,3,1,0,0,1,1,1,8,0,3,0,1,2,3,1
8,18,3,1,1,0,3,0,0,7,1,1,1,0,0,1,0,3,6,4,1
1,17,4,1,1,4,3,0,0,16,1,1,1,0,0,1,0,6,5,7,1
15,15,0,1,1,4,3,0,1,1,1,1,1,0,2,1,0,5,2,3,1
2,15,4,1,1,0,3,1,0,2,1,1,1,1,0,1,2,1,0,3,1
1,18,4,0,1,0,3,0,0,16,1,1,1,0,0,0,5,0,0,0,1
14,19,4,0,0,0,3,0,0,2,1,1,0,0,2,1,2,2,0,2,1
15,20,0,1,1,3,3,0,1,1,1,1,1,0,2,0,5,0,0,0,1
4,15,4,0,1,0,3,3,0,11,1,1,1,0,0,6,0,4,0,3,0
9,17,4,1,0,0,3,0,0,2,1,1,0,0,0,1,2,2,0,3,1
5,15,4,1,1,4,3,0,1,0,1,1,1,7,0,0,5,0,0,0,0
2,18,4,0,1,0,3,0,0,5,1,1,1,0,0,1,0,6,3,4,1
14,20,0,1,1,0,3,0,0,0,1,1,1,0,2,2,0,6,6,13,1
3,20,4,1,1,0,3,1,0,2,1,1,1,0,0,1,0,5,5,3,0
5,17,4,0,1,0,3,0,0,15,1,1,1,7,0,1,5,0,0,0,0
2,17,4,0,1,4,3,0,0,16,1,1,1,5,0,1,0,6,2,11,0
7,20,4,0,1,0,3,1,0,0,1,1,1,0,0,1,0,7,2,14,1
7,20,0,1,1,0,3,0,0,0,1,1,1,0,0,1,0,6,7,12,0
3,18,4,1,1,0,3,1,0,12,1,1,1,8,0,1,5,0,0,5,0
13,18,0,0,1,0,3,3,0,9,1,1,1,0,2,1,0,3,6,10,1
7,18,0,0,1,0,3,0,0,0,1,1,1,7,0,1,0,7,11,11,1
7,20,4,0,1,0,3,0,0,2,1,1,1,0,0,1,0,5,0,6,1
10,18,0,1,1,0,3,0,0,0,1,1,1,7,0,1,0,5,8,10,1
7,20,4,1,1,0,3,0,0,0,1,1,1,7,0,4,0,6,8,12,1
6,15,4,0,1,0,3,0,0,10,1,1,1,0,0,1,0,6,3,10,1
8,18,4,0,1,0,3,0,0,2,1,1,1,1,0,1,0,3,3,2,1
1,14,4,0,0,0,3,3,0,2,1,1,0,0,0,1,5,3,0,3,1
0,15,4,1,1,0,3,1,0,2,1,1,1,0,0,1,0,6,8,5,0
15,11,4,0,0,0,3,1,0,15,0,1,1,0,2,0,5,0,0,2,1
8,19,4,0,1,0,3,0,0,11,1,1,1,5,0,1,0,6,8,11,0
8,20,4,1,1,0,3,0,0,0,1,1,1,5,0,1,0,8,6,14,1
9,20,4,1,1,0,3,0,0,11,1,1,1,0,0,1,0,7,11,14,1
10,20,4,0,1,0,3,1,0,0,1,1,1,5,0,7,0,8,11,14,0
14,14,0,0,1,0,3,0,0,2,1,1,1,7,2,1,0,6,5,8,1
4,18,4,1,1,0,3,0,0,2,1,1,1,0,0,1,0,6,1,8,1
13,20,4,0,1,0,3,2,0,0,1,1,1,0,2,2,0,6,1,10,1
0,18,4,0,1,0,3,3,0,2,1,1,1,0,0,1,0,2,0,4,1
11,20,4,1,1,0,3,0,0,2,1,1,1,7,2,3,0,6,4,10,1
3,20,4,0,1,0,3,0,0,11,1,1,1,5,0,1,0,6,8,14,1
10,16,0,1,1,4,3,0,1,1,1,1,1,0,0,0,5,0,0,0,0
10,1,3,1,0,0,3,3,0,15,1,1,0,0,0,0,5,0,0,4,0
14,20,4,0,1,3,3,0,1,9,1,1,1,5,2,0,5,0,0,0,1
7,15,4,1,1,0,3,1,0,5,1,1,1,0,0,6,0,1,2,5,1
9,15,4,0,1,0,3,3,0,12,1,1,1,7,0,6,0,6,3,10,1
11,20,0,1,1,4,3,0,1,0,1,1,1,0,2,4,2,6,0,2,1
5,20,0,0,1,0,3,1,0,0,1,1,1,8,0,1,0,8,10,13,1
6,15,4,1,1,0,3,0,0,5,1,1,1,7,0,1,0,6,4,12,1
4,18,4,0,1,3,3,0,1,2,1,1,1,8,0,7,1,3,0,1,1
6,20,0,1,1,0,3,3,0,0,1,1,1,7,0,7,5,6,0,5,1
0,18,4,0,1,4,3,0,1,16,1,1,1,5,0,1,5,0,0,0,0
13,20,0,1,1,0,3,0,0,0,1,1,1,5,2,1,0,6,3,14,1
1,17,4,1,1,4,3,0,0,16,1,1,1,0,0,1,0,6,2,11,0
13,15,0,0,1,4,3,0,1,1,1,1,1,7,2,1,0,6,6,10,1
13,20,4,1,1,3,3,3,1,0,1,1,1,0,2,1,0,6,11,14,0
2,15,4,0,1,4,3,0,1,2,1,1,1,5,0,0,5,0,0,0,1
8,15,4,0,1,0,3,3,0,2,1,1,1,7,0,1,0,8,11,8,1
3,20,4,1,1,0,3,1,0,2,1,1,1,5,0,1,0,4,8,7,1
2,18,4,1,1,0,3,3,0,11,1,1,1,0,0,1,5,2,0,2,0
7,21,4,1,1,0,3,3,0,5,1,1,1,7,0,1,0,6,2,13,1
6,18,4,0,1,0,3,0,0,4,1,1,1,0,0,1,0,1,8,1,1
14,20,0,1,1,3,3,0,1,0,1,1,1,5,2,1,0,6,2,10,1
12,18,4,0,1,0,3,1,0,0,1,1,1,0,2,6,0,6,6,10,1
2,15,0,0,1,0,3,0,0,15,1,1,1,0,0,1,5,6,0,2,1
3,19,4,0,1,0,3,0,0,0,1,1,1,0,0,5,0,7,5,7,0
11,10,0,1,1,3,3,0,1,0,1,1,1,0,2,0,5,0,0,0,1
4,20,0,1,1,0,3,0,0,0,1,1,1,0,0,1,1,6,0,10,0
14,21,0,1,1,0,3,1,0,1,1,1,1,8,2,1,0,6,2,8,0
7,20,4,1,1,0,3,0,0,4,1,1,1,5,0,1,0,5,6,9,1
11,20,0,0,1,0,3,1,0,1,1,1,1,0,2,1,0,8,5,14,0
2,18,4,0,1,0,3,0,0,11,1,1,1,7,0,1,0,7,2,11,1
15,21,0,1,1,3,3,0,1,1,1,1,1,0,2,1,0,6,4,12,1
2,18,4,0,1,0,0,0,0,0,1,1,1,0,0,5,3,6,9,12,0
2,15,4,0,0,0,3,0,0,2,1,1,1,5,0,0,5,0,0,4,1
13,20,4,0,1,3,3,0,1,0,1,1,1,5,2,1,0,6,9,14,1
12,20,4,0,1,0,3,1,0,2,1,1,1,0,2,1,0,6,4,13,1
5,20,0,1,1,4,3,0,1,0,1,1,1,0,0,1,0,6,2,9,0
9,18,4,1,1,0,3,0,0,0,1,1,1,1,0,1,0,3,2,7,1
2,14,4,1,1,0,3,0,0,12,1,1,1,0,0,1,0,2,2,5,1
10,21,4,0,1,0,3,0,0,5,1,1,1,0,0,1,0,6,6,8,1
10,15,0,1,1,0,3,0,0,0,1,1,1,7,0,3,0,4,2,5,1
15,15,0,1,1,4,3,0,1,1,1,1,1,0,2,0,5,0,0,3,1
10,15,4,0,1,0,3,0,0,2,1,1,1,0,0,1,0,6,8,8,1
12,21,4,0,1,0,3,1,0,11,1,1,1,0,2,1,0,8,6,14,0
6,15,4,1,1,0,3,1,0,12,1,1,1,0,0,1,0,6,4,10,1
12,19,2,1,1,1,3,0,1,12,1,1,1,0,2,1,0,5,1,6,0
5,20,4,1,1,0,3,0,0,2,1,1,1,5,0,1,2,0,0,0,1
0,17,4,0,1,0,3,0,0,2,1,1,1,0,0,1,0,6,2,7,1
12,20,4,1,1,0,3,0,0,2,1,1,1,0,2,1,0,2,2,4,1
10,18,0,1,1,4,3,0,1,0,1,1,1,7,0,4,0,6,8,7,1
5,20,4,0,1,0,3,0,0,2,1,1,1,5,0,1,0,4,6,6,1
1,17,4,1,1,0,3,3,0,7,1,1,1,5,0,1,0,2,6,4,1
8,15,4,1,0,0,3,0,0,2,1,1,0,0,0,1,1,3,0,8,1
4,20,4,0,1,0,3,0,0,2,1,1,1,5,0,1,0,6,4,6,1
6,11,4,0,1,0,3,0,0,15,1,1,1,7,0,0,5,0,0,0,1
13,20,0,1,0,4,3,0,1,1,1,1,1,7,2,0,5,0,0,0,1
8,15,4,0,1,0,3,0,0,7,1,1,1,2,0,1,5,0,0,0,1
14,20,4,0,1,0,3,0,0,0,1,1,1,5,2,1,0,6,8,13,0
6,20,4,0,1,0,3,0,0,0,1,1,1,0,0,1,0,2,6,3,1
2,15,4,0,1,0,3,0,0,2,1,1,1,0,0,1,0,1,1,1,1
5,18,4,1,1,0,3,1,0,0,1,1,1,0,0,1,0,2,2,2,1
8,16,4,0,1,0,3,0,0,0,1,1,1,7,0,1,0,9,2,7,1
7,19,4,1,1,0,3,0,0,2,1,1,1,0,0,3,0,4,7,3,1
14,20,4,0,1,0,3,0,0,12,1,1,1,0,2,6,0,6,0,13,1
5,17,4,1,1,0,3,3,0,5,1,1,1,0,0,1,0,6,3,6,1
10,21,4,1,1,4,3,3,1,0,1,1,1,5,0,1,0,8,11,13,0
9,20,4,1,1,0,3,1,0,4,1,1,1,0,0,1,0,1,4,5,1
3,19,4,1,1,0,3,1,0,2,1,1,1,0,0,1,0,2,3,2,1
9,15,4,0,1,0,3,0,0,0,1,1,1,0,0,1,0,6,6,10,0
8,0,4,0,1,0,3,0,0,12,1,1,1,0,0,6,0,6,4,9,1
6,10,0,0,1,4,3,0,1,0,1,1,1,7,0,1,0,1,3,1,1
0,18,4,1,1,0,3,1,0,2,1,1,1,0,0,1,0,2,2,3,1
13,21,0,0,1,2,3,1,0,0,1,1,1,8,2,1,0,6,3,14,1
0,18,4,1,1,0,3,1,0,16,1,1,1,5,0,2,5,1,0,2,0
13,21,0,1,1,0,3,0,0,1,1,1,1,0,2,2,0,6,4,11,1
0,15,4,1,0,0,3,2,0,6,1,1,0,8,0,3,0,6,2,6,0
13,18,0,1,1,0,3,1,0,0,1,1,1,8,2,4,0,1,2,5,1
0,15,4,0,1,0,3,3,0,2,1,1,1,7,0,1,0,4,8,6,1
8,20,4,1,1,3,3,0,1,0,1,1,1,0,0,5,0,7,4,13,1
15,21,4,0,1,0,3,0,0,0,1,1,1,0,2,4,0,9,8,14,0
1,18,4,1,1,0,3,0,0,16,1,1,1,5,0,1,5,0,0,0,1
7,15,4,1,1,0,3,0,0,2,1,1,1,0,0,1,0,6,1,8,1
12,14,4,1,1,3,3,2,1,2,1,1,1,0,2,1,0,6,10,8,1
7,19,4,1,1,0,3,0,0,0,1,1,1,1,0,1,0,3,3,9,0
5,19,4,1,1,0,3,1,0,12,1,1,1,0,0,1,0,2,1,2,1
2,22,4,0,1,4,3,1,1,0,1,1,1,0,0,1,0,9,8,14,0
2,18,4,0,1,0,3,1,0,0,1,1,1,0,0,1,0,2,6,2,0
0,18,4,0,1,0,3,0,0,16,1,1,1,0,0,2,5,1,0,2,0
10,21,4,1,1,0,3,1,0,0,1,1,1,0,0,1,0,6,3,14,1
6,20,4,1,1,0,3,0,0,2,1,1,1,0,0,1,0,2,10,7,1
10,15,0,0,1,0,1,0,0,8,1,1,1,0,0,5,3,7,0,8,0
6,9,4,0,0,0,3,1,0,5,1,1,0,7,0,2,0,1,3,6,1
9,14,4,0,1,4,3,0,1,5,1,1,1,0,0,1,2,8,0,5,1
10,18,4,1,1,3,3,0,1,10,1,1,1,0,0,1,0,6,2,10,1
4,20,4,1,1,0,3,3,0,2,1,1,1,0,0,3,0,4,0,6,1
7,20,4,1,1,0,3,0,0,2,1,1,1,5,0,1,0,5,8,8,1
14,6,0,0,1,4,3,0,1,0,1,1,1,8,2,1,0,3,8,4,0
10,18,0,1,1,0,3,3,0,4,1,1,1,0,0,3,2,0,0,0,0
2,19,4,0,1,0,3,3,0,2,1,1,1,7,0,3,0,1,4,2,1
6,19,4,0,1,0,3,0,0,2,1,1,1,7,0,0,5,0,0,10,1
0,15,4,1,1,4,3,0,1,7,1,1,1,7,0,1,0,3,4,4,1
11,14,0,0,1,4,3,0,1,5,1,1,1,0,2,1,2,8,0,6,1
10,15,4,1,1,0,3,0,0,12,1,1,1,5,0,0,5,0,0,0,1
15,19,0,0,1,3,3,0,1,15,1,1,1,5,2,1,5,6,0,2,1
15,21,0,1,1,4,3,0,1,1,1,1,1,5,2,1,0,6,3,5,1
4,12,4,0,1,0,3,0,0,15,1,1,1,1,0,1,5,0,0,1,0
5,20,4,1,1,3,3,0,1,0,1,1,1,0,0,4,5,0,0,0,0
10,19,4,1,1,0,3,3,0,12,1,1,1,1,0,1,0,3,4,4,0
11,15,0,0,1,0,3,3,0,0,1,1,1,0,2,1,0,6,3,9,0
1,18,4,0,1,4,3,0,1,10,1,1,1,5,0,1,0,6,3,4,1
7,18,4,0,1,0,3,3,0,0,1,1,1,5,0,1,0,6,10,8,0
2,15,4,0,1,0,3,3,0,2,1,1,1,0,0,0,5,0,0,0,1
12,20,0,0,1,0,3,1,0,1,1,1,1,0,2,1,0,8,2,11,0
14,15,0,1,1,0,3,3,0,0,1,1,1,0,2,1,0,6,4,10,1
5,20,4,1,1,4,3,0,1,10,1,1,1,0,0,1,0,6,3,5,1
13,21,0,0,1,4,3,0,1,0,1,1,1,0,2,1,0,6,11,14,1
14,19,0,0,1,0,3,1,0,0,1,1,1,0,2,1,0,7,4,9,1
12,20,4,0,1,0,3,0,0,9,1,1,1,0,2,2,0,2,11,8,1
1,15,4,1,0,3,3,1,0,14,0,1,1,0,0,1,0,6,2,13,1
10,20,2,1,1,0,3,1,0,0,1,1,1,0,0,1,0,6,6,8,0
4,18,4,1,1,4,3,0,1,2,1,1,1,7,2,1,0,1,9,6,1
6,18,4,1,1,0,3,3,0,2,1,1,1,1,0,1,0,6,5,7,0
6,20,4,1,1,0,3,0,0,0,1,1,1,1,0,1,0,6,6,7,1
5,19,4,0,1,0,3,0,0,2,1,1,1,0,0,2,0,6,8,6,1
3,20,4,1,1,0,3,1,0,2,1,1,1,5,0,1,0,5,5,4,1
0,18,4,1,1,0,3,0,0,0,1,1,1,7,0,3,0,4,0,1,1
10,20,4,1,1,0,3,1,0,0,1,1,1,0,0,3,0,5,3,4,1
15,20,0,0,1,0,3,1,0,0,1,1,1,0,2,1,0,6,5,11,1
1,18,4,1,1,0,3,0,0,2,1,1,1,7,0,1,0,1,6,6,1
2,18,4,1,1,0,3,0,0,4,1,1,1,0,0,0,5,0,0,0,1
14,20,0,1,0,3,3,0,1,0,1,1,1,5,2,1,0,8,4,10,0
13,17,0,1,1,3,3,0,1,2,1,1,1,5,2,1,0,6,2,12,1
9,20,4,0,1,4,3,0,1,0,1,1,1,7,0,1,0,7,6,11,0
7,19,4,1,1,0,3,0,0,2,1,1,1,0,0,1,0,1,3,3,1
15,21,0,1,1,0,3,2,0,0,1,1,1,0,2,1,0,6,3,10,0
13,20,4,1,1,0,3,0,0,2,1,1,1,0,2,1,0,3,6,5,1
12,20,0,1,1,0,3,1,0,0,1,1,1,0,2,1,0,6,4,11,1
11,20,4,0,1,0,3,0,0,7,1,1,1,0,2,1,0,6,1,9,1
9,20,4,0,1,0,3,0,0,2,1,1,1,0,0,1,0,6,7,13,1
4,13,4,0,1,0,3,0,0,15,1,1,1,1,0,0,5,0,0,0,1
14,15,0,1,1,4,3,0,1,0,1,1,1,0,2,1,0,6,5,12,1
6,18,4,1,1,0,3,3,0,11,1,1,1,7,0,1,0,4,4,4,0
5,15,4,0,1,0,0,1,0,16,1,1,1,1,0,5,3,9,1,6,1
4,15,4,0,1,0,3,0,0,7,1,1,1,0,0,1,0,2,10,4,1
3,15,4,0,1,4,3,0,1,14,1,1,1,1,0,0,5,0,0,0,0
1,14,4,0,1,0,3,0,0,2,1,1,1,5,0,1,0,6,4,6,1
1,18,4,1,1,4,3,0,1,2,1,1,1,0,0,1,0,1,1,5,1
10,21,4,0,1,0,3,0,0,0,1,1,1,0,0,1,0,6,2,14,1
8,23,0,1,1,4,3,0,1,8,1,1,1,0,0,0,5,0,0,0,1
2,15,4,0,1,0,0,1,0,16,1,1,1,0,0,5,3,9,2,7,0
12,15,4,0,1,0,3,3,0,12,1,1,1,0,2,1,0,9,11,14,0
0,17,4,0,1,0,3,1,0,2,1,1,1,0,0,1,5,3,0,1,1
12,18,4,1,1,3,3,0,1,2,1,1,1,5,2,1,0,2,1,4,1
5,14,4,1,1,0,3,1,1,9,1,1,1,8,0,6,2,1,0,3,0
3,18,4,0,1,0,3,1,0,2,1,1,1,1,0,1,0,6,2,9,1
15,20,4,1,1,0,3,0,0,2,1,1,1,7,2,6,0,4,0,3,1
2,21,4,1,1,4,3,0,1,9,1,1,1,5,0,4,0,1,1,3,1
5,14,4,0,1,0,3,0,0,15,1,1,1,0,0,1,5,6,0,1,0
1,18,4,1,1,0,3,1,0,2,1,1,1,0,0,1,0,1,3,3,1
1,15,4,1,1,0,3,0,0,2,1,1,1,0,0,0,5,0,0,0,1
8,16,4,0,1,0,3,0,0,2,1,1,1,0,0,0,5,0,0,0,1
13,18,4,0,1,0,3,0,0,12,1,1,1,7,2,1,0,9,6,10,1
8,19,4,0,1,0,3,0,0,7,1,1,1,0,0,1,0,9,1,9,1
12,22,4,1,1,0,3,1,0,0,1,1,1,0,2,7,0,7,8,13,1
4,18,0,0,1,0,3,1,0,1,1,1,1,0,0,1,0,8,4,12,1
11,18,4,0,1,0,3,0,0,12,1,1,1,0,2,1,0,6,5,8,1
15,20,0,1,1,3,3,0,1,0,1,1,1,0,2,1,0,6,6,12,1
0,18,4,1,1,0,3,3,0,2,1,1,1,7,0,1,0,1,8,5,1
11,19,4,1,1,0,3,0,0,2,1,1,1,7,2,0,5,0,0,0,1
13,12,3,1,1,0,3,0,0,0,1,1,1,7,2,1,0,6,5,13,1
3,18,4,1,1,0,3,0,0,2,1,1,1,7,0,1,0,2,9,4,1
8,20,4,0,1,0,3,0,0,11,1,1,1,5,0,1,0,6,6,14,1
13,11,4,0,1,0,3,0,0,5,1,1,1,7,2,1,0,9,10,10,1
7,19,4,1,1,0,3,1,0,2,1,1,1,7,0,1,0,3,1,9,1
2,18,4,1,1,4,3,0,1,0,1,1,1,5,0,2,0,1,4,3,0
11,14,0,1,1,0,3,3,0,0,1,1,1,8,2,0,5,0,0,5,1
7,15,4,0,1,0,0,0,0,16,1,1,1,0,0,5,3,8,2,6,0
0,17,4,1,0,0,3,1,0,2,1,1,0,0,0,0,5,0,0,0,1
13,19,4,1,1,0,3,0,0,0,1,1,1,1,2,1,0,6,3,6,1
5,17,3,1,1,0,3,3,0,0,1,1,1,7,2,1,0,3,2,6,1
4,19,4,0,1,0,3,0,0,2,1,1,1,0,0,1,0,6,7,9,1
13,12,3,1,1,0,3,0,0,0,1,1,1,7,2,1,0,6,8,9,0
10,18,4,1,1,0,3,3,0,2,1,1,1,7,0,0,5,0,0,0,1
2,18,4,0,1,3,3,0,1,2,1,1,1,5,0,0,5,0,0,0,1
0,15,4,0,1,0,3,0,0,2,1,1,1,7,0,1,0,6,8,6,1
2,18,4,0,1,0,3,0,0,11,1,1,1,0,0,6,0,1,2,3,1
6,15,4,1,0,0,3,0,0,2,1,1,0,0,0,0,5,0,0,5,1
15,15,4,0,1,4,3,0,1,2,1,1,1,0,2,1,0,6,4,5,1
9,15,4,0,1,0,3,3,0,2,1,1,1,0,0,1,0,4,3,6,1
2,15,4,1,1,0,3,0,0,2,1,1,1,0,0,1,2,6,0,6,1
10,0,4,0,0,0,3,0,0,2,0,0,1,0,0,0,5,0,0,1,0
15,20,0,0,1,0,3,1,0,0,1,1,1,8,2,6,0,3,0,2,0
2,18,4,1,1,4,3,0,1,9,1,1,1,0,0,0,5,0,0,0,1
5,20,4,0,1,0,3,0,0,2,1,1,1,7,0,0,5,0,0,0,1
0,18,4,0,1,0,3,0,0,2,1,1,1,0,0,9,2,0,0,0,1
15,21,0,1,1,0,3,1,0,0,1,1,1,0,2,1,0,6,2,12,1
0,18,4,0,1,0,3,0,0,2,1,1,1,7,0,1,0,1,2,3,1
9,20,4,1,1,0,3,1,0,12,1,1,1,0,0,1,0,7,4,10,1
0,17,4,0,1,0,3,3,0,16,1,1,1,5,0,1,5,0,0,0,1
6,20,4,1,1,0,3,0,0,2,1,1,1,5,0,0,5,0,0,0,1
5,18,4,1,1,0,3,0,0,2,1,1,1,8,0,1,5,0,0,2,0
14,23,0,0,1,4,3,3,1,9,1,1,1,5,2,1,0,6,6,14,1
5,11,4,0,0,0,3,0,0,15,1,1,1,7,0,1,5,9,0,0,1
6,18,4,0,1,0,3,0,0,2,1,1,1,0,0,1,5,0,0,0,1
1,15,2,1,1,3,3,0,1,2,1,1,1,0,0,1,0,6,8,8,1
9,18,0,1,1,0,3,3,0,1,1,1,1,0,0,1,0,8,4,11,1
3,20,4,1,1,4,3,0,1,9,1,1,1,7,0,3,0,6,2,3,1
0,9,4,0,1,0,3,1,0,5,1,1,1,8,0,2,0,8,1,8,1
11,15,0,0,1,0,0,0,0,16,1,1,1,0,2,5,3,6,1,9,0
2,19,4,1,1,0,3,1,0,2,1,1,1,0,0,1,0,1,10,2,1
8,20,0,0,1,4,3,0,1,2,1,1,1,5,0,1,0,6,5,9,1
2,22,4,1,1,0,3,1,0,7,1,1,1,8,0,0,5,0,0,0,1
1,17,4,1,1,0,3,0,0,2,1,1,1,0,0,1,2,0,0,0,0
5,21,4,0,1,0,3,3,0,14,1,1,1,5,0,1,0,6,10,9,0
8,20,4,0,1,0,3,0,0,2,1,1,1,0,0,1,0,8,2,12,0
8,18,4,0,1,0,3,0,0,0,1,1,1,0,0,1,0,7,8,5,1
3,18,4,1,0,0,3,1,0,16,1,1,0,0,0,0,5,0,0,0,0
13,12,2,0,1,0,3,3,0,12,1,1,1,0,2,1,0,6,3,12,1
1,15,4,1,1,4,3,0,1,12,1,1,1,7,0,1,0,4,1,4,1
12,15,0,0,1,0,3,1,0,0,1,1,1,0,2,1,0,6,3,9,1
5,17,4,0,1,0,3,0,0,2,1,1,1,7,0,2,0,4,3,3,1
14,23,0,0,1,4,3,0,1,1,1,1,1,0,2,1,0,6,6,14,1
9,19,4,1,1,0,3,1,0,2,1,1,1,0,0,3,0,3,3,11,1
3,15,3,0,1,0,3,0,0,2,1,1,1,6,0,1,0,6,10,3,1
10,20,0,1,1,0,3,0,0,0,1,1,1,0,0,1,0,8,5,14,0
4,12,0,1,0,4,3,0,1,1,1,1,0,7,1,6,1,0,0,0,1
9,18,0,1,1,4,3,3,1,1,1,1,1,7,0,7,0,1,8,5,1
14,11,0,0,1,0,3,0,0,1,1,1,1,0,2,1,0,9,2,14,1
2,16,4,0,1,0,3,3,0,3,1,1,1,0,0,2,0,1,1,3,1
13,17,0,1,1,0,3,0,0,1,1,1,1,0,2,1,0,6,3,9,1
11,16,4,0,1,3,3,0,1,2,1,1,1,8,2,1,0,6,6,5,1
11,18,4,1,1,0,3,0,0,2,1,1,1,0,2,1,0,3,6,3,1
5,21,4,0,1,0,3,1,0,2,1,1,1,0,0,1,0,8,4,9,1
1,18,4,0,1,0,3,0,0,2,1,1,1,0,0,1,2,3,0,3,1
4,12,4,0,1,0,3,0,0,2,1,1,1,0,0,1,0,6,3,9,1
0,18,4,0,1,0,3,0,0,16,1,1,1,7,0,1,0,6,1,2,0
15,19,0,0,1,4,3,3,1,1,1,1,1,0,2,2,0,6,3,10,1
10,17,4,0,0,0,3,0,0,15,1,1,0,1,0,0,5,0,0,8,0
14,18,0,1,1,0,3,0,0,0,1,1,1,0,2,1,0,6,11,11,1
7,18,4,1,1,0,3,1,0,5,1,1,1,7,0,1,0,6,2,4,1
6,11,4,0,1,0,3,1,0,7,1,1,1,0,0,1,0,6,3,10,1
12,21,4,0,1,4,3,3,1,11,1,1,1,5,2,1,0,6,4,13,0
1,18,4,1,1,0,3,0,0,12,1,1,1,0,0,1,0,6,4,13,0
7,20,4,1,1,0,3,0,0,11,1,1,1,1,0,1,0,6,3,5,0
14,19,4,0,1,3,3,0,1,2,1,1,1,5,2,1,0,6,10,9,1
9,20,0,0,1,0,3,0,0,0,1,1,1,5,0,1,5,6,0,3,1
7,15,4,0,1,0,3,1,0,12,1,1,1,0,0,1,0,6,2,9,1
12,15,0,0,1,4,3,0,1,0,1,1,1,7,2,1,0,9,4,13,1
13,20,2,0,1,0,3,1,0,0,1,1,1,0,2,1,0,9,0,13,0
14,19,4,1,1,0,3,3,0,12,1,1,1,0,2,2,5,0,0,0,1
11,21,4,0,1,0,3,1,0,12,1,1,1,0,2,2,0,6,4,13,1
3,20,4,0,1,0,3,3,0,14,1,1,1,5,0,0,5,0,0,0,1
10,17,0,0,1,4,3,0,1,9,1,1,1,2,0,1,0,6,5,9,1
14,20,0,1,1,0,3,0,0,1,1,1,1,7,2,1,0,8,6,11,1
6,20,4,1,1,4,3,0,1,2,1,1,1,5,0,1,0,6,5,9,1
1,18,4,1,1,0,3,3,0,12,1,1,1,0,0,1,0,4,6,9,0
1,18,4,0,1,4,3,3,1,9,1,1,1,5,0,0,5,0,0,0,1
12,18,0,1,1,3,3,0,1,9,1,1,1,5,2,1,0,4,11,3,1
4,18,4,1,1,0,3,0,0,2,1,1,1,7,0,0,5,0,0,0,1
13,22,4,0,1,0,3,3,0,5,1,1,1,5,2,1,0,6,9,11,1
13,20,4,0,1,0,3,1,0,5,1,1,1,7,2,1,0,8,9,11,1
11,20,4,0,1,0,3,0,0,0,1,1,1,0,2,1,0,7,11,12,1
15,20,4,1,1,0,3,3,0,2,1,1,1,0,2,1,0,1,4,2,0
14,15,4,0,1,4,3,0,1,0,1,1,1,1,0,2,0,8,3,4,1
15,15,0,0,1,0,3,0,0,1,1,1,1,0,2,1,0,3,2,5,1
2,15,4,0,1,0,3,1,0,2,1,1,1,0,0,1,2,1,0,2,1
6,18,4,1,1,0,3,1,0,2,1,1,1,8,0,1,5,0,0,2,1
9,20,0,0,1,0,3,1,0,0,1,1,1,0,0,1,0,6,4,14,0
7,21,4,0,1,0,3,0,0,0,1,1,1,0,0,6,0,6,2,11,0
10,18,0,0,1,0,0,1,0,0,1,1,1,0,0,5,3,8,1,12,1
11,18,0,0,1,0,3,1,0,0,1,1,1,0,2,1,0,8,4,12,1
9,15,0,0,1,4,3,0,1,1,1,1,1,7,0,1,0,4,10,8,0
2,19,4,1,1,0,3,0,0,11,1,1,1,5,0,1,0,1,4,2,1
5,15,4,0,0,0,3,0,0,2,1,1,0,0,0,1,2,2,0,3,1
14,15,4,0,0,0,3,3,0,14,1,1,1,0,2,1,0,6,6,10,1
0,13,4,0,1,0,3,3,0,2,1,1,1,7,0,1,5,4,0,6,1
5,20,4,1,1,0,3,1,0,0,1,1,1,0,0,1,5,5,0,3,1
6,15,4,1,1,0,3,1,0,4,1,1,1,5,0,1,5,0,0,4,1
9,15,4,0,1,0,3,0,0,2,1,1,1,0,0,1,0,6,6,5,1
1,18,4,0,1,0,3,3,0,11,1,1,1,7,0,1,0,6,4,8,1
13,11,0,0,1,4,3,0,1,15,1,1,1,7,2,1,5,9,0,0,1
12,21,0,0,1,0,3,0,0,1,1,1,1,0,2,1,0,6,6,12,1
5,19,4,0,1,0,3,1,0,7,1,1,1,0,0,1,2,0,0,0,1
0,15,4,1,1,3,3,0,1,2,1,1,1,0,0,0,5,0,0,0,1
9,13,0,0,1,0,3,1,0,1,1,1,1,0,0,1,5,0,0,0,1
13,21,0,1,1,3,3,0,1,1,1,1,1,5,2,1,0,6,8,14,1
8,20,4,0,1,0,3,1,0,0,1,1,1,0,0,3,0,6,3,10,1
8,19,0,1,1,4,3,0,1,0,1,1,1,0,0,0,5,0,0,0,1
2,15,4,1,1,0,3,3,0,4,1,1,1,8,0,1,0,6,10,9,1
5,18,4,1,1,0,3,0,0,2,1,1,1,0,0,1,0,5,10,3,0
11,16,0,1,1,0,3,3,0,1,1,1,1,7,2,0,5,0,0,0,1
6,20,4,0,1,0,2,0,0,2,1,1,1,1,0,5,4,6,4,11,0
10,20,4,0,1,0,3,0,0,11,1,1,1,0,0,1,0,7,7,12,0
0,15,0,1,1,4,3,0,1,6,1,1,1,7,0,3,0,6,8,6,1
8,20,4,1,1,0,3,1,0,0,1,1,1,0,0,1,0,8,8,9,1
6,18,4,1,1,0,3,3,0,2,1,1,1,5,0,1,0,4,11,3,1
5,20,4,0,1,0,3,0,0,2,1,1,1,0,0,0,5,0,0,0,1
13,18,0,1,1,0,3,3,0,1,1,1,1,0,2,1,5,0,0,1,1
11,10,0,1,1,4,3,0,1,0,1,1,1,0,2,0,5,0,0,0,1
3,18,4,0,1,0,3,0,0,2,1,1,1,1,0,1,0,5,4,3,1
12,14,0,1,1,0,3,3,0,0,1,1,1,7,2,1,0,8,8,11,1
0,13,4,0,0,0,3,3,0,2,1,1,0,7,0,0,5,0,0,6,1
0,18,4,1,1,0,3,3,0,8,1,1,1,0,0,3,0,2,0,1,1
1,18,4,1,1,0,3,0,0,2,1,1,1,0,0,1,0,1,8,1,1
9,3,0,0,0,0,1,3,0,6,0,0,0,7,0,2,0,6,10,7,1
4,16,4,0,1,0,3,0,0,10,1,1,1,4,0,1,5,6,0,3,1
14,19,4,1,1,4,3,0,1,12,1,1,1,0,2,1,0,6,2,9,0
10,19,4,1,1,0,3,3,0,2,1,1,1,0,0,1,0,5,2,8,1
1,18,4,0,1,0,0,0,0,16,1,1,1,0,0,5,3,6,9,6,1
8,23,0,0,1,4,3,0,1,0,1,1,1,5,0,1,0,6,4,14,1
12,15,4,0,1,0,3,1,0,16,1,1,1,0,2,1,0,6,1,6,1
11,20,4,0,1,0,3,0,0,14,1,1,1,0,2,3,0,4,3,6,1
8,20,0,0,1,0,3,0,0,1,1,1,1,0,0,2,0,8,11,12,1
6,18,4,0,1,0,3,1,0,2,1,1,1,8,0,1,0,6,6,8,1
10,10,4,0,1,0,3,0,0,2,1,1,1,0,0,5,0,6,2,10,1
7,15,4,0,1,0,0,3,0,16,1,1,1,0,0,5,3,9,2,8,1
3,17,4,0,1,0,3,0,0,2,1,1,1,0,0,1,5,0,0,5,1
11,20,0,0,1,0,3,0,0,0,1,1,1,8,2,1,0,6,3,11,0
11,10,4,0,1,4,3,0,1,0,1,1,1,0,2,5,0,6,3,10,1
3,17,0,1,1,0,3,3,0,1,1,1,1,7,0,1,0,3,6,3,1
14,15,4,0,1,0,3,0,0,0,1,1,1,7,2,1,2,2,0,4,0
14,23,4,1,1,0,3,0,0,2,1,1,1,5,2,2,0,6,11,10,1
7,20,0,1,1,4,3,0,1,1,1,1,1,5,0,0,5,0,0,0,0
15,21,0,0,1,0,3,0,0,0,1,1,1,5,2,3,0,9,5,13,1
3,13,4,1,1,4,3,3,1,12,1,1,1,0,2,1,5,0,0,6,1
7,20,4,0,1,0,3,0,0,11,1,1,1,0,0,2,0,1,8,3,1
12,17,2,1,1,0,3,0,0,2,1,1,1,0,2,1,5,0,0,1,1
7,21,0,1,1,0,3,0,0,0,1,1,1,5,0,1,0,7,8,10,1
12,18,0,1,1,0,3,1,0,0,1,1,1,0,2,4,0,2,4,2,1
14,18,0,1,1,4,3,0,1,1,1,1,1,7,2,1,0,6,4,10,1
12,22,4,1,1,4,3,0,1,9,1,1,1,0,2,1,0,5,0,8,1
14,21,0,0,1,0,3,0,0,0,1,1,1,0,2,2,0,9,6,14,1
6,15,4,1,1,0,3,3,0,14,1,1,1,0,0,1,0,6,0,8,1
2,15,4,0,1,0,3,0,0,2,1,1,1,8,0,1,0,1,3,2,1
13,20,4,1,1,3,3,0,0,11,1,1,1,5,2,1,0,6,2,11,1
3,20,4,1,1,0,3,0,0,12,1,1,1,7,0,1,0,7,4,11,1
3,11,4,0,1,0,3,3,0,11,1,1,1,7,0,1,0,9,10,0,1
7,18,4,0,1,0,3,3,0,0,1,1,1,5,0,2,0,6,8,12,0
3,19,0,1,1,0,3,0,0,1,1,1,1,7,0,1,0,3,6,4,0
3,19,0,1,1,0,3,0,0,8,1,1,1,0,0,1,5,0,0,0,1
1,19,4,0,1,0,3,0,0,7,1,1,1,0,0,0,5,0,0,0,1
4,16,4,1,1,0,3,3,0,5,1,1,1,4,0,1,0,5,10,4,1
7,20,0,0,1,3,3,0,1,1,1,1,1,0,0,5,0,7,2,11,1
8,21,4,1,1,0,3,0,0,2,1,1,1,5,0,1,0,1,11,3,1
3,18,4,0,1,0,3,0,0,16,1,1,1,0,0,6,5,0,0,0,0
11,14,0,0,1,3,3,0,1,0,1,1,1,7,2,1,0,6,3,12,1
14,15,0,1,1,4,3,0,1,1,1,1,1,0,2,1,5,0,0,0,1
0,15,4,0,1,0,3,0,0,2,1,1,1,7,0,1,0,4,2,5,0
14,20,4,1,0,3,3,0,1,0,1,1,1,5,2,1,0,6,6,10,0
0,18,4,0,1,4,3,0,1,16,1,1,1,5,0,1,5,1,0,2,0
6,20,4,1,1,0,3,0,0,12,1,1,1,0,0,1,0,6,1,13,1
10,21,4,0,1,0,3,0,0,0,1,1,1,0,0,1,0,9,11,14,1
8,11,3,0,0,3,3,0,1,0,1,1,0,7,1,6,0,9,3,2,1
2,15,4,1,1,4,3,0,1,9,1,1,1,5,0,0,5,0,0,0,1
10,15,4,0,1,0,3,1,0,4,1,1,1,7,0,4,0,5,4,7,1
12,18,4,1,1,0,3,3,0,11,1,1,1,0,2,1,0,6,10,10,0
15,21,0,1,1,0,3,0,0,0,1,1,1,5,2,1,0,7,4,13,1
5,20,4,1,1,0,3,1,0,2,1,1,1,0,0,6,0,2,11,4,1
9,18,2,1,1,0,3,2,0,2,1,1,1,6,0,3,0,2,1,6,1
13,15,4,0,1,3,3,0,1,2,1,1,1,7,2,1,0,6,3,11,1
3,15,4,0,1,3,3,0,1,0,1,1,1,0,0,1,5,0,0,0,1
14,18,0,1,1,3,3,0,1,1,1,1,1,0,2,1,0,6,4,9,1
3,13,4,0,1,0,3,3,0,2,1,1,1,7,0,9,2,0,0,0,1
11,18,4,0,1,0,3,1,0,0,1,1,1,0,2,1,0,4,3,8,1
12,11,4,0,0,0,3,1,0,0,0,1,1,0,2,1,0,0,5,13,1
7,20,4,0,1,0,3,0,0,0,1,1,1,1,0,1,0,6,2,11,0
7,20,4,1,1,0,3,0,0,2,1,1,1,5,0,1,0,6,3,10,1
15,15,0,1,1,4,3,0,1,1,1,1,1,0,2,0,5,0,0,3,1
11,20,0,1,1,0,3,1,0,1,1,1,1,0,2,1,0,6,1,11,0
3,18,4,1,1,0,3,0,0,9,1,1,1,0,0,1,0,3,2,2,1
6,15,0,0,1,3,3,0,1,0,1,1,1,0,0,1,0,6,1,13,1
10,19,4,1,1,0,3,3,0,2,1,1,1,8,0,3,2,0,0,0,1
4,21,4,1,1,0,3,3,0,4,1,1,1,8,0,1,0,6,6,9,0
12,17,2,0,1,0,3,1,0,0,1,1,1,0,2,1,0,9,6,10,1
10,20,0,0,1,0,3,0,0,1,1,1,1,5,0,2,0,6,11,14,1
10,20,4,0,1,0,3,0,0,0,1,1,1,0,0,1,0,4,7,7,1
10,15,4,1,1,0,3,0,0,0,1,1,1,7,0,1,0,6,4,9,1
6,20,4,1,1,0,3,0,0,5,1,1,1,0,0,1,0,3,2,9,1
9,20,4,0,1,0,3,0,0,2,1,1,1,5,0,1,0,2,2,3,1
11,17,0,1,1,0,3,1,0,0,1,1,1,8,2,1,0,6,6,13,0
4,13,4,0,0,4,3,0,1,15,1,1,1,7,0,1,5,0,0,0,1
2,15,4,0,1,4,3,3,1,11,1,1,1,0,0,0,5,0,0,0,0
11,19,4,0,1,4,3,0,1,0,1,1,1,0,2,1,0,6,6,8,1
9,17,4,0,1,0,3,0,0,2,1,1,1,0,0,1,0,5,2,3,1
7,20,4,1,1,0,3,0,0,5,1,1,1,0,0,2,0,6,10,10,1
15,20,2,1,1,0,3,2,0,0,1,1,1,6,2,3,0,6,10,11,0
3,15,4,0,1,0,3,0,0,2,1,1,1,0,0,1,2,0,0,0,1
3,15,4,1,0,0,3,1,0,2,1,1,1,0,0,0,5,0,0,1,0
10,18,4,1,1,0,3,3,0,0,1,1,1,7,0,2,0,4,11,9,1
6,18,4,0,1,0,3,3,0,0,1,1,1,0,0,1,0,4,6,3,0
1,18,4,1,1,0,3,3,0,2,1,1,1,5,0,1,5,1,0,3,1
1,18,4,1,1,0,3,0,0,2,1,1,1,0,0,3,0,1,6,2,0
2,18,4,1,1,0,3,0,0,2,1,1,1,0,0,3,0,1,10,1,1
13,18,4,1,1,3,3,3,1,0,1,1,1,5,2,2,5,0,0,0,1
0,15,0,0,1,0,3,3,0,8,1,1,1,5,0,1,1,2,0,0,1
1,15,4,0,1,0,3,3,0,7,1,1,1,0,0,1,0,6,2,5,1
3,20,4,1,1,0,3,0,0,9,1,1,1,0,0,1,0,6,6,3,0
12,11,4,0,1,4,3,0,1,11,1,1,1,0,2,1,0,1,2,6,1
10,18,0,1,1,1,3,1,1,1,1,1,1,8,0,2,0,1,3,6,1
2,18,4,1,1,0,3,1,0,2,1,1,1,8,0,1,0,6,1,6,1
10,15,4,0,1,0,3,3,0,2,1,1,1,0,0,1,0,5,6,4,1
14,20,4,1,1,0,3,0,0,2,1,1,1,0,2,1,0,6,5,9,1
5,20,4,1,1,0,3,0,0,2,1,1,1,1,0,5,2,6,0,2,1
7,15,4,1,1,3,3,0,1,2,1,1,1,0,0,1,0,6,6,5,1
13,20,4,0,1,2,3,0,0,2,1,1,1,0,2,1,0,2,8,6,1
6,20,4,1,1,0,3,0,0,12,1,1,1,0,0,1,0,6,3,9,1
0,14,4,0,1,0,3,2,0,5,1,1,1,8,0,0,5,0,0,0,0
1,15,4,0,1,0,3,1,0,2,1,1,1,0,0,1,0,2,3,3,1
12,15,4,0,1,4,3,0,1,0,1,1,1,8,2,1,0,6,3,4,1
2,19,4,1,1,0,3,0,0,2,1,1,1,0,0,0,5,0,0,0,1
0,15,4,0,1,0,3,1,0,7,1,1,1,8,0,1,5,0,0,0,1
4,17,4,1,1,0,3,0,0,0,1,1,1,5,0,1,5,0,0,1,0
1,18,4,1,1,0,3,3,0,16,1,1,1,7,0,1,5,1,0,4,1
6,20,4,1,1,0,3,1,0,14,1,1,1,0,0,1,0,4,0,2,1
8,15,4,0,1,0,3,1,0,7,1,1,1,0,0,0,5,0,0,0,1
13,7,0,0,1,0,1,0,0,11,1,1,1,7,2,2,0,4,8,14,1
12,18,4,0,1,0,3,3,0,2,1,1,1,0,2,2,0,6,8,12,1
8,15,4,1,1,4,3,0,1,0,1,1,1,5,0,1,0,6,6,9,1
9,17,0,1,1,4,3,0,1,0,1,1,1,0,0,0,5,0,0,0,0
4,15,4,1,1,0,3,1,0,2,1,1,1,0,0,1,0,3,4,2,0
0,15,4,0,1,0,3,0,0,2,1,1,1,0,0,1,0,2,2,3,0
14,20,0,1,1,0,3,0,0,1,1,1,1,1,2,5,5,0,0,2,0
14,15,0,0,1,3,3,0,1,0,1,1,1,0,2,1,0,6,6,7,1
8,19,0,0,1,3,3,0,1,2,1,1,1,7,0,1,0,6,6,13,1
15,21,0,0,1,3,3,0,1,9,1,1,1,5,2,6,0,6,0,8,1
4,20,4,1,1,0,3,0,0,0,1,1,1,5,0,1,0,6,2,13,1
0,15,4,1,0,0,2,1,0,6,1,1,0,8,0,6,0,4,2,6,1
1,15,4,0,0,0,3,0,0,5,0,1,0,0,0,0,5,0,0,0,0
6,18,4,1,1,0,3,3,0,10,1,1,1,8,0,1,0,6,3,3,1
10,15,0,0,1,4,3,3,1,0,1,1,1,7,0,6,0,6,11,8,1
15,20,0,0,1,4,3,0,1,0,1,1,1,0,2,6,0,9,0,13,0
11,14,4,1,0,0,3,3,0,16,1,1,0,1,2,0,5,0,0,5,1
12,18,0,0,1,0,3,1,0,1,1,1,1,8,2,1,0,5,1,6,1
4,20,4,0,1,0,3,3,0,11,1,1,1,0,0,6,0,6,0,13,1
11,18,0,0,1,0,3,0,0,1,1,1,1,0,2,3,2,0,0,0,1
14,19,0,1,1,0,3,3,0,1,1,1,1,0,2,0,5,0,0,0,1
10,15,4,0,1,0,3,3,0,11,1,1,1,0,0,1,0,8,11,9,1
11,20,4,1,1,0,3,0,0,0,1,1,1,1,2,1,0,1,2,4,1
4,18,4,1,1,0,3,1,0,2,1,1,1,8,0,6,0,2,0,3,1
1,14,4,0,1,0,3,0,0,2,1,1,1,0,0,9,2,0,0,0,1
1,17,4,1,1,0,3,0,0,2,1,1,1,0,0,1,0,2,2,8,1
3,18,4,0,1,0,3,3,0,0,1,1,1,0,0,1,0,1,3,3,0
10,20,4,0,1,0,3,3,0,11,1,1,1,0,0,4,0,6,10,14,1
1,18,4,1,1,0,3,1,0,2,1,1,1,5,0,1,5,5,0,2,1
1,18,4,1,1,4,3,0,1,9,1,1,1,5,0,9,2,2,0,0,1
5,11,4,0,1,4,3,0,1,11,1,1,1,0,0,1,0,6,3,10,0
9,20,0,1,1,4,3,0,1,1,1,1,1,5,0,2,0,6,11,10,0
6,18,4,0,1,0,3,1,0,0,1,1,1,0,0,1,0,1,2,14,1
2,18,4,0,1,3,3,0,1,2,1,1,1,5,0,0,5,0,0,0,1
12,20,0,1,1,0,3,1,0,1,1,1,1,0,2,5,0,8,4,11,1
13,21,0,0,1,4,3,0,1,1,1,1,1,5,2,0,5,0,0,0,1
14,20,0,0,1,0,3,1,0,1,1,1,1,0,2,5,0,6,6,9,0
11,14,4,0,1,0,3,0,0,2,1,1,1,0,2,7,0,6,3,5,1
9,15,4,0,1,0,3,0,0,0,1,1,1,0,0,6,0,6,6,10,1
10,15,0,0,1,0,3,0,0,0,1,1,1,0,0,1,0,6,6,9,1
4,15,4,1,1,0,3,0,0,11,1,1,1,0,0,1,0,2,10,5,0
9,13,4,0,1,0,3,0,0,15,1,1,1,1,0,1,5,0,0,0,0
14,20,4,1,1,0,3,0,0,9,1,1,1,5,2,1,0,7,5,10,1
3,15,4,1,1,0,3,0,0,2,1,1,1,0,0,1,0,2,8,4,1
3,19,4,1,1,0,3,0,0,0,1,1,1,0,0,1,0,5,9,3,0
2,16,4,0,0,0,3,0,0,15,1,0,1,5,0,1,5,6,0,2,1
12,16,3,1,1,0,3,3,0,1,1,1,1,0,2,0,5,0,0,4,1
10,20,0,1,1,0,3,3,0,1,1,1,1,7,0,1,0,6,4,11,1
9,20,4,0,1,2,3,3,1,0,1,1,1,5,0,4,0,5,4,6,1
4,18,4,1,1,0,3,0,0,0,1,1,1,7,0,1,0,6,10,5,1
8,13,4,0,1,0,3,0,0,0,1,1,1,0,0,1,0,6,5,9,1
1,18,4,1,1,0,3,0,0,2,1,1,1,0,0,6,0,1,3,6,0
9,18,4,1,1,0,3,0,0,2,1,1,1,1,0,0,5,0,0,4,1
3,18,4,0,1,0,3,0,0,16,1,1,1,0,0,1,0,6,4,5,0
1,17,4,1,1,0,3,3,0,9,1,1,1,7,0,1,2,2,0,0,1
13,20,0,1,1,4,3,0,1,0,1,1,1,5,2,1,0,6,7,12,1
3,17,4,1,1,0,3,1,0,2,1,1,1,0,0,1,0,2,6,2,0
7,16,1,0,0,2,3,1,0,3,1,0,0,0,0,1,5,9,0,2,1
0,15,4,1,1,0,3,0,0,2,1,1,1,0,0,3,0,1,3,2,1
0,18,4,0,1,4,3,0,1,2,1,1,1,5,0,0,5,0,0,0,1
12,19,0,1,1,0,3,0,0,0,1,1,1,0,2,1,0,6,3,10,1
8,18,3,1,1,0,3,0,0,0,1,1,1,0,0,1,0,3,2,4,1
2,19,4,0,1,0,3,0,0,12,1,1,1,0,0,1,2,6,0,5,0
10,18,0,0,1,3,3,0,1,1,1,1,1,5,0,1,0,6,4,12,1
9,13,4,0,1,0,3,0,0,0,1,1,1,0,0,1,0,6,10,13,1
0,15,4,1,1,0,3,3,0,16,1,1,1,0,0,1,5,0,0,0,1
0,15,4,1,1,0,3,1,0,0,1,1,1,0,0,1,0,2,2,4,1
12,15,4,0,1,0,3,1,0,12,1,1,1,8,2,1,0,7,6,2,1
6,15,0,0,1,4,3,0,1,1,1,1,1,0,0,1,0,6,6,11,1
4,15,4,1,1,0,3,0,0,2,1,1,1,0,0,1,0,6,6,2,0
14,17,4,1,1,0,3,0,0,2,1,1,1,8,2,1,0,6,1,10,1
2,18,4,1,1,0,3,0,0,16,1,1,1,0,0,3,0,1,1,3,0
8,17,3,1,1,0,3,3,0,7,1,1,1,0,2,1,0,3,4,6,1
13,20,4,1,1,0,3,1,0,0,1,1,1,0,2,2,0,8,4,10,0
11,21,4,0,1,0,3,1,0,0,1,1,1,0,2,1,0,6,2,14,1
1,19,4,0,1,0,3,1,0,2,1,1,1,0,0,1,0,4,5,5,1
6,20,4,1,1,0,3,0,0,4,1,1,1,0,0,1,0,6,8,9,1
10,20,4,1,1,3,3,0,1,10,1,1,1,5,0,1,0,8,3,10,1
2,22,4,0,1,0,3,3,0,11,1,1,1,0,0,1,0,6,4,14,0
8,18,4,0,1,0,3,1,0,0,1,1,1,5,0,1,0,6,6,11,1
10,19,4,1,1,0,3,0,0,0,1,1,1,8,0,1,0,6,3,9,0
4,17,0,0,1,0,3,3,0,0,1,1,1,0,0,1,0,6,4,9,1
13,17,4,1,1,4,3,0,1,0,1,1,1,5,2,0,5,0,0,10,1
8,16,4,0,1,0,3,0,0,2,1,1,1,0,0,1,0,6,1,8,1
5,15,4,0,1,0,3,0,0,2,1,1,1,7,0,1,0,6,1,10,0
13,18,4,0,1,0,3,3,0,2,1,1,1,7,2,1,0,5,0,8,1
0,18,4,1,1,0,3,0,0,2,1,1,1,0,0,0,5,0,0,0,1
11,19,0,0,1,4,3,0,1,0,1,1,1,7,2,1,0,6,5,11,1
12,16,3,1,1,0,3,3,0,0,1,1,1,0,2,0,5,0,0,4,1
7,17,4,1,1,0,3,0,0,2,1,1,1,0,0,1,0,6,5,7,1
5,20,4,1,1,0,3,1,0,10,1,1,1,8,0,1,0,6,3,13,1
6,18,4,0,1,0,3,1,0,16,1,1,1,0,0,1,0,1,2,7,0
11,20,0,1,1,3,3,3,1,0,1,1,1,0,2,1,5,6,0,14,1
0,17,4,1,1,0,3,0,0,11,1,1,1,0,0,1,0,6,6,5,1
2,15,4,0,1,0,3,1,0,4,1,1,1,0,0,3,0,5,8,6,1
0,18,4,1,1,0,3,0,0,16,1,1,1,1,0,3,5,1,0,3,1
7,15,0,0,1,0,3,0,0,0,1,1,1,5,0,1,0,8,4,11,0
15,16,4,0,0,0,3,0,0,15,1,1,0,7,2,1,5,5,0,2,1
11,20,4,1,1,0,3,3,0,12,1,1,1,7,2,1,0,6,10,13,1
6,14,4,0,1,0,3,3,0,5,1,1,1,0,0,1,0,8,5,8,1
14,21,0,1,1,0,3,0,0,1,1,1,1,0,2,1,0,6,4,13,1
11,15,0,1,1,0,3,0,0,1,1,1,1,0,2,1,0,6,7,13,1
13,20,4,0,1,4,3,0,1,12,1,1,1,0,2,1,0,6,10,9,1
7,15,4,0,1,0,3,0,0,2,1,1,1,7,0,1,0,6,6,9,1
0,18,4,1,1,0,3,3,0,11,1,1,1,0,0,1,0,4,0,3,0
1,15,4,0,1,0,3,0,0,14,1,1,1,7,0,1,0,2,3,2,1
14,20,4,0,1,0,3,3,0,0,1,1,1,0,2,6,0,2,0,4,1
8,15,0,1,1,0,3,1,0,1,1,1,1,0,0,1,5,0,0,0,0
0,18,4,1,1,0,3,3,0,2,1,1,1,7,0,2,5,2,0,3,1
9,21,0,1,1,0,3,0,0,1,1,1,1,1,0,9,2,0,0,0,1
10,15,0,1,1,0,3,0,0,8,1,1,1,7,0,1,0,3,4,3,1
2,18,4,0,1,4,3,0,1,11,1,1,1,7,0,6,0,1,6,3,1
14,15,0,0,1,0,3,0,0,5,1,1,1,0,2,1,0,9,3,14,1
2,22,4,0,1,0,3,0,0,15,1,1,1,0,0,0,5,0,0,0,0
12,20,0,1,1,3,3,0,1,0,1,1,1,5,2,1,1,6,0,13,1
1,18,4,1,1,0,3,0,0,16,1,1,1,0,0,2,0,1,1,2,0
5,15,4,1,0,0,3,0,0,9,1,1,1,7,0,1,0,6,6,8,1
13,17,0,1,1,0,3,1,0,1,1,1,1,8,2,1,0,6,2,7,1
3,20,4,1,1,0,3,3,0,0,1,1,1,5,0,1,0,2,9,14,1
6,15,4,0,0,0,3,1,0,6,1,1,1,5,0,3,0,6,2,14,1
2,15,4,1,1,0,3,3,0,2,1,1,1,7,0,0,5,0,0,0,1
2,15,4,0,1,0,3,0,0,2,1,1,1,0,0,1,0,6,4,7,1
10,20,4,1,1,0,3,3,0,2,1,1,1,5,0,1,0,5,11,3,1
3,18,4,0,1,0,3,3,0,14,1,1,1,0,0,1,0,6,6,9,1
5,20,4,0,1,0,3,1,0,0,1,1,1,0,0,1,0,6,4,9,0
2,18,4,0,1,0,3,0,0,15,1,1,1,0,0,0,5,0,0,0,0
0,18,4,1,1,0,3,3,0,10,1,1,1,5,0,0,5,0,0,3,1
0,15,4,1,1,0,3,0,0,2,1,1,1,0,0,1,0,4,4,4,1
8,17,4,1,1,0,3,0,0,11,1,1,1,7,0,1,0,6,8,6,1
11,23,0,1,1,0,3,0,0,0,1,1,1,5,2,1,0,8,11,13,1
15,13,4,0,0,0,3,0,0,0,1,1,0,0,2,0,5,0,0,5,1
11,20,0,0,1,0,3,3,0,1,1,1,1,0,2,1,0,8,10,12,0
0,15,4,0,1,0,3,1,0,7,1,1,1,0,0,1,0,2,11,4,0
5,18,4,0,1,0,3,1,0,2,1,1,1,0,0,1,5,1,0,1,1
10,21,0,0,1,3,3,0,1,1,1,1,1,0,0,1,0,6,3,14,1
13,15,4,0,1,3,3,3,1,9,1,1,1,0,2,1,0,8,6,8,1
15,18,4,0,1,4,3,0,1,0,1,1,1,0,2,1,0,4,10,5,1
11,15,0,0,1,0,3,1,0,2,1,1,1,0,2,1,0,6,6,11,1
11,20,4,1,1,0,3,1,0,12,1,1,1,1,2,1,0,6,11,12,1
9,15,4,1,1,0,3,0,0,11,1,1,1,0,0,1,5,0,0,0,1
4,20,4,0,1,0,3,0,0,12,1,1,1,1,0,1,0,7,10,10,0
10,20,0,1,1,0,3,0,0,0,1,1,1,0,0,1,0,6,10,9,1
13,15,0,1,1,0,3,0,0,0,1,1,1,0,2,1,0,1,2,3,1
3,15,4,1,1,0,3,3,0,9,1,1,1,7,0,1,0,6,8,8,1
3,0,4,0,1,4,3,0,1,2,1,1,1,0,0,1,0,8,4,6,1
10,15,4,1,1,0,3,3,0,12,1,1,1,0,0,1,0,6,1,10,1
12,15,0,0,1,4,3,0,1,9,1,1,1,0,2,1,5,6,0,5,1
8,18,4,0,1,0,3,0,0,0,1,1,1,1,0,1,0,6,2,7,1
4,21,4,1,1,0,3,1,0,0,1,1,1,0,0,1,0,8,2,9,0
15,19,0,1,1,0,3,3,0,1,1,1,1,0,2,1,5,0,0,0,1
13,15,0,1,1,0,3,0,0,0,1,1,1,0,2,1,5,0,0,0,1
8,18,4,0,1,0,3,0,0,7,1,1,1,1,0,1,0,6,11,7,1
2,19,4,1,1,0,3,0,0,0,1,1,1,0,0,0,5,0,0,0,0
0,18,4,0,1,0,3,0,0,2,1,1,1,5,0,1,0,6,0,6,1
14,15,0,1,1,0,3,0,0,0,1,1,1,8,2,2,0,8,4,13,1
14,21,0,0,1,4,3,0,1,1,1,1,1,5,2,2,0,7,11,13,0
1,18,4,0,1,0,3,0,0,9,1,1,1,0,0,1,0,2,11,3,0
8,15,0,1,1,0,3,0,0,2,1,1,1,7,0,1,0,6,2,7,1
6,18,4,1,1,0,3,3,0,2,1,1,1,0,0,1,0,5,8,10,1
4,19,4,0,1,0,3,1,0,2,1,1,1,8,0,1,0,2,5,7,1
8,19,4,0,1,0,3,0,0,12,1,1,1,0,0,1,0,9,11,12,1
6,20,4,1,1,0,3,1,0,2,1,1,1,0,0,4,0,5,5,6,1
15,18,0,0,1,4,3,3,1,1,1,1,1,7,2,1,0,6,2,9,1
5,15,4,1,1,0,3,0,0,2,1,1,1,5,0,1,0,6,8,5,1
5,20,4,0,1,0,3,0,0,0,1,1,1,5,0,1,0,6,3,13,1
8,15,0,0,1,0,3,0,0,1,1,1,1,0,0,1,0,6,2,14,1
1,14,4,0,0,0,3,0,0,2,1,1,0,8,0,0,5,0,0,0,1
14,15,4,1,0,4,3,0,1,12,1,1,1,2,2,1,5,0,0,0,0
10,5,4,1,1,3,3,0,1,4,1,1,1,0,0,4,0,6,10,4,1
10,20,4,1,1,0,3,0,0,12,1,1,1,0,0,1,0,7,4,14,1
7,15,4,0,1,0,3,0,0,2,1,1,1,0,0,1,0,6,8,9,1
2,15,4,1,1,4,3,3,1,4,1,1,1,0,0,1,0,4,4,6,1
1,17,4,0,1,0,3,3,0,2,1,1,1,0,0,1,0,6,2,10,1
4,20,4,1,1,0,3,3,0,14,1,1,1,0,0,1,0,2,5,2,1
8,20,4,0,1,0,3,1,0,0,1,1,1,0,0,1,2,0,0,0,0
2,19,4,0,1,0,3,1,0,16,1,1,1,0,0,0,5,0,0,0,0
7,13,4,1,1,0,3,0,0,2,1,1,1,7,0,1,0,6,3,6,1
12,15,4,1,1,3,3,0,1,2,1,1,1,1,2,1,0,6,6,9,1
9,15,0,0,1,0,3,0,0,0,1,1,1,0,0,1,0,9,1,11,1
0,15,4,1,1,4,3,0,1,2,1,1,1,7,0,0,5,0,0,1,1
10,20,4,0,1,0,3,0,0,12,1,1,1,0,0,1,0,8,3,12,0
13,20,4,0,1,0,3,3,0,12,1,1,1,0,2,1,0,9,0,12,0
14,21,0,1,1,0,3,1,0,0,1,1,1,0,2,6,0,8,5,12,1
12,18,4,1,1,0,3,3,0,2,1,1,1,5,2,2,0,1,2,3,1
8,0,4,0,1,4,3,0,1,9,1,1,1,5,0,1,0,6,4,6,1
1,15,4,0,1,0,3,0,0,2,1,1,1,0,0,1,0,2,10,4,1
6,18,4,0,1,4,3,3,1,14,1,1,1,0,0,1,0,6,8,10,0
6,20,4,1,1,0,3,3,0,2,1,1,1,5,0,2,0,6,8,11,1
7,20,4,1,1,4,3,0,1,2,1,1,1,5,0,1,0,6,1,8,1
9,17,4,0,1,0,3,0,0,2,1,1,1,0,0,3,0,5,6,5,1
7,14,4,1,1,0,3,0,0,12,1,1,1,7,0,1,0,6,4,5,1
15,18,4,1,1,0,3,1,0,2,1,1,1,0,2,1,0,6,2,12,1
12,7,4,0,0,0,1,0,0,2,0,0,1,5,0,2,0,4,5,2,1
10,10,0,0,0,0,3,3,0,0,1,1,0,0,0,1,0,6,5,8,1
1,15,4,1,0,0,3,1,0,6,0,1,0,6,0,0,5,0,0,4,0
11,19,4,1,1,0,3,1,0,2,1,1,1,5,2,1,0,6,6,9,1
3,15,4,1,1,0,3,0,0,2,1,1,1,5,0,1,5,6,0,2,1
8,1,4,0,0,0,2,3,0,2,0,1,0,0,0,0,5,0,0,0,1
10,22,4,0,1,4,3,1,1,0,1,1,1,5,0,1,0,6,6,14,0
0,17,4,1,1,0,3,0,0,16,1,1,1,0,0,1,5,2,0,3,1
13,20,0,1,1,0,3,3,0,1,1,1,1,0,2,1,0,8,2,13,0
0,14,4,1,1,0,3,1,0,16,1,1,1,8,0,3,0,2,1,2,1
7,20,4,1,1,0,3,1,0,0,1,1,1,0,0,5,0,6,4,11,0
7,20,4,0,0,0,3,0,0,2,1,1,0,0,0,1,2,1,0,4,1
10,20,4,1,1,0,3,1,0,12,1,1,1,8,0,4,0,4,4,5,1
5,20,4,1,1,0,3,3,0,11,1,1,1,0,0,1,0,6,4,10,0
4,15,4,1,1,0,3,0,0,2,1,1,1,1,0,0,5,0,0,6,1
0,18,4,1,1,0,3,3,0,2,1,1,1,0,0,0,5,0,0,0,0
3,18,4,1,1,0,3,1,0,2,1,1,1,8,0,1,0,2,1,2,0
6,15,4,0,1,0,3,3,0,2,1,1,1,0,0,1,0,5,3,7,1
15,20,0,0,1,0,3,0,0,0,1,1,1,0,2,6,0,5,0,9,1
4,15,4,1,0,0,3,0,0,2,1,1,1,5,0,1,5,0,0,4,1
14,18,4,0,1,0,3,3,0,2,1,1,1,1,2,1,0,6,6,8,1
0,18,4,0,1,4,3,0,1,9,1,1,1,5,0,0,5,0,0,0,1
2,15,4,0,1,0,3,0,0,15,1,1,1,1,0,0,5,0,0,0,0
0,15,4,1,1,0,3,3,0,2,1,1,1,1,0,0,5,0,0,0,1
14,18,0,0,1,3,3,2,1,1,1,1,1,0,2,1,0,6,10,9,0
6,19,0,0,1,0,0,0,0,16,1,1,1,0,0,5,3,9,0,11,0
2,18,4,1,1,0,3,0,0,4,1,1,1,0,0,1,0,1,3,7,1
15,20,0,1,1,4,3,0,1,1,1,1,1,0,2,1,5,1,0,2,1
15,22,4,1,1,0,3,0,0,11,1,1,1,5,2,1,0,7,2,14,1
4,12,2,0,1,4,3,0,1,7,1,1,1,0,0,1,2,0,0,0,0
0,15,4,1,1,0,3,0,0,2,1,1,1,0,0,0,5,0,0,0,1
8,15,4,0,1,0,3,3,0,2,1,1,1,5,0,1,0,6,11,9,1
4,20,4,1,1,0,3,3,0,11,1,1,1,0,0,2,0,8,8,8,1
10,20,4,1,1,0,3,0,0,9,1,1,1,7,0,1,0,6,8,7,1
10,14,4,0,1,0,3,3,0,15,1,1,1,7,0,0,5,0,0,0,1
0,15,4,0,1,0,3,3,0,2,1,1,1,7,0,1,0,2,2,4,1
12,17,0,1,1,0,3,1,0,1,1,1,1,0,2,1,0,6,8,10,1
3,20,4,1,1,0,3,3,0,11,1,1,1,0,0,0,5,0,0,0,1
4,18,0,0,1,0,3,1,0,0,1,1,1,0,0,1,0,4,6,6,0
3,17,4,0,1,0,3,1,0,2,1,1,1,0,0,1,0,7,1,2,1
3,18,4,0,1,0,3,0,0,2,1,1,1,7,0,0,5,0,0,0,1
15,19,4,0,1,0,3,0,0,0,1,1,1,0,2,3,0,6,8,10,0
3,18,4,0,1,0,3,0,0,0,1,1,1,5,0,2,0,1,2,2,0
1,18,4,0,1,0,3,0,0,16,1,1,1,0,0,1,5,0,0,0,0
5,18,4,0,1,0,3,0,0,2,1,1,1,0,0,1,2,3,0,5,1
7,11,4,0,1,4,3,0,1,11,1,1,1,7,0,1,0,6,10,10,1
10,18,4,0,1,0,3,0,0,2,1,1,1,0,0,1,0,6,6,10,1
4,19,4,1,1,0,3,0,0,2,1,1,1,0,0,1,0,6,5,7,1
13,20,0,0,1,0,3,1,0,0,1,1,1,0,2,1,0,6,2,13,1
10,20,0,1,1,0,3,0,0,0,1,1,1,0,0,6,0,8,8,14,1
7,20,4,1,1,0,3,0,0,2,1,1,1,7,0,1,0,6,10,10,1
7,13,4,0,1,0,3,0,0,2,1,1,1,0,0,6,5,0,0,0,1
14,23,0,0,1,4,3,0,1,8,1,1,1,5,2,0,5,0,0,0,1
10,19,0,1,1,0,3,1,0,1,1,1,1,1,0,1,0,6,4,11,1
11,17,4,0,1,0,0,1,0,0,1,1,1,0,2,5,3,9,2,12,1
9,15,4,0,1,0,3,0,0,2,1,1,1,7,0,1,0,6,7,10,1
13,20,4,0,1,0,3,0,0,2,1,1,1,0,2,1,0,6,8,9,1
7,20,4,1,1,0,3,0,0,0,1,1,1,0,0,1,0,6,5,13,1
4,20,4,1,1,0,3,1,0,2,1,1,1,0,0,1,5,0,0,0,0
4,15,4,1,1,0,3,0,0,16,1,1,1,7,0,1,5,4,0,6,0
8,15,4,1,0,0,3,0,0,0,1,1,0,0,0,1,2,0,0,4,0
4,10,4,1,1,0,3,0,0,9,1,1,1,0,0,1,0,1,3,1,1
8,15,4,0,1,0,3,0,0,0,1,1,1,0,0,1,0,6,6,9,1
10,20,4,0,1,0,3,0,0,2,1,1,1,5,0,1,0,6,7,14,1
2,22,4,0,1,0,3,0,0,15,1,1,1,0,0,0,5,0,0,0,0
6,15,4,0,1,4,3,0,1,2,1,1,1,0,0,1,0,6,4,11,1
3,19,4,0,1,4,3,0,1,2,1,1,1,5,0,0,5,0,0,0,1
14,15,0,1,1,0,3,0,0,0,1,1,1,7,2,1,0,6,8,11,1
15,19,4,1,1,4,3,0,1,0,1,1,1,7,2,1,0,4,1,9,0
7,15,4,0,1,0,3,0,0,12,1,1,1,7,0,1,0,6,6,8,1
4,18,4,0,1,2,3,3,0,2,1,1,1,1,0,1,5,0,0,1,1
6,17,4,1,1,0,3,1,0,2,1,1,1,0,0,2,0,2,1,3,1
7,15,4,0,1,0,3,0,0,9,1,1,1,0,0,1,0,7,10,5,0
10,20,4,0,1,0,3,1,0,0,1,1,1,0,0,3,0,4,6,13,0
5,18,4,0,0,0,3,0,0,2,1,1,0,1,0,0,5,0,0,0,1
10,19,0,0,1,0,3,0,0,8,1,1,1,7,0,1,0,6,3,11,1
11,20,0,1,1,0,3,1,0,0,1,1,1,0,2,3,2,1,0,5,0
11,20,0,1,1,4,3,0,1,0,1,1,1,5,2,1,0,6,6,10,1
9,17,0,1,1,0,3,0,0,1,1,1,1,0,0,4,0,5,8,8,1
9,14,0,0,1,0,3,3,0,14,1,1,1,0,0,3,0,2,8,6,1
1,18,4,0,1,0,0,0,0,16,1,1,1,2,0,5,3,6,1,9,1
0,18,4,1,1,0,3,3,0,2,1,1,1,7,0,1,0,1,4,4,1
10,20,4,1,1,0,3,0,0,2,1,1,1,7,0,1,0,8,11,13,0
3,20,4,0,1,0,3,3,0,11,1,1,1,0,0,1,0,5,3,6,0
6,21,0,1,1,0,3,0,0,1,1,1,1,0,0,1,0,1,8,14,1
0,15,4,1,1,0,3,0,0,16,1,1,1,1,0,0,5,0,0,0,0
1,18,4,0,1,0,3,1,0,2,1,1,1,8,0,1,0,3,4,5,1
0,17,4,1,1,0,3,0,0,16,1,1,1,0,0,0,5,0,0,0,1
2,18,4,0,1,0,3,0,0,2,1,1,1,0,0,1,0,7,8,12,0
9,20,0,1,1,0,3,1,0,1,1,1,1,0,0,1,0,9,4,10,0
12,20,4,0,1,0,3,0,0,14,1,1,1,5,2,1,5,0,0,0,1
13,20,4,1,1,0,3,1,0,0,1,1,1,0,2,6,0,1,8,14,1
2,15,4,1,1,0,3,1,0,12,1,1,1,0,0,1,0,6,7,8,0
2,19,4,1,1,0,3,3,0,0,1,1,1,0,0,4,0,1,3,3,1
0,18,4,1,1,0,3,0,0,2,1,1,1,0,0,0,5,0,0,0,1
12,20,4,1,1,0,3,0,0,16,1,1,1,0,0,4,5,2,0,3,0
5,20,4,0,1,0,3,0,0,0,1,1,1,5,0,2,0,7,3,13,0
12,15,4,1,1,0,3,3,0,11,1,1,1,0,2,1,0,2,3,3,1
15,20,4,0,1,0,3,1,0,0,1,1,1,0,2,1,0,6,4,11,0
2,0,4,0,1,4,3,0,1,16,1,1,1,5,0,1,1,8,0,6,0
12,20,0,1,1,0,3,3,0,0,1,1,1,0,2,2,0,8,2,13,1
15,20,0,1,1,4,3,0,1,0,1,1,1,5,2,1,0,6,11,14,0
2,18,4,1,1,0,3,0,0,2,1,1,1,7,0,1,5,2,0,3,1
0,15,4,0,0,0,1,1,0,6,0,1,1,6,0,2,0,4,8,14,1
1,15,1,0,1,0,0,1,0,0,1,1,1,6,0,5,3,9,1,9,0
7,19,4,0,1,0,3,1,0,2,1,1,1,0,0,4,0,1,2,3,1
6,18,4,1,1,0,3,3,0,2,1,1,1,0,0,1,0,6,11,12,1
10,15,4,0,1,0,3,0,0,4,1,1,1,0,0,1,0,5,8,12,1
5,20,4,1,1,0,3,0,0,4,1,1,1,7,0,5,0,6,8,7,1
11,10,4,1,0,0,3,0,0,7,1,1,0,0,2,5,0,6,3,3,1
14,19,0,0,1,0,3,0,0,0,1,1,1,0,2,1,5,0,0,0,1
6,15,4,1,1,0,3,0,0,10,1,1,1,0,0,1,0,6,11,3,1
4,18,4,0,1,0,3,3,0,16,1,1,1,0,0,6,0,4,1,3,1
9,19,4,1,1,0,3,1,0,0,1,1,1,0,0,1,5,0,0,0,1
6,15,4,0,1,0,3,3,0,2,1,1,1,7,0,0,5,0,0,0,1
8,15,4,0,1,0,3,0,0,11,1,1,1,7,0,1,0,7,11,5,1
1,13,4,0,1,0,0,1,0,16,1,1,1,0,0,5,3,8,4,6,1
8,19,4,0,1,0,3,1,0,0,1,1,1,5,0,1,0,6,5,12,1
6,15,0,0,1,3,3,0,1,0,1,1,1,7,0,1,0,6,5,7,1
9,18,4,1,1,0,3,0,0,2,1,1,1,8,0,1,0,6,6,9,1
0,18,4,0,1,0,3,0,0,2,1,1,1,7,0,1,0,6,8,8,1
10,8,0,0,1,4,3,3,1,11,1,1,1,0,0,1,0,6,4,12,1
14,14,0,0,1,4,3,0,1,0,1,1,1,7,2,1,0,6,8,11,1
7,15,4,1,1,0,3,3,0,0,1,1,1,0,0,0,5,0,0,0,1
14,20,0,1,1,0,3,1,0,0,1,1,1,0,2,1,0,6,0,13,1
1,18,4,0,1,0,3,0,0,10,1,1,1,0,0,1,0,6,8,13,1
9,15,4,1,1,0,3,0,0,0,1,1,1,5,0,1,0,6,7,10,0
3,17,0,1,0,4,3,0,1,1,1,1,0,7,1,5,1,9,4,2,1
8,15,0,1,1,4,3,0,1,8,1,1,1,0,0,1,0,6,6,8,1
14,12,4,0,0,0,3,0,0,0,1,1,0,0,2,0,5,0,0,1,1
6,21,0,0,1,0,3,0,0,0,1,1,1,5,0,1,2,6,0,14,0
0,18,4,1,1,0,3,3,0,2,1,1,1,7,0,1,0,2,8,5,1
8,0,3,1,1,3,3,3,1,1,1,1,1,7,2,0,5,0,0,6,1
5,15,4,0,1,4,3,0,1,14,1,1,1,0,0,1,0,6,4,9,1
8,19,0,0,1,0,3,3,0,1,1,1,1,7,0,1,0,6,3,11,0
11,11,0,1,1,2,3,0,0,1,1,1,1,0,2,1,0,1,3,6,1
7,19,4,1,1,0,3,3,0,12,1,1,1,0,0,1,0,6,2,10,1
4,20,4,0,1,0,3,0,0,2,1,1,1,0,0,1,0,3,4,1,0
3,20,4,0,1,0,3,1,0,12,1,1,1,0,0,1,0,9,4,14,1
15,20,0,0,1,0,3,1,0,1,1,1,1,5,2,1,0,6,3,13,1
5,20,4,1,1,0,3,1,0,12,1,1,1,0,0,0,5,0,0,0,0
0,17,4,1,1,4,3,3,0,8,1,1,1,7,0,1,0,4,5,8,0
12,20,4,1,0,0,3,1,0,0,1,1,1,0,2,1,0,8,4,14,0
2,15,4,0,1,0,3,1,0,2,1,1,1,0,0,3,0,3,4,3,1
2,15,4,1,1,0,3,0,0,2,1,1,1,0,0,1,0,1,2,2,1
14,14,4,0,1,0,3,3,0,2,1,1,1,0,2,1,2,0,0,0,1
14,14,4,0,1,0,3,0,0,12,1,1,1,0,2,1,0,6,10,7,1
12,18,0,1,1,0,3,1,0,0,1,1,1,0,2,1,0,9,4,12,1
9,15,4,1,1,0,3,1,0,2,1,1,1,0,0,0,5,0,0,2,1
2,15,4,1,1,0,3,0,0,2,1,1,1,7,0,1,0,6,4,9,1
2,18,4,1,1,3,3,0,1,2,1,1,1,5,0,0,5,0,0,0,1
1,14,4,0,0,0,3,3,0,16,1,1,0,0,0,2,5,1,0,4,0
4,18,4,1,0,4,3,0,1,9,1,1,1,2,0,0,5,0,0,0,0
13,19,4,1,0,0,3,0,0,0,1,1,0,0,2,1,5,0,0,0,1
1,18,4,1,1,0,3,0,0,2,1,1,1,0,0,2,0,2,2,4,1
3,15,4,1,1,0,3,1,0,2,1,1,1,0,0,1,0,2,2,5,1
15,20,0,1,1,0,3,1,0,0,1,1,1,0,2,6,0,6,8,8,1
12,20,4,0,1,0,3,1,0,2,1,1,1,0,2,1,0,4,5,8,1
10,21,0,1,1,0,3,0,0,1,1,1,1,5,0,1,0,7,7,13,1
11,20,0,1,1,2,3,0,0,1,1,1,1,0,2,1,0,6,10,14,0
1,18,4,0,1,3,0,0,1,16,1,1,1,0,0,5,3,1,2,2,1
5,20,4,0,1,0,3,1,0,0,1,1,1,0,0,2,0,6,4,9,0
4,20,4,1,1,0,3,1,0,2,1,1,1,0,0,1,0,2,0,4,1
6,20,0,1,1,0,3,3,0,0,1,1,1,0,0,1,0,6,11,13,0
6,15,4,1,1,0,3,0,0,11,1,1,1,0,0,1,0,6,1,11,1
10,0,4,0,1,0,3,3,0,2,1,1,1,7,0,1,0,6,4,3,1
0,19,4,0,1,4,3,0,1,0,1,1,1,5,0,3,0,1,0,2,1
2,15,4,0,1,0,3,3,0,2,1,1,1,0,0,1,0,3,2,4,1
7,16,4,1,0,0,3,0,0,0,1,1,0,0,0,0,5,0,0,0,1
6,20,4,1,1,0,3,1,0,11,1,1,1,0,0,1,0,6,2,7,1
13,18,4,0,1,0,3,1,0,2,1,1,1,0,2,1,0,6,2,11,1
2,15,4,0,1,2,3,3,0,2,1,1,1,5,0,1,0,5,3,12,1
11,11,2,0,1,0,3,0,0,15,1,1,1,0,2,1,5,9,0,0,1
13,12,0,1,1,4,3,0,1,1,1,1,1,0,2,1,2,0,0,0,1
14,15,4,0,1,0,3,3,0,11,1,1,1,0,2,1,0,6,2,12,0
0,18,4,0,1,0,3,3,0,16,1,1,1,8,0,1,5,0,0,0,0
11,20,4,0,1,4,3,0,1,12,1,1,1,0,2,1,0,9,0,6,1
7,15,0,0,1,4,3,0,1,0,1,1,1,0,0,1,5,6,0,2,0
7,20,4,1,1,0,3,0,0,12,1,1,1,7,0,1,1,6,0,10,1
1,15,4,0,1,0,3,0,0,16,1,1,1,0,0,2,0,2,1,8,1
7,18,4,0,1,0,3,1,0,2,1,1,1,0,0,1,0,6,3,11,1
11,18,0,1,1,0,3,0,0,1,1,1,1,0,2,1,0,6,2,13,1
1,18,4,1,1,0,3,0,0,4,1,1,1,7,0,5,3,3,1,5,1
7,21,0,1,1,0,3,1,0,0,1,1,1,0,0,1,0,6,6,9,1
2,19,4,1,1,0,3,1,0,11,1,1,1,8,0,1,0,2,8,5,1
8,11,4,0,1,0,3,1,0,4,1,1,1,0,0,6,2,0,0,0,1
8,18,4,0,0,0,3,0,0,12,1,0,0,0,0,2,0,6,0,9,1
5,15,0,1,1,4,3,0,1,1,1,1,1,7,0,1,0,6,5,4,1
14,20,4,0,1,4,3,1,1,12,1,1,1,0,2,1,0,6,5,14,1
9,18,4,0,1,2,3,0,0,2,1,1,1,5,0,9,2,0,0,13,0
1,18,4,0,1,0,3,0,0,0,1,1,1,0,0,1,0,5,5,6,0
1,15,4,0,0,3,3,0,0,2,0,1,1,0,0,1,0,4,2,5,1
7,15,4,1,1,3,3,0,1,2,1,1,1,0,0,9,2,0,0,0,1
5,15,4,1,1,3,3,0,1,10,1,1,1,7,0,4,0,6,11,5,0
10,18,0,0,1,0,1,1,0,1,1,1,1,0,0,5,3,6,7,13,1
4,20,4,0,1,0,3,0,0,11,1,1,1,5,0,1,0,9,6,14,0
2,18,4,0,1,0,3,0,0,2,1,1,1,5,0,1,0,6,8,10,1
13,12,3,1,1,0,3,0,0,9,1,1,1,7,2,1,0,6,5,9,1
3,20,4,0,1,3,3,3,1,0,1,1,1,7,0,1,0,3,9,9,0
2,15,4,1,1,0,3,3,0,2,1,1,1,0,0,1,0,2,4,4,1
10,8,0,0,1,0,3,3,1,9,1,1,1,8,0,4,0,1,4,3,1
0,14,4,0,1,0,3,0,0,16,1,1,1,0,0,1,0,1,1,2,1
1,19,4,1,1,0,3,0,0,2,1,1,1,0,0,2,5,1,0,3,1
10,16,0,0,1,4,3,0,1,1,1,1,1,7,0,1,0,5,1,8,1
10,15,4,0,1,0,3,0,0,2,1,1,1,0,0,1,2,6,0,10,1
9,15,0,0,1,4,3,0,1,0,1,1,1,7,0,1,0,5,0,6,1
10,19,0,0,1,0,3,0,0,2,1,1,1,0,0,1,0,7,5,12,1
8,20,4,1,1,0,3,1,0,5,1,1,1,0,0,2,0,6,1,3,1
2,15,4,1,1,0,3,0,0,12,1,1,1,7,0,1,0,6,4,3,0
4,15,4,0,1,0,3,0,0,2,1,1,1,0,0,1,0,4,2,4,1
6,15,0,0,1,0,3,0,0,2,1,1,1,7,0,1,0,6,8,8,1
14,21,4,0,1,4,3,0,1,0,1,1,1,5,2,1,0,6,4,13,0
1,18,4,1,1,0,3,0,0,16,1,1,1,0,0,2,0,1,2,5,0
8,15,4,1,0,4,3,0,1,2,1,1,0,0,0,0,5,0,0,0,1
0,15,4,1,1,0,3,0,0,16,1,1,1,0,0,3,0,9,2,6,1
8,4,2,0,0,3,1,2,1,0,1,0,1,0,0,3,0,6,5,7,1
6,19,4,0,1,0,3,0,0,11,1,1,1,0,0,1,0,6,4,8,0
12,21,4,0,1,0,3,1,0,2,1,1,1,0,2,2,0,6,8,10,1
12,17,2,0,1,0,3,0,0,2,1,1,1,2,2,6,0,6,4,9,1
0,15,4,0,1,0,3,2,0,2,1,1,1,0,0,1,5,1,0,1,0
15,20,4,0,1,0,3,1,0,2,1,1,1,0,2,2,0,2,0,3,1
7,18,4,1,1,0,3,0,0,10,1,1,1,0,0,1,0,6,2,3,1
12,22,0,0,1,0,3,1,0,1,1,1,1,0,2,7,0,8,0,14,1
0,15,4,1,1,0,3,0,0,2,1,1,1,7,0,0,5,0,0,0,0
13,20,0,1,1,0,3,0,0,0,1,1,1,7,2,2,0,6,8,9,1
2,18,4,1,1,0,3,0,0,2,1,1,1,7,0,1,0,3,6,2,1
10,20,4,1,1,0,3,1,0,0,1,1,1,0,0,1,0,6,7,10,1
7,15,0,1,1,0,3,1,0,1,1,1,1,8,0,1,0,3,6,6,1
6,21,0,0,1,0,3,3,0,1,1,1,1,0,0,1,0,6,6,13,1
8,15,4,0,1,0,3,0,0,2,1,1,1,5,0,1,0,2,11,8,1
0,18,4,1,1,0,3,1,0,16,1,1,1,8,0,0,5,0,0,0,0
13,21,0,1,1,0,3,0,0,1,1,1,1,5,2,2,0,6,6,14,0
8,15,4,1,1,0,3,0,0,0,1,1,1,0,0,1,0,6,1,11,1
1,18,4,0,1,0,3,3,0,2,1,1,1,0,0,1,0,1,3,4,1
12,20,4,1,1,0,3,3,0,0,1,1,1,0,2,6,0,1,9,4,1
15,19,4,0,1,0,3,0,0,2,1,1,1,0,2,1,0,6,6,10,1
3,18,4,1,1,4,3,0,1,0,1,1,1,0,0,1,0,6,4,8,1
13,16,4,0,1,0,3,0,0,2,1,1,1,7,2,1,0,6,1,7,1
1,18,4,1,1,0,3,0,0,2,1,1,1,0,0,1,0,2,4,8,1
8,15,4,0,1,0,3,0,0,2,1,1,1,7,0,3,0,3,3,5,1
3,15,4,0,1,4,3,0,1,0,1,1,1,7,0,1,0,6,4,4,1
8,20,4,0,1,0,3,0,0,0,1,1,1,0,0,2,0,6,4,8,1
4,16,4,1,1,0,3,0,0,0,1,1,1,4,0,1,0,5,8,5,0
11,15,4,1,1,3,3,0,1,11,1,1,1,0,2,3,0,8,10,12,1
9,18,4,1,1,0,3,0,0,0,1,1,1,0,0,1,2,6,0,3,1
6,18,4,1,1,0,3,1,0,2,1,1,1,8,0,8,5,0,0,0,1
14,20,4,1,1,0,3,3,0,12,1,1,1,0,2,1,2,6,0,10,0
8,15,0,1,1,4,3,0,1,1,1,1,1,0,0,6,0,4,0,6,1
3,15,4,0,0,0,3,3,0,2,1,1,0,0,0,0,5,0,0,0,1
7,15,4,0,1,0,3,0,0,5,1,1,1,0,0,1,0,6,4,6,1
10,15,0,0,1,0,1,0,0,0,1,1,1,0,0,6,0,6,7,12,1
13,20,4,1,1,0,3,3,0,2,1,1,1,1,2,3,0,6,1,10,1
6,19,4,0,1,0,3,3,0,0,1,1,1,0,0,1,0,3,6,14,1
6,18,0,0,0,3,3,0,1,2,1,1,0,7,1,5,4,9,3,6,1
8,17,3,1,1,0,2,3,0,2,1,1,1,0,2,1,0,6,2,9,1
5,16,4,0,1,0,3,0,1,9,1,1,1,1,0,9,2,3,0,1,1
7,20,4,1,1,0,3,0,0,12,1,1,1,5,0,1,0,6,10,11,0
7,21,4,1,1,0,3,1,0,11,1,1,1,0,0,1,1,6,0,13,0
1,15,4,1,1,0,3,1,0,12,1,1,1,0,0,2,0,6,1,9,0
8,18,4,1,1,0,3,0,0,12,1,1,1,8,0,1,0,6,1,3,0
9,20,4,1,1,3,3,0,1,2,1,1,1,5,0,1,0,6,11,6,1
1,13,4,0,1,0,3,0,0,15,1,1,1,0,0,0,5,0,0,0,1
14,15,0,1,1,0,3,0,0,1,1,1,1,0,2,1,2,0,0,0,0
5,18,4,1,1,0,3,1,0,2,1,1,1,0,0,1,0,3,2,2,1
9,20,4,0,1,0,3,0,0,0,1,1,1,5,0,1,0,8,8,12,1
2,15,4,1,1,0,3,0,0,4,1,1,1,5,0,0,5,0,0,0,1
8,21,4,1,1,0,3,1,0,0,1,1,1,8,0,4,0,6,1,11,0
5,15,4,0,1,0,3,0,0,2,1,1,1,0,0,1,0,6,3,11,1
9,20,4,0,1,2,3,0,0,12,1,1,1,0,0,1,0,6,10,14,1
8,15,4,0,1,0,3,0,0,2,1,1,1,7,0,1,0,6,11,7,1
1,18,4,0,1,0,3,1,0,11,1,1,1,5,0,2,0,6,4,13,1
9,17,4,0,1,0,3,1,0,2,1,1,1,0,0,4,0,6,4,10,1
8,19,4,1,1,0,3,1,0,12,1,1,1,7,0,0,5,0,0,0,1
5,20,4,0,1,0,3,1,0,2,1,1,1,0,0,5,2,2,0,2,1
10,21,0,1,1,0,3,0,0,0,1,1,1,5,0,1,0,2,4,14,1
10,15,0,1,1,4,3,0,1,1,1,1,1,0,0,1,5,0,0,0,0
13,20,4,0,1,0,3,1,0,0,1,1,1,0,2,1,0,7,1,13,1
1,18,4,1,1,0,3,1,0,2,1,1,1,8,0,1,0,4,3,5,1
13,19,4,0,1,0,3,1,0,0,1,1,1,0,2,1,0,6,2,10,1
2,18,4,0,1,0,3,1,0,2,1,1,1,7,0,1,0,6,3,7,1
6,17,4,1,1,0,3,1,0,2,1,1,1,0,0,1,0,2,4,4,1
10,20,4,0,1,0,3,1,0,0,1,1,1,0,0,1,0,9,11,12,0
14,23,2,1,1,4,3,3,1,0,1,1,1,0,2,1,0,6,6,13,1
2,18,4,1,1,3,3,1,1,2,1,1,1,5,0,1,0,7,7,7,1
12,20,2,1,1,0,3,3,0,5,1,1,1,0,2,1,0,9,4,12,0
15,19,0,1,1,0,3,0,0,1,1,1,1,0,2,3,0,4,10,4,1
6,19,4,0,1,0,3,3,0,2,1,1,1,0,0,1,0,1,4,3,1
11,15,4,1,1,0,3,3,0,0,1,1,1,1,2,1,0,6,3,9,1
15,18,0,1,1,0,3,0,0,0,1,1,1,0,2,6,5,0,0,0,1
1,18,4,1,1,0,3,0,0,14,1,1,1,1,0,1,0,6,2,7,1
11,15,4,0,1,0,3,0,0,2,1,1,1,0,2,1,0,6,3,5,1
5,18,4,0,1,0,3,3,0,0,1,1,1,1,0,1,0,3,6,11,0
0,13,4,0,1,0,3,0,0,15,1,1,1,0,0,1,5,0,0,0,0
5,13,4,0,0,0,3,0,0,15,1,1,1,1,0,1,5,0,0,0,0
6,16,0,1,0,0,3,0,0,5,1,1,0,0,0,1,0,1,2,3,1
8,15,4,0,1,3,3,3,1,2,1,1,1,5,0,1,0,6,8,9,1
11,21,0,1,1,0,3,1,0,0,1,1,1,0,2,2,0,7,8,11,0
13,11,4,0,0,0,3,1,0,15,0,1,1,0,2,0,5,0,0,0,0
13,15,0,1,1,0,3,0,0,2,1,1,1,0,2,1,0,3,8,5,1
5,15,4,0,1,0,1,0,0,0,1,1,1,0,0,5,0,6,2,7,1
12,18,4,1,1,0,3,3,0,2,1,1,1,7,2,1,0,6,6,8,1
12,20,4,0,1,0,3,0,0,2,1,1,1,0,2,7,0,4,3,4,1
12,15,0,1,1,0,3,2,0,1,1,1,1,0,2,0,5,0,0,0,0
15,15,0,0,1,4,3,0,1,1,1,1,1,5,2,0,5,0,0,2,0
8,18,4,0,1,0,3,0,0,12,1,1,1,5,0,1,0,7,6,2,0
8,21,0,1,1,4,3,0,1,1,1,1,1,5,0,1,2,2,0,4,0
8,23,4,1,1,0,3,0,0,5,1,1,1,0,0,1,0,6,11,3,1
0,18,4,1,1,0,3,0,0,2,1,1,1,7,0,1,0,2,4,3,1
4,12,2,0,0,0,3,0,0,2,1,1,1,0,0,1,2,0,0,1,1
9,20,4,1,1,2,3,0,0,0,1,1,1,0,0,4,0,4,6,6,1
2,18,4,1,1,0,3,3,0,4,1,1,1,0,0,0,5,0,0,0,1
9,20,0,0,1,0,3,0,0,1,1,1,1,5,0,1,0,6,3,12,1
13,20,0,1,1,0,3,1,0,0,1,1,1,0,2,1,0,6,5,13,0
1,18,4,0,1,0,3,0,0,11,1,1,1,7,0,1,0,4,8,5,1
0,15,4,0,1,0,3,1,0,2,1,1,1,0,0,1,0,2,2,2,0
14,19,0,1,1,0,3,0,0,1,1,1,1,0,2,1,5,0,0,0,1
2,17,4,0,1,0,3,0,0,11,1,1,1,0,0,1,0,9,3,12,0
1,15,4,0,1,0,3,3,0,2,1,1,1,1,0,9,2,0,0,0,1
15,5,4,0,1,4,3,1,1,4,1,1,1,0,2,0,5,0,0,4,1
2,15,4,0,1,0,3,3,0,2,1,1,1,0,0,1,2,0,0,0,1
1,18,4,0,1,0,3,1,0,2,1,1,1,0,0,2,0,1,8,1,1
11,22,4,1,1,0,3,0,0,11,1,1,1,0,2,3,0,6,6,11,0
14,11,4,0,1,0,3,0,0,11,1,1,1,0,2,1,0,6,8,6,1
15,23,0,1,1,4,3,0,1,0,1,1,1,0,2,1,0,6,3,14,1
5,15,4,0,1,0,3,0,0,2,1,1,1,0,0,6,0,2,5,1,1
11,15,4,0,1,0,3,0,0,15,1,1,1,0,2,0,5,0,0,1,0
0,17,4,1,1,0,3,0,0,16,1,1,1,7,0,0,5,0,0,0,0
9,21,0,1,1,3,3,3,1,0,1,1,1,5,0,1,0,7,7,13,1
11,17,4,1,1,0,3,0,0,0,1,1,1,5,2,1,2,1,0,2,1
14,20,4,0,1,0,3,0,0,0,1,1,1,0,2,1,0,6,3,13,0
9,15,4,0,1,0,3,3,0,2,1,1,1,0,0,3,0,2,10,3,1
6,15,4,1,1,0,3,0,0,11,1,1,1,1,0,1,0,6,6,10,1
1,18,4,0,1,0,3,3,0,2,1,1,1,0,0,0,5,0,0,0,0
12,16,4,0,0,0,3,1,0,15,0,0,1,0,2,0,5,0,0,2,0
1,18,4,0,1,0,3,1,0,0,1,1,1,0,0,1,0,1,11,3,1
4,18,4,0,1,0,3,1,0,2,1,1,1,8,0,1,0,2,2,4,1
10,21,0,1,1,0,3,1,0,0,1,1,1,0,0,1,0,6,8,13,1
11,15,4,0,1,0,3,0,0,7,1,1,1,7,2,1,0,6,10,10,1
15,18,0,0,1,0,1,0,0,0,1,1,1,0,2,1,0,7,7,12,1
0,22,4,0,1,0,3,0,0,0,1,1,1,0,0,2,0,6,0,8,0
12,13,4,1,1,0,3,0,0,0,1,1,1,0,2,1,5,0,0,0,1
10,14,0,1,1,0,3,0,0,0,1,1,1,7,0,1,0,6,8,12,1
13,21,4,1,1,0,3,3,0,5,1,1,1,0,2,2,0,8,6,13,1
5,15,0,0,1,0,0,0,0,16,1,1,1,1,0,5,3,9,1,6,1
9,18,4,1,1,0,3,0,0,5,1,1,1,0,0,1,0,8,4,4,1
5,17,4,1,1,0,3,0,0,2,1,1,1,0,0,1,0,6,3,4,1
14,20,4,1,1,0,3,0,0,14,1,1,1,5,2,1,0,6,3,10,0
2,17,4,1,1,0,3,0,0,0,1,1,1,7,0,1,0,7,2,4,1
1,15,4,1,1,0,3,1,0,2,1,1,1,0,0,1,0,6,5,7,1
0,18,4,1,1,0,3,1,0,0,1,1,1,0,0,1,0,1,4,1,1
15,23,4,0,1,0,3,0,0,12,1,1,1,0,2,1,5,6,0,14,0
12,18,0,1,1,0,3,0,0,1,1,1,1,7,2,1,0,3,4,3,1
0,18,4,0,1,0,3,3,0,2,1,1,1,0,0,0,5,0,0,0,1
4,0,4,1,1,0,3,3,0,2,1,1,1,3,0,4,0,7,4,6,1
4,15,4,0,1,0,3,0,0,11,1,1,1,5,0,1,0,4,6,5,1
0,15,4,0,1,4,3,0,1,14,1,1,1,5,0,1,0,2,4,4,1
7,19,4,0,1,0,3,3,0,5,1,1,1,5,0,0,5,0,0,2,1
9,18,0,1,1,0,3,0,0,2,1,1,1,7,0,1,0,6,2,11,1
14,20,4,0,1,3,3,0,1,2,1,1,1,5,2,1,0,6,9,13,1
12,20,0,1,1,0,3,0,0,1,1,1,1,0,2,5,0,6,4,11,1
0,18,4,0,1,3,3,0,1,5,1,1,1,0,0,1,2,6,0,6,1
1,18,4,1,1,0,3,1,0,2,1,1,1,0,0,1,0,4,4,6,1
8,15,4,0,1,0,3,1,0,2,1,1,1,8,0,1,0,6,8,5,1
2,0,4,1,0,0,3,3,0,13,1,0,0,1,0,1,0,3,3,11,1
15,18,0,0,1,4,3,0,1,1,1,1,1,0,2,1,5,0,0,0,1
7,19,4,1,1,0,3,0,0,2,1,1,1,7,0,1,0,4,11,6,1
8,15,0,0,1,0,3,3,0,7,1,1,1,0,0,1,0,6,6,5,1
9,18,4,0,1,0,3,0,0,9,1,1,1,8,0,1,0,9,10,8,1
14,18,2,1,1,4,3,0,1,0,1,1,1,0,2,1,0,6,6,9,1
4,20,4,0,1,0,3,0,0,10,1,1,1,0,0,1,0,8,0,6,1
12,15,0,1,1,4,3,0,1,1,1,1,1,0,2,1,5,0,0,0,1
1,14,4,0,1,4,3,3,1,12,1,1,1,7,0,0,5,0,0,0,1
2,15,4,0,1,0,3,3,0,4,1,1,1,0,0,1,0,4,6,1,1
11,21,4,1,1,0,3,1,0,0,1,1,1,0,2,2,0,6,6,12,0
15,20,4,1,1,0,3,1,0,0,1,1,1,0,2,2,0,6,4,11,1
1,15,4,0,1,0,3,3,0,2,1,1,1,0,0,1,2,1,0,4,0
3,15,4,0,0,0,3,0,0,2,1,1,0,7,0,0,5,0,0,3,1
13,18,4,0,1,0,3,0,0,2,1,1,1,7,2,1,0,6,2,10,1
5,20,4,1,1,0,3,1,0,2,1,1,1,0,0,1,0,3,4,5,1
7,15,4,0,0,4,3,0,1,16,1,1,0,5,0,0,5,0,0,5,0
5,20,4,1,1,0,3,0,0,12,1,1,1,7,0,1,0,2,4,4,1
7,20,4,1,1,0,3,0,0,2,1,1,1,0,0,4,2,6,0,6,1
11,10,4,0,0,2,3,0,0,4,0,1,0,0,2,1,0,0,8,1,1
11,20,0,0,1,3,3,0,1,0,1,1,1,5,2,1,0,8,4,13,1
14,18,0,0,1,3,3,0,1,1,1,1,1,5,2,1,2,0,0,9,1
6,18,4,0,1,0,3,0,0,2,1,1,1,7,0,1,0,6,11,11,1
7,19,4,1,1,0,3,1,0,0,1,1,1,8,0,5,0,8,2,7,0
8,18,4,0,1,0,3,0,0,5,1,1,1,8,0,2,0,6,0,8,1
5,18,4,0,1,0,3,0,0,2,1,1,1,5,0,1,0,9,11,3,1
7,20,4,0,1,0,3,0,0,2,1,1,1,0,0,1,2,0,0,0,0
13,19,4,0,1,0,3,3,0,12,1,1,1,0,2,1,0,6,7,10,1
14,20,0,1,1,0,3,0,0,1,1,1,1,5,2,1,0,6,2,12,1
9,13,4,1,1,0,3,0,0,2,1,1,1,1,0,9,2,0,0,0,1
14,0,4,0,1,4,3,0,1,0,1,1,1,5,2,0,5,0,0,12,1
11,15,0,0,1,0,3,0,0,10,1,1,1,0,2,1,0,6,10,1,1
11,19,0,1,1,4,3,3,1,1,1,1,1,0,2,1,0,6,2,7,1
8,20,0,1,1,0,3,0,0,1,1,1,1,0,0,5,0,9,6,2,1
5,20,4,0,1,0,3,3,0,12,1,1,1,0,0,6,0,4,5,9,1
2,15,4,1,1,0,3,0,0,2,1,1,1,1,0,0,5,0,0,1,0
5,15,4,0,1,0,3,0,0,0,1,1,1,0,0,6,0,6,2,10,1
3,18,4,1,1,0,3,3,0,12,1,1,1,0,0,0,5,0,0,0,0
8,20,0,0,1,0,2,3,0,2,1,1,1,0,0,1,0,6,4,11,1
9,20,4,1,1,3,3,0,1,0,1,1,1,5,0,2,0,7,6,14,0
2,18,4,0,1,0,3,0,0,2,1,1,1,7,0,1,0,3,4,9,1
4,17,4,0,1,0,3,0,0,0,1,1,1,7,0,6,0,6,10,9,1
2,16,4,0,1,0,3,0,0,3,1,1,1,0,0,2,5,6,0,0,1
14,18,0,1,1,3,3,3,1,1,1,1,1,7,2,1,0,2,8,2,1
8,18,4,1,1,0,3,1,0,0,1,1,1,0,0,3,1,6,0,11,1
6,18,4,1,1,0,3,1,0,4,1,1,1,0,0,5,0,6,8,7,1
7,18,4,0,1,0,3,1,0,2,1,1,1,0,0,9,2,0,0,0,1
10,21,4,0,1,0,3,3,0,11,1,1,1,0,0,1,0,9,8,13,0
7,18,4,0,1,0,3,0,0,5,1,1,1,5,0,1,0,6,6,6,0
2,18,4,1,0,0,3,0,0,2,1,1,1,0,0,1,0,5,6,5,1
4,20,4,0,1,0,3,1,0,2,1,1,1,5,0,1,0,6,2,6,1
5,20,4,0,1,0,3,3,0,2,1,1,1,5,0,1,2,0,0,0,1
2,15,4,0,1,3,3,0,1,2,1,1,1,5,0,1,0,2,2,5,1
12,21,0,0,1,0,3,0,0,0,1,1,1,5,2,1,0,7,8,13,0
3,20,4,1,1,0,3,1,0,2,1,1,1,0,0,1,0,1,5,2,1
14,21,0,0,1,0,3,1,0,1,1,1,1,0,2,3,0,6,4,13,1
15,21,4,0,1,0,3,3,0,11,1,1,1,0,2,1,0,7,5,12,0
14,11,0,0,0,4,3,0,1,1,1,1,1,7,2,1,5,0,0,0,1
0,14,4,0,1,0,3,0,0,16,1,1,1,7,0,1,1,8,0,6,1
13,15,4,1,1,4,3,0,1,0,1,1,1,0,2,0,5,0,0,7,1
14,18,4,0,1,0,3,1,0,0,1,1,1,1,2,0,5,0,0,10,1
1,18,4,0,1,0,3,0,0,0,1,1,1,1,0,1,0,2,6,3,0
5,19,4,1,1,0,3,0,0,2,1,1,1,5,0,4,0,6,10,3,1
6,15,4,0,1,0,0,0,0,0,1,1,1,0,0,5,0,8,6,14,1
10,17,4,1,1,0,3,0,0,2,1,1,1,0,0,1,0,4,4,5,1
9,18,4,0,1,0,0,0,0,16,1,1,1,1,0,5,3,6,3,6,1
7,15,4,1,1,0,3,0,0,2,1,1,1,1,0,1,0,6,8,10,1
3,20,4,0,1,0,3,3,0,2,1,1,1,5,0,1,0,4,4,4,1
6,21,4,1,1,4,3,0,1,14,1,1,1,5,0,4,0,6,10,12,1
4,20,4,1,1,0,3,0,0,0,1,1,1,0,0,1,0,6,2,11,1
6,21,4,0,1,4,3,0,1,14,1,1,1,5,0,0,5,0,0,0,1
2,14,4,0,1,0,3,0,0,15,1,1,1,7,0,0,5,0,0,0,0
12,18,4,1,1,0,3,0,0,0,1,1,1,0,2,1,0,7,3,12,1
0,18,4,0,1,0,3,0,0,16,1,1,1,5,0,1,0,3,1,3,1
4,12,4,0,1,0,3,0,0,7,1,1,1,7,0,1,0,6,8,9,1
5,22,4,0,1,0,3,0,0,11,1,1,1,0,0,1,0,7,6,10,1
15,22,4,1,1,0,3,1,0,0,1,1,1,0,2,2,0,7,2,14,1
15,21,0,1,1,3,3,3,1,1,1,1,1,5,2,0,5,0,0,5,1
7,20,4,1,1,0,3,0,0,5,1,1,1,0,0,1,5,0,0,0,1
9,20,0,0,1,0,3,1,0,2,1,1,1,0,0,1,0,6,6,10,1
12,18,0,0,1,3,3,0,1,1,1,1,1,0,2,1,0,6,3,8,0
2,18,4,1,1,0,3,2,0,2,1,1,1,0,0,0,5,0,0,1,1
9,18,4,0,1,0,3,1,0,2,1,1,1,0,0,1,0,6,8,13,1
3,18,4,1,1,0,3,3,0,2,1,1,1,0,0,1,1,1,0,4,1
9,20,4,1,1,0,3,3,0,12,1,1,1,8,0,1,0,9,6,13,0
1,13,4,0,1,0,3,0,0,15,1,1,1,7,0,1,5,5,0,2,0
8,15,4,0,1,3,3,0,1,2,1,1,1,5,0,0,5,0,0,0,1
4,15,4,1,1,0,3,0,0,10,1,1,1,4,0,3,0,9,8,10,1
11,20,4,0,1,3,3,0,1,2,1,1,1,8,2,1,0,6,1,6,1
13,19,4,0,1,3,3,0,1,0,1,1,1,5,2,4,0,6,1,11,1
7,21,4,0,1,4,3,0,1,9,1,1,1,5,0,1,0,5,11,8,1
8,15,4,0,1,4,3,0,1,4,1,1,1,0,0,1,0,6,8,7,0
10,16,4,0,1,0,3,0,0,0,1,1,1,2,0,1,0,6,7,13,1
6,18,4,1,1,0,3,0,0,11,1,1,1,8,0,1,0,4,0,4,1
9,18,4,0,1,3,3,0,1,2,1,1,1,8,0,1,0,6,2,9,1
13,18,0,1,1,2,3,3,0,1,1,1,1,0,2,1,5,0,0,0,0
7,21,4,0,1,0,3,0,0,2,1,1,1,5,0,1,0,8,6,10,0
14,14,0,0,1,0,3,3,0,2,1,1,1,7,2,1,0,6,10,5,1
9,13,4,0,0,2,3,1,0,2,1,1,0,0,2,1,5,0,0,6,1
5,0,4,1,1,4,3,1,1,0,1,1,1,7,0,6,0,8,3,7,1
5,18,4,0,0,0,3,1,0,15,1,1,1,5,0,1,5,0,0,2,0
9,13,0,0,1,0,0,3,0,0,1,1,1,0,0,5,3,8,3,12,1
6,15,0,0,1,4,3,0,1,1,1,1,1,0,0,1,0,6,4,9,0
4,20,4,1,1,2,3,1,0,2,1,1,1,5,0,1,2,0,0,0,1
6,18,4,0,1,3,3,0,1,0,1,1,1,5,0,1,5,0,0,0,0
9,15,0,1,1,4,3,0,1,1,1,1,1,7,0,1,0,6,8,6,1
3,13,4,0,1,0,3,0,0,15,1,1,1,0,0,1,5,0,0,0,1
0,17,4,1,1,0,3,3,0,7,1,1,1,0,0,1,0,5,6,4,1
6,15,4,0,1,0,3,1,0,7,1,1,1,0,0,1,5,0,0,4,1
6,15,4,0,1,0,3,3,0,5,1,1,1,0,0,1,0,6,4,12,1
8,17,4,0,1,0,3,1,0,0,1,1,1,0,0,3,0,6,8,5,0
11,13,0,1,1,2,3,3,1,1,1,1,1,8,2,6,0,1,1,7,0
0,18,4,1,1,0,2,0,0,10,1,1,1,0,0,1,0,1,3,5,0
10,18,4,0,1,3,3,0,1,2,1,1,1,5,0,1,2,0,0,4,1
9,15,4,0,1,0,3,3,0,11,1,1,1,7,0,1,0,6,6,9,0
2,18,4,1,1,4,3,0,1,2,1,1,1,5,0,0,5,0,0,0,1
1,18,4,0,1,0,3,0,0,16,1,1,1,0,0,0,5,0,0,0,1
9,20,4,0,1,0,3,0,0,2,1,1,1,5,0,1,0,6,4,12,0
15,19,4,0,1,0,3,0,0,2,1,1,1,0,2,1,0,6,10,11,1
11,15,4,1,1,2,3,0,0,4,1,1,1,2,2,1,0,5,6,6,1
11,17,0,1,1,3,3,3,1,1,1,1,1,8,2,3,0,3,6,6,1
12,20,0,1,1,0,3,0,0,3,1,1,1,1,2,6,0,9,8,13,1
3,18,4,1,1,3,3,0,1,2,1,1,1,5,0,9,2,0,0,0,1
3,5,3,0,1,0,2,0,0,4,1,1,1,0,2,0,5,0,0,0,1
0,18,4,1,1,0,3,0,0,2,1,1,1,0,0,0,5,0,0,0,1
9,20,0,1,1,0,3,0,0,1,1,1,1,7,0,1,0,6,4,11,0
8,14,4,0,1,4,3,0,1,11,1,1,1,7,0,1,5,6,0,2,1
8,23,3,0,1,0,3,0,0,0,1,1,1,0,0,6,0,6,2,7,1
6,15,4,0,0,0,3,1,0,2,1,1,0,0,0,0,5,0,0,0,1
8,20,4,0,1,4,3,0,1,2,1,1,1,0,0,1,0,4,3,2,1
0,18,4,1,1,0,3,0,0,2,1,1,1,0,0,0,5,0,0,0,1
4,20,4,0,1,0,3,3,0,14,1,1,1,0,0,1,0,9,6,12,1
15,20,2,1,1,0,3,1,0,0,1,1,1,0,2,4,0,6,1,11,1
12,19,4,0,1,0,3,0,0,15,1,1,1,0,2,1,5,0,0,0,1
10,21,4,1,1,0,3,1,0,0,1,1,1,0,0,2,0,6,1,12,1
0,18,4,0,1,3,3,1,1,2,1,1,1,5,0,1,0,6,2,7,1
15,15,0,0,1,0,0,0,0,0,1,1,1,0,2,5,3,9,11,12,1
5,18,4,0,1,0,3,1,0,0,1,1,1,0,0,2,0,6,10,9,0
13,15,0,0,1,3,3,0,1,2,1,1,1,0,2,1,0,6,10,10,0
7,18,4,0,1,0,3,3,0,9,1,1,1,0,0,1,0,6,11,8,1
2,13,4,0,1,0,3,0,0,15,1,1,1,0,0,1,5,6,0,3,1
1,19,0,1,1,0,3,0,0,0,1,1,1,0,0,1,5,1,0,1,1
4,15,4,0,1,0,3,0,0,2,1,1,1,0,0,1,0,6,4,6,1
8,20,4,1,1,0,3,3,0,2,1,1,1,0,0,3,0,6,8,12,1
14,21,0,1,1,4,3,0,1,1,1,1,1,5,2,1,0,6,2,10,0
2,15,4,0,0,0,3,0,0,2,1,1,0,7,0,0,5,0,0,0,1
7,15,4,0,1,4,3,0,1,2,1,1,1,5,0,0,5,0,0,0,1
14,18,4,0,1,0,3,0,0,2,1,1,1,0,2,1,0,6,6,9,1
3,18,4,0,1,0,3,1,0,2,1,1,1,0,0,1,0,6,8,5,0
6,18,4,0,1,0,3,1,0,2,1,1,1,0,0,1,0,4,2,7,1
7,21,0,1,1,4,3,0,1,1,1,1,1,5,0,1,5,0,0,0,0
4,20,4,1,1,0,3,0,0,2,1,1,1,0,0,1,0,2,5,4,1
2,18,4,1,1,0,3,0,0,2,1,1,1,7,0,1,0,6,8,11,1
9,20,4,0,1,0,3,3,0,2,1,1,1,0,0,1,0,6,5,13,1
14,15,2,1,1,4,3,0,1,0,1,1,1,0,2,1,5,0,0,0,0
12,20,0,0,1,4,3,0,1,0,1,1,1,7,2,1,0,7,6,12,0
3,17,4,0,1,0,0,3,0,16,1,1,1,0,0,5,3,9,2,7,0
2,14,4,1,1,0,3,0,0,2,1,1,1,7,0,1,0,5,5,7,0
7,17,4,1,1,4,3,0,1,16,1,1,1,0,0,1,0,9,4,11,1
8,15,4,1,1,0,3,0,0,2,1,1,1,8,0,3,0,4,6,5,1
12,20,4,1,1,0,3,0,0,12,1,1,1,0,2,1,0,7,6,11,1
7,15,4,1,1,0,3,0,0,0,1,1,1,1,0,4,5,0,0,1,1
4,18,4,0,1,0,3,0,0,2,1,1,1,7,0,1,0,2,7,8,1
9,13,4,1,1,0,3,0,0,2,1,1,1,0,0,1,5,0,0,6,1
11,20,4,0,1,0,3,3,0,2,1,1,1,7,2,1,0,6,8,12,1
3,19,4,0,1,0,3,1,0,12,1,1,1,0,0,2,0,6,2,10,0
15,22,0,0,1,0,3,0,0,0,1,1,1,0,2,1,0,6,0,13,1
2,17,4,0,1,0,3,1,0,7,1,1,1,0,0,1,2,2,0,3,1
1,18,4,0,1,0,3,0,0,2,1,1,1,7,0,0,5,0,0,0,1
12,18,0,0,1,0,3,0,0,0,1,1,1,7,2,1,0,6,6,8,1
10,15,4,0,1,0,1,0,0,14,1,1,1,0,0,1,0,6,8,10,1
6,20,0,1,1,0,3,1,0,0,1,1,1,0,0,1,0,4,0,4,1
4,19,4,0,1,0,3,1,0,15,1,1,1,1,0,0,5,0,0,0,0
14,15,0,0,1,0,3,2,0,0,1,1,1,8,2,1,5,6,0,7,1
9,20,4,0,1,0,3,0,0,2,1,1,1,5,0,0,5,0,0,0,1
8,18,4,1,1,0,3,0,0,2,1,1,1,5,0,1,0,3,6,9,1
8,15,4,0,1,0,3,0,0,4,1,1,1,0,0,1,2,0,0,0,1
10,18,4,0,1,0,3,0,0,15,1,1,1,7,0,0,5,0,0,0,1
5,20,4,1,0,0,3,0,0,0,1,1,0,0,0,1,5,6,0,4,0
5,19,4,1,1,0,3,1,0,0,1,1,1,0,0,1,0,4,2,6,0
5,15,4,0,1,4,3,3,1,0,1,1,1,0,0,6,0,1,0,1,1
10,15,4,1,1,0,3,0,0,2,1,1,1,7,0,1,0,5,2,7,1
9,15,4,0,1,0,3,0,0,4,1,1,1,0,0,4,0,6,1,7,1
8,15,4,0,1,0,3,1,0,2,1,1,1,7,0,6,0,8,11,8,1
5,15,4,1,1,3,3,0,1,2,1,1,1,5,0,1,0,6,2,6,1
5,18,4,0,1,0,3,0,0,11,1,1,1,0,0,1,0,3,6,11,1
4,15,4,0,1,0,3,1,0,0,1,1,1,0,0,1,0,4,5,8,1
8,4,4,0,0,0,3,1,0,0,0,0,0,7,0,3,0,6,10,11,1
8,15,4,0,1,0,3,0,0,5,1,1,1,7,0,1,0,6,3,3,1
13,21,0,0,1,4,3,0,1,0,1,1,1,5,2,1,0,6,5,14,1
0,15,4,1,1,0,3,0,0,16,1,1,1,7,0,3,1,4,0,2,1
1,18,4,0,0,0,3,0,0,2,1,1,0,0,0,0,5,0,0,0,1
2,20,4,1,0,0,3,3,0,2,1,1,1,7,0,1,0,2,9,4,1
13,19,0,1,1,3,3,3,1,1,1,1,1,5,2,1,0,6,8,12,1
0,17,4,1,1,0,3,0,0,2,1,1,1,0,0,1,0,4,1,3,1
3,15,4,0,1,0,3,0,0,7,1,1,1,0,0,0,5,0,0,4,0
15,15,0,0,1,0,3,3,0,1,1,1,1,7,2,1,0,6,11,14,1
6,20,0,0,1,0,2,1,0,3,1,1,1,0,0,5,3,6,2,13,1
11,15,4,0,0,0,3,3,0,0,1,1,0,0,2,3,5,1,0,4,1
11,20,4,0,1,0,3,0,0,0,1,1,1,0,2,1,0,6,3,13,0
0,18,4,1,1,0,3,1,0,2,1,1,1,5,0,1,5,0,0,0,1
9,20,0,0,1,0,3,0,0,0,1,1,1,5,0,1,0,6,4,11,0
2,18,4,1,1,4,3,0,1,9,1,1,1,0,0,1,0,6,3,3,1
14,19,0,1,1,4,3,0,1,1,1,1,1,5,2,0,5,0,0,0,1
9,18,4,0,1,0,3,3,0,12,1,1,1,1,0,1,0,6,6,10,1
14,18,4,1,1,0,3,1,0,0,1,1,1,1,2,1,0,5,0,2,1
12,15,4,1,1,4,3,3,1,14,1,1,1,7,2,1,0,6,10,9,1
5,15,0,0,1,0,3,1,0,2,1,1,1,0,0,1,0,6,8,5,1
1,18,4,1,1,0,3,0,0,2,1,1,1,1,0,3,0,5,5,6,1
3,20,4,1,1,0,3,0,0,11,1,1,1,7,0,6,0,1,2,9,1
2,18,4,0,0,0,3,0,0,2,1,1,0,0,0,0,5,0,0,0,1
5,20,4,0,1,2,3,1,0,2,1,1,1,0,0,1,0,4,3,8,1
8,20,4,0,1,4,3,0,1,11,1,1,1,5,0,1,0,6,8,6,1
4,18,0,1,1,0,3,1,0,2,1,1,1,0,0,1,0,6,6,6,1
14,20,4,0,1,0,3,1,0,2,1,1,1,5,2,1,0,7,4,14,1
10,20,4,0,1,0,3,0,0,11,1,1,1,2,0,1,0,6,4,14,1
7,16,4,1,1,0,3,0,0,2,1,1,1,0,0,1,0,6,10,10,1
12,21,4,1,1,0,3,1,0,0,1,1,1,8,2,2,0,7,8,13,1
5,15,4,0,1,0,3,3,0,4,1,1,1,0,0,1,0,6,8,9,1
13,21,0,1,1,0,3,1,0,1,1,1,1,5,2,2,0,2,11,3,1
3,18,4,1,1,0,3,0,0,9,1,1,1,0,0,1,0,3,6,2,1
9,16,4,0,1,0,3,1,0,11,1,1,1,0,0,9,2,0,0,0,0
9,17,4,0,1,0,3,3,0,11,1,1,1,1,0,4,0,9,3,10,0
1,18,4,0,1,3,3,3,0,11,1,1,1,5,0,2,0,9,2,14,1
6,20,4,1,1,0,3,0,0,12,1,1,1,0,0,1,5,3,0,2,0
14,20,4,0,1,0,3,2,0,0,1,1,1,0,2,6,0,6,6,10,1
10,18,4,1,1,0,3,0,0,0,1,1,1,0,0,1,5,0,0,0,1
12,18,4,1,1,3,3,0,1,5,1,1,1,0,2,1,0,8,3,9,1
11,18,4,0,1,0,3,0,0,11,1,1,1,0,2,3,0,2,0,2,1
9,20,0,0,1,0,3,1,0,2,1,1,1,5,0,1,0,7,10,11,1
10,20,0,1,1,4,3,0,1,1,1,1,1,5,0,1,0,7,11,11,1
7,20,4,0,1,0,3,0,0,2,1,1,1,0,0,1,0,6,5,13,1
15,20,4,1,1,0,3,3,0,2,1,1,1,7,2,1,0,8,8,6,1
6,20,4,1,1,0,3,0,0,14,1,1,1,1,0,1,0,6,3,10,1
15,22,4,0,0,3,3,3,1,11,1,0,1,0,2,3,0,8,4,14,1
3,17,4,1,1,0,3,1,0,16,1,1,1,8,0,6,5,0,0,1,0
6,15,4,1,1,0,3,0,0,2,1,1,1,0,0,2,0,6,2,7,1
4,18,4,1,1,4,3,0,1,4,1,1,1,5,0,0,5,0,0,4,1
0,16,4,1,1,0,3,0,0,2,1,1,1,5,0,9,2,0,0,0,1
14,22,0,1,1,0,3,1,0,1,1,1,1,0,2,1,0,7,8,14,1
13,19,0,0,1,0,3,0,0,0,1,1,1,0,2,1,0,7,5,9,1
7,18,0,1,1,0,3,3,0,1,1,1,1,0,0,1,5,0,0,4,0
13,0,4,0,1,0,3,3,0,15,1,1,1,1,2,0,5,0,0,1,1
12,15,0,0,1,0,3,3,0,11,1,1,1,0,2,1,0,8,11,6,1
0,18,4,1,1,0,3,1,0,16,1,1,1,7,0,0,5,0,0,0,0
11,20,4,1,1,0,3,1,0,0,1,1,1,0,2,4,0,6,1,11,0
14,14,4,0,1,0,3,0,0,0,1,1,1,0,2,6,0,8,10,14,1
15,19,4,1,1,4,3,3,1,12,1,1,1,0,2,6,0,4,0,6,0
8,17,0,0,1,0,3,3,0,11,1,1,1,0,0,1,0,7,8,13,1
13,20,0,0,1,0,3,1,0,2,1,1,1,0,2,1,0,6,6,5,1
4,15,4,1,1,0,3,0,0,12,1,1,1,0,0,3,0,2,4,4,0
14,18,0,1,1,0,3,1,0,1,1,1,1,8,2,1,0,5,0,8,1
14,17,0,0,1,0,3,0,0,0,1,1,1,7,2,2,0,6,8,10,1
5,20,4,1,1,2,3,1,0,0,1,1,1,8,0,4,5,0,0,0,0
1,18,4,1,1,0,3,3,0,16,1,1,1,5,0,2,5,0,0,0,0
1,18,4,0,1,0,3,0,0,2,1,1,1,7,0,1,0,6,1,10,1
14,15,4,0,1,4,3,0,1,0,1,1,1,5,2,1,0,6,4,10,1
12,20,4,0,1,0,3,0,0,11,1,1,1,0,2,1,0,6,8,13,1
8,15,4,1,1,4,3,0,1,0,1,1,1,0,0,1,0,3,4,5,1
9,15,0,0,1,0,0,3,0,0,1,1,1,0,0,5,3,6,9,12,1
8,16,4,0,1,0,3,0,0,2,1,1,1,0,0,0,5,0,0,0,1
14,17,4,1,1,0,3,3,0,0,1,1,1,0,2,1,0,6,5,7,1
1,14,4,1,1,0,3,3,0,2,1,1,1,0,0,9,2,0,0,0,1
9,15,0,1,1,0,3,0,0,0,1,1,1,7,0,1,0,6,4,11,1
4,19,4,0,1,3,3,0,1,9,1,1,1,5,0,1,0,6,5,10,1
9,20,0,1,1,0,3,1,0,0,1,1,1,0,0,1,0,6,5,10,1
4,15,4,1,1,0,3,1,0,9,1,1,1,0,0,1,0,6,3,8,0
13,20,0,1,1,0,3,3,0,1,1,1,1,5,2,3,0,1,0,1,1
14,8,0,0,1,4,3,0,1,0,1,1,1,7,2,1,0,6,4,12,1
15,20,0,1,1,0,3,1,0,0,1,1,1,0,2,2,0,9,4,12,1
13,18,4,1,1,0,3,1,0,0,1,1,1,8,2,1,0,6,6,6,0
12,20,4,1,1,0,3,0,0,0,1,1,1,1,0,2,0,5,3,4,0
5,18,0,0,1,0,3,0,0,0,1,1,1,7,0,1,2,6,0,3,1
7,18,4,0,1,0,3,0,0,5,1,1,1,7,0,0,5,0,0,0,1
13,18,4,1,1,0,3,3,0,2,1,1,1,0,2,1,0,6,6,9,1
8,13,4,0,1,0,3,0,0,0,1,1,1,0,0,1,0,6,8,13,1
13,15,4,0,1,0,3,3,0,11,1,1,1,0,2,1,0,1,8,14,1
10,14,4,0,1,4,3,0,1,15,1,1,1,5,0,0,5,0,0,0,1
8,21,4,1,1,0,3,0,0,0,1,1,1,0,0,1,0,6,8,14,0
14,18,0,1,1,0,3,0,0,1,1,1,1,7,2,1,0,5,2,5,1
3,19,4,1,1,0,3,0,0,12,1,1,1,7,0,4,0,2,6,4,1
10,0,4,0,1,4,3,0,1,5,1,1,1,0,0,1,0,6,3,9,1
13,21,4,0,1,0,3,1,0,0,1,1,1,0,2,1,0,9,10,13,0
14,20,0,1,1,0,3,1,0,1,1,1,1,0,2,1,1,8,0,13,0
5,0,4,1,1,0,3,0,0,10,1,1,1,8,0,4,0,6,1,1,1
3,18,4,1,1,0,3,0,0,2,1,1,1,0,0,1,0,4,2,4,1
15,18,0,0,1,3,3,0,1,1,1,1,1,0,2,1,0,6,2,11,1
9,20,4,1,1,0,3,3,0,11,1,1,1,0,0,1,0,8,11,13,0
3,16,4,1,1,0,3,0,0,3,1,1,1,0,0,1,0,6,2,5,1
11,20,4,1,1,4,3,0,1,0,1,1,1,5,2,2,0,6,6,13,0
7,21,0,1,1,0,3,0,0,1,1,1,1,0,0,0,5,0,0,0,1
12,16,4,0,1,0,3,3,0,9,1,1,1,2,2,1,0,6,3,3,1
2,15,4,0,1,3,3,0,1,2,1,1,1,5,0,0,5,0,0,0,1
1,17,4,1,1,0,3,3,0,2,1,1,1,1,0,0,5,0,0,0,1
3,20,4,0,1,0,3,0,0,5,1,1,1,0,0,1,0,6,9,4,0
15,20,2,0,1,0,2,3,0,10,1,1,1,0,2,4,0,6,5,13,0
7,20,4,0,1,0,3,1,0,0,1,1,1,8,0,1,0,8,3,12,1
13,20,0,1,1,0,3,1,0,1,1,1,1,0,2,1,0,6,11,11,1
6,20,4,1,1,0,3,1,0,0,1,1,1,8,0,4,0,1,1,7,1
12,17,4,0,1,0,3,0,0,16,1,1,1,0,2,2,5,6,0,2,1
11,23,4,0,1,0,3,3,0,0,1,1,1,5,2,1,0,6,11,14,1
7,20,0,1,1,0,3,1,0,1,1,1,1,7,0,4,0,6,6,11,1
11,18,4,0,1,0,3,0,0,0,1,1,1,7,2,1,0,6,2,10,1
4,18,4,0,1,0,3,1,0,15,1,1,1,5,0,0,5,0,0,8,0
9,18,4,1,1,0,3,0,0,2,1,1,1,0,0,2,0,6,0,7,1
13,21,4,0,1,0,3,0,0,0,1,1,1,5,2,2,0,6,4,13,0
5,20,4,1,1,0,3,0,0,2,1,1,1,0,0,1,0,6,5,6,1
10,23,0,1,1,2,3,3,0,2,1,1,1,0,0,1,0,6,6,14,1
13,20,0,1,0,0,3,0,0,3,1,1,0,1,2,2,0,6,2,13,1
5,18,4,1,1,0,3,1,0,0,1,1,1,0,0,1,0,6,3,9,0
6,20,4,1,1,0,3,0,0,2,1,1,1,8,0,3,0,1,6,6,1
9,15,4,0,1,4,3,0,1,5,1,1,1,5,0,0,5,0,0,5,1
4,20,4,1,1,0,3,0,0,3,1,1,1,1,0,1,0,3,2,6,1
14,20,4,1,1,4,3,0,1,0,1,1,1,5,2,1,0,5,2,12,0
15,15,0,1,1,4,3,3,1,0,1,1,1,7,2,0,5,0,0,0,1
5,19,0,0,1,0,3,3,0,2,1,1,1,0,0,1,0,6,8,6,1
7,15,4,0,1,4,3,0,1,0,1,1,1,5,0,0,5,0,0,0,1
1,18,4,1,1,0,3,0,0,2,1,1,1,0,0,9,2,0,0,0,1
13,19,0,1,1,0,3,0,0,1,1,1,1,5,2,2,0,6,0,9,1
3,18,4,0,1,0,3,0,0,0,1,1,1,7,0,1,1,1,0,1,1
13,0,4,1,1,4,3,0,1,2,1,1,1,0,2,0,5,0,0,0,1
9,20,0,1,1,4,3,0,1,1,1,1,1,5,0,1,0,7,5,13,0
1,17,4,0,1,4,3,0,1,2,1,1,1,5,0,1,0,5,6,5,1
9,15,0,1,1,0,3,0,0,0,1,1,1,0,0,1,0,6,7,12,0
11,19,4,1,1,0,3,0,0,2,1,1,1,0,2,1,0,4,2,7,1
15,20,0,1,1,0,3,1,0,0,1,1,1,0,2,2,0,8,0,13,0
3,15,4,0,0,0,3,0,0,2,1,1,0,0,0,0,5,0,0,4,1
14,20,4,1,1,0,3,0,0,12,1,1,1,0,2,2,0,6,0,13,0
6,17,0,1,1,0,3,1,0,1,1,1,1,0,0,1,0,6,6,11,1
8,18,4,0,1,4,3,0,1,5,1,1,1,7,0,1,2,0,0,0,1
10,18,4,1,1,0,3,1,0,2,1,1,1,0,0,1,0,3,1,5,1
8,21,0,1,1,0,3,1,0,1,1,1,1,0,0,2,0,8,4,12,1
6,20,4,1,1,0,3,0,0,0,1,1,1,0,0,2,0,4,0,14,0
14,19,0,0,1,4,3,0,1,8,1,1,1,5,2,0,5,0,0,0,0
13,20,0,0,1,3,3,0,1,0,1,1,1,5,2,1,0,6,8,9,1
1,15,0,1,1,0,3,1,0,7,1,1,1,2,0,1,0,2,2,3,1
10,15,0,0,1,0,3,0,0,1,1,1,1,0,0,1,0,3,7,10,0
1,14,4,0,1,0,3,0,0,16,1,1,1,0,0,1,1,2,0,5,0
9,17,4,1,1,0,3,0,0,2,1,1,1,1,0,1,0,9,11,13,1
2,22,4,1,1,0,3,1,0,7,1,1,1,8,0,0,5,0,0,0,1
1,17,4,0,1,4,3,3,1,16,1,1,1,5,0,1,5,2,0,2,1
15,20,4,1,1,0,3,1,0,10,1,1,1,0,2,1,0,6,3,3,0
12,21,0,0,1,3,3,3,1,0,1,1,1,1,2,1,0,6,5,13,1
13,20,0,1,1,0,3,0,0,1,1,1,1,0,2,1,0,5,0,6,1
12,21,4,1,1,0,3,1,0,0,1,1,1,0,2,4,0,6,4,11,1
14,15,4,1,0,0,3,0,0,12,1,1,0,0,2,1,5,0,0,1,1
6,14,0,0,1,0,3,0,0,0,1,1,1,0,0,1,0,8,2,12,1
10,18,4,0,1,0,3,0,0,14,1,1,1,0,0,7,0,5,8,7,1
15,15,0,0,1,0,3,1,0,1,1,1,1,0,2,1,0,5,0,8,1
7,20,4,1,1,0,3,1,0,12,1,1,1,1,0,0,5,0,0,0,1
1,18,4,1,1,0,3,0,0,2,1,1,1,5,0,1,5,6,0,2,0
11,20,4,1,1,0,3,0,0,0,1,1,1,5,2,3,0,6,7,12,1
11,21,4,0,1,4,3,0,1,0,1,1,1,5,2,1,0,6,8,8,1
2,18,4,0,1,0,3,0,0,2,1,1,1,1,0,0,5,0,0,0,1
0,17,4,1,1,0,3,3,0,2,1,1,1,0,0,1,0,3,1,2,1
3,15,4,1,1,0,3,0,0,2,1,1,1,5,0,0,5,0,0,0,1
15,15,4,0,1,0,3,0,0,2,1,1,1,0,2,1,0,1,1,2,1
13,18,2,1,1,0,3,1,0,0,1,1,1,0,2,1,0,6,8,12,1
11,18,4,0,1,0,1,0,0,0,1,1,1,0,2,1,0,6,3,9,1
12,20,4,0,1,0,3,0,0,0,1,1,1,0,2,1,0,6,4,14,0
11,19,4,0,1,0,3,0,0,2,1,1,1,0,2,1,5,6,0,2,1
11,18,4,1,1,0,3,3,0,16,1,1,1,0,2,1,0,8,8,6,0
0,18,4,0,1,2,3,0,0,2,1,1,1,0,0,1,0,5,6,6,1
5,20,4,0,1,0,3,0,0,0,1,1,1,5,0,1,0,6,10,14,1
11,21,0,1,1,3,3,0,1,0,1,1,1,5,2,3,0,6,4,13,1
13,0,0,0,1,2,3,0,0,1,1,1,1,7,2,1,0,4,3,6,1
9,20,4,1,1,0,3,3,0,14,1,1,1,0,0,1,0,6,10,10,1
15,17,2,1,1,0,3,3,0,0,1,1,1,1,2,3,0,3,1,6,1
3,15,3,1,1,0,3,0,0,2,1,1,1,6,0,1,0,5,10,3,1
15,16,0,0,1,0,3,0,1,0,1,1,1,5,2,6,0,1,0,2,1
10,15,4,0,1,3,3,0,1,2,1,1,1,5,0,1,0,4,11,4,1
13,20,4,1,1,4,3,3,1,12,1,1,1,0,2,2,5,6,0,6,0
6,15,4,1,1,0,3,0,0,2,1,1,1,5,0,0,5,0,0,10,1
1,18,4,0,1,0,3,3,0,2,1,1,1,0,0,0,5,0,0,0,0
13,15,4,0,1,0,3,1,0,0,1,1,1,0,2,1,0,8,6,12,0
15,18,0,1,1,0,3,1,0,0,1,1,1,0,2,4,0,1,1,2,1
7,21,4,1,1,4,3,0,1,0,1,1,1,5,0,1,0,6,3,9,0
5,15,4,1,1,0,3,0,0,2,1,1,1,7,0,4,0,6,4,2,1
3,19,4,1,1,0,3,1,0,2,1,1,1,0,0,1,0,4,2,6,1
12,11,4,0,0,0,3,1,0,15,0,1,1,0,2,0,5,0,0,0,0
12,21,4,0,1,0,3,3,0,14,1,1,1,0,2,1,0,6,8,13,0
8,20,4,1,1,0,3,0,0,2,1,1,1,0,0,1,2,0,0,0,1
1,15,4,1,1,0,3,1,0,2,1,1,1,8,0,0,5,0,0,0,1
12,18,4,0,1,0,3,0,0,0,1,1,1,8,0,4,0,5,8,4,1
7,20,4,1,1,0,3,1,0,0,1,1,1,0,0,1,2,6,0,2,1
6,20,4,0,1,0,3,0,0,2,1,1,1,0,0,1,0,6,8,13,1
15,19,4,1,1,4,3,0,1,0,1,1,1,5,2,0,5,0,0,0,1
3,20,4,1,1,0,3,3,0,11,1,1,1,0,0,1,0,4,2,5,1
6,20,4,0,1,0,3,1,0,11,1,1,1,8,0,1,0,6,4,12,1
2,15,4,1,1,0,3,1,0,0,1,1,1,1,0,0,5,0,0,0,1
0,18,4,0,1,0,3,3,0,2,1,1,1,0,0,0,5,0,0,0,1
3,19,4,0,1,0,3,3,0,2,1,1,1,0,0,1,5,4,0,3,1
0,15,4,1,1,0,3,3,0,2,1,1,1,0,0,0,5,0,0,0,1
3,19,4,1,1,0,3,3,0,2,1,1,1,5,0,1,0,1,3,2,1
6,19,4,0,1,0,3,3,0,2,1,1,1,0,0,1,0,4,4,10,1
0,18,4,1,1,0,3,0,0,2,1,1,1,0,0,1,0,1,9,2,1
13,15,0,0,1,0,3,1,0,0,1,1,1,0,2,7,5,2,0,2,1
8,20,4,0,1,0,3,0,0,0,1,1,1,1,0,1,0,8,8,14,0
3,20,4,1,1,0,3,0,0,12,1,1,1,0,0,2,5,2,0,2,0
14,17,0,1,1,0,2,0,0,0,1,1,1,0,2,6,0,4,3,5,0
12,18,4,1,1,0,3,3,0,0,1,1,1,5,2,1,0,6,3,14,0
8,20,4,0,1,0,3,0,0,5,1,1,1,5,0,6,2,1,0,3,1
5,17,4,1,1,0,3,0,0,12,1,1,1,0,0,6,0,2,2,3,1
4,14,4,0,1,0,3,0,0,15,1,1,1,0,0,1,5,0,0,1,0
3,18,4,0,1,0,3,0,0,2,1,1,1,7,0,1,0,2,2,4,1
7,15,4,1,1,0,3,1,0,2,1,1,1,0,0,1,0,3,3,8,1
10,18,0,0,1,0,3,1,0,15,1,1,1,0,0,1,5,0,0,0,1
5,2,0,0,1,3,1,0,1,16,1,1,1,7,0,4,0,6,10,6,0
14,14,0,1,1,4,3,0,1,0,1,1,1,7,2,1,0,6,10,12,0
8,17,0,0,1,0,3,1,0,2,1,1,1,0,0,1,0,6,8,10,1
13,21,0,1,1,3,3,0,0,1,1,1,1,0,2,7,0,6,5,14,1
5,15,4,1,1,0,3,0,0,2,1,1,1,0,0,6,0,4,0,1,1
1,15,4,1,1,0,3,3,0,7,1,1,1,7,0,1,0,1,3,2,1
10,20,4,0,1,0,3,1,0,0,1,1,1,0,0,1,0,6,3,12,1
9,16,0,0,1,4,3,0,1,1,1,1,1,5,0,1,0,5,10,8,1
9,18,0,1,1,3,3,2,1,0,1,1,1,5,0,1,0,2,9,9,1
0,15,4,0,1,0,3,1,0,2,1,1,1,8,0,1,0,5,10,6,1
3,18,4,1,1,0,3,1,0,2,1,1,1,0,0,1,0,6,6,9,1
14,19,0,1,1,0,3,1,0,1,1,1,1,0,2,2,0,6,0,11,1
1,18,4,1,1,4,3,0,1,14,1,1,1,0,0,0,5,0,0,0,0
5,21,0,0,1,0,0,0,0,0,1,1,1,1,0,5,3,6,3,12,1
7,20,4,0,1,0,3,1,0,2,1,1,1,0,0,1,0,6,11,13,1
6,20,4,0,0,0,2,1,0,2,1,1,0,0,2,5,4,1,4,7,1
7,20,4,1,1,0,3,1,0,2,1,1,1,1,0,1,2,0,0,0,1
5,20,4,1,1,4,3,1,1,0,1,1,1,6,0,1,0,5,10,4,1
7,15,4,0,1,0,0,0,0,16,1,1,1,1,0,5,3,9,1,8,0
14,19,4,1,1,0,3,3,0,0,1,1,1,4,2,1,5,5,0,4,1
12,21,4,0,1,0,3,0,0,0,1,1,1,5,2,1,0,6,11,14,0
4,15,4,0,1,0,3,0,0,15,1,1,1,1,0,0,5,0,0,0,0
13,15,0,1,1,3,3,0,1,0,1,1,1,8,2,1,0,6,1,10,1
11,19,4,0,1,0,3,0,0,7,1,1,1,8,2,1,0,6,3,9,1
5,17,4,1,1,0,3,3,0,2,1,1,1,0,0,1,0,6,10,7,1
12,17,4,0,1,0,3,1,0,0,1,1,1,0,2,1,0,6,3,11,1
9,20,4,1,1,0,3,1,0,12,1,1,1,8,0,1,0,7,2,13,0
10,17,4,0,1,0,3,0,0,15,1,1,1,1,0,1,2,6,0,9,1
6,14,0,0,1,0,3,3,0,0,1,1,1,0,0,0,5,0,0,5,0
9,15,4,0,1,0,1,1,0,16,1,1,1,8,0,1,0,6,7,8,0
9,9,0,0,1,3,3,0,1,5,1,1,1,5,0,2,2,8,0,6,1
12,15,0,0,1,0,3,0,0,0,1,1,1,0,2,1,0,6,8,14,0
9,21,0,1,1,0,3,1,0,0,1,1,1,0,0,2,0,8,2,13,1
1,18,4,1,1,4,3,3,0,16,1,1,1,2,0,1,5,4,7,5,0
3,18,4,0,1,4,3,3,1,2,1,1,1,5,0,1,0,2,8,5,1
1,18,4,1,1,0,3,0,0,2,1,1,1,7,0,1,0,4,1,5,1
6,15,4,0,1,0,1,0,0,0,1,1,1,0,0,5,0,6,5,3,0
8,20,0,1,1,4,3,0,1,1,1,1,1,0,0,1,0,2,8,5,1
10,15,0,1,1,0,3,0,0,1,1,1,1,0,0,1,0,6,11,3,1
11,18,0,1,1,0,3,0,0,0,1,1,1,0,2,1,0,1,6,5,1
9,16,4,0,1,0,3,0,0,2,1,1,1,0,0,1,0,6,0,10,1
15,18,0,0,1,4,3,0,1,0,1,1,1,0,2,3,0,6,0,6,1
12,17,4,1,1,0,3,1,0,2,1,1,1,0,2,1,0,4,4,8,1
15,10,0,1,0,0,3,0,0,0,0,1,1,7,2,0,0,0,5,10,0
10,18,0,0,1,4,3,3,1,8,1,1,1,7,0,1,0,6,11,5,1
15,20,4,0,1,0,3,0,0,10,1,1,1,0,2,4,0,9,0,13,0
2,17,4,1,1,0,3,1,0,2,1,1,1,0,0,1,0,2,2,2,1
5,19,4,1,1,3,3,0,1,0,1,1,1,0,0,1,0,4,7,5,1
1,19,4,0,1,3,3,0,0,11,1,1,1,5,0,7,0,6,5,14,1
6,4,4,0,1,4,3,0,1,11,1,1,1,7,0,3,0,7,5,12,1
2,18,2,1,1,4,3,0,1,0,1,1,1,0,0,1,0,6,2,7,1
1,18,4,0,1,0,3,3,0,2,1,1,1,7,0,1,5,6,0,4,1
7,18,4,0,1,3,3,3,1,0,1,1,1,7,0,1,0,6,2,5,1
6,18,4,0,1,0,3,1,0,5,1,1,1,0,0,1,0,6,2,11,1
15,20,4,1,1,0,3,0,0,0,1,1,1,0,2,6,0,6,0,8,1
3,20,4,0,1,0,3,3,0,0,1,1,1,5,0,1,0,8,9,14,0
9,17,0,1,1,0,3,0,0,1,1,1,1,0,0,1,0,6,6,7,1
3,15,4,1,1,4,3,0,1,0,1,1,1,0,0,1,0,6,3,8,0
10,19,4,0,1,0,3,0,0,15,1,1,1,8,0,1,5,6,0,7,0
6,20,0,0,1,3,3,1,1,1,1,1,1,0,0,1,0,6,10,13,1
15,23,0,0,1,0,3,3,0,0,1,1,1,0,2,3,0,6,7,13,1
8,15,4,1,1,0,3,0,0,2,1,1,1,7,0,1,0,4,2,6,1
14,20,0,1,1,3,3,0,1,0,1,1,1,5,2,3,0,6,8,13,1
1,15,4,0,1,3,3,0,1,16,1,1,1,7,0,5,3,6,2,5,1
12,13,4,0,1,0,3,0,0,15,1,1,1,0,2,6,5,0,0,1,0
11,20,4,0,1,0,3,0,0,2,1,1,1,0,2,1,0,8,4,12,1
8,15,0,0,1,4,3,0,1,2,1,1,1,0,0,1,0,6,6,7,1
4,18,4,1,1,0,3,0,0,4,1,1,1,0,0,1,0,4,4,7,0
8,20,4,1,1,0,3,3,0,11,1,1,1,5,0,0,5,0,0,0,1
5,20,4,1,1,0,3,2,0,5,1,1,1,0,0,1,0,3,1,6,1
2,15,4,0,1,0,0,0,0,16,1,1,1,1,0,5,3,9,1,7,0
10,20,4,1,1,0,3,0,0,2,1,1,1,0,0,2,0,6,6,10,1
7,19,4,0,1,0,3,3,0,2,1,1,1,0,0,1,0,6,4,6,1
12,20,4,0,1,0,3,3,0,0,1,1,1,8,2,1,0,6,6,13,1
13,18,4,1,1,0,3,3,0,0,1,1,1,0,2,2,0,1,3,7,1
0,18,4,1,1,3,3,0,1,2,1,1,1,0,0,1,2,4,0,2,1
4,15,4,1,1,0,3,1,0,2,1,1,1,8,0,1,0,4,2,8,0
6,18,4,1,1,0,3,0,0,0,1,1,1,0,0,1,0,8,2,8,1
1,18,4,1,1,0,3,1,0,2,1,1,1,8,0,4,0,2,1,6,1
10,10,4,0,1,3,3,3,1,5,1,1,1,0,0,0,5,0,0,0,1
11,16,4,0,1,0,3,1,0,2,1,1,1,0,2,1,5,6,0,2,1
3,18,4,1,1,0,1,1,0,0,1,1,1,0,0,5,5,9,0,3,0
1,15,2,0,1,0,3,0,0,7,1,1,1,0,0,1,5,0,0,0,1
2,22,4,0,1,4,3,0,1,0,1,1,1,7,0,2,0,7,2,11,1
14,22,0,0,0,0,3,3,0,0,1,1,1,0,2,1,0,6,4,14,1
15,9,4,0,1,0,3,1,0,12,1,1,1,7,2,2,0,8,1,4,1
1,18,4,1,1,0,3,0,0,16,1,1,1,5,0,2,5,2,0,3,1
9,18,4,1,1,4,3,0,1,0,1,1,1,1,0,1,5,0,0,0,1
6,13,4,0,1,0,0,0,0,0,1,1,1,0,0,5,3,6,2,12,1
5,15,4,0,0,0,3,0,0,2,1,1,0,7,0,0,5,0,0,5,1
3,18,4,0,1,0,3,0,0,2,1,1,1,5,0,1,0,6,10,5,1
5,22,4,0,1,0,3,0,0,15,1,1,1,0,0,0,5,0,0,0,1
10,21,0,1,1,4,3,0,1,0,1,1,1,5,0,1,0,6,4,10,1
5,15,4,0,0,0,3,1,0,2,1,1,0,0,0,0,5,0,0,4,1
8,18,0,1,1,4,3,0,1,1,1,1,1,5,0,0,5,0,0,0,1
1,14,1,0,1,3,3,1,1,14,1,1,1,0,0,4,5,9,0,2,1
7,19,4,1,1,0,3,0,0,2,1,1,1,0,0,1,0,4,2,5,1
15,15,4,0,1,0,3,0,0,2,1,1,1,1,2,1,0,6,8,7,1
9,13,4,0,1,0,3,0,0,15,1,1,1,7,0,6,5,0,0,0,1
5,16,4,0,1,0,3,1,0,15,1,1,1,7,0,1,5,0,0,0,0
15,20,0,0,1,0,3,0,0,1,1,1,1,7,2,1,0,6,0,9,0
5,18,4,1,1,4,3,0,1,0,1,1,1,5,0,1,0,5,5,4,0
15,22,0,0,1,0,3,0,0,15,1,1,1,1,2,0,5,0,0,0,0
10,17,4,0,1,0,3,0,0,2,1,1,1,0,0,1,0,6,3,10,1
3,19,4,0,1,0,3,0,0,2,1,1,1,0,0,1,0,3,3,3,1
13,0,4,1,1,4,3,0,1,12,1,1,1,0,2,0,5,0,0,0,0
7,14,4,0,1,0,3,0,0,7,1,1,1,0,0,1,0,5,8,5,1
5,15,4,0,1,0,0,1,0,16,1,1,1,0,0,5,3,9,2,6,1
14,12,0,0,1,4,3,3,1,9,1,1,1,5,2,1,0,6,11,12,1
3,15,4,0,1,0,3,0,0,2,1,1,1,5,0,1,0,3,8,3,1
2,19,0,1,1,0,1,0,0,8,1,1,1,0,2,5,0,6,9,7,1
4,17,4,0,1,4,3,0,1,2,1,1,1,5,0,1,0,6,6,6,1
14,18,0,0,1,0,1,0,0,0,1,1,1,0,2,5,0,6,4,13,1
9,16,4,0,1,0,3,0,0,12,1,1,1,5,0,1,0,6,6,13,0
2,19,4,0,1,0,1,0,0,16,1,1,1,0,0,1,5,8,0,4,1
15,15,4,1,1,0,3,0,0,11,1,1,1,0,2,6,0,4,2,6,1
11,15,2,0,1,0,3,1,0,7,1,1,1,0,2,1,0,8,4,10,1
5,18,4,0,1,0,3,1,0,0,1,1,1,0,0,1,0,3,1,11,1
10,20,4,1,1,0,3,0,0,0,1,1,1,0,0,1,0,3,5,4,1
13,15,4,1,1,0,3,0,0,12,1,1,1,0,2,6,0,2,2,5,1
11,15,4,0,1,4,3,0,1,11,1,1,1,0,2,1,0,6,6,2,1
9,15,4,0,1,0,3,0,0,14,1,1,1,0,0,1,0,6,6,6,1
9,15,0,1,1,0,3,0,0,8,1,1,1,7,0,1,0,2,0,3,1
14,19,4,0,1,0,3,0,0,2,1,1,1,0,2,1,0,4,1,8,1
3,18,4,0,1,0,3,0,0,16,1,1,1,5,0,1,5,1,0,3,0
2,20,4,0,1,0,3,0,0,12,1,1,1,0,0,1,0,7,10,11,0
15,19,0,1,1,3,3,0,1,0,1,1,1,5,2,0,5,0,0,0,1
3,14,4,0,0,0,3,3,1,9,1,1,0,0,0,0,5,0,0,0,1
5,20,4,0,1,3,3,0,1,11,1,1,1,5,0,1,0,6,10,13,1
5,15,4,1,1,0,3,0,0,9,1,1,1,5,0,1,0,4,11,3,1
15,15,0,0,1,3,3,0,1,1,1,1,1,0,2,1,1,6,0,12,1
3,15,4,0,1,0,3,0,0,2,1,1,1,7,0,1,0,6,8,5,1
1,18,4,0,1,0,3,3,0,2,1,1,1,0,0,3,0,1,6,2,1
14,22,4,0,1,0,3,0,0,0,1,1,1,0,2,1,0,7,6,10,1
2,18,4,0,1,0,3,0,0,2,1,1,1,7,0,1,0,6,10,11,1
3,15,4,0,1,0,3,0,0,2,1,1,1,0,0,1,0,2,8,2,1
9,15,4,0,1,4,3,0,1,12,1,1,1,0,0,1,0,6,3,10,0
10,20,4,0,1,4,3,0,1,11,1,1,1,5,0,1,0,6,10,11,0
1,14,0,1,1,4,3,0,1,0,1,1,1,0,0,1,5,6,0,5,1
1,18,0,0,1,0,3,0,0,11,1,1,1,1,0,1,0,9,10,10,0
1,18,4,0,1,0,3,3,0,2,1,1,1,5,0,0,5,0,0,0,1
8,20,4,1,1,0,3,3,0,0,1,1,1,0,0,2,0,9,11,9,0
8,18,4,0,1,0,3,0,0,14,1,1,1,1,0,1,0,6,8,9,1
14,20,0,1,1,0,3,0,0,1,1,1,1,5,2,1,0,6,8,12,0
4,21,4,1,1,0,3,1,0,16,1,1,1,0,0,1,0,2,2,3,0
1,15,4,0,1,0,3,3,0,0,1,1,1,0,0,3,2,8,0,4,1
0,15,4,1,1,0,3,0,0,2,1,1,1,0,0,0,5,0,0,0,1
12,17,4,0,1,0,3,3,0,11,1,1,1,0,2,6,0,8,8,10,1
12,21,4,0,1,0,3,0,0,0,1,1,1,0,2,1,0,6,2,14,0
7,18,0,1,1,0,3,0,0,1,1,1,1,7,0,1,5,0,0,0,1
4,15,4,0,0,0,3,0,0,2,1,1,0,8,0,0,5,0,0,7,1
6,21,4,1,1,0,3,3,0,5,1,1,1,0,0,1,0,8,10,13,1
10,21,4,0,1,0,3,1,0,12,1,1,1,0,0,1,0,9,11,14,1
2,19,0,1,1,0,3,0,0,0,1,1,1,8,0,1,0,4,1,6,0
14,0,4,0,1,4,3,0,1,9,1,1,1,0,2,0,5,0,0,0,1
11,15,4,0,1,3,3,0,1,0,1,1,1,1,2,1,5,3,0,4,1
0,14,4,1,1,0,3,0,0,16,1,1,1,0,0,1,1,8,0,6,0
14,14,0,0,1,0,3,0,0,0,1,1,1,0,2,1,0,6,1,11,1
5,0,4,1,1,0,3,0,1,9,1,1,1,7,0,6,0,3,4,3,1
10,20,4,0,1,0,3,1,0,15,1,1,1,0,0,1,5,3,0,2,0
9,19,0,1,1,0,3,0,0,0,1,1,1,7,0,1,0,7,10,11,1
0,15,4,1,1,0,3,0,0,2,1,1,1,0,0,1,0,6,1,9,1
3,15,4,0,1,0,0,1,0,16,1,1,1,0,0,5,3,8,3,7,1
12,18,4,0,0,0,3,0,0,15,1,1,1,2,2,1,5,0,0,0,1
2,15,4,0,1,0,3,0,0,2,1,1,1,0,0,3,0,1,1,2,1
9,0,4,0,0,2,3,3,0,4,0,1,0,0,0,1,0,0,3,9,1
3,18,4,0,1,0,3,0,0,12,1,1,1,0,0,1,0,4,2,4,1
6,20,4,1,1,0,3,1,0,0,1,1,1,8,0,1,0,8,1,12,1
1,17,4,1,1,0,3,3,0,9,1,1,1,0,0,1,0,6,4,4,0
12,17,0,0,1,4,3,0,1,1,1,1,1,1,2,6,1,4,0,1,1
13,17,4,0,1,0,3,0,0,11,1,1,1,0,2,1,0,6,10,7,1
6,20,4,1,1,0,3,1,0,0,1,1,1,8,0,1,0,6,3,6,0
10,21,0,0,1,3,3,0,1,0,1,1,1,0,0,1,0,6,3,9,1
7,18,4,0,1,0,3,3,0,2,1,1,1,0,0,1,0,6,10,8,1
3,15,4,1,1,0,3,1,0,12,1,1,1,0,0,1,0,6,1,11,1
5,20,4,1,1,0,3,1,0,12,1,1,1,8,0,1,0,9,3,8,0
2,17,4,1,1,0,3,1,0,2,1,1,1,0,0,1,0,2,2,2,1
9,17,4,0,1,0,3,0,0,2,1,1,1,0,0,1,0,5,8,10,1
2,18,4,0,1,0,3,1,0,0,1,1,1,0,0,1,0,6,1,8,1
15,19,4,1,1,0,3,1,0,4,1,1,0,0,2,6,0,3,7,9,1
9,13,4,0,1,2,3,3,0,2,1,1,1,0,0,1,0,6,6,6,1
7,16,4,0,1,4,3,0,1,0,1,1,1,0,0,1,0,6,6,3,1
14,23,0,1,1,4,3,0,1,0,1,1,1,5,2,1,0,6,8,13,1
1,18,4,0,1,0,3,0,0,16,1,1,1,0,0,2,5,0,0,0,1
7,18,4,1,1,0,3,1,0,0,1,1,1,5,0,1,0,3,8,11,0
15,20,0,1,1,0,3,0,0,1,1,1,1,0,2,0,5,0,0,0,1
15,21,0,0,1,0,3,1,0,0,1,1,1,0,2,4,0,8,6,14,0
12,11,4,0,0,0,3,1,0,15,0,1,1,0,2,0,5,0,0,0,0
5,15,4,0,1,3,3,3,1,2,1,1,1,0,0,1,0,6,4,9,1
10,20,4,0,1,0,3,0,0,9,1,1,1,5,0,1,0,6,11,14,0
6,21,4,1,1,0,3,0,0,2,1,1,1,7,0,1,0,5,4,6,1
0,18,4,0,1,0,3,0,0,16,1,1,1,7,0,1,5,8,0,4,0
1,18,0,1,1,0,3,0,0,1,1,1,1,5,0,1,0,1,3,4,1
3,20,4,0,1,0,3,3,0,2,1,1,1,7,0,1,0,3,2,5,1
9,18,4,0,1,0,3,0,0,0,1,1,1,0,0,3,0,6,10,12,1
4,18,4,0,1,0,3,0,0,14,1,1,1,0,0,1,0,6,6,6,1
1,15,4,1,1,0,3,0,0,2,1,1,1,0,0,0,5,0,0,0,1
7,13,4,1,1,0,3,1,0,7,1,1,1,0,0,0,5,0,0,0,1
7,19,0,0,1,0,3,0,0,1,1,1,1,0,0,1,0,6,3,11,1
3,18,4,1,0,4,3,0,1,2,1,1,0,0,0,1,5,0,0,0,1
14,20,4,0,1,0,3,1,0,2,1,1,1,0,2,1,0,6,3,13,1
2,18,4,1,1,0,3,0,0,11,1,1,1,5,0,1,5,1,0,4,0
14,17,0,1,1,3,3,0,1,8,1,1,1,5,2,1,0,6,4,10,1
9,20,0,0,1,0,3,0,0,0,1,1,1,0,0,1,0,6,0,13,0
10,20,4,1,1,0,3,0,0,0,1,1,1,0,0,2,0,8,3,14,0
4,15,4,1,1,0,3,1,0,7,1,1,1,8,0,6,2,0,0,5,1
8,15,0,1,1,4,3,0,1,1,1,1,1,7,0,0,5,0,0,0,0
14,18,4,0,1,0,3,1,0,0,1,1,1,0,2,1,5,0,0,4,1
5,10,3,1,1,3,3,3,1,2,1,1,1,0,0,4,0,1,8,3,1
13,19,0,1,1,3,3,0,1,0,1,1,1,5,2,1,5,0,0,0,1
4,18,4,1,1,4,3,0,1,2,1,1,1,5,0,0,5,0,0,3,1
8,20,4,1,1,0,3,0,0,0,1,1,1,5,0,4,0,2,9,2,0
11,17,4,1,1,0,3,0,0,2,1,1,1,0,2,1,0,2,2,2,1
0,18,4,1,1,0,3,1,0,16,1,1,1,8,0,2,5,1,0,1,0
9,13,4,0,1,0,3,0,0,15,1,1,1,1,0,0,5,0,0,0,1
4,20,4,0,1,0,3,0,0,5,1,1,1,0,0,1,0,6,10,13,0
11,15,0,0,1,0,1,1,0,0,1,1,1,0,2,1,0,6,4,12,1
12,15,4,1,1,0,3,0,0,12,1,1,1,0,2,1,5,0,0,0,1
9,18,4,1,1,0,3,1,0,0,1,1,1,0,0,4,0,5,1,3,1
8,18,0,1,1,0,3,3,0,1,1,1,1,0,0,1,0,6,1,8,1
3,20,4,0,1,0,3,3,0,11,1,1,1,0,0,1,0,6,1,10,0
2,15,4,1,1,0,3,0,0,2,1,1,1,0,0,1,0,4,2,4,1
13,14,0,1,1,0,3,2,0,2,1,1,1,0,2,1,0,1,10,1,1
13,20,4,0,1,0,3,1,0,0,1,1,1,0,2,7,0,6,3,13,1
6,20,4,0,1,2,3,0,0,2,1,1,1,5,0,8,5,0,0,0,1
9,20,0,1,1,0,3,0,0,0,1,1,1,0,0,1,0,6,10,13,0
1,15,4,0,1,0,3,0,0,15,1,1,1,1,0,1,5,6,0,2,0
1,18,4,0,1,0,0,0,0,16,1,1,1,1,0,5,3,8,1,6,1
2,18,4,0,1,3,3,0,1,2,1,1,1,5,0,0,5,0,0,0,1
0,15,4,0,1,0,3,1,0,2,1,1,1,0,0,1,2,4,0,5,1
12,20,2,1,1,3,3,3,1,3,1,1,1,7,2,1,4,6,7,13,0
0,15,4,0,1,0,3,0,0,2,1,1,1,0,0,0,5,0,0,0,1
12,21,0,1,1,2,3,0,0,2,1,1,1,0,2,1,0,2,11,8,1
13,10,0,1,1,4,3,0,1,0,1,1,1,8,2,5,0,6,9,10,1
6,20,4,1,1,0,3,3,0,2,1,1,1,8,0,1,0,6,6,7,1
3,19,4,1,1,0,3,0,0,12,1,1,1,0,0,1,0,4,3,5,0
14,15,4,1,1,0,3,0,0,0,1,1,1,0,2,1,0,5,4,4,1
3,15,4,1,1,0,3,0,0,5,1,1,1,7,0,0,5,0,0,4,1
6,18,4,0,1,0,3,3,0,12,1,1,1,0,0,1,0,4,6,5,1
9,20,4,0,1,0,3,0,0,14,1,1,1,7,0,4,0,6,10,7,1
12,23,0,0,1,0,3,3,0,0,1,1,1,0,2,1,0,6,11,14,0
8,21,4,1,1,4,3,0,1,0,1,1,1,5,0,1,0,7,6,3,1
0,18,4,0,1,0,3,0,0,2,1,1,1,5,0,0,5,0,0,0,1
4,20,0,1,1,0,3,0,0,0,1,1,1,5,0,1,0,6,2,11,0
11,20,4,1,1,0,3,1,0,11,1,1,1,1,2,3,0,6,3,9,0
13,20,4,0,1,0,3,0,0,0,1,1,1,5,2,1,0,6,0,6,0
13,21,0,1,1,0,3,3,0,1,1,1,1,0,2,1,5,0,0,0,1
3,14,0,1,1,0,3,1,0,16,1,1,1,0,0,1,0,6,5,6,1
10,14,4,1,1,0,3,0,0,12,1,1,1,0,0,1,5,0,0,0,1
4,18,0,1,1,0,3,3,0,8,1,1,1,0,0,3,5,0,0,0,1
10,15,4,0,1,0,3,1,0,2,1,1,1,0,0,6,0,1,6,4,1
3,19,4,0,1,0,3,0,0,2,1,1,1,0,0,9,2,0,0,0,1
13,19,4,1,1,0,3,0,0,0,1,1,1,7,2,1,0,6,1,11,1
0,15,4,0,0,0,3,1,0,16,1,1,0,8,0,1,5,1,0,3,0
11,19,0,1,1,0,3,0,0,8,1,1,0,7,1,6,1,4,0,10,1
0,18,4,0,1,0,3,0,0,2,1,1,1,0,0,9,2,1,0,1,1
13,21,0,0,1,0,3,1,0,1,1,1,1,8,2,1,0,6,2,14,0
5,15,4,0,1,0,3,0,0,2,1,1,1,7,0,1,0,1,10,1,1
0,18,4,0,1,0,3,1,0,16,1,1,1,0,0,1,5,8,0,2,0
15,18,4,0,1,0,3,0,0,11,1,1,1,1,2,4,0,6,10,3,1
14,20,0,1,1,0,3,1,0,1,1,1,1,0,2,1,0,8,11,14,1
5,18,4,1,1,0,3,0,0,2,1,1,1,7,0,1,0,3,2,3,1
3,10,4,0,0,0,3,1,0,2,1,1,0,8,0,5,2,0,0,0,1
6,17,4,0,1,0,3,3,0,2,1,1,1,0,0,1,0,6,6,13,1
15,18,2,1,0,0,3,1,0,0,1,1,0,0,2,0,5,0,0,5,1
3,18,4,0,1,0,3,0,0,4,1,1,1,7,0,1,2,0,0,0,1
12,14,0,0,1,0,3,0,0,0,1,1,1,0,2,1,5,0,0,5,1
8,19,4,0,1,0,3,0,0,7,1,1,1,0,0,1,0,6,6,10,1
15,13,4,0,1,0,3,0,0,2,1,1,1,0,2,6,0,6,4,13,1
10,18,4,1,1,0,3,0,0,2,1,1,1,0,0,1,0,1,6,6,1
3,20,4,1,1,0,3,3,0,12,1,1,1,0,0,1,0,8,8,6,0
9,20,4,0,1,0,3,0,0,2,1,1,1,5,0,1,0,6,4,13,1
11,22,0,1,1,0,3,1,0,1,1,1,1,0,2,2,0,1,2,11,1
14,18,4,0,1,0,3,0,0,0,1,1,1,5,2,1,0,7,4,14,1
3,13,4,0,1,2,0,3,1,0,1,1,1,1,0,5,3,6,1,6,0
2,18,4,1,1,4,3,0,1,11,1,1,1,5,0,1,0,6,8,11,0
11,15,4,1,0,0,3,0,0,2,1,1,0,7,2,1,0,6,1,6,1
5,17,4,1,1,0,3,3,0,2,1,1,1,0,0,1,0,9,10,10,1
7,20,4,1,1,0,3,0,0,0,1,1,1,5,0,1,0,7,6,9,1
10,15,4,0,1,3,3,0,1,2,1,1,1,5,0,1,0,4,11,3,1
8,17,4,1,1,0,3,0,0,0,1,1,1,0,0,0,5,0,0,0,1
2,18,4,1,1,0,3,0,0,2,1,1,1,0,0,3,0,1,3,1,1
9,15,4,0,1,0,3,1,0,11,1,1,1,0,0,1,0,6,2,12,1
13,7,4,0,1,0,3,0,0,12,1,1,1,7,2,6,0,4,3,7,1
1,17,4,1,1,0,3,0,0,16,1,1,1,0,0,3,0,1,1,5,0
12,20,4,1,1,4,3,0,1,0,1,1,1,5,2,2,0,1,1,4,1
0,18,4,1,1,0,3,0,0,2,1,1,1,0,0,1,0,4,8,6,1
13,19,0,1,1,0,3,0,0,0,1,1,1,0,2,1,1,6,0,12,1
14,20,0,1,1,0,3,0,0,0,1,1,1,0,2,6,0,8,6,13,1
2,17,4,0,1,4,3,0,1,0,1,1,1,8,0,1,2,7,0,0,1
10,20,4,1,1,0,3,0,0,0,1,1,1,0,0,4,0,6,6,14,0
6,15,4,0,1,0,3,0,0,2,1,1,1,1,0,1,0,6,8,11,1
1,18,4,0,1,0,3,0,0,2,1,1,1,5,0,0,5,0,0,0,1
0,18,4,1,0,0,3,2,0,8,1,1,0,0,0,1,0,3,3,1,1
8,15,0,1,1,4,3,0,1,1,1,1,1,0,0,1,0,6,2,7,0
2,18,4,1,1,4,3,0,1,16,1,1,1,5,0,0,5,0,0,0,1
7,14,4,0,1,0,3,1,0,2,1,1,1,8,0,1,0,6,8,12,1
5,18,4,1,1,0,3,1,0,0,1,1,1,1,0,1,0,3,8,5,1
11,15,0,0,1,0,3,0,0,1,1,1,1,5,2,1,0,6,8,11,1
10,15,4,0,1,0,3,0,0,2,1,1,1,1,0,1,0,6,6,4,1
13,15,4,1,1,0,3,0,0,11,1,1,1,7,2,2,0,6,10,12,1
14,14,4,1,1,0,3,0,0,14,1,1,1,0,2,7,0,8,3,14,1
3,15,4,1,1,4,3,0,1,0,1,1,1,7,0,0,5,0,0,0,1
0,15,4,0,1,0,3,0,0,2,1,1,1,5,0,0,5,0,0,0,1
1,17,4,1,1,0,3,3,0,7,1,1,1,0,0,1,5,6,0,4,1
12,21,0,0,1,4,3,0,1,1,1,1,1,5,2,2,0,6,4,10,0
0,18,4,1,1,0,3,0,0,2,1,1,1,1,0,1,0,3,6,9,1
12,15,0,0,1,4,3,0,1,9,1,1,1,0,2,1,0,9,5,8,1
13,20,0,0,1,2,3,1,0,1,1,1,1,0,2,7,0,9,11,14,1
15,20,4,1,1,0,3,1,0,0,1,1,1,5,2,1,0,6,4,5,1
5,14,4,1,1,0,3,0,0,2,1,1,1,7,0,7,0,5,5,4,1
1,15,4,1,1,0,3,1,0,2,1,1,1,0,0,2,0,6,6,6,1
3,19,4,1,1,0,3,1,0,2,1,1,1,5,0,0,5,0,0,0,1
12,19,0,1,1,3,3,0,1,1,1,1,1,5,2,1,5,0,0,0,1
15,15,0,1,1,0,3,0,0,0,1,1,1,0,2,1,0,6,1,10,1
15,20,4,1,1,0,3,3,0,0,1,1,1,0,2,4,0,4,1,2,1
12,21,4,1,1,0,3,0,0,0,1,1,1,0,2,4,0,6,1,11,1
14,7,0,0,0,0,3,0,0,8,1,1,0,7,1,6,0,2,3,2,1
6,12,4,0,1,2,3,0,0,12,1,1,1,1,0,9,2,0,0,14,1
4,20,4,1,1,0,3,1,0,0,1,1,1,0,0,6,0,1,0,1,1
8,15,0,0,1,4,3,1,1,5,1,1,1,0,0,1,0,9,6,13,1
7,16,4,0,1,0,3,0,0,2,1,1,1,0,0,1,0,6,6,10,1
6,13,0,0,1,0,3,1,0,0,1,1,1,7,0,1,0,6,6,9,1
12,20,4,0,1,0,3,3,0,0,1,1,1,0,2,3,0,6,7,13,1
12,20,0,0,1,0,3,1,0,0,1,1,1,0,2,7,0,6,3,13,1
3,20,4,1,1,0,3,1,0,2,1,1,1,0,0,0,5,0,0,0,0
0,18,4,1,1,0,3,1,0,10,1,1,1,0,0,1,0,1,8,1,0
11,18,0,0,1,0,3,0,0,0,1,1,1,0,2,1,0,6,3,9,1
6,20,4,0,1,0,3,0,0,11,1,1,1,1,0,3,0,6,3,11,0
4,18,4,0,1,4,3,1,1,2,1,1,1,0,0,1,0,6,4,7,1
6,15,4,1,0,0,3,0,0,3,1,1,0,0,0,0,5,0,0,0,1
4,17,4,0,1,0,1,0,0,11,1,1,1,7,2,1,0,6,7,6,1
5,15,4,1,1,3,3,0,1,2,1,1,1,0,0,1,0,6,4,5,1
8,18,4,0,1,4,3,0,1,0,1,1,1,5,0,1,0,6,2,12,1
0,15,4,0,1,0,3,3,0,2,1,1,1,0,0,1,0,3,4,2,1
0,15,4,0,1,0,3,0,0,2,1,1,1,0,0,9,2,0,0,0,1
9,18,4,0,1,3,3,0,1,2,1,1,1,5,0,0,5,0,0,0,1
1,18,4,0,1,4,3,0,1,11,1,1,1,5,0,1,0,6,11,6,0
7,20,4,0,1,0,3,1,0,0,1,1,1,8,0,1,0,8,6,10,0
12,17,0,1,1,0,3,3,0,1,1,1,1,7,2,1,0,9,4,12,1
0,17,4,1,1,0,3,1,0,16,1,1,1,8,0,1,5,4,0,2,0
10,18,4,1,1,0,3,0,0,0,1,1,1,0,0,4,0,1,1,4,1
12,20,4,0,1,0,3,0,0,14,1,1,1,0,2,7,0,6,8,13,1
15,13,4,0,1,0,3,3,0,15,1,1,1,7,2,0,5,0,0,0,1
0,18,4,1,1,0,3,0,0,2,1,1,1,7,0,1,0,2,3,2,1
13,20,4,1,1,3,3,0,1,2,1,1,1,5,2,2,0,2,4,12,1
7,11,0,1,1,4,3,0,1,1,1,1,1,7,0,1,0,1,1,2,1
3,19,4,1,1,0,3,1,0,11,1,1,1,0,0,1,5,4,0,3,0
12,14,4,0,0,0,3,0,0,0,1,1,0,0,2,1,0,9,10,8,1
5,15,0,1,1,3,3,0,1,1,1,1,1,7,0,4,0,6,2,4,1
8,17,4,0,1,0,3,0,0,7,1,1,1,0,0,6,2,6,0,7,1
0,15,4,1,1,0,3,1,0,2,1,1,1,8,0,1,0,2,2,6,1
0,19,4,1,1,0,3,0,0,11,1,1,1,0,0,3,0,4,0,6,0
13,20,0,0,1,0,3,1,0,1,1,1,1,0,2,1,0,6,5,14,1
0,18,4,0,1,0,3,0,0,16,1,1,1,5,0,0,5,0,0,0,1
5,19,4,0,1,0,3,1,0,2,1,1,1,0,0,1,0,6,5,5,1
2,14,4,0,1,0,3,0,0,15,1,1,1,7,0,1,5,0,0,0,0
1,19,4,1,1,0,3,3,0,2,1,1,1,5,0,1,0,3,5,4,1
9,18,4,0,0,0,3,1,0,0,1,1,0,0,0,1,5,6,0,8,1
9,19,0,0,1,0,3,0,0,1,1,1,1,5,0,1,0,6,5,10,1
1,18,4,0,1,0,3,0,0,2,1,1,1,5,0,0,5,0,0,0,1
5,15,4,0,0,0,3,0,0,2,1,1,0,0,0,0,5,0,0,0,1
12,19,4,0,1,0,3,3,0,0,1,1,1,0,2,1,0,4,4,10,0
0,18,4,1,1,3,3,0,1,2,1,1,1,5,0,1,5,1,0,1,1
7,20,0,1,1,0,3,1,0,0,1,1,1,5,0,1,0,6,5,8,0
10,20,0,1,1,3,3,0,1,1,1,1,1,5,0,1,0,6,2,10,0
10,5,0,1,1,3,3,0,1,2,1,1,1,0,0,4,2,6,0,14,1
4,20,4,1,1,0,3,3,0,9,1,1,1,1,0,1,0,1,11,3,0
4,20,4,0,1,2,3,1,0,2,1,1,1,0,0,1,0,4,3,8,1
14,20,4,1,1,0,3,1,0,12,1,1,1,0,2,1,0,9,11,14,0
1,15,4,0,1,4,3,0,1,15,1,1,1,0,0,1,5,0,0,0,0
8,11,0,0,1,0,3,1,0,0,1,1,1,0,0,1,0,9,3,14,1
8,18,4,0,1,3,3,0,1,0,1,1,1,5,0,1,5,6,0,4,1
1,18,4,1,1,0,3,1,0,16,1,1,1,8,0,1,0,2,2,3,1
3,18,4,0,1,0,3,0,0,2,1,1,1,0,0,1,0,6,6,6,1
8,21,4,1,1,0,3,1,0,0,1,1,1,8,0,1,0,7,1,11,0
12,17,4,1,1,0,3,1,0,16,1,1,1,8,2,4,5,0,0,3,1
7,20,4,1,1,0,3,0,0,2,1,1,1,5,0,1,0,6,2,13,0
2,18,4,1,1,0,3,1,0,4,1,1,1,0,0,1,0,1,8,1,1
3,20,4,0,1,0,3,0,0,2,1,1,1,5,0,0,5,0,0,0,1
12,22,4,0,1,3,3,0,1,0,1,1,1,0,2,1,0,9,6,14,1
0,17,4,1,1,0,3,0,0,2,1,1,1,8,0,1,0,2,6,3,1
1,18,2,0,1,0,3,0,0,0,1,1,1,0,0,1,5,6,0,3,0
13,19,0,1,1,0,3,1,0,1,1,1,1,0,2,0,5,0,0,0,1
0,15,4,0,1,4,3,0,1,9,1,1,1,5,0,1,0,1,2,2,1
9,20,4,1,1,0,3,0,0,0,1,1,1,0,0,1,0,6,1,6,1
14,15,0,1,1,3,3,0,1,1,1,1,1,7,2,1,0,6,8,9,1
0,18,4,0,0,0,3,1,0,16,1,1,0,0,0,1,5,2,0,4,0
9,20,4,1,1,0,3,0,0,0,1,1,1,0,0,2,0,6,2,8,1
10,19,4,0,1,0,3,1,0,7,1,1,1,0,0,1,0,6,3,12,0
7,20,4,0,1,0,3,0,0,0,1,1,1,5,0,1,0,6,4,9,1
6,21,4,1,1,4,3,0,1,5,1,1,1,5,0,0,5,0,0,10,0
9,7,4,0,0,2,3,0,1,12,1,0,0,0,0,9,2,0,0,0,1
8,15,4,1,1,0,3,3,0,14,1,1,1,0,0,3,0,6,6,12,1
15,15,0,1,1,4,3,0,1,0,1,1,1,7,2,1,0,6,6,5,1
5,18,4,0,1,0,3,0,0,2,1,1,1,0,0,1,0,6,11,4,1
8,15,4,0,1,0,3,0,0,2,1,1,1,0,0,2,0,6,1,5,1
7,18,4,1,1,0,3,0,0,2,1,1,1,7,0,1,2,4,0,5,1
9,19,0,0,1,0,3,1,0,0,1,1,1,0,0,7,1,6,0,9,0
12,18,4,0,1,0,3,0,0,11,1,1,1,0,2,1,0,4,3,4,1
0,15,4,0,1,0,3,1,0,2,1,1,1,7,0,0,5,0,0,0,1
1,15,0,1,1,4,3,0,1,1,1,1,1,7,0,1,0,2,3,4,1
6,13,4,0,1,0,3,0,0,15,1,1,1,0,0,1,5,0,0,2,0
7,20,4,0,1,0,3,0,0,0,1,1,1,5,0,5,0,9,6,10,0
13,15,0,0,1,0,3,3,0,9,1,1,1,0,2,1,0,6,6,9,1
4,15,4,1,1,4,3,3,1,14,1,1,1,5,0,1,5,0,0,0,1
3,15,4,0,1,0,3,0,0,2,1,1,1,7,0,2,5,0,0,0,1
7,18,4,0,1,0,3,0,0,2,1,1,1,0,0,1,0,6,2,9,0
15,0,4,0,0,0,1,0,0,2,0,0,1,0,2,0,5,0,0,2,1
4,15,4,0,1,0,1,0,0,10,1,1,1,4,0,1,0,9,8,3,0
12,21,0,1,1,4,3,0,1,1,1,1,1,0,2,1,0,6,6,9,1
3,15,4,0,1,0,3,0,0,2,1,1,1,0,0,9,2,0,0,0,1
13,19,4,1,1,0,3,0,0,0,1,1,1,5,2,3,0,6,7,13,0
13,19,4,1,1,0,3,3,0,12,1,1,1,0,2,1,0,6,5,8,1
14,8,0,0,1,4,3,0,1,9,1,1,1,0,2,1,1,6,0,1,1
11,20,4,1,1,0,3,1,0,5,1,1,1,0,2,1,0,6,4,5,1
9,20,0,0,1,0,3,0,0,1,1,1,1,0,0,7,0,7,1,9,1
7,19,4,1,1,0,3,0,0,5,1,1,1,5,0,1,0,6,4,4,1
2,18,4,1,1,3,3,0,1,9,1,1,1,5,0,1,2,2,0,0,1
11,20,4,0,1,3,3,0,1,2,1,1,1,5,2,1,0,6,8,8,1
0,15,4,1,1,0,3,0,0,16,1,1,1,7,0,0,5,0,0,2,0
10,20,4,1,1,0,3,0,0,0,1,1,1,0,0,3,0,5,3,13,0
11,20,4,1,1,0,3,3,0,0,1,1,1,5,2,3,0,6,8,12,1
14,15,4,1,1,0,3,0,0,2,1,1,1,0,0,2,0,4,0,1,1
12,13,0,1,1,0,3,3,0,8,1,1,1,0,2,1,2,2,0,3,1
12,14,4,0,1,0,3,0,0,2,1,1,1,7,2,0,5,0,0,4,1
14,20,2,0,1,0,3,1,0,0,1,1,1,0,2,1,0,7,0,11,0
14,22,4,1,1,3,3,0,1,9,1,1,1,5,0,1,0,4,8,8,0
5,18,4,1,1,0,3,3,0,11,1,1,1,0,0,1,0,2,4,2,0
0,18,4,1,1,0,3,3,0,11,1,1,1,1,0,1,0,1,3,2,1
9,18,4,1,1,0,3,0,0,2,1,1,1,1,0,1,0,6,11,13,0
11,15,4,0,1,0,3,0,0,14,1,1,1,0,2,1,0,4,2,2,1
5,17,4,1,1,0,3,0,0,2,1,1,1,0,0,1,0,3,4,5,1
13,18,3,1,1,0,3,3,0,0,1,1,1,0,2,1,0,4,5,4,0
0,18,4,0,1,0,3,0,0,2,1,1,1,1,0,3,0,6,1,6,1
13,21,4,0,1,4,3,0,1,0,1,1,1,5,2,1,0,6,6,11,1
15,18,4,0,1,0,3,1,0,2,1,1,1,8,2,1,0,6,4,9,1
5,20,4,0,1,3,3,0,1,2,1,1,1,5,0,1,0,2,4,4,1
10,20,4,1,1,0,3,1,0,9,1,1,1,0,0,1,1,3,0,10,1
5,18,4,0,1,0,3,3,0,2,1,1,1,0,0,1,0,4,1,2,1
1,15,4,0,1,0,3,0,0,2,1,1,1,1,0,1,0,4,3,6,1
2,18,4,0,1,0,3,1,0,11,1,1,1,0,0,1,0,1,6,2,1
4,18,4,0,1,0,3,0,0,2,1,1,1,0,0,1,0,6,6,6,1
5,12,4,0,1,2,3,3,0,0,1,1,1,2,0,1,5,0,0,0,1
3,15,4,0,1,0,3,0,0,2,1,1,1,0,0,1,0,6,4,5,1
14,20,4,1,1,0,3,0,0,9,1,1,1,7,2,1,0,6,5,12,1
14,22,0,1,1,3,3,0,1,0,1,1,1,0,2,1,0,4,6,12,1
1,18,4,0,1,0,3,1,0,2,1,1,1,0,0,1,0,2,5,3,1
6,20,4,0,1,0,3,0,0,2,1,1,1,5,0,1,0,6,5,12,1
8,16,4,0,1,0,2,0,0,10,1,1,1,0,0,0,5,0,0,0,1
11,14,4,0,1,0,3,0,0,12,1,1,1,2,2,1,0,6,7,14,1
6,15,0,1,1,0,3,3,0,1,1,1,1,0,0,0,5,0,0,3,1
14,17,0,1,1,3,3,3,1,0,1,1,1,0,2,6,1,3,0,10,1
0,15,4,1,1,3,3,0,1,2,1,1,1,7,0,1,5,0,0,0,1
8,18,4,1,1,0,3,3,0,0,1,1,1,0,0,1,0,6,3,9,1
14,15,4,0,1,0,3,0,0,2,1,1,1,0,2,9,2,0,0,0,1
0,18,4,1,1,0,3,1,0,0,1,1,1,0,0,3,0,3,4,1,1
6,15,4,0,1,0,3,1,0,5,1,1,1,8,0,1,0,8,4,10,1
14,14,4,1,1,0,3,3,0,2,1,1,1,0,2,7,1,6,0,7,1
13,20,0,0,1,0,3,1,0,0,1,1,1,5,2,1,0,6,8,14,1
4,15,0,0,1,0,1,1,0,0,1,1,1,8,0,1,0,6,2,10,0
15,18,4,0,1,4,3,0,1,2,1,1,1,0,2,1,0,8,10,12,1
10,20,4,1,1,0,3,0,0,0,1,1,1,5,0,1,2,0,0,0,0
10,15,4,1,1,4,3,0,1,0,1,1,1,7,0,1,0,6,4,8,1
5,20,4,1,1,0,3,0,0,2,1,1,1,0,0,1,0,6,4,9,1
0,17,4,0,0,0,3,1,0,2,1,1,0,0,0,0,5,0,0,0,1
12,15,4,1,1,0,3,0,0,0,1,1,1,0,2,1,0,4,6,8,1
5,18,4,1,1,0,3,1,0,2,1,1,1,0,0,1,0,6,2,2,1
10,20,4,1,1,0,3,1,0,2,1,1,1,0,0,1,0,3,1,3,1
6,15,0,1,1,0,3,0,0,0,1,1,1,0,0,0,5,0,0,5,1
2,18,4,1,0,0,3,0,0,0,1,1,1,0,0,1,0,5,6,5,0
3,15,4,1,1,0,3,3,0,2,1,1,1,0,0,1,5,1,0,2,0
11,20,0,1,1,0,3,0,0,0,1,1,1,0,2,3,0,6,3,12,1
6,15,4,0,1,4,3,0,1,5,1,1,1,7,0,1,0,6,6,9,1
4,20,4,0,1,0,3,1,0,2,1,1,1,5,0,1,0,6,6,13,1
5,20,4,0,1,0,3,3,0,2,1,1,1,0,0,2,2,1,0,2,1
13,11,2,0,1,0,3,0,0,0,1,1,1,0,2,3,0,9,4,6,1
4,18,4,1,1,0,3,1,0,2,1,1,1,0,0,1,0,2,3,2,1
7,10,0,1,1,0,0,3,0,0,1,1,1,0,0,5,3,1,3,1,1
7,20,4,0,1,0,3,1,0,2,1,1,1,0,0,1,0,5,0,2,0
15,19,0,0,1,3,3,3,1,1,1,1,1,0,2,2,0,6,3,13,1
9,20,4,1,1,0,3,1,0,11,1,1,1,0,0,3,0,6,3,11,1
1,18,1,1,1,1,3,1,0,14,1,1,1,1,0,1,5,5,0,2,1
13,18,0,1,1,0,3,1,0,1,1,1,1,0,2,6,5,0,0,2,0
3,18,4,1,1,0,3,1,0,0,1,1,1,0,0,1,0,2,1,4,1
1,15,4,0,1,4,3,0,0,16,1,1,1,0,0,2,0,6,5,10,1
14,21,4,1,1,3,3,0,1,0,1,1,1,5,2,4,0,6,4,12,1
4,13,4,0,1,0,3,0,0,15,1,1,1,1,0,0,5,0,0,0,1
4,20,4,0,1,0,3,0,0,2,1,1,1,0,0,1,0,6,2,11,1
6,20,0,1,1,0,3,1,0,1,1,1,1,0,0,1,0,1,8,5,1
6,4,0,0,1,4,3,0,1,0,1,1,1,1,0,3,0,6,5,11,1
0,13,4,0,1,0,3,0,0,2,1,1,1,1,0,0,5,0,0,0,1
0,15,4,1,1,0,3,3,0,16,1,1,1,0,0,3,5,2,0,3,1
13,21,4,1,1,0,3,2,0,0,1,1,1,0,2,6,0,2,9,14,0
7,18,0,0,1,4,3,0,1,1,1,1,1,7,0,1,0,6,2,12,0
3,18,4,0,0,0,3,3,0,2,1,1,0,0,0,0,5,0,0,4,1
10,19,4,1,1,0,3,1,0,0,1,1,1,0,0,1,0,7,5,11,0
1,18,4,0,1,4,3,1,1,16,1,1,1,0,0,5,3,6,1,5,0
5,19,4,1,1,0,3,0,0,2,1,1,1,5,0,1,0,4,2,4,1
0,15,4,1,1,0,3,0,0,2,1,1,1,7,0,1,0,1,1,4,1
15,15,0,1,1,0,3,0,0,1,1,1,1,7,2,1,0,4,6,4,1
7,15,0,0,1,0,3,0,0,0,1,1,1,0,0,1,0,6,2,10,0
14,20,0,1,1,0,3,1,0,1,1,1,1,0,2,2,0,3,3,4,0
0,17,4,0,1,0,2,3,0,10,1,1,1,0,0,0,5,0,0,0,1
14,21,0,1,1,4,3,0,1,0,1,1,1,5,2,1,0,6,6,13,1
6,20,4,1,1,0,3,0,0,14,1,1,1,0,0,1,0,2,4,2,1
8,20,0,0,1,0,3,1,0,0,1,1,1,0,0,1,0,6,8,14,1
7,21,4,0,1,0,3,1,0,0,1,1,1,8,0,1,1,8,0,7,0
2,15,4,0,0,3,3,0,1,2,1,1,1,5,0,1,0,6,6,5,0
13,15,0,0,0,0,3,1,0,0,1,1,1,0,2,1,0,9,6,8,1
12,13,4,0,1,0,3,0,0,2,1,1,1,0,2,6,2,0,0,9,1
2,15,4,1,1,0,3,0,0,16,1,1,1,0,0,1,5,8,0,6,0
15,18,4,0,1,0,3,3,0,9,1,1,1,7,2,1,0,6,8,8,1
6,20,4,0,0,0,2,0,0,2,1,1,0,1,0,5,4,6,3,7,0
0,18,4,0,1,0,3,1,0,11,1,1,1,8,0,1,0,6,8,6,0
4,15,4,0,1,0,3,3,0,7,1,1,1,0,0,1,0,6,4,7,1
3,14,4,1,1,4,3,0,1,2,1,1,1,5,0,1,0,2,8,5,1
8,20,4,1,1,3,3,0,1,2,1,1,1,7,0,1,0,6,11,7,1
15,20,0,1,1,0,3,0,0,0,1,1,1,0,2,3,0,9,6,13,1
4,15,4,1,1,0,3,3,0,2,1,1,1,0,0,1,0,2,11,3,0
3,15,4,0,1,0,3,1,0,2,1,1,1,0,0,1,0,6,2,6,1
1,15,4,0,1,0,3,0,0,2,1,1,1,7,0,1,2,1,0,2,1
2,15,4,0,1,0,3,0,0,16,1,1,1,0,0,1,0,7,2,7,0
15,20,4,0,1,3,3,3,1,0,1,1,1,5,2,1,0,6,11,14,0
5,17,4,1,1,0,3,3,0,0,1,1,1,0,0,1,0,6,6,8,1
11,18,4,0,0,0,3,0,0,0,1,1,0,0,2,2,2,1,0,2,1
7,15,4,0,1,0,3,0,0,5,1,1,1,0,0,1,0,6,6,5,1
11,20,4,1,1,0,3,0,0,2,1,1,1,7,2,3,0,8,2,11,1
7,0,4,0,0,0,3,0,0,14,1,1,1,0,2,0,5,0,0,7,1
8,16,0,0,1,0,3,0,0,2,1,1,1,7,0,1,0,6,1,13,1
0,13,4,0,0,0,3,3,0,7,1,0,0,0,0,0,5,0,0,3,1
12,20,4,0,1,0,3,0,0,0,1,1,1,0,2,3,0,8,2,13,1
9,18,0,0,1,0,3,0,0,0,1,1,1,0,0,1,0,9,1,11,1
5,15,4,0,1,2,3,1,0,2,1,1,1,0,0,1,0,5,6,6,1
6,19,0,1,1,3,3,0,1,2,1,1,1,5,0,0,5,0,0,0,1
10,15,0,1,1,0,3,3,0,2,1,1,1,1,0,1,0,6,3,10,1
0,13,4,0,0,0,3,1,0,8,1,1,0,0,0,0,5,0,0,0,0
1,18,4,0,1,0,3,3,0,2,1,1,1,0,0,3,0,4,4,6,1
8,20,4,1,1,4,3,0,1,10,1,1,1,8,0,1,0,9,8,10,1
13,15,2,1,1,0,3,1,0,0,1,1,1,0,2,3,0,6,0,8,1
2,12,0,0,1,0,3,0,0,1,1,1,1,8,0,1,0,6,2,12,1
7,15,4,1,1,0,3,3,0,11,1,1,1,0,0,1,0,9,1,9,1
4,17,4,0,1,0,3,1,0,2,1,1,1,0,0,1,0,4,2,5,1
14,15,0,1,1,0,3,2,0,8,1,1,1,0,2,1,0,2,3,7,1
11,21,4,0,1,0,3,3,0,2,1,1,1,0,2,1,0,6,10,13,1
4,20,4,1,1,0,3,0,0,2,1,1,1,0,0,1,0,7,5,5,1
8,13,4,1,1,0,3,0,0,7,1,1,1,7,0,1,5,0,0,1,1
11,19,4,1,1,0,3,1,0,2,1,1,1,0,2,1,5,1,0,2,1
6,18,4,0,1,0,3,0,0,2,1,1,1,0,0,1,0,1,4,3,1
13,20,0,0,1,0,3,0,0,0,1,1,1,0,2,1,0,9,11,14,0
14,15,4,0,1,0,3,0,0,2,1,1,1,0,2,1,0,5,6,6,1
15,20,4,0,1,0,3,1,0,0,1,1,1,7,2,4,0,6,4,11,1
1,15,4,1,1,0,3,0,0,0,1,1,1,0,0,1,0,7,11,13,0
3,15,4,1,1,0,3,3,0,2,1,1,1,7,0,1,0,6,3,4,0
2,17,2,0,1,3,3,1,0,11,1,1,1,0,0,1,5,9,0,14,0
5,14,4,0,1,4,3,0,1,2,1,1,1,7,0,1,0,5,8,5,1
7,15,4,0,1,4,3,0,1,0,1,1,1,0,0,1,0,6,6,9,1
12,20,0,1,1,0,3,0,0,0,1,1,1,0,2,1,0,6,10,11,1
12,20,0,1,1,0,3,0,0,0,1,1,1,0,2,1,0,7,3,13,1
5,19,4,1,1,0,3,1,0,2,1,1,1,0,0,0,5,0,0,0,1
10,14,0,0,1,0,3,0,0,15,1,1,1,0,0,0,5,0,0,0,0
0,18,4,1,1,3,3,0,1,2,1,1,1,5,0,0,5,0,0,0,1
3,5,4,1,1,3,3,0,1,4,1,1,1,5,0,1,1,4,0,4,1
4,22,4,1,1,0,3,1,0,11,1,1,1,0,0,3,0,4,4,12,0
15,19,0,0,1,4,3,0,1,1,1,1,1,7,2,1,0,6,10,9,1
2,18,4,0,1,0,3,3,0,15,1,1,1,7,0,1,5,3,0,2,1
2,15,4,0,1,0,3,0,0,0,1,1,1,7,0,1,0,6,4,6,1
0,18,4,1,1,1,3,2,0,11,1,1,1,0,0,9,2,1,0,1,0
4,18,4,0,1,0,3,1,0,2,1,1,1,0,0,1,0,2,2,4,0
4,18,4,1,0,0,3,0,0,2,1,1,1,0,0,1,5,0,0,4,1
14,14,0,1,1,0,3,0,0,1,1,1,1,8,2,8,5,5,0,0,1
2,22,4,1,1,0,3,3,0,11,1,1,1,0,0,1,0,6,4,14,1
0,18,4,0,1,0,3,0,0,2,1,1,1,0,0,1,0,4,3,4,0
5,19,4,0,1,0,3,1,0,2,1,1,1,5,0,1,0,6,2,11,1
3,14,4,1,1,4,3,3,1,2,1,1,1,0,0,1,0,6,8,6,1
10,21,4,0,1,0,3,0,0,11,1,1,1,5,0,2,0,6,2,13,0
6,20,4,0,1,0,3,3,0,3,1,1,1,0,0,1,0,2,1,5,1
13,8,4,0,1,4,3,3,1,4,1,1,1,0,2,1,0,5,8,8,1
11,18,4,0,1,0,3,1,0,16,1,1,1,8,0,2,5,5,0,3,1
1,18,4,1,1,0,3,0,0,0,1,1,1,7,0,0,5,0,0,0,1
3,15,4,0,1,0,0,0,0,16,1,1,1,0,0,5,3,9,1,6,1
6,18,0,0,1,4,3,0,1,0,1,1,1,0,0,1,0,4,1,4,1
12,18,0,1,1,0,3,0,0,0,1,1,1,7,2,1,0,6,6,9,1
4,18,4,0,1,0,3,0,0,2,1,1,1,0,0,0,5,0,0,4,1
9,17,0,1,1,0,3,3,0,1,1,1,1,0,0,1,5,0,0,4,1
10,16,4,1,1,0,3,1,0,2,1,1,1,0,0,1,0,6,4,8,1
2,22,0,0,1,0,3,1,0,15,1,1,1,1,0,1,5,9,0,0,1
1,15,4,0,1,0,3,0,0,7,1,1,1,2,0,1,5,2,1,3,1
3,20,4,1,1,0,3,3,0,0,1,1,1,7,0,1,5,4,0,6,1
9,19,4,1,1,0,3,0,0,2,1,1,1,0,0,1,5,0,0,0,1
2,17,4,0,1,0,0,3,0,16,1,1,1,0,0,5,3,9,3,6,0
15,11,2,0,0,0,3,0,0,15,1,1,1,0,2,1,5,9,0,2,1
12,20,4,1,1,0,3,3,0,2,1,1,1,8,2,1,0,3,6,10,1
12,15,0,0,1,3,3,0,1,1,1,1,1,7,2,1,1,6,0,11,1
9,16,4,0,1,0,3,0,0,15,1,1,1,0,0,1,5,7,0,1,0
14,13,4,1,1,4,3,0,1,9,1,1,1,0,2,1,0,4,6,7,1
12,18,0,0,1,0,3,0,0,2,1,1,1,0,2,1,0,6,6,5,1
15,19,4,0,1,0,3,0,0,2,1,1,1,0,2,3,0,6,4,11,1
12,18,4,1,1,0,3,3,0,0,1,1,1,7,2,1,0,5,8,12,1
4,21,4,1,1,4,3,0,1,14,1,1,1,5,0,1,0,6,6,9,0
0,17,4,1,1,0,3,1,0,7,1,1,1,8,0,1,5,0,0,0,1
5,15,4,0,1,0,0,1,0,16,1,1,1,0,0,5,3,8,1,6,1
15,18,0,0,1,3,1,0,1,0,1,1,1,5,2,1,0,4,7,9,1
3,19,0,0,1,0,3,3,0,1,1,1,1,7,0,1,0,4,4,4,0
15,20,4,0,1,0,3,0,0,0,1,1,1,0,2,1,0,6,4,12,0
11,19,0,1,1,0,3,1,0,0,1,1,1,0,2,0,5,0,0,0,1
4,18,4,0,1,0,3,0,0,11,1,1,1,0,0,6,0,2,0,4,1
13,18,4,1,1,3,3,0,1,2,1,1,1,0,2,7,0,5,5,5,1
12,17,2,1,1,0,3,3,0,0,1,1,1,0,2,1,0,6,1,9,1
12,20,0,1,1,0,3,1,0,0,1,1,1,8,2,1,0,9,2,12,0
3,20,4,1,1,0,3,0,0,2,1,1,1,5,0,2,0,6,8,5,0
4,15,4,1,1,0,3,1,0,2,1,1,1,0,0,1,2,0,0,8,1
4,18,2,1,0,0,1,1,0,0,1,1,1,0,2,0,5,0,0,7,1
9,20,4,1,1,0,3,0,0,0,1,1,1,5,0,1,0,6,3,9,0
7,15,4,0,1,3,3,3,1,10,1,1,1,5,0,1,0,6,10,11,0
9,15,4,0,1,0,3,3,0,5,1,1,1,0,0,1,0,6,4,12,1
2,15,4,1,1,0,3,0,0,2,1,1,1,5,0,0,5,0,0,0,1
8,16,4,0,1,0,3,0,0,2,1,1,1,0,0,1,0,6,8,10,1
9,20,4,1,1,0,3,3,0,11,1,1,1,0,0,1,0,6,4,11,0
14,18,4,0,1,3,3,0,1,2,1,1,1,0,2,6,0,6,3,10,1
6,18,4,1,1,0,3,3,0,14,1,1,1,0,0,1,0,6,10,10,1
11,19,4,1,1,0,3,0,0,12,1,1,1,0,2,1,0,3,10,4,1
4,20,4,1,1,0,3,0,0,2,1,1,1,0,0,1,0,6,2,6,1
14,18,4,0,1,0,3,1,0,2,1,1,1,0,2,1,0,6,3,10,1
2,18,4,0,1,0,3,3,0,2,1,1,1,1,0,0,5,0,0,0,1
3,18,4,0,1,0,1,1,0,0,1,1,1,8,0,5,0,6,9,2,0
7,20,4,0,1,0,3,0,0,0,1,1,1,5,0,1,0,6,6,10,0
8,16,4,1,1,0,3,0,0,2,1,1,1,0,0,0,5,0,0,0,1
14,15,4,0,1,0,3,3,0,0,1,1,1,0,2,1,0,5,2,9,1
4,18,0,0,1,0,0,1,0,16,1,1,1,0,0,5,3,6,2,11,0
15,21,4,0,1,4,3,0,1,0,1,1,1,0,2,3,0,6,5,6,1
0,15,4,0,0,0,3,0,0,16,1,1,0,1,0,0,5,0,0,4,1
0,15,4,1,1,0,3,0,0,2,1,1,1,7,0,1,2,2,0,3,1
7,15,4,1,1,4,3,0,1,0,1,1,1,0,0,1,0,6,5,6,0
6,20,4,1,1,0,3,0,0,0,1,1,1,0,0,1,0,6,0,9,1
1,18,4,0,1,0,3,1,0,14,1,1,1,0,0,7,0,2,6,2,1
2,17,4,1,1,0,3,2,0,0,1,1,1,0,0,1,5,4,0,1,0
7,20,0,1,1,4,3,0,1,1,1,1,1,5,0,6,5,0,0,0,0
3,20,4,0,1,4,3,0,1,2,1,1,1,7,0,1,2,2,0,3,1
12,22,0,0,1,0,3,0,0,1,1,1,1,0,2,7,1,9,0,12,1
2,15,4,0,1,0,0,0,0,16,1,1,1,1,0,5,3,9,2,7,0
0,18,4,0,1,3,3,3,1,2,1,1,1,5,0,1,0,6,6,2,1
12,20,0,0,1,3,3,0,1,0,1,1,1,5,2,1,0,6,4,12,0
3,17,4,1,1,0,3,0,0,16,1,1,1,5,0,3,1,6,0,6,1
3,18,4,0,1,0,3,0,0,2,1,1,1,7,0,1,0,6,6,4,1
0,15,4,0,1,4,3,0,1,16,1,1,1,0,0,1,0,4,2,3,0
9,18,0,1,1,0,3,0,0,2,1,1,1,0,0,1,0,6,8,6,0
3,19,0,1,1,0,3,0,0,1,1,1,1,0,0,1,0,4,1,5,1
4,15,4,0,1,0,3,3,0,2,1,1,1,7,0,1,0,6,2,5,1
1,15,4,1,0,0,3,0,0,2,1,1,0,7,0,0,5,0,0,0,1
9,21,0,0,1,4,3,0,1,0,1,1,1,5,0,1,0,6,8,14,1
7,20,4,1,1,0,3,1,0,2,1,1,1,5,0,1,0,6,8,10,0
13,20,0,0,1,0,3,1,0,0,1,1,1,0,2,2,0,6,5,14,1
12,21,0,1,1,0,3,3,0,0,1,1,1,0,2,3,0,9,3,12,1
10,0,4,0,1,0,3,0,0,5,1,1,1,7,0,1,0,6,3,6,1
6,18,4,1,1,0,3,1,0,0,1,1,1,0,0,1,0,5,2,9,1
0,21,4,1,1,4,3,0,1,9,1,1,1,5,0,0,5,0,0,0,0
7,20,0,1,1,0,3,0,0,11,1,1,1,7,0,1,5,6,0,2,1
1,15,4,1,1,0,3,0,0,2,1,1,1,0,0,1,0,5,6,5,1
14,20,0,1,1,3,3,0,1,0,1,1,1,5,2,1,0,6,11,13,1
5,18,4,0,1,0,3,0,0,2,1,1,1,0,0,2,5,0,0,0,1
7,15,4,1,1,0,3,0,0,2,1,1,1,0,0,1,0,1,0,1,1
3,18,4,0,1,0,3,0,0,2,1,1,1,5,0,1,0,6,3,9,1
7,21,4,1,1,4,3,0,1,14,1,1,1,5,0,1,0,4,6,9,0
15,19,0,0,1,3,3,0,1,1,1,1,1,0,2,0,5,0,0,0,1
12,20,4,0,0,0,3,0,0,2,1,1,1,0,2,1,0,6,6,13,1
12,15,0,1,1,3,3,0,1,0,1,1,1,0,2,1,0,1,3,5,1
6,18,4,0,1,0,3,0,0,2,1,1,1,0,0,1,0,6,1,8,1
2,18,4,1,1,0,3,3,0,2,1,1,1,0,0,3,0,3,8,4,1
4,18,4,0,1,0,3,0,0,0,1,1,1,0,0,1,0,6,4,13,1
8,17,4,1,1,0,3,0,0,2,1,1,1,7,0,1,2,0,0,0,1
11,20,4,0,1,3,3,0,1,0,1,1,1,7,2,3,0,3,2,6,1
3,18,4,0,1,0,3,1,0,16,1,1,1,0,0,1,0,8,6,11,0
7,15,4,0,1,0,3,0,0,2,1,1,1,0,0,1,0,5,0,8,1
8,23,4,1,1,4,3,0,1,2,1,1,1,0,0,1,0,6,7,6,1
10,16,4,1,0,0,3,0,0,0,1,0,0,5,0,1,0,6,0,4,1
0,17,4,0,0,0,3,0,0,2,1,1,0,7,0,0,5,0,0,1,1
14,20,0,0,1,4,3,0,1,1,1,1,1,0,2,2,0,6,0,11,1
8,17,4,1,1,0,3,3,0,11,1,1,1,8,0,3,5,0,0,0,0
15,18,0,1,1,0,3,3,0,1,1,1,1,0,2,0,5,0,0,3,1
4,15,4,0,1,0,3,0,0,2,1,1,1,0,0,2,0,4,4,7,1
12,2,0,1,1,3,3,0,1,5,1,1,1,7,2,6,2,0,0,4,0
4,19,4,1,1,0,3,0,0,2,1,1,1,5,0,1,5,2,0,3,1
2,15,4,0,1,0,3,0,0,15,1,1,1,0,0,0,5,0,0,0,0
5,17,4,1,1,0,3,1,0,2,1,1,1,0,0,0,5,0,0,0,1
7,15,4,0,1,4,3,0,1,0,1,1,1,0,0,1,0,6,5,8,0
1,15,4,0,1,0,3,1,0,2,1,1,1,5,0,1,0,1,3,1,1
2,15,4,1,1,0,3,1,0,2,1,1,1,1,0,1,0,2,3,6,1
9,20,4,0,1,0,3,1,0,0,1,1,1,0,0,1,0,9,11,13,0
2,15,4,1,1,0,3,1,0,0,1,1,1,8,0,1,0,6,10,7,0
15,19,0,1,1,0,3,3,0,1,1,1,1,0,2,0,5,0,0,0,1
3,19,0,1,1,4,3,3,1,1,1,1,1,5,0,1,5,0,0,0,1
11,20,0,1,1,0,3,1,0,0,1,1,1,0,2,2,0,6,11,11,1
5,18,4,0,1,0,3,0,0,0,1,1,1,7,0,1,0,5,5,6,0
12,23,2,1,1,0,3,0,0,2,1,1,1,0,2,1,0,8,11,10,1
12,18,4,0,1,0,3,0,0,0,1,1,1,7,2,2,0,1,8,7,0
6,20,4,0,1,0,0,3,0,11,1,1,1,1,0,5,4,8,6,11,0
4,17,4,1,1,0,3,1,0,2,1,1,1,8,0,1,0,4,4,8,1
7,20,4,0,1,0,3,1,0,2,1,1,1,0,0,0,5,0,0,0,1
11,13,4,1,1,0,3,3,0,10,1,1,1,0,2,1,0,8,8,13,1
7,20,4,1,1,0,3,0,0,2,1,1,1,7,0,4,0,6,8,9,1
8,18,4,0,1,4,3,3,1,5,1,1,1,7,0,1,0,2,8,5,1
2,18,4,0,1,0,3,0,0,2,1,1,1,8,0,0,5,0,0,0,1
6,18,4,0,1,0,3,0,0,2,1,1,1,7,0,1,0,6,8,12,0
3,18,4,0,1,0,3,0,0,5,1,1,1,7,0,1,0,8,6,10,0
14,20,0,0,1,3,3,0,1,0,1,1,1,5,2,1,0,6,8,14,1
14,21,0,1,1,4,3,0,1,1,1,1,1,0,2,1,0,6,8,8,1
1,18,4,0,1,0,3,3,0,2,1,1,1,0,0,1,0,1,2,3,1
4,17,4,1,1,0,3,1,0,2,1,1,1,0,0,1,0,6,3,9,1
9,20,4,1,1,0,3,0,0,2,1,1,1,5,0,2,0,8,6,12,1
11,16,0,0,1,4,3,0,1,1,1,1,1,7,2,1,0,7,4,13,1
9,13,0,0,1,0,3,3,0,15,1,1,1,7,0,0,5,0,0,0,1
6,20,4,1,1,0,3,1,0,11,1,1,1,0,0,1,0,4,8,14,0
3,15,4,1,1,0,3,1,0,2,1,1,1,6,0,1,1,6,0,8,1
4,16,4,1,1,0,3,3,0,11,1,1,1,0,0,0,5,0,0,0,0
4,21,4,0,1,0,3,0,0,11,1,1,1,5,0,0,5,0,0,0,1
12,20,0,0,1,0,3,1,0,0,1,1,1,0,2,2,5,6,0,14,1
9,15,4,1,1,0,3,3,0,5,1,1,1,0,0,1,2,1,0,3,1
11,15,4,1,1,0,3,0,0,2,1,1,1,5,2,1,2,6,0,8,1
14,15,4,1,1,0,3,0,0,0,1,1,1,5,2,1,0,2,3,2,1
6,18,4,1,1,0,3,0,0,5,1,1,1,7,0,1,0,6,2,11,1
15,15,4,1,1,0,3,0,0,2,1,1,1,0,2,2,0,6,1,9,1
8,20,4,0,1,0,3,0,0,11,1,1,1,0,0,3,0,6,7,10,0
9,21,0,0,1,0,3,1,0,5,0,1,1,6,0,2,0,6,10,11,0
5,20,4,1,1,0,3,3,0,2,1,1,1,0,0,6,0,1,0,1,1
8,15,4,1,1,0,3,1,0,0,1,1,1,0,0,1,0,3,4,5,0
13,20,4,0,1,0,3,1,0,0,1,1,1,5,2,1,0,8,8,14,1
1,19,4,0,1,4,3,0,1,2,1,1,1,0,0,1,5,4,0,3,1
8,21,4,1,1,0,3,1,0,7,1,1,1,8,0,1,0,6,6,7,1
13,12,3,1,1,0,3,0,0,0,1,1,1,1,2,0,5,0,0,4,1
10,18,0,1,1,3,3,0,1,0,1,1,1,8,0,1,1,6,0,12,1
10,19,0,0,1,0,3,1,0,0,1,1,1,0,0,1,0,6,7,8,1
15,22,0,0,1,0,3,1,0,0,1,1,1,0,2,1,0,9,6,14,1
12,20,0,0,1,0,3,0,0,0,1,1,1,0,2,1,0,6,3,13,1
15,22,0,1,0,0,3,1,0,1,1,0,1,0,2,1,0,9,0,14,1
8,1,3,1,0,0,2,3,0,3,0,1,0,7,1,0,4,0,5,6,0
6,17,4,0,1,0,2,0,0,2,1,1,1,0,0,1,0,2,6,5,1
13,15,0,0,1,4,3,0,1,0,1,1,1,0,2,1,0,9,6,12,0
1,18,4,1,1,0,3,0,0,2,1,1,1,5,0,1,0,2,4,2,1
1,18,4,0,1,0,3,0,0,2,1,1,1,7,0,1,0,1,3,2,1
4,20,4,1,1,0,3,3,0,2,1,1,1,0,0,1,0,1,2,3,1
11,18,4,0,1,0,3,0,0,0,1,1,1,7,2,3,0,6,3,11,0
14,19,4,1,1,0,2,0,0,0,1,1,1,0,2,5,0,6,4,9,1
1,14,4,0,1,4,3,3,1,11,1,1,1,5,0,0,5,0,0,0,1
4,12,4,0,1,0,3,0,0,7,1,1,1,8,0,0,5,0,0,5,0
10,15,4,1,1,0,3,1,0,2,1,1,1,0,0,1,0,6,1,8,1
1,18,4,0,1,0,3,3,0,16,1,1,1,1,0,2,5,1,0,2,0
10,16,4,0,1,0,3,0,0,10,1,1,1,0,0,1,0,6,3,3,0
11,15,4,0,1,0,3,0,0,0,1,1,1,0,2,1,2,6,0,2,1
13,20,0,1,1,3,3,0,1,1,1,1,1,5,2,1,0,6,10,14,1
9,15,0,0,1,0,3,3,0,11,1,1,1,0,0,1,2,1,0,3,1
9,20,0,0,1,0,1,0,0,0,1,1,1,0,0,1,0,6,10,13,0
2,16,4,1,1,0,3,0,0,2,1,1,1,0,0,0,5,0,0,3,1
7,20,4,0,1,0,3,0,0,0,1,1,1,0,0,0,5,0,0,0,1
15,18,4,0,1,0,3,0,0,0,1,1,1,0,2,1,0,6,1,8,1
10,19,0,1,1,0,3,0,0,0,1,1,1,0,0,2,0,4,4,12,1
15,11,4,0,0,0,3,1,0,15,0,1,1,7,2,0,5,0,0,2,1
8,21,4,0,1,0,3,1,0,16,1,1,1,0,0,4,0,2,1,3,0
6,17,4,0,1,0,3,1,0,7,1,1,1,8,0,1,0,6,6,10,0
0,15,4,0,1,0,3,1,0,2,1,1,1,0,0,1,2,6,0,8,1
4,20,4,1,1,0,3,0,0,2,1,1,1,0,0,1,0,1,9,4,1
6,14,4,1,0,0,3,0,0,2,1,1,0,0,0,1,0,6,4,4,1
13,19,0,1,1,0,3,1,0,1,1,1,1,0,2,1,0,6,3,11,1
1,18,0,1,1,4,3,1,1,8,1,1,1,5,0,1,0,2,3,5,1
13,20,4,1,1,0,3,1,0,0,1,1,1,0,2,1,0,8,8,12,1
11,14,0,1,1,4,3,0,1,0,1,1,1,0,2,1,0,6,5,11,1
8,16,4,1,1,0,3,0,0,5,1,1,1,0,0,1,0,6,6,5,1
8,19,0,1,1,0,3,3,0,1,1,1,1,0,0,1,1,8,0,10,0
11,15,4,0,1,0,3,0,0,12,1,1,1,0,2,0,5,0,0,0,1
3,20,0,1,1,0,1,0,0,1,1,1,1,8,0,5,0,6,9,3,0
2,18,4,1,1,0,3,0,0,5,1,1,1,0,0,6,0,1,3,2,1
14,18,4,0,1,0,3,0,0,0,1,1,1,0,2,7,0,5,5,9,1
12,16,4,0,1,4,3,0,1,0,1,1,1,5,2,1,0,6,10,13,1
7,20,4,0,1,0,3,0,0,2,1,1,1,1,0,1,0,6,11,4,1
8,20,4,1,1,0,3,1,0,0,1,1,1,8,0,3,0,6,6,9,1
6,17,4,1,0,0,3,1,0,12,1,1,0,8,0,1,0,4,2,6,1
14,20,0,1,1,4,3,0,1,0,1,1,1,5,2,1,0,9,8,13,1
5,17,0,1,1,0,3,3,0,1,1,1,1,0,0,1,0,4,3,8,0
11,15,4,1,1,0,3,3,0,2,1,1,1,0,2,1,0,4,11,4,1
13,0,4,0,0,0,3,0,0,15,0,1,1,7,2,0,5,0,0,1,0
4,20,4,1,1,0,3,1,0,2,1,1,1,0,0,1,0,6,1,9,1
5,15,4,0,0,4,3,0,1,0,1,0,1,0,0,1,0,6,4,2,1
2,18,4,1,1,0,3,1,0,2,1,1,1,0,0,0,5,0,0,0,1
6,4,0,0,1,4,1,3,1,14,1,1,1,7,0,0,5,0,0,0,1
8,20,4,1,1,0,3,0,0,0,1,1,1,7,0,1,0,7,3,12,1
5,15,4,0,1,0,3,0,0,2,1,1,1,0,0,1,0,6,2,7,1
7,17,4,0,1,0,3,0,0,2,1,1,1,0,0,1,0,6,8,9,1
13,17,0,1,1,4,3,0,0,8,1,1,1,0,2,1,0,6,5,11,1
10,16,1,0,0,0,3,1,0,15,1,0,1,0,0,1,5,9,0,2,0
3,0,4,1,1,4,3,0,1,14,1,1,1,7,0,1,0,6,4,9,1
1,18,4,0,1,0,3,3,0,2,1,1,1,0,0,1,0,2,3,2,1
1,17,4,0,1,0,0,1,0,16,1,1,1,1,0,5,3,9,2,5,1
5,20,4,0,1,0,3,0,0,11,1,1,1,1,0,1,0,6,3,11,1
4,17,4,0,1,0,3,1,0,2,1,1,1,8,0,1,1,9,0,10,1
9,20,4,1,1,0,3,3,0,2,1,1,1,0,0,1,0,6,11,12,1
1,18,4,1,1,0,3,0,0,2,1,1,1,0,0,2,5,2,0,3,1
3,20,4,0,1,0,3,0,0,11,1,1,1,5,0,1,0,1,3,2,0
2,18,4,1,0,0,3,1,0,16,1,1,0,0,0,0,5,0,0,0,0
11,21,0,1,1,0,3,0,0,0,1,1,1,5,2,1,0,6,4,13,0
11,20,0,1,1,3,3,3,1,1,1,1,1,5,2,1,0,6,4,13,0
0,15,4,1,1,0,3,1,0,2,1,1,1,8,0,0,5,0,0,0,1
7,8,0,0,1,3,3,2,1,0,1,1,1,0,0,1,1,6,4,12,1
11,4,2,0,0,4,3,0,1,0,1,0,0,0,0,3,1,6,0,12,1
14,20,4,0,1,0,3,1,0,0,1,1,1,5,2,1,0,6,5,12,0
11,19,4,1,1,0,3,1,0,2,1,1,1,0,2,1,0,6,8,5,1
14,20,4,0,1,0,3,0,0,0,1,1,1,0,2,1,0,6,2,12,1
9,20,4,0,1,0,3,0,0,14,1,1,1,0,0,3,0,4,6,12,1
13,21,0,0,1,4,3,0,1,0,1,1,1,5,2,1,0,6,3,13,1
12,14,4,0,1,4,3,3,1,11,1,1,1,0,2,0,5,0,0,0,1
15,15,0,1,1,0,3,0,0,1,1,1,1,0,2,0,5,0,0,0,1
6,18,4,1,1,0,3,0,0,2,1,1,1,0,0,1,0,3,4,2,1
7,15,4,1,1,0,3,1,0,0,1,1,1,5,0,1,0,6,5,6,1
14,20,4,0,1,0,3,1,0,0,1,1,1,5,2,1,0,6,4,14,1
1,15,4,1,1,0,3,0,0,16,1,1,1,5,0,1,5,1,0,1,0
6,20,0,1,1,0,3,1,0,2,1,1,1,0,0,1,0,1,6,7,1
14,15,0,0,0,0,3,3,0,8,1,1,0,0,2,0,5,0,0,0,1
3,20,4,1,1,0,3,1,0,2,1,1,1,7,0,0,5,0,0,0,1
3,15,0,0,1,0,3,1,0,2,1,1,1,0,0,1,0,2,4,5,1
5,20,4,1,1,0,3,0,0,2,1,1,1,0,0,0,5,0,0,0,1
2,12,4,0,0,0,3,0,0,16,1,1,0,0,0,0,5,0,0,0,0
13,0,4,0,1,3,3,3,1,9,1,1,1,0,2,0,5,0,0,0,1
1,15,0,1,1,4,3,1,1,1,1,1,1,7,0,1,0,1,10,1,1
13,15,2,0,1,0,3,1,0,0,1,1,1,0,2,6,0,2,0,2,1
4,20,4,0,1,0,3,1,0,15,1,1,1,0,0,1,5,0,0,0,0
1,18,4,1,1,0,3,1,0,16,1,1,1,0,0,1,5,1,0,2,1
15,15,3,0,1,3,3,0,1,15,1,1,1,7,2,1,0,7,10,9,1
5,20,4,1,1,0,3,1,0,2,1,1,1,8,0,1,0,2,4,4,1
3,15,4,1,1,0,3,0,0,12,1,1,1,0,0,1,0,9,1,9,1
13,15,4,0,1,0,3,0,0,12,1,1,1,7,2,6,0,8,10,10,1
4,18,4,1,1,0,3,0,0,2,1,1,1,1,0,9,2,0,0,0,1
1,18,4,0,1,0,3,0,0,11,1,1,1,0,0,1,5,0,0,0,1
5,20,4,0,1,0,3,0,0,2,1,1,1,0,0,1,0,3,8,10,1
10,20,0,0,1,0,0,3,0,0,1,1,1,0,0,5,3,6,11,14,1
5,18,4,0,1,0,3,0,0,0,1,1,1,0,0,1,0,6,8,8,1
8,21,0,0,1,0,3,0,0,0,1,1,1,0,0,2,0,9,6,14,0
1,18,4,1,1,0,3,1,0,16,1,1,1,0,0,4,5,2,0,3,1
9,20,4,1,1,4,3,0,1,12,1,1,1,5,0,1,0,3,5,6,1
11,15,0,0,1,0,3,0,0,1,1,1,1,5,2,1,0,6,6,12,1
12,20,0,0,1,0,3,0,0,3,1,1,1,0,2,2,5,6,0,0,1
2,19,4,1,1,0,3,1,0,7,1,1,1,8,0,5,5,6,0,2,1
7,15,4,1,1,0,3,3,0,2,1,1,1,7,0,3,0,1,2,3,1
12,20,4,0,1,0,3,1,0,0,1,1,1,8,2,1,0,8,11,13,1
15,20,0,1,1,0,3,0,0,0,1,1,1,0,2,3,0,6,10,10,1
6,15,4,1,1,0,3,3,0,2,1,1,1,5,0,1,0,1,2,2,1
14,14,4,0,0,0,3,0,0,12,1,1,0,7,2,0,5,0,0,5,1
11,15,4,0,1,0,3,0,0,11,1,1,1,0,2,1,0,6,3,4,1
0,15,4,0,1,4,3,3,1,5,1,1,1,7,0,0,5,0,0,0,1
1,17,4,1,1,0,3,1,0,2,1,1,1,0,0,0,5,0,0,0,1
7,21,4,1,1,4,3,0,0,11,1,1,1,0,0,2,0,6,2,11,0
0,15,4,0,1,0,3,0,0,2,1,1,1,5,0,1,0,1,4,3,1
14,15,0,1,1,0,3,0,0,1,1,1,1,7,2,1,5,0,0,0,1
9,15,4,1,1,0,3,0,0,2,1,1,1,0,0,1,0,7,7,10,1
3,17,4,0,1,0,3,1,0,2,1,1,1,7,0,1,0,2,5,4,1
6,15,0,0,1,0,0,1,0,0,1,1,1,6,0,5,3,5,1,9,0
6,14,4,0,0,0,3,3,0,14,1,1,0,0,0,1,5,0,0,0,1
0,18,4,0,1,0,3,1,0,16,1,1,1,5,0,0,5,0,0,0,1
2,20,4,0,1,0,3,3,0,11,1,1,1,5,0,1,0,7,7,12,0
2,18,4,0,1,0,3,3,0,2,1,1,1,0,0,1,0,1,2,3,1
8,15,4,1,1,0,3,0,0,0,1,1,1,0,0,1,0,8,3,6,0
8,18,0,1,1,0,3,0,0,8,1,1,1,0,0,1,1,3,0,1,1
12,18,0,1,1,0,3,0,0,1,1,1,1,5,2,1,0,6,7,8,1
12,11,4,0,1,4,3,0,1,11,1,1,1,7,2,6,0,9,4,6,0
11,21,0,1,1,0,3,1,0,0,1,1,1,5,2,1,0,8,11,14,0
12,20,0,1,1,3,3,0,1,15,1,1,1,5,2,2,5,6,0,0,1
0,18,4,0,1,0,3,0,0,2,1,1,1,7,0,1,5,2,0,2,1
9,15,4,1,1,0,3,0,0,11,1,1,1,2,0,1,0,6,4,6,1
3,19,4,0,1,4,3,0,1,2,1,1,1,5,0,1,0,6,2,2,1
9,15,4,0,1,0,3,0,0,2,1,1,1,0,0,1,0,6,0,9,1
11,11,4,1,1,4,3,0,1,0,1,1,1,0,2,1,0,1,3,2,1
1,18,4,0,1,0,3,3,0,11,1,1,1,7,0,1,0,6,3,13,0
12,19,0,0,1,0,3,0,0,0,1,1,1,0,2,1,0,6,5,10,1
3,17,4,0,1,0,3,1,0,2,1,1,1,0,0,1,0,6,3,2,1
15,15,0,1,1,0,3,0,0,1,1,1,1,7,2,1,0,5,3,6,1
9,20,4,0,1,0,3,3,0,11,1,1,1,0,0,1,0,6,4,9,1
8,19,0,0,1,4,3,0,1,0,1,1,1,7,0,1,0,9,6,5,1
5,17,4,1,1,0,3,1,0,2,1,1,1,0,0,1,0,5,1,5,1
1,15,4,1,1,0,3,3,0,16,1,1,1,1,0,1,0,6,4,5,1
9,20,4,1,1,0,3,0,0,0,1,1,1,7,0,7,0,6,3,13,1
11,20,4,0,1,0,3,3,0,11,1,1,1,5,2,1,5,1,0,4,1
10,20,4,0,1,0,3,1,0,11,1,1,1,0,0,1,0,6,10,14,0
15,17,0,0,1,0,3,1,0,1,1,1,1,0,2,1,0,4,2,14,1
8,0,4,1,0,0,3,1,0,4,0,1,0,0,0,1,0,0,3,9,1
7,15,4,1,1,0,3,0,0,5,1,1,1,0,0,2,0,6,6,11,1
15,19,0,1,1,3,3,0,1,0,1,1,1,5,2,1,0,6,10,11,1
9,15,0,1,1,3,3,0,1,5,1,1,1,0,0,3,2,6,0,6,1
14,20,2,1,1,0,3,1,0,0,1,1,1,0,2,4,5,0,0,11,1
9,20,4,1,1,0,3,0,0,0,1,1,1,0,0,1,0,8,6,11,1
1,18,4,1,1,0,3,1,0,11,1,1,1,0,0,1,0,1,2,2,0
14,21,0,1,1,0,3,0,0,1,1,1,1,0,2,4,0,5,5,7,0
5,20,4,0,1,0,3,3,0,9,1,1,1,7,0,1,0,6,6,10,1
8,15,4,1,1,0,3,0,0,5,1,1,1,7,0,1,0,6,2,4,1
12,20,0,1,1,0,3,1,0,1,1,1,1,0,2,1,0,8,2,13,1
6,18,4,0,1,0,3,1,0,0,1,1,1,8,0,1,0,7,8,14,1
5,20,4,0,1,0,3,0,0,10,1,1,1,0,0,1,0,8,8,10,1
14,8,0,1,1,4,3,0,1,1,1,1,1,7,2,1,1,6,0,1,1
10,20,4,1,1,0,3,0,0,2,1,1,1,0,0,3,0,6,6,7,1
9,20,0,0,1,0,0,1,0,0,1,1,1,0,0,5,3,8,9,14,0
3,15,4,0,1,4,3,0,1,2,1,1,1,0,0,1,0,6,6,2,0
11,20,4,0,1,0,3,3,0,2,1,1,1,5,2,1,0,6,2,13,1
4,20,4,0,1,0,3,3,0,16,1,1,1,0,0,7,5,6,0,4,1
5,19,4,0,1,0,3,1,0,2,1,1,1,0,0,3,0,3,3,4,1
15,18,4,1,1,3,3,0,1,2,1,1,1,0,2,1,0,4,2,5,1
7,16,2,1,1,0,3,0,0,3,1,1,1,0,0,1,0,9,1,5,1
3,18,4,0,1,0,3,0,0,2,1,1,1,0,0,1,0,6,4,8,1
3,17,4,1,1,0,3,3,0,2,1,1,1,0,0,1,2,4,0,2,1
10,13,4,0,0,0,3,0,0,15,1,1,0,0,0,0,5,0,0,0,1
0,19,4,0,1,0,3,3,0,2,1,1,1,0,0,1,0,3,0,2,0
15,18,0,0,1,0,1,0,0,1,1,1,1,0,2,5,3,6,0,13,1
2,18,4,1,0,0,3,0,0,2,1,1,0,0,0,1,5,1,0,2,1
1,15,4,0,1,0,0,0,0,16,1,1,1,0,0,5,3,9,1,7,0
10,20,0,1,1,4,3,0,1,1,1,1,1,0,0,1,0,5,6,7,1
8,15,4,0,1,0,3,0,0,2,1,1,1,5,0,1,2,0,0,8,1
1,12,1,1,1,0,0,0,0,0,1,1,1,3,0,5,3,9,2,9,0
8,20,4,1,0,0,3,0,0,2,1,1,0,0,0,0,5,0,0,5,1
6,20,4,0,1,0,3,0,0,0,1,1,1,0,0,1,0,6,8,14,0
11,21,4,0,1,0,3,0,0,2,1,1,1,5,2,1,0,8,1,12,1
8,15,4,1,1,0,3,0,0,7,1,1,1,0,0,0,5,0,0,0,1
12,20,0,0,0,0,3,0,0,0,1,1,1,0,2,1,0,9,6,13,1
2,0,4,1,0,0,3,0,0,16,1,1,0,0,0,0,5,0,0,3,1
8,18,0,0,1,3,3,0,1,1,1,1,1,5,0,1,0,6,8,8,1
11,21,4,1,0,0,3,1,0,4,0,1,0,0,2,1,0,4,8,9,0
3,15,0,1,1,4,3,0,1,1,1,1,1,0,0,1,1,1,0,2,1
7,18,0,0,1,0,3,1,0,2,1,1,1,0,0,6,0,1,6,2,1
7,21,4,1,1,0,3,1,0,0,1,1,1,0,0,4,0,6,5,14,0
13,20,4,0,1,0,3,1,0,2,1,1,1,5,2,2,0,6,6,12,1
15,18,4,0,1,0,3,1,0,2,1,1,1,0,2,1,0,6,7,10,1
13,20,0,1,1,0,3,0,0,0,1,1,1,0,2,1,0,6,3,5,1
7,16,4,1,1,0,3,0,0,0,1,1,1,5,0,1,0,6,3,13,0
6,10,4,0,1,0,3,0,0,2,1,1,1,0,0,5,0,8,8,10,1
13,20,0,1,1,0,3,0,0,0,1,1,1,0,2,1,0,6,8,12,1
6,20,4,0,1,0,3,1,0,2,1,1,1,0,0,1,0,6,6,13,0
8,18,4,1,1,0,3,0,0,0,1,1,1,7,0,1,0,6,2,9,1
13,21,0,1,1,0,3,0,0,2,1,1,1,0,2,2,0,6,0,13,0
0,18,4,1,1,0,3,0,0,16,1,1,1,0,0,2,5,2,0,3,0
11,11,4,1,0,0,3,1,0,2,0,1,1,0,2,1,0,6,8,10,1
4,15,0,0,1,0,3,3,0,2,1,1,1,0,0,0,5,0,0,0,1
4,20,4,1,1,0,3,3,0,2,1,1,1,3,0,4,0,7,10,2,1
14,18,0,0,1,0,3,1,0,0,1,1,1,0,2,0,5,0,0,5,0
11,20,0,1,1,4,3,0,1,1,1,1,1,5,2,1,0,6,5,4,1
13,20,0,1,1,3,3,0,1,1,1,1,1,0,2,1,0,6,6,14,1
3,18,4,0,1,0,3,1,0,2,1,1,1,8,0,1,1,8,0,11,1
2,17,4,1,1,0,3,0,0,2,1,1,1,5,0,1,0,4,4,1,1
3,20,4,0,1,0,3,1,0,2,1,1,1,0,0,1,0,9,5,14,0
0,18,4,1,0,0,3,1,0,2,0,1,1,0,0,1,0,2,9,2,0
6,20,4,0,1,0,3,1,0,2,1,1,1,8,0,8,5,2,0,0,1
14,23,0,1,1,3,3,0,1,0,1,1,1,5,2,1,0,6,6,13,0
12,21,4,1,1,0,3,3,0,2,1,1,1,7,2,4,0,6,10,13,1
9,20,4,0,1,0,3,3,0,14,1,1,1,0,0,1,0,8,6,10,1
12,21,4,1,1,4,3,1,1,0,1,1,1,5,2,1,0,2,4,8,0
15,20,4,0,1,0,3,0,0,0,1,1,1,0,2,6,0,9,4,14,1
15,20,0,0,1,4,3,0,1,1,1,1,1,5,2,1,0,6,11,13,1
9,20,4,1,1,0,3,1,0,2,1,1,1,0,0,1,0,2,4,4,1
8,20,0,1,1,0,3,0,0,1,1,1,1,7,0,1,0,6,8,8,1
8,20,4,1,1,0,3,0,0,12,1,1,1,0,0,1,0,6,11,11,1
11,14,4,1,1,0,3,3,0,12,1,1,1,0,2,1,0,8,10,11,1
7,17,4,0,1,0,3,3,0,2,1,1,1,0,0,1,0,6,8,8,1
11,19,0,1,1,0,1,0,0,0,1,1,1,0,2,1,0,6,6,10,0
6,11,4,1,1,4,3,0,1,10,1,1,1,0,0,1,0,6,3,6,1
2,17,4,1,1,0,3,0,0,2,1,1,1,0,0,1,5,4,0,3,1
10,20,4,0,1,0,3,1,0,12,1,1,1,0,0,4,0,7,10,14,1
0,18,4,1,1,1,3,0,0,11,1,1,1,7,0,1,0,4,10,6,1
12,16,4,0,1,0,3,0,0,0,1,1,1,5,2,1,0,6,6,2,0
11,23,4,0,1,0,3,0,0,0,1,1,1,5,2,1,0,8,8,14,1
11,18,4,0,1,0,3,1,0,0,1,1,1,0,2,1,0,7,2,12,0
8,13,4,1,1,0,3,0,0,2,1,1,1,8,0,1,5,0,0,0,1
10,19,0,0,1,3,3,0,1,15,1,1,1,7,0,1,5,6,0,9,1
8,15,4,0,1,0,3,0,0,2,1,1,1,7,0,0,5,0,0,0,1
10,20,0,0,1,0,3,0,0,0,1,1,1,5,0,1,0,6,7,14,1
0,16,4,1,0,0,3,0,0,3,1,1,0,0,0,0,5,0,0,0,1
15,18,0,1,1,0,3,0,0,11,1,1,1,7,2,4,0,6,3,12,1
4,12,4,0,1,0,3,0,0,2,1,1,1,7,0,1,2,0,0,4,1
3,18,4,0,1,0,3,0,0,2,1,1,1,0,0,1,0,3,8,4,0
2,16,4,0,1,0,3,3,0,2,1,1,1,7,0,1,0,5,2,3,1
0,18,4,0,1,0,3,0,0,5,1,1,1,7,0,0,5,0,0,2,1
11,22,4,0,1,0,3,0,0,0,1,1,1,1,2,1,0,9,6,14,1
4,12,4,0,1,4,3,0,1,7,1,1,1,2,0,0,5,0,0,5,1
1,17,4,0,1,0,3,1,0,2,1,1,1,0,0,3,2,4,0,6,0
6,20,4,1,1,0,3,0,0,0,1,1,1,0,0,2,0,5,0,10,0
15,20,0,1,1,4,3,0,1,1,1,1,1,0,2,0,5,0,0,0,1
4,20,4,1,1,0,3,1,0,0,1,1,1,8,0,1,0,4,3,9,1
12,18,4,0,1,4,3,0,1,2,1,1,1,0,2,1,0,6,3,7,1
12,20,4,0,1,0,3,3,0,0,1,1,1,0,2,1,0,6,2,9,1
12,14,0,0,1,3,3,0,1,0,1,1,1,5,2,1,0,6,10,12,1
4,20,4,0,1,0,3,1,0,0,1,1,1,0,0,1,0,6,4,8,1
11,20,4,1,1,0,3,3,0,2,1,1,1,5,2,0,5,0,0,0,1
0,15,4,0,0,0,3,0,0,14,1,1,1,5,0,1,0,4,4,2,0
0,12,3,0,1,0,3,0,0,1,1,1,1,7,0,1,0,6,0,4,0
14,20,0,1,1,0,3,0,0,0,1,1,1,5,2,1,0,6,2,14,0
7,22,4,0,1,0,3,3,0,11,1,1,1,0,0,1,0,6,0,8,0
5,18,4,0,1,3,3,0,1,0,1,1,1,5,0,1,0,6,4,9,1
12,15,4,1,1,0,3,3,0,14,1,1,1,0,2,1,0,2,4,3,1
3,15,4,1,1,0,3,0,0,2,1,1,1,1,0,1,0,4,3,5,1
1,15,4,0,1,0,0,0,0,16,1,1,1,0,0,5,3,6,1,6,1
3,15,4,0,1,0,3,0,0,2,1,1,1,0,0,0,5,0,0,0,1
4,20,4,0,1,0,3,3,0,0,1,1,1,0,0,1,0,6,8,12,0
2,18,4,1,1,0,3,1,0,0,1,1,1,0,0,1,0,6,4,12,0
4,20,4,1,1,0,3,3,0,11,1,1,1,1,0,3,0,1,10,2,1
9,18,0,0,1,4,3,0,1,1,1,1,1,5,0,1,5,0,0,11,1
11,8,4,0,1,4,3,3,1,4,1,1,1,0,2,4,0,6,8,7,0
2,19,4,1,1,0,3,0,0,2,1,1,1,0,0,3,0,3,4,2,1
1,15,4,1,1,0,3,3,0,2,1,1,1,7,0,0,5,0,0,0,1
12,17,0,0,1,0,3,3,0,1,1,1,1,8,2,0,5,0,0,0,1
8,20,4,0,1,0,3,0,0,2,1,1,1,0,0,1,0,6,3,9,1
10,12,2,0,1,0,3,0,0,2,1,1,1,7,0,1,0,6,8,12,1
5,12,3,1,1,0,3,0,0,0,1,1,1,7,0,1,0,6,4,9,0
4,20,4,0,1,0,3,1,0,0,1,1,1,0,0,1,0,6,4,12,1
5,18,4,1,1,0,3,1,0,4,1,1,1,0,0,5,0,6,6,2,1
8,19,4,0,1,0,3,0,0,7,1,1,1,7,0,1,0,6,3,7,1
13,21,0,0,1,2,3,0,0,0,1,1,1,0,2,1,0,6,10,14,1
1,18,4,0,1,0,3,1,0,2,1,1,1,8,0,1,0,2,6,5,1
2,17,4,0,1,0,3,0,0,0,1,1,1,0,0,3,0,7,7,12,1
13,20,4,0,1,4,3,0,1,11,1,1,1,5,2,1,0,7,10,13,1
10,20,4,0,1,0,3,1,0,12,1,1,1,0,0,1,0,7,11,14,1
1,13,4,0,1,0,3,1,0,2,1,1,1,0,0,2,5,6,0,13,0
11,20,4,1,1,0,3,0,0,2,1,1,1,7,2,1,0,6,3,2,1
3,17,4,0,1,0,3,0,0,2,1,1,1,0,0,1,0,6,3,9,1
2,18,4,1,1,0,3,1,0,0,1,1,1,0,0,1,0,2,3,4,1
5,6,2,1,1,1,3,3,1,7,1,0,1,0,0,9,2,0,0,0,0
1,18,4,1,1,0,3,0,0,2,1,1,1,0,0,1,0,4,11,4,1
2,15,4,0,1,0,3,1,0,15,1,1,1,7,0,1,5,5,0,2,0
12,0,4,0,0,0,3,1,0,15,0,0,1,0,2,0,5,0,0,2,0
2,15,0,0,1,4,3,1,1,8,1,1,1,0,0,4,0,1,4,4,1
9,20,4,1,1,3,3,0,1,2,1,1,1,7,0,1,0,6,8,11,1
6,18,4,0,1,4,3,0,1,14,1,1,1,5,0,7,0,6,3,7,1
5,20,4,1,1,0,3,0,0,12,1,1,1,1,0,1,0,3,6,3,1
9,20,4,0,1,0,3,3,0,2,1,1,1,0,0,1,0,6,8,8,1
1,18,4,0,1,0,3,2,0,2,1,1,1,0,0,1,5,3,0,1,1
4,17,0,1,1,0,1,0,0,11,1,1,1,0,2,1,0,6,11,7,0
13,19,4,0,1,0,3,0,0,2,1,1,1,0,2,3,0,6,10,10,1
4,17,4,0,1,0,3,0,0,0,1,1,1,7,0,0,5,0,0,0,1
1,18,4,0,1,0,3,0,0,2,1,1,1,5,0,1,5,0,0,0,1
9,20,4,1,1,0,3,0,0,2,1,1,1,1,0,1,0,6,8,7,1
3,18,4,0,1,0,3,0,0,0,1,1,1,0,0,1,0,2,2,4,1
9,20,4,0,1,0,1,1,0,0,1,1,1,8,0,5,0,9,4,10,0
11,20,4,0,1,0,3,1,0,0,1,1,1,0,2,1,0,6,6,14,1
4,15,4,0,1,0,3,0,0,2,1,1,1,7,0,1,0,3,3,6,1
1,15,4,1,1,0,0,2,0,0,1,1,1,3,0,5,3,7,3,6,0
9,18,0,1,1,0,3,0,0,0,1,1,1,7,0,1,5,0,0,0,1
9,20,4,0,1,0,3,0,0,11,1,1,1,0,0,1,0,7,6,10,0
13,15,4,0,1,0,3,0,0,12,1,1,1,5,2,1,0,6,10,10,1
5,19,4,1,1,0,3,1,0,2,1,1,1,0,0,1,5,0,0,0,1
12,16,2,1,1,0,3,1,0,0,1,1,1,0,2,1,0,7,0,13,1
6,15,0,0,1,0,3,0,0,16,1,1,1,7,0,1,0,6,11,5,1
4,18,4,0,1,3,1,0,1,16,1,1,1,0,0,5,3,6,10,7,1
4,16,0,0,0,4,3,3,1,8,1,1,0,7,1,0,5,0,0,0,1
15,18,4,1,1,0,3,0,0,0,1,1,1,0,2,2,0,6,6,9,1
11,5,0,0,1,0,3,0,0,4,1,1,1,0,2,1,0,6,10,14,1
10,15,4,1,1,3,3,3,1,2,1,1,1,0,0,1,0,6,4,3,1
10,21,4,1,1,0,3,0,0,12,1,1,1,0,0,2,0,6,6,14,0
2,18,4,0,1,4,3,0,1,9,1,1,1,5,0,0,5,0,0,0,1
3,18,4,1,1,0,3,0,0,0,1,1,1,0,0,4,0,1,1,2,1
15,15,0,0,1,4,3,0,1,0,1,1,1,7,2,1,0,5,8,10,1
8,20,0,0,1,4,3,0,1,0,1,1,1,5,0,1,0,6,3,14,1
0,16,4,0,1,0,3,1,0,5,1,1,1,0,0,1,0,1,4,2,1
3,15,4,1,1,0,3,0,0,14,1,1,1,5,0,0,5,0,0,0,1
0,18,4,0,1,0,3,0,0,2,1,1,1,7,0,0,5,0,0,0,1
9,8,1,0,1,2,0,0,1,0,1,1,1,1,0,5,3,3,9,3,0
10,8,0,0,1,4,3,0,1,11,1,1,1,0,0,1,0,6,4,12,0
12,21,0,1,1,4,3,0,1,0,1,1,1,5,2,1,0,6,6,12,0
6,18,4,1,1,0,3,0,0,11,1,1,1,7,0,1,0,4,4,9,1
12,20,0,0,1,0,3,0,0,9,1,1,1,0,2,1,0,9,11,13,1
0,18,4,1,1,0,3,0,0,5,1,1,1,7,0,1,5,6,0,4,1
1,15,4,0,1,0,3,0,0,2,1,1,1,0,0,1,0,4,3,5,1
5,15,4,0,1,0,3,2,0,5,1,1,1,0,0,6,0,2,3,2,1
7,17,4,0,1,0,3,1,0,2,1,1,1,0,0,1,1,9,0,10,1
14,19,4,1,1,0,3,0,0,0,1,1,1,0,2,3,0,6,3,9,1
0,18,4,1,1,0,3,2,0,5,1,1,1,7,0,1,5,3,0,2,1
1,18,4,1,1,4,3,0,1,9,1,1,1,5,0,1,5,2,0,2,1
6,20,0,0,1,0,3,3,0,0,1,1,1,0,0,1,0,7,6,11,1
10,12,4,0,1,4,3,0,1,15,1,1,1,7,0,1,5,0,0,0,1
7,18,4,0,1,0,3,3,0,11,1,1,1,0,0,1,0,6,6,11,0
13,15,4,0,1,0,3,3,0,0,1,1,1,0,2,7,0,9,5,6,1
15,18,4,0,1,0,3,0,0,2,1,1,1,0,2,3,0,6,3,6,1
11,20,0,0,1,0,3,1,0,0,1,1,1,0,2,3,5,8,0,14,0
14,19,0,1,1,4,3,0,1,1,1,1,1,5,2,0,5,0,0,0,1
10,15,4,1,1,0,3,0,0,0,1,1,1,0,0,0,5,0,0,4,1
10,12,4,0,1,0,3,0,0,15,1,1,1,7,0,1,2,0,0,9,1
12,15,4,0,1,0,3,0,0,2,1,1,1,0,2,1,0,6,3,10,1
15,15,0,0,1,4,3,0,1,0,1,1,1,7,2,1,0,6,11,5,1
13,20,4,1,1,0,3,1,0,0,1,1,1,0,2,2,0,6,6,11,1
10,20,4,1,1,0,3,3,0,0,1,1,1,5,0,1,0,6,6,13,1
8,20,4,0,1,0,3,3,0,2,1,1,1,5,0,2,0,3,8,5,1
9,18,4,0,1,0,3,0,0,5,1,1,1,0,0,1,0,8,4,6,1
1,21,4,1,1,3,3,1,0,2,0,1,1,7,0,2,0,2,5,11,1
1,18,4,0,0,3,3,0,0,2,0,0,1,0,0,7,0,4,2,2,1
9,18,4,0,1,0,3,0,0,15,1,1,1,7,0,4,5,0,0,0,1
14,21,0,1,1,4,3,3,1,0,1,1,1,0,2,2,0,6,3,13,1
13,20,4,0,1,0,3,0,0,2,1,1,1,0,2,1,0,6,8,8,1
7,15,4,0,1,0,3,3,0,2,1,1,1,0,0,0,5,0,0,0,1
4,17,4,0,1,3,3,0,1,2,1,1,1,7,0,1,0,2,4,3,0
13,20,0,1,1,0,3,0,0,0,1,1,1,0,2,1,0,7,4,13,1
7,20,4,1,1,0,3,1,0,2,1,1,1,0,0,1,5,0,0,0,0
0,15,4,1,0,0,3,0,0,2,1,1,0,0,0,1,0,3,2,3,1
8,20,4,1,1,0,3,0,0,5,1,1,1,0,0,1,0,6,4,6,1
8,11,3,1,1,0,3,0,0,2,1,1,1,0,0,6,0,4,3,6,1
2,18,4,1,0,0,3,0,0,2,1,1,1,0,0,1,0,2,6,4,1
10,14,4,0,0,0,3,0,0,15,1,1,0,0,0,1,5,0,0,1,1
7,20,4,0,1,0,3,0,0,2,1,1,1,5,0,0,5,0,0,0,1
15,19,0,1,1,0,3,1,0,0,1,1,1,0,2,1,0,6,5,8,1
5,20,4,1,1,0,3,3,0,5,1,1,1,5,0,1,0,6,10,9,0
15,20,0,0,1,0,3,0,0,1,1,1,1,0,2,2,0,6,1,14,1
15,22,4,0,1,0,3,0,0,0,1,1,1,0,2,2,0,9,0,14,0
4,21,4,1,1,0,3,1,0,2,1,1,1,0,0,1,0,6,3,11,1
13,15,0,0,1,4,3,0,1,0,1,1,1,7,2,6,0,6,6,7,1
0,15,4,0,1,0,3,1,0,2,1,1,1,0,0,1,0,8,2,8,1
14,0,0,1,1,4,3,0,1,1,1,1,1,7,2,0,5,0,0,7,1
15,18,0,1,1,0,3,0,0,0,1,1,1,7,2,1,0,2,4,4,1
14,15,2,1,1,0,3,0,0,12,1,1,1,7,2,0,5,0,0,5,1
11,14,0,1,0,0,3,1,0,0,1,1,0,0,2,1,5,2,0,4,1
4,0,4,1,1,4,3,0,1,2,1,1,1,6,0,0,5,0,0,3,1
7,20,4,1,1,0,3,1,0,2,1,1,1,0,0,1,2,2,0,5,1
13,20,4,0,1,0,3,3,0,2,1,1,1,0,2,3,0,6,6,11,1
9,23,4,0,1,0,3,0,0,5,1,1,1,5,0,1,0,6,6,13,1
6,20,4,1,1,0,3,0,0,2,1,1,1,5,0,1,0,6,6,11,0
6,17,4,1,1,0,3,3,0,2,1,1,1,0,0,8,2,2,0,4,1
5,17,4,1,0,0,3,3,0,11,1,1,0,0,0,1,5,4,0,4,1
12,18,4,0,1,0,3,0,0,2,1,1,1,7,2,1,0,2,3,4,1
10,15,4,0,1,0,3,3,0,15,1,1,1,0,0,4,5,0,0,0,0
9,17,4,1,1,0,3,3,0,11,1,1,1,0,0,3,0,2,3,4,1
15,18,4,1,1,0,3,3,0,2,1,1,1,8,2,0,5,0,0,12,1
3,15,4,0,1,0,3,0,0,2,1,1,1,7,0,1,0,6,8,7,1
6,15,4,0,1,0,1,0,0,11,1,1,1,0,0,1,0,6,5,12,0
10,21,0,0,1,3,3,0,1,1,1,1,1,7,0,1,0,7,3,7,1
4,20,4,1,0,0,3,3,0,14,1,1,1,0,0,1,0,2,4,5,0
5,18,4,0,1,0,3,1,0,0,1,1,1,0,0,0,5,0,0,2,1
15,18,0,0,1,0,3,0,0,0,1,1,1,0,2,1,0,6,3,9,1
14,20,0,1,1,4,3,0,1,1,1,1,1,7,2,1,0,6,3,12,1
5,15,4,0,1,0,3,0,0,7,1,1,1,0,0,1,0,2,4,4,1
13,21,0,1,1,3,3,3,1,1,1,1,1,5,2,1,1,6,0,13,0
7,18,4,0,1,0,3,3,0,2,1,1,1,7,0,3,0,5,7,9,1
7,20,0,1,1,0,3,0,0,1,1,1,1,8,0,1,1,6,0,10,1
4,20,0,1,1,0,3,0,0,0,1,1,1,0,0,1,0,6,0,8,0
11,20,4,0,1,0,3,1,0,2,1,1,1,0,2,2,0,6,11,14,1
3,18,4,1,1,0,3,0,0,2,1,1,1,5,0,1,0,2,4,2,1
14,20,0,1,1,0,3,0,0,0,1,1,1,0,2,2,0,6,10,11,1
7,20,4,0,1,0,3,1,0,5,1,1,1,5,0,1,0,6,6,11,1
8,21,4,1,1,0,3,1,0,0,1,1,1,0,0,2,0,6,6,12,0
3,20,4,1,1,0,3,1,0,2,1,1,1,0,0,1,0,2,3,2,1
6,18,4,0,1,0,3,1,0,5,1,1,1,0,0,1,0,6,3,8,1
5,15,4,0,0,3,3,3,1,15,1,1,1,0,0,1,5,0,0,0,0
14,21,4,1,1,0,3,3,0,12,1,1,1,0,2,1,0,6,4,13,1
4,19,4,1,1,0,3,3,0,14,1,1,1,4,0,3,0,8,8,10,0
9,20,0,0,1,0,3,0,0,0,1,1,1,0,0,6,0,3,1,5,1
8,18,0,1,1,0,3,2,0,1,1,1,1,0,0,0,5,0,0,0,1
7,18,4,0,1,2,3,0,0,2,1,1,1,1,0,1,0,5,4,6,1
0,15,4,0,1,0,3,0,0,0,1,1,1,7,0,1,0,6,8,5,1
13,15,4,0,1,0,3,0,0,15,1,1,1,1,2,0,5,0,0,0,1
12,18,4,1,1,0,3,0,0,2,1,1,1,0,2,2,0,3,1,3,1
2,19,4,1,1,0,3,0,0,2,1,1,1,7,0,1,0,4,1,6,1
7,20,4,0,1,4,3,0,1,2,1,1,1,0,0,0,5,0,0,0,1
12,20,0,1,1,3,3,0,1,0,1,1,1,5,2,1,0,6,4,11,1
0,15,4,1,1,0,3,0,0,2,1,1,1,7,0,0,5,0,0,0,1
11,18,4,0,1,3,3,1,1,11,1,1,1,0,2,1,0,7,8,13,1
7,20,0,1,1,0,3,1,0,2,1,1,1,0,0,0,5,0,0,0,1
7,18,4,0,1,0,3,0,0,2,1,1,1,5,0,5,0,6,4,5,1
1,15,4,1,1,0,3,0,0,2,1,1,1,0,0,0,5,0,0,0,1
6,15,4,0,1,0,3,1,0,0,1,1,1,8,0,1,0,6,3,8,1
10,19,4,1,1,0,3,1,0,0,1,1,1,0,0,1,0,6,6,10,1
9,20,4,0,1,0,3,0,0,2,1,1,1,5,0,1,0,6,7,12,0
0,18,4,0,1,0,3,2,0,2,1,1,1,0,0,1,5,2,0,2,0
4,20,4,1,1,0,3,0,0,2,1,1,1,5,0,0,5,0,0,0,1
15,21,0,0,1,0,3,1,0,1,1,1,1,0,2,1,0,7,3,14,1
12,21,0,1,1,0,3,3,0,1,1,1,1,0,2,1,0,8,6,12,1
1,18,4,0,1,0,3,1,0,9,1,1,1,2,0,1,5,6,0,0,1
2,18,4,1,0,0,3,0,0,12,1,1,1,7,2,0,5,0,0,0,1
11,22,4,1,1,0,3,1,0,7,1,1,1,0,2,1,0,6,6,10,1
11,18,0,0,1,0,3,1,0,0,1,1,1,0,2,1,0,6,6,11,1
1,18,4,1,0,0,3,0,0,16,1,1,0,0,0,1,5,0,0,1,1
2,16,4,0,1,0,3,0,0,0,1,1,1,0,0,1,0,7,10,5,1
4,15,4,0,1,0,3,0,0,2,1,1,1,0,0,1,0,3,8,5,1
10,12,4,0,1,0,3,0,0,14,1,1,1,0,0,1,2,0,0,0,1
6,17,4,1,1,0,3,0,0,5,1,1,1,0,0,1,0,6,6,10,0
2,18,4,0,1,4,3,0,1,0,1,1,1,0,0,1,0,6,6,6,1
14,14,0,0,1,4,3,0,1,1,1,1,1,5,2,1,0,6,10,14,1
0,18,4,0,1,0,3,0,0,2,1,1,1,7,0,1,0,2,11,3,1
4,15,4,0,1,0,3,3,0,2,1,1,1,7,0,1,0,2,4,4,1
6,21,0,1,1,4,3,1,1,1,1,1,1,0,0,1,1,8,0,10,0
11,18,4,0,1,0,3,1,0,0,1,1,1,0,2,3,0,7,11,11,1
12,15,2,0,1,4,3,0,1,2,1,1,1,5,2,1,0,6,6,12,1
4,0,4,1,0,3,3,0,1,9,1,1,1,5,0,0,5,0,0,8,1
2,15,4,0,1,0,3,1,0,0,1,1,1,0,0,1,2,1,0,2,0
2,18,4,1,1,0,3,0,0,2,1,1,1,0,0,1,0,6,6,11,1
10,19,4,0,1,0,3,0,0,2,1,1,1,0,0,1,0,6,4,9,1
6,15,4,0,1,0,3,0,0,14,1,1,1,0,0,1,0,6,6,10,0
12,14,4,0,1,0,3,3,0,11,1,1,1,0,2,1,0,6,5,12,1
9,21,0,0,1,4,3,3,1,0,1,1,1,5,0,1,0,8,4,14,0
13,17,0,1,1,0,3,3,0,8,1,1,1,0,2,1,0,6,1,5,1
15,18,3,1,1,0,3,0,0,0,1,1,1,1,2,4,5,6,0,4,1
5,18,4,1,1,0,3,1,0,10,1,1,1,0,0,1,0,6,8,6,0
2,19,4,0,1,0,3,0,0,2,1,1,1,1,0,1,2,3,0,2,1
8,23,0,1,1,0,3,0,0,1,1,1,1,0,0,1,0,6,7,13,1
1,15,4,0,0,0,3,0,0,2,1,1,0,1,0,0,5,0,0,1,1
1,14,4,0,1,0,3,3,0,2,1,1,1,0,0,1,0,6,5,8,1
12,20,0,1,1,0,3,3,0,1,1,1,1,0,2,2,5,0,0,0,0
8,18,4,1,1,3,3,0,1,2,1,1,1,5,0,1,0,6,9,9,1
4,22,4,1,1,0,3,0,0,0,1,1,1,0,0,1,0,3,9,11,1
1,15,4,0,1,4,3,0,1,16,1,1,1,5,0,1,5,5,0,5,0
15,15,4,0,1,0,3,0,0,15,1,1,1,1,0,2,5,5,0,4,0
11,20,0,1,1,0,3,0,0,1,1,1,1,0,2,4,0,6,1,11,1
6,15,4,0,1,0,3,3,0,2,1,1,1,0,0,1,0,5,0,8,1
10,5,4,1,1,4,3,0,1,4,1,1,1,0,0,0,5,0,0,0,1
2,17,4,1,1,0,3,0,0,2,1,1,1,5,0,0,5,0,0,0,1
4,15,4,1,1,0,3,1,0,2,1,1,1,0,0,4,0,1,8,5,1
4,15,4,0,1,4,3,0,1,0,1,1,1,7,0,1,0,4,6,4,1
9,13,4,0,1,0,3,0,0,2,1,1,1,7,0,1,5,6,0,4,1
3,20,4,0,1,0,3,0,0,12,1,1,1,0,0,1,0,7,5,9,0
9,20,0,0,1,0,3,1,0,1,1,1,1,0,0,7,0,9,11,13,1
10,18,0,1,1,0,3,3,0,16,1,1,1,0,0,1,5,0,0,0,1
8,12,3,0,1,0,3,0,0,7,1,1,1,7,0,0,5,0,0,4,1
15,18,0,1,1,0,3,1,0,0,1,1,1,0,2,3,5,6,0,3,1
8,18,4,0,1,4,3,0,1,0,1,1,1,7,0,1,0,6,6,8,0
11,12,4,0,1,0,3,0,0,7,1,1,1,2,2,1,2,0,0,5,1
2,15,0,1,1,2,3,1,0,1,1,1,1,8,0,1,5,0,0,0,1
14,21,4,1,1,0,3,0,0,0,1,1,1,0,2,6,0,6,6,14,1
13,12,4,0,1,0,3,3,0,2,1,1,1,0,2,1,2,0,0,5,1
7,16,4,0,1,0,3,1,0,0,1,1,1,7,0,1,0,6,2,10,0
4,20,4,0,1,2,3,3,0,2,1,1,1,0,0,1,0,6,4,3,1
15,20,4,1,1,0,3,1,0,12,1,1,1,0,2,6,0,6,6,14,1
6,15,4,1,1,0,3,0,0,7,1,1,1,7,0,1,0,5,8,6,1
2,17,4,1,1,0,3,0,0,2,1,1,1,7,0,1,0,6,4,6,1
8,18,0,0,1,0,3,0,0,1,1,1,1,0,0,1,0,9,11,14,0
2,18,2,1,1,0,3,0,0,0,1,1,1,0,0,3,0,6,4,11,0
10,16,4,0,1,0,3,1,0,2,1,1,1,0,0,1,0,3,5,3,1
8,20,4,0,1,0,1,1,0,0,1,1,1,0,0,5,0,9,8,13,0
2,20,4,0,1,0,3,3,0,11,1,1,1,0,0,1,5,6,0,4,0
7,18,4,1,1,0,3,0,0,2,1,1,1,8,0,1,0,6,3,9,1
12,15,4,1,1,0,3,0,0,0,1,1,1,0,2,1,0,6,2,6,1
0,18,4,1,1,0,3,1,0,2,1,1,1,0,0,1,0,1,2,2,0
15,19,2,1,1,0,3,0,0,12,1,1,1,0,2,1,0,9,10,12,1
10,18,4,0,1,3,3,0,1,2,1,1,1,5,0,1,0,6,6,13,1
6,20,0,1,1,0,3,1,0,0,1,1,1,0,0,1,0,6,5,9,1
13,15,2,1,1,3,3,0,1,2,1,1,1,0,2,1,0,6,6,5,1
8,18,0,0,1,0,3,0,0,0,1,1,1,7,0,1,0,6,2,11,1
9,18,4,0,1,0,3,2,0,11,1,1,1,0,0,1,0,4,3,7,0
10,18,4,0,1,0,3,3,0,5,1,1,1,0,0,2,0,8,4,12,1
10,17,4,0,0,0,3,1,0,0,1,1,0,0,0,1,2,6,0,8,0
3,15,4,0,0,0,3,0,0,2,1,1,0,7,0,0,5,0,0,4,1
3,18,4,0,1,0,3,1,0,0,1,1,1,0,0,1,0,6,1,11,1
10,21,0,0,1,4,3,0,1,1,1,1,1,5,0,1,0,6,3,13,0
1,18,4,1,1,0,3,1,0,16,1,1,1,0,0,2,5,2,0,3,0
9,15,0,0,1,4,3,0,1,1,1,1,1,5,0,1,0,6,7,12,1
4,15,4,1,0,0,3,0,0,16,1,1,0,7,0,0,5,0,0,5,1
12,20,4,0,1,0,3,1,0,0,1,1,1,0,2,1,0,8,3,14,0
8,15,4,0,1,4,3,0,1,4,1,1,1,2,0,1,0,6,6,6,1
10,20,0,0,1,0,0,3,0,0,1,1,1,7,0,5,3,9,11,12,0
1,15,4,1,1,0,3,0,0,2,1,1,1,0,0,1,0,2,6,3,1
13,20,4,0,1,0,3,3,0,0,1,1,1,0,2,1,0,8,11,14,0
9,20,0,1,1,0,3,3,0,0,1,1,1,0,0,3,0,6,7,12,1
3,17,4,1,1,0,3,1,0,2,1,1,1,0,0,1,0,4,3,4,0
4,18,4,1,1,0,3,0,0,0,1,1,1,0,0,1,0,6,7,9,0
13,20,0,0,1,0,3,1,0,1,1,1,1,0,2,1,0,7,7,14,0
2,18,4,1,1,0,3,1,0,2,1,1,1,8,0,2,0,6,3,11,1
0,14,4,0,1,4,3,3,1,11,1,1,1,8,0,1,0,6,1,6,1
4,11,4,0,1,4,3,0,1,9,1,1,1,0,0,1,2,3,0,0,1
11,20,4,1,1,3,3,0,1,2,1,1,1,5,2,0,5,0,0,0,1
4,18,4,1,1,2,3,3,0,2,1,1,1,7,0,1,0,4,6,6,1
2,18,4,1,1,0,3,0,0,16,1,1,1,0,0,1,5,2,0,3,0
10,0,4,0,1,0,3,0,0,2,1,1,1,1,0,0,5,0,0,6,1
9,21,4,1,1,0,3,0,0,12,1,1,1,5,0,1,5,6,0,8,1
14,8,1,1,0,3,1,1,1,0,1,0,1,0,2,4,5,0,0,2,0
0,18,4,0,1,2,3,1,0,2,1,1,1,8,0,1,1,1,0,2,1
10,21,0,0,1,0,3,1,0,0,1,1,1,0,0,1,0,9,11,14,1
13,15,0,1,1,0,3,0,0,1,1,1,1,7,2,1,0,3,4,3,1
5,18,4,0,1,0,3,1,0,2,1,1,1,0,0,6,0,6,10,10,1
11,15,4,1,1,0,3,1,0,2,1,1,1,0,2,1,0,5,0,6,1
4,18,4,0,0,0,3,0,0,2,1,1,1,0,0,1,0,4,6,4,1
15,15,4,0,1,0,3,3,0,2,1,1,1,0,2,1,0,4,2,4,1
13,0,4,0,1,0,3,0,0,0,1,1,1,0,2,6,1,3,0,11,1
13,19,4,0,1,0,3,1,0,0,1,1,1,0,2,7,0,9,5,14,1
5,18,4,0,1,0,3,1,0,2,1,1,1,0,0,1,0,6,3,9,1
2,19,4,0,1,0,3,0,0,2,1,1,1,0,0,1,0,4,8,6,1
2,20,4,1,1,0,3,3,0,2,1,1,1,5,0,4,0,1,1,3,1
2,18,4,1,1,0,3,0,0,2,1,1,1,0,0,1,0,3,3,4,0
7,19,0,0,1,0,1,1,0,0,1,1,1,0,0,5,0,6,6,10,1
6,20,4,0,1,0,3,3,0,0,1,1,1,0,0,1,0,6,3,12,1
6,18,0,0,1,0,3,0,0,16,1,1,1,5,0,0,5,0,0,0,1
9,0,4,0,1,0,3,0,0,2,1,1,1,7,0,6,0,6,3,11,1
4,20,4,1,1,0,3,3,0,11,1,1,1,0,0,1,5,1,0,1,0
2,14,0,0,1,0,3,2,0,8,1,1,1,0,0,1,0,2,1,3,1
8,20,4,0,1,0,3,3,0,0,1,1,1,5,0,1,0,6,6,8,0
13,11,4,0,0,0,3,1,0,15,0,1,1,0,2,0,5,0,0,0,0
9,18,0,1,1,4,3,0,1,0,1,1,1,7,0,1,0,5,8,6,1
6,15,4,0,1,0,3,1,0,0,1,1,1,0,0,1,1,6,0,6,1
10,20,4,0,1,0,3,3,0,10,1,1,1,0,0,7,0,9,11,13,1
11,13,4,1,1,0,3,0,0,0,1,1,1,0,2,1,2,4,0,6,1
0,10,4,0,0,2,3,3,0,2,0,1,0,7,0,1,0,1,8,1,1
15,20,0,1,1,0,3,0,0,0,1,1,1,0,2,1,0,6,4,14,1
8,15,4,0,0,0,3,0,0,0,1,1,0,0,0,1,0,6,2,8,1
13,19,0,0,1,3,3,0,1,0,1,1,1,5,2,1,0,6,3,11,1
8,23,3,0,1,0,2,3,0,5,1,1,1,0,2,1,0,1,9,6,1
0,18,4,0,1,0,3,2,0,16,1,1,1,0,0,3,5,4,0,1,1
13,20,0,1,1,0,3,0,0,1,1,1,1,5,2,1,0,6,6,11,1
15,19,4,0,1,0,3,0,0,2,1,1,1,0,2,2,0,6,11,14,1
0,18,4,1,1,0,3,3,0,11,1,1,1,0,0,1,0,1,4,4,1
12,20,4,1,1,0,3,3,0,9,1,1,1,2,0,6,0,5,5,4,1
14,20,0,0,1,0,3,3,0,0,1,1,1,5,2,1,0,4,5,13,1
8,11,3,0,1,0,3,0,0,4,1,1,1,0,0,6,0,1,8,2,1
0,8,4,0,1,4,3,0,1,16,1,1,1,1,0,1,1,1,0,1,0
8,20,4,1,1,0,3,0,0,2,1,1,1,7,0,1,2,0,0,0,1
8,18,4,1,0,0,3,0,0,16,1,1,0,0,0,0,5,0,0,0,0
9,15,4,0,1,0,0,2,0,6,1,1,1,5,0,5,3,6,9,14,1
5,17,4,0,0,0,3,0,0,0,1,1,0,0,0,1,5,2,0,4,1
15,20,0,1,1,0,3,0,0,0,1,1,1,0,2,3,0,6,3,12,1
0,15,4,1,1,0,3,0,0,16,1,1,1,1,0,1,0,8,3,6,0
14,19,0,0,1,0,3,1,0,1,1,1,1,8,2,1,5,0,0,0,1
13,21,0,1,1,0,3,1,0,1,1,1,1,8,2,8,5,6,0,14,1
11,15,0,1,1,3,3,0,1,1,1,1,1,5,2,1,0,6,7,12,1
15,20,0,1,1,0,3,1,0,1,1,1,1,0,2,6,5,2,0,3,0
2,18,4,1,1,4,3,0,1,4,1,1,1,5,0,1,0,1,6,4,0
3,17,0,1,1,0,3,0,0,0,1,1,1,0,0,1,0,2,2,5,0
11,8,4,0,1,4,3,0,1,11,1,1,1,0,2,0,5,0,0,0,1
10,18,4,0,1,0,3,1,0,2,1,1,1,7,0,1,0,8,2,12,1
5,17,4,1,1,0,3,0,0,2,1,1,1,8,0,1,5,0,0,0,0
13,14,0,1,1,0,3,0,0,0,1,1,1,0,2,3,0,2,7,5,1
15,14,0,1,0,4,3,0,1,0,1,1,0,0,2,0,5,0,0,5,0
11,20,4,1,1,0,3,0,0,2,1,1,1,0,2,1,0,6,11,13,1
3,15,4,1,1,0,3,0,0,2,1,1,1,0,0,1,0,6,6,3,1
4,20,4,0,0,0,3,1,0,0,1,1,1,0,0,5,0,9,6,2,1
13,21,0,1,1,4,3,0,1,1,1,1,1,5,2,1,0,5,3,14,0
1,18,4,1,1,0,3,3,0,2,1,1,1,7,0,1,0,4,6,8,1
2,19,4,1,1,0,3,0,0,2,1,1,1,0,0,0,5,0,0,4,1
3,18,4,0,1,0,3,3,0,2,1,1,1,1,0,6,0,2,2,6,1
3,18,4,0,1,0,3,3,0,11,1,1,1,0,0,3,0,4,2,5,0
11,20,4,1,1,0,3,3,0,0,1,1,1,0,2,2,0,8,2,9,0
4,15,0,0,1,4,3,0,1,2,1,1,1,0,0,1,0,6,11,7,1
5,18,4,0,1,0,3,1,0,7,1,1,1,0,0,1,0,6,2,4,1
10,20,4,1,1,0,3,0,0,11,1,1,1,5,0,1,0,6,4,10,0
12,20,0,0,1,0,3,1,0,0,1,1,1,1,2,1,0,8,2,14,0
8,20,4,0,1,0,3,0,0,2,1,1,1,0,0,3,0,1,3,3,1
0,18,4,0,1,4,3,3,1,11,1,1,1,0,0,0,5,0,0,0,0
8,16,4,0,1,0,3,3,0,3,1,1,1,0,0,1,0,6,1,10,1
12,14,0,1,1,4,3,0,1,9,1,1,1,0,2,0,5,0,0,0,1
15,22,0,1,0,0,3,0,0,1,1,0,1,5,2,1,0,6,9,14,1
11,15,4,0,1,0,3,0,0,0,1,1,1,1,2,3,0,6,2,10,1
12,17,0,0,1,0,3,3,0,8,1,1,1,0,2,1,0,2,4,5,1
13,21,4,1,1,4,3,0,1,12,1,1,1,5,2,2,0,6,2,13,0
4,18,4,1,1,0,3,0,0,2,1,1,1,7,0,1,0,3,2,5,1
9,19,4,0,1,0,3,0,0,15,1,1,1,0,0,1,5,0,0,0,1
11,20,0,1,1,4,3,0,1,1,1,1,1,0,2,6,0,6,0,9,1
3,7,4,1,0,0,2,0,0,11,1,1,0,2,0,5,2,2,3,5,1
6,20,4,0,1,4,3,0,1,0,1,1,1,5,0,1,0,9,0,14,0
12,20,0,1,1,0,3,1,0,0,1,1,1,0,2,2,0,7,2,12,0
6,18,4,0,1,0,3,3,0,0,1,1,1,7,0,4,0,4,4,3,1
7,21,4,1,1,0,3,0,0,5,1,1,1,5,0,2,0,6,4,8,0
9,19,4,0,1,0,0,1,0,12,1,1,1,0,0,5,3,8,9,12,0
7,20,4,0,1,3,3,0,1,2,1,1,1,5,0,2,0,6,2,13,1
8,18,0,0,1,0,1,1,0,11,1,1,1,0,2,3,0,9,11,6,0
9,23,4,0,1,4,3,0,1,5,1,1,1,5,0,1,0,6,6,14,1
0,12,4,0,1,0,3,0,0,7,1,1,1,0,0,1,0,1,3,1,1
13,21,0,1,1,3,3,0,1,1,1,1,1,5,2,1,0,8,2,14,1
6,17,4,1,1,0,3,0,0,2,1,1,1,0,0,1,0,6,5,9,1
12,21,4,0,1,0,3,1,0,0,1,1,1,0,2,1,0,7,4,14,1
5,20,4,0,1,0,3,2,0,2,1,1,1,0,0,1,0,6,3,2,1
13,18,0,0,1,4,3,1,1,1,1,1,1,0,2,0,5,0,0,0,1
13,20,4,0,1,0,3,1,0,0,1,1,1,0,2,7,0,9,0,14,0
4,18,4,1,1,0,3,3,0,0,1,1,1,0,0,0,5,0,0,0,0
14,7,4,0,0,0,1,0,0,2,1,0,1,0,2,7,0,5,11,14,1
2,18,0,1,0,0,3,0,0,2,1,1,1,0,2,1,0,6,11,6,1
6,19,4,0,1,0,3,1,0,12,1,1,1,0,0,1,0,6,3,10,0
13,16,0,1,1,0,3,0,0,1,1,1,1,7,2,1,0,5,6,3,1
14,15,0,1,1,0,3,3,0,1,1,1,1,0,2,1,0,6,8,6,1
10,18,4,1,1,0,1,1,0,16,1,1,1,0,0,5,3,3,10,5,0
0,18,4,1,1,0,3,0,0,2,1,1,1,5,0,1,2,1,0,3,0
8,18,4,0,1,0,3,3,0,2,1,1,1,5,0,2,0,6,11,8,1
10,16,0,1,1,0,3,3,0,1,1,1,1,7,0,1,0,6,10,10,0
5,20,0,1,1,0,3,1,0,2,1,1,1,0,0,0,5,0,0,0,1
11,21,0,1,1,0,3,0,0,8,1,1,1,0,2,3,0,2,1,8,1
4,18,4,1,1,0,3,0,0,2,1,1,1,1,0,1,5,3,0,3,1
13,15,0,0,1,0,3,0,0,0,1,1,1,0,2,1,0,6,6,10,1
11,15,0,0,1,0,0,0,0,16,1,1,1,0,2,5,3,9,1,11,0
14,20,0,1,1,4,3,0,1,1,1,1,1,5,2,1,0,6,11,14,1
9,20,4,1,1,0,3,0,0,4,1,1,1,5,0,1,0,4,3,7,1
12,18,0,0,1,0,3,3,0,1,1,1,1,7,2,1,5,0,0,0,0
1,18,4,1,1,0,3,0,0,11,1,1,1,0,0,2,5,3,0,5,1
11,20,4,0,1,0,3,3,0,0,1,1,1,8,2,3,2,6,0,8,1
9,15,4,1,1,0,3,0,0,2,1,1,1,0,0,0,5,0,0,0,1
15,15,0,1,1,0,3,0,0,1,1,1,1,0,2,6,0,6,2,10,1
3,18,4,0,1,0,1,3,0,14,1,1,1,0,2,1,0,6,10,9,1
0,15,4,0,1,0,3,0,0,16,1,1,1,8,0,1,0,9,1,6,0
12,20,0,0,1,0,3,1,0,1,1,1,1,0,2,1,0,7,2,11,1
4,15,4,0,0,0,3,0,0,9,1,0,1,5,0,0,5,0,0,1,1
13,18,4,1,1,0,3,1,0,0,1,1,1,5,2,2,0,1,3,11,1
6,15,4,0,1,0,1,0,0,14,1,1,1,0,0,5,0,6,8,2,1
3,14,4,0,1,0,3,3,0,11,1,1,1,7,0,1,5,5,0,3,1
10,20,4,0,1,4,3,3,1,11,1,1,1,5,0,1,0,6,10,12,1
10,17,4,1,0,0,3,0,0,7,1,0,0,0,0,1,0,3,7,4,1
13,20,0,1,1,4,3,3,1,1,1,1,1,0,2,1,0,6,0,11,0
4,18,0,0,1,0,3,0,0,0,1,1,1,1,0,1,0,6,2,7,1
14,20,4,0,0,0,3,1,0,0,1,1,0,0,2,1,0,3,0,9,1
6,18,4,1,1,0,3,0,0,2,1,1,1,0,0,7,0,4,6,9,1
11,19,0,1,1,0,3,0,0,0,1,1,1,0,2,3,0,8,4,12,1
2,15,4,0,0,0,3,1,0,16,1,1,0,0,0,1,0,9,1,3,0
1,15,4,1,1,0,3,0,0,16,1,1,1,1,0,3,5,1,0,2,1
15,20,4,0,1,0,3,1,0,0,1,1,1,0,2,3,0,5,0,13,1
5,18,4,0,1,0,3,0,0,2,1,1,1,0,0,1,0,4,2,5,1
1,17,4,1,1,4,3,0,1,16,1,1,1,0,0,1,0,6,3,5,0
15,20,0,1,1,3,3,0,1,0,1,1,1,5,2,6,2,6,0,10,1
14,23,0,1,1,4,3,0,1,1,1,1,1,5,2,0,5,0,0,4,1
9,18,4,1,1,0,3,0,0,0,1,1,1,7,0,3,5,0,0,0,0
1,15,4,0,1,0,3,0,0,12,1,1,1,5,0,1,2,2,0,3,0
7,15,4,0,1,0,0,1,0,16,1,1,1,0,0,5,3,8,2,7,0
3,15,4,1,1,0,3,3,0,16,1,1,1,0,0,1,0,4,1,5,0
0,17,4,0,1,0,3,0,0,2,1,1,1,0,0,1,0,6,2,6,0
9,1,4,0,1,0,0,3,0,11,0,1,1,5,0,8,3,6,3,11,0
6,20,4,1,1,4,3,0,1,2,1,1,1,5,0,1,0,6,8,11,1
9,18,4,1,1,0,3,0,0,11,1,1,1,7,0,1,5,0,0,0,0
15,18,0,0,1,0,3,0,0,0,1,1,1,0,2,6,0,6,3,10,1
12,16,0,1,1,0,3,0,0,2,1,1,1,7,2,0,5,0,0,0,1
5,17,4,0,1,0,3,1,0,0,1,1,1,0,0,0,5,0,0,0,0
0,15,4,1,1,0,3,0,0,11,1,1,1,0,0,1,0,1,6,5,1
7,20,4,1,1,0,3,0,0,11,1,1,1,0,0,1,0,6,8,14,1
6,15,4,0,1,0,3,0,0,0,1,1,1,0,0,1,0,6,6,12,0
11,20,4,1,1,3,3,0,1,0,1,1,1,0,2,1,0,7,6,13,1
6,20,4,1,1,0,3,0,0,2,1,1,1,5,0,1,0,4,2,13,1
15,15,4,0,1,0,3,3,0,11,1,1,1,7,2,0,5,0,0,5,1
11,19,0,1,1,4,3,0,1,0,1,1,1,5,2,1,0,6,11,6,1
13,15,0,0,1,0,3,0,0,15,1,1,1,1,2,0,5,0,0,0,0
3,18,4,1,1,0,3,0,0,2,1,1,1,5,0,1,0,4,1,4,1
10,17,4,0,1,0,3,0,0,15,1,1,1,1,0,1,2,6,0,9,0
5,18,4,1,1,0,3,3,0,9,1,1,1,1,0,1,0,6,8,8,0
6,15,4,1,1,0,3,0,0,2,1,1,1,0,0,2,0,2,3,8,1
9,18,0,0,1,0,3,0,0,0,1,1,1,7,0,1,0,8,6,9,1
10,21,0,0,1,0,3,1,0,1,1,1,1,0,0,2,0,7,11,13,0
1,15,4,0,1,3,3,0,1,2,1,1,1,7,0,1,0,6,4,10,1
2,19,4,1,1,0,3,0,0,16,1,1,1,0,0,1,0,2,2,4,1
5,15,4,0,1,4,3,0,1,12,1,1,1,0,0,1,0,6,3,6,1
11,11,4,0,1,0,3,0,0,11,1,1,1,0,2,3,0,6,10,0,1
5,20,4,0,1,0,3,0,0,2,1,1,1,5,0,1,2,2,0,2,1
8,23,3,0,1,0,3,0,0,0,1,1,1,0,0,1,0,6,8,14,1
0,18,4,1,1,0,3,0,0,16,1,1,1,7,0,0,5,0,0,0,0
14,21,0,0,1,0,3,0,0,1,1,1,1,0,2,1,0,6,8,14,1
2,18,4,0,1,0,3,1,0,2,1,1,1,7,0,1,0,6,6,3,1
11,18,4,0,1,0,3,1,0,12,1,1,1,0,2,2,0,7,11,14,0
12,20,0,1,1,4,3,0,1,0,1,1,1,1,2,0,5,0,0,0,1
6,17,0,1,1,0,3,0,0,2,1,1,1,0,0,1,2,2,0,3,1
1,18,4,1,1,4,3,0,1,16,1,1,1,7,0,1,5,6,0,4,0
7,19,4,0,1,0,3,1,0,0,1,1,1,5,0,1,0,6,2,10,1
1,15,4,0,0,0,3,0,0,16,1,1,0,0,0,1,5,6,0,4,0
1,18,4,1,1,0,3,3,0,2,1,1,1,0,0,0,5,0,0,0,1
9,18,4,0,1,0,3,3,0,2,1,1,1,0,0,6,0,6,6,8,1
10,20,4,0,1,0,3,1,0,0,1,1,1,0,0,4,0,6,6,12,0
9,20,0,0,1,0,3,1,0,0,1,1,1,0,0,1,0,7,1,13,0
14,15,0,0,1,4,3,0,1,1,1,1,1,7,2,1,0,6,8,11,1
1,18,4,1,1,3,3,3,1,2,1,1,1,5,0,1,0,1,3,6,1
8,20,4,1,1,0,3,0,0,11,1,1,1,5,0,1,0,6,4,5,0
0,15,4,1,1,0,3,0,0,2,1,1,1,7,0,0,5,0,0,0,1
14,15,4,0,1,4,3,0,1,2,1,1,1,5,2,1,0,5,10,2,1
7,18,0,0,1,0,3,3,0,0,1,1,1,7,0,1,2,4,0,5,1
6,20,4,0,1,0,3,0,0,11,1,1,1,5,0,1,0,3,3,14,1
1,18,4,1,0,0,3,1,0,16,1,1,0,0,0,1,5,5,0,6,0
12,15,0,0,1,0,3,3,0,8,1,1,1,7,2,1,0,2,4,8,1
4,18,4,1,1,0,3,0,0,2,1,1,1,0,0,1,0,6,7,9,1
14,17,2,1,1,0,2,0,0,2,1,1,1,0,2,4,0,2,4,5,1
6,20,0,0,1,0,3,0,0,2,1,1,1,0,0,1,0,5,0,8,1
1,15,4,0,1,0,3,0,0,2,1,1,1,7,0,1,5,4,0,3,1
2,18,4,1,1,0,3,1,0,2,1,1,1,8,0,1,0,3,2,5,1
0,18,4,1,1,0,3,1,0,16,1,1,1,0,0,1,5,1,0,3,1
5,20,4,1,1,0,3,0,0,2,1,1,1,7,0,2,5,3,0,0,1
6,20,4,0,1,0,3,0,0,2,1,1,1,1,0,1,0,6,8,10,1
8,6,0,0,1,0,3,0,0,0,1,1,1,8,0,1,0,7,8,9,0
7,20,4,0,1,0,3,0,0,11,1,1,1,0,0,3,0,9,4,12,0
6,16,4,0,1,0,3,0,0,3,1,1,1,0,0,1,0,9,1,13,1
5,20,4,1,1,0,3,0,0,2,1,1,1,0,0,3,0,2,1,6,1
3,20,4,0,1,0,3,0,0,2,1,1,1,5,0,1,0,2,9,2,1
4,13,4,0,1,0,3,0,0,15,1,1,1,7,0,0,5,0,0,0,1
3,20,4,1,1,0,3,0,0,2,1,1,1,5,0,1,5,2,0,4,0
8,19,0,1,1,0,3,1,0,8,1,1,1,0,0,1,0,3,5,8,0
7,19,0,1,1,0,3,0,0,0,1,1,1,0,0,2,0,8,3,12,0
2,18,4,0,1,0,0,1,0,16,1,1,1,0,0,5,3,8,3,9,0
11,15,4,0,1,0,3,0,0,2,1,1,1,7,2,0,5,0,0,0,1
4,18,2,0,1,0,0,0,0,11,1,1,1,1,1,5,3,9,3,6,1
7,17,4,1,1,0,3,0,0,0,1,1,1,0,0,2,0,6,1,11,0
2,18,4,1,1,0,3,0,0,16,1,1,1,5,0,0,5,0,0,0,1
0,19,4,0,1,0,3,1,0,7,1,1,1,8,0,1,0,1,3,2,1
11,20,4,0,1,3,3,0,1,0,1,1,1,0,2,1,0,9,3,14,1
5,17,4,0,1,0,3,0,0,12,1,1,1,0,0,1,2,6,0,4,0
0,15,0,1,1,3,3,2,1,8,1,1,1,5,0,1,5,1,0,1,1
10,20,0,1,1,0,3,3,0,1,1,1,1,0,0,1,0,6,4,10,0
10,12,4,0,1,4,3,0,1,0,1,1,1,8,0,1,1,6,0,12,1
0,15,4,0,1,0,3,3,0,11,1,1,1,0,0,0,5,0,0,0,1
1,17,4,1,1,0,3,1,0,2,1,1,1,8,0,1,0,3,6,4,1
0,15,4,0,1,4,3,0,1,6,1,1,1,5,0,2,0,6,2,6,1
7,10,4,0,1,4,3,3,1,14,1,1,1,0,0,0,5,0,0,0,0
9,20,0,0,1,0,3,0,0,1,1,1,1,0,0,1,1,2,0,5,1
11,16,0,1,1,0,3,3,0,0,1,1,1,7,2,1,5,6,0,2,1
5,15,4,0,1,0,3,1,0,10,1,1,1,0,0,1,0,9,11,3,1
14,14,0,1,0,0,3,0,0,0,1,1,0,0,2,0,5,0,0,0,1
11,14,0,1,1,0,3,0,0,0,1,1,1,7,2,1,0,8,8,8,1
4,18,4,1,1,0,3,0,0,2,1,1,1,7,0,1,0,4,4,6,1
9,15,0,0,1,3,3,3,1,1,1,1,1,0,0,1,0,6,1,8,0
3,18,4,0,1,0,3,0,0,2,1,1,1,7,0,1,0,6,6,8,1
13,20,0,1,1,0,3,1,0,0,1,1,1,0,2,3,0,6,8,13,0
15,19,4,1,1,0,3,1,0,12,1,1,1,0,2,4,0,8,4,11,1
4,20,4,0,1,0,3,0,0,2,1,1,1,0,0,1,0,2,6,4,1
1,15,4,1,1,0,3,2,0,2,1,1,1,3,0,2,0,7,3,2,1
14,21,4,1,1,0,3,1,0,0,1,1,1,5,2,5,0,6,4,13,1
15,17,0,0,1,4,3,3,1,1,1,1,1,0,2,6,0,6,8,8,0
14,18,0,0,1,0,1,1,0,0,1,1,1,8,2,1,0,8,8,10,1
7,10,0,1,1,4,3,0,1,0,1,1,1,7,0,4,0,1,8,1,1
2,22,4,0,1,0,3,3,0,11,1,1,1,0,0,1,0,9,2,12,0
6,18,4,0,1,0,3,1,0,5,1,1,1,0,0,1,0,1,3,2,1
1,18,4,0,1,0,3,3,0,2,1,1,1,0,0,1,0,3,2,2,1
14,20,4,0,1,0,3,1,0,0,1,1,1,0,2,1,0,5,3,13,1
2,15,4,0,0,0,3,3,0,2,1,1,1,0,0,0,5,0,0,0,1
9,15,0,1,1,0,3,1,0,0,1,1,1,8,0,1,0,6,1,6,1
14,16,3,1,1,4,3,0,1,0,1,1,1,4,2,9,0,5,4,13,1
12,15,2,1,1,4,3,0,1,0,1,1,1,7,2,1,0,9,6,5,1
5,0,4,1,0,0,3,2,0,7,1,0,0,3,0,6,0,6,3,9,1
12,17,2,1,1,4,3,0,1,0,1,1,1,0,2,1,0,9,6,7,0
3,15,4,1,1,0,3,0,0,12,1,1,1,0,0,1,0,1,1,2,1
8,18,4,0,1,0,3,0,0,5,1,1,1,7,0,1,0,6,2,6,1
14,15,0,0,1,0,3,0,0,1,1,1,1,0,2,1,0,5,0,6,1
4,15,4,0,1,4,3,0,1,0,1,1,1,7,0,1,0,6,1,6,1
15,18,2,1,1,0,3,0,0,0,1,1,1,0,2,3,0,9,0,9,1
8,17,4,1,1,0,3,0,0,2,1,1,1,0,0,1,2,4,0,5,1
11,18,4,0,1,0,3,0,0,0,1,1,1,7,2,1,0,6,4,11,1
5,17,4,0,0,0,3,1,0,2,0,0,1,0,0,4,0,0,5,11,1
11,20,4,0,1,4,3,0,1,0,1,1,1,5,2,1,0,8,0,11,0
10,18,0,1,1,4,3,0,1,0,1,1,1,7,0,0,5,0,0,0,0
15,18,4,0,1,3,3,0,1,2,1,1,1,5,2,0,5,0,0,0,1
12,20,0,1,1,3,3,3,1,1,1,1,1,5,2,2,5,0,0,0,0
5,19,4,1,1,0,3,0,0,2,1,1,1,0,0,1,0,2,5,3,1
15,11,0,0,1,4,3,0,1,0,1,1,1,7,2,1,0,9,3,12,1
9,20,4,0,1,0,3,0,0,0,1,1,1,0,0,1,0,6,4,12,0
14,15,0,1,1,0,3,0,0,1,1,1,1,0,2,1,0,6,4,11,1
0,15,4,0,1,0,3,1,0,7,1,1,1,0,0,0,5,0,0,0,1
3,13,4,0,1,0,3,0,0,15,1,1,1,0,0,1,5,0,0,0,0
11,20,0,1,1,0,3,0,0,1,1,1,1,5,2,1,1,6,0,12,1
10,17,4,1,1,0,3,1,0,2,1,1,1,0,0,3,0,3,8,8,1
5,20,4,1,1,0,3,3,0,12,1,1,1,0,0,1,0,2,2,4,0
5,18,4,1,1,0,3,0,0,0,1,1,1,0,0,3,0,5,6,6,0
13,0,4,0,1,0,3,0,0,2,1,1,1,0,2,1,0,8,4,9,1
8,20,0,0,1,0,2,0,0,2,1,1,1,0,0,1,0,6,3,7,1
6,19,4,0,1,0,2,0,0,2,1,1,1,7,0,6,0,1,6,5,1
14,15,0,0,1,0,3,1,0,0,1,1,1,7,2,1,0,6,3,9,1
2,18,4,1,1,3,3,0,1,0,1,1,1,0,0,1,0,6,4,9,1
9,17,4,1,1,0,3,0,0,0,1,1,1,0,0,1,0,7,8,10,1
10,19,4,1,1,0,3,0,0,12,1,1,1,5,0,1,0,6,4,10,0
14,18,4,0,1,0,3,0,0,0,1,1,1,8,2,1,0,8,1,12,1
3,15,4,1,1,0,3,0,0,2,1,1,1,6,0,1,0,5,10,3,1
7,18,4,1,1,0,3,0,0,0,1,1,1,5,0,1,5,0,0,0,0
9,20,4,0,1,0,3,0,0,0,1,1,1,0,0,0,5,0,0,0,0
4,12,4,0,1,2,3,3,0,2,1,1,1,1,0,1,1,0,0,1,1
7,15,4,1,1,3,3,0,1,0,1,1,1,0,0,2,0,6,4,10,0
10,18,4,0,1,0,3,1,0,0,1,1,1,0,0,1,0,6,11,8,0
0,18,4,1,1,4,3,0,1,5,1,1,1,7,0,0,5,0,0,0,1
14,20,4,0,1,0,3,0,0,0,1,1,1,7,2,1,0,6,6,12,1
4,18,4,1,1,0,3,3,0,2,1,1,1,7,0,0,5,0,0,0,1
14,20,0,0,1,0,3,0,0,1,1,1,1,5,2,3,0,8,10,14,1
6,19,4,0,1,0,3,0,0,12,1,1,1,1,0,1,0,3,6,6,0
12,20,0,0,1,0,3,0,0,0,1,1,1,7,2,1,0,6,6,14,1
10,5,4,0,1,3,3,0,1,2,1,1,1,0,0,1,0,6,5,14,1
6,20,4,1,1,0,3,0,0,2,1,1,1,5,0,1,0,1,10,1,1
1,18,4,0,1,0,3,0,0,2,1,1,1,0,0,2,0,3,4,2,1
1,18,4,1,1,4,3,3,1,11,1,1,1,5,0,1,5,0,0,0,0
4,17,4,1,1,0,3,0,0,16,1,1,1,0,0,1,5,0,0,8,1
9,9,0,0,1,2,0,1,1,12,1,1,1,1,2,5,3,1,1,6,0
14,18,0,0,1,0,3,0,0,1,1,1,1,1,2,1,5,0,0,4,1
9,19,0,0,1,0,3,0,0,0,1,1,1,0,0,1,0,8,4,11,1
5,20,4,0,1,0,3,0,0,2,1,1,1,0,0,1,2,0,0,0,1
9,15,4,0,1,4,3,0,1,0,1,1,1,7,0,1,0,7,11,9,0
2,18,4,1,1,4,3,0,1,11,1,1,1,5,0,1,2,2,0,5,1
15,20,0,1,1,4,3,0,1,1,1,1,1,5,2,1,0,6,4,7,1
7,13,4,0,1,0,3,1,0,7,1,1,1,0,0,0,5,0,0,6,0
13,15,4,0,1,0,3,3,0,0,1,1,1,0,2,1,0,9,5,12,0
10,21,4,0,1,0,3,0,0,0,1,1,1,1,0,6,0,6,3,14,1
3,15,0,1,1,4,3,0,1,9,1,1,1,0,0,0,5,0,0,0,0
4,16,4,0,1,0,0,3,0,16,1,1,1,4,0,8,3,5,0,0,1
6,18,4,1,0,0,3,0,0,2,1,0,1,0,0,2,0,1,0,1,1
14,19,0,0,1,4,3,1,1,0,1,1,1,0,2,1,0,9,11,11,1
15,18,0,0,1,0,3,1,0,1,1,1,1,0,2,2,0,4,2,2,1
5,14,0,1,1,0,3,0,0,7,1,1,1,8,0,1,0,6,2,6,0
7,3,0,1,0,3,3,3,1,3,1,0,1,7,0,6,5,6,0,1,1
0,18,4,1,1,0,3,1,0,16,1,1,1,0,0,1,5,2,0,4,0
1,18,4,1,1,0,3,0,0,2,1,1,1,0,0,2,0,4,4,3,0
10,20,4,0,1,3,3,0,1,2,1,1,1,5,0,1,0,8,11,12,1
15,20,4,1,1,0,3,0,0,10,1,1,1,0,2,1,0,9,1,6,1
8,20,4,1,1,0,3,0,0,0,1,1,1,0,0,1,0,6,4,12,1
10,17,4,0,1,0,3,0,0,0,1,1,1,0,0,1,0,9,3,12,1
6,18,4,1,0,0,3,0,0,2,1,1,1,7,0,1,0,2,6,4,1
3,17,4,1,1,4,3,0,1,9,1,1,1,5,0,0,5,0,0,0,1
10,20,2,1,1,0,3,1,0,0,1,1,1,0,0,3,0,6,8,11,0
9,20,4,0,1,0,3,0,0,2,1,1,1,0,0,3,0,6,10,11,1
6,18,4,0,1,0,1,1,0,2,1,1,1,0,0,8,5,0,0,0,1
6,20,0,1,1,0,3,1,0,1,1,1,1,5,0,2,0,1,3,12,0
13,15,4,1,1,0,3,0,0,2,1,1,1,0,2,2,0,6,4,10,1
9,21,0,1,1,0,3,0,0,0,1,1,1,1,0,3,0,6,3,9,0
3,17,4,0,1,0,3,0,0,2,1,1,1,0,0,1,0,1,3,4,1
8,21,4,0,1,0,3,0,0,0,1,1,1,0,0,1,0,7,3,13,0
5,18,4,0,1,0,3,0,0,15,1,1,1,0,0,1,5,6,0,2,1
6,14,4,0,1,4,3,0,1,14,1,1,1,5,0,0,5,0,0,7,1
7,15,4,0,1,3,3,0,0,11,1,1,1,7,0,1,0,6,2,11,0
12,19,0,1,1,0,3,0,0,0,1,1,1,0,2,2,0,1,2,7,1
3,15,4,1,1,0,3,3,0,11,1,1,1,7,0,0,5,0,0,0,0
15,19,4,0,1,0,3,0,0,0,1,1,1,5,2,1,0,6,9,4,1
2,18,4,0,1,0,3,0,0,11,1,1,1,0,0,1,2,2,0,2,0
15,19,2,0,1,0,3,1,0,0,1,1,1,0,2,3,0,9,6,12,1
10,21,0,1,1,3,3,1,1,0,1,1,1,5,0,1,5,6,0,14,1
9,13,0,0,1,2,3,0,1,0,1,1,1,0,0,6,0,2,3,12,1
1,17,4,1,1,0,3,3,0,2,1,1,1,0,0,2,0,6,8,12,1
5,17,4,1,1,0,3,0,0,2,1,1,1,0,0,1,0,6,2,6,0
1,18,4,0,1,0,3,0,0,2,1,1,1,7,0,0,5,0,0,0,1
13,15,4,1,1,0,3,0,0,5,1,1,1,7,2,0,5,0,0,5,1
9,20,4,0,1,0,3,1,0,0,1,1,1,8,0,4,0,8,10,12,1
12,20,0,1,1,0,3,1,0,0,1,1,1,0,2,1,0,7,10,11,1
14,15,0,1,1,0,3,0,0,0,1,1,1,0,2,0,5,0,0,0,1
4,18,4,0,0,3,3,0,1,2,1,1,1,5,0,0,5,0,0,0,1
0,14,4,0,1,4,3,0,1,2,1,1,1,7,0,1,0,6,1,5,0
6,18,4,1,1,0,3,1,0,2,1,1,1,0,0,2,0,3,0,3,1
4,17,4,1,1,0,3,0,0,0,1,1,1,1,0,1,1,4,0,4,0
5,18,4,1,1,0,3,0,0,2,1,1,1,7,0,1,0,5,2,3,1
14,15,2,0,1,0,3,3,0,12,1,1,1,0,2,1,0,9,6,12,1
0,18,4,1,1,0,3,0,0,2,1,1,1,0,0,0,5,0,0,0,1
9,18,4,1,1,0,3,3,0,11,1,1,1,7,0,2,5,0,0,0,1
1,14,4,0,0,4,3,0,1,9,1,1,0,2,0,0,5,0,0,0,1
4,18,4,1,1,0,3,0,0,0,1,1,1,0,0,1,0,6,2,10,0
12,17,0,1,1,0,3,0,0,2,1,1,1,0,2,1,0,6,4,10,1
7,18,4,1,1,0,3,0,0,0,1,1,1,7,0,1,2,0,0,0,0
7,16,4,0,1,4,3,0,1,5,1,1,1,0,0,1,0,5,6,6,1
1,17,4,0,1,0,3,1,0,2,1,1,1,0,0,4,0,2,4,4,1
3,22,4,1,1,3,3,0,1,5,1,1,1,0,0,1,0,8,9,13,1
13,15,4,0,1,0,3,0,0,15,1,1,1,1,2,0,5,0,0,0,1
1,18,4,0,1,0,3,0,0,2,1,1,1,7,0,0,5,0,0,0,1
9,18,4,1,1,0,3,3,0,4,1,1,1,0,0,1,5,0,0,5,1
1,14,4,1,1,0,3,0,0,2,1,1,1,0,0,1,0,2,3,5,1
14,15,0,1,1,0,3,0,0,0,1,1,1,0,2,0,5,0,0,0,1
3,18,4,0,1,4,3,0,1,2,1,1,1,5,0,1,0,1,4,2,1
3,18,4,1,1,0,3,3,0,2,1,1,1,0,0,0,5,0,0,0,0
12,20,4,0,1,0,3,3,0,14,1,1,1,7,2,7,0,6,8,9,1
5,17,4,1,1,0,3,0,0,2,1,1,1,7,0,6,0,4,8,2,1
0,17,4,0,1,0,3,0,0,2,1,1,1,0,0,1,2,0,0,0,1
0,18,4,0,1,0,3,0,0,2,1,1,1,0,0,1,0,3,8,6,1
8,15,4,0,1,0,3,0,0,11,1,1,1,7,0,1,0,6,11,5,0
11,21,4,1,1,0,3,0,0,0,1,1,1,0,2,1,2,6,0,8,1
5,15,4,1,1,4,3,0,1,2,1,1,1,7,0,1,0,5,8,6,1
10,21,4,1,1,0,3,0,0,0,1,1,1,7,0,1,0,5,4,13,1
3,15,4,0,1,0,3,0,0,0,1,1,1,0,0,1,0,6,3,8,1
5,18,4,1,1,3,3,3,1,2,1,1,1,0,0,2,0,2,6,3,1
8,20,4,0,1,0,3,1,0,0,1,1,1,0,0,1,0,6,6,12,0
15,20,4,1,1,0,3,3,0,0,1,1,1,5,2,2,0,6,6,13,1
7,15,4,1,1,0,3,0,0,2,1,1,1,7,0,1,0,6,5,6,1
0,18,4,1,1,0,3,0,0,0,1,1,1,5,0,2,0,1,2,4,1
9,21,4,0,1,0,3,1,0,1,1,1,1,0,0,8,5,6,0,14,0
4,21,4,1,1,0,3,0,0,11,1,1,1,5,0,1,0,6,6,13,1
5,20,4,1,1,0,3,3,0,4,1,1,1,0,0,3,2,0,0,0,1
9,20,0,1,1,2,3,1,0,1,1,1,1,8,0,1,0,7,6,12,0
1,15,4,0,1,0,3,0,0,2,1,1,1,0,0,1,0,7,5,12,1
9,20,4,0,1,0,0,3,0,0,1,1,1,0,0,5,3,8,4,12,1
10,21,4,0,1,0,3,1,0,2,1,1,1,0,0,1,0,9,4,11,1
15,21,4,1,1,0,3,1,0,4,0,1,1,0,2,1,0,5,8,9,1
4,20,4,1,1,0,3,0,0,2,1,1,1,0,0,1,0,6,7,7,1
13,7,0,1,1,0,1,0,0,2,1,1,1,7,2,1,0,4,8,7,1
11,8,0,0,1,4,3,0,1,11,1,1,1,0,2,1,0,3,4,5,1
10,18,4,1,1,0,3,3,0,0,1,1,1,1,0,1,0,4,6,8,1
9,1,0,1,1,4,3,0,1,1,1,1,1,7,0,3,0,6,2,13,1
13,21,0,1,1,0,3,3,0,0,1,1,1,0,2,1,0,9,6,14,1
10,15,4,0,1,0,3,1,0,2,1,1,1,0,0,1,0,6,4,11,1
10,20,4,0,1,0,3,1,0,0,1,1,1,0,0,1,0,7,5,14,1
12,21,0,1,1,3,3,1,1,0,1,1,1,0,2,1,0,6,3,13,1
9,16,1,0,1,0,0,1,0,0,1,1,1,0,0,5,3,9,9,9,1
9,18,4,1,1,0,3,3,0,0,1,1,1,1,0,1,0,6,8,6,1
2,18,4,0,1,0,3,0,0,2,1,1,1,0,0,1,0,6,6,4,1
10,18,4,1,1,0,3,3,0,0,1,1,1,1,0,1,2,1,0,3,1
0,17,4,1,1,0,3,0,0,2,1,1,1,7,0,1,0,2,2,4,1
11,17,4,1,1,0,3,0,0,0,1,1,1,7,2,0,5,0,0,0,0
12,19,0,0,1,0,3,1,0,0,1,1,1,0,2,2,0,9,8,14,1
1,18,4,1,1,0,3,0,0,12,1,1,1,2,0,1,0,7,6,13,1
3,13,4,0,0,0,3,3,0,2,1,1,0,0,0,0,5,0,0,0,1
2,14,4,1,1,3,3,0,1,3,1,1,1,0,0,1,0,2,1,5,1
0,15,4,0,1,4,3,0,1,11,1,1,1,0,0,1,0,8,3,6,0
8,21,4,0,1,3,3,3,1,0,1,1,1,5,0,3,0,6,8,13,1
12,19,2,0,1,0,3,0,0,0,1,1,1,0,2,3,0,9,0,6,0
6,15,0,1,1,0,3,0,0,0,1,1,1,5,0,0,5,0,0,0,1
6,20,4,1,1,0,3,0,0,12,1,1,1,7,0,1,0,6,6,10,0
5,15,4,0,1,0,3,3,0,2,1,1,1,7,0,1,0,3,5,6,1
3,20,0,1,1,0,3,0,0,8,1,1,1,0,0,4,0,2,2,5,1
2,18,4,1,1,0,3,0,0,2,1,1,1,7,0,1,5,2,0,3,1
14,22,0,1,1,3,3,0,1,1,1,1,1,0,2,7,1,7,0,13,1
12,11,0,1,0,4,3,0,1,1,1,1,1,0,2,0,5,0,0,0,1
13,15,0,1,1,0,3,0,0,0,1,1,1,0,2,1,1,2,0,6,1
14,19,4,1,1,0,3,1,0,0,1,1,1,0,2,2,0,6,0,6,1
14,15,0,0,1,0,1,0,0,1,1,1,1,0,2,1,0,6,8,7,0
2,18,4,0,1,0,3,3,0,2,1,1,1,1,0,1,0,1,4,3,0
4,15,4,1,1,2,3,3,0,2,1,1,1,0,0,9,2,0,0,0,1
8,18,4,1,1,0,3,3,0,11,1,1,1,0,0,1,0,8,2,7,1
10,19,4,0,1,0,3,0,0,2,1,1,1,0,0,2,0,6,11,6,1
1,18,4,0,1,0,3,1,0,7,1,1,1,0,0,1,5,0,0,0,1
3,19,4,0,1,0,3,1,0,12,1,1,1,0,0,1,0,4,3,6,0
6,15,4,1,1,0,3,0,0,2,1,1,1,0,0,1,0,6,5,12,1
13,21,4,1,1,0,3,0,0,12,1,1,1,0,2,1,0,9,10,12,1
2,18,4,0,1,4,3,0,1,9,1,1,1,5,0,0,5,0,0,0,1
13,18,4,0,1,0,3,0,0,2,1,1,1,5,2,1,0,1,0,1,1
14,20,0,0,1,0,3,1,0,0,1,1,1,0,2,1,0,6,2,14,1
12,18,4,0,1,0,3,0,0,15,1,1,1,7,2,1,5,0,0,0,0
15,20,4,1,1,3,3,3,1,9,1,1,1,5,2,1,0,8,11,12,1
5,20,4,0,1,0,3,1,0,15,1,1,1,8,0,4,5,0,0,0,0
5,19,4,1,1,1,3,0,1,12,1,1,1,1,0,1,0,5,10,6,1
5,15,4,1,1,0,3,0,0,2,1,1,1,0,0,1,0,6,8,8,1
14,8,4,0,1,4,3,0,1,2,1,1,1,7,2,1,0,6,4,6,1
1,18,4,1,1,0,3,3,0,16,1,1,1,8,0,3,0,6,4,5,1
15,15,4,0,1,0,3,1,0,0,1,1,1,0,2,2,0,6,8,11,1
0,15,4,0,1,0,3,0,0,2,1,1,1,0,0,1,0,3,4,2,1
13,20,4,1,1,0,3,0,0,12,1,1,1,5,2,1,0,8,11,14,1
10,14,4,0,0,0,3,0,0,2,1,1,0,0,0,1,1,3,0,1,1
8,15,2,0,1,0,3,0,0,7,1,1,1,1,0,1,0,9,11,9,0
7,15,4,0,1,2,3,3,0,2,1,1,1,0,0,1,5,0,0,0,0
12,21,0,0,1,0,3,0,0,0,1,1,1,0,2,1,0,8,1,11,1
8,15,4,0,0,0,3,0,0,7,1,0,1,0,0,1,0,8,11,7,1
13,15,0,0,1,0,3,0,0,1,1,1,1,0,2,1,0,7,10,10,1
13,8,4,0,1,4,3,0,1,11,1,1,1,0,2,1,0,6,4,3,0
6,15,0,1,1,0,3,0,0,0,1,1,1,7,0,1,5,2,0,2,1
8,17,4,0,1,0,3,3,0,5,1,1,1,0,0,1,0,6,2,8,0
13,0,4,0,1,0,3,0,0,15,1,1,1,7,2,0,5,0,0,1,1
14,19,0,1,1,0,3,1,0,0,1,1,1,0,2,1,0,6,5,12,1
11,21,4,0,1,0,3,1,0,0,1,1,1,0,2,1,0,6,8,13,0
11,8,0,0,1,4,3,3,1,0,1,1,1,0,2,0,5,0,0,5,0
6,15,4,1,1,4,3,0,1,11,1,1,1,0,0,0,5,0,0,0,1
5,15,4,0,1,0,3,3,0,11,1,1,1,7,0,1,2,6,0,6,0
15,20,0,1,1,4,3,0,1,1,1,1,1,0,2,1,5,0,0,0,1
12,13,4,0,1,0,3,0,0,15,1,1,1,7,2,1,5,0,0,0,1
3,21,0,1,1,0,3,0,0,1,1,1,1,5,0,1,0,6,2,12,0
5,20,4,0,1,0,3,0,0,0,1,1,1,5,0,1,0,9,11,14,0
0,18,4,1,0,0,3,0,0,2,1,1,0,0,0,0,5,0,0,0,1
13,18,0,1,1,0,3,0,0,0,1,1,1,0,2,1,0,9,3,13,1
8,19,0,0,1,0,3,0,0,0,1,1,1,0,0,1,0,6,6,14,1
2,18,4,1,1,3,3,0,1,2,1,1,1,5,0,1,5,1,0,2,1
11,18,4,1,1,0,3,1,0,0,1,1,1,0,2,3,5,1,0,2,1
15,20,0,1,1,3,3,0,1,0,1,1,1,0,2,1,0,6,6,6,1
6,17,4,0,1,0,3,3,0,11,1,1,1,7,0,1,0,8,2,10,1
7,15,0,1,1,0,3,3,0,0,1,1,1,0,0,1,0,7,8,12,1
3,18,4,1,1,0,3,1,0,2,1,1,1,0,0,1,1,4,0,6,1
5,20,4,1,1,0,3,3,0,2,1,1,1,7,0,1,2,0,0,0,1
0,15,4,0,1,0,2,0,0,3,1,1,1,0,0,1,0,4,2,5,1
5,15,4,0,1,0,3,3,0,2,1,1,1,0,0,0,5,0,0,0,1
9,20,0,1,1,3,3,0,1,0,1,1,1,5,0,3,0,1,2,6,1
2,20,4,0,1,3,3,0,1,11,1,1,1,8,0,4,0,8,10,12,0
0,15,4,1,1,0,3,0,0,2,1,1,1,0,0,0,5,0,0,0,1
1,18,4,1,1,0,3,0,0,2,1,1,1,1,0,0,5,0,0,0,1
6,20,4,0,1,4,3,0,1,2,1,1,1,0,0,1,0,4,4,6,1
7,20,0,0,1,0,3,3,0,1,1,1,1,0,0,1,1,6,0,12,1
15,20,0,1,1,0,3,1,0,1,1,1,1,0,2,1,0,6,4,12,0
5,15,4,0,1,0,3,1,0,2,1,1,1,0,0,1,5,0,0,0,1
9,19,4,1,1,0,3,1,0,0,1,1,1,0,0,1,0,6,11,8,1
12,21,4,0,1,0,3,3,0,11,1,1,1,0,2,2,0,2,10,3,1
9,20,4,1,1,0,3,3,0,11,1,1,1,0,0,3,0,6,7,12,1
15,13,4,0,1,0,3,0,0,15,1,1,1,1,2,0,5,0,0,0,0
0,18,4,0,1,0,3,3,0,11,1,1,1,8,0,1,5,1,0,1,0
7,18,4,0,1,0,3,3,0,10,1,1,1,0,0,1,0,9,7,8,0
8,21,0,0,1,0,3,2,0,0,1,1,1,0,0,1,5,9,0,0,1
2,16,4,0,1,0,3,0,0,16,1,1,1,0,0,1,0,1,1,3,1
1,18,4,1,1,0,3,0,0,0,1,1,1,0,0,4,0,1,1,5,1
9,20,4,0,1,0,3,3,0,11,1,1,1,0,0,1,0,8,2,13,0
10,18,4,0,1,0,3,3,0,5,1,1,1,7,0,1,0,6,11,13,1
9,14,4,1,1,0,3,0,0,2,1,1,1,0,0,3,0,1,3,3,1
2,14,4,0,1,0,3,0,0,16,1,1,1,7,0,1,5,6,0,6,1
11,10,0,1,0,4,3,0,1,0,1,1,0,7,2,0,5,0,0,0,1
14,20,0,1,1,0,3,0,0,8,1,1,1,7,2,1,0,7,8,13,1
10,19,0,0,1,0,3,1,0,2,1,1,1,0,0,0,5,0,0,0,1
0,18,4,1,1,0,3,0,0,2,1,1,1,0,0,0,5,0,0,0,1
14,8,1,1,1,2,3,1,0,4,1,0,1,0,2,4,5,0,0,11,0
11,16,4,1,1,0,3,1,0,11,1,1,1,0,2,1,0,7,3,4,0
4,19,4,0,1,0,3,1,0,0,1,1,1,8,0,1,0,1,4,3,1
1,17,4,1,1,0,3,0,0,0,1,1,1,0,0,1,0,5,4,6,1
2,17,4,1,1,0,3,0,0,2,1,1,1,5,0,1,0,1,8,1,1
3,20,4,0,1,0,3,0,0,2,1,1,1,5,0,1,0,3,6,5,1
0,17,4,1,1,0,2,3,0,5,1,1,1,0,0,1,0,1,6,5,1
13,18,0,1,1,0,3,0,0,0,1,1,1,0,2,2,0,1,11,3,0
6,17,4,1,1,0,3,1,0,7,1,1,1,8,0,1,0,3,10,9,1
15,19,4,0,0,0,3,3,0,2,1,0,0,7,2,1,4,6,0,13,0
3,18,4,0,1,0,3,1,0,0,1,1,1,0,0,1,0,6,6,5,0
10,15,0,1,1,0,3,0,0,1,1,1,1,0,0,1,0,6,4,10,1
9,20,4,0,1,3,3,0,1,0,1,1,1,5,0,1,0,6,4,9,1
7,18,4,1,1,0,3,3,0,5,1,1,1,0,0,1,0,6,4,8,1
1,18,4,0,1,0,3,1,0,16,1,1,1,0,0,1,5,2,0,6,1
0,18,4,1,0,0,3,0,0,16,1,1,0,0,0,0,5,0,0,3,1
3,18,4,0,1,0,3,1,0,2,1,1,1,0,0,0,5,0,0,0,1
8,15,4,0,1,0,3,1,0,2,1,1,1,8,0,1,0,6,6,8,1
3,17,0,1,1,0,3,0,0,1,1,1,1,7,0,0,5,0,0,0,1
13,19,0,0,1,0,3,1,0,1,1,1,1,0,2,7,0,6,3,13,1
10,21,0,1,1,3,3,0,1,1,1,1,1,5,0,1,0,6,3,11,0
12,13,4,1,1,4,3,0,1,2,1,1,1,7,2,6,0,2,4,5,0
15,18,0,1,1,0,3,0,0,1,1,1,1,5,2,1,0,6,6,4,1
15,18,0,0,1,0,3,1,0,0,1,1,1,0,2,1,0,6,1,9,1
1,18,4,1,1,0,3,1,0,2,1,1,1,0,0,2,2,1,0,3,1
4,15,4,1,1,4,3,0,1,0,1,1,1,0,0,1,0,6,2,7,1
12,17,4,0,1,0,3,0,0,2,1,1,1,0,2,1,0,9,5,8,1
7,20,4,0,1,0,3,0,0,0,1,1,1,5,0,1,0,7,5,12,1
7,21,4,1,1,4,3,0,1,0,1,1,1,5,0,1,0,6,2,12,0
15,19,0,1,1,0,3,1,0,1,1,1,1,0,2,1,5,0,0,0,1
15,15,4,1,1,0,3,0,0,0,1,1,1,0,2,1,0,5,4,6,1
12,17,0,0,1,3,3,0,1,1,1,1,1,7,2,1,0,7,1,12,1
8,1,3,1,0,0,2,3,0,2,0,1,0,7,1,0,4,0,5,13,1
6,12,4,0,0,2,3,0,0,2,1,1,0,2,0,1,5,0,0,0,1
9,15,4,1,0,0,3,1,0,6,0,1,0,6,0,0,5,0,0,5,1
4,15,4,0,1,0,3,0,0,9,1,1,1,7,0,1,0,6,2,8,1
6,18,4,1,1,0,3,0,0,2,1,1,1,7,0,1,0,2,6,2,1
2,22,4,0,1,0,3,0,0,15,1,1,1,0,0,0,5,0,0,0,1
8,20,2,1,1,0,3,1,0,12,1,1,1,0,0,1,0,6,2,12,1
11,20,0,1,1,0,3,3,0,1,1,1,1,0,2,1,0,5,6,5,1
4,20,4,0,1,0,3,3,0,2,1,1,1,0,0,1,0,4,2,3,1
6,18,0,1,1,0,3,0,0,11,1,1,1,2,0,1,0,6,6,11,1
4,18,4,0,1,0,3,3,0,11,1,1,1,0,0,1,0,9,8,12,0
5,15,4,0,1,0,3,1,0,2,1,1,1,0,0,1,0,4,1,8,1
4,20,4,0,1,4,3,0,1,4,1,1,1,5,0,1,2,0,0,0,0
1,13,4,0,1,0,3,1,0,0,1,1,1,0,0,1,0,6,2,13,1
1,17,4,0,1,0,3,0,0,2,1,1,1,0,0,1,0,6,3,12,1
3,15,4,0,1,0,1,1,0,0,1,1,1,8,0,5,5,0,0,2,0
11,18,4,1,1,0,3,1,0,0,1,1,1,0,2,2,0,6,8,12,0
15,19,0,0,1,0,3,1,0,1,1,1,1,0,2,1,0,6,11,6,1
12,15,0,0,1,4,3,0,1,1,1,1,1,5,2,0,5,0,0,3,1
15,15,0,1,1,4,3,0,1,1,1,1,1,0,2,0,5,0,0,5,0
4,21,4,1,1,0,3,0,0,14,1,1,1,0,0,3,0,2,1,3,1
6,15,0,1,1,0,3,0,0,2,1,1,1,8,0,1,0,6,1,9,1
11,19,0,1,1,0,3,0,0,2,1,1,1,7,2,1,0,7,5,10,1
15,15,0,1,1,3,3,0,1,1,1,1,1,0,2,1,0,6,4,12,1
8,20,4,0,1,0,3,1,0,0,1,1,1,0,0,2,0,8,2,11,1
5,19,4,1,1,4,3,3,1,12,1,1,1,5,0,1,0,4,6,6,1
7,16,4,0,1,0,3,1,0,2,1,1,1,0,0,1,0,7,4,10,1
15,20,4,0,1,0,3,0,0,0,1,1,1,0,2,1,0,6,10,4,1
8,21,4,1,1,0,3,1,0,11,1,1,1,0,0,3,0,6,6,11,0
0,15,4,0,1,0,2,0,0,2,1,1,1,0,0,4,0,1,4,5,1
2,15,4,1,1,0,3,0,0,0,1,1,1,0,0,3,0,9,8,12,1
13,19,4,1,1,0,3,1,0,2,1,1,1,5,2,1,0,2,2,2,1
9,18,4,1,1,0,3,0,0,2,1,1,1,7,0,0,5,0,0,7,1
6,20,4,0,1,0,3,0,0,0,1,1,1,0,0,1,0,8,0,14,1
2,17,4,0,1,0,3,0,0,2,1,1,1,5,0,0,5,0,0,0,0
7,18,0,1,1,0,3,1,0,0,1,1,1,0,0,0,5,0,0,0,1
13,20,0,1,1,3,3,0,1,1,1,1,1,0,2,3,0,6,6,13,1
1,15,4,1,1,0,3,0,0,2,1,1,1,1,0,1,0,2,10,3,1
0,18,4,0,0,4,3,0,1,2,1,1,1,5,0,0,5,0,0,2,1
14,21,4,1,1,0,3,0,0,9,1,1,1,5,2,1,0,7,11,9,1
10,16,4,0,0,0,3,3,0,15,1,1,0,0,0,0,5,0,0,0,0
13,15,0,0,1,0,3,1,0,1,1,1,1,0,2,1,0,6,4,12,1
8,19,0,1,1,4,3,0,1,1,1,1,1,0,0,1,0,3,4,4,1
6,20,0,1,1,4,3,0,1,0,1,1,1,5,0,1,0,2,5,8,0
15,18,0,1,1,0,3,0,0,0,1,1,1,7,2,4,0,5,5,9,1
12,18,4,1,1,0,3,0,0,2,1,1,1,0,2,2,0,6,11,12,1
12,15,0,1,1,0,3,0,0,0,1,1,1,0,2,1,0,6,6,6,1
3,20,4,0,1,0,3,0,0,2,1,1,1,0,0,1,0,2,3,4,1
8,15,4,1,1,0,3,0,0,11,1,1,1,0,0,1,0,9,6,2,1
14,15,0,0,1,0,3,0,0,0,1,1,1,0,2,1,0,6,6,12,1
11,19,0,1,1,3,3,0,1,8,1,1,1,0,2,1,5,2,0,3,1
12,20,4,1,1,0,3,0,0,0,1,1,1,8,0,2,0,2,3,4,0
9,15,4,0,1,4,3,0,1,0,1,1,1,7,0,6,0,7,0,8,1
0,18,4,0,1,4,3,0,1,16,1,1,1,5,0,3,0,4,1,6,0
1,15,4,1,1,0,3,0,0,2,1,1,1,0,0,0,5,0,0,0,0
11,20,4,0,1,0,3,1,0,2,1,1,1,0,2,1,0,6,4,10,1
3,13,4,0,0,0,3,0,0,15,1,1,0,1,0,0,5,0,0,2,0
11,20,0,1,1,0,3,1,0,1,1,1,1,8,2,1,0,6,1,11,1
0,18,4,1,1,0,3,1,0,11,1,1,1,0,0,3,0,2,7,4,0
5,15,4,0,1,0,3,0,0,2,1,1,1,1,0,0,5,0,0,0,1
13,22,4,1,1,0,3,0,0,9,1,1,1,0,2,2,0,7,6,14,1
7,18,2,0,1,0,3,1,0,0,1,1,1,0,0,1,0,6,8,10,0
9,20,0,1,1,4,3,0,1,0,1,1,1,5,0,1,0,6,11,13,0
6,14,4,1,1,0,3,0,0,5,1,1,1,0,0,1,2,8,0,5,1
12,18,0,0,1,0,3,1,0,0,1,1,1,0,2,6,0,9,7,10,0
9,15,0,0,1,0,3,0,0,1,1,1,1,7,0,1,0,8,3,6,1
13,20,4,1,1,0,3,0,0,2,1,1,1,1,2,1,0,9,6,12,1
15,19,4,1,1,0,3,0,0,12,1,1,1,7,2,1,0,6,3,6,1
12,20,0,1,1,0,3,2,0,1,1,1,1,0,2,1,0,6,10,12,1
13,11,4,0,1,4,3,3,1,0,1,1,1,7,2,1,0,9,3,14,1
9,15,4,1,1,0,3,0,0,2,1,1,1,7,0,1,0,8,4,6,1
13,17,0,1,1,0,3,0,0,0,1,1,1,8,2,2,0,2,2,6,1
1,15,4,0,1,4,3,0,1,16,1,1,1,5,0,0,5,0,0,0,1
5,20,4,0,1,0,3,0,0,2,1,1,1,0,0,4,0,6,10,3,1
7,20,4,1,1,4,3,3,1,14,1,1,1,0,0,1,0,6,6,6,0
15,15,0,0,1,0,3,0,0,0,1,1,1,0,2,1,0,6,2,12,1
13,12,2,0,0,0,3,0,0,15,1,1,1,0,2,1,5,0,0,1,1
2,18,4,1,1,0,3,3,0,2,1,1,1,0,0,1,0,7,10,4,1
11,22,4,0,1,0,3,0,0,11,1,1,1,0,2,1,0,7,0,11,1
12,16,4,0,1,0,3,0,0,0,1,1,1,8,2,1,0,7,6,8,0
2,15,4,1,1,3,3,0,1,0,1,1,1,0,0,1,0,6,2,6,1
11,18,4,1,1,0,3,0,0,0,1,1,1,1,2,1,0,6,3,7,1
7,16,4,0,1,0,3,0,0,2,1,1,1,0,0,1,0,6,6,7,1
6,15,0,0,1,0,3,0,0,2,1,1,1,0,0,1,0,6,5,12,1
13,17,0,1,1,4,3,0,1,1,1,1,1,5,2,1,0,6,3,13,1
8,19,3,0,1,0,3,0,0,0,1,1,1,0,0,1,0,7,0,4,1
3,18,4,1,1,4,3,3,1,2,1,1,1,5,0,1,0,1,1,2,1
3,15,4,1,1,0,3,1,0,9,1,1,1,0,0,1,0,4,5,7,1
10,18,0,0,1,4,3,0,1,0,1,1,1,0,0,1,0,9,10,14,1
9,20,4,1,0,0,3,1,0,2,1,1,0,0,0,1,0,3,3,6,1
3,18,0,0,1,3,0,0,1,0,1,1,1,0,0,5,3,6,9,9,1
7,20,4,0,1,4,3,0,1,0,1,1,1,5,0,1,0,5,2,6,1
15,20,4,0,1,0,3,3,0,12,1,1,1,5,2,1,0,6,6,14,0
8,19,4,0,1,0,3,1,0,2,1,1,1,0,0,1,2,0,0,0,1
12,20,4,0,1,0,3,3,0,11,1,1,1,7,2,1,0,6,3,14,1
3,18,4,0,1,0,0,3,0,16,1,1,1,0,0,5,3,9,2,3,1
1,19,4,0,1,0,3,0,0,2,1,1,1,0,0,1,0,2,3,4,1
5,20,4,0,1,0,3,0,0,11,1,1,1,0,0,1,0,4,4,6,0
2,15,4,0,1,0,3,0,0,2,1,1,1,0,0,1,0,6,6,7,1
6,20,4,0,1,0,3,0,0,2,1,1,1,5,0,1,0,6,4,11,0
8,18,4,1,1,0,3,0,0,2,1,1,1,7,0,3,0,6,5,11,1
3,18,4,1,1,0,3,3,0,2,1,1,1,0,0,1,5,0,0,0,1
0,17,4,0,1,0,3,1,0,2,1,1,1,8,0,1,0,4,4,3,0
6,20,4,0,1,0,3,0,0,2,1,1,1,0,0,1,0,6,8,14,1
0,18,4,0,1,4,3,0,1,16,1,1,1,5,0,1,5,3,0,4,0
9,17,4,0,1,0,3,0,0,15,1,1,1,0,0,0,5,0,0,0,1
11,13,0,1,1,0,3,0,0,2,1,1,1,0,2,1,5,0,0,5,1
5,15,4,1,1,0,3,0,0,12,1,1,1,7,0,1,0,6,6,9,0
15,20,4,1,1,0,3,2,0,0,1,1,1,0,2,1,5,6,0,4,1
8,18,0,0,1,0,1,0,0,1,1,1,1,0,0,1,1,6,0,9,1
1,15,4,0,1,4,3,3,1,14,1,1,1,5,0,1,0,6,1,6,0
11,20,0,1,1,0,3,0,0,1,1,1,1,0,2,2,0,3,3,10,0
11,19,4,0,1,3,3,0,1,0,1,1,1,5,2,6,0,3,6,14,1
2,18,4,1,1,3,3,0,1,2,1,1,1,7,0,0,5,0,0,0,1
12,15,0,1,1,0,3,3,0,1,1,1,1,0,2,0,5,0,0,0,1
14,20,4,0,1,0,3,0,0,0,1,1,1,0,2,1,0,6,8,14,0
6,20,4,0,1,0,3,1,0,2,1,1,1,0,0,1,0,6,11,13,1
9,20,0,1,1,0,3,1,0,1,1,1,1,0,0,3,5,0,0,0,1
13,17,0,1,1,4,3,0,1,1,1,1,1,7,2,1,0,3,4,5,1
11,15,4,1,1,0,3,1,0,0,1,1,1,0,2,3,0,4,4,6,1
3,15,4,0,1,0,3,0,0,0,1,1,1,0,0,1,0,6,3,5,1
11,19,4,0,1,3,3,0,1,2,1,1,1,5,2,0,5,0,0,0,1
10,20,4,1,1,0,3,0,0,0,1,1,1,0,0,4,5,0,0,11,1
12,16,4,0,1,0,3,3,0,11,1,1,1,7,2,1,5,6,0,2,0
12,20,4,0,1,0,3,0,0,0,1,1,1,0,2,3,0,8,2,11,1
14,20,4,0,1,0,3,1,0,0,1,1,1,5,2,1,0,4,2,14,1
11,20,4,1,1,0,3,0,0,2,1,1,1,0,2,4,0,1,1,2,1
12,20,4,0,1,0,3,0,0,2,1,1,1,7,2,2,0,6,0,11,0
10,20,4,1,1,0,3,3,0,11,1,1,1,7,0,1,0,8,8,11,1
14,15,0,1,1,4,3,0,1,1,1,1,1,5,2,0,5,0,0,0,1
15,22,4,0,1,0,3,0,0,9,1,1,1,0,2,2,0,7,6,10,0
8,15,0,0,1,0,3,0,0,0,1,1,1,0,0,2,0,6,11,3,0
7,17,4,0,1,0,3,1,0,0,1,1,1,8,0,4,0,4,2,6,0
11,18,4,1,1,0,3,0,0,2,1,1,1,1,2,1,0,3,3,9,1
5,20,0,1,1,0,3,0,0,1,1,1,1,0,0,2,0,6,8,13,1
9,18,4,0,1,0,1,0,0,0,1,1,1,5,0,5,2,6,0,10,1
6,20,4,0,1,0,3,0,0,0,1,1,1,0,0,1,0,6,3,11,1
1,18,4,1,1,0,3,1,0,2,1,1,1,0,0,2,5,4,0,2,0
7,18,4,0,1,0,3,0,0,12,1,1,1,0,0,1,0,8,1,10,0
15,18,0,0,1,3,3,0,1,0,1,1,1,5,2,0,5,0,0,8,1
0,12,4,0,1,4,3,0,1,16,1,1,1,0,0,9,2,0,0,0,1
8,6,0,0,1,4,3,0,1,0,1,1,1,7,0,1,0,7,8,10,0
7,15,4,0,1,0,3,0,0,2,1,1,1,7,0,1,0,6,10,2,1
3,15,4,1,1,4,3,0,1,11,1,1,1,0,0,9,2,0,0,0,0
8,19,0,0,1,0,3,3,0,1,1,1,1,0,0,1,0,6,8,10,1
2,15,4,1,1,0,3,3,0,2,1,1,1,0,0,1,0,2,3,5,1
3,15,4,0,1,0,3,1,0,0,1,1,1,0,0,1,0,5,4,3,0
1,18,4,0,1,0,3,3,0,2,1,1,1,7,0,1,0,1,1,3,1
3,20,4,1,1,0,3,0,0,3,1,1,1,7,0,6,0,6,8,5,1
11,21,0,0,1,0,3,0,0,1,1,1,1,0,2,1,0,6,6,14,0
12,20,4,1,1,0,3,0,0,0,1,1,1,7,2,1,0,7,7,8,0
12,20,0,1,1,0,3,0,0,1,1,1,1,0,2,1,0,6,3,11,0
15,19,4,0,1,0,3,1,0,2,1,1,1,0,2,1,0,6,8,10,1
5,15,4,0,1,0,3,3,0,2,1,1,1,7,0,1,0,3,4,11,1
4,20,4,1,1,0,3,0,0,2,1,1,1,0,0,2,0,2,0,3,1
7,21,4,0,1,2,3,1,0,0,1,1,1,0,0,1,0,5,3,14,0
15,15,4,0,1,0,3,3,0,11,1,1,1,0,2,1,0,9,2,11,1
6,15,4,1,1,0,3,1,0,0,1,1,1,0,0,1,0,5,5,12,1
1,15,4,0,1,0,3,3,0,11,1,1,1,1,0,1,5,1,0,4,0
11,21,0,1,1,0,3,1,0,0,1,1,1,8,2,1,0,6,6,13,0
9,15,4,1,1,0,3,0,0,12,1,1,1,0,0,1,0,7,3,9,0
11,20,0,1,1,0,3,1,0,16,1,1,1,0,2,2,0,7,10,0,1
2,18,4,0,1,0,3,0,0,2,1,1,1,7,0,1,2,3,0,4,1
2,18,4,0,1,0,3,0,0,2,1,1,1,0,0,3,0,2,2,4,1
9,18,0,0,1,0,3,0,0,0,1,1,1,0,0,1,0,6,3,11,1
11,19,4,0,1,0,3,1,0,0,1,1,1,0,2,1,0,7,11,11,0
13,20,0,0,1,3,3,3,1,0,1,1,1,0,2,1,0,9,3,14,0
9,7,2,1,1,1,1,0,1,12,1,1,1,7,0,9,2,5,0,0,1
12,15,4,0,1,0,3,0,0,2,1,1,1,7,2,1,0,6,3,8,1
7,19,4,1,1,0,3,3,0,2,1,1,1,0,0,1,0,1,8,5,1
3,17,4,1,1,0,3,3,0,12,1,1,1,0,2,1,0,3,9,6,0
11,18,0,1,1,0,3,0,0,1,1,1,1,0,2,1,0,4,2,5,1
9,20,4,0,1,0,3,3,0,0,1,1,1,0,0,1,0,6,4,6,1
15,21,4,1,1,0,3,0,0,0,1,1,1,0,2,1,0,6,3,13,1
12,18,2,0,1,4,3,0,1,0,1,1,1,7,2,1,0,9,3,6,1
10,15,0,1,1,0,3,1,0,16,1,1,1,0,0,3,0,9,11,3,0
7,15,0,0,1,0,3,3,0,2,1,1,1,7,0,1,0,6,10,10,1
14,20,4,0,1,0,3,1,0,0,1,1,1,7,2,1,5,6,0,2,1
8,18,0,1,1,0,3,3,0,1,1,1,1,0,0,1,0,4,0,6,0
11,16,4,0,1,0,3,3,0,2,1,1,1,0,2,1,0,3,0,2,1
4,20,4,1,1,0,3,0,0,2,1,1,1,0,0,1,0,6,2,2,1
0,17,4,0,1,0,3,0,0,2,1,1,1,0,0,1,0,2,2,2,1
6,15,4,1,0,0,3,0,0,2,1,0,1,0,0,9,2,0,0,5,1
10,8,2,0,1,0,1,3,0,16,1,1,1,0,0,1,5,0,0,3,0
8,20,4,0,1,0,3,0,0,2,1,1,1,5,0,3,0,6,3,13,1
9,15,0,1,1,0,3,1,0,0,1,1,1,0,0,3,0,6,10,12,1
7,20,4,0,1,0,3,0,0,11,1,1,1,0,0,6,0,1,0,4,0
3,18,4,0,1,0,3,1,0,2,1,1,1,0,0,1,0,6,5,6,1
5,15,4,0,1,0,0,0,0,16,1,1,1,1,0,5,3,9,1,7,0
9,15,0,1,1,0,3,0,0,2,1,1,1,7,0,1,0,6,6,5,1
15,17,4,0,1,3,3,0,1,0,1,1,1,0,2,3,0,9,3,6,1
13,15,4,0,1,0,3,0,0,2,1,1,1,1,2,9,2,0,0,0,1
9,17,0,1,1,3,3,0,1,1,1,1,1,0,0,1,0,6,2,9,1
2,14,4,1,1,0,3,2,0,2,1,1,1,0,0,1,0,3,10,1,1
14,20,0,1,1,0,3,0,0,1,1,1,1,7,2,1,0,3,6,14,1
0,18,4,0,1,0,3,3,0,11,1,1,1,0,0,0,5,0,0,0,1
1,19,4,1,0,0,3,0,0,2,0,1,0,7,0,0,5,0,0,0,1
13,20,0,0,1,4,3,0,1,1,1,1,1,0,2,1,0,6,6,10,1
9,20,4,0,1,0,3,0,0,14,1,1,1,0,0,0,5,0,0,0,1
9,15,4,0,1,3,3,0,1,2,1,1,1,0,0,9,2,0,0,0,0
0,18,4,0,1,0,3,1,0,16,1,1,1,5,0,2,0,6,2,3,0
10,14,0,1,1,4,3,0,1,0,1,1,1,7,0,1,0,8,11,5,0
2,18,4,1,0,0,3,0,0,2,1,1,0,0,0,0,5,0,0,0,1
8,20,4,0,1,0,3,1,0,12,1,1,1,0,0,1,0,6,6,12,0
8,15,4,1,1,0,3,0,0,2,1,1,1,0,0,4,2,0,0,5,1
8,18,0,1,0,0,3,1,0,0,1,1,1,0,0,1,0,8,4,10,0
14,18,0,0,1,3,3,0,1,1,1,1,1,5,2,1,5,0,0,0,1
7,19,4,1,1,0,3,0,0,2,1,1,1,7,0,1,5,0,0,0,1
5,15,4,0,1,0,3,0,0,2,1,1,1,7,0,1,0,6,2,9,1
3,15,0,0,1,0,3,3,0,8,1,1,1,5,0,1,0,6,4,5,1
0,12,4,0,1,0,3,0,0,1,1,1,1,8,0,1,0,1,3,4,1
2,18,4,0,1,0,3,0,0,4,1,1,1,0,0,1,0,4,3,4,1
8,19,0,0,1,0,3,0,0,1,1,1,1,0,0,3,0,9,6,12,1
9,18,0,1,1,0,3,0,0,2,1,1,1,7,0,1,0,6,4,5,1
6,18,4,0,1,0,3,3,0,0,1,1,1,5,0,1,0,6,8,11,1
6,15,4,1,1,3,3,0,1,10,1,1,1,0,0,1,0,6,1,3,1
4,18,2,1,0,0,1,1,0,14,1,1,1,0,2,0,5,0,0,7,0
4,20,4,1,1,0,3,1,0,0,1,1,1,8,0,1,0,6,10,9,1
0,18,4,1,1,0,3,0,0,2,1,1,1,0,0,0,5,0,0,0,1
5,15,4,1,1,0,3,3,0,12,1,1,1,0,0,1,0,6,4,10,0
14,18,4,0,0,0,3,3,0,14,1,1,0,7,2,1,0,4,6,6,1
10,19,0,1,1,0,3,3,0,0,1,1,1,0,0,1,0,6,8,8,1
5,15,4,0,1,0,3,0,0,2,1,1,1,7,0,1,0,5,3,5,1
2,15,4,1,1,0,3,1,0,2,1,1,1,0,0,0,5,0,0,4,1
5,15,0,0,1,0,3,0,0,2,1,1,1,0,0,1,0,6,10,8,1
15,19,0,0,1,0,3,1,0,0,1,1,1,0,2,1,0,6,2,12,1
14,20,4,1,1,4,3,0,1,0,1,1,1,5,2,0,5,0,0,0,1
12,20,4,1,1,0,3,0,0,2,1,1,1,5,2,2,0,6,8,12,1
10,5,4,0,1,0,2,1,0,2,0,1,1,0,0,8,3,6,2,11,1
6,20,4,0,1,0,3,3,0,11,1,1,1,0,0,1,0,6,4,11,0
8,20,0,1,1,3,3,0,1,1,1,1,1,5,0,1,0,6,6,13,0
14,17,4,0,1,0,3,0,0,0,1,1,1,0,2,1,0,6,8,10,1
15,21,0,1,1,0,3,0,0,1,1,1,1,0,2,1,0,8,2,14,0
3,18,4,0,1,0,3,3,0,11,1,1,1,5,0,1,0,7,8,5,1
2,18,0,0,1,0,3,0,0,8,1,1,1,0,0,1,0,6,6,3,1
7,17,4,1,1,0,3,0,0,0,1,1,1,0,0,1,0,6,2,11,1
10,15,4,0,1,0,3,3,0,12,1,1,1,0,0,0,5,0,0,0,0
2,18,4,0,1,4,3,0,1,0,1,1,1,0,0,1,5,0,0,0,1
15,15,4,0,1,0,3,0,0,0,1,1,1,0,2,1,0,6,3,12,1
12,16,4,0,0,0,3,0,0,15,1,1,0,0,2,0,5,0,0,3,0
4,15,0,0,1,0,0,3,0,7,1,1,1,3,0,5,3,2,3,6,1
3,18,4,1,1,0,3,0,0,14,1,1,1,0,0,1,0,6,2,7,0
15,15,0,0,1,0,3,3,0,4,1,1,1,0,2,1,0,6,6,12,1
8,19,0,0,1,0,3,1,0,1,1,1,1,0,0,3,0,4,3,9,1
2,16,4,0,1,0,3,0,0,15,1,1,1,0,0,1,5,6,0,1,1
11,21,4,1,1,2,3,3,0,2,1,1,1,5,2,1,0,4,8,14,1
1,18,4,1,1,0,3,0,0,16,1,1,1,5,0,1,0,2,4,6,1
12,16,0,1,1,0,3,0,0,2,1,1,1,0,2,0,5,0,0,0,1
8,20,4,1,1,0,3,3,0,11,1,1,1,2,0,2,0,7,8,14,1
9,20,0,0,1,0,3,0,0,0,1,1,1,0,0,1,0,9,4,14,1
2,13,4,0,0,0,3,0,0,15,1,1,0,1,0,0,5,0,0,4,0
1,18,4,1,1,0,3,1,0,16,1,1,1,5,0,2,5,1,0,3,0
10,21,0,0,1,0,3,1,0,0,1,1,1,5,0,1,0,6,4,14,0
3,18,4,1,1,0,3,1,0,2,1,1,1,0,0,3,5,0,0,1,1
12,19,4,0,1,0,3,3,0,2,1,1,1,0,2,1,0,6,5,6,1
0,18,2,1,1,1,2,0,0,11,1,1,1,2,0,9,2,4,3,5,1
9,18,4,1,1,0,3,1,0,0,1,1,1,0,0,0,5,0,0,0,1
2,15,4,1,1,0,3,0,0,16,1,1,1,7,0,1,5,6,0,6,1
14,18,0,0,1,0,3,0,0,14,1,1,1,0,2,1,0,6,4,9,1
1,15,4,0,1,4,3,0,0,2,1,1,1,0,0,7,0,4,2,5,1
7,15,4,0,1,3,3,0,1,2,1,1,1,0,0,5,0,6,4,2,1
3,18,4,0,1,0,3,1,0,11,1,1,1,0,0,1,0,3,4,6,1
1,17,4,0,1,0,3,0,0,2,1,1,1,5,0,0,5,0,0,0,1
4,19,4,0,1,0,3,3,0,2,1,1,1,0,0,1,0,4,2,4,1
9,20,4,1,1,0,3,1,0,2,1,1,1,0,0,1,5,2,0,4,1
0,13,4,1,1,0,3,1,0,11,1,1,1,0,0,1,5,6,0,2,1
15,20,0,1,1,4,3,0,1,1,1,1,1,0,2,2,0,6,1,9,0
13,19,0,1,1,0,3,0,0,0,1,1,1,0,2,3,0,6,3,7,1
1,14,4,0,0,0,3,0,0,15,1,1,0,0,0,0,5,0,0,0,1
6,20,4,1,1,0,3,0,0,0,1,1,1,0,0,1,0,5,0,6,0
14,21,0,1,1,3,3,0,1,0,1,1,1,0,2,1,0,8,1,13,1
9,20,4,0,1,0,3,1,0,0,1,1,1,5,0,1,0,6,3,14,1
2,17,4,1,1,0,3,1,0,9,1,1,1,8,0,1,0,3,1,1,1
6,20,4,1,1,0,3,0,0,2,1,1,1,5,0,1,0,6,8,13,1
5,15,4,0,1,0,0,0,0,16,1,1,1,0,0,5,3,6,1,8,0
4,20,4,0,1,0,3,0,0,2,1,1,1,0,0,1,0,9,10,12,1
12,14,4,0,1,0,3,0,0,11,1,1,1,7,2,1,0,8,10,8,1
4,20,4,0,1,3,3,0,1,2,1,1,1,5,0,1,0,6,6,4,1
15,21,0,0,1,0,3,0,0,0,1,1,1,0,2,1,0,9,11,14,1
4,16,4,0,1,0,3,0,0,3,1,1,1,0,0,1,0,3,1,5,0
5,15,4,0,1,0,3,0,0,2,1,1,1,7,0,1,0,4,11,5,1
9,19,0,1,1,0,3,0,0,1,1,1,1,0,0,4,0,6,8,6,0
10,21,0,0,1,4,3,1,1,0,1,1,1,0,0,2,0,8,8,14,1
12,20,4,0,1,0,3,0,0,11,1,1,1,2,2,6,0,6,10,14,1
3,18,4,0,1,0,3,1,0,2,1,1,1,0,0,1,0,4,1,4,1
3,18,4,1,1,0,3,0,0,11,1,1,1,2,0,1,0,6,2,3,1
5,18,4,0,0,0,3,3,0,2,1,1,0,0,0,1,5,0,0,4,1
2,18,4,1,1,0,3,1,0,16,1,1,1,0,0,1,5,0,0,0,0
0,13,4,1,1,0,3,0,0,2,1,1,1,0,0,1,2,4,0,3,1
7,15,4,0,1,0,3,0,0,0,1,1,1,0,0,1,0,4,2,2,1
9,18,0,1,1,4,3,0,1,1,1,1,1,0,0,1,0,2,11,6,1
0,15,4,1,1,0,3,0,0,2,1,1,1,0,0,0,5,0,0,0,1
14,8,0,0,1,4,3,0,1,0,1,1,1,0,2,1,0,6,4,14,1
1,14,4,0,0,0,3,3,0,2,1,1,0,0,0,0,5,0,0,0,1
8,16,3,0,1,0,3,0,0,0,1,1,1,0,0,1,0,5,1,3,1
7,18,4,1,1,0,3,1,0,0,1,1,1,8,0,1,0,6,6,4,1
12,14,4,0,1,4,3,3,1,12,1,1,1,0,2,1,0,6,8,8,1
14,20,4,0,1,0,3,1,0,0,1,1,1,8,2,6,0,6,0,14,1
13,21,4,1,1,0,3,0,0,0,1,1,1,5,2,1,0,6,4,14,1
13,17,0,0,1,0,3,0,0,0,1,1,1,0,2,1,0,9,6,12,1
6,20,4,1,1,0,3,1,0,11,1,1,1,8,0,4,0,8,6,12,1
15,15,2,0,0,0,1,2,0,1,1,0,1,0,2,1,5,0,0,2,1
12,15,4,1,1,0,3,0,0,2,1,1,1,0,2,1,0,6,6,8,1
14,19,0,1,1,0,3,0,0,0,1,1,1,5,2,1,5,6,0,7,0
15,15,0,1,1,4,3,0,1,1,1,1,1,5,2,1,0,4,0,6,0
8,20,4,0,1,0,3,3,0,2,1,1,1,5,0,3,0,6,0,9,0
0,17,0,1,1,0,3,3,0,8,1,1,1,0,0,1,0,2,0,3,1
3,18,4,1,1,0,3,0,0,2,1,1,1,5,0,3,0,1,4,4,1
7,15,0,0,1,0,0,0,0,0,1,1,1,0,0,5,3,9,3,12,1
15,20,0,1,1,0,3,0,0,0,1,1,1,0,2,3,0,6,4,6,1
11,18,4,1,1,2,3,0,0,12,1,1,1,1,2,1,0,4,3,6,0
11,15,4,0,1,0,3,1,0,2,1,1,1,0,2,1,0,1,3,2,1
11,17,0,0,1,0,3,1,0,1,1,1,1,0,2,1,2,4,0,2,1
15,16,4,0,1,0,3,0,0,0,1,1,1,0,2,1,0,7,1,5,1
11,15,0,1,1,4,3,0,1,0,1,1,1,0,2,1,0,4,4,8,1
2,15,4,1,1,0,3,0,0,2,1,1,1,0,0,1,0,1,6,1,1
11,15,0,0,1,0,3,0,0,7,1,1,1,0,2,1,0,6,11,6,1
13,16,0,0,1,0,3,0,0,15,1,1,1,7,2,0,5,0,0,0,0
12,19,4,0,1,0,3,3,0,11,1,1,1,0,2,1,0,8,4,13,0
15,19,4,0,1,3,3,0,1,2,1,1,0,5,2,1,4,6,7,6,0
5,20,4,1,1,4,3,3,1,0,1,1,1,5,0,4,0,1,0,4,0
8,21,4,1,1,0,3,1,0,0,1,1,1,8,0,3,0,9,2,13,1
0,17,4,0,1,0,3,0,0,2,1,1,1,0,0,0,5,0,0,0,1
3,22,4,1,1,0,3,1,0,0,1,1,1,8,0,1,1,6,0,10,1
5,15,4,0,1,0,3,0,0,15,1,1,1,0,0,1,5,5,0,2,0
2,15,4,0,1,0,3,1,0,2,1,1,1,7,0,0,5,0,0,0,1
0,17,4,1,1,0,3,0,0,2,1,1,1,0,0,0,5,0,0,0,1
10,15,0,1,1,4,3,0,1,0,1,1,1,7,0,1,0,8,6,9,1
8,20,0,1,1,0,3,0,0,1,1,1,1,1,0,1,0,6,8,6,0
2,0,4,1,1,0,3,0,0,2,1,1,1,7,0,1,0,3,3,6,1
4,18,4,0,0,0,3,0,0,2,1,1,0,1,0,0,5,0,0,4,1
8,18,4,0,1,0,3,0,0,0,1,1,1,7,0,1,0,6,6,3,1
12,15,0,0,1,0,3,1,0,0,1,1,1,8,2,1,0,6,4,12,1
2,16,4,0,0,0,3,1,0,16,1,1,0,0,0,0,5,0,0,3,0
9,13,4,0,1,0,3,3,0,0,1,1,1,0,0,9,2,0,0,13,1
10,0,4,0,1,0,3,1,0,2,1,1,1,0,0,1,0,2,4,6,1
12,20,4,0,1,0,3,1,0,2,1,1,1,8,0,4,0,5,8,4,1
7,20,4,0,1,0,3,1,0,2,1,1,1,0,0,1,0,2,4,5,0
8,15,4,0,1,0,3,0,0,9,1,1,1,0,0,1,0,6,2,8,1
12,16,4,1,1,0,3,0,0,2,1,1,1,7,2,1,0,6,10,8,1
4,15,4,0,1,0,3,1,0,9,1,1,1,0,0,6,0,4,3,8,1
9,14,0,0,1,4,3,3,1,0,1,1,1,7,0,1,2,6,0,8,1
10,20,0,1,1,0,3,1,0,0,1,1,1,5,0,1,0,6,10,13,1
15,21,0,1,1,0,3,3,0,1,1,1,1,0,2,6,0,6,6,14,0
8,20,4,0,1,0,3,0,0,16,1,1,1,5,0,4,0,2,10,6,1
1,13,4,1,1,0,3,1,0,2,1,1,1,8,0,1,5,0,0,0,1
15,15,4,0,1,0,3,3,0,2,1,1,1,0,2,1,0,3,3,6,1
8,20,4,1,1,0,3,0,0,0,1,1,1,0,0,1,0,8,8,13,1
15,21,4,0,1,0,3,3,0,12,1,1,1,0,2,2,0,6,10,13,0
1,15,4,0,1,0,3,3,0,2,1,1,1,0,0,1,0,6,8,13,1
2,18,4,1,0,0,3,0,0,2,1,1,1,0,0,0,5,0,0,0,1
7,18,4,0,1,0,3,1,0,2,1,1,1,0,0,0,5,0,0,4,0
0,18,4,1,1,0,3,0,0,2,1,1,1,0,0,1,0,2,9,2,1
9,14,4,0,0,4,3,0,1,14,1,1,0,0,0,1,0,6,2,7,1
10,16,0,0,1,0,3,1,0,2,1,1,1,0,0,1,0,6,11,8,1
7,18,4,1,1,0,3,0,0,0,1,1,1,0,0,1,0,5,4,3,0
11,21,0,1,1,0,3,1,0,0,1,1,1,0,2,1,0,3,2,14,1
9,14,4,0,1,0,3,1,0,12,1,1,1,8,0,1,0,6,10,11,1
11,21,4,1,1,0,3,1,0,0,1,1,1,5,2,1,0,6,8,14,1
12,15,0,1,1,4,3,0,1,1,1,1,1,7,2,1,0,4,6,4,0
15,20,0,1,1,4,3,0,1,1,1,1,1,0,2,0,5,0,0,0,0
6,17,4,1,1,0,3,0,0,16,1,1,1,0,0,1,5,2,0,1,0
10,20,4,0,1,0,3,1,0,15,1,1,1,0,0,7,5,5,0,9,0
7,15,4,1,1,0,3,3,0,2,1,1,1,0,0,4,0,6,4,10,1
6,15,4,0,1,0,3,0,0,14,1,1,1,0,0,1,0,4,6,7,0
10,18,4,1,1,3,3,0,1,2,1,1,1,5,0,1,0,7,3,3,1
8,18,0,1,1,3,3,3,1,0,1,1,1,5,0,1,0,6,9,7,1
12,19,4,1,1,3,3,0,1,0,1,1,1,5,2,1,0,4,7,4,1
1,18,4,0,1,0,3,3,0,2,1,1,1,0,0,1,0,1,2,4,1
0,17,4,1,1,0,3,0,0,2,1,1,1,0,0,1,0,2,5,1,1
1,18,4,1,1,0,3,3,0,2,1,1,1,0,0,0,5,0,0,0,1
2,17,4,1,1,0,3,0,0,0,1,1,1,0,0,3,0,5,3,4,1
6,15,4,0,0,0,3,0,0,2,1,1,0,1,0,5,5,0,0,3,1
13,17,4,0,1,0,3,0,0,15,1,1,1,1,2,0,5,0,0,0,1
15,22,0,1,1,0,3,3,0,0,1,1,1,0,2,2,0,9,0,13,0
3,19,4,1,1,0,3,1,0,2,1,1,1,5,0,0,5,0,0,0,1
12,15,0,0,1,0,3,0,0,1,1,1,1,0,2,1,0,4,6,3,1
1,17,4,0,1,0,3,0,0,2,1,1,1,0,0,1,0,9,1,6,1
5,17,4,1,1,3,3,0,1,10,1,1,1,0,0,1,0,9,3,1,1
7,20,4,1,1,0,3,0,0,12,1,1,1,0,0,2,0,8,6,12,1
10,20,4,0,1,0,3,0,0,5,1,1,1,7,0,1,0,6,4,13,0
8,15,4,1,1,0,3,1,0,7,1,1,1,8,0,0,5,0,0,0,1
15,15,4,0,1,0,3,1,0,15,1,1,1,0,2,1,5,5,0,6,0
7,15,4,1,1,4,3,0,1,0,1,1,1,0,0,1,0,6,2,6,1
12,17,0,0,1,0,3,0,0,1,1,1,1,0,2,1,0,9,3,11,1
1,14,4,0,0,0,3,1,0,2,0,1,0,0,0,0,5,0,0,5,1
15,19,0,0,1,0,3,1,0,0,1,1,1,0,2,1,0,4,10,5,1
12,17,0,1,1,4,3,0,1,1,1,1,1,0,2,0,5,0,0,0,1
8,6,4,0,1,0,3,3,0,7,1,1,1,0,0,9,2,0,11,0,1
12,15,0,1,1,4,3,0,1,1,1,1,1,0,2,1,5,0,0,0,1
5,18,4,1,1,0,3,1,0,0,1,1,1,8,0,1,0,5,2,4,0
9,18,4,0,1,0,3,0,0,2,1,1,1,0,0,1,0,4,4,6,1
13,15,4,0,1,0,3,0,0,15,1,1,1,1,2,1,5,0,0,0,0
3,18,4,1,1,0,3,0,0,2,1,1,1,7,0,1,0,3,8,4,1
13,21,0,1,1,2,3,1,0,0,1,1,1,0,2,1,0,2,6,14,1
0,17,4,1,1,0,3,1,0,7,1,1,1,0,0,1,2,3,0,6,1
7,18,4,1,1,0,3,1,0,12,1,1,1,0,0,1,0,5,2,10,0
12,20,4,0,1,0,3,0,0,0,1,1,1,0,2,4,0,8,6,11,1
13,19,0,1,1,3,3,0,1,8,1,1,1,5,2,3,0,2,4,3,1
0,18,4,1,1,0,3,1,0,16,1,1,1,0,0,2,5,1,0,2,0
1,19,4,0,0,0,3,1,0,2,0,1,0,0,0,0,5,0,0,0,0
14,19,4,0,1,0,3,0,0,0,1,1,1,7,2,1,0,6,5,12,1
4,15,4,0,1,4,3,1,1,2,1,1,1,0,0,1,2,1,0,6,1
8,15,4,0,1,0,3,0,0,2,1,1,1,0,0,1,0,9,11,7,0
2,15,0,0,1,0,3,0,0,8,1,1,1,0,0,1,0,7,0,0,1
10,15,4,0,1,4,3,0,1,12,1,1,1,7,0,1,0,5,6,6,1
9,20,4,0,0,0,3,0,0,5,1,1,0,0,0,1,2,3,0,4,1
8,19,0,1,1,0,3,0,0,0,1,1,1,5,0,0,5,0,0,0,0
6,15,4,0,1,0,3,3,0,2,1,1,1,5,0,2,0,5,0,8,1
13,18,0,0,1,4,3,3,1,8,1,1,1,0,2,1,0,6,6,5,1
4,19,4,0,1,0,3,1,0,7,1,1,1,0,0,1,5,0,0,0,0
10,19,0,1,1,0,3,1,0,0,1,1,1,0,0,1,0,6,2,10,1
9,20,4,1,1,0,3,1,0,11,1,1,1,8,0,1,0,8,2,13,0
8,18,4,0,1,3,3,0,1,2,1,1,1,7,0,1,0,4,2,2,1
8,18,2,1,1,0,3,0,0,2,1,1,1,0,0,3,5,0,0,0,1
8,1,4,1,1,3,3,3,1,0,1,1,1,5,0,3,0,6,3,11,1
8,18,3,0,1,0,3,0,0,0,1,1,1,7,0,1,0,7,2,9,1
0,15,0,1,1,0,3,3,0,8,1,1,1,0,0,1,0,2,0,3,1
5,20,4,1,1,0,3,0,0,2,1,1,1,5,0,1,0,2,3,4,1
14,19,4,1,1,0,3,0,0,12,1,1,1,0,2,1,0,6,3,10,1
4,19,4,0,1,0,3,0,0,2,1,1,1,0,0,2,0,6,2,7,1
1,18,4,0,1,0,3,0,0,2,1,1,1,0,0,1,0,1,3,5,1
0,15,4,0,1,0,0,0,0,16,1,1,1,0,0,5,3,8,1,8,0
13,15,4,1,1,0,3,0,0,0,1,1,1,1,2,1,0,6,1,6,1
9,18,4,1,1,2,3,3,0,12,1,1,1,0,0,9,2,0,0,0,1
2,18,4,0,1,0,3,0,0,16,1,1,1,1,0,6,5,1,0,4,0
5,19,4,0,1,0,3,1,0,2,1,1,1,5,0,1,0,8,2,11,1
10,10,4,1,1,4,3,0,1,5,1,1,1,7,0,5,3,6,3,8,1
10,12,0,0,1,0,1,0,0,1,1,1,1,8,0,5,2,0,0,9,1
11,15,4,0,0,0,3,0,0,2,1,1,0,1,2,0,5,0,0,0,1
8,15,4,0,1,0,3,1,0,7,1,1,1,0,0,1,0,6,8,9,1
2,14,4,0,1,0,3,3,0,16,1,1,1,0,0,0,5,0,0,5,0
14,23,0,0,1,0,3,0,0,0,1,1,1,0,2,1,0,6,11,14,1
5,15,4,1,1,4,3,0,1,9,1,1,1,0,0,1,0,4,10,2,1
0,18,4,0,1,0,3,1,0,16,1,1,1,0,0,3,0,2,2,6,0
3,15,0,1,1,0,1,0,0,1,1,1,1,8,0,5,5,0,0,5,0
3,15,4,0,1,0,3,0,0,2,1,1,1,0,0,9,2,0,0,0,1
11,21,0,1,1,4,3,0,1,1,1,1,1,5,2,1,0,6,3,14,1
9,18,0,1,1,0,3,0,0,0,1,1,1,0,0,1,0,4,9,6,1
4,18,4,0,1,0,3,0,0,11,1,1,1,0,0,1,0,6,2,6,0
7,13,4,0,1,0,3,0,0,10,1,1,1,0,0,1,0,6,8,5,0
8,20,0,1,1,3,3,1,1,1,1,1,1,8,0,1,5,0,0,0,0
3,21,4,1,1,4,3,0,1,14,1,1,1,5,0,0,5,0,0,0,0
6,15,4,0,1,0,3,0,0,2,1,1,1,0,0,1,5,0,0,3,1
0,17,4,1,1,0,3,0,0,9,1,1,1,0,0,3,0,6,8,8,1
0,18,4,1,1,0,3,0,0,11,1,1,1,5,0,0,5,0,0,0,0
6,13,4,0,0,0,3,3,0,0,1,1,1,0,0,1,0,6,6,13,0
13,20,0,1,1,2,3,1,0,0,1,1,1,0,2,1,0,6,3,14,0
4,19,4,1,1,0,3,0,0,11,1,1,1,1,0,1,0,6,10,6,1
11,20,4,0,1,0,3,0,0,12,1,1,1,7,2,1,0,6,11,6,0
3,15,4,0,1,0,3,3,0,0,1,1,1,0,0,1,0,7,4,9,1
14,11,0,1,1,4,3,0,1,1,1,1,1,0,2,1,2,0,0,0,1
2,18,4,1,1,0,3,3,0,2,1,1,1,1,0,1,0,6,2,7,1
13,13,4,0,1,0,3,3,0,15,1,1,1,1,2,1,5,0,0,0,0
12,15,4,1,1,0,3,0,0,12,1,1,1,2,2,2,0,6,4,13,1
2,18,4,1,0,0,3,3,0,11,1,1,1,0,2,0,5,0,0,0,1
3,15,4,1,1,0,3,0,0,12,1,1,1,0,0,1,0,6,4,5,1
12,17,2,0,1,0,1,0,0,0,1,1,1,0,2,1,2,9,0,8,1
12,18,4,1,1,0,3,1,0,11,1,1,1,0,2,4,0,2,8,4,1
5,12,4,0,0,0,3,0,0,15,1,1,1,7,0,4,5,0,0,1,1
11,15,4,0,1,0,3,0,0,12,1,1,1,7,2,1,0,6,5,11,1
12,15,4,0,1,0,3,0,0,11,1,1,1,7,2,1,0,9,6,12,0
15,21,0,1,1,0,3,1,0,0,1,1,1,0,2,3,0,6,4,13,1
7,20,0,1,1,0,3,1,0,1,1,1,1,0,0,1,0,6,2,13,0
9,18,4,0,1,3,3,0,1,0,1,1,1,7,0,1,0,6,2,9,1
11,15,0,0,1,0,3,1,0,0,1,1,1,0,2,6,0,8,0,11,1
10,14,0,1,1,0,3,3,0,2,1,1,1,7,0,1,0,6,4,4,1
1,19,4,1,1,0,3,1,0,7,1,1,1,0,0,1,5,2,0,3,1
9,17,4,0,1,0,1,0,0,0,1,1,1,0,0,1,0,6,11,12,1
10,20,4,0,0,0,3,1,0,0,1,1,0,0,0,1,2,1,0,4,0
4,18,0,0,1,0,3,0,0,0,1,1,1,0,0,1,0,6,10,9,1
15,21,0,1,1,4,3,0,1,1,1,1,1,0,2,1,0,9,3,14,1
1,18,4,0,1,0,3,0,0,16,1,1,1,0,0,1,5,0,0,0,0
9,20,4,0,1,3,3,3,1,2,1,1,1,5,0,1,0,2,7,5,1
2,20,4,1,1,0,3,0,0,11,1,1,1,0,0,1,0,3,4,4,0
2,17,4,0,1,0,3,0,0,16,1,1,1,5,0,1,0,6,2,2,0
9,14,0,0,1,4,3,0,1,2,1,1,1,7,0,0,5,0,0,0,1
5,14,0,1,1,4,3,3,1,0,1,1,1,0,0,1,0,6,1,7,1
7,18,4,0,1,0,3,3,0,2,1,1,1,0,0,1,0,6,11,11,0
11,22,4,1,1,3,3,0,1,0,1,1,1,0,2,1,0,7,8,14,1
15,20,0,1,1,0,3,1,0,0,1,1,1,0,2,1,0,6,10,13,1
14,20,0,1,1,4,3,0,1,1,1,1,1,0,2,1,0,6,0,9,1
14,23,0,0,1,4,3,0,1,0,1,1,1,5,2,1,0,6,8,14,0
1,18,4,0,1,0,3,0,0,2,1,1,1,5,0,1,0,6,1,13,1
3,18,4,0,1,0,3,0,0,2,1,1,1,0,0,1,5,0,0,0,1
8,21,4,1,1,0,3,0,0,0,1,1,1,5,0,1,1,2,0,1,0
14,17,0,1,1,4,3,1,0,8,1,1,1,0,2,1,0,6,5,11,1
8,20,4,1,1,0,3,0,0,2,1,1,1,0,0,1,0,4,1,4,1
15,19,4,1,1,3,3,0,1,11,1,1,1,5,2,1,0,6,4,9,1
3,20,4,0,1,0,3,0,0,2,1,1,1,0,0,1,5,0,0,0,1
1,17,4,0,1,0,3,0,0,2,1,1,1,0,0,1,0,4,4,13,1
4,19,4,0,1,0,1,3,0,11,1,1,1,0,0,1,0,6,10,12,1
7,15,0,1,1,0,3,0,0,1,1,1,1,1,0,1,0,9,3,12,1
2,19,4,0,1,0,3,1,0,2,1,1,1,8,0,3,0,9,2,12,0
1,15,4,1,1,0,3,0,0,2,1,1,1,7,0,1,0,1,8,4,0
2,16,4,1,1,4,3,0,1,2,1,1,1,7,0,1,0,6,4,4,1
4,17,4,1,1,0,3,1,0,2,1,1,1,7,0,1,0,3,5,7,1
0,15,4,1,1,0,3,3,0,16,1,1,1,0,0,1,5,2,0,2,1
7,19,4,1,1,0,3,0,0,12,1,1,1,0,0,1,5,0,0,0,1
8,17,4,1,1,0,3,0,0,0,1,1,1,2,0,6,0,3,6,3,1
3,18,4,0,1,0,3,0,0,0,1,1,1,7,0,1,0,6,10,11,1
2,15,4,0,0,0,3,0,0,15,1,1,1,7,0,0,5,0,0,0,0
8,18,4,0,1,0,3,1,0,5,1,1,1,0,0,1,0,8,4,9,1
1,17,2,1,1,4,3,0,0,16,1,1,1,0,0,1,5,6,0,5,1
15,17,0,0,1,0,3,0,0,2,1,1,1,1,2,1,0,4,10,5,1
7,21,4,0,1,0,3,3,0,0,1,1,1,0,0,2,0,6,2,8,1
13,19,4,1,1,0,3,3,0,2,1,1,1,0,2,7,0,6,1,10,1
14,15,4,0,1,4,3,0,1,9,1,1,1,5,2,1,0,6,3,7,1
8,19,0,1,0,0,3,0,0,8,1,1,0,0,0,1,5,0,0,0,1
3,15,4,0,1,0,0,3,0,16,1,1,1,0,0,5,3,6,4,5,1
4,20,4,1,1,4,3,0,1,2,1,1,1,0,0,1,0,6,4,6,1
1,15,4,1,1,4,3,0,1,16,1,1,1,5,0,0,5,0,0,5,1
7,21,0,0,1,0,3,0,0,1,1,1,1,5,0,1,0,6,6,14,0
6,18,4,1,1,0,3,0,0,14,1,1,1,7,0,1,0,4,6,10,1
0,18,4,0,1,0,3,0,0,2,1,1,1,1,0,0,5,0,0,0,1
0,18,4,0,1,0,3,1,0,2,1,1,1,0,0,1,2,2,0,3,1
14,15,0,1,1,4,3,0,1,8,1,1,1,5,2,1,0,7,0,11,1
2,18,4,0,1,0,3,1,0,2,1,1,1,0,0,1,2,2,0,4,1
13,17,2,1,1,0,3,3,0,0,1,1,1,0,2,3,0,6,4,12,0
10,15,4,0,1,0,1,3,0,14,1,1,1,0,0,1,0,6,8,10,1
1,17,2,0,1,0,0,0,0,16,1,1,1,0,0,5,3,9,1,8,0
3,19,4,0,1,4,3,3,1,2,1,1,1,0,0,0,5,0,0,0,1
10,16,4,0,1,0,3,3,0,2,1,1,1,7,0,1,0,5,10,8,1
9,14,4,1,1,0,3,0,0,12,1,1,1,0,0,1,0,6,3,11,1
0,15,4,0,1,0,3,0,0,2,1,1,1,0,0,1,5,0,0,0,1
6,18,4,1,1,0,3,0,0,2,1,1,1,7,0,1,5,0,0,0,1
0,15,4,1,1,3,3,0,1,2,1,1,1,5,0,1,5,0,0,1,1
8,13,4,1,1,0,3,0,0,7,1,1,1,0,0,0,5,0,0,0,1
13,19,4,0,1,0,3,1,0,12,1,1,1,0,2,1,0,2,2,5,0
15,17,2,0,1,0,3,1,0,0,1,1,1,0,2,1,0,6,8,10,1
4,20,4,0,1,0,3,1,0,0,1,1,1,7,0,1,0,7,3,13,1
11,19,4,1,0,0,3,1,0,2,1,1,0,0,2,1,2,4,0,5,1
0,13,4,1,1,2,3,1,0,2,1,1,1,0,0,9,2,0,0,0,1
3,14,4,1,1,0,3,0,1,9,1,1,1,5,0,1,1,2,0,2,1
6,20,0,1,1,0,3,1,0,0,1,1,1,8,0,1,0,6,6,13,0
2,19,4,1,1,0,3,0,0,16,1,1,1,0,0,1,0,6,6,3,1
10,18,4,0,1,0,3,0,0,2,1,1,1,7,0,1,0,6,6,8,1
13,20,4,1,1,0,3,0,0,0,1,1,1,0,2,4,0,7,5,12,1
7,20,4,1,1,0,3,1,0,11,1,1,1,0,0,1,0,1,6,2,0
5,19,4,1,1,0,3,0,0,0,1,1,1,0,0,3,0,2,2,4,1
14,23,4,0,1,0,3,0,0,0,1,1,1,0,2,1,0,6,8,14,1
2,15,4,0,1,0,3,0,0,2,1,1,1,0,0,1,0,6,2,5,0
1,18,4,1,1,3,3,0,1,2,1,1,1,5,0,1,0,4,6,4,1
13,21,0,1,1,3,3,0,1,1,1,1,1,7,2,2,0,6,2,13,1
3,18,4,0,1,0,3,1,0,15,1,1,1,0,0,1,2,1,0,1,0
7,20,0,0,1,0,3,1,0,1,1,1,1,0,0,1,1,7,0,13,1
14,15,4,0,0,0,3,0,0,2,1,1,0,7,2,1,0,3,4,3,0
14,14,0,0,1,0,3,0,0,0,1,1,1,0,2,1,0,6,5,12,1
3,19,4,1,1,0,3,0,0,2,1,1,1,0,0,1,0,3,8,5,1
8,20,4,1,0,0,3,3,0,12,1,1,0,0,0,0,5,0,0,0,0
9,20,0,0,1,0,3,0,0,2,1,1,1,0,0,1,0,7,6,14,1
14,21,4,1,1,0,3,2,0,0,1,1,1,0,2,1,0,6,3,12,1
14,15,4,1,1,0,3,0,0,2,1,1,1,0,2,1,0,6,8,4,1
15,15,0,1,1,0,3,0,0,1,1,1,1,0,2,6,0,4,3,4,1
6,15,4,0,1,0,3,0,0,12,1,1,1,7,0,1,0,4,10,8,1
0,15,4,0,1,0,3,0,0,2,1,1,1,0,0,1,0,1,3,3,1
9,15,0,0,1,0,3,0,0,8,1,1,1,7,0,1,0,6,4,8,1
1,18,4,1,1,0,3,0,0,2,1,1,1,7,0,1,0,2,2,2,1
11,20,0,1,1,0,3,1,0,0,1,1,1,0,2,6,0,1,0,6,1
14,15,0,1,1,4,3,0,1,9,1,1,1,0,2,1,0,6,6,5,1
4,18,4,0,1,0,3,0,0,0,1,1,1,0,0,1,0,6,10,8,1
10,17,0,0,1,3,3,3,1,2,1,1,1,5,0,1,0,6,6,12,1
10,20,4,0,1,0,3,0,0,0,1,1,1,7,0,1,0,7,2,14,1
4,20,4,0,1,3,1,1,1,0,1,1,1,0,0,5,3,6,9,13,1
11,20,0,1,1,0,3,0,0,0,1,1,1,0,2,1,0,7,11,14,1
2,17,2,1,1,0,3,3,0,16,1,1,1,0,0,1,5,9,0,6,0
6,18,4,0,1,0,3,1,0,2,1,1,1,8,0,1,0,6,8,8,1
4,15,4,1,0,0,3,3,0,3,0,1,1,4,0,1,0,5,8,5,1
8,16,4,0,0,0,3,3,0,15,1,1,0,0,0,0,5,0,0,0,0
13,15,0,1,1,0,3,1,0,2,1,1,1,0,2,1,0,8,4,11,1
12,20,0,1,1,0,3,0,0,1,1,1,1,5,2,1,0,6,3,12,1
10,20,4,0,1,0,3,0,0,0,1,1,1,5,0,1,0,8,4,11,1
9,14,0,1,1,0,3,0,0,14,1,1,1,0,0,0,5,0,0,0,1
11,20,4,1,1,0,3,1,0,0,1,1,1,0,2,2,0,6,0,11,0
1,18,4,1,1,0,3,1,0,2,1,1,1,0,0,1,0,2,1,6,1
9,19,0,0,1,4,3,0,1,0,1,1,1,0,0,1,5,0,0,0,0
10,1,4,0,1,3,3,0,1,15,1,1,1,5,0,7,5,6,0,0,0
5,12,0,0,1,0,3,0,0,1,1,1,1,7,0,1,2,0,0,0,1
13,19,0,1,1,4,3,0,1,1,1,1,1,0,2,1,0,6,4,12,0
15,19,4,0,1,0,3,0,0,2,1,1,1,1,2,3,0,6,2,6,1
13,18,4,0,1,3,3,0,1,0,1,1,1,5,2,1,1,6,0,10,1
3,13,0,1,1,4,3,3,1,8,1,1,1,0,0,1,5,0,0,0,1
8,15,4,0,1,0,3,0,0,2,1,1,1,0,0,1,0,6,11,8,1
13,20,4,1,1,4,3,0,1,0,1,1,1,0,2,1,0,7,2,13,0
10,20,0,1,1,3,3,0,1,0,1,1,1,0,0,1,0,8,3,14,1
5,15,4,1,0,4,3,0,1,9,1,1,1,0,0,1,0,5,11,3,1
11,20,0,1,1,0,3,1,0,0,1,1,1,0,2,2,0,8,11,12,1
4,17,4,0,1,0,3,1,0,0,1,1,1,0,0,1,0,6,4,9,1
10,20,0,1,1,0,3,0,0,0,1,1,1,0,0,1,0,6,5,10,1
2,0,4,0,1,4,3,0,1,9,1,1,1,7,0,1,0,6,3,11,1
10,18,4,1,1,0,3,0,0,0,1,1,1,0,0,7,0,4,3,5,1
7,15,4,0,1,3,1,0,1,0,1,1,1,5,0,1,0,9,7,8,1
14,21,0,0,1,4,3,1,1,0,1,1,1,0,2,6,0,5,9,14,0
7,17,0,0,1,0,3,0,0,0,1,1,1,7,0,1,0,6,2,9,1
10,16,0,1,1,4,3,0,1,1,1,1,1,0,0,1,0,3,3,3,1
7,20,0,1,1,0,3,0,0,0,1,1,1,0,0,1,0,6,6,8,1
9,14,4,0,1,0,3,3,0,5,1,1,1,5,0,1,2,0,0,8,1
10,20,4,0,1,0,3,3,0,11,1,1,1,0,0,1,0,8,3,14,0
8,18,4,0,1,0,3,1,0,12,1,1,1,8,0,1,0,9,4,12,0
2,17,0,1,1,0,3,3,0,16,1,1,1,0,0,6,5,8,0,4,0
7,20,0,1,1,0,3,2,0,0,1,1,1,6,0,3,1,3,0,11,1
15,21,4,1,1,0,3,1,0,0,1,1,1,0,2,4,0,6,4,12,1
6,19,0,1,1,0,3,3,0,1,1,1,1,1,0,6,0,1,8,3,1
14,20,0,1,1,0,3,3,0,1,1,1,1,0,2,1,0,6,6,13,1
4,15,2,1,1,0,3,1,0,2,1,1,1,6,0,1,0,2,10,8,1
9,15,4,0,1,0,3,0,0,12,1,1,1,0,0,1,2,6,0,9,0
3,18,4,1,1,0,3,3,0,16,1,1,1,0,0,1,0,8,2,5,0
7,20,4,1,1,0,3,1,0,0,1,1,1,0,0,4,0,5,5,6,0
5,17,4,0,0,0,3,0,0,15,1,1,0,1,0,0,5,0,0,1,0
6,20,0,0,1,0,0,3,0,11,1,1,1,0,2,5,4,8,6,11,0
6,20,4,1,1,3,3,0,0,16,1,1,1,0,0,7,0,9,5,11,1
3,20,4,1,1,0,3,1,0,16,1,1,1,0,0,1,5,2,0,4,0
7,17,4,0,1,0,3,0,0,0,1,1,1,0,0,1,0,6,1,10,0
12,15,4,0,1,3,3,3,1,15,1,1,1,5,2,4,5,0,0,2,0
5,18,0,1,1,0,3,1,0,0,1,1,1,7,0,6,5,0,0,0,0
1,15,4,0,1,3,3,0,1,16,1,1,1,5,0,1,0,6,6,4,0
6,15,4,0,1,0,3,3,0,14,1,1,1,1,0,1,0,2,4,2,1
10,12,0,0,1,4,3,0,1,1,1,1,1,7,0,0,5,0,0,0,1
10,20,4,1,1,0,3,0,0,2,1,1,1,8,0,3,0,6,7,10,1
3,18,4,0,1,0,3,0,0,2,1,1,1,0,0,1,0,6,10,11,1
15,20,0,0,1,3,3,3,1,0,1,1,1,0,2,1,5,8,0,11,1
15,20,0,0,1,4,3,0,1,0,1,1,1,0,2,1,0,9,8,13,1
7,20,4,0,1,0,3,1,0,2,1,1,1,0,0,1,0,6,2,10,1
15,20,0,1,1,0,3,2,0,1,1,1,1,0,2,1,0,6,10,12,1
13,15,0,1,1,4,3,0,1,1,1,1,1,7,2,1,0,4,10,5,1
12,22,4,0,1,0,3,0,0,0,1,1,1,0,2,2,0,7,6,14,1
4,20,4,1,1,0,3,0,0,2,1,1,1,0,0,1,0,6,1,7,1
12,17,0,1,1,3,3,0,1,0,1,1,1,0,2,1,0,6,2,10,1
3,13,4,0,0,0,3,0,1,9,1,1,1,5,0,1,0,6,4,8,0
13,0,4,0,1,0,3,0,0,0,1,1,1,1,2,1,0,3,1,6,1
14,20,4,1,1,0,3,1,0,9,1,1,1,5,2,0,5,0,0,0,1
2,22,4,0,1,0,3,0,0,15,1,1,1,0,0,0,5,0,0,0,1
13,15,0,1,1,4,3,0,1,0,1,1,1,7,2,1,0,6,6,12,1
8,16,0,0,0,0,3,0,0,1,1,0,1,0,0,1,0,6,11,4,1
14,23,0,0,1,0,3,1,0,1,1,1,1,5,2,1,0,8,8,14,1
15,21,0,1,1,0,3,0,0,1,1,1,1,0,2,2,0,6,8,8,1
7,20,0,1,1,0,3,0,0,2,1,1,1,1,0,2,0,1,6,3,1
9,20,0,0,1,3,3,3,1,1,1,1,1,5,0,6,5,0,0,0,1
3,18,4,1,1,0,3,3,0,2,1,1,1,7,0,1,0,6,3,5,1
4,19,4,1,1,0,3,0,0,2,1,1,1,0,0,1,0,1,8,4,1
9,18,0,1,0,0,3,1,0,2,0,1,1,0,0,4,0,0,5,13,0
13,21,0,1,1,0,3,0,0,0,1,1,1,0,2,1,1,9,0,14,1
4,17,4,1,1,0,3,0,0,2,1,1,1,5,0,4,0,4,2,3,1
13,15,4,1,1,0,3,3,0,2,1,1,1,0,2,1,0,6,3,13,1
13,20,4,1,1,2,3,1,0,2,1,1,1,5,2,1,0,2,3,6,1
1,15,4,1,1,0,3,1,0,16,1,1,1,0,0,1,5,2,0,3,0
3,18,4,1,1,0,3,0,0,0,1,1,1,7,0,0,5,0,0,0,1
9,20,0,0,1,0,3,3,0,0,1,1,1,0,0,1,0,6,3,13,1
10,21,4,0,1,0,3,0,0,0,1,1,1,8,0,4,0,6,1,12,1
9,19,0,1,1,0,3,3,0,2,1,1,1,0,0,1,0,8,7,10,1
8,18,0,0,1,0,3,3,0,5,1,1,1,0,0,2,0,6,11,8,1
11,21,0,0,1,2,3,1,0,1,1,1,1,8,2,1,0,5,6,14,1
2,15,0,1,1,4,3,0,1,8,1,1,1,0,0,1,5,6,0,0,0
0,18,4,1,1,4,3,0,1,11,1,1,1,5,0,0,5,0,0,0,0
1,18,4,1,1,0,3,1,0,16,1,1,1,0,0,1,0,4,5,5,1
12,22,4,1,1,0,3,0,0,0,1,0,1,8,0,7,1,6,0,11,1
7,18,0,1,1,0,3,0,0,2,1,1,1,7,0,1,0,6,2,10,1
7,18,0,1,1,0,3,1,0,0,1,1,1,0,0,1,0,8,1,9,1
14,20,0,1,1,0,3,0,0,1,1,1,1,0,2,1,0,8,11,11,1
6,18,4,0,1,0,3,3,0,11,1,1,1,1,0,1,0,6,6,8,1
0,18,4,0,0,0,2,3,0,3,0,1,1,0,0,1,0,2,4,5,1
0,15,4,1,1,4,3,0,1,16,1,1,1,0,0,1,5,4,0,5,1
10,16,4,0,1,0,3,3,0,2,1,1,1,0,0,1,0,5,2,3,0
5,15,0,1,1,0,3,0,0,10,1,1,1,8,0,1,0,9,3,10,1
0,18,4,0,1,0,3,0,0,2,1,1,1,0,0,1,0,3,3,9,1
0,18,4,1,1,0,3,3,0,0,1,1,1,0,0,1,0,3,2,8,0
11,20,0,1,1,0,3,0,0,1,1,1,1,0,2,1,0,6,3,9,1
8,20,4,1,1,0,3,1,0,2,1,1,1,7,0,1,0,6,6,8,0
13,20,4,0,1,0,3,1,0,2,1,1,1,1,2,1,0,6,6,11,1
6,14,4,0,1,0,3,0,0,11,1,1,1,7,0,0,5,0,0,5,1
4,18,4,0,1,0,3,0,0,2,1,1,1,0,0,1,0,6,7,5,1
14,11,4,1,1,4,3,0,1,0,1,1,1,0,2,1,0,6,3,10,1
15,15,4,1,1,0,3,0,0,0,1,1,1,7,2,0,5,0,0,8,1
1,18,4,0,1,0,3,0,0,14,1,1,1,0,0,1,0,9,6,2,1
2,18,0,1,1,4,3,0,1,8,1,1,1,5,0,0,5,0,0,0,1
12,15,4,0,1,0,3,0,0,12,1,1,1,5,2,1,0,7,3,13,1
4,15,4,0,1,0,3,0,0,2,1,1,1,0,0,1,0,4,5,7,0
9,18,4,1,1,0,3,1,0,0,1,1,1,0,0,3,5,0,0,0,1
5,20,4,1,1,0,3,0,0,0,1,1,1,0,0,1,0,3,4,5,1
12,15,4,0,1,0,3,1,0,16,1,1,1,0,2,1,0,8,1,11,1
2,22,4,1,1,3,3,1,1,2,1,1,1,8,0,2,0,6,6,8,1
7,21,4,1,1,0,3,0,0,2,1,1,1,7,0,1,0,6,5,8,1
8,13,4,1,1,0,3,1,0,2,1,1,1,8,0,1,0,3,1,6,1
1,18,4,1,1,0,3,1,0,2,1,1,1,8,0,2,5,2,0,2,1
9,16,0,0,1,4,3,0,1,1,1,1,1,5,0,1,0,6,6,10,0
0,18,4,1,1,0,3,0,0,2,1,1,1,0,0,1,0,1,2,3,1
12,15,0,1,1,0,3,0,0,8,1,1,1,5,2,4,5,0,0,11,1
11,14,0,1,1,4,3,0,1,2,1,1,1,7,2,0,5,0,0,0,1
12,20,4,1,1,0,3,0,0,11,1,1,1,0,2,1,0,4,3,4,0
12,18,4,1,1,0,3,3,0,0,1,1,1,0,2,2,5,0,0,0,1
14,19,4,0,1,0,3,1,0,2,1,1,1,4,2,3,0,8,8,14,1
14,20,0,1,1,0,3,3,0,0,1,1,1,5,2,3,0,6,6,11,1
1,18,4,0,1,0,3,0,0,11,1,1,1,7,0,1,2,6,0,2,1
15,22,0,0,1,4,3,0,1,1,1,1,1,0,2,1,0,6,6,10,1
2,15,4,0,1,4,3,0,1,4,1,1,1,7,0,1,0,6,6,7,1
14,20,0,1,1,0,3,0,0,0,1,1,1,0,2,1,0,6,3,11,1
11,20,0,0,1,0,3,0,0,0,1,1,1,0,2,1,0,6,11,14,1
15,15,0,1,1,0,3,3,0,10,1,1,1,0,2,1,0,9,11,13,1
5,20,4,0,1,0,3,0,0,0,1,1,1,5,0,1,0,8,2,9,0
14,21,0,0,1,4,3,0,1,0,1,1,1,7,2,1,0,6,2,13,1
12,17,0,0,1,0,3,3,0,0,1,1,1,0,2,0,5,0,0,12,1
4,20,4,1,1,0,3,1,0,12,1,1,1,8,0,1,0,2,10,6,0
15,21,0,1,1,0,3,1,0,1,1,1,1,0,2,1,0,7,3,13,1
15,20,0,1,1,0,3,1,0,1,1,1,1,0,2,1,0,6,11,14,1
13,15,4,0,1,0,3,0,0,15,1,1,1,1,2,0,5,0,0,0,1
14,21,0,1,1,4,3,0,1,0,1,1,1,5,2,1,0,6,8,14,1
1,15,4,0,1,4,3,0,1,11,1,1,1,5,0,1,0,6,6,5,1
3,13,4,0,0,0,3,0,0,15,1,0,1,0,0,0,5,0,0,2,1
4,18,4,0,1,0,3,0,0,16,1,1,1,0,0,1,0,9,2,7,1
1,18,4,1,1,0,3,0,0,2,1,1,1,0,0,0,5,0,0,0,0
7,10,0,0,1,4,3,0,1,0,1,1,1,0,0,0,5,0,0,0,1
6,21,4,1,1,0,3,0,0,0,1,1,1,5,0,1,0,6,5,12,0
13,18,4,0,1,0,3,0,0,0,1,1,1,7,2,7,0,2,3,5,1
3,19,4,0,1,0,3,1,0,16,1,1,1,0,0,1,5,6,0,7,1
9,20,0,0,1,0,3,1,0,0,1,1,1,0,0,1,5,8,0,14,1
9,19,0,0,1,0,3,1,0,0,1,1,1,8,0,1,0,7,4,10,1
4,15,4,1,1,0,3,3,0,2,1,1,1,0,0,1,2,2,0,4,1
8,20,4,1,1,0,3,1,0,0,1,1,1,0,0,1,5,0,0,0,0
3,18,4,0,1,0,3,0,0,15,1,1,1,7,0,1,5,6,0,2,1
12,21,4,1,1,0,3,3,0,5,1,1,1,0,2,2,0,6,2,9,1
0,15,4,0,1,0,3,0,0,2,1,1,1,1,0,1,2,2,0,3,1
10,8,4,1,1,4,3,0,1,16,1,1,1,0,0,1,5,0,0,3,1
15,18,4,0,1,4,3,0,1,12,1,1,1,0,2,0,5,0,0,0,1
10,20,0,1,1,4,3,0,1,0,1,1,1,0,0,1,0,7,5,12,0
7,15,0,0,1,0,3,0,0,0,1,1,1,0,0,1,0,9,11,5,1
15,15,4,1,1,0,3,0,0,9,1,1,1,5,2,3,5,4,0,3,1
13,19,0,1,1,0,3,1,0,0,1,1,1,0,2,2,0,2,3,8,1
10,15,0,1,1,0,3,3,0,0,1,1,1,0,0,1,1,9,0,6,1
15,19,0,0,1,0,3,1,0,11,1,1,1,0,2,1,0,4,8,5,0
10,15,0,1,1,0,3,0,0,0,1,1,1,0,0,1,0,4,1,5,1
6,20,0,1,1,0,3,0,0,0,1,1,1,5,0,1,0,6,3,11,1
10,14,0,1,1,3,3,0,1,3,1,1,1,2,0,1,5,2,7,5,1
7,19,4,1,1,0,3,0,0,5,1,1,1,5,0,1,5,6,0,3,1
3,15,4,1,1,0,3,0,0,11,1,1,1,7,0,1,0,8,2,6,1
14,20,2,0,1,0,3,0,0,5,1,1,1,5,2,1,0,6,4,12,1
6,20,4,1,0,0,2,0,0,2,1,1,0,0,2,5,4,6,4,6,0
9,15,0,0,1,0,3,0,0,1,1,1,1,0,0,1,0,6,11,6,1
0,15,4,0,1,0,3,0,0,2,1,1,1,0,0,1,0,4,0,4,1
8,18,4,1,1,0,3,0,0,12,1,1,1,7,0,1,5,0,0,0,1
3,20,0,1,1,1,3,0,1,9,1,1,1,0,0,6,1,1,0,2,1
10,19,0,1,1,0,3,1,0,0,1,1,1,0,0,1,0,6,5,11,0
2,18,4,0,1,3,3,0,1,2,1,1,1,5,0,0,5,0,0,0,1
6,17,4,1,1,3,3,0,1,7,1,1,1,5,0,1,2,0,0,4,0
3,20,4,0,1,0,3,0,0,0,1,1,1,0,0,1,0,9,1,14,1
10,20,4,1,1,0,3,3,0,2,1,1,1,8,0,2,0,6,10,12,1
12,16,4,0,1,0,3,3,0,15,1,1,1,7,2,0,5,0,0,0,0
6,15,4,1,1,0,3,3,0,0,1,1,1,0,0,9,2,0,0,0,1
11,15,4,1,1,0,3,0,0,10,1,1,1,8,2,4,0,6,10,10,1
11,21,4,0,1,4,3,0,1,0,1,1,1,5,2,1,0,6,2,13,0
4,18,4,1,1,4,3,0,1,4,1,1,1,7,0,1,0,6,8,7,1
1,18,4,0,1,0,0,0,0,16,1,1,1,1,0,5,3,6,1,10,1
5,11,4,0,1,0,3,1,0,0,1,1,1,0,0,1,0,9,3,2,1
6,20,0,1,1,4,3,0,1,1,1,1,1,7,0,1,1,1,0,2,0
10,18,0,1,1,0,3,1,0,0,1,1,1,0,0,3,0,2,6,3,1
10,20,4,1,1,0,3,1,0,0,1,1,1,0,0,5,0,6,4,11,1
11,15,0,0,1,0,3,0,0,1,1,1,1,7,2,1,2,8,0,8,0
6,18,4,1,1,0,3,3,0,5,1,1,1,5,0,1,0,2,9,8,1
10,20,0,0,1,0,3,0,0,0,1,1,1,5,0,1,0,7,3,11,1
2,20,4,1,1,3,3,0,1,2,1,1,1,0,0,1,0,6,9,4,1
9,14,0,0,1,0,3,1,0,0,1,1,1,0,0,1,0,6,5,14,0
7,18,4,1,1,0,3,0,0,0,1,1,1,0,0,1,0,6,10,12,1
10,21,4,0,1,4,3,0,1,2,1,1,1,5,0,2,0,9,8,14,1
11,14,4,0,1,0,3,1,0,14,1,1,1,0,2,7,0,8,10,12,1
9,15,0,0,1,0,3,0,0,0,1,1,1,7,0,1,0,6,6,9,0
14,15,0,1,1,0,3,0,0,1,1,1,1,0,2,1,2,0,0,0,1
13,21,4,1,1,0,3,1,0,0,1,1,1,0,2,2,0,6,1,13,1
15,18,0,0,1,0,3,0,0,1,1,1,1,0,2,1,0,6,3,12,1
13,12,3,0,1,4,3,0,1,0,1,1,1,7,2,0,5,0,0,4,1
2,15,4,0,1,0,3,1,0,15,1,1,1,0,0,1,2,6,0,9,1
6,15,4,1,1,4,3,3,1,14,1,1,1,0,0,1,0,6,6,10,1
15,20,4,0,1,0,3,0,0,12,1,1,1,5,2,1,0,7,5,14,1
6,18,4,0,1,0,3,0,0,16,1,1,1,1,0,1,5,0,0,1,0
9,18,4,0,1,0,3,1,0,2,1,1,1,0,0,1,0,3,3,6,1
13,18,4,1,0,0,3,3,0,0,1,1,0,0,2,1,0,3,2,6,1
14,20,4,1,0,0,3,1,0,2,1,1,0,0,2,1,0,6,5,7,1
10,18,4,1,1,0,3,0,0,0,1,1,1,0,0,7,0,5,5,9,1
15,15,0,0,1,0,3,0,0,1,1,1,1,0,2,1,0,6,3,6,1
3,15,4,1,0,0,3,0,0,12,1,1,0,0,0,1,5,3,0,4,1
8,16,3,0,0,0,3,0,0,3,1,1,0,7,1,1,0,9,4,2,1
4,18,4,1,1,4,3,0,1,0,1,1,1,5,0,1,0,6,4,9,1
7,20,4,0,1,0,3,1,0,2,1,1,1,0,0,1,0,6,6,5,1
8,18,4,0,0,0,3,1,0,2,1,1,0,8,0,1,5,0,0,3,1
13,11,2,0,1,4,3,0,1,15,1,1,1,0,2,1,5,9,0,0,1
11,20,0,1,1,0,3,3,0,0,1,1,1,0,2,6,0,8,11,6,0
14,18,0,1,1,4,3,0,1,8,1,1,1,0,2,1,0,2,4,5,1
2,18,4,1,1,0,3,0,0,16,1,1,1,0,0,2,5,6,0,7,1
14,21,0,1,1,0,3,1,0,1,1,1,1,0,2,5,0,6,4,13,0
13,18,0,1,1,3,3,3,1,1,1,1,1,0,2,9,2,0,0,0,1
12,18,4,0,1,3,3,3,1,11,1,1,1,7,2,1,0,6,2,5,0
14,15,4,0,1,0,3,3,0,0,1,1,1,0,2,1,0,6,8,11,1
12,19,4,1,1,0,3,0,0,12,1,1,1,0,2,1,0,6,3,12,1
11,19,4,1,1,0,3,0,0,12,1,1,1,0,2,1,0,3,2,5,0
15,15,4,1,1,0,3,0,0,9,1,1,1,0,2,0,5,0,0,3,1
11,21,4,1,1,0,3,1,0,12,1,1,1,0,2,1,0,6,3,14,1
12,20,4,0,1,0,3,3,0,12,1,1,1,0,2,1,0,8,10,13,1
9,20,4,1,1,0,3,1,0,12,1,1,1,8,0,1,0,6,0,13,0
14,16,0,0,1,0,3,0,0,1,1,1,1,7,2,1,0,7,5,13,1
7,21,0,1,1,0,3,0,0,1,1,1,1,5,0,2,0,6,1,11,1
10,20,4,0,1,0,3,0,0,0,1,1,1,0,0,3,0,9,10,13,1
13,19,4,1,1,0,3,1,0,12,1,1,1,0,2,1,0,7,2,10,1
2,18,4,1,1,0,3,0,0,2,1,1,1,7,0,1,0,6,2,5,1
14,14,4,1,1,0,3,3,0,2,1,1,1,7,2,1,0,6,3,2,1
0,15,4,0,1,0,3,0,0,0,1,1,1,0,0,1,0,6,3,4,1
9,19,4,0,1,0,3,0,0,2,1,1,1,0,0,3,0,2,7,4,0
2,18,4,0,1,0,0,0,0,16,1,1,1,0,0,5,3,9,4,7,0
9,15,4,0,1,0,3,0,0,0,1,1,1,0,0,1,0,6,10,6,1
4,21,4,1,1,0,3,1,0,0,1,1,1,1,0,1,0,6,8,13,1
4,18,4,1,1,0,3,1,0,16,1,1,1,0,0,1,0,4,1,5,0
13,15,0,0,1,0,3,1,0,1,1,1,1,0,2,3,5,0,0,1,0
1,18,4,0,1,0,3,0,0,2,1,1,1,0,0,1,0,1,6,2,1
6,15,4,1,1,3,3,0,1,11,1,1,1,0,0,0,5,0,0,0,0
15,10,0,0,1,3,3,0,1,15,1,1,1,8,2,4,5,0,0,0,1
10,20,0,1,1,0,3,1,0,0,1,1,1,0,0,1,0,8,4,12,0
3,20,4,0,1,0,3,1,0,2,1,1,1,0,0,9,2,0,0,0,1
0,15,4,0,1,0,2,0,0,2,1,1,1,0,0,1,0,4,4,6,1
12,15,3,0,1,0,3,3,0,0,1,1,1,0,2,7,0,7,5,9,1
3,15,4,0,0,0,3,0,0,2,1,1,0,0,0,0,5,0,0,0,1
9,20,0,0,1,0,3,1,0,1,1,1,1,0,0,1,0,6,4,9,1
2,18,4,1,1,0,3,0,0,7,1,1,1,2,0,5,2,6,3,5,1
6,18,4,1,1,4,3,0,1,2,1,1,1,5,0,1,0,3,6,3,1
5,17,4,0,0,0,3,1,0,2,0,1,1,0,0,4,0,5,8,5,1
7,18,4,1,1,0,3,0,0,5,1,1,1,0,0,2,0,6,3,10,1
2,15,4,0,1,0,3,0,0,2,1,1,1,0,0,1,0,2,4,4,1
11,20,4,0,1,3,3,0,1,0,1,1,1,5,2,0,5,0,0,0,1
12,20,4,0,1,0,3,0,0,0,1,1,1,8,2,1,0,6,6,14,1
4,20,4,1,1,0,3,0,0,10,1,1,1,4,0,1,0,8,7,13,1
1,18,0,1,1,4,3,0,0,8,1,1,1,2,0,1,0,2,2,11,1
8,15,4,0,1,4,3,0,1,12,1,1,1,7,0,1,0,6,2,9,1
6,18,4,1,1,0,3,0,0,9,1,1,1,0,0,1,0,4,2,8,1
9,14,4,0,0,0,3,0,0,2,1,1,0,0,0,8,5,0,0,0,1
2,19,0,0,1,0,3,0,0,8,1,1,1,0,0,0,5,0,0,0,0
12,18,4,1,1,0,3,0,0,2,1,1,1,8,0,2,0,2,3,4,1
10,15,0,1,1,3,3,0,1,1,1,1,1,0,0,0,5,0,0,4,1
9,0,0,1,1,4,3,0,1,1,1,1,1,7,0,6,0,6,4,6,1
14,8,0,0,1,4,3,0,1,0,1,1,1,0,2,1,5,0,0,0,1
10,20,4,1,1,0,3,1,0,2,1,1,1,0,0,1,0,6,6,10,1
13,19,4,0,1,0,3,1,0,2,1,1,1,0,2,1,0,6,5,12,1
1,18,4,1,1,0,3,3,0,10,1,1,1,0,0,1,0,6,3,3,1
13,20,0,0,1,0,3,1,0,0,1,1,1,0,2,3,0,9,1,11,1
4,18,4,0,1,0,3,0,0,2,1,1,1,7,0,1,0,6,6,4,1
3,15,4,0,1,0,0,0,0,16,1,1,1,0,0,5,3,8,2,4,1
12,19,4,0,1,0,3,0,0,0,1,1,1,0,2,1,0,6,11,6,0
9,19,4,0,1,0,3,0,0,0,1,1,1,0,0,3,0,7,7,10,1
9,18,4,1,1,0,3,0,0,12,1,1,1,0,0,1,0,6,2,11,1
7,20,4,0,1,0,3,0,0,2,1,1,1,5,0,6,1,6,0,11,1
15,18,0,1,1,4,3,3,1,1,1,1,1,0,2,0,5,0,0,0,1
10,20,4,1,1,0,3,1,0,2,1,1,1,0,0,6,0,1,11,3,1
10,20,4,1,1,0,3,0,0,12,1,1,1,7,0,1,5,0,0,0,1
13,20,4,0,1,0,3,3,0,2,1,1,1,0,2,1,0,6,5,12,1
13,21,4,0,1,0,3,1,0,0,1,1,1,0,2,1,0,8,8,13,1
15,18,4,1,1,4,3,0,1,10,1,1,1,5,2,0,5,0,0,0,0
13,15,4,0,0,0,3,0,0,12,1,1,0,0,2,0,5,0,0,5,0
2,18,4,1,1,0,3,0,0,4,1,1,1,0,0,1,0,6,2,7,1
8,15,0,0,1,4,3,0,1,1,1,1,1,0,0,0,5,0,0,0,0
7,19,0,1,1,0,3,1,0,2,1,1,1,0,0,1,0,6,5,10,1
0,18,0,1,1,0,3,0,0,8,1,1,1,0,0,1,0,4,0,6,1
7,19,4,0,1,0,3,1,0,2,1,1,1,5,0,0,5,0,0,5,1
1,17,4,1,1,0,3,0,0,2,1,1,1,0,0,1,0,6,4,5,1
5,18,4,1,1,3,3,0,1,2,1,1,1,0,0,1,0,6,3,9,1
1,19,4,0,1,0,3,0,0,2,1,1,1,0,0,2,0,6,6,12,1
6,18,4,1,0,0,3,0,0,16,1,1,0,0,0,1,0,3,2,5,0
14,20,0,1,1,4,3,0,1,0,1,1,1,0,2,1,0,6,5,14,1
14,18,0,1,1,0,3,0,0,1,1,1,1,7,2,1,5,0,0,0,1
5,19,4,1,1,0,3,0,0,2,1,1,1,0,0,1,5,0,0,0,1
2,18,4,1,1,3,3,0,1,2,1,1,1,5,0,3,0,1,1,1,1
7,20,4,1,1,0,3,0,0,2,1,1,1,0,0,1,0,6,4,6,1
7,20,4,1,1,0,3,0,0,12,1,1,1,0,0,1,0,6,10,9,1
2,15,4,0,1,0,0,2,0,16,1,1,1,5,0,5,3,3,1,1,1
9,20,0,0,1,4,3,0,1,1,1,1,1,5,0,0,5,0,0,5,1
0,18,4,1,1,0,3,3,0,11,1,1,1,0,0,0,5,0,0,0,1
6,15,4,0,1,4,3,1,1,0,1,1,1,0,0,5,0,6,8,11,1
11,18,4,1,1,0,3,0,0,16,1,1,1,1,2,1,5,6,0,7,1
12,18,2,1,1,0,3,0,0,0,1,1,1,1,2,1,0,7,8,11,1
12,14,4,0,1,0,3,0,0,16,1,1,1,8,2,7,1,8,0,6,1
11,20,4,0,1,0,3,1,0,2,1,1,1,5,2,1,0,6,6,10,1
9,19,4,1,1,0,3,3,0,2,1,1,0,0,0,6,0,3,7,6,1
15,15,0,1,1,0,3,2,0,1,1,1,1,0,2,0,5,0,0,0,1
11,18,4,0,0,0,3,3,0,11,1,0,1,0,2,3,0,6,11,14,1
14,19,0,1,1,0,3,3,0,8,1,1,1,0,2,1,5,0,0,0,1
8,21,4,0,1,0,3,1,0,7,1,1,1,0,0,1,0,6,4,9,1
1,18,4,0,1,4,3,0,1,11,1,1,1,7,0,1,5,1,0,2,0
9,15,0,0,1,4,3,0,1,1,1,1,1,0,0,5,0,9,6,11,1
3,18,4,0,1,0,3,0,0,2,1,1,1,5,0,1,0,1,8,1,0
14,19,0,1,1,3,3,3,1,8,1,1,1,5,2,3,5,0,0,0,1
14,15,0,1,1,0,3,0,0,9,1,1,1,8,0,2,2,2,0,1,1
13,0,2,1,0,0,3,3,0,13,1,1,0,0,2,0,5,0,0,8,1
9,20,4,1,1,3,3,1,1,2,1,1,1,5,0,3,5,0,0,0,1
15,17,0,0,1,0,3,0,0,0,1,1,1,0,2,1,0,9,8,10,0
9,15,4,0,1,0,3,1,0,0,1,1,1,0,0,1,0,6,3,6,0
15,18,0,0,1,4,3,0,1,1,1,1,1,7,2,1,0,8,10,10,1
1,15,4,0,1,0,3,1,0,7,1,1,1,0,0,1,0,3,4,2,1
4,19,4,1,1,0,3,0,0,2,1,1,1,0,0,1,0,6,2,7,1
8,20,4,0,1,0,3,3,0,2,1,1,1,0,0,1,5,8,0,7,1
0,18,4,0,0,0,3,0,0,9,1,1,1,5,0,1,0,6,4,2,1
3,20,0,1,1,0,3,0,0,1,1,1,1,0,0,2,5,0,0,0,0
8,15,4,1,1,0,3,0,0,5,1,1,1,7,0,1,0,8,3,6,1
3,18,4,1,1,0,3,0,0,2,1,1,1,0,0,0,5,0,0,4,1
14,23,4,1,1,4,3,1,1,0,1,1,1,0,2,1,0,8,8,10,1
9,20,4,1,1,0,3,1,0,5,1,1,1,8,0,1,0,3,1,6,1
3,13,4,1,1,0,3,0,0,2,1,1,1,0,0,0,5,0,0,0,1
2,18,4,1,1,0,3,1,0,2,1,1,1,0,0,0,5,0,0,0,0
8,15,4,0,1,0,3,0,0,11,1,1,1,0,0,1,0,4,2,3,0
13,0,4,0,1,0,3,0,0,15,1,1,1,1,2,0,5,0,0,1,1
9,20,0,1,1,0,3,0,0,2,1,1,1,0,0,0,5,0,0,0,1
14,20,4,1,1,0,3,1,0,2,1,1,1,0,2,0,5,0,0,0,1
6,20,4,0,1,0,3,0,0,11,1,1,1,0,0,1,0,6,6,5,1
9,20,0,1,1,0,3,0,0,1,1,1,1,0,0,1,0,7,3,14,0
11,16,0,0,1,0,0,0,1,0,1,1,1,5,2,5,3,7,1,12,0
10,16,0,1,1,0,3,1,0,0,1,1,1,0,0,1,0,6,6,10,0
5,20,4,0,1,0,3,1,0,2,1,1,1,0,0,1,0,4,11,5,0
6,19,4,1,1,0,3,0,0,12,1,1,1,0,0,2,0,6,4,10,1
11,20,0,1,1,0,3,1,0,0,1,1,1,0,2,1,0,4,2,5,1
4,18,4,1,1,0,3,1,0,2,1,1,1,1,0,0,5,0,0,1,1
14,15,4,1,1,0,3,1,0,5,1,1,1,0,2,1,0,6,5,9,1
11,15,4,1,1,0,3,0,0,2,1,1,1,8,2,1,0,6,2,9,1
0,18,4,1,1,0,3,3,0,2,1,1,1,0,0,0,5,0,0,0,1
2,18,4,1,1,0,3,0,0,2,1,1,1,0,0,1,5,2,0,1,1
9,20,4,1,1,0,3,1,0,0,1,1,1,0,0,1,0,6,8,14,0
9,20,4,0,1,3,3,0,1,0,1,1,1,0,0,3,0,7,3,11,1
4,20,4,0,1,0,3,0,0,2,1,1,1,0,0,2,0,6,2,7,1
10,16,4,1,1,0,3,3,0,12,1,1,1,7,0,0,5,0,0,3,1
4,19,4,0,1,4,3,0,1,2,1,1,1,5,0,1,0,6,10,5,1
7,15,0,1,1,4,3,0,1,11,1,1,1,0,0,1,0,6,7,13,1
11,17,0,0,1,0,1,3,0,0,1,1,1,0,2,1,0,6,11,13,0
11,8,0,0,1,2,1,0,1,0,1,0,1,8,2,6,0,6,4,12,0
3,20,4,1,1,0,3,0,0,2,1,1,1,7,0,3,5,0,0,2,1
12,20,0,0,1,0,3,1,0,0,1,1,1,5,2,2,0,6,11,12,1
4,15,4,0,1,0,3,0,0,11,1,1,1,7,0,1,0,4,5,6,0
4,17,4,0,1,0,3,0,0,7,1,1,1,1,0,1,2,0,0,4,1
8,18,4,0,1,0,3,0,0,7,1,1,1,7,0,1,0,5,4,4,1
10,17,4,0,1,3,3,1,1,11,1,1,1,0,0,1,0,6,4,10,1
0,18,4,0,1,0,3,0,0,2,1,1,1,0,0,1,0,2,3,5,1
7,18,4,0,1,0,3,1,0,2,1,1,1,0,0,9,2,0,0,0,1
13,12,0,0,1,0,3,0,0,1,1,1,1,8,2,1,2,0,0,5,1
14,20,0,0,1,0,3,0,0,1,1,1,1,0,2,1,0,7,8,13,0
9,18,0,0,1,0,1,3,0,0,1,1,1,0,0,1,0,6,7,10,1
3,19,4,1,1,0,3,3,0,2,1,1,1,5,0,1,5,0,0,0,0
1,15,4,0,1,4,3,0,1,15,1,1,1,0,0,1,5,6,0,2,0
0,18,4,0,1,0,3,1,0,7,1,1,1,8,0,1,0,3,1,4,1
9,16,0,0,1,0,3,0,0,2,1,1,1,0,0,1,0,6,6,5,1
10,18,4,0,1,0,3,0,0,2,1,1,1,0,0,1,0,6,6,11,1
2,15,4,0,0,0,3,0,0,0,1,1,0,0,0,1,5,2,0,4,1
10,12,4,0,1,0,3,0,0,15,1,1,1,8,0,1,2,0,0,9,1
5,19,4,0,1,0,3,1,0,7,1,1,1,8,0,5,5,0,0,2,1
4,18,4,0,1,0,3,0,0,2,1,1,1,7,0,1,0,6,8,7,1
2,18,4,0,1,0,3,2,0,0,1,1,1,8,0,0,5,0,0,0,0
14,21,4,1,1,0,3,0,0,0,1,1,1,5,2,1,0,6,4,14,1
0,15,4,0,1,0,0,1,0,16,1,1,1,0,0,5,3,2,1,1,0
13,20,4,0,1,0,3,3,0,9,1,1,1,0,2,1,0,6,5,10,0
13,15,4,0,1,0,3,1,0,0,1,1,1,0,2,1,0,6,3,10,1
5,15,4,0,0,0,3,0,0,2,1,1,0,0,0,0,5,0,0,4,1
14,20,0,1,1,3,3,0,1,1,1,1,1,0,2,1,0,5,6,13,1
9,18,0,0,1,2,3,0,1,0,1,1,1,5,0,6,0,2,1,4,0
11,20,4,1,1,4,3,0,1,0,1,1,1,0,2,6,0,1,6,6,0
14,17,0,1,1,0,3,0,0,1,1,1,1,7,2,1,0,6,6,12,1
13,20,4,0,1,0,3,0,0,2,1,1,1,5,2,1,0,6,5,14,1
9,13,4,0,1,0,3,0,0,15,1,1,1,1,0,0,5,0,0,0,1
1,17,4,0,1,4,3,0,1,16,1,1,1,5,0,1,5,0,0,0,1
13,19,0,0,1,0,0,0,0,0,1,1,1,5,2,5,0,8,6,14,1
9,15,4,0,1,0,3,3,0,2,1,1,1,5,0,1,0,6,11,8,1
7,18,4,0,1,0,3,0,0,5,1,1,1,0,0,1,2,6,0,6,1
7,20,4,0,1,0,3,3,0,0,1,1,1,0,0,1,0,6,4,9,0
9,18,0,0,1,3,3,0,1,1,1,1,1,5,0,1,0,6,3,6,1
15,23,4,0,1,4,3,0,1,0,1,1,1,5,2,1,0,8,2,11,1
0,15,4,0,1,0,3,0,0,12,1,1,1,0,0,1,0,4,2,6,0
9,13,0,1,1,4,3,0,1,0,1,1,1,6,0,0,5,0,0,0,1
8,18,4,0,1,0,3,0,0,2,1,1,1,0,0,1,0,2,6,3,1
6,18,4,1,1,0,3,3,0,11,1,1,1,8,0,1,5,1,0,1,1
8,20,0,1,1,0,3,0,0,0,1,1,1,0,0,1,0,6,5,7,1
9,19,4,1,1,0,3,1,0,0,1,1,1,8,0,3,0,6,0,6,0
15,15,4,0,1,3,3,0,1,12,1,1,1,7,2,1,2,2,0,3,1
1,18,4,0,1,0,3,0,0,2,1,1,1,7,0,0,5,0,0,0,1
13,20,4,1,1,0,3,1,0,0,1,1,1,0,2,1,0,2,3,8,1
6,13,4,1,1,0,3,0,0,2,1,1,1,1,0,0,5,0,0,0,1
13,18,0,0,1,0,3,1,0,0,1,1,1,0,2,1,0,6,6,12,1
7,20,4,0,1,0,3,0,0,2,1,1,1,0,0,1,0,4,5,4,1
8,18,4,1,1,0,3,3,0,11,1,1,1,0,0,1,0,4,1,9,0
2,18,4,1,1,0,3,0,0,2,1,1,1,5,0,1,0,6,7,12,1
12,16,0,0,1,0,3,0,0,0,1,1,1,5,2,1,5,1,0,1,1
15,18,2,0,1,0,3,1,0,7,1,1,1,0,2,1,0,6,6,10,1
14,15,0,1,1,0,3,0,0,1,1,1,1,5,2,1,0,4,1,8,1
7,14,0,0,1,3,3,0,1,3,1,1,0,1,1,5,4,9,7,13,1
3,18,4,0,1,0,3,3,0,9,1,1,1,0,0,1,0,6,5,8,1
10,20,4,1,1,0,3,0,0,2,1,1,1,0,0,0,5,0,0,0,1
12,23,4,1,1,0,3,0,0,16,1,1,1,5,2,0,5,0,0,3,0
5,18,4,1,1,0,3,2,0,0,1,1,1,0,0,2,0,6,10,10,0
3,19,4,1,1,0,3,3,0,11,1,1,1,5,0,1,0,6,4,5,1
12,18,4,0,1,0,3,3,0,0,1,1,1,0,2,1,0,6,4,8,1
7,20,0,1,1,0,3,0,0,1,1,1,1,5,0,2,0,6,4,12,1
4,18,4,1,0,0,3,0,0,9,1,1,1,2,0,0,5,0,0,0,1
8,20,4,1,1,0,3,1,0,0,1,1,1,5,0,2,0,1,1,2,1
15,21,0,0,1,4,3,3,1,0,1,1,1,5,2,1,0,6,6,14,1
13,20,4,0,1,0,3,0,0,0,1,1,1,5,2,1,0,6,6,13,1
11,18,4,1,1,0,3,1,0,2,1,1,1,0,2,1,0,2,3,4,1
10,13,4,0,1,0,3,0,0,15,1,1,1,1,0,1,5,0,0,0,0
12,20,4,0,1,0,3,3,0,2,1,1,1,5,2,1,0,6,11,13,1
1,15,4,0,1,0,3,3,0,2,1,1,1,0,0,1,0,6,3,9,1
14,21,0,0,1,0,3,0,0,0,1,1,1,0,2,1,0,6,2,13,0
1,17,4,1,1,4,3,3,1,2,1,1,1,5,0,1,0,4,2,3,0
2,18,4,0,1,0,3,1,0,2,1,1,1,8,0,1,0,6,10,9,1
2,18,4,1,1,0,3,0,0,2,1,1,1,5,0,1,0,2,4,3,1
1,15,4,1,1,0,3,1,0,2,1,1,1,7,0,1,0,2,4,4,0
3,15,4,1,1,0,3,0,0,2,1,1,1,0,0,9,2,0,0,0,1
12,20,4,1,1,0,3,3,0,12,1,1,1,0,2,1,0,7,6,12,1
15,12,3,1,1,0,3,3,0,9,1,1,1,0,2,0,5,0,0,4,1
6,19,4,0,1,0,3,1,0,0,1,1,1,0,0,1,0,4,0,8,0
5,18,0,0,1,0,3,2,0,1,1,1,1,7,0,1,0,6,1,11,1
9,18,0,1,1,0,3,0,0,1,1,1,1,0,0,1,5,0,0,0,1
7,15,4,0,1,0,3,0,0,5,1,1,1,5,0,1,0,6,10,10,1
5,19,4,1,1,0,3,0,0,12,1,1,1,0,0,1,0,2,4,6,1
7,21,4,1,1,4,3,0,1,9,1,1,1,5,0,1,0,6,10,8,1
3,20,4,0,1,0,3,1,0,0,1,1,1,8,0,1,0,5,6,9,1
11,18,2,1,1,0,3,0,0,7,1,1,1,2,2,3,0,6,6,9,1
14,23,0,1,1,0,3,3,0,1,1,1,1,5,2,1,0,6,6,14,1
3,20,4,1,1,0,3,0,0,2,1,1,1,0,0,2,0,6,5,9,1
13,15,4,1,1,0,3,0,0,2,1,1,1,0,2,1,0,2,5,5,1
1,19,4,1,1,0,3,3,0,16,1,1,1,5,0,2,0,2,1,8,0
10,15,0,0,1,4,3,3,1,1,1,1,1,0,0,1,5,0,0,0,1
10,20,0,0,1,0,3,2,0,1,1,1,1,0,0,1,2,6,0,4,1
2,17,4,0,0,0,3,0,0,16,1,1,0,0,0,0,5,0,0,0,0
2,18,4,1,1,0,3,0,0,2,1,1,1,0,0,2,0,6,2,9,1
1,18,4,0,1,0,3,1,0,2,1,1,1,0,0,2,0,1,3,3,1
5,22,4,0,1,0,3,3,0,7,1,1,1,0,0,1,0,8,3,10,1
9,20,0,0,1,0,3,1,0,1,1,1,1,0,0,1,0,6,4,10,1
14,20,0,1,1,0,3,0,0,0,1,1,1,1,2,1,0,6,6,14,0
5,15,4,1,1,0,3,1,0,5,1,1,1,0,0,0,5,0,0,4,1
5,15,4,0,1,0,3,3,0,2,1,1,1,0,0,1,0,6,8,10,1
8,8,4,0,1,4,3,0,1,2,1,1,1,0,0,1,0,6,4,3,0
12,20,0,1,1,0,3,1,0,1,1,1,1,8,2,2,5,0,0,0,1
12,16,4,0,1,0,3,0,0,15,1,1,1,0,2,1,5,0,0,0,1
8,21,0,1,1,4,3,3,1,1,1,1,1,5,0,0,5,0,0,0,1
10,20,4,0,1,0,3,0,0,0,1,1,1,1,0,5,0,6,4,10,1
1,18,4,0,1,0,3,1,0,2,1,1,1,0,0,1,0,1,3,7,0
1,18,4,1,1,0,3,0,0,2,1,1,1,0,0,1,0,5,2,3,1
8,17,3,1,1,0,2,0,0,2,1,1,1,1,0,1,0,6,3,7,1
4,15,4,1,1,4,3,0,1,2,1,1,1,5,0,0,5,0,0,0,1
8,18,4,1,1,4,3,0,1,0,1,1,1,5,0,0,5,0,0,0,1
1,17,4,0,1,0,3,0,0,2,1,1,1,7,0,1,0,1,3,2,1
6,20,0,1,1,0,3,3,0,0,1,1,1,0,0,1,0,3,5,14,1
6,20,0,1,1,0,3,0,0,1,1,1,1,0,0,1,0,1,8,14,1
15,20,0,1,1,0,3,0,0,0,1,1,1,0,2,3,0,6,5,12,1
13,21,4,1,1,4,3,0,1,0,1,1,1,5,2,1,0,6,3,13,1
9,20,0,1,1,0,3,0,0,1,1,1,1,7,0,1,1,8,0,6,0
14,21,4,1,1,0,3,3,0,0,1,1,1,0,2,1,0,5,4,12,1
2,18,0,0,1,0,3,1,0,1,1,1,1,0,0,1,0,6,2,11,1
1,18,4,1,1,0,3,0,0,2,1,1,1,0,0,0,5,0,0,0,1
0,19,4,0,1,3,3,0,1,0,1,1,1,5,0,1,0,4,4,4,0
2,18,4,1,1,0,3,3,0,4,1,1,1,0,0,1,0,4,3,5,1
13,17,0,1,1,0,3,0,0,1,1,1,1,0,2,1,0,2,2,4,1
2,17,4,1,0,0,3,1,0,11,1,1,0,0,2,0,5,0,0,6,1
0,15,4,1,1,4,3,0,1,5,1,1,1,0,0,0,5,0,0,0,1
8,20,4,0,1,0,3,1,0,0,1,1,1,0,0,2,0,9,4,11,1
0,13,4,1,1,4,3,0,1,0,1,1,1,0,0,1,2,4,0,5,1
5,17,4,1,1,0,3,1,0,0,1,1,1,0,0,1,0,2,8,4,0
8,23,4,0,1,0,3,3,0,5,1,1,1,0,0,1,0,8,8,14,1
14,19,4,0,1,0,3,0,0,0,1,1,1,0,2,1,0,6,0,9,0
14,17,4,1,1,0,3,3,0,0,1,1,1,0,2,4,0,6,2,7,0
7,17,4,1,1,0,3,1,0,2,1,1,1,0,0,1,0,6,4,13,0
9,20,4,0,1,3,3,0,1,0,1,1,1,5,0,1,0,6,4,13,0
12,17,0,1,1,0,3,0,0,1,1,1,1,0,2,1,5,0,0,0,1
0,15,4,1,1,0,3,0,0,2,1,1,1,7,0,0,5,0,0,0,1
6,20,4,0,1,0,3,1,0,10,1,1,1,8,0,1,0,6,5,10,0
15,22,0,0,1,4,3,0,1,0,1,1,1,0,2,1,0,9,8,13,1
11,20,4,0,1,0,3,1,0,2,1,1,1,0,2,1,0,9,11,13,1
12,20,4,1,1,0,3,0,0,0,1,1,1,0,2,1,0,6,8,13,0
4,16,4,0,1,0,3,1,0,0,1,1,1,0,0,1,0,3,3,8,0
4,15,4,0,1,4,3,0,1,2,1,1,1,7,0,1,0,2,11,3,1
6,20,4,0,1,0,3,0,0,10,1,1,1,8,0,1,0,6,8,10,0
6,15,0,0,1,4,3,0,1,0,1,1,1,0,0,1,0,6,5,7,0
4,20,4,0,1,0,3,0,0,2,1,1,1,0,0,2,0,4,10,7,1
11,18,4,0,1,0,3,1,0,12,1,1,1,0,2,1,0,4,2,8,0
10,15,4,1,1,0,3,3,0,2,1,1,1,0,0,1,0,6,4,10,0
3,18,4,0,1,0,3,1,0,2,1,1,1,0,0,0,5,0,0,0,1
1,18,4,1,1,0,3,0,0,16,1,1,1,1,0,1,5,3,0,3,0
6,21,4,0,1,0,3,1,0,0,1,1,1,8,0,8,5,6,0,11,0
3,13,4,0,1,0,3,0,0,15,1,1,1,1,0,1,5,6,0,3,1
15,15,0,1,1,0,3,1,0,2,1,1,1,0,2,1,0,8,4,4,1
5,8,0,0,1,0,1,3,1,9,1,1,1,0,0,1,0,5,4,8,0
4,19,4,0,1,2,3,3,0,2,1,1,1,0,0,1,0,6,3,9,1
9,20,4,0,1,0,3,0,0,12,1,1,1,0,0,2,0,6,3,14,1
9,20,0,1,1,4,3,0,1,0,1,1,1,0,0,1,0,9,4,10,0
6,15,4,1,1,0,3,1,0,7,1,1,1,0,0,1,5,0,0,0,1
10,18,4,0,1,0,1,0,0,2,1,1,1,8,0,1,0,6,6,9,1
15,15,0,0,1,0,3,1,0,0,1,1,1,0,2,6,0,6,0,9,1
6,15,4,0,1,0,3,1,0,2,1,1,1,0,0,1,0,2,4,4,1
11,20,0,0,1,0,3,0,0,1,1,1,1,1,2,1,2,3,0,14,1
13,15,4,0,1,0,3,0,0,0,1,1,1,0,2,7,0,5,3,5,1
12,18,0,1,1,0,3,0,0,1,1,1,1,0,2,0,5,0,0,4,1
7,20,4,1,1,0,3,0,0,2,1,1,1,0,0,1,0,8,6,6,1
9,18,4,1,1,0,3,3,0,11,1,1,1,0,0,1,0,8,4,8,0
11,20,4,1,1,0,3,1,0,0,1,1,1,0,2,0,5,0,0,0,1
2,17,0,1,1,4,3,0,0,8,1,1,1,0,0,3,0,6,2,11,1
12,20,0,1,1,0,3,0,0,0,1,1,1,7,2,2,0,6,11,11,1
2,15,4,0,1,3,3,0,1,2,1,1,1,5,0,1,0,6,6,12,1
0,15,4,1,1,0,3,1,0,2,1,1,1,7,0,1,0,1,4,2,1
12,13,0,0,0,0,3,3,0,0,1,1,1,7,2,1,0,8,4,13,1
14,18,4,0,1,0,3,0,0,2,1,1,1,0,2,1,0,5,0,3,1
12,2,0,1,1,3,3,0,1,3,1,1,1,7,2,6,0,1,2,6,0
1,18,4,1,1,0,3,0,0,2,1,1,1,0,0,1,0,3,8,6,0
10,15,4,0,1,0,3,1,0,2,1,1,1,0,0,1,0,5,7,7,1
15,18,4,0,1,0,3,0,0,0,1,1,1,0,2,1,5,6,0,2,1
0,15,4,0,1,0,3,0,0,2,1,1,1,5,0,0,5,0,0,0,1
2,15,4,1,1,4,3,0,1,2,1,1,1,5,0,1,0,1,4,4,1
4,18,4,0,1,4,3,0,1,5,1,1,1,7,0,1,0,6,4,9,1
9,21,4,1,1,0,3,1,0,0,1,1,1,0,0,4,0,6,4,11,0
6,19,4,1,1,3,3,0,1,2,1,1,1,0,0,1,0,6,6,10,1
10,19,0,0,1,0,3,3,0,0,1,1,1,7,0,1,0,6,6,12,0
8,20,4,0,1,0,3,0,0,11,1,1,1,0,0,1,0,7,11,14,1
5,18,4,1,1,2,3,3,0,2,1,1,1,0,0,1,5,0,0,0,1
9,20,4,1,1,0,3,3,0,5,1,1,1,0,0,1,0,6,0,11,1
8,20,2,1,1,0,3,1,0,2,1,1,1,0,0,1,0,6,1,11,1
15,22,0,1,1,4,3,0,1,1,1,1,1,0,2,1,0,9,4,12,1
10,15,0,1,1,0,3,1,0,0,1,1,1,0,0,1,0,6,3,8,0
3,15,4,0,1,0,3,3,0,14,1,1,1,7,0,1,0,2,3,4,1
14,15,0,0,1,0,3,0,0,0,1,1,1,0,2,1,0,4,8,14,1
12,21,0,1,1,0,3,0,0,0,1,1,1,5,2,1,0,6,10,13,1
7,15,4,1,1,0,3,0,0,2,1,1,1,0,0,1,0,6,8,8,1
13,20,4,0,1,0,3,0,0,0,1,1,1,5,2,3,0,8,0,13,1
0,15,4,1,1,0,3,0,0,2,1,1,1,0,0,0,5,0,0,0,1
13,20,0,0,0,0,3,1,0,0,1,1,1,5,2,1,0,7,2,14,0
5,20,4,0,1,0,3,0,0,15,1,1,1,1,0,1,5,0,0,0,0
8,18,4,0,1,0,3,1,0,0,1,1,1,8,0,1,0,6,2,10,1
14,20,0,1,1,0,3,0,0,0,1,1,1,0,2,3,0,8,3,13,1
14,18,4,0,1,0,3,3,0,2,1,1,1,0,2,3,0,6,3,9,1
5,18,4,1,1,0,3,0,0,14,1,1,1,0,0,0,5,0,0,0,1
4,15,4,0,1,0,3,0,0,10,1,1,1,0,0,0,5,0,0,0,1
13,15,4,0,1,0,3,0,0,11,1,1,1,0,2,1,0,5,4,12,0
3,18,4,1,1,0,3,3,0,11,1,1,1,0,0,1,0,2,4,4,1
7,18,4,1,1,0,3,0,0,0,1,1,1,0,0,0,5,0,0,0,1
1,15,0,1,1,0,3,0,0,1,1,1,1,0,0,1,0,6,6,6,1
5,20,4,1,1,3,3,0,1,9,1,1,1,5,0,1,0,6,8,6,1
14,19,4,1,1,0,3,1,0,0,1,1,1,0,2,1,0,8,4,12,0
9,20,4,0,1,0,3,0,0,2,1,1,1,0,0,1,2,6,0,6,0
3,18,4,0,1,0,3,0,0,12,1,1,1,7,0,1,0,2,2,5,1
8,16,4,0,1,0,3,0,0,2,1,1,1,0,0,1,0,6,3,8,1
13,15,4,1,1,4,3,3,1,2,1,1,1,5,2,1,0,6,5,7,1
8,16,4,1,1,4,3,0,1,11,1,1,1,5,0,1,0,6,6,4,1
9,20,4,0,1,3,3,0,1,5,1,1,1,5,0,1,0,6,11,12,0
6,18,4,0,1,0,1,0,0,0,1,1,1,0,0,5,0,6,8,9,1
12,20,0,1,1,0,3,0,0,1,1,1,1,0,2,1,0,6,3,9,1
7,19,4,0,1,0,3,3,0,2,1,1,1,0,0,1,0,8,10,10,1
5,18,4,0,1,0,3,0,0,2,1,1,1,0,0,1,0,8,3,11,1
11,16,4,0,1,0,3,3,0,2,1,1,1,0,2,1,0,6,1,13,1
13,20,0,1,1,0,3,0,0,0,1,1,1,0,2,2,0,7,6,14,1
10,18,0,1,1,0,3,1,0,0,1,1,1,0,0,2,0,4,11,7,1
6,20,0,1,1,0,3,1,0,0,1,1,1,8,0,4,0,6,5,12,1
11,8,0,0,1,4,3,0,1,11,1,1,1,0,2,0,5,0,0,0,0
5,18,4,0,1,0,3,0,0,2,1,1,1,0,0,1,2,0,0,0,1
3,14,4,0,0,0,3,1,0,2,1,1,0,0,0,1,2,2,0,3,1
7,17,0,1,1,0,3,0,0,0,1,1,1,5,0,2,0,6,8,10,0
11,15,0,1,1,0,3,3,0,8,1,1,1,0,2,1,0,1,8,5,0
3,18,1,1,1,0,3,1,0,4,1,1,1,0,0,4,0,9,2,2,0
10,21,4,0,1,0,3,1,0,11,1,1,1,0,0,9,2,4,0,14,0
10,15,4,0,1,0,3,0,0,5,1,1,1,0,0,1,0,8,4,10,1
6,20,4,0,1,4,3,0,1,0,1,1,1,5,0,1,0,6,5,6,1
7,20,4,1,1,0,3,0,0,11,1,1,1,0,0,1,0,6,10,13,0
11,19,4,1,1,0,3,0,0,12,1,1,1,7,2,1,0,6,5,10,0
7,20,4,1,1,3,3,0,1,12,1,1,1,0,0,1,0,7,10,13,0
9,18,4,0,1,0,3,0,0,0,1,1,1,5,0,4,0,6,10,11,1
0,17,4,0,1,0,3,3,0,2,1,1,1,7,0,1,0,2,3,2,0
14,14,0,0,1,0,3,0,0,0,1,1,1,0,2,3,0,8,8,12,1
0,18,4,0,1,0,3,3,0,2,1,1,1,0,0,1,0,4,3,6,0
9,20,0,0,1,0,3,0,0,0,1,1,1,5,0,4,0,7,5,11,1
7,20,4,0,1,0,3,0,0,12,1,1,1,0,0,1,2,6,0,9,1
9,15,0,1,1,0,3,0,0,1,1,1,1,0,0,1,0,2,3,3,1
7,20,4,1,1,0,3,0,0,2,1,1,1,7,0,1,0,6,8,6,1
0,15,4,0,1,0,0,0,0,16,1,1,1,0,0,5,3,8,2,6,0
6,19,4,0,1,0,3,1,0,2,1,1,1,0,0,1,0,2,0,1,1
14,21,0,1,1,0,3,0,0,0,1,1,1,5,2,2,0,6,0,13,1
14,20,4,0,1,0,3,1,0,5,1,1,1,0,2,1,0,8,3,11,1
1,15,4,1,1,0,3,3,0,12,1,1,1,0,0,1,5,0,0,0,1
13,19,0,1,1,0,3,0,0,1,1,1,1,0,2,1,5,0,0,0,1
8,15,4,0,1,3,3,0,1,2,1,1,1,5,0,1,1,6,0,1,1
7,20,4,1,1,4,3,1,0,11,1,1,1,0,0,1,0,6,5,14,1
7,13,4,1,0,0,3,0,0,0,1,1,1,7,0,1,0,6,4,4,0
8,20,2,0,0,0,3,0,0,0,1,1,1,2,0,3,0,9,6,13,1
8,15,4,0,1,0,3,0,0,0,1,1,1,0,0,1,0,6,6,12,1
0,15,4,0,1,0,3,0,0,2,1,1,1,5,0,1,0,1,7,6,1
3,18,4,1,1,3,3,0,1,2,1,1,1,5,0,1,0,2,5,5,0
2,15,4,0,1,0,0,0,0,16,1,1,1,1,0,5,3,9,1,7,1
4,15,4,1,1,0,3,0,0,2,1,1,1,7,0,1,0,6,6,3,1
9,20,4,1,1,3,3,0,1,2,1,1,1,5,0,3,0,6,4,6,1
9,20,4,1,1,0,3,0,0,0,1,1,1,7,0,1,0,6,8,12,1
7,15,0,0,1,0,3,0,0,2,1,1,1,7,0,1,0,4,10,5,1
3,19,4,0,1,0,3,0,0,4,1,1,0,0,0,1,0,4,10,5,1
2,19,4,1,1,0,3,0,0,0,1,1,1,5,0,1,0,2,4,2,1
15,18,2,0,1,0,3,0,0,0,1,1,1,0,2,1,0,6,4,9,0
15,18,0,1,1,4,3,0,1,0,1,1,1,0,2,1,0,4,2,7,0
10,16,4,0,1,0,3,0,0,2,1,1,1,7,0,1,0,6,6,10,1
3,17,4,1,0,0,3,1,0,2,1,1,0,0,0,0,5,0,0,3,1
7,15,4,1,1,0,3,1,0,7,1,1,1,0,0,1,0,5,3,6,1
14,8,2,0,1,4,3,0,1,12,1,1,1,0,2,1,5,0,0,1,0
2,18,4,1,1,0,3,0,0,2,1,1,1,5,0,0,5,0,0,0,1
9,20,0,1,1,0,3,1,0,0,1,1,1,0,0,6,0,6,3,11,1
14,20,0,0,1,0,3,0,0,0,1,1,1,5,2,1,0,9,10,14,1
1,13,4,0,1,0,3,1,0,15,1,1,1,0,0,2,5,6,0,2,0
5,15,0,1,0,0,3,0,0,1,1,1,1,0,0,1,0,5,6,3,1
10,20,4,1,1,0,3,1,0,2,1,1,1,8,0,1,1,6,0,10,1
4,20,4,0,1,0,3,1,0,0,1,1,1,0,0,1,1,6,0,11,1
12,18,0,0,0,3,3,0,1,8,0,1,0,7,1,5,4,2,3,5,1
14,15,0,0,1,0,3,0,0,2,1,1,1,0,2,1,0,9,1,2,1
7,18,4,0,1,0,3,1,0,7,1,1,1,8,0,3,5,0,0,4,1
10,1,4,1,0,4,3,0,1,15,1,1,0,5,0,0,5,0,0,4,1
10,14,0,0,1,0,3,0,0,15,1,1,1,7,0,0,5,0,0,0,1
0,15,0,0,1,0,3,1,0,1,1,1,1,0,0,1,2,4,0,2,0
7,18,4,1,1,0,3,3,0,2,1,1,1,0,0,7,2,1,0,2,0
14,19,4,1,1,0,3,1,0,0,1,1,1,8,2,1,0,6,2,12,1
2,18,4,0,1,2,3,0,0,2,1,1,1,0,0,1,0,4,3,2,1
6,15,4,1,0,0,3,3,0,9,1,0,1,0,0,1,0,6,0,9,1
13,21,0,1,1,4,3,0,1,1,1,1,1,5,2,0,5,0,0,0,1
10,17,4,0,1,0,3,0,0,0,1,1,1,0,0,1,1,6,0,12,1
14,20,4,0,1,0,3,3,0,12,1,1,1,5,2,1,0,8,11,14,1
6,17,4,0,1,0,3,1,0,2,1,1,1,7,0,1,5,4,0,2,1
14,20,4,0,1,0,3,0,0,2,1,1,1,1,2,1,0,6,1,7,1
15,19,4,0,1,0,3,0,0,11,1,1,1,0,2,4,0,6,11,13,1
4,12,4,0,1,0,3,0,0,7,1,1,1,7,0,1,0,6,4,9,1
12,21,0,1,1,4,3,0,1,1,1,1,1,5,2,5,0,6,2,13,0
13,19,0,1,1,0,3,0,0,8,1,1,1,5,2,5,0,6,9,7,1
7,8,4,0,1,4,3,0,1,2,1,1,1,7,0,1,0,6,4,7,1
11,15,4,0,1,0,3,3,0,2,1,1,1,7,2,6,0,6,0,8,1
4,18,4,0,1,0,3,0,0,2,1,1,1,0,0,1,5,0,0,0,1
15,22,0,1,1,0,3,0,0,0,1,1,1,0,2,1,0,9,3,12,1
14,8,0,0,1,3,1,0,1,0,1,1,1,0,2,1,0,6,4,14,1
14,19,0,1,1,3,3,0,1,1,1,1,1,7,2,2,5,0,0,0,1
15,13,4,1,1,0,3,0,0,0,1,1,1,0,2,1,0,6,1,6,1
0,15,4,0,1,0,3,0,0,2,1,1,1,0,0,1,0,1,1,3,1
7,15,0,1,1,0,3,3,0,1,1,1,1,0,0,1,1,6,0,10,0
8,18,0,1,1,0,3,1,0,1,1,1,1,0,0,2,0,1,1,1,0
13,20,4,0,1,0,3,3,0,2,1,1,1,7,2,1,0,6,2,11,0
9,15,4,0,1,0,3,0,0,2,1,1,1,0,0,6,0,5,0,4,1
15,20,0,1,1,0,3,1,0,11,1,1,1,0,2,6,0,8,10,13,1
15,20,4,0,1,0,3,1,0,10,1,1,1,0,2,4,0,9,0,10,1
8,20,4,1,1,0,3,1,0,2,1,1,1,0,0,1,0,2,8,5,1
12,15,0,0,1,4,3,0,1,1,1,1,1,0,2,1,5,0,0,0,0
5,15,4,0,1,0,3,0,0,2,1,1,1,0,0,1,0,4,10,5,1
10,17,4,0,1,0,0,1,0,16,1,1,1,0,0,5,3,8,2,7,1
4,20,4,1,1,0,3,0,0,2,1,1,1,0,0,0,5,0,0,2,1
7,18,0,0,1,0,3,1,0,1,1,1,1,1,0,1,0,1,8,4,1
12,20,4,0,1,4,3,0,1,0,1,1,1,5,2,1,0,6,4,14,1
5,20,4,1,1,3,3,3,1,2,1,1,1,5,0,0,5,0,0,0,1
10,16,0,1,1,4,3,3,1,1,1,1,1,5,0,1,0,1,11,4,0
13,15,4,0,1,4,3,3,1,14,1,1,1,0,2,1,0,6,6,9,0
13,15,0,0,1,0,3,2,0,8,1,1,1,0,2,3,5,2,0,1,1
1,15,4,1,1,0,3,0,0,2,1,1,1,5,0,1,0,1,2,2,1
6,15,0,1,1,0,3,3,0,0,1,1,1,0,0,1,0,1,3,1,1
11,15,4,0,1,3,3,0,1,2,1,1,1,5,2,1,2,0,0,0,1
7,15,4,0,1,0,3,0,0,7,1,1,1,8,0,1,0,6,3,9,0
13,6,3,1,1,1,3,3,1,7,1,0,0,1,1,9,0,5,10,0,1
11,20,0,1,1,0,3,1,0,1,1,1,1,0,2,2,0,6,3,12,1
13,20,0,1,1,0,3,0,0,1,1,1,1,1,2,3,1,1,0,2,1
7,20,4,1,1,0,3,2,0,10,1,1,1,0,0,1,0,6,3,10,0
1,18,4,0,1,0,3,0,0,16,1,1,1,0,0,0,5,0,0,0,1
12,11,0,0,1,4,3,0,1,1,1,1,1,0,2,1,0,8,8,12,1
9,17,0,0,1,0,3,0,0,1,1,1,1,7,0,2,0,9,3,11,1
10,14,0,0,1,4,3,0,1,0,1,1,1,0,0,3,0,6,6,12,1
1,18,4,1,1,0,3,0,0,0,1,1,1,7,0,0,5,0,0,4,1
0,18,4,0,1,0,3,3,0,11,1,1,1,0,0,0,5,0,0,0,1
12,11,4,0,0,0,3,1,0,15,0,1,1,0,2,1,2,0,0,0,1
13,14,0,0,1,0,3,1,0,15,1,1,1,0,2,0,5,0,0,0,1
2,15,4,1,1,0,3,0,0,2,1,1,1,7,0,0,5,0,0,0,1
3,14,0,0,1,0,3,3,0,2,1,1,1,0,0,1,0,5,4,5,1
14,20,2,1,1,0,3,0,0,5,1,1,1,0,2,1,0,6,10,11,1
10,15,4,0,1,0,3,0,0,12,1,1,1,5,0,1,0,6,1,8,1
11,21,0,1,1,4,3,0,1,1,1,1,1,0,2,1,0,7,6,9,1
8,10,4,0,1,0,3,0,0,7,1,1,1,7,0,5,2,0,0,1,1
3,17,4,1,1,0,3,0,0,2,1,1,1,0,0,0,5,0,0,0,1
8,17,0,0,1,0,3,0,0,1,1,1,1,0,0,1,0,6,8,12,1
10,20,0,1,1,0,3,1,0,1,1,1,1,5,0,2,0,6,4,11,1
10,20,4,1,1,0,3,0,0,2,1,1,1,8,0,1,0,6,7,7,1
8,15,4,0,1,0,3,0,0,12,1,1,1,7,0,1,0,6,2,8,1
2,18,4,1,1,2,3,1,0,2,1,1,1,0,0,1,0,6,6,8,1
0,18,4,1,0,0,3,3,0,2,1,0,1,5,0,9,2,0,0,0,0
1,18,4,0,1,0,3,0,0,12,1,1,1,0,0,1,0,2,3,4,0
11,21,4,1,1,3,3,0,1,0,1,1,1,5,2,3,0,6,10,11,1
15,20,4,1,1,0,3,1,0,10,1,1,1,0,2,1,0,6,2,10,1
2,19,4,0,1,0,3,1,0,2,1,1,1,8,0,1,0,2,2,3,1
5,20,4,0,1,4,3,0,1,10,1,1,1,5,0,4,2,6,0,6,0
12,21,0,0,1,4,3,0,1,0,1,1,1,5,2,1,0,8,2,14,1
11,15,0,1,1,3,3,0,1,1,1,1,1,0,2,1,0,6,6,9,1
8,21,4,0,1,0,3,0,0,0,1,1,1,5,0,3,0,9,8,14,0
15,22,4,1,1,0,3,1,0,11,1,1,1,8,2,1,0,7,0,14,1
11,20,0,0,1,0,3,0,0,1,1,1,1,0,2,2,0,6,3,12,1
14,22,0,1,1,0,3,0,0,0,1,1,1,0,2,1,0,6,9,14,1
5,15,4,0,1,0,3,2,0,2,1,1,1,0,0,1,0,6,10,10,1
7,17,4,0,1,0,3,3,0,2,1,1,1,5,0,1,1,4,0,6,1
4,12,0,0,1,0,3,0,0,1,1,1,1,0,0,1,2,0,0,0,1
14,5,2,1,1,3,3,1,1,4,1,1,1,0,2,3,1,6,0,7,1
14,20,4,1,1,0,3,0,0,2,1,1,1,0,2,1,0,2,8,6,1
5,20,4,1,1,0,3,3,0,11,1,1,1,0,0,6,0,3,2,11,1
6,19,4,0,1,0,3,1,0,0,1,1,1,0,0,1,0,6,8,14,1
2,15,4,1,1,0,3,1,0,2,1,1,1,8,0,1,0,8,6,6,1
15,15,4,1,0,0,3,0,0,2,1,1,0,0,2,1,0,4,3,4,1
6,20,4,1,1,0,3,0,0,2,1,1,1,5,0,2,0,6,3,10,1
13,12,2,0,1,0,3,0,0,0,1,1,1,7,2,1,0,6,11,12,1
13,18,4,1,1,0,3,3,0,4,1,1,1,0,2,1,5,0,0,0,1
15,21,0,1,1,4,3,0,1,1,1,1,1,0,2,0,5,0,0,0,1
6,20,4,1,1,0,3,0,0,10,1,1,1,0,0,1,0,6,0,6,0
1,18,4,1,1,0,3,0,0,16,1,1,1,5,0,1,5,0,0,0,1
1,18,4,1,1,4,3,0,1,16,1,1,1,0,0,1,5,1,0,2,1
7,18,4,0,1,0,3,0,0,2,1,1,1,0,0,1,0,6,6,6,1
13,18,4,1,1,0,3,0,0,0,1,1,1,5,2,1,0,6,3,10,1
2,18,4,0,1,0,3,0,0,2,1,1,1,0,0,1,2,1,0,3,1
7,20,4,1,1,0,3,1,0,2,1,1,1,8,0,1,0,9,6,10,0
13,18,0,0,1,0,1,1,0,0,1,1,1,0,2,5,0,6,5,11,1
12,13,4,0,1,4,3,0,1,15,1,1,1,1,2,0,5,0,0,0,1
9,20,0,1,1,0,3,0,0,0,1,1,1,7,0,1,5,0,0,0,1
2,15,4,0,1,0,3,3,0,15,1,1,1,7,0,0,5,0,0,0,1
3,15,4,0,1,0,0,1,0,16,1,1,1,0,0,5,3,9,1,8,1
8,18,4,1,1,0,3,3,0,2,1,1,1,7,0,1,0,3,4,5,1
1,18,4,0,1,3,3,0,1,11,1,1,1,0,0,1,5,0,0,0,1
10,18,4,1,1,0,3,0,0,0,1,1,1,0,0,2,5,0,0,0,1
13,20,4,0,1,2,3,0,0,2,1,1,1,5,2,1,0,6,8,14,1
9,20,0,1,1,0,3,0,0,1,1,1,1,5,0,1,0,4,3,13,0
11,19,4,0,1,0,3,3,0,2,1,1,1,0,2,1,0,4,6,6,1
0,18,4,1,0,0,3,0,0,2,1,0,1,5,0,0,5,0,0,2,1
5,19,4,0,1,0,1,3,0,0,1,1,1,0,0,5,0,6,4,10,1
0,17,4,1,1,0,3,0,0,0,1,1,1,0,0,3,0,1,4,1,0
13,21,0,1,1,4,3,0,1,1,1,1,1,5,2,1,0,6,8,14,1
7,18,4,0,1,0,3,3,0,11,1,1,1,0,0,2,0,6,3,6,1
6,18,4,1,1,0,3,0,0,11,1,1,1,5,0,1,0,8,4,11,0
14,20,0,1,1,4,3,0,1,1,1,1,1,7,2,1,0,8,6,13,1
1,18,4,0,1,0,3,0,0,2,1,1,1,0,0,1,0,6,1,2,1
0,18,4,0,1,0,3,1,0,16,1,1,1,0,0,2,5,1,0,1,0
13,15,0,1,1,0,3,0,0,1,1,1,1,0,2,3,2,0,0,0,1
1,19,4,1,1,0,3,1,0,16,1,1,1,0,0,2,0,3,5,5,1
4,15,4,0,1,0,3,1,0,11,1,1,1,0,0,1,0,9,4,6,1
9,18,4,0,1,4,3,3,1,14,1,1,1,0,0,1,0,6,6,8,1
9,17,0,1,1,0,3,0,0,1,1,1,1,0,0,1,5,0,0,0,0
12,13,4,1,0,0,3,0,0,0,1,1,1,0,2,1,0,6,4,13,1
6,18,4,0,1,0,3,3,0,12,1,1,1,0,0,0,5,0,0,5,0
3,18,4,0,1,0,3,3,0,2,1,1,1,0,0,1,5,0,0,0,1
15,15,4,1,1,0,3,3,0,2,1,1,1,5,2,0,5,0,0,4,1
11,20,0,1,1,3,3,0,1,1,1,1,1,0,2,1,5,0,0,0,0
3,13,4,1,1,0,3,1,0,7,1,1,1,0,0,1,5,0,0,4,1
3,18,4,0,1,0,0,0,0,16,1,1,1,0,0,5,3,8,1,6,1
1,15,4,0,0,0,3,0,0,16,1,1,0,0,0,1,1,9,0,2,1
9,15,0,1,1,3,3,3,1,1,1,1,1,0,0,0,5,0,0,7,1
1,18,4,1,1,0,3,0,0,2,1,1,1,5,0,1,5,1,0,4,1
9,15,0,1,1,4,3,0,1,1,1,1,1,5,0,1,0,6,8,9,1
3,15,4,1,1,0,3,0,0,3,1,1,1,1,0,1,5,9,0,0,1
12,11,4,0,0,0,3,1,0,15,0,1,1,0,2,0,5,0,0,0,1
7,21,0,0,1,4,3,0,1,1,1,1,1,5,0,1,0,6,6,13,1
1,18,4,0,1,0,3,0,0,16,1,1,1,5,0,0,5,0,0,0,0
4,20,4,0,1,0,3,1,0,2,1,1,1,0,0,2,0,6,3,6,1
2,18,4,0,0,0,3,0,0,2,1,1,1,0,0,5,0,9,4,2,1
5,15,4,1,1,0,3,3,0,2,1,1,1,0,0,1,0,6,2,8,1
11,23,4,0,1,0,3,3,0,5,1,1,1,8,2,1,0,8,6,10,1
1,18,4,1,1,0,3,3,0,16,1,1,1,0,0,0,5,0,0,0,0
6,15,4,1,1,0,3,1,0,12,1,1,1,0,0,1,5,0,0,4,1
0,18,4,1,1,3,3,0,1,5,1,1,1,5,0,1,0,6,6,3,1
14,15,4,1,1,0,3,0,0,2,1,1,1,1,2,1,0,6,4,7,1
4,20,4,1,1,0,3,0,0,2,1,1,1,0,0,3,0,6,2,3,1
7,17,0,0,1,4,3,0,1,1,1,1,1,0,0,1,0,6,6,6,1
13,12,4,0,1,0,3,0,0,15,1,1,1,1,2,1,2,0,0,9,0
4,20,0,1,1,0,3,1,0,0,1,1,1,0,0,1,0,3,4,11,1
13,20,4,0,1,3,3,0,1,11,1,1,1,5,2,1,0,6,10,14,1
2,18,4,0,1,0,3,0,0,7,1,1,1,7,0,1,0,2,4,4,1
10,20,0,0,1,0,0,0,0,15,1,1,1,0,0,5,3,7,2,9,0
6,18,0,1,1,4,3,0,1,2,1,1,1,7,0,1,0,6,5,7,0
10,20,4,1,0,0,3,3,0,0,1,1,0,0,0,1,0,6,3,3,0
4,15,4,1,1,4,3,0,1,2,1,1,1,7,0,0,5,0,0,0,1
1,18,4,0,1,0,3,1,0,16,1,1,1,8,0,1,0,6,1,10,0
14,17,4,0,1,0,3,1,0,0,1,1,1,0,2,2,0,6,2,12,1
11,23,0,0,1,3,3,3,1,0,1,1,1,5,2,1,5,8,0,14,1
7,15,4,1,1,0,3,1,0,2,1,1,1,0,0,1,5,0,0,0,1
13,20,0,1,1,3,3,0,1,1,1,1,1,5,2,1,5,0,0,0,1
5,20,4,1,1,2,3,1,0,2,1,1,1,0,0,1,0,4,3,2,1
10,21,0,1,1,0,3,1,0,2,1,1,1,5,0,4,0,6,10,13,1
10,20,4,0,1,3,3,0,1,2,1,1,1,0,0,1,0,6,2,12,1
4,20,4,0,1,0,3,0,0,4,1,1,1,5,0,1,0,1,8,7,1
0,18,4,1,1,0,3,3,0,2,1,1,1,8,0,1,0,4,1,3,0
6,7,4,0,1,0,1,0,0,2,1,1,1,7,0,5,2,0,0,2,1
3,15,4,1,1,0,3,0,0,2,1,1,1,0,0,1,0,4,4,7,1
5,0,4,1,0,0,3,0,0,10,1,1,0,5,0,0,5,0,0,0,1
11,19,0,1,0,0,3,0,0,8,1,1,0,7,2,1,5,3,0,3,0
6,18,4,0,1,0,3,0,0,2,1,1,1,5,0,1,0,6,5,7,1
6,15,0,0,1,0,3,0,0,2,1,1,1,1,0,0,5,0,0,0,1
4,19,4,0,1,0,3,0,0,2,1,1,1,7,0,1,0,6,7,7,1
1,18,4,1,1,0,3,3,0,16,1,1,1,1,0,1,5,2,0,4,0
1,18,4,0,1,0,3,0,0,2,1,1,1,0,0,1,2,1,0,2,1
2,15,4,0,1,0,3,0,0,15,1,1,1,0,0,0,5,0,0,0,1
6,19,4,1,1,0,3,0,0,12,1,1,1,0,0,1,0,3,4,11,1
3,15,4,1,1,0,3,1,0,2,1,1,1,0,0,1,0,2,2,3,1
13,18,0,1,1,4,3,0,1,1,1,1,1,7,2,1,0,6,3,6,1
10,14,4,0,1,4,3,3,1,11,1,1,1,2,0,1,2,6,0,5,1
10,19,4,1,1,3,3,0,1,11,1,1,1,0,0,1,0,6,2,6,0
1,18,4,1,1,0,3,0,0,7,1,1,1,0,0,1,0,5,3,10,1
3,20,4,1,1,0,3,1,0,5,1,1,1,0,0,6,0,1,3,5,1
0,12,4,0,1,4,3,0,0,16,1,1,1,7,0,1,0,6,5,9,1
3,18,4,0,1,0,3,1,0,5,1,1,1,0,0,1,0,3,4,6,1
6,21,4,1,1,0,3,3,0,14,1,1,1,1,0,0,5,0,0,10,1
12,16,0,1,1,0,3,0,0,1,1,1,1,0,2,1,5,0,0,0,1
6,17,4,1,1,0,3,0,0,1,1,1,1,0,0,8,5,0,0,0,1
12,20,0,1,1,4,3,3,1,1,1,1,1,0,2,6,0,8,0,13,1
2,15,4,0,1,0,3,0,0,11,1,1,1,0,0,1,5,4,0,4,1
14,20,0,1,1,3,3,0,1,0,1,1,1,5,2,1,0,6,4,13,1
3,20,4,0,1,0,3,0,0,0,1,1,1,5,0,2,5,0,0,0,0
12,20,4,0,1,0,3,0,0,2,1,1,1,7,2,1,0,6,3,11,1
3,15,0,1,1,0,3,0,0,1,1,1,1,7,0,1,0,6,3,4,1
3,15,4,0,1,0,0,0,0,16,1,1,1,0,0,5,3,9,1,6,1
15,22,4,1,1,0,3,0,0,0,1,0,1,0,0,2,0,6,0,11,1
7,18,4,1,1,0,3,0,0,5,1,1,1,0,0,0,5,0,0,0,1
6,11,4,1,1,4,3,3,1,11,1,1,1,0,0,1,5,1,0,1,1
6,20,4,0,1,0,3,0,0,0,1,1,1,0,0,1,5,8,0,14,0
10,0,4,1,1,0,3,0,0,2,1,1,1,5,0,0,5,0,0,3,1
2,18,4,1,1,3,3,0,1,0,1,1,1,5,0,1,0,6,2,12,0
1,19,4,0,0,0,3,0,0,2,0,1,0,0,0,1,0,2,10,5,0
5,18,4,0,1,0,3,1,0,2,1,1,1,0,0,1,0,4,3,5,1
5,15,0,0,1,0,0,0,0,16,1,1,1,1,0,5,3,9,11,6,0
8,18,4,1,1,0,3,0,0,0,1,1,1,8,0,1,1,4,0,7,0
3,15,4,1,1,0,3,0,0,2,1,1,1,7,0,1,0,4,2,4,1
13,20,4,1,1,0,3,1,0,12,1,1,1,0,2,4,0,6,10,14,1
7,8,4,1,1,4,3,0,1,2,1,1,1,1,0,1,1,1,0,1,1
8,20,0,0,1,0,3,3,0,0,1,1,1,0,0,6,0,6,5,7,1
6,16,0,1,1,4,3,0,1,1,1,1,1,0,0,1,0,5,0,10,0
5,19,4,1,1,0,3,1,0,2,1,1,1,5,0,2,0,1,3,2,0
9,20,4,0,1,0,3,1,0,5,1,1,1,5,0,1,0,6,6,14,1
0,13,4,1,1,0,3,0,0,2,1,1,1,0,0,1,5,1,0,2,1
11,19,4,0,1,0,3,3,0,2,1,1,1,0,2,1,0,8,0,11,1
0,17,4,1,1,0,3,0,0,2,1,1,1,0,0,1,0,3,10,2,1
13,21,0,1,1,0,3,0,0,0,1,1,1,0,2,2,0,8,8,14,1
15,20,2,0,1,0,3,1,0,15,1,1,1,5,2,1,5,9,0,14,1
1,18,4,1,1,0,3,1,0,2,1,1,1,0,0,2,5,1,0,2,1
11,20,0,0,1,0,3,3,0,0,1,1,1,0,2,1,0,9,4,13,1
7,20,4,1,1,0,3,0,0,2,1,1,1,5,0,1,0,6,10,11,1
3,18,4,0,1,0,3,0,0,2,1,1,1,0,0,6,5,0,0,2,1
15,15,0,1,1,0,3,0,0,1,1,1,1,7,2,1,0,6,4,9,1
8,20,4,1,1,0,3,3,0,0,1,1,1,5,0,1,1,6,0,13,0
2,17,4,0,1,0,3,0,0,0,1,1,1,0,0,0,5,0,0,0,0
9,15,4,1,1,4,3,0,1,0,1,1,1,7,0,1,0,6,3,11,1
0,18,4,1,1,0,3,0,0,16,1,1,1,1,0,9,2,0,0,0,0
5,18,4,1,1,0,3,0,0,2,1,1,1,0,0,1,5,0,0,4,1
8,20,4,0,1,0,3,1,0,11,1,1,1,0,0,1,0,6,2,11,0
0,15,4,0,1,0,3,3,0,16,1,1,1,1,0,1,5,6,0,6,1
12,20,0,1,1,4,3,0,1,1,1,1,1,5,2,1,0,6,8,13,0
4,17,4,0,1,0,1,0,0,9,1,1,1,0,0,1,0,6,10,8,0
9,15,0,1,1,0,0,1,0,6,0,1,1,7,0,5,3,6,9,14,1
8,15,4,0,1,0,3,0,0,2,1,1,1,0,0,3,0,6,0,3,1
10,20,4,0,1,0,3,3,0,11,1,1,1,0,0,1,2,6,0,14,0
1,18,4,0,1,0,3,3,0,2,1,1,1,1,0,9,2,0,0,0,1
8,18,4,0,1,0,3,2,0,0,1,1,1,7,0,1,2,2,0,2,1
12,15,4,0,1,0,3,0,0,15,1,1,1,0,2,0,5,0,0,0,1
8,16,4,0,1,0,3,1,0,12,1,1,1,0,0,1,0,9,11,13,0
5,20,4,0,1,0,3,0,0,11,1,1,1,5,0,1,0,6,1,11,1
15,18,4,0,1,0,3,3,0,11,1,1,1,5,2,1,0,6,10,12,1
0,15,4,0,1,0,3,0,0,2,1,1,1,0,0,1,0,6,3,6,1
2,15,4,0,0,0,3,0,0,2,1,1,1,0,0,1,0,7,4,4,0
7,20,0,1,1,0,3,0,0,0,1,1,1,0,0,1,0,6,3,14,1
15,19,0,1,1,0,3,0,0,0,1,1,1,8,2,6,0,6,0,9,1
3,18,4,1,1,0,3,1,0,12,1,1,1,0,2,0,5,0,0,6,1
4,12,4,0,1,2,3,0,0,2,1,1,1,2,0,1,5,0,0,1,1
3,19,0,1,1,0,3,0,0,8,1,1,1,0,0,0,5,0,0,0,1
15,20,0,0,1,4,3,0,1,1,1,1,1,5,2,1,0,6,4,9,1
0,17,4,0,0,3,2,0,0,8,0,1,1,0,0,4,0,2,2,5,1
10,16,4,0,1,0,3,0,0,10,1,1,1,5,0,1,0,7,3,10,0
3,15,4,0,1,0,3,1,0,2,1,1,1,0,0,1,5,1,0,2,0
11,15,0,1,1,0,3,0,0,1,1,1,1,0,2,1,0,9,4,13,1
9,15,4,0,1,4,3,0,1,2,1,1,1,5,0,1,5,0,0,0,1
5,20,4,0,1,0,3,0,0,2,1,1,1,8,0,2,5,0,0,0,1
7,20,4,1,1,0,3,0,0,2,1,1,1,0,0,1,0,6,8,13,1
13,0,4,1,1,0,3,0,0,0,1,1,1,1,2,1,0,8,3,11,1
9,15,4,1,1,0,3,0,0,2,1,1,1,0,0,1,0,8,4,10,1
12,17,4,0,1,0,3,1,0,0,1,1,1,0,2,1,0,9,6,9,1
12,21,0,0,1,0,3,1,0,1,1,1,1,0,2,1,0,6,8,13,0
8,21,4,0,1,0,3,0,0,2,1,1,1,0,0,1,0,8,2,14,1
6,17,4,0,0,0,2,3,0,10,1,1,0,0,2,1,0,1,3,6,1
0,18,4,0,1,0,3,2,0,5,1,1,1,0,0,6,0,1,9,2,1
15,17,4,1,1,3,3,0,1,2,1,1,1,5,2,1,0,4,2,5,1
11,18,4,0,1,0,3,0,0,2,1,1,1,0,2,1,0,6,4,10,1
8,13,4,1,1,0,3,0,0,7,1,1,1,7,0,1,0,6,6,6,1
9,20,4,0,1,0,3,0,0,0,1,1,1,7,0,6,0,6,6,11,1
7,19,4,0,1,0,3,0,0,0,1,1,1,5,0,3,0,3,5,11,1
10,20,4,1,1,0,3,1,0,0,1,1,1,0,0,1,0,8,2,11,0
8,21,4,1,1,4,3,0,1,12,1,1,1,5,0,1,0,6,3,13,1
15,18,0,1,1,4,3,0,1,1,1,1,1,1,2,1,0,6,2,10,1
4,0,4,1,1,0,1,3,0,9,1,1,1,0,0,1,0,6,3,8,1
8,0,0,0,1,4,3,0,1,1,1,1,1,7,0,1,0,3,4,8,1
11,15,4,0,1,0,3,0,0,12,1,1,1,1,2,1,0,6,10,12,0
1,18,4,0,1,0,3,0,0,16,1,1,1,5,0,2,5,1,0,4,1
15,20,0,0,1,0,3,0,0,1,1,1,1,0,2,1,0,8,3,12,1
14,8,0,0,1,4,3,1,1,0,1,1,1,0,2,1,0,6,8,8,1
10,14,4,0,1,0,3,0,0,5,1,1,1,7,0,7,0,6,10,8,1
14,22,0,1,1,0,3,0,0,1,1,1,1,0,2,1,0,7,9,11,1
13,20,0,0,1,0,3,0,0,2,1,1,1,7,2,1,0,6,8,11,1
10,20,0,1,1,4,3,3,1,1,1,1,1,0,0,1,0,6,5,9,0
12,21,4,1,1,0,3,1,0,0,1,1,1,5,2,1,0,6,4,12,1
5,14,4,1,1,4,3,3,1,12,1,1,1,7,0,1,0,6,10,8,1
13,0,4,1,1,4,3,0,1,2,1,1,1,7,2,1,0,6,1,8,1
3,13,4,0,1,0,3,3,0,2,1,1,1,0,0,1,0,6,10,6,1
6,18,4,0,1,0,3,0,0,16,1,1,1,0,0,1,0,8,5,7,1
14,23,0,0,1,4,3,0,1,1,1,1,1,5,2,0,5,0,0,14,0
8,21,4,0,1,4,3,0,1,0,1,1,1,0,0,1,5,0,0,0,0
9,20,4,0,1,0,3,0,0,12,1,1,1,0,0,1,0,8,1,10,0
6,16,4,1,0,0,3,3,0,10,1,1,0,0,0,0,5,0,0,4,0
1,15,4,1,1,4,3,0,1,9,1,1,1,5,0,0,5,0,0,0,1
7,20,4,1,1,4,3,0,1,9,1,1,1,5,0,1,0,6,11,8,1
1,18,4,1,1,4,3,0,1,2,1,1,1,0,0,1,5,1,0,1,1
11,20,0,0,1,0,3,0,0,1,1,1,1,0,2,3,0,6,10,12,1
2,15,4,0,1,0,3,0,0,0,1,1,1,1,0,0,5,0,0,0,1
3,22,4,0,1,0,3,1,0,7,1,1,1,8,0,1,0,6,4,10,1
14,8,0,0,1,4,3,0,1,2,1,1,1,0,2,6,5,0,0,0,1
3,18,4,1,1,0,3,0,0,16,1,1,1,1,0,1,0,2,3,5,0
4,19,4,1,1,0,3,0,0,2,1,1,1,4,0,3,0,9,8,6,1
0,18,4,1,1,0,3,2,0,5,1,1,1,0,0,1,5,2,0,2,1
9,20,0,1,1,0,3,1,0,0,1,1,1,0,0,1,0,6,3,12,1
2,18,4,0,1,0,3,0,0,2,1,1,1,5,0,1,0,6,3,11,1
8,20,0,1,1,0,3,1,0,0,1,1,1,0,0,3,0,4,4,14,1
10,20,0,1,1,3,3,0,1,2,1,1,1,5,0,1,0,2,4,2,1
8,20,4,1,1,0,3,1,0,2,1,1,1,0,0,1,0,2,1,4,1
15,20,0,0,1,0,3,0,0,0,1,1,1,5,2,1,0,6,2,12,1
14,18,4,0,1,0,3,1,0,0,1,1,1,0,2,1,2,0,0,0,1
13,15,0,1,1,0,3,1,0,1,1,1,1,8,2,5,5,0,0,2,0
10,18,0,0,1,0,3,0,0,8,1,1,1,5,0,1,0,7,6,10,0
7,18,4,0,1,0,3,0,0,7,1,1,1,1,0,5,0,6,4,5,1
3,13,4,0,1,0,3,0,0,2,1,1,1,7,0,0,5,0,0,5,1
11,21,4,1,1,0,3,3,0,0,1,1,1,8,2,2,5,2,0,0,0
12,13,4,0,1,0,3,1,0,15,1,1,1,8,2,1,5,0,0,0,1
11,8,0,0,1,4,0,3,1,11,1,1,1,0,2,0,5,0,0,12,0
7,15,0,0,1,0,0,3,0,0,1,1,1,0,0,5,3,9,0,9,0
7,15,0,0,1,0,0,0,0,16,1,1,1,0,0,5,3,9,5,7,1
11,15,4,0,1,0,3,0,0,2,1,1,1,7,2,1,0,6,11,6,1
14,14,0,0,1,4,3,0,1,0,1,1,1,7,2,1,0,8,5,12,1
8,15,4,0,0,0,3,1,0,0,1,1,0,0,0,1,0,4,2,7,1
15,15,0,0,1,0,3,1,0,0,1,1,1,0,2,1,0,6,4,5,1
12,17,4,1,1,0,3,0,0,0,1,1,1,0,2,1,0,4,3,4,1
10,16,4,0,0,0,3,0,0,0,1,0,1,5,0,1,0,6,11,14,0
13,20,2,1,1,0,3,1,0,0,1,1,1,0,2,3,0,9,10,14,1
3,20,0,1,1,4,3,0,1,1,1,1,1,0,0,1,0,6,2,8,1
6,18,4,0,1,3,3,0,1,2,1,1,1,0,0,9,2,0,0,0,1
4,15,4,0,1,0,0,0,0,16,1,1,1,1,0,5,3,9,1,7,0
11,19,4,1,1,0,3,0,0,12,1,1,1,0,2,1,0,3,8,10,1
1,18,4,0,1,4,3,0,1,2,1,1,1,5,0,1,0,2,9,4,1
0,18,4,1,1,0,3,0,0,16,1,1,1,0,0,1,0,2,4,3,1
11,8,0,0,1,4,3,0,1,2,1,1,1,0,2,1,1,6,0,7,1
0,15,4,0,1,4,3,0,1,2,1,1,1,7,0,0,5,0,0,0,1
6,20,0,1,1,0,3,0,0,0,1,1,1,5,0,1,0,6,3,14,1
8,21,4,0,1,0,3,0,0,0,1,1,1,0,0,1,0,6,6,14,0
4,12,2,0,0,0,3,0,0,15,1,1,1,2,0,1,5,0,0,1,0
1,18,4,1,1,0,3,1,0,2,1,1,1,0,0,0,5,0,0,0,1
1,18,4,0,1,0,3,0,0,2,1,1,1,7,0,1,2,1,0,2,1
7,20,4,1,1,0,3,0,0,0,1,1,1,0,0,1,0,6,5,10,1
2,20,4,1,1,0,3,1,0,2,1,1,1,0,0,3,0,6,1,6,1
14,20,0,1,1,3,3,0,1,0,1,1,1,0,2,6,1,2,0,12,1
3,20,4,0,1,0,3,1,0,0,1,1,1,0,0,1,0,8,8,12,0
12,17,4,0,0,0,3,0,0,15,1,1,0,0,2,1,5,0,0,0,1
4,21,4,0,1,0,3,1,0,2,1,1,1,5,0,4,0,2,4,12,1
14,21,0,0,1,0,3,1,0,1,1,1,1,0,2,2,0,7,8,12,1
4,15,4,1,1,0,3,0,0,2,1,1,1,0,0,1,2,2,0,4,1
11,15,0,1,1,4,3,0,1,1,1,1,1,7,2,0,5,0,0,0,0
10,19,4,1,1,0,3,3,0,2,1,1,1,0,0,1,0,4,2,7,0
1,13,0,1,1,0,3,0,0,8,1,1,1,0,0,1,5,2,0,3,1
4,18,4,0,1,0,3,0,0,16,1,1,1,0,0,0,5,0,0,0,1
10,15,0,1,1,0,3,0,0,1,1,1,1,7,0,0,5,0,0,0,1
9,20,4,1,1,4,3,0,1,0,1,1,1,7,0,6,0,6,8,11,1
2,18,4,0,1,0,0,1,0,16,1,1,1,0,0,5,3,8,4,6,0
0,17,4,0,1,0,3,0,0,0,1,1,1,0,0,0,5,0,0,0,0
5,17,4,1,1,0,3,3,0,5,1,1,1,7,0,1,0,6,4,6,1
15,20,0,0,1,0,3,3,0,0,1,1,1,5,2,3,0,5,8,13,1
8,18,4,0,1,0,3,0,0,2,1,1,1,0,0,1,0,6,3,8,1
6,20,4,0,1,3,3,0,1,2,1,1,1,5,0,1,0,6,8,14,1
0,15,4,0,1,0,3,1,0,7,1,1,1,8,0,1,0,8,2,6,0
9,20,4,0,1,0,3,1,0,11,1,1,1,0,0,1,0,6,4,13,1
11,20,4,1,1,0,3,0,0,2,1,1,1,5,2,1,1,6,0,12,1
9,15,0,0,1,0,3,3,0,0,1,1,1,0,0,1,0,8,5,9,1
2,18,4,1,1,4,3,3,1,11,1,1,1,0,0,1,0,9,6,4,0
2,18,4,0,1,4,3,3,1,11,1,1,1,5,0,0,5,0,0,0,1
1,18,1,0,1,0,0,1,0,0,1,1,1,1,0,5,3,3,9,9,0
10,18,4,0,1,0,3,0,0,14,1,1,1,0,0,1,0,6,4,7,1
1,18,4,0,1,0,3,0,0,2,1,1,1,7,0,0,5,0,0,0,1
10,20,4,1,1,0,3,0,0,0,1,1,1,5,0,1,0,6,6,14,1
6,20,0,1,1,3,3,0,1,0,1,1,1,0,0,1,5,8,0,7,0
4,16,4,1,1,4,3,1,1,2,1,1,1,4,0,1,0,5,8,6,1
7,18,4,1,1,0,3,1,0,2,1,1,1,8,0,1,0,6,6,10,1
7,15,4,0,1,0,3,0,0,0,1,1,1,0,0,1,0,7,2,5,1
2,12,4,0,0,0,3,0,0,15,1,1,1,7,0,0,5,0,0,1,1
6,20,4,0,1,4,3,0,1,0,1,1,1,0,0,1,0,5,0,9,0
5,20,4,1,1,0,3,0,0,0,1,1,1,7,0,4,0,6,3,6,1
6,13,4,0,1,0,3,0,0,14,1,1,1,7,0,1,0,4,4,13,1
1,18,4,1,1,0,3,0,0,0,1,1,1,0,0,1,0,5,3,6,0
4,19,4,0,1,0,3,3,0,7,1,1,1,0,0,1,0,6,8,9,0
9,9,4,0,1,4,3,3,1,12,1,1,1,7,2,3,0,8,7,6,1
14,22,0,1,1,0,3,1,0,1,1,1,1,0,2,1,0,7,6,14,1
4,20,4,0,1,0,3,0,0,14,1,1,1,0,0,1,0,6,6,8,1
2,18,2,1,1,0,3,3,0,16,1,1,1,0,0,1,5,8,0,7,1
1,19,4,0,1,3,3,0,0,2,0,1,1,0,0,7,0,4,5,5,1
9,20,4,1,1,4,3,0,1,14,1,1,1,0,0,4,5,0,0,0,1
14,20,0,1,1,4,3,0,1,0,1,1,1,5,2,1,0,6,6,9,1
8,20,4,1,1,0,3,1,0,11,1,1,1,0,0,1,0,4,6,7,1
12,21,0,0,1,0,3,1,0,0,1,1,1,0,2,1,0,9,8,13,0
11,11,4,0,0,0,3,3,0,11,0,1,1,0,2,1,0,6,8,10,1
6,15,4,0,1,0,3,0,0,2,1,1,1,0,0,1,0,6,8,11,1
14,19,0,0,1,0,3,0,0,1,1,1,1,0,2,1,2,0,0,0,1
7,19,4,1,1,0,3,3,0,0,1,1,1,0,0,1,0,2,2,5,1
13,17,4,1,1,0,3,0,0,2,1,1,1,0,2,1,0,6,5,6,1
2,18,4,0,0,0,3,1,0,16,1,1,0,8,0,0,5,0,0,5,1
13,20,0,1,1,0,3,0,0,0,1,1,1,7,2,6,0,6,6,13,0
4,18,0,1,1,4,3,0,1,8,1,1,1,5,0,1,0,2,0,3,0
14,14,0,0,1,4,3,0,1,0,1,1,1,7,2,1,0,6,11,5,1
13,17,2,1,1,4,3,0,1,0,1,1,1,0,2,1,0,6,2,12,0
11,20,4,1,1,0,3,0,0,14,1,1,1,0,2,1,0,6,2,12,0
6,17,4,1,1,0,3,0,0,16,1,1,1,1,0,0,5,0,0,3,1
4,16,4,0,1,0,3,3,0,10,1,1,1,4,0,1,0,9,7,10,1
6,20,0,1,1,3,3,0,1,0,1,1,1,5,0,1,1,6,0,10,1
13,17,1,1,1,0,3,1,0,15,1,1,1,1,2,4,5,9,0,2,0
9,19,4,0,1,0,3,0,0,0,1,1,1,0,0,1,0,8,6,12,1
8,20,4,1,1,0,3,0,0,0,1,1,1,0,0,2,2,6,0,9,1
9,20,4,0,1,0,3,1,0,0,1,1,1,0,0,3,0,8,11,12,0
8,21,4,0,1,0,3,0,0,9,1,1,1,0,0,2,0,4,2,8,1
4,17,4,0,1,0,3,0,0,0,1,1,1,0,0,6,0,6,3,8,0
12,20,0,1,1,0,3,1,0,0,1,1,1,0,2,1,0,7,8,12,0
12,18,0,0,1,0,3,0,0,0,1,1,1,0,2,1,0,6,7,12,1
11,20,0,0,1,0,3,0,0,1,1,1,1,0,2,1,2,0,0,0,1
8,15,0,0,1,0,3,0,0,9,1,1,1,0,0,1,0,6,8,8,1
3,20,4,1,1,0,3,3,0,2,1,1,1,0,0,1,0,5,2,5,0
11,21,4,0,1,0,3,0,0,11,1,1,1,8,2,1,0,6,1,13,0
1,15,4,0,1,0,3,0,0,2,1,1,1,7,0,1,0,2,1,3,1
12,15,4,0,1,0,3,0,0,0,1,1,1,0,2,1,0,6,4,9,1
7,20,4,0,1,0,3,1,0,0,1,1,1,0,0,1,0,6,8,11,1
14,20,4,0,1,0,3,1,0,0,1,1,1,0,2,1,0,6,3,11,1
6,18,4,1,1,0,3,0,0,5,1,1,1,2,0,1,5,0,0,0,1
15,20,4,0,1,3,3,3,1,11,1,1,1,5,2,1,0,6,4,14,1
2,18,4,0,1,0,3,0,0,11,1,1,1,8,0,1,0,6,6,6,0
6,15,4,0,1,0,3,1,0,2,1,1,1,0,0,1,0,1,4,2,1
10,20,4,0,1,4,3,0,1,14,1,1,1,5,0,1,0,6,6,10,0
8,20,4,0,1,0,3,1,0,2,1,1,1,0,0,0,5,0,0,0,1
14,20,4,0,1,0,0,0,0,12,1,1,1,0,2,5,3,7,3,12,1
9,20,4,1,1,2,3,0,0,2,1,1,1,5,0,1,5,0,0,0,1
5,17,3,1,1,0,3,3,0,0,1,1,1,7,2,1,0,1,6,6,1
13,19,0,1,1,0,3,0,0,1,1,1,1,5,2,1,0,6,7,7,1
5,20,4,1,1,0,3,1,0,0,1,1,1,0,0,2,0,6,3,11,0
12,22,4,1,1,0,3,1,0,12,1,1,1,0,2,2,0,6,3,13,1
3,18,0,0,1,4,3,1,1,1,1,1,1,0,0,1,0,4,4,3,1
3,18,4,0,1,0,3,1,0,16,1,1,1,0,0,1,5,1,0,3,0
15,18,4,0,1,0,3,1,0,0,1,1,1,8,0,4,0,4,1,4,0
11,20,4,0,1,0,0,0,0,12,1,1,1,0,2,5,3,7,2,12,1
5,20,4,0,1,0,3,0,0,4,1,1,1,0,0,1,0,5,3,6,0
5,20,4,0,1,0,3,0,0,0,1,1,1,0,0,1,0,8,5,7,1
9,15,0,0,1,0,3,0,0,0,1,1,1,7,0,1,2,8,0,10,1
10,19,4,1,1,0,3,0,0,0,1,1,1,7,0,2,0,6,3,10,1
3,14,4,0,1,4,3,0,1,14,1,1,1,0,0,7,0,6,3,6,1
5,18,4,0,1,0,3,0,0,16,1,1,1,0,0,1,0,6,2,5,1
1,15,4,1,1,0,3,1,0,12,1,1,1,0,0,1,0,2,2,4,0
3,15,4,0,1,0,3,1,0,2,1,1,1,0,0,1,0,3,4,2,1
5,15,4,0,1,0,3,0,0,12,1,1,1,0,0,1,0,4,1,2,1
13,20,0,1,1,0,3,0,0,0,1,1,1,7,2,1,0,6,4,11,1
13,20,0,1,0,0,3,3,0,9,1,1,1,0,2,1,0,6,6,10,1
10,21,0,0,1,0,3,1,0,1,1,1,1,5,0,1,0,6,6,14,1
3,18,4,1,1,0,3,0,0,2,1,1,1,7,0,1,0,5,6,2,1
14,15,0,0,1,4,3,0,1,1,1,1,1,5,2,1,0,6,3,12,1
8,22,4,1,1,0,3,1,0,7,1,1,1,0,0,1,0,8,2,7,1
12,18,4,1,1,0,3,1,0,2,1,1,1,0,2,1,0,6,11,3,1
5,18,4,0,1,0,3,1,0,2,1,1,1,0,0,1,0,6,4,2,1
9,18,4,0,1,4,3,0,1,12,1,1,1,7,2,1,0,1,11,6,1
10,21,4,0,1,0,3,1,0,12,1,1,1,0,0,1,0,7,3,13,0
3,15,3,1,1,0,3,3,0,2,1,1,1,6,0,0,5,0,0,3,1
15,17,4,1,1,0,3,0,0,0,1,1,1,0,2,1,0,6,6,4,1
10,20,4,0,1,0,3,3,0,2,1,1,1,0,0,7,0,4,3,5,1
7,15,4,0,1,0,3,0,0,4,1,1,1,7,0,1,0,4,6,9,1
7,15,4,1,1,0,3,0,0,2,1,1,1,5,0,1,0,6,2,7,1
13,21,4,1,1,4,3,0,1,5,1,1,1,5,2,1,0,5,6,5,1
6,15,0,1,1,0,3,3,0,8,1,1,1,0,0,1,0,1,0,1,1
7,18,4,1,1,0,3,0,0,5,1,1,1,5,0,0,5,0,0,5,1
13,15,4,0,1,0,3,0,0,5,1,1,1,7,2,1,0,6,4,10,1
13,18,0,1,1,0,3,1,0,1,1,1,1,0,2,7,0,1,3,5,1
7,21,4,1,1,4,3,0,1,0,1,1,1,5,0,1,0,6,2,6,1
8,16,0,0,1,4,3,0,1,1,1,1,1,0,0,1,1,9,0,5,0
4,18,4,0,1,4,3,0,1,2,1,1,1,0,0,1,0,6,8,11,1
5,18,4,1,1,0,3,0,0,12,1,1,1,0,0,1,0,2,10,5,0
11,21,0,1,1,4,3,0,1,1,1,1,1,5,2,7,0,8,8,7,1
6,18,0,0,1,0,3,0,0,8,1,1,1,0,0,4,5,2,0,3,1
7,19,4,0,1,0,3,1,0,2,1,1,1,0,0,1,0,6,3,13,1
11,21,0,1,1,0,3,0,0,0,1,1,1,0,2,1,0,8,2,11,1
11,20,4,0,0,0,3,0,0,2,1,1,0,1,2,1,5,1,0,4,1
6,20,0,1,0,0,3,3,0,1,1,1,0,7,2,5,4,3,7,7,0
11,20,0,1,1,0,3,1,0,0,1,1,1,0,2,1,0,7,0,9,1
11,1,4,1,0,3,3,3,1,1,1,1,0,5,2,3,5,0,0,4,1
13,20,0,1,1,3,3,3,1,1,1,1,1,5,2,1,5,0,0,0,1
10,20,0,1,1,0,3,3,0,1,1,1,1,0,0,1,0,5,11,11,1
13,20,4,0,1,0,3,1,0,0,1,1,1,0,2,1,0,8,2,14,0
9,18,0,0,1,0,0,3,0,0,1,1,1,1,0,5,3,9,4,11,1
0,15,4,1,1,0,3,0,0,2,1,1,1,0,0,0,5,0,0,0,1
14,19,0,1,1,0,3,1,0,1,1,1,1,0,2,1,0,5,5,7,1
9,18,4,0,1,0,3,0,0,2,1,1,1,0,0,1,0,8,6,6,1
6,20,4,0,1,0,3,0,0,12,1,1,1,0,0,1,0,8,1,11,1
11,20,4,1,1,0,3,0,0,2,1,1,1,0,2,1,0,9,4,13,1
10,23,3,1,1,0,3,0,0,0,1,1,1,0,0,7,0,6,5,14,1
10,15,4,1,1,0,3,0,0,2,1,1,1,0,0,1,0,6,5,7,1
11,20,4,1,1,3,3,3,1,2,1,1,1,5,2,1,5,1,0,4,1
0,13,4,1,1,0,3,0,0,2,1,1,1,7,0,0,5,0,0,0,1
13,6,0,0,1,2,3,0,0,7,1,1,1,8,2,9,2,0,11,14,0
6,21,0,1,1,0,3,0,0,5,1,1,1,0,0,1,0,6,5,14,1
3,15,4,0,1,4,3,0,1,9,1,1,1,5,0,1,0,1,5,3,0
0,17,4,0,1,0,3,1,0,7,1,1,1,0,0,1,0,6,3,6,1
8,15,4,1,1,0,3,0,0,2,1,1,1,7,0,1,0,6,2,8,1
1,18,4,0,1,4,3,0,1,10,1,1,1,5,0,1,0,6,5,8,0
11,20,4,1,1,0,3,3,0,12,1,1,1,0,2,1,0,8,3,13,1
12,21,0,1,1,0,3,3,0,0,1,1,1,0,2,1,0,8,4,14,0
14,19,4,1,1,0,3,1,0,0,1,1,1,0,2,1,0,6,3,14,1
8,21,4,1,1,0,3,0,0,9,1,1,1,0,0,3,0,6,6,14,1
15,20,0,0,1,0,3,0,0,1,1,1,1,5,2,1,0,6,11,14,0
13,18,4,1,1,0,3,0,0,0,1,1,1,0,2,7,5,6,0,7,1
10,20,4,1,1,0,3,0,0,2,1,1,1,0,0,1,2,8,0,10,0
0,15,4,1,1,0,3,3,0,2,1,1,1,0,0,1,0,1,6,3,1
8,20,4,0,1,0,3,0,0,2,1,1,1,5,0,3,0,4,4,3,1
10,15,0,0,1,0,3,1,0,1,1,1,1,8,0,1,0,6,4,7,1
15,22,4,1,1,0,3,0,0,0,1,1,1,8,0,2,0,7,8,13,1
3,20,4,1,1,0,3,1,0,2,1,1,1,8,0,1,0,2,9,3,1
10,14,4,1,1,0,3,0,0,2,1,1,1,0,0,3,5,0,0,6,1
4,19,4,0,1,0,3,1,0,0,1,1,1,0,0,1,0,3,4,11,0
6,20,0,1,1,4,3,0,1,0,1,1,1,0,0,1,5,4,0,2,0
10,21,4,1,1,3,3,1,1,0,1,1,1,5,0,2,0,6,3,13,1
1,15,4,1,1,0,3,0,0,2,1,1,1,7,0,1,5,0,0,0,1
4,15,4,1,1,0,3,1,0,0,1,1,1,0,0,1,0,2,2,4,0
6,20,4,1,1,0,3,3,0,12,1,1,1,0,0,1,0,6,0,14,1
11,20,4,1,1,0,3,1,0,12,1,1,1,0,2,1,0,6,10,11,1
12,20,4,0,1,4,3,0,1,0,1,1,1,5,2,1,0,6,11,11,0
4,20,4,1,1,0,3,1,0,2,1,1,1,0,0,1,0,6,3,4,1
1,18,4,1,1,4,3,0,1,16,1,1,1,5,0,2,5,1,0,2,0
3,15,4,1,1,0,3,0,0,14,1,1,1,7,0,1,0,6,8,6,1
5,12,3,1,1,0,3,0,0,0,1,1,1,6,0,1,0,6,10,9,0
11,20,4,1,1,2,3,1,0,0,1,1,1,0,2,1,0,6,3,12,0
5,20,4,1,1,3,3,0,1,2,1,1,1,0,0,2,0,3,6,4,1
2,18,4,0,1,0,1,1,0,0,1,1,1,0,0,1,0,8,10,12,1
10,21,0,0,1,0,3,0,0,0,1,1,1,0,0,1,0,6,10,13,1
4,20,4,0,1,0,3,0,0,2,1,1,1,0,0,1,0,6,5,3,1
11,10,2,1,1,4,3,0,1,7,1,1,1,0,2,0,5,0,0,0,1
7,17,0,1,1,4,3,0,1,1,1,1,1,7,0,1,0,6,2,5,0
6,18,4,1,1,0,3,1,0,0,1,1,1,5,0,1,0,4,2,13,1
6,20,4,0,1,0,3,1,0,2,1,1,1,0,0,1,0,9,0,7,0
4,20,0,1,1,0,3,0,0,2,1,1,1,7,0,6,1,4,0,6,1
0,18,4,0,1,0,3,1,0,16,1,1,1,8,0,1,5,2,0,3,1
8,20,0,0,1,0,3,0,0,0,1,1,1,0,0,6,0,8,7,10,0
7,0,4,0,1,0,3,3,0,2,1,1,1,0,0,1,0,6,3,9,1
11,18,4,1,1,4,3,0,1,14,1,1,1,0,2,1,0,6,2,7,1
0,17,4,1,1,0,3,2,0,8,1,1,1,0,0,1,0,2,1,1,0
10,20,0,0,1,0,1,1,0,0,1,1,1,8,0,5,0,9,3,13,1
1,18,4,0,1,0,3,0,0,11,1,1,1,7,0,1,0,2,4,4,1
10,15,0,1,1,0,3,0,0,5,1,1,1,0,0,2,0,6,3,10,1
5,20,4,1,1,0,3,1,0,12,1,1,1,0,0,0,5,0,0,0,0
4,12,4,0,0,0,3,0,0,2,1,1,1,0,0,0,5,0,0,4,1
15,15,4,1,1,0,3,3,0,4,1,1,1,0,2,1,0,5,6,9,1
13,20,0,1,1,0,3,0,0,0,1,1,1,7,2,3,0,2,7,6,1
12,20,0,1,1,0,3,0,0,0,1,1,1,0,2,4,0,5,5,12,1
15,18,0,0,1,3,3,3,1,2,1,1,1,5,2,1,0,2,8,5,1
1,13,4,0,1,0,3,0,0,2,1,1,1,1,0,1,0,1,5,7,1
4,18,4,0,1,4,3,0,1,2,1,1,1,1,0,1,0,3,2,3,1
6,20,4,1,1,0,3,3,0,2,1,1,1,5,0,1,0,1,6,3,1
12,15,4,1,1,0,3,1,0,2,1,1,1,0,2,1,5,0,0,0,1
7,15,4,1,1,0,3,0,0,2,1,1,1,7,0,1,0,5,2,5,1
12,20,4,1,1,0,3,0,0,0,1,1,1,0,2,2,0,9,1,14,1
11,17,4,0,1,0,3,0,0,12,1,1,1,0,2,1,0,6,3,13,0
8,15,0,0,1,0,3,1,0,1,1,1,1,0,0,7,2,1,0,2,1
11,21,0,0,1,0,3,1,0,0,1,1,1,0,2,1,0,8,2,14,0
14,20,4,1,0,0,3,3,0,0,1,1,0,0,2,1,1,6,0,13,0
10,16,4,1,1,4,3,1,1,0,1,1,1,2,0,1,5,5,0,3,0
0,15,4,0,1,2,2,0,0,2,1,1,1,0,0,1,0,4,6,5,1
1,18,4,1,1,0,3,1,0,2,1,1,1,0,0,2,0,6,3,10,1
0,15,4,0,1,0,3,0,0,2,1,1,1,5,0,0,5,0,0,0,1
5,18,0,1,1,0,0,0,0,0,1,1,1,0,0,5,3,2,2,6,1
10,20,0,1,1,0,3,1,0,0,1,1,1,0,0,1,0,3,6,14,1
14,15,0,1,1,0,3,0,0,8,1,1,1,5,2,1,1,6,0,11,1
4,18,0,1,1,0,3,0,0,8,1,1,1,0,0,4,0,2,1,3,0
13,23,2,1,1,3,3,0,1,5,1,1,1,5,2,1,0,6,9,14,1
6,18,0,1,1,0,3,1,0,1,1,1,1,0,0,1,0,4,1,9,0
0,18,4,1,1,0,3,0,0,4,1,1,1,0,0,1,0,1,8,1,1
15,19,4,0,1,0,3,1,0,2,1,1,1,0,2,0,5,0,0,0,1
12,20,0,1,1,4,3,0,1,1,1,1,1,5,2,1,0,6,3,9,0
6,15,0,0,1,4,1,3,1,6,1,1,1,6,0,6,0,6,8,14,0
8,20,4,0,1,0,3,1,0,0,1,1,1,8,0,2,0,7,2,12,1
7,20,4,0,1,0,3,1,0,14,1,1,1,0,0,1,0,8,2,10,1
5,19,4,1,1,0,3,0,0,2,1,1,1,5,0,1,0,1,4,2,1
10,20,0,1,1,0,3,0,0,1,1,1,1,5,0,3,0,6,4,12,0
8,23,0,0,1,0,3,0,0,5,0,1,1,0,0,1,0,6,8,13,1
10,12,4,0,1,4,3,0,1,9,1,1,1,2,0,0,5,0,0,0,1
8,18,4,0,1,0,3,3,0,2,1,1,1,7,0,4,0,6,4,6,1
11,21,0,0,1,0,3,0,0,0,1,1,1,0,2,2,0,6,1,11,0
5,18,4,1,1,0,3,0,0,2,1,1,1,5,0,1,0,2,4,5,1
2,18,4,0,1,0,3,3,0,2,1,1,1,5,0,0,5,0,0,0,1
2,18,4,1,0,0,3,0,0,2,1,1,0,0,0,0,5,0,0,0,1
8,18,4,0,1,0,3,0,0,2,1,1,1,7,0,2,0,6,4,10,1
0,17,4,0,1,0,3,0,0,2,1,1,1,0,0,9,2,0,0,0,1
5,20,4,1,1,0,3,0,0,11,1,1,1,5,0,6,0,1,6,5,0
5,18,4,1,1,0,3,0,0,2,1,1,1,7,0,1,0,6,2,4,1
4,18,4,1,1,0,3,1,0,2,1,1,1,0,0,1,5,0,0,0,1
5,20,0,1,1,0,3,3,0,1,1,1,1,0,0,1,0,9,3,13,1
11,20,4,0,0,0,3,0,0,3,1,1,0,1,2,1,5,6,0,6,1
12,23,0,0,1,0,3,0,0,0,1,1,1,0,2,2,0,6,8,14,1
14,15,0,0,1,4,3,0,1,0,1,1,1,0,2,1,0,6,4,13,1
3,15,4,0,1,0,0,0,0,16,1,1,1,0,0,5,3,9,1,7,1
11,18,0,1,1,3,3,0,1,1,1,1,1,5,2,1,0,6,6,12,1
8,20,0,1,1,4,3,3,1,1,1,1,1,0,0,2,0,2,1,3,1
14,15,4,0,1,3,3,0,1,0,1,1,1,7,2,1,0,4,1,6,1
4,15,4,0,1,4,3,3,1,11,1,1,1,0,0,1,0,6,4,8,0
10,18,4,0,1,0,3,0,0,2,1,1,1,7,0,1,0,6,8,13,1
2,16,4,0,1,0,3,0,0,15,1,1,1,0,0,1,5,3,0,2,1
4,13,4,1,1,0,3,0,0,7,1,1,1,7,0,6,5,0,0,6,1
7,19,4,1,1,0,3,1,0,7,1,1,1,0,0,1,2,0,0,0,1
6,19,4,1,1,0,3,0,0,0,1,1,1,0,0,1,0,3,8,8,1
0,18,4,1,1,0,3,3,0,11,1,1,1,0,0,1,0,4,2,3,0
1,18,4,1,1,0,3,0,0,2,1,1,1,7,0,0,5,0,0,0,1
7,15,0,1,1,4,3,0,1,1,1,1,1,0,0,1,5,0,0,0,1
3,18,4,1,1,0,3,3,0,2,1,1,1,0,0,1,0,6,2,6,1
9,18,2,0,1,3,3,0,1,0,1,1,1,5,0,1,0,7,7,12,1
5,20,4,1,1,0,3,3,0,2,1,1,1,7,0,1,0,2,1,4,1
6,18,4,1,1,0,3,1,0,5,1,1,1,8,0,1,0,3,2,5,1
3,20,4,1,1,0,3,0,0,2,1,1,1,0,0,1,0,6,6,9,1
1,15,4,0,1,0,0,3,0,6,1,1,1,5,0,5,3,6,2,14,0
5,18,4,1,1,4,3,0,1,11,1,1,1,8,0,1,0,6,6,6,1
11,20,4,0,1,3,3,0,1,0,1,1,1,5,2,1,0,6,11,12,0
7,20,0,1,1,0,3,1,0,11,1,1,1,0,0,4,5,1,0,2,0
11,19,4,1,1,0,3,3,0,0,1,1,1,0,2,1,0,6,8,12,1
9,17,4,0,1,0,3,1,0,0,1,1,1,0,0,4,0,6,2,10,0
11,17,0,1,1,4,3,0,1,1,1,1,1,0,2,0,5,0,0,0,0
10,20,4,1,1,0,3,0,0,2,1,1,1,0,0,1,0,7,11,11,1
0,18,4,1,1,0,3,0,0,14,1,1,1,0,0,1,0,2,3,2,1
4,15,4,0,0,0,3,3,0,2,1,1,0,0,0,0,5,0,0,3,0
11,18,4,1,1,0,3,0,0,2,1,1,1,8,2,1,0,6,2,7,1
7,20,4,1,1,0,3,0,0,0,1,1,1,5,0,1,0,7,6,13,1
1,18,4,1,1,0,3,0,0,16,1,1,1,7,0,2,5,1,0,3,0
13,20,2,1,1,0,3,1,0,12,1,1,1,0,2,3,0,2,7,5,0
7,20,4,0,1,0,3,3,0,2,1,1,1,0,0,1,0,6,7,12,1
5,17,4,0,1,0,3,1,0,2,1,1,1,5,0,1,5,0,0,2,1
12,16,0,1,1,4,3,0,1,1,1,1,1,0,2,1,0,6,4,8,0
12,20,4,0,1,0,3,0,0,0,1,1,1,0,2,1,0,8,2,14,1
10,17,4,1,1,0,3,0,0,0,1,1,1,1,0,1,0,6,8,7,1
12,20,0,0,1,0,3,0,0,0,1,1,1,0,2,4,0,9,10,14,1
2,14,4,0,1,0,3,0,0,2,1,1,1,0,0,1,0,6,8,5,1
7,18,4,0,1,0,3,0,0,0,1,1,1,0,0,1,0,7,11,12,1
13,17,4,1,1,0,3,1,0,2,1,1,1,0,2,2,0,6,5,10,1
6,15,4,1,1,0,3,3,0,2,1,1,1,0,0,1,0,4,4,6,1
4,8,0,1,1,2,3,3,0,3,1,1,1,1,0,1,5,0,0,1,0
13,20,0,1,1,4,3,0,1,1,1,1,1,0,2,2,0,1,8,14,1
3,19,4,0,1,0,3,1,0,2,1,1,1,0,0,1,0,1,3,4,1
0,18,4,1,1,2,3,0,0,2,1,1,1,7,0,9,2,0,0,0,1
4,20,4,0,1,0,3,0,0,2,1,1,1,0,0,1,0,6,4,7,1
8,20,4,1,1,3,3,0,1,11,1,1,1,5,0,1,0,6,8,8,1
13,20,4,1,1,0,3,3,0,0,1,1,1,7,2,1,0,6,7,10,0
13,20,4,0,1,0,3,1,0,2,1,1,1,0,2,7,0,5,5,5,1
11,18,4,0,1,0,3,0,0,12,1,1,1,0,2,1,0,6,3,10,1
6,19,4,0,1,0,3,1,0,12,1,1,1,0,0,1,0,6,2,11,1
13,21,4,0,1,0,3,1,0,0,1,1,1,5,2,4,0,5,4,13,1
3,20,0,1,1,0,3,3,0,1,1,1,1,5,0,1,0,6,4,12,0
10,20,4,1,1,0,3,1,0,2,1,1,1,0,0,1,0,6,8,11,1
5,19,4,1,1,0,3,3,0,0,1,1,1,7,0,1,5,0,0,0,1
6,20,4,1,1,0,3,1,0,12,1,1,1,0,0,1,0,6,6,11,1
6,21,0,1,1,4,3,0,1,1,1,1,1,5,0,1,0,6,6,13,0
10,21,4,0,1,0,3,1,0,15,1,1,1,0,0,1,5,7,0,14,0
10,14,4,0,0,0,3,3,0,2,1,1,0,8,0,0,5,0,0,3,1
10,19,0,0,1,0,3,0,0,0,1,1,1,7,0,1,0,7,3,11,1
7,17,4,1,1,0,3,0,0,2,1,1,1,0,0,0,5,0,0,0,1
8,21,4,1,1,3,3,0,1,2,1,1,1,5,0,1,0,6,8,11,1
6,18,4,1,1,0,3,0,0,2,1,1,1,0,0,1,0,1,8,5,1
6,15,4,0,1,0,3,1,0,2,1,1,1,0,0,1,0,6,1,8,1
10,12,4,0,1,0,3,0,0,5,1,1,1,0,0,1,0,6,11,6,1
11,21,4,0,1,0,3,0,0,0,1,1,1,0,2,3,0,9,3,14,0
12,22,0,0,1,4,3,0,1,1,1,1,1,0,2,7,0,9,6,13,1
11,17,0,1,1,0,3,3,0,8,1,1,1,0,2,4,0,6,0,8,1
13,17,0,0,1,0,3,1,0,1,1,1,1,0,2,3,0,6,6,11,1
11,16,0,0,1,4,3,0,1,1,1,1,1,0,2,1,5,6,0,2,0
15,19,4,0,1,0,3,0,0,0,1,1,1,0,2,1,0,6,3,14,1
13,15,0,1,1,0,3,0,0,0,1,1,1,0,2,1,5,0,0,0,1
2,15,4,0,1,3,3,3,1,2,1,1,1,0,0,1,5,2,0,1,1
1,18,4,0,1,0,3,3,0,11,1,1,1,0,0,1,5,1,0,2,0
13,17,0,1,1,0,3,1,0,0,1,1,1,0,2,6,0,6,6,10,1
6,14,4,0,1,0,3,1,0,2,1,1,1,8,0,8,5,6,0,11,1
4,20,4,0,0,0,3,1,0,0,1,1,0,8,0,0,5,0,0,0,0
10,18,4,1,1,0,3,1,0,10,1,1,1,0,0,1,0,6,8,10,1
11,20,0,0,1,4,3,0,1,1,1,1,1,0,2,3,0,6,3,11,1
10,16,0,0,1,0,3,0,0,0,1,1,1,7,0,1,0,6,4,8,1
12,20,0,1,1,0,3,0,0,0,1,1,1,0,2,3,0,6,7,13,0
0,12,4,0,1,0,3,0,0,16,1,1,1,7,0,0,5,0,0,5,1
13,0,0,0,0,0,3,0,0,2,1,1,1,5,2,0,5,0,0,6,1
2,21,4,0,1,0,3,0,0,0,1,1,1,7,0,4,0,7,1,14,1
1,18,4,1,1,0,3,3,0,16,1,1,1,0,0,9,2,1,0,1,1
13,20,4,1,1,4,3,0,1,12,1,1,1,5,2,1,0,6,3,14,1
5,20,4,1,1,0,3,0,0,2,1,1,1,7,0,1,0,6,3,4,1
2,18,4,1,1,0,3,0,0,2,1,1,1,7,0,1,0,3,2,2,1
8,20,4,1,1,3,3,0,1,2,1,1,1,5,0,0,5,0,0,0,1
8,21,0,1,1,4,3,0,1,1,1,1,1,5,0,1,0,9,4,13,0
5,14,0,0,1,0,3,0,1,9,1,1,1,0,0,6,0,6,3,7,1
13,18,0,1,1,3,3,0,1,1,1,1,1,0,2,1,0,8,2,11,1
2,15,4,0,1,0,3,0,0,4,1,1,1,0,0,1,0,4,2,2,1
14,15,0,1,1,0,3,0,0,0,1,1,1,7,2,1,5,2,0,2,1
5,2,0,1,1,3,1,0,1,16,1,1,1,7,0,0,5,0,0,4,0
8,15,4,0,1,0,3,0,0,3,1,1,1,1,0,1,0,6,1,9,1
4,0,4,1,1,4,3,0,1,9,1,1,1,7,0,0,5,0,0,7,1
2,15,4,0,1,0,0,0,0,16,1,1,1,0,0,5,3,9,1,6,0
15,15,0,1,1,0,3,3,0,1,1,1,1,0,2,0,5,0,0,0,1
13,18,4,1,1,0,3,0,0,2,1,1,1,1,2,1,0,3,4,6,1
8,20,4,1,1,0,3,0,0,0,1,1,1,0,0,1,1,6,0,12,0
3,18,4,1,1,0,3,1,0,11,1,1,1,0,0,1,0,2,2,4,1
11,15,0,1,1,0,3,1,0,0,1,1,1,0,2,4,0,6,5,12,1
0,17,4,0,1,0,3,1,0,1,1,1,1,0,0,1,0,4,1,2,0
1,18,4,1,1,0,3,0,0,2,1,1,1,7,0,1,0,2,3,4,1
12,20,0,0,1,0,3,0,0,2,1,1,1,0,2,6,0,6,6,11,1
15,20,0,1,1,0,3,0,0,0,1,1,1,0,2,3,0,6,5,11,1
5,18,4,0,1,0,3,0,0,0,1,1,1,1,0,1,0,6,1,13,1
14,12,0,0,1,4,3,0,1,0,1,1,1,0,2,1,0,6,3,14,1
9,15,0,0,1,4,3,0,1,0,1,1,1,0,0,1,2,6,0,8,1
9,18,4,1,1,2,3,1,0,2,1,1,1,7,0,1,0,2,6,8,1
1,15,4,0,1,0,3,3,0,16,1,1,1,5,0,1,5,5,0,4,1
7,19,4,1,1,0,3,0,0,2,1,1,1,7,0,1,0,6,6,7,1
0,18,4,1,1,0,3,2,0,2,1,1,1,8,0,1,2,1,0,3,1
4,17,4,0,1,0,3,0,0,2,1,1,1,1,0,1,0,3,3,7,1
6,15,4,1,1,0,3,0,0,4,1,1,1,5,0,1,2,0,0,4,1
9,18,4,0,0,0,3,2,0,2,1,1,0,0,0,0,5,0,0,4,1
15,15,0,0,1,0,1,0,0,1,1,1,1,7,2,1,0,6,11,9,1
5,15,4,1,1,2,3,0,0,12,1,1,1,7,0,1,0,5,8,8,1
3,18,4,0,1,0,3,0,0,2,1,1,1,0,0,0,5,0,0,0,1
10,20,0,1,1,0,3,0,0,0,1,1,1,5,0,1,0,6,11,12,0
14,14,0,1,1,4,3,0,1,1,1,1,1,7,2,0,5,0,0,4,0
1,15,4,1,1,0,3,0,0,2,1,1,1,0,0,0,5,0,0,0,1
7,15,4,0,1,0,3,0,0,4,1,1,1,0,0,1,0,6,8,8,1
14,11,0,0,1,0,3,0,0,1,1,1,1,0,2,1,0,6,8,14,1
12,21,4,1,1,0,3,1,0,0,1,1,1,0,2,2,0,8,8,12,0
9,20,4,0,1,0,3,0,0,0,1,1,1,7,0,6,0,8,4,11,1
0,18,4,1,1,0,3,3,0,2,1,1,1,0,0,1,0,3,8,5,1
8,18,4,0,1,0,3,0,0,2,1,1,1,1,0,1,0,3,1,8,1
9,15,4,0,1,4,3,0,1,12,1,1,1,5,0,1,0,6,6,10,1
12,13,0,0,1,0,3,0,0,2,1,1,1,7,2,1,2,6,0,6,1
11,19,0,0,1,4,3,0,1,1,1,1,1,5,2,0,5,0,0,0,1
10,20,0,1,1,0,1,1,0,0,1,1,1,0,0,5,0,8,4,13,1
10,16,4,0,1,0,3,0,0,10,1,1,1,8,0,1,5,6,0,3,0
0,18,4,1,1,0,3,0,0,11,1,1,1,1,0,3,5,1,0,1,1
9,20,0,1,1,0,3,1,0,0,1,1,1,0,0,3,0,6,7,13,0
3,17,4,1,1,0,3,0,0,2,1,1,1,0,0,1,0,5,8,6,1
10,13,4,0,1,0,3,0,0,15,1,1,1,1,0,1,5,0,0,0,1
13,19,4,1,1,0,3,0,0,2,1,1,1,0,0,2,0,2,5,4,1
13,15,4,1,0,0,3,0,0,12,1,1,0,0,2,0,5,0,0,5,1
10,1,3,1,1,4,3,3,1,1,1,1,1,0,0,7,0,6,3,7,1
0,15,4,1,1,0,3,0,0,2,1,1,1,5,0,1,0,3,6,3,1
10,18,4,0,1,0,3,0,0,2,1,1,1,1,0,6,2,1,0,2,1
1,19,4,1,1,0,3,1,0,2,1,1,1,0,0,1,0,4,4,5,1
15,20,0,1,1,0,3,0,0,1,1,1,1,0,2,1,0,6,8,12,1
9,18,4,1,1,0,3,0,0,2,1,1,1,0,0,4,5,0,0,1,1
4,15,0,0,1,0,3,0,0,8,1,1,1,0,0,4,0,1,0,1,1
13,19,4,0,1,4,3,0,1,0,1,1,1,5,2,0,5,0,0,0,1
13,14,4,1,1,0,3,3,0,11,1,1,0,0,2,6,0,2,7,6,1
8,20,0,1,1,0,3,0,0,0,1,1,1,0,0,1,1,4,0,6,1
9,20,0,1,1,0,3,0,0,1,1,1,1,1,0,1,0,6,8,13,0
7,14,4,1,1,0,3,0,0,2,1,1,1,0,0,1,0,5,5,7,1
10,20,0,0,1,1,3,3,0,11,1,1,1,0,0,7,0,5,10,6,1
3,21,4,1,1,4,3,0,1,9,1,1,1,5,0,0,5,0,0,0,1
0,18,4,0,1,0,3,2,0,0,1,1,1,5,0,1,5,3,0,2,1
1,18,4,1,1,0,3,0,0,2,1,1,1,0,0,1,0,2,2,2,1
11,17,4,0,1,0,3,0,0,0,1,1,1,7,2,1,0,6,4,13,1
7,17,4,0,1,0,3,3,0,0,1,1,1,8,0,1,0,6,6,9,1
13,15,4,1,1,4,3,0,1,7,1,1,1,5,2,6,0,1,11,3,1
1,19,4,0,1,0,3,0,0,2,1,1,1,7,0,1,0,6,3,6,1
15,20,4,0,1,0,3,1,0,0,1,1,1,0,2,3,0,9,8,13,0
6,14,0,1,1,0,3,1,0,2,1,1,1,0,0,0,5,0,0,0,1
2,20,4,0,1,0,3,1,0,0,1,1,1,0,0,1,0,8,4,14,0
12,15,4,0,1,4,3,0,1,5,1,1,1,7,2,1,2,0,0,5,1
7,18,4,0,1,0,3,1,0,2,1,1,1,0,0,1,0,5,11,5,1
8,19,4,0,1,0,3,0,0,0,1,1,1,0,0,1,0,3,4,8,1
0,14,4,0,0,0,3,1,0,16,1,1,0,0,0,0,5,0,0,0,1
12,17,0,1,1,4,3,1,1,1,1,1,1,0,2,1,0,4,3,4,1
11,17,0,0,1,0,3,0,0,8,1,1,1,7,2,1,2,4,0,5,1
11,15,4,0,1,0,3,0,0,16,1,1,1,1,0,1,5,4,0,4,1
2,18,4,0,1,3,3,0,0,16,1,1,1,5,0,7,0,9,2,11,1
9,17,4,0,1,0,3,3,0,0,1,1,1,1,0,1,0,5,2,6,1
4,20,4,0,1,0,0,1,0,16,1,1,1,0,0,5,3,9,4,11,0
8,20,4,1,1,0,3,0,0,0,1,1,1,0,0,1,0,9,4,10,0
3,18,4,0,1,0,3,3,0,2,1,1,1,0,0,1,0,6,4,9,1
1,18,4,1,1,0,3,0,0,2,1,1,1,5,0,1,0,1,3,4,1
12,22,0,0,1,4,3,3,1,0,1,1,1,0,2,1,0,7,6,11,1
12,14,4,0,1,0,3,3,0,2,1,1,1,0,2,1,0,6,5,7,1
5,18,4,0,1,0,3,1,0,16,1,1,1,0,0,2,0,9,6,8,1
1,18,4,0,1,0,3,1,0,2,1,1,1,8,0,1,0,6,6,5,0
12,15,0,0,1,4,3,0,1,0,1,1,1,5,2,1,0,6,11,9,1
7,21,4,1,1,0,3,1,0,0,1,1,1,0,0,2,0,6,8,14,0
10,21,0,1,1,0,3,3,0,4,1,1,1,0,0,0,5,0,0,7,1
9,20,4,1,1,4,3,0,1,0,1,1,1,7,0,3,0,6,6,7,1
11,20,4,0,1,0,3,1,0,2,1,1,1,8,2,1,2,3,0,5,1
8,19,4,0,1,0,3,1,0,12,1,1,1,0,0,1,0,6,4,10,0
4,18,4,1,0,0,3,3,0,2,1,1,0,7,0,1,1,3,0,4,0
5,18,4,0,1,0,3,0,0,2,1,1,1,8,0,6,0,2,6,3,1
13,16,4,0,1,0,3,3,0,5,1,1,1,7,2,1,0,9,11,13,1
11,18,4,1,1,0,3,0,0,0,1,1,1,0,2,1,0,6,3,10,1
12,15,4,1,1,0,3,3,0,5,1,1,1,2,2,6,5,0,0,0,1
9,21,0,1,1,0,3,0,0,0,1,1,1,8,0,1,0,8,6,10,0
9,20,4,0,1,0,3,0,0,0,1,1,1,5,0,3,0,6,7,13,0
10,20,4,1,1,0,3,0,0,2,1,1,1,0,0,1,0,6,3,9,1
13,20,4,0,1,2,3,0,0,12,1,1,1,0,2,1,0,2,9,14,0
4,15,4,1,1,4,3,3,1,2,1,1,1,7,0,1,0,6,6,8,0
13,15,4,1,1,0,3,0,0,2,1,1,1,0,2,1,0,6,4,4,1
11,15,0,1,1,4,3,0,1,1,1,1,1,0,2,1,5,3,0,2,1
5,22,4,0,1,0,3,0,0,7,1,1,1,8,0,1,0,9,6,7,1
6,20,4,1,1,0,3,3,0,3,1,1,1,1,0,2,0,9,8,13,1
7,15,0,1,1,4,3,3,1,1,1,1,1,7,0,1,5,2,0,4,0
7,15,4,0,1,0,3,1,0,11,1,1,1,0,0,0,5,0,0,0,0
5,20,4,1,1,4,3,0,1,10,1,1,1,5,0,0,5,0,0,0,1
12,18,0,1,1,4,3,0,1,1,1,1,1,0,2,1,5,0,0,0,1
5,18,4,1,1,4,3,0,1,0,1,1,1,0,0,1,0,3,2,9,0
13,0,4,0,1,0,3,3,0,12,1,1,1,7,2,1,0,6,4,9,1
5,11,3,0,1,0,3,0,0,7,1,1,1,0,0,1,0,9,10,6,1
3,18,4,0,1,0,1,0,0,2,1,1,1,0,0,5,0,9,5,3,0
3,17,4,0,1,0,3,0,0,2,1,1,1,0,0,1,5,0,0,2,1
15,20,0,0,1,0,0,1,0,0,1,1,1,0,2,5,3,6,2,12,1
2,14,4,0,1,4,3,0,1,9,1,1,1,5,0,0,5,0,0,0,1
10,12,3,1,1,0,3,0,0,0,1,1,1,7,0,0,5,0,0,4,1
10,20,4,1,1,0,3,0,0,5,1,1,1,5,0,1,0,6,3,13,1
8,15,4,0,1,0,3,0,0,2,1,1,1,8,0,2,0,7,2,8,1
8,20,4,1,1,0,3,1,0,0,1,1,1,0,0,1,0,6,6,5,1
8,20,4,0,1,0,3,3,0,0,1,1,1,0,0,1,0,9,3,14,0
10,16,0,0,1,4,3,0,1,15,1,1,1,7,0,0,5,0,0,0,0
3,19,4,1,1,4,3,0,1,12,1,1,1,0,0,1,0,6,3,6,1
14,18,4,0,1,0,3,0,0,2,1,1,1,1,2,5,0,6,4,7,1
10,22,0,1,1,0,3,1,0,1,1,1,1,0,0,1,0,9,8,14,0
12,13,4,0,1,0,3,3,0,0,1,1,1,0,2,1,0,3,7,9,1
6,20,4,1,1,4,3,0,1,5,1,1,1,7,0,1,0,1,3,3,0
4,19,4,0,1,4,3,0,1,0,1,1,1,5,0,1,0,6,2,7,1
9,18,1,0,1,0,0,1,0,4,1,1,1,0,0,5,3,9,2,9,1
9,21,0,1,1,4,3,0,1,1,1,1,1,0,0,1,0,7,8,14,1
11,15,4,1,1,3,3,0,1,0,1,1,1,1,2,1,0,6,11,6,1
12,13,4,1,1,0,3,3,0,2,1,1,1,0,2,0,5,0,0,13,1
3,17,4,1,1,0,3,1,0,2,1,1,1,5,0,1,0,9,2,8,1
10,15,0,1,1,3,3,3,1,0,1,1,1,0,0,1,5,0,0,0,0
9,18,4,0,1,4,3,0,1,5,1,1,1,0,0,1,0,6,3,9,0
5,19,4,1,1,0,3,0,0,2,1,1,1,0,0,6,0,4,6,6,1
15,22,0,0,1,0,3,1,0,1,1,1,1,0,2,1,0,9,8,14,0
8,20,4,0,1,4,3,0,1,0,1,1,1,7,0,1,0,6,3,7,1
6,15,4,0,1,0,3,0,0,0,1,1,1,0,0,1,0,6,4,11,1
11,18,0,0,1,4,3,0,1,1,1,1,1,5,2,1,0,6,4,12,1
9,21,0,1,1,0,3,0,0,1,1,1,1,8,0,5,0,6,9,13,1
9,21,4,1,1,0,3,1,0,12,1,1,1,8,0,2,5,6,0,12,0
12,20,4,0,1,3,3,0,1,0,1,1,1,0,2,1,0,6,2,13,1
10,20,4,1,1,0,3,0,0,14,1,1,1,0,0,1,0,6,6,7,1
11,20,0,1,1,0,3,0,0,0,1,1,1,0,2,3,0,9,5,12,1
8,15,4,0,1,0,3,1,0,7,1,1,1,7,0,1,0,3,4,3,1
14,19,4,0,1,0,3,1,0,0,1,1,1,0,2,1,0,7,11,14,0
3,15,4,0,1,0,0,0,0,16,1,1,1,0,0,5,3,9,2,5,1
6,20,4,1,1,0,3,1,0,12,1,1,1,0,0,1,0,6,3,11,0
10,20,4,0,1,0,3,1,0,0,1,1,1,8,0,1,0,6,6,14,0
7,21,0,1,1,0,3,0,0,0,1,1,1,0,0,1,0,6,6,14,1
8,4,2,0,1,4,3,1,1,11,1,1,1,7,0,3,0,7,5,11,1
7,18,4,0,1,0,3,1,0,0,1,1,1,8,0,1,0,6,11,9,1
13,19,2,0,1,0,3,0,0,2,1,1,1,1,2,3,0,6,3,6,1
10,15,0,1,1,4,3,0,1,2,1,1,1,0,0,1,0,6,5,10,1
14,15,4,1,1,4,3,0,1,5,1,1,1,7,2,6,2,0,0,0,1
8,20,4,0,1,0,3,0,0,0,1,1,1,0,0,1,0,6,3,13,1
6,9,4,0,1,0,3,1,0,12,1,1,1,7,0,2,0,4,5,4,0
8,5,2,1,0,0,2,0,0,2,0,1,1,0,0,4,0,6,5,7,1
9,18,0,0,1,4,3,0,1,0,1,1,1,0,0,6,0,6,4,11,1
4,18,4,1,1,0,3,3,0,9,1,1,1,7,0,1,1,6,0,8,1
1,18,4,1,1,0,3,1,0,2,1,1,1,7,0,1,0,3,4,3,1
10,16,4,0,1,0,3,0,0,15,1,1,1,1,0,0,5,0,0,0,0
9,18,0,0,1,0,3,3,0,1,1,1,1,7,0,1,5,0,0,0,1
0,18,4,0,1,0,3,1,0,2,1,1,1,0,0,1,0,6,3,6,1
8,15,0,0,1,4,3,0,1,1,1,1,1,7,0,1,0,6,4,8,1
6,18,4,1,1,0,3,1,0,2,1,1,1,0,0,1,0,5,8,6,1
3,18,4,1,1,4,3,0,1,11,1,1,1,0,0,0,5,0,0,0,1
7,19,4,0,1,0,3,0,0,2,1,1,1,7,0,3,0,6,0,11,1
9,20,0,0,1,4,3,1,1,0,1,1,1,0,0,1,0,8,6,14,1
15,20,0,0,1,0,3,0,0,1,1,1,1,0,2,1,0,3,10,14,1
4,15,4,0,1,0,3,0,0,11,1,1,1,0,0,1,0,6,8,12,0
7,15,4,0,1,0,3,0,0,7,1,1,1,0,0,1,0,6,6,6,1
6,20,4,1,1,0,3,1,0,0,1,1,1,0,0,1,0,4,11,4,0
4,18,4,0,1,0,3,0,0,4,1,1,1,0,0,1,2,0,0,0,1
9,20,4,1,1,0,3,1,0,2,1,1,1,0,0,3,0,3,2,5,1
13,11,4,0,0,0,3,1,0,15,1,1,0,0,2,0,5,0,0,0,1
13,20,4,1,1,0,3,0,0,2,1,1,1,0,2,1,0,6,6,10,1
8,20,0,1,1,0,3,3,0,0,1,1,1,0,0,1,0,7,10,14,1
9,18,0,1,1,0,3,1,0,0,1,1,1,0,0,1,0,8,4,8,1
11,18,0,0,1,3,3,0,1,1,1,1,1,5,2,1,0,6,4,13,1
10,18,4,1,1,3,3,1,1,10,1,1,1,8,0,1,0,9,7,10,1
2,18,4,0,1,0,3,3,0,9,1,1,1,7,0,0,5,0,0,0,1
14,18,0,1,1,0,3,0,0,8,1,1,1,5,2,0,5,0,0,0,1
2,17,4,0,1,0,3,1,0,2,1,1,1,8,0,1,5,1,0,1,1
12,17,0,1,1,0,3,3,0,1,1,1,1,0,2,1,5,0,0,0,0
14,19,4,0,1,0,3,1,0,0,1,1,1,0,2,5,0,6,5,11,0
0,15,4,0,1,0,3,0,0,2,1,1,1,0,0,1,2,1,0,2,1
13,15,4,0,1,4,3,0,1,0,1,1,1,7,2,2,0,6,6,7,1
4,18,4,0,1,0,3,1,0,2,1,1,1,0,0,2,0,2,4,5,0
12,16,0,0,1,0,3,0,0,0,1,1,1,7,2,1,0,6,2,10,1
9,15,4,0,1,0,3,3,0,2,1,1,1,0,0,1,0,9,11,8,1
5,20,4,1,1,0,3,0,0,2,1,1,1,0,0,3,2,0,0,0,1
15,21,4,0,1,0,3,0,0,0,1,1,1,0,2,1,0,6,3,13,1
14,20,4,0,0,0,3,1,0,0,1,1,0,0,2,2,0,9,6,12,0
5,15,4,0,1,3,3,3,1,15,1,1,1,0,0,1,5,6,0,1,0
1,18,4,0,1,0,3,0,0,16,1,1,1,5,0,0,5,0,0,0,0
4,17,4,0,1,0,3,3,0,2,1,1,1,7,0,1,0,3,2,3,1
5,20,4,0,1,0,3,0,0,2,1,1,1,5,0,1,0,8,4,9,1
2,19,4,0,1,0,3,1,0,2,1,1,1,8,0,1,0,2,9,2,1
5,20,4,1,1,2,3,0,1,12,1,1,1,5,0,6,0,2,4,4,0
8,20,4,0,1,0,3,0,0,2,1,1,1,0,0,1,0,6,9,7,1
14,15,4,1,0,0,3,0,0,0,1,1,1,0,2,5,0,7,2,5,1
14,17,4,0,1,0,3,1,0,0,1,1,1,8,2,1,0,6,6,10,1
15,15,0,1,1,3,3,0,1,0,1,1,1,5,2,1,5,2,0,3,1
10,15,0,1,1,0,3,1,0,0,1,1,1,7,0,1,0,6,11,9,1
9,20,4,1,1,0,3,0,0,11,1,1,1,7,0,1,0,7,6,10,1
8,16,4,0,1,0,3,0,0,5,1,1,1,7,0,1,0,6,6,8,1
13,15,0,1,1,4,3,0,1,9,1,1,1,7,2,1,0,6,6,8,1
2,19,4,0,1,3,3,0,1,2,1,1,1,5,0,0,5,0,0,0,1
2,18,0,1,1,0,1,0,0,1,1,1,1,0,2,5,0,9,6,6,1
7,21,0,1,1,0,3,0,0,1,1,1,1,5,0,0,5,0,0,0,1
1,18,4,0,1,4,3,0,1,9,1,1,1,5,0,0,5,0,0,0,1
0,15,4,0,1,0,3,0,0,2,1,1,1,7,0,1,5,6,0,2,1
2,17,4,1,1,0,3,0,0,0,1,1,1,0,0,1,0,6,2,4,1
8,20,4,1,1,0,3,0,0,0,1,1,1,0,0,3,0,7,2,12,0
3,18,4,0,1,0,3,3,0,11,1,1,1,7,0,1,0,6,4,9,1
5,15,4,1,1,0,3,0,0,12,1,1,1,1,0,1,0,6,6,11,0
12,18,0,1,1,0,3,0,0,1,1,1,1,0,2,1,1,6,0,12,1
5,18,4,0,1,0,3,0,0,5,1,1,1,0,0,1,0,6,4,6,1
12,21,0,0,1,3,3,0,1,1,1,1,1,5,2,1,0,6,6,14,1
15,18,4,1,1,0,3,0,0,0,1,1,1,0,2,4,0,6,4,12,1
9,23,0,1,1,0,3,0,0,1,1,1,1,5,0,1,0,6,7,13,0
4,15,4,1,1,0,3,1,0,2,1,1,1,0,0,1,2,6,0,6,0
15,20,0,0,1,3,3,0,1,0,1,1,1,0,2,1,0,7,6,14,1
12,20,0,1,1,0,3,0,0,1,1,1,1,0,2,1,0,7,3,11,1
10,15,0,0,1,0,3,0,0,1,1,1,1,0,0,1,2,0,0,0,1
15,20,4,0,1,0,3,3,0,0,1,1,1,0,2,1,0,6,0,13,1
5,20,4,0,1,0,3,2,0,0,1,1,1,6,0,1,0,5,10,14,1
2,18,4,1,1,0,3,3,0,4,1,1,1,0,0,1,0,1,8,6,1
10,15,0,0,1,0,3,1,0,1,1,1,1,0,0,1,0,6,4,12,1
14,19,4,1,1,0,3,3,0,0,1,1,1,4,2,1,0,5,8,14,1
8,19,4,1,1,0,3,1,0,12,1,1,1,0,0,1,0,4,6,5,1
4,18,4,0,1,0,3,3,0,11,1,1,1,5,0,0,5,0,0,0,1
9,3,4,1,0,0,3,3,1,9,1,0,0,7,0,6,1,6,0,12,1
8,16,4,0,1,0,3,1,0,2,1,1,1,0,0,1,0,6,1,8,0
12,20,4,0,1,0,3,1,0,0,1,1,1,8,2,1,0,8,8,6,1
12,17,4,1,1,0,3,1,0,0,1,1,1,0,2,4,0,6,4,10,1
11,15,4,1,1,0,3,3,0,0,1,1,1,0,2,1,0,4,1,8,1
1,14,4,0,1,4,3,0,1,16,1,1,1,0,0,9,2,0,0,0,0
4,15,0,0,1,0,1,3,0,16,1,1,1,0,0,1,0,6,6,5,1
15,22,0,1,1,0,3,1,0,0,1,1,1,8,2,1,0,9,0,14,1
11,19,0,0,1,0,3,1,0,1,1,1,1,0,2,3,0,3,0,6,1
9,11,4,0,0,2,3,1,0,4,0,1,0,0,0,1,0,9,10,12,0
0,17,4,1,1,0,3,1,0,7,1,1,1,8,0,1,0,1,1,3,1
15,18,0,1,1,0,3,0,0,0,1,1,1,0,2,2,0,6,1,8,1
14,20,4,0,0,0,3,0,0,2,1,1,0,8,2,1,5,6,0,3,1
7,20,4,1,1,0,3,1,0,0,1,1,1,0,0,1,2,6,0,6,1
3,13,4,0,1,0,3,0,0,15,1,1,1,0,0,1,5,0,0,0,0
2,13,4,0,0,0,3,0,0,15,1,1,0,1,0,0,5,0,0,4,0
10,12,4,0,1,4,3,0,1,2,1,1,1,0,0,1,2,0,0,0,0
8,20,4,0,1,0,3,0,0,0,1,1,1,0,0,1,0,9,2,13,0
7,20,0,0,1,0,3,0,0,1,1,1,1,5,0,1,0,7,10,12,1
0,12,4,0,1,0,3,0,0,16,1,1,1,5,0,0,5,0,0,5,1
8,17,4,0,1,0,3,0,0,2,1,1,1,5,0,1,0,9,8,12,1
3,19,0,1,1,0,3,1,0,1,1,1,1,0,0,1,0,6,4,8,1
6,18,4,1,1,0,3,3,0,12,1,1,1,0,0,1,0,4,3,9,1
3,20,4,0,1,0,3,0,0,11,1,1,1,5,0,2,0,9,4,14,0
14,20,4,0,1,0,3,1,0,0,1,1,1,8,2,2,0,6,8,12,1
12,20,2,1,1,0,3,2,0,0,1,1,1,0,2,1,0,9,3,12,1
6,15,0,1,1,4,3,0,1,1,1,1,1,0,0,0,5,0,0,0,1
4,7,4,1,1,0,1,0,0,16,1,1,1,4,0,3,0,5,7,3,1
7,13,4,0,1,0,3,1,0,0,1,1,1,7,0,1,0,5,2,5,1
13,20,4,0,1,0,3,0,0,2,1,1,1,1,2,1,0,6,10,7,1
2,17,4,0,1,0,3,1,0,2,1,1,1,1,0,3,0,6,10,3,1
1,18,4,1,1,0,3,1,0,2,1,1,1,0,0,1,0,4,2,5,0
10,18,0,0,1,0,3,0,0,0,1,1,1,0,0,1,0,6,4,10,1
6,20,4,1,1,4,3,0,1,11,1,1,1,5,0,0,5,0,0,0,1
11,17,4,0,1,0,3,3,0,2,1,1,1,5,2,1,0,6,6,10,1
10,20,0,0,1,0,3,0,0,1,1,1,1,0,0,7,0,6,11,12,1
0,15,4,0,1,0,3,1,0,16,1,1,1,0,0,1,0,4,1,6,1
11,20,4,1,1,0,3,1,0,0,1,1,1,8,2,3,0,6,3,12,1
0,15,4,1,1,0,3,1,0,2,1,1,1,0,0,1,0,5,0,4,1
15,17,0,0,1,0,3,1,0,0,1,1,1,0,2,1,0,6,6,12,1
15,18,0,0,1,3,1,0,1,8,0,1,1,7,1,5,3,7,9,13,1
6,15,4,0,1,4,3,0,1,2,1,1,1,7,0,1,0,6,8,7,1
11,18,4,0,1,0,3,1,0,0,1,1,1,0,2,2,0,6,1,9,1
13,21,4,0,1,3,3,0,1,0,1,1,1,5,2,4,0,8,6,14,1
3,15,4,0,1,0,3,3,0,2,1,1,1,7,0,1,0,2,1,2,1
8,18,4,1,1,0,3,0,0,0,1,1,1,0,0,1,0,6,3,8,0
10,21,0,1,1,4,3,0,1,1,1,1,1,5,0,0,5,0,0,0,0
4,18,0,0,1,0,3,3,0,15,1,1,1,1,0,1,5,6,0,1,0
2,15,4,1,1,0,3,1,0,2,1,1,1,0,0,1,0,5,3,6,1
1,18,4,0,1,0,3,0,0,2,1,1,1,5,0,1,0,6,6,10,1
4,15,4,0,1,0,3,0,0,2,1,1,1,0,0,1,0,1,4,1,1
5,18,4,1,1,0,3,0,0,0,1,1,1,1,0,1,0,6,3,6,1
12,17,4,0,1,0,3,0,0,2,1,1,1,0,2,1,5,0,0,0,1
4,20,4,1,1,0,3,0,0,2,1,1,1,0,0,0,5,0,0,0,1
6,20,4,1,1,0,3,1,0,0,1,1,1,1,0,1,0,6,3,13,1
4,19,4,0,1,0,3,3,0,2,1,1,1,7,0,3,0,4,10,6,1
10,18,4,0,0,0,3,1,0,2,1,0,0,8,0,6,5,0,0,2,1
15,21,4,1,1,0,3,0,0,0,1,1,1,5,2,1,0,6,2,9,1
12,21,4,0,1,0,3,0,0,0,1,1,1,1,2,1,0,8,10,13,1
4,20,4,1,1,2,3,0,0,2,1,1,1,5,0,1,5,0,0,4,1
8,20,0,1,1,0,3,1,0,0,1,1,1,0,0,1,0,9,6,13,0
5,20,4,1,1,0,3,0,0,0,1,1,1,0,0,1,0,5,4,6,1
11,15,4,0,1,4,3,0,1,0,1,1,1,5,2,0,5,0,0,0,1
14,19,0,0,1,0,3,1,0,0,1,1,1,0,2,1,0,6,11,13,0
5,19,4,1,1,0,3,0,0,0,1,1,1,0,0,1,0,3,7,5,1
6,18,4,1,1,0,3,3,0,0,1,1,1,8,0,0,5,0,0,0,1
3,19,4,0,1,0,3,0,0,2,1,1,1,0,0,0,5,0,0,0,1
0,17,4,0,1,0,3,0,0,2,1,1,1,0,0,0,5,0,0,0,1
15,15,0,1,1,3,3,3,1,1,1,1,1,7,2,1,0,6,10,9,1
14,15,4,1,1,3,3,0,1,2,1,1,1,0,2,1,0,6,11,6,1
11,13,4,0,0,0,3,0,0,15,1,1,0,1,2,0,5,0,0,2,0
15,21,0,1,1,4,3,0,1,1,1,1,1,5,2,0,5,0,0,0,0
7,15,4,0,0,0,3,1,0,14,1,1,0,0,0,1,0,4,6,7,0
12,0,4,0,1,4,3,0,1,2,1,1,1,1,2,6,0,2,3,3,1
0,17,4,0,1,0,3,1,0,0,1,1,1,0,0,2,0,4,2,6,0
14,21,0,0,1,4,3,0,1,0,1,1,1,5,2,1,0,9,11,14,1
5,23,4,1,1,0,3,3,0,5,1,1,1,5,0,2,0,6,4,13,0
15,16,4,0,1,4,3,0,1,10,1,1,1,5,2,1,0,9,3,10,1
9,18,0,0,1,0,3,3,0,2,1,1,1,0,0,1,5,0,0,0,1
14,20,0,1,1,3,3,0,1,1,1,1,1,5,2,1,0,8,8,14,1
5,20,4,0,1,0,3,0,0,11,1,1,1,0,0,1,0,6,2,8,1
12,18,4,0,1,0,3,0,0,2,1,1,1,0,2,1,0,6,3,10,1
7,17,0,1,1,4,3,0,1,0,1,1,1,0,0,1,0,1,2,6,0
15,20,4,0,1,0,3,1,0,0,1,1,1,5,2,4,0,6,4,13,1
1,17,4,1,1,0,3,1,0,11,1,1,1,0,0,1,0,6,3,13,0
11,23,0,1,1,0,3,0,0,1,1,1,1,0,2,1,0,6,11,14,0
7,15,4,0,1,4,3,0,1,2,1,1,1,7,0,1,0,6,2,5,1
11,15,0,1,1,0,3,0,0,1,1,1,1,7,2,1,0,6,3,8,1
3,18,4,1,1,0,3,1,0,2,1,1,1,0,0,1,5,4,0,2,1
7,15,4,0,1,0,3,0,0,5,1,1,1,0,0,1,2,6,0,6,0
5,17,4,0,0,0,3,0,0,15,1,1,0,1,0,1,5,3,0,2,0
0,15,4,0,1,0,3,0,0,0,1,1,1,0,0,1,0,3,1,4,1
10,20,4,1,1,4,3,0,1,11,1,1,1,0,0,4,0,8,4,6,0
1,13,4,0,1,0,3,0,0,16,1,1,1,1,0,1,5,5,0,5,1
5,15,4,1,1,0,3,3,0,11,1,1,1,0,0,1,0,6,8,11,0
9,15,4,0,1,0,3,1,0,2,1,1,1,0,0,1,0,6,8,6,1
12,15,0,0,1,0,3,0,0,2,1,1,1,8,0,2,0,5,8,4,1
12,21,0,1,1,4,3,0,1,1,1,1,1,5,2,1,0,6,8,14,1
13,21,4,0,1,0,3,1,0,0,1,1,1,0,2,7,0,9,5,13,1
4,20,4,1,1,0,3,0,0,11,1,1,1,5,0,1,0,6,2,4,1
1,18,4,1,1,0,3,0,0,2,1,1,1,0,0,2,0,1,10,1,1
8,15,3,1,1,0,3,0,0,0,1,1,1,7,0,1,5,3,0,3,1
0,18,4,0,1,0,3,3,0,11,1,1,1,0,0,0,5,0,0,5,0
8,20,4,1,1,4,3,0,1,16,1,1,1,5,0,1,5,1,0,2,0
5,21,4,1,1,0,3,0,0,2,1,1,1,5,0,1,0,4,2,3,1
7,20,0,1,1,0,3,0,0,1,1,1,1,5,0,0,5,0,0,0,1
8,23,0,1,1,3,3,0,1,1,1,1,1,5,0,1,0,6,7,7,1
11,18,0,1,1,3,3,3,1,0,1,1,1,0,2,0,5,0,0,0,1
12,15,0,0,1,0,3,0,0,0,1,1,1,0,2,1,0,6,10,11,1
13,11,0,0,1,4,3,0,1,0,1,1,1,0,2,3,0,9,3,10,1
0,18,4,1,1,0,3,0,0,2,1,1,1,0,0,1,0,3,2,3,0
5,17,4,1,1,0,3,0,0,12,1,1,1,0,2,1,0,3,11,6,0
4,17,4,0,1,0,3,0,0,2,1,1,1,1,0,0,5,0,0,0,1
3,18,4,0,1,0,3,3,0,2,1,1,1,0,0,1,0,2,8,5,1
13,20,4,0,1,4,3,0,1,0,1,1,1,0,2,1,0,6,5,14,0
5,17,4,0,1,0,3,1,0,7,1,1,1,0,0,1,0,5,4,5,1
3,18,4,1,0,0,3,0,0,2,1,1,0,1,0,0,5,0,0,4,1
14,19,4,0,1,0,3,1,0,0,1,1,1,0,2,3,0,6,2,13,0
9,14,0,1,1,4,3,0,1,5,1,1,1,7,0,0,5,0,0,0,1
12,20,0,1,1,0,3,1,0,0,1,1,1,8,2,1,0,6,3,14,1
0,15,4,1,1,0,3,0,0,11,1,1,1,7,0,1,0,1,3,3,1
15,15,4,0,1,4,3,1,1,2,1,1,1,0,2,1,0,5,11,3,1
12,20,4,0,1,0,3,0,0,0,1,1,1,7,2,4,0,6,2,11,1
0,22,4,1,1,0,3,1,0,7,1,1,1,0,0,0,5,0,0,0,1
1,18,4,0,1,0,3,0,0,2,1,1,1,5,0,0,5,0,0,0,1
15,18,4,0,1,0,1,0,0,10,1,1,1,8,2,1,0,9,7,13,1
13,15,0,0,1,0,3,0,0,1,1,1,1,0,2,1,0,9,4,14,1
0,18,4,1,1,0,3,3,0,16,1,1,1,0,0,3,0,4,0,6,0
7,18,4,0,1,0,3,0,0,12,1,1,1,0,0,1,0,6,6,6,1
10,17,4,1,1,0,3,3,0,0,1,1,1,0,0,1,0,4,3,8,1
7,20,4,0,1,0,3,0,0,2,1,1,1,0,0,1,0,6,7,10,1
5,15,0,1,1,3,3,2,1,0,1,1,1,0,0,6,5,1,0,1,0
7,13,4,1,1,0,3,0,0,2,1,1,1,1,0,0,5,0,0,0,1
2,18,0,0,1,0,3,2,0,1,1,1,1,0,0,1,0,2,3,2,0
8,21,4,0,1,4,3,0,1,14,1,1,1,1,0,1,0,6,6,7,1
6,18,0,0,1,4,3,3,1,0,1,1,1,0,0,1,0,6,6,9,1
13,19,4,0,0,0,3,1,0,0,1,1,0,0,2,2,0,6,6,9,1
13,23,0,0,1,0,3,3,0,0,1,1,1,5,2,1,0,6,7,10,1
4,15,4,0,1,0,3,0,0,2,1,1,1,0,0,1,0,2,8,4,1
6,20,4,1,1,0,3,0,0,11,1,1,1,0,0,1,0,4,6,5,0
14,20,0,1,1,4,3,3,1,1,1,1,1,5,2,6,0,8,8,11,1
1,18,4,0,1,0,3,0,0,2,1,1,1,7,0,0,5,0,0,0,1
5,20,4,1,1,0,3,1,0,11,1,1,1,0,0,1,0,6,4,6,1
15,15,4,0,1,0,3,0,0,0,1,1,1,0,2,2,0,6,8,12,1
3,20,4,1,1,0,3,0,0,0,1,1,1,5,0,3,0,3,5,9,1
8,18,4,0,1,0,3,1,0,2,1,1,1,0,0,1,0,5,6,2,1
13,20,4,1,1,0,3,0,0,12,1,1,1,5,2,2,0,6,2,10,0
6,20,4,0,1,3,3,3,1,0,1,1,1,5,0,3,0,6,0,13,1
6,18,4,0,1,0,3,0,0,11,1,1,1,0,0,1,0,6,10,9,0
3,18,4,0,1,0,0,1,0,16,1,1,1,0,0,5,3,9,2,7,1
5,18,4,1,1,0,3,0,0,2,1,1,1,7,0,1,0,4,2,4,1
9,13,4,0,1,4,3,0,1,0,1,1,1,0,0,0,5,0,0,7,1
14,20,0,0,1,0,3,0,0,0,1,1,1,0,2,1,0,8,9,14,1
12,18,4,1,1,0,3,0,0,11,1,1,1,5,2,1,0,1,2,3,1
5,20,4,1,1,0,3,1,0,2,1,1,1,0,0,1,0,6,5,7,0
10,8,1,1,1,3,3,0,1,3,1,1,1,1,0,1,1,3,2,9,1
13,21,0,0,1,0,3,0,0,0,1,1,1,5,2,4,0,6,1,12,1
15,11,3,0,1,4,3,0,1,0,1,1,1,0,2,6,0,6,8,6,1
6,20,4,0,1,0,3,0,0,11,1,1,1,2,0,1,0,6,6,14,1
11,13,4,1,1,0,3,0,0,2,1,1,1,0,2,6,2,8,0,6,1
4,17,4,0,1,0,3,0,0,11,1,1,1,5,0,1,0,9,2,12,0
8,15,4,1,0,0,3,0,0,2,1,1,0,7,0,1,5,4,0,4,1
7,18,4,0,1,0,3,3,0,2,1,1,1,0,0,1,0,6,3,10,1
2,15,4,1,1,0,3,3,0,12,1,1,1,0,0,0,5,0,0,4,1
9,20,4,0,1,0,3,3,0,2,1,1,1,5,0,7,0,7,11,13,0
0,15,4,0,1,0,3,0,0,2,1,1,1,5,0,0,5,0,0,0,1
9,21,0,1,1,3,3,0,1,0,1,1,1,5,0,1,0,6,6,13,0
14,20,0,0,1,0,3,3,0,1,1,1,1,5,2,1,0,6,2,12,1
2,18,4,1,1,3,3,0,1,2,1,1,1,5,0,0,5,0,0,0,1
7,15,4,0,1,4,3,0,1,2,1,1,1,0,0,1,0,6,3,6,1
9,15,2,0,1,4,3,1,1,2,1,1,1,0,0,4,0,1,4,5,1
12,21,4,0,1,0,3,0,0,2,1,1,1,0,2,1,0,7,2,12,1
6,15,4,0,1,0,3,0,0,2,1,1,1,8,0,1,0,6,0,11,1
15,20,0,1,1,0,3,2,0,0,1,1,1,0,2,1,0,2,10,4,1
6,20,4,1,1,0,3,0,0,11,1,1,1,5,0,1,0,6,10,11,1
13,0,4,0,1,0,3,3,0,2,1,1,1,1,2,0,5,0,0,0,1
15,20,0,0,1,3,3,0,1,0,1,1,1,0,2,1,5,8,0,11,1
12,13,4,0,0,0,3,0,0,15,1,1,1,0,2,1,5,0,0,0,0
10,18,4,0,1,0,3,1,0,2,1,1,1,0,0,1,0,5,8,5,1
1,15,4,0,1,0,3,0,0,15,1,1,1,7,0,0,5,0,0,0,1
3,19,4,1,1,0,3,0,0,2,1,1,1,5,0,1,0,3,4,3,1
15,22,4,1,1,0,3,3,0,0,1,1,1,0,2,1,0,6,8,14,1
14,14,4,0,0,0,3,0,0,2,1,1,0,7,2,0,5,0,0,0,1
6,14,0,0,1,4,3,0,1,9,1,1,1,0,0,1,1,3,0,1,1
9,18,4,1,1,0,3,3,0,2,1,1,1,5,0,1,5,0,0,0,1
13,12,2,1,0,4,3,0,1,0,1,1,1,0,2,9,2,0,0,13,1
5,19,4,1,1,0,3,3,0,2,1,1,1,0,0,1,0,4,5,6,0
5,20,4,0,1,0,3,0,0,2,1,1,1,1,0,1,0,6,6,4,1
12,20,0,0,1,0,3,0,0,9,1,1,1,0,2,2,0,6,11,9,1
0,18,4,1,1,0,3,3,0,2,1,1,1,0,0,0,5,0,0,0,1
13,20,0,0,1,3,3,0,1,0,1,1,1,5,2,1,0,6,9,14,1
6,18,4,0,1,0,3,3,0,0,1,1,1,0,0,1,0,2,2,2,0
0,15,4,1,1,3,3,0,1,16,1,1,1,0,0,9,2,0,0,0,1
5,5,4,0,1,3,3,0,1,4,1,1,1,0,0,0,5,0,0,0,1
8,15,4,0,1,0,3,1,0,2,1,1,1,0,0,1,5,0,0,3,0
5,15,4,0,1,0,3,3,0,5,1,1,1,0,0,1,0,8,10,6,1
5,0,4,0,1,2,3,3,1,10,1,1,1,8,0,6,0,6,4,6,1
12,20,4,0,1,0,3,3,0,12,1,1,1,0,2,1,0,6,6,13,1
9,18,0,1,1,0,3,3,0,8,1,1,1,7,0,1,0,6,6,8,1
5,15,4,0,1,4,3,0,1,11,1,1,1,7,0,1,0,6,3,9,0
13,20,0,0,1,3,3,0,1,0,1,1,1,5,2,6,0,6,6,14,1
11,20,0,1,1,4,3,0,1,1,1,1,1,7,2,1,0,6,11,5,0
13,20,0,1,1,3,3,0,1,1,1,1,1,5,2,2,0,1,6,3,1
1,18,4,0,1,0,3,3,0,0,1,1,1,0,0,1,0,5,6,8,0
8,20,4,0,1,0,3,0,0,2,1,1,1,0,0,2,0,9,11,10,1
0,15,4,1,1,0,3,0,0,2,1,1,1,0,0,0,5,0,0,0,1
0,18,4,0,1,0,3,0,0,16,1,1,1,7,0,1,5,2,0,3,1
0,15,4,1,0,0,3,1,0,3,0,1,1,0,0,1,0,2,2,5,0
5,15,4,1,1,4,3,3,1,12,1,1,1,0,0,0,5,0,0,0,1
13,15,0,1,1,3,3,0,1,0,1,1,1,0,2,1,0,6,10,10,1
5,18,4,0,1,0,3,1,0,2,1,1,1,0,0,1,0,5,3,6,0
5,18,4,1,1,0,3,0,0,5,1,1,1,1,0,6,2,1,0,2,1
9,20,4,0,1,4,3,3,1,14,1,1,1,0,0,7,0,9,0,10,1
9,18,4,1,1,3,3,0,1,0,1,1,1,5,0,1,0,6,6,7,0
2,18,4,1,1,0,3,0,0,2,1,1,1,7,0,0,5,0,0,0,1
12,15,4,0,1,4,3,0,1,9,1,1,1,0,2,0,5,0,0,0,1
0,15,4,1,1,4,3,3,1,10,1,1,1,0,0,0,5,0,0,0,0
15,20,4,0,1,0,3,0,0,0,1,1,1,0,2,1,0,6,3,14,1
5,19,4,1,1,0,3,3,0,2,1,1,1,7,0,0,5,0,0,0,1
7,19,0,1,1,0,3,0,0,1,1,1,1,0,0,1,0,4,2,5,1
0,17,4,1,1,0,3,3,0,16,1,1,1,7,0,0,5,0,0,0,0
6,20,4,1,1,4,3,0,1,11,1,1,1,5,0,1,0,6,4,11,1
7,15,4,0,1,0,3,0,0,5,1,1,1,5,0,6,2,1,0,2,0
13,20,4,0,1,4,3,1,1,2,1,1,1,5,2,2,0,3,6,14,1
5,19,4,0,1,0,3,3,0,9,1,1,1,0,0,1,0,9,4,11,1
8,15,4,0,1,4,3,0,1,2,1,1,1,7,0,1,0,4,6,5,1
15,15,4,0,1,0,3,3,0,11,1,1,1,0,2,1,0,6,2,13,0
11,23,0,1,1,0,3,0,0,8,1,1,1,0,2,1,5,6,0,3,1
11,18,4,0,1,2,3,3,0,11,1,1,1,2,2,1,0,4,10,13,1
11,18,0,0,1,0,3,1,0,1,1,1,1,0,2,1,0,6,4,11,1
7,17,4,0,1,0,0,1,0,16,1,1,1,1,0,5,3,8,3,7,1
11,18,0,0,1,3,1,3,1,0,1,1,1,8,2,1,0,8,7,7,1
7,21,0,1,1,4,3,0,1,1,1,1,1,5,0,0,5,0,0,0,0
9,15,2,0,1,4,3,0,1,14,1,1,1,0,0,1,0,9,8,12,1
6,15,4,1,1,0,3,0,0,2,1,1,1,0,0,1,0,6,1,8,1
10,15,4,0,1,3,3,0,1,2,1,1,1,7,0,2,0,6,4,7,1
12,18,4,1,1,0,3,1,0,0,1,1,1,8,2,1,0,1,2,4,1
3,22,4,1,1,0,3,3,0,0,1,1,1,0,0,1,0,5,9,6,0
10,20,0,0,1,4,3,0,1,0,1,1,1,5,0,1,2,6,0,10,0
11,20,4,0,0,0,3,3,0,0,1,1,0,0,2,1,1,4,0,6,1
13,20,4,0,1,0,3,1,0,0,1,1,1,0,2,3,0,2,8,6,1
8,16,4,1,1,4,3,3,1,3,1,1,1,7,0,1,0,9,8,10,1
13,16,0,1,1,4,3,0,1,0,1,1,1,0,2,1,0,6,6,7,1
9,15,4,0,1,0,3,3,0,2,1,1,1,0,0,1,0,6,2,8,1
6,15,0,0,0,0,3,0,0,1,1,1,1,0,0,5,0,6,4,2,0
11,14,4,1,1,0,3,3,0,12,1,1,1,0,2,1,0,2,7,8,0
0,18,4,0,1,0,3,1,0,2,1,1,1,0,0,1,0,1,2,2,1
11,20,4,0,1,2,3,0,0,3,1,1,1,1,2,1,5,6,0,6,1
7,20,4,0,1,0,3,0,0,2,1,1,1,5,0,1,0,8,8,11,1
12,20,0,1,1,4,3,1,1,0,1,1,1,0,2,1,0,6,10,11,1
9,15,4,1,1,3,3,0,1,0,1,1,1,8,0,1,5,0,0,0,1
9,13,4,0,1,0,3,1,0,15,1,1,1,1,0,1,5,0,0,0,0
7,19,4,0,1,0,3,0,0,0,1,1,1,7,0,1,0,5,2,2,1
10,17,4,1,0,0,3,3,0,2,1,0,1,5,0,4,2,0,0,2,1
0,15,4,1,1,0,3,3,0,2,1,1,1,0,0,1,5,1,0,3,1
9,19,4,1,1,0,3,3,0,0,1,1,1,0,0,1,0,4,3,6,1
3,18,4,0,1,0,3,0,0,5,1,1,1,0,0,6,0,6,3,8,1
1,18,4,0,1,0,3,0,0,2,1,1,1,5,0,0,5,0,0,0,0
5,18,4,1,1,0,3,0,0,0,1,1,1,0,0,6,0,1,3,2,1
0,18,4,0,1,0,3,0,0,2,1,1,1,0,0,9,2,3,0,0,1
2,15,4,0,1,0,3,0,0,2,1,1,1,0,0,1,0,6,2,4,1
10,15,0,0,1,0,3,0,0,5,1,1,1,0,0,1,0,8,2,6,1
15,18,4,1,1,4,3,3,1,0,1,1,1,7,2,1,0,5,4,5,1
2,17,4,1,0,0,3,3,0,16,1,1,0,0,0,2,5,1,0,3,0
14,20,4,1,1,0,3,1,0,0,1,1,1,0,2,4,0,6,5,12,1
12,17,0,1,1,0,3,3,0,1,1,1,1,0,2,1,2,0,0,0,0
1,18,4,1,1,0,3,1,0,7,1,1,1,0,0,1,0,2,1,2,1
8,20,4,0,1,4,3,0,1,0,1,1,1,0,0,6,2,0,0,0,1
13,20,0,1,1,0,3,1,0,1,1,1,1,0,2,1,0,7,2,13,1
3,18,4,0,1,0,3,1,0,2,1,1,1,0,0,5,2,2,0,2,0
6,20,4,1,0,0,2,0,0,3,1,1,0,1,0,5,4,6,4,13,0
8,17,0,0,1,0,3,3,0,1,1,1,1,0,0,1,0,9,1,13,1
4,18,4,0,1,0,1,1,0,2,1,1,1,0,0,1,0,6,8,8,1
6,12,4,0,0,0,3,3,0,9,1,1,1,0,0,1,0,9,11,14,1
15,15,2,0,0,0,3,1,0,2,1,0,1,0,2,4,0,6,11,11,0
14,0,0,1,1,4,3,3,1,1,1,1,1,0,2,1,0,6,4,12,1
5,20,4,0,1,0,3,0,0,2,1,1,1,0,0,1,0,6,2,11,1
5,19,4,0,1,0,3,1,0,0,1,1,1,0,0,6,0,3,6,6,1
13,20,0,0,1,0,0,0,0,0,1,1,1,5,2,5,0,8,6,9,1
4,12,4,1,0,0,3,2,0,2,1,1,1,3,0,0,5,0,0,4,1
15,20,0,1,1,0,3,1,0,1,1,1,1,0,2,1,0,8,7,9,1
1,15,2,1,1,0,3,0,0,7,1,1,1,1,0,1,0,6,4,7,1
11,15,0,0,1,0,1,1,0,0,1,1,1,0,2,1,5,0,0,0,1
10,19,4,0,1,0,3,3,0,2,1,1,1,0,0,1,0,6,11,5,1
1,15,4,0,0,0,3,0,0,4,0,1,0,0,0,0,5,0,0,5,1
4,21,4,0,1,2,3,0,0,2,1,1,1,5,0,1,0,4,6,9,1
3,20,4,0,0,0,3,1,0,2,1,1,0,0,0,0,5,0,0,0,1
11,20,4,0,1,0,3,0,0,0,1,1,1,5,2,1,0,6,5,12,1
0,15,4,1,1,4,3,3,1,14,1,1,1,5,0,1,0,2,4,2,1
0,15,4,1,1,0,3,0,0,9,1,1,1,0,0,1,5,6,0,1,1
5,15,4,1,1,0,3,3,0,14,1,1,1,0,0,1,5,0,0,0,1
1,18,4,0,1,0,3,0,0,16,1,1,1,0,0,0,5,0,0,4,1
6,18,4,0,0,0,3,1,0,0,1,1,0,0,0,1,0,1,3,3,1
9,20,4,1,1,0,3,1,0,2,1,1,1,0,0,4,0,6,10,10,1
7,15,4,0,1,0,3,3,0,2,1,1,1,0,0,0,5,0,0,0,1
10,14,0,0,1,0,3,1,0,14,1,1,1,0,0,1,0,6,1,7,1
7,20,0,0,1,0,3,0,0,1,1,1,1,0,0,1,0,6,8,11,1
0,17,4,1,1,0,3,0,0,2,1,1,1,0,0,9,2,0,0,0,1
14,19,0,1,1,0,3,0,0,0,1,1,1,0,2,1,5,0,0,0,1
2,19,4,1,1,0,3,0,0,2,1,1,1,0,0,1,0,2,4,2,1
8,15,4,1,1,0,3,0,0,7,1,1,1,7,0,1,0,6,8,10,1
11,15,0,1,1,4,3,0,1,1,1,1,1,0,2,0,5,0,0,0,1
2,18,0,0,1,0,3,2,0,8,1,1,1,7,0,0,5,0,0,0,0
9,18,4,0,1,0,3,0,0,2,1,1,1,0,0,1,0,7,3,7,1
10,17,4,0,1,0,3,0,0,2,1,1,1,5,0,1,0,6,6,11,1
7,19,0,1,1,0,3,1,0,2,1,1,1,0,0,1,5,0,0,0,1
14,15,4,0,1,0,3,1,0,12,1,1,1,0,2,1,0,7,11,10,1
11,13,4,0,0,0,3,0,0,0,1,1,0,0,2,0,5,0,0,5,1
14,19,0,1,1,0,3,3,0,0,1,1,1,0,2,1,0,6,3,13,1
15,23,0,1,1,0,3,0,0,0,1,1,1,0,2,1,0,6,6,14,1
8,20,4,0,1,0,3,3,0,0,1,1,1,0,0,1,0,5,0,6,0
15,0,4,0,0,0,3,1,0,15,0,0,1,0,2,0,5,0,0,2,1
3,15,4,0,0,0,3,3,0,2,1,1,0,1,0,1,0,5,3,3,1
13,15,0,1,1,4,3,0,1,1,1,1,1,0,2,1,5,0,0,0,1
5,20,4,0,1,0,0,3,0,0,1,1,1,0,0,5,3,9,3,13,0
9,18,4,0,1,0,3,0,0,2,1,1,1,0,0,1,0,6,8,5,1
8,20,0,0,1,0,3,0,0,0,1,1,1,0,0,2,0,8,8,14,1
3,14,4,1,1,4,3,0,1,12,1,1,1,0,0,1,5,6,0,5,0
7,20,4,0,1,0,3,0,0,5,1,1,1,5,0,2,0,6,2,12,1
2,22,0,0,1,0,3,0,0,0,1,1,1,0,0,1,0,8,2,11,1
10,14,4,1,1,0,3,0,0,12,1,1,1,0,0,1,0,5,2,5,1
1,14,4,1,1,0,3,3,0,11,1,1,1,7,0,0,5,0,0,0,0
11,17,4,0,1,0,3,0,0,2,1,1,1,7,2,0,5,0,0,0,1
14,20,0,1,1,0,3,1,0,1,1,1,1,0,2,1,0,6,2,14,0
5,20,4,0,1,0,3,1,0,2,1,1,1,0,0,1,0,6,2,11,0
11,18,4,0,1,0,1,0,0,0,1,1,1,0,2,1,0,6,3,9,0
15,20,0,0,1,0,3,0,0,1,1,1,1,0,2,1,0,5,10,12,1
4,15,4,0,1,0,3,0,0,15,1,1,1,1,0,1,5,3,0,1,0
6,20,0,0,1,0,3,1,0,0,1,1,1,0,0,1,0,1,9,14,0
6,20,4,1,1,0,3,1,0,11,1,1,1,0,0,3,0,1,8,12,1
9,15,0,1,1,3,3,0,1,0,1,1,1,0,0,1,0,6,7,8,1
7,11,4,0,1,4,3,0,1,5,1,1,1,0,0,1,2,9,0,6,1
9,15,4,1,1,0,3,0,0,0,1,1,1,0,0,1,0,5,2,12,1
2,18,4,1,1,0,3,0,0,2,1,1,1,5,0,1,0,4,1,6,1
15,15,0,1,1,4,3,0,1,1,1,1,1,0,2,1,0,6,2,11,1
3,18,4,1,1,0,3,1,0,2,1,1,1,0,0,1,0,2,4,4,0
8,14,4,1,1,0,3,3,0,12,1,1,1,0,0,1,0,6,8,7,1
6,17,4,1,1,0,3,0,0,2,1,1,1,8,0,1,0,6,4,9,1
14,18,0,1,1,0,3,0,0,0,1,1,1,7,2,4,0,4,8,7,1
13,16,0,0,1,0,3,0,0,1,1,1,1,7,2,1,0,6,10,10,1
5,23,4,1,1,0,3,0,0,16,1,1,1,0,0,1,5,8,0,2,0
2,16,4,0,1,0,3,0,0,16,1,1,1,0,0,1,0,1,3,3,0
8,18,0,1,1,4,3,0,1,0,1,1,1,7,0,0,5,0,0,0,1
5,18,4,0,1,3,3,0,1,15,1,1,1,0,0,0,5,0,0,0,1
11,21,4,0,1,0,3,1,0,0,1,1,1,8,2,1,2,8,0,14,1
15,2,0,0,1,0,2,2,0,5,1,1,1,2,2,6,2,6,3,6,1
7,21,0,1,1,0,3,1,0,1,1,1,1,0,0,1,0,6,10,14,1
10,13,4,0,1,4,3,0,1,15,1,1,1,7,0,0,5,0,0,0,0
3,13,4,1,1,0,3,0,0,2,1,1,1,7,0,1,1,4,0,6,1
10,14,4,1,1,0,3,0,0,4,1,1,1,0,0,1,0,6,8,7,1
7,16,0,0,1,0,3,3,0,1,1,1,1,0,0,1,0,5,6,2,1
6,15,4,0,1,0,3,1,0,12,1,1,1,8,0,1,0,6,3,10,0
6,14,4,1,1,0,3,0,0,0,1,1,1,7,0,1,0,6,8,6,1
4,18,4,1,1,0,3,0,0,16,1,1,1,5,0,6,5,0,0,2,0
3,19,4,0,1,0,3,0,0,16,1,1,1,0,0,2,0,7,6,7,1
4,15,4,0,1,0,3,1,0,2,1,1,1,0,0,1,0,6,4,5,1
7,15,4,0,1,0,3,0,0,2,1,1,1,7,0,1,0,6,3,5,1
14,19,0,1,1,0,3,1,0,0,1,1,1,0,2,1,0,6,3,10,1
5,20,4,1,1,2,3,0,0,2,1,1,1,0,0,1,0,1,3,2,1
11,15,4,0,1,0,3,0,0,2,1,1,1,0,2,1,0,6,2,8,0
14,20,4,0,1,0,3,3,0,0,1,1,1,0,2,1,0,9,4,9,0
12,18,0,1,1,0,3,0,0,0,1,1,1,0,2,1,0,6,8,10,1
11,15,0,1,1,0,3,0,0,8,1,1,1,7,2,1,0,8,0,11,1
11,15,4,1,1,0,3,0,0,2,1,1,1,8,2,1,2,6,0,9,1
4,15,4,0,1,0,3,0,0,10,1,1,1,8,0,1,0,6,8,10,0
4,15,4,0,1,0,3,3,0,2,1,1,1,0,0,1,0,6,2,3,1
10,21,4,0,1,3,3,0,1,5,1,1,1,0,0,2,0,8,2,8,0
8,18,4,1,1,0,3,1,0,0,1,1,1,8,0,5,0,6,2,2,0
0,15,4,1,1,0,3,0,0,2,1,1,1,0,0,0,5,0,0,0,1
13,19,0,1,1,0,3,0,0,1,1,1,1,0,2,1,0,6,2,9,1
2,18,4,1,1,0,3,1,0,2,1,1,1,0,0,1,0,3,4,2,1
4,20,4,1,1,0,3,0,0,0,1,1,1,0,0,0,5,0,0,0,0
11,21,0,1,1,4,3,0,1,1,1,1,1,5,2,0,5,0,0,0,1
11,15,0,0,1,0,3,1,0,1,1,1,1,0,2,1,0,4,1,4,1
4,15,4,0,1,0,3,0,0,2,1,1,1,0,0,1,0,2,2,4,1
7,20,0,0,1,0,3,0,0,1,1,1,1,0,0,6,0,8,11,14,0
0,19,4,0,1,0,3,3,0,16,1,1,1,0,0,1,5,8,0,4,0
10,20,4,1,1,3,3,0,1,10,1,1,1,0,0,0,5,0,0,0,1
10,20,4,1,1,0,3,1,0,0,1,1,1,0,0,1,0,6,2,12,1
5,17,4,0,1,0,3,1,0,0,1,1,1,8,0,6,0,3,8,7,1
4,18,4,0,1,0,3,0,0,2,1,1,1,0,0,1,0,4,3,5,1
12,20,0,0,1,0,3,1,0,1,1,1,1,0,2,2,0,6,11,11,0
6,15,4,0,1,0,3,3,0,2,1,1,1,0,0,1,0,4,6,5,1
6,18,4,0,1,0,3,3,0,2,1,1,1,1,0,1,5,0,0,4,1
0,18,4,1,1,0,3,0,0,11,1,1,1,5,0,1,0,4,3,4,0
11,20,4,0,1,3,3,3,1,0,1,1,1,5,2,0,5,0,0,0,1
12,20,4,1,1,0,3,0,0,2,1,1,1,0,2,1,0,6,3,11,1
1,17,4,0,1,0,3,0,0,2,1,1,1,7,0,0,5,0,0,0,1
6,15,4,1,1,0,3,0,0,12,1,1,1,7,0,1,5,5,0,3,1
2,18,4,1,1,0,3,0,0,2,1,1,1,8,0,1,0,3,10,5,1
15,10,4,1,1,4,3,0,1,2,1,1,1,7,2,4,0,8,8,11,1
1,17,4,0,1,4,3,0,1,15,1,1,1,0,0,2,5,2,0,2,0
14,20,0,0,1,3,3,0,1,0,1,1,1,5,2,1,0,8,11,14,1
6,15,4,1,1,3,3,3,1,2,1,1,1,5,0,1,0,1,9,2,1
13,20,0,1,1,0,3,0,0,2,1,1,1,1,2,1,0,6,11,9,1
8,20,0,1,1,0,3,0,0,0,1,1,1,0,0,3,1,6,0,13,1
3,18,4,0,1,0,3,3,0,5,1,1,1,7,0,1,0,6,2,8,1
6,19,0,0,1,0,3,0,0,2,1,1,1,0,0,0,5,0,0,0,1
7,15,4,0,1,0,3,1,0,2,1,1,1,0,0,1,0,6,2,6,1
10,18,4,1,1,0,3,0,0,5,1,1,1,7,0,1,0,6,2,8,1
1,14,4,0,1,0,3,1,0,16,1,1,1,0,0,7,5,5,0,2,0
7,19,4,1,1,0,3,3,0,2,1,1,1,0,0,1,5,1,0,3,1
11,21,0,1,1,0,3,0,0,0,1,1,1,0,2,0,5,0,0,0,1
14,23,0,1,1,3,3,0,1,5,1,1,1,5,2,1,0,8,6,13,1
3,15,4,1,1,0,3,3,0,0,1,1,1,0,0,9,2,0,0,0,1
15,20,0,1,1,0,3,3,0,1,1,1,1,0,2,2,0,6,2,10,1
15,15,0,0,1,4,3,0,1,1,1,1,1,0,2,0,5,0,0,0,1
9,13,0,0,1,0,3,0,0,0,1,1,1,0,0,6,5,0,0,5,1
7,21,4,0,1,0,3,2,0,2,1,1,1,6,0,1,0,2,10,4,1
4,20,4,0,1,0,3,0,0,2,1,1,1,0,0,1,0,7,10,12,0
4,12,4,0,1,0,3,0,0,15,1,1,1,1,0,1,5,0,0,1,1
13,20,0,1,1,3,3,0,1,1,1,1,1,5,2,1,0,6,6,13,0
1,18,1,1,1,0,3,1,0,14,1,1,1,1,0,4,5,9,0,2,0
3,15,4,0,1,0,0,0,0,16,1,1,1,0,0,5,3,8,5,7,0
5,17,4,0,1,0,3,0,0,15,1,1,1,1,0,0,5,0,0,0,0
7,15,0,1,1,0,3,0,0,2,1,1,1,7,0,0,5,0,0,0,1
5,20,0,1,1,0,3,3,0,0,1,1,1,0,0,1,2,0,0,0,0
3,18,4,0,1,0,1,1,0,16,1,1,1,8,0,1,0,8,6,7,1
3,15,4,0,1,0,3,1,0,2,1,1,1,0,0,9,2,0,0,0,1
8,20,4,0,1,0,3,0,0,2,1,1,1,5,0,1,5,6,0,2,1
3,20,4,1,1,0,3,1,0,0,1,1,1,0,0,7,5,2,0,4,1
7,15,4,0,1,0,3,0,0,2,1,1,1,5,0,0,5,0,0,0,1
9,20,0,0,1,3,3,0,1,2,1,1,1,5,0,1,0,3,7,8,1
3,15,4,0,0,0,3,3,0,2,1,1,1,0,0,1,0,5,4,8,1
13,20,0,1,1,0,3,0,0,0,1,1,1,0,2,1,0,6,4,14,1
15,18,0,1,1,4,3,1,1,2,1,1,1,0,2,1,5,0,0,0,1
2,15,4,0,1,4,3,0,1,2,1,1,1,0,0,0,5,0,0,0,1
15,20,4,1,1,0,3,1,0,0,1,1,1,0,2,1,0,7,6,11,1
14,18,4,0,1,0,3,3,0,2,1,1,1,0,2,3,0,6,6,10,1
5,18,0,1,1,0,3,2,0,16,1,1,1,5,0,1,5,1,0,1,0
0,17,4,1,1,3,3,0,1,2,1,1,1,5,0,1,0,6,8,6,1
13,20,0,0,1,0,3,1,0,0,1,1,1,0,2,1,0,6,5,14,1
7,18,0,0,1,0,1,0,0,1,1,1,1,0,2,5,5,0,0,2,0
2,15,4,0,1,0,3,0,0,2,1,1,1,0,0,6,2,1,0,2,1
11,14,4,0,1,0,3,2,0,5,1,1,1,7,2,0,5,0,0,4,1
0,14,4,0,1,0,3,3,0,2,1,1,1,8,0,1,0,2,1,5,1
13,21,0,0,1,0,3,0,0,2,1,1,1,5,2,2,0,6,5,10,1
15,22,3,1,1,3,3,3,1,9,1,1,1,0,2,1,0,7,0,8,1
9,15,4,1,1,0,3,0,0,2,1,1,1,7,0,1,0,3,7,4,1
9,18,0,0,1,0,1,1,0,0,1,1,1,0,0,1,0,8,10,12,1
8,20,4,0,1,0,3,0,0,2,1,1,1,0,0,1,0,7,4,12,1
5,20,0,1,1,0,3,0,0,1,1,1,1,7,0,1,0,5,2,2,1
15,19,0,1,1,0,3,0,0,1,1,1,1,0,2,1,0,4,4,5,1
1,18,4,1,1,0,3,0,0,2,1,1,1,7,0,1,5,1,0,4,0
12,16,0,1,1,4,3,3,1,0,1,1,1,0,2,1,5,6,0,3,0
2,15,4,0,1,0,3,1,0,2,1,1,1,0,0,1,2,2,0,4,1
4,15,4,1,1,0,3,0,0,2,1,1,1,0,0,1,0,6,4,3,1
12,20,4,0,1,0,3,1,0,0,1,1,1,7,2,6,0,6,0,11,1
13,18,2,1,1,4,3,1,1,12,1,1,1,0,2,1,0,2,2,5,1
1,18,4,0,1,0,3,1,0,2,1,1,1,5,0,0,5,0,0,0,1
15,23,0,0,1,4,3,0,1,0,1,1,1,5,2,1,0,8,11,14,1
6,13,4,1,1,0,3,0,0,2,1,1,1,0,0,1,0,4,6,2,1
8,1,3,1,1,3,3,3,1,1,1,1,1,7,0,3,0,6,3,4,0
3,15,4,0,1,4,3,0,1,5,1,1,1,7,0,1,0,5,9,6,1
15,21,4,0,1,0,3,0,0,0,1,1,1,5,2,1,0,6,6,14,1
1,18,4,0,1,3,3,3,1,2,1,1,1,5,0,0,5,0,0,0,1
15,17,3,0,1,0,3,0,0,0,1,1,1,0,2,1,0,7,5,13,1
7,21,4,0,1,4,3,3,0,11,1,1,1,0,0,1,0,9,2,14,0
1,15,4,1,0,0,3,0,0,9,1,1,0,7,0,0,5,0,0,0,1
6,20,4,0,1,0,2,0,0,2,1,1,1,0,0,5,4,6,4,11,0
3,18,4,1,1,0,3,0,0,2,1,1,1,7,0,1,0,6,6,12,1
1,14,4,0,1,0,3,1,0,2,1,1,1,0,0,0,5,0,0,0,1
8,18,4,1,1,4,3,0,1,11,1,1,1,5,0,1,0,6,4,8,1
7,16,4,0,1,0,3,0,0,2,1,1,1,0,0,1,0,6,2,10,1
2,15,4,0,1,0,3,1,0,2,1,1,1,0,0,1,2,2,0,4,1
5,15,0,1,1,0,3,3,0,0,1,1,1,0,0,2,0,4,1,5,1
10,15,0,0,1,0,3,1,0,1,1,1,1,0,0,1,0,6,4,8,1
0,17,4,1,1,0,3,0,0,2,1,1,1,7,0,3,5,1,0,1,1
10,18,4,0,1,0,3,0,0,2,1,1,1,5,0,1,2,0,0,0,1
12,23,0,1,1,0,3,3,0,8,1,1,1,5,2,0,5,0,0,3,1
5,20,4,1,1,0,3,0,0,11,1,1,1,5,0,1,2,1,0,2,0
11,11,0,1,0,0,3,0,0,8,0,1,0,7,1,0,4,0,5,0,1
15,20,0,0,1,0,3,3,0,1,1,1,1,5,2,1,2,0,0,0,0
15,20,0,1,1,0,3,1,0,1,1,1,1,0,2,1,0,7,0,11,1
3,15,4,0,1,4,3,3,1,0,1,1,1,0,0,0,5,0,0,0,0
8,19,4,0,1,0,3,3,0,2,1,1,1,0,0,1,0,6,5,7,1
0,18,4,0,1,0,3,1,0,2,1,1,1,0,0,1,0,6,8,8,1
5,17,0,1,1,0,3,1,0,8,1,1,1,0,0,1,0,3,5,3,1
1,19,4,1,1,4,3,0,1,2,1,1,1,5,0,0,5,0,0,0,1
2,15,4,1,1,3,3,3,0,16,1,1,1,0,0,1,0,6,5,11,1
5,20,4,0,1,0,3,2,0,2,1,1,1,0,0,2,0,2,3,3,1
5,17,4,0,1,0,3,3,0,15,1,1,1,0,0,0,5,0,0,0,1
5,20,4,1,1,3,3,0,1,2,1,1,1,5,0,1,2,0,0,0,1
5,22,4,1,1,0,3,1,0,7,1,1,1,8,0,1,0,6,8,7,1
9,13,4,0,1,0,3,0,0,15,1,1,1,1,0,0,5,0,0,10,1
5,20,4,0,1,0,3,0,0,2,1,1,1,5,0,1,0,6,4,4,0
3,17,4,0,1,0,3,1,0,2,1,1,1,0,0,1,0,6,2,5,1
9,20,4,0,1,0,3,1,0,2,1,1,1,0,0,1,0,8,6,10,1
15,22,0,1,1,3,3,0,1,1,1,1,1,0,2,1,0,6,9,14,1
8,20,0,1,1,0,3,0,0,0,1,1,1,0,0,2,0,6,6,10,0
10,18,4,0,1,0,3,2,0,5,1,1,1,7,0,1,0,6,10,8,1
6,18,4,1,1,0,3,0,0,12,1,1,1,1,0,1,0,5,6,4,1
7,19,4,1,1,4,3,0,1,2,1,1,1,0,0,1,0,6,5,6,1
11,18,0,1,1,0,3,0,0,8,1,1,1,0,2,4,0,4,6,5,1
9,20,4,1,1,0,3,3,0,12,1,1,1,5,0,1,0,6,3,13,0
15,19,2,0,1,0,3,0,0,2,1,1,1,5,2,1,0,7,8,13,1
3,19,4,1,1,0,3,3,0,16,1,1,1,5,0,1,5,0,0,0,0
7,15,4,1,1,0,3,0,0,2,1,1,1,7,0,1,0,6,6,9,1
5,20,0,1,1,0,3,1,0,0,1,1,1,0,0,2,0,6,4,13,1
5,18,4,1,1,0,3,0,0,2,1,1,1,5,0,1,2,0,0,0,1
4,15,4,1,1,0,3,1,0,2,1,1,1,0,0,4,5,0,0,0,1
12,18,0,0,1,0,3,1,0,0,1,1,1,0,2,6,2,0,0,0,1
15,18,0,0,1,4,3,0,1,0,1,1,1,0,2,0,5,0,0,0,1
8,20,4,0,1,3,3,0,1,2,1,1,1,5,0,1,0,6,6,10,1
6,18,4,0,1,0,3,1,0,12,1,1,1,0,0,0,5,0,0,0,1
2,13,4,0,1,0,3,1,0,2,1,1,1,0,0,1,0,4,4,7,1
11,10,4,0,1,4,3,0,1,12,1,1,1,7,2,0,5,0,0,0,0
11,20,4,0,1,3,3,0,1,2,1,1,1,0,2,1,0,6,5,6,1
15,23,3,1,1,0,3,0,0,0,1,1,1,0,2,1,0,8,8,14,0
15,15,0,1,1,4,3,0,1,1,1,1,1,0,2,1,0,6,2,8,1
2,15,4,0,1,0,3,0,0,2,1,1,1,5,0,1,2,6,0,6,1
9,15,4,1,0,0,3,0,0,2,1,1,0,0,0,0,5,0,0,5,1
12,20,0,0,1,0,3,0,0,1,1,1,1,0,2,3,0,6,7,11,1
12,16,2,1,1,0,3,3,0,3,1,1,1,0,2,1,0,9,1,13,1
15,18,0,1,1,0,3,0,0,0,1,1,1,5,2,0,5,0,0,0,1
6,17,0,1,1,0,3,1,0,1,1,1,1,0,0,1,0,4,2,4,0
1,17,4,0,0,0,3,0,0,2,1,1,0,0,0,0,5,0,0,0,1
5,18,4,0,1,0,3,1,0,2,1,1,1,0,0,5,0,6,4,10,1
10,15,4,0,1,0,3,3,0,2,1,1,1,7,0,3,0,8,10,12,1
4,15,4,1,1,0,3,3,0,2,1,1,1,1,0,1,0,6,8,8,1
8,20,4,1,1,0,3,0,0,2,1,1,1,5,0,1,0,6,3,10,1
3,14,4,1,1,0,3,0,0,12,1,1,1,7,0,1,0,5,10,6,1
10,20,0,0,1,0,3,1,0,0,1,1,1,7,0,1,0,7,8,13,1
1,18,4,1,1,0,3,0,0,2,1,1,1,5,0,0,5,0,0,0,1
13,21,0,0,1,0,3,0,0,0,1,1,1,0,2,1,0,8,2,14,1
9,20,4,1,1,0,3,0,0,0,1,1,1,5,0,1,0,7,5,13,1
1,15,4,0,1,0,3,0,0,7,1,1,1,0,0,1,0,6,4,9,1
3,18,4,0,0,0,3,0,0,0,1,1,0,0,0,1,5,0,0,0,0
9,15,0,0,1,3,3,0,1,0,1,1,1,0,0,6,0,6,10,12,1
3,20,4,1,1,0,3,0,0,0,1,1,1,0,0,1,0,7,3,9,0
5,20,4,1,1,4,3,1,1,0,1,1,1,0,0,1,5,2,0,4,0
7,18,4,0,1,0,3,0,0,2,1,1,1,7,0,1,2,6,0,9,1
15,17,0,0,1,0,3,1,0,0,1,1,1,0,2,1,0,6,6,13,1
9,18,4,0,1,0,3,0,0,0,1,1,1,0,0,1,0,5,8,6,1
7,18,4,1,1,0,3,0,0,11,1,1,1,1,0,1,0,6,3,5,1
3,18,4,0,1,0,3,1,0,2,1,1,1,8,0,1,0,2,9,4,1
9,0,4,0,1,0,3,0,0,2,1,1,1,0,0,3,0,6,3,6,1
10,18,0,0,1,0,1,0,0,0,1,1,1,5,0,5,2,6,0,9,1
7,18,4,0,1,0,3,0,0,2,1,1,1,7,0,1,0,3,7,5,1
9,15,0,1,1,0,3,0,0,1,1,1,1,0,0,1,5,0,0,2,1
13,12,2,0,1,4,3,0,1,5,1,1,1,5,2,0,5,0,0,5,1
11,14,0,1,1,3,3,0,1,0,1,1,1,8,2,1,0,6,1,6,1
10,20,4,1,1,0,3,1,0,0,1,1,1,0,0,1,0,6,5,14,0
10,12,2,0,1,4,3,0,1,0,1,1,1,0,0,1,1,6,0,9,0
7,20,0,0,1,0,3,1,0,0,1,1,1,5,0,4,0,6,8,12,0
3,15,3,0,1,0,3,0,0,1,1,1,1,0,0,1,0,7,2,4,0
7,18,4,0,0,0,3,0,0,2,1,1,0,0,0,0,5,0,0,0,1
0,18,4,0,1,0,3,0,0,2,1,1,1,5,0,0,5,0,0,0,1
11,15,4,1,1,0,3,1,0,0,1,1,1,0,2,1,0,6,5,8,0
11,20,4,1,1,0,3,0,0,0,1,1,1,7,2,3,0,8,2,13,0
3,17,4,1,0,0,3,3,0,2,1,1,0,0,0,0,5,0,0,0,1
14,20,4,0,1,0,3,3,0,0,1,1,1,5,2,1,0,5,4,13,1
8,18,4,1,1,0,3,3,0,5,1,1,1,0,0,2,0,8,1,8,1
6,18,4,1,1,0,3,3,0,16,1,1,1,1,0,1,0,4,11,3,0
1,18,2,0,1,0,3,0,0,16,1,1,1,7,0,1,3,3,0,1,0
8,15,4,0,1,0,3,3,0,0,1,1,1,0,0,1,0,9,3,9,0
15,15,0,0,1,4,3,0,1,1,1,1,1,0,2,0,5,0,0,0,1
9,18,4,0,1,0,3,0,0,2,1,1,1,0,0,1,0,6,4,7,1
8,16,4,1,1,0,3,1,0,0,1,1,1,7,0,1,5,5,0,2,1
5,20,4,0,1,4,3,1,1,10,1,1,1,0,0,1,0,9,8,11,1
3,20,4,1,1,4,3,0,1,14,1,1,1,5,0,0,5,0,0,0,1
3,15,4,1,1,0,3,0,0,2,1,1,1,0,0,5,0,7,2,2,1
8,15,4,1,1,0,3,0,0,2,1,1,1,7,0,1,0,6,6,7,1
14,20,4,0,1,3,3,0,1,0,1,1,1,7,2,2,0,6,8,13,1
11,11,0,0,0,4,3,0,1,1,1,1,1,0,2,0,5,0,0,0,1
1,15,4,0,1,0,3,0,0,2,1,1,1,0,0,1,0,6,4,3,1
7,20,4,0,1,0,3,1,0,2,1,1,1,8,0,1,0,6,6,10,0
7,21,4,1,1,0,3,1,0,16,1,1,1,0,0,2,0,6,4,8,0
6,11,4,0,1,4,3,0,1,9,1,1,1,0,0,1,0,6,5,10,1
4,20,4,1,1,0,3,0,0,2,1,1,1,5,0,2,5,0,0,0,1
13,21,0,1,1,4,3,0,1,1,1,1,1,5,2,1,0,6,4,13,0
0,18,4,1,1,4,3,0,1,16,1,1,1,0,0,9,2,0,0,0,0
12,21,0,1,1,4,3,0,1,0,1,1,1,0,2,1,0,6,3,9,1
7,15,4,1,1,0,3,0,0,2,1,1,1,0,0,1,0,5,3,6,1
1,18,4,1,1,0,3,1,0,16,1,1,1,0,0,1,5,1,0,1,1
12,20,0,0,1,0,3,3,0,0,1,1,1,0,2,1,0,7,10,14,0
8,20,0,0,1,0,3,0,0,0,1,1,1,0,0,1,0,6,3,9,1
0,18,4,1,1,0,3,0,0,7,1,1,1,0,0,1,5,0,0,0,1
2,19,4,0,1,0,3,0,0,15,1,1,1,7,0,1,5,6,0,2,1
8,19,4,0,1,0,3,0,0,0,1,1,1,0,0,3,0,7,7,12,1
14,20,4,1,1,0,3,1,0,2,1,1,1,8,2,2,0,6,1,7,1
0,17,4,1,1,0,3,3,0,9,1,1,1,0,0,1,0,3,2,8,1
11,16,4,0,1,0,3,0,0,2,1,1,1,7,2,1,0,6,11,13,1
12,20,4,1,1,3,3,0,1,0,1,1,1,5,2,7,1,6,0,9,1
14,15,4,0,0,0,3,0,0,0,1,1,0,7,2,6,0,4,3,8,1
5,18,4,1,1,0,3,1,0,2,1,1,1,0,0,3,0,6,10,8,1
11,20,0,1,1,0,3,0,0,1,1,1,1,0,2,1,0,4,6,8,1
11,15,4,1,1,0,3,0,0,7,1,1,1,0,2,1,0,6,3,6,1
9,18,4,1,1,4,3,0,1,5,1,1,1,0,0,1,0,6,6,5,0
11,17,4,0,1,0,3,3,0,2,1,1,1,7,2,3,0,6,2,11,1
15,20,4,1,1,0,3,1,0,0,1,1,1,0,2,1,0,6,3,14,1
13,15,4,0,1,3,3,0,1,9,1,1,1,0,2,1,0,6,6,6,1
7,13,0,1,1,0,3,0,0,8,1,1,1,0,0,1,5,0,0,0,1
9,14,4,1,1,3,3,0,1,5,1,1,1,0,0,1,0,6,10,8,1
2,18,4,1,1,0,3,1,0,0,1,1,1,0,0,7,2,1,0,2,1
0,18,4,1,1,0,3,2,0,2,1,1,1,7,0,1,5,4,0,2,1
9,0,4,1,1,4,3,0,1,14,1,1,1,0,0,0,5,0,0,0,1
1,18,4,1,1,0,3,0,0,16,1,1,1,5,0,1,5,3,0,4,0
0,18,4,1,1,4,3,0,1,2,1,1,1,7,0,1,0,3,2,5,1
3,18,4,1,1,0,3,0,0,12,1,1,1,7,0,1,0,6,4,6,1
8,15,4,0,1,0,3,2,0,5,1,1,1,0,0,0,5,0,0,0,1
5,17,4,0,0,0,3,1,0,2,1,1,0,8,0,1,0,2,1,3,1
8,18,4,0,0,0,3,3,0,2,1,0,1,0,0,2,0,6,11,3,1
9,18,4,0,1,0,3,1,0,12,1,1,1,7,0,1,0,2,7,8,0
6,19,0,0,1,0,3,0,0,2,1,1,1,5,0,0,5,0,0,0,0
5,20,4,1,1,0,3,1,0,2,1,1,1,0,0,1,0,6,5,6,0
7,3,4,0,1,3,3,3,1,12,1,1,1,7,0,6,1,6,0,1,0
14,14,4,1,1,0,3,1,0,12,1,1,1,0,2,1,0,6,5,7,1
0,18,4,1,1,0,3,0,0,16,1,1,1,7,0,1,0,2,2,6,1
14,20,4,0,1,0,3,0,0,0,1,1,1,5,0,2,2,6,0,14,1
8,15,4,1,1,0,3,0,0,2,1,1,1,7,0,1,0,6,6,8,1
10,14,4,0,1,0,3,0,0,4,1,1,1,5,0,1,0,5,3,7,1
6,18,0,1,1,0,3,1,0,0,1,1,1,0,0,1,5,4,0,1,0
5,15,4,0,1,0,3,3,0,2,1,1,1,0,0,1,0,6,1,6,1
5,20,0,1,1,3,3,3,1,0,1,1,1,0,0,6,0,8,6,7,1
6,18,4,0,1,0,3,3,0,0,1,1,1,0,0,7,5,6,0,4,1
9,18,4,1,1,0,3,0,0,0,1,1,1,7,0,4,0,6,8,10,1
9,20,4,0,1,0,3,0,0,0,1,1,1,0,0,1,0,3,3,14,1
11,23,0,1,1,0,3,1,0,1,1,1,1,0,2,1,0,8,11,14,1
3,15,4,1,1,0,3,0,0,16,1,1,1,0,0,9,2,0,0,0,0
8,20,0,1,1,0,3,1,0,1,1,1,1,0,0,1,0,6,6,13,0
0,18,4,1,1,0,3,0,0,2,1,1,1,7,0,1,0,1,8,4,1
15,18,4,0,1,0,3,0,0,11,1,1,1,0,2,1,0,6,7,9,1
11,18,0,1,1,0,3,1,0,1,1,1,1,0,2,6,5,2,0,4,0
2,15,4,0,0,0,3,0,0,2,1,1,1,0,0,1,0,6,4,4,1
15,19,0,1,1,0,3,0,0,1,1,1,1,7,2,1,0,5,2,12,1
4,15,0,0,1,4,3,3,1,4,1,1,1,0,0,1,0,6,2,9,1
9,20,4,1,1,0,3,0,0,14,1,1,1,0,0,3,0,6,3,13,0
9,19,0,1,1,4,3,0,1,0,1,1,1,5,0,4,0,6,5,7,1
4,20,4,1,0,0,3,0,0,0,1,1,1,0,0,4,0,2,11,4,1
9,20,4,1,1,0,3,0,0,2,1,1,1,5,0,1,0,3,6,3,1
11,20,4,0,1,0,3,0,0,14,1,1,1,0,2,7,0,6,3,10,1
9,18,4,1,1,0,3,3,0,0,1,1,1,0,0,1,0,6,6,11,1
12,18,3,1,1,0,3,0,0,0,1,1,1,8,2,1,0,7,8,13,0
13,19,2,0,1,0,3,0,0,0,1,1,1,0,2,3,0,6,0,9,1
4,19,4,1,1,0,3,0,0,0,1,1,1,7,0,1,1,6,0,6,1
3,19,4,0,1,0,3,0,0,12,1,1,1,0,0,1,0,3,3,5,1
4,18,4,1,1,4,3,0,1,2,1,1,1,5,0,0,5,0,0,1,1
11,21,4,1,1,4,3,0,1,5,1,1,1,0,2,1,0,6,10,13,0
2,15,4,1,1,0,3,3,0,11,1,1,1,0,0,0,5,0,0,0,1
2,18,4,0,1,4,3,0,1,2,1,1,1,5,0,1,0,6,6,6,1
0,18,4,1,1,0,3,0,0,2,1,1,1,0,0,1,0,1,0,1,1
10,18,0,1,1,0,3,1,0,1,1,1,1,0,0,1,0,6,8,14,0
7,20,0,0,1,0,3,1,0,0,1,1,1,7,0,1,0,6,6,10,1
11,8,3,0,1,0,3,0,1,9,1,1,1,1,2,4,0,1,4,3,1
13,19,0,0,1,4,3,3,0,8,1,1,1,0,2,1,0,6,5,11,1
12,16,0,1,1,4,3,0,1,0,1,1,1,7,2,0,5,0,0,0,1
11,20,4,1,1,0,3,1,0,2,1,1,1,8,2,3,0,3,0,11,1
0,17,0,1,1,0,3,1,0,8,1,1,1,0,0,3,0,2,2,3,1
5,20,4,1,1,0,3,1,0,12,1,1,1,0,0,1,5,0,0,0,0
10,20,4,0,1,0,3,1,0,5,1,1,1,0,0,6,2,8,0,14,1
6,21,4,0,1,4,3,0,1,14,1,1,1,5,0,1,0,6,8,13,1
13,19,4,0,1,0,3,3,0,2,1,1,1,7,2,1,0,6,6,11,1
15,20,0,0,1,0,3,0,0,2,1,1,1,0,2,6,0,6,3,13,1
0,15,4,0,1,0,3,3,0,11,1,1,1,0,0,0,5,0,0,0,1
2,18,4,1,1,3,3,0,1,2,1,1,1,7,0,1,0,2,2,5,0
14,20,4,0,1,4,3,0,1,0,1,1,1,5,2,1,0,6,4,13,1
0,18,4,1,1,0,3,0,0,2,1,1,1,0,0,0,5,0,0,0,1
1,14,4,1,1,4,3,0,1,7,1,1,1,5,0,3,0,1,4,5,1
8,15,4,0,1,0,3,0,0,2,1,1,1,5,0,2,0,6,1,7,1
13,19,4,0,1,0,1,1,0,0,1,1,1,8,2,5,0,9,6,13,1
10,21,4,0,1,3,3,0,1,5,1,1,1,5,0,1,0,6,8,14,1
15,20,0,1,1,0,3,1,0,1,1,1,1,0,2,1,0,6,3,9,1
15,17,0,0,0,0,3,0,0,0,1,1,0,0,2,0,5,0,0,3,1
9,1,4,0,0,0,3,3,0,2,0,0,1,0,0,3,0,6,3,11,0
8,20,4,0,1,0,3,0,0,11,1,1,1,0,0,1,0,8,9,14,0
7,15,0,1,1,0,3,1,0,0,1,1,1,0,0,1,0,6,3,10,0
12,15,0,1,1,0,3,3,0,1,1,1,1,0,2,1,1,4,0,6,1
5,20,4,0,1,0,3,0,0,2,1,1,1,0,0,2,0,1,6,2,1
7,19,4,1,1,0,3,3,0,2,1,1,1,0,0,1,0,5,6,4,1
8,20,4,0,1,0,3,0,0,2,1,1,1,5,0,1,0,6,11,5,1
11,21,4,1,1,0,3,0,0,0,1,1,1,7,2,4,0,6,1,13,0
4,15,4,0,1,0,3,3,0,2,1,1,1,5,0,1,0,4,10,8,1
0,18,4,1,1,0,3,1,0,0,1,1,1,7,0,1,0,1,4,1,1
0,18,4,0,1,0,3,1,0,16,1,1,1,0,0,0,5,0,0,0,0
6,15,4,0,1,0,3,0,0,14,1,1,1,0,0,0,5,0,0,2,1
4,20,0,1,1,0,3,0,0,4,1,1,1,0,0,1,0,1,6,7,1
11,18,4,1,1,0,3,0,0,2,1,1,1,8,2,1,2,0,0,0,1
11,15,4,1,1,0,3,0,0,0,1,1,1,7,2,1,0,4,3,5,1
9,20,4,0,0,0,3,1,0,2,1,1,0,0,0,1,5,5,0,5,1
1,15,4,1,1,0,3,3,0,2,1,1,1,0,0,1,0,2,1,3,1
11,21,0,1,1,0,3,1,0,0,1,1,1,0,2,3,0,6,5,12,1
11,16,0,0,1,0,3,0,0,1,1,1,1,7,2,1,0,7,2,5,1
8,19,4,1,1,0,3,1,0,2,1,1,1,0,0,2,0,4,4,2,1
1,17,4,1,1,0,3,1,0,16,1,1,1,8,0,1,1,3,0,6,0
11,14,4,1,1,0,3,0,0,12,1,1,1,0,2,0,5,0,0,0,1
6,20,4,1,1,4,3,3,1,2,1,1,1,5,0,1,0,6,6,13,1
5,22,4,1,1,0,3,0,0,7,1,1,1,0,0,0,5,0,0,0,1
12,15,4,0,1,0,3,0,0,11,1,1,1,0,2,1,0,7,10,11,1
1,14,4,1,1,4,3,0,1,9,1,1,1,5,0,0,5,0,0,0,1
3,20,4,0,1,0,3,3,0,2,1,1,1,7,0,1,0,6,6,5,1
7,15,0,0,1,0,3,0,0,2,1,1,1,0,0,1,0,6,8,11,0
13,7,2,0,0,0,1,0,0,11,1,0,1,5,2,9,2,0,0,14,1
11,22,0,0,1,0,3,3,0,1,1,1,1,7,2,7,0,5,0,8,1
10,20,4,1,1,0,3,1,0,11,1,1,1,0,0,1,0,6,4,12,1
8,15,0,1,1,0,3,1,0,0,1,1,1,0,0,2,0,7,6,12,1
11,21,0,0,1,0,3,1,0,1,1,1,1,0,2,4,0,8,10,12,1
8,20,0,0,1,0,3,3,0,0,1,1,1,5,0,1,0,6,4,11,0
14,20,4,1,1,0,3,1,0,0,1,1,1,0,2,1,0,6,0,13,1
15,20,4,0,1,0,3,1,0,0,1,1,1,0,2,1,0,7,0,14,1
9,15,4,1,1,0,3,0,0,12,1,1,1,0,0,0,5,0,0,10,1
11,20,4,1,1,0,3,1,0,0,1,1,1,0,2,2,0,6,0,10,0
9,20,4,1,1,2,3,3,0,12,1,1,1,7,0,1,0,6,8,13,0
7,16,4,1,1,0,3,1,0,0,1,1,1,0,0,1,0,6,4,8,1
1,17,4,0,1,4,3,0,1,16,1,1,1,5,0,1,0,2,4,5,1
15,20,0,0,1,0,3,0,0,11,1,1,1,0,2,1,0,6,7,10,1
15,15,0,1,1,0,3,0,0,0,1,1,1,5,2,1,0,6,4,13,1
10,20,4,0,1,3,3,3,1,11,1,1,1,5,0,1,0,6,6,14,0
14,5,4,0,0,3,3,0,1,2,1,0,1,5,2,9,2,6,0,14,1
4,15,4,0,1,0,3,0,0,2,1,1,1,0,0,0,5,0,0,5,1
12,20,2,0,1,0,3,1,0,0,1,1,1,0,2,1,0,2,1,2,1
14,15,4,1,1,0,3,0,0,2,1,1,1,7,2,1,0,5,3,5,1
0,15,4,1,0,0,3,0,0,16,1,1,0,0,0,1,5,2,0,3,0
11,18,0,1,1,0,3,0,0,8,1,1,1,0,2,1,0,6,0,9,1
9,15,4,1,1,4,3,0,1,4,1,1,1,0,0,1,0,6,4,7,1
0,18,4,1,1,0,3,0,0,2,1,1,1,7,0,1,5,3,0,1,1
10,18,0,1,1,0,1,0,0,0,1,1,1,0,0,1,0,3,7,9,1
1,18,4,1,1,0,3,0,0,2,1,1,1,0,0,0,5,0,0,0,0
9,20,4,0,1,0,3,0,0,11,1,1,1,5,0,1,0,7,7,12,0
3,19,4,1,1,0,3,0,0,2,1,1,1,8,0,1,0,2,2,3,0
12,19,4,1,1,4,3,0,1,16,1,1,1,0,0,6,1,4,0,1,0
15,20,4,1,1,4,3,0,1,0,1,1,1,7,2,6,0,8,0,11,1
6,15,4,1,1,0,3,0,0,2,1,1,1,7,0,0,5,0,0,0,1
15,22,0,1,1,0,3,0,0,1,1,1,1,0,2,1,0,7,6,11,1
5,20,4,1,1,0,3,0,0,0,1,1,1,0,0,1,0,3,1,2,1
12,21,0,1,1,4,3,0,1,1,1,1,1,5,2,1,0,6,3,14,1
12,13,4,0,1,0,3,0,0,2,1,1,1,1,2,1,0,2,4,5,0
6,18,4,0,1,3,3,0,1,2,1,1,1,5,0,1,0,3,3,3,1
7,18,4,1,1,0,3,1,0,0,1,1,1,0,0,1,5,0,0,8,0
2,18,4,1,1,0,3,1,0,2,1,1,1,0,0,1,0,2,4,3,1
5,20,4,1,1,0,3,1,0,2,1,1,1,0,0,1,0,6,11,3,1
9,15,4,1,1,0,3,3,0,2,1,1,1,7,0,1,0,4,3,7,1
15,20,0,1,1,0,3,3,0,1,1,1,1,5,2,3,0,6,3,13,0
11,14,4,0,1,0,3,0,0,14,1,1,1,0,2,7,0,9,10,12,1
14,15,2,1,1,0,3,1,0,1,1,1,1,0,2,1,5,0,0,2,0
6,20,4,1,1,0,3,1,0,2,1,1,1,0,0,2,0,5,6,8,1
8,11,4,0,1,0,3,0,0,11,1,1,1,0,0,1,0,6,3,10,1
5,20,4,0,1,0,3,3,0,2,1,1,1,7,0,1,0,6,8,9,1
7,15,4,0,1,0,3,1,0,0,1,1,1,0,0,1,0,7,8,12,1
8,18,4,0,1,0,3,0,0,11,1,1,1,0,0,1,0,6,8,10,1
2,18,4,1,1,0,3,1,0,16,1,1,1,0,0,1,0,1,8,4,1
6,20,0,1,1,0,3,3,0,1,1,1,1,0,0,1,0,4,0,8,0
2,19,0,1,1,0,3,1,0,8,1,1,1,0,0,1,5,2,0,3,1
10,20,4,1,1,0,3,0,0,2,1,1,1,0,0,1,2,5,0,3,1
13,21,0,1,1,4,3,0,1,1,1,1,1,5,2,1,0,6,3,11,1
14,20,4,1,1,0,3,0,0,0,1,1,1,0,2,7,0,7,3,7,1
5,20,4,1,1,0,3,0,0,9,1,1,1,0,0,1,0,6,4,8,1
11,17,0,0,1,0,3,1,0,1,1,1,1,0,2,1,0,4,4,5,1
0,18,4,0,1,4,3,0,1,0,1,1,1,7,0,2,0,1,3,2,0
8,18,4,0,1,0,3,0,0,2,1,1,1,0,0,1,0,7,8,12,1
11,15,4,0,1,0,3,0,0,0,1,1,1,0,2,1,0,8,3,12,0
0,18,4,0,1,0,3,1,0,5,1,1,1,0,0,1,0,1,3,2,1
8,17,0,0,1,0,3,1,0,0,1,1,1,8,0,1,0,9,6,10,0
8,18,0,0,1,0,3,0,0,0,1,1,1,0,0,6,0,6,4,10,1
2,19,0,0,1,0,3,1,0,8,1,1,1,0,0,5,5,6,0,3,0
2,18,4,1,1,0,3,0,0,2,1,1,1,0,0,1,0,6,2,6,1
6,15,4,1,1,0,3,0,0,0,1,1,1,0,0,1,0,6,4,9,1
0,15,4,0,1,0,3,0,0,2,1,1,1,7,0,6,0,1,6,2,1
6,18,4,1,1,0,3,0,0,2,1,1,1,7,0,1,0,6,2,10,1
10,18,0,0,1,0,3,0,0,0,1,1,1,0,0,7,0,6,1,9,1
15,21,0,0,1,4,3,0,1,0,1,1,1,7,2,4,0,6,5,7,1
13,15,4,1,1,0,3,0,0,2,1,1,1,0,2,0,5,0,0,0,1
10,12,0,0,1,0,3,0,0,0,1,1,1,1,0,1,1,3,0,5,1
14,20,4,1,1,0,3,1,0,0,1,1,1,0,2,1,0,7,4,14,1
0,18,4,1,1,0,3,1,0,16,1,1,1,0,0,4,0,1,4,3,0
14,15,0,0,1,4,3,0,1,0,1,1,1,5,2,6,0,6,0,11,1
11,17,0,0,1,4,3,0,1,8,1,1,1,0,2,1,0,4,3,5,1
3,20,4,0,1,0,3,0,0,2,1,1,1,5,0,0,5,0,0,0,1
12,19,4,1,1,0,3,0,0,2,1,1,1,7,2,1,0,6,6,5,1
6,11,4,1,1,4,3,0,1,11,1,1,1,0,0,0,5,0,0,0,1
9,15,4,0,1,0,3,0,0,2,1,1,1,0,0,1,0,6,6,8,1
2,20,4,1,1,3,3,1,1,11,1,1,1,8,0,1,5,2,0,4,0
8,18,4,0,1,0,3,1,0,7,1,1,1,0,0,0,5,0,0,0,1
11,19,0,0,1,0,1,0,0,0,1,1,1,0,2,1,0,8,3,10,1
5,19,4,0,1,0,3,3,0,2,1,1,1,7,0,1,0,6,6,9,1
10,21,0,0,1,4,3,0,1,0,1,1,1,7,0,1,0,8,4,14,0
11,17,0,1,1,0,3,1,0,1,1,1,1,0,2,1,0,3,1,11,1
2,19,4,0,1,0,3,1,0,2,1,1,1,0,0,1,0,9,1,11,1
4,15,4,0,1,0,3,0,0,2,1,1,1,7,0,1,0,6,5,9,1
2,18,4,1,1,0,3,0,0,2,1,1,1,0,0,3,0,6,6,3,1
7,6,0,0,1,0,3,1,0,0,1,1,1,8,0,1,0,7,8,9,0
0,15,4,0,1,0,3,0,0,16,1,1,1,0,0,1,0,4,2,6,1
0,15,4,0,1,4,0,0,1,16,1,1,1,0,0,5,3,6,0,6,0
14,20,0,1,1,0,3,1,0,1,1,1,1,0,2,1,0,5,5,7,1
10,8,1,1,0,2,3,1,0,4,1,0,0,0,0,4,5,0,0,3,1
13,0,0,0,1,0,3,0,0,0,1,1,1,0,2,1,0,8,4,11,1
5,18,4,0,1,0,3,1,0,2,1,1,1,8,0,1,0,8,2,8,1
9,18,4,0,1,0,3,0,0,11,1,1,1,7,0,1,0,8,8,11,1
5,15,4,0,1,0,3,0,0,2,1,1,1,7,0,1,0,6,6,3,1
12,14,0,0,1,0,3,0,0,2,1,1,1,0,2,1,0,8,8,12,1
13,21,4,0,1,2,3,3,0,12,1,1,1,0,2,1,0,6,9,14,0
1,13,4,0,1,0,3,3,0,10,1,1,1,0,0,1,5,8,0,6,1
2,15,4,0,1,0,3,1,0,2,1,1,1,0,0,1,0,3,3,4,1
11,17,4,1,1,0,3,0,0,11,1,1,1,0,2,1,5,4,0,3,0
0,15,4,1,1,0,3,0,0,16,1,1,1,0,0,3,5,1,0,1,1
5,17,4,1,1,0,3,0,0,10,1,1,1,8,0,1,0,9,3,10,0
7,20,4,0,1,0,3,3,0,11,1,1,1,0,0,1,0,9,6,10,0
3,15,0,1,1,4,3,0,1,1,1,1,1,0,0,1,5,0,0,0,1
9,18,4,1,1,0,3,3,0,2,1,1,1,0,0,2,5,0,0,0,1
2,18,4,1,1,3,3,0,1,2,1,1,1,5,0,1,0,6,7,7,1
3,18,4,0,1,0,3,3,0,11,1,1,1,0,0,1,0,5,4,4,1
14,23,0,0,1,4,3,0,1,1,1,1,1,0,2,2,0,6,11,14,0
2,15,4,0,1,0,3,3,0,2,1,1,1,5,0,1,0,2,2,5,1
14,19,0,1,1,4,3,1,1,0,1,1,1,0,2,1,0,6,8,11,0
8,20,4,1,1,0,3,1,0,0,1,1,1,8,0,1,1,6,0,10,0
5,19,4,0,1,3,3,3,1,2,1,1,1,5,0,6,2,1,0,4,1
3,20,4,1,1,0,3,3,0,2,1,1,1,0,0,0,5,0,0,0,1
11,21,0,0,1,0,3,3,0,0,1,1,1,0,2,1,0,6,3,14,0
12,13,0,1,1,4,3,0,1,8,1,1,1,7,2,1,0,6,4,8,1
10,15,0,0,1,4,3,0,1,0,1,1,1,7,0,1,2,6,0,6,1
10,14,4,0,0,0,3,1,0,15,1,1,0,0,0,0,5,0,0,0,1
0,18,4,0,1,0,3,1,0,7,1,1,1,0,0,1,5,0,0,0,1
2,20,4,1,1,0,3,0,0,2,1,1,1,0,0,0,5,0,0,0,1
15,18,2,0,1,4,3,0,1,14,1,1,1,7,2,1,0,6,6,7,1
5,20,4,1,1,0,3,2,0,0,1,1,1,0,0,2,0,2,1,1,1
14,19,0,1,1,0,3,0,0,1,1,1,1,1,2,1,0,6,0,11,1
3,18,4,0,1,0,3,0,0,2,1,1,1,0,0,1,0,4,4,6,1
4,15,4,0,1,0,3,0,0,2,1,1,1,1,0,1,0,3,4,6,1
12,15,2,1,1,0,3,1,0,2,1,1,1,0,2,4,0,6,4,7,1
1,18,4,1,1,0,3,0,0,14,1,1,1,5,0,0,5,0,0,0,1
14,20,0,0,1,0,3,0,0,0,1,1,1,0,2,1,0,6,3,13,1
8,15,0,1,1,0,3,0,0,1,1,1,1,0,0,1,0,9,11,4,1
5,18,4,0,1,0,3,1,0,2,1,1,1,0,0,4,0,2,10,4,1
8,15,4,1,0,0,3,0,0,12,1,0,1,5,0,3,0,6,6,12,1
8,20,4,1,1,0,3,3,0,0,1,1,1,0,0,1,0,6,9,13,0
9,20,4,1,1,0,3,1,0,2,1,1,1,0,0,1,0,4,6,6,1
10,19,0,1,1,0,3,1,0,0,1,1,1,0,0,1,0,1,1,3,1
3,18,4,0,0,0,3,3,0,2,1,1,0,0,0,0,5,0,0,0,1
2,17,4,0,1,0,3,0,0,4,1,1,1,0,0,6,0,1,6,2,1
10,15,4,0,1,0,3,0,0,12,1,1,1,7,0,1,0,6,4,10,1
3,18,4,1,1,0,3,1,0,0,1,1,1,0,0,1,5,6,0,3,0
1,17,2,1,1,0,3,1,0,2,1,1,1,3,0,4,0,2,1,2,0
0,18,4,1,1,4,3,0,1,5,1,1,1,7,0,1,5,0,0,0,1
8,15,4,0,0,0,3,0,0,2,0,1,1,0,0,1,0,6,6,5,1
15,20,0,1,1,3,3,3,1,1,1,1,1,7,2,1,0,6,4,13,1
3,20,4,0,1,0,3,3,0,0,1,1,1,0,0,1,0,6,2,14,0
15,20,0,1,1,4,3,0,1,1,1,1,1,5,2,1,2,0,0,0,1
5,20,4,0,1,0,3,1,0,15,1,1,1,0,0,0,5,0,0,0,0
4,20,4,0,0,0,3,0,0,2,1,1,0,0,0,0,5,0,0,3,1
0,15,4,1,1,0,3,1,0,2,1,1,1,0,0,1,5,0,0,4,0
3,7,4,0,1,0,1,0,0,2,1,1,1,7,0,1,0,2,3,4,1
15,20,0,1,1,0,3,0,0,0,1,1,1,0,2,1,0,6,4,13,1
2,15,4,0,1,0,3,0,0,2,1,1,1,7,0,3,0,6,8,6,1
2,18,4,0,1,0,3,1,0,2,1,1,1,0,0,1,0,1,6,3,1
12,18,4,0,1,0,3,3,0,2,1,1,1,5,2,0,5,0,0,0,1
9,16,4,0,1,0,3,0,0,15,1,1,1,0,0,0,5,0,0,0,0
13,15,0,0,1,4,3,0,1,1,1,1,1,0,2,1,0,3,2,11,1
10,21,4,0,1,4,3,1,1,0,1,1,1,0,0,1,0,7,5,14,0
15,18,0,1,1,0,3,0,0,0,1,1,1,0,2,3,0,6,1,6,1
9,15,0,0,1,0,1,0,0,6,1,1,1,8,0,3,0,6,2,14,1
10,12,4,0,1,4,3,0,1,0,1,1,1,2,0,1,2,0,0,0,1
8,20,4,1,1,3,3,2,1,11,1,1,1,5,0,1,0,1,6,1,1
13,19,4,1,1,0,3,1,0,0,1,1,1,0,2,6,0,2,0,8,1
13,21,0,0,1,0,3,1,0,0,1,1,1,0,2,7,0,9,3,13,1
4,20,4,1,1,0,3,1,0,0,1,1,1,0,0,4,2,1,0,3,0
6,20,4,1,1,0,3,1,0,2,1,1,1,0,0,1,0,8,3,12,1
1,18,4,0,1,0,3,0,0,2,1,1,1,0,0,4,0,6,4,6,1
3,15,4,0,1,0,3,0,0,2,1,1,1,0,0,0,5,0,0,0,1
11,18,0,0,1,0,3,0,0,0,1,1,1,0,2,3,0,6,10,13,1
10,20,4,0,1,2,3,1,0,2,1,1,1,0,0,1,0,4,11,4,1
8,20,4,0,1,0,3,3,0,2,1,1,1,0,0,1,2,4,0,6,1
11,21,4,1,1,0,3,1,0,2,1,1,1,8,2,3,0,6,10,12,1
9,14,4,0,1,0,3,0,0,12,1,1,1,0,0,0,5,0,0,0,0
0,18,4,0,1,4,3,0,1,2,1,1,1,0,0,1,0,6,2,9,1
13,20,2,1,1,0,3,0,0,0,1,1,1,0,2,2,0,6,0,11,0
2,15,4,1,1,0,3,0,0,2,1,1,1,7,0,1,0,7,6,7,1
11,20,0,1,1,0,3,0,0,1,1,1,1,5,2,1,0,6,10,14,1
12,21,0,0,1,3,3,0,1,1,1,1,1,5,2,1,0,6,7,14,1
14,18,4,0,1,0,3,0,0,0,1,1,1,0,2,1,0,6,2,9,1
1,15,4,1,1,4,3,0,1,2,1,1,1,5,0,1,5,0,0,0,1
13,15,0,0,1,0,0,0,0,0,1,1,1,0,2,5,3,9,4,12,1
14,15,0,1,1,0,3,0,0,0,1,1,1,0,2,1,5,0,0,0,1
9,21,4,0,1,4,3,0,1,5,1,1,1,5,0,0,5,0,0,0,1
8,21,0,1,1,3,3,0,1,1,1,1,1,7,1,3,1,9,0,10,1
9,15,4,0,1,0,3,0,0,12,1,1,1,7,0,1,0,3,3,4,1
10,14,0,0,0,0,3,1,0,0,1,1,0,0,2,3,0,1,2,6,1
0,18,4,0,1,0,3,0,0,16,1,1,1,0,0,1,0,2,2,4,0
6,17,4,0,1,0,3,0,0,16,1,1,1,5,0,0,5,0,0,5,0
4,16,4,1,1,0,3,0,0,11,1,1,1,0,0,1,0,6,6,5,0
5,19,4,1,1,2,3,3,0,2,1,1,1,0,0,1,5,0,0,0,1
9,18,0,1,1,0,3,3,0,1,1,1,1,0,0,1,1,3,0,9,1
9,15,0,1,1,0,3,0,0,0,1,1,1,1,0,1,0,7,7,12,1
1,15,4,1,1,0,3,0,0,2,1,1,1,8,0,1,0,6,6,13,1
7,18,4,1,1,0,3,0,0,5,1,1,1,0,0,1,0,3,5,8,1
15,15,0,0,1,0,3,0,0,0,1,1,1,7,2,4,0,1,2,5,1
12,19,4,1,1,0,3,0,0,0,1,1,1,5,2,1,0,6,8,10,1
3,15,4,0,1,0,3,0,0,2,1,1,1,0,0,0,5,0,0,0,1
3,20,4,0,1,0,3,0,0,2,1,1,1,8,0,1,0,7,2,14,1
7,15,4,1,1,0,3,0,0,12,1,1,1,0,0,1,5,0,0,0,1
5,20,4,1,1,3,3,0,1,11,1,1,1,5,0,1,0,6,8,4,0
11,15,0,0,1,0,3,3,0,8,1,1,1,0,2,0,5,0,0,0,1
3,21,4,1,1,0,3,0,0,0,1,1,1,0,0,9,2,0,0,0,1
7,18,4,0,1,0,3,1,0,2,1,1,1,7,0,1,0,6,11,9,1
7,15,4,0,1,0,3,0,0,16,1,1,1,7,0,1,0,4,2,7,1
13,21,0,1,1,0,3,1,0,0,1,1,1,0,2,2,0,2,2,13,1
4,20,4,1,1,0,3,1,0,11,1,1,1,8,0,1,0,6,4,7,0
9,15,4,1,1,0,3,0,0,11,1,1,1,7,0,1,0,6,8,11,1
8,18,4,0,1,0,3,0,0,2,1,1,1,7,0,1,0,6,6,8,1
1,15,4,1,1,0,3,0,0,11,1,1,1,1,0,0,5,0,0,0,1
9,20,4,1,1,0,3,0,0,11,1,1,1,2,0,1,0,7,4,11,1
5,20,4,1,1,0,3,1,0,2,1,1,1,8,0,1,0,2,7,4,1
9,18,4,1,1,4,3,0,1,5,1,1,1,5,0,1,0,6,5,10,1
9,20,0,0,1,0,3,0,0,0,1,1,1,1,0,3,0,6,4,13,0
3,18,4,0,1,0,3,3,0,2,1,1,1,7,0,1,0,6,4,4,1
15,18,0,1,1,0,3,0,0,2,1,1,1,0,2,3,0,4,4,6,1
9,11,4,0,1,4,3,0,1,2,1,1,1,0,0,1,0,6,3,12,1
14,20,4,0,1,0,3,3,0,0,1,1,1,0,2,1,0,8,11,14,1
0,15,4,1,1,4,3,0,1,16,1,1,1,0,0,0,5,0,0,0,1
2,15,4,1,1,0,3,3,0,14,1,1,1,0,0,1,0,2,4,2,1
3,15,4,0,1,0,3,0,0,0,1,1,1,7,0,1,0,1,3,5,1
12,15,4,0,1,0,3,0,0,2,1,1,1,5,2,1,1,9,0,12,1
5,20,4,1,1,0,3,2,0,2,1,1,1,0,0,2,2,2,0,0,0
5,20,4,1,1,4,3,1,1,10,1,1,1,5,0,1,0,6,11,3,1
7,21,4,0,1,0,3,0,0,0,1,1,1,0,0,2,0,6,8,14,0
13,19,0,0,0,3,3,0,1,8,0,1,0,7,1,2,0,2,3,2,1
15,20,0,0,1,4,3,0,1,0,1,1,1,0,2,1,0,6,8,11,1
3,17,4,0,1,4,3,0,1,9,1,1,1,0,0,1,0,6,6,8,1
3,20,4,1,1,0,3,1,0,2,1,1,1,0,0,1,0,2,10,2,1
2,18,4,0,1,4,3,0,1,9,1,1,1,0,0,1,0,6,2,3,1
12,19,0,0,1,0,3,1,0,0,1,1,1,0,2,1,0,7,11,13,1
14,20,0,1,1,3,3,3,1,0,1,1,1,0,2,4,0,2,9,14,1
12,15,4,0,1,0,3,1,0,2,1,1,1,8,2,1,0,6,10,8,1
0,15,4,1,1,0,3,1,0,11,1,1,1,0,0,1,0,6,4,6,1
5,0,4,1,1,0,3,1,0,2,1,1,1,8,0,1,0,8,1,6,1
6,20,0,1,1,0,3,0,0,2,1,1,1,0,0,1,5,1,0,3,1
14,20,0,0,1,0,3,1,0,0,1,1,1,0,2,1,0,8,3,14,1
14,21,0,0,1,0,3,0,0,0,1,1,1,5,2,1,5,6,0,13,1
12,22,0,0,1,0,3,0,0,0,1,1,1,0,2,1,0,9,3,11,1
14,18,0,0,1,0,3,3,0,8,1,1,1,0,2,6,0,4,0,8,1
9,18,4,0,1,0,3,1,0,2,1,1,1,1,0,1,0,5,4,5,1
13,17,0,1,1,4,3,0,1,8,1,1,1,5,2,1,5,1,0,3,0
10,21,0,1,1,0,3,3,0,0,1,1,1,1,0,0,5,0,0,0,1
0,18,4,1,1,0,3,0,0,16,1,1,1,0,0,3,0,2,1,3,1
13,20,0,1,1,0,3,1,0,1,1,1,1,0,2,1,0,8,4,11,1
9,14,0,1,1,0,3,3,0,0,1,1,1,7,0,1,0,5,1,8,1
10,5,2,0,1,3,3,0,1,2,1,1,1,0,0,3,2,6,0,14,1
14,19,4,1,1,0,3,3,0,2,1,1,1,0,2,1,0,2,11,3,1
12,13,4,0,1,0,3,0,0,15,1,1,1,7,2,0,5,0,0,0,1
8,18,4,1,1,0,3,0,0,0,1,1,1,7,0,1,0,8,6,6,1
12,18,0,0,1,0,3,3,0,0,1,1,1,0,2,1,0,7,10,11,1
7,20,4,1,1,0,3,2,0,0,1,1,1,6,0,2,0,3,10,9,0
8,15,4,0,1,0,3,0,0,5,1,1,1,0,0,1,0,6,4,8,1
4,17,4,1,1,0,3,3,0,11,1,1,1,0,0,6,0,4,6,9,1
1,15,4,0,1,0,3,1,0,15,1,1,1,0,0,4,5,1,0,2,0
15,19,0,1,1,3,3,0,1,1,1,1,1,7,2,1,0,6,3,9,1
4,14,4,0,0,0,3,3,0,3,1,1,0,0,0,1,0,3,7,6,1
11,20,0,0,1,4,3,0,1,0,1,1,1,0,2,1,0,6,6,11,0
2,19,2,1,1,0,3,1,0,7,1,1,1,0,0,0,5,0,0,0,1
7,16,4,0,1,0,3,0,0,2,1,1,1,7,0,0,5,0,0,0,1
15,21,0,1,1,4,3,0,1,0,1,1,1,0,2,2,0,6,4,9,1
1,18,4,1,1,0,3,1,0,2,1,1,1,0,0,2,0,1,3,3,1
11,15,4,1,1,0,3,0,0,0,1,1,1,7,2,1,0,6,1,9,0
15,21,4,1,1,0,3,3,0,0,1,1,1,5,2,1,0,6,7,12,1
10,18,0,0,1,3,3,3,1,8,1,1,1,0,0,1,0,7,6,5,1
5,18,0,1,1,1,3,0,1,9,1,1,1,1,0,1,0,5,3,2,1
3,18,4,0,1,0,3,0,0,2,1,1,1,0,0,1,0,3,6,4,1
2,15,4,0,1,0,3,0,0,0,1,1,1,0,0,3,0,9,4,12,1
3,15,4,1,1,0,3,0,0,2,1,1,1,5,0,0,5,0,0,0,1
13,20,0,0,1,0,3,1,0,0,1,1,1,5,2,1,0,6,2,14,1
6,20,4,1,1,0,3,0,0,2,1,1,1,0,0,1,0,6,6,11,1
14,15,0,0,1,0,1,1,0,1,1,1,1,8,2,5,0,9,6,10,0
6,18,4,1,1,0,3,1,0,4,1,1,1,0,0,1,0,4,3,6,0
2,17,4,0,1,0,3,1,0,0,1,1,1,0,0,1,0,8,4,14,0
11,20,0,1,1,0,3,1,0,0,1,1,1,0,2,1,0,6,6,12,1
6,15,4,1,1,4,3,0,1,5,1,1,1,7,0,1,0,6,5,9,1
13,19,4,0,1,0,3,0,0,0,1,1,1,0,2,1,0,8,3,14,1
9,20,4,0,1,0,3,1,0,12,1,1,1,0,0,1,0,6,10,13,0
4,20,4,1,1,4,3,0,1,0,1,1,1,5,0,1,5,4,0,1,1
11,8,4,0,1,4,3,0,1,12,1,1,1,0,2,1,5,0,0,5,1
6,19,4,1,1,0,3,3,0,2,1,1,1,5,0,1,0,6,2,11,1
10,20,4,1,1,0,3,1,0,0,1,1,1,0,0,1,0,4,5,9,0
14,20,0,1,1,0,3,0,0,1,1,1,1,7,2,7,0,6,8,9,1
15,20,4,1,1,0,3,0,0,0,1,1,1,1,2,1,2,8,0,10,1
2,15,0,0,1,0,3,2,0,8,1,1,1,0,0,0,5,0,0,0,1
14,18,4,1,1,0,3,0,0,0,1,1,1,1,2,1,5,0,0,2,1
13,20,4,1,1,0,3,0,0,0,1,1,1,7,2,3,0,6,8,12,0
1,18,4,1,1,0,3,0,0,2,1,1,1,1,0,1,0,1,6,2,1
10,20,4,1,1,0,2,0,0,3,1,1,1,0,0,5,3,6,1,13,1
7,18,4,1,1,0,3,1,0,0,1,1,1,0,0,1,0,5,5,5,0
10,1,3,1,1,3,3,0,1,0,1,1,1,7,0,3,0,6,3,4,1
6,4,0,0,0,4,3,3,1,14,1,1,0,7,0,0,5,0,0,0,1
0,15,4,1,1,0,3,0,0,2,1,1,1,7,0,1,5,0,0,0,1
13,18,4,1,1,2,3,1,0,2,1,1,1,0,2,9,2,0,0,13,1
4,18,4,1,0,3,3,1,1,2,1,1,1,5,0,1,5,0,0,4,1
6,15,4,0,1,4,3,0,1,9,1,1,1,0,0,4,0,1,0,1,1
4,15,4,0,1,0,3,0,0,2,1,1,1,8,0,1,0,6,6,3,1
0,18,4,0,1,0,3,3,0,2,1,1,1,0,0,1,0,1,3,3,1
4,18,4,0,1,0,3,3,0,9,1,1,1,7,0,1,0,2,11,3,0
8,17,4,1,1,0,3,3,0,7,1,1,1,0,0,0,5,0,0,0,1
7,20,0,1,1,0,3,3,0,0,1,1,1,0,0,1,0,8,3,14,0
3,19,4,0,1,4,3,0,1,0,1,1,1,7,0,1,0,3,5,5,0
3,15,4,1,1,0,3,1,0,0,1,1,1,0,0,1,0,1,3,3,1
0,18,4,1,0,0,3,0,0,2,0,1,1,0,0,1,0,2,9,4,1
3,13,4,1,1,0,3,1,0,11,1,1,1,0,0,1,5,4,0,2,0
7,20,4,0,1,3,3,0,1,2,1,1,1,8,0,1,0,6,6,8,1
10,18,4,0,1,0,1,3,1,9,1,1,1,0,0,5,3,7,0,8,0
3,15,4,1,1,0,3,0,0,2,1,1,1,0,0,1,0,2,9,4,1
8,4,0,0,1,4,3,1,1,0,1,1,1,7,0,2,0,7,5,11,1
0,17,4,0,1,0,3,1,0,16,1,1,1,8,0,1,5,2,0,3,0
13,21,0,1,1,3,3,0,1,0,1,1,1,5,2,2,0,8,2,14,1
7,15,0,1,1,4,3,0,1,0,1,1,1,0,0,1,0,6,6,10,1
1,13,4,1,1,4,3,0,1,10,1,1,1,0,0,1,5,6,0,3,1
0,19,4,0,1,0,3,0,0,16,1,1,1,0,0,2,0,6,1,6,1
13,18,0,1,1,0,3,0,0,2,1,1,1,0,2,1,0,9,3,13,1
3,16,0,1,1,0,3,0,0,0,1,1,1,7,0,9,2,0,0,0,1
4,17,0,1,1,0,3,1,0,16,1,1,1,0,0,6,0,9,2,7,0
13,8,0,0,1,4,3,0,1,0,1,1,1,0,2,1,1,1,0,1,1
7,6,4,0,1,2,3,0,0,7,1,1,1,8,0,9,2,0,11,14,1
9,19,0,0,1,4,3,0,1,1,1,1,1,0,0,1,0,6,3,7,1
12,18,0,1,1,3,3,0,1,1,1,1,1,0,2,2,0,6,4,9,1
7,18,0,0,1,0,3,3,0,0,1,1,1,0,0,1,0,6,1,9,1
14,23,0,1,1,4,3,0,1,1,1,1,1,5,2,0,5,0,0,10,1
12,20,0,0,1,0,3,0,0,0,1,1,1,5,2,1,0,8,11,13,0
10,15,4,0,1,4,3,0,1,0,1,1,1,7,0,1,0,6,1,9,1
13,17,0,1,1,0,3,1,0,1,1,1,1,8,2,8,5,6,0,0,1
8,20,4,1,1,0,3,3,0,2,1,1,1,5,0,1,2,0,0,0,0
3,18,4,0,1,0,3,0,0,2,1,1,1,0,0,1,0,2,8,4,1
13,7,0,0,1,0,1,0,0,8,1,1,1,7,2,5,0,6,8,7,1
3,17,4,1,0,0,3,1,0,0,1,0,0,0,0,6,5,1,0,1,1
0,18,4,1,1,0,3,3,0,11,1,1,1,0,0,1,0,1,4,6,1
12,21,0,1,1,0,3,3,0,0,1,1,1,1,2,1,0,7,4,9,1
13,15,4,1,0,3,3,3,1,13,1,1,0,8,2,0,5,0,0,0,1
15,13,0,0,1,0,3,0,0,15,1,1,1,1,2,1,5,0,0,0,1
14,14,4,0,1,3,3,0,1,2,1,1,1,5,2,1,0,6,4,5,1
2,18,4,1,1,0,3,3,0,2,1,1,1,0,0,1,2,1,0,2,1
10,20,0,0,1,0,3,1,0,1,1,1,1,0,0,6,0,6,3,13,1
4,18,4,0,1,0,3,1,0,2,1,1,1,0,0,1,0,6,5,9,1
6,20,4,1,1,0,3,0,0,14,1,1,1,0,0,1,0,6,6,7,1
4,15,4,0,1,0,3,0,0,2,1,1,1,0,0,1,0,3,2,5,1
13,17,4,1,1,0,3,0,0,2,1,1,1,7,2,1,0,6,4,10,1
15,18,0,1,1,0,3,1,0,0,1,1,1,0,2,1,0,6,4,11,1
5,17,4,0,1,0,3,0,0,0,1,1,1,5,0,2,0,6,4,11,1
5,18,0,1,1,0,3,0,0,9,1,1,1,0,0,1,2,6,0,9,1
15,15,4,1,1,0,3,3,0,9,1,1,1,0,2,1,0,6,10,9,1
5,18,4,0,1,0,3,0,0,2,1,1,1,0,0,1,0,2,2,5,1
13,18,4,0,1,3,3,1,1,0,1,1,1,5,2,1,0,1,2,2,0
8,17,4,1,1,0,3,0,0,2,1,1,1,0,0,1,0,2,2,8,1
4,18,4,1,1,0,3,0,0,11,1,1,1,1,0,0,5,0,0,4,0
15,13,4,0,1,0,3,0,0,4,1,1,1,7,2,1,2,0,0,6,1
13,12,0,0,1,4,3,0,1,1,1,1,1,7,2,1,0,6,11,13,1
10,19,4,0,1,0,3,1,0,12,1,1,1,0,0,1,0,7,3,11,1
14,15,0,0,1,4,3,1,1,0,1,1,1,0,2,1,0,6,6,9,0
12,21,0,0,1,4,3,1,1,1,1,1,1,0,2,1,0,9,4,13,1
13,18,4,0,1,0,3,0,0,2,1,1,1,1,2,1,0,6,6,10,1
2,18,4,1,1,0,3,1,0,16,1,1,1,5,0,3,0,1,1,1,1
13,7,0,0,1,4,3,0,1,2,1,1,1,7,2,7,0,5,5,7,1
10,10,4,1,1,2,3,3,0,2,1,1,1,8,0,1,0,1,3,8,1
10,20,4,1,1,0,3,1,0,12,1,1,1,0,0,1,0,4,1,13,0
7,15,4,0,1,4,3,0,1,0,1,1,1,7,0,1,0,6,8,10,1
13,18,4,1,1,0,3,0,0,9,1,1,1,5,2,1,0,6,11,10,1
11,16,4,0,1,0,3,0,0,2,1,1,1,0,2,1,2,6,0,5,0
7,19,4,1,1,0,3,3,0,0,1,1,1,0,0,1,0,1,11,3,1
0,17,4,1,1,0,3,0,0,16,1,1,1,0,0,1,0,5,3,5,0
6,20,4,0,1,0,3,0,0,2,1,1,1,0,0,1,0,6,3,12,1
12,18,4,1,1,0,3,3,0,0,1,1,1,7,2,0,5,0,0,8,1
0,17,4,1,1,0,3,3,0,11,1,1,1,0,0,1,0,2,4,3,0
0,15,4,0,1,4,3,0,1,16,1,1,1,5,0,0,5,0,0,0,1
6,15,0,0,1,4,3,3,1,0,1,1,1,7,0,1,0,9,8,11,1
6,18,4,0,1,0,3,3,0,2,1,1,1,0,0,1,0,6,10,8,1
1,15,4,0,1,4,3,0,1,2,1,1,1,5,0,1,0,1,3,5,1
15,22,0,1,1,0,3,1,0,0,1,1,1,8,2,1,0,4,9,14,0
1,17,4,0,1,0,3,0,0,2,1,1,1,0,0,1,0,1,3,3,1
2,15,4,0,1,0,3,0,0,0,1,1,1,0,0,1,0,6,2,5,0
15,18,2,0,1,3,1,0,1,1,1,1,1,7,1,5,3,9,3,10,1
13,18,0,0,1,0,3,1,0,1,1,1,1,0,2,0,5,0,0,0,1
12,20,0,0,1,0,3,1,0,1,1,1,1,0,2,1,0,5,11,13,1
9,18,4,0,1,0,3,1,0,15,1,1,1,0,0,4,5,0,0,0,0
4,20,4,1,1,0,3,0,0,9,1,1,1,0,0,1,0,6,2,7,1
2,18,4,0,1,0,3,0,0,9,1,1,1,0,0,1,0,4,2,2,1
11,18,4,1,1,0,3,3,0,2,1,1,1,0,2,3,0,3,6,6,1
3,15,4,1,1,0,3,1,0,9,1,1,1,0,0,0,5,0,0,0,1
11,20,0,1,1,0,3,1,0,0,1,1,1,0,2,1,0,6,3,11,1
13,18,0,0,1,4,3,3,1,8,1,1,1,0,2,1,0,6,3,5,0
2,18,0,0,1,0,3,2,0,8,1,1,1,0,0,1,0,6,1,11,1
3,17,1,0,1,3,3,1,1,15,1,1,1,0,0,4,5,9,0,2,1
2,17,4,1,1,0,3,0,0,2,1,1,1,0,0,1,2,0,0,0,0
3,18,4,1,1,4,3,0,1,0,1,1,1,7,0,2,0,3,1,8,1
5,20,4,1,1,0,3,0,0,2,1,1,1,0,0,0,5,0,0,0,1
11,17,0,1,1,4,3,0,1,1,1,1,1,7,2,1,0,6,1,4,1
13,19,4,1,1,3,3,3,1,2,1,1,1,0,2,1,0,2,6,7,1
8,18,4,0,1,0,3,0,0,11,1,1,1,2,0,1,0,6,7,13,1
1,17,2,1,1,0,3,0,0,16,1,1,1,1,0,1,5,6,0,2,1
7,20,4,0,1,0,3,3,0,11,1,1,1,5,0,1,0,6,3,12,0
5,18,4,0,1,0,3,1,0,0,1,1,1,0,0,1,0,6,1,9,1
3,18,4,1,1,4,3,3,1,2,1,1,1,7,0,1,0,4,4,6,1
0,15,4,1,1,0,3,0,0,2,1,1,1,0,0,0,5,0,0,0,1
6,18,4,1,1,0,3,0,0,11,1,1,1,1,0,0,5,0,0,0,1
2,18,4,1,1,0,3,1,0,16,1,1,1,0,0,1,5,8,0,2,0
4,15,4,1,1,0,3,0,0,4,1,1,1,0,0,1,2,0,0,0,1
14,8,0,1,1,4,3,0,1,0,1,1,1,1,2,1,0,6,4,7,1
1,18,4,1,1,0,3,3,0,2,1,1,1,0,0,1,0,6,4,10,1
13,23,0,0,1,0,3,0,0,0,1,1,1,0,2,1,0,6,6,14,1
15,17,2,1,1,0,3,0,0,0,1,1,1,1,2,1,0,6,3,10,1
8,20,4,0,1,4,3,0,1,0,1,1,1,5,0,2,0,6,4,13,0
13,21,4,0,1,4,3,0,1,2,1,1,1,5,2,1,0,6,5,14,1
5,12,4,0,1,0,3,0,0,0,1,1,1,7,0,1,0,6,11,5,1
11,17,4,0,1,0,0,0,0,16,1,1,1,0,2,5,3,9,5,7,0
6,20,4,0,1,0,3,0,0,5,1,1,1,7,0,1,0,3,6,11,1
9,21,4,1,1,0,3,3,0,14,1,1,1,0,0,1,0,6,4,10,1
5,20,4,1,1,4,3,0,1,5,1,1,1,5,0,1,0,6,4,8,0
10,18,0,1,1,0,3,0,0,1,1,1,1,0,0,1,0,6,10,10,1
8,20,4,0,1,0,3,0,0,0,1,1,1,5,0,1,0,6,3,12,0
2,17,4,0,1,0,3,0,0,2,1,1,1,0,0,1,0,2,4,2,0
8,18,4,0,1,0,3,0,0,2,1,1,1,0,0,1,5,0,0,0,1
10,15,0,1,1,0,3,3,0,1,1,1,1,0,0,1,0,6,2,11,1
5,12,4,1,1,0,3,0,0,5,1,1,1,5,0,1,2,0,0,0,1
12,15,4,1,1,0,3,0,0,2,1,1,1,7,2,1,5,0,0,0,1
5,20,4,0,1,0,3,0,0,11,1,1,1,0,0,3,0,6,6,6,0
4,20,4,1,1,0,3,0,0,2,1,1,1,1,0,1,2,4,0,3,0
5,20,4,0,1,4,3,0,1,0,1,1,1,5,0,1,0,8,2,14,1
15,19,0,1,1,3,3,0,1,1,1,1,1,5,2,6,5,0,0,0,1
10,20,0,1,1,4,3,0,1,0,1,1,1,0,0,1,0,6,8,14,1
11,16,0,1,1,4,3,0,1,1,1,1,1,0,2,0,5,0,0,0,1
13,18,0,1,1,0,3,3,0,0,1,1,1,1,2,9,2,0,0,0,1
8,20,4,1,1,0,3,0,0,12,1,1,1,0,0,1,0,9,4,10,0
14,15,4,0,1,0,3,1,0,2,1,1,1,0,2,6,0,5,0,8,1
2,18,4,0,1,0,3,3,0,11,1,1,1,5,0,1,5,1,0,2,1
15,21,0,0,1,3,3,0,1,0,1,1,1,0,2,1,0,6,2,13,1
14,14,0,0,1,0,3,2,0,0,1,1,1,0,2,1,5,0,0,0,1
5,20,4,1,1,0,3,1,0,2,1,1,1,0,0,1,0,5,5,6,0
3,13,4,1,1,0,3,0,1,9,1,1,1,5,0,6,0,1,4,6,1
8,21,0,1,1,4,3,0,1,0,1,1,1,0,0,4,2,0,0,0,0
15,15,4,0,1,0,3,0,0,11,1,1,1,7,2,1,0,6,8,11,1
2,15,4,0,1,0,3,0,0,9,1,1,1,0,0,1,2,6,0,8,1
4,19,4,1,1,0,3,1,0,2,1,1,1,0,0,0,5,0,0,0,1
14,20,4,0,1,0,3,1,0,2,1,1,1,8,2,5,0,7,5,11,1
5,18,4,1,1,0,3,1,0,2,1,1,1,0,0,4,0,6,1,4,1
6,19,4,1,1,0,3,1,0,12,1,1,1,0,0,1,5,0,0,0,1
0,18,4,0,1,0,3,0,0,16,1,1,1,0,0,1,0,2,3,5,1
11,21,0,1,1,4,3,0,1,1,1,1,1,5,2,1,0,8,2,14,1
1,18,4,0,1,0,3,0,0,0,1,1,1,0,0,1,0,6,1,9,1
1,17,4,1,1,0,3,3,0,11,1,1,1,0,0,6,0,2,2,3,1
4,18,4,0,1,0,3,1,0,7,1,1,1,7,0,1,0,3,1,5,1
5,20,4,0,1,0,3,3,0,0,1,1,1,0,0,1,0,9,6,4,1
3,20,4,0,1,0,3,0,0,2,1,1,1,5,0,3,0,3,2,4,1
14,23,0,1,1,0,3,0,0,0,1,1,1,5,2,1,0,6,4,14,1
7,17,0,0,1,0,3,0,0,1,1,1,1,0,0,1,0,8,2,10,1
2,18,4,1,1,0,3,1,0,4,1,1,1,0,0,1,0,1,6,1,1
10,19,4,1,1,0,3,0,0,2,1,1,1,0,0,7,0,3,8,5,1
10,15,4,1,0,0,3,3,0,12,1,1,0,0,0,0,5,0,0,0,0
1,18,4,0,1,0,3,3,0,0,1,1,1,0,0,1,0,8,1,13,1
13,12,4,0,1,2,3,0,0,12,1,1,1,2,2,9,2,0,0,14,1
6,14,4,1,1,0,3,1,0,2,1,1,1,8,0,8,2,6,0,8,0
13,15,0,1,0,0,3,3,0,13,1,1,0,8,2,1,5,0,0,0,0
13,21,0,0,1,0,3,1,0,0,1,1,1,0,2,1,0,8,10,14,1
9,20,4,1,1,0,3,1,0,12,1,1,1,0,0,1,0,3,6,6,0
13,15,4,0,1,0,3,0,0,15,1,1,1,7,2,1,5,9,0,2,1
5,18,4,0,1,0,3,0,0,2,1,1,1,0,0,1,0,4,7,9,1
8,15,4,0,1,0,3,2,0,0,1,1,1,0,0,1,2,3,0,4,0
13,19,4,0,1,3,3,1,0,2,0,1,1,0,0,7,0,4,5,5,1
8,18,0,1,1,0,3,0,0,0,1,1,1,1,0,3,0,4,7,7,1
5,15,4,0,0,0,3,1,0,2,1,1,0,0,0,1,5,0,0,0,0
3,15,4,1,1,4,3,0,1,11,1,1,1,5,0,1,0,6,4,5,1
8,23,4,0,1,0,2,3,0,10,1,1,1,0,0,1,0,8,8,13,1
5,19,4,0,1,2,3,1,0,2,1,1,1,0,0,1,5,4,0,2,1
8,18,4,0,1,0,3,0,0,2,1,1,1,0,0,4,0,1,9,2,1
2,16,4,0,1,0,3,0,0,15,1,1,1,4,0,1,5,5,0,3,0
6,20,4,0,1,4,3,0,1,0,1,1,1,5,0,1,0,6,5,2,1
5,20,4,1,1,0,3,0,0,2,1,1,1,0,0,1,0,3,4,4,1
11,15,0,1,1,0,3,0,0,1,1,1,1,0,2,1,0,6,10,7,1
14,11,0,1,0,4,3,0,1,1,1,1,1,0,2,0,5,0,0,0,1
13,0,4,1,1,4,3,0,1,12,1,1,1,7,2,0,5,0,0,7,1
6,18,4,0,1,3,3,0,1,0,1,1,1,8,0,1,0,6,8,7,1
13,18,0,1,1,3,3,0,1,0,1,1,1,0,2,1,5,0,0,0,1
14,20,0,0,1,0,3,0,0,1,1,1,1,0,2,2,2,0,0,0,1
15,15,4,1,1,0,3,0,0,12,1,1,1,0,2,1,2,0,0,0,1
9,16,4,1,1,0,3,3,0,12,1,1,1,0,0,1,0,6,11,8,0
8,20,4,0,1,0,3,0,0,0,1,1,1,0,0,1,2,6,0,2,1
15,13,4,0,1,0,3,0,0,15,1,1,1,1,2,0,5,0,0,0,0
9,20,4,0,1,0,3,0,0,0,1,1,1,0,0,6,0,5,0,6,0
3,20,4,0,1,0,3,0,0,2,1,1,1,7,0,6,0,2,8,5,1
15,21,0,1,1,4,3,0,1,1,1,1,1,5,2,0,5,0,0,0,0
9,18,4,1,1,4,3,3,1,5,1,1,1,0,0,0,5,0,0,0,1
0,15,4,1,1,0,3,3,0,11,1,1,1,0,0,1,0,6,2,6,0
6,20,4,0,1,0,1,3,0,0,1,1,1,0,0,5,0,8,4,11,1
10,18,4,0,1,0,1,1,0,0,1,1,1,0,0,5,3,6,7,13,0
6,18,4,0,1,0,3,0,0,2,1,1,1,0,0,1,0,6,3,9,1
2,18,4,0,1,0,3,1,0,16,1,1,1,0,0,1,0,1,1,2,0
13,18,0,0,1,4,3,3,1,9,1,1,1,0,2,1,0,9,10,10,1
11,20,0,1,1,4,3,0,1,0,1,1,1,5,2,1,0,6,4,11,1
12,18,4,1,1,0,3,0,0,2,1,1,1,0,2,4,0,1,4,5,1
5,18,4,0,1,0,3,0,0,2,1,1,1,7,0,1,0,6,1,9,1
14,20,0,1,1,3,3,0,1,1,1,1,1,5,2,1,0,6,8,14,1
11,20,0,1,1,0,3,1,0,0,1,1,1,0,2,3,0,6,8,11,1
15,19,4,1,1,0,3,3,0,0,1,1,1,8,2,1,0,6,0,9,1
6,15,4,1,1,0,3,1,0,2,1,1,1,0,0,1,0,4,6,6,1
12,20,4,1,1,0,3,0,0,0,1,1,1,0,2,1,0,7,10,12,1
14,23,0,0,1,4,3,0,1,8,1,1,1,0,2,1,0,6,6,10,1
5,20,4,0,1,0,3,0,0,2,1,1,1,0,0,1,0,6,4,8,1
13,20,4,0,1,0,3,0,0,12,1,1,1,0,2,1,0,6,6,11,1
10,20,0,0,1,3,3,3,1,1,1,1,1,5,0,1,0,7,10,14,1
1,18,4,1,1,0,3,1,0,2,1,1,1,0,0,1,5,4,0,2,1
10,19,0,0,1,0,3,0,0,1,1,1,1,0,0,1,0,6,11,14,1
6,20,4,1,1,0,3,3,0,2,1,1,1,0,0,1,0,6,6,6,1
1,18,4,1,1,0,3,1,0,2,1,1,1,7,0,4,0,6,4,5,1
9,10,4,0,1,0,0,0,0,0,1,1,1,0,0,5,3,6,9,8,1
11,19,4,1,1,0,3,3,0,2,1,1,1,0,2,2,0,4,2,13,0
7,20,4,1,1,0,3,3,0,12,1,1,1,0,0,1,0,7,4,12,0
0,17,4,1,1,0,3,1,0,2,1,1,1,0,0,1,0,3,4,8,1
5,17,4,1,1,0,3,0,0,2,1,1,1,0,0,6,0,2,3,4,1
4,20,0,1,1,0,3,0,0,2,1,1,1,3,0,4,0,7,3,2,1
10,20,4,1,1,3,3,0,1,0,1,1,1,5,0,3,0,5,1,13,1
2,18,4,1,1,0,3,3,0,12,1,1,1,0,0,0,5,0,0,0,1
14,19,0,0,1,0,3,0,0,1,1,1,1,0,2,4,0,6,10,12,1
9,18,4,1,1,2,3,1,0,2,1,1,1,0,0,1,0,2,3,6,1
5,19,4,1,1,0,3,0,0,11,1,1,1,5,0,1,0,6,8,6,0
4,18,4,1,1,0,3,3,0,0,1,1,1,0,0,1,5,0,0,1,1
4,18,4,0,1,0,3,3,0,2,1,1,1,0,0,1,0,4,4,5,1
13,20,4,1,1,0,3,3,0,12,1,1,1,5,2,3,0,6,10,11,1
15,20,0,0,1,0,3,3,0,1,1,1,1,0,2,1,0,6,8,5,0
11,18,4,0,1,0,3,3,0,14,1,1,1,0,2,1,0,8,8,12,0
12,18,2,1,1,1,3,1,0,5,1,1,1,2,0,2,0,5,10,8,1
8,20,4,0,1,0,3,0,0,0,1,1,1,5,0,1,0,6,4,13,1
2,15,4,0,1,4,3,0,1,2,1,1,1,7,0,0,5,0,0,0,1
13,18,4,1,1,0,3,0,0,2,1,1,1,1,2,1,5,0,0,0,0
15,18,4,1,1,0,3,0,0,0,1,1,1,1,2,1,0,6,3,6,1
5,15,4,0,1,0,3,0,0,0,1,1,1,0,0,1,2,0,0,0,0
2,15,4,1,1,0,3,1,0,11,1,1,1,0,0,1,5,8,0,2,1
6,15,0,0,0,0,2,0,0,6,0,1,1,5,0,1,0,6,9,6,0
8,20,4,1,1,0,3,1,0,0,1,1,1,0,0,1,0,6,3,11,0
8,17,4,0,1,0,3,3,0,2,1,1,1,0,0,0,5,0,0,0,1
1,18,4,1,1,0,3,0,0,2,1,1,1,0,0,0,5,0,0,0,1
14,7,2,0,1,0,2,0,0,12,1,1,1,7,2,6,0,2,5,7,1
4,20,4,0,1,0,3,3,0,2,1,1,1,0,0,1,0,3,5,5,1
12,18,0,0,1,3,1,0,1,1,1,1,1,5,2,5,0,6,4,11,1
7,15,4,0,1,3,3,0,1,0,1,1,1,0,0,1,0,6,1,8,1
1,18,4,1,1,3,3,0,1,2,1,1,1,5,0,0,5,0,0,0,1
0,18,4,0,1,0,3,3,0,16,1,1,1,1,0,0,5,0,0,4,0
3,19,4,1,1,0,3,1,0,2,1,1,1,0,0,0,5,0,0,5,1
0,15,4,0,1,0,2,0,0,3,1,1,1,0,0,1,0,2,4,6,1
5,20,0,1,1,0,3,0,0,0,1,1,1,0,0,6,0,1,3,3,1
1,21,4,0,1,0,3,0,0,14,1,1,1,0,0,1,0,2,2,2,1
9,18,4,1,1,0,3,0,0,4,1,1,1,8,0,1,0,6,6,12,1
13,20,4,0,1,3,3,3,1,2,1,1,1,5,2,1,0,6,4,13,1
10,20,0,0,1,3,3,0,1,1,1,1,1,5,0,1,0,6,5,10,1
9,17,4,0,1,0,3,0,0,2,1,1,1,7,0,1,0,6,5,9,1
2,16,4,0,1,4,3,0,1,15,1,1,1,0,0,0,5,0,0,0,0
1,18,4,1,1,0,3,0,0,2,1,1,1,7,0,1,5,0,0,0,0
11,21,0,0,1,4,3,0,1,0,1,1,1,5,2,2,0,6,8,13,0
5,20,4,1,1,0,3,3,0,2,1,1,1,0,0,1,0,6,10,8,1
15,20,0,0,1,0,3,0,0,0,1,1,1,0,2,1,0,8,3,14,1
5,15,4,0,1,0,3,0,0,2,1,1,1,7,0,1,2,0,0,0,0
13,18,4,1,1,0,3,0,0,0,1,1,1,0,2,1,5,0,0,2,1
2,12,4,0,1,0,3,0,0,7,1,1,1,0,0,0,5,0,0,4,1
1,18,4,0,1,0,0,0,0,16,1,1,1,0,0,5,3,2,9,6,0
1,18,4,1,1,0,3,3,0,2,1,1,1,0,0,0,5,0,0,0,1
8,15,4,0,1,4,3,0,1,11,1,1,1,8,0,1,0,6,1,9,1
3,19,4,1,1,0,3,3,0,2,1,1,1,0,0,1,5,0,0,0,1
2,15,4,0,1,4,3,0,1,2,1,1,1,0,0,0,5,0,0,0,1
1,17,0,1,1,0,3,1,0,1,1,1,1,0,0,1,0,8,8,13,1
7,15,4,0,1,0,3,0,0,4,1,1,1,0,0,9,2,0,0,0,1
14,8,4,0,1,4,3,0,1,2,1,1,1,1,2,1,0,6,4,7,1
2,22,0,1,1,0,3,1,0,1,1,1,1,0,0,2,0,6,3,12,1
10,21,0,1,1,0,3,3,0,0,1,1,1,5,0,1,0,9,4,13,0
6,18,4,0,1,0,3,0,0,4,1,1,1,2,0,1,0,6,3,9,1
14,12,2,0,1,0,3,0,0,0,1,1,1,0,2,1,0,6,11,9,1
11,20,4,1,1,0,3,3,0,10,1,1,1,0,2,1,0,8,11,11,0
3,15,4,1,1,0,3,0,0,4,1,1,1,0,0,1,0,6,4,4,1
5,18,0,1,1,0,3,1,0,2,1,1,1,0,0,6,5,0,0,0,1
10,20,4,1,1,0,3,0,0,0,1,1,1,7,0,1,0,5,0,3,1
12,15,4,0,1,0,3,0,0,3,1,1,1,7,2,6,0,2,8,6,1
13,22,4,1,1,0,3,1,0,0,1,1,1,5,2,2,0,1,3,14,1
1,15,4,0,1,0,0,0,0,16,1,1,1,1,0,5,3,9,1,6,1
6,18,0,1,1,0,3,3,0,0,1,1,1,8,0,1,5,2,0,6,1
5,15,4,0,1,0,3,1,0,2,1,1,1,0,0,2,0,8,1,12,1
15,18,4,1,1,0,3,0,0,2,1,1,1,5,2,1,0,4,10,3,1
10,18,4,1,1,0,3,1,0,2,1,1,1,0,0,1,0,6,4,10,1
0,17,4,0,0,0,3,3,0,16,1,1,0,8,0,1,5,2,0,3,0
5,15,4,1,1,4,3,0,1,2,1,1,1,5,0,1,0,6,10,10,0
5,9,0,0,0,0,1,1,1,9,1,1,1,7,2,0,5,0,0,0,1
1,18,4,0,1,0,3,0,0,16,1,1,1,0,0,0,5,0,0,0,1
10,20,0,0,1,0,3,0,0,2,1,1,1,0,0,1,0,8,3,14,1
4,15,0,0,1,0,3,0,0,0,1,1,1,0,0,1,0,4,2,5,1
4,20,0,1,1,0,3,1,0,0,1,1,1,0,0,1,0,6,2,9,0
5,20,4,0,1,3,3,3,1,2,1,1,1,5,0,2,0,8,11,12,1
5,20,4,1,1,4,3,0,1,0,1,1,1,7,0,1,0,6,10,9,1
12,17,2,1,1,0,3,1,0,0,1,1,1,0,2,6,5,0,0,2,1
14,18,4,1,1,0,3,0,0,0,1,1,1,1,2,1,0,5,9,7,1
14,19,4,1,1,0,3,0,0,12,1,1,1,5,2,0,5,0,0,10,0
15,20,0,0,1,0,3,1,0,0,1,1,1,1,2,3,0,6,10,13,1
1,15,4,0,1,0,3,0,0,15,1,1,1,0,0,0,5,0,0,0,0
15,18,0,0,1,0,1,0,0,0,1,1,1,0,2,1,0,6,3,8,1
8,15,4,0,1,0,3,0,0,0,1,1,1,0,0,1,0,6,2,12,1
15,20,0,1,1,0,3,1,0,16,1,1,1,8,0,4,5,2,0,3,1
2,18,4,1,1,0,3,0,0,16,1,1,1,0,0,1,5,2,0,3,0
12,20,4,0,1,4,3,0,1,9,1,1,1,5,2,1,0,8,8,8,1
11,18,4,1,1,4,3,1,1,0,1,1,1,0,2,1,0,6,10,8,0
2,15,4,0,1,0,3,0,0,2,1,1,1,7,0,1,0,6,2,7,1
15,19,0,0,1,0,3,0,0,0,1,1,1,0,2,1,0,6,10,11,1
3,19,4,1,1,0,3,3,0,12,1,1,1,7,0,1,0,4,2,5,1
4,12,4,1,1,0,3,0,0,0,1,1,1,7,0,1,0,6,11,9,1
0,18,4,0,1,3,3,3,1,2,1,1,1,0,0,1,0,1,6,2,1
10,15,4,1,0,0,3,0,0,12,1,1,0,0,0,0,5,0,0,0,0
15,19,4,0,1,4,3,0,1,2,1,1,1,5,2,1,0,6,3,5,1
5,17,0,1,1,0,3,0,0,0,1,1,1,0,0,1,5,0,0,0,1
1,15,4,1,1,0,3,0,0,2,1,1,1,0,0,0,5,0,0,0,1
2,18,4,0,1,0,3,0,0,11,1,1,1,0,0,2,0,9,3,2,1
12,15,4,0,1,0,3,0,0,11,1,1,1,0,2,1,0,6,4,7,1
3,15,4,1,1,0,3,1,0,9,1,1,1,0,0,1,0,5,2,8,1
4,18,4,0,1,4,3,3,1,9,1,1,1,7,0,1,0,6,0,8,0
7,15,4,1,1,0,3,0,0,2,1,1,1,7,0,1,0,3,2,5,1
0,15,4,0,1,0,3,3,0,11,1,1,1,0,0,1,0,4,0,9,0
3,19,4,0,1,0,3,0,0,2,1,1,1,5,0,1,5,6,0,4,1
4,18,4,0,1,0,3,0,0,2,1,1,1,0,0,1,0,2,10,3,1
2,15,4,1,1,3,3,0,1,2,1,1,1,0,0,1,0,8,3,6,1
13,12,3,1,1,0,3,0,0,9,1,1,1,7,2,1,0,6,5,9,1
9,15,4,0,1,0,3,0,0,0,1,1,1,0,0,3,0,6,6,12,0
9,20,4,1,1,0,3,0,0,9,1,1,1,5,0,1,0,6,11,14,1
6,20,4,1,1,0,3,0,0,14,1,1,1,5,0,1,0,6,3,12,1
13,18,0,0,1,0,3,0,0,1,1,1,1,1,2,3,0,1,6,2,1
7,13,4,0,1,0,3,0,0,2,1,1,1,1,0,0,5,0,0,5,1
9,15,0,0,1,4,3,3,1,1,1,1,1,5,0,1,0,6,0,11,1
6,17,4,1,1,0,3,0,0,0,1,1,1,0,0,1,0,6,5,11,1
13,12,0,0,1,0,3,0,0,1,1,1,1,0,2,5,5,0,0,5,1
13,20,0,1,1,3,3,0,1,0,1,1,1,5,2,1,1,8,0,13,1
5,18,4,0,1,0,1,0,0,0,1,1,1,0,0,5,5,0,0,2,1
15,15,0,1,1,0,3,1,0,0,1,1,1,8,2,1,0,9,6,12,1
0,18,4,1,1,4,3,0,1,9,1,1,1,7,0,0,5,0,0,0,0
14,20,0,1,1,4,3,0,1,0,1,1,1,5,2,1,0,6,6,9,1
14,18,4,1,0,0,3,0,0,0,1,0,1,0,2,7,2,6,0,9,1
6,19,4,0,1,0,1,1,0,0,1,1,1,0,0,5,0,6,5,2,0
11,18,4,0,1,0,3,1,0,2,1,1,1,8,2,1,0,6,1,12,1
11,20,0,0,1,0,3,2,0,1,1,1,1,0,2,1,0,3,6,11,1
10,19,4,0,1,0,3,0,0,2,1,1,1,5,0,1,0,6,2,3,1
1,14,4,1,1,0,3,0,0,12,1,1,1,7,0,1,0,2,3,6,1
8,18,4,0,1,4,3,1,1,2,1,1,1,5,0,1,2,0,0,8,0
15,20,0,0,1,0,3,0,0,1,1,1,1,0,2,1,5,0,0,0,1
10,15,4,0,1,4,3,0,1,0,1,1,1,7,0,1,0,6,2,10,0
8,20,4,1,1,0,3,0,0,12,1,1,1,0,0,2,0,6,2,3,1
0,12,4,0,1,0,3,0,0,16,1,1,1,8,0,0,5,0,0,5,0
12,22,0,1,1,0,3,0,0,1,1,1,1,0,2,7,1,9,0,13,1
13,19,0,1,1,4,3,3,1,8,1,1,1,7,2,1,0,6,5,7,1
11,15,4,1,1,0,3,3,0,0,1,1,1,0,2,1,0,8,2,10,1
9,15,0,0,1,4,3,0,1,0,1,1,1,0,0,1,0,7,6,7,1
11,15,0,0,1,4,3,0,1,1,1,1,1,0,2,0,5,0,0,0,0
1,14,4,0,1,4,3,0,1,2,1,1,1,5,0,1,0,6,1,6,1
2,18,4,1,1,0,3,1,0,2,1,1,1,8,0,3,5,1,0,2,1
14,18,0,0,1,0,3,0,0,0,1,1,1,0,2,1,0,6,0,9,1
7,15,0,0,1,4,3,0,1,1,1,1,1,7,0,1,0,6,2,8,1
11,20,4,0,1,0,3,1,0,0,1,1,1,0,2,7,0,8,11,13,1
8,18,0,0,1,3,1,0,1,0,1,1,1,5,0,1,0,9,8,12,1
15,15,4,0,1,0,3,0,0,2,1,1,1,0,2,1,0,6,8,5,1
11,18,4,1,1,0,3,0,0,2,1,1,1,7,2,4,0,7,1,10,1
12,15,4,0,1,3,3,0,1,0,1,1,1,0,2,7,0,6,3,9,1
15,15,0,1,1,0,3,0,0,1,1,1,1,7,2,1,0,6,1,9,1
7,15,0,0,1,4,3,0,1,0,1,1,1,0,0,1,0,6,6,5,0
3,19,4,1,1,0,3,1,0,2,1,1,1,0,0,2,0,1,1,2,0
6,20,4,0,1,0,3,0,0,14,1,1,1,5,0,1,0,2,3,12,0
5,18,4,1,1,0,3,3,0,2,1,1,1,0,0,1,0,2,4,4,1
14,0,4,1,1,4,3,3,1,0,1,1,1,7,2,0,5,0,0,7,1
0,15,4,1,1,4,3,3,1,11,1,1,1,5,0,0,5,0,0,0,0
15,20,4,0,1,0,3,1,0,0,1,1,1,0,2,3,0,5,8,12,1
4,20,4,0,1,0,3,1,0,2,1,1,1,8,0,3,0,6,6,6,1
14,15,4,0,0,0,3,0,0,0,1,0,0,0,0,6,0,4,0,4,1
5,15,4,1,1,4,3,0,1,2,1,1,1,7,0,1,5,6,0,2,1
2,18,4,0,1,3,3,3,1,2,1,1,1,5,0,0,5,0,0,0,1
4,20,0,1,1,0,3,3,0,1,1,1,1,0,0,6,0,1,0,6,1
10,21,0,1,1,3,3,0,1,1,1,1,1,5,0,1,0,6,11,12,0
9,18,4,1,1,0,3,0,0,0,1,1,1,7,0,2,0,6,4,8,1
15,15,0,0,1,0,3,0,0,0,1,1,1,0,2,1,0,6,3,9,1
1,13,4,1,1,4,3,0,1,7,1,1,1,0,0,1,5,0,0,0,1
5,20,0,1,0,0,3,0,0,1,1,1,1,0,0,5,0,6,6,3,0
11,19,4,1,1,0,3,0,0,2,1,1,1,0,2,0,5,0,0,0,1
4,20,4,0,1,0,3,0,0,0,1,1,1,0,0,1,0,8,4,6,1
11,15,4,0,1,0,3,0,0,12,1,1,1,0,2,1,5,0,0,0,0
13,21,0,0,1,0,3,1,0,0,1,1,1,0,2,1,0,9,6,14,0
15,19,0,1,1,0,3,1,0,1,1,1,1,0,2,1,0,6,6,8,0
11,20,4,0,1,0,3,0,0,0,1,1,1,7,2,1,0,9,3,13,1
8,23,0,1,1,0,3,0,0,0,1,1,1,0,0,2,0,6,6,7,1
11,21,0,1,1,4,3,0,1,1,1,1,1,5,2,1,0,6,6,13,0
12,20,4,0,1,0,3,1,0,0,1,1,1,0,2,1,0,7,6,11,1
6,15,4,0,1,0,3,1,0,12,1,1,1,0,0,1,0,6,4,10,0
9,18,0,1,1,0,3,0,0,1,1,1,1,0,0,1,0,6,2,6,1
7,20,4,1,1,0,3,1,0,11,1,1,1,0,0,1,0,7,7,9,0
7,20,0,1,1,0,3,0,0,1,1,1,1,5,0,1,5,0,0,0,0
10,21,4,0,1,0,3,0,0,0,1,1,1,5,0,1,0,6,2,14,0
4,20,4,0,1,2,3,3,0,2,1,1,1,0,0,1,0,4,3,6,1
5,15,4,0,1,0,3,1,0,2,1,1,1,8,0,1,5,0,0,2,1
10,20,4,0,0,0,3,0,0,3,1,1,0,0,0,1,0,9,7,13,1
12,15,4,0,1,0,3,0,0,12,1,1,1,7,2,1,0,5,4,6,1
13,20,4,0,0,2,3,1,0,2,1,1,0,0,2,1,0,2,3,6,1
0,15,4,1,1,2,3,3,0,2,1,1,1,0,0,1,0,4,3,6,0
5,18,4,0,1,0,3,0,0,2,1,1,1,7,0,1,0,6,4,8,1
10,20,4,1,1,0,3,0,0,0,1,1,1,0,0,5,0,6,6,3,0
12,18,0,0,1,0,3,0,0,0,1,1,1,0,2,2,5,0,0,0,0
13,16,3,1,1,0,3,0,0,0,1,1,1,0,2,9,0,5,4,13,1
10,20,0,0,1,0,3,0,0,1,1,1,1,0,0,1,0,6,1,14,1
10,15,0,0,1,0,3,0,0,0,1,1,1,0,0,1,1,6,0,10,0
5,17,4,0,1,0,0,1,0,12,1,1,1,0,2,5,3,9,11,6,1
15,18,4,0,1,0,3,0,0,4,1,1,1,0,2,1,0,6,10,7,1
2,20,4,1,1,0,3,1,0,4,1,1,1,0,0,3,0,5,10,7,1
9,20,4,0,1,0,3,0,0,12,1,1,1,0,0,1,0,8,6,14,1
6,20,0,1,1,2,3,3,0,1,1,1,1,0,0,1,0,5,5,12,0
14,14,4,1,1,0,3,3,0,2,1,1,1,7,2,1,0,8,6,11,1
8,20,4,0,1,0,3,0,0,2,1,1,1,0,0,2,0,4,1,3,1
15,17,4,1,1,0,3,1,0,7,1,1,1,0,2,0,5,0,0,5,1
5,20,4,0,1,0,3,3,0,11,1,1,1,0,0,4,0,9,8,11,1
14,18,0,1,1,0,3,3,0,0,1,1,1,7,2,0,5,0,0,0,1
12,23,0,1,1,0,3,3,0,13,1,1,1,8,2,2,0,5,2,11,0
12,15,4,1,1,0,3,3,0,2,1,1,1,0,2,6,0,2,0,6,1
0,18,4,1,1,0,3,1,0,1,1,1,1,0,0,1,5,0,0,0,0
13,17,4,0,1,0,3,1,0,0,1,1,1,8,2,3,0,6,6,12,1
11,11,0,0,1,0,3,1,0,0,1,1,1,0,2,1,0,9,1,14,1
13,21,0,1,1,0,3,1,0,1,1,1,1,8,2,8,5,0,0,0,1
9,20,4,0,1,4,3,0,1,0,1,1,1,5,0,2,0,7,2,11,1
12,20,4,1,1,0,3,3,0,11,1,1,1,5,2,0,5,0,0,0,1
10,17,0,1,1,0,3,0,0,8,1,1,1,0,0,0,5,0,0,0,1
10,0,4,1,1,4,3,0,1,10,1,1,1,0,0,1,0,6,3,6,1
0,18,4,1,1,0,3,0,0,2,1,1,1,0,0,1,5,0,0,0,1
10,8,0,0,1,4,3,0,1,4,1,1,1,0,0,0,5,0,0,0,1
5,20,4,0,1,0,3,1,0,0,1,1,1,0,0,1,0,6,7,9,1
2,16,4,0,1,0,3,0,0,2,1,1,1,7,0,0,5,0,0,0,1
8,19,4,1,1,0,3,1,0,0,1,1,1,7,0,1,0,2,3,5,1
15,21,0,0,1,0,3,1,0,0,1,1,1,0,2,1,0,9,5,12,1
11,18,4,1,1,0,3,0,0,2,1,1,1,0,2,2,0,6,4,10,1
0,15,4,1,1,0,3,0,0,2,1,1,1,0,0,0,5,0,0,0,1
15,20,0,1,1,0,3,1,0,11,1,1,1,0,2,1,5,4,0,3,1
1,17,4,1,1,0,3,0,0,2,1,1,1,0,0,1,0,4,6,13,1
5,18,4,1,1,0,3,1,0,0,1,1,1,0,0,1,0,5,10,5,1
14,7,3,1,1,0,1,0,0,9,1,1,1,4,2,1,0,5,8,14,1
1,18,4,0,1,4,3,0,1,0,1,1,1,5,0,1,0,1,4,2,0
1,18,4,1,1,0,3,3,0,2,1,1,1,7,0,0,5,0,0,0,0
10,20,4,0,1,4,3,0,1,11,1,1,1,5,0,1,0,8,10,12,1
11,20,4,1,1,4,3,0,1,0,1,1,1,2,0,2,0,4,5,3,1
3,18,4,0,1,0,3,1,0,2,1,1,1,0,0,3,0,4,10,4,1
8,18,4,0,1,0,3,3,0,2,1,1,1,0,0,1,0,6,8,5,1
7,18,4,1,1,0,3,0,0,0,1,1,1,0,0,2,0,6,4,4,1
4,16,4,1,1,4,3,3,1,10,1,1,1,4,0,1,5,9,0,3,0
13,21,0,1,1,0,3,1,0,0,1,1,1,0,2,1,0,7,5,14,0
9,17,0,1,1,0,3,3,0,0,1,1,1,0,0,0,5,0,0,0,0
7,15,4,0,1,0,3,0,0,5,1,1,1,0,0,1,0,6,11,6,1
12,20,4,0,1,0,3,0,0,2,1,1,1,0,2,1,0,8,3,13,1
15,18,4,0,0,4,3,0,1,0,1,0,1,5,2,3,0,8,11,12,1
5,19,4,1,1,0,3,1,0,2,1,1,1,8,0,1,5,0,0,0,0
1,15,4,0,1,0,3,3,0,2,1,1,1,5,0,1,5,0,0,0,0
4,18,4,1,1,0,3,0,0,2,1,1,1,7,0,1,5,0,0,0,0
11,20,4,1,1,0,3,0,0,11,1,1,1,5,2,3,0,6,10,11,1
15,15,4,0,1,0,3,0,0,15,1,1,1,7,2,1,5,6,0,10,1
6,14,0,1,1,4,3,1,1,16,1,1,1,0,0,1,1,6,0,7,0
1,18,4,0,1,0,3,0,0,2,1,1,1,7,0,9,2,0,0,0,1
4,15,4,0,1,3,3,0,1,2,1,1,1,5,0,0,5,0,0,0,1
0,15,4,0,1,0,3,3,0,11,1,1,1,0,0,1,5,4,0,4,1
8,18,4,0,1,4,3,3,1,5,1,1,1,7,0,1,0,6,3,8,0
6,15,4,0,1,0,3,0,0,14,1,1,1,0,0,1,0,6,8,10,1
14,18,0,0,1,4,3,0,1,8,1,1,1,5,2,1,5,2,0,5,1
15,18,4,0,1,0,3,0,0,2,1,1,1,0,2,6,0,8,3,10,1
1,15,4,1,1,0,3,0,0,2,1,1,1,0,0,2,0,7,11,12,0
9,18,4,0,1,0,3,0,0,0,1,1,1,0,0,3,0,3,7,4,1
13,17,0,0,1,4,3,0,1,1,1,1,1,0,2,0,5,0,0,0,1
6,18,4,0,1,0,3,1,0,2,1,1,1,0,0,1,0,3,5,11,1
2,15,4,0,1,0,3,3,0,16,1,1,1,7,0,1,0,8,1,8,0
4,18,4,1,1,4,3,0,1,0,1,1,1,0,0,1,0,3,4,5,0
15,19,2,1,1,0,3,0,0,0,1,1,1,0,2,3,0,6,1,11,1
1,15,4,0,1,4,3,0,1,9,1,1,1,5,0,1,0,6,5,8,1
7,19,4,1,1,3,3,3,1,11,1,1,1,0,0,1,0,6,4,4,1
13,7,4,1,1,3,3,0,1,2,1,1,1,7,0,2,0,4,5,14,1
14,22,4,1,0,3,3,3,1,0,1,0,1,5,2,1,0,8,9,14,1
6,18,4,1,1,4,3,0,1,10,1,1,1,0,0,1,0,6,0,10,0
4,15,4,1,1,0,3,0,0,2,1,1,1,7,0,0,5,0,0,4,1
7,20,4,0,1,0,3,0,0,0,1,1,1,0,0,2,5,4,0,0,0
10,16,4,0,1,0,3,3,0,15,1,1,1,0,0,0,5,0,0,0,0
0,18,4,0,1,2,3,0,0,2,1,1,1,0,0,9,2,0,0,0,1
10,18,4,0,1,0,3,0,0,16,1,1,1,0,0,1,0,9,4,8,1
1,17,4,0,1,0,3,0,0,2,1,1,1,5,0,2,0,2,2,2,1
12,14,0,1,1,0,3,2,0,0,1,1,1,7,2,1,0,6,10,12,0
2,13,4,0,1,0,3,0,0,15,1,1,1,1,0,0,5,0,0,0,1
10,18,4,0,1,0,3,0,0,12,1,1,1,0,0,1,0,7,4,9,0
6,13,4,0,1,0,3,3,0,2,1,1,1,0,0,1,5,0,0,0,1
13,16,0,0,1,0,3,0,0,1,1,1,1,7,2,1,0,5,0,8,1
0,15,4,0,1,0,3,0,0,2,1,1,1,8,0,1,5,2,0,1,1
2,18,4,0,1,0,3,0,0,0,1,1,1,0,0,1,5,6,0,4,0
0,12,4,0,0,0,3,0,0,16,1,1,0,1,0,1,5,0,0,1,0
7,15,0,0,1,0,3,0,0,1,1,1,1,7,0,1,0,3,6,9,1
9,19,4,0,1,0,3,1,0,12,1,1,1,0,0,1,0,7,0,14,1
13,20,0,1,1,3,3,3,1,1,1,1,1,5,2,2,0,6,6,14,0
7,21,4,0,1,0,3,0,0,11,1,1,1,0,0,1,0,6,4,11,1
4,18,4,0,1,0,3,3,0,11,1,1,1,0,0,1,0,7,3,10,1
11,20,0,0,1,0,3,1,0,0,1,1,1,0,2,4,5,6,0,14,1
1,18,2,0,1,0,3,1,0,2,1,1,1,5,0,0,5,0,0,2,1
15,9,4,0,1,0,3,1,0,12,1,1,1,7,2,2,0,8,1,6,0
14,6,0,0,1,0,3,1,0,0,1,1,1,8,2,1,0,6,8,9,1
9,1,4,0,0,0,3,0,0,15,0,1,0,0,0,0,5,0,0,0,0
1,18,4,1,1,0,3,1,0,2,1,1,1,0,0,1,5,2,0,2,0
12,20,4,0,1,4,3,0,1,0,1,1,1,5,2,1,0,9,2,14,1
1,18,4,0,1,0,3,3,0,16,1,1,1,0,0,1,5,3,0,3,0
6,20,4,0,1,0,3,0,0,11,1,1,1,0,0,1,0,9,6,14,1
3,19,4,0,1,0,3,0,0,0,1,1,1,0,0,1,0,6,4,9,1
14,18,0,1,1,3,3,3,1,1,1,1,1,0,2,1,1,6,0,10,1
13,18,0,1,1,0,3,0,0,0,1,1,1,0,2,1,0,1,1,1,1
4,20,4,1,1,0,3,0,0,0,1,1,1,7,0,1,0,1,11,3,1
1,18,4,0,1,0,3,1,0,2,1,1,1,0,0,1,0,3,6,5,1
13,20,0,1,1,0,3,1,0,1,1,1,1,0,2,1,0,8,7,12,1
0,14,4,0,1,4,3,0,1,2,1,1,1,5,0,1,0,2,8,8,1
1,13,4,1,1,0,3,1,0,2,1,1,1,0,0,1,5,6,0,5,1
13,17,4,0,1,0,3,0,0,0,1,1,1,0,2,1,0,1,6,6,1
12,15,0,0,1,4,3,0,1,0,1,1,1,0,2,1,0,7,2,12,1
13,21,0,1,1,0,3,1,0,1,1,1,1,8,2,8,2,6,0,10,1
1,15,4,0,1,0,3,3,0,2,1,1,1,7,0,1,2,4,0,4,1
15,21,4,1,1,0,3,1,0,2,1,1,1,0,2,2,0,4,0,3,1
5,18,4,0,1,0,3,0,0,12,1,1,1,0,0,0,5,0,0,4,1
3,17,0,0,1,0,3,1,0,1,1,1,1,0,0,1,5,0,0,0,0
15,18,0,0,0,3,3,0,1,0,1,1,0,0,2,1,1,3,0,6,1
11,18,4,0,0,0,3,0,0,2,1,1,0,0,2,2,0,6,6,6,1
11,14,4,0,0,3,3,0,1,15,1,1,0,7,2,1,5,3,0,1,0
0,18,4,1,1,4,3,0,1,16,1,1,1,7,0,1,5,8,0,4,0
13,12,2,0,1,0,3,0,0,12,1,1,1,1,2,1,0,6,11,13,1
5,18,4,1,1,0,3,0,0,2,1,1,1,7,0,3,0,6,1,4,1
3,15,0,0,1,0,3,0,0,0,1,1,1,0,0,1,0,6,4,9,1
13,18,0,1,1,0,3,0,0,1,1,1,1,1,2,1,0,3,2,3,1
12,21,4,0,1,0,3,1,0,0,1,1,1,0,2,6,0,2,3,8,0
8,13,4,1,0,0,3,0,0,2,1,1,1,7,0,1,5,0,0,2,1
13,20,4,1,1,3,3,0,1,9,1,1,1,5,2,1,0,6,6,10,1
4,18,0,1,1,0,3,1,0,0,1,1,1,0,0,1,0,6,5,12,1
1,15,4,1,1,0,3,0,0,16,1,1,1,5,0,1,1,3,0,5,0
5,18,4,0,1,0,3,0,0,2,1,1,1,7,0,1,5,0,0,0,1
14,20,4,1,1,0,3,0,0,0,1,1,1,0,2,1,0,6,3,8,0
1,18,4,1,1,0,3,1,0,2,1,1,1,0,0,0,5,0,0,0,1
2,18,4,1,1,0,3,1,0,16,1,1,1,8,0,4,5,6,0,2,1
12,20,4,0,1,0,3,0,0,2,1,1,1,5,2,1,0,6,2,11,0
12,15,0,0,1,3,3,0,1,0,1,1,1,5,2,0,5,0,0,0,1
6,20,4,0,1,0,3,0,0,2,1,1,1,0,0,1,0,6,3,13,1
1,17,4,1,1,0,3,0,0,2,1,1,1,1,0,1,2,1,0,2,1
6,15,4,1,1,4,3,0,1,12,1,1,1,0,0,0,5,0,0,0,0
6,17,4,0,1,0,3,0,0,2,1,1,1,7,0,1,2,6,0,5,1
11,20,4,0,1,0,3,1,0,2,1,1,1,8,2,3,0,6,2,13,1
15,20,0,0,1,0,3,3,0,1,1,1,1,0,2,1,0,9,11,11,1
7,15,0,1,1,0,3,3,0,0,1,1,1,7,0,0,5,0,0,10,1
6,15,4,0,1,0,3,0,0,2,1,1,1,0,0,2,0,3,6,10,1
12,20,4,1,1,0,3,0,0,0,1,1,1,0,2,2,0,7,8,10,1
12,20,4,0,1,0,3,0,0,2,1,1,1,0,2,1,0,6,8,13,1
15,21,4,1,1,0,3,1,0,2,1,1,1,0,2,1,0,6,2,9,1
3,18,4,0,1,0,3,0,0,15,1,1,1,0,0,1,5,0,0,1,0
7,19,0,0,1,0,3,0,0,0,1,1,1,0,0,2,0,1,2,5,1
13,15,0,0,1,0,0,3,0,0,1,1,1,7,2,5,3,9,2,12,1
15,19,4,1,1,0,3,3,0,0,1,1,1,5,2,1,0,6,11,14,1
6,15,4,1,1,0,1,0,0,2,1,1,1,8,0,8,5,0,0,0,1
5,19,0,1,1,0,3,1,0,1,1,1,1,8,0,5,0,6,2,7,1
5,18,4,0,1,0,3,1,0,10,1,1,1,0,0,1,0,6,3,3,0
7,20,4,1,1,0,3,1,0,2,1,1,1,0,0,2,0,6,4,10,1
14,23,2,1,1,0,3,1,0,16,1,1,1,0,2,1,5,6,0,7,1
9,20,4,0,1,0,3,3,0,5,1,1,1,7,0,1,0,6,9,13,1
7,21,4,0,1,0,3,0,0,0,1,1,1,0,0,1,0,6,6,9,1
1,18,4,1,1,0,3,0,0,2,1,1,1,0,0,0,5,0,0,0,1
3,18,4,0,1,0,3,0,0,2,1,1,1,7,0,1,0,1,3,2,1
7,15,4,1,1,0,3,3,0,5,1,1,1,0,0,1,0,8,3,6,1
0,18,4,0,0,0,3,1,0,16,1,1,0,0,0,1,5,1,0,2,0
1,18,4,1,1,0,3,0,0,14,1,1,1,0,0,1,0,2,6,2,0
9,16,0,1,1,4,3,0,1,0,1,1,1,0,0,9,2,0,0,0,0
0,13,4,1,1,0,3,0,0,10,1,1,1,0,0,1,5,1,0,3,0
14,20,4,0,1,0,3,0,0,2,1,1,1,5,0,2,0,7,8,14,1
11,20,0,1,1,0,3,1,0,0,1,1,1,0,2,1,0,6,5,12,1
6,19,4,1,1,0,3,3,0,11,1,1,1,0,0,1,0,2,3,5,1
1,19,4,0,1,0,3,0,0,16,1,1,1,0,0,1,5,6,0,4,0
13,17,4,0,0,0,3,0,0,15,1,1,0,0,2,0,5,0,0,0,1
3,20,4,1,1,0,3,0,0,2,1,1,1,0,0,1,0,6,8,5,0
6,18,4,1,1,0,3,3,0,2,1,1,1,7,0,1,0,2,4,8,1
1,18,2,1,1,0,3,1,0,2,1,1,1,0,0,1,2,2,0,2,0
12,20,0,0,1,4,3,0,1,1,1,1,1,7,2,6,0,5,6,9,1
2,15,4,1,1,0,3,3,0,12,1,1,1,1,0,1,0,6,10,6,1
15,22,0,1,1,0,3,0,0,0,1,1,1,0,2,1,0,9,8,14,1
3,21,4,1,1,0,3,0,0,0,1,1,1,0,0,4,0,1,1,3,1
8,11,4,1,1,0,3,0,0,4,1,1,1,0,0,1,2,0,0,0,1
5,15,4,0,1,0,3,0,0,0,1,1,1,0,0,5,2,6,0,2,1
7,15,0,1,1,4,3,0,1,1,1,1,1,0,0,1,0,4,6,9,0
11,20,0,0,1,0,1,3,0,1,1,1,1,0,2,1,0,9,8,13,0
12,21,0,1,1,4,3,0,1,1,1,1,1,5,2,0,5,0,0,0,1
6,15,4,1,1,0,3,0,0,4,1,1,1,0,0,5,0,6,6,7,1
4,15,4,0,1,0,1,1,0,10,1,1,1,0,0,1,0,6,3,10,0
12,17,2,0,1,0,3,0,0,0,1,1,1,0,2,1,0,6,6,11,1
2,17,4,1,0,0,3,0,0,0,1,1,0,0,0,0,5,0,0,4,1
9,20,4,1,1,0,3,1,0,2,1,1,1,0,0,2,0,6,6,12,0
11,18,0,0,1,0,1,0,0,2,1,1,1,0,2,1,0,8,11,11,1
10,21,4,0,1,0,3,1,0,12,1,1,1,8,0,1,0,6,6,13,1
9,18,4,0,1,0,3,0,0,2,1,1,1,0,0,1,0,6,6,8,0
8,20,0,1,1,0,3,2,0,0,1,1,1,0,0,0,5,0,0,0,1
4,15,4,0,1,0,3,0,0,2,1,1,1,7,0,1,0,6,3,8,1
0,14,4,1,1,4,3,0,1,16,1,1,1,7,0,1,0,8,2,6,0
2,19,4,1,0,0,3,0,0,16,1,1,0,5,0,1,5,2,0,4,0
8,0,4,1,0,0,3,3,0,2,1,1,1,7,0,0,5,0,0,1,1
15,17,4,0,1,0,3,0,0,12,1,1,1,7,2,1,0,9,4,12,1
12,15,2,0,1,0,3,0,0,0,1,1,1,0,2,1,0,6,6,9,1
13,19,4,0,1,0,3,0,0,2,1,1,1,0,2,1,0,6,1,7,1
13,17,2,0,1,4,3,1,1,0,1,1,1,0,2,3,0,6,1,9,1
9,20,4,0,1,0,3,3,0,14,1,1,1,0,0,1,0,9,3,13,0
14,5,2,0,1,0,3,1,0,2,1,1,1,0,2,3,0,6,10,14,1
14,21,0,1,1,0,3,1,0,0,1,1,1,0,2,1,0,2,8,12,1
1,17,4,1,0,0,3,3,0,9,1,1,0,8,0,1,0,2,6,5,1
15,20,0,0,1,4,3,0,1,1,1,1,1,5,2,0,5,0,0,0,1
4,15,4,0,1,0,3,0,0,11,1,1,1,0,0,1,0,4,6,6,0
15,15,4,1,1,0,3,0,0,14,1,1,1,7,2,1,5,0,0,3,1
12,15,0,0,1,0,3,0,0,1,1,1,1,0,2,7,0,6,11,9,1
6,18,4,1,1,0,3,0,0,11,1,1,1,0,0,1,5,1,0,2,0
0,13,4,0,0,0,3,0,0,16,1,1,0,7,0,0,5,0,0,4,1
14,20,0,1,1,3,3,0,1,1,1,1,1,5,2,1,2,0,0,0,1
12,18,4,1,1,0,3,3,0,11,1,1,1,0,2,1,5,0,0,0,1
13,18,4,0,0,0,3,1,0,15,1,1,0,0,2,1,5,0,0,1,0
10,17,0,0,1,0,3,0,0,15,1,1,1,1,0,1,2,6,0,8,0
2,15,4,0,1,0,3,0,0,2,1,1,1,0,0,3,0,3,2,6,1
6,19,4,1,1,0,3,1,0,2,1,1,1,5,0,1,0,3,9,11,1
14,19,0,0,1,3,3,0,1,0,1,1,1,5,2,0,5,0,0,0,1
7,20,4,0,1,0,3,1,0,0,1,1,1,8,0,6,1,8,0,12,0
8,20,4,0,1,0,3,1,0,4,1,1,1,0,0,1,2,0,0,0,1
12,20,4,0,1,0,3,3,0,12,1,1,1,0,2,1,0,7,8,13,0
9,20,0,0,1,0,3,0,0,0,1,1,1,7,0,1,0,6,10,12,0
3,20,4,1,1,0,3,1,0,2,1,1,1,0,0,1,5,6,0,2,1
7,15,4,0,0,0,3,1,0,0,1,1,0,8,0,1,0,5,3,6,0
2,18,4,1,1,0,3,1,0,2,1,1,1,0,0,1,0,3,8,5,1
12,20,0,0,1,0,3,0,0,1,1,1,1,0,2,1,0,8,1,11,0
7,21,0,1,1,0,3,0,0,1,1,1,1,0,0,1,0,6,1,8,0
1,17,4,1,1,0,3,1,0,0,1,1,1,0,0,1,2,2,0,2,1
8,20,0,1,1,4,3,0,1,1,1,1,1,0,0,1,0,6,11,8,1
10,15,4,0,1,0,3,1,0,5,1,1,1,0,0,1,0,6,6,10,0
9,14,4,0,1,0,3,0,0,0,1,1,1,0,0,1,0,6,1,6,1
7,20,4,0,1,0,3,1,0,2,1,1,1,0,0,1,0,6,8,10,1
0,0,4,0,0,0,1,0,0,2,0,0,1,0,0,0,5,0,0,2,1
14,20,0,0,1,4,3,0,1,1,1,1,1,8,2,1,0,6,11,12,1
0,15,4,0,1,0,3,3,0,14,1,1,1,0,0,0,5,0,0,0,1
6,20,4,1,1,0,3,0,0,10,1,1,1,8,0,1,0,8,3,13,1
9,20,4,1,1,0,3,1,0,2,1,1,1,0,0,1,0,2,6,3,1
1,13,4,1,1,0,3,3,0,2,1,1,1,1,0,1,0,1,1,2,1
6,17,4,1,1,0,3,0,0,0,1,1,1,7,0,1,0,6,6,9,0
8,15,4,0,1,4,3,0,1,7,1,1,1,0,0,1,0,5,11,6,1
13,15,0,1,1,0,3,3,0,1,1,1,1,0,2,1,0,5,0,6,1
5,18,4,1,1,0,3,0,0,2,1,1,1,0,0,1,0,4,10,3,1
4,20,4,0,1,0,3,0,0,9,1,1,1,5,0,1,0,4,2,9,1
6,19,4,0,1,0,3,0,0,0,1,1,1,0,0,0,5,0,0,10,1
4,15,4,0,1,0,3,0,0,2,1,1,1,0,0,1,0,6,8,11,1
2,17,4,1,1,0,3,1,0,0,1,1,1,8,0,1,0,6,8,11,1
13,15,0,1,1,0,3,0,0,2,1,1,1,0,2,1,0,6,4,10,0
12,14,0,0,1,0,3,3,0,14,1,1,1,1,2,1,0,6,8,12,1
8,18,3,1,1,0,3,0,0,0,1,1,1,0,0,4,0,2,1,4,1
3,15,4,1,1,0,3,0,0,2,1,1,1,0,0,3,5,0,0,1,1
1,18,4,1,1,0,3,3,0,2,1,1,1,0,0,1,0,4,2,3,1
10,0,4,1,0,0,3,0,0,7,1,0,0,1,0,0,5,0,0,3,1
3,5,4,0,1,3,3,0,1,2,1,1,1,5,0,1,1,6,0,14,1
10,20,4,1,1,0,3,1,0,0,1,1,1,0,0,2,0,6,11,12,1
2,17,4,0,1,0,3,1,0,2,1,1,1,0,0,1,0,4,4,1,1
13,15,0,0,1,0,3,3,0,3,1,1,1,1,2,1,0,9,2,13,1
10,20,0,0,1,0,3,1,0,0,1,1,1,0,0,1,1,4,0,6,1
13,18,4,1,1,0,3,3,0,2,1,1,1,1,2,6,0,1,3,7,1
15,21,4,0,1,4,3,3,1,0,1,1,1,5,2,1,0,8,1,10,1
14,21,0,1,1,0,3,1,0,1,1,1,1,0,2,1,0,5,3,14,1
7,15,4,0,1,3,3,0,1,2,1,1,1,5,0,1,0,6,2,8,1
8,20,4,0,1,4,3,0,1,11,1,1,1,5,0,1,0,4,6,6,0
15,15,4,1,1,0,3,3,0,2,1,1,1,0,2,1,0,4,7,6,1
8,23,4,0,1,0,3,1,0,0,1,1,1,0,0,7,0,8,11,13,1
3,19,4,0,1,4,3,0,1,12,1,1,1,7,0,1,0,3,2,5,1
3,19,4,0,1,0,3,0,0,2,1,1,1,5,0,1,0,6,3,9,1
14,17,4,1,0,0,3,3,0,16,1,1,0,5,2,1,5,0,0,2,1
6,12,4,0,1,4,3,0,1,5,1,1,1,7,0,0,5,0,0,5,1
6,20,4,1,1,0,3,0,0,14,1,1,1,0,0,1,0,9,6,12,1
12,20,0,1,1,0,3,0,0,1,1,1,1,7,2,3,0,6,8,11,1
14,23,2,1,1,0,3,0,0,0,1,1,1,5,2,1,5,6,0,14,1
10,17,4,1,1,0,3,0,0,0,1,1,1,7,0,1,2,6,0,3,1
15,21,4,0,1,0,3,0,0,12,1,1,1,0,2,1,0,6,8,13,1
4,15,2,1,1,0,1,1,0,14,1,1,1,0,0,1,5,0,0,0,1
5,15,4,1,1,0,3,1,0,9,1,1,1,0,0,1,0,4,11,8,0
15,20,4,0,1,3,3,0,1,0,1,1,1,5,2,1,0,6,6,12,1
15,18,0,0,1,0,3,0,0,1,1,1,1,7,2,1,5,0,0,4,1
7,19,0,1,1,0,3,3,0,2,1,1,1,0,0,1,0,6,6,5,1
15,15,0,1,1,0,3,0,0,0,1,1,1,8,2,1,5,6,0,3,1
14,20,0,0,1,4,3,0,1,1,1,1,1,0,2,7,0,7,5,9,1
10,23,0,0,1,0,3,1,0,1,1,1,1,0,0,7,0,8,5,13,0
10,10,4,1,1,4,3,0,1,5,1,1,1,0,0,1,0,8,3,10,1
14,15,4,0,1,0,3,0,0,16,1,1,1,5,0,6,0,4,8,8,1
6,18,4,0,1,0,3,0,0,11,1,1,1,0,0,1,0,6,6,11,0
12,20,4,1,1,0,3,0,0,12,1,1,1,0,2,1,0,7,8,11,1
2,18,4,1,1,0,3,3,0,12,1,1,1,0,0,1,0,6,10,5,1
14,20,0,1,1,0,3,1,0,0,1,1,1,0,2,1,0,9,6,12,1
6,12,4,0,1,0,3,0,0,12,1,1,1,0,0,1,0,6,11,13,1
13,21,0,1,1,3,3,3,1,1,1,1,1,5,2,0,5,0,0,13,1
2,0,4,1,1,4,3,0,1,9,1,1,1,7,0,0,5,0,0,0,1
10,19,4,0,1,0,3,0,0,2,1,1,1,5,0,1,0,6,8,10,1
13,18,4,1,1,0,3,3,0,9,1,1,1,0,2,1,0,6,0,9,1
5,18,4,1,1,2,3,3,0,2,1,1,1,8,0,1,5,0,0,2,1
6,18,0,0,1,3,3,0,1,0,1,1,1,5,0,1,0,6,8,6,1
10,15,0,0,1,0,3,0,0,1,1,1,1,0,0,0,5,0,0,0,0
7,21,4,0,1,0,3,1,0,5,1,1,1,8,0,6,0,2,2,8,1
15,21,4,0,1,0,3,1,0,0,1,1,1,0,2,1,0,6,4,13,0
7,15,4,0,1,0,3,0,0,2,1,1,1,0,0,4,0,6,5,7,0
15,10,0,1,1,4,3,0,1,0,1,1,1,0,2,0,5,0,0,0,1
5,12,4,0,1,0,3,0,0,15,1,1,1,7,0,1,5,0,0,0,1
7,18,4,1,1,4,3,0,1,5,1,1,1,5,0,1,5,0,0,0,1
1,18,4,1,1,0,3,0,0,2,1,1,1,7,0,0,5,0,0,0,1
13,15,0,0,1,3,0,3,1,16,1,1,1,5,2,5,3,9,4,6,1
2,18,4,1,0,0,3,1,0,0,1,1,1,0,2,3,0,2,11,6,1
12,20,0,1,1,0,3,1,0,1,1,1,1,0,2,1,0,8,8,14,1
9,15,0,1,1,0,3,2,0,2,1,1,1,6,0,3,0,3,10,11,1
10,20,2,1,1,0,3,1,0,0,1,1,1,0,0,3,0,6,6,12,1
4,17,4,0,1,0,3,0,0,0,1,1,1,0,0,1,0,6,4,9,0
0,18,4,1,1,4,3,0,1,16,1,1,1,5,0,1,5,1,0,2,1
7,11,4,0,1,4,3,0,1,5,1,1,1,7,0,1,0,6,8,6,1
2,16,4,0,1,0,3,0,0,15,1,1,1,0,0,0,5,0,0,0,0
1,18,4,0,1,0,3,1,0,2,1,1,1,1,0,9,2,1,0,1,1
5,15,4,1,1,3,3,0,1,5,1,1,1,7,0,1,0,3,3,5,1
2,18,4,1,1,0,3,1,0,5,1,1,1,0,0,1,0,3,2,3,1
13,15,4,0,1,0,3,0,0,11,1,1,1,0,2,1,0,7,6,10,1
6,15,4,1,0,0,3,0,0,2,1,1,1,0,0,1,0,6,2,8,1
15,19,0,0,1,0,1,1,0,0,1,1,1,0,2,1,0,9,11,14,0
13,20,0,1,1,0,3,0,0,1,1,1,1,0,2,2,0,6,6,12,1
12,15,0,1,1,4,3,0,1,0,1,1,1,7,2,1,0,6,6,6,1
3,19,4,1,1,0,3,3,0,0,1,1,1,5,0,0,5,0,0,0,1
3,18,4,0,1,0,3,1,0,0,1,1,1,0,0,1,0,6,2,11,1
0,15,4,1,1,4,3,0,1,9,1,1,1,0,0,1,5,6,0,1,1
14,23,0,0,1,4,3,0,1,0,1,1,1,5,2,1,0,8,4,13,1
5,20,4,1,0,0,3,0,1,9,1,1,1,5,0,4,0,1,4,3,1
14,20,0,1,1,0,3,0,0,1,1,1,1,7,2,1,0,6,6,11,1
6,20,4,0,1,4,3,0,1,2,1,1,1,6,0,2,0,5,10,14,0
1,18,4,0,1,0,3,1,0,2,1,1,1,0,0,1,0,6,5,13,1
11,19,4,1,1,0,3,0,0,2,1,1,1,0,2,1,2,6,0,6,1
13,15,4,0,1,2,3,3,0,2,1,1,1,7,2,1,0,5,3,6,1
3,20,4,1,1,0,3,1,0,9,1,1,1,0,0,1,0,6,6,8,1
1,15,4,0,1,0,3,0,0,2,1,1,1,0,0,1,0,7,6,3,1
2,14,4,1,1,0,3,3,0,9,1,1,1,8,0,0,5,0,0,0,1
13,16,4,0,1,0,3,0,0,15,1,1,1,7,2,0,5,0,0,0,1
9,15,0,0,1,0,3,0,0,0,1,1,1,1,0,1,0,9,11,8,1
3,13,4,0,1,0,3,0,0,15,1,1,1,0,0,1,5,6,0,7,1
7,20,4,1,1,0,3,3,0,11,1,1,1,0,0,1,2,8,0,2,0
1,15,4,0,1,0,3,3,0,7,1,1,1,8,0,1,0,3,1,5,1
9,18,4,0,1,0,3,3,0,0,1,1,1,0,0,2,0,6,4,7,1
15,20,0,0,1,0,3,0,0,0,1,1,1,5,2,1,1,6,0,12,0
6,20,4,0,1,0,3,0,0,12,1,1,1,0,0,1,0,7,3,11,0
15,21,0,0,1,0,3,1,0,0,1,1,1,0,2,3,0,7,1,13,1
9,15,4,1,1,4,3,0,1,12,1,1,1,7,0,1,5,0,0,0,0
12,19,0,1,1,0,3,0,0,1,1,1,1,0,2,1,0,6,3,6,0
6,20,4,1,1,0,3,0,0,0,1,1,1,0,0,2,0,2,0,3,0
13,19,4,0,1,0,3,0,0,12,1,1,1,0,2,1,0,4,11,6,1
6,17,4,1,1,0,3,0,0,2,1,1,1,1,0,1,0,6,4,11,1
3,19,4,0,1,0,3,1,0,0,1,1,1,0,0,3,0,2,5,5,0
2,18,4,0,1,0,3,0,0,16,1,1,1,5,0,0,5,0,0,2,0
12,17,2,1,1,4,3,0,1,0,1,1,1,0,2,1,0,9,6,5,1
1,18,4,0,1,0,3,0,0,2,1,1,1,0,0,1,0,5,2,2,1
3,15,4,1,0,0,3,0,0,2,1,1,0,0,0,0,5,0,0,0,1
12,16,4,0,1,0,3,0,0,0,1,1,1,8,2,1,0,6,3,13,0
12,20,0,0,1,0,3,0,0,2,1,1,1,0,2,1,0,7,4,11,1
3,15,4,0,0,0,3,0,0,2,1,1,0,0,0,0,5,0,0,4,1
2,15,0,1,1,4,3,0,1,0,1,1,1,8,0,0,5,0,0,0,0
8,23,3,1,1,0,2,3,0,10,1,1,1,0,2,7,0,6,6,6,1
11,17,0,0,1,0,3,0,0,1,1,1,1,7,2,1,0,6,6,9,1
9,20,4,1,1,0,3,0,0,12,1,1,1,0,0,1,0,8,11,13,0
1,18,4,1,1,0,3,3,0,2,1,1,1,1,0,1,5,1,0,2,1
10,15,4,0,1,0,3,0,0,2,1,1,1,7,0,1,0,4,1,8,1
12,18,0,0,1,0,3,3,0,1,1,1,1,0,2,1,0,6,8,11,1
10,20,4,1,1,0,3,0,0,0,1,1,1,5,0,1,0,6,4,12,1
11,16,0,0,1,4,3,0,1,1,1,1,1,0,2,1,0,5,6,10,1
4,20,2,1,1,1,3,2,0,2,1,1,1,6,0,2,0,4,10,8,1
11,17,4,1,1,0,3,0,0,2,1,1,1,7,2,0,5,0,0,0,1
13,11,0,0,1,0,3,3,0,11,1,1,1,0,2,1,0,9,3,10,1
14,19,0,1,1,0,3,0,0,1,1,1,1,0,2,1,0,6,1,11,1
13,20,4,0,1,4,3,3,1,2,1,1,1,5,2,1,0,4,0,6,1
0,17,4,0,1,0,3,0,0,2,1,1,1,7,0,1,0,5,4,2,1
6,18,4,1,1,0,3,3,0,11,1,1,1,0,0,1,5,4,0,3,1
8,15,4,0,1,0,3,0,0,5,1,1,1,7,0,1,0,8,2,8,1
3,15,4,0,1,0,3,3,0,12,1,1,1,0,0,1,0,9,6,8,1
2,20,4,1,1,0,3,3,0,2,1,1,1,5,0,1,0,3,7,6,1
5,20,4,0,1,0,3,0,0,2,1,1,1,8,0,1,0,6,6,9,1
10,15,0,1,1,0,3,1,0,0,1,1,1,0,0,2,0,6,4,9,1
1,18,4,1,1,0,3,0,0,2,1,1,1,5,0,1,0,5,5,5,1
13,12,0,1,1,2,3,0,0,1,1,1,1,0,2,1,1,6,0,12,1
2,18,4,1,1,0,3,3,0,16,1,1,1,5,0,1,5,2,0,4,0
1,18,4,1,1,0,3,1,0,0,1,1,1,5,0,1,0,2,2,2,1
6,20,0,1,1,0,3,0,0,0,1,1,1,8,0,1,0,6,8,13,1
12,18,4,0,1,3,3,0,1,2,1,1,1,0,2,1,0,6,10,11,1
5,20,4,1,1,0,3,0,0,9,1,1,1,0,0,1,0,6,10,10,1
4,15,4,0,0,0,3,1,0,2,1,1,1,0,0,0,5,0,0,4,1
11,18,0,0,1,0,3,0,0,2,1,1,1,5,2,1,0,2,2,2,1
1,18,4,0,1,0,3,0,0,2,1,1,1,0,0,1,0,1,4,2,1
12,15,4,0,1,0,3,0,0,0,1,1,1,7,2,3,0,6,4,6,1
15,18,0,0,1,4,3,0,1,1,1,1,1,0,2,1,0,6,10,3,1
1,18,4,1,1,3,3,0,1,2,1,1,1,0,0,0,5,0,0,0,1
6,18,4,0,1,3,3,0,1,2,1,1,1,0,0,0,5,0,0,5,1
9,15,0,0,1,4,3,0,1,1,1,1,1,0,0,1,0,8,2,7,0
13,15,2,1,1,0,3,3,0,12,1,1,1,0,2,1,0,6,6,8,1
14,15,4,1,1,0,3,1,0,2,1,1,1,8,2,1,0,6,4,9,1
4,18,4,0,1,0,3,0,0,2,1,1,1,1,0,1,2,2,0,2,1
14,8,1,1,1,3,1,1,1,0,1,0,1,0,2,4,0,3,9,11,1
8,20,0,0,1,0,3,3,0,1,1,1,1,5,0,2,0,9,6,13,1
9,13,4,1,1,0,3,0,0,0,1,1,1,0,0,1,0,6,8,12,0
6,20,0,0,1,3,3,0,1,0,1,1,1,5,0,1,0,6,11,13,1
3,18,0,0,1,0,3,0,0,2,1,1,1,0,0,0,5,0,0,0,1
11,18,4,0,0,0,3,0,0,0,1,0,1,0,2,3,0,6,11,5,1
14,18,4,1,1,4,3,0,1,12,1,1,1,2,2,6,0,6,5,13,1
11,21,4,0,1,0,3,3,0,0,1,1,1,5,2,1,0,6,8,13,1
10,20,4,1,1,0,3,3,0,2,1,1,1,1,0,1,0,4,11,6,1
10,20,0,1,1,4,3,0,1,0,1,1,1,5,0,1,0,6,6,12,0
14,21,0,1,1,4,3,0,1,1,1,1,1,5,2,0,5,0,0,13,1
1,18,4,0,1,0,3,0,0,2,1,1,1,0,0,1,0,6,10,4,1
12,15,0,1,1,0,3,0,0,1,1,1,1,0,2,2,0,1,2,2,1
6,20,4,0,1,0,3,0,0,11,1,1,1,1,0,1,0,6,2,7,0
7,20,4,0,1,0,3,1,0,0,1,1,1,0,0,1,1,8,0,12,1
8,15,4,1,1,0,3,3,0,5,1,1,1,7,0,1,0,3,4,5,1
11,20,0,0,1,0,3,0,0,1,1,1,1,0,2,1,0,8,8,10,1
10,15,4,0,1,0,3,3,0,2,1,1,1,0,0,4,0,8,4,12,1
13,20,4,0,1,0,3,0,0,12,1,1,1,0,2,1,0,9,10,14,0
4,18,4,1,1,0,3,1,0,16,1,1,1,7,0,1,5,4,0,3,0
15,15,0,0,1,0,3,3,0,1,1,1,1,0,2,1,0,6,4,8,0
2,18,4,1,1,3,3,1,1,16,1,1,1,5,0,1,5,1,0,4,0
1,18,4,0,1,0,3,0,0,16,1,1,1,5,0,0,5,0,0,0,1
2,15,4,1,1,0,3,0,0,12,1,1,1,7,0,1,0,6,4,9,0
4,18,0,0,1,0,3,0,0,2,1,1,1,0,0,1,0,6,6,7,1
2,18,4,1,1,0,3,0,0,2,1,1,1,5,0,2,0,1,2,3,1
14,15,0,1,1,3,3,0,1,0,1,1,1,0,2,1,0,6,3,10,1
13,20,4,1,1,0,3,0,0,11,1,1,1,0,2,1,0,7,4,11,1
1,15,4,1,1,4,3,0,1,14,1,1,1,7,0,1,0,4,1,2,1
0,18,4,0,1,0,3,0,0,2,1,1,1,5,0,0,5,0,0,0,0
10,15,0,0,1,0,3,0,0,2,1,1,1,0,0,1,0,7,4,12,1
3,15,4,1,1,0,3,0,0,2,1,1,1,7,0,1,0,2,2,3,1
2,15,4,0,1,0,3,1,0,16,1,1,1,0,0,1,5,8,0,2,1
2,18,4,0,1,0,3,0,0,2,1,1,1,7,0,1,2,6,0,8,1
0,21,4,1,1,0,3,0,0,16,1,1,1,0,0,2,0,1,2,3,1
10,19,4,0,1,0,3,1,0,7,1,1,1,0,0,1,0,8,3,9,1
5,20,4,0,1,0,3,3,0,11,1,1,1,7,0,1,0,7,11,11,1
6,15,4,0,0,0,3,1,0,2,1,0,1,0,0,1,0,8,11,11,1
4,20,0,0,1,0,3,0,0,1,1,1,1,0,0,1,0,2,2,3,1
8,19,0,0,1,4,3,0,1,0,1,1,1,7,0,1,0,6,6,6,1
11,20,4,0,1,0,3,1,0,12,1,1,1,0,2,0,5,0,0,0,1
8,18,4,0,1,0,3,0,0,11,1,1,1,7,0,1,0,6,3,9,1
15,15,0,1,1,0,3,0,0,1,1,1,1,0,2,0,5,0,0,5,1
8,18,4,1,1,0,3,3,0,5,1,1,1,7,0,1,0,6,6,6,1
2,17,4,0,1,0,3,1,0,2,1,1,1,8,0,1,0,3,9,4,1
9,21,0,1,1,4,3,1,1,0,1,1,1,0,0,1,0,6,6,10,0
3,16,4,0,1,0,3,3,0,2,1,1,1,0,0,9,2,1,0,1,1
9,18,4,0,1,0,3,0,0,0,1,1,1,0,0,0,5,0,0,0,1
10,18,0,0,1,0,1,1,0,0,1,1,1,8,0,5,0,7,3,5,0
15,18,3,1,1,0,3,3,0,0,1,1,1,0,2,6,5,3,0,3,0
13,21,0,1,1,3,3,0,1,1,1,1,1,5,2,9,2,0,0,13,1
9,17,4,1,1,0,3,1,0,2,1,1,1,0,0,1,0,3,8,5,1
2,18,4,0,1,0,3,0,0,16,1,1,1,0,0,6,5,1,0,1,1
7,20,4,0,1,0,3,0,0,0,1,1,1,5,0,2,0,1,11,3,0
10,20,4,0,1,0,3,3,0,0,1,1,1,0,0,1,0,7,8,14,0
10,21,0,1,1,0,3,1,0,0,1,1,1,0,0,1,0,7,11,14,0
12,18,4,0,1,0,3,3,0,0,1,1,1,7,2,1,0,6,3,9,1
3,15,4,0,1,0,3,0,0,11,1,1,1,5,0,0,5,0,0,0,0
6,17,4,1,1,0,3,0,0,1,1,1,1,8,0,8,0,5,3,11,1
9,16,4,0,0,0,3,1,0,0,1,0,0,0,0,1,0,6,0,7,0
1,14,4,0,1,0,3,0,0,7,1,1,1,0,0,1,0,1,1,1,1
6,16,4,0,1,0,3,0,0,5,1,1,1,0,0,0,5,0,0,0,1
2,15,4,0,1,0,3,3,0,2,1,1,1,0,0,1,0,4,6,3,1
7,20,4,0,1,0,3,0,0,0,1,1,1,7,0,7,0,5,5,9,1
15,19,0,1,1,4,3,0,1,0,1,1,1,0,2,2,0,4,5,7,1
12,20,0,1,1,0,3,0,0,2,1,1,1,5,2,1,0,6,11,13,1
7,18,4,0,1,0,3,0,0,2,1,1,1,0,0,2,0,6,3,10,1
10,16,4,1,0,0,3,0,0,3,1,0,0,2,0,1,5,6,7,5,1
12,18,0,1,1,0,3,0,0,8,1,1,1,7,2,4,0,1,6,1,1
11,15,0,0,1,0,3,1,0,0,1,1,1,0,2,1,0,6,3,6,1
4,20,4,0,1,4,3,0,1,2,1,1,1,5,0,6,0,2,7,5,1
13,18,0,1,1,4,3,0,1,1,1,1,1,7,2,1,5,0,0,0,1
14,21,0,0,1,3,3,0,1,0,1,1,1,5,2,1,0,7,11,14,1
4,15,4,1,1,0,3,0,0,2,1,1,1,0,0,1,0,4,10,2,1
8,18,4,0,1,0,3,0,0,12,1,1,1,0,0,1,0,9,6,13,1
5,18,4,1,1,0,3,1,0,10,1,1,1,8,0,1,0,8,1,10,0
1,18,4,0,1,0,3,1,0,2,1,1,1,0,0,1,0,2,5,4,0
10,15,0,1,1,0,3,0,0,1,1,1,1,0,0,1,0,5,6,2,1
0,18,4,0,1,0,3,3,0,2,1,1,1,0,0,1,5,1,0,2,1
13,11,4,0,1,4,3,0,1,15,1,1,1,7,2,0,5,0,0,0,1
3,20,4,0,1,0,3,0,0,2,1,1,1,0,0,0,5,0,0,0,0
5,15,0,0,1,4,3,0,1,1,1,1,1,0,0,1,0,6,10,11,1
13,20,4,0,1,0,3,0,0,11,1,1,1,1,2,1,0,8,8,14,1
0,15,4,0,1,0,3,0,0,2,1,1,1,7,0,1,0,2,3,4,1
8,20,4,0,1,0,3,3,0,11,1,1,1,0,0,1,0,7,8,12,1
12,15,3,0,1,0,3,3,0,3,1,1,1,0,2,6,0,8,8,13,1
4,12,2,1,1,0,3,0,0,7,1,1,1,1,0,0,5,0,0,7,1
10,19,0,0,1,0,3,3,0,1,1,1,1,0,0,0,5,0,0,0,1
15,15,4,0,0,0,3,0,0,0,1,1,0,0,2,0,5,0,0,4,1
5,18,4,0,1,0,3,1,0,5,1,1,1,7,0,1,0,5,2,4,1
14,23,2,1,1,0,3,3,0,5,1,1,1,0,2,0,5,0,0,13,1
11,15,4,1,1,0,3,0,0,2,1,1,1,7,2,1,5,4,0,2,1
13,11,4,0,0,0,3,1,0,15,1,1,0,0,2,1,5,0,0,0,1
9,3,3,1,1,3,1,3,1,14,1,1,1,7,2,1,0,6,10,7,1
13,15,4,1,1,0,3,0,0,11,1,1,1,0,2,1,0,4,6,6,1
1,18,4,0,1,4,3,0,1,2,1,1,1,5,0,1,0,1,3,3,1
6,11,4,0,1,0,3,3,0,5,1,1,1,0,0,1,0,6,3,10,1
1,18,4,0,1,0,3,0,0,2,1,1,1,5,0,1,0,4,3,5,1
3,20,4,1,1,0,3,3,0,9,1,1,1,7,0,3,5,1,0,2,1
14,20,4,0,1,0,3,0,0,0,1,1,1,7,2,1,0,8,5,14,1
9,20,4,1,1,0,3,3,0,12,1,1,1,0,0,1,0,6,8,10,0
15,16,4,0,1,0,3,0,0,15,1,1,1,0,2,0,5,0,0,0,0
14,18,0,0,1,0,3,3,0,8,1,1,1,7,2,1,0,6,6,11,1
1,15,4,0,1,0,3,0,0,2,1,1,1,5,0,1,5,2,0,4,1
13,19,0,1,1,4,3,1,0,8,1,1,1,0,2,1,0,6,5,11,1
13,20,4,1,1,3,3,3,1,2,1,1,1,0,2,1,0,6,4,5,1
9,15,0,0,1,4,3,0,1,8,1,1,1,0,0,1,0,6,6,6,1
0,18,4,1,1,3,3,0,1,2,1,1,1,5,0,9,2,0,0,0,1
2,17,4,1,1,0,3,0,0,16,1,1,1,1,0,1,0,3,1,2,1
8,18,0,1,1,3,3,0,1,8,1,1,1,7,0,1,0,2,3,3,1
12,17,0,0,1,0,3,1,0,1,1,1,1,8,2,1,5,0,0,0,1
5,17,0,1,1,0,3,0,0,1,1,1,1,7,0,1,0,4,1,6,1
5,18,4,0,1,0,3,0,0,2,1,1,1,0,0,6,5,4,0,3,1
1,18,2,0,1,0,3,0,0,2,1,1,1,0,0,3,5,2,0,1,1
11,15,0,0,1,0,3,0,0,8,1,1,1,0,2,1,0,6,5,8,1
7,17,0,1,1,0,3,1,0,0,1,1,1,0,0,3,5,4,0,1,1
11,20,0,0,1,4,3,0,1,0,1,1,1,5,2,6,0,8,0,13,0
12,15,4,1,0,2,3,0,0,3,1,1,0,0,2,1,5,0,0,6,1
8,20,0,1,1,0,3,0,0,1,1,1,1,7,0,1,0,6,8,10,1
10,20,4,1,1,0,3,1,0,5,1,1,1,0,0,1,0,6,3,10,1
3,14,4,1,0,0,3,0,0,2,1,1,0,0,0,0,5,0,0,5,0
15,20,0,0,1,3,3,0,1,0,1,1,1,5,2,1,0,6,4,12,1
13,15,0,0,1,0,3,0,0,0,1,1,1,1,2,1,0,9,3,14,1
4,20,4,1,1,0,3,0,0,2,1,1,1,5,0,1,0,4,4,1,1
6,20,4,0,1,3,3,0,1,11,1,1,1,5,0,1,0,7,3,11,1
6,20,0,0,1,3,0,3,1,0,1,1,1,0,0,5,3,6,9,12,0
10,19,0,1,1,3,3,0,1,1,1,1,1,0,0,1,0,6,3,7,1
11,11,4,0,1,0,3,0,0,5,1,1,1,0,2,1,2,8,0,6,1
6,17,4,0,0,0,3,1,0,16,1,1,0,0,0,1,5,5,0,3,0
3,18,4,0,1,0,3,0,0,2,1,1,1,5,0,1,0,4,4,3,1
9,20,4,1,1,0,3,1,0,12,1,1,1,0,0,3,0,6,6,11,1
2,17,0,0,1,3,3,0,0,11,1,1,1,0,0,1,0,9,5,11,0
2,18,4,0,1,0,3,3,0,2,1,1,1,0,0,1,2,4,0,4,1
11,15,0,0,1,0,3,1,0,1,1,1,1,8,2,3,1,4,0,6,1
2,18,4,0,1,0,3,0,0,15,1,1,1,0,0,0,5,0,0,0,1
14,18,0,1,1,3,3,0,1,0,1,1,1,7,2,1,0,6,11,11,1
15,19,4,1,1,3,3,0,1,2,1,1,1,0,2,1,0,6,1,5,1
2,17,4,1,1,0,3,0,0,2,1,1,1,0,0,2,0,1,4,4,1
14,15,4,1,1,0,3,0,0,0,1,1,1,0,2,1,0,5,6,5,1
14,23,0,0,1,3,3,0,1,0,1,1,1,5,2,1,0,6,6,14,1
1,15,4,1,0,0,3,0,0,2,1,1,0,1,0,0,5,0,0,0,1
14,15,0,1,1,0,3,0,0,1,1,1,1,1,2,5,2,0,0,2,1
7,15,4,0,1,0,3,0,0,2,1,1,1,0,0,1,0,6,4,8,1
3,20,4,1,1,0,3,0,0,12,1,1,1,0,0,2,0,1,3,2,0
2,15,0,1,1,0,3,0,0,1,1,1,1,0,0,3,0,1,4,2,1
14,21,0,0,1,3,3,0,1,0,1,1,1,5,2,1,0,6,5,14,1
6,13,4,1,1,4,3,0,1,0,1,1,1,0,0,1,5,0,0,0,0
4,18,4,0,1,4,3,0,1,16,1,1,1,7,0,1,5,6,0,3,0
12,20,4,0,1,3,3,0,1,11,1,1,1,5,2,4,0,6,8,11,1
8,15,0,0,0,0,3,0,0,1,1,1,1,0,0,1,0,6,4,4,1
2,15,4,1,1,0,3,1,0,2,1,1,1,0,0,1,5,0,0,0,0
14,11,0,1,1,4,3,0,1,1,1,1,1,0,2,6,5,0,0,0,1
1,18,4,0,1,0,3,0,0,2,1,1,1,0,0,0,5,0,0,0,0
10,20,4,0,1,0,3,0,0,12,1,1,1,5,0,1,1,6,0,10,0
3,18,4,1,1,0,3,3,0,4,1,1,1,5,0,1,0,1,1,5,1
13,20,4,1,1,0,3,3,0,12,1,1,1,0,2,3,0,6,4,11,1
7,20,4,0,1,3,3,0,1,2,1,1,1,5,0,1,0,6,10,11,1
7,20,4,0,1,3,3,0,1,2,1,1,1,5,0,1,0,4,6,2,1
5,23,4,0,1,0,3,0,0,2,1,1,1,0,0,1,0,6,8,13,1
11,18,4,0,1,0,3,0,0,2,1,1,1,0,2,1,0,4,11,9,1
14,22,4,1,1,0,3,3,0,5,1,1,1,0,2,2,0,9,4,13,1
14,21,0,1,1,0,3,0,0,1,1,1,1,0,2,1,0,6,2,13,1
15,15,0,0,1,4,3,0,1,0,1,1,1,7,2,1,0,6,6,9,1
8,15,0,0,1,4,3,0,1,8,1,1,1,7,0,0,5,0,0,0,1
10,20,4,0,1,2,3,0,0,0,1,1,1,5,0,1,0,6,3,14,1
5,20,4,1,1,0,3,1,0,2,1,1,1,8,0,1,5,1,0,1,1
15,20,0,1,1,4,3,3,1,1,1,1,1,5,2,1,0,6,7,8,0
2,18,4,1,1,0,3,3,0,2,1,1,1,7,0,1,0,8,2,7,1
9,18,4,1,1,0,3,0,0,2,1,1,1,5,0,1,0,2,7,3,1
7,15,4,0,1,0,0,0,0,16,1,1,1,0,0,5,3,6,10,6,1
8,20,4,0,1,0,3,3,0,0,1,1,1,0,0,1,0,8,6,13,0
13,21,0,0,1,4,3,0,1,1,1,1,1,0,2,1,1,9,0,13,0
3,21,4,1,1,0,3,1,0,2,1,1,1,5,0,2,0,3,8,14,1
2,15,4,0,1,0,0,0,0,16,1,1,1,1,0,5,3,9,1,7,1
6,18,4,0,1,0,3,0,0,2,1,1,1,0,0,2,0,6,3,12,1
13,20,4,0,0,0,3,3,0,2,1,1,0,0,2,2,0,6,3,13,1
8,20,4,1,1,3,3,0,1,0,1,1,1,5,0,1,0,6,8,13,1
14,21,4,1,1,4,3,0,1,0,1,1,1,0,2,1,0,6,4,13,1
11,21,0,1,1,0,3,0,0,0,1,1,1,0,2,1,2,2,0,5,0
13,23,4,1,1,0,3,3,0,5,1,1,1,5,2,1,0,8,9,6,0
5,19,4,0,1,0,3,1,0,15,1,1,1,0,0,1,5,3,0,1,1
14,17,0,0,1,0,3,0,0,8,1,1,1,5,2,1,0,6,6,11,1
15,15,4,0,1,4,3,0,1,10,1,1,1,0,2,1,0,8,10,10,1
11,18,4,0,1,0,3,0,0,11,1,1,1,2,2,1,0,6,2,11,1
14,12,4,0,1,0,3,0,0,12,1,1,1,7,2,1,0,6,11,9,1
13,18,0,1,1,0,3,0,0,0,1,1,1,0,2,2,0,6,8,9,1
0,17,4,0,1,0,3,1,0,2,1,1,1,8,0,1,0,2,4,3,0
6,18,0,0,1,0,3,0,0,2,1,1,1,0,0,1,0,6,5,10,1
7,20,4,1,1,0,3,0,0,2,1,1,1,0,0,1,0,6,6,13,1
0,18,4,1,1,0,3,0,0,2,1,1,1,5,0,2,0,1,1,1,1
7,15,4,1,1,0,3,3,0,4,1,1,1,0,0,1,0,6,6,4,1
7,15,4,1,1,0,3,1,0,7,1,1,1,0,0,1,0,6,6,9,1
1,14,4,0,1,0,3,3,0,2,1,1,1,0,0,0,5,0,0,0,1
9,15,0,0,1,0,3,0,0,2,1,1,1,7,0,1,5,4,0,4,1
5,20,4,1,1,0,3,1,0,12,1,1,1,0,0,6,0,2,7,5,1
6,18,0,1,1,0,3,1,0,0,1,1,1,0,0,2,0,3,5,10,1
12,18,4,0,1,0,3,3,0,0,1,1,1,8,2,2,0,8,10,13,1
15,20,4,0,1,0,3,1,0,0,1,1,1,0,2,1,0,7,6,14,0
10,15,2,0,1,0,3,1,0,2,1,1,1,0,0,1,0,6,8,11,1
9,17,4,0,1,3,3,0,1,2,1,1,1,7,0,1,0,6,6,9,1
9,21,0,1,1,4,3,0,1,1,1,1,1,0,0,1,1,6,0,12,1
15,20,0,1,1,0,3,0,0,0,1,1,1,0,2,4,0,9,4,11,1
1,17,4,0,1,0,3,1,0,2,1,1,1,0,0,1,0,4,4,3,1
4,12,4,1,0,2,3,3,0,0,1,1,0,2,0,1,5,0,0,0,0
14,15,0,1,1,4,3,0,1,8,1,1,1,7,2,0,5,0,0,0,1
10,21,4,0,1,0,3,1,0,0,1,1,1,8,0,1,0,8,2,7,1
7,21,0,1,1,0,3,0,0,1,1,1,1,0,0,4,0,5,6,3,1
7,15,4,1,1,0,3,0,0,2,1,1,1,5,0,0,5,0,0,4,1
11,20,4,0,1,0,3,1,0,0,1,1,1,0,2,1,0,6,8,13,0
5,15,4,0,1,0,3,0,0,0,1,1,1,7,0,1,0,6,1,6,1
5,19,0,1,1,0,3,3,0,8,1,1,1,7,0,4,0,2,3,3,0
15,18,4,1,1,0,3,3,0,2,1,1,1,7,2,1,0,6,1,5,1
4,21,4,1,1,0,1,1,0,14,1,1,1,0,2,0,5,0,0,7,0
11,15,4,0,1,0,0,0,0,7,1,1,1,0,2,5,3,6,11,9,1
2,22,4,1,1,0,3,1,0,7,1,1,1,0,0,1,0,6,6,10,1
12,15,2,1,1,0,3,0,0,9,1,1,1,0,2,1,0,6,2,10,1
15,19,0,1,1,0,3,0,0,1,1,1,1,0,2,2,0,6,8,12,1
13,21,4,1,1,0,3,0,0,0,1,1,1,0,2,1,0,7,8,13,0
14,19,0,1,1,0,3,0,0,0,1,1,1,0,2,1,5,0,0,0,1
3,14,4,0,1,0,3,3,0,14,1,1,1,0,0,1,0,2,8,5,1
3,19,4,0,1,0,3,1,0,12,1,1,1,0,0,1,0,6,3,9,1
9,15,4,0,0,0,3,1,0,2,0,1,1,0,0,1,0,4,9,7,1
12,18,3,0,1,0,3,3,0,1,1,1,1,0,2,7,0,5,3,4,1
2,18,4,1,1,2,3,3,0,2,1,1,1,0,0,9,2,0,0,0,1
0,15,4,0,1,0,3,1,0,2,1,1,1,0,0,1,0,8,6,6,1
0,18,4,0,1,0,3,0,0,2,1,1,1,7,0,2,0,1,2,2,1
1,18,4,0,1,0,3,0,0,2,1,1,1,7,0,1,0,6,2,10,1
6,18,4,0,1,2,3,3,0,2,1,1,1,7,0,1,0,5,8,8,1
14,21,0,1,1,4,3,1,0,1,1,1,1,0,2,7,0,9,5,14,1
13,0,4,1,1,4,3,3,1,0,1,1,1,0,2,4,0,2,1,6,1
15,19,4,0,1,4,3,0,1,9,1,1,1,0,2,1,0,6,6,9,1
13,18,0,1,1,0,3,0,0,0,1,1,1,7,2,1,1,9,0,11,1
4,19,4,1,1,0,3,1,0,0,1,1,1,0,0,1,5,0,0,0,0
6,15,4,1,1,0,3,0,0,2,1,1,1,0,0,1,0,3,4,8,1
0,18,4,1,1,0,3,1,0,11,1,1,1,0,0,0,5,0,0,0,1
8,20,4,0,1,0,3,1,0,2,1,1,1,0,0,2,5,0,0,0,1
15,17,4,0,1,0,3,0,0,2,1,1,1,7,2,1,5,6,0,2,1
2,18,4,1,1,0,3,1,0,2,1,1,1,8,0,1,0,1,8,5,1
8,21,4,1,1,0,3,0,0,5,1,1,1,7,0,1,0,6,2,8,1
13,18,0,1,1,0,3,0,0,0,1,1,1,0,2,0,5,0,0,0,1
6,18,4,0,1,2,3,3,0,2,1,1,1,0,0,1,0,4,6,6,1
5,0,4,0,1,2,3,3,0,2,1,1,1,0,0,1,0,6,4,6,1
5,17,3,1,0,0,3,3,0,0,1,1,0,0,2,1,0,3,2,6,1
6,15,4,0,1,0,3,0,0,0,1,1,1,0,0,1,0,8,1,6,1
7,19,4,1,1,0,3,1,0,0,1,1,0,8,0,1,0,6,7,12,1
13,20,4,1,1,0,3,0,0,0,1,1,1,1,2,2,0,1,2,7,1
3,20,4,0,1,4,3,0,1,14,1,1,1,5,0,0,5,0,0,0,1
7,21,4,1,1,0,3,0,0,0,1,1,1,0,0,2,0,6,1,13,0
2,18,4,1,1,0,3,0,0,2,1,1,1,8,0,1,0,2,1,4,1
13,19,4,0,1,0,3,1,0,0,1,1,1,0,2,1,0,6,6,7,0
12,20,0,0,1,3,3,0,1,2,1,1,1,5,2,1,2,0,0,0,1
1,18,4,1,1,0,3,1,0,2,1,1,1,0,0,1,5,1,0,4,1
11,20,4,0,1,0,3,0,0,0,1,1,1,0,2,1,0,6,2,13,1
13,17,4,1,0,0,3,3,0,2,1,1,0,5,2,0,5,0,0,5,1
14,19,0,1,1,0,3,1,0,1,1,1,1,1,2,5,0,6,3,11,1
5,20,4,1,1,0,3,0,0,0,1,1,1,0,0,4,5,6,0,4,0
7,15,4,0,1,0,3,0,0,2,1,1,1,0,0,1,0,6,4,8,1
13,21,0,1,1,3,3,3,1,1,1,1,1,5,2,2,0,9,8,14,1
3,18,4,1,1,0,3,0,0,0,1,1,1,0,0,1,5,0,0,0,1
11,20,0,1,1,0,3,0,0,0,1,1,1,0,2,2,0,6,11,13,1
0,17,4,1,1,0,3,0,0,2,1,1,1,0,0,1,0,1,2,3,1
15,15,0,1,1,4,3,0,1,0,1,1,1,0,2,1,0,4,3,5,1
7,20,0,1,1,0,3,0,0,0,1,1,1,5,0,0,5,0,0,0,1
0,15,4,1,0,0,3,3,0,6,1,1,0,8,0,3,0,6,2,6,1
3,18,4,0,1,0,3,1,0,2,1,1,1,0,0,1,0,6,6,2,1
8,20,4,1,1,0,3,1,0,0,1,1,1,5,0,3,0,6,11,11,1
2,16,4,0,1,4,3,0,1,2,1,1,1,5,0,1,0,3,6,5,1
14,17,4,0,1,0,3,3,0,2,1,1,1,0,2,6,0,6,6,9,1
3,18,4,0,1,0,3,0,0,2,1,1,1,7,0,1,0,5,6,4,1
12,2,0,1,1,3,3,0,1,3,1,1,1,7,2,0,5,0,0,4,0
8,19,4,0,1,4,3,0,1,0,1,1,1,0,0,1,0,8,3,7,1
8,18,4,1,1,0,3,0,0,5,1,1,1,7,0,1,0,6,6,10,1
7,20,0,0,1,0,3,1,0,1,1,1,1,0,0,1,0,6,6,11,0
10,20,4,1,1,0,3,3,0,0,1,1,1,0,0,1,2,6,0,14,0
2,16,4,1,1,4,3,0,1,11,1,1,1,0,0,1,0,7,10,0,1
5,18,4,0,1,0,3,0,0,2,1,1,1,0,0,1,0,8,11,6,1
3,18,4,1,0,0,3,1,0,0,1,0,1,0,0,9,2,0,0,0,1
14,20,4,0,1,0,3,0,0,0,1,1,1,5,2,1,0,7,11,14,0
0,15,4,1,1,0,3,1,0,2,1,1,1,8,0,1,0,2,3,6,1
14,20,4,0,1,0,3,0,0,0,1,1,1,5,0,2,0,5,8,13,0
11,15,0,1,1,0,3,0,0,1,1,1,1,0,2,1,0,4,4,8,1
15,19,0,0,1,0,3,0,0,1,1,1,1,0,2,1,0,5,8,12,1
6,18,4,0,1,0,3,0,0,2,1,1,1,1,0,1,0,2,2,4,1
11,18,2,1,0,3,3,0,1,1,1,1,0,7,1,1,1,9,0,2,1
9,18,4,1,0,0,3,1,0,2,1,1,0,0,0,1,5,0,0,4,1
8,18,0,0,1,0,3,2,0,8,1,1,1,0,0,1,0,6,3,11,1
1,18,4,1,1,0,3,0,0,2,1,1,1,0,0,2,0,1,6,3,1
2,20,4,1,1,0,3,1,0,2,1,1,1,8,0,1,2,2,0,0,1
4,20,4,1,1,4,3,0,1,9,1,1,1,5,0,0,5,0,0,0,1
11,17,4,0,1,0,3,1,0,2,1,1,1,0,2,4,0,1,1,5,1
8,20,4,0,1,4,3,0,1,2,1,1,1,5,0,1,0,6,4,6,0
11,19,0,0,1,0,0,3,0,0,1,1,1,5,2,0,5,8,0,12,0
10,18,4,1,1,3,3,0,1,11,1,1,1,5,0,1,5,0,0,0,0
9,16,4,1,1,0,3,0,0,2,1,1,1,0,0,0,5,0,0,0,1
0,15,4,0,1,4,3,0,1,9,1,1,1,0,0,0,5,0,0,0,1
4,20,4,1,1,0,3,0,0,11,1,1,1,0,0,0,5,0,0,0,0
5,15,4,1,0,0,3,0,0,2,1,0,1,0,0,0,5,0,0,4,1
7,15,4,0,1,0,3,1,0,5,1,1,1,8,0,1,0,3,6,5,0
6,17,4,0,1,0,3,0,0,2,1,1,1,0,0,2,0,6,11,10,1
9,20,0,1,1,4,3,0,1,1,1,1,1,7,0,1,0,6,6,13,1
4,20,0,1,1,0,3,1,0,0,1,1,1,0,0,0,5,0,0,0,1
10,21,0,1,1,0,3,1,0,1,1,1,1,0,0,1,0,6,3,14,1
7,18,4,0,1,0,0,3,0,11,1,1,1,0,0,5,3,9,3,12,0
8,15,4,0,1,0,3,0,0,2,1,1,1,0,0,1,0,6,8,11,1
2,20,4,0,1,2,3,1,0,2,1,1,1,1,0,1,0,2,3,1,1
14,18,4,0,1,0,3,0,0,2,1,1,1,0,2,1,1,6,0,12,1
13,19,0,1,1,4,3,0,1,0,1,1,1,5,2,1,0,6,6,12,1
7,19,4,1,1,4,3,3,1,0,1,1,1,0,0,1,0,3,8,6,1
4,18,4,0,1,0,3,3,0,2,1,1,1,0,0,3,2,0,0,5,1
0,15,4,1,1,0,3,3,0,2,1,1,1,0,0,0,5,0,0,0,1
6,16,4,0,1,0,3,3,0,2,1,1,1,0,0,1,0,3,2,5,1
1,15,4,0,1,0,3,1,0,2,1,1,1,0,0,1,0,4,4,6,1
6,20,0,1,1,0,3,0,0,3,1,1,1,0,0,2,0,6,1,10,1
9,20,4,0,1,3,3,0,1,15,1,1,1,5,0,4,5,0,0,0,1
3,17,3,1,1,0,3,3,0,0,1,1,1,7,2,1,0,1,2,6,1
14,20,4,0,1,0,3,0,0,12,1,1,1,0,2,1,1,6,0,9,1
14,21,4,1,1,4,3,0,1,0,1,1,1,5,2,1,0,6,8,14,1
7,4,2,0,0,4,3,3,1,14,1,1,0,7,1,3,1,9,3,10,1
2,15,4,0,1,4,3,1,1,5,1,1,1,8,0,1,0,3,6,4,1
6,18,4,0,1,0,3,1,0,5,1,1,1,0,0,1,0,8,4,10,1
8,15,4,1,1,4,3,3,1,7,1,1,1,7,0,1,0,2,3,2,1
15,22,4,1,1,4,3,3,1,0,1,1,1,0,2,1,0,6,9,14,1
13,15,0,0,1,0,3,1,0,0,1,1,1,0,2,3,0,6,7,12,1
5,18,4,0,1,0,3,0,0,12,1,1,1,0,0,1,2,6,0,9,1
7,18,4,1,1,0,3,1,0,2,1,1,1,0,0,1,0,6,8,9,1
15,19,0,0,1,0,3,3,0,0,1,1,1,0,2,0,5,0,0,0,1
10,15,4,1,0,2,3,1,0,4,0,1,0,2,0,1,0,4,8,5,1
14,13,4,0,1,0,3,1,0,2,1,1,1,0,2,1,2,0,0,5,1
4,15,4,0,1,0,3,3,0,4,1,1,1,0,0,6,0,6,8,7,0
5,20,4,1,1,2,3,1,0,2,1,1,1,0,0,1,5,0,0,0,0
10,15,2,1,1,0,3,1,0,12,1,1,1,0,0,1,0,6,3,8,0
5,20,4,1,1,0,3,1,0,0,1,1,1,0,0,1,0,5,2,4,0
3,20,4,1,1,0,3,0,0,2,1,1,1,0,0,3,0,1,4,2,1
11,23,0,0,1,3,3,3,1,1,1,1,1,0,2,1,0,6,6,13,1
10,18,0,1,1,0,3,0,0,1,1,1,1,7,0,7,1,7,0,9,1
12,21,0,1,1,0,3,2,0,1,1,1,1,8,2,1,0,6,3,12,1
2,15,4,0,1,2,3,3,0,2,1,1,1,7,0,1,0,2,10,2,1
2,17,4,1,1,0,3,1,0,0,1,1,1,7,0,1,5,4,0,2,1
8,20,4,0,1,0,3,3,0,12,1,1,1,0,0,1,2,8,0,6,1
9,20,0,1,1,0,3,0,0,1,1,1,1,0,0,3,0,6,2,12,1
2,18,4,0,1,0,3,1,0,7,1,1,1,8,0,1,5,0,0,0,1
10,18,0,0,1,4,3,3,1,0,1,1,1,1,0,0,5,0,0,0,0
15,15,0,0,1,0,1,1,0,0,1,1,1,0,2,1,0,6,8,13,1
10,20,0,1,1,3,3,0,1,1,1,1,1,0,0,1,0,6,11,9,0
5,20,0,1,1,0,3,0,0,1,1,1,1,0,0,1,0,6,1,10,1
6,14,4,0,1,0,3,3,0,2,1,1,1,8,0,1,0,6,10,7,1
10,20,4,0,1,0,3,1,0,0,1,1,1,0,0,1,0,6,8,14,1
9,18,4,1,1,0,3,0,0,11,1,1,1,2,0,3,0,6,7,5,1
1,18,0,0,1,0,3,0,0,1,1,1,1,5,0,7,0,6,1,13,1
13,8,0,0,1,4,3,0,1,9,1,1,1,0,2,1,0,6,5,8,1
5,18,4,0,1,0,3,1,0,11,1,1,1,0,0,1,0,6,5,6,0
6,18,4,0,1,0,3,1,0,0,1,1,1,0,0,2,0,4,2,7,1
9,20,4,1,1,0,3,0,0,2,1,1,1,0,0,1,0,6,10,13,1
13,20,0,0,1,4,3,0,1,1,1,1,1,5,2,0,5,0,0,0,1
11,23,4,1,1,4,3,0,1,0,1,1,1,5,2,1,0,6,11,14,0
1,18,4,0,1,3,3,1,1,2,1,1,1,0,0,1,0,1,6,1,1
7,20,4,1,1,2,3,3,0,2,1,1,1,5,0,1,5,0,0,0,1
8,15,0,1,1,4,3,0,1,1,1,1,1,0,0,1,0,6,2,5,1
2,15,0,0,1,0,3,0,0,0,1,1,1,0,0,1,0,7,2,14,1
8,15,4,0,1,0,3,0,0,7,1,1,1,7,0,1,0,5,11,5,0
9,16,4,0,1,0,3,0,0,0,1,1,1,0,0,1,0,7,6,13,1
7,15,0,0,1,0,3,0,0,0,1,1,1,7,0,4,0,6,2,5,1
13,23,0,0,1,4,3,0,1,0,1,1,1,5,2,1,0,6,6,14,1
14,19,4,1,1,0,3,1,0,0,1,1,1,0,2,2,0,2,0,4,1
11,19,4,1,1,0,3,0,0,0,1,1,1,0,2,3,0,3,2,4,1
15,9,4,0,1,0,3,1,0,12,1,1,1,1,2,2,0,1,1,4,1
0,13,4,1,1,0,3,0,0,2,1,1,1,0,0,0,5,0,0,0,1
15,9,0,0,1,0,3,1,0,9,1,1,1,7,2,2,0,4,5,4,0
0,18,4,1,1,0,3,0,0,2,1,1,1,7,0,1,2,1,0,2,1
6,20,4,1,1,4,3,0,1,5,1,1,1,0,0,1,0,6,4,9,1
9,20,4,0,1,0,3,1,0,0,1,1,1,0,0,1,0,6,5,14,1
15,18,0,1,1,4,3,1,1,1,1,0,1,0,2,6,0,6,0,11,0
9,14,0,0,0,0,3,0,1,9,1,1,0,8,0,0,5,0,0,0,0
13,7,4,0,1,0,3,0,0,11,1,1,1,7,2,2,0,2,3,7,1
3,19,3,1,1,1,3,3,1,1,1,1,0,7,1,6,0,2,3,2,1
8,18,4,0,1,0,3,1,0,2,1,1,1,0,0,1,0,6,8,5,1
9,20,4,0,1,0,3,0,0,0,1,1,1,0,0,1,0,9,11,13,1
13,21,4,1,1,3,3,0,1,2,1,1,1,5,2,9,2,0,0,0,1
7,16,4,1,1,0,3,0,0,0,1,1,1,0,0,1,5,6,0,4,0
7,15,0,0,1,0,3,1,0,2,1,1,1,0,0,1,0,6,3,2,1
4,20,4,1,1,0,3,0,0,2,1,1,1,0,0,1,0,1,8,1,1
9,13,4,0,1,0,3,1,0,2,1,1,1,0,0,6,0,5,2,13,1
3,15,4,0,0,0,3,1,0,2,1,1,0,0,0,1,1,2,0,4,1
9,21,4,1,1,0,3,0,0,2,1,1,1,1,0,6,0,2,11,3,1
12,20,0,0,1,0,3,3,0,1,1,1,1,0,2,1,0,6,2,14,1
11,20,4,0,1,3,3,0,1,2,1,1,1,5,2,1,0,6,6,6,1
8,20,0,1,1,0,3,1,0,0,1,1,1,8,0,0,5,0,0,0,1
12,15,4,1,1,0,3,0,0,0,1,1,1,0,2,1,0,6,6,11,1
10,8,1,1,1,3,3,1,1,4,1,1,1,1,0,1,1,3,2,7,1
11,21,0,1,1,3,3,0,1,1,1,1,1,0,2,1,0,6,4,9,1
2,17,4,0,1,0,3,0,0,2,1,1,1,0,0,1,0,6,6,4,0
7,15,4,1,0,0,3,0,0,3,1,0,1,0,0,1,5,4,0,2,1
0,16,4,0,1,0,3,3,0,2,1,1,1,7,0,0,5,0,0,0,1
3,15,4,0,1,0,1,0,0,0,1,1,1,0,0,5,0,9,3,9,1
3,17,4,0,1,0,3,1,0,0,1,1,1,7,0,1,0,8,2,8,1
2,18,4,0,1,4,3,0,1,16,1,1,1,2,0,6,5,0,0,0,1
4,0,4,1,1,0,3,0,0,2,1,1,1,5,0,0,5,0,0,1,1
10,17,3,1,1,0,3,0,0,0,1,1,1,0,0,0,5,0,0,4,1
2,18,4,1,1,0,3,3,0,4,1,1,1,7,0,0,5,0,0,0,1
11,15,4,0,1,3,3,0,1,12,1,1,1,7,2,1,0,8,6,8,1
9,15,4,1,1,0,3,3,0,12,1,1,1,7,0,1,0,6,3,10,0
4,20,4,1,1,0,3,1,0,0,1,1,1,0,0,1,0,8,3,6,1
7,19,4,0,1,0,3,0,0,12,1,1,1,0,0,1,0,9,10,9,0
13,20,0,1,1,0,3,3,0,0,1,1,1,0,2,2,0,6,8,12,0
0,13,4,0,1,0,3,0,0,2,1,1,1,0,0,1,2,0,0,0,0
9,18,4,0,1,0,3,3,0,11,1,1,1,7,0,1,0,6,6,11,1
2,18,4,0,1,3,3,0,1,15,1,1,1,5,0,0,5,0,0,0,1
6,18,4,1,1,0,3,0,0,2,1,1,1,0,0,1,0,5,6,6,1
11,20,4,0,1,0,3,1,0,0,1,1,1,0,2,1,0,7,8,11,1
14,20,4,0,1,0,3,0,0,2,1,1,1,1,0,2,0,6,8,13,1
4,19,4,1,1,4,3,3,1,2,1,1,1,0,0,1,0,6,0,9,1
1,18,4,0,1,0,3,3,0,16,1,1,1,5,0,4,5,2,0,2,1
6,20,4,1,1,0,3,0,0,2,1,1,1,0,0,1,0,6,3,9,1
14,22,4,1,1,0,3,1,0,0,1,1,1,8,0,2,0,5,0,8,0
9,21,4,1,1,4,3,0,1,0,1,1,1,7,0,1,0,5,9,13,1
11,15,4,0,1,0,3,0,0,0,1,1,1,0,2,1,0,6,8,5,1
3,20,4,1,1,0,3,0,0,2,1,1,1,1,0,2,0,1,6,2,1
0,13,4,0,0,0,3,0,0,16,1,1,0,1,0,0,5,0,0,2,0
8,21,4,1,1,0,3,0,0,2,1,1,1,0,0,1,0,2,11,3,1
5,20,4,1,1,0,3,0,0,12,1,1,1,5,0,1,0,3,6,5,1
13,21,4,1,1,0,3,3,0,0,1,1,1,0,2,1,0,6,3,13,1
14,18,4,1,1,0,3,0,0,2,1,1,1,0,2,1,0,5,3,7,1
15,23,4,1,1,0,3,0,0,10,1,1,1,5,2,1,0,6,7,10,0
4,12,4,0,1,0,3,0,0,2,1,1,1,0,0,0,5,0,0,4,1
14,20,0,1,1,4,3,0,1,0,1,1,1,7,2,1,0,7,11,13,1
10,20,4,1,1,0,3,3,0,11,1,1,1,0,0,1,0,1,1,3,0
10,21,0,1,1,3,3,0,1,0,1,1,1,0,0,1,0,7,6,14,0
9,15,0,1,1,4,3,0,1,1,1,1,1,0,0,0,5,0,0,0,0
15,18,0,1,1,0,3,0,0,0,1,1,1,0,2,2,5,4,0,3,0
14,15,4,0,1,0,3,0,0,5,1,1,1,0,2,1,0,6,6,6,1
7,20,0,0,1,4,3,3,1,1,1,1,1,0,0,1,0,6,8,9,0
11,20,0,1,1,0,3,0,0,0,1,1,1,5,2,0,5,0,0,0,1
13,18,0,0,1,3,3,0,1,8,1,1,1,5,2,3,0,6,3,11,1
6,20,4,1,0,0,3,3,0,11,1,1,0,7,2,5,4,6,0,6,0
8,19,4,1,1,0,3,0,0,12,1,1,1,7,0,2,0,6,6,10,0
1,18,4,1,1,0,3,0,0,2,1,1,1,0,0,0,5,0,0,0,1
9,20,4,1,1,3,3,0,1,2,1,1,1,0,0,6,0,2,9,4,1
15,21,4,0,1,0,3,1,0,0,1,1,1,0,2,1,0,6,1,13,0
11,21,0,0,1,0,3,1,0,0,1,1,1,0,2,1,0,9,8,14,1
8,18,4,0,1,0,3,0,0,0,1,1,1,5,0,1,0,6,7,9,0
8,20,0,1,1,0,3,0,0,0,1,1,1,0,0,2,0,9,4,13,1
12,18,0,1,1,0,3,0,0,1,1,1,1,0,2,1,0,1,11,3,1
12,18,0,0,1,4,3,0,1,8,1,1,1,5,2,1,0,1,4,3,1
1,15,4,0,1,0,3,1,0,7,1,1,1,1,0,1,0,5,3,4,1
7,15,4,0,1,0,3,0,0,2,1,1,1,5,0,1,2,6,0,8,1
12,2,0,1,1,3,3,0,1,3,1,1,1,7,2,2,0,6,2,6,1
2,16,4,0,1,0,3,0,0,16,1,1,1,5,0,1,5,6,0,4,1
8,18,4,0,0,0,3,0,0,2,1,1,1,5,0,0,5,0,0,10,1
11,16,4,0,1,0,3,0,0,11,1,1,1,2,2,1,0,7,7,13,1
14,20,4,0,1,0,3,1,0,0,1,1,1,5,2,7,0,9,10,14,1
6,20,4,1,1,0,3,1,0,0,1,1,1,0,0,4,2,2,0,4,0
4,13,4,0,1,0,3,0,0,2,1,1,1,1,0,6,5,0,0,0,1
15,20,2,0,1,0,3,1,0,0,1,1,1,0,2,3,0,9,8,12,1
13,15,4,0,1,0,3,0,0,2,1,1,1,0,2,1,0,2,2,6,1
0,16,4,0,1,0,3,0,0,16,1,1,1,0,0,1,5,1,0,2,0
6,20,4,1,1,0,3,0,0,11,1,1,1,1,0,1,5,6,0,3,0
12,19,4,1,1,0,3,0,0,16,1,1,1,1,0,6,0,4,5,8,1
11,15,4,0,1,0,3,0,0,11,1,1,1,7,2,1,0,6,3,11,1
9,15,4,0,1,0,3,0,0,5,1,1,1,0,0,1,2,6,0,6,1
0,15,4,0,1,4,3,3,1,2,1,1,1,0,0,1,5,1,0,1,1
14,20,4,0,1,0,3,3,0,12,1,1,1,0,2,1,0,6,4,13,0
10,20,4,1,1,0,3,2,0,0,1,1,1,0,0,1,0,6,10,10,0
10,20,0,1,1,0,3,3,0,1,1,1,1,0,0,1,0,6,7,9,1
5,20,4,1,1,4,3,3,1,11,1,1,1,5,0,0,5,0,0,0,1
15,15,0,0,1,0,3,1,0,0,1,1,1,0,2,1,0,7,3,12,1
6,18,4,0,1,0,3,3,0,14,1,1,1,0,0,1,0,4,6,9,0
1,18,4,0,1,0,3,0,0,2,1,1,1,7,0,0,5,0,0,0,0
7,20,0,0,1,4,3,0,1,2,1,1,1,0,0,1,0,6,11,12,1
1,18,4,1,1,0,3,0,0,16,1,1,1,0,0,1,0,1,6,2,1
7,20,0,0,1,3,3,3,1,0,1,1,1,5,0,1,0,6,1,9,0
12,18,4,0,1,0,3,0,0,2,1,1,1,0,2,1,5,0,0,2,1
9,18,0,0,1,0,3,0,0,0,1,1,1,7,0,1,0,6,4,8,1
12,18,4,0,1,0,3,0,0,2,1,1,1,1,2,1,0,6,3,11,1
11,21,0,0,1,4,3,0,1,14,1,1,1,5,2,1,0,6,8,14,1
6,20,4,0,1,0,3,0,0,5,1,1,1,0,0,1,2,1,0,2,0
5,18,0,0,1,0,3,1,0,0,1,1,1,0,0,1,0,7,2,11,1
3,18,4,0,1,0,3,3,0,14,1,1,1,0,0,1,0,6,5,10,1
13,18,4,0,1,0,3,0,0,0,1,1,1,0,2,2,0,6,8,12,1
7,20,4,1,1,4,3,1,0,11,1,1,1,0,0,2,0,8,2,11,1
1,18,4,1,1,4,3,0,1,16,1,1,1,5,0,1,5,1,0,2,0
6,20,4,1,1,0,3,0,0,12,1,1,1,1,0,2,0,3,0,9,0
1,18,4,0,0,0,0,1,0,16,1,1,0,0,0,5,3,2,1,3,0
6,11,4,1,1,4,3,0,1,11,1,1,1,0,0,0,5,0,0,0,1
1,15,4,1,1,4,3,0,1,2,1,1,1,0,0,0,5,0,0,5,1
14,15,4,0,1,4,3,0,1,12,1,1,1,7,2,1,0,6,4,9,0
15,19,0,1,1,0,3,1,0,0,1,1,1,0,2,0,5,0,0,0,1
11,15,4,1,1,0,3,1,0,2,1,1,1,0,2,1,0,6,8,5,1
10,21,0,1,1,0,3,1,0,1,1,1,1,0,0,1,0,6,10,12,1
10,21,4,1,1,0,3,0,0,0,1,1,1,0,0,1,0,6,4,14,0
11,15,4,1,1,0,3,0,0,2,1,1,1,5,2,0,5,0,0,3,1
1,15,4,1,1,0,3,0,0,2,1,1,1,0,0,1,0,6,6,5,1
11,18,0,0,1,4,3,0,1,8,1,1,1,0,2,1,0,6,6,11,1
1,19,4,1,1,0,3,0,0,2,1,1,1,0,0,1,0,5,2,5,1
1,18,0,1,1,0,3,3,0,9,1,1,1,0,0,0,5,0,0,0,1
15,13,4,1,0,0,3,0,0,2,1,1,0,0,2,1,5,0,0,5,1
7,17,0,0,1,0,3,1,0,0,1,1,1,8,0,1,0,6,1,13,0
6,18,0,0,1,0,3,1,0,0,1,1,1,0,0,1,0,9,11,14,0
2,18,4,1,1,2,3,1,0,2,1,1,1,0,0,1,0,2,6,3,1
5,15,4,0,1,0,3,1,0,2,1,1,1,0,0,1,5,6,0,6,1
2,18,4,1,1,0,3,1,0,0,1,1,1,8,0,1,0,6,2,7,0
7,14,4,0,1,0,3,2,0,5,1,1,1,8,0,1,0,6,10,6,0
1,18,4,0,1,0,3,1,0,2,1,1,1,0,0,1,0,5,6,6,1
10,15,4,0,1,0,3,0,0,2,1,1,1,0,0,1,2,0,0,0,0
6,15,4,0,1,0,3,3,0,0,1,1,1,1,0,1,0,5,3,10,1
5,18,4,1,1,0,3,3,0,11,1,1,1,0,0,1,0,2,10,3,1
7,22,4,1,1,0,3,1,0,7,1,1,1,0,0,1,0,9,6,10,1
13,19,0,1,1,0,3,0,0,2,1,1,1,5,2,1,0,4,3,5,1
11,15,0,1,1,4,3,0,1,1,1,1,1,0,2,1,0,6,3,12,1
1,18,4,0,1,4,3,3,1,16,1,1,1,5,0,0,5,0,0,0,0
10,16,4,1,1,0,3,1,0,4,1,1,1,0,0,1,0,5,6,7,1
3,18,4,1,1,0,3,3,0,11,1,1,1,2,0,1,0,6,2,5,1
9,21,0,1,1,0,3,1,0,0,1,1,1,5,0,1,0,7,0,14,1
2,18,4,1,1,0,3,0,0,16,1,1,1,7,0,1,5,4,0,5,0
6,20,0,0,1,3,3,0,1,0,1,1,1,5,0,1,0,6,8,14,1
14,19,0,0,1,0,3,0,0,1,1,1,1,4,2,3,0,5,8,4,1
7,18,0,1,1,0,3,0,0,1,1,1,1,0,0,6,5,0,0,0,0
13,22,0,0,1,0,3,1,0,1,1,1,1,8,2,7,1,9,0,13,1
10,18,0,0,1,0,1,0,0,8,1,1,1,0,0,5,1,7,0,0,1
4,19,4,0,1,0,3,3,0,2,1,1,1,0,0,1,0,6,6,5,1
13,18,4,0,1,0,3,1,0,2,1,1,1,8,2,1,0,1,2,2,1
11,14,0,0,1,4,3,0,1,0,1,1,1,5,2,1,0,6,8,14,1
2,18,4,0,1,0,3,0,0,11,1,1,1,0,0,4,0,8,2,11,0
2,15,4,0,0,0,3,0,0,2,1,1,1,0,0,1,0,6,6,5,1
8,20,4,0,1,0,3,1,0,2,1,1,1,0,0,1,0,7,2,13,1
4,17,4,0,1,0,3,3,0,11,1,1,1,5,0,1,0,7,2,8,1
9,17,0,1,1,0,3,0,0,1,1,1,1,7,0,1,0,7,4,12,1
3,15,4,0,1,4,3,0,1,2,1,1,1,0,0,1,0,1,3,6,1
12,18,0,0,1,3,3,0,1,0,1,1,1,7,2,6,1,6,0,11,1
7,17,0,0,1,0,3,1,0,1,1,1,1,0,2,3,0,6,11,6,0
10,0,4,1,1,4,3,3,1,10,1,1,1,0,0,1,0,8,3,11,1
9,15,4,1,1,0,3,1,0,2,1,1,1,8,0,3,5,0,0,0,1
8,15,4,1,1,0,3,0,0,7,1,1,1,0,0,1,0,6,1,8,1
10,14,0,1,1,4,3,0,1,0,1,1,1,0,0,0,5,0,0,4,1
7,19,4,1,1,0,3,0,0,16,1,1,1,0,0,6,0,1,0,2,1
4,15,4,1,1,0,3,1,0,2,1,1,1,7,0,1,0,4,2,5,1
8,19,0,1,1,0,3,0,0,0,1,1,1,0,0,2,0,8,1,7,1
9,20,4,1,1,0,3,3,0,12,1,1,1,0,0,1,0,9,3,9,0
14,21,0,1,1,0,3,1,0,0,1,1,1,0,2,2,0,6,8,13,0
0,17,4,0,1,4,3,3,1,16,1,1,1,5,0,0,5,0,0,0,1
14,15,0,1,1,4,3,3,1,1,1,1,1,5,2,0,5,0,0,0,1
6,15,4,1,1,0,3,0,0,2,1,1,1,0,0,0,5,0,0,5,1
1,18,0,0,1,0,3,1,0,0,1,1,1,0,0,1,0,1,2,5,1
13,15,3,0,1,3,3,3,1,15,1,1,1,0,2,1,5,6,0,9,1
0,18,4,0,1,0,3,1,0,11,1,1,1,0,0,1,5,1,0,4,0
6,20,4,0,1,0,3,0,0,11,1,1,1,0,0,1,0,6,6,9,0
7,18,4,1,1,4,3,0,1,5,1,1,1,7,0,1,0,6,4,4,1
4,21,0,0,1,0,3,0,0,8,1,1,1,5,0,4,0,8,6,11,0
12,19,4,0,1,0,3,3,0,2,1,1,1,5,2,1,0,6,10,12,1
7,19,4,1,1,0,3,0,0,2,1,1,1,0,0,1,0,6,6,9,1
13,18,4,0,1,0,3,1,0,7,1,1,1,0,2,1,0,6,3,10,1
3,20,4,1,1,0,3,0,0,0,1,1,1,0,0,1,0,5,9,11,1
7,15,4,0,1,0,3,0,0,0,1,1,1,5,0,1,0,2,2,4,1
11,14,0,0,1,4,3,0,1,0,1,1,1,5,2,1,0,6,1,8,1
12,19,0,1,1,4,3,0,1,1,1,1,1,0,2,1,0,6,4,12,1
1,18,4,0,1,0,3,0,0,7,1,1,1,0,0,1,0,2,4,5,1
13,0,4,0,0,0,3,0,0,15,0,0,1,0,0,0,5,0,0,1,1
5,10,4,0,1,2,3,0,0,12,1,1,1,7,0,1,0,1,3,8,1
7,18,4,1,1,3,3,0,1,2,1,1,1,0,0,1,0,6,11,4,1
10,21,4,1,1,0,3,1,0,0,1,1,1,0,0,4,0,6,8,12,1
12,18,4,0,1,0,3,1,0,0,1,1,1,0,2,1,0,6,11,13,0
14,20,4,0,1,0,3,3,0,9,1,1,1,0,2,1,0,7,11,8,1
0,18,4,0,1,0,3,0,0,16,1,1,1,5,0,0,5,0,0,0,1
3,15,4,1,1,0,3,3,0,14,1,1,1,0,0,1,5,0,0,0,1
10,20,4,1,1,3,3,0,1,11,1,1,1,5,0,1,0,4,6,6,1
3,18,4,1,1,4,3,0,1,2,1,1,1,7,0,1,0,2,1,2,1
13,15,4,0,1,0,3,1,0,12,1,1,1,0,2,1,0,8,4,12,1
15,20,0,0,1,0,3,0,0,0,1,1,1,0,2,1,0,6,8,13,1
8,20,0,0,1,0,3,1,0,0,1,1,1,0,0,6,0,6,5,14,1
12,19,0,1,1,0,3,0,0,0,1,1,1,0,2,2,0,7,6,14,1
11,11,4,0,1,4,3,0,1,11,1,1,1,0,2,1,0,9,4,12,0
1,18,4,1,1,0,3,0,0,16,1,1,1,5,0,1,0,6,6,3,1
8,15,4,1,1,0,3,0,0,11,1,1,1,1,0,1,0,9,3,6,0
11,20,4,1,1,0,3,1,0,0,1,1,1,0,2,3,0,6,4,12,1
14,20,0,1,1,4,3,3,1,1,1,1,1,5,2,1,5,0,0,0,0
12,17,0,0,1,0,3,0,0,0,1,1,1,0,2,1,1,6,0,12,1
10,20,0,0,1,0,3,3,0,0,1,1,1,5,0,1,0,6,4,14,1
13,15,0,1,1,0,3,1,0,1,1,1,1,0,2,4,0,6,5,12,0
9,20,4,1,1,0,3,0,0,2,1,1,1,1,0,3,2,6,0,5,1
11,15,0,0,1,0,3,0,0,1,1,1,1,7,2,1,0,6,2,12,1
7,15,4,0,1,0,3,3,0,2,1,1,1,0,0,1,0,6,2,8,1
8,15,4,0,1,0,3,1,0,0,1,1,1,0,0,1,0,5,6,6,1
10,15,2,1,1,4,3,0,1,0,1,1,1,0,0,1,0,6,1,9,1
7,21,4,1,1,0,3,0,0,0,1,1,1,5,0,1,0,5,10,12,0
6,15,4,0,1,0,3,0,0,14,1,1,1,0,0,1,0,6,6,10,0
14,20,4,1,1,0,3,0,0,12,1,1,1,0,2,1,0,7,8,13,1
6,20,4,0,1,2,3,1,0,0,1,1,1,0,0,1,0,1,3,11,0
12,13,4,0,1,0,3,3,0,0,1,1,1,7,2,1,0,6,10,13,1
5,20,4,1,1,0,3,3,0,2,1,1,1,0,0,1,0,2,2,4,1
8,1,4,1,1,4,3,3,1,11,1,1,1,5,0,3,5,6,0,11,0
1,18,4,1,1,4,3,0,1,16,1,1,1,5,0,1,5,1,0,2,0
1,15,4,0,1,0,3,1,0,2,1,1,1,8,0,1,5,4,0,4,1
4,18,4,1,1,0,3,0,0,14,1,1,1,0,0,1,0,6,4,9,1
11,18,4,1,1,3,3,0,1,2,1,1,1,0,2,1,0,6,2,4,1
8,21,4,0,1,0,3,1,0,2,1,1,1,0,0,1,0,9,1,11,1
11,20,4,0,1,0,3,1,0,0,1,1,1,0,2,1,0,7,11,14,1
0,17,4,0,1,0,1,1,0,16,1,1,1,8,0,1,5,0,0,0,0
5,19,4,0,1,0,3,1,0,7,1,1,1,8,0,1,0,6,10,9,1
7,11,4,0,1,0,3,3,0,11,1,1,1,0,0,1,0,9,3,14,0
14,15,4,1,1,0,3,0,0,0,1,1,1,0,2,1,0,5,6,6,1
11,18,4,0,1,0,3,0,0,0,1,1,1,0,2,1,2,0,0,0,1
14,15,2,1,1,0,3,0,0,12,1,1,1,7,2,1,0,6,2,5,1
15,22,4,0,1,0,3,1,0,15,1,1,1,1,2,0,5,0,0,0,0
12,15,0,1,1,4,3,0,1,1,1,1,1,7,2,0,5,0,0,4,1
1,15,4,0,0,0,3,3,0,2,1,1,0,0,0,1,0,3,1,5,1
3,15,4,0,1,0,3,0,0,16,1,1,1,7,0,1,5,2,0,4,0
13,20,0,1,1,0,3,0,0,0,1,1,1,0,2,2,5,0,0,0,1
0,18,4,1,1,0,3,3,0,11,1,1,1,0,0,0,5,0,0,0,1
1,18,4,1,1,0,3,3,0,2,1,1,1,0,0,1,0,2,5,3,1
15,15,4,1,1,0,3,0,0,2,1,1,1,0,2,1,0,4,5,3,1
7,15,4,1,1,4,3,0,1,2,1,1,1,0,0,9,2,0,0,0,1
4,18,4,0,1,4,3,0,1,2,1,1,1,5,0,1,5,0,0,0,0
15,15,4,1,1,4,3,3,1,9,1,1,1,7,2,1,0,6,2,8,1
10,12,2,0,1,0,3,0,0,0,1,1,1,2,0,1,0,6,7,9,1
11,20,4,0,1,0,3,0,0,12,1,1,1,0,2,6,0,6,2,14,1
1,17,4,1,1,0,3,1,0,2,1,1,1,0,0,0,5,0,0,0,1
9,15,4,0,1,0,3,0,0,2,1,1,1,0,0,0,5,0,0,5,1
4,20,4,1,1,0,3,0,0,2,1,1,1,0,0,1,0,2,1,3,1
14,15,0,0,1,0,3,0,0,8,1,1,1,5,2,1,0,6,1,11,1
14,19,4,1,1,0,3,3,0,11,1,1,1,5,2,1,0,5,0,6,0
11,15,0,0,1,0,3,0,0,0,1,1,1,0,2,1,0,6,5,9,1
2,15,4,1,1,0,3,0,0,7,1,1,1,0,0,1,0,2,1,4,1
10,15,0,0,1,0,3,0,0,0,1,1,1,0,0,1,0,6,2,14,1
8,21,4,0,1,0,3,0,0,2,1,1,1,0,0,3,0,6,1,12,1
13,21,0,0,1,0,0,1,0,0,1,1,1,0,2,1,0,8,6,14,1
7,15,0,0,1,3,3,0,1,1,1,1,1,5,0,3,1,6,0,8,0
14,20,0,1,1,3,3,0,1,0,1,1,1,0,2,1,0,6,8,11,1
6,17,4,1,0,0,3,0,0,2,1,1,0,0,0,0,5,0,0,0,1
12,15,4,0,1,0,3,0,0,12,1,1,1,0,2,1,0,6,10,8,1
10,19,0,1,1,4,3,0,1,1,1,1,1,0,0,0,5,0,0,0,1
11,17,4,0,1,0,3,3,0,2,1,1,1,8,2,1,0,6,4,12,1
6,15,4,1,1,0,3,0,0,14,1,1,1,0,0,1,0,6,1,10,1
14,15,0,0,1,0,3,0,0,2,1,1,1,7,2,1,0,7,11,12,1
7,18,4,1,1,4,3,0,1,0,1,1,1,7,0,1,0,5,2,7,1
4,17,4,1,1,0,3,0,0,2,1,1,1,1,0,0,5,0,0,0,1
4,20,4,0,1,0,3,0,0,2,1,1,1,1,0,1,2,1,0,3,0
1,17,0,1,1,0,0,3,0,0,1,1,1,3,0,5,3,7,3,9,1
0,15,4,0,1,0,3,3,0,14,1,1,1,0,0,1,0,6,2,6,0
1,18,4,0,1,0,0,1,0,16,1,1,1,0,0,5,3,8,5,7,0
6,18,4,1,1,0,3,0,0,7,1,1,1,0,0,5,0,6,4,7,1
3,18,4,0,1,4,3,0,1,9,1,1,1,8,0,1,0,6,6,8,1
1,18,4,0,1,4,3,3,1,2,1,1,1,5,0,0,5,0,0,0,1
9,20,4,0,1,0,3,1,0,2,1,1,1,0,0,4,0,5,10,5,1
0,15,4,0,1,0,3,0,0,16,1,1,1,0,0,1,0,8,2,2,1
14,8,0,0,1,4,3,3,1,16,1,1,1,0,2,1,5,0,0,0,1
5,20,4,1,1,0,3,0,0,2,1,1,1,0,0,2,0,1,2,3,1
6,18,4,0,1,0,3,3,0,0,1,1,1,0,0,1,0,2,0,1,1
11,18,0,1,1,4,3,3,1,8,1,1,1,5,2,0,5,0,0,0,1
12,15,0,0,1,3,3,0,1,0,1,1,1,0,2,1,0,6,6,8,1
7,20,4,1,1,0,3,1,0,0,1,1,1,8,0,1,5,6,0,5,1
10,20,4,0,1,0,3,3,0,0,1,1,1,5,0,7,5,6,0,14,1
4,20,0,1,1,0,3,1,0,0,1,1,1,0,0,1,5,0,0,0,0
7,20,4,1,1,0,3,1,0,11,1,1,1,5,0,1,0,6,2,12,0
6,17,4,0,1,0,3,3,0,2,1,1,1,0,0,1,0,6,8,12,1
6,20,0,1,1,0,3,1,0,0,1,1,1,0,0,1,0,1,6,3,1
5,18,4,0,1,0,3,0,0,2,1,1,1,0,0,1,2,0,0,0,0
5,17,4,0,1,0,3,1,0,4,1,1,0,0,0,6,0,5,7,9,1
11,20,0,1,1,3,3,0,1,0,1,1,1,5,2,1,0,6,6,6,0
0,17,4,0,1,0,3,1,0,16,1,1,1,0,0,1,5,4,0,4,0
6,17,4,0,1,0,3,0,0,12,1,1,1,8,0,1,0,6,6,13,1
2,17,4,1,0,0,3,1,0,16,1,1,0,0,0,1,5,1,0,1,1
13,12,0,0,1,0,3,0,0,1,1,1,1,0,2,1,2,0,0,0,1
11,17,0,1,1,4,3,0,1,1,1,1,1,0,2,0,5,0,0,0,1
7,19,4,1,1,0,3,0,0,2,1,1,1,0,0,3,0,4,3,5,1
0,18,4,1,1,0,3,1,0,2,1,1,1,8,0,1,0,1,2,3,1
8,20,4,0,0,0,3,1,0,5,1,1,0,0,0,1,0,8,2,9,1
9,15,0,1,1,0,3,0,0,1,1,1,1,0,0,3,0,9,2,12,1
2,18,4,1,1,0,3,0,0,9,1,1,1,0,0,0,5,0,0,0,1
13,20,0,1,1,0,3,0,0,1,1,1,1,0,2,1,0,6,8,12,1
5,17,4,1,1,0,3,1,0,0,1,1,1,8,0,1,2,1,0,2,1
14,18,4,0,1,0,3,1,0,0,1,1,1,7,2,3,0,6,8,13,1
12,17,0,0,1,0,3,0,0,0,1,1,1,0,2,1,0,6,8,13,1
11,17,4,0,1,0,3,0,0,15,1,1,1,1,2,1,5,3,0,1,0
5,15,4,0,1,0,3,2,0,0,1,1,1,8,0,1,0,6,3,7,0
4,15,4,1,1,4,3,0,1,11,1,1,1,5,0,0,5,0,0,0,1
4,18,4,0,1,0,0,1,0,16,1,1,1,0,0,5,3,8,1,11,0
11,21,4,1,1,0,3,3,0,14,1,1,1,1,2,1,0,6,8,10,0
7,15,4,1,1,0,3,1,0,0,1,1,1,0,0,1,0,5,2,4,1
1,5,4,0,0,0,3,1,0,2,0,0,0,3,0,2,0,4,10,9,1
0,15,4,1,1,0,3,0,0,2,1,1,1,7,0,3,0,3,8,6,1
0,15,4,1,1,0,3,0,0,2,1,1,1,0,0,0,5,0,0,0,1
5,20,4,1,1,0,3,0,0,11,1,1,1,0,0,1,0,6,5,6,0
7,18,4,0,1,0,3,0,0,0,1,1,1,5,0,1,0,6,4,10,0
12,18,4,1,1,0,3,0,0,0,1,1,1,0,2,1,0,7,4,11,1
1,18,4,0,1,0,3,0,0,16,1,1,1,0,0,1,5,6,0,3,1
1,15,4,1,0,3,3,0,0,2,0,1,1,0,0,1,0,2,2,2,1
13,15,0,0,1,0,1,3,0,0,1,1,1,0,2,1,0,6,7,10,1
0,15,4,1,1,4,3,3,1,8,1,1,1,7,0,1,0,6,3,8,1
7,21,4,1,1,4,3,3,1,11,1,1,1,5,0,1,0,7,6,12,0
8,20,4,1,1,0,3,0,0,2,1,1,1,7,0,1,0,9,8,5,1
6,15,0,0,1,0,3,0,0,1,1,1,1,1,0,5,5,0,0,2,0
8,21,4,1,1,0,3,1,0,0,1,1,1,0,0,3,0,6,4,11,1
14,15,0,0,1,0,3,0,0,0,1,1,1,7,2,1,0,4,2,6,1
15,15,0,1,1,0,3,0,0,1,1,1,1,0,2,6,0,4,6,6,1
12,15,4,1,1,0,3,0,0,2,1,1,1,7,2,1,0,6,10,6,1
1,15,4,0,1,0,3,0,0,2,1,1,1,7,0,1,0,2,3,6,1
10,13,4,0,1,4,3,0,1,15,1,1,1,7,0,1,5,0,0,0,0
13,20,0,0,1,0,3,0,0,1,1,1,1,0,2,1,0,6,11,12,1
5,20,4,1,1,0,3,0,0,2,1,1,1,5,0,1,2,6,0,10,1
9,17,0,0,1,4,3,0,1,0,1,1,1,7,0,1,0,6,5,7,0
6,13,4,0,1,0,3,0,0,10,1,1,1,0,0,1,0,6,5,6,1
11,20,4,1,1,0,3,0,0,16,1,1,1,5,0,6,5,4,0,4,0
12,18,4,0,1,0,3,0,0,11,1,1,1,8,2,1,0,5,2,2,1
15,16,4,0,0,3,3,2,1,0,1,0,0,0,2,1,0,6,3,2,1
4,18,2,0,1,0,1,0,0,0,1,1,1,0,0,1,0,6,3,7,0
15,23,0,0,1,0,3,0,0,0,1,1,1,0,2,1,0,6,6,14,1
3,18,4,0,1,0,3,1,0,2,1,1,1,8,0,1,0,6,2,5,1
7,13,4,1,1,0,3,0,0,2,1,1,1,7,0,1,2,6,0,5,1
11,18,0,0,1,0,3,0,0,1,1,1,1,0,2,6,0,8,6,12,1
3,19,4,0,1,0,3,0,0,2,1,1,1,7,0,1,0,7,8,9,1
10,19,4,0,1,0,3,1,0,2,1,1,1,0,0,1,0,6,6,4,1
3,15,4,0,1,0,3,3,0,2,1,1,1,7,0,0,5,0,0,2,1
15,19,0,1,1,0,3,0,0,0,1,1,1,0,2,0,5,0,0,5,1
7,18,4,1,1,0,3,1,0,5,1,1,1,0,0,1,0,6,3,5,1
1,15,4,1,1,0,3,3,0,11,1,1,1,0,0,2,2,1,0,3,1
15,17,0,1,1,4,3,0,1,1,1,1,1,7,2,0,5,0,0,0,1
2,17,4,0,0,0,3,0,0,15,1,1,0,1,0,0,5,0,0,1,0
4,18,4,0,1,0,3,3,0,2,1,1,1,0,0,1,0,8,6,6,1
3,15,4,0,1,0,3,3,0,4,1,1,1,0,0,1,0,5,8,4,1
0,17,4,0,1,0,3,0,0,16,1,1,1,0,0,1,0,4,1,8,0
10,18,4,0,1,0,3,0,0,15,1,1,1,5,0,1,5,0,0,0,0
6,20,0,0,1,0,3,1,0,0,1,1,1,0,0,1,0,8,6,12,1
11,3,0,0,0,3,1,3,1,14,0,1,1,7,2,1,0,6,8,7,1
12,15,0,0,1,0,3,0,0,1,1,1,1,7,2,5,0,6,4,9,1
3,15,4,1,1,0,3,0,0,2,1,1,1,0,0,1,0,4,6,5,1
8,18,4,1,1,4,3,0,1,2,1,1,1,7,0,0,5,0,0,5,0
11,19,4,1,1,0,3,1,0,12,1,1,1,0,2,1,0,3,5,9,0
11,15,2,1,1,3,3,0,1,7,1,1,1,7,2,1,0,6,8,6,1
0,18,4,1,1,4,3,3,1,1,1,1,1,5,0,1,0,1,2,2,0
3,20,4,0,1,0,3,1,0,11,1,1,1,8,0,1,5,8,0,14,1
13,20,0,1,1,3,3,0,1,1,1,1,1,5,2,1,0,6,6,13,1
6,17,4,0,1,0,3,1,0,2,1,1,1,0,0,1,0,5,8,6,1
9,20,4,1,1,0,3,3,0,12,1,1,1,0,0,1,0,7,11,13,1
2,15,4,1,1,0,3,1,0,2,1,1,1,0,0,1,0,2,2,6,1
15,22,0,1,1,3,3,0,1,1,1,1,1,0,2,1,0,9,2,14,1
10,20,0,1,1,0,3,0,0,1,1,1,1,0,0,1,0,6,3,8,1
11,20,4,0,1,3,3,0,1,0,1,1,1,5,2,1,0,6,6,12,0
9,20,4,1,1,0,3,3,0,2,1,1,1,0,0,6,0,1,0,3,1
5,18,4,0,1,0,3,0,0,2,1,1,1,0,0,1,0,1,6,2,1
13,18,0,0,1,0,3,0,0,0,1,1,1,0,2,1,0,9,6,13,1
8,21,0,0,1,0,3,0,0,0,1,1,1,0,0,6,2,8,0,8,1
10,19,4,1,1,0,3,0,0,12,1,1,1,0,0,2,0,6,2,10,0
11,21,0,0,1,4,3,0,1,0,1,1,1,5,2,1,0,8,3,13,1
13,18,0,0,1,0,3,3,0,1,1,1,1,5,2,1,0,8,11,12,1
6,17,4,1,1,3,3,1,1,0,1,1,1,5,0,3,0,6,4,12,1
9,17,4,0,0,0,3,1,0,0,1,1,0,0,0,0,5,0,0,0,0
6,15,4,1,1,4,3,0,1,11,1,1,1,7,0,1,0,6,6,5,1
15,20,0,1,1,0,3,1,0,0,1,1,1,0,2,3,2,6,0,6,1
3,20,0,0,1,4,3,0,1,1,1,1,1,5,0,1,1,9,0,11,1
11,17,4,0,1,4,3,0,1,2,1,1,1,0,2,1,0,6,3,5,1
12,18,0,0,1,4,3,0,1,1,1,1,1,5,2,0,5,0,0,0,1
1,15,4,1,0,0,3,0,0,2,1,1,0,0,0,0,5,0,0,0,1
4,15,4,1,1,0,3,1,0,2,1,1,1,7,0,1,0,6,3,8,1
3,20,0,1,1,0,3,0,0,8,1,1,1,5,0,1,0,6,5,8,0
11,14,0,1,1,0,3,3,0,2,1,1,1,7,2,1,0,6,5,7,0
4,15,4,0,1,0,3,1,0,7,1,1,1,0,0,6,0,2,6,7,1
2,16,4,1,1,0,3,0,0,2,1,1,1,7,0,1,0,5,4,3,1
15,15,4,0,1,0,3,0,0,2,1,1,1,0,2,1,0,6,6,4,0
15,20,4,1,1,4,3,0,1,0,1,1,1,0,2,6,0,9,0,8,1
9,20,4,1,1,4,3,0,1,0,1,1,1,5,0,1,0,5,9,6,1
2,18,4,1,1,0,3,0,0,2,1,1,1,0,0,3,0,1,4,6,1
6,20,4,1,1,4,3,0,1,9,1,1,1,5,0,1,0,6,3,11,0
8,20,0,0,1,0,3,0,0,0,1,1,1,0,0,1,0,2,6,6,1
14,8,2,0,1,0,1,3,0,2,1,1,1,0,2,0,5,0,0,12,1
13,19,0,1,1,4,3,3,1,1,1,1,1,5,2,1,5,0,0,0,1
3,20,4,1,1,0,3,1,0,5,1,1,1,5,0,2,0,3,2,4,1
11,14,4,0,0,4,3,0,1,0,1,1,0,0,2,0,5,0,0,4,1
3,18,4,0,1,0,3,0,0,0,1,1,1,7,0,0,5,0,0,0,1
10,20,4,0,1,0,3,0,0,0,1,1,1,5,0,1,0,6,3,10,1
10,19,4,1,1,0,3,0,0,12,1,1,1,7,0,1,0,3,3,5,1
5,18,4,1,1,0,3,0,0,5,1,1,1,7,0,1,0,6,10,10,1
5,14,4,1,1,0,3,0,0,2,1,1,1,7,0,1,0,6,8,5,1
0,15,4,1,1,4,3,0,1,5,1,1,1,5,0,1,5,1,0,2,1
1,17,4,1,0,0,3,0,0,16,1,1,0,0,0,0,5,0,0,3,1
15,18,4,0,1,0,3,1,0,0,1,1,1,0,2,1,0,6,5,8,1
2,21,0,1,1,0,3,0,0,9,1,1,1,0,0,0,5,0,0,0,0
3,20,4,1,1,0,3,1,0,2,1,1,1,0,0,1,0,3,5,5,1
7,15,4,0,1,0,3,3,0,11,1,1,1,0,0,1,0,6,4,9,1
13,20,4,0,1,0,3,0,0,0,1,1,1,5,2,1,0,6,10,13,1
13,13,0,1,1,0,3,1,0,2,1,1,1,8,2,1,5,6,0,7,1
9,18,4,0,1,0,3,1,0,2,1,1,1,0,0,1,0,7,5,11,1
8,18,2,0,1,0,3,1,0,7,1,1,1,0,0,1,0,5,4,8,1
3,18,4,0,1,0,3,0,0,2,1,1,1,7,0,1,0,6,6,9,1
4,17,4,0,1,0,3,0,0,7,1,1,1,0,0,1,2,0,0,0,0
0,17,4,1,0,0,3,3,0,2,1,1,0,0,0,1,0,1,3,3,1
7,20,4,0,1,0,3,0,0,2,1,1,1,5,0,1,5,0,0,0,1
13,0,4,1,1,0,3,0,0,0,1,1,1,0,2,1,1,3,0,6,1
0,15,4,0,1,0,3,1,0,2,1,1,1,8,0,0,5,0,0,0,1
2,18,4,1,1,0,3,1,0,16,1,1,1,8,0,1,0,4,1,7,0
5,17,4,0,1,0,3,0,0,2,1,1,1,7,0,1,2,6,0,3,1
14,20,4,1,1,0,3,0,0,0,1,1,1,4,2,1,0,8,8,14,1
7,15,4,1,1,0,3,0,0,2,1,1,1,0,0,1,0,6,1,9,0
11,17,4,0,1,0,3,1,0,0,1,1,1,7,2,1,5,6,0,4,1
0,15,4,1,1,0,3,1,0,2,1,1,1,8,0,1,0,3,1,5,1
0,15,4,1,1,0,3,3,0,16,1,1,1,1,0,1,5,1,0,1,1
15,15,0,0,1,0,3,0,0,0,1,1,1,0,2,0,5,0,0,0,1
8,18,4,1,1,0,3,0,0,12,1,1,1,0,0,6,0,4,2,5,0
10,18,4,0,1,0,3,3,0,2,1,1,1,0,0,1,0,6,1,10,1
9,0,3,1,1,3,3,3,1,9,1,1,1,0,0,1,0,6,4,8,1
9,3,3,1,1,3,1,3,1,9,1,1,1,7,0,4,0,5,5,7,1
15,20,4,0,1,0,3,0,0,2,1,1,1,7,2,1,0,6,11,8,1
7,21,4,1,1,0,3,3,0,0,1,1,1,0,0,2,0,8,2,13,0
4,14,4,1,1,0,3,3,0,3,1,1,1,0,0,1,0,6,1,6,1
9,16,1,1,1,0,0,1,0,16,1,1,1,3,0,9,3,3,2,14,0
10,20,4,0,1,0,3,3,0,11,1,1,1,5,0,1,0,6,3,14,1
1,17,4,0,1,0,3,1,0,16,1,1,1,0,0,1,0,1,2,7,1
10,15,4,0,1,0,3,0,0,2,1,1,1,0,0,1,0,5,2,3,1
4,15,4,0,1,0,3,1,0,2,1,1,1,0,0,1,2,0,0,5,1
7,21,4,1,1,0,3,0,0,0,1,1,1,5,0,2,0,1,8,14,0
8,18,0,0,0,0,3,3,0,1,1,1,1,0,0,1,0,9,6,3,1
9,18,0,0,1,0,3,1,0,0,1,1,1,7,0,4,0,9,6,10,1
8,15,4,0,1,0,3,0,0,12,1,1,1,0,0,1,0,6,3,5,1
1,18,4,1,1,0,3,0,0,2,1,1,1,7,0,1,2,1,0,2,1
11,19,4,1,1,3,3,0,1,0,1,1,1,1,2,3,5,2,0,3,1
12,20,4,1,1,0,3,3,0,2,1,1,1,0,2,1,0,6,2,11,1
13,18,0,1,1,0,3,0,0,0,1,1,1,7,2,1,0,6,5,10,0
4,19,4,0,1,4,3,0,1,9,1,1,1,0,0,1,0,6,3,10,1
8,21,4,0,1,0,3,1,0,0,1,1,1,0,0,1,0,8,1,13,1
3,20,4,1,1,0,3,1,0,11,1,1,1,5,0,1,0,4,6,5,0
5,21,0,1,1,0,3,3,0,1,1,1,1,0,0,1,0,2,2,3,0
8,19,0,0,1,0,3,0,0,0,1,1,1,0,0,1,0,6,3,12,1
6,19,4,0,1,0,3,1,0,12,1,1,1,8,0,2,0,2,11,12,0
8,20,4,1,1,0,3,0,0,11,1,1,1,0,0,2,5,0,0,0,0
12,16,2,0,1,0,3,3,0,3,1,1,1,0,2,1,0,9,7,10,1
9,20,4,0,1,0,3,0,0,0,1,1,1,5,0,1,0,7,10,13,1
9,20,4,0,1,0,3,0,0,2,1,1,1,5,0,1,0,3,7,10,1
10,18,4,1,1,0,3,3,0,12,1,1,1,0,0,1,0,6,3,12,1
1,18,4,1,1,0,3,0,0,2,1,1,1,5,0,1,0,4,10,6,1
15,19,4,1,1,3,3,0,1,0,1,1,1,5,2,1,0,6,3,9,1
0,17,4,1,1,0,3,3,0,11,1,1,1,0,0,6,0,2,4,4,0
13,7,4,1,1,0,3,0,0,12,1,1,1,7,2,2,0,2,3,14,1
2,17,4,0,1,3,3,0,1,15,1,1,1,0,0,1,5,0,0,0,0
4,18,4,0,1,0,3,3,0,2,1,1,1,7,0,3,2,4,0,6,1
10,15,4,1,1,0,3,0,0,9,1,1,1,0,0,1,0,4,8,8,1
1,18,4,1,1,0,3,1,0,16,1,1,1,0,0,2,5,0,0,0,1
1,17,4,0,1,0,3,1,0,2,1,1,1,8,0,1,0,6,6,13,1
3,20,4,1,1,0,3,1,0,12,1,1,1,0,0,1,0,6,10,8,0
12,18,4,0,1,0,3,1,0,2,1,1,1,0,2,1,0,6,7,12,1
5,19,4,1,1,0,3,0,0,0,1,1,1,0,0,1,5,0,0,0,0
12,21,4,0,1,0,3,3,0,0,1,1,1,8,2,1,1,8,0,13,0
13,20,0,1,1,0,3,1,0,0,1,1,1,0,2,2,0,6,3,13,1
11,18,0,1,0,0,3,0,0,8,1,1,0,2,2,0,5,0,0,0,1
7,20,0,1,1,0,3,3,0,3,1,1,1,1,0,1,0,9,2,13,1
12,20,4,1,1,0,3,3,0,3,1,1,1,1,2,1,0,6,8,6,1
10,0,4,1,1,4,3,0,1,0,1,1,1,7,0,1,0,6,3,6,1
12,20,4,0,1,0,3,0,0,2,1,1,1,0,2,3,0,6,6,12,1
15,20,4,1,1,4,3,0,1,0,1,1,1,0,2,1,0,4,5,9,1
9,20,0,0,1,0,3,0,0,15,1,1,1,0,0,1,5,6,0,8,1
8,15,0,1,1,0,3,0,0,1,1,1,1,0,0,1,0,8,6,12,0
15,17,2,0,1,0,3,1,0,2,1,1,1,7,2,1,0,9,8,8,1
2,17,4,1,1,0,3,1,0,11,1,1,1,0,0,1,5,4,0,4,0
15,21,0,1,1,0,3,1,0,0,1,1,1,0,2,4,0,8,4,13,1
9,7,2,1,0,0,1,0,0,11,1,0,1,7,0,9,2,0,0,14,1
7,20,4,1,1,0,3,3,0,11,1,1,1,0,0,1,0,6,4,11,0
7,22,4,0,1,0,3,0,0,7,1,1,1,0,0,1,0,5,8,6,1
6,20,0,1,1,0,3,1,0,1,1,1,1,0,0,4,0,6,1,7,0
9,21,0,1,1,2,3,3,0,1,1,1,1,0,0,1,0,6,9,14,0
4,20,0,1,1,2,3,3,0,3,1,1,1,1,0,6,5,0,0,0,1
0,17,4,1,1,4,3,0,1,2,1,1,1,7,0,1,0,3,3,2,1
15,20,0,0,1,0,3,1,0,0,1,1,1,0,2,6,0,6,4,12,1
9,17,4,0,1,4,3,3,1,0,1,1,1,5,0,1,0,3,6,10,1
8,21,4,1,1,0,3,2,0,5,1,1,1,0,0,1,0,6,1,8,1
7,20,4,1,1,0,3,0,0,5,1,1,1,5,0,0,5,0,0,0,1
8,16,4,0,1,0,3,3,0,2,1,1,1,7,0,1,0,6,3,2,1
13,12,2,0,1,0,3,0,0,12,1,1,1,7,2,1,0,6,8,12,1
5,20,0,1,1,4,3,3,1,11,1,1,1,0,0,6,0,6,4,6,0
9,20,4,0,1,0,3,0,0,14,1,1,1,0,0,1,0,8,3,12,1
12,22,4,1,1,0,3,0,0,0,1,1,1,1,2,1,0,6,6,11,0
14,0,4,0,0,0,3,0,0,0,1,0,1,5,2,1,0,6,4,11,1
4,20,4,0,1,0,3,0,0,14,1,1,1,7,0,1,0,6,4,10,0
14,20,0,0,1,0,3,1,0,0,1,1,1,0,2,1,0,8,0,11,1
2,18,4,0,1,0,3,3,0,2,1,1,1,0,0,1,0,3,4,2,1
14,21,0,1,1,4,3,0,1,0,1,1,1,0,2,6,0,8,10,13,1
5,15,4,0,1,0,3,0,0,15,1,1,1,0,0,0,5,0,0,0,1
10,16,0,1,1,0,3,1,0,1,1,1,1,0,0,1,1,7,0,7,0
7,18,0,1,1,0,3,1,0,0,1,1,1,0,0,1,0,6,1,9,1
1,18,4,0,1,0,3,0,0,2,1,1,1,0,0,1,5,2,0,4,1
0,18,4,0,1,4,3,0,1,16,1,1,1,5,0,6,0,1,0,1,0
9,21,0,1,1,0,3,0,0,1,1,1,1,5,0,1,0,6,2,13,1
7,20,0,1,1,0,3,0,0,0,1,1,1,1,0,1,5,0,0,0,1
4,18,4,0,1,0,3,0,0,2,1,1,1,1,0,9,2,0,0,0,1
8,15,4,0,1,0,3,0,0,0,1,1,1,7,0,1,0,6,8,11,1
14,18,4,0,1,0,3,1,0,11,1,1,1,0,2,1,2,7,0,10,1
11,10,0,0,0,4,3,0,1,8,1,1,0,0,2,0,5,0,0,0,1
3,20,4,0,1,0,3,0,0,5,1,1,1,7,0,1,0,2,3,4,1
11,15,4,1,1,0,3,0,0,0,1,1,1,0,2,0,5,0,0,0,1
8,20,0,1,1,0,3,1,0,8,1,1,1,5,0,1,0,3,8,8,1
15,20,0,0,1,0,3,3,0,1,1,1,1,0,2,1,0,6,6,11,1
11,18,4,0,1,2,3,3,0,2,1,1,1,2,2,1,0,4,3,6,1
4,15,0,1,1,0,3,0,0,0,1,1,1,0,0,1,0,6,3,9,1
12,22,0,0,1,0,3,0,0,1,1,1,1,0,2,1,0,9,3,14,1
8,21,4,0,1,4,3,0,1,16,1,1,1,0,0,1,1,6,0,2,1
1,15,4,1,1,4,3,0,1,9,1,1,1,5,0,1,0,2,6,4,1
7,20,4,1,0,0,3,1,0,0,1,1,0,0,0,1,5,4,0,4,0
11,16,4,0,1,0,0,3,0,11,1,1,1,5,2,0,5,0,0,4,1
10,15,4,0,1,0,3,0,0,15,1,1,1,1,0,1,5,0,0,0,0
3,20,4,1,1,0,1,1,0,0,1,1,1,8,0,5,0,6,9,7,1
11,21,0,1,1,0,3,1,0,1,1,1,1,8,2,1,0,6,1,9,0
13,15,2,1,1,0,3,0,0,2,1,1,1,7,2,1,5,6,0,7,1
11,2,0,0,1,0,0,0,0,16,1,1,1,2,0,5,3,5,5,4,0
4,20,4,1,1,0,3,1,0,2,1,1,1,0,0,1,5,2,0,3,1
13,20,0,1,1,3,3,3,1,1,1,1,1,5,2,0,5,0,0,0,1
2,17,4,1,1,0,3,0,0,2,1,1,1,7,0,0,5,0,0,0,1
12,21,4,1,1,0,3,3,0,0,1,1,1,0,2,1,0,8,3,13,1
13,20,0,0,1,0,3,0,0,0,1,1,1,7,2,1,0,7,11,13,1
9,18,4,1,1,0,3,0,0,2,1,1,1,7,0,3,5,0,0,0,1
13,20,0,0,1,0,3,1,0,1,1,1,1,0,2,7,0,9,3,14,0
1,14,4,1,1,4,3,3,1,2,1,1,1,5,0,0,5,0,0,0,1
15,20,4,1,1,4,3,0,1,11,1,1,1,5,2,1,0,6,8,12,0
8,20,4,0,1,0,3,1,0,0,1,1,1,5,0,2,0,9,6,12,1
12,20,4,0,1,0,3,0,0,2,1,1,1,7,2,1,0,6,2,13,1
9,20,4,0,1,0,3,0,0,0,1,1,1,7,0,3,0,9,6,12,1
4,21,4,0,1,4,3,0,1,5,1,1,1,0,0,1,0,6,4,9,0
9,13,0,0,1,4,3,0,1,8,1,1,1,5,0,1,0,6,4,7,1
10,17,4,0,1,0,3,0,0,2,1,1,1,7,0,1,0,6,11,8,1
12,21,4,0,1,0,3,0,0,0,1,1,1,0,2,2,0,9,8,14,1
3,18,4,0,1,0,3,1,0,12,1,1,1,7,0,1,0,3,6,2,1
7,19,4,0,1,0,3,0,0,2,1,1,1,7,0,1,0,6,6,8,1
1,15,4,1,1,0,3,1,0,2,1,1,1,7,0,1,0,5,3,6,0
2,18,4,0,1,0,3,0,0,2,1,1,1,8,0,1,5,2,0,4,0
6,20,4,0,1,2,3,0,0,2,1,1,1,2,0,1,0,4,3,14,1
0,15,4,1,1,0,3,0,0,3,1,1,1,0,0,1,0,4,4,5,1
12,0,4,0,0,0,3,3,0,5,0,0,1,5,0,2,0,6,4,9,0
2,18,4,1,1,0,3,1,0,16,1,1,1,0,0,4,0,2,1,3,1
13,17,0,1,1,0,3,1,0,1,1,1,1,0,2,1,0,6,10,12,1
8,23,0,0,1,0,3,3,0,1,1,1,1,0,0,1,0,6,8,14,0
10,20,2,1,1,0,3,1,0,12,1,1,1,0,0,1,0,6,4,12,0
0,18,4,0,1,0,3,0,0,2,1,1,1,0,0,1,5,1,0,3,1
7,20,0,1,1,0,3,0,0,1,1,1,1,0,0,1,0,6,1,12,0
7,19,0,1,1,0,3,1,0,1,1,1,1,0,0,2,5,0,0,0,0
0,15,4,0,1,0,3,2,0,2,1,1,1,0,0,0,5,0,0,0,0
14,20,4,1,1,0,3,0,0,0,1,1,1,8,0,4,0,4,5,12,0
5,18,4,1,1,0,3,1,0,2,1,1,1,0,0,1,0,6,6,6,1
0,18,4,1,1,0,3,1,0,2,1,1,1,0,0,1,0,1,0,1,1
15,20,4,1,1,4,3,0,1,0,1,1,1,7,2,4,0,6,2,5,1
12,20,0,0,1,4,3,0,1,1,1,1,1,0,2,1,0,7,8,13,0
6,20,4,0,1,0,3,0,0,0,1,1,1,5,0,1,0,6,8,14,1
11,14,0,1,1,4,3,0,1,0,1,1,1,7,2,0,5,0,0,5,1
14,22,0,1,1,0,3,0,0,1,1,1,1,0,2,2,0,6,0,13,0
1,15,4,0,1,0,0,0,0,16,1,1,1,1,0,5,3,9,1,6,1
13,7,4,1,0,0,3,0,0,11,1,1,0,7,2,2,0,2,3,2,1
1,15,4,1,1,0,3,3,0,2,1,1,1,7,0,1,0,2,3,2,1
2,15,4,1,1,0,3,0,0,0,1,1,1,0,0,7,0,5,3,5,1
1,18,4,1,1,0,3,0,0,2,1,1,1,7,0,0,5,0,0,0,1
2,18,4,1,0,0,3,0,0,16,1,1,0,0,0,0,5,0,0,2,0
10,20,0,1,1,3,3,0,1,0,1,1,1,5,0,0,5,0,0,0,1
8,20,4,1,1,0,3,0,0,3,1,1,1,1,0,1,0,9,8,6,1
15,19,4,0,1,0,3,0,0,12,1,1,1,0,2,0,5,0,0,10,1
12,20,0,0,1,0,3,0,0,1,1,1,1,5,2,1,0,6,10,13,1
10,15,4,0,1,0,3,0,0,2,1,1,1,7,0,1,0,8,11,12,1
13,15,0,0,1,4,3,3,1,0,1,1,1,0,2,1,0,6,4,12,1
15,13,4,0,1,0,3,0,0,4,1,1,1,0,2,1,5,0,0,0,1
7,15,4,1,1,0,3,0,0,2,1,1,1,1,0,1,1,3,0,6,1
7,20,4,0,1,0,3,0,0,0,1,1,1,0,0,1,2,8,0,14,0
2,18,4,0,1,0,3,1,0,2,1,1,1,7,0,4,0,2,4,2,1
10,20,4,0,1,3,3,0,1,5,1,1,1,5,0,1,0,8,11,6,1
12,15,4,0,1,4,3,0,1,9,1,1,1,7,2,1,0,6,1,9,1
11,18,4,0,1,0,3,0,0,0,1,1,1,1,0,2,2,4,0,8,0
13,20,0,1,1,0,3,1,0,1,1,1,1,0,2,7,0,5,5,9,1
3,20,4,1,1,0,3,3,0,3,1,1,1,0,0,1,0,2,2,5,0
15,21,4,0,1,0,3,0,0,0,1,1,1,0,2,3,0,8,2,14,0
2,15,4,0,1,0,3,0,0,2,1,1,1,0,0,1,0,2,2,5,1
8,20,4,0,1,0,3,2,0,2,1,1,1,8,0,1,0,6,9,7,1
1,14,4,0,1,0,3,0,0,2,1,1,1,7,0,1,0,6,4,5,1
15,21,0,0,1,0,3,0,0,1,1,1,1,0,2,1,0,6,2,14,0
7,18,0,0,1,0,3,0,0,0,1,1,1,0,0,1,0,6,2,13,1
9,7,0,1,1,2,3,0,1,2,1,1,1,1,0,9,2,0,0,0,1
7,15,4,0,1,0,3,0,0,16,1,1,1,0,0,1,0,7,11,3,1
12,15,0,1,1,3,3,0,1,1,1,1,1,5,2,1,0,6,4,10,1
9,18,4,0,1,0,3,1,0,12,1,1,1,0,0,1,5,4,0,1,1
7,15,4,0,1,0,3,0,0,2,1,1,1,7,0,1,0,6,4,9,1
14,18,4,0,1,0,1,1,0,0,1,1,1,8,2,5,0,7,4,10,1
7,18,4,1,1,0,3,1,0,0,1,1,1,0,0,0,5,0,0,2,1
3,15,4,1,1,0,3,3,0,12,1,1,1,7,0,1,0,5,3,6,1
11,20,4,1,1,0,3,0,0,2,1,1,1,1,2,0,5,0,0,0,1
10,15,4,1,1,0,3,3,0,12,1,1,1,0,0,1,0,6,1,9,1
3,19,4,1,1,0,3,0,0,2,1,1,1,5,0,1,1,1,0,2,1
3,20,4,0,1,0,3,1,0,0,1,1,1,0,0,1,0,6,2,11,0
10,21,0,1,1,0,3,3,0,1,1,1,1,0,0,1,0,5,10,9,1
3,17,4,0,1,4,3,0,1,0,1,1,1,0,0,1,0,9,1,12,1
9,13,0,0,1,0,3,0,0,1,1,1,1,0,0,6,5,0,0,0,0
8,21,4,1,1,0,3,1,0,2,1,1,1,8,0,1,0,6,5,12,1
13,20,0,1,1,3,3,0,1,2,1,1,1,0,2,1,5,0,0,0,1
9,21,4,1,1,0,3,3,0,0,1,1,1,5,0,1,0,6,2,13,1
15,18,0,0,1,0,3,1,0,0,1,1,1,0,2,4,0,6,10,11,1
1,15,4,0,0,0,3,0,0,14,1,1,0,0,0,1,0,2,3,8,1
6,20,4,0,1,0,3,0,0,2,1,1,1,5,0,1,0,6,6,12,1
12,20,4,0,1,0,3,3,0,11,1,1,1,0,2,1,0,9,8,14,1
5,15,4,0,1,0,3,0,0,2,1,1,1,0,0,1,0,6,2,6,1
7,20,4,0,1,0,3,3,0,14,1,1,1,0,0,7,0,8,10,9,1
1,18,4,0,1,0,3,3,0,2,1,1,1,0,0,1,0,2,9,4,1
14,15,4,0,1,0,3,0,0,0,1,1,1,8,2,6,0,4,11,3,1
13,15,4,0,1,0,3,0,0,2,1,1,1,0,2,1,0,4,2,3,1
5,20,0,0,1,0,3,3,0,9,1,1,1,0,0,1,0,7,8,9,1
3,21,4,1,1,0,3,0,0,2,1,1,1,5,0,1,1,2,0,1,1
6,15,4,0,1,0,3,0,0,7,1,1,1,5,0,1,0,1,8,6,1
10,20,4,1,1,0,3,0,0,2,1,1,1,5,0,2,0,6,4,13,1
4,20,4,0,1,0,3,0,0,0,1,1,1,0,0,1,0,7,1,11,0
1,15,4,1,1,0,3,3,0,2,1,1,1,7,0,0,5,0,0,0,1
5,18,4,0,1,0,3,0,0,2,1,1,1,0,0,1,0,4,3,2,1
7,20,4,1,1,0,3,3,0,2,1,1,1,0,0,1,0,6,6,8,1
14,18,4,0,1,0,3,0,0,0,1,1,1,0,2,6,0,7,5,12,0
7,21,4,1,1,4,3,0,1,0,1,1,1,5,0,1,0,6,2,8,1
10,23,4,0,1,0,3,0,0,10,1,1,1,5,0,7,0,8,7,13,1
12,21,0,1,1,4,3,0,1,1,1,1,1,5,2,5,0,6,4,11,1
10,20,4,1,1,0,3,1,0,5,1,1,1,0,0,6,0,3,3,8,1
2,18,4,0,1,0,3,0,0,4,1,1,1,8,0,1,0,1,3,6,1
4,18,4,1,1,0,3,1,0,10,1,1,1,0,0,1,5,6,0,3,0
1,18,4,1,1,0,3,1,0,2,1,1,1,0,0,1,0,2,4,2,1
8,18,4,1,1,0,3,0,0,2,1,1,1,0,0,1,0,5,11,3,1
5,5,4,0,1,0,3,0,0,4,1,1,1,0,0,4,0,6,10,4,1
10,17,0,0,1,0,3,0,0,1,1,1,1,7,2,1,0,6,11,6,1
9,18,0,1,1,0,3,3,0,1,1,1,1,0,0,1,0,6,7,8,1
14,18,4,1,1,0,3,1,0,0,1,1,1,0,2,1,5,2,0,4,0
10,15,4,0,1,0,3,0,0,4,1,1,1,0,0,1,0,4,8,5,1
11,16,4,0,1,0,3,0,0,0,1,1,1,0,2,1,0,6,4,7,0
15,15,0,1,1,0,3,0,0,1,1,1,1,0,2,1,0,4,1,8,1
0,15,4,1,1,0,3,0,0,16,1,1,1,0,0,9,2,0,0,0,1
12,15,4,0,1,0,3,0,0,0,1,1,1,7,2,1,0,6,4,10,1
6,21,4,1,1,0,3,0,0,9,1,1,1,0,0,1,0,6,6,9,1
14,20,4,1,1,3,3,0,1,0,1,1,1,5,2,1,0,6,2,11,1
8,18,4,1,1,0,3,1,0,0,1,1,1,8,0,0,5,0,0,0,1
7,15,4,1,1,0,3,0,0,5,1,1,1,7,0,1,5,6,0,6,1
10,15,0,0,1,4,3,3,1,1,1,1,1,5,0,1,0,6,8,8,0
3,20,4,1,1,0,3,3,0,2,1,1,1,0,0,3,0,1,6,2,1
15,19,0,0,1,0,3,0,0,0,1,1,1,0,2,1,0,6,5,13,1
11,16,4,0,0,0,3,0,0,15,1,1,0,1,2,0,5,0,0,0,0
9,18,0,1,1,3,3,3,1,1,1,1,1,0,0,1,5,0,0,0,1
6,18,0,1,1,0,3,3,0,0,1,1,1,7,0,1,0,9,5,10,1
4,20,4,1,1,0,3,0,0,0,1,1,1,0,0,1,0,6,6,12,1
3,18,4,0,1,0,3,1,0,16,1,1,1,5,0,1,1,3,0,4,1
3,15,4,0,1,0,3,1,0,2,1,1,1,0,0,1,0,4,1,6,0
13,18,4,1,0,0,3,0,0,2,1,1,0,0,2,0,5,0,0,0,1
8,19,0,1,1,0,3,0,0,0,1,1,1,0,0,2,5,6,0,7,1
6,20,0,0,1,0,3,0,0,2,1,1,1,0,0,1,0,6,11,11,1
7,16,4,0,1,0,3,0,0,5,1,1,1,0,0,0,5,0,0,5,1
9,18,0,0,1,0,3,1,0,2,1,1,1,8,0,6,5,0,0,0,1
0,18,4,1,1,0,3,0,0,2,1,1,1,0,0,0,5,0,0,0,1
7,18,4,1,1,0,3,1,0,2,1,1,1,0,0,1,0,6,6,9,1
14,22,0,1,1,0,3,1,0,1,1,1,1,0,2,1,0,7,2,13,1
11,20,4,0,1,0,3,3,0,14,1,1,1,5,2,1,0,6,8,13,1
0,17,4,1,1,0,3,3,0,2,1,1,1,1,0,9,2,0,0,0,1
2,17,4,0,1,0,3,0,0,0,1,1,1,0,0,1,0,7,8,5,1
5,20,0,0,1,4,3,0,1,1,1,1,1,5,0,1,0,6,2,8,1
0,19,4,0,1,0,3,1,0,2,1,1,1,0,0,1,0,1,3,2,1
11,21,0,1,1,3,3,0,1,1,1,1,1,5,2,3,0,6,8,12,0
1,15,4,0,1,0,3,0,0,2,1,1,1,7,0,1,0,6,5,7,1
3,20,4,0,1,0,3,0,0,11,1,1,1,0,0,1,0,7,2,5,0
10,17,0,0,1,0,3,3,0,1,1,1,1,1,0,0,5,0,0,5,0
9,20,0,1,1,4,3,0,1,1,1,1,1,0,0,5,0,8,4,13,0
5,18,4,1,1,0,3,0,0,2,1,1,1,5,0,1,5,0,0,0,1
10,21,4,1,1,0,3,1,0,0,1,1,1,8,0,1,0,6,4,9,1
5,15,4,0,1,0,3,0,0,0,1,1,1,7,0,1,0,4,2,6,0
0,18,4,0,1,0,3,1,0,7,1,1,1,0,0,1,2,1,0,3,1
3,14,4,0,1,0,3,1,0,2,1,1,1,0,0,9,2,0,0,0,1
2,18,4,0,0,0,3,1,0,2,1,0,0,8,0,1,0,6,7,7,1
12,18,4,1,1,0,3,0,0,12,1,1,1,0,2,6,5,0,0,2,1
11,20,0,1,1,2,3,0,0,1,1,1,1,5,2,1,0,6,3,12,1
8,19,4,1,1,0,3,0,0,0,1,1,1,0,0,1,0,6,5,10,0
14,12,0,1,1,0,3,0,0,1,1,1,1,0,2,1,2,0,0,0,1
4,15,4,0,0,0,3,0,0,2,1,1,0,0,0,1,5,0,0,4,1
12,10,4,0,1,4,3,0,1,0,1,1,1,0,2,5,0,6,5,3,1
12,19,4,1,1,0,3,0,0,2,1,1,1,0,2,1,0,6,6,12,1
0,15,4,0,0,0,3,0,0,16,1,1,0,0,0,0,5,0,0,4,1
6,15,4,0,1,0,3,0,0,5,1,1,1,7,0,1,0,3,4,9,1
5,15,4,1,1,0,3,0,0,9,1,1,1,0,0,1,0,5,2,2,1
4,15,4,0,0,0,3,0,0,16,1,1,0,0,0,0,5,0,0,0,0
1,15,4,0,0,0,3,3,0,16,1,1,0,0,0,0,5,0,0,0,1
14,8,0,0,1,4,3,0,1,0,1,1,1,0,2,0,5,0,0,5,1
11,20,0,1,1,0,3,0,0,0,1,1,1,0,2,1,0,8,3,14,1
6,20,4,0,1,0,3,0,0,5,1,1,1,0,0,1,0,8,5,14,1
12,15,0,1,1,4,3,3,1,8,1,1,1,7,2,1,5,0,0,0,1
0,15,4,1,1,0,3,1,0,11,1,1,1,8,0,1,5,1,0,1,0
3,18,4,0,1,0,3,0,0,2,1,1,1,0,0,0,5,0,0,0,1
3,15,4,0,1,0,3,0,0,15,1,1,1,0,0,0,5,0,0,0,0
5,15,4,0,1,3,3,0,1,2,1,1,1,7,0,1,0,6,6,5,1
12,21,4,0,1,0,3,1,0,0,1,1,1,0,2,5,2,2,0,3,1
13,11,3,1,1,0,3,0,0,15,1,1,1,7,2,1,5,5,0,2,0
11,20,4,1,1,0,3,0,0,2,1,1,1,5,2,3,0,6,3,11,1
7,17,4,0,1,0,3,1,0,2,1,1,1,0,0,1,0,7,8,12,1
2,16,4,0,1,0,3,1,0,0,1,1,1,0,0,1,0,1,3,2,1
5,17,4,0,1,0,3,0,0,15,1,1,1,7,0,1,2,6,0,9,1
8,18,4,1,1,0,3,0,0,12,1,1,1,0,0,1,0,6,2,10,1
2,16,4,0,1,4,3,0,1,2,1,1,1,0,0,1,0,7,10,5,1
9,15,4,1,1,4,3,0,1,11,1,1,1,0,0,1,0,6,10,5,1
2,18,4,1,1,4,3,0,1,4,1,1,1,5,0,0,5,0,0,1,1
9,22,0,1,1,0,3,0,0,1,1,1,1,0,0,7,0,9,4,13,1
13,20,0,0,1,3,3,0,1,1,1,1,1,5,2,5,0,7,2,11,1
4,20,4,1,1,0,3,1,0,11,1,1,1,0,0,0,5,0,0,0,0
8,20,0,1,1,0,3,0,0,0,1,1,1,7,0,0,5,0,0,0,0
2,18,4,1,1,3,3,1,1,2,1,1,1,8,0,1,5,0,0,0,1
12,21,0,1,1,0,3,1,0,1,1,1,1,8,2,2,0,7,0,13,1
5,20,0,1,1,0,3,0,0,1,1,1,1,0,0,4,0,6,5,11,1
9,20,4,0,1,4,3,3,1,9,1,1,1,5,0,0,5,0,0,0,1
2,22,4,0,1,0,3,0,0,15,1,1,1,1,0,0,5,0,0,0,0
13,21,4,0,1,3,3,0,1,2,1,1,1,5,2,1,0,6,6,8,1
8,15,4,0,1,0,3,0,0,12,1,1,1,0,0,1,0,6,3,9,1
5,19,4,1,1,0,3,3,0,2,1,1,1,5,0,1,0,6,6,10,0
12,15,4,1,1,0,3,0,0,2,1,1,1,7,2,1,0,6,4,9,1
8,21,0,1,1,0,3,1,0,1,1,1,1,5,0,2,0,6,8,12,0
5,20,4,0,1,4,3,0,1,2,1,1,1,5,0,1,0,6,11,5,1
10,19,4,0,1,0,3,0,0,2,1,1,1,7,0,1,0,6,3,10,1
13,20,0,1,1,2,3,1,0,0,1,1,1,0,2,1,0,6,10,14,1
6,18,4,0,1,0,3,1,0,5,1,1,1,0,0,7,0,8,5,9,1
7,15,4,0,1,0,3,3,0,2,1,1,1,0,0,1,0,4,6,6,1
4,18,4,1,1,2,3,1,0,2,1,1,1,0,0,1,5,0,0,3,1
12,23,2,0,1,0,3,1,0,0,1,1,1,0,2,1,0,6,7,13,1
15,19,4,0,1,0,3,0,0,0,1,1,1,0,2,3,0,2,5,3,1
6,4,4,0,1,4,3,0,1,11,1,1,1,7,0,2,1,6,0,10,1
10,20,0,1,1,4,3,0,1,1,1,1,1,8,0,1,0,6,6,7,0
12,18,4,0,1,0,3,3,0,2,1,1,1,0,2,1,0,2,0,2,1
7,17,4,0,1,0,3,0,0,7,1,1,1,0,0,1,0,6,4,10,1
5,19,4,0,1,3,3,0,1,2,1,1,1,5,0,1,5,0,0,0,1
5,18,4,0,0,0,3,2,0,2,1,1,0,0,0,0,5,0,0,0,1
5,15,4,0,1,0,3,0,0,4,1,1,1,7,0,1,0,6,8,5,1
15,22,0,0,1,0,3,0,0,1,1,1,1,0,2,1,0,4,0,13,1
13,17,0,0,1,0,3,1,0,0,1,1,1,0,2,1,2,6,0,10,1
0,14,4,1,0,0,3,0,0,16,1,1,0,0,0,0,5,0,0,0,1
10,23,0,0,1,2,3,3,0,1,1,1,1,0,0,7,0,6,8,14,0
9,19,4,0,1,0,3,1,0,2,1,1,1,0,0,4,0,6,10,10,1
3,15,4,0,1,0,3,0,0,2,1,1,1,0,0,1,0,6,4,5,1
1,18,4,0,1,0,3,0,0,16,1,1,1,0,0,0,5,0,0,0,1
5,19,4,0,1,0,3,0,0,2,1,1,1,0,0,1,0,8,11,10,1
13,23,0,1,1,0,3,0,0,1,1,1,1,5,2,1,0,6,7,14,1
9,20,4,1,1,0,3,0,0,0,1,1,1,8,0,4,0,6,4,12,1
1,14,4,0,1,4,3,3,1,2,1,1,1,7,0,1,1,2,0,6,1
9,20,4,0,1,0,3,0,0,14,1,1,1,0,0,7,0,8,8,13,1
0,17,4,0,1,0,3,1,0,2,1,1,1,0,0,0,5,0,0,0,1
3,6,3,1,1,1,3,3,1,7,1,1,0,7,1,9,0,5,10,6,1
14,18,0,1,1,4,3,0,1,0,1,1,1,5,2,0,5,0,0,0,1
7,18,0,0,1,0,3,0,0,0,1,1,1,0,0,3,0,6,8,14,1
9,21,0,1,1,4,3,0,1,0,1,1,1,5,0,4,0,8,4,14,0
5,2,0,0,1,3,0,1,1,16,1,1,1,7,0,5,3,7,2,6,0
15,15,0,0,1,0,3,0,0,15,1,1,1,0,2,0,5,0,0,0,1
0,17,4,0,1,0,3,1,0,2,1,1,1,0,0,0,5,0,0,0,1
9,20,4,1,1,0,3,3,0,2,1,1,1,5,0,2,0,6,4,12,1
2,15,4,0,1,0,3,0,0,16,1,1,1,8,0,1,0,2,1,5,0
10,17,0,0,1,0,3,0,0,15,1,1,1,7,0,1,2,7,0,0,0
12,21,4,1,1,0,3,1,0,0,1,1,1,0,2,2,0,6,6,9,1
8,17,0,0,1,0,3,0,0,1,1,1,1,0,0,1,2,0,0,0,1
2,19,4,1,1,0,3,1,0,16,1,1,1,0,0,1,0,8,2,5,0
13,17,0,0,1,0,3,0,0,0,1,1,1,0,2,1,0,7,8,13,1
13,18,0,0,1,0,3,3,0,0,1,1,1,0,2,3,0,6,3,12,1
10,20,4,0,1,0,3,0,0,0,1,1,1,0,0,2,0,7,8,12,1
9,15,4,1,1,0,3,0,0,12,1,1,1,0,0,1,0,2,9,5,0
12,17,0,0,1,3,3,0,1,1,1,1,1,0,2,2,0,9,1,10,1
11,20,4,0,1,0,3,0,0,2,1,1,1,0,2,2,0,8,11,12,1
3,15,4,1,0,0,3,1,0,2,1,1,0,0,0,0,5,0,0,0,1
8,11,3,1,1,4,3,0,1,0,1,1,1,0,0,1,0,6,5,4,1
13,21,4,1,1,0,3,0,0,2,1,1,1,0,2,1,0,6,4,13,1
14,18,4,0,1,0,3,3,0,0,1,1,1,0,2,1,0,6,6,12,0
6,20,4,0,1,0,3,1,0,2,1,1,1,8,0,2,0,5,0,8,1
13,0,0,1,1,4,3,0,1,1,1,1,1,7,2,0,5,0,0,6,1
13,20,0,1,1,0,3,1,0,0,1,1,1,0,2,1,0,6,8,14,1
7,19,4,0,1,0,3,3,0,0,1,1,1,7,0,1,0,6,10,10,1
2,15,4,1,1,0,3,1,0,4,1,1,1,7,0,0,5,0,0,4,0
10,15,4,0,1,0,3,3,0,0,1,1,1,0,0,7,1,6,0,6,1
2,13,4,0,1,4,3,0,1,11,1,1,1,0,0,1,0,6,8,6,0
4,15,4,0,1,0,3,0,0,2,1,1,1,0,0,1,0,6,2,6,1
10,15,0,0,1,0,3,0,0,2,1,1,1,0,0,1,0,6,11,7,1
5,18,4,1,1,0,3,0,0,0,1,1,1,1,0,1,0,6,4,10,1
1,18,4,1,1,0,3,3,0,2,1,1,1,0,0,1,0,6,4,9,1
7,21,0,1,1,0,3,1,0,2,1,1,1,0,0,1,0,6,10,7,1
4,12,2,1,0,0,3,0,0,7,1,0,1,5,0,1,2,0,0,5,1
2,15,4,1,0,0,3,0,0,2,1,1,1,0,0,1,0,1,6,5,1
15,15,0,1,1,4,3,0,1,1,1,1,1,7,2,1,0,6,0,4,1
15,18,4,1,1,4,3,0,1,0,1,1,1,7,2,1,0,6,10,9,1
5,13,4,0,0,0,3,0,0,15,1,1,0,1,0,1,5,0,0,0,0
15,19,0,1,1,0,3,3,0,1,1,1,1,0,2,1,0,5,0,4,0
6,20,4,0,1,0,3,1,0,11,1,1,1,0,0,1,0,6,0,9,0
15,17,0,0,1,4,3,0,1,1,1,1,1,7,2,6,5,2,0,3,1
9,15,0,1,1,3,3,0,1,1,1,1,1,8,0,1,0,6,2,5,0
15,20,4,1,1,0,3,1,0,12,1,1,1,0,2,1,0,3,2,6,1
5,20,4,1,1,2,3,3,0,2,1,1,1,5,0,1,0,1,3,4,1
12,21,4,1,1,0,3,0,0,0,1,1,1,0,2,2,0,6,3,12,1
7,21,4,0,1,0,3,2,0,0,1,1,1,0,0,2,0,6,6,12,0
7,20,4,0,1,2,3,1,0,2,1,1,1,0,0,1,0,4,10,14,1
14,20,0,1,1,4,3,0,1,0,1,1,1,5,2,1,5,2,0,4,1
14,19,0,1,1,0,3,0,0,1,1,1,1,0,2,0,5,0,0,10,1
2,15,4,1,1,0,3,0,0,2,1,1,1,0,0,1,0,1,3,4,1
8,18,4,0,0,0,3,1,0,0,1,1,1,0,0,5,0,9,4,13,1
14,21,0,0,1,0,3,1,0,1,1,1,1,0,2,1,0,4,4,14,1
11,20,4,1,1,0,3,0,0,0,1,1,1,0,2,1,0,8,3,13,1
4,20,4,1,1,0,3,1,0,2,1,1,1,0,0,6,5,0,0,0,1
1,18,4,0,1,0,3,3,0,2,1,1,1,5,0,0,5,0,0,0,1
2,15,0,1,1,4,3,0,1,8,1,1,1,5,0,0,5,0,0,0,1
13,0,4,0,1,4,3,0,1,12,1,1,1,7,2,0,5,0,0,7,1
2,22,4,1,1,0,3,1,0,7,1,1,1,8,0,1,0,6,6,7,1
2,18,4,1,1,0,3,0,0,2,1,1,1,5,0,1,0,3,10,2,1
15,20,0,1,1,0,3,1,0,0,1,1,1,5,2,2,5,1,0,3,0
5,22,0,1,1,0,3,1,0,0,1,1,1,0,0,2,0,9,4,14,0
10,8,0,1,1,4,3,0,1,11,1,1,1,7,0,1,0,3,4,5,1
4,15,4,1,1,4,3,3,1,14,1,1,1,7,0,1,5,2,0,4,1
2,18,4,0,1,0,3,1,0,2,1,1,1,0,0,1,0,3,1,3,1
12,20,0,1,1,4,3,0,1,0,1,1,1,5,2,1,0,6,10,8,0
4,20,4,0,1,0,3,0,0,2,1,1,1,0,0,1,0,6,3,3,0
15,19,0,1,1,4,3,0,1,0,1,1,1,0,2,0,5,0,0,0,1
9,18,4,1,1,0,3,0,0,2,1,1,1,0,0,1,0,6,8,10,1
10,16,0,0,1,0,3,0,0,2,1,1,1,0,0,1,0,6,6,8,1
14,18,4,1,1,0,3,3,0,2,1,1,1,7,2,1,0,6,5,9,1
0,18,4,0,1,0,3,0,0,2,1,1,1,5,0,1,0,6,6,2,1
1,15,4,0,1,0,3,0,0,7,1,1,1,0,0,1,0,6,2,7,1
5,15,4,0,1,0,3,0,0,2,1,1,1,7,0,1,0,3,10,1,1
13,21,0,1,1,0,3,0,0,1,1,1,1,0,2,1,0,6,6,12,0
3,18,4,1,1,1,3,0,1,7,1,1,1,2,0,1,0,5,1,6,1
5,20,4,1,1,0,3,1,0,2,1,1,1,0,0,3,2,0,0,0,1
8,6,4,0,1,0,3,0,0,7,1,1,1,8,0,1,0,2,8,4,0
13,20,4,0,1,0,3,1,0,0,1,1,1,0,2,1,0,8,8,12,0
8,18,0,1,1,4,3,0,1,1,1,1,1,5,0,2,2,0,0,0,0
2,18,4,1,1,0,3,0,0,2,1,1,1,0,0,1,0,2,2,4,1
3,18,4,1,1,0,3,0,0,2,1,1,1,0,0,2,0,6,5,9,1
3,19,4,0,1,4,3,0,1,0,1,1,1,0,0,7,5,6,0,5,1
11,20,4,1,1,3,3,0,1,0,1,1,1,5,2,1,0,8,2,11,1
5,20,4,0,1,0,3,0,0,2,1,1,1,0,0,5,0,6,4,11,1
10,0,4,0,1,4,3,3,1,0,1,1,1,5,0,1,0,6,4,6,1
2,18,4,1,1,0,3,0,0,2,1,1,1,0,0,0,5,0,0,0,0
10,15,4,1,1,0,3,3,0,0,1,1,1,0,0,1,0,5,8,8,0
6,15,0,1,1,4,3,0,1,2,1,1,1,0,0,1,0,6,4,12,1
4,18,4,1,1,0,3,0,0,2,1,1,1,2,0,1,0,7,7,9,1
9,5,2,0,1,3,3,0,1,2,1,1,1,0,0,1,2,6,0,0,1
9,15,4,0,1,0,3,0,0,0,1,1,1,0,0,1,0,6,11,8,0
0,15,4,0,1,0,3,0,0,2,1,1,1,0,0,0,5,0,0,0,1
13,20,0,0,0,0,3,1,0,0,1,1,0,0,2,1,1,9,0,12,1
8,15,4,0,1,0,3,3,0,11,1,1,1,0,0,1,0,6,1,11,0
3,11,4,0,1,0,3,3,0,11,1,1,1,0,0,1,0,6,1,6,0
14,20,0,0,0,0,3,3,0,1,1,1,1,5,2,1,0,5,9,14,1
12,20,0,1,1,0,3,0,0,0,1,1,1,5,2,1,0,6,7,13,1
13,21,0,1,1,0,3,0,0,0,1,1,1,5,2,1,0,8,2,14,1
13,18,4,1,1,0,3,0,0,11,1,1,1,0,2,1,0,8,2,6,1
9,20,0,1,1,2,3,1,0,0,1,1,1,0,0,1,0,5,3,14,0
1,18,4,0,0,0,3,0,0,5,0,1,1,0,0,1,0,2,9,2,0
7,17,4,0,1,0,3,1,0,2,1,1,1,0,0,1,0,5,4,4,1
12,21,4,1,1,0,3,0,0,2,1,1,1,0,2,1,0,6,8,10,1
7,20,4,0,1,0,3,1,0,12,1,1,1,0,0,1,0,6,2,13,1
8,21,4,0,1,0,3,1,0,0,1,1,1,0,0,3,0,4,4,3,1
8,13,4,1,1,0,3,1,0,5,1,1,1,0,0,1,2,6,0,6,1
14,18,4,1,1,0,3,3,0,2,1,1,1,0,2,1,0,5,2,7,1
4,18,4,0,1,3,1,1,1,16,1,1,1,7,0,5,3,6,2,5,1
11,20,0,1,1,0,3,0,0,1,1,1,1,0,2,1,0,6,4,10,1
15,15,0,1,1,3,3,0,1,0,1,1,1,7,2,1,0,4,4,2,1
0,17,4,1,1,4,3,0,1,2,1,1,1,0,0,0,5,0,0,0,1
11,21,4,1,1,0,3,0,0,14,1,1,1,0,2,1,0,8,4,12,1
0,15,4,1,1,0,3,0,0,2,1,1,1,5,0,0,5,0,0,0,1
3,19,0,1,1,0,3,0,0,1,1,1,1,0,0,1,0,6,2,11,0
10,20,0,0,1,4,3,1,1,0,1,1,1,0,0,1,0,6,5,14,0
3,15,4,0,1,0,3,0,0,2,1,1,1,0,0,1,0,6,8,5,1
0,18,4,0,1,0,3,0,0,2,1,1,1,7,0,1,0,4,2,8,1
6,14,4,0,1,0,3,0,0,2,1,1,1,0,0,8,5,0,0,0,1
9,20,0,1,1,0,3,0,0,0,1,1,1,0,0,1,5,5,0,0,0
9,15,4,0,0,0,3,0,0,6,1,0,0,5,0,6,2,6,0,3,1
3,15,4,1,1,0,3,3,0,14,1,1,1,0,0,1,5,0,0,0,1
11,23,0,0,1,0,3,1,0,0,1,1,1,0,2,1,0,8,11,14,1
1,15,4,1,1,0,3,3,0,2,1,1,1,0,0,1,5,4,0,2,1
14,18,0,1,1,0,3,0,0,0,1,1,1,7,2,3,0,8,6,12,1
12,17,4,1,1,0,3,1,0,0,1,1,1,0,2,2,0,6,3,8,0
5,17,4,1,1,0,3,0,0,2,1,1,1,8,0,1,2,4,0,5,1
11,20,4,1,1,0,3,1,0,0,1,1,1,0,2,4,0,6,11,11,1
15,15,4,1,1,0,3,1,0,2,1,1,1,0,2,1,0,6,2,9,1
7,18,4,1,1,0,3,0,0,2,1,1,1,0,0,1,5,6,0,4,1
0,15,4,0,1,4,3,0,1,2,1,1,1,7,0,1,0,6,10,2,1
8,20,4,0,1,0,3,0,0,11,1,1,1,0,0,4,0,6,8,10,0
9,15,0,1,1,4,3,0,1,1,1,1,1,7,0,1,2,6,0,6,1
2,19,4,1,1,0,3,3,0,7,1,1,1,7,0,0,5,0,0,0,1
14,15,4,0,1,0,3,0,0,14,1,1,1,1,2,1,0,6,6,6,1
2,15,4,0,1,0,3,1,0,15,1,1,1,0,0,1,5,1,0,1,0
0,18,4,0,1,0,3,0,0,16,1,1,1,5,0,1,5,1,0,3,0
10,21,4,1,1,4,3,0,1,0,1,1,1,0,0,1,0,5,0,9,1
1,17,4,1,1,0,3,3,0,2,1,1,1,0,0,1,0,6,4,8,1
3,18,4,1,1,0,3,1,0,2,1,1,1,8,0,1,0,6,2,5,1
14,20,0,1,1,4,3,0,1,0,1,1,1,5,2,1,0,6,2,11,0
5,14,4,0,1,0,3,1,0,2,1,1,1,0,0,1,0,5,3,5,1
15,13,4,1,1,0,3,3,0,10,1,1,1,0,2,1,0,6,7,13,1
15,20,4,0,1,0,2,0,0,10,1,1,1,0,2,1,0,8,4,13,1
5,12,4,0,1,4,3,0,1,2,1,1,1,5,0,1,2,0,0,0,1
14,18,0,1,1,0,3,3,0,1,1,1,1,0,2,0,5,0,0,0,1
6,20,0,1,1,4,3,0,1,1,1,1,1,0,0,1,0,4,3,6,1
6,17,4,0,1,0,3,0,0,2,1,1,1,7,0,1,0,6,1,5,1
10,17,0,0,1,4,3,3,1,1,1,1,1,0,0,1,0,9,3,12,1
8,20,0,1,1,0,2,0,0,10,1,1,1,0,0,1,0,6,8,13,1
15,10,0,1,0,3,3,0,1,0,1,1,0,0,2,0,5,0,0,0,1
0,15,4,0,1,0,3,1,0,14,1,1,1,0,0,0,5,0,0,0,1
0,15,4,0,0,4,2,3,0,6,0,1,0,0,0,1,0,4,2,5,1
15,18,0,0,1,4,3,0,1,1,1,1,1,5,2,1,0,6,4,5,1
2,17,4,1,1,3,3,0,1,2,1,1,1,0,0,1,0,2,4,5,1
8,20,4,0,1,0,3,0,0,0,1,1,1,1,0,5,0,8,4,11,1
0,15,4,1,1,0,3,0,0,5,1,1,1,7,0,1,0,6,4,5,1
7,15,4,1,1,0,3,0,0,2,1,1,1,0,0,1,5,0,0,0,0
3,15,4,1,1,3,3,0,1,2,1,1,1,0,0,1,0,2,9,4,1
5,18,4,1,1,0,3,0,0,0,1,1,1,0,0,1,5,0,0,0,0
1,18,4,0,1,4,3,0,1,2,1,1,1,5,0,1,0,3,3,3,1
1,14,4,0,1,0,3,1,0,2,1,1,1,8,0,1,0,1,2,6,1
4,21,4,0,1,4,3,0,1,5,1,1,1,5,0,1,0,9,3,8,1
4,15,4,1,1,0,3,0,0,2,1,1,1,0,0,1,0,6,4,9,1
5,19,4,0,1,0,3,1,0,15,1,1,1,8,0,1,5,0,0,0,0
15,22,0,1,1,3,3,3,1,1,1,1,1,5,2,1,0,7,2,13,1
9,20,0,0,1,3,3,0,1,0,1,1,1,5,0,0,5,0,0,0,1
9,18,4,0,1,0,3,0,0,2,1,1,1,0,0,0,5,0,0,0,1
7,18,4,0,1,0,3,0,0,7,1,1,1,0,0,0,5,0,0,0,1
12,20,2,0,1,3,3,0,1,9,1,1,1,0,2,1,0,9,11,8,1
4,15,4,1,1,0,3,0,0,2,1,1,1,0,0,1,5,0,0,1,1
4,20,4,1,1,0,3,3,0,2,1,1,1,5,0,2,0,2,0,8,1
9,19,4,0,1,0,3,1,0,0,1,1,1,1,0,1,0,6,3,6,1
0,18,4,1,1,0,2,1,0,10,1,1,1,0,0,1,0,8,3,5,0
9,21,0,1,1,0,3,3,0,0,1,1,1,5,0,3,0,6,6,13,1
14,21,0,1,1,3,3,1,0,8,1,1,1,0,2,3,0,6,5,11,1
1,18,4,1,1,1,3,1,0,11,1,1,1,0,0,2,0,5,1,2,0
6,13,4,1,1,4,3,0,1,2,1,1,1,7,0,1,0,4,4,13,1
3,20,0,0,1,0,3,1,0,0,1,1,1,8,0,1,1,8,0,12,0
3,15,4,1,1,4,3,0,1,12,1,1,1,0,0,0,5,0,0,0,0
14,20,0,1,1,4,3,0,1,1,1,1,1,5,2,1,0,6,3,9,1
9,20,4,1,1,0,3,0,0,0,1,1,1,7,0,1,0,6,4,6,1
8,15,4,0,1,0,3,0,0,2,1,1,1,1,0,1,0,6,11,11,0
14,23,0,1,1,3,3,0,1,1,1,1,1,5,2,7,0,6,6,14,0
8,11,3,1,1,0,3,3,0,7,1,1,1,0,0,1,0,3,4,6,1
9,18,4,0,1,0,3,2,0,5,1,1,1,0,0,1,0,9,3,10,1
13,15,0,0,1,4,3,3,1,1,1,1,1,5,2,1,0,8,2,7,0
8,20,4,0,1,3,3,0,1,0,1,1,1,5,0,1,1,6,0,12,1
5,12,4,0,1,0,3,3,0,15,1,1,1,8,0,1,5,0,0,0,0
5,15,4,0,1,0,3,2,0,5,1,1,1,0,0,1,0,6,3,6,1
14,20,4,0,1,0,3,0,0,0,1,1,1,1,0,6,0,5,5,14,1
2,18,4,0,1,0,3,1,0,2,1,1,1,0,0,1,2,0,0,0,1
13,12,4,0,1,0,3,0,0,15,1,1,1,1,2,1,2,0,0,9,0
11,20,4,1,1,0,3,1,0,2,1,1,1,0,2,4,0,6,5,12,0
3,18,4,1,1,0,3,0,0,2,1,1,1,0,0,1,0,4,1,4,1
6,20,4,1,0,0,3,1,0,2,1,1,0,0,2,5,4,3,0,6,0
2,20,4,0,1,3,3,2,1,2,1,1,1,5,0,1,2,3,0,4,1
9,13,4,0,1,0,3,0,0,15,1,1,1,0,0,1,5,0,0,0,0
13,18,4,1,1,4,3,0,1,9,1,1,1,0,2,2,0,6,6,9,1
6,18,0,1,1,0,3,3,0,1,1,1,1,0,0,1,0,6,4,11,1
8,18,0,0,1,0,3,0,0,0,1,1,1,7,0,1,0,6,4,11,0
3,20,4,0,1,0,3,0,0,2,1,1,1,0,0,1,0,6,8,11,1
6,18,0,0,1,0,0,0,0,0,1,1,1,0,0,5,3,6,9,12,1
3,15,4,0,1,0,3,1,0,2,1,1,1,0,0,1,0,4,2,4,0
10,15,0,0,1,0,3,0,0,2,1,1,1,0,0,1,5,6,0,7,1
14,17,0,1,1,0,3,0,0,1,1,1,1,0,2,1,0,6,6,8,1
4,21,4,1,1,3,3,1,1,2,1,1,1,8,0,1,0,1,2,4,1
0,15,4,0,1,0,3,3,0,4,1,1,1,7,0,1,0,6,4,7,1
10,17,4,1,1,0,3,1,0,0,1,1,1,1,0,1,0,5,5,9,1
11,18,4,0,0,0,3,0,0,0,1,1,0,1,2,1,1,6,0,6,1
15,20,0,0,1,0,3,1,0,0,1,1,1,0,2,4,0,6,5,14,1
6,20,4,1,1,0,3,0,0,0,1,1,1,7,0,1,0,8,11,14,1
11,17,4,0,1,0,3,3,0,0,1,1,1,0,2,3,0,6,5,11,1
11,20,4,0,1,0,3,1,0,12,1,1,1,0,2,1,0,7,11,13,0
5,20,0,0,1,0,3,3,0,1,1,1,1,0,0,3,0,6,2,13,0
10,20,4,1,1,0,3,0,0,2,1,1,1,5,0,7,0,6,3,9,1
7,20,4,1,1,0,3,3,0,2,1,1,1,5,0,0,5,0,0,0,1
0,17,4,0,1,2,3,0,0,2,1,1,1,1,0,1,0,4,10,6,1
0,15,4,0,1,0,3,0,0,2,1,1,1,7,0,1,5,6,0,1,1
4,20,4,0,1,0,3,0,0,2,1,1,1,5,0,1,0,8,2,12,1
7,20,4,1,1,0,3,1,0,0,1,1,1,8,0,3,1,8,0,12,1
11,19,0,0,1,0,1,1,0,0,1,1,1,8,2,1,0,6,3,12,1
13,18,4,0,1,0,3,0,0,0,1,1,1,0,2,1,0,9,3,12,0
1,15,4,1,1,0,3,0,0,5,1,1,1,7,0,1,5,2,0,4,0
13,18,0,1,1,0,3,1,0,0,1,1,1,5,2,3,0,6,7,12,1
2,17,4,1,1,0,3,1,0,7,1,1,1,2,0,5,2,2,3,5,1
5,15,0,1,1,4,3,0,1,1,1,1,1,0,0,1,0,2,1,3,0
1,14,4,0,1,4,3,0,1,2,1,1,1,5,0,0,5,0,0,0,1
3,15,4,1,1,0,3,0,0,14,1,1,1,0,0,1,0,6,2,7,1
7,19,4,0,1,0,3,1,0,11,1,1,1,0,0,1,0,6,2,12,0
9,18,0,0,1,0,3,3,0,8,1,1,1,0,0,1,0,7,0,8,1
2,19,4,1,1,0,3,1,0,0,1,1,1,0,0,1,2,2,0,4,0
4,10,4,0,1,0,0,1,0,7,1,1,1,4,0,5,3,8,3,10,1
10,20,4,0,1,0,3,3,0,2,1,1,1,5,0,1,0,6,7,10,1
10,21,0,1,1,4,3,0,1,8,1,1,1,5,0,3,0,6,8,8,1
3,15,4,1,1,4,3,0,1,2,1,1,1,0,0,9,2,0,0,0,1
4,15,4,0,1,0,3,0,0,2,1,1,1,0,0,1,0,3,4,4,1
13,6,4,0,1,2,3,0,0,7,1,1,1,0,2,9,2,0,11,4,1
9,18,0,0,1,0,0,1,0,0,1,1,1,0,0,5,3,9,3,12,1
12,20,4,0,1,3,3,0,1,3,1,1,1,0,2,6,0,2,7,5,1
0,15,4,1,1,4,3,0,1,2,1,1,1,5,0,0,5,0,0,0,1
13,20,0,0,1,0,3,0,0,1,1,1,1,0,2,1,0,5,7,10,1
11,20,0,1,1,0,3,0,0,0,1,1,1,1,2,1,0,9,11,14,0
10,13,0,1,1,4,3,0,1,9,1,1,1,7,0,1,2,6,0,5,1
13,17,4,0,1,0,3,0,0,0,1,1,1,0,2,2,0,6,4,12,1
9,19,0,1,1,0,3,0,0,1,1,1,1,0,0,1,5,0,0,0,0
0,10,4,0,1,4,3,0,1,7,1,1,1,0,0,0,5,0,0,0,1
15,18,4,0,1,0,3,0,0,0,1,1,1,0,2,1,0,6,2,11,1
4,20,4,1,1,4,3,0,1,2,1,1,1,0,0,2,0,1,4,4,1
11,10,2,1,1,3,3,0,1,2,1,1,1,0,2,0,5,0,0,0,1
12,20,0,0,1,0,3,1,0,0,1,1,1,0,2,1,0,7,11,14,0
0,15,4,0,1,2,3,0,0,2,1,1,1,0,0,9,2,0,0,0,1
12,15,2,1,1,0,3,1,0,0,1,1,1,0,2,1,2,0,0,8,1
10,13,4,0,1,0,3,0,0,15,1,1,1,7,0,1,5,0,0,0,1
15,20,0,0,1,0,3,0,0,0,1,1,1,0,2,6,0,9,0,14,0
13,21,0,1,1,0,3,0,0,0,1,1,1,0,2,2,0,2,2,3,1
11,14,0,1,1,0,3,0,0,0,1,1,1,8,2,1,0,6,1,5,1
9,20,4,1,1,0,3,0,0,12,1,1,1,1,0,1,0,6,4,10,0
0,18,4,0,1,0,3,0,0,11,1,1,1,5,0,1,0,3,2,4,0
9,20,4,1,1,0,3,0,0,2,1,1,1,0,0,1,2,0,0,0,1
14,20,4,1,1,4,3,0,1,0,1,1,1,5,2,1,0,6,3,14,1
6,20,4,1,1,3,3,0,1,9,1,1,1,0,0,0,5,0,0,0,1
8,20,4,0,1,4,3,3,1,11,1,1,1,5,0,1,0,6,8,14,1
6,20,4,0,1,0,1,0,0,0,1,1,1,0,0,1,0,8,11,12,0
15,15,4,1,0,3,3,0,1,1,1,0,1,5,2,4,5,0,0,2,1
4,17,4,1,1,0,3,3,0,11,1,1,1,0,0,1,2,6,0,6,0
2,18,4,0,1,0,3,0,0,5,1,1,1,0,0,1,2,2,0,4,1
14,22,4,1,0,0,3,1,0,0,1,0,1,0,2,7,0,6,0,14,0
15,21,0,0,1,0,3,1,0,0,1,1,1,8,2,3,0,6,2,14,1
14,7,4,0,0,0,2,0,0,2,1,1,0,0,2,2,0,4,3,7,1
3,21,4,0,1,0,3,1,0,2,1,1,1,0,0,1,0,6,5,13,1
3,18,4,0,1,0,3,1,0,4,1,1,1,0,0,1,0,4,4,4,1
2,17,4,1,1,0,3,3,0,2,1,1,1,5,0,1,5,2,0,1,0
9,20,4,0,1,0,3,3,0,14,1,1,1,0,0,1,0,6,8,13,1
11,20,0,1,1,0,3,0,0,1,1,1,1,0,2,1,0,6,5,12,1
0,18,4,1,1,0,3,0,0,16,1,1,1,1,0,1,0,3,5,3,0
12,20,0,1,1,4,3,1,1,0,1,1,1,0,2,6,0,7,6,11,1
11,20,4,1,1,4,3,3,1,12,1,1,1,5,2,1,5,6,0,5,0
5,18,4,1,1,0,3,0,0,11,1,1,1,1,0,1,0,4,2,3,0
7,19,4,1,1,0,3,3,0,2,1,1,1,0,0,1,0,6,11,11,1
13,21,4,1,1,4,3,0,1,0,1,1,1,5,2,1,0,9,10,14,0
2,17,4,0,1,0,3,1,0,2,1,1,1,8,0,1,5,2,0,4,1
4,18,4,1,1,0,3,0,0,9,1,1,1,0,0,1,0,6,3,9,1
7,19,0,1,1,0,3,0,0,0,1,1,1,7,0,2,0,6,6,10,1
5,19,4,0,1,0,3,0,0,11,1,1,1,0,0,1,0,2,2,4,0
13,20,4,1,1,0,3,0,0,2,1,1,1,0,2,3,0,4,7,5,1
5,20,4,0,1,0,3,0,0,2,1,1,1,5,0,1,0,6,8,6,1
3,15,4,0,1,0,3,0,0,12,1,1,1,0,0,1,0,5,4,6,0
2,20,4,0,0,0,3,0,0,2,1,1,0,0,0,0,5,0,0,0,1
5,15,4,0,1,0,3,3,0,2,1,1,1,0,0,1,0,2,2,4,1
14,21,0,1,1,4,3,3,1,1,1,1,1,0,2,1,0,9,4,13,1
0,15,4,1,1,0,3,3,0,2,1,1,1,0,0,1,0,2,0,1,0
3,18,4,0,1,0,3,0,0,2,1,1,1,0,0,1,0,2,1,4,1
8,20,0,0,1,4,3,3,1,0,1,1,1,5,0,1,1,6,0,13,1
9,17,4,0,1,0,3,3,0,2,1,1,1,1,0,1,0,9,8,8,1
1,18,4,1,1,0,3,1,0,2,1,1,1,8,0,1,0,1,1,5,1
1,18,4,1,1,0,3,1,0,16,1,1,1,0,0,1,5,1,0,2,0
8,18,4,0,1,4,3,1,1,0,1,1,1,0,0,1,1,9,0,8,1
4,18,4,0,1,0,3,0,0,2,1,1,1,0,0,1,0,6,8,8,0
12,16,0,1,1,4,3,3,1,1,1,1,1,5,2,0,5,0,0,0,0
12,15,0,1,1,0,3,3,0,0,1,1,1,0,2,2,0,6,2,12,1
3,15,4,1,1,0,3,0,0,2,1,1,1,0,0,1,0,3,6,4,1
9,18,4,1,1,0,3,3,0,2,1,1,1,1,0,1,0,2,11,4,1
8,15,4,1,1,0,3,0,0,16,1,1,1,0,0,1,1,9,0,6,1
1,15,4,1,1,0,3,1,0,2,1,1,1,0,0,1,5,0,0,0,1
2,17,4,0,1,0,3,1,0,2,1,1,1,0,0,3,0,9,8,5,1
4,18,2,1,1,0,3,1,0,0,1,1,1,0,0,1,0,6,1,9,1
14,19,0,1,1,3,3,0,1,0,1,1,1,5,2,0,5,0,0,0,1
7,18,0,1,1,0,3,0,0,0,1,1,1,0,0,1,0,2,5,3,1
12,15,3,0,1,3,3,0,1,0,1,1,1,0,2,1,0,4,5,4,1
3,18,4,0,1,0,3,0,0,2,1,1,1,7,0,1,0,6,8,7,1
5,17,4,0,1,0,3,0,0,2,1,1,1,0,0,1,0,4,3,5,1
1,18,4,0,0,0,3,1,0,4,0,1,0,0,0,1,0,2,3,5,1
13,21,0,1,1,4,3,0,1,1,1,1,1,5,2,1,1,2,0,6,0
6,19,4,0,1,0,3,1,0,2,1,1,1,1,0,1,0,3,0,1,1
0,19,4,0,1,3,3,0,1,2,1,1,1,5,0,0,5,0,0,0,1
12,20,2,1,1,4,3,0,1,5,1,1,1,5,2,1,0,9,3,9,1
3,18,4,1,1,0,3,0,0,9,1,1,1,5,0,1,2,6,0,3,1
8,20,4,0,1,0,3,0,0,2,1,1,1,0,0,1,0,6,3,6,1
9,15,0,0,1,0,3,3,0,5,1,1,1,0,0,2,5,3,0,3,1
5,17,4,0,1,0,3,1,0,2,1,1,1,0,0,1,0,2,2,4,1
5,20,4,1,1,0,3,0,0,0,1,1,1,0,0,1,0,6,10,9,1
13,19,0,1,1,4,3,0,1,0,1,1,1,0,2,1,0,6,5,10,0
0,18,4,1,1,0,3,0,0,0,1,1,1,0,0,1,0,4,2,2,1
1,15,4,1,1,0,3,3,0,2,1,1,1,7,0,1,2,2,0,3,0
7,20,0,0,1,0,0,0,0,0,1,1,1,0,0,5,3,9,4,12,0
4,18,4,0,1,0,3,0,0,16,1,1,1,0,0,6,0,2,6,5,1
12,19,4,0,1,0,3,0,0,0,1,1,1,0,2,1,2,0,0,0,1
1,17,4,1,1,0,3,0,0,9,1,1,1,0,0,4,0,7,5,7,1
2,19,4,1,1,0,3,1,0,2,1,1,1,0,0,1,0,6,5,7,1
9,14,4,1,1,0,3,3,0,12,1,1,1,0,0,9,2,0,0,0,1
12,18,2,1,1,0,3,0,0,2,1,1,1,0,2,1,0,3,6,6,1
1,15,4,1,1,0,3,0,0,2,1,1,1,0,0,1,0,1,6,2,1
15,15,2,1,0,0,3,2,0,0,1,0,1,0,2,1,5,6,0,2,1
11,21,3,0,1,0,0,3,0,0,1,1,1,0,2,4,5,8,0,14,1
11,19,0,0,1,0,1,3,0,0,1,1,1,0,2,1,0,4,5,10,1
15,21,4,1,1,0,3,1,0,0,1,1,1,0,2,4,0,9,4,12,1
5,11,4,0,1,4,3,0,1,5,1,1,1,7,0,1,0,9,10,2,1
7,20,4,0,1,0,1,1,0,2,1,1,1,8,0,1,0,6,7,12,0
11,20,4,1,1,0,3,1,0,2,1,1,1,5,2,1,0,1,3,3,1
8,20,4,0,1,3,3,0,1,2,1,1,1,5,0,1,0,6,6,8,1
4,18,4,0,1,0,3,0,0,2,1,1,1,7,0,1,0,4,3,5,1
6,20,4,1,1,4,3,0,1,11,1,1,1,5,0,1,0,6,4,8,1
12,15,0,1,1,0,3,0,0,0,1,1,1,8,2,1,5,0,0,0,0
12,21,0,1,1,0,3,0,0,0,1,1,1,0,2,2,5,1,0,1,1
13,18,0,0,1,0,3,0,0,0,1,1,1,5,2,2,0,9,10,14,1
7,16,4,0,1,0,3,3,0,11,1,1,1,0,0,1,0,6,6,8,1
7,18,4,0,1,0,3,1,0,0,1,1,1,0,0,1,0,9,2,12,1
13,20,0,1,1,0,3,0,0,0,1,1,1,0,2,2,0,6,3,11,0
2,18,4,0,1,4,3,0,1,2,1,1,1,5,0,1,0,2,6,6,1
15,15,4,1,1,0,3,0,0,0,1,1,1,7,2,1,0,6,3,6,1
2,15,4,0,1,0,0,0,0,16,1,1,1,0,0,5,3,9,1,6,0
3,15,4,0,1,2,3,3,0,2,1,1,1,0,0,9,2,0,0,0,1
9,20,0,0,1,0,3,0,0,1,1,1,1,0,0,1,0,6,7,13,1
11,22,4,1,1,0,3,1,0,0,1,1,1,8,2,3,0,6,6,13,0
12,15,0,1,1,0,3,0,0,1,1,1,1,0,2,1,0,4,3,6,1
14,16,0,1,1,0,3,3,0,1,1,1,1,4,2,1,0,5,8,10,0
2,17,4,0,1,0,3,1,0,2,1,1,1,1,0,0,5,0,0,0,1
2,20,4,1,1,0,3,1,0,2,1,1,1,0,0,1,0,7,3,12,1
11,20,4,1,1,0,3,1,0,2,1,1,1,5,2,1,0,6,3,13,1
5,19,4,1,1,0,3,0,0,2,1,1,1,5,0,3,0,1,2,3,1
11,23,0,1,1,0,3,0,0,1,1,1,1,0,2,7,0,6,11,13,0
11,10,0,1,0,4,3,0,1,8,1,1,0,2,2,0,5,0,0,0,1
14,17,4,1,0,0,3,0,0,0,1,1,0,0,2,0,5,0,0,7,1
0,18,4,0,1,0,3,3,0,14,1,1,1,1,0,1,0,2,1,1,1
3,18,4,0,1,0,3,1,0,2,1,1,1,0,0,1,0,5,4,2,1
4,15,4,1,1,0,3,0,0,2,1,1,1,0,0,0,5,0,0,1,1
0,15,4,1,1,0,3,0,0,2,1,1,1,7,0,0,5,0,0,0,1
8,19,0,1,1,0,3,3,0,0,1,1,1,0,0,1,5,0,0,0,1
13,5,0,0,1,3,3,0,1,2,1,1,1,8,2,1,1,6,0,14,1
11,10,4,1,1,2,3,0,1,0,1,1,1,8,2,4,0,1,1,3,1
4,15,4,1,1,0,3,0,0,2,1,1,1,0,0,1,0,2,2,3,1
10,8,4,0,1,4,3,3,1,4,1,1,1,0,0,1,5,0,0,1,1
7,21,4,1,1,0,3,0,0,0,1,1,1,0,0,3,0,6,6,11,1
6,18,4,1,1,0,3,0,0,0,1,1,1,7,0,1,1,6,0,10,1
13,14,0,1,1,0,3,0,0,1,1,1,1,8,2,7,0,1,1,6,1
4,19,4,1,1,0,0,3,0,16,1,1,1,4,0,5,3,8,3,4,0
15,15,0,0,1,3,3,0,1,0,1,1,1,8,2,1,0,6,6,8,1
9,20,4,0,1,0,3,1,0,12,1,1,1,0,0,6,0,8,3,13,0
0,18,4,0,1,0,3,1,0,16,1,1,1,8,0,3,5,0,0,0,0
14,18,2,1,1,3,3,2,1,1,1,1,1,7,1,6,1,4,4,10,1
6,20,0,0,1,4,3,3,1,1,1,1,1,0,0,1,0,6,0,14,1
9,20,4,1,1,3,3,0,1,0,1,1,1,5,0,3,0,6,2,13,1
0,17,4,1,1,0,3,0,0,2,1,1,1,0,0,9,2,0,0,0,1
2,18,4,1,1,0,3,0,0,0,1,1,1,0,0,1,0,6,3,14,1
9,17,4,0,1,0,3,0,0,2,1,1,1,0,0,3,0,3,10,1,1
10,18,4,0,1,0,3,1,0,2,1,1,1,5,0,1,0,6,4,11,1
3,15,4,0,1,0,3,0,0,2,1,1,1,7,0,9,2,0,0,0,1
5,17,4,0,1,0,3,1,0,12,1,1,1,8,0,1,0,6,6,10,0
15,17,0,1,1,0,3,0,0,0,1,1,1,0,2,1,0,6,4,12,1
4,15,4,0,1,0,1,1,0,0,1,0,1,0,0,1,0,6,7,11,0
1,18,0,0,1,0,3,0,0,1,1,1,1,8,0,1,0,6,11,13,0
11,19,4,1,1,0,3,3,0,0,1,1,1,7,2,1,0,6,5,13,1
9,20,4,1,1,0,3,0,0,11,1,1,1,5,0,3,0,6,6,11,1
10,15,4,1,1,3,3,0,1,2,1,1,1,0,0,1,2,0,0,0,1
12,15,4,1,0,0,3,0,0,3,0,1,1,0,2,1,0,4,2,5,1
7,21,0,1,1,0,3,1,0,1,1,1,1,0,0,1,0,5,8,5,1
13,15,0,0,1,0,3,0,0,1,1,1,1,1,2,5,0,6,4,9,1
0,19,4,1,1,0,3,0,0,2,1,1,1,7,0,1,5,3,0,2,1
6,19,4,0,1,4,3,0,1,14,1,1,1,5,0,1,0,6,3,7,1
6,15,4,0,1,0,3,0,0,2,1,1,1,0,0,1,0,7,6,5,1
0,14,4,1,1,0,3,0,0,16,1,1,1,5,0,9,2,0,0,0,1
0,18,4,1,1,0,3,0,0,14,1,1,1,1,0,1,0,2,3,2,1
0,18,4,0,1,0,3,0,0,16,1,1,1,5,0,0,5,0,0,0,1
8,20,4,1,1,0,3,1,0,0,1,1,1,8,0,1,0,7,4,9,0
2,18,4,0,1,0,3,3,0,2,1,1,1,1,0,1,0,3,3,4,1
7,15,4,1,1,0,3,3,0,5,1,1,1,0,0,2,2,1,0,2,1
7,15,0,1,1,0,3,3,0,1,1,1,1,7,0,1,0,6,4,6,1
2,15,4,0,1,3,3,0,1,2,1,1,1,5,0,1,0,6,10,12,1
3,18,4,1,1,0,3,3,0,11,1,1,1,0,0,0,5,0,0,0,1
5,15,4,1,1,3,3,0,1,12,1,1,1,0,0,1,0,6,1,3,1
1,18,4,1,1,0,3,0,0,2,1,1,1,0,0,0,5,0,0,0,0
14,20,0,1,1,0,3,3,0,0,1,1,1,0,2,2,0,6,0,14,1
10,15,4,1,1,0,3,1,0,2,1,1,1,0,0,1,2,0,0,0,1
14,15,0,0,1,0,3,0,0,0,1,1,1,0,2,1,0,6,4,11,1
7,21,4,0,1,4,3,1,1,0,1,1,1,5,0,1,0,6,6,10,1
11,20,0,0,1,0,3,1,0,1,1,1,1,0,2,1,0,4,7,14,1
14,15,0,1,1,0,3,0,0,8,1,1,1,7,2,1,0,8,0,9,1
14,8,4,0,1,4,3,0,1,11,1,0,1,0,2,1,0,6,10,11,1
11,20,4,1,1,0,3,3,0,0,1,1,1,1,2,3,0,6,6,9,0
15,21,4,1,1,4,3,0,1,0,1,1,1,7,2,1,0,6,1,5,1
10,16,4,0,0,0,3,0,0,0,1,0,0,0,0,1,2,6,0,2,0
1,15,4,0,1,0,0,0,0,16,1,1,1,0,0,5,3,6,3,7,1
2,15,4,0,1,0,3,0,0,2,1,1,1,0,0,1,2,2,0,2,1
10,17,4,0,1,0,3,0,0,15,1,1,1,7,0,0,5,0,0,1,0
1,18,4,1,1,0,3,3,0,2,1,1,1,0,0,1,0,4,2,6,1
0,13,4,0,1,0,3,3,0,2,1,1,1,0,0,0,5,0,0,0,1
8,20,4,0,1,0,3,0,0,0,1,1,1,5,0,1,0,7,6,13,0
1,18,4,0,1,0,3,3,0,11,1,1,1,0,0,1,0,4,10,5,0
14,20,0,0,1,0,3,1,0,1,1,1,1,0,2,1,0,6,10,14,1
2,0,4,1,1,2,3,1,0,2,1,1,1,8,0,1,0,3,8,6,1
6,20,4,1,1,0,3,0,0,2,1,1,1,0,0,0,5,0,0,1,1
2,16,0,1,1,0,3,0,0,8,1,1,1,0,0,0,5,0,0,0,1
6,20,4,0,1,0,3,0,0,11,1,1,1,0,0,1,0,6,3,12,0
7,11,4,0,1,0,3,1,0,7,1,1,1,0,0,1,0,9,3,2,1
5,20,4,0,1,3,3,0,1,0,1,1,1,5,0,1,0,7,6,9,0
1,18,4,0,1,0,3,1,0,2,1,1,1,0,0,3,0,4,5,6,1
3,15,4,1,1,0,3,0,0,2,1,1,1,0,0,9,2,0,0,0,1
15,19,0,1,1,4,3,0,1,0,1,1,1,5,2,1,0,2,3,5,1
0,18,4,0,1,0,3,1,0,2,1,1,1,0,0,1,5,0,0,0,1
6,20,4,0,1,3,3,0,1,2,1,1,1,5,0,1,0,6,5,12,1
11,20,0,0,1,0,3,0,0,0,1,1,1,0,2,4,0,6,1,11,1
6,13,4,0,1,0,3,0,0,2,1,1,1,7,0,1,0,5,2,6,1
4,18,4,0,1,0,3,0,0,2,1,1,1,5,0,1,2,0,0,6,1
13,20,0,1,1,3,3,0,1,0,1,1,1,5,2,1,0,6,3,13,1
4,18,0,1,1,4,3,1,1,1,1,1,1,0,0,1,0,3,2,4,0
7,18,4,1,0,0,3,0,0,0,1,0,1,0,0,9,2,0,0,0,1
11,15,0,0,1,0,1,0,0,1,1,1,1,0,2,1,5,0,0,0,1
10,20,4,1,1,0,3,0,0,0,1,1,1,0,0,1,0,7,8,9,1
13,15,4,0,1,0,3,0,0,2,1,1,1,0,2,1,0,6,6,10,1
5,18,4,0,1,0,3,0,0,4,1,1,1,7,0,1,0,4,8,1,1
8,21,4,1,1,0,3,3,0,7,1,1,1,0,0,1,0,6,4,9,1
13,20,4,0,1,0,3,0,0,0,1,1,1,8,2,1,0,6,3,10,1
5,20,4,0,1,0,3,0,0,0,1,1,1,7,0,7,0,6,10,9,1
5,20,0,1,1,0,3,1,0,9,1,1,1,0,0,0,5,0,0,0,0
13,15,4,1,0,0,3,3,0,12,0,1,1,0,2,1,0,7,9,9,0
2,18,4,0,1,0,3,1,0,0,1,1,1,0,0,1,2,4,0,5,0
0,21,4,1,1,0,3,1,0,11,1,1,1,5,0,1,2,1,0,3,0
1,18,4,1,1,4,3,0,1,11,1,1,1,2,0,0,5,0,0,0,0
8,18,0,1,1,0,3,0,0,2,1,1,1,0,0,1,0,4,2,8,1
10,14,4,1,1,0,3,0,0,12,1,1,1,7,0,0,5,0,0,0,1
2,15,4,0,1,0,3,3,0,9,1,1,1,5,0,1,2,1,0,4,0
2,15,4,0,1,0,3,0,0,2,1,1,1,0,0,0,5,0,0,0,1
13,20,4,0,1,3,3,0,1,0,1,1,1,5,2,4,0,6,3,6,1
2,18,2,1,1,0,3,0,0,2,1,1,1,0,0,1,0,3,4,9,1
15,15,4,0,1,0,3,1,0,7,1,1,1,0,2,6,2,0,0,4,1
8,20,4,0,1,0,3,0,0,2,1,1,1,5,0,1,0,3,4,5,1
15,20,0,1,1,0,3,1,0,0,1,1,1,0,2,1,0,6,10,13,1
9,21,4,1,1,4,3,0,1,0,1,1,1,5,0,1,0,2,9,4,0
8,20,4,1,1,0,3,1,0,0,1,1,1,0,0,0,5,0,0,0,1
14,11,4,0,1,4,3,0,1,0,1,1,1,0,2,1,0,6,1,6,1
1,18,4,1,1,0,3,3,0,2,1,1,1,5,0,0,5,0,0,0,1
7,18,0,1,1,0,3,0,0,0,1,1,1,7,0,1,0,9,6,12,1
6,18,4,0,1,0,3,1,0,2,1,1,1,0,0,1,0,6,6,11,1
3,14,0,1,1,0,3,1,0,0,1,1,1,0,0,1,1,8,0,5,1
7,15,4,0,1,0,1,0,0,2,1,1,1,0,0,1,0,6,11,3,1
12,17,2,0,1,0,3,0,0,0,1,1,1,1,2,1,0,6,4,13,1
8,15,0,0,1,3,3,0,1,0,1,1,1,0,0,1,0,6,11,9,1
0,15,4,0,0,0,3,0,0,4,0,1,0,0,0,0,5,0,0,5,1
9,20,4,1,1,0,3,0,0,5,1,1,1,0,0,6,2,0,0,0,1
5,20,4,0,1,0,3,3,0,2,1,1,1,1,0,1,0,6,10,8,0
2,15,4,1,0,0,3,1,0,2,1,1,1,5,0,0,5,0,0,0,1
15,21,0,1,1,3,3,0,1,0,1,1,1,5,2,1,0,6,10,13,1
1,18,4,1,1,0,3,3,0,2,1,1,1,7,0,1,0,2,3,4,0
0,19,4,0,1,0,3,0,0,5,1,1,1,0,0,1,5,1,0,2,1
15,21,0,0,1,3,3,0,1,1,1,1,1,5,2,1,0,6,2,13,1
9,20,4,0,1,0,0,3,0,11,1,1,1,0,0,5,3,9,2,13,1
13,19,0,1,1,4,3,0,1,1,1,1,1,0,2,1,0,6,9,11,1
15,21,0,0,1,4,3,0,1,1,1,1,1,7,2,1,0,6,8,13,1
15,21,0,1,1,0,3,1,0,0,1,1,1,0,2,4,0,6,5,12,1
2,15,4,0,1,0,3,3,0,2,1,1,1,5,0,1,0,6,4,12,1
6,19,0,0,1,0,0,0,0,0,1,1,1,0,0,5,0,8,5,12,1
10,18,4,1,1,0,3,3,0,0,1,1,1,0,0,7,0,5,5,9,1
9,18,4,1,1,0,3,0,0,2,1,1,1,7,0,1,0,6,6,6,1
6,21,0,1,1,4,3,0,1,0,1,1,1,5,0,1,0,6,6,14,1
6,20,0,1,1,3,3,0,1,11,1,1,1,0,0,1,0,4,6,4,0
9,15,0,1,1,4,3,0,1,0,1,1,1,7,0,1,0,6,4,10,1
6,17,4,0,1,0,3,0,0,15,1,1,1,0,0,0,5,0,0,0,0
5,2,0,1,0,0,1,0,0,0,0,0,1,7,0,4,0,0,3,4,1
10,15,0,0,1,0,3,0,0,2,1,1,1,0,0,0,5,0,0,0,1
14,8,4,1,1,4,3,0,1,12,1,1,1,0,2,1,5,0,0,1,1
8,15,4,1,1,0,3,0,0,0,1,1,1,8,0,3,0,8,3,9,0
3,15,4,1,1,0,3,3,0,3,1,1,1,0,0,1,0,4,2,5,1
14,20,4,0,1,0,3,1,0,12,1,1,1,0,2,1,0,7,5,14,0
0,15,4,0,1,2,3,1,0,2,1,1,1,1,0,9,2,0,0,0,1
9,21,0,0,1,0,3,0,0,0,1,1,1,5,0,1,0,6,4,13,1
3,18,4,1,1,0,3,0,0,2,1,1,1,5,0,3,0,2,2,4,1
14,19,4,1,1,0,3,1,0,12,1,1,1,0,2,0,5,0,0,10,0
10,5,4,1,1,3,3,0,1,2,1,1,1,0,0,1,1,6,0,14,1
15,20,0,1,1,0,3,1,0,1,1,1,1,0,2,2,5,0,0,0,0
2,18,4,1,1,0,3,0,0,2,1,1,1,5,0,0,5,0,0,4,1
15,21,0,1,1,4,3,0,1,9,1,1,1,5,2,0,5,0,0,0,0
13,15,0,1,1,0,3,0,0,0,1,1,1,5,2,1,5,0,0,0,1
7,19,4,1,1,0,3,1,0,0,1,1,1,0,0,1,0,3,2,11,1
5,20,4,1,1,0,3,0,0,2,1,1,1,5,0,1,2,0,0,0,1
1,18,4,0,1,0,3,0,0,2,1,1,1,0,0,1,0,2,3,4,1
14,19,0,0,1,4,3,0,1,0,1,1,1,5,2,1,0,6,8,11,1
10,20,0,1,1,3,3,0,1,1,1,1,1,0,0,5,5,6,0,11,1
2,18,4,1,1,0,3,0,0,16,1,1,1,5,0,2,0,1,1,2,1
1,18,4,0,1,0,3,1,0,7,1,1,1,8,0,1,0,2,3,5,0
13,18,4,1,1,0,3,0,0,0,1,1,1,0,2,1,0,5,8,6,1
7,15,4,0,1,0,3,3,0,2,1,1,1,0,0,1,0,6,4,12,1
2,18,4,0,1,4,3,0,1,4,1,1,1,7,0,6,0,1,6,5,1
0,15,4,0,1,0,3,3,0,2,1,1,1,0,0,0,5,0,0,0,0
11,20,4,0,1,0,3,1,0,0,1,1,1,0,2,1,0,6,3,14,1
8,21,0,1,1,4,3,3,1,1,1,1,1,5,0,1,1,6,0,13,1
0,18,4,0,1,0,3,1,0,2,1,1,1,0,0,0,5,0,0,0,1
7,18,4,0,1,0,3,0,0,16,1,1,1,7,0,1,0,6,3,5,0
15,18,0,1,1,0,3,0,0,2,1,1,1,0,2,1,0,6,10,9,1
14,0,4,0,1,4,3,0,1,9,1,1,1,7,2,0,5,0,0,0,1
12,17,4,0,1,0,3,3,0,2,1,1,1,0,2,1,0,4,1,5,1
7,18,4,0,1,3,3,0,1,2,1,1,1,5,0,0,5,0,0,0,1
4,17,4,0,1,0,3,1,0,2,1,1,1,0,0,1,2,0,0,0,0
6,20,4,0,1,0,3,0,0,0,1,1,1,0,0,1,0,6,6,12,0
14,19,0,1,1,0,3,0,0,1,1,1,1,0,2,1,5,0,0,0,1
7,20,0,1,1,4,3,0,1,1,1,1,1,0,0,1,1,6,0,6,1
4,18,4,0,1,0,3,0,0,0,1,1,1,7,0,1,0,4,3,8,0
5,20,0,1,1,0,3,3,0,11,1,1,1,8,0,1,5,6,0,3,1
4,15,4,0,1,0,3,0,0,11,1,1,1,1,0,1,5,6,0,2,0
13,15,0,1,1,4,3,0,1,1,1,1,1,0,2,1,0,6,8,6,1
4,15,4,0,0,0,3,0,0,2,1,1,1,5,0,0,5,0,0,4,1
1,15,2,0,1,0,3,1,0,2,1,1,1,0,0,1,5,6,0,2,0
7,15,4,0,0,4,3,0,1,0,1,1,0,0,0,1,5,2,0,4,0
10,19,4,1,1,3,3,0,1,2,1,1,1,0,0,1,0,6,3,7,1
6,17,4,0,1,0,3,1,0,2,1,1,1,8,0,8,5,6,0,0,1
11,14,0,0,1,0,3,3,0,2,1,1,1,8,2,1,0,6,1,5,1
12,18,0,0,1,0,3,0,0,0,1,1,1,7,2,1,0,6,8,11,1
10,17,4,1,1,4,3,0,1,0,1,1,1,0,0,1,0,6,6,9,1
15,16,0,1,1,0,3,3,0,1,1,1,1,0,2,1,0,6,1,10,1
8,18,4,0,1,0,3,0,0,2,1,1,1,1,0,1,2,0,0,0,0
9,20,4,0,0,0,3,0,0,0,1,1,0,5,0,1,5,6,0,3,1
14,21,0,1,1,0,3,1,0,0,1,1,1,0,2,1,0,6,4,13,1
7,18,4,0,1,0,3,0,0,2,1,1,1,0,0,1,0,6,4,6,1
13,21,4,0,1,0,3,0,0,0,1,1,1,5,2,1,0,6,7,13,1
7,19,0,0,1,0,3,0,0,0,1,1,1,0,0,1,0,6,5,11,1
11,21,4,0,1,3,3,0,1,11,1,1,1,5,2,4,5,6,0,2,0
1,15,4,0,0,0,3,0,0,16,1,1,0,0,0,0,5,0,0,0,1
13,11,4,0,1,4,3,3,1,11,1,1,1,0,2,1,0,9,4,13,0
14,19,0,1,1,0,3,3,0,8,1,1,1,0,2,0,5,0,0,0,1
14,17,0,0,1,3,3,1,0,8,1,1,1,5,2,3,0,6,2,11,1
8,18,0,1,1,0,3,3,0,0,1,1,1,0,0,1,2,2,0,6,0
13,21,4,0,1,4,3,0,1,0,1,1,1,5,2,6,0,8,6,12,1
12,19,0,0,1,4,3,0,1,1,1,1,1,0,2,1,0,6,3,11,1
13,20,4,0,1,0,3,1,0,0,1,1,1,0,2,1,0,8,2,14,0
8,15,4,1,1,0,3,1,0,2,1,1,1,0,0,1,0,6,3,10,1
3,16,4,1,1,0,3,0,1,9,1,1,1,5,0,6,0,1,4,3,0
8,16,4,0,0,0,3,1,0,15,1,1,0,0,0,0,5,0,0,1,0
6,15,4,0,1,0,3,0,0,2,1,1,1,1,0,1,0,2,4,2,1
14,20,2,1,1,4,3,0,1,0,1,1,1,5,2,1,0,7,8,12,0
10,18,4,0,1,0,3,1,0,2,1,1,1,0,0,1,5,0,0,0,1
2,17,0,1,1,0,3,1,0,1,1,1,1,0,2,1,0,1,2,6,1
1,17,4,0,1,0,3,0,0,2,1,1,1,5,0,1,0,3,3,2,1
2,15,4,0,0,0,3,0,0,2,1,1,0,0,0,0,5,0,0,3,1
0,15,4,1,1,0,3,0,0,9,1,1,1,0,0,1,5,3,0,4,1
1,18,4,0,1,4,0,0,1,6,1,1,1,5,0,5,3,6,2,14,1
3,0,4,1,1,0,3,0,1,9,1,1,1,5,0,6,0,3,4,9,1
15,15,0,0,1,0,3,0,0,1,1,1,1,7,2,1,0,6,10,12,1
4,17,4,0,1,0,3,3,0,2,1,1,1,0,0,1,0,4,1,9,1
4,19,0,1,1,0,3,0,0,2,1,1,1,0,0,3,0,4,2,6,1
6,19,4,1,1,0,3,1,0,2,1,1,1,5,0,2,0,1,0,1,1
0,15,4,1,1,0,3,1,0,2,1,1,1,0,0,0,5,0,0,0,1
7,17,0,0,1,0,0,1,0,0,1,1,1,0,0,5,3,9,2,12,0
13,8,0,0,1,4,3,0,1,2,1,1,1,1,2,1,0,6,5,14,1
1,18,4,0,1,0,3,0,0,16,1,1,1,5,0,0,5,0,0,0,1
15,20,0,1,1,4,3,3,1,1,1,1,1,0,2,6,0,5,0,6,1
0,15,4,0,1,0,3,0,0,2,1,1,1,0,0,1,0,6,7,8,1
2,17,4,1,0,0,3,0,0,2,1,1,0,0,0,1,0,3,10,4,1
10,0,0,1,1,4,3,3,1,1,1,1,1,0,0,0,5,0,0,6,1
6,18,4,0,1,4,3,0,1,14,1,1,1,5,0,1,0,6,6,9,1
11,19,4,0,1,0,3,3,0,0,1,1,1,7,2,1,5,6,0,4,1
1,18,4,0,1,0,3,0,0,2,1,1,1,0,0,1,0,6,3,9,1
14,20,0,1,1,0,3,1,0,0,1,1,1,0,2,3,0,6,10,11,1
12,13,0,0,1,4,3,0,1,0,1,1,1,0,2,1,0,8,1,13,0
13,21,4,1,1,4,3,3,1,12,1,1,1,5,2,1,0,6,4,11,1
13,20,4,0,1,0,3,3,0,11,1,1,1,0,2,1,0,8,4,14,1
14,17,4,0,1,0,3,0,0,0,1,1,1,0,2,4,0,4,0,1,1
2,15,4,1,0,0,3,0,0,2,1,1,1,0,0,0,5,0,0,4,1
3,15,4,0,1,0,0,0,0,16,1,1,1,0,0,5,3,8,2,6,0
15,21,0,0,1,4,3,0,1,1,1,1,1,5,2,1,0,9,4,14,1
7,18,4,1,1,0,3,0,0,2,1,1,1,1,0,1,0,6,6,10,1
4,15,4,0,1,0,3,0,0,15,1,1,1,0,0,1,5,2,0,1,0
6,18,0,0,1,0,3,0,0,1,1,1,1,5,0,1,0,6,6,10,0
1,18,4,1,1,0,3,1,0,16,1,1,1,0,0,1,5,1,0,3,0
8,15,4,0,1,0,3,1,0,7,1,1,1,0,0,1,0,8,10,7,1
14,18,0,1,1,0,3,1,0,8,1,1,1,0,2,1,5,6,0,3,1
1,15,4,0,1,0,0,0,0,16,1,1,1,1,0,5,3,6,1,6,0
8,20,4,1,0,0,3,0,0,0,1,1,0,0,0,1,1,1,0,1,1
15,19,0,1,1,0,3,3,0,0,1,1,1,1,2,1,5,0,0,0,1
4,12,4,0,1,0,3,0,0,5,1,1,1,7,0,6,2,0,0,5,0
8,18,0,0,0,0,3,0,0,0,1,1,1,2,0,1,0,6,4,13,1
10,8,4,1,1,4,3,3,1,11,1,1,1,0,0,1,0,6,4,8,1
1,17,4,1,1,0,3,0,0,2,1,1,1,5,0,0,5,0,0,0,1
14,20,4,0,1,0,3,0,0,0,1,1,1,5,2,2,0,6,3,11,0
9,18,4,1,1,0,3,0,0,2,1,1,1,0,0,1,0,8,11,12,1
6,18,4,0,1,4,3,0,1,11,1,1,1,0,0,1,0,6,6,7,0
2,15,4,1,0,0,3,3,0,2,1,1,0,0,0,0,5,0,0,0,1
8,15,0,1,1,0,3,3,0,1,1,1,1,7,0,1,0,6,8,3,1
12,20,4,0,1,0,3,3,0,11,1,1,1,0,2,1,0,8,4,11,1
14,18,0,1,1,0,3,1,0,1,1,1,1,1,2,5,0,6,4,11,0
12,20,4,1,1,3,3,0,1,0,1,1,1,5,2,4,0,4,2,6,1
2,15,4,1,1,0,3,0,0,2,1,1,1,7,0,1,0,6,2,6,1
2,18,4,0,0,0,3,0,0,2,1,1,0,8,0,1,0,2,3,4,1
2,19,4,1,1,0,3,3,0,2,1,1,1,0,0,2,2,1,0,2,1
14,14,0,1,1,0,3,0,0,16,1,1,1,5,2,1,0,6,4,5,1
1,18,4,0,1,0,3,0,0,2,1,1,1,0,0,2,0,5,3,8,1
10,15,4,0,1,0,3,3,0,2,1,1,1,0,0,1,2,0,0,8,1
15,15,4,0,1,0,3,0,0,0,1,1,1,0,2,1,0,4,4,6,1
1,18,4,1,1,0,3,0,0,11,1,1,1,0,0,1,0,1,2,3,1
7,15,4,1,1,0,3,0,0,12,1,1,1,7,0,1,0,6,3,9,1
6,18,4,0,1,0,3,0,0,14,1,1,1,7,0,1,0,5,3,7,0
14,14,4,0,1,4,3,0,1,12,1,1,1,5,2,0,5,0,0,0,1
5,19,4,1,1,0,3,1,0,2,1,1,1,0,0,3,0,3,2,3,1
6,15,4,0,1,0,1,1,0,2,1,1,1,0,0,8,5,0,0,0,1
0,15,4,0,1,4,3,0,1,2,1,1,1,0,0,1,5,1,0,2,1
15,22,4,0,1,0,3,1,0,7,1,1,1,0,2,1,0,6,8,14,1
3,15,4,0,1,0,3,0,0,2,1,1,1,7,0,1,0,9,1,6,1
7,16,4,0,1,0,3,1,0,0,1,1,1,5,0,1,0,5,10,5,1
2,15,4,1,1,0,3,0,0,2,1,1,1,0,0,1,0,3,7,9,1
8,21,4,1,1,0,3,0,0,0,1,1,1,0,0,1,1,9,0,12,1
9,21,4,0,1,0,3,0,0,0,1,1,1,0,0,1,0,8,4,11,0
12,18,4,0,1,0,3,0,0,2,1,1,1,0,2,1,0,4,6,6,1
1,18,4,1,1,4,3,0,1,2,1,1,1,7,0,1,2,1,0,2,1
8,19,4,0,0,0,3,1,0,0,1,1,0,0,0,3,0,6,2,5,1
9,15,4,0,1,0,3,0,0,2,1,1,1,0,0,1,0,4,3,6,1
6,18,4,0,1,0,1,3,0,14,1,1,1,0,0,1,5,0,0,0,1
7,19,4,1,1,0,3,0,0,2,1,1,1,7,0,6,0,1,0,2,1
9,20,4,0,1,4,3,0,1,5,1,1,1,0,0,1,0,8,4,10,0
9,1,4,0,1,0,0,3,0,11,0,1,1,5,0,8,3,6,3,11,0
6,18,4,1,1,0,3,1,0,12,1,1,1,0,0,1,0,3,2,11,0
1,18,4,0,1,0,3,1,0,2,1,1,1,8,0,0,5,0,0,5,1
2,19,4,1,1,0,3,3,0,11,1,1,1,0,0,1,5,1,0,2,0
5,15,0,0,1,0,3,0,0,2,1,1,1,0,0,1,2,0,0,0,0
11,11,0,1,0,4,3,0,1,1,1,1,1,7,2,0,5,0,0,0,1
7,15,4,1,1,0,3,0,0,5,1,1,1,0,0,1,0,6,3,9,0
2,16,4,1,1,0,3,0,0,11,1,1,1,0,0,1,0,7,4,4,0
2,20,4,1,1,0,3,1,0,2,1,1,1,0,0,3,0,6,2,6,1
14,10,1,1,1,3,3,0,1,14,1,1,1,0,2,4,0,3,5,2,0
9,18,4,0,1,0,3,1,0,2,1,1,1,0,0,1,0,6,11,8,1
7,15,4,0,0,0,3,0,0,2,1,1,0,0,0,0,5,0,0,4,1
14,6,0,0,1,4,3,0,1,0,1,1,1,8,2,1,0,5,8,10,1
13,18,0,1,1,4,3,0,1,1,1,1,1,5,2,2,0,1,6,3,0
12,21,4,1,1,0,3,0,0,14,1,1,1,5,2,1,0,6,8,12,1
5,19,4,1,1,0,3,1,0,2,1,1,1,8,0,1,0,6,10,4,1
3,15,4,0,1,0,3,0,0,2,1,1,1,0,0,0,5,0,0,0,1
6,17,4,0,1,0,0,1,0,16,1,1,1,0,0,5,3,6,2,7,1
9,20,4,0,1,0,3,0,0,0,1,1,1,1,0,1,0,6,11,12,0
1,18,4,0,1,0,3,1,0,11,1,1,1,2,0,6,5,2,0,3,1
4,20,0,0,1,0,3,3,0,2,1,1,1,0,0,1,0,2,6,5,1
15,19,4,0,1,0,3,0,0,11,1,1,1,7,2,1,0,6,4,5,1
15,15,0,0,1,0,3,0,0,1,1,1,1,0,2,1,0,6,6,8,1
4,20,4,1,1,0,3,0,0,16,1,1,1,8,0,1,1,6,0,6,1
8,13,4,1,1,0,3,3,0,2,1,1,1,1,0,1,0,4,9,6,1
7,20,4,0,1,3,3,1,0,11,1,1,1,0,0,3,0,6,2,11,1
0,15,4,1,1,0,3,1,0,2,1,1,1,0,0,0,5,0,0,0,1
9,21,4,1,1,4,3,0,1,5,1,1,1,5,0,9,2,0,0,0,1
10,20,4,0,1,0,3,0,0,0,1,1,1,0,0,3,0,9,4,12,0
6,20,4,1,1,0,3,1,0,2,1,1,1,8,0,5,0,6,2,10,1
3,18,4,1,1,0,3,1,0,2,1,1,1,5,0,1,0,6,8,8,0
13,18,4,0,1,0,3,0,0,2,1,1,1,1,2,1,0,6,2,12,1
7,17,4,0,1,0,3,0,0,2,1,1,1,0,0,1,0,6,2,7,1
13,18,4,1,1,0,3,3,0,0,1,1,1,0,2,2,0,6,2,10,1
11,15,4,0,1,0,3,3,0,14,1,1,1,0,2,7,0,6,8,9,1
4,18,4,1,1,0,3,0,0,2,1,1,1,0,0,3,0,4,7,6,1
8,18,0,1,1,0,3,0,0,0,1,1,1,0,0,2,0,6,1,13,1
11,21,4,1,1,3,3,0,1,0,1,1,1,0,2,1,0,6,4,11,1
8,21,4,1,1,0,3,2,0,0,1,1,1,5,0,2,0,6,2,12,1
10,20,0,1,1,0,3,0,0,1,1,1,1,0,0,1,0,5,3,13,0
6,20,4,0,1,0,3,0,0,0,1,1,1,5,0,1,0,3,5,14,0
0,18,4,1,0,0,3,1,0,16,1,1,0,0,0,0,5,0,0,3,0
12,20,0,1,1,0,3,0,0,1,1,1,1,1,2,5,0,6,6,2,1
0,15,4,1,1,0,3,1,0,16,1,1,1,0,0,3,0,2,3,4,1
8,18,0,1,1,0,3,0,0,0,1,1,1,0,0,1,0,6,8,7,1
0,15,4,0,1,0,3,3,0,9,1,1,1,0,0,1,0,5,3,3,1
4,18,4,0,1,0,3,0,0,2,1,1,1,1,0,1,2,0,0,8,1
2,18,4,0,1,0,3,0,0,15,1,1,1,1,0,3,5,3,0,4,1
8,20,0,0,1,3,3,0,1,1,1,1,1,0,0,6,0,6,6,13,1
11,17,0,1,1,4,3,0,1,0,1,1,1,0,2,1,2,6,0,5,0
6,11,4,0,1,4,3,0,1,2,1,1,1,7,0,1,0,3,5,2,1
1,15,4,1,1,4,3,0,1,10,1,1,1,5,0,0,5,0,0,0,0
10,21,4,1,1,4,3,0,1,0,1,1,1,0,0,2,0,6,2,10,1
1,15,4,0,1,0,3,1,0,2,1,1,1,0,0,1,2,4,0,5,1
9,20,0,1,1,4,3,3,1,0,1,1,1,0,0,2,0,6,6,11,1
10,10,4,1,1,4,3,0,1,0,1,1,1,0,0,1,0,1,3,1,1
11,18,4,1,1,0,3,3,0,2,1,1,1,0,2,0,5,0,0,0,1
4,15,4,0,0,0,3,0,0,2,1,1,0,7,0,1,5,0,0,1,1
8,18,4,1,0,0,3,0,0,9,1,1,1,2,0,1,0,6,5,8,0
6,18,4,0,1,0,3,0,0,0,1,1,1,0,0,0,5,0,0,0,1
9,7,4,1,0,0,1,0,0,6,0,1,0,6,0,2,0,6,8,14,1
13,18,4,0,1,0,3,0,0,15,1,1,1,7,2,1,5,0,0,1,1
12,2,0,1,1,3,3,0,1,3,1,1,1,7,2,0,2,0,0,6,1
13,15,4,1,1,0,3,0,0,12,1,1,1,0,2,1,0,6,3,12,0
8,6,4,1,1,0,3,0,0,7,1,1,1,8,0,1,0,2,8,4,0
2,17,4,0,1,0,3,0,0,15,1,1,1,7,0,1,2,7,0,1,0
12,23,4,0,1,0,3,3,0,0,1,1,1,0,2,7,0,8,6,13,0
12,19,4,0,1,3,3,0,1,0,1,1,1,5,2,1,0,6,3,11,1
5,20,4,1,1,4,3,0,1,4,1,1,1,5,0,1,0,1,6,2,1
8,20,4,0,1,4,3,0,1,11,1,1,1,0,0,2,0,6,0,9,1
12,21,0,1,1,3,3,1,1,0,1,1,1,8,2,1,0,2,2,8,0
10,21,0,0,1,4,3,0,1,0,1,1,1,5,0,1,0,6,8,13,0
13,19,0,0,1,0,3,1,0,0,1,1,1,0,2,2,0,4,6,8,1
8,19,4,1,1,0,3,0,0,7,1,1,1,7,0,1,5,0,0,0,1
12,20,4,1,1,0,3,0,0,0,1,1,1,5,0,2,0,8,2,14,0
11,20,4,1,1,0,3,0,0,12,1,1,1,0,2,1,0,8,3,12,0
9,15,4,0,1,0,3,0,0,5,1,1,1,0,0,1,0,6,4,8,1
13,17,0,1,0,0,3,1,0,0,1,1,0,0,2,0,5,0,0,0,1
3,15,4,0,1,0,3,0,0,9,1,1,1,0,0,2,0,6,1,8,1
9,21,4,0,1,0,3,1,0,0,1,1,1,0,0,1,0,6,4,14,1
14,17,0,1,1,0,3,0,0,0,1,1,1,0,2,1,0,4,4,7,0
2,22,4,0,1,0,3,1,0,15,1,1,1,0,0,0,5,0,0,0,0
8,18,4,0,1,0,3,0,0,0,1,1,1,7,0,1,0,6,3,5,1
8,20,0,0,1,4,3,0,1,11,1,1,1,5,0,0,5,0,0,0,1
0,17,4,0,1,3,3,0,1,2,1,1,1,0,0,1,0,2,2,4,1
7,15,4,0,1,4,3,0,1,0,1,1,1,0,0,1,0,6,0,8,1
6,21,4,0,1,0,3,0,0,16,1,1,1,1,0,3,0,6,10,11,0
14,15,4,1,1,0,3,0,0,0,1,1,1,5,2,1,5,0,0,2,0
2,18,4,0,1,0,3,0,0,16,1,1,1,0,0,1,0,1,1,3,1
4,18,4,0,0,0,3,0,0,2,1,1,0,0,0,2,0,2,1,4,1
12,17,4,1,1,3,3,0,1,2,1,1,1,7,2,1,0,6,8,10,1
14,15,0,1,1,0,3,0,0,1,1,1,1,7,2,0,5,0,0,0,1
13,20,4,1,1,0,3,1,0,0,1,1,1,5,2,4,0,6,10,12,1
4,18,4,0,1,0,3,0,0,2,1,1,1,0,0,1,0,4,3,3,1
0,18,4,0,1,0,3,0,0,2,1,1,1,1,0,1,2,1,0,3,1
13,18,0,0,1,0,3,3,0,0,1,1,1,0,2,6,0,6,0,11,1
1,14,4,1,1,0,3,1,0,0,1,1,1,0,0,1,0,5,3,7,1
13,19,4,1,1,0,3,0,0,2,1,1,1,1,2,3,0,3,1,5,1
8,15,0,1,1,0,3,0,0,0,1,1,1,0,0,3,0,6,6,12,1
5,18,4,0,1,0,3,1,0,2,1,1,1,0,0,1,2,4,0,3,1
12,21,4,0,1,4,3,0,1,14,1,1,1,5,2,6,0,2,0,14,0
9,15,0,1,1,0,3,0,0,0,1,1,1,1,0,1,5,0,0,0,1
7,20,4,0,1,0,3,0,0,2,1,1,1,1,0,1,0,6,8,9,1
8,20,0,1,1,0,3,1,0,1,1,1,1,0,0,1,1,6,0,2,0
6,15,0,1,1,0,3,0,0,0,1,1,1,0,0,1,0,1,3,5,1
7,6,0,1,1,4,3,0,1,0,1,1,1,8,0,3,0,2,8,3,0
1,14,4,0,1,4,3,0,1,11,1,1,1,0,0,0,5,0,0,0,1
11,17,0,1,1,0,3,0,0,1,1,1,1,0,2,1,0,3,1,9,1
11,18,4,0,1,0,3,0,0,2,1,1,1,7,2,1,0,6,6,9,1
9,18,0,1,1,0,3,0,0,0,1,1,1,0,0,1,0,6,6,9,1
11,14,4,0,0,0,3,0,0,15,1,1,0,0,2,0,5,0,0,1,1
5,14,4,0,0,0,3,0,0,5,1,1,0,7,0,1,5,5,0,6,1
10,17,0,1,1,0,3,0,0,1,1,1,1,0,0,3,0,6,4,12,1
14,14,4,0,1,4,3,0,1,9,1,1,1,5,2,0,5,0,0,0,1
10,20,0,1,1,0,3,1,0,0,1,1,1,0,0,1,0,6,11,14,1
2,15,0,0,1,4,3,0,0,8,1,1,1,7,0,1,0,6,2,11,1
11,15,0,0,1,0,3,0,0,1,1,1,1,8,2,7,0,5,1,9,1
6,20,4,1,1,0,3,1,0,2,1,1,1,0,0,4,0,6,5,11,1
2,15,4,0,1,0,3,0,0,2,1,1,1,0,0,0,5,0,0,0,0
0,18,4,0,1,0,3,2,0,2,1,1,1,0,0,0,5,0,0,0,1
6,15,4,0,1,0,3,0,0,2,1,1,1,0,0,1,0,5,3,10,1
5,19,4,0,1,0,3,3,0,12,1,1,1,0,0,1,0,6,3,10,1
6,19,4,0,1,0,3,1,0,0,1,1,1,0,0,1,0,6,5,10,1
5,18,4,1,0,0,3,0,0,15,1,1,1,0,0,0,5,0,0,2,1
14,20,0,0,1,4,3,0,1,0,1,1,1,5,2,1,0,9,2,14,1
4,17,4,0,1,0,3,0,0,7,1,1,1,7,0,1,0,2,3,5,1
7,0,4,0,1,4,3,0,1,0,1,1,1,0,0,1,0,6,4,11,1
14,21,0,0,1,0,3,3,0,1,1,1,1,5,2,1,0,6,8,14,1
10,20,0,0,1,0,3,0,0,0,1,1,1,5,0,3,0,6,10,12,1
0,15,4,0,1,4,3,3,1,16,1,1,1,0,0,1,5,0,0,2,1
15,17,0,0,1,0,3,0,0,1,1,1,1,0,2,6,0,6,10,11,1
9,15,4,0,1,0,3,0,0,4,1,1,1,0,0,1,5,0,0,0,1
7,15,4,0,1,0,3,0,0,7,1,1,1,0,0,1,5,0,0,0,1
4,15,4,0,1,0,3,0,0,2,1,1,1,0,0,1,0,6,6,6,1
14,15,0,0,1,0,3,0,0,0,1,1,1,0,2,1,0,6,4,10,1
2,15,4,0,1,3,1,0,1,0,1,1,1,7,0,1,0,6,7,9,1
9,16,4,0,0,4,3,3,1,11,1,0,0,0,0,1,0,6,10,7,1
4,12,4,1,1,2,3,0,0,12,1,1,1,2,0,1,1,0,0,9,1
14,14,0,0,1,3,3,0,1,0,1,1,1,0,2,1,0,8,1,11,1
5,15,4,0,1,4,3,0,1,10,1,1,1,0,0,1,0,9,2,3,0
15,19,4,0,1,0,3,0,0,2,1,1,1,0,2,1,2,0,0,0,1
3,20,4,1,1,0,3,0,0,4,1,1,1,0,0,1,0,6,8,7,1
3,17,4,1,1,0,3,1,0,2,1,1,1,7,0,0,5,0,0,2,1
10,0,4,1,1,0,3,0,0,2,1,1,1,5,0,1,0,8,4,9,1
4,20,4,1,1,0,3,0,0,0,1,1,1,7,0,0,5,0,0,0,1
9,20,4,0,1,0,3,1,0,0,1,1,1,0,0,2,0,9,3,14,0
7,18,4,0,1,0,3,0,0,2,1,1,1,0,0,1,5,0,0,0,1
13,20,4,1,1,0,3,0,0,0,1,1,1,5,0,2,0,6,8,14,0
8,13,0,0,1,0,3,3,0,11,1,1,1,0,0,0,5,0,0,0,1
4,15,4,1,1,0,3,3,0,11,1,1,1,0,0,1,0,4,4,6,0
9,18,0,0,1,0,3,0,0,0,1,1,1,0,0,1,0,1,4,1,1
12,15,0,1,1,4,3,0,1,1,1,1,1,0,2,1,5,0,0,0,1
6,19,4,1,1,0,3,0,0,2,1,1,1,7,0,1,5,6,0,7,1
12,18,4,0,1,0,3,0,0,0,1,1,1,8,2,1,0,2,1,8,1
4,18,4,1,1,0,3,0,0,16,1,1,1,1,0,1,5,1,0,1,0
7,15,4,0,1,0,3,0,0,5,1,1,1,7,0,2,0,6,2,10,1
10,18,0,1,1,0,1,1,0,1,1,1,1,0,2,5,5,0,0,2,1
9,20,4,0,1,0,3,3,0,11,1,1,1,0,0,4,0,6,6,13,0
11,15,4,0,1,4,3,0,1,10,1,1,1,0,2,1,0,9,5,11,1
13,18,4,1,1,0,3,1,0,0,1,1,1,0,2,1,5,0,0,0,1
9,15,4,0,1,0,3,3,0,2,1,1,1,0,0,9,2,0,0,0,1
7,18,4,0,1,0,3,0,0,2,1,1,1,7,0,1,0,8,6,9,1
1,18,0,0,1,0,3,0,0,2,1,1,1,0,0,1,0,1,4,2,1
11,20,4,1,1,0,3,3,0,11,1,1,1,0,2,4,0,6,4,11,1
4,18,4,0,1,4,3,0,1,0,1,1,1,2,0,1,0,6,4,9,1
2,15,4,1,1,0,3,1,0,2,1,1,1,8,0,0,5,0,0,5,1
0,17,4,0,0,0,3,1,0,2,1,0,0,0,0,1,2,1,0,5,1
15,15,0,1,1,0,3,0,0,1,1,1,1,0,2,1,5,0,0,0,1
6,19,4,1,1,0,3,0,0,12,1,1,1,0,0,1,0,3,0,9,1
4,12,4,0,1,0,3,0,0,0,1,1,1,0,0,1,1,6,0,12,1
12,16,0,0,1,0,3,1,0,0,1,1,1,0,2,1,0,7,11,13,1
1,18,4,0,1,0,3,0,0,2,1,1,1,0,0,0,5,0,0,0,1
14,20,2,0,1,0,3,3,0,2,1,1,1,0,2,3,0,6,1,10,1
8,20,4,0,1,0,3,1,0,2,1,1,1,0,0,4,0,8,2,11,1
3,18,4,0,1,0,3,0,0,16,1,1,1,0,0,2,0,4,2,7,0
11,20,4,1,1,0,3,0,0,0,1,1,1,7,2,1,0,6,6,11,1
4,18,4,0,1,0,3,1,0,2,1,1,1,2,0,6,0,4,6,3,1
5,20,4,0,1,0,3,3,0,9,1,1,1,0,0,3,0,6,6,4,1
5,15,4,0,1,4,3,0,1,2,1,1,1,0,0,2,2,6,0,2,1
9,15,4,0,1,0,0,3,0,11,1,1,1,0,0,5,3,9,2,11,1
1,18,4,1,1,0,3,1,0,2,1,1,1,0,0,1,5,0,0,0,0
15,19,4,0,1,0,3,0,0,11,1,1,1,0,2,3,0,6,10,6,1
12,17,0,0,1,4,3,0,1,1,1,1,1,5,2,1,0,8,8,9,0
8,15,3,0,1,0,3,3,0,7,1,1,1,0,0,1,0,6,6,6,1
8,20,4,1,1,0,3,0,0,0,1,1,1,7,0,3,0,3,2,5,1
0,15,4,0,1,4,0,0,1,6,1,1,1,7,0,5,3,6,2,6,1
13,15,2,1,1,0,3,1,0,12,1,1,1,0,2,1,0,6,8,12,1
15,20,0,0,1,3,0,0,1,0,1,1,1,0,2,5,3,8,9,12,1
11,10,0,1,1,4,3,0,1,0,1,1,1,0,2,0,5,0,0,0,1
2,19,4,0,1,0,3,0,0,2,1,1,1,0,0,1,0,3,2,5,1
11,15,0,0,1,0,3,1,0,0,1,1,1,0,2,1,0,6,6,8,0
14,5,4,0,1,3,3,0,1,2,1,1,1,8,2,4,0,6,10,14,1
14,23,4,0,1,0,3,3,0,0,1,1,1,5,2,1,0,6,6,14,1
10,19,0,0,1,0,3,3,0,0,1,1,1,5,0,0,5,0,0,14,1
5,15,4,1,1,0,3,0,0,11,1,1,1,7,0,1,5,6,0,3,1
5,19,0,1,1,4,3,0,1,1,1,1,1,5,0,1,5,0,0,0,0
4,19,4,1,1,0,3,0,0,2,1,1,1,0,0,2,0,3,4,6,1
3,17,4,0,1,0,3,3,0,2,1,1,1,0,0,1,0,2,3,8,1
14,19,4,1,1,0,3,3,0,0,1,1,1,5,2,1,0,7,0,9,1
11,20,4,1,1,0,3,1,0,2,1,1,1,0,2,1,0,6,8,12,1
12,18,4,1,1,0,3,0,0,5,1,1,1,7,2,2,0,9,10,8,1
14,20,4,0,1,0,3,0,0,0,1,1,1,7,2,1,0,5,0,9,1
8,20,4,1,1,0,3,3,0,5,1,1,1,7,0,3,0,6,0,9,1
11,19,0,1,1,0,3,3,0,1,1,1,1,0,2,1,0,1,3,2,1
9,15,4,0,1,0,3,0,0,2,1,1,1,0,0,1,0,6,6,9,1
0,15,4,1,1,0,3,0,0,2,1,1,1,7,0,1,0,4,4,1,1
13,20,4,1,1,0,3,1,0,12,1,1,1,0,2,1,0,3,5,14,1
13,16,4,1,1,4,3,0,1,0,1,1,1,5,2,9,2,0,0,0,1
10,19,4,0,1,0,3,1,0,2,1,1,1,0,0,1,0,4,11,7,1
1,18,4,1,1,0,3,0,0,16,1,1,1,2,0,5,3,6,1,6,1
4,18,4,0,1,0,1,0,0,0,1,1,1,0,0,1,0,4,7,4,1
9,18,4,0,1,3,3,0,1,2,1,0,1,5,0,6,0,8,0,11,1
12,20,4,0,0,0,3,1,0,0,1,1,0,0,2,1,0,6,7,7,1
5,20,4,0,1,0,3,1,0,2,1,1,1,0,0,1,0,7,8,13,1
1,18,4,1,1,0,3,1,0,16,1,1,1,5,0,1,5,1,0,3,1
3,20,4,1,1,0,3,1,0,2,1,1,1,0,0,1,0,3,5,4,1
14,19,0,1,1,0,3,0,0,0,1,1,1,0,2,1,0,8,11,14,1
4,18,4,0,1,4,3,0,1,0,1,1,1,0,0,1,5,0,0,0,1
12,17,0,1,1,4,3,0,1,1,1,1,1,0,2,1,2,2,0,3,1
13,18,0,1,1,0,3,3,0,1,1,1,1,0,2,1,1,6,0,13,0
7,15,4,0,1,0,3,1,0,0,1,1,1,7,0,1,0,6,4,10,1
4,12,4,0,1,0,3,0,0,15,1,1,1,1,0,1,5,0,0,1,0
6,18,4,0,1,0,3,3,0,0,1,1,1,0,0,1,0,5,9,13,1
7,16,4,1,1,0,3,0,0,0,1,1,1,0,0,1,5,1,0,1,1
7,20,4,1,1,0,3,0,0,11,1,1,1,0,0,1,0,7,6,11,0
2,18,4,1,1,0,3,0,0,2,1,1,1,8,0,1,0,1,3,5,1
11,19,4,1,1,0,3,1,0,0,1,1,1,0,2,1,0,4,11,4,1
5,20,4,1,1,0,3,1,0,2,1,1,1,0,0,2,0,1,2,3,1
0,18,4,1,1,0,3,3,0,0,1,1,1,8,0,1,0,5,0,3,0
6,20,4,0,1,0,3,0,0,0,1,1,1,8,0,2,0,6,8,7,0
6,18,0,1,1,0,3,0,0,0,1,1,1,1,0,1,0,6,11,9,1
13,15,2,1,1,0,3,1,0,0,1,1,1,0,2,1,0,7,1,10,1
11,20,4,1,0,0,3,3,0,11,1,1,0,0,2,0,5,0,0,0,1
2,0,4,1,0,0,3,1,0,2,1,1,1,5,0,0,5,0,0,2,1
6,13,4,1,1,0,3,0,0,14,1,1,1,1,0,0,5,0,0,7,1
1,15,4,0,1,3,3,0,1,2,1,1,1,7,0,1,0,4,6,4,1
15,19,4,1,1,0,3,1,0,0,1,1,1,0,2,1,0,6,8,12,0
7,14,4,0,1,0,3,0,0,2,1,1,1,0,0,1,0,6,10,8,1
6,18,0,1,1,4,3,0,1,1,1,1,1,0,0,1,1,6,0,2,1
8,15,4,0,1,4,3,0,1,12,1,1,1,0,0,1,0,6,3,9,1
15,20,4,0,1,0,3,0,0,12,1,1,1,0,2,1,0,7,1,9,1
14,20,0,0,1,0,2,3,0,1,1,1,1,0,2,1,0,2,4,5,0
7,13,4,1,1,0,3,0,0,2,1,1,1,1,0,0,5,0,0,5,1
13,13,4,0,1,0,3,0,0,15,1,1,1,1,2,1,5,0,0,2,1
9,20,4,0,1,0,3,0,0,12,1,1,1,0,0,1,0,8,1,11,1
11,19,0,0,1,0,3,0,0,8,1,1,1,0,2,1,0,7,0,11,1
4,17,4,1,1,0,3,0,0,2,1,1,1,0,0,1,0,6,2,3,1
4,15,4,1,1,4,3,0,1,7,1,1,1,2,0,1,0,6,4,9,1
3,17,4,1,1,0,3,3,0,11,1,1,1,0,0,1,0,4,10,10,1
14,20,0,1,1,0,3,0,0,0,1,1,1,7,2,6,0,6,5,12,1
0,18,4,1,1,0,3,0,0,11,1,1,1,0,0,4,5,1,0,1,0
10,0,4,1,1,2,3,3,0,2,1,1,1,2,0,1,1,4,4,6,1
6,15,0,1,1,2,3,3,0,1,1,1,1,0,0,9,2,0,0,13,0
13,19,0,1,1,0,3,0,0,0,1,1,0,0,2,6,0,6,7,12,1
7,20,4,1,1,0,3,1,0,0,1,1,1,0,0,1,0,2,4,4,1
13,18,0,1,1,4,3,0,1,8,1,1,1,7,2,1,0,2,0,3,1
8,21,4,1,1,0,3,0,0,0,1,1,1,0,0,1,0,6,6,11,0
1,15,4,1,1,0,3,0,0,2,1,1,1,0,0,2,0,6,3,9,1
5,20,4,0,1,0,3,0,0,10,1,1,1,0,0,4,0,9,1,3,1
1,17,4,0,1,0,3,0,0,16,1,1,1,0,0,1,5,4,0,7,0
15,15,0,1,1,4,3,0,1,2,1,1,1,0,2,1,0,6,5,9,1
4,15,4,1,1,4,3,0,1,0,1,1,1,7,0,1,0,1,10,1,1
12,2,0,1,0,0,3,0,0,0,0,0,0,7,0,0,2,0,0,4,0
13,19,4,0,1,0,3,1,0,12,1,1,1,0,2,1,0,9,4,14,1
14,18,0,1,1,0,3,0,0,1,1,1,1,1,2,1,5,0,0,0,0
10,20,4,1,1,0,3,3,0,0,1,1,1,5,0,1,0,5,2,7,0
14,20,0,0,1,0,0,0,0,0,1,1,1,0,2,5,3,7,5,12,1
0,15,4,1,1,0,3,0,0,2,1,1,1,0,0,1,0,2,0,1,1
0,18,4,1,0,0,3,3,0,2,1,1,0,1,0,0,5,0,0,4,1
15,18,0,1,1,0,3,0,0,1,1,1,1,7,2,2,0,6,1,9,1
13,20,0,1,1,0,3,0,0,0,1,1,1,7,2,3,0,6,7,13,0
12,13,4,0,1,0,3,0,0,15,1,1,1,1,2,1,5,0,0,2,0
5,15,4,0,1,4,3,0,1,9,1,1,1,7,0,1,0,6,3,8,1
4,20,0,1,1,0,3,1,0,2,1,1,1,0,0,1,2,2,0,3,1
12,20,4,0,1,0,3,1,0,0,1,1,1,2,2,1,0,6,7,14,1
13,11,4,0,1,4,3,3,1,11,1,1,1,0,2,1,0,9,3,6,1
14,21,4,0,1,0,3,0,0,0,1,1,1,0,2,6,0,6,1,13,1
14,19,0,0,1,0,1,1,0,1,1,1,1,4,2,5,0,9,8,11,1
9,17,2,0,1,0,3,1,0,2,1,1,1,0,0,1,5,6,0,7,1
15,23,0,0,1,0,3,0,0,1,1,1,1,0,2,1,0,6,11,3,0
15,23,0,1,0,0,3,1,0,0,0,1,1,0,2,1,0,6,8,13,0
4,20,4,1,0,0,3,0,0,2,1,1,0,0,0,0,5,0,0,0,1
2,18,4,1,1,0,3,3,0,2,1,1,1,0,0,1,0,1,8,3,0
0,18,4,0,1,0,3,0,0,2,1,1,1,0,0,1,0,1,3,1,1
10,10,4,1,1,0,3,3,0,2,1,1,1,0,0,4,0,1,10,1,1
12,15,0,1,1,0,3,1,0,1,1,1,1,0,2,1,5,0,0,0,1
4,15,0,1,1,0,3,3,0,2,1,1,1,0,0,3,0,2,8,6,0
7,20,4,1,1,0,3,1,0,11,1,1,1,8,0,1,5,2,0,3,1
14,15,0,1,1,0,3,0,0,0,1,1,1,0,2,1,2,0,0,0,1
7,19,4,1,1,0,3,0,0,12,1,1,1,5,0,1,0,6,3,11,1
7,17,4,1,1,0,3,0,0,0,1,1,1,0,0,1,0,4,3,3,1
13,18,4,1,1,3,3,3,1,0,1,1,1,0,2,2,5,2,0,4,0
9,15,4,0,1,0,3,0,0,14,1,1,1,0,0,1,0,6,10,12,1
8,15,4,1,1,0,3,0,0,2,1,1,1,0,0,1,0,6,4,2,1
0,18,4,0,1,0,3,1,0,1,1,1,1,0,0,5,0,2,4,2,1
12,15,4,1,1,0,3,3,0,2,1,1,1,0,2,1,0,6,6,6,1
3,18,4,0,1,0,3,1,0,2,1,1,1,8,0,1,0,6,2,8,1
8,17,4,1,1,0,3,0,0,2,1,1,1,1,0,1,2,0,0,4,1
11,14,0,1,1,0,3,0,0,0,1,1,1,0,2,1,0,6,1,5,1
14,20,4,0,1,0,3,0,0,2,1,1,1,0,2,6,0,6,6,10,1
4,15,0,1,1,4,3,0,1,9,1,1,1,5,0,1,0,6,4,3,1
5,20,4,1,1,0,3,3,0,10,1,1,1,0,0,1,0,9,5,10,1
12,22,0,1,1,4,3,0,1,0,1,1,1,0,2,3,0,6,3,14,0
10,15,0,0,1,4,3,0,1,1,1,1,1,0,0,1,0,5,1,3,1
15,15,0,1,1,0,3,0,0,0,1,1,1,7,2,1,0,6,6,8,1
12,21,0,1,1,4,3,1,1,1,1,1,1,0,2,1,1,6,0,9,1
14,17,0,1,1,0,3,3,0,8,1,1,1,0,2,1,0,6,3,8,1
1,18,4,1,1,0,3,3,0,2,1,1,1,1,0,1,0,2,9,3,1
6,19,4,0,1,0,3,0,0,2,1,1,1,0,0,1,0,4,3,7,1
14,17,0,0,1,0,3,3,0,8,1,1,1,0,2,1,0,6,6,11,1
6,15,0,0,1,0,3,0,0,0,1,1,1,7,0,1,0,6,6,10,1
5,18,0,1,0,0,3,0,0,0,1,1,0,0,0,0,5,0,0,0,1
10,19,4,0,1,0,3,1,0,0,1,1,1,0,0,1,0,6,2,10,0
5,20,4,0,1,0,3,1,0,2,1,1,1,8,0,1,5,6,0,2,1
10,14,0,0,1,4,3,0,1,0,1,1,1,7,0,1,0,6,10,12,1
2,15,4,1,1,0,3,3,0,5,1,1,1,0,0,1,2,1,0,3,1
0,15,4,0,1,0,3,1,0,16,1,1,1,0,0,2,5,4,0,3,1
8,18,4,0,1,3,3,3,1,5,1,1,1,5,0,1,0,6,3,9,1
5,18,4,0,1,0,3,0,0,2,1,1,1,1,0,1,0,6,6,8,1
12,21,0,1,1,0,3,0,0,1,1,1,1,1,2,1,0,6,6,12,1
9,20,4,1,1,0,3,1,0,2,1,1,1,5,0,0,5,0,0,0,1
13,20,4,0,1,3,3,0,1,0,1,1,1,5,2,1,0,8,9,14,0
6,15,4,1,1,0,3,0,0,0,1,1,1,0,0,1,0,5,4,2,1
7,16,4,0,1,0,3,0,0,2,1,1,1,7,0,0,5,0,0,2,1
5,15,4,1,1,0,3,0,0,2,1,1,1,7,0,1,0,3,2,5,1
13,15,4,0,1,0,3,0,0,0,1,1,1,7,2,1,0,5,6,6,1
7,20,4,0,1,4,3,1,1,0,1,1,1,5,0,2,5,0,0,0,1
2,15,4,1,1,0,3,0,0,2,1,1,1,0,0,1,0,1,3,2,1
12,20,4,0,1,0,3,0,0,2,1,1,1,0,2,1,0,6,10,8,1
7,15,0,0,1,4,3,3,1,1,1,1,1,7,0,1,5,0,0,0,1
12,18,4,0,1,0,3,0,0,2,1,1,1,5,2,1,0,6,4,6,1
15,13,4,0,1,0,3,3,0,15,1,1,1,1,2,0,5,0,0,0,1
15,19,0,1,1,3,3,3,1,1,1,1,1,0,2,1,0,6,6,12,1
15,19,0,0,1,4,3,0,1,0,1,1,1,5,2,1,0,6,5,12,0
9,17,4,1,0,0,3,0,0,2,1,1,0,0,0,1,5,0,0,0,1
1,17,4,0,1,0,3,0,0,15,1,1,1,0,0,1,2,7,0,0,0
3,18,0,0,1,0,3,0,0,1,1,1,1,8,0,7,1,9,0,9,0
4,15,4,0,1,0,3,0,0,2,1,1,1,7,0,1,0,4,4,4,1
13,16,4,0,0,0,3,1,0,12,1,1,0,0,2,1,5,3,0,3,0
7,19,4,1,1,0,3,1,0,0,1,1,1,7,0,2,0,6,6,7,1
14,11,2,1,0,0,3,0,0,0,1,1,1,0,2,1,0,6,4,2,1
11,20,0,0,1,0,3,1,0,0,1,1,1,0,2,2,5,8,0,14,1
0,18,4,0,1,0,3,0,0,1,1,1,1,7,0,7,0,5,0,6,1
11,20,4,0,1,0,3,1,0,2,1,1,1,0,2,3,2,1,0,1,1
3,15,4,0,1,0,3,0,0,2,1,1,1,7,0,1,0,2,4,4,1
5,17,4,0,1,0,3,1,0,0,1,1,1,7,0,1,0,2,6,1,1
14,20,0,1,1,4,3,0,1,1,1,1,1,7,2,1,0,6,11,12,1
5,20,4,1,1,0,3,0,0,2,1,1,1,0,0,1,0,6,5,13,1
7,15,4,0,1,0,3,0,0,7,1,1,1,0,0,1,0,6,6,6,1
14,19,0,1,1,0,3,0,0,1,1,1,1,7,2,1,0,6,5,12,0
6,21,0,0,1,0,3,0,0,14,1,1,1,0,0,1,0,6,8,13,0
0,15,4,1,1,0,3,0,0,2,1,1,1,7,0,3,5,0,0,2,1
12,19,4,0,1,0,1,1,0,0,1,1,1,8,2,5,0,9,6,11,1
5,17,4,1,1,0,3,3,0,11,1,1,1,0,0,1,0,6,2,4,0
12,21,0,0,1,3,3,0,1,0,1,1,1,5,2,2,0,7,3,13,0
7,17,4,0,1,0,3,3,0,2,1,1,1,0,0,1,0,6,8,5,1
10,18,0,0,1,0,3,0,0,0,1,1,1,5,0,1,0,6,4,14,1
9,15,4,1,0,0,3,0,0,12,1,0,1,1,0,9,2,0,0,0,1
2,15,4,0,1,0,3,0,0,15,1,1,1,0,0,0,5,0,0,0,0
15,18,4,0,1,0,3,0,0,2,1,1,1,0,2,6,0,6,6,10,1
0,15,4,1,1,0,3,0,0,2,1,1,1,0,0,2,0,1,4,3,1
7,22,0,1,1,0,3,0,0,1,1,1,1,0,0,1,0,6,5,12,1
6,20,4,1,1,0,3,1,0,2,1,1,1,7,0,1,0,3,3,11,0
7,20,4,0,1,0,3,0,0,2,1,1,1,0,0,3,0,6,4,4,1
0,15,4,0,1,0,3,3,0,2,1,1,1,0,0,1,5,1,0,2,1
11,20,0,1,1,0,3,0,0,1,1,1,1,0,2,0,5,0,0,0,1
9,21,4,1,1,0,3,0,0,0,1,1,1,0,0,1,0,6,3,12,1
5,15,4,1,1,0,3,0,0,2,1,1,1,7,0,1,0,6,8,6,1
12,9,0,0,1,0,3,1,0,5,1,1,1,7,2,6,0,8,5,8,1
9,18,4,0,1,0,3,0,0,0,1,1,1,0,0,1,0,6,3,11,1
14,20,0,0,1,0,3,0,0,0,1,1,1,0,2,2,0,6,2,13,1
13,14,0,1,1,4,3,0,1,0,1,1,1,0,2,9,2,0,0,0,1
15,17,4,0,1,0,3,3,0,9,1,1,1,8,2,1,0,7,5,10,1
13,15,0,1,1,0,3,0,0,1,1,1,1,7,2,1,0,1,1,5,1
14,20,0,1,1,0,3,1,0,0,1,1,1,0,2,1,0,7,2,10,1
14,15,4,0,0,0,3,0,0,2,1,1,0,7,2,1,0,6,3,6,1
12,13,4,0,1,0,3,0,0,15,1,1,1,0,2,0,5,0,0,0,1
13,21,0,0,1,0,3,1,0,0,1,1,1,0,2,1,0,6,5,14,1
13,22,0,1,1,3,3,0,1,0,1,1,1,0,2,1,0,6,9,11,1
12,21,4,1,1,0,3,0,0,0,1,1,1,0,2,2,0,9,8,14,0
12,20,4,1,1,0,3,3,0,0,1,1,1,0,2,1,0,8,2,13,1
3,19,4,1,1,0,3,1,0,2,1,1,1,8,0,0,5,0,0,0,1
10,15,4,1,1,0,3,0,0,2,1,1,1,7,0,1,0,2,6,4,1
3,15,4,0,1,4,3,0,1,0,1,1,1,5,0,1,1,6,0,2,0
11,20,0,0,1,0,0,1,0,0,1,1,1,0,2,5,3,6,3,12,1
13,15,0,0,1,0,3,1,0,1,1,1,1,0,2,1,5,0,0,0,1
13,20,2,0,1,0,3,1,0,12,1,1,1,0,2,3,0,9,6,13,0
9,11,4,0,1,0,3,1,0,11,1,1,1,0,0,1,0,9,10,12,0
10,21,4,0,1,0,3,3,0,0,1,1,1,0,0,3,1,6,0,13,0
0,15,4,0,1,0,3,0,0,9,1,1,1,0,0,1,0,6,0,8,0
7,18,4,1,1,0,3,0,0,2,1,1,1,7,0,0,5,0,0,0,1
9,16,0,0,1,0,0,0,1,0,1,1,1,0,0,5,3,5,1,8,1
5,18,4,0,1,0,3,0,0,16,1,1,1,0,0,1,0,6,2,2,1
13,20,0,1,1,3,3,0,1,0,1,1,1,0,2,1,0,8,2,13,1
11,15,0,1,1,4,3,3,1,8,1,1,1,7,2,4,0,6,3,8,1
1,15,4,0,1,0,3,1,0,2,1,1,1,0,0,2,0,2,11,3,1
0,17,4,0,1,0,3,3,0,2,1,1,1,0,0,0,5,0,0,0,0
6,20,4,0,1,0,3,0,0,11,1,1,1,8,0,4,2,1,0,5,0
10,20,0,1,1,0,3,0,0,0,1,1,1,0,0,0,5,0,0,0,1
10,15,0,0,1,0,3,3,0,0,1,1,1,7,0,1,0,6,2,8,0
15,15,0,0,1,4,3,0,1,1,1,1,1,7,2,1,0,6,4,11,1
7,22,4,0,1,0,3,1,0,7,1,1,1,8,0,1,0,8,6,10,0
0,15,4,0,1,0,3,3,0,2,1,1,1,7,0,1,0,2,5,8,1
12,21,4,0,1,0,3,0,0,2,1,1,1,5,2,6,1,6,0,11,1
4,13,4,0,1,0,3,0,0,15,1,1,1,1,0,1,5,0,0,0,1
0,15,4,1,1,0,3,3,0,2,1,1,1,8,0,1,0,6,8,6,1
3,21,4,1,1,0,3,1,0,2,1,1,1,0,0,9,2,0,0,0,1
2,16,4,0,1,0,3,0,0,15,1,1,1,7,0,0,5,0,0,0,1
14,21,4,1,1,0,3,1,0,0,1,1,1,0,2,1,0,7,1,11,1
1,18,4,1,1,0,3,1,0,2,1,1,1,0,0,1,0,3,4,4,1
5,15,4,0,1,0,3,0,0,12,1,1,1,0,0,1,0,2,4,4,0
11,18,4,1,1,0,3,1,0,12,1,1,1,0,2,1,2,1,0,3,1
1,18,4,0,1,0,3,0,0,2,1,1,1,7,0,1,0,6,6,8,1
15,15,0,0,1,4,3,0,1,1,1,1,1,0,2,0,5,0,0,0,1
12,17,2,1,0,0,3,1,0,0,1,1,0,0,2,0,5,0,0,0,1
13,18,4,1,1,0,3,0,0,2,1,1,1,0,2,3,5,0,0,1,0
0,17,4,0,1,0,3,0,0,16,1,1,1,1,0,0,5,0,0,0,1
0,18,4,1,1,0,3,1,0,11,1,1,1,0,0,1,5,1,0,1,0
5,20,4,0,1,0,3,0,0,2,1,1,1,0,0,1,0,8,6,2,0
9,20,0,1,1,0,3,0,0,1,1,1,1,5,0,2,0,6,3,10,1
5,15,4,0,1,0,3,0,0,0,1,1,1,0,0,1,0,4,1,6,0
14,15,4,0,1,0,3,0,0,2,1,1,1,0,2,1,2,0,0,0,1
5,18,0,1,1,0,3,3,0,0,1,1,1,0,0,1,0,2,2,5,1
0,18,4,1,1,0,3,1,0,16,1,1,1,0,0,1,5,8,0,3,1
9,21,4,0,1,0,3,1,0,5,1,1,1,0,0,1,0,6,1,12,1
1,18,4,0,1,0,3,1,0,16,1,1,1,0,0,1,5,5,0,4,0
2,14,4,0,1,4,3,0,1,16,1,1,1,5,0,0,5,0,0,0,0
13,18,0,1,1,4,3,0,1,1,1,1,1,7,2,1,0,2,4,4,1
4,15,4,0,1,0,3,3,0,2,1,1,1,7,0,1,0,6,2,7,1
14,15,0,0,1,4,3,0,1,8,1,1,1,0,2,1,0,6,1,8,1
2,15,4,0,1,0,3,0,0,2,1,1,1,5,0,1,0,6,6,11,1
3,20,4,0,1,0,3,1,0,2,1,1,1,0,0,0,5,0,0,0,1
13,12,2,0,1,0,3,0,0,7,1,1,1,0,2,0,5,0,0,5,1
6,20,0,0,1,3,3,0,1,0,1,1,1,5,0,1,0,6,3,13,1
8,20,4,0,1,0,3,0,0,9,1,1,1,0,0,1,0,9,11,14,1
9,18,4,0,1,0,3,3,0,12,1,1,1,0,0,1,0,7,7,11,1
7,20,4,0,1,0,3,3,0,0,1,1,1,0,0,1,5,0,0,0,1
0,17,4,1,1,0,3,1,0,2,1,1,1,0,0,1,5,1,0,1,1
2,18,4,1,1,0,3,1,0,11,1,1,1,0,0,1,5,2,0,4,0
5,15,0,0,1,0,3,0,0,2,1,1,1,0,0,1,0,9,6,2,1
13,20,0,1,1,0,3,0,0,0,1,1,1,7,2,1,0,6,5,6,1
10,15,0,0,1,3,3,1,1,0,1,1,1,0,0,1,0,6,4,8,1
6,15,4,1,1,0,3,0,0,2,1,1,1,7,0,0,5,0,0,10,1
4,20,4,0,1,0,3,0,0,2,1,1,1,0,0,1,0,7,7,13,1
3,18,4,1,1,0,3,0,0,0,1,1,1,0,0,1,0,6,2,10,1
15,20,4,0,1,0,3,0,0,10,1,1,1,0,2,4,0,9,0,3,1
11,15,0,1,1,0,3,1,0,1,1,1,1,0,2,1,0,6,3,4,1
13,20,0,1,1,4,3,0,1,1,1,1,1,0,2,0,5,0,0,0,1
0,18,4,1,1,0,3,0,0,16,1,1,1,1,0,9,2,0,0,0,0
2,15,4,1,1,0,3,1,0,2,1,1,1,8,0,0,5,0,0,0,0
0,15,4,0,1,0,2,0,0,10,1,1,1,0,0,1,0,6,6,6,1
3,18,4,0,1,0,3,3,0,5,1,1,1,0,0,1,0,8,4,9,0
9,15,4,1,1,0,3,1,0,12,1,1,1,8,0,1,5,0,0,5,1
2,15,4,1,1,0,3,3,0,2,1,1,1,0,0,1,5,6,0,2,1
5,15,4,0,1,0,3,3,0,0,1,1,1,7,0,1,0,5,2,6,1
5,12,4,0,1,0,3,3,0,5,1,1,1,0,0,1,2,0,0,0,0
7,20,4,0,1,0,3,1,0,12,1,1,1,0,0,1,0,6,3,13,0
12,20,4,0,1,3,3,3,1,11,1,1,1,5,2,1,0,9,10,13,1
10,20,4,1,1,0,3,0,0,2,1,1,1,5,0,7,0,5,11,9,1
11,16,4,0,1,0,3,3,0,11,1,1,1,5,2,1,5,6,0,2,0
9,20,0,1,1,0,3,0,0,1,1,1,1,7,0,1,5,6,0,4,0
7,20,4,0,1,0,3,1,0,2,1,1,1,8,0,1,0,6,11,9,0
11,20,4,1,0,0,3,1,0,2,1,1,0,0,2,1,5,0,0,0,1
4,19,4,0,1,0,3,0,0,2,1,1,1,0,0,1,0,6,5,7,1
0,18,0,1,1,0,3,2,0,8,1,1,1,0,0,0,5,0,0,0,1
11,18,2,0,1,0,3,1,0,7,1,1,1,0,2,1,5,0,0,0,1
10,14,4,0,1,0,3,2,0,0,1,1,1,0,0,7,0,6,10,7,1
1,14,4,1,1,0,3,0,0,12,1,1,1,0,0,1,0,1,1,1,1
6,15,4,0,1,0,3,3,0,11,1,1,1,0,0,1,0,8,4,12,1
2,18,4,1,1,0,3,0,0,16,1,1,1,1,0,1,5,6,0,7,1
0,18,4,1,1,0,3,3,0,16,1,1,1,7,0,0,5,0,0,0,0
0,18,4,0,1,0,3,0,0,16,1,1,1,1,0,9,2,0,0,0,1
8,20,0,1,1,0,3,0,0,1,1,1,1,0,0,1,1,6,0,10,1
7,21,4,1,1,0,3,3,0,14,1,1,1,5,0,0,5,0,0,10,0
6,20,4,0,1,0,3,1,0,0,1,1,1,0,0,1,0,6,3,12,0
3,19,4,1,1,0,3,1,0,2,1,1,1,0,0,2,0,4,8,10,1
6,15,0,1,1,0,3,1,0,0,1,1,1,8,0,1,5,6,0,7,1
5,18,4,0,0,0,3,0,0,9,1,1,1,5,0,1,0,5,6,3,1
0,15,4,0,1,3,3,0,1,2,1,1,1,5,0,1,2,6,0,4,1
15,18,4,0,1,0,3,0,0,12,1,1,1,7,2,1,0,6,3,10,1
10,15,4,1,1,0,3,0,0,2,1,1,1,7,0,1,0,5,4,7,1
3,18,4,0,1,0,3,3,0,2,1,1,1,0,0,1,0,6,5,7,1
6,15,4,1,1,0,3,0,0,5,1,1,1,7,0,2,0,6,1,10,1
6,15,4,1,1,0,3,0,0,14,1,1,1,1,0,1,0,6,6,10,0
14,22,0,0,1,0,3,1,0,1,1,1,1,0,2,1,0,7,8,13,0
15,21,4,0,1,4,3,0,1,0,1,1,1,5,2,1,0,8,0,6,0
4,20,4,0,1,0,3,1,0,0,1,1,1,8,0,2,0,9,1,12,0
10,18,4,0,1,0,3,0,0,2,1,1,1,7,0,1,0,8,2,9,1
4,18,4,1,1,2,3,3,0,7,1,1,1,2,0,1,0,2,6,3,1
9,18,4,0,1,4,3,0,1,5,1,1,1,5,0,1,0,6,5,6,1
3,17,4,0,1,0,3,3,0,2,1,1,1,0,0,1,0,6,6,5,1
9,18,3,1,1,3,3,0,1,0,1,1,1,0,0,1,5,6,0,4,1
6,20,4,0,1,0,3,0,0,11,1,1,1,0,0,1,0,5,0,11,0
11,21,0,1,1,4,3,0,1,1,1,1,1,0,2,0,5,0,0,0,1
6,19,4,0,1,0,3,1,0,0,1,1,1,0,0,1,0,6,2,11,0
8,18,4,1,1,0,3,0,0,2,1,1,1,0,0,0,5,0,0,0,1
3,19,4,0,1,0,3,1,0,2,1,1,1,8,0,1,0,2,2,6,1
11,16,4,0,1,0,3,1,0,2,1,1,1,0,2,1,0,6,3,5,1
0,14,4,1,1,4,3,0,1,16,1,1,1,5,0,1,5,2,0,2,1
14,18,0,0,1,3,3,0,1,0,1,1,1,0,2,1,0,6,3,5,1
15,22,0,1,1,0,3,0,0,1,1,1,1,0,2,2,0,6,4,13,1
6,17,4,1,1,0,3,0,0,2,1,1,1,0,0,1,0,3,6,9,1
13,20,0,0,1,0,3,1,0,1,1,1,1,0,2,7,0,5,5,14,1
10,15,4,1,1,0,3,0,0,4,1,1,1,0,0,6,0,1,8,7,1
14,8,0,0,1,4,3,0,1,16,1,1,1,0,2,1,0,6,4,3,1
10,19,4,1,1,0,3,0,0,12,1,1,1,0,0,1,0,6,2,8,0
9,20,0,0,1,0,3,0,0,0,1,1,1,0,0,1,0,8,4,11,1
6,21,4,1,1,0,3,0,0,11,1,1,1,8,0,1,5,0,0,0,1
12,23,3,1,1,0,3,0,0,15,1,1,1,0,2,1,5,6,0,2,0
12,20,4,1,1,0,3,3,0,14,1,1,1,0,2,1,0,8,3,13,1
13,15,0,1,1,4,3,0,1,1,1,1,1,5,2,0,5,0,0,0,1
5,15,4,0,1,0,3,3,0,11,1,1,1,0,0,6,0,6,10,12,1
7,8,1,1,1,0,3,1,0,4,1,1,1,0,0,4,0,5,2,3,1
6,19,0,1,1,3,3,0,1,1,1,1,1,0,0,1,0,4,1,4,0
9,20,4,1,1,4,3,0,1,11,1,1,1,0,0,1,0,6,10,8,1
13,15,4,0,1,3,3,0,1,2,1,1,1,5,2,0,5,0,0,0,1
0,18,4,1,1,0,3,1,0,16,1,1,1,0,0,9,2,0,0,0,0
13,0,4,1,1,0,3,3,0,12,1,1,1,7,2,0,5,0,0,3,1
6,18,4,0,1,0,3,0,0,0,1,1,1,5,0,4,0,2,11,11,1
5,20,4,1,1,2,3,1,0,2,1,1,1,0,0,1,0,5,3,6,1
0,15,4,1,0,0,3,0,0,16,1,1,0,0,0,0,5,0,0,4,0
1,15,4,0,1,0,3,3,0,2,1,1,1,0,0,1,0,6,5,9,1
14,19,4,1,1,0,3,3,0,12,1,1,1,0,2,0,5,0,0,10,1
12,15,4,1,1,0,3,0,0,5,1,1,1,7,2,1,0,6,3,9,1
14,18,0,1,1,3,3,0,1,1,1,1,1,5,2,1,5,0,0,0,1
11,20,4,1,1,3,3,0,1,2,1,1,1,5,2,1,0,8,8,12,0
0,15,4,0,1,0,3,2,0,2,1,1,1,0,0,1,2,6,0,8,1
8,15,4,1,1,0,3,0,0,0,1,1,1,0,0,2,0,6,6,7,1
0,19,4,1,1,4,3,0,1,1,1,1,1,0,0,1,0,4,3,3,1
2,18,4,0,1,0,0,0,0,16,1,1,1,0,0,5,3,9,4,2,1
5,18,0,0,1,0,3,0,0,1,1,1,1,0,0,2,0,2,6,2,1
10,23,0,1,1,3,3,0,1,5,1,1,1,0,0,2,5,8,0,10,0
11,20,4,0,1,0,3,1,0,0,1,1,1,8,2,7,0,9,1,9,1
3,15,4,1,1,0,3,0,0,5,1,1,1,0,0,1,0,8,4,6,1
10,20,0,1,1,0,3,1,0,1,1,1,1,0,0,2,0,6,11,11,1
11,21,4,0,1,0,0,0,0,7,1,1,1,0,2,5,0,8,6,9,1
10,20,4,1,1,0,3,1,0,2,1,1,1,0,0,1,0,8,7,12,1
6,15,4,1,1,0,3,0,0,7,1,1,1,0,0,1,5,0,0,1,1
13,19,4,0,1,4,3,0,1,11,1,1,1,5,2,1,0,6,4,14,1
9,21,4,1,1,0,3,1,0,5,1,1,1,0,0,3,0,6,3,13,0
3,20,4,0,1,0,3,1,0,0,1,1,1,0,0,6,0,1,2,3,1
9,18,0,1,1,0,3,0,0,1,1,1,1,0,0,1,0,6,3,6,1
14,19,4,1,1,0,3,0,0,0,1,1,1,0,2,1,0,6,5,11,1
7,18,4,0,1,0,3,1,0,11,1,1,1,0,0,1,0,6,8,10,0
0,18,4,1,1,0,3,3,0,2,1,1,1,0,0,3,2,1,0,2,1
1,17,4,1,1,0,3,1,0,2,1,1,1,0,0,1,0,3,6,5,1
1,18,4,0,1,0,3,0,0,2,1,1,1,7,0,1,0,4,6,5,1
2,19,4,1,1,0,3,0,0,2,1,1,1,7,0,1,2,1,0,2,1
5,15,4,1,1,0,3,3,0,4,1,1,1,0,0,1,2,0,0,5,1
11,13,4,1,1,0,3,3,0,2,1,1,1,7,2,1,0,6,4,6,1
6,15,4,0,1,0,3,3,0,2,1,1,1,1,0,1,0,6,3,11,1
14,8,0,0,1,4,3,0,1,1,1,1,1,0,2,1,5,0,0,1,1
5,15,4,1,1,0,3,1,0,0,1,1,1,8,0,1,0,6,1,10,1
15,18,0,1,1,4,3,0,1,9,1,1,1,0,2,0,5,0,0,0,1
9,15,4,0,1,4,3,0,1,14,1,1,1,0,0,1,0,6,4,10,1
8,19,0,1,1,0,3,1,0,1,1,1,1,0,0,0,5,0,0,0,1
8,15,4,1,1,4,3,3,1,2,1,1,1,7,0,1,0,6,6,9,1
1,17,4,0,1,0,3,0,0,2,1,1,1,0,0,2,5,6,0,1,1
2,18,4,1,0,0,3,1,0,2,1,1,1,0,0,1,0,2,4,4,1
0,18,4,1,1,0,3,0,0,16,1,1,1,1,0,9,2,0,0,0,0
10,18,0,1,1,0,3,0,0,0,1,1,1,7,0,6,0,4,6,5,1
7,20,4,1,1,0,3,0,0,2,1,1,1,0,0,1,0,3,2,4,1
11,19,0,1,1,0,3,0,0,8,1,1,1,5,0,4,0,2,5,1,1
9,20,4,0,1,0,3,0,0,12,1,1,1,0,0,0,5,0,0,0,1
7,22,0,1,1,0,3,1,0,7,1,1,1,8,0,1,0,8,2,10,1
3,15,4,1,1,0,3,0,0,0,1,1,1,7,0,1,5,4,0,3,1
2,22,4,1,1,0,3,1,0,7,1,1,1,8,0,0,5,0,0,0,1
6,15,4,1,1,0,3,1,0,2,1,1,1,0,0,1,0,6,3,10,1
3,18,4,1,1,0,3,0,0,2,1,1,1,0,0,0,5,0,0,0,1
4,15,4,1,1,4,3,0,1,10,1,1,1,5,0,1,0,6,3,5,1
3,18,4,1,1,0,3,0,0,16,1,1,1,0,0,1,5,2,0,3,1
15,19,0,0,1,0,3,0,0,2,1,1,1,0,2,1,2,4,0,5,1
8,0,4,0,1,4,3,0,1,10,1,1,1,0,0,1,0,6,1,11,0
14,12,2,0,0,4,3,0,1,0,1,1,1,2,2,0,5,0,0,5,1
8,20,4,0,1,4,3,0,1,12,1,1,1,5,0,1,0,6,11,6,0
15,20,4,1,1,3,3,0,1,2,1,1,1,0,2,1,0,6,2,6,1
11,17,0,1,1,3,3,0,1,0,1,1,1,0,2,1,0,6,3,9,1
12,14,0,1,1,0,3,0,0,0,1,1,1,7,2,1,0,6,8,6,1
12,15,4,1,1,0,3,0,0,2,1,1,1,0,2,6,0,6,0,6,1
7,20,4,0,1,0,3,0,0,11,1,1,1,0,0,1,0,7,4,13,0
12,15,4,0,1,0,3,0,0,0,1,1,1,0,2,1,0,7,3,12,1
10,20,4,0,1,0,3,0,0,2,1,1,1,0,0,1,0,6,3,9,1
7,20,4,1,1,0,3,3,0,9,1,1,1,0,0,3,0,2,5,4,1
10,8,4,0,1,0,3,3,0,11,1,1,1,0,0,1,0,5,4,3,0
9,18,4,1,1,0,3,1,0,2,1,1,1,8,0,1,0,7,6,12,1
12,19,4,1,1,4,3,0,1,0,1,1,1,5,2,2,0,1,6,11,0
0,17,4,0,1,0,3,0,0,2,1,1,1,5,0,1,2,0,0,0,0
1,18,4,1,1,0,3,1,0,16,1,1,1,0,0,3,0,6,5,6,1
11,15,4,1,1,0,3,3,0,0,1,1,1,0,2,1,0,6,4,10,1
1,18,4,0,0,0,3,1,0,16,1,1,0,2,0,2,5,0,0,0,0
8,6,0,1,1,0,3,3,0,0,1,1,1,8,0,1,0,6,8,10,1
8,20,0,1,1,0,3,0,0,1,1,1,1,8,0,1,0,6,3,13,0
6,15,4,0,1,3,3,0,1,0,1,1,1,1,0,3,0,6,8,12,1
9,14,4,0,1,0,3,3,0,2,1,1,1,5,0,1,0,6,7,8,1
2,22,4,1,1,0,3,0,0,11,1,1,1,0,0,1,0,7,2,11,0
7,19,4,1,1,0,3,1,0,0,1,1,1,0,0,2,0,2,11,3,0
5,18,4,0,1,0,3,0,0,2,1,1,1,0,0,0,5,0,0,0,1
5,15,4,1,1,3,3,0,1,12,1,1,1,5,0,1,0,6,2,4,0
11,18,0,0,0,4,3,0,1,1,1,0,1,5,2,1,0,8,11,14,0
14,20,0,1,1,0,3,0,0,1,1,1,1,0,2,1,0,4,3,9,0
11,19,4,0,1,0,3,0,0,0,1,1,1,5,2,4,0,4,1,5,1
12,23,0,1,1,0,3,0,0,0,1,1,1,0,2,1,0,6,7,14,0
10,18,4,1,1,3,3,3,1,2,1,1,1,0,0,1,5,0,0,0,1
14,20,4,1,1,0,1,0,0,0,1,1,1,0,2,5,0,6,3,11,1
5,0,4,1,1,0,3,0,0,2,1,1,1,0,0,1,0,6,3,6,1
11,21,0,0,1,0,3,1,0,0,1,1,1,0,2,1,0,8,5,14,0
11,16,2,0,1,0,3,0,0,2,1,1,1,7,2,1,0,6,6,7,1
13,21,0,0,1,4,3,0,1,9,1,1,1,0,2,1,1,8,0,11,1
10,20,4,1,1,0,3,0,0,2,1,1,1,5,0,1,0,6,11,13,0
1,17,4,0,1,0,3,1,0,2,1,1,1,8,0,1,2,2,0,3,1
12,20,4,1,1,0,3,0,0,2,1,1,1,0,2,1,0,8,3,9,1
9,20,0,0,1,0,3,0,0,1,1,1,1,0,0,1,0,6,8,12,1
15,21,0,1,1,0,3,0,0,0,1,1,1,0,2,1,0,6,3,13,1
14,20,0,0,1,0,3,1,0,1,1,1,1,0,2,1,0,6,3,10,1
15,23,0,1,1,3,3,0,1,1,1,1,1,0,2,1,0,6,6,7,1
0,18,4,1,1,0,3,0,0,2,1,1,1,0,0,0,5,0,0,0,1
1,15,4,0,1,0,0,0,0,16,1,1,1,1,0,5,3,9,1,6,1
1,14,4,0,1,0,3,3,0,16,1,1,1,0,0,1,0,2,1,6,1
7,18,4,0,1,0,3,0,0,5,1,1,1,5,0,1,0,6,3,8,1
13,13,4,0,0,0,3,0,0,15,1,1,0,1,2,0,5,0,0,6,0
7,16,4,0,1,0,3,1,0,12,1,1,1,0,0,1,0,7,11,3,0
10,15,0,1,1,0,3,0,0,0,1,1,1,7,0,3,0,6,11,12,1
4,15,4,0,1,0,3,0,0,2,1,1,1,7,0,1,0,6,8,4,1
14,18,0,0,1,3,3,0,1,1,1,1,1,1,2,5,0,6,4,10,1
8,15,4,1,1,4,3,3,1,9,1,1,1,7,0,1,0,6,8,8,1
13,15,4,0,0,0,3,1,0,0,1,1,0,0,2,1,5,0,0,4,1
11,15,4,0,1,0,0,0,0,16,1,1,1,1,2,5,3,9,1,7,0
7,19,4,0,1,0,3,0,0,2,1,1,1,0,0,1,0,6,5,12,1
4,12,4,0,1,0,3,0,0,7,1,1,1,7,0,1,2,0,0,9,1
12,16,0,1,1,4,3,0,1,1,1,1,1,7,2,0,5,0,0,0,1
7,17,0,0,1,0,3,3,0,1,1,1,1,0,0,1,5,0,0,0,0
11,18,4,0,1,0,3,3,0,14,1,1,1,0,2,1,0,4,3,9,1
12,21,4,1,1,0,3,3,0,2,1,1,1,0,2,1,0,6,4,13,1
1,17,4,0,1,3,3,0,1,2,1,1,1,5,0,1,0,6,4,4,1
2,15,4,1,1,0,3,0,0,2,1,1,1,0,0,1,0,3,4,4,1
3,18,4,0,1,0,3,0,0,2,1,1,1,7,0,1,0,5,4,6,1
8,20,4,1,1,3,3,3,1,5,1,1,1,5,0,1,0,6,9,9,1
9,20,4,1,1,0,3,0,0,2,1,1,1,5,0,2,0,6,2,12,0
15,15,4,1,1,0,3,0,0,2,1,1,1,0,2,1,5,0,0,0,1
9,7,0,0,0,0,3,0,1,9,1,1,0,5,0,9,2,0,0,0,1
13,15,2,1,1,0,3,1,0,12,1,1,1,0,2,1,0,9,3,12,0
7,20,4,0,1,0,3,0,0,2,1,1,1,0,0,1,0,6,8,5,1
2,17,4,0,1,0,3,3,0,9,1,1,1,0,0,0,5,0,0,0,1
10,18,4,0,1,3,1,0,1,16,1,1,1,0,0,5,3,6,2,6,1
4,19,0,0,1,4,3,1,1,1,1,1,1,0,0,1,0,6,4,7,0
12,20,0,0,1,3,3,0,1,1,1,1,1,5,2,1,0,6,2,10,1
9,20,4,0,1,3,3,1,1,2,1,1,1,0,0,1,0,4,4,4,1
6,15,4,0,1,0,3,0,0,2,1,1,1,7,0,1,0,6,10,10,1
8,15,0,1,1,4,3,0,1,1,1,1,1,7,0,1,5,0,0,11,1
6,19,4,0,1,4,3,0,1,12,1,1,1,0,0,1,0,7,5,12,1
9,17,0,1,1,0,3,3,0,1,1,1,1,0,0,0,5,0,0,0,1
8,15,4,1,1,0,3,0,0,0,1,1,1,7,0,1,2,0,0,6,1
14,15,0,1,1,0,3,0,0,0,1,1,1,0,2,1,0,2,4,2,1
9,15,4,0,1,0,3,1,0,2,1,1,1,0,0,1,0,6,6,10,1
5,20,0,0,1,4,3,0,1,0,1,1,1,5,0,1,0,6,3,12,0
14,18,0,0,0,0,3,3,0,8,1,1,0,0,2,1,0,2,0,1,0
15,18,0,0,1,4,3,0,1,1,1,1,1,7,2,1,0,6,3,6,0
11,20,0,0,1,0,3,1,0,0,1,1,1,0,2,1,0,8,11,14,1
0,18,4,1,1,0,3,1,0,2,1,1,1,8,0,3,0,3,8,5,1
13,11,4,0,1,4,3,0,1,15,1,1,1,0,2,1,5,9,0,0,0
14,18,0,0,1,0,3,0,0,0,1,1,1,7,2,6,0,6,10,12,1
5,23,4,1,1,0,3,0,0,5,1,1,1,7,0,1,0,1,2,3,1
3,15,4,0,1,0,3,0,0,2,1,1,1,0,0,1,0,6,4,8,0
14,19,2,0,1,0,3,3,0,0,1,1,1,0,2,3,0,9,0,11,1
15,17,4,0,1,0,3,0,0,11,1,1,1,0,2,1,0,4,6,6,1
3,20,4,0,1,0,3,3,0,2,1,1,1,5,0,0,5,0,0,0,1
10,20,4,0,1,0,3,1,0,0,1,1,1,0,0,1,0,6,7,12,0
6,19,4,1,1,0,3,1,0,2,1,1,1,0,0,1,5,0,0,0,0
12,0,3,0,1,0,3,3,1,9,1,1,1,1,2,6,0,3,4,3,1
4,18,4,1,1,0,3,0,0,2,1,1,1,7,0,1,0,3,5,2,1
3,20,4,1,1,0,3,0,0,2,1,1,1,5,0,0,5,0,0,0,1
13,21,4,1,1,0,3,3,0,0,1,1,1,5,2,2,0,6,6,13,1
12,20,4,0,1,3,3,0,1,0,1,1,1,5,2,6,0,6,7,8,1
3,19,0,1,1,4,3,0,1,8,1,1,1,0,0,1,0,6,6,9,1
7,18,4,0,1,0,3,0,0,5,1,1,1,0,0,1,0,6,5,10,1
13,12,4,0,0,2,3,0,0,0,1,1,0,0,2,1,5,0,0,1,1
11,22,4,1,1,0,3,1,0,7,1,1,1,8,2,1,0,6,6,7,1
15,20,0,1,1,4,3,0,1,1,1,1,1,5,2,1,0,6,6,11,1
14,17,4,0,1,0,3,3,0,2,1,1,1,0,2,1,0,6,3,8,1
15,15,0,0,1,0,3,0,0,9,1,1,1,7,2,1,0,6,4,10,1
7,18,4,0,1,0,3,1,0,0,1,1,1,7,0,1,0,5,2,12,0
13,22,4,1,1,4,3,3,1,0,1,1,1,5,2,7,0,9,0,14,1
13,15,0,0,1,0,3,0,0,15,1,1,1,8,0,4,5,2,0,1,0
11,13,4,1,1,0,3,0,0,7,1,1,1,1,2,1,5,0,0,3,1
13,20,0,1,1,0,3,3,0,1,1,1,1,0,2,2,0,6,6,13,1
3,17,4,1,1,0,3,3,0,2,1,1,1,0,0,1,0,4,3,6,1
5,20,4,1,1,0,3,0,0,11,1,1,1,0,0,1,5,2,0,3,0
13,15,0,0,1,4,3,0,1,0,1,1,1,0,2,1,0,6,6,11,0
4,15,4,1,1,0,3,0,0,2,1,1,1,0,0,0,5,0,0,5,1
9,18,0,0,1,0,3,0,0,0,1,1,1,7,0,1,0,8,11,11,1
11,20,4,1,1,3,3,0,1,11,1,1,1,5,2,0,5,0,0,0,0
0,18,4,1,1,0,3,3,0,7,1,1,1,0,0,0,5,0,0,0,1
10,15,0,1,1,0,3,0,0,1,1,1,1,0,0,1,0,6,8,12,1
15,18,0,0,1,0,3,0,0,2,1,1,1,7,2,1,0,6,10,8,1
2,15,4,1,1,0,3,0,0,2,1,1,1,0,0,1,0,1,6,1,1
13,20,0,0,1,0,3,3,0,1,1,1,1,0,2,1,0,8,2,13,0
4,17,4,1,1,0,3,0,0,2,1,1,1,7,0,1,0,6,5,6,1
5,20,4,0,1,0,3,1,0,2,1,1,1,0,0,1,2,1,0,2,1
11,19,4,1,1,3,3,0,1,0,1,1,1,5,2,1,0,2,11,4,0
1,15,4,1,0,0,3,1,0,6,0,1,0,5,0,2,0,4,2,4,0
7,15,4,0,1,0,3,0,0,2,1,1,1,7,0,1,2,0,0,0,1
9,17,4,0,1,0,3,0,0,5,1,1,1,7,0,1,2,3,0,4,1
4,18,4,0,1,0,3,0,0,2,1,1,1,5,0,1,0,6,2,9,1
2,20,4,1,1,2,3,0,0,3,1,1,1,0,0,1,5,6,0,3,0
10,12,0,0,1,0,3,0,0,1,1,1,1,7,0,1,2,0,0,9,1
6,18,4,1,1,0,3,1,0,0,1,1,1,0,0,1,0,6,2,12,1
6,14,4,0,0,0,3,0,0,14,1,1,0,0,0,0,5,0,0,0,1
10,15,0,0,1,0,0,3,0,16,1,1,1,0,0,5,3,6,4,7,1
3,20,4,1,1,4,3,3,1,11,1,1,1,5,0,0,5,0,0,0,0
4,15,4,1,1,0,3,0,0,2,1,1,1,0,0,1,2,0,0,0,1
12,18,2,1,1,0,3,0,0,2,1,1,1,0,2,1,5,0,0,0,1
1,18,4,1,1,0,3,1,0,16,1,1,1,5,0,2,5,1,0,2,1
9,19,0,1,1,0,3,0,0,1,1,1,1,0,0,1,0,6,4,8,1
3,15,4,0,1,0,3,0,0,2,1,1,1,0,0,2,0,6,2,7,1
12,15,0,0,1,4,3,0,1,1,1,1,1,0,2,1,2,0,0,0,0
10,18,4,0,1,0,3,0,0,2,1,1,1,0,0,1,0,6,11,9,0
4,20,4,1,1,0,3,3,0,2,1,1,1,0,0,1,0,6,8,7,1
5,20,4,1,1,0,3,0,0,0,1,1,1,0,0,1,0,6,4,6,0
0,15,4,0,1,0,3,1,0,7,1,1,1,0,0,1,0,2,4,2,1
10,21,0,0,1,4,3,1,1,1,1,1,1,0,0,1,0,6,11,14,1
7,19,4,1,1,0,3,1,0,2,1,1,1,0,0,1,0,3,5,8,1
9,15,0,0,1,3,3,0,1,0,1,1,1,0,0,1,0,6,4,11,1
12,17,2,1,1,0,3,1,0,2,1,1,1,0,2,1,0,1,3,2,1
15,15,4,0,1,0,3,3,0,4,1,1,1,0,2,1,0,9,6,4,1
4,20,4,1,1,0,3,0,0,2,1,1,1,5,0,0,5,0,0,0,1
8,20,4,0,1,0,3,0,0,0,1,1,1,7,0,1,0,6,11,12,0
2,18,4,1,0,0,3,2,0,0,1,0,1,0,0,1,5,6,0,1,0
15,21,0,0,1,0,3,3,0,1,1,1,1,0,2,1,0,7,11,12,0
12,18,0,1,1,0,3,0,0,1,1,1,1,7,2,1,5,0,0,0,1
10,21,0,0,1,4,3,0,1,1,1,1,1,5,0,1,0,8,11,14,1
5,20,0,1,1,0,3,3,0,1,1,1,1,0,0,1,0,6,5,6,1
2,18,4,1,1,0,3,1,0,2,1,1,1,0,0,0,5,0,0,0,1
14,20,4,0,1,0,3,1,0,0,1,1,1,5,2,2,0,6,11,12,0
4,17,4,0,1,0,3,0,0,15,1,1,1,0,0,4,5,0,0,1,0
13,15,0,0,1,0,3,0,0,15,1,1,1,8,0,2,5,6,0,8,0
8,20,4,1,1,0,3,0,0,2,1,1,1,5,0,3,0,2,7,2,1
15,19,0,1,1,3,3,0,1,0,1,1,1,5,2,0,5,0,0,0,1
15,23,0,0,1,0,3,3,0,1,1,1,1,5,2,2,0,8,4,14,1
6,21,4,1,1,0,3,0,0,14,1,1,1,7,0,1,0,4,4,10,1
0,17,4,1,1,0,3,0,0,2,1,1,1,0,0,9,2,0,0,0,1
13,17,0,1,1,4,3,0,1,1,1,1,1,7,2,1,0,6,2,8,1
2,18,4,0,1,0,3,0,0,2,1,1,1,8,0,5,2,2,0,3,1
2,15,4,0,1,0,3,0,0,15,1,1,1,0,0,0,5,0,0,0,0
1,15,4,0,1,0,3,0,0,2,1,1,1,1,0,1,0,1,4,2,1
8,11,4,0,0,0,3,0,0,11,0,1,1,0,0,1,0,9,8,13,1
7,20,4,0,1,4,3,3,1,11,1,1,1,5,0,1,2,2,0,4,1
11,18,4,1,1,3,3,0,1,2,1,1,1,0,2,1,0,3,6,9,1
0,15,4,1,1,0,3,3,0,2,1,1,1,0,0,1,0,4,1,9,1
2,15,4,0,1,0,3,0,0,2,1,1,1,7,0,1,0,6,2,5,1
7,15,4,0,1,3,3,0,1,2,1,1,1,5,0,1,0,6,8,8,1
10,15,4,1,1,0,3,0,0,2,1,1,1,0,0,1,2,0,0,0,1
8,15,4,1,1,0,3,1,0,7,1,1,1,8,0,1,0,4,3,3,1
0,18,4,0,1,0,3,0,0,2,1,1,1,0,0,1,0,2,6,2,1
5,18,4,1,1,0,3,1,0,2,1,1,1,7,0,1,0,5,2,8,1
14,19,0,0,1,0,3,0,0,2,1,1,1,0,2,2,0,6,3,13,1
0,15,4,1,1,0,3,1,0,11,1,1,1,0,0,3,0,1,0,1,0
15,20,0,0,1,4,3,3,1,0,1,1,1,7,2,1,0,6,7,5,1
5,18,4,0,1,0,3,0,0,2,1,1,1,0,0,1,0,4,4,5,1
12,23,0,0,1,4,3,0,1,1,1,1,1,5,2,1,0,6,6,14,1
9,18,4,0,1,0,3,0,0,2,1,1,1,0,0,1,0,6,2,6,1
8,15,0,1,1,4,3,0,1,1,1,1,1,0,0,1,5,0,0,0,0
12,0,0,0,1,0,3,3,0,1,1,1,1,1,2,1,0,8,4,11,0
15,15,0,0,1,3,3,0,1,0,1,1,1,7,2,1,0,7,10,10,1
7,20,0,1,1,0,3,3,0,1,1,1,1,0,0,2,0,6,0,13,0
12,20,0,1,1,0,3,1,0,1,1,1,1,0,2,2,0,6,3,12,0
7,20,4,0,1,0,3,0,0,0,1,1,1,0,0,1,0,6,3,11,0
11,21,4,1,1,0,3,1,0,0,1,1,1,0,2,1,0,6,6,11,0
9,18,4,1,1,2,3,0,0,2,1,1,1,0,0,1,0,5,3,6,1
0,12,4,1,1,0,3,0,0,16,1,1,1,7,0,0,5,0,0,5,0
3,11,4,0,1,4,3,3,1,11,1,1,1,7,0,1,0,9,8,6,1
10,19,4,1,1,4,3,0,1,2,1,1,1,0,0,1,0,6,4,10,1
5,20,0,0,1,0,3,3,0,1,1,1,1,7,0,1,0,6,3,11,0
10,21,0,1,1,4,3,1,1,1,1,1,1,0,0,1,0,6,2,10,0
12,21,4,0,1,4,3,0,1,11,1,1,1,5,2,1,0,6,4,13,1
10,19,0,1,1,0,3,0,0,2,1,1,1,0,0,1,2,4,0,2,1
12,20,4,1,1,3,3,0,1,0,1,1,1,5,2,2,0,2,2,4,1
12,15,4,0,1,0,3,0,0,2,1,1,1,7,2,1,0,4,4,9,1
13,17,4,0,1,0,3,0,0,2,1,1,1,0,2,1,0,6,1,9,1
13,20,4,0,1,4,3,0,1,0,1,1,1,5,2,1,0,6,4,11,1
3,19,4,1,1,0,3,0,0,2,1,1,1,0,0,1,0,6,5,8,0
1,15,4,1,1,0,3,0,0,12,1,1,1,0,0,1,5,5,0,2,0
13,18,4,1,1,0,3,3,0,0,1,1,1,0,2,4,0,6,9,12,1
2,18,4,0,1,0,3,3,0,2,1,1,1,1,0,1,0,6,3,12,1
13,18,4,0,1,0,3,1,0,7,1,1,1,0,2,1,0,8,8,7,1
0,17,4,1,1,0,3,1,0,16,1,1,1,0,0,1,5,1,0,2,1
2,14,4,1,1,0,3,3,0,14,1,1,1,7,0,3,0,2,8,5,1
9,18,0,1,1,0,3,1,0,1,1,1,1,0,0,3,0,3,4,4,1
4,18,0,1,1,0,3,1,0,11,1,1,1,0,0,1,5,2,0,1,0
1,14,4,1,1,4,3,0,1,11,1,1,1,0,0,9,2,0,0,0,0
2,15,2,1,1,3,3,3,0,13,1,1,1,0,0,2,0,6,2,11,1
14,18,4,1,1,0,3,3,0,16,1,1,1,1,2,0,5,0,0,2,1
11,18,4,1,0,0,3,0,0,0,1,1,0,0,2,1,5,1,0,3,0
15,21,0,1,1,4,3,0,1,0,1,1,1,0,2,1,0,6,3,14,1
13,15,0,0,1,0,3,0,0,0,1,1,1,0,2,1,0,9,6,6,0
3,18,4,1,1,4,3,0,1,2,1,1,1,0,0,2,0,6,6,5,1
13,18,0,1,1,3,1,0,1,1,1,1,1,8,2,5,5,0,0,0,1
14,20,4,0,1,0,3,3,0,9,1,1,1,0,2,1,0,4,6,9,0
6,15,4,1,1,0,3,0,0,2,1,1,1,1,0,1,0,6,1,8,1
0,17,4,1,1,0,3,0,0,0,1,1,1,7,0,1,5,1,0,3,1
1,19,4,1,1,0,3,3,0,16,1,1,1,0,0,1,5,1,0,2,0
2,19,4,1,1,0,3,1,0,2,1,1,1,8,0,1,0,6,6,5,0
5,18,0,0,1,0,3,0,0,0,1,1,1,0,0,1,0,6,4,13,1
5,17,4,1,1,0,3,0,0,2,1,1,1,0,0,4,0,6,5,6,0
9,18,0,1,1,0,3,3,0,0,1,1,1,0,0,0,5,0,0,0,1
6,18,4,1,1,3,3,0,1,0,1,1,1,5,0,1,0,6,3,8,1
8,17,4,1,1,0,3,3,0,2,1,1,1,5,0,1,0,6,7,10,1
14,13,4,1,1,4,3,0,1,0,1,1,1,1,2,1,0,6,2,7,1
9,18,0,0,1,0,3,3,0,2,1,1,1,0,0,6,5,0,0,0,1
14,20,4,1,1,0,3,0,0,0,1,1,1,0,2,3,0,6,6,12,1
12,16,0,0,1,0,3,0,0,0,1,1,1,7,2,1,0,6,4,10,1
14,14,4,1,1,0,3,1,0,12,1,1,1,0,2,1,0,2,2,4,0
0,16,4,0,1,0,3,0,0,2,1,1,1,0,0,9,2,3,0,1,1
6,17,4,0,1,0,3,1,0,12,1,1,1,0,0,1,5,4,0,8,0
12,18,4,1,1,0,3,0,0,0,1,1,1,0,2,7,0,6,3,9,1
8,15,4,0,1,3,3,0,1,2,1,1,1,0,0,0,5,0,0,0,1
0,16,4,1,1,0,3,1,0,2,1,1,1,0,0,9,2,1,0,1,1
11,18,4,1,1,3,3,1,1,2,1,1,1,8,2,1,5,0,0,4,1
3,13,4,0,1,0,3,0,0,15,1,1,1,1,0,0,5,0,0,0,0
6,15,4,0,1,4,3,0,1,0,1,1,1,7,0,1,0,6,4,10,1
15,21,0,1,1,0,3,1,0,1,1,1,1,0,2,2,0,9,6,12,0
6,20,4,0,1,0,3,0,0,2,1,1,1,1,0,1,0,6,3,10,1
15,18,4,1,1,0,3,3,0,0,1,1,1,7,2,1,0,5,0,6,1
15,15,0,0,1,3,3,0,1,0,1,1,1,0,2,1,5,0,0,0,1
15,20,4,1,1,0,3,1,0,0,1,1,1,1,0,4,0,5,8,5,1
6,15,0,0,1,4,3,0,1,1,1,1,1,0,0,1,0,6,4,12,1
8,20,4,1,0,0,3,1,0,5,1,1,0,0,0,1,0,6,6,6,0
5,15,4,0,1,0,3,0,0,2,1,1,1,0,0,1,0,5,4,8,1
9,20,4,1,1,3,3,0,1,2,1,1,1,0,0,1,0,6,2,5,1
7,18,4,0,1,0,3,0,0,2,1,1,1,0,0,2,0,6,6,9,1
4,15,4,1,1,3,3,0,1,0,1,1,1,7,0,6,5,0,0,1,1
15,21,4,1,1,0,3,1,0,0,1,1,1,0,2,1,0,6,3,14,1
4,15,4,0,1,0,3,0,0,11,1,1,1,7,0,1,0,7,6,3,1
9,20,4,0,1,4,3,0,1,0,1,1,1,7,0,1,0,6,6,10,1
5,18,4,0,1,0,3,0,0,2,1,1,1,7,0,0,5,0,0,0,1
9,21,4,0,1,4,3,0,1,0,1,1,1,0,0,1,0,6,3,14,0
13,15,4,1,1,4,3,1,1,12,1,1,1,0,2,1,0,2,11,5,0
0,13,4,1,1,0,3,1,0,2,1,1,1,8,0,1,5,6,0,6,1
14,17,0,1,1,0,3,1,0,0,1,1,1,0,2,6,5,4,0,1,1
11,18,4,1,1,0,3,0,0,2,1,1,1,7,2,1,5,0,0,0,1
10,15,4,0,1,0,3,0,0,2,1,1,1,7,0,1,2,0,0,0,1
9,15,4,1,1,0,3,0,0,0,1,1,1,7,0,1,0,5,3,8,0
4,18,4,0,1,0,3,3,0,11,1,1,1,0,0,6,0,4,0,4,0
3,15,4,0,1,0,3,1,0,2,1,1,1,0,0,1,0,1,3,4,1
10,21,4,1,1,0,3,0,0,0,1,1,1,0,0,1,0,6,6,11,1
0,18,4,0,1,0,3,1,0,16,1,1,1,0,0,2,0,2,1,2,0
12,20,4,1,1,0,3,1,0,2,1,1,1,8,2,1,0,1,1,4,1
8,15,4,1,1,0,3,3,0,0,1,1,1,7,0,1,0,4,4,9,0
13,18,4,1,1,0,3,3,0,0,1,1,1,5,2,1,0,6,7,8,1
0,15,4,0,1,0,3,0,0,9,1,1,1,0,0,1,0,1,3,3,1
8,20,4,0,1,0,3,0,0,11,1,1,1,5,0,1,0,6,2,14,0
4,15,4,0,0,0,3,0,0,2,1,1,1,7,0,0,5,0,0,5,1
13,20,0,1,1,0,3,1,0,0,1,1,1,8,2,3,0,6,6,13,0
7,18,4,0,1,0,3,0,0,2,1,1,1,7,0,1,0,6,6,9,0
5,18,0,0,1,0,3,0,0,0,1,1,1,0,0,1,0,8,8,10,0
7,20,4,1,1,0,3,0,0,11,1,1,1,0,0,1,0,4,2,4,0
12,14,4,0,0,0,3,0,0,15,1,1,0,0,2,0,5,0,0,0,1
11,20,4,1,0,0,3,1,0,2,1,1,0,0,2,1,0,2,6,4,1
6,15,4,1,1,0,3,1,0,5,1,1,1,0,0,1,0,6,4,10,0
8,18,0,1,1,3,3,0,1,0,1,1,1,0,0,1,0,7,1,9,1
14,20,4,1,1,0,3,1,0,12,1,1,1,0,2,2,0,6,3,10,1
0,15,4,0,1,0,3,0,0,2,1,1,1,7,0,1,5,0,0,0,1
3,20,4,1,1,0,3,0,0,2,1,1,1,5,0,1,5,1,0,2,1
0,18,4,1,1,0,3,1,0,5,1,1,1,0,0,1,0,3,3,5,1
8,15,4,0,1,0,3,1,0,2,1,1,1,0,0,1,0,6,3,11,1
9,20,4,0,1,0,3,1,0,12,1,1,1,0,0,1,0,7,2,13,1
3,15,4,0,1,4,3,0,1,9,1,1,1,0,0,1,1,9,0,7,0
10,18,4,1,1,0,3,0,0,0,1,1,1,0,0,1,0,8,2,10,0
7,20,4,1,1,4,3,0,1,0,1,1,1,0,0,1,0,5,4,8,1
4,20,4,0,1,0,3,3,0,14,1,1,1,0,0,1,0,6,3,10,0
11,18,4,1,1,0,3,1,0,4,1,1,1,0,2,1,0,4,1,4,1
7,20,4,0,1,0,3,0,0,0,1,1,1,0,0,1,0,8,2,14,1
1,18,4,1,1,0,3,0,0,2,1,1,1,0,0,1,0,3,5,5,1
15,18,0,0,1,4,3,0,1,1,1,1,1,7,2,1,0,6,2,10,1
9,20,4,0,1,0,3,1,0,0,1,1,1,0,0,6,0,8,0,11,1
5,17,4,0,1,0,3,0,0,2,1,1,1,7,0,1,0,4,11,6,1
13,20,0,1,1,0,3,1,0,0,1,1,1,0,2,6,0,1,3,5,1
8,20,4,0,1,0,3,0,0,0,1,1,1,0,0,1,0,6,3,14,1
13,21,0,0,1,0,3,1,0,0,1,1,1,0,2,1,0,5,11,12,1
13,20,0,0,1,0,3,1,0,0,1,1,1,0,2,1,0,6,5,11,0
3,18,4,1,1,0,3,3,0,11,1,1,1,0,0,0,5,0,0,0,1
14,21,0,1,1,0,3,3,0,1,1,1,1,5,2,2,0,6,4,13,0
13,11,4,0,0,0,3,0,0,15,1,1,0,0,2,1,5,0,0,0,1
8,15,4,0,1,0,3,0,0,7,1,1,1,0,0,1,0,3,8,5,1
1,17,4,0,1,0,3,1,0,2,1,1,1,8,0,1,0,2,3,5,1
5,15,4,0,1,0,3,0,0,12,1,1,1,0,0,1,0,6,6,4,1
7,20,4,1,1,0,3,0,0,11,1,1,1,0,0,1,0,6,6,4,0
10,20,0,1,1,0,3,0,0,0,1,1,1,0,0,3,1,8,0,13,0
8,18,0,1,1,0,3,1,0,1,1,1,1,0,0,1,0,6,2,11,1
2,17,4,1,1,0,3,1,0,2,1,1,1,0,0,1,0,3,8,5,1
4,15,3,1,1,0,3,0,0,2,1,1,1,3,0,4,0,4,10,2,1
7,17,4,1,1,0,3,1,0,0,1,1,1,0,0,1,0,6,4,9,1
5,18,4,0,1,0,3,1,0,0,1,1,1,8,0,6,0,2,1,4,1
15,21,0,0,1,4,3,0,1,0,1,1,1,0,2,6,0,6,4,13,1
15,15,0,0,1,0,3,0,0,0,1,1,1,1,2,6,0,6,10,5,1
2,14,4,0,1,0,3,0,0,2,1,1,1,0,0,1,0,8,2,5,1
5,15,4,0,1,0,3,3,0,2,1,1,1,0,0,1,0,5,2,5,1
14,14,0,1,1,0,3,0,0,16,1,1,1,7,2,1,0,6,1,7,1
11,15,0,1,1,0,3,0,0,0,1,1,1,7,2,0,5,0,0,0,0
9,15,4,0,1,0,1,0,0,14,1,1,1,0,0,1,0,6,8,10,0
5,19,4,0,1,0,3,0,0,2,1,1,1,0,0,1,0,2,3,2,1
5,15,4,1,0,3,3,0,1,2,1,1,1,0,0,1,0,2,4,4,1
10,15,4,0,1,0,3,0,0,2,1,1,1,0,0,6,0,6,8,8,1
5,17,0,1,1,4,3,0,1,1,1,1,1,5,0,1,0,2,4,2,0
14,18,0,1,1,0,3,3,0,0,1,1,1,7,2,1,5,0,0,0,1
9,18,4,0,1,0,3,0,0,14,1,1,1,1,0,1,0,6,6,10,1
8,15,0,0,1,0,3,2,0,0,1,1,1,8,0,1,0,6,1,11,1
14,23,0,1,1,0,3,0,0,1,1,1,1,0,2,7,0,6,8,13,0
10,14,4,0,1,0,3,1,0,12,1,1,1,8,0,1,0,6,1,12,0
4,20,4,1,1,0,3,3,0,2,1,1,1,0,0,1,0,8,8,12,1
10,15,4,1,1,0,3,0,0,2,1,1,1,0,0,1,2,6,0,2,1
2,14,4,0,0,0,3,2,0,2,1,1,0,0,0,0,5,0,0,0,1
5,15,0,1,1,0,3,0,0,1,1,1,1,0,0,1,0,1,2,2,1
2,18,4,1,1,0,3,3,0,2,1,1,1,7,0,0,5,0,0,2,0
10,13,0,0,1,4,3,0,1,8,1,1,1,0,0,1,5,6,0,7,1
5,20,4,1,1,0,3,1,0,2,1,1,1,0,0,2,0,3,1,3,1
14,20,0,0,1,3,3,0,1,1,1,1,1,0,2,1,0,6,3,10,1
10,12,0,0,1,0,3,0,0,1,1,1,1,0,0,1,2,0,0,0,1
14,15,4,0,1,0,3,0,0,2,1,1,1,0,0,6,1,4,0,1,1
4,16,4,0,1,0,0,3,0,16,1,1,1,7,0,8,3,4,3,5,1
1,15,4,0,1,0,3,3,0,2,1,1,1,5,0,1,2,1,0,1,1
11,17,4,1,1,0,3,0,0,2,1,1,1,0,2,1,0,6,5,10,1
1,17,4,0,1,0,3,3,0,16,1,1,1,0,0,1,5,4,0,7,0
4,18,4,1,1,0,3,0,0,2,1,1,1,0,0,7,0,2,10,4,1
8,20,0,1,1,0,3,0,0,1,1,1,1,0,0,1,2,2,0,3,1
1,18,4,0,1,0,3,3,0,15,1,1,1,7,0,1,5,6,0,8,0
14,20,0,0,1,0,3,0,0,1,1,1,1,7,2,1,0,9,6,14,1
11,18,4,0,1,0,3,1,0,0,1,1,1,8,2,1,2,6,0,8,0
7,15,4,1,1,0,3,0,0,2,1,1,1,7,0,1,5,1,0,3,1
0,22,4,1,1,0,3,1,0,7,1,1,1,8,0,0,5,0,0,0,0
0,15,4,1,1,4,3,0,1,5,1,1,1,7,0,0,5,0,0,0,1
10,20,0,1,1,0,3,0,0,1,1,1,1,7,0,1,0,6,8,13,1
11,20,0,1,1,3,3,0,1,1,1,1,1,5,2,1,0,6,7,12,1
0,18,4,0,1,0,3,1,0,2,1,1,1,1,0,0,5,0,0,0,1
9,20,4,0,1,0,3,0,0,2,1,1,1,7,0,1,0,3,4,5,1
3,20,4,1,1,0,3,1,0,14,1,1,1,5,0,1,0,6,3,9,1
15,9,0,0,1,0,3,1,0,12,1,1,1,7,2,2,0,8,1,6,1
9,21,4,0,1,2,3,1,0,0,1,1,1,5,0,6,0,5,9,14,1
8,15,0,1,1,0,3,3,0,0,1,1,1,7,0,1,0,4,2,4,1
12,18,4,0,1,0,3,0,0,0,1,1,1,5,2,1,0,6,8,9,1
1,19,4,1,1,0,3,3,0,2,1,1,1,0,0,1,0,4,5,2,1
12,18,0,0,1,0,3,1,0,0,1,1,1,0,2,1,0,8,2,10,1
9,15,0,0,1,0,3,3,0,0,1,1,1,0,0,1,0,6,6,12,1
4,20,0,0,1,0,3,1,0,2,1,1,1,0,0,1,0,7,3,10,1
10,21,0,1,1,0,3,1,0,1,1,1,1,0,0,1,1,6,0,14,1
14,15,4,0,1,0,3,3,0,2,1,1,1,1,2,3,0,5,3,6,1
3,18,4,1,1,0,3,0,0,2,1,1,1,0,0,1,0,6,3,9,1
4,21,4,1,1,0,3,1,0,2,1,1,1,8,0,1,0,2,10,3,1
9,15,3,0,1,0,3,0,0,2,1,1,1,0,0,9,5,0,0,13,1
7,20,0,0,1,0,3,0,0,1,1,1,1,0,0,1,0,6,8,12,0
2,17,4,0,1,0,3,0,0,2,1,1,1,0,0,1,0,2,2,4,0
6,18,4,0,1,0,3,0,0,2,1,1,1,7,0,0,5,0,0,0,1
2,18,4,0,1,0,3,0,0,16,1,1,1,0,0,1,5,4,0,4,1
1,18,4,1,1,0,3,1,0,2,1,1,1,0,0,1,5,1,0,1,1
4,15,4,0,1,0,3,0,0,2,1,1,1,8,0,1,0,6,4,6,1
3,15,4,0,1,0,3,1,0,2,1,1,1,0,0,2,0,6,8,11,1
8,20,4,1,1,0,3,1,0,2,1,1,1,5,0,1,0,3,8,8,1
1,15,4,0,1,0,3,1,0,2,1,1,1,0,0,6,2,1,0,2,1
8,19,4,1,1,0,3,0,0,0,1,1,1,8,0,1,0,4,7,7,0
14,18,0,0,1,0,3,0,0,2,1,1,1,0,2,0,5,0,0,0,1
1,15,4,0,1,0,3,0,0,2,1,1,1,0,0,1,0,6,2,2,1
3,15,4,0,1,3,3,0,1,9,1,1,1,5,0,1,0,6,1,9,1
2,17,2,1,1,0,3,0,0,16,1,1,1,1,0,1,0,2,1,3,1
8,15,4,0,1,0,3,1,0,2,1,1,1,8,0,1,0,6,11,7,1
3,18,4,0,1,0,3,0,0,16,1,1,1,7,0,1,0,6,1,3,1
15,18,4,1,1,3,3,2,1,0,1,1,1,0,2,1,0,6,10,10,1
7,20,4,1,1,0,3,0,0,0,1,1,1,0,0,1,5,0,0,0,1
1,18,4,0,1,0,3,0,0,16,1,1,1,1,0,1,0,6,2,8,0
14,18,4,0,1,0,3,0,0,0,1,1,1,0,2,1,0,6,1,9,1
13,20,2,0,1,4,3,0,1,5,1,1,1,5,2,1,5,6,0,3,1
2,15,4,1,1,0,3,0,0,2,1,1,1,5,0,1,2,3,0,2,1
7,20,4,0,1,3,3,0,1,2,1,1,1,5,0,2,0,6,6,8,1
15,18,0,0,1,4,3,0,1,0,1,1,1,5,2,1,0,6,10,12,1
12,21,0,1,1,0,3,0,0,1,1,1,1,0,2,2,0,4,4,13,1
8,16,0,0,1,0,3,1,0,0,1,1,1,0,0,1,0,7,4,10,1
11,23,2,0,1,0,3,0,0,2,1,1,1,0,2,1,0,6,3,11,1
4,20,4,1,1,0,3,1,0,2,1,1,1,5,0,1,0,2,3,4,1
3,18,4,1,1,0,3,0,0,2,1,1,1,5,0,1,0,2,8,3,1
3,18,4,0,1,0,3,3,0,11,1,1,1,0,0,1,0,9,6,11,0
12,20,4,0,1,0,3,1,0,0,1,1,1,0,2,1,0,7,2,14,0
5,15,4,0,1,0,3,0,0,2,1,1,1,0,0,1,0,6,6,5,1
15,17,2,0,1,0,1,3,0,0,1,1,1,0,2,1,0,9,6,9,1
5,20,4,1,1,0,3,1,0,0,1,1,1,0,0,2,0,3,10,6,1
11,15,4,1,1,4,3,0,1,12,1,1,1,7,2,1,0,6,3,11,1
1,18,4,0,1,4,3,1,1,2,1,1,1,0,0,1,0,5,4,2,1
10,16,0,0,1,4,3,0,1,15,1,1,1,0,0,0,5,0,0,0,0
14,14,0,0,1,4,3,0,1,9,1,1,1,0,2,0,5,0,0,0,1
4,18,2,0,0,0,1,0,0,14,1,1,1,0,2,0,5,0,0,10,0
1,17,4,0,1,0,3,0,0,2,1,1,1,5,0,1,0,1,6,2,1
7,21,4,0,1,4,3,1,1,2,1,1,1,8,0,4,0,6,10,11,0
4,15,0,1,1,0,3,3,0,9,1,1,1,7,0,1,0,6,4,8,1
11,18,4,1,1,0,3,0,0,0,1,1,1,0,2,1,2,4,0,8,1
2,18,4,1,1,2,3,0,0,2,1,1,1,0,0,1,0,1,4,2,1
14,19,0,1,1,0,3,0,0,0,1,1,1,7,2,1,0,4,11,13,1
5,20,0,1,1,0,3,2,0,1,1,1,1,0,0,0,5,0,0,0,0
2,18,4,0,1,0,3,0,0,16,1,1,1,0,0,0,5,0,0,0,0
7,18,0,1,1,4,3,3,1,1,1,1,1,5,0,1,5,0,0,2,1
13,20,0,1,1,0,3,1,0,0,1,1,1,0,2,1,0,6,5,12,1
7,15,4,0,1,0,3,0,0,2,1,1,1,5,0,1,0,6,10,8,1
9,20,4,0,1,0,3,0,0,2,1,1,1,5,0,1,0,6,8,10,1
4,21,4,0,1,2,3,1,0,2,1,1,1,0,0,9,2,0,0,0,0
11,23,0,1,1,0,3,3,0,13,1,0,1,8,2,7,0,6,2,11,1
10,20,4,1,1,0,3,1,0,11,1,1,1,0,0,1,0,4,4,5,0
11,15,0,1,1,3,3,1,1,0,1,1,1,5,2,1,0,6,1,9,1
6,19,4,0,1,4,3,0,1,2,1,1,1,0,0,1,0,1,6,2,1
13,19,4,1,1,0,3,1,0,12,1,1,1,0,2,1,0,6,10,10,1
11,20,0,0,1,0,3,3,0,1,1,1,1,0,2,1,0,6,8,12,0
12,20,4,1,1,4,3,0,1,0,1,1,1,0,2,1,0,8,4,13,1
4,18,4,0,1,0,3,0,0,2,1,1,1,7,0,2,5,2,0,4,1
6,11,4,0,1,0,3,1,0,11,1,1,1,0,0,1,0,9,10,12,1
4,18,4,0,1,0,3,0,0,2,1,1,1,0,0,1,0,1,4,3,1
3,18,4,1,1,1,3,0,1,11,1,1,1,2,0,2,0,5,1,6,0
2,0,4,0,1,0,3,0,0,2,1,1,1,7,0,1,0,8,1,9,1
14,20,4,0,1,0,3,1,0,12,1,1,1,5,2,2,0,6,11,14,0
13,12,2,0,1,0,3,0,0,7,1,1,1,1,2,0,5,0,0,7,1
7,17,1,1,1,3,3,1,0,4,1,1,1,0,0,1,0,9,2,11,1
9,15,4,0,1,2,3,3,0,2,1,1,1,1,0,1,0,5,9,6,1
8,18,4,1,1,0,3,0,0,0,1,1,1,7,0,1,0,5,0,6,1
14,23,4,0,1,3,3,0,1,2,1,1,1,5,2,2,0,6,2,10,1
14,15,0,0,1,0,3,1,0,1,1,1,1,0,2,7,0,8,1,9,1
9,20,4,1,1,3,3,3,1,12,1,1,1,0,0,1,0,6,5,9,0
14,0,4,0,1,0,3,0,0,2,1,1,1,7,2,1,0,8,4,11,1
10,18,4,0,0,0,3,3,0,5,0,1,0,7,0,1,0,6,10,9,1
4,20,4,0,1,0,3,3,0,0,1,1,1,7,0,1,0,2,2,4,0
8,21,0,0,1,0,3,0,0,0,1,1,1,0,0,1,0,6,6,13,1
2,16,0,1,1,4,3,0,1,1,1,1,1,4,0,1,5,5,0,4,1
1,14,4,0,1,0,3,0,0,2,1,1,1,7,0,1,0,6,3,8,1
14,19,4,1,1,0,3,0,0,2,1,1,1,0,2,1,0,6,3,7,1
13,15,0,0,1,0,3,0,0,0,1,1,1,0,2,1,0,6,6,9,1
5,11,4,1,1,4,3,0,1,2,1,1,1,0,0,1,0,9,2,2,1
8,15,4,0,1,0,3,0,0,2,1,1,1,0,0,1,0,6,2,8,0
5,15,4,0,1,3,3,0,1,0,1,1,1,0,0,1,5,0,0,0,0
15,20,0,1,1,0,3,0,0,1,1,1,1,0,2,1,5,4,0,3,1
14,20,4,1,1,0,3,1,0,2,1,1,1,0,2,1,0,6,5,12,1
6,10,4,0,1,2,3,0,0,2,1,1,1,0,0,9,2,0,0,0,1
11,15,0,1,1,0,3,3,0,8,1,1,1,0,2,1,0,6,3,5,1
6,20,4,0,1,0,3,1,0,2,1,1,1,0,0,4,0,6,6,7,1
7,20,4,1,1,0,3,0,0,0,1,1,1,0,0,5,0,6,4,13,1
7,15,4,0,1,0,3,2,0,16,1,1,1,0,0,2,5,6,0,8,0
0,17,4,0,1,0,2,3,0,2,1,1,1,0,0,1,0,4,4,5,1
3,18,4,1,0,0,3,0,0,2,1,0,1,5,0,1,5,0,0,2,1
6,17,0,0,1,0,0,1,0,0,1,1,1,0,0,5,3,6,2,12,1
9,18,4,1,1,0,3,0,0,0,1,1,1,1,0,3,0,1,8,4,1
4,18,4,1,0,0,3,0,0,2,1,1,1,0,0,0,5,0,0,0,1
9,20,4,1,1,3,3,0,1,0,1,1,1,0,0,1,0,8,2,8,0
7,20,4,0,1,0,3,0,0,2,1,1,1,5,0,1,0,6,7,9,1
11,21,0,1,1,0,3,0,0,0,1,1,1,0,2,1,0,6,1,13,1
1,17,4,0,1,0,3,3,0,2,1,1,1,7,0,1,0,9,6,12,1
6,9,4,0,1,0,3,1,0,12,1,1,1,7,0,2,0,1,8,6,0
15,20,0,1,1,4,3,0,1,0,1,1,1,0,2,1,0,6,0,13,1
0,18,4,0,1,0,3,2,0,2,1,1,1,0,0,0,5,0,0,0,1
0,18,4,1,1,0,3,0,0,16,1,1,1,5,0,1,5,0,0,0,1
12,18,0,0,1,0,3,0,0,0,1,1,1,7,2,1,0,6,3,11,1
5,20,4,0,1,4,3,0,1,2,1,1,1,5,0,1,0,6,10,3,1
0,15,4,1,1,0,3,1,0,2,1,1,1,7,0,1,0,6,2,2,1
10,16,4,1,1,0,3,1,0,2,1,1,1,0,0,0,5,0,0,7,0
3,10,4,1,1,4,3,0,1,0,1,1,1,0,0,5,0,8,3,1,1
14,20,2,1,1,0,3,1,0,0,1,1,1,0,2,1,0,6,1,12,1
8,8,4,0,1,4,3,3,1,11,1,1,1,0,0,1,5,0,0,0,1
4,20,4,1,1,0,3,0,0,2,1,1,1,0,0,1,2,6,0,6,1
3,18,4,0,1,0,3,1,0,0,1,1,1,0,0,1,0,1,2,3,1
8,19,4,0,1,0,2,0,0,0,1,1,1,0,0,5,0,6,5,7,1
6,20,4,1,1,4,3,0,1,11,1,1,1,5,0,1,0,6,2,12,0
10,20,4,1,1,3,3,0,1,2,1,1,1,1,0,1,0,6,11,13,1
14,11,0,0,1,0,3,2,0,1,1,1,1,0,2,1,0,9,10,10,1
0,18,4,1,1,0,3,0,0,2,1,1,1,0,0,1,0,2,7,6,1
0,18,4,1,1,0,3,0,0,2,1,1,1,0,0,0,5,0,0,0,1
8,18,0,0,1,4,3,0,1,0,1,1,1,5,0,1,0,6,4,10,0
10,19,4,0,1,0,3,3,0,2,1,1,1,0,0,1,0,6,6,9,1
11,18,4,0,1,0,3,0,0,12,1,1,1,0,2,1,0,6,6,9,1
2,15,4,1,1,0,3,0,0,2,1,1,1,0,0,1,0,6,10,7,1
4,15,4,0,0,0,3,0,0,2,1,1,0,0,0,0,5,0,0,0,0
2,15,4,0,1,4,3,1,1,16,1,1,1,5,0,0,5,0,0,0,0
1,13,4,0,1,4,3,0,1,15,1,1,1,0,0,1,5,0,0,0,0
1,18,4,0,1,0,3,1,0,2,1,1,1,8,0,1,0,6,3,8,1
9,18,0,1,1,0,3,0,0,1,1,1,1,0,0,7,0,8,8,7,1
1,14,4,0,1,0,3,3,0,2,1,1,1,0,0,1,0,2,5,5,1
10,20,4,0,1,0,3,0,0,2,1,1,1,0,0,1,0,1,2,3,1
9,18,4,0,1,0,3,0,0,2,1,1,1,0,0,1,0,6,6,11,1
14,23,2,1,1,0,3,3,0,2,1,1,1,0,2,2,0,6,8,7,1
12,15,4,0,1,0,3,0,0,2,1,1,1,0,2,1,0,6,4,6,1
3,20,4,0,1,4,3,0,1,9,1,1,1,7,0,1,0,5,3,5,1
8,15,2,0,1,0,3,1,0,5,1,1,1,0,0,1,0,6,4,8,1
1,15,4,0,1,0,0,1,0,16,1,1,1,0,0,5,3,1,1,1,0
4,20,4,1,1,0,3,0,0,2,1,1,1,5,0,3,0,6,6,8,1
6,18,0,0,1,0,3,0,0,1,1,1,1,0,0,1,0,6,11,11,1
7,20,0,1,1,0,3,1,0,2,1,1,1,0,0,1,0,6,5,13,0
14,15,4,1,1,0,3,0,0,0,1,1,1,8,0,2,0,5,6,4,0
11,11,4,1,0,0,3,0,0,5,0,1,0,7,2,0,5,0,0,2,1
0,15,0,1,1,3,3,0,1,8,1,1,1,7,0,1,1,1,0,5,1
5,15,4,0,0,0,3,0,0,15,1,0,1,1,0,1,5,6,0,2,0
5,20,4,1,1,0,3,1,0,0,1,1,1,0,0,1,0,6,8,5,0
1,15,4,0,1,0,3,1,0,0,1,1,1,0,0,1,0,1,8,4,1
4,15,4,1,1,0,3,3,0,2,1,1,1,8,0,1,0,6,6,8,1
4,18,4,0,1,0,3,0,0,2,1,1,1,1,0,1,2,6,0,8,1
10,21,0,0,1,3,0,0,1,0,1,1,1,0,0,5,3,6,5,12,0
14,15,0,0,1,0,3,0,0,1,1,1,1,0,2,1,5,0,0,0,1
13,12,3,0,1,0,3,0,0,9,1,1,1,0,2,1,0,6,8,9,1
10,20,4,1,1,0,3,3,0,12,1,1,1,1,0,1,0,7,11,7,1
14,18,4,0,1,0,3,0,0,12,1,1,1,0,2,1,0,6,1,13,1
11,10,4,0,1,3,0,0,1,16,1,1,1,0,2,5,3,8,3,8,1
0,15,4,1,1,0,3,3,0,11,1,1,1,0,0,1,0,1,4,2,1
8,20,0,0,1,0,3,0,0,0,1,1,1,5,0,1,0,6,2,10,1
13,20,4,0,1,0,3,0,0,0,1,1,1,5,2,1,0,6,7,10,1
2,15,4,0,1,0,3,0,0,2,1,1,1,0,0,1,0,6,8,5,1
2,15,4,0,1,0,3,0,0,16,1,1,1,7,0,9,2,3,0,0,1
8,14,4,0,1,4,3,0,1,9,1,1,1,5,0,1,0,6,8,8,1
2,18,4,0,1,0,3,1,0,16,1,1,1,5,0,2,5,6,0,7,1
13,20,4,0,1,0,3,1,0,0,1,1,1,0,2,1,0,1,9,14,0
12,16,0,1,1,0,3,0,0,2,1,1,1,7,2,0,5,0,0,0,1
7,15,4,0,0,0,3,0,0,3,1,0,0,0,0,1,0,9,7,9,1
5,20,4,1,1,0,3,1,0,2,1,1,1,5,0,0,5,0,0,0,1
12,20,4,0,1,0,3,0,0,12,1,1,1,0,2,1,0,9,3,14,1
10,19,4,0,1,0,3,0,0,2,1,1,1,5,0,1,0,6,2,11,1
10,20,0,0,1,0,3,1,0,0,1,1,1,0,0,1,0,7,3,13,1
3,15,4,0,1,0,3,0,0,2,1,1,1,0,0,1,0,6,4,9,1
14,20,4,0,1,0,3,3,0,11,1,1,1,5,2,1,0,2,4,4,0
1,18,4,1,1,0,3,3,0,14,1,1,1,0,0,1,0,2,3,2,1
5,21,4,1,1,0,3,2,0,2,1,1,1,0,0,0,5,0,0,0,0
14,20,4,1,1,0,3,2,0,0,1,1,1,0,2,1,0,6,3,12,1
14,23,2,1,1,0,2,0,0,5,1,1,1,0,2,1,0,6,4,9,1
3,17,4,0,1,0,3,0,0,2,1,1,1,0,0,1,0,1,2,4,1
2,15,4,0,1,0,3,1,0,2,1,1,1,0,0,1,0,2,3,4,1
10,15,4,1,1,0,3,0,0,10,1,1,1,0,0,1,0,6,7,8,0
3,17,4,1,1,0,3,3,0,2,1,1,1,0,0,1,0,3,5,4,1
3,18,4,1,1,0,3,1,0,2,1,1,1,0,0,1,0,6,6,9,0
1,15,4,0,1,0,0,3,0,16,1,1,1,0,0,5,3,9,1,7,0
3,18,4,0,1,3,3,0,1,2,1,1,1,5,0,1,0,2,3,4,1
12,17,4,1,1,0,3,3,0,9,1,1,1,5,2,1,0,6,8,9,1
10,16,4,0,1,0,3,0,0,2,1,1,1,7,0,1,0,6,6,10,1
11,16,4,0,1,0,3,3,0,11,1,1,1,0,2,1,5,9,0,5,0
13,21,0,1,1,2,3,3,0,1,1,1,1,0,2,1,0,2,9,14,1
12,16,4,0,1,0,3,0,0,15,1,1,1,7,2,0,5,0,0,10,0
10,15,4,1,1,0,3,0,0,11,1,1,1,0,0,1,0,5,4,4,1
15,20,0,0,1,4,3,0,1,1,1,1,1,0,2,0,5,0,0,0,1
7,19,0,0,1,0,3,1,0,1,1,1,1,0,0,1,0,5,0,6,1
14,17,0,0,1,0,3,1,0,0,1,1,1,0,2,1,0,6,2,13,1
15,20,4,0,1,3,3,0,1,0,1,1,1,5,2,1,0,6,10,14,0
11,19,4,1,1,0,3,0,0,0,1,1,1,7,2,1,0,6,6,10,1
15,20,4,1,1,0,3,1,0,2,1,1,1,0,2,4,5,5,0,3,1
8,19,4,1,1,0,3,0,0,0,1,1,1,5,0,3,0,1,6,3,1
12,18,4,1,1,0,3,0,0,2,1,1,1,7,2,6,2,0,0,8,1
1,15,4,1,1,0,3,0,0,2,1,1,1,0,0,0,5,0,0,0,1
7,13,4,0,1,0,3,1,0,7,1,1,1,8,0,1,0,6,10,7,1
10,20,4,1,1,0,3,1,0,11,1,1,1,0,0,1,0,2,2,4,1
8,20,4,1,1,0,3,1,0,2,1,1,1,0,0,1,0,3,8,9,1
10,20,4,1,1,0,3,1,0,0,1,1,1,0,0,1,0,6,10,13,1
0,15,4,1,1,0,3,0,0,12,1,1,1,0,0,3,5,0,0,0,1
6,20,4,1,1,0,3,0,0,2,1,1,1,8,0,1,0,6,8,12,1
3,20,4,1,1,0,3,3,0,11,1,1,1,0,0,1,0,7,3,14,0
8,18,4,0,1,0,3,0,0,0,1,1,1,0,0,3,0,6,4,6,1
5,17,4,1,1,4,3,0,1,4,1,1,1,0,0,1,0,6,6,9,1
13,20,0,1,1,0,3,0,0,1,1,1,1,0,2,2,0,6,4,11,1
3,19,4,1,1,4,3,0,1,0,1,1,1,5,0,1,0,2,9,4,1
8,15,4,0,1,0,3,3,0,5,1,1,1,0,0,1,2,8,0,2,1
15,18,0,1,1,4,3,0,1,1,1,1,1,0,2,0,5,0,0,0,1
1,18,4,0,1,0,0,0,0,16,1,1,1,0,0,5,3,5,9,6,1
6,21,4,1,1,0,3,0,0,14,1,1,1,0,0,1,0,2,0,14,0
3,15,4,0,1,0,3,0,0,12,1,1,1,0,0,1,0,5,3,10,1
9,13,4,1,1,0,3,0,0,0,1,1,1,1,0,1,0,6,4,13,0
3,21,4,1,1,4,3,0,1,9,1,1,1,5,0,1,0,4,6,5,1
2,19,4,1,1,0,3,0,0,9,1,1,1,5,0,0,5,0,0,0,1
15,23,0,0,1,0,3,0,0,0,1,1,1,0,2,1,0,6,7,13,1
15,15,4,1,1,4,3,1,1,12,1,1,1,0,2,6,0,3,6,8,1
3,18,4,1,1,0,3,1,0,14,1,1,1,0,0,1,0,4,2,2,1
10,18,0,1,1,0,3,0,0,0,1,1,1,7,0,0,5,0,0,0,1
13,17,4,0,1,0,3,0,0,15,1,1,1,1,2,4,5,0,0,1,0
2,14,4,0,1,0,3,0,0,2,1,1,1,7,0,1,0,6,10,12,1
1,15,4,0,1,4,3,0,1,11,1,1,1,0,0,0,5,0,0,0,0
9,18,3,1,1,3,3,3,1,1,1,1,1,7,1,6,0,8,9,10,1
0,17,4,1,1,0,3,3,0,16,1,1,1,1,0,1,5,4,0,3,0
5,15,4,1,1,0,3,1,0,12,1,1,1,0,0,1,0,7,10,8,1
8,20,0,0,1,0,3,0,0,0,1,1,1,0,0,1,0,6,8,10,1
0,15,4,1,1,0,3,0,0,2,1,1,1,7,0,0,5,0,0,0,1
8,15,4,0,1,0,3,0,0,0,1,1,1,0,0,1,0,9,3,10,1
13,19,0,1,1,4,3,0,1,1,1,1,1,0,2,1,5,0,0,0,1
4,15,4,1,1,0,3,3,0,14,1,1,1,0,0,1,0,2,6,6,0
8,18,4,0,1,0,3,3,0,11,1,1,1,0,0,1,0,6,8,13,1
11,16,0,1,1,0,3,0,0,1,1,1,1,0,2,1,0,5,6,2,1
15,18,0,0,1,0,3,0,0,0,1,1,1,5,2,2,0,8,11,12,1
0,18,4,1,1,0,3,1,0,2,1,1,1,7,0,1,0,1,8,1,1
3,20,4,0,1,0,3,0,0,15,1,1,1,1,0,3,5,6,0,2,0
12,20,0,1,1,0,3,0,0,9,1,1,1,0,2,1,0,6,10,10,1
11,21,4,1,1,0,3,1,0,0,1,1,1,0,2,4,0,6,10,12,1
9,21,4,0,1,0,3,1,0,2,1,1,1,8,0,5,0,9,4,13,1
9,13,4,1,1,0,3,0,0,15,1,1,1,0,0,1,5,0,0,0,1
2,18,4,0,1,0,0,0,0,16,1,1,1,1,0,5,3,9,1,6,1
11,21,4,0,1,0,3,0,0,0,1,1,1,0,2,3,0,6,4,11,1
14,20,0,1,1,4,3,0,1,0,1,1,1,0,2,1,0,8,11,14,1
11,17,0,1,1,0,3,0,0,0,1,1,1,8,2,4,0,9,6,10,1
4,0,4,1,1,4,3,0,1,0,1,1,1,7,0,1,0,6,3,11,1
15,20,0,1,1,4,3,0,1,1,1,1,1,5,2,4,0,6,11,11,1
12,15,4,0,1,4,3,3,1,9,1,1,1,7,2,1,0,6,11,8,1
9,21,0,1,1,0,3,0,0,1,1,1,1,0,0,8,2,6,0,10,0
0,18,4,0,1,0,3,0,0,7,1,1,1,0,0,1,0,2,6,2,1
2,18,4,0,1,0,3,0,0,0,1,1,1,7,0,1,0,6,1,9,1
10,15,4,0,1,0,3,0,0,2,1,1,1,7,0,2,0,6,3,10,1
7,20,4,1,1,0,3,1,0,0,1,1,1,5,0,2,5,0,0,0,1
15,20,4,1,1,0,3,0,0,10,1,1,1,0,2,1,0,6,3,6,0
12,15,4,0,1,0,3,0,0,12,1,1,1,0,2,1,0,7,3,14,1
1,15,4,1,1,0,3,0,0,16,1,1,1,5,0,1,5,1,0,2,1
9,18,3,0,1,0,3,0,0,9,1,1,1,6,0,1,0,5,10,8,1
8,20,4,1,1,0,3,0,0,2,1,1,1,0,0,1,0,6,2,12,1
3,18,4,0,1,0,3,1,0,2,1,1,1,0,0,1,0,2,10,5,1
0,18,4,0,1,0,3,0,0,2,1,1,1,0,0,1,2,1,0,3,0
0,15,4,1,1,0,3,0,0,9,1,1,1,0,0,1,0,3,2,2,1
1,15,4,0,1,0,3,3,0,7,1,1,1,7,0,0,5,0,0,0,1
11,20,4,1,1,0,3,0,0,12,1,1,1,7,2,1,0,6,6,9,1
10,16,0,0,1,4,3,0,1,15,1,1,1,7,0,1,5,7,0,0,0
2,15,4,1,1,4,3,3,1,4,1,1,1,7,0,1,0,9,6,2,1
8,20,4,1,1,0,3,1,0,0,1,1,1,0,0,2,0,4,4,7,0
8,15,4,0,0,0,3,0,0,11,1,1,0,0,0,0,5,0,0,0,0
5,18,4,0,1,0,3,0,0,2,1,1,1,7,0,1,0,6,6,8,1
1,17,4,0,1,0,3,0,0,2,1,1,1,0,0,2,0,2,2,3,1
2,18,4,0,1,0,3,3,0,2,1,1,1,0,0,1,0,2,6,4,1
13,15,4,0,1,0,3,0,0,0,1,1,1,1,2,5,0,6,4,10,1
9,20,4,0,1,0,3,0,0,0,1,1,1,7,0,1,0,6,4,8,1
14,19,4,1,1,0,3,1,0,2,1,1,1,5,2,1,0,6,4,12,1
10,20,4,0,1,0,3,1,0,0,1,1,1,0,0,1,0,3,8,14,1
11,20,0,1,1,0,3,1,0,0,1,1,1,0,2,2,0,6,5,12,0
4,20,4,1,1,0,3,1,0,0,1,1,1,5,0,1,5,0,0,2,1
12,19,4,0,1,0,3,1,0,0,1,1,1,0,2,1,0,9,1,11,1
13,21,0,0,1,0,3,0,0,0,1,1,1,0,2,1,0,9,4,14,1
5,17,0,1,1,0,3,0,0,1,1,1,1,0,0,1,0,6,6,9,1
0,21,4,1,1,0,3,2,0,9,1,1,1,0,0,3,0,1,3,1,1
14,15,0,1,1,0,3,3,0,0,1,1,1,0,2,2,0,9,0,8,1
14,20,4,0,1,0,3,0,0,0,1,1,1,0,2,2,0,6,11,14,0
2,15,4,1,1,0,3,0,0,2,1,1,1,0,0,0,5,0,0,0,1
4,18,4,1,1,0,3,0,0,2,1,1,1,0,0,1,1,4,0,4,1
13,0,4,1,1,4,3,0,1,5,1,1,1,0,2,0,5,0,0,6,1
7,20,4,1,1,0,3,1,0,2,1,1,1,0,0,0,5,0,0,0,1
10,21,0,1,1,3,3,0,1,1,1,1,1,0,0,1,0,6,7,8,1
1,18,4,0,1,0,3,3,0,2,1,1,1,0,0,1,1,6,0,10,1
1,18,4,0,1,0,3,0,0,2,1,1,1,1,0,1,0,1,10,1,1
11,18,4,0,1,0,1,3,0,16,1,1,1,0,2,1,0,6,10,8,0
7,20,0,1,1,2,3,3,0,1,1,1,1,5,0,5,0,6,9,11,0
3,18,4,0,1,0,3,1,0,2,1,1,1,0,0,1,0,6,5,8,0
15,19,4,1,0,0,3,1,0,0,1,1,0,0,2,3,0,3,1,4,1
10,18,4,0,1,0,3,3,0,11,1,1,1,0,0,1,0,2,4,4,0
7,18,4,0,1,0,3,0,0,11,1,1,1,7,0,1,0,6,4,10,0
15,20,4,0,1,0,3,0,0,12,1,1,1,0,2,1,0,6,8,14,1
11,19,4,0,1,3,3,0,1,2,1,1,1,5,2,1,0,6,5,11,1
11,21,0,1,1,0,3,0,0,0,1,1,1,7,2,1,0,6,4,9,0
8,21,4,1,1,4,3,0,1,9,1,1,1,5,0,1,0,2,2,2,1
10,20,0,0,1,0,3,0,0,0,1,1,1,7,0,1,0,7,2,12,1
8,18,0,0,1,3,3,0,1,2,1,1,1,5,0,1,0,6,11,8,1
12,16,3,0,1,0,3,0,0,0,1,1,1,0,2,1,0,7,0,4,0
8,18,0,0,1,0,3,0,0,0,1,1,1,7,0,1,0,6,6,11,0
7,15,4,1,1,0,3,0,0,10,1,1,1,0,0,1,0,6,8,3,0
12,18,0,1,1,0,3,1,0,9,1,1,1,0,2,2,0,1,3,1,1
15,15,4,0,1,0,3,3,0,12,1,1,1,7,2,1,0,6,11,8,1
5,12,4,0,1,0,3,0,0,9,1,1,1,0,0,1,0,6,3,5,1
13,12,4,0,1,4,3,0,1,2,1,1,1,5,2,0,5,0,0,5,1
2,19,4,1,1,0,3,1,0,0,1,1,1,0,0,3,0,1,4,1,1
14,20,0,1,1,0,3,0,0,1,1,1,1,5,2,1,0,6,6,12,0
1,15,4,1,1,0,3,0,0,2,1,1,1,0,0,0,5,0,0,0,1
4,20,4,1,1,0,3,1,0,2,1,1,1,0,0,6,1,4,0,2,1
11,23,4,1,1,0,3,0,0,5,1,1,1,5,2,1,0,8,8,14,1
3,15,4,1,1,0,3,0,0,2,1,1,1,7,0,1,2,0,0,5,1
13,20,0,1,1,0,3,1,0,0,1,1,1,0,2,3,0,6,3,12,1
1,13,4,1,1,0,3,0,0,2,1,1,1,0,0,1,5,1,0,3,1
8,20,4,1,1,0,3,0,0,11,1,1,1,5,0,1,0,4,6,5,0
3,18,4,1,1,0,3,1,0,2,1,1,1,0,0,2,0,1,1,2,1
11,20,4,0,1,0,3,3,0,0,1,1,1,0,2,1,0,6,5,14,1
2,15,4,0,1,0,3,0,0,5,1,1,1,7,0,0,5,0,0,0,1
5,18,4,0,0,0,3,0,0,0,1,1,1,0,0,1,0,6,4,4,1
13,20,4,0,1,0,3,0,0,2,1,1,1,5,2,7,0,6,4,13,1
15,11,2,0,1,0,3,1,0,15,1,1,1,0,2,1,5,9,0,2,1
10,15,0,0,1,0,1,1,0,0,1,1,1,0,0,1,0,6,10,9,1
0,17,4,0,1,0,0,1,0,16,1,1,1,0,0,5,3,4,2,5,1
0,15,4,1,1,0,3,0,0,8,1,1,1,7,0,3,0,1,1,1,1
3,18,4,0,1,0,3,3,0,14,1,1,1,0,0,0,5,0,0,0,0
10,19,4,0,1,0,3,0,0,12,1,1,1,0,0,4,0,6,4,11,0
4,17,4,1,1,0,3,0,0,9,1,1,1,1,0,1,5,4,0,1,1
15,19,0,1,1,0,3,0,0,1,1,1,1,0,2,1,0,4,0,9,1
4,19,4,1,1,0,3,0,0,2,1,1,1,4,0,3,0,5,7,3,1
10,18,4,1,1,0,3,1,0,0,1,1,1,0,0,4,0,1,4,3,1
5,15,4,1,1,0,3,0,0,2,1,1,1,5,0,0,5,0,0,3,1
9,19,4,1,1,0,3,1,0,2,1,1,1,0,0,3,0,6,5,10,1
1,14,4,1,1,4,3,0,1,16,1,1,1,5,0,1,1,2,0,6,0
14,11,4,0,1,4,3,0,1,0,1,1,1,0,2,1,0,6,10,12,1
0,18,4,0,1,0,3,0,0,16,1,1,1,1,0,9,2,0,0,0,0
11,14,4,1,1,0,3,1,0,11,1,1,1,8,2,3,0,3,10,5,1
2,15,4,0,1,0,3,0,0,11,1,1,1,2,0,6,0,2,7,4,1
9,18,4,1,1,0,3,0,0,0,1,0,1,0,0,6,0,6,0,11,0
6,18,0,1,1,0,3,3,0,1,1,1,1,0,0,5,0,6,5,11,0
8,20,4,1,1,0,3,2,0,0,1,1,1,0,0,1,0,6,1,7,1
6,20,4,1,1,3,3,3,1,2,1,1,1,5,0,1,0,6,8,12,1
14,20,4,1,1,4,3,0,1,9,1,1,1,7,2,1,0,6,11,9,1
0,15,4,0,1,4,3,0,1,2,1,1,1,5,0,1,0,1,6,2,1
3,20,0,0,1,0,3,1,0,0,1,1,1,6,0,1,0,6,10,14,1
13,15,0,1,1,2,3,0,0,0,1,1,1,8,2,1,0,6,6,12,1
12,18,0,1,1,0,3,0,0,0,1,1,1,7,2,1,0,6,2,9,1
8,21,4,0,1,0,3,0,0,0,1,1,1,7,0,4,0,9,6,13,1
11,21,4,1,1,0,3,1,0,0,1,1,1,0,2,4,0,8,1,11,0
4,0,4,1,1,4,3,0,1,9,1,1,1,7,0,0,5,0,0,0,1
12,20,4,1,1,0,3,3,0,14,1,1,1,0,2,1,5,0,0,0,1
1,17,4,1,1,0,3,0,0,0,1,1,1,0,0,1,0,6,3,8,0
9,15,4,0,1,0,0,0,0,16,1,1,1,0,0,5,3,9,5,7,1
12,20,4,0,1,0,3,0,0,11,1,1,1,0,2,1,5,6,0,3,1
12,14,0,0,1,0,3,0,0,0,1,1,1,7,2,7,2,6,0,5,1
2,17,4,0,1,0,3,0,0,9,1,1,1,0,0,1,0,7,2,12,1
9,17,0,1,1,4,3,0,1,1,1,1,1,0,0,0,5,0,0,0,1
15,15,0,0,1,0,3,0,0,0,1,1,1,0,2,1,0,8,8,13,1
1,15,4,1,1,0,3,3,0,16,1,1,1,7,0,1,5,6,0,7,1
7,15,4,1,1,0,3,0,0,0,1,1,1,7,0,1,0,6,6,8,0
1,18,4,1,1,0,3,0,0,11,1,1,1,7,0,0,5,0,0,0,0
7,16,4,1,1,0,3,0,0,3,1,1,1,0,0,1,0,6,2,10,1
3,15,4,1,1,4,3,3,1,9,1,1,1,7,0,1,0,6,11,9,1
5,20,4,0,1,0,3,0,0,2,1,1,1,5,0,1,0,6,8,13,1
5,15,4,0,1,0,3,1,0,12,1,1,1,8,0,1,0,4,6,5,0
1,18,4,1,1,0,3,0,0,2,1,1,1,1,0,1,0,6,5,10,1
3,18,4,1,1,4,3,0,1,0,1,1,1,0,0,1,0,8,1,7,1
9,15,4,1,0,0,3,0,0,2,1,1,0,7,0,0,5,0,0,4,1
12,21,0,0,1,4,3,0,1,1,1,1,1,5,2,1,0,7,5,13,0
8,20,4,1,1,0,3,0,0,12,1,1,1,0,0,1,0,7,5,12,1
14,19,4,1,1,0,3,0,0,0,1,1,1,0,2,1,0,6,3,10,0
14,19,4,0,1,3,3,0,1,2,1,1,1,5,2,1,0,2,4,2,1
0,18,4,0,1,0,3,3,0,2,1,1,1,7,0,1,0,4,3,4,1
2,15,4,0,1,0,0,0,0,16,1,1,1,0,0,5,3,1,1,1,1
12,16,4,0,0,0,3,3,0,3,1,0,0,1,2,6,5,6,0,5,1
12,21,4,0,1,4,3,0,1,0,1,1,1,5,2,1,0,6,4,14,1
2,18,4,0,1,0,3,0,0,2,1,1,1,0,0,1,0,6,2,6,1
4,15,4,1,1,2,3,3,0,3,1,1,1,1,0,1,0,4,10,5,1
11,17,4,0,1,0,3,1,0,2,1,1,1,0,2,1,0,6,2,9,1
10,16,4,0,1,0,3,0,0,11,1,1,1,0,0,1,0,6,4,10,1
13,20,4,0,1,0,3,1,0,0,1,1,1,0,2,1,0,6,3,13,1
4,15,4,0,0,0,3,0,0,7,1,0,1,0,0,0,5,0,0,4,1
7,18,4,0,1,0,3,1,0,11,1,1,1,8,0,1,0,6,8,11,0
10,19,0,1,1,3,3,0,1,1,1,1,1,5,0,1,0,1,6,4,1
9,20,4,1,1,0,3,1,0,0,1,1,1,0,0,3,0,3,4,11,1
12,15,0,0,1,0,3,1,0,0,1,1,1,0,2,1,0,9,8,14,1
15,18,0,0,1,4,3,0,1,1,1,1,1,7,2,1,0,8,3,9,1
9,18,0,1,1,0,3,0,0,1,1,1,1,0,0,3,0,4,7,5,1
6,15,4,1,1,0,3,0,0,2,1,1,1,1,0,5,0,6,8,11,1
14,15,4,0,1,0,3,0,0,2,1,1,1,0,2,1,0,6,11,4,1
11,20,0,0,1,0,0,0,0,16,1,1,1,0,2,5,3,9,0,11,0
9,15,0,0,1,0,3,3,0,15,1,1,1,5,0,1,5,0,0,0,1
2,15,4,0,1,0,3,3,0,11,1,1,1,7,0,4,0,2,10,3,1
7,19,4,0,1,0,3,3,0,7,1,1,1,7,0,1,0,5,11,3,1
0,19,4,0,1,0,3,3,0,7,1,1,1,0,0,1,0,2,2,2,1
4,15,4,0,1,0,3,0,0,7,1,1,1,7,0,1,0,6,2,9,1
5,15,0,0,1,0,3,0,0,1,1,1,1,8,0,1,0,2,1,4,0
14,19,0,1,1,0,3,0,0,1,1,1,1,0,2,1,5,0,0,0,0
10,15,3,1,1,3,3,3,1,0,1,1,1,0,0,1,0,7,1,9,1
11,20,4,1,1,3,3,3,1,2,1,1,1,5,2,1,2,2,0,3,1
12,17,4,1,1,0,3,0,0,0,1,1,1,8,2,1,0,7,6,13,0
8,17,4,1,1,0,3,1,0,0,1,1,1,0,0,1,0,6,8,8,1
0,18,4,1,1,0,3,3,0,16,1,1,1,1,0,9,2,0,0,0,0
1,16,4,1,0,0,3,1,0,2,0,1,1,4,0,1,0,5,8,5,1
5,18,4,1,1,2,3,1,0,2,1,1,1,2,0,1,0,5,7,6,1
9,17,0,1,0,0,3,0,0,0,1,1,0,0,0,0,5,0,0,0,1
14,20,0,0,1,0,3,0,0,1,1,1,1,0,2,2,5,0,0,0,1
4,15,4,0,0,0,3,0,0,2,1,1,1,7,0,0,5,0,0,5,1
13,15,0,0,1,0,3,0,0,0,1,1,1,0,2,1,0,6,2,10,1
4,19,4,1,1,0,3,1,0,7,1,1,1,0,0,1,0,2,3,4,1
11,11,3,1,1,0,3,0,0,0,1,1,1,0,2,1,0,4,1,6,1
11,21,4,1,1,0,3,1,0,0,1,1,1,8,2,4,0,6,10,13,0
12,18,0,1,1,0,3,0,0,0,1,1,1,7,2,1,0,6,2,9,0
6,15,4,0,1,0,3,1,0,4,1,1,1,0,0,1,0,6,8,9,1
5,20,4,0,1,0,3,1,0,2,1,1,1,7,0,1,0,6,2,3,1
9,13,4,1,1,0,3,0,0,2,1,1,1,0,0,1,2,6,0,6,1
8,20,4,0,1,0,3,0,0,0,1,1,1,0,0,1,0,6,4,12,1
11,11,0,0,1,4,3,0,1,15,1,1,1,0,2,1,5,9,0,0,0
11,23,0,0,1,0,3,0,0,0,1,1,1,0,2,7,0,8,11,13,1
1,19,4,1,1,0,3,0,0,2,1,1,1,0,0,1,0,2,3,3,1
7,19,0,1,1,0,3,1,0,1,1,1,1,0,0,3,5,0,0,0,1
15,20,0,1,1,3,3,3,1,1,1,1,1,0,2,4,0,8,2,12,1
10,16,4,0,1,0,3,0,0,15,1,1,1,0,0,0,5,0,0,0,1
7,17,4,1,1,0,3,0,0,2,1,1,1,0,0,0,5,0,0,0,1
7,20,4,0,1,0,3,3,0,12,1,1,1,5,0,1,0,6,6,14,0
14,20,0,1,1,0,3,0,0,0,1,1,1,0,2,1,2,2,0,3,1
12,20,2,1,1,1,3,3,1,5,1,1,1,0,2,6,0,5,1,6,1
11,14,0,0,1,4,3,1,1,0,1,1,1,0,2,1,0,6,1,14,1
8,20,0,1,1,0,3,3,0,3,1,1,1,1,0,2,0,9,4,10,0
14,20,0,1,1,3,3,0,1,0,1,1,1,5,2,1,0,2,9,14,1
6,15,4,0,1,0,3,3,0,9,1,1,1,0,0,1,0,4,6,8,1
4,18,4,0,1,4,3,0,1,2,1,1,1,5,0,1,0,6,6,4,1
11,15,0,1,1,0,3,0,0,0,1,1,1,0,2,1,0,3,2,6,1
8,18,4,1,1,3,3,2,1,11,1,1,1,5,0,1,0,6,6,1,1
5,20,4,1,1,0,3,1,0,2,1,1,1,0,0,1,0,3,4,2,1
7,20,4,0,1,4,3,0,1,2,1,1,1,5,0,1,0,6,6,6,1
14,20,4,0,1,0,3,0,0,0,1,1,1,5,2,1,0,6,8,13,1
1,15,4,0,1,0,3,0,0,11,1,1,1,0,0,0,5,0,0,0,1
11,17,4,1,1,0,3,0,0,2,1,1,1,0,2,1,0,4,6,3,1
4,18,4,0,1,0,3,0,0,0,1,1,1,0,0,1,0,2,4,4,1
9,20,4,0,1,0,3,0,0,11,1,1,1,0,0,1,0,7,3,14,1
15,13,4,0,0,0,3,0,0,15,1,1,0,7,2,0,5,0,0,0,1
14,20,4,0,1,0,3,1,0,0,1,1,1,0,2,2,0,6,6,11,0
6,20,4,0,1,0,3,0,0,11,1,1,1,5,0,1,0,6,8,14,0
9,18,0,0,1,0,3,3,0,8,1,1,1,7,0,1,0,2,4,8,0
14,8,1,1,1,3,3,1,1,4,1,1,1,0,2,4,5,0,0,3,1
4,17,4,0,1,0,1,0,0,12,1,1,1,7,2,1,0,9,11,6,1
12,18,0,1,1,4,3,0,1,0,1,1,1,7,2,2,0,6,1,11,1
2,18,4,0,1,0,3,0,0,2,1,1,1,0,0,6,0,1,4,4,1
10,20,4,1,1,0,3,0,0,0,1,1,1,0,0,1,0,8,8,8,1
12,15,4,0,1,0,3,3,0,11,1,1,1,0,2,1,0,6,3,9,1
3,15,4,1,1,0,3,0,0,2,1,1,1,0,0,1,0,2,6,2,1
13,20,4,0,1,0,3,2,0,0,1,1,1,8,2,6,0,1,9,7,1
11,20,0,1,1,3,3,0,1,0,1,1,1,5,2,1,0,6,3,12,0
0,18,4,1,1,0,3,0,0,2,1,1,1,0,0,1,0,2,2,3,1
14,6,0,0,1,0,3,0,0,0,1,1,1,8,2,1,0,7,8,10,0
10,12,0,1,1,0,3,0,0,0,1,1,1,7,0,1,0,6,11,5,1
11,17,0,1,1,0,3,0,0,1,1,1,1,0,2,1,2,4,0,4,0
4,17,4,1,1,0,3,3,0,11,1,1,1,0,2,3,5,0,0,6,1
14,21,0,0,1,4,3,0,1,0,1,1,1,5,2,1,5,6,0,14,1
0,15,4,0,1,0,3,0,0,2,1,1,1,0,0,1,0,7,0,1,0
7,6,0,0,1,4,3,0,1,16,1,1,1,5,0,1,0,1,8,3,0
13,13,4,0,1,0,3,0,0,15,1,1,1,1,2,1,5,0,0,0,1
7,15,4,0,1,0,3,1,0,2,1,1,1,0,0,1,0,2,11,4,0
9,15,0,0,1,4,3,0,1,8,1,1,1,7,0,1,0,6,6,11,1
11,17,0,1,1,0,3,0,0,0,1,1,1,1,2,0,5,0,0,0,0
2,18,4,0,1,0,3,3,0,2,1,1,1,1,0,1,0,2,1,4,1
3,15,4,1,1,4,3,0,1,4,1,1,1,5,0,1,0,1,8,4,1
3,11,4,0,1,0,3,1,0,2,1,1,1,0,0,1,0,6,3,6,1
9,21,4,0,1,3,3,0,1,0,1,1,1,5,0,1,0,6,9,14,0
14,20,0,0,1,3,3,0,1,0,1,1,1,5,2,1,0,8,11,14,1
1,18,4,0,1,0,3,0,0,2,1,1,1,1,0,1,0,9,3,6,1
9,18,4,0,1,0,3,0,0,2,1,1,1,0,0,1,0,6,5,11,1
4,18,0,1,1,0,3,3,0,8,1,1,1,0,0,1,0,3,6,3,0
6,18,4,1,1,0,3,0,0,12,1,1,1,7,0,1,0,1,3,5,0
8,20,4,0,1,0,3,3,0,0,1,1,1,5,0,1,0,6,8,9,1
6,20,4,0,1,0,3,3,0,14,1,1,1,0,0,1,0,9,6,14,1
7,15,0,0,1,0,3,0,0,0,1,1,1,0,0,1,0,6,11,9,1
14,14,0,0,1,0,3,3,0,0,1,1,1,0,2,1,0,6,8,14,1
0,15,4,0,1,0,3,3,0,14,1,1,1,0,0,3,0,2,0,2,0
4,18,4,0,1,0,3,3,0,2,1,1,1,5,0,2,0,3,0,3,0
11,18,4,0,1,0,3,0,0,2,1,1,1,8,0,2,0,5,8,5,1
14,15,4,1,1,0,3,0,0,12,1,1,1,0,2,1,0,6,8,6,1
4,17,0,1,1,0,3,3,0,0,1,1,1,8,0,1,0,6,10,12,0
13,20,0,1,1,0,3,3,0,0,1,1,1,1,2,3,0,6,10,13,0
9,14,4,0,1,0,3,3,0,11,1,1,1,1,0,1,0,6,10,12,0
15,19,3,0,1,0,3,0,1,9,1,1,1,0,2,6,0,3,0,3,1
12,9,0,0,1,0,3,1,0,12,1,1,1,7,2,2,0,8,8,8,1
10,20,0,1,1,0,3,0,0,1,1,1,1,7,0,7,5,0,0,0,1
4,17,4,0,1,4,3,0,1,11,1,1,1,0,2,1,0,9,4,6,1
5,20,4,1,1,0,3,3,0,2,1,1,1,5,0,1,2,3,0,3,1
11,20,4,0,1,0,3,0,0,0,1,1,1,5,2,6,0,8,0,14,1
7,20,0,0,1,4,3,0,1,1,1,1,1,5,0,6,0,8,8,11,0
10,16,4,0,1,0,3,0,0,15,1,1,1,7,0,0,5,0,0,0,0
5,15,4,0,1,0,3,3,0,2,1,1,1,1,0,0,5,0,0,0,1
5,18,4,1,1,0,3,1,0,12,1,1,1,0,0,1,0,8,2,2,1
13,20,4,1,1,0,3,1,0,2,1,1,1,0,2,2,0,6,5,11,1
14,15,4,0,1,4,3,0,1,9,1,1,1,8,0,6,0,4,0,1,1
5,15,4,0,0,0,3,0,0,2,1,1,0,0,0,0,5,0,0,0,0
6,15,4,0,1,0,3,0,0,14,1,1,1,7,0,1,0,6,3,2,1
14,15,4,1,1,0,3,3,0,0,1,1,1,0,2,1,2,0,0,0,1
2,20,4,1,1,0,3,1,0,0,1,1,1,0,0,0,5,0,0,0,0
13,20,0,0,1,0,3,0,0,1,1,1,1,0,2,3,0,6,10,12,1
8,15,4,0,0,0,3,0,0,2,1,1,0,0,0,0,5,0,0,0,1
4,21,4,1,1,4,3,3,1,14,1,1,1,5,0,0,5,0,0,0,0
4,18,0,1,1,0,3,0,0,0,1,1,1,7,0,1,0,4,6,7,0
4,20,4,1,1,0,3,0,0,2,1,1,1,5,0,2,0,2,2,3,1
8,18,4,1,1,4,3,0,1,0,1,1,1,0,0,1,0,6,4,7,1
7,16,4,0,1,0,3,1,0,2,1,1,1,0,0,1,0,6,6,10,1
3,20,4,0,1,0,3,1,0,2,1,1,1,8,0,1,0,6,8,5,0
1,17,4,0,1,0,3,3,0,2,1,1,1,0,0,0,5,0,0,0,1
4,12,4,0,1,0,3,0,0,2,1,1,1,8,0,0,5,0,0,12,1
15,17,4,1,1,0,3,1,0,0,1,1,1,8,2,1,0,6,4,10,1
0,15,4,0,1,0,3,0,0,16,1,1,1,0,0,1,5,8,0,2,1
5,17,4,0,1,0,3,1,0,0,1,1,1,0,0,2,0,6,1,9,1
5,20,4,0,1,3,3,0,1,2,1,1,1,5,0,1,0,6,10,10,1
5,18,4,1,1,0,3,0,0,11,1,1,1,5,0,1,5,0,0,0,0
4,15,4,0,1,0,3,0,0,2,1,1,1,0,0,1,0,4,0,4,1
9,21,4,1,1,0,3,3,0,14,1,1,1,0,0,1,0,2,4,4,1
14,21,4,1,1,0,3,0,0,0,1,1,1,0,2,2,0,9,8,13,1
13,15,0,1,1,4,3,3,1,0,1,1,1,5,2,1,0,3,6,6,0
7,17,0,0,1,0,0,0,0,16,1,1,1,0,0,5,3,8,2,6,1
6,18,0,0,1,0,3,0,0,2,1,1,1,5,0,1,0,6,5,10,0
15,15,0,0,1,4,3,0,1,1,1,1,1,7,2,0,5,0,0,0,1
3,19,4,1,1,0,3,3,0,2,1,1,1,0,0,1,0,5,9,4,1
5,17,0,1,1,0,3,1,0,1,1,1,1,0,2,1,0,6,7,6,1
7,18,4,0,1,0,3,0,0,2,1,1,1,0,0,1,5,0,0,4,1
8,20,4,0,1,0,3,3,0,11,1,1,1,5,0,1,0,6,8,9,0
0,18,4,0,1,0,3,1,0,16,1,1,1,5,0,0,5,0,0,0,1
9,20,4,0,1,0,3,3,0,2,1,1,1,0,0,1,0,6,2,6,1
14,18,0,1,1,0,3,0,0,1,1,1,1,0,2,7,1,6,0,9,1
13,17,4,0,1,0,3,0,0,0,1,1,1,0,2,4,0,8,1,11,1
1,18,4,1,1,0,3,3,0,16,1,1,1,0,0,1,0,8,3,6,1
7,18,4,1,1,0,3,1,0,2,1,1,1,0,0,1,0,6,3,6,1
2,18,4,1,1,4,3,0,1,0,1,1,1,5,0,0,5,0,0,0,1
14,18,0,0,1,0,3,3,0,5,1,1,1,0,2,6,0,8,6,13,1
2,17,4,1,1,0,3,0,0,0,1,1,1,5,0,1,0,6,5,12,1
0,15,4,0,1,0,3,3,0,14,1,1,1,0,0,1,5,0,0,0,0
15,21,0,1,1,0,3,0,0,1,1,1,1,0,2,3,0,6,7,13,1
15,18,4,1,1,0,3,0,0,2,1,1,1,5,2,1,0,4,0,9,1
0,15,4,0,1,4,3,0,1,14,1,1,1,0,0,1,0,6,0,6,1
12,15,4,0,1,0,3,0,0,2,1,1,1,0,2,7,0,2,11,4,1
11,16,0,1,1,4,3,0,1,1,1,1,1,0,2,1,5,6,0,7,0
4,17,0,0,1,0,3,0,0,8,1,1,1,7,0,1,0,6,6,6,1
15,20,0,0,1,4,3,1,1,1,1,1,1,0,2,1,0,4,0,4,1
1,18,4,1,1,0,3,3,0,2,1,1,1,0,0,2,0,2,11,3,1
11,20,0,1,1,0,3,0,0,1,1,1,1,0,2,3,0,6,4,12,1
0,15,4,0,1,0,3,3,0,4,1,1,1,0,0,1,0,6,8,4,0
15,19,4,0,1,0,3,0,0,0,1,1,1,8,2,6,0,3,0,4,1
4,21,4,1,1,0,3,1,0,0,1,1,1,8,0,1,1,6,0,9,1
8,15,4,0,1,0,3,1,0,0,1,1,1,0,0,1,0,3,2,8,1
10,15,0,1,1,3,3,0,1,0,1,1,1,7,0,1,0,2,11,4,1
8,21,0,1,1,0,3,1,0,0,1,1,1,1,0,1,0,6,11,14,1
11,15,4,1,1,0,3,0,0,16,1,1,1,7,2,1,5,6,0,2,1
8,20,4,1,1,0,3,1,0,11,1,1,1,0,0,0,5,0,0,0,1
7,11,4,1,1,0,3,0,0,11,1,1,1,0,0,3,2,1,0,6,1
11,20,0,0,1,0,3,1,0,0,1,1,1,0,2,1,0,7,0,13,0
5,20,0,1,1,0,3,0,0,2,1,1,1,1,0,6,0,1,8,4,1
12,20,4,1,1,0,3,3,0,12,1,1,1,0,2,1,0,3,4,8,1
14,15,4,1,1,0,3,1,0,2,1,1,1,8,2,1,5,0,0,2,1
11,15,4,1,1,0,3,0,0,16,1,1,1,1,0,4,0,4,5,3,1
13,14,4,0,0,0,3,0,0,15,1,1,0,1,2,0,5,0,0,1,1
11,21,0,1,1,0,3,1,0,0,1,1,1,0,2,1,0,6,2,13,0
15,19,4,1,1,0,3,3,0,0,1,1,1,1,2,3,0,3,6,4,1
4,20,4,1,1,0,3,1,0,3,1,1,1,0,0,1,5,2,0,5,0
13,16,0,1,1,0,3,0,0,1,1,1,1,0,2,1,0,3,6,3,1
3,18,4,1,1,0,3,0,0,2,1,1,1,0,0,0,5,0,0,0,1
0,15,4,1,1,0,3,1,0,7,1,1,1,8,0,1,5,0,0,0,1
2,19,4,0,1,4,3,0,1,0,1,1,1,5,0,0,5,0,0,0,1
15,20,0,1,1,4,3,0,1,1,1,1,1,5,2,0,5,0,0,0,1
4,20,0,1,1,0,3,0,0,2,1,1,1,5,0,1,5,2,0,2,0
8,15,4,0,0,0,3,0,0,2,1,1,0,0,0,0,5,0,0,5,1
8,20,0,0,1,0,3,1,0,0,1,1,1,7,0,1,0,8,1,13,1
2,12,4,1,0,0,3,3,0,16,1,1,1,7,0,0,5,0,0,5,1
14,20,0,0,1,0,3,2,0,1,1,1,1,0,2,1,0,2,9,6,1
2,18,4,1,1,0,3,0,0,2,1,1,1,8,0,0,5,0,0,0,1
10,18,4,1,1,0,3,3,0,11,1,1,1,0,0,2,0,9,4,10,1
11,17,0,1,1,0,3,0,0,0,1,1,1,5,2,3,0,6,7,12,1
9,18,4,1,1,4,3,0,1,2,1,1,1,1,0,1,0,3,4,5,1
5,20,4,0,1,0,3,0,0,2,1,1,1,0,0,1,0,6,6,6,0
9,19,4,0,1,0,3,1,0,0,1,1,0,8,0,1,0,6,7,6,1
13,21,4,0,1,0,3,1,0,0,1,1,1,0,2,4,0,9,6,11,1
13,15,0,0,1,0,3,1,0,1,1,1,1,8,2,1,0,7,1,12,1
11,18,4,0,1,0,3,1,0,2,1,1,1,0,2,1,0,6,6,8,1
12,20,0,0,1,0,3,0,0,1,1,1,1,0,2,4,0,6,10,11,1
14,20,4,0,1,3,3,0,1,0,1,1,1,5,2,1,0,6,2,12,1
14,20,4,0,1,0,3,0,0,11,1,1,1,5,2,1,0,7,8,14,1
14,20,4,0,1,0,3,1,0,9,1,1,1,0,2,1,0,7,11,11,1
1,15,4,0,1,0,3,0,0,2,1,1,1,0,0,1,2,8,0,8,1
14,19,4,1,1,0,3,3,0,12,1,1,1,0,2,0,5,0,0,0,0
14,18,0,1,1,0,3,0,0,1,1,1,1,5,2,1,5,0,0,4,1
2,18,4,0,1,0,3,1,0,2,1,1,1,0,0,1,0,4,2,6,1
6,20,4,1,1,0,3,3,0,11,1,1,1,0,0,1,0,5,0,9,0
5,18,4,0,1,0,3,0,0,4,1,1,1,0,0,1,2,0,0,0,1
12,19,4,0,1,0,3,1,0,0,1,1,1,0,2,1,0,6,3,11,1
10,19,4,0,1,0,3,0,0,0,1,1,1,0,0,1,0,9,4,10,1
5,15,4,0,1,0,3,1,0,2,1,1,1,0,0,5,2,0,0,2,1
3,17,4,0,1,0,2,3,0,11,1,1,1,0,2,1,0,8,4,6,1
2,17,4,1,1,0,3,0,0,0,1,1,1,0,0,0,5,0,0,0,1
4,20,4,0,1,0,3,1,0,0,1,1,1,0,0,1,0,6,10,13,0
2,18,4,1,1,3,3,0,1,9,1,1,1,5,0,1,2,3,0,4,0
9,20,0,1,1,0,3,3,0,0,1,1,1,0,0,1,0,6,11,13,1
1,15,4,0,1,0,3,0,0,12,1,1,1,0,0,1,5,1,0,2,0
7,18,4,0,1,0,3,0,0,9,1,1,1,0,0,1,0,6,3,10,1
15,22,0,1,1,0,3,0,0,0,1,1,1,0,2,1,0,6,4,13,0
9,18,4,0,1,0,3,0,0,2,1,1,1,0,0,1,0,6,6,8,1
3,13,0,0,0,0,3,1,0,1,1,0,1,0,0,1,0,8,2,12,0
13,15,0,1,1,3,3,0,1,1,1,1,1,0,2,1,0,6,7,7,0
3,7,4,1,1,4,3,0,1,2,1,1,1,7,0,2,0,5,2,3,1
7,20,4,1,1,0,3,0,0,0,1,1,1,0,0,2,0,1,3,2,0
12,21,4,1,1,4,3,0,1,0,1,1,1,5,2,5,0,7,2,13,1
5,15,4,1,1,0,3,0,0,11,1,1,1,0,0,1,0,1,1,4,1
6,11,4,0,1,0,3,0,0,7,1,1,1,0,0,1,5,0,0,0,1
1,18,4,0,1,0,3,3,0,2,1,1,1,0,0,1,0,2,1,4,1
12,15,0,0,1,4,3,0,1,8,1,1,1,5,2,1,0,6,4,8,0
9,15,0,0,1,0,3,3,0,0,1,1,1,0,0,1,0,6,1,8,1
8,18,4,1,1,0,3,1,0,0,1,1,1,0,0,1,0,3,4,4,1
2,19,4,0,1,0,3,3,0,2,1,1,1,5,0,3,0,1,2,3,0
8,18,0,1,0,0,3,2,0,8,1,1,1,0,0,9,2,0,0,0,1
7,3,0,0,1,3,1,3,1,1,1,1,1,7,0,1,0,5,8,7,1
12,20,4,1,1,0,3,1,0,11,1,1,1,0,2,4,0,6,8,13,1
4,18,4,0,1,4,3,0,1,0,1,1,1,0,0,4,0,6,2,6,0
4,20,4,1,1,3,3,0,1,11,1,1,1,5,0,1,0,3,4,5,0
11,20,0,1,1,0,3,1,0,1,1,1,1,0,2,1,0,6,11,9,1
0,18,4,1,1,0,3,3,0,2,1,1,1,1,0,0,5,0,0,0,1
15,21,0,1,1,0,3,0,0,0,1,1,1,0,2,1,0,6,1,14,1
14,11,2,1,1,4,3,0,1,0,1,1,1,7,1,6,0,9,4,2,1
3,20,4,0,1,0,0,1,0,0,1,1,1,0,0,5,3,6,9,14,1
11,15,4,0,1,4,3,3,1,0,1,1,1,7,2,1,2,6,0,8,1
2,18,4,0,1,0,3,0,0,14,1,1,1,0,0,0,5,0,0,0,1
7,18,4,0,1,0,3,3,0,2,1,1,1,7,0,0,5,0,0,0,1
13,20,4,0,1,0,3,1,0,12,1,1,1,0,2,6,0,6,3,14,1
2,15,4,0,1,0,3,0,0,2,1,1,1,0,0,6,0,6,8,6,1
5,19,4,0,1,0,3,0,0,2,1,1,1,0,0,1,0,6,8,6,1
2,18,4,0,1,0,3,0,0,2,1,1,1,7,0,3,0,6,4,6,1
9,15,0,1,1,0,3,0,0,1,1,1,1,0,0,1,0,4,4,6,1
3,20,4,1,1,0,3,0,0,2,1,1,1,0,0,0,5,0,0,0,1
6,18,4,0,1,0,3,3,0,11,1,1,1,0,0,1,0,9,3,11,0
15,18,4,0,1,0,3,3,0,0,1,1,1,0,2,1,0,2,3,4,1
1,18,4,1,1,0,3,1,0,2,1,1,1,8,0,1,0,2,9,4,1
1,18,4,0,1,0,3,0,0,16,1,1,1,0,0,2,5,1,0,2,1
11,19,4,1,1,0,3,0,0,2,1,1,1,1,2,1,5,4,0,5,1
6,15,4,0,1,4,3,0,1,10,1,1,1,0,0,1,0,9,8,8,1
11,20,0,1,1,3,3,0,1,0,1,1,1,5,2,1,0,6,7,12,1
1,18,4,1,1,0,3,3,0,2,1,1,1,5,0,0,5,0,0,0,1
6,15,4,0,1,0,3,0,0,2,1,1,1,0,0,8,5,0,0,0,1
13,0,4,0,1,0,3,3,0,15,1,1,1,1,2,0,5,0,0,1,1
15,14,0,0,1,0,3,0,0,15,1,1,1,0,2,1,5,6,0,3,0
10,21,0,0,1,4,3,0,1,0,1,1,1,5,0,1,0,9,6,14,0
10,20,4,1,1,0,3,1,0,2,1,1,1,0,0,1,0,8,8,14,1
13,21,0,1,1,0,3,1,0,0,1,1,1,0,2,6,0,1,2,14,1
1,18,4,1,1,3,3,0,1,2,1,1,1,5,0,1,5,0,0,0,1
8,18,4,1,1,0,3,0,0,0,1,1,1,1,0,1,2,6,0,3,1
14,18,4,0,1,0,3,0,0,14,1,1,1,0,2,1,0,6,4,6,0
13,20,4,0,1,0,3,1,0,0,1,1,1,0,2,1,0,6,6,14,1
5,17,4,1,1,0,3,1,0,2,1,1,1,8,0,1,0,5,2,9,1
13,15,4,0,1,0,3,1,0,11,1,1,1,5,2,1,0,2,3,3,1
11,18,4,0,1,0,3,0,0,2,1,1,1,8,2,1,0,2,3,4,1
5,15,4,1,1,0,3,0,0,7,1,1,1,1,0,1,0,6,1,4,1
9,20,4,1,1,0,3,3,0,11,1,1,1,0,0,3,0,8,10,13,0
6,19,4,1,1,3,3,0,1,2,1,1,1,7,0,1,0,6,3,10,1
1,15,4,0,1,3,3,0,1,2,1,1,1,0,0,1,0,6,4,8,1
8,15,0,1,1,4,3,1,1,1,1,1,1,0,0,1,0,6,8,5,1
12,20,4,1,1,0,3,0,0,0,1,1,1,1,2,1,0,6,8,14,1
13,21,0,1,1,0,3,1,0,1,1,1,1,0,2,1,1,6,0,12,1
11,21,4,1,1,0,3,1,0,0,1,1,1,0,2,1,0,6,3,11,0
11,10,4,0,1,4,3,0,1,7,1,1,1,0,2,1,0,6,3,10,1
9,20,4,0,1,3,3,3,1,5,1,1,1,5,0,6,0,6,9,13,0
10,20,4,0,1,3,3,0,1,2,1,1,1,5,0,1,0,6,3,9,1
1,15,4,1,1,0,3,3,0,2,1,1,1,0,0,1,5,0,0,0,1
15,20,0,0,1,0,3,0,0,0,1,1,1,0,2,1,0,6,8,12,1
0,18,4,0,1,0,3,0,0,2,1,1,1,7,0,1,0,2,2,3,1
4,12,4,1,0,0,3,3,0,2,1,1,1,0,0,1,2,0,0,4,1
2,18,4,1,1,0,3,1,0,2,1,1,1,8,0,1,0,2,2,2,1
1,15,4,0,1,0,3,0,0,2,1,1,1,1,0,1,2,1,0,4,1
8,20,4,1,1,0,3,3,0,2,1,1,1,7,0,1,0,3,3,9,1
13,18,0,1,1,0,3,0,0,1,1,1,1,0,2,1,0,6,6,10,1
0,15,4,0,1,0,3,3,0,2,1,1,1,0,0,1,0,3,9,2,1
12,18,0,0,1,0,3,0,0,0,1,1,1,7,2,1,0,6,6,10,1
7,17,4,0,1,0,3,0,0,12,1,1,1,0,0,2,0,7,11,13,1
11,18,4,0,1,4,3,3,1,0,1,1,1,0,2,1,0,9,11,14,0
12,23,4,1,1,4,3,0,1,16,1,1,1,5,2,0,5,0,0,3,0
13,20,0,1,1,2,3,1,0,0,1,1,1,0,2,1,0,6,3,14,0
4,13,4,0,1,0,3,3,0,15,1,1,1,0,0,1,5,6,0,9,0
9,15,0,1,1,0,3,0,0,0,1,1,1,7,0,1,0,6,4,10,0
3,13,4,0,1,4,3,0,1,14,1,1,1,0,0,1,0,6,6,9,1
13,17,2,1,1,0,3,3,0,0,1,1,1,0,2,4,0,2,4,5,1
5,20,4,1,1,2,3,1,0,2,1,1,1,8,0,4,0,5,11,3,1
11,20,0,0,1,2,3,0,0,0,1,1,1,0,2,1,0,6,6,12,0
9,18,0,0,1,0,3,0,0,8,1,1,1,7,0,4,5,4,0,5,1
10,19,0,0,1,4,3,0,1,0,1,1,1,7,0,1,0,6,11,11,0
7,20,4,1,1,0,3,0,0,2,1,1,1,0,0,1,0,6,6,7,1
9,16,4,1,0,0,3,1,0,2,1,0,0,0,0,1,0,6,0,4,1
2,18,4,1,1,4,3,0,1,16,1,1,1,5,0,1,0,2,6,3,0
9,5,0,1,1,2,3,1,0,4,0,1,1,3,0,4,0,4,10,4,1
5,20,4,1,1,4,3,0,1,2,1,1,1,5,0,1,5,0,0,0,1
5,20,4,1,1,0,3,0,0,12,1,1,1,5,0,1,2,2,0,3,0
7,21,4,1,1,0,3,1,0,5,1,1,1,0,0,1,0,6,5,8,1
15,17,0,1,1,0,3,1,0,0,1,1,1,0,2,1,0,8,2,12,1
13,14,0,1,1,4,3,0,1,0,1,1,1,0,2,1,1,1,0,2,1
5,15,4,0,1,0,3,0,0,15,1,1,1,1,0,0,5,0,0,0,0
3,18,4,1,1,0,3,3,0,5,1,1,1,1,0,1,0,8,2,6,1
13,21,4,1,1,2,3,1,0,0,1,1,1,0,2,1,0,1,9,14,0
10,20,4,0,1,0,3,3,0,2,1,1,1,7,0,1,0,6,4,10,1
9,20,4,1,1,4,3,0,1,11,1,1,1,0,0,3,0,6,10,12,1
13,20,0,1,1,0,3,1,0,0,1,1,1,0,2,1,0,6,5,13,1
13,19,2,0,1,0,3,0,0,15,1,1,1,0,2,1,5,6,0,10,1
2,18,4,1,1,0,3,0,0,0,1,1,1,5,0,1,0,2,3,4,1
9,20,4,1,1,0,3,0,0,2,1,1,1,0,0,1,0,4,3,7,1
0,13,4,1,1,0,3,0,0,0,1,1,1,0,0,1,0,6,6,7,1
7,21,0,0,1,0,3,1,0,1,1,1,1,0,2,3,0,6,11,9,1
9,20,4,0,1,0,3,3,0,11,1,1,1,5,0,1,0,4,10,12,1
0,15,4,0,1,0,3,3,0,11,1,1,1,0,0,1,0,2,4,4,0
3,20,4,1,1,0,3,0,0,2,1,1,1,0,0,1,0,3,6,2,1
8,18,4,0,1,0,3,0,0,0,1,1,1,0,0,2,0,6,3,6,1
10,16,4,1,1,0,3,0,0,15,1,1,1,0,0,1,5,0,0,1,0
10,20,0,1,1,0,3,1,0,1,1,1,1,0,0,1,0,6,7,9,1
2,18,4,0,1,0,3,0,0,16,1,1,1,0,0,1,0,2,2,2,0
15,18,4,1,1,0,3,0,0,4,1,1,1,0,2,3,0,4,6,5,1
2,18,4,1,1,0,3,0,0,16,1,1,1,1,0,6,5,1,0,2,0
5,15,4,0,1,4,3,0,1,0,1,1,1,7,0,1,0,6,6,6,1
7,21,4,0,1,0,3,0,0,12,1,1,1,0,0,2,0,6,8,13,0
3,13,4,1,1,0,3,0,0,2,1,1,1,0,0,6,5,0,0,2,1
5,17,4,1,1,0,3,0,0,2,1,1,1,0,0,1,0,6,1,5,1
13,20,4,1,0,0,3,1,0,0,1,1,0,0,2,1,1,6,0,12,1
2,14,4,0,0,0,3,0,0,2,1,1,0,0,0,0,5,0,0,4,1
15,15,4,0,1,0,3,3,0,2,1,1,1,0,2,1,0,6,3,7,1
13,21,4,0,1,4,3,3,1,0,1,1,1,0,2,1,0,6,3,13,1
12,14,0,0,1,4,3,3,1,0,1,1,1,5,2,1,0,6,10,14,1
15,15,0,0,1,0,3,3,0,1,1,1,1,0,2,1,0,4,3,6,1
7,20,4,1,1,0,3,1,0,12,1,1,1,0,0,1,0,7,1,11,1
1,15,4,1,1,0,3,3,0,2,1,1,1,0,0,2,0,1,3,4,1
6,18,4,1,1,0,3,0,0,12,1,1,1,0,0,1,0,2,4,4,1
5,20,0,0,1,0,3,1,0,1,1,1,1,0,0,1,0,5,1,3,1
3,19,4,0,1,0,3,3,0,2,1,1,1,5,0,1,0,3,6,5,1
12,19,0,0,1,0,3,3,0,1,1,1,1,7,2,1,0,6,3,12,0
8,18,4,0,1,0,3,0,0,2,1,1,1,1,0,1,0,4,6,5,1
3,18,4,1,1,0,3,0,0,16,1,1,1,5,0,2,0,1,1,2,0
9,18,0,0,1,3,3,3,1,2,1,1,1,8,0,1,0,6,7,7,1
14,18,2,1,1,0,3,0,0,2,1,1,1,0,2,1,5,0,0,0,1
13,20,4,0,1,0,3,3,0,2,1,1,1,0,2,1,0,6,5,14,1
6,18,4,1,1,0,3,1,0,2,1,1,1,1,0,9,2,0,0,0,1
11,16,4,0,1,0,3,3,0,3,1,1,1,0,2,2,0,6,1,6,1
6,11,0,0,1,0,3,0,0,1,1,1,1,0,0,1,0,6,8,10,1
13,13,4,0,1,0,3,0,0,15,1,1,1,1,2,0,5,0,0,0,1
3,15,4,1,1,0,3,1,0,2,1,1,1,0,0,0,5,0,0,0,1
11,18,4,1,1,0,3,3,0,10,1,1,1,0,2,1,0,8,8,10,1
13,19,0,1,0,0,3,0,0,2,1,1,0,0,2,2,5,0,0,0,1
13,15,0,1,1,0,3,1,0,0,1,1,1,0,2,1,0,1,10,1,1
2,16,4,1,1,0,3,0,0,9,1,1,1,0,0,9,2,3,0,0,0
15,20,4,0,1,3,3,0,1,10,1,1,1,8,2,4,0,6,1,3,1
3,5,4,0,1,3,3,0,1,4,1,1,1,0,0,0,5,0,0,0,1
1,18,0,1,1,0,3,0,0,0,1,1,1,0,0,1,1,4,0,13,1
4,20,4,0,1,3,3,0,1,2,1,1,1,5,0,7,0,6,3,9,1
11,21,4,1,1,0,3,3,0,12,1,1,1,0,2,2,0,2,3,8,1
1,19,4,0,1,0,3,0,0,2,1,1,1,5,0,1,0,6,9,13,1
9,15,4,1,1,0,3,3,0,12,1,1,1,7,0,1,0,6,7,7,1
9,20,0,1,1,4,3,0,1,0,1,1,1,5,0,6,0,9,0,14,1
13,18,0,1,1,4,3,0,1,1,1,1,1,7,2,0,5,0,0,0,1
15,21,4,1,1,0,3,0,0,0,1,1,1,5,2,3,0,6,8,12,1
14,15,0,0,1,3,3,0,1,1,1,1,1,5,2,2,0,6,1,12,1
2,16,4,0,1,3,3,0,1,15,1,1,1,5,0,0,5,0,0,0,1
12,16,4,0,0,0,3,0,0,12,0,1,0,0,2,1,0,2,10,5,1
13,18,4,1,1,0,3,3,0,0,1,1,1,7,2,1,0,8,2,9,0
11,20,0,0,0,3,3,0,1,0,1,1,1,5,2,1,0,7,6,14,1
8,21,0,0,1,3,3,0,1,0,1,1,1,5,0,1,0,6,8,12,1
8,20,4,1,1,4,3,0,1,11,1,1,1,0,0,1,0,6,10,10,0
2,13,4,0,1,0,3,1,0,11,1,1,1,7,0,1,0,8,6,12,1
8,17,4,0,0,0,3,0,0,0,1,0,0,0,0,1,0,3,7,9,1
14,20,4,0,1,0,3,0,0,2,1,1,1,0,2,1,0,8,8,13,1
1,14,4,1,1,0,3,3,0,2,1,1,1,0,0,1,0,6,5,8,1
13,18,4,0,1,3,3,0,1,12,1,1,1,5,2,1,0,6,11,14,1
11,23,0,0,1,0,3,0,0,0,1,1,1,0,2,1,0,6,11,14,1
4,18,0,0,1,0,3,1,0,2,1,1,1,0,0,6,0,4,4,5,1
1,18,4,1,1,4,3,1,1,16,1,1,1,5,0,2,0,1,3,2,1
1,17,4,1,1,0,3,1,0,2,1,1,1,0,0,1,0,1,2,4,1
10,20,4,1,1,3,3,0,1,9,1,1,1,5,0,1,1,4,0,10,1
3,18,4,0,1,0,3,3,0,16,1,1,1,0,0,1,0,8,1,11,0
11,20,4,0,1,2,3,1,0,2,1,1,1,0,2,1,0,6,11,14,0
0,8,4,0,1,4,3,0,1,16,1,1,1,0,0,1,5,1,0,3,1
9,20,0,1,1,0,3,1,0,1,1,1,1,0,0,1,5,0,0,0,0
14,23,0,1,1,4,3,0,1,0,1,1,1,5,2,1,0,8,11,14,0
14,8,4,0,1,4,3,0,1,2,1,1,1,7,2,0,5,0,0,4,1
2,18,4,0,1,4,3,0,1,5,1,1,1,8,0,1,0,6,3,6,1
15,19,4,0,1,4,3,0,1,0,1,1,1,7,2,1,0,9,6,12,1
7,18,4,0,1,0,3,0,0,4,1,1,1,7,0,1,0,5,6,7,1
10,20,0,0,1,4,3,0,1,0,1,1,1,7,0,1,0,6,6,14,1
9,20,4,1,1,0,3,3,0,0,1,1,1,0,0,1,0,8,11,14,0
10,15,4,0,1,4,3,0,1,4,1,1,1,0,0,1,0,6,8,7,1
5,15,0,0,1,0,0,0,0,16,1,1,1,0,0,5,3,9,1,11,1
3,21,4,0,1,0,3,1,0,0,1,1,1,5,0,1,5,0,0,0,0
3,15,4,0,1,0,3,0,0,15,1,1,1,0,0,1,5,0,0,0,0
1,15,4,1,1,0,3,0,0,2,1,1,1,0,0,1,0,2,1,2,1
14,19,0,1,1,0,3,3,0,1,1,1,1,5,2,2,5,0,0,0,1
1,14,4,0,1,0,3,0,0,12,1,1,1,0,0,0,5,0,0,0,1
1,17,4,1,1,0,3,0,0,2,1,1,1,0,0,1,0,6,2,7,1
7,20,4,1,1,0,3,0,0,2,1,1,1,0,0,1,0,3,10,10,1
0,22,4,0,1,0,3,0,0,7,1,1,1,0,0,3,0,3,4,6,1
7,15,4,0,1,3,3,0,1,0,1,1,1,5,0,7,0,9,1,9,1
14,15,0,1,1,0,3,0,0,8,1,1,1,8,0,6,1,2,0,8,1
0,18,4,0,1,0,3,0,0,16,1,1,1,8,0,1,5,0,0,4,0
11,8,4,0,1,4,3,0,1,11,1,1,1,0,2,0,5,0,0,0,1
14,10,4,0,1,3,3,0,1,0,1,1,1,8,2,5,0,6,3,10,1
13,15,0,0,1,0,1,1,0,0,1,1,1,0,2,5,0,9,3,10,1
2,16,4,0,1,0,3,0,0,2,1,1,1,0,0,1,0,3,4,4,1
12,15,4,1,1,0,3,3,0,5,1,1,1,7,2,1,0,9,4,9,1
0,15,4,0,1,0,3,2,0,2,1,1,1,0,0,0,5,0,0,0,1
12,19,0,0,1,3,1,0,1,1,1,1,1,0,2,5,5,0,0,0,1
13,18,4,0,1,0,3,0,0,12,1,1,1,0,2,1,0,7,7,10,1
0,15,4,0,1,0,3,3,0,16,1,1,1,0,0,1,5,1,0,1,0
9,21,4,0,1,0,3,1,0,2,1,1,1,0,0,1,0,6,3,13,1
10,16,4,1,1,0,3,3,0,10,1,1,1,0,0,1,0,6,3,3,1
10,20,4,0,1,4,3,0,1,0,1,1,1,0,0,1,0,8,3,11,1
11,15,4,0,1,0,3,0,0,0,1,1,1,0,2,1,2,4,0,5,0
4,21,4,0,1,0,3,0,0,2,1,1,1,0,0,1,0,6,10,13,1
10,19,4,1,1,3,3,0,1,2,1,1,1,8,0,1,0,6,3,10,1
14,21,4,0,1,0,3,1,0,12,1,1,1,0,2,1,0,9,11,14,1
3,20,4,0,1,0,3,1,0,2,1,1,1,0,0,0,5,0,0,0,1
8,18,4,0,0,0,3,0,0,9,1,1,1,0,0,0,5,0,0,0,1
12,17,0,0,1,0,3,3,0,0,1,1,1,0,2,1,0,6,2,7,1
1,19,4,0,1,0,3,0,0,2,1,1,1,0,0,1,0,2,4,4,1
1,19,4,1,1,0,3,1,0,11,1,1,1,0,0,1,0,2,4,5,1
11,15,4,0,1,0,3,1,0,2,1,1,1,0,2,1,2,3,0,4,1
12,20,4,0,1,3,3,0,1,0,1,1,1,5,2,1,0,7,7,9,1
9,15,0,0,1,0,3,1,0,1,1,1,1,0,0,1,0,8,8,12,1
4,20,4,0,1,0,3,0,0,2,1,1,1,7,0,1,2,2,0,3,1
15,18,4,0,0,0,3,3,0,2,1,1,0,0,2,0,5,0,0,5,1
7,20,0,1,1,0,3,0,0,2,1,1,1,0,0,0,5,0,0,0,1
5,17,4,0,1,0,0,0,0,16,1,1,1,0,0,5,3,2,1,1,0
1,15,4,0,1,4,3,0,1,9,1,1,1,5,0,1,5,1,0,1,1
6,17,4,1,1,0,3,0,0,2,1,1,1,5,0,1,0,6,4,8,1
0,15,4,0,1,0,3,0,0,2,1,1,1,0,0,1,0,4,0,2,1
7,19,4,0,1,0,3,0,0,12,1,1,1,0,0,1,0,6,8,11,0
9,20,0,1,1,0,3,1,0,1,1,1,1,0,0,3,5,0,0,0,1
13,17,4,0,1,0,3,0,0,2,1,1,1,1,2,3,0,2,4,5,1
6,19,4,0,1,3,3,3,1,2,1,1,1,0,0,1,0,1,6,3,1
3,15,0,1,1,0,3,0,0,0,1,1,1,0,0,1,5,2,0,4,0
10,18,4,1,1,0,3,0,0,2,1,1,1,1,0,1,2,0,0,0,1
14,10,2,0,1,4,3,0,1,14,1,1,1,0,2,1,0,6,3,10,1
14,21,4,0,1,0,3,0,0,0,1,1,1,0,2,2,0,7,8,13,1
9,17,4,0,1,0,3,0,0,0,1,1,1,5,0,0,5,0,0,0,1
5,17,4,1,1,0,3,3,0,2,1,1,1,7,0,1,0,3,8,5,1
9,18,0,0,1,0,1,3,0,1,1,1,1,8,0,5,0,9,6,13,1
1,15,4,0,1,0,3,3,0,11,1,1,1,8,0,1,5,2,0,5,0
8,20,4,1,1,4,3,0,1,0,1,1,1,0,0,1,0,6,11,5,1
13,20,4,0,1,0,3,0,0,2,1,1,1,0,2,1,0,6,7,10,1
8,17,4,1,1,0,3,1,0,2,1,1,1,8,0,2,0,1,11,3,1
12,15,0,0,1,0,3,0,0,0,1,1,1,0,2,5,2,9,0,5,0
14,18,0,1,1,0,3,0,0,0,1,1,1,0,2,3,0,2,0,2,1
1,14,4,0,1,3,3,3,1,11,1,1,1,5,0,9,2,0,0,0,1
13,0,4,1,1,0,3,0,0,9,1,1,1,0,2,1,0,6,3,11,1
2,0,4,1,1,0,3,3,0,2,1,1,1,7,0,3,0,6,3,6,1
10,18,4,0,1,0,3,0,0,11,1,1,1,0,0,4,0,6,10,10,1
3,15,4,1,1,0,3,3,0,2,1,1,1,0,0,0,5,0,0,0,1
15,20,0,1,1,3,3,0,1,1,1,1,1,0,2,1,0,6,4,13,0
1,18,4,1,1,0,3,0,0,2,1,1,1,0,0,1,0,6,4,9,1
8,21,4,1,1,0,3,1,0,2,1,1,1,0,0,1,0,8,8,7,1
1,15,4,1,1,0,3,0,0,9,1,1,1,7,0,0,5,0,0,0,1
9,15,0,0,1,0,3,1,0,0,1,1,1,0,0,1,5,6,0,3,1
1,12,4,1,1,4,3,0,0,11,1,1,1,2,0,1,0,6,5,14,1
7,17,4,1,1,0,3,1,0,5,1,1,1,0,0,1,2,1,0,5,1
13,15,0,0,1,0,3,1,0,1,1,1,1,0,2,1,0,6,5,11,1
9,20,0,0,1,0,3,0,0,1,1,1,1,0,0,3,0,6,2,12,0
1,15,4,0,1,0,3,1,0,11,1,1,1,5,0,1,0,3,5,6,1
12,18,0,1,1,3,3,0,1,1,1,1,1,0,2,6,0,4,2,8,1
11,15,4,1,1,0,3,1,0,2,1,1,1,0,2,1,0,2,1,4,1
4,20,4,1,1,0,3,3,0,2,1,1,1,0,0,1,0,6,6,9,1
14,18,4,1,0,0,3,3,0,2,1,0,1,5,2,1,0,6,0,9,1
1,15,4,0,1,4,3,0,1,0,1,1,1,0,0,1,0,2,2,5,0
10,20,0,0,1,3,3,0,1,1,1,1,1,5,0,3,0,6,4,12,1
10,20,4,1,1,0,3,1,0,0,1,1,1,0,0,1,1,7,0,12,1
11,16,4,1,0,0,3,3,0,13,1,0,0,8,2,1,0,6,2,11,1
5,18,4,0,1,0,3,1,0,10,1,1,1,8,0,1,5,6,0,5,0
0,17,4,0,0,0,3,0,0,2,1,1,0,0,0,0,5,0,0,4,1
7,20,4,1,1,0,3,0,0,2,1,1,1,0,0,1,0,4,8,4,1
1,13,4,1,1,4,3,0,1,0,1,1,1,0,0,1,5,1,0,2,1
0,15,4,1,1,0,3,0,0,16,1,1,1,0,0,1,0,8,3,6,1
13,21,4,0,1,0,3,3,0,1,1,1,1,0,2,8,5,6,0,14,1
1,18,4,0,1,0,3,0,0,2,1,1,1,7,0,0,5,0,0,0,0
5,15,4,1,1,0,3,0,0,2,1,1,1,7,0,1,0,6,2,9,1
7,19,4,0,1,0,3,0,0,0,1,1,1,0,0,1,2,0,0,0,1
15,9,0,0,1,0,3,1,0,5,1,1,1,7,2,2,0,8,5,6,1
2,14,4,0,1,0,3,0,0,5,1,1,1,7,0,1,0,6,10,5,0
11,19,4,1,1,0,3,3,0,2,1,1,1,0,2,1,5,0,0,0,1
11,20,0,0,1,0,3,0,0,1,1,1,1,0,2,1,0,4,1,13,1
0,15,4,1,1,0,3,3,0,11,1,1,1,0,0,1,0,1,2,6,1
12,20,0,1,1,0,3,0,0,0,1,1,1,0,2,1,0,9,4,13,1
2,15,4,0,1,0,3,1,0,2,1,1,1,0,0,1,2,2,0,2,1
2,15,4,1,0,0,3,0,0,2,1,1,0,0,0,0,5,0,0,4,1
13,0,4,1,1,4,3,3,1,9,1,1,1,7,2,0,5,0,0,7,1
1,19,0,1,1,0,3,0,0,16,1,1,1,7,0,1,5,9,0,3,1
12,18,4,0,1,0,3,0,0,0,1,1,1,0,2,7,0,9,11,9,1
4,15,0,0,1,4,3,0,1,0,1,1,1,0,0,1,0,4,4,6,1
10,18,4,0,1,0,3,0,0,14,1,1,1,0,0,7,0,6,6,9,1
10,18,0,0,1,0,3,0,0,1,1,1,1,0,0,5,2,6,0,10,0
6,14,4,1,0,0,3,3,0,3,1,1,0,8,0,1,1,2,0,6,1
12,6,2,1,0,1,3,3,0,2,0,0,0,7,1,1,0,4,10,2,1
13,15,4,1,1,0,3,3,0,0,1,1,1,0,2,1,1,6,0,6,1
2,15,0,1,1,0,3,0,0,8,1,1,1,0,0,1,0,6,1,5,1
14,20,0,0,1,0,3,0,0,1,1,1,1,5,2,1,2,0,0,9,0
10,15,0,1,1,0,3,3,0,8,1,1,1,0,0,4,0,3,4,3,0
8,21,0,1,1,3,3,0,1,0,1,1,1,5,0,0,5,0,0,0,0
10,19,4,1,1,3,3,3,1,2,1,1,1,0,0,1,5,0,0,0,1
5,18,4,1,1,0,3,3,0,12,1,1,1,7,0,1,0,4,3,9,1
0,17,4,1,1,3,3,0,1,5,1,1,1,7,0,0,5,0,0,0,1
12,19,3,1,1,0,3,3,0,2,1,1,1,1,2,4,0,1,10,4,1
14,15,2,1,1,0,3,0,0,0,1,1,1,0,2,1,0,6,1,9,1
9,18,4,0,0,0,3,3,0,2,1,1,0,0,0,0,5,0,0,4,1
9,20,4,1,1,3,3,0,1,2,1,1,1,5,0,0,5,0,0,0,0
7,15,4,0,1,0,3,1,0,12,1,1,1,0,0,0,5,0,0,5,1
1,18,4,1,1,0,3,0,0,0,1,1,1,0,0,2,0,2,2,8,0
14,14,0,1,1,0,3,0,0,2,1,1,1,7,2,1,0,6,4,12,1
6,18,4,1,1,0,3,0,0,12,1,1,1,0,0,0,5,0,0,0,1
15,20,4,0,0,0,3,0,0,0,1,1,0,0,2,1,0,6,10,8,1
8,19,4,0,1,0,3,0,0,7,1,1,1,0,0,1,5,0,0,0,1
1,19,4,1,1,0,3,3,0,2,1,1,1,5,0,0,5,0,0,0,1
13,21,0,0,1,3,3,0,1,1,1,1,1,5,2,1,0,6,3,13,1
10,13,4,0,1,0,3,0,0,15,1,1,1,7,0,0,5,0,0,0,0
1,15,4,0,1,0,3,0,0,9,1,1,1,7,0,1,0,4,2,3,1
4,19,4,0,1,0,3,0,0,2,1,1,1,5,0,1,0,6,8,11,1
7,18,4,1,1,0,3,1,0,0,1,1,1,0,0,1,0,6,6,5,1
13,18,2,1,1,0,3,0,0,0,1,1,1,0,2,1,0,6,7,7,1
2,19,4,0,1,0,3,0,0,16,1,1,1,0,0,3,0,8,4,8,1
1,15,4,1,1,0,3,0,0,0,1,1,1,7,0,3,2,6,0,6,1
10,19,4,1,1,4,3,0,1,15,1,1,1,7,0,1,5,0,0,0,0
1,17,4,0,1,0,3,1,0,7,1,1,1,0,0,1,2,6,0,4,1
4,15,4,0,1,0,3,3,0,7,1,1,1,2,0,6,5,0,0,0,1
5,20,4,1,0,0,3,0,0,0,1,1,1,0,0,5,0,7,2,5,0
10,17,0,0,1,0,0,1,0,0,1,1,1,1,0,5,3,9,3,12,1
3,15,4,0,1,0,3,3,0,2,1,1,1,0,0,1,5,0,0,1,1
1,19,4,1,1,0,3,1,0,12,1,1,1,0,0,0,5,0,0,0,1
7,20,4,1,1,0,3,0,0,0,1,1,1,7,0,3,0,6,11,12,1
6,15,0,1,1,3,3,0,1,8,1,1,1,0,0,1,5,0,0,0,1
5,20,4,1,1,0,3,1,0,2,1,1,1,8,0,1,0,3,8,5,1
5,15,4,1,1,0,3,3,0,16,1,1,1,0,0,1,5,0,0,0,1
9,12,4,0,1,0,3,0,0,0,1,1,1,8,0,1,5,0,0,5,1
3,20,4,1,1,0,3,1,0,2,1,1,1,5,0,1,0,3,4,5,1
10,21,4,1,1,3,3,0,1,0,1,1,1,5,0,1,0,6,3,13,1
5,20,4,1,1,0,3,1,0,11,1,1,1,0,0,1,0,4,2,2,1
11,20,4,1,1,0,3,0,0,11,1,1,1,0,2,1,5,6,0,3,1
0,18,4,1,1,0,3,0,0,2,1,1,1,0,0,1,2,1,0,2,1
8,20,4,0,1,0,3,0,0,0,1,1,1,7,0,1,2,0,0,0,1
9,15,4,1,0,0,3,1,0,0,1,1,0,0,0,0,5,0,0,0,1
3,18,4,0,1,4,3,0,1,2,1,1,1,0,0,1,5,0,0,0,1
11,14,0,0,0,0,3,1,0,15,1,1,0,8,2,1,5,6,0,1,0
9,12,4,1,1,0,3,0,0,2,1,1,1,7,0,0,5,0,0,5,1
14,18,4,1,1,0,3,3,0,14,1,1,1,0,2,1,0,2,1,2,1
6,21,4,0,1,0,3,1,0,0,1,1,1,0,0,1,0,8,8,14,0
5,20,4,0,1,0,3,1,0,2,1,1,1,0,0,1,0,6,6,8,1
0,18,4,1,1,0,3,0,0,2,1,1,1,1,0,0,5,0,0,0,1
5,14,4,0,1,0,3,0,1,9,1,1,1,7,0,5,3,3,1,6,1
12,20,4,0,1,0,3,1,0,11,1,1,1,8,2,1,0,6,3,9,1
3,18,4,0,1,0,3,0,0,7,1,1,1,0,0,1,0,6,3,9,1
4,15,0,1,1,0,3,0,0,1,1,1,1,0,0,1,0,6,2,3,0
11,14,4,1,1,3,3,0,1,12,1,1,1,0,2,1,0,2,1,1,1
12,15,4,1,1,0,3,1,0,2,1,1,1,8,2,0,5,0,0,5,1
4,18,4,1,1,0,3,0,0,2,1,1,1,7,0,1,0,4,6,5,1
2,18,4,0,1,0,3,1,0,2,1,1,1,0,0,1,0,1,3,1,1
9,20,4,1,1,0,0,1,0,0,1,1,1,0,0,5,3,6,9,12,1
1,18,4,1,1,0,3,0,0,11,1,1,1,5,0,0,5,0,0,0,0
8,6,0,0,1,4,3,0,1,7,1,1,1,7,0,1,0,6,8,7,1
15,20,0,1,1,0,3,1,0,1,1,1,1,0,2,1,0,8,8,14,1
9,16,0,1,1,0,3,1,0,1,1,1,1,5,0,1,0,6,4,4,1
3,15,4,0,1,0,3,3,0,4,1,1,1,0,0,1,0,5,3,2,1
0,13,4,1,1,0,3,0,0,16,1,1,1,0,0,1,5,4,0,2,1
10,21,0,1,1,0,3,0,0,0,1,1,1,0,0,0,5,0,0,0,0
7,18,4,0,1,0,3,0,0,2,1,1,1,7,0,1,0,5,5,6,1
15,13,4,0,1,0,3,0,0,15,1,1,1,7,2,1,5,6,0,2,1
9,20,0,1,1,0,3,0,0,0,1,1,1,0,0,1,0,8,8,13,1
8,13,4,1,1,0,3,1,0,2,1,1,1,8,0,1,0,4,2,7,1
7,20,4,0,1,0,3,0,0,9,1,1,1,0,0,1,2,6,0,8,1
9,0,4,1,1,4,3,0,1,0,1,1,1,7,0,1,0,6,4,7,1
7,18,4,0,1,0,3,0,0,0,1,1,1,0,0,0,5,0,0,0,1
0,18,4,0,1,0,3,0,0,16,1,1,1,0,0,1,5,0,0,0,0
10,15,4,0,1,0,3,1,0,4,1,1,1,2,0,6,0,6,8,14,1
7,20,4,1,1,0,3,1,0,2,1,1,1,0,0,1,0,3,1,4,1
11,20,4,0,1,0,3,3,0,2,1,1,1,0,2,3,0,6,8,8,1
1,18,4,1,1,0,3,0,0,2,1,1,1,0,0,0,5,0,0,0,1
3,13,4,0,1,0,3,0,0,2,1,1,1,7,0,1,0,6,2,6,1
12,15,3,1,1,0,3,0,0,2,1,1,1,0,2,6,0,2,3,4,1
3,17,4,1,1,0,3,0,0,16,1,1,1,5,0,2,5,3,0,2,1
2,16,4,0,1,0,3,1,0,15,1,1,1,0,0,0,5,0,0,0,1
9,13,4,0,1,4,3,0,1,2,1,1,1,0,0,1,5,6,0,7,1
9,15,4,0,1,0,3,3,0,2,1,1,1,0,0,1,0,6,6,6,1
10,21,4,0,1,0,3,0,0,0,1,1,1,1,0,1,0,8,11,14,1
15,20,4,1,1,0,3,0,0,2,1,1,1,1,2,1,0,5,2,6,1
2,15,4,0,1,0,3,1,0,12,1,1,1,7,0,0,5,0,0,0,1
13,21,0,1,1,2,3,1,0,2,1,1,1,0,2,1,0,6,6,7,1
12,20,0,1,1,0,3,3,0,0,1,1,1,5,2,2,0,6,4,14,1
1,15,4,1,1,4,3,0,1,11,1,1,1,0,0,0,5,0,0,0,0
0,18,4,0,1,0,3,1,0,16,1,1,1,5,0,0,5,0,0,0,1
9,20,4,1,1,4,3,0,1,0,1,1,1,5,0,1,0,6,6,12,0
5,15,4,1,1,0,3,0,0,2,1,1,1,0,0,1,0,5,4,2,1
10,16,4,0,0,0,3,1,0,0,1,1,0,0,0,0,5,0,0,4,1
5,18,4,0,1,0,3,0,0,14,1,1,1,1,0,1,0,4,3,9,1
2,18,4,1,1,0,3,1,0,2,1,1,1,0,0,1,0,2,4,4,1
0,17,4,1,1,0,3,0,0,2,1,1,1,0,0,0,5,0,0,0,1
3,19,4,0,1,0,3,1,0,0,1,1,1,0,0,1,0,2,2,3,1
8,15,4,0,1,0,3,1,0,2,1,1,1,0,0,1,0,6,11,9,1
11,17,4,0,1,0,3,3,0,2,1,1,1,5,2,1,2,6,0,5,1
0,18,4,1,1,0,3,0,0,2,1,1,1,0,0,1,5,0,0,0,1
11,11,4,0,1,2,3,0,0,2,1,1,1,0,2,1,0,4,1,13,1
3,18,4,1,0,0,3,1,0,12,1,1,0,0,0,0,5,0,0,4,1
14,21,0,1,1,0,3,1,0,0,1,1,1,5,2,1,0,6,4,13,0
3,19,4,0,1,0,3,1,0,12,1,1,1,5,0,0,5,0,0,0,0
15,21,0,1,1,3,3,0,1,0,1,1,1,5,2,2,0,6,2,11,1
3,18,4,1,1,0,3,3,0,11,1,1,1,5,0,0,5,0,0,0,1
9,13,4,0,1,0,3,0,0,2,1,1,1,1,0,6,5,0,0,0,1
1,17,4,1,1,0,3,0,0,2,1,1,1,0,0,2,5,6,0,2,1
10,15,4,0,1,3,3,0,1,10,1,1,1,0,0,1,0,6,7,10,0
11,20,4,0,1,0,3,1,0,0,1,1,1,0,2,1,0,6,11,14,0
6,18,4,0,1,0,3,0,0,2,1,1,1,1,0,1,0,6,11,13,0
6,18,4,0,1,0,3,0,0,11,1,1,1,0,0,1,0,6,0,11,1
12,18,0,0,1,0,3,0,0,2,1,1,1,0,2,1,0,6,8,10,1
8,21,4,0,1,0,3,1,0,0,1,1,1,0,0,4,0,6,5,14,1
13,16,4,0,1,0,3,0,0,0,1,1,1,7,2,1,0,7,1,10,1
2,19,0,1,1,3,3,0,1,8,1,1,1,7,0,1,0,2,6,3,0
11,20,4,0,1,0,3,3,0,11,1,1,1,0,2,1,5,6,0,2,0
3,15,4,0,1,4,3,0,1,2,1,1,1,5,0,1,5,0,0,0,0
14,20,0,0,1,0,3,3,0,1,1,1,1,0,2,1,2,8,0,14,1
12,17,4,0,1,0,3,0,0,0,1,1,1,1,2,1,0,6,8,11,1
6,14,0,1,1,0,3,3,0,2,1,1,1,7,0,1,0,2,8,5,1
6,18,4,1,1,4,3,0,1,10,1,1,1,5,0,1,0,6,0,4,1
15,20,0,0,1,0,3,0,0,0,1,1,1,5,2,1,0,6,8,13,1
11,20,0,0,1,0,3,1,0,0,1,1,1,8,2,1,0,6,3,13,1
12,15,4,0,0,0,3,0,0,5,0,1,0,2,0,2,0,2,8,5,1
7,20,0,0,1,2,3,3,0,1,1,1,1,0,0,1,5,0,0,11,1
7,17,4,1,1,0,3,0,0,2,1,1,1,0,0,1,0,8,8,11,0
10,19,0,1,1,0,3,0,0,0,1,1,1,0,0,6,0,4,6,5,1
13,20,0,1,1,0,3,0,0,0,1,1,1,0,2,6,0,2,9,7,1
14,11,0,1,1,4,3,0,1,0,1,1,1,0,2,1,0,4,4,14,1
14,15,0,1,1,4,3,3,1,1,1,1,1,0,2,1,0,6,4,6,1
3,20,4,0,1,0,3,1,0,2,1,1,1,5,0,1,2,2,0,2,1
11,15,4,1,1,3,3,0,1,12,1,1,1,7,2,1,0,6,2,4,1
4,19,4,1,1,0,3,1,0,2,1,1,1,0,0,1,5,0,0,0,1
6,20,4,0,0,0,3,1,0,3,1,0,1,5,0,1,0,8,11,13,0
11,20,0,0,1,0,3,0,0,1,1,1,1,0,2,1,0,8,11,11,1
5,18,4,1,1,0,3,1,0,2,1,1,1,8,0,1,0,6,11,4,1
7,22,0,1,1,0,3,0,0,7,1,1,1,0,0,1,0,6,2,12,1
3,15,4,0,1,0,0,1,0,16,1,1,1,0,0,5,3,9,1,6,1
2,15,4,0,1,0,3,1,0,15,1,1,1,0,0,1,2,7,0,9,0
7,18,4,0,0,0,3,3,0,2,1,1,0,1,0,1,0,5,6,8,0
0,15,4,1,1,0,3,0,0,2,1,1,1,7,0,1,0,2,1,5,1
15,22,4,0,1,3,3,0,1,0,1,1,1,0,2,1,0,6,8,13,1
1,15,4,1,0,0,3,0,0,2,1,1,0,0,0,0,5,0,0,0,1
14,17,2,0,1,0,3,0,0,0,1,1,1,0,2,3,0,6,11,13,0
7,16,4,0,1,0,3,0,0,2,1,1,1,5,0,1,0,6,6,5,1
2,15,4,0,1,3,3,0,1,2,1,1,1,5,0,0,5,0,0,0,1
5,15,4,1,1,0,3,0,0,0,1,1,1,7,0,1,0,6,8,6,1
10,15,4,1,1,4,3,0,1,0,1,1,1,0,0,1,0,9,11,4,1
12,19,0,1,1,0,3,1,0,0,1,1,1,0,2,1,0,6,3,10,1
1,15,4,0,1,0,0,0,0,16,1,1,1,2,0,5,3,6,2,5,1
13,21,0,0,1,4,3,3,1,1,1,1,1,5,2,1,0,9,4,12,1
13,20,0,1,1,3,3,2,1,0,1,1,1,0,2,6,0,2,9,2,0
10,20,4,0,0,0,3,0,0,2,1,1,0,0,0,1,0,6,7,13,1
12,11,3,1,1,4,3,0,1,0,1,1,1,7,2,6,0,3,5,6,1
6,20,4,1,1,0,3,1,0,5,1,1,1,5,0,1,0,6,5,11,1
6,20,0,1,1,0,3,1,0,0,1,1,1,0,0,6,0,2,0,2,1
15,20,4,1,1,0,3,3,0,0,1,1,1,5,2,0,5,0,0,4,0
2,15,4,0,1,0,3,0,0,11,1,1,1,1,0,1,0,6,10,4,0
9,18,4,1,1,0,3,3,0,11,1,1,1,1,0,1,0,3,2,4,1
0,15,4,1,1,0,3,0,0,0,1,1,1,7,0,1,0,5,8,4,1
14,21,0,1,1,0,3,1,0,0,1,1,1,5,2,1,0,6,8,13,1
10,21,0,1,1,0,3,0,0,0,1,1,1,0,0,1,0,6,10,10,1
6,20,4,0,1,0,3,1,0,2,1,1,1,0,0,1,0,6,6,10,1
8,18,4,1,1,4,3,3,1,10,1,1,1,5,0,1,0,6,0,3,1
5,15,4,1,1,0,3,2,0,2,1,1,1,0,0,1,0,6,10,10,1
3,15,0,0,1,4,3,0,1,1,1,1,1,0,0,1,0,4,3,4,1
2,15,4,0,1,0,0,1,0,16,1,1,1,0,0,5,3,9,1,7,0
6,20,4,0,1,0,3,3,0,11,1,1,1,0,0,1,0,6,0,13,0
14,8,2,0,1,0,2,3,0,2,1,1,1,0,2,1,0,6,4,5,1
3,18,4,1,1,0,3,0,0,2,1,1,1,0,0,1,0,2,2,4,1
15,18,4,1,1,0,3,0,0,9,1,1,1,8,2,1,0,2,11,4,1
3,15,4,0,1,4,3,0,1,2,1,1,1,7,0,1,0,6,1,8,1
8,15,3,1,1,0,3,3,0,2,1,1,1,7,0,6,0,6,0,7,1
11,11,3,0,1,0,3,0,0,15,1,1,1,7,2,1,5,9,0,0,0
1,18,4,1,1,4,3,0,1,11,1,1,1,5,0,1,0,3,3,8,0
8,20,4,0,1,0,3,0,0,2,1,1,1,5,0,1,0,7,7,13,1
10,18,4,1,1,4,3,0,1,4,1,1,1,2,0,5,3,6,2,5,1
0,15,4,1,1,4,3,0,1,14,1,1,1,0,0,0,5,0,0,0,1
11,19,4,0,1,0,3,0,0,0,1,1,1,7,2,3,0,6,0,13,0
12,22,0,1,1,0,3,0,0,0,1,1,1,0,2,2,0,7,6,14,1
0,15,4,0,1,0,3,0,0,9,1,1,1,5,0,0,5,0,0,0,1
9,13,4,0,1,0,3,0,0,2,1,1,1,7,0,1,2,4,0,5,1
5,15,4,1,1,0,3,0,0,7,1,1,1,7,0,1,0,5,4,9,1
11,20,0,0,1,3,3,1,1,0,1,1,1,0,2,1,0,6,7,7,1
14,18,4,0,1,0,3,3,0,2,1,1,1,0,2,0,5,0,0,0,1
10,18,2,0,1,0,3,3,0,15,1,1,1,1,0,1,5,9,0,9,0
10,20,4,0,1,0,3,0,0,11,1,1,1,0,0,1,5,0,0,0,1
4,15,4,0,1,0,3,1,0,2,1,1,1,0,0,1,0,6,4,9,1
11,20,4,1,1,0,3,0,0,0,1,1,1,5,2,4,0,6,8,10,1
1,18,4,0,1,4,0,3,1,11,1,1,1,0,0,5,3,9,4,13,0
3,10,4,0,0,0,3,0,0,2,1,1,0,7,0,1,0,6,10,8,1
3,18,4,0,1,0,3,3,0,11,1,1,1,0,0,1,0,9,4,4,1
4,20,4,1,1,0,3,1,0,11,1,1,1,0,0,2,5,6,0,7,0
9,20,0,1,1,4,3,0,1,1,1,1,1,0,0,7,1,6,0,6,1
7,18,4,1,1,0,3,0,0,0,1,1,1,0,0,1,0,6,10,8,1
10,15,4,1,1,0,3,0,0,11,1,1,1,0,0,3,0,6,8,12,1
10,18,0,1,1,0,3,0,0,1,1,1,1,7,0,1,0,4,5,7,0
15,20,0,0,1,4,3,1,1,0,1,1,1,0,2,1,0,6,5,9,0
11,18,2,0,1,0,3,1,0,0,1,1,1,0,2,1,0,7,8,11,0
10,10,4,0,1,4,3,0,1,2,1,1,1,7,0,0,5,0,0,0,1
3,13,4,0,1,0,3,0,0,15,1,1,1,0,0,1,5,0,0,2,1
14,18,0,1,1,4,3,3,1,1,1,1,1,1,2,1,0,6,3,9,0
4,20,4,1,1,0,3,0,0,2,1,1,1,0,0,3,0,6,4,13,1
9,18,0,1,1,0,3,1,0,1,1,1,1,0,0,2,0,4,3,6,0
12,13,0,1,1,4,3,0,1,8,1,1,1,0,2,1,0,6,4,7,1
4,19,0,1,1,0,3,1,0,2,1,1,1,0,0,0,5,0,0,0,1
2,18,4,1,0,0,3,3,0,2,1,1,0,1,0,0,5,0,0,0,1
4,19,4,0,1,4,3,3,1,0,1,1,1,0,0,1,0,6,5,11,0
0,17,4,1,1,0,3,0,0,2,1,1,1,5,0,0,5,0,0,1,1
9,20,4,1,1,0,3,0,0,0,1,1,1,0,0,0,5,0,0,0,1
14,13,4,1,0,0,3,0,0,2,1,1,0,7,2,1,5,0,0,0,1
13,20,0,1,1,0,3,0,0,1,1,1,1,1,2,1,0,6,5,14,1
7,15,4,1,1,0,3,0,0,2,1,1,1,7,0,1,0,6,8,10,1
13,21,0,1,1,4,3,0,1,1,1,1,1,5,2,1,0,6,6,14,1
12,20,4,1,1,0,3,0,0,2,1,1,1,5,2,2,0,6,2,8,1
8,20,4,0,1,0,3,3,0,9,1,1,1,1,0,1,0,6,3,8,1
6,20,4,1,1,0,3,0,0,2,1,1,1,0,0,2,0,6,6,9,1
1,18,4,1,1,3,3,0,1,2,1,1,1,5,0,0,5,0,0,0,1
11,15,4,1,1,0,3,0,0,7,1,1,1,1,2,1,0,6,11,4,1
13,17,0,0,1,4,3,0,1,0,1,1,1,0,2,3,0,7,4,13,1
7,15,4,0,1,3,3,0,1,0,1,1,1,5,0,1,2,6,0,5,1
6,18,4,0,1,0,3,0,0,2,1,1,1,0,0,1,0,6,3,7,1
6,18,4,1,0,0,3,1,0,0,1,0,1,0,0,1,0,6,0,7,1
5,18,4,1,1,0,3,1,0,10,1,1,1,0,0,4,0,5,11,3,1
1,17,4,1,1,0,3,3,0,2,1,1,1,0,0,1,0,4,5,4,1
8,20,4,1,1,3,3,0,1,2,1,1,1,7,0,1,0,6,4,9,1
13,20,0,0,1,4,3,1,1,1,1,1,1,0,2,5,0,9,4,14,0
2,18,4,1,1,0,3,3,0,16,1,1,1,5,0,0,5,0,0,0,1
14,15,4,0,1,0,3,0,0,2,1,1,1,7,2,1,0,6,1,4,1
4,18,4,0,1,0,3,1,0,2,1,1,1,7,0,1,0,6,2,9,1
6,18,0,1,1,0,3,0,0,1,1,1,1,0,0,1,2,0,0,0,1
11,18,0,1,1,3,3,3,1,1,1,1,1,0,2,1,0,6,4,11,1
9,19,4,1,1,0,3,1,0,0,1,1,1,8,0,4,5,1,0,3,0
12,18,2,0,1,0,3,1,0,2,1,1,1,7,2,1,0,6,8,8,1
8,18,3,1,1,0,3,0,0,0,1,1,1,7,0,1,0,7,8,9,1
9,20,4,1,1,0,3,0,0,0,1,1,1,1,0,3,0,6,2,10,1
14,19,0,0,1,0,3,0,0,8,1,1,1,7,2,0,5,0,0,0,1
12,22,4,0,1,0,3,0,0,0,1,1,1,7,2,2,0,6,4,10,1
4,20,4,0,1,0,3,3,0,2,1,1,1,8,0,1,0,9,6,9,1
12,18,4,1,1,0,3,0,0,2,1,1,1,5,2,1,0,6,6,10,1
13,12,2,1,0,0,3,3,0,0,1,1,1,0,2,9,2,0,0,13,1
1,19,4,0,1,0,3,1,0,7,1,1,1,8,0,1,5,1,0,2,1
5,15,0,0,1,0,3,2,0,1,1,1,1,7,0,1,0,3,10,2,1
13,16,4,0,1,0,3,0,0,15,1,1,1,7,2,0,5,0,0,0,0
6,15,0,0,1,0,3,0,0,1,1,1,1,7,0,1,0,5,8,6,0
6,18,4,0,1,0,3,3,0,5,1,1,1,0,0,0,5,0,0,0,1
4,19,4,1,1,3,3,0,1,2,1,1,1,5,0,0,5,0,0,0,1
8,18,4,0,1,0,3,0,0,2,1,1,1,0,0,1,0,6,8,5,0
3,19,4,0,1,4,3,0,1,0,1,1,1,7,0,1,0,1,6,3,1
13,21,0,1,1,0,3,0,0,1,1,1,1,0,2,1,0,6,2,14,1
13,20,4,0,0,0,3,0,0,11,1,1,0,0,2,1,0,9,6,13,0
15,19,4,0,1,0,3,1,0,0,1,1,1,7,2,3,0,3,5,11,1
3,21,0,1,1,4,3,3,1,1,1,1,1,0,0,2,5,1,0,3,0
12,21,4,0,1,3,3,0,1,0,1,1,1,5,2,7,0,9,10,13,0
4,12,4,0,0,4,3,0,1,16,1,1,1,2,0,1,5,0,0,0,1
15,15,4,0,0,4,3,0,1,0,1,1,0,7,2,0,5,0,0,4,1
13,15,4,1,1,0,3,0,0,12,1,1,1,0,2,1,0,6,4,10,1
7,18,4,1,1,4,3,3,1,11,1,1,1,5,0,1,0,4,8,5,0
3,20,4,1,1,4,3,0,1,11,1,1,1,5,0,1,0,1,4,5,0
3,18,4,1,1,0,3,1,0,2,1,1,1,0,0,1,0,1,4,2,1
5,20,4,0,1,0,3,3,0,2,1,1,1,7,0,1,0,6,6,13,1
7,3,4,0,1,3,3,3,1,12,1,1,1,7,0,6,0,5,3,1,0
7,15,4,0,1,4,3,0,1,5,1,1,1,0,0,1,0,9,1,6,1
6,20,4,0,1,0,3,0,0,12,1,1,1,1,0,1,0,6,8,14,0
10,19,0,0,1,0,3,1,0,0,1,1,1,0,0,1,0,8,4,14,1
15,19,0,1,1,0,3,1,0,0,1,1,1,0,2,6,0,4,0,9,1
2,18,4,0,1,3,3,3,1,2,1,1,1,5,0,1,0,3,6,2,0
6,18,4,1,1,0,3,0,0,14,1,1,1,7,0,1,0,4,0,6,1
1,17,4,1,1,3,3,0,0,16,1,1,1,0,0,1,0,6,5,10,1
11,18,4,0,1,0,3,3,0,11,1,1,1,8,2,1,0,6,3,9,1
6,19,4,0,1,0,3,0,0,0,1,1,1,7,0,1,0,6,3,13,1
1,17,4,1,1,4,3,1,1,2,1,1,1,0,0,1,0,6,1,4,1
8,15,4,0,1,0,3,0,0,2,1,1,1,0,0,0,5,0,0,0,0
12,20,4,1,1,0,3,1,0,2,1,1,1,0,2,1,0,4,6,6,1
9,21,4,1,1,0,3,0,0,0,1,1,1,0,0,4,0,8,10,11,1
0,15,4,1,0,0,3,2,0,6,1,1,0,8,0,0,5,0,0,1,1
13,20,4,1,1,0,3,3,0,12,1,1,1,0,2,6,0,2,0,1,0
10,20,4,0,1,0,3,0,0,11,1,1,1,5,0,1,0,7,8,12,0
11,20,0,1,1,4,3,3,1,1,1,1,1,0,2,1,0,6,5,13,1
12,16,2,0,1,0,3,0,0,0,1,1,1,0,2,1,0,7,6,10,0
14,18,0,0,1,0,1,1,0,1,1,1,1,0,2,5,0,6,8,9,1
5,18,4,0,1,0,3,0,0,2,1,1,1,5,0,1,5,3,0,3,0
0,18,4,1,1,3,3,0,1,5,1,1,1,5,0,0,5,0,0,0,1
14,15,4,0,1,0,3,0,0,2,1,1,1,0,2,1,0,6,11,3,1
2,20,4,1,1,0,3,3,0,0,1,1,1,0,0,1,0,9,5,14,1
11,20,4,1,1,0,3,0,0,0,1,1,1,5,2,1,0,6,3,11,1
12,11,0,1,1,4,3,0,1,1,1,1,1,7,2,1,2,0,0,0,1
4,19,4,1,1,0,3,1,0,2,1,1,1,1,0,4,0,1,2,3,1
4,20,2,1,1,0,3,0,0,2,1,1,1,0,0,2,5,6,0,7,0
2,20,4,1,1,0,3,3,0,3,1,1,1,8,0,1,0,2,7,5,1
0,18,4,0,1,0,3,0,0,2,1,1,1,0,0,6,0,4,0,1,1
8,20,0,0,1,0,3,0,0,1,1,1,1,0,0,1,0,6,4,9,1
12,17,0,1,1,4,3,0,1,2,1,1,1,0,2,1,0,3,6,3,1
1,18,4,0,1,0,3,0,0,2,1,1,1,0,0,1,5,6,0,2,0
4,18,4,1,1,0,3,1,0,0,1,1,1,0,0,1,0,6,7,12,1
12,18,0,1,1,0,3,1,0,0,1,1,1,0,2,1,0,6,3,10,1
3,6,3,1,1,1,3,3,1,14,1,1,0,7,1,9,0,2,10,0,1
1,18,4,1,1,0,3,3,0,2,1,1,1,0,0,1,0,6,2,8,1
13,15,2,1,0,0,3,0,0,2,1,1,1,7,2,1,0,5,6,8,1
4,20,4,1,1,0,3,1,0,2,1,1,1,0,0,1,2,3,0,3,1
9,20,0,0,1,4,3,0,1,11,1,1,1,0,0,1,5,2,0,0,0
4,18,4,0,0,0,3,0,0,2,1,1,1,2,0,0,5,0,0,0,1
2,18,4,0,1,0,3,3,0,2,1,1,1,5,0,1,2,1,0,2,1
4,20,4,0,1,0,3,3,0,2,1,1,1,5,0,0,5,0,0,0,1
13,15,4,0,1,0,3,0,0,15,1,1,1,1,2,1,5,0,0,1,0
12,20,4,1,1,3,3,0,1,11,1,1,1,0,2,4,0,1,2,5,0
10,19,4,1,1,0,3,0,0,2,1,1,1,7,0,1,0,3,6,5,1
15,17,4,0,1,0,3,0,0,11,1,1,1,0,2,4,2,6,0,6,1
6,19,4,1,1,0,3,0,0,12,1,1,1,0,0,4,0,5,1,5,1
9,15,0,1,1,0,3,0,0,1,1,1,1,0,0,1,0,6,7,7,1
14,20,0,1,1,4,3,0,1,1,1,1,1,7,2,2,0,7,6,12,1
5,20,4,0,1,4,3,0,1,0,1,1,1,7,0,1,2,8,0,8,1
2,12,4,1,1,4,3,0,1,16,1,1,1,0,0,0,5,0,0,0,1
2,14,4,0,1,0,3,0,0,2,1,1,1,0,0,3,0,8,2,6,1
7,15,4,0,1,4,3,0,1,0,1,1,1,0,0,0,5,0,0,0,0
7,15,4,1,1,0,3,3,0,2,1,1,1,1,0,1,5,0,0,0,1
2,14,4,0,1,0,3,2,0,16,1,1,1,8,0,1,0,2,1,6,0
1,15,4,0,1,0,3,0,0,15,1,1,1,0,0,0,5,0,0,0,0
13,19,0,0,1,0,3,0,0,0,1,1,1,7,2,1,0,8,0,11,1
4,18,4,0,1,0,3,0,0,0,1,1,1,1,0,1,0,1,2,6,1
0,15,4,0,1,0,3,1,0,2,1,1,1,0,0,1,0,2,3,2,1
15,19,0,1,1,0,3,0,0,1,1,1,1,0,2,0,5,0,0,0,1
4,17,4,1,1,0,3,0,0,0,1,1,1,0,0,1,0,9,1,11,0
4,18,4,1,1,0,3,3,0,2,1,1,1,7,0,1,5,0,0,1,1
11,14,4,0,1,0,3,0,0,2,1,1,1,7,2,1,0,6,8,5,1
1,14,4,0,1,0,3,0,0,2,1,1,1,0,0,1,0,5,8,8,1
10,20,2,1,1,3,3,0,1,2,1,1,1,5,0,1,5,6,0,7,1
9,20,4,0,1,0,3,1,0,2,1,1,1,0,0,0,5,0,0,0,1
6,21,4,1,1,0,3,0,0,11,1,1,1,0,0,2,0,6,2,14,1
12,16,0,1,1,4,3,0,1,0,1,1,1,7,2,0,5,0,0,0,0
4,18,4,1,1,0,3,0,0,2,1,1,1,0,0,4,0,6,4,7,1
11,15,2,1,1,0,3,1,0,7,1,1,1,0,2,1,0,6,1,6,1
6,20,4,0,1,0,3,0,0,2,1,1,1,7,0,1,0,4,10,9,1
15,15,4,0,1,0,3,0,0,5,1,1,1,0,2,1,0,9,6,4,1
0,18,4,1,1,0,3,0,0,16,1,1,1,5,0,1,0,2,4,3,1
10,20,4,1,1,0,3,1,0,12,1,1,1,0,0,1,0,5,5,8,1
3,15,4,1,1,0,3,0,0,5,1,1,1,7,0,6,0,6,6,6,1
10,15,4,0,1,0,3,1,0,2,1,1,1,0,0,1,0,6,2,7,0
9,20,4,0,1,4,3,0,1,2,1,1,1,5,0,1,0,6,4,13,1
8,20,0,1,1,0,3,0,0,0,1,1,1,7,0,3,0,6,2,13,1
4,15,4,0,1,3,3,0,0,16,1,1,1,0,0,1,5,6,0,11,1
8,13,4,0,1,0,3,3,0,15,1,1,1,1,0,0,5,0,0,0,1
13,15,4,0,1,0,3,0,0,15,1,1,1,1,2,0,5,0,0,0,1
3,15,4,0,1,0,3,1,0,2,1,1,1,0,0,1,0,2,2,5,1
7,18,4,0,1,0,3,2,0,0,1,1,1,7,0,1,0,6,1,10,1
6,18,4,1,1,0,3,3,0,14,1,1,1,0,0,1,0,6,0,9,0
14,20,0,0,1,4,3,0,1,1,1,1,1,5,2,7,0,7,0,9,1
10,8,4,1,1,4,3,0,1,2,1,1,1,0,0,1,1,3,0,5,1
2,17,4,0,1,0,3,3,0,0,1,1,1,7,0,1,0,4,3,5,1
3,18,0,0,1,0,3,3,0,8,1,1,1,0,0,4,0,2,3,3,1
1,18,4,1,1,0,3,0,0,2,1,1,1,7,0,1,0,2,6,5,1
13,20,4,0,1,3,3,0,1,0,1,1,1,0,2,1,0,6,6,9,1
3,18,0,1,1,0,3,3,0,1,1,1,1,0,0,1,5,0,0,0,0
4,20,4,0,1,0,3,1,0,0,1,1,1,0,0,1,0,7,11,12,1
12,20,4,0,0,0,3,0,0,0,1,1,0,0,2,1,0,9,7,13,1
1,15,4,1,1,0,3,0,0,2,1,1,1,7,0,1,0,4,4,4,1
7,17,4,0,1,0,3,1,0,2,1,1,1,7,0,1,0,6,3,10,0
3,18,4,1,1,0,3,1,0,2,1,1,1,0,0,1,0,4,5,4,1
2,15,4,0,1,0,3,0,0,2,1,1,1,7,0,1,2,6,0,3,1
1,18,4,0,1,0,3,3,0,16,1,1,1,5,0,1,0,2,4,5,1
1,15,4,0,1,0,0,3,0,16,1,1,1,5,0,5,3,9,1,6,1
13,18,0,0,1,3,3,0,1,0,1,1,1,0,2,1,0,6,6,7,1
14,5,0,0,1,3,3,3,1,2,1,1,1,0,2,3,1,6,0,14,1
13,19,4,1,1,0,3,3,0,0,1,1,1,0,2,1,0,3,9,11,1
11,20,0,1,1,0,3,3,0,1,1,1,1,0,2,1,0,8,3,13,1
4,15,4,0,1,0,3,0,0,2,1,1,1,0,0,1,0,2,1,3,1
15,20,4,0,1,0,3,0,0,11,1,1,1,7,2,1,0,7,8,12,1
6,15,4,0,1,3,3,0,1,3,1,1,1,0,0,1,0,4,8,5,1
3,18,4,1,1,0,3,0,0,0,1,1,1,7,0,1,0,1,9,4,1
1,18,4,1,1,0,3,1,0,4,1,1,1,2,0,5,3,6,1,5,1
15,17,0,1,1,0,3,1,0,1,1,1,1,8,2,2,0,6,2,12,1
8,15,4,1,0,0,3,2,0,0,1,1,0,0,0,0,5,0,0,1,0
0,17,4,1,1,0,3,3,0,7,1,1,1,7,0,1,0,2,2,2,1
7,18,4,0,1,0,3,1,0,11,1,1,1,0,0,1,2,2,0,5,1
15,18,0,1,1,0,3,2,0,1,1,1,1,0,2,6,0,6,10,8,1
13,21,0,1,1,0,3,1,0,1,1,1,1,0,2,1,0,6,8,14,1
11,11,3,1,1,0,3,3,0,7,1,1,1,0,2,1,0,6,3,6,1
1,18,4,1,1,0,3,1,0,2,1,1,1,0,0,0,5,0,0,4,1
14,21,0,1,1,0,3,0,0,1,1,1,1,0,2,1,0,6,8,9,0
4,18,4,0,1,0,3,0,0,2,1,1,1,1,0,1,5,3,0,4,1
15,22,4,1,1,3,3,0,1,7,1,1,1,8,2,1,0,9,8,12,1
1,15,4,0,1,0,3,0,0,2,1,1,1,7,0,1,0,6,10,8,1
6,20,4,1,1,0,3,3,0,0,1,1,1,5,0,3,0,3,8,4,1
5,19,4,1,1,0,3,1,0,2,1,1,1,0,0,1,0,2,3,4,1
2,15,4,0,1,4,3,1,1,16,1,1,1,7,0,1,0,6,1,3,1
3,15,4,1,1,0,3,0,0,2,1,1,1,0,0,1,5,6,0,7,1
3,18,4,0,1,4,3,0,1,9,1,1,1,5,0,1,2,6,0,3,1
10,20,4,1,1,0,3,1,0,2,1,1,1,8,0,1,0,6,6,12,1
9,18,4,0,1,0,3,1,0,0,1,1,1,0,0,1,0,6,11,14,0
10,19,4,1,1,0,3,0,0,2,1,1,1,5,0,1,1,3,0,4,1
1,19,4,1,1,0,3,0,0,0,1,1,1,0,0,0,5,0,0,0,0
4,20,4,0,1,2,3,1,0,2,1,1,1,0,0,1,0,6,4,12,1
12,16,4,0,1,0,3,3,0,2,1,1,1,7,2,1,0,7,3,11,1
11,21,0,0,1,3,3,0,1,1,1,1,1,5,2,7,0,6,3,10,1
13,15,4,0,1,0,3,0,0,15,1,1,1,1,2,0,5,0,0,0,1
2,20,4,1,1,3,3,0,1,11,1,1,1,0,0,3,5,1,0,2,0
11,18,4,0,0,0,3,0,0,0,1,0,1,5,2,7,5,6,0,2,0
5,17,4,0,1,0,3,3,0,4,1,1,1,0,0,1,2,0,0,0,1
9,15,4,1,1,4,3,3,1,11,1,1,1,8,0,4,5,6,0,7,1
0,18,4,0,1,3,3,0,1,2,1,1,1,7,0,1,0,2,2,2,1
8,18,4,0,1,0,3,0,0,2,1,1,1,1,0,1,5,0,0,1,1
8,19,4,1,1,0,3,0,0,2,1,1,1,1,0,3,0,6,1,6,1
3,15,4,0,1,0,3,0,0,2,1,1,1,7,0,1,0,5,6,8,1
2,18,4,0,1,0,3,3,0,2,1,1,1,0,0,1,0,1,3,2,1
3,18,4,0,1,0,3,0,0,2,1,1,1,0,0,1,0,3,3,5,1
0,18,4,1,0,0,3,0,0,16,1,1,0,1,0,0,5,0,0,0,1
4,15,4,1,1,0,3,0,0,9,1,1,1,0,0,0,5,0,0,0,1
13,21,4,1,1,0,3,0,0,12,1,1,1,0,2,1,0,6,5,13,0
2,13,4,1,0,0,3,3,0,2,1,1,1,7,0,1,0,2,6,5,1
4,17,4,1,1,0,3,0,0,0,1,1,1,0,0,1,0,7,7,7,0
11,21,0,1,1,4,3,0,1,1,1,1,1,5,2,1,0,6,6,14,1
4,19,0,1,1,0,3,0,0,16,1,1,1,5,0,1,0,1,1,3,0
5,17,4,1,1,0,3,1,0,7,1,1,1,0,0,1,0,2,2,4,1
14,19,0,0,1,3,3,0,1,1,1,1,1,5,2,1,0,6,3,13,1
13,11,0,1,1,4,3,0,1,1,1,1,1,0,2,1,0,6,8,6,1
6,19,0,0,1,0,1,0,0,0,1,1,1,8,0,5,0,6,3,9,0
12,20,4,1,1,0,3,0,0,0,1,1,1,7,2,1,0,8,2,12,0
6,18,4,1,1,0,3,1,0,2,1,1,1,0,0,2,0,1,6,3,1
9,13,4,0,1,0,3,0,0,0,1,1,1,7,0,6,0,4,7,7,1
6,15,4,0,1,0,3,1,0,2,1,1,1,8,0,8,5,0,0,0,1
6,15,4,1,1,0,3,0,0,12,1,1,1,0,0,1,0,6,2,12,0
0,15,4,1,1,4,3,0,1,16,1,1,1,5,0,1,5,1,0,2,1
0,17,4,1,1,0,3,1,0,2,1,1,1,8,0,1,0,2,2,2,1
10,17,4,0,1,3,3,1,1,0,1,1,1,8,0,1,0,6,6,10,1
8,20,4,1,1,0,3,0,0,0,1,1,1,7,0,1,0,5,8,5,1
8,17,2,1,1,0,2,0,0,2,1,1,1,0,0,1,0,2,1,5,0
14,20,4,1,1,3,3,0,1,2,1,1,1,5,2,1,0,2,2,2,1
10,17,0,1,1,4,3,0,1,1,1,1,1,7,0,1,0,6,2,10,1
9,20,4,1,1,0,3,0,0,12,1,1,1,0,0,3,2,6,0,4,0
4,20,4,1,1,0,3,0,0,3,1,1,1,1,0,1,0,6,8,5,1
10,21,4,0,1,0,3,1,0,14,1,1,1,0,0,7,0,8,8,13,0
1,18,4,0,1,0,3,1,0,2,1,1,1,0,0,1,5,3,0,1,1
15,18,3,1,1,0,3,3,0,0,1,1,1,0,2,4,0,6,8,6,0
2,0,4,1,1,4,3,0,1,9,1,1,1,0,0,0,5,0,0,0,1
6,20,4,1,1,0,3,1,0,2,1,1,1,0,0,1,0,6,4,12,1
6,15,0,0,1,0,3,1,0,0,1,1,1,0,0,1,0,6,3,11,1
2,18,4,0,1,0,3,0,0,2,1,1,1,0,0,1,0,1,2,2,1
6,20,0,0,1,0,3,1,0,11,1,1,1,0,0,1,0,9,6,14,1
8,17,4,0,1,0,3,3,0,11,1,1,1,0,0,1,0,7,2,7,1
3,20,4,0,1,0,3,1,0,2,1,1,1,0,0,1,0,6,8,11,1
5,17,4,0,1,0,3,0,0,2,1,1,1,0,0,1,0,2,4,3,1
5,12,3,0,1,0,3,0,0,2,1,1,1,1,0,0,5,0,0,4,1
7,15,4,0,1,0,3,1,0,7,1,1,1,0,0,1,0,6,11,6,1
12,8,1,1,1,3,3,0,1,13,1,0,0,1,2,1,4,3,7,11,0
2,19,4,1,1,0,3,0,0,2,1,1,1,0,0,5,0,7,2,9,0
13,20,0,1,1,4,3,1,1,1,1,1,1,5,2,1,0,6,10,11,1
0,14,4,1,1,3,3,3,1,3,1,1,0,1,0,1,4,3,7,6,0
7,20,4,0,1,4,3,3,1,11,1,1,1,5,0,1,0,3,2,14,1
5,18,4,0,1,0,3,0,0,16,1,1,1,1,0,1,0,6,2,6,0
4,18,4,0,1,0,1,3,0,0,1,1,1,8,0,1,0,3,8,9,0
4,20,4,0,1,0,3,1,0,7,1,1,1,0,0,1,0,6,1,4,1
5,17,4,1,1,0,3,0,0,2,1,1,1,7,0,6,0,6,10,7,1
14,20,4,0,1,4,3,0,1,0,1,1,1,5,0,2,0,8,5,14,0
13,15,0,1,1,3,3,0,1,1,1,1,1,0,2,9,2,0,0,0,1
13,19,0,1,1,0,3,0,0,0,1,1,1,7,2,1,0,6,4,11,1
11,15,4,0,0,0,3,0,0,4,0,1,0,2,0,2,0,4,8,5,1
5,20,4,1,1,0,3,1,0,0,1,1,1,8,0,1,0,6,10,8,1
13,15,0,1,1,0,3,3,0,1,1,1,1,0,2,1,5,0,0,0,1
9,18,4,0,1,0,3,0,0,0,1,1,1,0,0,1,0,2,3,5,1
4,15,4,0,1,4,3,0,1,2,1,1,1,0,0,1,0,9,0,4,1
12,20,0,0,1,0,3,0,0,1,1,1,1,0,2,1,0,6,7,14,1
2,18,4,0,0,0,3,1,0,2,1,1,0,8,0,1,0,2,6,4,1
9,15,0,0,1,0,0,1,0,0,1,1,1,0,0,5,3,9,1,12,0
8,19,4,0,1,0,3,0,0,7,1,1,1,8,0,1,0,6,6,10,1
4,18,4,1,1,4,3,0,1,16,1,1,1,5,0,1,0,6,1,11,1
11,18,0,1,1,0,3,3,0,1,1,1,1,5,2,1,5,0,0,0,1
0,15,4,0,1,0,2,0,0,16,1,1,1,0,0,5,3,6,1,6,1
10,20,4,0,1,0,3,1,0,0,1,1,1,0,0,1,0,8,4,12,1
5,18,4,1,1,0,3,0,0,12,1,1,1,0,0,1,5,2,0,2,1
0,15,4,1,1,0,3,1,0,2,1,1,1,7,0,0,5,0,0,0,1
7,20,4,1,1,4,3,0,1,12,1,1,1,7,0,1,1,6,0,10,1
2,18,4,0,1,0,3,1,0,16,1,1,1,8,0,1,5,1,0,5,1
12,6,0,1,1,1,3,0,1,7,1,1,1,8,0,1,0,5,8,3,0
14,19,4,0,1,3,3,0,1,0,1,1,1,5,0,2,0,6,5,12,0
8,21,0,1,1,0,3,0,0,1,1,1,1,0,0,1,1,6,0,12,0
11,20,4,0,1,0,3,0,0,11,1,1,1,0,2,3,0,9,2,12,0
1,17,4,0,1,0,3,0,0,2,1,1,1,0,0,1,0,2,5,5,1
12,15,3,1,1,0,3,0,0,0,1,1,1,7,2,0,5,0,0,4,1
0,17,4,1,1,0,3,3,0,2,1,1,1,1,0,1,5,1,0,1,1
10,14,0,1,1,4,3,0,1,0,1,1,1,5,0,1,0,6,2,8,1
8,20,0,0,1,0,3,1,0,1,1,1,1,0,0,1,0,9,3,14,1
8,15,4,1,0,0,3,0,0,2,1,1,0,0,0,0,5,0,0,6,1
13,13,4,0,0,0,3,1,0,15,1,1,0,0,2,1,5,0,0,2,1
1,15,4,1,1,0,3,1,0,7,1,1,1,0,0,1,2,0,0,0,1
14,20,4,0,1,0,3,1,0,0,1,1,1,5,2,6,0,4,9,14,1
10,20,0,1,1,0,3,1,0,0,1,1,1,7,0,1,0,6,3,11,1
7,19,4,1,1,0,3,1,0,7,1,1,1,0,0,1,0,3,2,4,1
10,18,0,0,1,0,1,1,0,1,1,1,1,8,0,5,0,8,8,10,0
11,20,0,0,1,0,3,1,0,0,1,1,1,0,2,4,0,6,5,12,0
8,18,4,0,1,0,3,0,0,2,1,1,1,7,0,1,0,6,6,10,1
5,21,4,1,1,0,3,1,0,9,1,1,1,8,0,1,0,6,3,8,0
15,15,4,0,1,4,3,3,1,0,1,1,1,7,2,1,0,6,11,12,1
13,12,4,0,1,0,3,0,0,15,1,1,1,1,2,1,5,0,0,1,1
14,18,4,1,1,0,3,0,0,0,1,1,1,0,2,2,0,6,1,9,1
3,15,4,1,1,0,3,1,0,2,1,1,1,0,0,1,0,5,5,4,0
10,20,4,1,1,0,3,1,0,2,1,1,1,0,0,1,0,6,6,11,1
9,17,4,1,1,4,3,0,1,0,1,1,1,0,0,1,5,0,0,0,0
13,20,4,0,1,0,3,3,0,0,1,1,1,5,2,1,0,8,3,13,1
1,13,4,0,1,4,3,0,1,10,1,1,1,0,0,1,5,9,0,0,0
6,17,4,0,1,3,3,3,1,2,1,1,1,0,0,1,0,6,6,6,1
10,21,4,0,1,0,3,3,0,0,1,1,1,0,0,4,0,6,1,3,1
2,16,4,0,1,0,3,0,0,2,1,1,1,5,0,1,5,6,0,4,1
14,15,4,1,1,0,3,1,0,0,1,1,1,0,2,4,0,8,0,11,1
7,15,4,1,1,0,3,1,0,12,1,1,1,0,0,3,0,6,7,4,1
3,19,4,0,1,0,3,0,0,2,1,1,1,0,0,1,0,3,5,5,0
7,15,4,1,1,0,3,3,0,7,1,1,1,8,0,0,5,0,0,7,0
11,20,0,1,1,0,3,1,0,1,1,1,1,8,2,3,5,0,0,0,1
9,18,0,0,1,0,3,3,0,1,1,1,1,0,0,7,0,1,10,9,1
15,20,0,0,1,3,3,0,1,1,1,1,1,5,2,1,0,5,9,14,0
12,18,0,1,1,0,3,1,0,1,1,1,1,0,2,2,0,6,2,8,1
11,16,4,1,1,0,3,1,0,2,1,1,1,0,2,1,0,6,5,10,1
9,15,4,0,1,0,3,0,0,2,1,1,1,0,0,1,0,6,6,7,1
8,18,0,0,1,4,3,0,1,8,1,1,1,5,0,1,5,0,0,0,1
10,18,0,0,1,0,1,1,0,0,1,1,1,0,0,5,3,6,2,13,1
0,18,4,1,1,0,3,1,0,16,1,1,1,0,0,1,0,1,2,5,1
9,15,4,0,1,0,3,1,0,12,1,1,1,0,0,1,0,6,6,9,1
13,20,0,0,1,0,3,1,0,0,1,1,1,0,2,1,0,6,3,11,1
0,17,4,0,1,0,3,0,0,2,1,1,1,5,0,1,2,2,0,3,1
2,19,4,0,1,0,3,0,0,2,1,1,1,0,0,1,0,2,4,2,1
10,18,2,1,1,0,3,1,0,12,1,1,1,0,0,1,0,2,1,7,0
6,19,4,1,1,0,3,1,0,12,1,1,1,0,0,2,0,6,2,12,1
12,21,0,1,1,0,3,0,0,1,1,1,1,5,2,2,0,6,6,13,0
4,18,4,0,1,0,3,0,0,2,1,1,1,5,0,0,5,0,0,0,1
2,18,4,1,1,0,3,2,0,0,1,1,1,0,0,2,0,1,10,2,1
9,20,4,1,1,0,3,0,0,14,1,1,1,0,0,3,0,6,10,12,0
13,7,4,1,0,0,3,0,0,12,1,1,0,7,2,2,0,2,3,3,1
9,19,4,0,1,0,3,0,0,2,1,1,1,0,0,3,0,3,3,6,1
6,18,4,0,1,0,3,0,0,11,1,1,1,0,0,1,1,8,0,12,1
14,19,0,0,1,0,3,1,0,1,1,1,1,0,2,1,0,4,6,6,1
13,21,4,1,1,4,3,1,0,11,1,1,1,0,2,7,0,9,5,14,0
7,15,4,1,0,0,3,1,0,0,1,0,1,0,0,1,0,6,0,4,0
13,15,4,1,1,0,3,3,0,2,1,1,1,0,2,1,0,6,6,9,1
8,20,0,1,1,0,3,0,0,2,1,1,1,0,0,4,0,6,0,2,0
3,15,4,0,1,0,3,0,0,0,1,1,1,0,0,1,5,0,0,0,0
12,22,4,1,1,0,3,3,0,11,1,1,1,0,2,2,0,9,0,11,0
13,18,4,0,1,0,3,0,0,14,1,1,1,0,2,7,0,6,5,10,1
12,15,0,1,1,0,3,3,0,1,1,1,1,0,2,1,5,0,0,4,1
6,20,0,0,1,0,3,1,0,0,1,1,1,0,0,1,0,8,6,14,1
8,20,4,0,1,4,3,0,1,16,1,1,1,5,0,2,5,1,0,1,0
7,21,4,0,1,4,3,0,1,0,1,1,1,5,0,1,0,6,2,13,1
9,15,0,1,1,0,3,0,0,2,1,1,1,7,0,1,0,8,8,6,1
10,20,4,1,1,0,3,1,0,2,1,1,1,0,0,1,2,0,0,0,1
1,18,4,1,1,0,3,1,0,16,1,1,1,0,0,2,5,2,0,0,1
9,18,4,1,1,0,3,1,0,2,1,1,1,0,0,1,0,6,3,10,1
13,19,2,1,1,0,3,0,0,2,1,1,1,0,2,1,0,6,0,6,1
0,16,4,0,1,0,3,0,0,11,1,1,1,0,0,0,5,0,0,0,1
12,20,0,1,1,3,3,0,1,0,1,1,1,0,2,4,0,6,5,7,1
10,18,4,0,1,0,3,0,0,2,1,1,1,7,0,1,0,6,3,11,1
8,20,4,1,1,0,3,1,0,9,1,1,1,0,0,1,0,8,11,10,1
4,0,0,1,0,4,3,3,1,1,1,1,1,7,2,0,5,0,0,7,1
1,18,4,1,1,0,3,3,0,2,1,1,1,0,0,1,0,1,5,2,1
12,18,4,1,1,0,3,0,0,0,1,1,1,0,2,7,0,5,3,10,1
5,15,4,1,1,4,3,0,1,2,1,1,1,7,0,1,5,0,0,0,0
6,20,4,1,1,0,1,0,0,0,1,1,1,8,0,5,0,6,9,13,0
10,15,0,0,1,0,3,0,0,1,1,1,1,7,0,1,0,6,1,12,1
14,21,4,1,1,0,3,0,0,0,1,1,1,0,2,6,0,6,6,13,1
1,19,4,1,1,0,3,1,0,16,1,1,1,0,0,1,5,1,0,2,1
1,15,4,1,1,0,3,0,0,11,1,1,1,0,0,2,0,1,1,4,1
7,20,4,0,1,4,3,0,1,0,1,1,1,5,0,1,0,6,4,9,1
1,17,4,0,1,0,3,1,0,2,1,1,1,0,0,1,2,2,0,4,1
9,15,4,1,1,0,3,3,0,2,1,1,1,7,0,1,5,0,0,0,1
9,13,4,1,1,2,3,0,0,2,1,1,1,1,0,1,5,0,0,6,1
0,15,4,0,1,0,1,3,0,16,1,1,1,8,0,1,1,8,0,6,1
13,17,0,1,1,0,3,1,0,1,1,1,1,0,2,1,0,2,4,2,1
14,20,4,1,1,0,3,0,0,12,1,1,1,0,2,1,0,2,2,4,1
6,20,4,0,1,0,3,1,0,12,1,1,1,8,0,1,0,9,6,14,0
11,15,2,0,1,0,3,0,0,7,1,1,1,2,0,1,2,6,3,5,1
15,20,4,1,1,0,3,0,0,0,1,1,1,0,2,4,0,9,4,4,1
9,18,4,1,0,0,3,1,0,2,1,1,0,0,0,0,5,0,0,5,1
13,15,4,1,1,0,3,0,0,2,1,1,1,7,2,1,0,6,6,9,1
9,18,4,1,1,3,3,0,1,0,1,1,1,5,0,4,0,6,6,11,1
6,19,0,1,1,2,3,3,0,0,1,1,1,8,0,1,0,2,6,12,1
10,20,0,0,1,0,3,3,0,4,1,1,1,0,0,5,0,9,6,7,1
9,20,4,1,1,0,3,0,0,12,1,1,1,7,0,1,0,6,10,9,1
0,15,4,0,1,0,3,1,0,2,1,1,1,0,0,0,5,0,0,0,1
12,17,4,0,1,0,3,0,0,2,1,1,1,7,2,1,2,6,0,6,1
9,0,4,1,1,0,3,0,0,2,1,1,1,7,0,6,1,3,0,6,1
0,18,4,0,1,4,3,3,1,2,1,1,1,0,0,3,0,3,8,6,1
6,9,0,0,1,0,3,1,0,5,1,1,1,7,0,2,0,8,1,6,0
0,17,4,1,1,0,3,3,0,11,1,1,1,0,0,1,2,4,0,8,0
0,15,4,0,1,0,3,0,0,2,1,1,1,0,0,1,0,3,1,3,1
8,20,0,1,1,3,3,0,1,1,1,1,1,0,0,3,0,2,8,3,1
15,20,0,1,1,3,3,3,1,1,1,1,1,5,2,2,0,6,8,13,1
11,11,4,0,0,0,3,1,0,11,1,1,0,0,2,1,0,9,3,12,1
4,15,4,1,1,0,3,0,0,2,1,1,1,0,0,1,5,0,0,1,1
1,18,4,0,1,0,3,0,0,16,1,1,1,1,0,0,5,0,0,0,1
10,20,0,0,1,0,3,0,0,0,1,1,1,0,0,2,0,9,0,14,0
9,18,0,1,1,0,3,0,0,0,1,1,1,7,0,1,0,5,3,6,1
1,18,4,0,1,0,0,0,0,16,1,1,1,2,0,5,3,9,1,5,1
10,21,0,1,1,0,3,0,0,1,1,1,1,5,0,5,2,6,0,10,1
5,20,4,1,0,0,3,1,0,0,1,1,0,0,0,0,5,0,0,0,0
15,20,0,0,1,0,3,0,0,1,1,1,1,0,2,1,0,8,2,14,1
1,18,4,1,1,4,3,0,1,16,1,1,1,7,0,2,5,1,0,3,1
1,15,4,1,1,4,3,0,1,2,1,1,1,7,0,1,0,1,6,5,1
2,18,4,0,1,0,3,3,0,2,1,1,1,5,0,1,2,2,0,6,0
1,17,4,0,1,0,3,0,0,2,1,1,1,0,0,0,5,0,0,4,1
2,16,4,0,1,4,3,0,1,5,1,1,1,5,0,1,0,3,10,3,1
15,23,0,1,1,4,3,0,1,1,1,1,1,5,2,0,5,0,0,3,1
11,18,4,1,1,0,3,0,0,12,1,1,1,7,2,1,0,4,6,5,1
7,18,4,0,1,0,3,0,0,2,1,1,1,0,0,1,0,6,5,6,1
13,12,4,0,0,0,3,0,0,15,1,1,0,1,2,0,5,0,0,1,1
5,20,0,1,1,0,3,1,0,1,1,1,1,8,0,6,5,0,0,0,0
15,18,0,1,1,0,3,0,0,2,1,1,1,0,2,3,0,6,11,3,1
13,21,0,1,1,0,3,1,0,0,1,1,1,0,2,2,0,9,4,14,1
14,21,0,1,1,0,3,0,0,1,1,1,1,5,2,3,0,6,6,13,1
12,0,4,1,1,4,3,0,1,12,1,1,1,0,2,6,0,3,3,6,1
10,20,0,1,1,4,3,3,1,1,1,1,1,5,0,1,0,6,4,7,1
4,20,4,1,1,0,3,1,0,11,1,1,1,0,0,2,0,6,0,8,1
7,18,4,0,1,0,3,0,0,0,1,1,1,8,0,0,5,0,0,0,1
9,18,0,0,1,4,3,0,1,1,1,1,1,0,0,1,5,0,0,0,1
14,18,0,0,1,0,1,0,0,0,1,1,1,0,2,1,0,6,3,9,1
12,15,4,0,1,3,3,0,1,9,1,1,1,8,2,1,0,6,3,8,1
9,20,0,0,1,2,3,1,0,2,1,1,1,8,0,1,0,6,10,13,1
11,21,4,0,1,0,3,1,0,0,1,1,1,0,2,1,0,8,2,13,1
6,19,4,1,1,0,3,3,0,11,1,1,1,0,0,1,5,0,0,0,1
5,20,4,1,1,0,3,3,0,12,1,1,1,0,0,1,0,2,6,5,0
13,20,4,0,1,0,3,0,0,11,1,1,1,0,2,1,0,6,7,10,1
0,19,4,0,1,0,3,0,0,8,1,1,1,0,0,1,0,1,0,1,1
13,15,4,0,1,0,3,0,0,0,1,1,1,0,2,3,0,6,6,3,1
10,14,0,0,1,4,3,0,1,0,1,1,1,0,0,1,1,6,0,12,1
8,15,0,0,1,3,1,0,1,9,1,1,1,0,0,1,0,8,11,10,1
12,13,0,0,1,4,3,0,1,0,1,1,1,0,2,6,5,0,0,13,0
13,6,2,1,0,1,3,3,1,13,1,0,0,1,1,9,2,5,0,0,1
6,18,4,0,1,0,3,0,0,2,1,1,1,7,0,0,5,0,0,0,1
5,15,4,0,1,0,3,3,0,11,1,1,1,0,0,1,0,8,1,11,1
3,17,4,0,1,0,3,0,0,0,1,1,1,7,0,1,0,6,1,9,1
5,20,4,1,1,0,3,1,0,0,1,1,1,5,0,3,5,1,0,1,1
6,18,4,0,1,0,3,0,0,2,1,1,1,5,0,1,0,6,10,12,1
11,17,4,1,1,3,3,0,1,7,1,1,1,1,2,1,0,3,6,6,1
10,20,4,0,1,0,3,1,0,0,1,1,1,0,0,1,0,6,1,11,1
1,19,4,1,1,0,3,0,0,2,1,1,1,7,0,0,5,0,0,0,1
13,20,4,0,1,3,3,0,1,9,1,1,1,5,2,1,0,6,5,10,1
0,18,4,1,1,0,3,0,0,16,1,1,1,5,0,1,1,1,0,2,1
6,19,4,1,1,0,3,1,0,12,1,1,1,0,0,1,0,8,2,12,0
0,15,4,0,1,0,3,0,0,2,1,1,1,7,0,1,0,4,0,2,1
6,14,4,0,1,4,3,3,1,12,1,1,1,0,0,1,5,0,0,0,1
2,18,0,1,1,0,3,0,0,8,1,1,1,0,0,4,0,2,1,1,1
3,21,4,1,1,4,3,1,1,2,1,1,1,0,0,2,0,2,6,4,1
3,18,4,0,1,0,3,1,0,11,1,1,1,0,0,1,0,6,8,9,1
8,18,4,1,1,0,3,3,0,9,1,1,1,0,0,1,1,3,0,1,0
5,18,4,0,1,2,3,0,1,0,1,1,1,1,0,5,0,5,3,7,1
11,18,0,0,0,0,3,0,0,0,1,1,1,2,2,1,0,6,6,13,1
7,17,0,0,1,0,3,1,0,1,1,1,1,0,0,1,0,4,4,7,1
0,15,4,1,1,0,3,0,0,2,1,1,1,5,0,0,5,0,0,0,1
3,18,4,0,1,0,3,3,0,14,1,1,1,7,0,1,5,0,0,0,1
4,18,4,1,0,0,3,1,0,2,1,1,0,0,0,0,5,0,0,1,1
8,18,4,1,1,0,3,0,0,11,1,1,1,5,0,1,0,6,4,8,0
15,18,0,1,1,0,3,1,0,2,1,1,1,5,2,1,0,6,8,10,1
14,7,4,0,1,0,2,0,0,2,1,1,1,7,2,5,2,2,3,5,1
11,20,0,0,1,0,3,0,0,1,1,1,1,0,2,1,0,8,3,8,1
9,14,4,0,0,0,3,0,0,0,1,1,0,7,0,0,5,0,0,5,0
15,18,4,1,1,0,3,0,0,0,1,1,1,0,2,1,0,5,4,5,1
5,15,4,0,1,0,3,0,0,2,1,1,1,1,0,1,0,6,1,6,1
11,17,4,0,1,0,3,0,0,2,1,1,1,5,2,1,0,6,2,8,1
3,18,0,1,1,0,3,3,0,8,1,1,1,0,0,0,5,0,0,0,0
8,20,0,1,1,0,3,0,0,1,1,1,1,8,0,2,0,6,1,13,1
12,20,0,1,1,0,3,3,0,1,1,1,1,8,2,1,5,0,0,0,0
3,20,4,1,1,0,3,0,0,2,1,1,1,0,0,1,0,6,6,6,1
1,15,4,1,1,0,3,0,0,11,1,1,1,0,0,6,5,1,0,1,0
12,15,3,1,1,3,3,0,1,0,1,1,1,7,2,1,0,7,8,9,1
1,18,4,0,1,0,3,3,0,11,1,1,1,5,0,0,5,0,0,0,0
5,18,4,1,1,0,3,3,0,11,1,1,1,0,0,4,0,5,4,3,1
0,18,4,0,1,4,3,0,1,16,1,1,1,5,0,9,2,0,0,0,1
9,20,4,1,1,0,3,3,0,11,1,1,1,5,0,1,2,6,0,5,0
12,18,0,0,1,0,3,0,0,0,1,1,1,0,2,1,0,9,11,13,0
9,11,4,0,0,2,3,1,0,4,0,1,0,0,0,1,0,6,3,6,1
3,17,4,1,1,0,3,0,0,0,1,1,1,0,0,1,5,0,0,0,1
3,18,4,1,1,0,3,1,0,2,1,1,1,0,0,1,2,6,0,5,0
0,18,4,1,1,0,3,0,0,16,1,1,1,1,0,9,2,0,0,0,1
0,15,4,0,1,0,3,0,0,2,1,1,1,1,0,1,0,6,4,8,0
0,18,4,0,1,0,3,1,0,16,1,1,1,0,0,2,5,1,0,2,1
3,18,4,0,1,0,3,3,0,2,1,1,1,1,0,1,0,6,6,4,1
3,18,4,0,1,0,3,0,0,2,1,1,1,0,0,1,0,3,3,2,1
8,20,4,0,1,0,3,0,0,11,1,1,1,1,0,1,0,9,8,14,1
8,15,4,0,1,0,3,1,0,7,1,1,1,8,0,1,0,6,11,10,1
12,21,0,0,1,3,3,0,1,0,1,1,1,5,2,2,0,6,3,12,1
13,21,4,0,1,4,3,3,1,0,1,1,1,0,2,1,0,8,8,14,0
10,21,4,0,1,0,3,1,0,12,1,1,1,0,0,1,0,8,11,14,1
14,22,0,1,1,0,3,0,0,0,1,1,1,0,2,1,0,7,0,11,1
1,15,4,0,1,4,3,0,1,2,1,1,1,6,0,9,2,5,0,13,1
15,18,0,0,1,0,3,0,0,0,1,1,1,0,2,1,2,4,0,3,1
7,20,4,0,1,0,3,0,0,2,1,1,1,7,0,1,0,7,5,9,1
13,20,0,0,1,0,3,1,0,2,1,1,1,0,2,1,0,6,4,14,1
13,15,0,1,1,3,3,0,1,2,1,1,1,0,2,1,0,9,3,9,1
15,21,0,1,1,0,3,0,0,1,1,1,1,0,2,1,0,8,6,14,0
0,15,4,1,1,4,3,0,1,9,1,1,1,7,0,1,2,1,0,1,0
1,14,4,1,1,0,3,3,0,2,1,1,1,1,0,9,2,0,0,0,0
4,18,4,0,1,0,3,0,0,2,1,1,1,0,0,1,0,3,2,3,1
8,20,4,0,1,0,3,1,0,0,1,1,1,0,0,1,0,6,2,14,0
5,20,4,0,1,0,3,3,0,2,1,1,1,0,0,2,0,2,1,4,1
2,18,4,1,1,2,3,3,0,2,1,1,1,0,0,1,0,2,6,4,0
6,20,4,0,1,0,3,3,0,14,1,1,1,0,0,1,0,6,4,10,0
1,15,4,1,1,0,3,1,0,2,1,1,1,0,0,1,0,2,3,4,1
11,20,0,1,1,0,3,1,0,2,1,1,1,0,2,1,2,4,0,0,1
8,20,4,1,1,0,3,0,0,11,1,1,1,5,0,2,0,4,4,10,0
12,22,4,0,1,0,3,3,0,11,1,1,1,0,2,1,0,6,2,14,1
4,15,4,0,1,0,3,0,0,2,1,1,1,0,0,6,0,6,4,9,0
3,20,4,0,1,0,3,0,0,5,1,1,1,0,0,1,0,6,10,2,1
7,21,4,0,1,0,3,0,0,2,1,1,1,5,0,1,0,6,4,14,1
3,18,4,1,1,0,3,0,0,0,1,1,1,0,0,1,0,3,6,5,0
6,4,0,0,1,4,3,3,1,14,1,1,1,7,0,3,0,6,5,10,1
2,22,4,1,1,0,3,0,0,7,1,1,1,0,0,0,5,0,0,0,1
2,18,4,1,1,0,3,0,0,0,1,1,1,5,0,1,5,1,0,1,0
6,15,4,1,1,0,3,0,0,11,1,1,1,5,0,1,0,6,3,8,0
11,18,4,0,1,0,3,1,0,0,1,1,1,0,2,1,0,7,4,12,1
15,15,4,0,1,4,3,0,1,0,1,1,1,7,2,1,0,6,4,10,1
6,20,4,1,1,0,3,0,0,9,1,1,1,0,0,4,0,4,6,7,1
14,21,0,0,1,3,3,0,1,0,1,1,1,5,2,1,0,6,2,14,0
10,21,4,0,1,4,3,0,1,5,1,1,1,5,0,1,0,8,2,8,1
0,18,4,1,1,0,3,0,0,16,1,1,1,0,0,3,5,0,0,0,0
5,22,4,1,1,3,3,0,1,15,1,1,1,0,0,1,5,9,0,0,1
2,18,4,1,1,0,3,0,0,16,1,1,1,8,0,1,5,1,0,3,0
2,15,4,1,1,0,3,0,0,0,1,1,1,7,0,1,0,6,3,12,1
10,19,0,0,1,0,3,0,0,1,1,1,1,0,0,0,5,0,0,0,1
2,15,4,0,1,0,3,1,0,0,1,1,1,0,0,1,0,6,6,9,1
9,16,0,1,0,0,3,1,0,0,1,1,0,0,0,0,5,0,0,0,0
14,21,0,1,1,0,3,0,0,1,1,1,1,7,2,1,0,6,4,5,1
6,20,4,1,1,0,3,0,0,14,1,1,1,0,0,1,0,6,3,10,0
1,18,4,0,1,4,3,0,1,11,1,1,1,5,0,0,5,0,0,0,1
2,13,4,1,1,2,3,0,0,2,1,1,1,0,0,1,0,4,9,6,1
7,20,2,0,1,1,3,3,0,14,1,1,1,0,0,1,0,4,10,6,1
10,15,0,0,1,0,3,1,0,0,1,1,1,0,0,1,0,6,6,5,0
9,21,4,0,1,0,3,0,0,0,1,1,1,0,0,3,0,7,4,12,1
11,20,0,0,1,0,3,3,0,0,1,1,1,0,2,1,2,6,0,6,0
11,19,0,1,1,0,1,1,0,0,1,1,1,0,2,1,0,4,3,6,1
2,15,4,1,1,0,3,0,0,2,1,1,1,7,0,1,0,6,4,5,1
2,18,4,0,1,0,3,0,0,0,1,1,1,0,0,1,0,8,3,9,1
9,17,4,1,1,0,3,3,0,2,1,1,1,0,0,0,5,0,0,3,1
12,15,4,1,1,0,3,0,0,2,1,1,1,7,2,0,5,0,0,2,1
9,18,4,1,1,0,3,1,0,12,1,1,1,8,0,1,0,6,10,8,1
15,13,0,0,1,4,3,3,1,1,1,1,1,0,2,6,5,0,0,0,1
5,10,4,1,1,4,3,0,1,2,1,1,1,7,0,0,5,0,0,0,1
14,18,0,0,1,0,3,0,0,0,1,1,1,0,2,1,0,6,4,14,1
0,19,4,1,1,0,3,0,0,2,1,1,1,0,0,1,0,2,3,2,1
13,20,0,0,1,4,3,0,1,1,1,1,1,5,2,1,0,6,6,11,1
1,15,4,0,1,0,3,1,0,2,1,1,1,0,0,1,5,4,0,3,1
5,20,0,0,1,0,3,3,0,2,1,1,1,7,0,1,0,4,11,5,1
0,14,4,0,1,0,3,3,0,2,1,1,1,0,0,1,0,6,8,1,1
0,15,4,1,1,0,3,2,0,6,1,1,1,8,0,2,0,6,2,6,1
3,18,4,1,1,0,3,0,1,9,1,1,1,5,0,6,0,1,11,3,1
4,18,4,0,1,0,3,0,0,14,1,1,1,0,0,1,0,2,3,6,1
0,17,4,1,1,0,3,0,0,2,1,1,1,0,0,1,0,2,2,2,1
1,15,4,0,1,0,3,3,0,2,1,1,1,5,0,9,2,1,0,1,1
14,20,0,1,1,0,3,1,0,0,1,1,1,0,2,3,0,6,3,14,1
11,20,0,1,1,0,3,1,0,0,1,1,1,0,2,1,2,6,0,14,1
15,15,0,1,1,4,3,0,1,0,1,1,1,0,2,1,0,6,10,10,1
3,15,4,0,1,0,3,3,0,2,1,1,1,7,0,1,5,2,0,3,1
15,9,0,0,1,4,3,1,1,12,1,1,1,8,2,2,0,8,1,13,0
13,20,0,0,0,0,3,1,0,1,1,1,0,8,2,2,0,6,3,12,1
3,18,4,0,1,0,3,1,0,2,1,1,1,7,0,1,0,1,4,2,1
15,22,0,1,1,0,3,0,0,0,1,1,1,0,2,1,0,6,3,11,1
6,18,4,0,1,0,3,0,0,2,1,1,1,0,0,1,0,6,2,10,1
10,18,2,1,1,1,3,1,1,7,1,1,1,1,0,1,0,5,3,6,1
14,15,4,1,1,0,3,0,0,2,1,1,1,0,2,1,2,0,0,0,1
13,19,4,1,1,3,3,0,1,2,1,1,1,0,2,1,5,2,0,1,1
12,18,4,0,1,0,3,2,0,0,1,1,1,0,2,1,0,6,3,12,1
10,20,0,0,1,0,3,1,0,0,1,1,1,0,0,4,0,8,1,9,0
14,18,4,0,1,0,3,3,0,0,1,1,1,5,2,1,0,6,4,10,1
12,20,0,0,1,4,3,0,1,0,1,1,1,5,2,1,0,6,10,14,1
15,20,0,1,1,3,3,0,1,0,1,1,1,0,2,1,0,7,10,10,1
14,15,2,1,1,0,3,0,0,9,1,1,1,2,0,1,2,2,0,3,1
12,11,4,1,1,4,3,1,1,11,1,1,1,0,2,1,0,9,3,14,1
4,13,2,0,1,0,3,1,0,16,1,1,1,6,0,1,3,3,10,8,0
5,18,0,0,1,0,3,3,0,1,1,1,1,0,0,1,0,3,2,4,0
14,18,2,0,1,0,3,0,0,2,1,1,1,0,2,1,5,6,0,2,1
6,21,4,0,1,0,3,0,0,12,1,1,1,0,0,1,0,5,4,13,1
11,15,0,0,1,0,3,3,0,1,1,1,1,0,2,1,2,0,0,0,1
12,15,2,1,0,0,3,3,0,2,1,1,1,7,2,1,2,0,0,2,1
11,18,4,1,1,0,3,0,0,16,1,1,1,5,0,2,0,2,5,4,0
5,10,4,0,0,2,3,3,1,0,1,1,0,8,0,5,0,1,4,3,0
6,20,4,1,1,0,3,0,0,0,1,1,1,0,0,1,0,4,0,3,0
10,10,4,0,1,4,3,0,1,14,1,1,1,7,0,1,0,6,3,10,1
11,20,4,1,1,0,3,3,0,11,1,1,1,0,2,2,0,6,0,8,1
10,20,4,0,1,0,3,1,0,2,1,1,1,8,0,3,0,6,4,10,1
4,18,4,0,1,0,1,0,0,16,1,1,1,0,0,5,3,6,2,5,1
2,15,4,0,1,0,0,1,0,16,1,1,1,0,0,5,3,9,1,6,1
7,20,4,0,1,0,3,0,0,2,1,1,1,0,0,1,0,6,10,12,1
9,8,3,0,1,0,1,0,1,9,1,0,1,0,0,6,0,3,4,3,1
15,21,4,1,1,4,3,0,1,0,1,1,1,7,2,3,2,6,0,5,0
3,18,4,0,1,0,3,0,0,2,1,1,1,1,0,1,0,6,6,8,1
4,16,4,0,1,4,3,0,1,2,1,1,1,0,0,1,0,7,2,7,1
1,15,4,0,1,0,3,0,0,2,1,1,1,5,0,0,5,0,0,0,1
13,18,0,1,1,0,3,1,0,1,1,1,1,0,2,1,0,1,3,14,1
12,20,0,1,1,0,3,0,0,1,1,1,1,7,2,1,1,6,0,12,1
13,11,4,0,0,0,3,0,0,15,0,1,1,0,2,0,5,0,0,2,1
9,20,4,1,1,0,3,0,0,2,1,1,1,0,0,3,0,6,8,12,1
0,13,4,0,1,0,3,1,0,2,1,1,1,0,0,0,5,0,0,0,1
2,18,4,0,1,0,3,3,0,2,1,1,1,1,0,4,0,1,10,3,1
12,18,4,1,1,0,3,1,0,0,1,1,1,0,2,2,0,2,2,3,1
10,20,4,0,1,3,3,0,1,11,1,1,1,5,0,1,0,9,7,14,0
8,20,4,0,1,0,3,1,0,0,1,1,1,0,0,1,0,6,3,14,0
1,18,4,0,1,0,3,0,0,2,1,1,1,0,0,1,0,1,3,2,1
12,19,2,1,1,3,3,0,1,2,1,1,1,0,2,1,5,0,0,0,1
0,18,4,0,1,0,3,3,0,16,1,1,1,7,0,0,5,0,0,0,0
9,20,4,0,1,3,3,0,1,2,1,1,1,5,0,1,0,6,6,12,1
14,20,4,1,1,0,3,0,0,0,1,1,1,5,2,2,0,7,2,13,0
15,19,4,0,0,0,3,1,0,15,1,1,0,0,2,0,5,0,0,0,1
13,8,1,1,1,3,3,1,1,4,1,1,1,0,2,4,5,0,0,3,1
10,19,4,1,1,0,3,0,0,2,1,1,1,0,0,1,0,3,8,8,1
14,17,2,0,1,0,2,1,0,0,1,1,1,0,2,1,0,6,4,13,0
5,20,4,1,1,0,3,0,0,2,1,1,1,5,0,1,2,0,0,0,1
1,15,4,1,1,0,3,3,0,11,1,1,1,0,0,0,5,0,0,0,0
8,18,0,1,1,0,1,0,0,0,1,1,1,0,0,1,0,9,8,13,1
15,23,4,1,1,0,3,1,0,2,1,1,1,0,2,1,0,6,7,14,1
4,20,4,1,1,2,3,1,0,2,1,1,1,8,0,1,0,4,3,6,1
13,15,4,0,1,0,3,3,0,12,1,1,1,0,2,9,2,0,0,13,1
5,19,4,1,1,0,3,0,0,2,1,1,1,1,0,1,2,0,0,0,0
10,21,4,1,1,0,3,1,0,12,1,1,1,0,0,1,0,6,6,14,0
10,8,1,0,1,3,1,1,1,14,1,1,1,0,2,1,5,0,0,2,1
15,20,4,1,1,3,3,0,1,11,1,1,1,5,2,3,0,6,6,12,1
14,18,4,1,1,0,3,0,0,9,1,1,1,7,2,1,0,6,8,12,1
8,20,4,1,1,0,3,3,0,0,1,1,1,0,0,2,0,6,11,13,1
10,19,4,1,1,3,3,0,1,0,1,1,1,5,0,1,0,6,3,10,1
13,20,4,1,1,4,3,0,1,0,1,1,1,5,2,6,0,2,9,2,0
1,14,4,0,0,0,3,0,0,2,1,1,0,0,0,0,5,0,0,0,1
3,14,0,0,1,0,3,0,0,16,1,1,1,8,0,1,1,6,0,5,0
9,21,0,1,1,0,3,0,0,0,1,1,1,0,0,1,0,6,11,14,1
1,18,4,0,1,0,3,0,0,2,1,1,1,5,0,1,5,1,0,1,1
9,18,4,0,1,0,3,3,0,2,1,1,1,0,0,1,0,6,6,10,1
14,11,0,1,0,0,3,1,0,1,1,1,1,0,2,1,0,6,5,14,1
7,20,4,1,1,0,3,1,0,0,1,1,1,0,0,1,0,8,8,12,1
5,15,4,0,1,0,3,0,0,11,1,1,1,5,0,1,0,6,2,6,0
14,19,4,0,1,0,3,1,0,2,1,1,1,0,2,1,0,8,11,12,1
0,17,4,1,1,0,3,0,0,16,1,1,1,5,0,1,5,2,0,2,1
15,17,0,0,1,4,3,3,1,1,1,1,1,0,2,1,0,9,4,9,1
5,15,4,0,1,0,3,0,0,2,1,1,1,0,0,1,0,6,6,9,1
10,16,0,1,1,0,3,0,0,2,1,1,1,7,0,1,0,9,1,10,1
1,15,4,0,1,0,3,0,0,2,1,1,1,7,0,3,0,3,3,5,1
7,18,4,0,1,0,3,3,0,11,1,1,1,0,0,1,0,6,4,9,1
10,0,4,0,1,0,3,0,0,10,1,1,1,1,0,1,0,6,3,11,1
2,18,4,1,1,0,3,3,0,9,1,1,1,0,0,1,0,6,2,7,1
7,20,0,1,1,0,3,1,0,1,1,1,1,0,0,1,0,8,7,13,0
10,20,4,0,1,0,3,3,0,11,1,1,1,0,0,1,0,6,4,13,0
0,15,4,1,1,2,2,0,0,3,1,1,1,0,0,1,0,1,7,5,1
8,21,4,1,1,4,3,1,1,11,1,1,1,5,0,3,0,9,8,14,1
7,15,4,0,0,0,3,0,0,2,1,1,0,7,0,0,5,0,0,0,1
6,15,4,0,0,0,3,0,0,7,1,0,0,1,0,1,2,0,0,5,1
12,13,0,0,1,4,3,0,1,8,1,1,1,7,2,1,5,0,0,0,1
13,18,4,1,1,0,3,3,0,0,1,1,1,0,2,1,0,6,2,9,1
8,19,4,1,1,0,3,0,0,2,1,1,1,5,0,1,0,3,2,10,1
4,20,4,0,1,0,3,0,0,0,1,1,1,5,0,1,0,6,4,11,0
1,18,4,0,1,0,3,0,0,2,1,1,1,7,0,1,0,3,5,2,1
8,17,4,0,1,0,3,0,0,11,1,1,1,8,0,1,0,9,8,5,0
11,15,0,0,1,4,3,0,1,1,1,1,1,5,2,1,0,6,6,6,0
4,18,4,0,1,0,3,0,0,0,1,1,1,0,0,2,0,9,0,8,0
15,23,0,0,1,0,3,0,0,0,1,1,1,0,2,6,0,8,7,14,1
7,20,0,1,1,0,3,1,0,1,1,1,1,0,0,2,5,0,0,0,0
2,15,4,0,1,0,3,1,0,2,1,1,1,0,0,1,2,2,0,2,1
14,19,0,0,1,3,3,0,1,8,1,1,1,0,2,1,0,2,4,7,1
10,19,4,0,1,3,3,3,1,2,1,1,1,5,0,1,0,6,8,10,1
3,15,4,0,0,0,3,0,0,2,1,0,1,0,0,1,0,8,11,4,1
2,12,4,0,1,0,3,0,0,16,1,1,1,1,0,0,5,0,0,0,1
4,19,4,0,1,0,3,0,0,2,1,1,1,1,0,1,0,3,6,4,1
15,22,0,1,1,0,3,1,0,0,1,1,1,0,2,1,0,6,6,13,1
3,15,4,0,1,0,3,0,0,15,1,1,1,0,0,0,5,0,0,2,0
9,17,4,0,1,0,3,0,0,12,1,1,1,0,0,1,0,4,8,5,0
8,18,0,1,1,0,3,1,0,0,1,1,1,8,0,1,1,3,0,1,1
11,20,0,0,1,0,0,0,0,0,1,1,1,0,2,6,0,8,6,12,1
2,15,4,1,1,4,3,0,1,2,1,1,1,0,0,1,0,4,4,4,1
10,15,4,0,1,0,3,1,0,15,1,1,1,0,0,0,5,0,0,0,1
1,18,4,0,1,0,3,3,0,11,1,1,1,0,0,1,0,9,3,12,0
12,18,4,0,1,0,3,3,0,2,1,1,1,0,2,1,0,4,8,5,1
7,8,0,0,1,4,3,3,1,0,1,1,1,7,0,1,0,6,4,12,0
11,21,4,1,1,0,3,1,0,0,1,1,1,0,2,1,0,8,11,14,0
14,14,0,1,1,4,3,0,1,0,1,1,1,7,2,0,5,0,0,0,1
4,17,4,1,1,0,3,0,0,2,1,1,1,7,0,1,0,4,6,6,1
5,20,4,0,1,0,3,0,0,2,1,1,1,0,0,1,0,6,4,5,1
13,18,4,1,1,0,3,3,0,2,1,1,1,0,2,1,0,7,6,5,0
7,18,4,1,1,3,3,3,1,5,1,1,1,0,0,2,0,6,11,4,1
3,15,4,0,1,0,3,0,0,2,1,1,1,5,0,1,1,6,0,6,1
3,13,4,0,1,0,3,3,0,7,1,1,1,0,0,0,5,0,0,4,1
3,20,4,0,1,0,0,3,0,12,1,1,1,0,0,5,3,6,9,9,1
7,18,4,1,1,0,3,1,0,2,1,1,1,0,0,1,2,1,0,3,1
11,8,0,0,1,4,3,0,1,0,1,1,1,0,2,1,5,6,0,7,1
15,18,0,0,1,0,3,0,0,1,1,1,1,0,2,2,5,0,0,0,1
2,19,4,1,0,0,3,1,0,2,1,1,0,0,0,1,0,1,3,2,0
6,20,4,1,0,0,3,0,0,0,1,1,1,5,0,1,0,6,6,14,1
1,18,4,0,1,0,3,0,0,2,1,1,1,7,0,1,0,6,8,13,1
14,20,4,0,1,0,3,0,0,0,1,1,1,5,0,4,0,2,5,4,1
10,21,0,0,1,4,3,0,1,1,1,1,1,0,0,1,0,7,4,13,1
5,18,4,0,1,0,3,3,0,2,1,1,1,0,0,1,0,6,2,4,1
6,20,4,0,1,0,3,0,0,11,1,1,1,0,0,1,5,6,0,2,1
1,18,4,0,1,0,3,0,0,15,1,1,1,1,0,0,5,0,0,0,0
5,18,4,1,1,3,3,0,1,2,1,1,1,0,0,1,0,6,4,6,1
10,21,4,1,1,0,3,3,0,12,1,1,1,0,0,1,0,6,4,12,1
10,17,2,0,1,0,3,0,0,7,1,1,1,0,0,1,0,9,11,10,1
3,19,4,1,1,0,3,0,0,2,1,1,1,1,0,0,5,0,0,0,1
9,21,0,1,1,0,3,1,0,1,1,1,1,0,0,1,0,6,4,12,1
14,19,0,0,1,0,3,1,0,1,1,1,1,0,2,2,0,7,8,14,1
14,20,0,0,1,0,3,0,0,1,1,1,1,1,2,1,0,6,4,13,1
14,18,0,1,1,0,3,0,0,0,1,1,1,0,2,1,0,2,2,4,1
11,20,4,1,1,0,3,0,0,0,1,1,1,1,2,1,0,6,2,9,0
13,11,0,0,1,4,3,3,1,1,1,1,1,0,2,1,0,9,1,10,1
0,17,4,1,0,0,3,0,0,2,1,1,0,0,0,0,5,0,0,0,1
9,21,4,0,1,0,3,1,0,0,1,1,1,0,0,1,0,6,3,13,1
9,18,4,0,1,0,3,0,0,2,1,1,1,5,0,1,0,6,0,6,1
9,17,4,0,1,0,3,3,0,2,1,1,1,1,0,9,2,0,0,0,1
15,20,0,0,1,0,3,0,0,1,1,1,1,0,2,1,0,5,0,9,1
7,19,4,0,1,0,3,0,0,2,1,1,1,0,0,3,0,5,4,5,1
5,18,0,1,1,0,3,0,0,0,1,1,1,0,0,1,0,6,3,9,0
13,20,0,1,1,0,3,1,0,1,1,1,1,0,2,7,1,6,0,13,1
10,20,4,0,1,0,3,1,0,15,1,1,1,0,0,1,0,7,10,9,0
6,9,0,0,0,0,3,1,0,2,1,1,0,1,0,2,0,4,1,6,1
7,21,4,1,1,0,3,1,0,2,1,1,1,0,0,1,0,6,3,9,1
9,18,4,0,1,0,3,0,0,0,1,1,1,1,0,1,0,6,8,11,0
1,18,4,0,1,0,3,0,0,2,1,1,1,7,0,0,5,0,0,0,0
0,15,4,0,1,0,3,0,0,2,1,1,1,7,0,1,0,4,0,1,1
4,20,4,1,1,0,3,1,0,9,1,1,1,0,0,1,0,1,6,1,1
13,20,0,0,1,0,3,0,0,0,1,1,1,5,2,1,0,7,8,14,1
3,18,4,1,1,0,3,1,0,0,1,1,1,7,0,1,5,5,0,4,0
11,20,4,0,1,0,3,1,0,0,1,1,1,0,2,3,0,1,4,5,1
3,15,0,1,1,0,3,0,0,8,1,1,1,0,0,3,0,6,6,5,1
3,15,4,1,1,4,3,0,1,2,1,1,1,7,0,1,1,3,0,2,0
4,20,4,0,1,0,3,0,0,2,1,1,1,0,0,3,0,6,2,9,1
11,15,0,1,1,0,3,0,0,0,1,1,1,1,2,1,2,6,0,6,0
2,15,4,0,1,0,3,1,0,2,1,1,1,8,0,1,0,1,3,2,1
10,20,4,0,1,0,3,1,0,2,1,1,1,0,0,7,0,6,11,5,1
9,15,4,0,1,0,3,3,0,2,1,1,1,0,0,3,0,9,3,12,1
10,20,4,1,1,0,3,1,0,10,1,1,1,0,0,1,0,6,3,4,1
8,0,4,0,1,4,3,0,1,0,1,1,1,7,0,1,0,6,4,11,1
4,17,4,0,1,0,0,0,0,16,1,1,1,0,0,5,3,9,2,8,1
15,16,0,0,1,0,3,0,0,0,1,1,1,7,2,1,0,6,2,8,1
0,15,4,1,1,0,3,3,0,2,1,1,1,0,0,1,2,1,0,2,0
12,13,4,1,1,0,3,1,0,0,1,1,1,8,2,1,5,4,0,4,1
12,20,2,0,1,0,3,1,0,0,1,1,1,0,2,1,0,2,2,8,0
2,19,4,1,1,0,3,1,0,2,1,1,1,7,0,0,5,0,0,0,1
8,19,4,0,1,0,3,0,0,7,1,1,1,0,0,1,0,6,8,9,1
6,19,0,0,1,0,3,3,0,0,1,1,1,0,0,1,0,6,5,13,0
3,0,4,1,1,0,3,0,0,2,1,1,1,0,0,1,1,8,0,6,1
6,14,4,0,1,0,3,3,0,2,1,1,1,0,0,1,0,6,4,8,1
10,23,4,1,1,2,3,1,0,2,1,1,1,5,0,1,5,0,0,3,1
10,15,4,1,1,0,3,3,0,11,1,1,1,0,0,1,5,5,0,2,1
11,18,0,0,1,4,3,0,1,1,1,1,1,0,2,1,0,6,11,8,1
12,19,0,1,1,3,3,0,1,0,1,1,1,0,2,1,0,6,8,10,1
13,20,0,1,1,3,3,0,1,0,1,1,1,5,2,1,0,6,8,11,1
10,19,0,1,1,0,3,0,0,8,1,1,1,0,0,1,5,0,0,0,1
7,15,4,0,1,3,3,0,0,11,1,1,1,7,0,1,0,6,2,11,1
1,18,4,0,1,0,3,0,0,2,1,1,1,7,0,1,0,2,6,5,1
1,15,4,0,0,0,3,1,0,0,1,1,0,0,0,1,5,1,0,4,0
13,12,4,0,0,0,3,0,0,15,1,1,0,1,2,1,5,0,0,1,1
13,18,4,1,1,0,3,0,0,0,1,1,1,7,2,1,0,6,1,11,1
8,18,4,0,1,0,3,0,0,2,1,1,1,0,0,1,0,6,11,3,1
13,20,4,1,0,0,3,3,0,13,1,1,0,8,2,2,5,0,0,0,1
10,20,4,0,1,3,3,3,1,0,1,1,1,0,0,1,2,0,0,0,1
8,15,4,1,1,0,3,3,0,12,1,1,1,7,0,1,0,6,2,10,1
6,21,4,0,1,0,3,3,0,2,1,1,1,5,0,8,5,6,0,11,1
2,18,4,0,1,0,3,0,0,2,1,1,1,5,0,1,0,3,6,2,1
3,21,4,0,1,0,3,3,0,14,1,1,1,0,0,1,0,8,8,12,0
5,15,4,0,0,0,3,0,0,2,1,1,0,1,0,0,5,0,0,3,1
4,15,4,1,1,0,3,0,0,2,1,1,1,0,0,6,0,2,0,1,1
9,18,4,0,1,0,3,0,0,2,1,1,1,1,0,1,0,6,8,6,1
10,17,0,1,1,0,3,0,0,1,1,1,1,0,0,1,0,6,8,8,1
2,18,4,0,1,0,3,1,0,0,1,1,1,5,0,1,2,1,0,6,0
4,12,4,0,1,0,3,0,0,7,1,1,1,7,0,1,2,0,0,0,1
2,18,4,0,1,0,0,1,0,16,1,1,1,0,0,5,3,9,2,7,0
10,19,0,0,1,0,1,1,0,1,1,1,1,8,0,5,2,6,0,10,0
13,15,2,1,1,0,3,0,0,7,1,1,1,7,2,1,0,6,2,7,1
1,18,4,1,1,4,3,0,1,16,1,1,1,5,0,1,0,1,4,2,1
3,18,4,0,1,0,3,0,0,2,1,1,1,0,0,1,0,2,9,6,1
5,8,4,0,1,4,3,0,1,11,1,1,1,0,0,1,0,6,4,5,1
4,18,4,0,1,3,3,3,1,2,1,1,1,8,0,1,0,7,2,5,1
12,17,4,1,1,0,3,0,0,2,1,1,1,7,2,1,0,6,8,8,1
13,19,4,0,1,0,3,1,0,0,1,1,1,0,2,2,0,3,1,10,1
8,18,4,0,1,0,3,0,0,5,1,1,1,0,0,1,0,5,2,8,1
3,18,4,1,1,0,3,3,0,11,1,1,1,0,0,1,0,6,8,5,1
15,21,0,1,1,4,3,3,1,1,1,1,1,0,2,3,0,4,0,2,1
13,14,4,0,1,0,3,2,0,15,1,1,1,0,2,7,5,2,0,1,1
8,4,0,0,0,4,3,0,1,11,1,1,0,7,0,0,5,0,0,0,1
10,19,0,1,1,4,3,0,1,1,1,1,1,5,0,1,0,6,6,11,1
4,20,4,1,1,0,3,1,0,2,1,1,1,0,0,1,5,0,0,0,1
14,19,0,1,1,0,3,1,0,1,1,1,1,0,2,7,0,6,11,13,0
8,18,4,0,1,0,3,3,0,5,1,1,1,5,0,1,0,9,2,13,1
2,15,0,0,1,0,1,0,0,2,1,1,1,0,2,1,0,9,7,6,1
10,17,4,1,1,4,3,0,1,2,1,1,1,7,0,1,0,6,3,9,1
9,19,4,0,1,0,3,0,0,0,1,1,1,0,0,1,0,6,7,10,1
11,18,4,0,1,0,3,0,0,2,1,1,1,0,2,1,0,8,6,9,1
14,20,4,1,1,0,3,0,0,2,1,1,1,7,2,1,0,5,5,12,1
9,18,0,0,1,0,3,0,0,2,1,1,1,0,0,6,5,0,0,0,0
15,21,0,1,1,0,3,1,0,1,1,1,1,0,2,1,0,6,2,14,1
6,20,4,1,1,0,3,0,0,3,1,1,1,1,0,1,5,2,0,2,1
3,15,4,0,0,0,3,0,0,15,1,1,1,7,0,0,5,0,0,1,1
3,17,4,0,1,0,3,0,0,2,1,1,1,5,0,1,0,4,2,4,1
1,17,4,0,0,0,3,3,0,16,1,1,0,0,0,1,5,2,0,2,0
7,18,4,1,1,0,3,3,0,0,1,1,1,7,0,1,0,4,4,10,1
7,19,4,1,1,0,3,1,0,0,1,1,1,1,0,1,0,1,2,2,1
2,18,4,1,1,2,3,3,0,2,1,1,1,0,0,1,5,0,0,2,1
15,17,4,0,1,4,3,0,1,0,1,1,1,7,2,1,0,6,11,4,1
4,15,0,1,1,4,3,3,1,8,1,1,1,5,0,0,5,0,0,0,1
10,15,4,1,1,0,3,3,0,10,1,1,1,0,0,1,0,9,3,3,1
1,18,4,1,1,4,3,0,1,11,1,1,1,5,0,1,0,4,10,5,1
10,13,4,0,1,0,3,3,0,2,1,1,1,0,0,1,0,6,7,13,1
6,20,4,1,1,0,3,1,0,2,1,1,1,0,0,0,5,0,0,0,1
1,18,4,0,1,0,3,1,0,2,1,1,1,0,0,1,0,5,6,8,0
6,15,0,0,1,0,0,0,0,0,1,1,1,7,0,5,3,9,3,12,1
4,12,4,0,1,0,3,0,0,7,1,1,1,7,0,1,0,6,11,9,1
13,16,4,0,1,0,3,1,0,2,1,1,1,0,2,1,0,6,6,8,1
3,18,4,0,1,0,3,3,0,2,1,1,1,5,0,1,0,6,8,11,0
1,15,4,0,1,0,3,1,0,2,1,1,1,0,0,1,0,2,10,4,1
13,20,0,1,1,0,3,1,0,1,1,1,1,0,2,3,0,7,7,12,1
10,18,4,1,1,0,3,0,0,2,1,1,1,7,0,1,5,0,0,0,1
11,18,4,0,1,0,3,1,0,2,1,1,1,5,2,1,0,6,8,13,1
11,14,0,1,0,0,3,1,0,5,0,1,0,0,2,1,0,2,10,5,1
11,17,4,0,1,0,3,0,0,12,1,1,1,0,2,1,0,9,3,11,1
0,18,4,0,0,0,3,0,0,16,1,1,0,5,0,0,5,0,0,3,0
12,13,4,1,1,0,3,3,0,14,1,1,1,0,2,0,5,0,0,12,1
4,18,4,0,1,4,3,0,1,2,1,1,1,5,0,1,0,4,6,5,1
7,18,0,1,1,0,3,0,0,0,1,1,1,0,0,1,0,6,7,10,1
0,15,4,1,1,4,3,0,1,2,1,1,1,0,0,1,5,2,0,1,1
15,15,2,1,1,3,1,0,1,0,1,1,1,0,2,1,0,9,8,12,1
14,15,0,1,1,0,3,0,0,0,1,1,1,5,2,1,0,4,11,5,1
9,17,4,0,1,0,3,0,0,0,1,1,1,7,0,1,0,6,1,9,1
7,15,0,1,1,0,3,0,0,0,1,1,1,0,0,1,0,6,4,10,1
14,20,0,0,1,0,3,1,0,0,1,1,1,0,2,4,0,8,11,11,1
3,18,4,0,1,0,3,1,0,14,1,1,1,0,0,1,5,0,0,0,1
5,20,4,0,1,0,3,0,0,2,1,1,1,0,0,2,0,6,4,13,0
4,20,4,0,1,0,3,1,0,2,1,1,1,5,0,1,0,6,10,10,0
6,20,4,0,1,0,2,3,0,2,1,1,1,0,0,5,4,6,3,11,0
15,21,0,0,1,0,3,0,0,0,1,1,1,0,2,1,0,6,8,14,1
12,17,4,1,1,0,3,0,0,2,1,1,1,0,2,1,0,3,6,3,1
5,20,0,1,1,1,3,2,1,1,1,1,1,0,0,1,0,5,1,6,1
4,15,4,0,1,0,3,0,0,4,1,1,1,0,0,1,0,4,2,5,1
15,20,2,1,1,0,3,3,0,0,1,1,1,0,2,1,0,9,8,14,1
5,15,3,1,1,0,3,0,0,0,1,1,1,6,0,1,0,5,10,3,1
13,20,4,1,1,0,3,1,0,2,1,1,1,5,2,1,0,8,0,6,1
4,18,4,0,1,0,3,0,0,11,1,1,1,7,0,1,0,4,5,5,1
3,21,0,0,1,4,3,0,1,1,1,1,1,0,0,1,1,6,0,10,1
14,18,4,1,1,0,3,0,0,2,1,1,1,0,2,1,5,0,0,0,1
14,18,4,1,1,3,3,0,1,2,1,1,1,5,2,0,5,0,0,0,1
2,18,0,0,1,0,3,0,0,8,1,1,1,7,0,4,0,1,3,3,0
14,11,4,0,1,4,3,0,1,0,1,1,1,0,2,1,0,6,3,10,1
2,16,0,0,1,4,3,0,1,1,1,1,1,7,0,1,5,3,0,2,1
15,20,4,0,1,4,3,0,1,0,1,1,1,5,2,1,0,6,7,12,0
4,21,0,1,1,4,3,0,1,0,1,1,1,0,0,1,0,8,4,12,0
13,18,2,1,1,0,3,0,0,12,1,1,1,5,2,1,0,6,7,12,0
11,21,0,1,1,4,3,0,1,1,1,1,1,5,2,3,0,6,10,14,0
3,18,4,1,1,0,3,0,0,2,1,1,1,7,0,1,0,6,1,2,1
6,20,4,1,1,0,3,0,0,2,1,1,1,0,0,1,0,4,6,13,1
9,18,4,1,1,0,3,1,0,12,1,1,1,0,0,1,0,6,8,8,0
6,18,4,0,1,0,3,0,0,2,1,1,1,0,0,1,0,6,6,9,1
0,15,4,0,0,0,2,0,0,3,0,1,1,0,0,1,0,2,2,5,1
10,15,4,0,1,0,3,0,0,12,1,1,1,7,0,1,0,6,2,9,0
3,21,0,0,1,0,1,1,0,1,1,1,1,0,2,0,5,0,0,10,0
14,21,0,1,1,0,3,1,0,0,1,1,1,0,2,1,0,9,4,13,1
2,18,4,1,1,0,3,0,0,2,1,1,1,7,0,1,0,3,4,5,1
10,15,0,1,1,0,3,0,0,0,1,1,1,0,0,1,0,4,3,3,1
5,15,4,1,1,0,3,1,0,2,1,1,1,8,0,1,5,0,0,0,1
11,18,4,1,1,0,3,0,0,11,1,1,1,5,2,0,5,0,0,0,1
8,20,4,0,1,0,3,1,0,0,1,1,1,8,0,1,0,6,3,13,0
2,18,4,0,1,4,3,0,1,2,1,1,1,0,0,0,5,0,0,0,1
2,18,4,1,1,0,3,3,0,2,1,1,1,0,0,1,0,4,6,9,1
5,19,4,1,1,0,3,0,0,0,1,1,1,1,0,0,5,0,0,0,1
4,20,4,1,1,0,3,1,0,2,1,1,1,8,0,1,2,2,0,5,1
8,20,0,1,1,3,3,1,1,0,1,1,1,0,0,6,0,8,7,13,0
0,15,4,1,1,0,3,0,0,2,1,1,1,7,0,1,0,1,8,1,1
6,20,4,0,1,0,3,0,0,14,1,1,1,0,0,7,0,6,6,9,1
0,18,4,1,1,0,3,1,0,2,1,1,1,8,0,1,5,0,0,0,1
14,19,0,1,1,0,1,1,0,1,1,1,1,8,2,5,5,0,0,2,1
0,15,4,1,1,0,3,0,0,2,1,1,1,0,0,1,2,1,0,2,1
15,18,4,0,1,0,3,0,0,2,1,1,1,0,2,4,0,4,1,5,1
10,12,4,0,1,0,3,0,0,4,1,1,1,2,0,1,2,0,0,9,1
4,21,4,1,1,0,3,0,0,2,1,1,1,0,0,1,0,6,5,13,1
13,21,4,1,1,0,3,1,0,12,1,1,1,0,2,2,0,6,8,13,0
9,15,0,0,1,0,3,1,0,1,1,1,1,0,0,1,0,6,4,11,1
14,18,0,0,1,4,3,0,1,1,1,1,1,7,2,1,0,6,4,9,1
15,15,2,1,1,0,3,1,0,2,1,1,1,0,2,1,0,6,6,7,1
12,20,0,0,1,4,3,0,1,0,1,1,1,0,2,1,0,9,10,11,1
15,20,0,0,1,0,1,1,0,10,1,1,1,8,2,4,0,6,8,13,1
2,16,4,1,1,0,3,0,0,16,1,1,1,5,0,9,2,1,0,5,1
14,15,4,0,1,4,3,3,1,5,1,1,1,7,2,1,0,6,0,2,1
9,18,4,0,1,0,3,0,0,2,1,1,1,7,0,0,5,0,0,3,1
4,19,4,1,1,0,3,0,0,2,1,1,1,0,0,1,0,4,10,8,1
9,15,4,0,1,0,3,0,0,2,1,1,1,0,0,1,5,6,0,7,1
6,17,0,0,1,0,3,0,0,1,1,1,1,0,0,1,0,5,6,8,1
5,20,4,0,1,0,3,2,0,0,1,1,1,6,0,1,0,5,10,11,1
12,20,4,1,1,0,3,0,0,0,1,1,1,0,2,5,0,9,4,11,0
4,15,4,1,1,0,3,0,0,2,1,1,1,3,0,4,0,7,4,2,1
2,22,4,1,1,0,3,0,0,0,1,1,1,5,0,1,0,1,2,11,1
13,20,0,0,1,4,3,0,1,1,1,1,1,0,2,1,0,7,8,13,0
8,20,4,0,1,0,3,1,0,2,1,1,1,0,0,1,0,6,8,11,1
8,15,4,0,1,0,3,0,0,2,1,1,1,7,0,1,0,5,11,5,1
2,18,4,0,1,2,3,1,0,2,1,1,1,5,0,1,5,0,0,0,1
5,21,0,1,1,0,3,1,0,1,1,1,1,0,0,1,0,6,2,8,1
3,18,4,0,1,0,3,1,0,2,1,1,1,5,0,1,5,0,0,4,1
5,16,4,0,1,0,3,0,0,2,1,1,1,0,0,1,0,6,6,10,1
11,18,4,0,1,0,3,1,0,0,1,1,1,7,2,4,0,6,1,11,1
2,21,4,1,1,2,3,0,0,2,1,1,1,5,0,1,0,5,10,12,1
12,20,0,1,1,0,3,0,0,1,1,1,1,5,2,1,0,5,4,10,1
10,15,4,1,1,0,3,1,0,7,1,1,1,0,0,4,5,0,0,3,1
14,20,0,0,1,0,3,1,0,0,1,1,1,0,2,1,0,9,3,14,0
9,15,0,1,1,0,3,0,0,1,1,1,1,7,0,1,0,6,4,12,1
15,22,0,0,1,0,3,1,0,1,1,1,1,0,2,1,0,9,6,14,1
1,18,4,1,1,0,3,3,0,2,1,1,1,0,0,1,0,4,1,4,1
3,18,4,0,1,0,3,0,0,11,1,1,1,5,0,1,0,7,8,5,0
3,18,4,0,1,0,3,1,0,0,1,1,1,8,0,1,0,2,1,4,1
7,20,0,0,1,0,3,0,0,0,1,1,1,0,0,1,0,7,10,14,0
8,18,4,1,1,0,3,0,0,4,1,1,1,2,0,1,0,5,3,3,1
13,15,4,0,1,4,3,0,1,14,1,1,1,0,2,1,0,6,0,10,0
11,23,4,0,1,0,3,0,0,2,1,1,1,0,2,1,0,6,11,11,1
15,18,0,1,1,0,3,0,0,0,1,1,1,7,2,1,0,6,8,6,1
6,14,4,0,0,0,3,0,0,16,1,1,0,0,0,0,5,0,0,0,1
1,15,4,0,1,0,3,3,0,11,1,1,1,0,0,0,5,0,0,0,0
10,19,4,1,1,0,3,1,0,2,1,1,1,5,0,1,0,4,7,8,1
14,18,2,0,1,0,3,1,0,2,1,1,1,0,2,9,2,0,0,0,1
0,15,4,0,1,3,3,0,1,2,1,1,1,7,0,0,5,0,0,0,1
9,20,4,1,1,0,3,0,0,5,1,1,1,0,0,1,0,6,6,3,1
13,17,4,0,1,0,3,0,0,0,1,1,1,0,2,1,0,6,8,6,1
6,18,4,0,1,0,3,0,0,2,1,1,1,0,0,1,0,4,6,7,1
2,15,4,1,1,0,3,0,0,2,1,1,1,0,0,1,2,1,0,2,1
0,15,4,0,1,0,3,3,0,7,1,1,1,0,0,1,2,6,0,4,1
14,21,0,0,1,4,3,3,1,1,1,1,1,5,2,1,0,6,4,14,0
4,15,4,0,1,0,3,3,0,3,1,1,1,0,0,1,0,9,7,5,1
1,15,4,0,1,0,3,1,0,7,1,1,1,8,0,0,5,0,0,0,1
7,13,4,0,1,0,3,0,0,0,1,1,1,7,0,1,0,6,8,13,1
12,19,4,0,1,0,3,3,0,12,1,1,1,0,2,1,0,6,10,12,0
1,15,4,0,0,0,3,0,0,16,1,1,0,0,0,1,5,4,0,5,1
9,15,4,1,1,0,3,0,0,11,1,1,1,0,0,3,2,6,0,5,1
3,18,4,0,1,0,3,0,0,2,1,1,1,0,0,1,0,4,6,5,1
2,18,4,0,1,0,3,0,0,2,1,1,1,7,0,3,0,6,2,5,1
13,15,0,0,1,0,3,0,0,1,1,1,1,0,2,1,0,8,4,11,1
8,21,4,0,1,0,3,3,0,9,1,1,1,0,0,1,0,6,8,8,1
14,20,0,1,1,0,3,0,0,0,1,1,1,5,2,1,0,6,3,14,0
9,17,4,1,1,0,3,0,0,2,1,1,1,0,0,4,0,6,4,10,1
1,18,4,0,0,0,3,0,0,2,1,1,0,0,0,0,5,0,0,0,1
6,20,4,1,1,0,3,1,0,2,1,1,1,0,0,0,5,0,0,5,1
4,20,4,1,0,0,3,3,0,2,1,1,0,3,0,2,0,7,3,6,1
4,16,4,0,1,0,3,0,0,15,1,1,1,7,0,0,5,0,0,0,0
14,19,4,1,1,0,3,0,0,2,1,1,1,1,2,1,0,5,10,7,1
13,20,0,1,1,0,3,0,0,1,1,1,1,1,2,3,0,6,3,6,1
2,13,4,1,1,0,3,0,0,15,1,1,1,1,0,0,5,0,0,2,1
14,6,0,0,1,0,3,0,0,0,1,1,1,8,2,1,0,7,8,10,0
10,20,4,1,1,3,3,0,1,0,1,1,1,5,0,4,0,8,6,13,1
9,18,0,0,1,0,3,0,0,0,1,1,1,0,0,1,0,6,1,11,1
5,20,4,0,1,0,3,0,0,10,1,1,1,5,0,1,0,6,5,11,0
3,18,4,0,1,0,3,3,0,2,1,1,1,1,0,9,2,0,0,0,1
10,21,0,1,1,0,3,0,0,1,1,1,1,5,0,1,0,2,7,14,1
5,14,4,0,1,4,3,0,1,12,1,1,1,7,0,1,0,8,3,6,0
11,18,4,1,1,0,3,0,0,12,1,1,1,0,2,1,0,3,2,4,0
0,15,4,1,1,0,3,0,0,2,1,1,1,5,0,0,5,0,0,0,1
15,20,4,1,1,3,3,3,1,10,1,1,1,5,2,1,0,6,11,13,0
5,17,0,0,1,0,3,3,0,1,1,1,1,0,0,1,0,6,10,10,0
6,20,4,1,1,0,2,0,0,10,1,1,1,0,0,1,0,6,6,11,1
0,19,4,1,1,0,3,1,0,2,1,1,1,0,0,1,0,2,3,2,1
15,18,4,1,1,0,3,0,0,2,1,1,1,7,2,1,0,6,8,9,1
12,16,4,0,1,0,3,0,0,2,1,1,1,0,2,1,0,6,2,3,1
7,11,4,1,1,0,3,3,0,4,1,1,1,0,0,1,2,0,0,0,1
2,15,4,0,1,0,3,3,0,0,1,1,1,7,0,1,0,2,6,1,1
15,19,0,1,1,0,3,0,0,2,1,1,1,0,2,0,5,0,0,0,1
12,15,4,1,1,0,3,0,0,2,1,1,1,1,2,1,0,6,4,8,1
11,20,4,1,1,0,3,1,0,0,1,1,1,0,2,1,0,6,2,5,0
11,2,0,0,1,2,0,1,0,0,1,1,1,2,2,6,0,8,6,14,0
1,15,4,1,1,0,3,0,0,2,1,1,1,0,0,1,0,6,5,4,1
8,15,4,1,1,0,3,0,0,2,1,1,1,0,0,0,5,0,0,1,1
5,20,4,1,1,0,3,1,0,14,1,1,1,0,0,1,0,2,1,3,1
10,14,0,1,1,4,3,3,1,2,1,1,1,0,0,0,5,0,0,0,1
5,17,4,0,1,0,3,0,0,2,1,1,1,0,0,1,0,6,6,7,1
6,20,4,0,1,0,3,1,0,0,1,1,1,6,0,2,0,6,10,14,1
4,15,4,0,0,0,3,3,0,2,1,1,1,0,0,1,0,2,4,8,1
0,8,4,1,1,4,3,0,1,16,1,1,1,5,0,1,1,3,0,1,0
3,20,4,0,1,0,3,1,0,2,1,1,1,5,0,2,0,1,3,2,1
14,8,0,0,1,4,3,3,1,4,1,1,1,0,2,1,5,0,0,1,1
15,20,0,0,1,0,0,2,0,0,1,1,1,0,2,5,3,6,9,12,1
7,19,0,1,1,0,3,1,0,0,1,1,1,8,0,4,0,1,1,6,0
6,19,4,0,1,0,3,3,0,2,1,1,1,1,0,1,0,8,11,11,1
10,18,0,1,1,0,3,0,0,15,1,1,1,7,0,4,5,0,0,0,1
2,19,4,1,1,0,3,0,0,12,1,1,1,1,0,1,0,3,6,5,1
5,18,0,1,1,0,3,1,0,1,1,1,1,0,0,4,0,1,1,3,0
4,20,4,1,1,0,3,3,0,11,1,1,1,0,0,1,0,8,4,11,0
13,18,4,0,1,4,3,0,1,0,1,1,1,5,2,1,0,9,6,6,1
14,17,0,0,1,0,3,0,0,0,1,1,1,2,2,6,0,6,6,14,1
9,20,0,0,1,0,3,1,0,1,1,1,1,5,0,1,0,6,10,13,0
1,15,4,0,1,0,3,0,0,2,1,1,1,7,0,1,0,6,1,4,1
10,16,0,0,1,0,3,1,0,0,1,1,1,0,0,1,0,7,2,8,1
3,20,4,1,1,0,3,1,0,0,1,1,1,0,0,1,0,6,8,12,1
4,20,4,0,1,0,3,0,0,2,1,1,1,0,0,1,0,4,6,9,1
14,20,0,0,1,0,3,1,0,0,1,1,1,0,2,1,0,6,4,14,1
0,15,4,1,1,0,3,3,0,2,1,1,1,0,0,1,0,3,10,4,1
3,15,4,0,1,3,3,0,1,5,1,1,1,0,0,1,0,6,2,8,1
13,18,4,1,1,0,3,0,0,5,1,1,1,5,2,1,0,6,9,9,1
8,19,4,0,1,0,3,1,0,2,1,1,1,0,0,1,2,0,0,0,1
5,17,0,1,1,0,3,0,0,8,1,1,1,0,0,1,0,6,6,8,1
14,15,4,0,0,0,3,1,0,2,1,1,0,0,2,1,0,9,3,4,1
15,18,4,1,1,0,3,0,0,0,1,1,1,1,2,1,0,3,10,5,1
1,15,4,1,1,0,3,0,0,2,1,1,1,0,0,0,5,0,0,0,1
8,15,4,1,1,0,3,1,0,7,1,1,1,8,0,1,5,0,0,1,1
9,15,4,0,1,0,3,0,0,2,1,1,1,0,0,1,0,6,3,6,1
15,21,0,0,1,0,3,1,0,0,1,1,1,0,2,2,0,6,11,14,1
12,20,0,0,1,3,3,3,1,1,1,1,1,8,2,7,1,6,0,9,0
4,18,4,1,1,0,3,0,0,2,1,1,1,5,0,1,0,3,10,1,1
2,15,4,0,0,0,3,0,0,2,1,1,1,0,0,1,0,2,4,4,1
15,17,4,0,1,0,3,1,0,0,1,1,1,8,2,4,0,6,1,12,0
12,15,0,0,1,0,3,1,0,1,1,1,1,0,2,7,0,5,4,10,1
4,20,4,1,1,0,3,0,0,0,1,1,1,0,0,1,0,8,2,9,0
3,20,4,1,1,0,3,3,0,11,1,1,1,5,0,0,5,0,0,0,1
2,17,4,0,1,0,3,0,0,2,1,1,1,7,0,1,0,6,7,12,1
7,20,4,1,1,0,3,1,0,5,1,1,1,0,0,1,0,6,6,9,1
2,15,4,1,1,0,3,0,0,2,1,1,1,5,0,0,5,0,0,0,1
0,15,4,0,1,0,3,0,0,5,1,1,1,7,0,1,2,1,0,2,1
11,20,4,1,1,0,3,3,0,11,1,1,1,5,2,1,5,1,0,2,0
15,18,0,0,1,0,3,1,0,0,1,1,1,7,2,6,0,4,6,10,0
11,20,0,1,1,0,3,0,0,0,1,1,1,0,2,3,0,6,10,13,0
9,21,0,1,1,4,3,0,1,0,1,1,1,0,0,4,0,6,9,11,1
7,15,0,0,1,0,3,0,0,0,1,1,1,0,0,1,0,6,6,10,0
0,15,4,0,1,0,3,1,0,7,1,1,1,8,0,1,5,0,0,0,1
8,18,4,0,1,0,3,0,0,7,1,1,1,7,0,1,0,6,11,6,1
4,15,4,0,1,0,3,0,0,15,1,1,1,7,0,0,5,0,0,0,0
5,19,4,1,1,0,3,0,0,0,1,1,1,7,0,1,0,4,6,6,1
8,15,4,0,1,0,3,1,0,0,1,1,1,0,0,1,0,3,8,1,1
7,18,4,0,1,0,3,0,0,2,1,1,1,7,0,1,0,6,6,6,1
15,20,0,1,1,0,3,0,0,0,1,1,1,0,2,1,0,8,10,9,1
14,20,0,1,1,3,3,0,1,1,1,1,1,5,2,1,0,6,10,13,1
13,20,4,0,1,0,3,1,0,2,1,1,1,5,2,3,2,1,0,1,1
13,18,0,1,1,0,3,0,0,1,1,1,1,7,2,1,0,6,2,7,1
14,22,4,0,1,3,3,0,1,2,1,1,1,0,2,1,0,4,9,4,1
3,18,4,0,1,0,3,0,0,16,1,1,1,5,0,0,5,0,0,0,0
5,15,4,0,1,0,3,0,0,0,1,1,1,7,0,1,0,6,1,8,1
4,17,4,1,1,0,3,0,0,0,1,1,1,0,0,1,0,2,3,1,1
13,21,0,0,1,0,3,0,0,0,1,1,1,5,2,1,0,7,2,14,1
14,20,2,1,1,0,3,0,0,0,1,1,1,0,2,1,0,6,6,7,1
9,23,4,0,1,0,3,0,0,1,1,1,1,0,0,8,5,6,0,7,1
12,22,0,1,1,0,3,1,0,1,1,1,1,0,2,2,0,6,3,14,1
13,20,0,1,1,0,3,3,0,1,1,1,1,1,2,1,0,3,2,14,1
7,18,4,0,1,0,3,1,0,0,1,1,1,0,0,1,0,4,1,8,1
8,18,4,0,1,0,3,0,0,5,1,1,1,7,0,1,0,8,8,6,1
9,20,4,1,1,0,3,3,0,0,1,1,1,7,0,1,0,6,4,10,1
7,15,0,1,1,0,3,0,0,1,1,1,1,0,0,0,5,0,0,4,1
8,16,4,0,0,0,3,1,0,0,1,1,0,0,0,1,1,3,0,4,0
5,20,4,1,1,0,3,0,0,2,1,1,1,7,0,4,0,1,1,2,1
8,15,4,0,1,0,3,0,0,2,1,1,1,0,0,1,1,6,0,12,1
13,8,0,1,1,4,3,0,1,0,1,1,1,0,2,1,0,6,4,3,1
0,18,4,1,1,0,3,1,0,16,1,1,1,8,0,1,5,2,0,3,1
7,20,4,1,1,0,3,0,0,11,1,1,1,0,0,2,0,7,0,11,1
15,20,4,0,0,0,3,1,0,15,1,1,0,8,2,1,5,6,0,9,1
8,15,3,1,1,0,3,0,0,0,1,1,1,0,0,6,0,1,9,4,1
2,18,4,0,1,0,3,1,0,2,1,1,1,5,0,0,5,0,0,0,1
0,15,4,0,0,0,3,3,0,16,1,1,0,0,0,0,5,0,0,3,0
9,15,4,0,1,0,3,1,0,2,1,1,1,0,0,1,0,5,6,5,1
8,18,4,1,1,0,3,0,0,12,1,1,1,0,0,1,0,4,2,6,1
7,20,4,0,1,0,3,1,0,2,1,1,1,0,0,1,2,1,0,2,1
0,15,4,1,1,0,3,3,0,11,1,1,1,0,0,1,5,4,0,2,1
10,16,4,1,1,0,3,3,0,2,1,1,1,7,0,1,0,1,2,3,1
3,15,4,0,1,0,3,3,0,2,1,1,1,0,0,1,0,6,4,4,1
3,20,4,1,1,0,3,1,0,16,1,1,1,1,0,9,0,3,4,14,1
9,14,0,1,1,0,3,0,0,2,1,1,1,7,0,1,5,0,0,0,1
15,20,4,1,1,0,3,0,0,12,1,1,1,7,2,4,0,6,4,12,1
10,15,0,0,1,0,3,0,0,15,1,1,1,7,0,0,5,0,0,0,0
1,15,4,0,1,0,3,0,0,2,1,1,1,0,0,1,0,2,3,5,1
2,15,4,0,1,0,3,0,0,2,1,1,1,7,0,1,0,6,1,8,1
1,17,4,0,0,0,3,1,0,2,1,1,0,0,0,0,5,0,0,0,1
15,9,0,0,1,0,3,1,0,9,1,1,1,8,2,2,0,8,1,8,1
10,21,4,0,1,0,3,0,0,2,1,1,1,5,0,1,0,3,2,14,1
12,17,0,0,1,0,3,0,0,15,1,1,1,7,2,1,5,6,0,9,1
4,16,4,0,1,4,3,0,1,15,1,1,1,5,0,0,5,0,0,2,1
7,15,4,1,1,0,3,1,0,16,1,1,1,0,0,1,5,4,0,5,0
8,15,0,0,1,0,3,1,0,7,1,1,1,0,0,1,0,6,4,10,1
13,15,0,1,1,4,3,0,1,0,1,1,1,0,2,1,0,4,0,6,0
6,18,4,0,1,0,3,0,0,2,1,1,1,7,0,1,0,2,5,4,1
10,18,0,1,1,0,3,3,0,1,1,1,1,0,0,0,5,0,0,4,1
0,15,4,1,1,0,3,0,0,16,1,1,1,0,0,3,0,6,3,6,1
1,17,0,1,1,0,3,1,0,16,1,1,1,0,0,2,5,1,0,5,1
0,17,4,1,1,0,3,0,0,2,1,1,1,7,0,1,0,1,3,2,1
15,13,4,0,0,2,3,3,1,0,1,1,0,1,2,1,0,5,4,6,1
5,20,4,0,1,0,3,3,0,2,1,1,1,5,0,1,0,6,11,13,1
6,13,4,0,1,4,3,0,1,11,1,1,1,0,0,1,0,4,2,5,1
4,15,4,0,1,0,3,0,0,2,1,1,1,7,0,6,0,6,2,11,1
3,18,3,1,1,1,1,3,1,9,1,1,1,6,0,9,0,5,10,0,0
11,20,4,0,1,0,3,0,0,12,1,1,1,0,2,1,0,6,3,14,0
4,12,4,0,1,0,3,0,0,7,1,1,1,0,0,1,2,0,0,4,0
4,19,4,1,1,0,3,0,0,2,1,1,1,0,0,1,0,4,3,5,1
1,18,4,1,1,3,3,0,1,2,1,1,1,0,0,9,2,0,0,0,1
2,18,4,1,1,0,3,0,0,2,1,1,1,0,0,1,0,6,3,9,1
11,16,4,0,0,0,3,0,0,2,1,1,0,0,2,0,5,0,0,0,1
4,18,4,0,1,0,3,3,0,0,1,1,1,7,0,1,5,1,0,1,1
2,12,4,0,1,0,3,0,0,0,1,1,1,5,0,1,0,6,3,9,1
15,20,4,1,1,3,3,1,1,2,1,1,1,0,2,1,0,6,4,13,1
3,15,4,1,1,4,3,1,1,2,1,1,1,0,0,1,0,5,4,6,1
9,20,4,0,1,0,3,0,0,11,1,1,1,5,0,1,0,7,7,12,0
15,20,4,0,1,0,3,0,0,0,1,1,1,0,2,3,0,3,1,5,1
12,15,4,1,1,0,3,0,0,0,1,1,1,0,2,1,0,6,6,12,1
6,15,4,1,1,0,3,3,0,3,1,1,1,0,0,1,0,2,8,5,1
1,18,2,1,1,0,3,2,0,2,1,1,1,6,0,3,0,3,10,9,1
14,18,0,1,1,0,3,1,0,1,1,1,1,0,2,1,0,2,0,2,0
10,21,4,1,1,0,3,0,0,5,1,1,1,0,0,1,2,8,0,4,1
9,19,4,0,1,0,3,3,0,2,1,1,1,0,0,3,0,6,0,6,1
8,20,4,1,1,0,3,3,0,11,1,1,1,0,0,2,0,6,0,11,0
13,20,4,1,1,4,3,0,1,0,1,1,1,5,2,9,2,0,0,0,1
5,19,4,0,1,0,3,3,0,2,1,1,1,5,0,1,0,2,11,3,0
8,19,4,1,1,0,3,3,0,0,1,1,1,7,0,4,0,5,3,6,1
2,18,4,1,1,0,3,1,0,2,1,1,1,5,0,1,0,7,1,11,1
8,15,4,0,1,0,3,0,0,12,1,1,1,0,0,1,0,9,6,7,1
5,17,4,0,1,0,3,0,0,15,1,1,1,1,0,1,5,0,0,0,0
15,21,0,0,1,0,3,0,0,0,1,1,1,0,2,1,0,6,2,14,1
15,21,0,0,1,4,3,0,1,0,1,1,1,0,2,6,0,8,10,14,1
15,23,2,1,1,4,3,0,1,0,1,1,1,0,2,1,5,6,0,2,1
15,20,0,1,1,0,3,0,0,1,1,1,1,0,2,2,0,6,0,9,1
10,12,4,0,1,0,3,0,0,0,1,1,1,7,0,1,0,5,11,5,1
8,17,3,0,1,0,3,0,0,0,1,1,1,7,0,1,0,7,4,9,1
13,18,4,0,1,3,3,3,1,0,1,1,1,0,2,1,0,2,7,8,1
0,17,4,0,1,0,2,0,0,2,1,1,1,0,0,1,0,6,5,6,1
11,19,4,1,1,0,3,3,0,2,1,1,1,0,2,3,0,1,2,4,1
6,15,4,1,1,0,3,0,0,5,1,1,1,5,0,0,5,0,0,6,1
1,18,4,0,1,0,0,1,0,16,1,1,1,1,0,5,3,1,1,1,1
0,15,4,0,1,0,3,3,0,16,1,1,1,5,0,0,5,0,0,3,1
10,14,0,0,1,4,3,0,1,9,1,1,1,7,0,1,0,6,8,7,0
2,12,4,0,1,0,3,0,0,16,1,1,1,7,0,0,5,0,0,0,1
6,18,4,1,1,0,3,0,0,4,1,1,1,0,0,1,0,5,8,9,1
11,21,0,1,1,4,3,0,1,1,1,1,1,0,2,1,0,6,3,9,0
9,12,1,0,1,2,0,0,0,0,1,1,1,3,0,5,3,5,3,9,1
8,18,4,1,1,0,3,0,0,0,1,1,1,1,0,1,1,3,0,1,1
6,15,4,1,1,4,3,3,1,14,1,1,1,5,0,0,5,0,0,10,1
8,20,4,1,1,0,3,0,0,5,1,1,1,5,0,2,0,6,6,8,1
15,20,4,0,1,0,3,0,0,0,1,1,1,0,2,1,0,6,2,12,0
0,18,4,1,0,0,3,0,0,9,1,1,0,7,0,0,5,0,0,0,1
2,17,4,0,1,3,3,3,1,2,1,1,1,0,0,1,2,3,0,4,1
12,21,4,1,1,0,3,3,0,0,1,1,1,0,2,2,0,6,4,12,0
10,19,4,0,1,0,3,1,0,15,1,1,1,0,0,1,5,0,0,0,1
6,18,4,1,1,0,3,0,0,0,1,1,1,1,0,2,0,1,3,1,1
12,18,0,0,1,0,3,0,0,0,1,1,1,0,2,1,0,6,3,10,1
0,15,4,1,1,0,3,0,0,0,1,1,1,0,0,1,1,4,0,1,0
0,18,4,1,1,3,3,0,1,2,1,1,1,0,0,1,0,4,2,6,1
0,18,4,1,0,0,3,3,0,16,1,1,0,0,0,2,5,0,0,0,0
12,15,0,1,1,3,3,0,1,1,1,1,1,8,2,1,5,0,0,0,1
10,11,4,0,1,4,3,0,1,15,1,1,1,0,0,1,5,3,0,1,0
7,15,4,0,1,0,3,0,0,7,1,1,1,0,0,1,5,0,0,0,1
3,15,4,1,1,4,3,0,1,2,1,1,1,0,0,1,0,6,9,2,1
2,19,4,1,1,0,3,0,0,2,1,1,1,0,0,3,0,6,8,11,0
7,20,4,1,1,4,3,3,1,2,1,1,1,5,0,1,0,6,5,6,1
13,20,4,1,1,0,3,1,0,0,1,1,1,0,2,1,0,6,10,14,1
4,18,4,1,1,0,3,0,0,4,1,1,1,7,0,4,2,0,0,4,1
14,17,4,0,1,0,3,0,0,2,1,1,1,0,2,2,0,6,2,12,1
14,10,4,0,1,0,0,0,0,16,1,1,1,4,2,5,3,8,3,10,1
4,20,4,1,1,0,3,0,0,0,1,1,1,7,0,3,0,6,3,12,1
15,22,0,1,1,3,3,0,1,0,1,1,1,0,2,1,1,6,0,14,1
9,13,4,0,1,2,3,0,1,0,1,1,1,5,0,6,0,5,4,6,0
0,15,4,1,1,0,3,3,0,16,1,1,1,0,0,0,5,0,0,3,1
3,15,4,0,1,0,3,1,0,2,1,1,1,0,0,1,0,5,10,5,1
11,18,4,1,1,0,3,3,0,0,1,1,1,0,2,6,0,1,0,1,0
1,18,4,1,1,0,3,3,0,2,1,1,1,5,0,2,0,2,3,3,1
2,18,4,1,1,0,3,0,0,2,1,1,1,5,0,1,0,6,6,3,1
2,18,4,0,1,0,3,1,0,2,1,1,1,0,0,2,0,1,4,2,0
13,18,4,1,1,0,3,0,0,0,1,1,1,0,2,1,0,2,2,4,1
15,16,4,0,1,0,3,0,0,15,1,1,1,7,2,1,5,5,0,2,0
10,20,0,1,1,4,3,0,1,0,1,1,1,0,0,0,5,0,0,0,1
5,18,4,1,1,0,3,0,0,0,1,1,1,7,0,1,0,4,1,6,1
8,20,0,1,1,0,3,3,0,1,1,1,1,7,0,1,0,5,2,14,1
0,15,4,1,1,0,3,1,0,2,1,1,1,0,0,4,0,1,1,1,1
5,20,4,0,1,0,3,1,0,2,1,1,1,0,0,1,0,6,8,8,1
14,18,4,1,1,4,3,0,1,2,1,1,1,0,2,1,0,4,10,6,1
14,21,0,1,1,4,3,0,1,1,1,1,1,0,2,1,0,6,5,7,1
7,15,0,0,1,0,3,0,0,2,1,1,1,0,0,1,0,6,1,10,1
3,18,4,1,1,0,3,3,0,11,1,0,1,0,0,7,0,6,0,11,0
14,19,0,1,1,0,3,0,0,0,1,1,1,1,0,6,0,4,5,4,0
13,8,4,0,1,4,3,0,1,11,1,1,1,1,2,4,0,6,3,14,0
10,15,4,0,1,0,3,0,0,0,1,1,1,7,0,1,0,6,4,11,1
13,17,4,1,1,0,3,1,0,0,1,1,1,0,2,1,0,6,2,8,1
14,19,0,1,1,0,3,0,0,1,1,1,1,0,2,2,0,6,3,14,1
9,18,1,0,1,0,0,1,0,0,1,1,1,1,0,5,3,9,5,9,0
8,21,0,1,1,0,3,0,0,0,1,1,1,0,0,1,0,6,5,10,1
13,18,4,0,1,0,3,3,0,0,1,1,1,1,2,1,0,3,5,3,1
8,18,4,0,0,0,3,0,0,2,1,1,0,7,0,0,5,0,0,0,1
14,21,0,1,1,0,3,0,0,1,1,1,1,5,2,2,0,6,8,14,1
4,15,4,1,1,3,3,1,0,2,1,1,1,0,0,7,0,6,5,10,1
14,20,4,1,1,3,3,0,1,0,1,1,1,5,2,1,0,6,6,14,1
3,20,4,0,1,0,3,0,0,2,1,1,1,5,0,1,0,6,4,6,1
4,15,4,0,1,2,3,0,0,3,1,1,1,1,0,1,0,4,1,6,1
15,15,0,1,1,0,3,0,0,2,1,1,1,0,2,1,0,6,2,10,1
7,11,4,0,1,4,3,0,1,11,1,1,1,0,0,0,5,0,0,0,1
7,15,4,1,1,0,3,0,0,2,1,1,1,7,0,1,0,6,2,9,1
4,20,4,1,1,0,3,0,0,0,1,1,1,0,0,1,5,4,0,3,0
1,19,4,0,1,0,3,3,0,7,1,1,1,0,0,1,0,8,11,6,1
10,20,0,1,1,0,3,0,0,0,1,1,1,5,0,1,0,6,11,14,1
4,20,4,0,1,0,3,0,0,9,1,1,1,5,0,1,0,6,11,9,0
15,18,0,1,1,0,3,0,0,1,1,1,1,0,2,0,5,0,0,0,1
0,15,4,0,1,0,3,1,0,2,1,1,1,0,0,1,5,5,0,2,1
11,22,4,0,1,0,3,0,0,7,1,1,1,8,0,2,0,5,8,8,0
15,11,4,0,1,4,3,3,1,4,1,1,1,0,2,1,0,6,8,6,1
9,19,3,1,1,4,3,0,1,0,1,1,1,0,0,1,0,6,0,4,0
5,12,4,0,1,0,3,0,0,2,1,1,1,7,0,1,0,6,11,4,1
6,20,4,1,1,4,3,0,1,0,1,1,1,6,0,2,0,3,10,11,1
9,20,4,1,1,0,3,0,0,11,1,1,1,7,0,3,0,5,6,4,1
14,18,4,0,1,4,3,0,1,9,1,1,1,5,2,1,5,6,0,3,1
13,21,0,1,1,4,3,0,1,1,1,1,1,5,2,2,0,9,8,11,0
0,15,4,1,1,0,3,0,0,4,1,1,1,0,0,1,0,1,8,1,1
7,18,4,0,1,0,3,0,0,2,1,1,1,7,0,1,0,6,6,6,1
13,21,4,0,1,3,3,0,1,0,1,1,1,5,2,1,5,6,0,14,1
14,21,4,1,1,3,3,3,1,0,1,1,1,5,2,2,0,6,2,7,0
14,18,0,0,1,0,3,0,0,8,1,1,1,7,2,1,0,6,3,7,1
8,20,0,0,1,0,3,0,0,0,1,1,1,0,0,1,0,6,11,14,0
12,14,4,0,1,0,3,2,0,0,1,1,1,8,2,1,0,6,10,12,1
14,18,4,0,1,0,3,0,0,14,1,1,1,5,2,0,5,0,0,10,1
0,15,4,0,0,0,3,3,0,7,1,0,0,0,0,0,5,0,0,3,1
4,18,4,1,1,3,3,0,1,2,1,1,1,0,0,1,0,2,7,3,1
14,11,0,1,1,4,3,0,1,0,1,1,1,0,2,1,0,6,1,10,1
2,17,4,0,1,3,0,0,1,0,1,1,1,0,0,5,3,9,1,9,1
8,20,4,0,1,0,3,3,0,3,1,1,1,0,0,1,0,9,8,13,1
12,17,0,0,1,0,3,3,0,8,1,1,1,7,2,0,5,0,0,0,1
8,23,4,0,1,0,3,0,0,5,1,1,1,0,0,1,0,6,2,13,0
2,15,0,1,1,0,3,2,0,8,1,1,1,0,0,0,5,0,0,0,1
1,15,4,0,1,0,3,3,0,2,1,1,1,0,0,1,0,2,3,5,1
1,18,4,0,1,0,3,0,0,16,1,1,1,0,0,2,5,1,0,3,0
5,20,4,1,1,0,3,0,0,10,1,1,1,0,0,1,5,6,0,3,0
5,14,0,1,1,0,3,3,1,9,1,1,1,5,0,4,0,1,1,7,1
12,19,3,1,1,0,3,0,0,0,1,1,1,7,2,1,0,6,6,4,1
13,21,0,1,1,3,3,0,1,9,1,1,1,5,2,1,0,6,6,10,0
4,20,4,1,1,0,3,0,0,0,1,1,1,5,0,2,0,6,2,11,1
2,15,4,0,1,4,3,3,1,2,1,1,1,0,0,1,0,6,8,5,1
11,20,0,0,1,0,3,0,0,1,1,1,1,1,2,1,0,6,8,13,1
15,19,0,0,1,4,3,0,1,1,1,1,1,5,2,1,0,8,6,12,1
14,18,0,1,1,4,3,0,1,0,1,1,1,0,2,1,0,4,3,7,1
9,15,4,0,1,3,3,0,1,2,1,1,1,7,0,0,5,0,0,0,1
4,18,4,0,1,0,3,0,0,2,1,1,1,1,0,1,0,3,6,9,1
11,23,0,0,1,0,3,3,0,13,1,0,1,0,2,7,0,8,11,11,1
3,18,4,1,1,0,3,1,0,12,1,1,1,0,0,1,0,1,8,6,1
10,19,4,0,1,0,3,1,0,12,1,1,1,0,0,1,0,6,2,14,1
12,20,0,0,1,0,3,0,0,1,1,1,1,0,2,6,0,7,0,11,1
14,14,4,0,1,0,3,3,0,12,1,1,1,4,2,1,0,8,8,11,1
5,20,4,0,1,0,3,3,0,14,1,1,1,0,0,1,0,4,3,5,0
9,20,4,0,1,0,0,0,0,11,1,1,1,5,0,5,3,4,1,13,1
10,18,4,1,1,0,3,0,0,2,1,1,1,0,0,1,0,6,5,10,1
2,18,4,0,1,0,0,0,0,16,1,1,1,0,0,5,3,2,2,6,1
14,20,0,0,1,0,3,1,0,0,1,1,1,0,2,1,0,6,4,14,0
14,22,4,0,1,0,3,1,0,0,1,1,1,0,2,1,0,6,9,11,1
9,20,0,1,1,4,3,1,1,0,1,1,1,0,0,6,0,2,0,3,1
10,20,4,0,1,0,3,0,0,2,1,1,1,7,0,1,0,6,4,9,1
11,20,0,1,1,0,3,1,0,8,1,1,1,5,2,3,0,6,5,11,1
1,18,2,1,1,0,3,0,0,2,1,1,1,7,0,1,5,1,0,2,1
11,20,0,1,1,0,3,1,0,1,1,1,1,0,2,3,0,8,8,12,1
2,20,4,0,1,0,3,1,0,11,1,1,1,0,0,1,0,2,4,4,0
3,15,4,0,1,0,3,1,0,2,1,1,1,8,0,1,0,6,2,8,1
14,15,4,1,1,0,3,0,0,12,1,1,1,0,2,1,0,6,0,9,1
5,20,4,0,1,0,3,2,0,2,1,1,1,6,0,3,0,5,10,11,1
12,21,4,1,1,0,3,0,0,0,1,1,1,0,2,1,0,6,10,14,1
13,18,4,0,1,0,3,1,0,0,1,1,1,0,2,1,0,5,8,6,1
9,18,4,0,1,0,3,1,0,0,1,1,1,0,0,1,0,7,4,13,1
4,15,4,0,1,0,3,0,0,2,1,1,1,1,0,1,5,0,0,0,0
13,20,0,1,1,0,3,3,0,0,1,1,1,0,2,1,0,8,3,13,1
6,4,4,0,0,2,3,0,0,11,1,0,0,1,0,8,5,6,0,4,1
11,21,4,0,1,0,3,1,0,2,1,1,1,0,2,3,0,8,4,11,1
1,18,4,0,1,0,3,3,0,2,1,1,1,0,0,0,5,0,0,0,1
5,20,4,0,1,0,3,1,0,2,1,1,1,0,0,1,0,6,4,13,1
3,17,4,0,1,0,3,0,0,9,1,1,1,5,0,1,0,7,5,9,1
6,18,4,0,1,0,3,0,0,2,1,1,1,5,0,1,0,6,0,11,0
5,20,4,1,1,0,3,0,0,2,1,1,1,0,0,1,0,6,3,9,1
0,18,4,1,1,0,3,1,0,10,1,1,1,0,0,0,5,0,0,0,0
0,15,4,0,1,0,3,0,0,2,1,1,1,0,0,1,5,4,0,2,1
0,15,4,1,1,0,3,0,0,2,1,1,1,7,0,0,5,0,0,0,1
5,15,4,0,1,0,3,0,0,2,1,1,1,7,0,1,0,6,2,6,1
11,19,0,0,1,0,3,0,0,0,1,1,1,7,2,0,5,0,0,0,0
8,19,4,0,1,0,1,0,0,2,1,1,1,0,0,5,0,7,4,9,1
4,18,0,1,1,0,3,0,0,2,1,1,1,7,0,1,0,3,4,5,1
15,22,0,0,1,0,3,0,0,15,1,1,1,1,2,0,5,0,0,0,1
15,21,0,1,1,0,3,2,0,0,1,1,1,0,2,3,0,6,3,12,1
3,15,4,1,1,0,3,3,0,3,1,1,1,0,0,1,0,2,2,6,1
2,15,4,1,1,0,3,1,0,0,1,1,1,0,0,1,0,1,2,3,1
3,18,4,1,1,0,3,0,0,11,1,1,1,0,0,0,5,0,0,4,1
14,10,4,0,1,0,0,0,0,16,1,1,1,4,2,5,3,8,3,10,1
8,15,0,1,1,0,3,1,0,1,1,1,1,0,0,0,5,0,0,0,1
9,19,4,0,1,0,3,1,0,2,1,1,1,0,0,1,0,5,6,6,1
3,15,0,1,0,0,3,3,0,1,1,1,1,0,0,1,5,0,0,4,0
6,21,4,0,1,0,3,3,0,5,1,1,1,0,0,1,0,6,3,8,1
7,4,0,0,1,4,3,0,1,0,1,1,1,7,0,3,1,7,0,0,1
14,23,0,0,1,3,3,0,1,1,1,1,1,5,2,7,0,6,8,14,1
4,15,0,1,1,4,3,1,1,0,1,1,1,0,0,6,0,2,6,5,0
6,18,4,0,1,3,3,0,1,5,1,1,1,5,0,6,0,3,4,2,1
10,20,0,1,1,0,3,3,0,0,1,1,1,5,0,1,0,7,10,14,1
14,8,0,0,1,4,3,0,1,16,1,1,1,1,2,1,0,6,4,7,1
6,18,0,1,1,4,3,0,1,1,1,1,1,0,0,1,0,6,11,12,1
5,19,4,1,1,0,3,0,0,2,1,1,1,0,0,1,0,5,2,2,1
6,18,4,0,1,0,3,3,0,2,1,1,1,7,0,1,0,6,0,6,1
12,21,4,1,1,0,3,0,0,9,1,1,1,0,2,2,0,6,2,8,0
11,20,4,0,1,0,3,0,0,2,1,1,1,0,2,1,0,6,2,11,0
7,15,4,1,1,0,3,1,0,0,1,1,1,0,0,2,0,7,6,7,1
15,15,4,1,1,4,3,0,1,0,1,1,1,7,2,1,0,6,4,6,1
8,4,4,0,0,4,3,0,1,7,1,0,0,7,0,0,5,0,0,0,1
6,20,4,1,1,0,3,0,0,2,1,1,1,0,0,1,0,4,6,10,1
6,20,4,0,1,4,3,0,1,0,1,1,1,0,0,1,0,6,1,11,0
1,17,4,1,1,0,3,0,0,2,1,1,1,7,0,0,5,0,0,0,1
13,17,0,1,1,0,3,0,0,1,1,1,1,1,2,1,5,3,0,3,1
7,15,4,0,1,0,0,0,0,16,1,1,1,0,0,5,3,8,2,7,0
5,18,4,0,1,0,3,1,0,2,1,1,1,0,0,1,0,4,2,6,1
15,20,0,0,1,3,3,3,1,0,1,1,1,0,2,1,0,7,7,12,1
13,18,0,0,1,0,3,0,0,1,1,1,1,5,2,2,0,2,1,10,1
14,11,0,1,0,4,3,0,1,1,1,1,1,0,2,1,5,0,0,0,1
10,20,0,0,1,4,3,0,1,0,1,1,1,0,0,1,2,6,0,9,1
11,20,0,1,1,0,3,0,0,0,1,1,1,0,2,1,2,4,0,6,1
10,20,2,0,1,0,3,1,0,0,1,1,1,0,0,1,0,6,8,14,1
0,15,4,0,1,0,3,1,0,2,1,1,1,0,0,1,2,4,0,6,1
2,17,4,1,1,0,3,0,0,2,1,1,1,7,0,1,0,4,6,5,1
14,12,4,0,0,0,3,0,0,0,1,1,0,0,2,1,2,0,0,4,1
15,22,0,1,1,0,3,0,0,1,1,1,1,0,2,1,0,6,8,12,1
1,18,4,0,1,0,3,3,0,2,1,1,1,5,0,1,0,3,10,3,1
0,15,4,1,1,0,3,0,0,2,1,1,1,5,0,0,5,0,0,0,1
5,20,0,1,1,0,3,0,0,1,1,1,1,0,0,0,5,0,0,0,1
11,15,4,1,1,4,3,0,1,11,1,1,1,2,2,1,0,4,7,5,1
8,19,4,0,1,0,3,0,0,0,1,1,1,0,0,1,0,7,11,11,0
8,16,0,0,1,0,3,0,0,1,1,1,1,0,0,9,2,0,0,0,0
2,17,4,0,1,0,3,0,0,0,1,1,1,0,0,1,2,6,0,6,1
12,18,4,1,1,0,3,0,0,0,1,1,1,1,2,1,0,2,2,4,1
10,18,4,0,1,0,3,0,0,5,1,1,1,7,0,1,0,6,6,10,1
5,14,4,0,1,0,3,3,0,12,1,1,1,0,0,1,0,8,8,5,1
14,20,0,1,1,0,3,1,0,1,1,1,1,0,2,6,5,0,0,0,1
5,18,4,1,1,0,3,0,0,2,1,1,1,0,0,0,5,0,0,0,1
5,20,4,0,1,2,3,3,0,2,1,1,1,8,0,1,0,5,4,9,1
3,16,0,0,1,0,3,3,0,1,1,1,1,0,0,0,5,0,0,0,1
11,15,0,0,1,3,1,1,1,0,1,1,1,8,2,4,0,6,11,12,0
15,19,3,0,1,0,3,3,0,0,1,1,1,0,2,1,0,6,10,6,0
9,20,4,1,1,0,3,0,0,0,1,1,1,0,0,1,0,7,11,9,0
5,20,4,1,0,0,3,1,0,2,1,1,0,0,0,1,5,2,0,3,0
1,13,4,0,1,0,3,0,0,15,1,1,1,7,0,1,5,6,0,2,0
14,20,0,0,1,0,3,0,0,0,1,1,1,1,2,6,5,6,0,14,1
8,4,0,1,1,4,3,1,1,0,1,1,1,0,0,3,1,7,0,12,1
10,12,0,1,1,4,3,0,1,1,1,1,1,7,0,1,2,0,0,0,1
5,19,4,0,1,0,3,0,0,2,1,1,1,7,0,1,0,3,4,3,1
3,18,4,0,1,0,3,0,0,2,1,1,1,0,0,9,2,0,0,0,1
8,18,4,0,1,0,3,1,0,2,1,1,1,0,0,1,0,6,3,8,1
2,18,4,1,1,0,3,1,0,2,1,1,1,7,0,1,0,6,4,9,1
0,18,4,1,1,0,3,0,0,8,1,1,1,0,0,1,0,2,5,1,1
14,20,0,0,1,0,3,1,0,0,1,1,1,0,2,1,0,6,0,14,1
10,15,4,1,1,0,3,1,0,0,1,1,1,8,0,1,0,6,3,6,1
5,18,0,1,1,0,3,0,0,0,1,1,1,0,0,1,0,2,2,3,1
3,17,4,0,1,0,3,3,0,2,1,1,1,8,0,1,0,8,6,10,1
9,18,4,0,1,3,3,0,1,0,1,1,1,7,0,7,0,7,8,9,1
4,20,4,0,1,0,3,1,0,2,1,1,1,0,0,1,0,7,5,12,1
15,18,3,1,1,0,3,3,0,0,1,1,1,0,2,1,0,7,4,12,1
1,18,4,0,1,0,3,1,0,2,1,1,1,8,0,1,0,2,3,2,1
12,15,4,0,1,0,3,0,0,2,1,1,1,0,2,1,0,4,11,6,0
5,19,4,1,1,0,3,0,0,11,1,1,1,8,0,1,5,0,0,0,1
15,21,0,1,1,0,3,1,0,1,1,1,1,0,2,2,0,5,2,8,1
0,15,4,1,1,0,3,3,0,2,1,1,1,7,0,1,0,2,1,4,1
1,18,4,1,1,0,3,1,0,9,1,1,1,0,0,1,2,6,0,5,1
15,19,4,0,1,0,3,0,0,0,1,1,1,0,2,1,0,6,3,13,1
15,15,0,0,0,3,3,0,1,0,1,1,0,5,2,0,5,0,0,4,1
13,15,4,0,1,0,3,3,0,0,1,1,1,0,2,1,0,6,2,10,0
6,17,4,0,1,0,3,1,0,2,1,1,1,8,0,8,5,0,0,0,1
12,18,4,1,1,0,3,1,0,2,1,1,1,0,2,1,0,6,2,11,1
2,18,4,1,0,0,3,0,0,2,1,1,1,5,0,1,0,2,2,5,1
10,19,0,1,1,0,3,3,0,1,1,1,1,0,0,7,0,4,5,8,1
14,15,0,0,1,3,3,3,1,1,1,1,1,0,2,1,0,8,3,12,1
6,20,4,0,1,0,3,1,0,2,1,1,1,0,0,1,0,6,1,13,1
10,21,0,0,1,4,3,0,1,0,1,1,1,5,0,3,0,6,8,14,1
2,15,4,0,1,3,3,0,1,9,1,1,1,0,0,1,0,6,3,7,1
10,20,4,1,0,0,3,0,0,12,1,1,0,2,0,1,0,6,7,13,1
2,15,4,1,0,0,3,0,0,2,1,1,1,7,0,1,0,1,4,2,1
9,15,0,1,0,0,3,3,0,1,1,0,1,0,0,9,2,0,0,13,1
1,18,4,0,1,0,3,0,0,2,1,1,1,7,0,1,0,6,2,10,1
2,15,4,0,1,0,3,3,0,12,1,1,1,7,0,1,0,3,4,5,0
6,18,4,1,1,0,3,0,0,0,1,1,1,8,0,5,0,6,9,11,1
13,18,0,0,1,0,1,1,0,1,1,1,1,0,2,5,0,6,4,11,0
4,20,4,1,1,0,3,1,0,2,1,1,1,0,0,6,0,1,0,2,1
10,17,0,1,1,4,3,0,1,0,1,1,1,2,0,6,5,0,0,0,1
11,20,4,1,1,0,3,1,0,2,1,1,1,5,2,1,0,6,5,11,1
5,17,4,0,1,0,3,3,0,2,1,1,1,0,0,1,0,6,11,8,1
13,19,0,0,1,0,3,3,0,0,1,1,1,0,2,1,5,6,0,3,1
14,20,4,1,1,3,3,0,1,9,1,1,1,5,0,2,0,2,5,8,1
0,13,4,1,1,0,3,1,0,2,1,1,1,8,0,1,5,0,0,0,1
5,15,0,0,1,0,3,0,0,0,1,1,1,7,0,1,0,6,8,6,1
3,20,4,1,1,0,3,1,0,0,1,1,1,0,0,1,0,2,3,4,0
7,20,4,0,1,2,3,1,0,0,1,1,1,0,0,1,0,6,3,12,0
12,13,0,0,1,0,3,0,0,0,1,1,1,7,2,6,5,0,0,0,0
13,15,4,0,1,0,3,1,0,0,1,1,1,0,2,1,0,8,6,11,1
12,19,0,1,1,0,3,0,0,2,1,1,1,0,2,0,5,0,0,0,1
5,17,4,0,1,0,3,0,0,15,1,1,1,0,0,4,5,6,0,2,0
5,20,0,0,1,4,3,1,1,0,1,1,1,8,0,1,0,6,10,13,0
0,18,4,1,1,0,3,0,0,2,1,1,1,5,0,1,2,1,0,4,1
9,17,0,0,1,0,3,0,0,1,1,1,1,0,0,3,0,6,3,10,1
8,1,4,1,1,4,3,3,1,2,1,1,1,5,0,0,5,0,0,0,0
5,18,4,1,1,0,3,0,0,2,1,1,1,0,0,2,0,4,4,4,1
15,9,3,0,1,0,3,0,1,9,1,1,1,1,2,6,0,1,1,4,0
14,20,0,0,1,0,3,0,0,1,1,1,1,0,2,1,0,7,4,13,1
3,19,4,1,1,0,3,0,0,2,1,1,1,7,0,0,5,0,0,0,1
11,18,4,1,1,0,3,0,0,2,1,1,1,7,2,0,5,0,0,0,1
9,20,4,0,1,4,3,3,1,11,1,1,1,5,0,1,0,8,3,10,0
15,18,0,1,1,0,3,0,0,1,1,1,1,0,2,1,5,0,0,0,1
13,12,0,1,1,2,3,3,0,1,1,1,1,8,2,1,1,0,0,0,1
10,15,0,0,1,0,3,0,0,0,1,1,1,0,0,1,2,0,0,0,1
3,20,4,0,1,0,3,0,0,2,1,1,1,0,0,0,5,0,0,0,0
12,14,0,1,1,4,3,0,1,0,1,1,1,7,2,1,0,6,8,12,0
9,16,0,0,1,0,3,0,1,0,1,1,1,0,0,1,0,7,4,12,0
10,18,4,0,1,0,3,0,0,11,1,1,1,1,0,1,0,3,3,10,0
1,15,4,1,1,0,3,1,0,2,1,1,1,7,0,1,0,6,4,7,1
1,18,4,0,1,0,3,3,0,16,1,1,1,1,0,0,5,0,0,0,0
8,18,4,0,1,0,0,0,0,0,1,1,1,0,0,5,3,3,9,7,1
4,18,4,0,1,0,3,0,0,2,1,1,1,0,0,1,0,4,4,8,1
9,20,4,0,1,4,3,0,1,12,1,1,1,7,0,1,0,8,6,13,0
3,15,4,1,1,3,3,0,1,2,1,1,1,5,0,0,5,0,0,2,0
11,20,0,0,1,0,3,3,0,1,1,1,1,0,2,1,5,1,0,1,1
11,18,0,1,1,3,3,0,1,0,1,1,1,5,2,1,0,6,6,12,1
9,17,4,1,1,0,3,0,0,2,1,1,1,2,0,6,0,6,6,11,1
6,21,4,1,1,0,3,1,0,2,1,1,1,0,0,1,0,5,2,8,1
8,15,4,1,1,0,3,0,0,2,1,1,1,0,0,1,1,1,0,1,1
6,15,4,1,1,0,3,3,0,5,1,1,1,8,0,1,0,6,6,8,1
12,20,4,1,1,0,3,0,0,2,1,1,1,0,2,4,0,6,8,5,1
2,18,4,0,1,0,3,1,0,16,1,1,1,5,0,1,5,2,0,3,0
8,18,4,0,1,0,3,3,0,5,1,1,1,0,0,1,0,9,2,6,1
1,18,4,0,1,4,3,0,1,2,1,1,1,5,0,0,5,0,0,0,1
12,17,0,0,1,0,3,1,0,0,1,1,1,0,2,1,0,6,3,10,1
3,15,4,1,1,0,3,1,0,16,1,1,1,0,0,1,1,6,0,5,0
4,20,0,1,1,0,3,1,0,0,1,1,1,0,0,1,0,6,6,6,1
6,18,4,0,0,0,1,0,0,0,1,0,1,0,0,1,0,6,11,12,1
0,18,4,0,1,0,3,3,0,2,1,1,1,0,0,1,0,2,2,4,1
5,17,4,0,1,0,3,0,0,2,1,1,1,0,0,1,0,6,6,6,1
14,19,0,0,1,0,3,0,0,0,1,1,1,5,2,1,0,6,4,9,1
3,20,4,1,1,0,3,3,0,2,1,1,1,0,0,1,0,6,1,10,1
15,20,4,0,1,0,3,0,0,11,1,1,1,5,2,1,2,6,0,10,1
9,17,4,1,1,0,3,1,0,11,1,1,1,0,0,1,5,6,0,4,1
7,21,4,0,1,0,3,0,0,2,1,1,1,0,0,1,0,6,5,13,0
6,20,4,1,1,0,3,1,0,0,1,1,1,0,0,1,0,4,5,14,1
3,20,0,0,1,0,3,0,0,1,1,1,1,7,0,1,0,8,10,11,1
10,22,0,1,1,0,3,1,0,1,1,1,1,0,0,7,0,6,2,13,1
5,15,4,0,1,0,3,0,0,2,1,1,1,5,0,0,5,0,0,0,0
7,15,4,1,1,0,3,3,0,2,1,1,1,7,0,1,0,6,5,9,1
1,18,4,1,1,0,3,0,0,2,1,1,1,5,0,1,5,2,0,4,1
0,13,4,1,1,0,3,0,0,2,1,1,1,7,0,1,5,0,0,0,1
14,18,4,0,1,0,3,3,0,14,1,1,1,0,2,1,0,2,2,7,1
10,20,4,1,1,0,3,1,0,0,1,1,1,0,0,1,2,0,0,0,0
10,21,3,0,1,0,3,0,0,0,1,1,1,0,0,1,0,7,4,13,0
14,14,4,0,0,0,3,3,0,14,1,1,0,1,2,1,5,0,0,4,0
0,18,4,0,1,0,3,0,0,14,1,1,1,7,0,1,0,2,2,2,1
9,18,4,0,1,0,3,3,0,2,1,1,1,5,0,1,0,6,5,11,1
12,21,0,0,1,4,3,0,1,1,1,1,1,5,2,1,0,6,3,9,1
12,20,4,0,1,0,3,0,0,2,1,1,1,0,2,1,0,9,11,14,1
0,17,4,0,1,4,3,0,1,2,1,1,1,5,0,1,2,1,0,3,1
4,20,0,1,1,0,3,0,0,16,1,1,1,0,0,1,5,9,0,0,0
3,15,4,1,1,0,3,0,0,2,1,1,1,0,0,1,0,6,2,5,1
15,20,4,1,1,0,3,0,0,2,1,1,1,1,2,1,0,2,11,4,1
5,20,4,0,1,4,3,0,1,9,1,1,1,5,0,1,0,6,10,10,1
1,18,4,0,1,0,3,1,0,2,1,1,1,0,0,2,5,1,0,2,1
8,15,4,1,1,4,3,0,1,2,1,1,1,0,0,1,0,6,3,7,1
2,15,4,1,0,0,3,3,0,13,1,1,0,8,0,2,2,0,0,0,0
10,21,0,1,1,0,3,2,0,1,1,1,1,0,0,2,0,6,3,11,1
0,17,4,1,1,0,3,0,0,7,1,1,1,8,0,1,5,2,0,4,1
6,15,0,1,1,4,3,0,1,1,1,1,1,0,0,1,5,0,0,0,1
6,20,4,1,1,0,3,1,0,12,1,1,1,7,0,1,0,7,3,11,1
15,22,0,0,1,0,3,1,0,1,1,1,1,0,2,2,0,6,6,14,1
9,19,0,0,1,4,3,0,1,0,1,1,1,5,0,1,0,6,4,10,0
9,15,4,0,1,0,3,0,0,12,1,1,1,0,0,4,5,6,0,6,1
1,18,4,1,0,0,3,0,0,4,0,1,0,0,0,1,0,1,8,9,0
10,15,0,1,1,0,3,3,0,2,1,1,1,0,0,1,0,3,5,3,1
0,13,4,0,1,4,3,0,1,16,1,1,1,5,0,6,5,2,0,2,1
8,17,0,0,1,0,3,3,0,1,1,1,1,0,0,1,0,6,2,12,1
1,18,4,0,1,0,3,0,0,2,1,1,1,0,0,3,0,1,3,2,1
9,20,4,0,1,0,3,0,0,5,1,1,1,0,0,1,2,6,0,5,1
9,19,0,0,1,3,3,0,1,1,1,1,1,7,0,1,0,7,7,13,1
9,18,4,1,1,0,3,0,0,0,1,1,1,1,0,1,0,3,8,11,1
13,18,4,0,1,0,3,3,0,2,1,1,1,0,2,2,0,6,11,13,1
10,15,0,1,1,3,3,0,1,1,1,1,1,7,0,1,0,6,2,10,1
2,19,4,1,1,0,3,3,0,2,1,1,1,0,0,1,0,3,5,2,0
14,22,4,0,1,4,3,0,1,0,1,1,1,5,0,2,0,6,8,14,0
7,19,4,1,1,0,3,1,0,2,1,1,1,0,0,1,0,6,5,6,1
11,18,4,1,1,0,3,1,0,2,1,1,1,8,2,1,0,1,3,3,1
7,16,4,1,1,0,3,0,0,2,1,1,1,5,0,1,0,6,10,10,1
4,19,4,1,1,0,3,3,0,2,1,1,1,0,0,1,0,3,4,3,1
10,20,0,1,1,4,3,0,1,1,1,1,1,5,0,1,0,8,11,14,1
7,14,4,1,1,0,3,3,0,12,1,1,1,8,0,1,0,6,10,8,1
4,15,4,0,1,4,3,0,1,0,1,1,1,7,0,1,2,0,0,0,0
10,21,0,1,1,4,3,0,1,0,1,1,1,5,0,4,0,6,6,14,1
9,18,4,0,1,0,3,0,0,2,1,1,1,1,0,1,0,6,8,8,1
9,20,0,0,1,0,3,0,0,1,1,1,1,0,0,1,0,7,4,12,1
12,15,4,0,1,0,3,3,0,2,1,1,1,8,2,3,0,6,4,6,1
14,14,4,0,1,0,3,3,0,2,1,1,1,0,2,1,0,6,2,6,1
6,17,4,0,1,0,2,1,0,2,1,1,1,0,0,4,0,1,3,5,1
1,18,4,1,1,0,3,0,0,2,1,1,1,7,0,1,5,2,0,4,1
5,11,4,0,1,0,3,2,0,11,1,1,1,0,0,1,0,9,1,2,1
11,20,4,1,1,0,3,0,0,12,1,1,1,0,2,1,0,6,7,12,1
3,15,4,1,1,0,3,3,0,11,1,1,1,0,0,1,0,6,10,10,0
0,19,4,0,0,0,3,1,0,16,1,1,0,0,0,1,5,0,0,0,1
5,20,4,1,1,0,3,3,0,0,1,1,1,7,0,2,0,6,2,11,1
13,18,0,1,1,0,3,3,0,0,1,1,1,7,2,3,0,2,3,5,1
12,20,4,0,0,0,3,0,0,3,1,1,0,1,2,1,0,9,4,13,1
12,15,0,1,1,0,3,0,0,8,1,1,1,0,2,4,0,6,1,3,1
3,15,4,0,1,0,3,0,0,9,1,1,1,0,0,1,0,6,10,8,1
5,19,0,1,1,0,3,0,0,1,1,1,1,1,0,5,5,6,0,2,1
2,18,4,1,1,3,3,0,1,16,1,1,1,5,0,0,5,0,0,3,1
11,20,0,0,1,0,3,1,0,0,1,1,1,0,2,1,0,7,3,13,1
2,18,4,1,1,0,3,0,0,2,1,1,1,7,0,0,5,0,0,4,1
10,17,2,1,1,0,3,0,0,2,1,1,1,1,0,3,0,6,6,6,1
11,20,4,0,1,0,3,1,0,11,1,1,1,8,2,1,0,8,10,13,0
1,18,4,1,1,0,3,1,0,2,1,1,1,0,0,1,5,1,0,1,1
4,15,0,0,1,0,3,1,0,4,1,1,1,0,0,1,0,9,10,7,1
6,20,4,0,1,4,3,0,1,0,1,1,1,7,0,1,0,8,9,14,1
11,19,4,0,1,0,0,3,0,16,1,1,1,0,2,5,3,9,5,7,0
5,17,4,0,1,0,3,0,0,2,1,1,1,0,0,1,0,3,5,5,1
14,20,4,1,1,0,3,3,0,0,1,1,1,0,2,1,0,6,6,11,1
4,20,4,0,0,0,3,0,0,3,1,1,0,0,0,1,0,4,7,5,1
3,20,4,1,1,0,3,3,0,9,1,1,1,0,0,1,0,6,5,8,0
6,19,4,1,1,0,3,1,0,0,1,1,1,0,0,4,5,0,0,0,1
3,18,4,0,1,4,3,0,1,2,1,1,1,1,0,1,0,3,1,9,1
3,20,4,0,1,0,3,1,0,2,1,1,1,0,0,1,1,2,0,2,1
0,15,4,1,1,0,3,1,0,0,1,1,1,0,0,1,2,1,0,3,1
15,20,0,0,1,0,3,0,0,0,1,1,1,0,2,1,0,6,5,9,1
8,15,0,0,1,0,1,0,0,0,1,1,1,0,0,5,5,0,0,0,1
15,21,0,1,1,3,3,0,1,0,1,1,1,5,2,1,1,4,0,14,1
12,21,0,0,1,4,3,0,1,1,1,1,1,0,2,1,0,6,5,9,0
9,19,4,1,0,0,3,3,0,13,1,1,0,8,0,2,0,2,2,6,1
1,18,4,0,1,0,3,0,0,7,1,1,1,2,0,0,5,0,0,0,1
15,18,0,0,0,0,3,1,0,15,1,1,0,7,2,0,5,0,0,0,0
3,19,4,1,1,0,3,3,0,2,1,1,1,0,0,1,0,6,5,5,1
9,14,0,0,1,4,3,0,1,0,1,1,1,0,0,0,5,0,0,0,1
2,16,4,0,1,0,3,3,0,0,1,1,1,0,0,1,0,7,6,10,1
8,1,4,1,1,4,3,3,1,11,1,1,1,5,0,0,5,0,0,0,1
9,18,4,1,1,0,3,0,0,2,1,1,1,0,0,1,5,0,0,8,1
10,20,4,0,1,0,3,0,0,0,1,1,1,0,0,7,0,9,4,14,1
3,20,4,1,1,0,3,0,0,2,1,1,1,0,0,1,0,6,3,6,1
10,18,4,1,1,0,1,0,0,0,1,1,1,0,0,1,0,8,7,9,1
8,0,4,0,1,4,3,0,1,9,1,1,1,5,0,1,0,8,3,8,1
3,14,4,1,1,4,3,0,1,12,1,1,1,7,0,1,5,6,0,4,0
1,18,4,1,1,0,3,0,0,2,1,1,1,0,0,9,2,0,0,0,1
7,15,4,1,1,0,3,1,0,12,1,1,1,1,0,1,0,9,2,8,1
10,1,4,0,0,0,3,3,0,15,0,0,0,0,0,0,5,0,0,2,0
4,15,4,1,1,4,3,0,1,0,1,1,1,7,0,1,0,6,4,5,0
10,20,4,0,1,0,3,1,0,0,1,1,1,0,0,1,5,5,0,7,1
10,21,4,1,1,3,3,0,1,0,1,1,1,5,0,1,0,6,8,14,1
14,8,0,0,1,0,2,0,0,2,1,1,1,0,2,1,1,4,4,5,1
2,14,4,0,0,4,3,0,1,9,1,1,0,5,0,0,5,0,0,0,1
4,12,4,0,1,4,3,0,1,0,1,1,1,0,0,0,5,0,0,4,1
15,20,0,0,1,0,3,3,0,0,1,1,1,7,2,1,0,9,10,12,1
9,15,4,0,1,0,3,1,0,0,1,1,1,0,0,1,0,8,8,6,1
8,18,0,1,1,0,3,0,0,0,1,1,1,0,0,0,5,0,0,0,1
7,18,4,0,1,0,3,0,0,2,1,1,1,0,0,0,5,0,0,0,1
0,18,4,1,1,0,3,3,0,2,1,1,1,0,0,1,0,2,3,3,1
12,18,0,0,1,0,3,1,0,0,1,1,1,0,2,1,0,6,6,6,1
6,20,4,1,1,0,3,0,0,14,1,1,1,0,0,1,0,6,6,12,1
11,23,0,1,1,4,3,3,1,8,1,1,1,5,2,4,0,1,6,7,1
4,20,4,1,1,0,3,1,0,2,1,1,1,1,0,1,2,6,0,3,1
13,23,0,0,1,3,3,0,1,0,1,1,1,5,2,7,0,6,7,13,1
15,18,0,1,1,0,3,1,0,1,1,1,1,0,2,1,0,3,4,6,1
6,20,4,1,1,3,3,0,1,5,1,1,1,5,0,1,0,6,4,10,1
6,14,4,1,1,0,3,0,0,12,1,1,1,0,0,1,0,1,2,5,0
7,15,4,0,1,0,3,3,0,10,1,1,1,1,0,1,0,8,11,4,0
2,18,4,0,1,4,3,0,1,9,1,1,1,7,0,1,0,6,3,2,1
0,17,4,1,1,0,3,3,0,2,1,1,1,8,0,1,5,6,0,4,1
13,15,4,0,1,0,3,0,0,15,1,1,1,1,2,0,5,0,0,0,1
4,19,4,1,1,0,3,0,0,2,1,1,1,1,0,1,0,6,10,7,1
3,15,4,1,1,4,3,0,1,7,1,1,1,0,0,1,0,6,4,4,1
10,20,0,1,1,0,3,1,0,1,1,1,1,0,0,1,0,6,8,13,1
1,18,4,0,1,0,3,0,0,2,1,1,1,0,0,1,2,2,0,5,1
14,15,4,0,1,0,1,0,0,0,1,1,1,0,2,1,0,7,11,5,1
4,17,4,1,1,0,3,0,0,9,1,1,1,0,0,0,5,0,0,0,1
13,15,0,0,1,0,0,0,0,0,1,1,1,0,2,5,0,8,6,12,1
10,12,2,0,1,0,3,0,0,0,1,1,1,0,0,1,0,6,4,9,1
9,18,0,1,1,0,3,0,0,0,1,1,1,0,0,1,0,6,11,5,0
8,20,0,1,1,0,3,0,0,0,1,1,1,0,0,1,0,6,7,13,1
13,19,4,1,1,0,3,1,0,0,1,1,1,0,2,3,0,6,2,13,0
12,20,0,1,1,1,3,3,1,9,1,1,1,0,2,2,0,5,1,6,1
15,18,0,1,1,0,3,2,0,0,1,1,1,0,2,1,5,2,0,2,0
5,15,4,0,1,0,3,0,0,2,1,1,1,0,0,1,0,3,4,4,1
11,18,4,1,1,0,3,3,0,2,1,1,1,0,2,0,5,0,0,0,1
0,17,4,0,1,0,3,0,0,15,1,1,1,0,0,1,5,3,0,1,0
5,20,4,1,1,3,3,0,1,2,1,1,1,5,0,0,5,0,0,0,1
6,17,4,0,1,0,3,3,0,5,1,1,1,0,0,2,2,3,0,5,0
9,18,4,0,1,0,3,1,0,0,1,1,1,0,0,1,0,9,11,14,0
13,15,0,0,1,0,3,0,0,0,1,1,1,0,2,6,0,6,6,11,1
13,21,0,0,1,2,3,1,0,0,1,1,1,0,2,1,0,2,9,14,0
11,17,4,0,1,0,3,0,0,2,1,1,1,0,2,1,0,6,11,4,1
3,20,4,1,1,0,3,1,0,0,1,1,1,0,0,1,5,0,0,0,0
13,12,2,0,1,0,3,0,0,5,1,1,1,5,2,1,2,0,0,5,1
4,15,4,0,1,3,3,3,1,10,1,1,1,8,0,1,0,6,1,4,0
8,18,4,1,1,0,3,1,0,2,1,1,1,0,0,1,0,7,4,7,1
3,13,4,0,1,0,3,0,0,15,1,1,1,1,0,0,5,0,0,0,1
4,12,4,0,1,0,3,0,0,7,1,1,1,1,0,1,0,6,11,4,1
12,17,4,0,1,0,3,0,0,0,1,1,1,0,2,1,0,6,1,10,1
8,20,4,0,1,0,3,1,0,2,1,1,1,0,0,1,0,3,2,5,1
6,14,4,0,1,0,3,0,0,14,1,1,1,0,0,1,0,6,8,8,1
11,21,4,0,1,4,3,0,1,0,1,1,1,5,2,1,0,1,0,4,0
10,18,4,1,1,0,3,3,0,10,1,1,1,1,0,1,0,6,11,3,1
5,17,4,1,1,0,3,0,0,2,1,1,1,1,0,2,5,1,0,1,0
10,20,0,0,1,0,1,0,0,1,1,1,1,0,0,5,0,9,3,10,1
12,20,4,0,1,4,3,0,1,0,1,1,1,5,2,1,0,4,7,13,0
12,20,4,1,1,0,3,1,0,2,1,1,1,0,2,1,0,6,4,10,1
0,17,4,0,1,0,3,0,0,2,1,1,1,7,0,1,0,6,1,6,1
12,20,0,1,1,0,3,0,0,1,1,1,1,0,2,1,0,6,10,8,1
5,17,4,0,1,0,3,1,0,2,1,1,1,0,0,1,0,6,2,11,1
7,20,4,0,1,4,3,0,1,0,1,1,1,0,0,1,0,6,4,13,1
9,20,0,1,1,0,3,1,0,0,1,1,1,0,0,1,0,7,1,13,1
10,16,4,0,1,4,3,0,1,15,1,1,1,7,0,0,5,0,0,0,1
14,16,4,1,0,0,3,3,0,0,1,1,1,4,2,1,0,5,4,4,1
2,18,4,0,1,0,3,0,0,2,1,1,1,1,0,1,2,3,0,4,1
12,15,0,0,1,0,3,0,0,8,1,1,1,0,2,1,0,6,3,8,1
9,20,4,1,1,0,3,1,0,0,1,1,1,7,0,1,0,7,8,11,1
4,15,4,1,1,4,3,0,1,2,1,1,1,7,0,0,5,0,0,0,1
10,15,0,1,1,4,3,0,1,0,1,1,1,0,0,4,0,6,4,10,1
7,19,4,0,1,0,3,3,0,0,1,1,1,5,0,1,0,6,7,8,1
15,15,4,0,1,0,3,3,0,9,1,1,1,7,2,1,0,6,8,10,1
13,20,0,1,1,0,3,1,0,0,1,1,1,0,2,1,0,6,3,12,1
10,20,0,1,1,3,1,1,1,1,1,1,1,0,0,5,3,3,2,8,1
2,19,0,1,1,3,3,1,1,0,1,1,1,0,0,1,5,0,0,0,0
0,18,4,0,0,0,3,3,0,14,1,1,1,5,0,0,5,0,0,0,0
7,15,4,1,1,0,3,0,0,2,1,1,1,0,0,1,0,4,1,4,1
0,18,4,1,1,0,3,0,0,1,1,1,1,0,0,2,0,3,8,4,1
14,0,4,1,1,0,3,1,0,12,1,1,1,0,2,0,5,0,0,6,1
6,20,4,0,1,3,3,0,1,14,1,1,1,5,0,7,0,6,8,10,0
8,15,4,0,1,0,3,0,0,0,1,1,1,7,0,2,0,6,1,10,1
2,0,4,0,1,0,3,3,0,2,1,1,1,0,0,1,0,6,4,11,1
3,19,4,1,1,0,3,0,0,2,1,1,1,7,0,0,5,0,0,0,1
8,19,3,1,1,0,3,0,0,2,1,1,1,0,0,1,0,6,6,4,1
8,15,4,1,0,0,3,3,0,2,1,1,1,2,0,1,5,0,0,0,1
8,18,4,1,1,0,3,0,0,0,1,1,1,7,0,0,5,0,0,0,1
12,14,0,1,1,4,3,0,1,11,1,1,1,7,2,1,0,6,8,5,1
10,18,4,0,0,0,3,1,0,0,1,1,0,7,0,1,2,0,0,0,1
2,16,4,0,1,0,3,2,0,0,1,1,1,0,0,1,5,1,0,1,0
9,18,0,1,1,0,3,1,0,0,1,1,1,0,0,1,0,2,9,6,1
6,15,4,1,1,0,3,0,0,2,1,1,1,0,0,0,5,0,0,0,1
13,20,0,1,1,0,3,1,0,0,1,1,1,8,2,1,0,6,6,13,1
5,20,4,1,1,0,3,0,0,2,1,1,1,5,0,1,0,6,8,11,1
2,15,4,1,1,0,3,1,0,0,1,1,1,0,0,3,0,6,3,6,0
4,15,4,1,1,0,3,3,0,2,1,1,1,0,0,1,0,4,8,5,1
0,17,4,1,1,0,3,0,0,4,1,1,1,0,0,1,0,4,8,1,1
6,15,4,0,1,0,3,0,0,2,1,1,1,1,0,1,0,6,6,7,1
3,20,4,1,1,0,3,0,0,2,1,1,1,5,0,1,1,6,0,9,1
5,15,4,1,1,0,3,3,0,2,1,1,1,7,0,1,0,5,6,6,1
3,17,4,0,1,4,3,0,1,2,1,1,1,5,0,1,0,6,3,2,1
12,15,4,1,1,0,3,0,0,11,1,1,1,0,2,4,0,6,10,11,1
13,18,0,1,1,0,3,0,0,0,1,1,1,0,2,3,0,1,4,6,1
3,18,4,0,1,0,3,1,0,2,1,1,1,0,0,1,0,6,1,11,1
14,15,0,1,1,0,3,1,0,1,1,1,1,0,2,1,2,0,0,0,0
15,20,0,1,1,3,3,0,1,0,1,1,1,5,2,1,0,4,3,14,1
12,15,0,1,1,0,3,0,0,1,1,1,1,7,2,1,5,0,0,0,1
10,0,4,0,1,4,3,3,1,0,1,1,1,0,0,1,1,6,0,9,0
5,15,4,1,1,4,3,3,1,2,1,1,1,5,0,1,0,6,11,5,1
13,18,4,1,1,0,3,0,0,7,1,1,1,0,2,1,5,0,0,6,1
15,20,0,1,1,4,3,0,1,1,1,1,1,5,2,1,0,6,7,10,1
14,15,0,1,1,4,3,0,1,1,1,1,1,5,2,1,1,3,0,2,1
12,14,0,1,1,4,3,0,1,0,1,1,1,8,2,1,0,2,1,5,1
10,20,4,0,1,0,3,1,0,0,1,1,1,5,0,1,0,5,3,14,1
11,20,4,0,1,0,3,0,0,2,1,1,1,0,2,7,2,6,0,8,1
8,20,0,0,1,0,3,1,0,1,1,1,1,0,0,1,0,6,3,11,1
2,18,4,0,1,0,3,1,0,2,1,1,1,0,0,1,0,7,8,12,1
2,12,4,0,1,0,3,0,0,15,1,1,1,1,0,0,5,0,0,0,0
14,15,4,0,1,3,3,0,1,0,1,1,1,5,2,1,5,0,0,1,1
2,18,4,1,1,0,3,0,0,2,1,1,1,0,0,9,2,0,0,0,1
8,21,4,1,1,4,3,0,1,5,1,1,1,5,0,0,5,0,0,0,1
0,18,4,0,1,0,3,2,0,16,1,1,1,0,0,3,0,2,1,4,0
7,11,4,1,1,4,3,0,1,0,1,1,1,0,0,1,0,3,3,6,0
5,18,4,1,1,0,3,3,0,2,1,1,1,0,0,4,2,1,0,5,1
12,20,0,1,1,0,3,0,0,0,1,1,1,0,2,2,0,9,6,12,1
3,18,4,1,0,1,3,3,1,7,1,0,0,1,0,9,2,5,0,0,1
3,15,4,1,1,0,3,3,0,2,1,1,1,8,0,1,0,6,2,4,1
3,16,1,0,1,0,0,1,0,0,1,1,1,6,0,5,3,9,1,9,0
7,15,4,0,1,0,3,0,0,2,1,1,1,0,0,1,0,6,5,10,1
8,15,4,0,1,0,3,1,0,7,1,1,1,0,0,1,0,8,8,12,0
1,18,4,0,1,0,3,0,0,11,1,1,1,5,0,0,5,0,0,0,0
9,21,4,0,1,0,3,3,0,2,1,1,1,0,0,1,0,5,0,8,1
2,19,4,1,1,0,3,1,0,2,1,1,1,0,0,3,0,3,10,4,1
2,15,4,1,1,0,3,0,0,16,1,1,1,1,0,9,2,0,0,0,1
15,15,4,0,0,0,3,3,0,16,1,1,0,1,2,0,5,0,0,5,0
11,18,0,0,1,0,3,0,0,1,1,1,1,0,2,1,0,6,10,10,1
15,19,0,0,1,0,3,1,0,0,1,1,1,0,2,1,0,9,11,14,1
9,21,0,1,1,4,3,0,1,1,1,1,1,1,0,1,0,6,5,4,1
6,15,4,0,1,3,3,0,1,2,1,1,1,0,0,1,5,0,0,0,0
9,17,4,1,1,0,3,3,0,0,1,1,1,0,0,3,0,3,4,11,1
5,18,4,0,1,0,3,1,0,12,1,1,1,0,0,1,2,0,0,0,1
9,20,0,1,1,0,3,1,0,0,1,1,1,0,0,3,1,6,0,12,1
9,20,4,0,1,0,1,1,0,0,1,1,1,0,0,1,0,6,11,14,0
11,18,4,1,1,0,3,1,0,2,1,1,1,0,2,1,0,4,4,6,1
10,20,4,1,1,0,3,3,0,3,1,1,1,0,0,1,0,4,7,13,1
12,20,0,0,1,0,3,1,0,0,1,1,1,0,2,1,0,6,5,11,0
10,20,4,1,1,0,3,3,0,11,1,1,1,5,0,4,2,0,0,0,0
11,18,0,1,1,4,3,0,1,0,1,1,1,7,2,1,5,6,0,7,1
15,20,0,0,1,3,3,0,1,0,1,1,1,0,2,3,0,6,2,13,1
4,20,4,1,1,0,3,1,0,4,1,1,1,2,0,6,0,6,6,6,1
5,20,4,0,1,0,3,0,0,2,1,1,1,5,0,1,2,0,0,0,1
1,18,4,1,1,0,3,0,0,2,1,1,1,0,0,3,0,1,3,5,1
0,18,4,0,1,0,3,0,0,2,1,1,1,8,0,0,5,0,0,0,1
6,15,0,1,1,0,3,0,0,1,1,1,1,7,0,1,5,0,0,0,1
13,18,4,0,1,0,3,1,0,0,1,1,1,0,2,1,0,6,3,9,1
7,15,0,1,1,0,3,0,0,0,1,1,1,7,0,2,0,6,4,9,0
6,13,4,0,1,0,3,0,0,2,1,1,1,7,0,1,0,6,4,13,1
12,19,4,1,1,0,3,1,0,2,1,1,1,8,2,1,0,6,10,9,1
7,15,4,1,1,4,3,0,1,0,1,1,1,7,0,1,5,6,0,6,0
2,15,4,1,1,0,3,0,0,2,1,1,1,0,0,1,5,6,0,6,1
9,0,1,1,0,4,3,0,1,14,1,1,0,6,0,0,5,0,0,3,0
4,15,4,0,1,0,3,3,0,2,1,1,1,7,0,1,0,6,7,8,1
0,15,4,1,1,0,3,0,0,2,1,1,1,0,0,1,1,3,0,2,1
11,18,4,0,1,0,3,0,0,2,1,1,1,7,2,1,0,6,8,10,1
4,15,4,1,1,0,3,3,0,3,1,1,1,1,0,0,5,0,0,0,1
2,18,4,0,1,0,3,1,0,2,1,1,1,8,0,5,0,2,9,2,1
6,15,4,1,0,0,3,1,0,3,1,0,1,0,0,1,0,6,2,5,1
4,18,0,0,1,0,3,1,0,16,1,1,1,0,0,3,5,0,0,5,0
10,20,4,0,1,3,1,0,1,0,1,1,1,0,0,5,3,6,10,13,1
8,19,4,0,1,0,3,1,0,7,1,1,1,0,0,1,0,2,6,6,1
10,12,4,0,1,0,3,0,0,0,1,1,1,8,0,5,2,0,0,9,1
8,20,0,1,1,4,3,0,1,9,1,1,1,5,0,3,0,6,11,7,0
5,19,4,1,1,0,3,0,0,2,1,1,1,7,0,1,0,3,6,2,1
15,23,0,1,1,0,3,0,0,1,1,1,1,0,2,1,0,8,11,14,1
12,19,4,0,1,0,3,0,0,2,1,1,1,0,2,1,0,4,2,5,1
12,17,0,1,1,0,3,1,0,1,1,1,1,0,2,1,0,6,4,12,1
9,20,4,1,1,0,3,0,0,2,1,1,1,0,0,1,0,6,8,13,1
11,15,4,0,1,0,0,0,0,16,1,1,1,0,2,5,3,9,1,7,0
12,18,4,0,1,3,3,0,1,2,1,1,1,7,2,1,0,6,11,7,1
9,15,4,0,1,0,3,0,0,4,1,1,1,0,0,1,0,4,4,6,1
6,20,4,1,1,0,3,1,0,5,1,1,1,0,0,1,5,3,0,3,0
11,15,4,1,1,0,3,1,0,10,1,1,1,8,2,1,0,8,3,11,0
8,20,0,1,1,0,3,1,0,0,1,1,1,0,0,6,0,9,3,7,1
3,20,4,0,1,0,3,0,0,5,1,1,1,5,0,1,2,8,0,6,1
15,16,2,0,1,0,3,1,0,12,1,1,1,0,2,1,3,7,0,13,1
8,20,4,1,1,0,3,1,0,12,1,1,1,5,0,3,1,6,0,12,1
1,18,4,1,1,0,3,0,0,11,1,1,1,8,0,1,0,7,3,12,0
12,18,4,1,1,0,3,1,0,12,1,1,1,0,2,1,0,2,4,4,1
9,19,4,0,1,0,3,0,0,11,1,1,1,0,0,1,0,6,6,10,1
7,18,4,0,1,0,3,0,0,16,1,1,1,1,0,1,0,1,1,2,1
4,17,4,0,1,0,3,0,0,0,1,1,1,8,0,6,0,6,6,8,1
14,19,0,1,1,0,3,0,0,0,1,1,1,0,2,4,0,8,4,12,1
2,18,4,1,1,3,3,1,1,0,1,1,1,0,0,1,0,5,8,12,1
3,11,4,0,1,4,3,0,1,0,1,1,1,0,0,1,0,6,1,10,1
12,20,4,1,1,0,3,3,0,11,1,1,1,0,2,2,5,0,0,0,0
9,20,4,1,1,4,3,0,1,2,1,1,1,5,0,1,0,3,4,11,1
6,18,0,1,1,0,3,1,0,1,1,1,1,0,0,1,0,6,2,10,1
10,21,4,0,1,3,3,0,1,2,1,1,1,0,0,1,0,6,1,13,1
6,13,0,0,1,0,3,1,0,8,1,1,1,0,0,1,0,3,4,5,1
5,18,0,1,1,0,3,0,0,0,1,1,1,0,0,2,5,0,0,0,1
4,20,4,1,1,0,3,1,0,9,1,1,1,5,0,1,0,6,11,8,1
14,18,4,1,1,0,3,0,0,9,1,1,1,0,2,1,0,6,5,8,1
13,17,4,1,1,0,3,0,0,0,1,1,1,5,2,1,0,6,6,12,1
13,21,4,0,1,0,3,1,0,0,1,1,1,0,2,1,0,6,4,12,1
10,21,4,0,1,0,3,2,0,11,1,1,1,0,0,1,0,6,3,10,0
3,15,4,1,1,4,3,3,1,11,1,1,1,7,0,1,0,6,6,5,0
14,15,4,0,1,0,3,3,0,9,1,1,1,0,2,1,0,6,11,8,1
8,21,4,1,1,0,3,1,0,2,1,1,1,0,0,1,0,2,4,4,1
3,18,4,1,1,0,3,0,0,0,1,1,1,0,0,1,0,5,2,7,1
9,0,4,0,1,2,3,3,1,0,1,1,1,0,0,6,0,2,4,6,1
4,20,4,1,1,0,3,0,0,2,1,1,1,0,0,1,0,4,3,4,1
11,11,4,1,1,4,3,0,1,0,1,1,1,7,2,1,0,4,1,6,1
0,15,4,1,1,0,3,3,0,2,1,1,1,5,0,1,0,1,6,1,0
11,20,0,1,1,0,3,1,0,0,1,1,1,0,2,6,1,8,0,12,1
2,20,4,1,1,0,3,0,0,2,1,1,1,0,0,1,0,3,10,11,1
6,17,4,0,1,4,3,0,1,2,1,1,1,5,0,1,0,6,11,12,0
15,19,2,1,1,0,3,1,0,0,1,1,1,0,2,3,5,0,0,0,1
5,18,4,1,1,3,1,3,1,10,1,1,1,0,0,1,0,6,7,4,1
12,15,4,0,1,0,3,1,0,0,1,1,1,0,2,1,0,8,4,11,1
5,12,4,0,1,0,3,0,0,0,1,1,1,1,0,1,2,0,0,0,1
5,15,0,1,1,0,3,1,0,1,1,1,1,0,0,1,2,0,0,0,1
15,20,4,1,1,0,3,3,0,2,1,1,1,5,2,2,0,2,0,3,1
3,18,4,1,1,0,3,1,0,11,1,1,1,0,0,1,0,2,1,4,1
12,20,0,0,1,0,3,1,0,0,1,1,1,0,2,6,0,6,3,14,1
1,14,4,1,1,0,3,0,0,16,1,1,1,0,0,1,5,6,0,5,1
10,20,4,1,1,0,3,1,0,12,1,1,1,0,0,1,0,6,2,10,0
5,15,4,0,1,0,3,1,0,0,1,1,1,0,0,1,0,5,8,6,1
2,18,0,1,1,0,3,3,0,8,1,1,1,0,0,1,2,2,0,3,1
5,15,0,0,1,0,3,0,0,2,1,1,1,0,0,1,0,6,11,4,1
9,20,4,1,1,3,3,0,1,2,1,1,1,5,0,1,5,0,0,0,1
1,18,4,0,1,0,3,3,0,2,1,1,1,0,0,1,0,2,6,4,1
10,18,0,1,1,0,3,0,0,2,1,1,1,0,0,3,0,6,11,3,1
3,15,4,0,1,0,0,0,0,16,1,1,1,0,0,5,3,9,2,7,0
4,19,4,0,1,0,3,1,0,7,1,1,1,0,0,0,5,0,0,0,1
6,15,0,0,1,0,3,0,0,0,1,1,1,5,0,0,5,0,0,0,1
4,13,0,1,1,0,3,0,0,0,1,1,1,0,0,6,0,6,4,6,1
8,15,4,1,1,0,3,0,0,2,1,1,1,7,0,1,0,6,6,10,1
15,13,0,0,1,0,3,0,0,15,1,1,1,7,2,1,5,6,0,2,1
13,20,0,1,1,0,3,3,0,2,1,1,1,0,2,1,0,8,10,13,0
13,20,4,0,1,4,3,0,1,0,1,1,1,0,2,1,0,6,6,14,1
7,18,4,1,1,0,3,0,0,14,1,1,1,0,0,1,0,6,4,10,1
12,15,0,0,1,4,3,0,1,0,1,1,1,5,2,1,0,7,2,12,1
0,15,4,1,1,4,3,0,1,0,1,1,1,0,0,1,0,5,0,2,0
13,18,0,0,1,0,3,0,0,0,1,1,1,0,2,1,0,6,6,11,1
8,18,4,0,0,0,3,1,0,2,1,1,1,0,0,4,0,2,4,2,1
12,18,0,0,1,0,3,3,0,1,1,1,1,0,2,1,0,7,7,12,1
13,21,0,1,1,0,3,0,0,1,1,1,1,5,2,3,0,5,3,12,1
2,18,4,1,1,0,3,0,0,16,1,1,1,1,0,4,0,1,1,2,1
14,20,4,0,1,0,3,1,0,0,1,1,1,0,2,1,0,7,11,12,1
14,21,4,1,1,0,3,1,0,0,1,1,1,0,2,3,0,5,5,12,1
2,19,4,0,1,0,3,0,0,0,1,1,1,5,0,1,0,6,10,6,1
3,20,4,1,1,0,3,0,0,9,1,1,1,0,0,1,0,6,2,3,0
7,15,4,1,1,4,3,0,1,10,1,1,1,5,0,0,5,0,0,0,1
9,16,0,0,1,0,3,0,1,9,1,1,1,5,0,6,0,5,0,7,0
13,20,4,0,1,0,3,0,0,15,1,1,1,1,2,0,5,0,0,0,1
13,19,0,0,1,0,3,1,0,0,1,1,1,0,2,1,0,6,5,7,0
8,20,4,0,1,0,3,1,0,0,1,1,1,0,0,3,0,6,7,12,1
11,20,4,0,1,0,3,0,0,14,1,1,1,0,2,1,0,8,2,13,1
9,18,0,1,1,0,3,1,0,1,1,1,1,0,0,1,0,6,6,4,1
0,13,4,0,1,0,3,1,0,16,1,1,1,8,0,1,5,6,0,7,1
12,18,0,0,1,0,3,1,0,0,1,1,1,0,2,1,0,6,11,11,1
4,19,4,1,1,0,3,0,0,2,1,1,1,0,0,1,0,4,3,5,1
3,18,4,0,1,0,3,0,0,15,1,1,1,0,0,1,5,3,0,3,0
3,20,4,0,1,0,3,3,0,9,1,1,1,5,0,1,0,6,6,10,1
12,11,2,0,0,4,3,0,1,15,1,1,1,0,2,1,5,0,0,0,1
10,20,0,0,1,0,3,1,0,0,1,1,1,8,0,1,0,9,3,13,1
15,20,0,0,1,0,3,1,0,1,1,1,1,0,2,1,0,6,6,11,1
15,20,0,1,1,0,3,0,0,0,1,1,1,0,2,3,0,6,8,13,1
5,20,4,1,1,3,3,0,1,2,1,1,1,5,0,1,5,0,0,0,1
14,23,2,0,1,0,3,1,0,0,1,1,1,0,2,8,5,6,0,14,1
15,20,0,0,1,0,3,0,0,0,1,1,1,0,2,1,0,7,0,4,1
6,15,4,1,1,3,3,3,1,16,1,1,1,5,0,1,5,0,0,0,0
2,15,4,0,1,3,3,0,1,2,1,1,1,7,0,1,0,2,3,2,1
13,17,4,0,1,0,3,1,0,2,1,1,1,0,2,1,0,6,3,13,1
15,21,4,1,0,2,3,1,0,2,0,0,0,0,2,1,0,6,10,9,1
15,20,4,0,1,0,3,1,0,0,1,1,1,0,2,0,5,0,0,0,1
1,17,4,1,1,0,3,1,0,2,1,1,1,8,0,1,2,2,0,4,1
1,15,4,0,1,0,3,1,0,2,1,1,1,0,0,1,0,4,4,6,1
8,20,4,0,1,0,3,1,0,0,1,1,1,0,0,1,0,9,4,14,0
6,14,4,1,0,0,3,3,0,11,1,1,0,0,0,0,5,0,0,0,0
15,22,4,0,1,0,3,1,0,7,1,1,1,0,2,1,0,9,6,14,1
11,20,4,0,1,0,3,1,0,11,1,1,1,0,2,1,0,9,6,14,0
5,15,4,0,1,0,3,1,0,16,1,1,1,0,0,2,0,6,1,2,1
3,20,4,1,1,0,3,0,0,2,1,1,1,7,0,1,0,6,1,9,1
6,18,4,0,1,3,3,3,1,5,1,1,1,5,0,1,0,6,4,12,1
9,15,4,1,1,0,3,3,0,11,1,1,1,8,0,4,0,6,10,7,1
13,15,0,0,1,0,0,1,0,0,1,1,1,0,2,5,3,9,3,12,1
15,21,4,0,1,0,0,0,0,5,0,1,1,0,2,5,3,6,9,9,1
6,21,4,0,1,4,3,3,1,0,1,1,1,0,0,1,5,0,0,0,0
12,20,0,1,1,4,3,0,1,0,1,1,1,0,2,1,0,6,3,11,0
14,14,0,1,1,0,3,1,0,2,1,1,1,0,2,0,5,0,0,0,1
11,22,4,1,1,0,3,0,0,0,1,1,1,8,0,2,0,4,8,8,0
4,20,2,1,1,0,3,1,0,0,1,1,1,0,0,1,5,6,0,3,0
14,21,4,0,1,0,3,1,0,0,1,1,1,0,2,1,0,6,4,11,0
5,20,4,1,1,0,3,1,0,0,1,1,1,0,0,1,0,5,3,6,0
5,20,0,1,1,4,3,0,1,9,1,1,1,0,0,2,5,6,0,0,1
3,15,4,1,1,0,3,3,0,0,1,1,1,0,0,1,0,6,1,9,1
6,18,4,1,1,0,3,3,0,12,1,1,1,1,0,1,0,1,3,4,1
6,20,4,1,1,0,3,0,0,11,1,1,1,5,0,1,0,6,4,10,0
3,16,4,0,1,0,3,1,0,16,1,1,1,0,0,9,5,5,0,1,1
8,18,4,0,1,0,3,0,0,2,1,1,1,7,0,1,0,3,2,9,1
13,21,0,1,1,3,3,0,1,0,1,1,1,5,2,1,1,8,0,14,1
12,19,3,0,1,0,3,3,0,0,1,1,1,0,2,1,0,7,2,14,0
7,20,4,0,1,0,3,0,0,2,1,1,1,0,0,1,0,6,10,12,1
6,18,4,1,1,0,3,1,0,12,1,1,1,0,0,1,0,6,6,11,1
7,20,4,1,1,0,3,1,0,14,1,1,1,0,0,3,0,6,1,5,1
2,15,4,0,1,3,3,0,1,5,1,1,1,5,0,6,0,8,10,12,1
10,18,4,0,1,0,3,1,0,0,1,1,1,0,0,1,0,8,8,14,0
4,20,4,0,1,0,3,1,0,2,1,1,1,0,0,1,0,6,11,11,1
13,15,4,0,1,0,3,0,0,15,1,1,1,1,2,0,5,0,0,0,1
2,18,0,1,1,4,3,0,1,8,1,1,1,5,0,0,5,0,0,0,1
4,19,4,1,1,0,3,0,0,0,1,1,1,0,0,1,5,0,0,0,0
7,19,4,0,1,0,3,0,0,0,1,1,1,5,0,1,0,8,1,11,1
8,20,4,0,1,0,3,1,0,2,1,1,1,0,0,1,0,3,8,8,1
8,20,4,1,1,0,3,1,0,12,1,1,1,8,0,1,0,2,1,5,0
0,15,4,0,1,0,3,3,0,7,1,1,1,0,0,0,5,0,0,0,1
3,15,0,0,1,0,3,0,0,1,1,1,1,0,0,6,0,4,6,4,1
1,18,4,1,1,0,3,0,0,2,1,1,1,7,0,1,0,3,5,2,1
3,19,4,1,1,0,3,0,0,0,1,1,1,0,0,1,5,0,0,0,1
9,14,0,1,1,0,3,0,0,0,1,1,1,0,0,1,0,6,1,8,1
10,16,0,0,1,0,3,0,0,15,1,1,1,7,0,0,5,0,0,0,0
11,18,4,1,1,0,3,0,0,2,1,1,1,5,2,0,5,0,0,3,1
7,18,4,1,1,0,3,1,0,12,1,1,1,0,0,1,0,6,8,8,0
15,19,0,1,1,0,3,1,0,0,1,1,1,0,2,1,0,8,8,6,1
10,20,0,0,1,0,3,1,0,1,1,1,1,0,0,1,0,8,10,12,1
9,20,4,0,1,0,3,0,0,0,1,1,1,0,0,1,0,7,3,12,1
6,17,4,0,1,0,3,1,0,12,1,1,1,0,0,1,0,6,3,12,1
2,18,4,0,1,0,3,3,0,2,1,1,1,5,0,1,0,6,3,12,1
14,7,4,1,1,0,1,0,0,11,1,1,1,4,2,3,0,5,8,14,1
14,14,4,1,1,0,3,0,0,12,1,1,1,7,2,1,0,6,8,5,1
9,18,4,1,1,0,3,0,0,0,1,1,1,0,0,2,0,6,2,11,1
6,18,4,1,1,0,3,1,0,5,1,1,1,0,0,1,2,1,0,5,1
3,18,4,1,1,0,3,0,0,2,1,1,1,7,0,1,0,3,2,5,1
7,3,0,0,1,4,3,3,1,12,1,1,1,7,2,3,0,6,4,7,1
8,20,4,1,1,4,3,0,1,12,1,1,1,5,0,1,0,2,9,8,0
1,18,4,0,1,0,3,3,0,9,1,1,1,0,0,1,2,1,0,2,1
13,20,0,0,1,0,3,1,0,2,1,1,1,0,2,1,0,8,6,14,1
14,20,4,1,1,0,3,0,0,0,1,1,1,1,2,1,0,5,6,6,1
13,21,0,1,1,0,3,1,0,1,1,1,1,0,2,2,0,6,3,14,1
15,20,4,0,1,4,3,3,1,10,1,1,1,5,2,4,0,9,5,14,1
11,19,0,1,1,3,3,0,1,0,1,1,1,5,2,1,0,6,5,6,1
1,18,4,0,1,0,3,0,0,2,1,1,1,5,0,1,0,6,2,5,1
10,21,4,1,1,0,3,3,0,14,1,1,1,0,0,7,0,5,10,7,1
4,18,4,0,1,4,3,0,1,11,1,1,1,7,0,1,0,6,4,5,0
15,15,4,0,1,0,3,0,0,12,1,1,1,0,2,1,0,3,3,2,1
5,17,0,0,1,0,3,0,0,1,1,1,1,0,0,1,0,3,4,6,0
3,15,4,1,1,0,3,3,0,11,1,1,1,7,0,1,0,2,4,4,1
9,15,0,0,1,0,3,0,0,0,1,1,1,0,0,0,5,0,0,0,1
5,15,0,0,1,0,0,3,0,16,1,1,1,0,0,5,3,9,2,8,1
13,20,0,1,1,0,3,1,0,0,1,1,1,0,2,1,0,8,3,14,1
7,15,0,0,1,0,3,3,0,0,1,1,1,7,0,1,0,6,6,12,1
8,15,4,1,1,4,3,0,1,10,1,1,1,0,0,1,0,9,1,4,1
13,20,0,1,1,0,3,1,0,0,1,1,1,0,2,2,0,9,0,13,0
14,20,0,1,1,4,3,0,1,0,1,1,1,5,2,1,0,7,10,14,1
4,15,0,1,1,0,3,0,0,0,1,1,1,7,0,6,0,2,3,6,0
15,15,0,1,1,0,3,0,0,0,1,1,1,7,2,0,5,0,0,5,1
15,18,4,1,1,0,3,0,0,2,1,1,1,1,2,1,0,3,8,3,1
6,21,4,1,1,4,3,0,1,5,1,1,1,0,0,1,0,6,6,13,0
13,20,4,1,1,0,3,3,0,11,1,1,1,7,2,1,0,8,3,7,1
3,13,4,1,1,0,3,3,0,2,1,1,1,7,0,1,2,0,0,0,1
8,18,4,0,1,0,1,0,0,0,1,1,1,7,0,1,0,8,4,9,1
9,20,4,0,1,0,3,0,0,0,1,1,1,0,0,1,0,6,3,14,0
13,18,4,0,1,3,3,1,1,5,1,1,1,0,2,1,0,2,10,4,1
8,20,4,0,1,0,3,1,0,12,1,1,1,0,0,1,0,6,6,13,1
3,18,4,0,1,0,3,3,0,2,1,1,1,5,0,0,5,0,0,0,1
9,21,4,0,1,0,3,1,0,0,1,1,1,5,0,1,0,9,6,14,0
3,20,4,1,1,0,3,3,0,2,1,1,1,5,0,1,0,6,3,6,0
14,11,4,0,1,4,3,0,1,0,1,1,1,7,2,1,0,9,3,10,1
11,20,4,0,1,0,3,0,0,0,1,1,1,0,2,3,0,6,4,12,1
8,11,3,0,1,0,3,3,0,4,1,1,1,0,0,1,0,8,8,12,1
10,14,4,0,0,0,3,0,0,15,1,1,0,0,0,0,5,0,0,1,1
12,20,4,1,1,3,3,0,1,11,1,1,1,5,2,1,0,7,7,12,1
6,18,0,1,1,4,3,0,1,1,1,1,1,0,0,1,0,1,2,2,1
15,18,4,1,1,0,3,0,0,2,1,1,1,0,2,1,0,2,6,2,1
8,20,4,0,1,0,3,0,0,0,1,1,1,0,0,1,0,7,1,13,0
0,15,4,1,1,0,3,3,0,2,1,1,1,0,0,1,0,1,4,3,1
15,21,0,1,1,4,3,0,1,1,1,1,1,5,2,0,5,0,0,0,0
9,18,4,0,1,0,3,3,0,0,1,1,1,0,0,6,0,8,6,10,1
15,16,4,0,0,0,3,3,0,15,1,0,0,0,2,0,5,0,0,2,1
1,0,4,1,0,0,3,3,0,2,0,0,1,3,0,4,0,2,4,2,1
1,18,4,0,1,0,3,0,0,2,1,1,1,0,0,0,5,0,0,0,1
4,15,4,1,1,2,3,0,0,2,1,1,1,0,0,1,5,0,0,1,1
11,21,0,1,1,4,3,0,1,1,1,1,1,0,2,3,0,6,2,11,1
2,22,4,1,1,0,3,1,0,7,1,1,1,0,0,1,0,9,4,4,1
3,15,4,0,1,0,3,0,0,15,1,1,1,0,0,1,5,6,0,2,0
13,19,4,1,1,4,3,0,1,0,1,1,1,7,2,1,0,6,0,6,1
0,15,4,0,1,0,3,0,0,0,1,1,1,0,0,1,0,6,2,6,0
6,20,4,0,1,0,3,1,0,0,1,1,1,0,0,4,0,4,0,1,1
10,21,4,0,1,0,3,3,0,0,1,1,1,5,0,1,0,5,8,12,1
12,13,4,0,1,0,3,3,0,2,1,1,1,7,2,6,5,8,0,6,1
8,21,4,1,1,0,3,0,0,0,1,1,1,0,0,1,5,6,0,3,1
13,19,4,0,1,0,3,0,0,2,1,1,1,5,2,1,0,2,3,5,1
8,20,4,0,1,0,3,0,0,0,1,1,1,5,0,1,0,9,8,14,1
0,15,4,1,0,0,3,0,0,2,1,1,0,7,0,0,5,0,0,0,1
13,20,0,0,1,0,3,1,0,0,1,1,1,0,2,1,0,9,2,14,1
7,18,0,1,1,0,3,1,0,0,1,1,1,0,0,0,5,0,0,0,1
15,20,0,0,1,0,3,0,0,0,1,1,1,0,2,1,0,7,6,14,0
12,20,0,0,1,0,3,3,0,8,1,1,1,0,2,3,0,1,0,3,1
1,15,4,0,1,0,3,1,0,2,1,1,1,0,0,1,5,6,0,2,1
5,18,4,0,1,0,3,0,0,2,1,1,1,0,0,3,0,3,2,4,1
9,15,0,1,1,4,3,0,1,1,1,1,1,7,0,1,5,0,0,0,1
11,18,0,0,1,0,3,3,0,2,1,1,1,7,2,6,0,1,2,5,1
4,21,4,1,1,0,3,1,0,2,1,1,1,5,0,3,2,2,0,4,1
7,20,4,0,1,4,3,0,1,2,1,1,1,7,0,1,1,6,0,11,1
2,17,4,1,1,0,3,3,0,0,1,1,1,0,0,2,2,2,0,4,1
10,12,0,0,1,0,3,3,0,1,1,1,1,0,0,1,2,0,0,5,1
13,20,0,0,1,0,3,1,0,0,1,1,1,0,2,2,0,7,3,11,1
13,20,0,0,1,0,3,0,0,2,1,1,1,5,2,1,0,6,3,13,1
6,18,0,1,1,0,1,1,0,1,1,1,1,0,2,5,5,0,0,11,1
13,19,4,1,0,0,3,1,0,0,1,1,0,0,2,0,5,0,0,0,1
10,20,4,1,1,0,3,1,0,4,1,1,1,0,0,4,2,0,0,0,1
2,18,4,1,0,0,3,1,0,2,1,1,0,8,0,1,0,1,2,6,1
3,20,4,1,1,3,3,1,1,2,1,1,1,5,0,1,0,1,3,2,1
11,20,4,1,1,3,3,0,1,2,1,1,1,7,2,0,5,0,0,0,1
8,16,4,0,1,0,3,0,0,2,1,1,1,0,0,1,0,7,6,5,1
13,15,4,1,1,0,3,0,0,2,1,1,1,7,2,4,0,6,4,7,1
2,18,4,0,1,0,3,1,0,0,1,1,1,8,0,1,0,7,3,9,1
9,8,1,0,1,2,0,1,0,4,0,1,1,0,0,8,3,5,9,9,1
1,15,4,1,0,0,3,1,0,2,0,1,1,0,0,1,0,2,9,4,0
5,18,4,0,1,4,3,0,1,2,1,1,1,5,0,1,5,0,0,2,1
11,19,4,0,1,0,3,0,0,0,1,1,1,7,2,1,0,7,3,12,0
1,18,4,0,1,0,0,1,0,16,1,1,1,0,0,5,3,6,3,5,0
3,18,4,1,1,0,3,3,0,2,1,1,1,5,0,1,0,2,8,3,1
15,19,0,1,1,4,3,0,1,16,1,1,1,5,2,6,0,6,3,5,1
15,11,3,0,1,0,3,0,0,15,1,1,1,7,2,1,5,6,0,2,1
5,15,4,1,1,4,3,0,1,10,1,1,1,5,0,1,0,6,3,2,0
10,21,0,0,1,0,3,3,0,2,1,1,1,5,0,1,0,6,6,14,1
10,18,4,0,1,3,1,0,1,0,1,1,1,0,0,5,3,3,2,13,1
13,18,4,0,1,0,3,0,0,5,1,1,1,0,2,1,0,6,2,10,1
6,20,4,1,1,3,3,0,1,5,1,1,1,0,0,0,5,0,0,0,1
3,20,4,0,1,0,3,3,0,2,1,1,1,0,0,1,0,1,2,4,1
11,15,0,0,1,0,3,0,0,1,1,1,1,0,2,7,2,6,0,9,1
11,20,4,0,1,4,3,0,1,0,1,1,1,5,2,1,0,6,10,11,1
11,11,0,1,1,4,3,0,1,1,1,1,1,0,2,2,0,9,2,12,1
6,18,4,0,1,4,3,0,1,0,1,1,1,7,0,1,0,6,3,9,0
8,15,0,0,1,4,3,0,1,1,1,1,1,7,0,1,2,6,0,8,0
2,13,4,1,1,4,3,0,1,9,1,1,1,7,0,0,5,0,0,0,1
11,15,4,0,1,0,3,1,0,16,1,1,1,8,2,1,5,6,0,5,0
4,21,4,1,1,0,3,1,0,11,1,1,1,0,2,0,5,0,0,0,1
0,18,4,1,1,0,3,3,0,2,1,1,1,8,0,1,5,0,0,0,1
6,18,4,0,0,0,1,3,0,14,1,1,1,0,2,0,5,0,0,10,1
11,21,4,1,1,0,3,3,0,12,1,1,1,0,2,1,0,6,10,13,1
0,18,4,0,1,0,3,2,0,16,1,1,1,8,0,1,5,6,0,4,0
0,18,4,0,1,0,3,0,0,2,1,1,1,7,0,1,2,2,0,4,1
7,17,4,0,1,0,3,3,0,0,1,1,1,1,0,2,0,9,11,7,0
4,15,4,0,1,0,3,0,0,3,1,1,1,1,0,1,0,6,1,5,1
3,15,4,1,1,0,3,0,0,2,1,1,1,0,0,1,0,1,2,5,0
15,20,2,1,1,0,3,1,0,0,1,1,1,0,2,1,0,6,11,11,1
14,7,3,1,1,0,1,0,0,16,1,1,1,4,2,6,0,5,8,3,1
11,15,4,0,1,0,3,1,0,2,1,1,1,0,2,1,0,3,6,2,1
13,18,0,0,1,0,3,3,0,0,1,1,1,1,2,1,0,8,11,11,1
9,20,4,0,1,0,3,0,0,0,1,1,1,0,0,1,0,6,6,6,1
13,15,4,0,1,0,3,0,0,12,1,1,1,7,2,1,0,6,11,11,1
10,15,4,0,1,0,3,1,0,5,1,1,1,0,0,1,0,6,1,10,1
4,13,4,1,1,0,3,1,0,10,1,1,1,0,0,1,0,6,3,5,0
15,15,4,0,1,0,3,0,0,2,1,1,1,7,2,1,0,4,3,2,1
3,18,4,1,1,0,3,0,0,0,1,1,1,0,0,5,0,5,9,7,0
14,20,0,0,1,0,3,1,0,0,1,1,1,0,2,1,0,8,2,12,1
6,15,0,0,1,3,3,0,1,1,1,1,1,5,0,1,0,6,3,12,1
1,17,0,1,1,0,3,0,0,1,1,1,1,7,0,1,2,1,0,2,1
11,20,4,1,1,0,3,0,0,2,1,1,1,5,2,1,0,6,3,6,0
1,18,4,0,1,0,3,1,0,2,1,1,1,8,0,1,2,1,0,3,1
14,0,4,1,0,3,3,0,1,0,1,0,1,0,2,1,0,8,4,12,1
0,13,4,0,1,2,3,3,0,2,1,1,1,0,0,1,5,0,0,0,1
10,12,2,0,1,4,3,0,1,5,1,1,1,5,0,1,0,6,11,5,1
11,20,0,1,1,0,3,1,0,0,1,1,1,0,2,1,0,6,0,11,1
10,22,0,1,1,0,3,0,0,0,1,1,1,0,0,1,0,7,6,11,1
9,15,4,1,1,0,3,0,0,12,1,1,1,7,0,1,0,6,6,5,1
8,20,4,0,1,0,3,0,0,11,1,1,1,2,0,6,0,6,6,14,1
7,15,4,1,1,0,3,0,0,7,1,1,1,7,0,1,0,5,2,6,1
2,18,4,0,1,0,3,0,0,2,1,1,1,0,0,1,0,6,4,12,1
11,20,4,1,1,0,3,0,0,0,1,1,1,1,2,3,0,6,1,13,0
15,21,4,1,1,0,3,0,0,0,1,1,1,0,2,3,0,5,2,5,1
11,13,4,0,1,0,3,1,0,15,1,1,1,1,2,1,5,6,0,2,1
5,20,4,1,1,0,3,3,0,12,1,1,1,0,0,1,0,3,5,2,0
6,20,4,1,1,0,3,1,0,2,1,1,1,0,0,1,0,3,6,11,1
5,17,4,0,0,0,3,3,0,16,1,1,0,0,0,1,5,0,0,2,0
11,18,4,1,1,0,3,1,0,12,1,1,1,0,2,1,0,6,11,8,1
10,16,0,1,1,0,3,0,0,0,1,1,1,7,0,1,5,5,0,4,0
1,15,4,1,1,0,3,0,0,9,1,1,1,0,0,0,5,0,0,0,1
10,20,4,0,1,0,3,3,0,11,1,1,1,0,0,1,0,6,1,12,1
6,20,4,0,1,3,3,0,1,2,1,1,1,5,0,1,0,6,2,13,1
2,12,4,0,1,2,3,3,0,0,1,1,1,8,0,1,0,5,3,5,0
11,18,4,0,1,0,3,0,0,2,1,1,1,5,2,1,2,1,0,5,1
0,17,4,0,0,0,3,1,0,16,1,1,0,0,0,0,5,0,0,0,0
4,20,0,1,1,0,3,0,0,0,1,1,1,0,0,0,5,0,0,0,1
13,18,4,1,1,0,3,0,0,0,1,1,1,0,2,7,0,5,10,13,1
11,18,0,1,1,0,3,0,0,2,1,1,1,0,2,1,0,6,6,7,1
10,15,4,1,1,0,3,0,0,0,1,1,1,7,0,1,0,7,3,13,0
5,15,0,1,1,0,3,0,0,8,1,1,1,0,0,5,0,6,6,6,0
12,15,4,0,1,4,3,0,1,2,1,1,1,0,2,1,0,6,8,10,1
6,20,4,0,1,0,3,1,0,15,1,1,1,0,0,1,5,6,0,8,0
3,17,4,0,1,0,3,0,0,15,1,1,1,0,0,0,5,0,0,0,0
13,20,4,0,1,0,3,1,0,0,1,1,1,5,2,1,0,6,3,14,0
15,21,0,1,1,0,3,1,0,1,1,1,1,0,2,1,0,9,3,14,1
2,14,4,0,1,0,3,3,0,2,1,1,1,7,0,1,0,6,6,5,1
2,15,2,1,1,0,3,0,0,3,1,1,1,0,0,1,0,2,1,5,1
4,18,4,0,1,0,3,0,0,2,1,1,1,0,0,6,0,1,6,3,1
5,18,4,0,1,0,3,0,0,2,1,1,1,7,0,1,0,2,1,4,1
7,5,4,1,1,3,3,0,1,2,1,1,1,8,0,6,1,6,0,9,1
6,20,4,0,1,3,3,0,1,2,1,1,1,5,0,1,0,6,11,10,1
2,22,4,1,1,0,3,0,0,7,1,1,1,0,0,1,0,5,2,7,1
7,21,4,1,1,4,3,0,1,0,1,1,1,5,0,1,0,6,4,11,0
1,18,4,1,1,0,3,0,0,2,1,1,1,8,0,1,0,1,11,3,1
10,19,2,0,1,0,3,3,0,12,1,1,1,0,0,1,0,6,3,11,1
0,15,4,0,1,0,3,1,0,2,1,1,1,0,0,1,0,6,2,7,0
11,20,4,1,1,0,3,3,0,16,1,1,1,5,0,2,0,4,5,3,1
5,15,0,0,1,0,3,0,0,0,1,1,1,1,0,5,0,9,4,13,1
13,20,4,1,1,0,3,1,0,0,1,1,1,0,2,3,0,6,6,11,0
2,15,4,0,1,0,3,1,0,4,1,1,1,0,0,1,0,6,4,4,1
11,20,0,1,1,0,3,0,0,1,1,1,1,0,2,6,2,1,0,3,1
2,18,4,1,1,3,3,3,1,2,1,1,1,0,0,0,5,0,0,0,1
13,17,2,0,1,0,3,0,0,0,1,1,1,1,2,1,0,6,11,7,1
15,15,4,1,1,0,3,0,0,0,1,1,1,7,2,4,0,6,5,6,1
4,20,4,0,1,4,3,0,1,14,1,1,1,5,0,0,5,0,0,0,0
5,15,4,0,1,0,3,0,0,11,1,1,1,5,0,1,0,6,10,9,1
2,16,4,0,1,0,3,1,0,2,1,1,1,7,0,1,0,9,6,4,1
7,18,4,0,1,2,3,3,0,2,1,1,1,7,0,1,0,6,8,8,1
13,18,4,1,1,0,3,0,0,5,1,1,1,5,2,2,0,1,2,6,1
9,20,0,0,1,0,3,0,0,1,1,1,1,5,0,1,0,6,6,11,1
11,5,4,0,1,0,3,0,0,4,1,1,1,0,2,3,2,0,0,0,1
7,15,4,0,1,3,3,0,1,7,1,1,1,5,0,1,5,0,0,4,1
4,15,4,0,1,0,3,0,0,2,1,1,1,0,0,1,2,2,0,3,1
15,19,4,0,1,3,3,1,1,0,1,1,1,5,2,1,0,6,2,12,0
13,21,0,1,1,4,3,0,1,1,1,1,1,5,2,3,0,6,6,12,1
9,17,4,1,1,4,3,0,1,11,1,1,1,5,0,3,0,6,4,11,0
4,21,4,1,1,0,3,1,0,0,1,1,1,0,0,1,0,9,4,8,0
15,23,0,0,1,4,3,0,1,0,1,1,1,0,2,1,0,8,10,14,0
4,15,4,0,1,0,3,0,0,15,1,1,1,1,0,0,5,0,0,1,0
5,20,4,0,1,3,3,3,1,2,1,1,1,5,0,1,0,6,4,10,1
2,20,4,1,1,0,3,1,0,2,1,1,1,0,0,4,0,1,6,3,1
13,23,0,0,1,4,3,0,1,0,1,1,1,0,2,1,0,8,6,14,1
10,20,4,1,1,3,3,0,1,0,1,1,1,5,0,2,0,6,6,11,1
13,17,2,1,1,0,3,0,0,7,1,1,1,7,2,1,0,6,6,7,1
12,18,0,1,1,0,3,3,0,1,1,1,1,0,2,1,5,0,0,0,1
4,15,4,1,1,0,3,3,0,0,1,1,1,0,0,0,5,0,0,0,0
5,20,4,0,1,3,3,0,1,15,1,1,1,5,0,1,5,0,0,0,0
0,15,4,0,1,0,3,0,0,5,1,1,1,7,0,1,2,1,0,2,1
12,14,4,0,0,0,3,0,0,3,1,1,0,7,2,1,0,2,2,5,1
2,18,4,1,1,0,3,3,0,11,1,1,1,0,0,1,5,3,0,2,1
5,20,4,1,1,0,3,1,0,2,1,1,1,1,0,2,0,2,8,1,1
9,15,2,0,1,4,3,0,1,2,1,1,1,7,0,1,0,6,4,8,1
3,15,4,1,1,0,3,1,0,2,1,1,1,0,0,1,0,6,6,2,1
10,17,4,0,1,0,3,0,0,0,1,1,1,0,0,1,0,6,6,12,1
3,15,4,0,1,0,3,3,0,12,1,1,1,0,0,1,5,4,0,4,0
13,19,0,1,1,4,3,0,1,0,1,1,1,0,2,1,0,6,5,7,1
14,20,0,1,1,3,3,0,1,1,1,1,1,0,2,1,5,0,0,0,1
14,20,4,1,1,0,3,0,0,2,1,1,1,5,2,1,0,6,2,6,1
5,20,4,0,1,0,3,0,0,2,1,1,1,0,0,3,0,6,1,6,1
4,15,4,0,1,0,3,0,0,2,1,1,1,0,0,6,1,6,0,2,1
12,18,4,0,1,0,3,0,0,16,1,1,1,8,0,6,5,4,0,3,0
2,18,0,0,1,0,3,3,0,8,1,1,1,7,0,1,0,3,3,5,0
8,18,4,0,1,3,3,1,1,0,1,1,1,8,0,1,0,8,1,8,0
11,17,4,0,1,3,3,0,1,2,1,1,1,5,2,1,0,6,3,11,1
14,14,0,1,1,0,3,1,0,0,1,1,1,0,2,1,0,8,2,7,1
15,20,0,0,1,0,3,1,0,0,1,1,1,8,2,1,0,8,6,14,1
7,20,4,0,1,0,3,0,0,11,1,1,1,0,0,1,0,6,4,13,0
15,20,0,0,1,0,3,1,0,0,1,1,1,0,2,1,0,9,11,14,1
8,20,4,1,1,0,3,1,0,0,1,1,1,0,0,1,0,6,2,8,1
0,15,4,1,0,0,3,0,0,2,1,1,1,7,0,0,5,0,0,4,1
14,20,0,0,1,0,3,1,0,1,1,1,1,0,2,1,0,6,3,14,1
14,17,0,1,1,4,3,0,1,1,1,1,1,1,2,1,0,9,6,13,0
9,15,4,0,1,0,3,1,0,5,1,1,1,7,0,1,0,6,6,3,1
5,17,0,0,1,0,3,0,0,1,1,1,1,0,0,1,0,6,6,6,1
11,17,0,1,1,0,3,0,0,1,1,1,1,1,2,0,5,0,0,0,1
13,20,4,1,1,0,3,0,0,2,1,1,1,5,2,1,0,1,2,2,1
9,20,4,1,1,4,3,0,1,9,1,1,1,0,0,4,0,6,2,10,1
14,18,0,0,1,0,3,0,0,0,1,1,1,0,2,1,0,6,1,11,1
6,20,4,1,1,0,3,1,0,2,1,1,1,0,0,4,5,1,0,1,1
0,0,4,0,1,0,3,0,0,2,1,1,1,0,0,0,5,0,0,0,1
6,14,4,0,1,0,3,0,0,2,1,1,0,2,0,1,4,3,7,6,1
1,15,4,0,0,0,3,3,0,2,1,1,0,0,0,0,5,0,0,0,1
5,20,4,1,1,0,3,0,0,11,1,1,1,0,0,1,0,6,2,6,1
15,15,0,0,1,0,3,0,0,0,1,1,1,7,2,1,0,6,10,9,1
12,16,4,1,1,0,3,0,0,16,1,1,1,2,2,1,0,7,4,3,1
4,20,4,1,1,0,3,3,0,11,1,1,1,0,0,1,0,4,7,8,0
0,13,4,1,1,0,3,3,0,2,1,1,1,0,0,1,5,0,0,0,1
1,19,4,0,1,0,3,1,0,2,1,1,1,0,0,1,0,1,2,5,1
3,17,4,1,1,4,3,1,1,2,1,1,1,0,0,1,0,9,8,5,1
10,15,4,0,1,0,3,0,0,15,1,1,1,1,0,3,5,0,0,0,0
4,18,4,1,1,0,3,0,0,11,1,1,1,2,0,6,0,6,6,11,1
4,20,2,0,1,0,3,0,0,0,1,1,1,6,0,1,0,6,10,14,1
9,1,4,1,0,0,3,0,0,12,0,0,1,4,0,3,0,6,8,11,1
10,16,2,1,1,0,3,0,0,0,1,1,1,0,0,1,0,5,3,7,1
7,20,4,1,1,0,3,0,0,3,1,1,1,1,0,2,0,6,1,10,1
4,20,4,1,1,2,3,0,0,3,1,1,1,1,0,1,2,4,0,6,0
13,16,4,1,1,4,3,0,1,0,1,1,1,0,2,9,2,0,0,0,0
8,1,4,1,0,0,3,3,0,15,1,1,0,7,0,3,5,6,0,1,0
4,19,4,1,1,0,3,1,0,2,1,1,1,0,0,1,0,2,11,4,1
4,20,4,1,1,0,3,0,0,0,1,1,1,0,0,4,0,6,6,6,0
1,18,4,0,1,0,3,3,0,2,1,1,1,0,0,1,0,6,4,6,1
12,17,2,1,1,3,3,3,1,0,1,1,1,7,2,1,0,9,11,11,1
7,21,4,0,1,0,3,1,0,0,1,1,1,0,0,1,0,9,6,14,1
3,11,3,1,1,4,3,0,1,1,1,1,1,7,1,6,0,1,9,2,1
4,18,4,0,1,0,3,0,0,2,1,1,1,7,0,1,0,6,6,8,1
15,20,4,0,1,3,3,0,1,0,1,1,1,5,2,1,0,6,3,11,1
10,15,4,1,1,0,3,3,0,4,1,1,1,7,0,1,2,0,0,0,1
9,21,0,1,1,0,3,2,0,0,1,1,1,0,0,1,0,6,6,10,0
6,17,4,1,1,0,3,0,0,16,1,1,1,5,0,2,0,6,1,11,1
12,20,4,1,1,0,3,3,0,11,1,1,1,0,2,1,0,7,3,11,1
0,15,4,1,1,0,3,0,0,7,1,1,1,1,0,1,0,2,3,3,1
9,17,0,1,1,0,3,3,0,1,1,1,1,0,0,1,0,5,3,8,1
9,18,4,0,0,0,3,3,0,0,1,0,0,1,0,3,0,6,0,9,0
3,15,4,0,1,0,3,0,0,2,1,1,1,0,0,1,0,5,2,6,1
7,20,0,0,1,4,3,0,1,0,1,1,1,5,0,0,5,0,0,0,0
13,12,2,0,1,0,3,0,0,7,1,1,1,0,2,1,2,0,0,5,1
0,14,4,1,1,0,3,1,0,7,1,1,1,8,0,1,0,2,1,3,1
13,15,4,1,1,3,3,0,1,0,1,1,1,0,2,1,0,6,1,12,1
11,18,0,1,1,0,3,0,0,8,1,1,1,7,2,1,0,6,6,7,1
7,18,4,1,1,0,3,0,0,12,1,1,1,5,0,1,0,6,4,13,0
8,18,4,1,1,3,3,0,1,2,1,1,1,5,0,0,5,0,0,1,1
5,18,4,0,1,3,3,0,1,11,1,1,1,0,0,1,5,0,0,0,0
1,17,4,1,1,0,3,0,0,2,1,1,1,0,0,1,0,2,3,4,1
13,18,4,0,1,0,3,0,0,0,1,1,1,0,2,1,0,6,10,6,0
11,20,4,0,1,0,3,0,0,12,1,1,1,5,2,1,0,7,10,12,1
3,20,4,0,1,0,3,1,0,2,1,1,1,5,0,1,0,1,3,4,1
1,18,4,0,1,4,3,0,1,16,1,1,1,5,0,6,5,1,0,2,0
11,19,0,0,1,0,3,3,0,0,1,1,1,0,2,1,0,6,5,11,1
10,20,4,1,1,0,3,1,0,2,1,1,1,0,0,3,0,9,1,12,1
14,17,4,0,1,0,3,0,0,2,1,1,1,0,2,1,0,9,4,9,1
7,15,0,0,1,4,3,0,1,1,1,1,1,0,0,1,0,6,5,8,1
10,20,4,0,1,0,3,0,0,9,1,1,1,5,0,1,0,6,2,14,0
9,14,0,1,1,0,3,0,0,0,1,1,1,0,0,0,5,0,0,0,0
8,20,4,1,0,0,3,3,0,0,1,1,0,0,0,2,0,2,3,3,0
13,18,0,1,1,4,3,0,1,1,1,1,1,7,2,1,5,0,0,0,1
9,14,4,0,1,0,3,3,0,2,1,1,1,0,0,1,0,1,2,6,1
14,15,4,0,1,0,3,0,0,0,1,1,1,1,2,1,0,6,6,7,1
5,18,4,0,1,0,3,0,0,2,1,1,1,0,0,1,2,1,0,2,1
8,18,4,0,1,4,3,0,1,2,1,1,1,5,0,1,5,0,0,0,1
7,15,4,0,1,0,3,1,0,2,1,1,1,0,0,1,2,6,0,8,1
10,17,0,1,1,0,3,0,0,0,1,1,1,0,0,1,0,6,6,9,1
0,17,4,0,1,0,3,1,0,2,1,1,1,0,0,1,5,2,0,2,1
13,20,0,0,1,0,0,0,0,0,1,1,1,0,2,5,3,6,9,12,0
3,15,4,0,1,4,3,0,1,2,1,1,1,5,0,1,0,6,5,7,1
15,15,0,1,1,0,3,0,0,1,1,1,1,0,2,1,5,0,0,0,1
0,15,4,1,1,0,3,1,0,16,1,1,1,0,0,1,5,4,0,4,0
14,19,4,0,1,0,3,1,0,0,1,1,1,0,2,1,2,0,0,0,1
0,18,4,0,1,0,3,0,0,2,1,1,1,0,0,1,1,3,0,6,1
12,15,0,1,1,0,3,0,0,0,1,1,1,0,2,1,0,7,8,12,1
0,15,4,0,1,4,3,0,1,16,1,1,1,5,0,1,0,1,10,2,1
0,15,4,1,0,0,3,1,0,6,1,1,0,8,0,3,2,6,0,4,1
4,18,4,1,1,0,3,1,0,2,1,1,1,8,0,1,5,3,0,3,0
13,15,4,1,1,0,3,0,0,12,1,1,1,0,2,1,0,6,2,6,1
5,20,4,1,1,0,3,1,0,2,1,1,1,0,0,1,0,7,2,10,1
12,13,0,1,1,0,3,3,0,8,1,1,1,7,2,1,5,0,0,0,1
4,18,0,1,1,4,3,0,1,1,1,1,1,7,1,5,1,9,4,10,1
11,20,0,1,1,2,3,1,0,0,1,1,1,8,2,1,0,6,3,12,0
8,15,4,1,1,0,3,0,0,7,1,1,1,0,0,1,0,8,8,5,1
9,20,4,1,1,0,3,0,0,2,1,1,1,5,0,1,5,0,0,0,1
14,19,4,1,1,0,3,0,0,2,1,1,1,5,0,2,0,4,4,4,1
4,20,4,0,1,0,3,0,0,2,1,1,1,0,0,1,0,1,4,3,1
0,15,4,1,1,0,3,0,0,2,1,1,1,8,0,1,0,1,3,6,1
3,19,4,1,1,0,3,1,0,0,1,1,1,8,0,1,0,1,9,2,1
7,15,4,0,1,0,3,2,0,5,1,1,1,7,0,1,0,6,3,10,1
8,18,4,1,1,0,3,0,0,2,1,1,1,7,0,2,0,4,8,9,1
7,17,0,0,1,0,3,0,0,1,1,1,1,0,0,1,0,4,4,4,0
13,21,0,1,1,2,3,1,0,1,1,1,1,0,2,1,0,5,6,11,1
4,20,4,1,1,0,3,0,0,2,1,1,1,0,0,2,5,6,0,2,1
5,17,4,0,1,0,3,0,0,2,1,1,1,0,0,1,0,6,6,13,1
5,15,4,0,1,3,3,0,1,2,1,1,1,8,0,1,0,6,2,6,0
11,8,3,0,1,0,0,2,0,7,1,0,1,0,2,0,5,0,5,12,1
0,13,4,1,1,0,3,0,0,2,1,1,1,0,0,1,5,1,0,1,1
3,14,4,0,1,4,3,0,1,2,1,1,1,5,0,0,5,0,0,0,1
0,15,4,1,1,0,3,0,0,3,1,1,1,1,0,1,0,6,2,6,1
12,21,0,1,1,3,3,0,1,1,1,1,1,5,2,1,0,6,3,11,1
10,14,4,0,0,0,3,0,0,15,1,1,0,0,0,1,5,0,0,1,1
15,18,0,0,0,0,1,0,1,9,1,0,1,8,2,1,0,7,11,9,1
2,19,4,0,1,0,3,1,0,2,1,1,1,5,0,1,0,7,2,12,1
2,18,4,1,1,4,3,0,1,11,1,1,1,1,0,6,0,2,1,4,0
13,18,4,0,1,0,3,0,0,2,1,1,1,0,2,1,0,6,0,11,1
8,15,4,0,1,0,3,0,0,11,1,1,1,7,0,1,0,2,6,2,1
13,14,4,0,0,0,3,0,0,15,1,1,0,7,2,0,5,0,0,1,1
9,18,4,0,1,0,3,0,0,14,1,1,1,0,0,1,0,6,6,10,0
10,18,0,0,1,3,3,0,1,1,1,1,1,0,0,5,0,6,4,7,1
15,15,0,1,1,0,1,0,0,0,1,1,1,0,2,1,0,6,7,12,1
0,15,4,0,1,0,3,3,0,9,1,1,1,7,0,1,0,2,6,4,1
6,21,4,0,1,4,3,0,1,14,1,1,1,5,0,0,5,0,0,0,1
8,17,4,0,0,0,3,0,0,2,1,1,0,0,0,0,5,0,0,5,1
2,17,4,1,1,0,3,3,0,2,1,1,1,0,0,0,5,0,0,5,1
0,15,4,1,1,4,3,0,1,2,1,1,1,7,0,0,5,0,0,0,1
2,15,4,0,1,0,3,0,0,2,1,1,1,7,0,3,0,6,6,6,1
1,15,4,0,1,0,3,3,0,2,1,1,1,0,0,0,5,0,0,0,1
4,18,4,0,1,0,3,1,0,2,1,1,1,0,0,1,0,6,6,9,1
4,15,4,0,1,0,3,0,0,11,1,1,1,2,0,1,0,6,2,6,1
11,15,4,0,1,0,3,0,0,0,1,1,1,0,2,1,2,6,0,8,0
5,15,4,1,1,0,3,0,0,12,1,1,1,0,0,1,0,2,11,4,1
1,17,4,0,1,0,0,1,0,16,1,1,1,5,0,5,3,7,5,6,0
0,18,4,1,1,3,3,0,1,2,1,1,1,5,0,9,2,0,0,0,1
7,15,4,0,1,0,3,0,0,2,1,1,1,0,0,3,0,9,10,6,1
4,18,0,1,1,0,3,1,0,0,1,1,1,8,0,1,5,0,0,0,1
11,8,3,0,1,0,0,0,0,7,1,0,1,0,2,6,0,8,4,12,1
9,18,4,0,1,0,3,0,0,2,1,1,1,5,0,1,0,4,10,8,1
0,18,4,0,1,0,3,0,0,11,1,1,1,5,0,0,5,0,0,0,1
2,18,4,1,1,0,3,0,0,2,1,1,1,5,0,0,5,0,0,0,1
7,19,4,1,1,0,3,3,0,0,1,1,1,0,0,1,0,6,11,12,0
14,11,4,0,1,4,3,1,1,0,1,1,1,0,2,1,0,5,4,10,1
5,20,4,0,1,0,3,1,0,2,1,1,1,0,0,1,0,1,4,2,1
13,20,4,0,1,0,3,0,0,5,1,1,1,5,2,6,0,8,4,6,1
2,16,4,1,1,4,3,0,1,9,1,1,1,0,0,1,0,6,6,8,1
1,18,4,1,1,0,3,0,0,2,1,1,1,1,0,1,5,0,0,0,1
1,18,4,0,1,0,3,0,0,2,1,1,1,7,0,1,0,6,6,6,1
4,18,4,1,1,0,3,0,0,15,1,1,1,1,0,1,5,0,0,1,1
2,15,4,0,1,0,3,3,0,11,1,1,1,0,0,1,0,6,8,12,0
8,18,4,0,1,3,3,0,1,2,1,1,1,0,0,1,0,6,2,7,1
3,13,4,1,1,2,3,3,0,2,1,1,1,0,0,9,2,0,0,0,1
10,15,0,0,0,0,3,0,0,15,1,1,0,7,0,0,5,0,0,0,1
10,15,0,0,1,0,1,3,0,0,1,1,1,0,0,1,0,6,11,11,1
7,19,4,1,1,0,3,0,0,2,1,1,1,5,0,3,5,3,0,3,1
7,20,4,1,1,0,3,1,0,2,1,1,1,8,0,1,0,6,2,12,1
4,0,4,0,1,4,3,0,1,2,1,1,1,5,0,0,5,0,0,7,1
13,17,4,0,1,0,3,0,0,15,1,1,1,1,2,0,5,0,0,1,0
12,17,2,1,1,0,3,1,0,0,1,1,1,0,2,4,5,1,0,2,1
1,18,4,0,1,0,3,1,0,2,1,1,1,0,0,1,0,4,3,4,1
11,16,4,0,1,0,3,0,0,2,1,1,1,0,2,0,5,0,0,5,1
6,7,4,1,1,0,3,0,0,12,1,1,1,7,0,2,0,2,3,3,1
14,20,0,1,1,0,3,1,0,1,1,1,1,0,2,1,0,5,0,2,0
4,20,4,1,1,0,3,0,0,2,1,1,1,1,0,3,0,6,4,5,1
13,20,4,0,1,0,3,0,0,2,1,1,1,0,2,1,0,1,8,4,0
13,19,0,1,1,4,3,0,1,1,1,1,1,0,2,1,0,4,5,6,0
1,14,4,1,1,0,3,0,0,2,1,1,1,7,0,1,0,2,1,2,1
14,20,4,0,1,0,3,1,0,0,1,1,1,0,2,1,0,6,5,14,1
13,19,0,1,1,0,3,1,0,0,1,1,1,7,2,1,0,6,6,11,0
9,18,4,1,1,0,3,0,0,2,1,1,1,0,0,1,0,6,10,10,1
12,16,4,0,1,0,3,0,0,11,1,1,1,0,2,1,0,7,10,13,0
1,17,4,1,1,0,3,1,0,2,1,1,1,0,0,2,0,2,2,4,1
3,18,4,1,1,0,3,0,0,5,1,1,1,0,0,1,0,1,3,2,1
3,18,4,0,1,0,3,0,0,2,1,1,1,7,0,1,0,6,6,6,1
10,17,4,1,1,0,3,0,0,2,1,1,1,0,0,4,0,6,4,10,1
10,17,4,0,1,0,1,0,0,2,1,1,1,0,0,1,0,6,11,7,1
14,15,2,1,1,0,3,0,0,2,1,1,1,0,2,1,5,0,0,0,1
7,19,0,0,1,0,3,0,0,0,1,1,1,0,0,1,0,6,10,8,1
5,17,4,1,1,0,3,0,0,2,1,1,1,0,0,1,0,3,3,4,1
3,20,0,1,1,4,3,0,1,8,1,1,1,5,0,1,1,4,0,0,1
12,19,0,1,1,0,3,0,0,1,1,1,1,0,2,1,0,5,0,8,1
1,18,4,0,1,0,3,0,0,16,1,1,1,1,0,1,5,2,0,2,1
10,20,4,1,1,0,3,0,0,2,1,1,1,5,0,1,0,6,8,11,1
14,15,4,0,1,0,3,3,0,2,1,1,1,5,2,1,0,6,2,11,1
2,18,4,0,1,0,3,3,0,2,1,1,1,0,0,1,0,2,4,5,1
5,18,4,1,1,0,3,3,0,10,1,1,1,0,0,0,5,0,0,0,1
14,18,4,0,1,0,3,3,0,0,1,1,1,1,2,1,0,5,3,9,1
13,20,4,1,1,3,3,0,1,5,1,1,1,0,2,1,0,6,9,6,1
2,19,0,1,1,0,1,1,0,1,1,1,1,0,2,1,0,3,7,9,1
14,17,4,0,1,0,3,1,0,0,1,1,1,0,2,1,0,4,4,7,1
5,20,4,1,1,0,3,1,0,11,1,1,1,8,0,1,0,6,10,12,0
1,18,4,0,1,0,3,0,0,2,1,1,1,0,0,1,0,3,6,4,1
7,14,0,0,1,0,3,2,0,0,1,1,1,7,0,1,1,6,0,10,1
8,18,4,1,1,0,3,0,0,0,1,1,1,0,0,3,0,4,1,5,1
11,18,4,1,0,0,3,2,0,0,1,0,1,0,2,7,2,6,0,2,1
14,21,4,1,1,0,3,0,0,0,1,1,1,0,2,2,0,2,2,14,1
11,21,4,0,1,0,3,0,0,12,1,1,1,0,2,1,0,6,2,11,0
5,20,4,1,1,0,3,1,0,0,1,1,1,0,0,4,0,8,10,10,1
1,19,4,1,1,0,3,0,0,0,1,1,1,0,0,1,0,1,3,4,1
12,20,4,1,1,0,3,0,0,2,1,1,1,7,2,1,0,4,11,4,1
0,15,4,0,1,0,3,0,0,2,1,1,1,0,0,1,2,4,0,2,1
0,15,4,0,1,0,3,0,0,2,1,1,1,0,0,1,0,4,1,6,1
6,21,0,0,1,0,3,1,0,0,1,1,1,5,0,1,0,6,8,14,1
10,20,4,1,1,0,3,0,0,2,1,1,1,5,0,0,5,0,0,0,1
9,14,4,0,1,4,3,0,1,2,1,1,1,5,0,1,0,6,8,11,1
15,21,4,0,1,0,3,0,0,0,1,1,1,5,2,1,0,7,5,13,1
0,18,4,0,1,3,3,2,1,2,1,1,1,0,0,0,5,0,0,0,1
13,20,0,0,1,0,3,0,0,1,1,1,1,5,2,1,0,7,7,13,1
9,20,4,1,1,0,3,3,0,2,1,1,1,5,0,1,0,6,6,9,1
15,22,0,0,1,0,3,1,0,0,1,1,1,0,2,6,0,9,0,14,1
11,23,4,0,1,0,3,1,0,12,1,1,1,0,2,1,0,6,6,14,1
3,17,4,1,1,0,3,1,0,2,1,1,1,0,0,1,5,0,0,0,1
3,18,4,0,1,0,3,0,0,2,1,1,1,7,0,1,0,1,4,2,1
7,15,4,1,1,3,3,0,0,16,1,1,1,0,0,3,5,4,0,5,1
5,18,4,0,1,0,3,0,0,10,1,1,1,0,0,1,0,6,3,10,1
15,21,4,1,1,4,3,3,1,0,1,1,1,0,2,6,0,2,0,2,0
2,18,4,0,1,0,3,0,0,16,1,1,1,0,0,1,0,4,4,4,1
5,15,4,1,1,0,3,1,0,12,1,1,1,0,0,1,2,2,0,4,1
15,18,0,0,1,0,3,0,0,0,1,1,1,0,2,1,0,7,5,5,1
8,18,4,0,1,0,3,1,0,0,1,1,1,0,0,1,0,5,2,6,1
4,15,4,0,0,0,3,3,0,15,1,1,1,7,0,0,5,0,0,1,0
15,21,0,1,1,0,3,1,0,1,1,1,1,8,2,1,0,4,2,9,1
3,18,4,1,1,0,3,3,0,5,1,1,1,0,0,0,5,0,0,0,1
3,18,4,0,1,0,3,3,0,16,1,1,1,5,0,1,1,6,0,6,0
0,15,4,0,1,0,3,1,0,7,1,1,1,8,0,1,5,0,0,1,1
12,10,4,0,0,0,3,0,0,0,1,1,1,7,2,5,0,8,4,10,1
5,17,4,0,1,0,3,0,0,2,1,1,1,7,0,3,5,0,0,1,1
15,20,4,1,1,0,3,3,0,11,1,1,1,0,2,6,0,2,6,5,1
0,18,4,0,1,0,3,0,0,11,1,1,1,1,0,1,2,2,0,2,1
14,18,4,0,1,4,3,3,1,9,1,1,1,7,2,1,0,4,0,9,1
8,21,4,1,1,0,3,1,0,0,1,1,1,0,0,2,0,8,2,14,0
15,21,0,1,1,3,3,0,1,1,1,1,1,0,2,1,0,6,3,14,1
12,23,3,1,1,3,3,3,1,1,1,1,1,0,2,7,0,6,8,4,1
12,13,4,0,1,0,3,0,0,15,1,1,1,0,2,1,5,0,0,0,1
7,16,0,1,1,0,3,0,0,3,1,1,1,1,0,1,0,9,4,10,1
7,21,0,0,1,4,3,0,1,9,1,1,1,5,0,1,0,6,10,11,1
3,20,4,0,1,0,3,1,0,2,1,1,1,0,0,2,0,6,8,5,1
2,14,4,1,0,0,3,0,0,2,1,1,0,8,0,1,0,3,6,5,1
9,19,4,0,1,0,3,1,0,2,1,1,1,0,0,4,0,6,8,7,1
2,15,4,1,1,0,3,0,0,16,1,1,1,0,0,1,0,6,1,7,1
14,23,2,0,1,0,3,3,0,12,1,1,1,0,2,1,5,6,0,14,0
3,15,4,1,1,0,3,1,0,0,1,1,1,0,0,1,0,6,1,8,0
15,21,0,1,1,4,3,0,1,1,1,1,1,5,2,1,0,6,8,14,1
6,20,4,1,1,0,3,1,0,11,1,1,1,0,0,1,0,1,8,14,0
15,17,4,0,1,0,3,1,0,2,1,1,1,0,2,1,0,4,1,4,1
9,15,0,1,1,0,3,0,0,1,1,1,1,7,0,0,5,0,0,10,0
3,18,4,1,1,0,3,1,0,11,1,1,1,0,0,1,0,6,3,6,0
9,18,2,1,1,4,3,1,1,0,1,1,1,0,0,1,5,6,0,7,1
6,18,4,0,1,0,3,1,0,4,1,1,1,0,0,1,0,5,6,9,1
1,13,4,0,1,0,3,1,0,15,1,1,1,0,0,1,5,0,0,0,0
8,20,0,0,1,0,3,1,0,1,1,1,1,0,0,3,0,6,7,12,1
13,20,0,1,1,0,3,0,0,0,1,1,1,5,2,1,0,2,3,6,0
10,14,0,0,1,4,3,1,1,0,1,1,1,0,0,1,0,8,10,14,1
11,15,4,1,1,0,3,3,0,11,1,1,1,1,2,1,0,8,10,12,0
0,15,4,0,1,0,3,0,0,2,1,1,1,7,0,1,0,1,8,6,1
12,20,4,0,1,3,3,3,1,2,1,1,1,0,2,1,0,6,8,6,1
12,20,4,0,1,3,3,0,1,0,1,1,1,5,2,1,0,6,6,13,1
14,17,4,0,1,0,3,1,0,0,1,1,1,0,2,1,0,5,2,10,0
9,20,4,1,1,0,3,0,0,12,1,1,1,0,0,4,0,4,1,4,1
2,19,4,0,1,0,0,1,0,16,1,1,1,0,0,5,3,9,2,4,1
3,13,4,1,1,4,3,0,1,16,1,1,1,7,0,6,5,1,0,2,0
8,19,0,1,1,0,3,0,0,0,1,1,1,1,0,1,0,6,4,9,1
9,20,0,1,1,0,3,1,0,0,1,1,1,0,0,2,0,3,4,7,0
3,18,4,0,1,4,3,3,1,14,1,1,1,5,0,0,5,0,0,0,0
2,15,4,0,1,0,3,0,0,0,1,1,1,0,0,1,0,9,11,5,1
5,15,0,1,1,4,3,0,1,1,1,1,1,7,0,1,0,6,5,3,1
15,22,0,1,1,4,3,0,1,1,1,1,1,0,2,1,0,6,6,11,1
8,18,0,0,1,0,3,1,0,0,1,1,1,0,0,6,0,2,0,3,1
14,22,0,1,1,0,3,1,0,0,1,1,1,0,2,2,0,6,4,13,1
8,18,3,0,1,0,3,3,0,0,1,1,1,0,0,6,0,6,8,8,0
2,18,4,0,0,0,3,3,0,2,1,1,0,0,0,0,5,0,0,4,1
13,15,0,0,1,0,3,3,0,15,1,1,1,0,2,0,5,0,0,0,1
14,15,0,0,1,0,1,1,0,1,1,1,1,0,2,1,0,6,2,14,1
3,19,4,0,1,0,3,0,0,2,1,1,1,7,0,3,0,8,6,6,1
2,18,4,1,0,0,3,0,0,16,1,1,0,0,0,0,5,0,0,3,0
15,21,0,0,1,4,3,0,1,0,1,1,1,5,2,1,0,6,10,14,1
3,18,4,1,1,0,3,3,0,11,1,1,1,0,0,1,1,2,0,2,0
11,15,4,0,0,0,1,0,0,2,1,0,1,5,2,1,0,6,11,12,1
11,16,0,1,1,4,3,0,1,1,1,1,1,0,2,1,0,5,6,4,1
11,21,0,1,1,4,3,3,1,1,1,1,1,5,2,0,5,0,0,0,0
4,18,4,1,1,0,3,0,0,2,1,1,1,1,0,1,0,3,2,4,1
1,15,4,0,0,0,3,0,0,2,1,1,0,7,0,0,5,0,0,0,1
13,21,0,0,1,2,3,1,0,0,1,1,1,0,2,1,0,2,3,14,1
14,18,0,0,1,0,3,1,0,0,1,1,1,0,2,1,0,6,3,11,1
6,13,4,1,0,4,3,0,1,14,1,1,1,7,2,0,5,0,0,7,1
8,15,4,0,0,0,3,3,0,12,1,1,0,0,0,1,0,9,6,5,0
6,20,4,0,1,0,3,3,0,11,1,1,1,0,0,1,0,4,1,5,1
13,15,4,0,1,3,3,3,0,11,1,1,1,7,2,1,0,6,2,11,1
15,15,0,1,1,4,3,0,1,0,1,1,1,7,2,0,5,0,0,0,1
14,8,0,0,1,4,3,0,1,16,1,1,1,0,2,1,5,6,0,4,0
3,18,4,0,1,0,3,1,0,0,1,1,1,0,0,1,0,9,1,4,1
8,21,4,0,1,0,3,1,0,0,1,1,1,1,0,5,0,6,5,7,0
13,15,0,1,1,0,3,3,0,0,1,1,1,0,2,1,5,0,0,0,1
8,23,4,1,1,0,3,3,0,13,1,1,1,7,0,2,0,5,2,11,1
11,20,4,1,1,0,3,0,0,0,1,1,1,1,2,2,0,8,1,10,1
2,18,4,1,1,0,3,0,0,9,1,1,1,1,0,1,5,1,0,3,1
3,18,4,0,1,0,3,3,0,2,1,1,1,5,0,9,2,0,0,0,1
6,20,4,0,1,4,3,0,1,2,1,1,1,5,0,1,0,6,6,7,1
9,17,4,0,1,0,3,0,0,2,1,1,1,0,0,1,0,8,4,12,1
13,21,4,0,1,4,3,0,1,0,1,1,1,5,2,1,0,7,6,14,1
9,20,0,0,1,0,3,3,0,0,1,1,1,7,0,1,0,6,6,12,1
10,20,4,0,1,0,3,3,0,0,1,1,1,0,0,1,0,6,2,13,1
13,20,4,0,1,0,3,1,0,0,1,1,1,0,2,1,0,7,2,14,0
5,15,4,0,1,0,3,0,0,2,1,1,1,7,0,2,0,6,6,9,0
8,15,4,0,1,0,3,0,0,2,1,1,1,0,0,1,0,2,6,6,1
9,18,4,0,1,0,3,1,0,11,1,1,1,0,0,6,0,8,4,11,0
8,15,4,1,1,0,3,1,0,0,1,1,1,8,0,5,0,6,2,6,1
2,15,4,1,1,0,3,3,0,2,1,1,1,0,0,1,0,4,3,5,1
9,15,4,1,1,0,3,0,0,0,1,1,1,8,0,1,0,3,1,8,1
10,20,0,1,1,3,3,0,1,15,1,1,1,7,0,1,5,7,0,0,1
13,17,0,1,1,4,3,3,1,1,1,1,1,7,2,1,5,0,0,2,1
12,21,0,0,1,4,3,0,1,1,1,1,1,0,2,0,5,0,0,0,1
5,19,4,0,1,0,3,0,0,2,1,1,1,5,0,1,0,6,3,10,1
8,15,4,1,1,0,3,3,0,7,1,1,1,0,0,0,5,0,0,7,1
14,19,0,1,1,0,3,0,0,0,1,1,1,0,2,1,0,8,8,7,1
8,15,4,0,1,0,3,0,0,2,1,1,1,7,0,1,0,6,6,6,1
8,15,4,0,1,0,3,0,0,7,1,1,1,0,0,1,0,6,6,7,1
3,15,4,0,1,0,0,0,0,16,1,1,1,0,0,5,3,9,1,6,1
1,17,4,1,0,0,3,1,0,16,1,1,0,0,0,0,5,0,0,3,0
5,17,0,0,1,0,3,0,0,1,1,1,1,0,0,6,0,4,3,3,1
13,20,0,1,1,4,3,1,1,1,1,1,1,0,2,1,0,6,3,11,1
9,20,4,1,1,0,3,1,0,2,1,1,1,0,0,3,0,6,0,6,1
11,22,0,1,1,3,3,0,1,0,1,1,1,7,2,1,0,9,6,11,0
14,19,0,0,1,0,3,1,0,0,1,1,1,0,2,1,0,6,8,10,1
0,15,4,1,1,0,3,1,0,2,1,1,1,8,0,1,5,1,0,2,1
1,18,4,1,1,0,3,1,0,2,1,1,1,0,0,1,0,1,5,1,0
7,20,4,1,1,0,3,1,0,2,1,1,1,6,0,2,0,3,1,11,1
14,19,0,1,1,3,3,3,1,0,1,1,1,5,2,3,0,6,8,9,1
1,15,4,0,1,0,0,0,0,16,1,1,1,0,0,5,3,6,1,6,1
11,17,4,1,1,0,3,1,0,2,1,1,1,0,2,1,0,2,8,5,1
3,18,0,0,1,0,3,3,0,1,1,1,1,0,0,1,1,6,0,6,1
9,20,0,1,1,0,3,3,0,1,1,1,1,0,0,2,5,0,0,0,1
7,13,4,0,1,0,3,0,0,0,1,1,1,0,0,1,2,2,0,4,1
6,20,4,0,1,3,3,0,1,0,1,1,1,5,0,1,0,6,3,12,1
1,18,4,1,1,0,3,1,0,0,1,1,1,0,0,4,0,6,6,5,1
0,18,4,1,1,0,2,0,0,10,1,1,1,0,0,0,5,0,0,0,0
9,20,4,0,1,2,3,0,0,0,1,1,1,0,0,1,0,6,3,12,1
13,20,0,1,1,4,3,0,1,0,1,1,1,0,2,1,0,5,10,13,1
0,15,4,1,1,0,3,3,0,2,1,1,1,0,0,1,0,4,7,7,1
12,20,0,0,1,4,3,0,1,0,1,1,1,0,2,1,0,6,8,12,0
8,15,4,0,1,4,3,0,1,0,1,1,1,0,0,1,0,6,4,7,0
11,19,0,1,1,0,3,1,0,1,1,1,1,5,2,1,0,1,6,2,1
13,19,0,0,1,3,3,0,1,1,1,1,1,5,2,1,0,7,3,12,1
8,17,4,0,1,0,3,1,0,7,1,1,1,0,0,1,0,6,11,4,1
14,19,4,1,1,0,3,0,0,12,1,1,1,0,2,1,0,6,3,4,0
13,23,0,1,1,4,3,0,1,0,1,1,1,0,2,1,0,8,6,14,0
2,18,4,1,1,0,3,0,0,0,1,1,1,1,0,1,0,2,6,6,0
10,20,4,1,1,0,3,0,0,2,1,1,1,5,0,3,0,5,4,5,1
12,16,4,0,1,0,3,0,0,0,1,1,1,0,2,1,0,7,10,13,1
2,15,4,1,1,4,3,3,1,9,1,1,1,5,0,0,5,0,0,0,1
14,18,4,0,1,0,3,1,0,2,1,1,1,0,2,1,0,4,3,9,1
6,19,4,1,1,0,3,0,0,12,1,1,1,0,0,1,0,5,6,6,1
2,15,4,0,1,4,3,0,1,2,1,1,1,5,0,1,0,6,8,10,1
5,18,4,0,0,0,3,0,0,2,1,1,0,0,0,0,5,0,0,4,1
5,22,4,1,1,0,3,0,0,7,1,1,1,0,0,1,0,6,4,10,1
11,15,0,0,0,3,3,0,1,15,1,1,1,7,2,1,5,5,0,2,0
2,18,4,1,1,0,3,0,0,2,1,1,1,1,0,1,0,2,2,4,1
4,15,4,1,0,0,3,0,0,9,1,1,0,7,0,1,0,3,3,8,1
1,15,4,0,1,0,3,0,0,2,1,1,1,5,0,1,0,7,6,12,0
3,18,4,1,1,4,3,3,1,2,1,1,1,0,0,1,0,6,3,3,1
8,20,4,1,1,0,3,0,0,2,1,1,1,7,0,3,0,3,4,9,1
9,21,4,0,1,0,3,1,0,5,1,1,1,0,0,1,0,8,5,10,0
10,20,4,1,1,0,3,1,0,10,1,1,1,0,0,1,0,6,7,10,1
7,20,4,1,1,2,3,1,0,2,1,1,1,0,0,1,5,0,0,0,1
8,15,0,0,0,4,3,0,1,16,1,1,1,0,0,1,0,9,4,5,1
15,15,0,0,1,3,3,0,1,0,1,1,1,1,2,1,0,6,8,5,1
2,17,4,0,1,0,3,0,0,2,1,1,1,7,0,6,0,3,4,2,1
14,8,0,0,1,4,3,0,1,2,1,1,1,0,2,1,5,0,0,1,0
1,15,4,0,0,0,3,0,0,6,0,1,0,6,0,0,5,0,0,4,1
11,21,4,0,1,0,3,1,0,0,1,1,1,8,2,3,0,6,6,12,1
15,15,0,1,1,4,3,0,1,0,1,1,1,7,2,1,0,9,8,10,1
8,18,4,0,1,4,3,0,1,11,1,1,1,0,0,6,0,6,0,9,0
13,20,0,0,1,0,3,1,0,1,1,1,1,0,2,7,0,1,3,2,1
10,18,4,1,1,0,3,3,0,14,1,1,1,5,0,1,0,4,6,10,1
13,20,0,1,1,0,3,2,0,0,1,1,1,0,2,6,5,1,0,1,0
9,15,4,1,1,0,3,0,0,2,1,1,1,0,0,0,5,0,0,3,1
9,18,4,1,1,0,3,1,0,12,1,1,1,0,0,1,0,3,8,5,0
11,20,4,0,1,0,3,3,0,2,1,1,1,0,2,1,0,6,4,12,0
7,16,4,0,1,0,3,0,0,2,1,1,1,0,0,1,0,6,6,7,1
13,14,0,1,0,4,3,0,1,0,1,1,0,0,2,0,5,0,0,0,1
7,15,4,1,1,0,3,0,0,12,1,1,1,0,0,1,0,6,3,11,1
9,18,4,1,1,0,3,0,0,0,1,1,1,5,0,1,0,6,4,12,1
1,15,4,0,1,0,3,3,0,2,1,1,1,5,0,1,2,6,0,3,1
15,20,0,1,1,0,3,0,0,1,1,1,1,0,2,1,5,6,0,2,1
6,15,0,0,1,4,3,0,1,1,1,1,1,7,0,1,0,6,6,8,0
12,20,0,1,1,4,3,0,1,1,1,1,1,0,2,6,5,0,0,0,1
1,18,4,0,1,0,3,0,0,2,1,1,1,0,0,1,0,1,1,3,1
6,18,4,0,1,0,3,3,0,2,1,1,1,5,0,1,0,6,5,11,1
12,20,0,0,1,0,3,0,0,1,1,1,1,0,2,1,0,6,5,14,1
2,19,4,1,1,0,3,0,0,2,1,1,1,7,0,0,5,0,0,0,1
9,20,4,1,1,3,3,3,1,2,1,1,1,5,0,1,0,6,11,9,1
15,18,4,0,1,0,3,3,0,2,1,1,1,7,2,1,0,5,0,2,1
11,20,4,0,1,4,3,0,1,11,1,1,1,5,2,1,0,6,6,10,0
3,19,4,0,1,0,3,1,0,2,1,1,1,0,0,1,0,6,2,5,0
2,18,4,1,1,0,3,1,0,16,1,1,1,0,0,1,5,2,0,2,0
15,21,0,1,1,0,3,0,0,0,1,1,1,5,2,1,0,6,6,13,1
15,20,0,0,1,3,3,3,1,1,1,1,1,8,2,1,0,7,7,12,1
6,18,0,0,1,0,3,0,0,16,1,1,1,0,0,0,5,0,0,0,1
2,15,4,0,1,0,0,0,0,16,1,1,1,1,0,5,3,9,1,6,1
4,15,4,0,1,0,0,0,0,16,1,1,1,0,0,5,3,6,2,7,1
6,20,4,0,1,0,3,1,0,0,1,1,1,0,0,1,0,1,3,2,1
12,18,4,0,1,0,3,1,0,0,1,1,1,8,2,1,0,5,2,7,1
6,20,0,1,1,0,3,0,0,2,1,1,1,0,0,0,5,0,0,0,1
1,19,4,1,0,0,3,1,0,12,0,1,0,0,0,1,0,2,8,4,0
12,0,4,1,1,4,3,0,1,0,1,1,1,0,2,6,0,6,4,9,1
10,20,4,1,1,0,3,1,0,12,1,1,1,0,0,1,0,6,8,12,1
13,15,4,0,1,0,3,0,0,2,1,1,1,7,2,1,0,6,6,10,1
11,20,0,0,1,0,3,0,0,1,1,1,1,5,2,1,0,6,6,10,1
1,14,4,1,0,0,3,3,0,11,1,1,0,0,0,0,5,0,0,0,0
12,18,0,1,1,0,3,1,0,8,1,1,1,8,2,4,0,1,1,3,1
14,8,3,0,1,3,3,3,1,2,1,1,1,0,2,1,0,3,4,4,1
13,21,4,1,1,0,3,1,0,0,1,1,1,0,2,1,0,6,3,14,1
10,20,0,0,1,0,0,0,0,0,1,1,1,7,0,5,3,9,11,11,1
2,18,4,1,1,0,3,1,0,2,1,1,1,8,0,1,0,2,4,2,1
1,18,4,1,1,0,3,3,0,16,1,1,1,5,0,1,0,1,2,2,1
9,18,0,0,1,0,3,0,0,1,1,1,1,0,0,1,0,5,3,6,1
1,18,1,1,1,1,3,0,0,14,1,1,1,6,0,9,2,5,0,2,1
12,15,4,0,1,0,3,1,0,0,1,1,1,5,2,1,1,6,0,9,1
14,21,0,0,1,3,3,0,1,1,1,1,1,5,2,1,0,7,4,14,1
9,11,0,0,1,4,3,0,1,1,1,1,1,0,0,1,0,9,1,12,1
15,15,4,0,1,0,0,3,0,11,1,1,1,0,2,5,3,9,4,12,1
0,18,4,0,1,0,3,0,0,2,1,1,1,0,0,1,0,3,6,3,1
0,17,4,1,1,0,3,0,0,2,1,1,1,7,0,3,0,1,8,1,1
12,15,4,0,1,0,3,3,0,14,1,1,1,7,2,1,0,9,8,12,1
5,20,4,1,1,0,3,0,0,0,1,1,1,0,0,1,0,6,10,3,1
9,7,0,1,1,0,1,0,0,11,1,1,1,7,2,3,0,2,7,7,1
12,19,2,0,1,0,3,1,0,2,1,1,1,0,2,4,0,9,11,11,1
0,17,4,0,1,0,3,0,0,2,1,1,1,0,0,0,5,0,0,0,1
7,19,4,1,1,0,3,0,0,2,1,1,1,0,0,1,0,6,6,13,1
10,15,4,0,1,0,3,0,0,0,1,1,1,8,0,0,5,0,0,4,1
9,20,4,1,1,0,3,3,0,11,1,1,1,0,0,3,0,6,10,13,0
12,16,4,0,0,0,3,1,0,3,0,0,1,0,2,1,0,6,2,2,0
5,15,4,0,1,0,3,3,0,2,1,1,1,0,0,1,0,3,5,4,1
6,18,0,1,1,0,3,1,0,1,1,1,1,5,0,1,0,3,6,11,1
10,16,4,0,1,0,3,0,0,0,1,1,1,7,0,1,0,6,6,10,1
15,18,0,0,1,0,3,1,0,0,1,1,1,0,2,2,0,6,2,7,0
5,18,2,0,1,1,3,0,1,7,1,1,1,0,0,1,0,5,1,6,1
2,19,4,1,1,3,3,3,1,16,1,1,1,5,0,0,5,0,0,0,0
8,18,4,1,1,0,3,3,0,2,1,1,1,1,0,1,0,3,4,9,1
4,18,4,0,1,0,3,0,0,2,1,1,1,7,0,1,0,6,8,7,1
3,13,0,0,1,0,3,0,0,8,1,1,1,0,0,1,0,6,6,5,1
6,18,4,1,1,4,3,0,1,0,1,1,1,0,0,1,0,5,5,7,0
2,17,0,1,1,0,3,3,0,8,1,1,1,0,0,4,0,2,1,3,1
3,20,4,1,1,0,3,0,0,2,1,1,1,7,0,1,0,6,10,9,1
13,21,4,0,1,0,3,0,0,0,1,1,1,0,2,7,0,9,6,13,1
2,15,4,0,1,0,3,3,0,16,1,1,1,0,0,3,5,2,0,4,1
15,21,0,0,1,0,0,1,0,0,1,1,1,0,2,5,3,9,2,13,1
2,15,4,0,1,0,3,0,0,2,1,1,1,0,0,1,0,2,3,2,1
11,20,4,0,1,3,3,0,1,10,1,1,1,8,2,1,0,6,8,13,1
3,20,4,1,1,0,3,0,0,0,1,1,1,0,0,1,0,6,4,8,1
7,20,4,1,1,0,3,0,0,2,1,1,1,8,0,1,0,5,6,4,1
14,20,0,0,1,3,3,0,1,0,1,1,1,5,2,1,0,9,11,14,1
10,17,4,0,1,0,3,1,0,0,1,1,1,0,0,1,0,4,7,9,1
0,15,4,0,1,0,3,1,0,2,1,1,1,8,0,1,0,6,2,7,1
6,16,0,0,1,0,3,0,0,2,1,1,1,5,0,1,0,6,8,5,1
8,18,0,1,1,4,3,0,1,0,1,1,1,0,0,1,1,4,0,6,1
13,20,0,1,1,0,3,0,0,1,1,1,1,0,2,6,0,6,0,11,1
7,20,0,0,1,0,3,0,0,2,1,1,1,5,0,3,0,6,7,10,1
7,19,4,1,1,0,3,0,0,2,1,1,1,8,0,1,0,6,2,12,1
6,18,4,1,1,0,3,0,0,2,1,1,1,0,0,1,0,1,1,3,1
15,15,4,0,1,0,3,0,0,2,1,1,1,5,0,2,0,4,5,4,1
6,15,4,0,1,2,3,3,0,2,1,1,1,0,0,1,0,5,6,12,1
7,18,4,0,1,3,3,0,1,2,1,1,1,7,0,1,0,7,6,12,1
4,15,4,1,1,0,3,0,0,5,1,1,1,5,0,1,0,6,4,6,1
13,19,4,0,1,0,3,1,0,0,1,1,1,0,2,2,0,7,8,14,1
6,15,4,0,1,0,3,0,0,5,1,1,1,7,0,1,2,6,0,8,0
9,16,4,1,1,0,3,1,0,12,1,1,1,0,0,0,5,0,0,0,0
6,20,4,0,1,0,3,1,0,0,1,1,1,0,0,1,0,6,11,14,1
11,20,0,1,1,3,3,0,1,1,1,1,1,5,2,1,0,6,6,11,1
13,21,0,0,1,0,0,1,0,0,1,1,1,0,2,5,0,8,6,12,1
2,22,4,1,1,0,3,0,0,15,1,1,1,7,0,0,5,0,0,0,1
6,13,4,0,0,0,3,3,0,16,1,1,0,0,0,1,5,0,0,4,1
5,18,0,1,1,0,3,1,0,1,1,1,1,0,0,1,0,1,4,2,1
15,21,4,1,1,0,3,3,0,14,1,1,1,1,2,1,0,6,8,13,1
4,15,4,0,1,2,3,0,0,2,1,1,1,0,0,1,0,5,3,6,1
0,15,4,0,0,0,3,0,0,2,0,1,1,7,0,0,5,0,0,2,1
3,19,4,0,1,0,3,1,0,0,1,1,1,0,0,3,0,4,6,5,1
2,18,4,0,1,0,3,0,0,2,1,1,1,5,0,1,0,1,3,2,1
4,17,4,0,1,0,3,1,0,15,1,1,1,8,0,1,5,0,0,0,0
14,14,4,1,0,0,3,0,0,12,1,1,0,0,2,0,5,0,0,1,1
8,17,0,1,1,0,3,0,0,0,1,1,1,7,0,1,2,6,0,9,1
5,17,4,0,1,0,3,0,0,12,1,1,1,0,0,3,0,6,6,4,1
2,18,4,1,1,0,3,1,0,2,1,1,1,0,0,0,5,0,0,0,1
6,18,4,1,1,0,3,3,0,2,1,1,1,7,0,4,0,1,2,2,1
5,19,4,1,1,0,3,1,0,16,1,1,1,1,0,0,5,0,0,3,1
11,20,0,1,1,0,3,0,0,0,1,1,1,1,2,1,2,6,0,10,0
2,17,4,0,1,0,3,1,0,2,1,1,1,7,0,1,0,2,2,4,0
7,18,4,0,1,0,3,3,0,2,1,1,1,7,0,1,0,2,10,2,1
0,15,4,0,1,0,3,0,0,2,1,1,1,7,0,0,5,0,0,0,1
10,17,4,0,1,0,3,0,0,15,1,1,1,0,0,4,5,5,0,3,1
8,16,4,0,0,0,3,1,0,0,1,1,0,0,0,0,5,0,0,4,0
7,17,4,1,1,0,3,1,0,5,1,1,1,5,0,1,2,0,0,6,1
6,15,4,0,1,0,3,0,0,2,1,1,1,7,0,8,5,0,0,0,1
13,20,4,1,1,0,3,0,0,5,1,1,1,7,2,6,0,8,6,12,1
13,20,0,0,1,0,3,1,0,0,1,1,1,0,2,1,0,8,8,14,1
3,15,4,0,1,0,3,1,0,2,1,1,1,7,0,1,0,6,6,6,1
9,20,4,0,1,0,3,1,0,0,1,1,1,0,0,1,0,6,6,14,1
12,18,4,1,1,0,3,3,0,11,1,1,1,0,2,0,5,0,0,4,0
11,20,4,0,1,0,3,1,0,0,1,1,1,0,2,1,0,7,5,12,1
5,15,4,0,1,0,3,0,0,2,1,1,1,0,0,1,0,4,3,3,0
8,20,4,0,1,0,3,3,0,2,1,1,1,5,0,3,0,3,8,11,1
1,18,4,0,1,0,3,0,0,15,1,1,1,1,0,1,5,3,0,1,0
1,18,4,1,1,0,3,3,0,2,1,1,1,5,0,1,0,4,5,4,1
1,18,4,0,1,0,0,1,0,16,1,1,1,0,0,5,3,6,5,8,0
10,21,0,1,1,0,3,1,0,0,1,1,1,0,0,1,0,6,4,13,0
6,19,4,0,1,0,1,0,0,2,1,1,1,0,0,8,0,6,3,10,1
14,15,4,1,0,0,3,3,0,0,1,1,1,7,2,1,0,4,2,4,1
5,17,4,0,1,0,3,0,0,2,1,1,1,0,0,1,0,6,3,10,1
6,18,4,0,1,0,3,1,0,7,1,1,1,0,0,1,2,0,0,0,0
2,17,4,0,1,0,3,3,0,0,1,1,1,1,0,1,0,6,6,9,1
3,20,4,0,1,0,3,0,0,2,1,1,1,0,0,1,0,6,5,9,1
12,13,4,0,1,0,3,0,0,15,1,1,1,0,2,1,5,6,0,2,1
14,15,0,1,1,4,3,3,1,1,1,1,1,5,2,0,5,0,0,0,0
8,15,4,1,0,4,3,0,1,0,1,1,0,0,0,1,0,9,3,6,0
9,18,4,0,1,0,3,0,0,5,1,1,1,0,0,0,5,0,0,5,1
11,14,4,1,1,0,3,0,0,12,1,1,1,0,2,1,0,6,1,5,1
4,18,0,1,1,4,3,0,1,0,1,1,1,0,0,1,0,9,1,8,0
7,18,4,0,1,0,3,0,0,0,1,1,1,0,0,1,0,6,2,12,1
0,18,4,1,1,0,3,0,0,11,1,1,1,5,0,1,0,3,8,5,1
7,20,4,0,1,0,3,0,0,2,1,1,1,0,0,1,0,6,5,9,1
7,21,0,1,1,4,3,0,1,1,1,1,1,5,0,1,0,6,2,14,1
3,18,4,1,1,0,3,0,0,12,1,1,1,7,0,1,0,2,9,4,0
7,20,4,1,1,4,3,0,1,2,1,1,1,5,0,1,0,6,6,9,1
8,17,0,1,1,0,3,0,0,1,1,1,1,0,0,1,5,0,0,1,0
12,21,4,1,1,0,3,3,0,14,1,1,1,0,2,7,0,6,0,9,1
11,18,4,0,1,2,3,0,0,2,1,1,1,2,2,1,0,4,3,6,1
9,17,2,1,1,4,3,0,1,1,1,1,1,7,1,3,0,9,3,10,1
10,15,2,1,1,0,3,0,0,7,1,1,1,0,0,1,0,6,1,7,1
11,17,0,1,1,0,3,0,0,0,1,1,1,0,2,1,0,7,6,13,1
15,20,0,1,1,0,3,0,0,1,1,1,1,0,2,4,0,6,4,10,1
2,21,0,0,1,4,3,1,1,1,1,1,1,0,2,5,0,1,9,7,1
3,15,4,1,1,0,3,1,0,2,1,1,1,0,0,1,0,4,11,5,1
10,18,4,0,1,0,3,0,0,0,1,1,1,0,0,1,0,6,3,14,1
11,10,0,1,1,4,3,0,1,0,1,1,1,0,2,5,0,6,3,10,1
14,20,4,0,1,0,3,1,0,12,1,1,1,0,2,1,0,6,3,13,0
1,14,4,0,1,0,3,1,0,16,1,1,1,0,0,7,5,5,0,7,0
15,20,0,0,1,4,3,1,1,1,1,1,1,0,2,1,0,9,11,14,1
1,18,4,0,1,4,3,0,1,16,1,1,1,5,0,1,5,1,0,2,0
10,22,4,1,1,0,3,1,0,0,1,1,1,0,0,7,0,9,2,14,0
9,20,4,0,1,0,3,0,0,0,1,1,1,7,0,7,0,6,3,9,1
9,18,0,1,1,4,3,0,1,0,1,1,1,0,0,1,0,6,6,8,1
10,0,4,0,1,3,3,0,1,2,1,1,1,7,0,1,0,6,4,9,1
10,15,0,0,1,0,3,0,0,0,1,1,1,0,0,1,2,1,0,5,1
8,17,4,1,1,0,3,0,0,7,1,1,1,1,0,1,0,2,1,4,1
7,19,0,1,1,0,3,1,0,0,1,1,1,0,0,1,0,2,5,5,1
14,21,0,1,1,4,3,0,1,1,1,1,1,0,2,1,0,6,3,13,1
14,0,0,1,1,4,3,0,1,1,1,1,1,7,2,6,0,6,4,11,0
4,18,4,1,1,0,3,0,0,0,1,1,1,0,0,0,5,0,0,0,0
14,18,4,1,1,0,3,3,0,0,1,1,1,1,2,1,0,5,5,10,1
0,18,4,1,1,0,3,3,0,4,1,1,1,0,0,1,0,1,3,2,1
5,17,4,0,1,0,3,3,0,2,1,1,1,0,2,1,0,9,11,6,1
8,20,0,0,1,4,3,0,1,0,1,1,1,0,0,1,0,9,3,13,0
15,15,0,1,1,0,3,1,0,0,1,1,1,0,2,1,2,2,0,3,1
8,18,3,0,1,0,3,0,0,9,1,1,1,7,0,1,0,6,2,7,1
13,20,4,0,1,0,3,1,0,12,1,1,1,0,2,1,0,6,2,13,0
12,20,4,1,1,3,3,0,1,2,1,1,1,5,2,1,5,0,0,0,1
15,19,0,0,1,0,3,0,0,0,1,1,1,0,2,1,0,6,6,12,0
5,15,4,0,1,0,3,0,0,2,1,1,1,7,0,1,0,6,3,5,1
11,20,0,0,1,0,3,0,0,1,1,1,1,0,2,1,0,6,11,14,0
14,20,0,0,1,0,3,0,0,0,1,1,1,0,2,1,0,8,11,14,1
1,15,4,0,1,4,3,3,1,10,1,1,1,5,0,1,0,9,8,8,1
6,17,4,0,1,0,3,0,0,5,1,1,1,7,0,1,0,6,6,9,1
10,20,4,0,1,0,3,1,0,2,1,1,1,0,0,1,0,4,3,2,1
3,13,4,0,1,0,3,0,0,15,1,1,1,1,0,1,5,0,0,0,0
15,20,0,0,1,4,3,0,1,0,1,1,1,5,2,1,0,6,6,12,0
1,15,4,0,1,0,3,0,0,2,1,1,1,0,0,1,0,4,6,4,0
15,18,0,1,1,0,3,0,0,1,1,1,1,7,2,0,5,0,0,0,1
10,18,2,1,1,0,1,1,0,1,1,1,1,0,0,8,3,6,0,8,1
4,17,0,1,1,4,3,0,1,1,1,1,1,7,0,1,0,2,10,8,0
6,20,4,1,1,0,3,0,0,0,1,1,1,0,0,2,0,3,1,14,1
9,15,4,0,1,0,3,3,0,12,1,1,1,0,0,0,5,0,0,0,1
0,17,4,0,1,4,3,0,1,11,1,1,1,0,0,1,0,6,2,5,0
2,19,4,0,1,0,3,0,0,2,1,1,1,7,0,1,0,6,3,11,1
0,13,4,0,1,0,3,0,0,2,1,1,1,1,0,9,2,0,0,0,1
10,18,4,1,1,0,3,1,0,0,1,1,1,8,0,3,0,5,10,12,1
7,15,4,1,1,4,3,3,1,2,1,1,1,7,0,1,0,6,4,5,1
8,18,3,1,1,0,3,0,0,2,1,1,1,7,0,1,0,7,8,9,1
1,18,4,0,1,0,3,1,0,2,1,1,1,0,0,1,0,2,1,4,1
8,16,4,1,1,0,3,1,0,2,1,1,1,8,0,1,0,6,6,7,1
6,9,4,0,0,0,3,1,0,12,1,0,1,1,0,9,2,0,0,0,0
10,20,4,1,1,4,3,0,1,0,1,1,1,5,0,1,0,3,4,5,1
10,20,0,1,1,4,3,0,1,1,1,1,1,5,0,5,0,6,8,10,1
14,20,4,1,1,0,3,0,0,2,1,1,1,0,2,1,0,6,3,13,1
7,15,4,1,1,0,3,3,0,0,1,1,1,0,0,1,0,6,6,7,0
2,18,4,1,1,0,3,0,0,2,1,1,1,5,0,0,5,0,0,0,1
9,16,4,0,1,0,3,0,0,12,1,1,1,0,0,1,0,7,3,4,1
10,15,0,0,1,0,3,0,0,15,1,1,1,0,0,1,5,0,0,0,1
0,18,4,1,1,1,3,2,0,11,1,1,1,0,0,2,0,4,10,2,0
15,15,4,0,1,4,3,3,1,0,1,1,1,7,2,1,0,6,4,9,1
1,19,4,0,1,0,3,0,0,0,1,1,1,0,0,1,0,6,5,8,0
4,15,4,1,1,0,3,1,0,0,1,1,1,0,0,1,0,9,2,7,1
15,18,4,0,1,0,3,1,0,10,1,1,1,0,2,1,0,6,8,10,1
5,15,4,0,1,0,3,0,0,7,1,1,1,7,0,1,0,6,10,10,1
9,17,4,0,1,0,3,0,0,5,1,1,1,0,0,2,0,9,3,8,0
3,18,4,0,1,0,3,0,0,9,1,1,1,0,0,1,0,3,2,4,1
13,15,2,1,1,1,3,2,0,2,1,1,1,6,0,2,0,5,8,8,1
8,18,4,0,1,0,3,0,0,0,1,1,1,7,0,3,0,6,4,10,1
5,17,4,0,1,0,3,1,0,2,1,1,1,0,0,1,0,6,8,7,1
14,12,0,0,1,0,3,0,0,1,1,1,1,0,2,1,0,0,11,9,0
9,21,4,1,0,0,1,1,0,0,0,0,1,0,0,4,0,0,5,13,0
9,14,4,0,1,0,3,0,0,12,1,1,1,8,0,4,2,0,0,5,1
11,14,4,0,1,0,3,0,0,14,1,1,1,0,2,0,5,0,0,7,1
13,21,0,0,1,2,3,1,0,0,1,1,1,8,2,1,0,2,9,14,0
1,15,4,0,1,0,3,3,0,2,1,1,1,0,0,1,0,7,6,9,1
13,17,4,1,1,0,3,3,0,0,1,1,1,0,2,2,0,9,2,13,0
15,21,0,1,1,4,3,0,1,1,1,1,1,0,2,1,0,6,4,12,1
4,15,4,0,1,2,3,3,0,2,1,1,1,7,0,1,5,0,0,1,1
0,15,4,0,1,0,0,0,0,16,1,1,1,0,0,5,3,8,0,6,0
0,18,4,0,1,0,3,0,0,2,1,1,1,7,0,0,5,0,0,5,1
4,16,4,0,1,0,3,0,0,3,1,1,1,8,0,1,0,9,1,10,0
10,13,4,1,1,4,3,0,1,10,1,1,1,0,0,1,5,6,0,4,1
7,20,4,1,1,0,3,0,0,2,1,1,1,0,0,2,0,5,0,6,1
10,20,4,1,1,0,3,3,0,11,1,1,1,0,0,1,0,3,3,4,1
1,15,4,1,1,3,3,0,0,16,1,1,1,7,0,2,0,2,2,5,0
13,18,0,0,1,0,3,0,0,1,1,1,1,0,2,1,0,8,8,11,1
4,18,4,0,1,0,3,3,0,14,1,1,1,7,0,7,0,6,3,9,1
10,20,0,1,1,0,3,0,0,0,1,1,1,7,0,0,5,0,0,0,0
5,15,0,1,1,0,3,0,0,0,1,1,1,7,0,4,0,5,1,6,1
11,15,4,1,1,4,3,0,1,12,1,1,1,2,2,2,0,6,6,9,1
1,18,4,1,1,0,3,3,0,11,1,1,1,0,0,0,5,0,0,2,0
1,18,4,1,1,0,3,0,0,16,1,1,1,0,0,2,5,0,0,0,0
6,20,4,1,1,0,3,1,0,11,1,1,1,0,0,1,0,4,6,14,0
12,15,4,0,1,0,3,0,0,2,1,1,1,0,2,1,0,6,8,10,1
11,19,0,1,1,4,3,0,1,1,1,1,1,0,2,1,0,4,6,5,1
15,15,4,0,0,0,3,0,0,0,1,1,0,0,2,1,5,0,0,1,0
1,15,4,1,1,4,3,0,1,2,1,1,1,5,0,0,5,0,0,0,1
1,13,4,1,1,0,3,0,0,10,1,1,1,0,0,1,0,6,2,13,1
0,18,4,0,1,0,3,1,0,2,1,1,1,8,0,1,5,0,0,0,1
7,15,4,0,1,0,3,0,0,2,1,1,1,0,0,1,0,4,4,5,1
13,20,4,1,1,0,3,0,0,0,1,1,1,7,2,3,0,6,10,13,0
5,19,4,0,1,0,3,1,0,2,1,1,1,0,0,1,0,8,8,11,1
9,20,4,0,1,0,3,0,0,4,1,1,1,0,0,1,0,6,8,5,0
4,18,4,0,1,0,3,1,0,9,1,1,1,0,0,1,0,6,3,9,0
6,15,4,0,0,0,3,0,0,5,1,1,0,0,0,1,0,3,2,6,1
11,21,4,0,1,0,3,1,0,12,1,1,1,0,2,1,0,6,2,13,0
10,20,4,1,1,0,3,1,0,0,1,1,1,0,0,1,2,6,0,4,0
11,20,0,1,1,0,3,0,0,1,1,1,1,0,2,1,0,6,6,11,1
13,18,0,1,1,4,3,0,1,0,1,1,1,5,2,1,5,0,0,0,1
8,18,4,1,1,0,3,0,0,2,1,1,1,0,0,1,0,2,11,3,1
15,15,0,0,1,0,1,0,0,0,1,1,1,7,2,1,0,6,8,10,1
8,20,4,0,1,0,3,1,0,12,1,1,1,0,0,1,0,6,4,13,1
14,20,4,0,1,0,3,1,0,0,1,1,1,0,2,1,0,6,2,14,1
4,20,4,1,1,0,3,3,0,11,1,1,1,0,0,1,0,8,10,13,0
12,17,0,1,1,0,3,1,0,0,1,1,1,0,2,1,0,5,2,8,1
8,20,4,1,1,0,3,1,0,2,1,1,1,0,0,1,0,3,4,10,1
9,20,4,0,1,0,3,3,0,2,1,1,1,0,0,1,0,6,11,11,1
8,20,4,1,1,4,3,0,1,12,1,1,1,0,0,1,0,8,11,6,0
6,15,4,0,1,4,3,0,1,2,1,1,1,0,0,1,0,1,3,2,1
7,20,4,1,1,0,3,0,0,2,1,1,1,1,0,1,0,5,11,6,1
12,21,0,0,1,4,3,0,1,0,1,1,1,0,2,2,0,9,11,13,0
14,21,4,0,1,0,3,0,0,2,1,1,1,1,2,1,0,6,3,10,1
6,20,4,1,1,0,3,0,0,0,1,1,1,0,0,1,0,3,1,4,1
8,20,0,1,1,0,3,1,0,0,1,1,1,0,0,6,5,0,0,0,0
7,18,4,1,1,0,3,0,0,2,1,1,1,7,0,1,0,6,10,8,1
1,18,0,1,1,0,3,3,0,2,1,1,1,0,0,0,5,0,0,0,1
3,20,4,1,1,0,3,0,0,0,1,1,1,0,0,1,0,3,1,14,0
9,18,4,1,1,0,3,0,0,14,1,1,1,0,0,1,5,4,0,2,1
10,12,3,0,1,4,3,0,1,0,1,1,1,7,0,0,5,0,0,4,1
7,13,0,0,1,4,3,0,1,0,1,1,1,0,0,1,0,6,2,6,1
4,18,4,1,1,0,3,3,0,9,1,1,1,7,0,1,0,3,4,1,1
14,20,4,1,1,0,3,0,0,0,1,1,1,5,2,1,0,6,3,13,1
3,20,4,1,1,0,3,0,0,2,1,1,1,0,0,1,5,6,0,1,1
10,15,4,0,1,0,3,0,0,12,1,1,1,1,0,5,3,3,0,1,1
12,20,0,1,1,3,3,0,1,1,1,1,1,5,2,2,5,0,0,0,1
2,17,4,1,1,4,3,0,1,0,1,1,1,5,0,0,5,0,0,0,1
6,13,4,0,1,0,3,0,0,2,1,1,1,0,0,1,0,4,2,6,1
9,20,4,1,1,0,3,0,0,11,1,1,1,0,0,1,0,6,10,13,0
5,15,4,1,1,0,3,1,0,2,1,1,1,0,0,1,0,1,2,3,1
3,15,4,0,1,0,3,0,0,2,1,1,1,5,0,1,0,6,2,6,1
7,20,4,0,1,0,3,1,0,0,1,1,1,0,0,1,0,6,10,13,0
9,19,0,1,1,3,3,0,1,1,1,1,1,5,0,1,0,6,6,9,1
15,19,4,0,1,0,3,0,0,0,1,1,1,0,2,4,0,4,1,5,1
9,20,4,0,1,3,3,0,1,2,1,1,1,5,0,0,5,0,0,0,1
13,21,0,0,1,0,3,1,0,0,1,1,1,0,2,2,0,9,3,14,1
14,20,4,0,1,3,3,0,1,2,1,1,1,5,2,1,0,6,4,13,1
10,18,4,0,1,0,3,0,0,12,1,1,1,7,0,1,0,7,1,11,0
8,20,4,0,1,3,3,0,1,9,1,1,1,5,0,1,0,6,6,8,1
13,20,0,1,1,3,3,0,1,1,1,1,1,5,2,0,5,0,0,0,1
6,15,4,1,0,0,3,0,0,7,1,0,1,0,0,1,0,6,11,3,1
8,20,4,0,1,0,3,1,0,2,1,1,1,0,0,1,0,6,8,11,1
12,20,0,0,1,0,3,0,0,2,1,1,1,0,2,1,0,8,6,13,1
4,20,4,0,1,0,3,1,0,7,1,1,1,0,0,1,0,2,3,6,1
0,18,4,0,1,0,3,1,0,2,1,1,1,1,0,3,0,1,8,1,1
1,14,4,0,1,0,3,3,0,11,1,1,1,0,0,1,0,1,3,5,0
10,18,4,1,1,0,3,3,0,11,1,1,1,0,0,3,0,6,2,10,1
12,15,2,1,0,0,3,0,0,0,1,1,1,5,2,1,5,0,0,0,1
12,15,4,1,1,0,3,1,0,2,1,1,1,0,2,1,0,6,2,8,1
11,15,4,1,1,0,3,0,0,2,1,1,1,0,2,2,0,6,11,11,1
13,20,4,1,1,0,3,0,0,0,1,1,1,1,2,6,0,1,0,3,1
9,18,4,1,1,0,3,0,0,0,1,1,1,7,0,1,5,0,0,0,0
14,15,4,0,1,0,3,3,0,14,1,1,1,0,2,6,0,2,0,8,1
1,15,4,0,0,0,3,1,0,2,0,1,1,0,0,0,5,0,0,2,1
15,16,4,0,0,0,3,0,0,15,1,1,0,7,2,0,5,0,0,0,0
10,20,4,0,1,3,3,0,1,0,1,1,1,5,0,1,0,6,8,14,0
13,0,4,0,1,4,3,0,1,9,1,1,1,0,2,1,1,6,0,9,1
9,11,4,1,0,0,3,0,0,4,0,0,0,0,0,1,0,6,10,7,1
3,20,4,1,1,0,3,0,0,4,1,1,1,0,0,1,0,4,6,6,1
4,15,4,1,1,0,3,0,0,14,1,1,1,0,0,0,5,0,0,0,0
2,13,4,1,1,2,3,3,0,2,1,1,1,0,0,1,0,2,3,2,1
1,14,4,0,1,0,3,1,0,2,1,1,1,0,0,1,0,6,10,8,0
0,18,4,0,1,0,3,0,0,2,1,1,1,0,0,1,5,3,0,2,1
3,18,4,0,1,0,3,1,0,2,1,1,1,7,0,1,2,4,0,3,1
2,18,4,0,1,4,3,0,1,16,1,1,1,5,0,6,5,1,0,2,0
11,18,4,1,1,0,3,0,0,0,1,1,1,0,2,3,0,6,4,12,1
8,20,4,0,1,0,3,1,0,0,1,1,1,0,0,1,0,9,1,13,0
7,15,0,0,1,0,3,0,0,1,1,1,1,0,0,1,0,8,4,6,1
10,21,4,1,1,4,3,0,1,0,1,1,1,5,0,2,0,6,6,10,1
2,17,4,0,1,0,3,0,0,9,1,1,1,8,0,1,5,6,0,7,1
5,15,4,0,1,0,3,1,0,2,1,1,1,0,0,1,5,0,0,0,1
12,11,4,0,0,0,3,1,0,15,0,1,1,0,2,0,5,0,0,0,0
15,15,0,0,1,3,3,3,1,1,1,1,1,7,2,1,0,7,6,10,1
4,18,4,1,1,0,3,1,0,2,1,1,1,0,0,1,0,4,2,5,1
13,20,4,1,1,3,3,0,1,0,1,1,1,5,2,1,1,6,0,6,1
2,18,2,1,1,4,3,0,1,0,1,1,1,0,0,1,0,6,1,9,1
5,11,3,0,1,0,3,0,1,9,1,1,1,0,0,6,0,3,4,2,1
5,20,4,1,1,0,3,0,0,11,1,1,1,5,0,0,5,0,0,0,0
14,15,0,0,1,0,3,0,0,8,1,1,1,0,2,3,1,6,0,11,0
0,16,4,0,1,0,3,1,0,2,1,1,1,7,0,1,0,6,10,2,1
13,19,0,1,1,0,3,0,0,1,1,1,1,5,2,4,0,6,6,12,1
11,20,4,0,1,0,3,0,0,10,1,1,1,0,2,1,0,6,3,10,1
4,15,4,0,1,0,3,0,0,2,1,1,1,7,0,1,0,6,8,6,1
11,18,0,1,1,0,1,0,0,0,1,1,1,0,2,1,0,6,8,11,1
7,10,4,0,1,0,3,0,0,7,1,1,1,0,0,0,5,0,0,0,1
14,20,4,0,1,0,3,0,0,2,1,1,1,5,0,2,0,7,5,14,0
0,18,4,0,1,0,3,3,0,2,1,1,1,7,0,1,5,6,0,3,1
1,18,4,0,1,0,3,0,0,7,1,1,1,5,0,1,5,0,0,0,1
8,18,0,1,1,0,3,1,0,0,1,1,1,0,0,1,0,4,11,8,1
9,20,0,1,1,4,3,0,1,0,1,1,1,5,0,1,0,6,9,14,0
11,20,0,0,1,4,3,0,1,1,1,1,1,5,2,1,0,6,6,14,1
7,20,0,1,1,0,3,0,0,1,1,1,1,0,0,5,0,6,4,2,1
14,20,4,1,1,0,3,1,0,0,1,1,1,0,2,1,0,6,11,14,1
13,21,0,1,1,0,3,3,0,1,1,1,1,0,2,2,0,6,8,13,1
5,18,4,0,1,0,3,1,0,2,1,1,1,8,0,1,0,1,11,3,1
3,15,4,1,0,0,3,1,0,2,1,1,0,7,0,0,5,0,0,2,1
9,20,4,1,1,0,3,1,0,2,1,1,1,0,0,4,0,6,5,7,1
12,15,4,0,1,0,3,3,0,2,1,1,1,0,2,1,0,6,2,10,1
0,16,4,0,0,0,3,0,0,15,0,0,1,0,0,0,5,0,0,0,0
13,18,0,1,1,4,3,0,1,1,1,1,1,5,2,1,0,6,8,11,0
11,20,4,0,1,3,3,0,1,2,1,1,1,5,2,1,0,9,6,14,1
0,17,4,1,1,0,3,1,0,2,1,1,1,0,0,1,0,4,4,6,1
1,18,4,1,1,0,3,0,0,11,1,1,1,2,0,1,0,7,6,13,1
1,15,4,0,1,0,3,3,0,2,1,1,1,0,0,1,0,4,6,5,1
9,18,4,0,1,2,3,0,0,2,1,1,1,0,0,1,0,6,11,8,1
13,15,0,0,1,0,3,0,0,0,1,1,1,0,2,5,0,6,4,11,1
3,19,0,0,1,0,3,0,0,0,1,1,1,0,0,1,0,6,10,5,1
15,23,0,0,1,0,3,0,0,1,1,1,1,0,2,1,5,8,0,14,1
2,15,4,1,1,0,3,0,0,2,1,1,1,0,0,5,0,7,4,2,1
11,20,4,0,1,0,3,3,0,11,1,1,1,0,2,1,0,7,0,13,0
9,20,4,0,1,0,3,0,0,2,1,1,1,5,0,3,0,3,10,11,1
0,13,4,0,1,0,3,3,0,2,1,1,1,8,0,1,0,2,2,6,1
15,20,4,0,0,0,3,0,0,15,1,1,0,0,2,1,5,0,0,0,0
2,18,4,1,1,0,3,3,0,11,1,1,1,0,0,1,0,3,2,5,1
8,20,4,0,1,0,3,0,0,11,1,1,1,0,0,1,0,6,4,9,1
0,18,4,1,1,4,3,0,1,16,1,1,1,5,0,9,2,0,0,0,1
8,14,0,0,1,0,3,2,0,2,1,1,1,0,0,0,5,0,0,0,1
11,21,4,1,1,0,3,0,0,0,1,1,1,0,2,2,0,8,8,12,0
8,16,4,0,1,0,3,1,0,5,1,1,1,7,0,1,0,5,9,4,1
13,17,0,0,1,0,3,3,0,1,1,1,1,7,2,1,0,6,2,8,0
7,15,4,1,1,4,3,0,1,2,1,1,1,0,0,1,0,4,10,5,1
9,15,4,0,1,0,3,0,0,2,1,1,1,7,0,1,0,4,10,8,1
1,15,4,0,1,0,3,0,0,2,1,1,1,7,0,0,5,0,0,0,1
14,18,4,1,1,3,3,0,1,2,1,1,1,5,2,1,0,6,3,9,1
2,18,4,0,1,0,3,0,0,9,1,1,1,0,0,0,5,0,0,0,1
6,20,4,1,1,0,3,0,0,2,1,1,1,0,0,1,0,3,5,11,1
6,14,4,0,1,0,3,3,0,2,1,1,1,8,0,8,5,5,0,5,1
11,15,4,0,1,0,3,0,0,2,1,1,1,0,2,1,0,6,1,11,1
7,20,4,0,1,0,3,1,0,0,1,1,1,0,0,2,0,6,4,12,1
0,18,4,0,1,4,3,0,1,16,1,1,1,0,0,9,2,0,0,0,1
5,18,4,0,1,0,3,1,0,0,1,1,1,0,0,1,0,6,2,9,0
12,15,0,1,1,4,3,0,1,2,1,1,1,0,2,0,5,0,0,0,1
14,20,0,1,1,0,3,1,0,0,1,1,1,0,2,1,0,7,5,13,1
7,18,4,0,1,0,3,1,0,0,1,1,1,7,0,1,0,9,6,9,1
12,18,0,0,1,0,3,1,0,0,1,1,1,0,2,1,0,6,8,13,1
8,20,4,0,1,0,3,1,0,0,1,1,1,0,0,4,0,8,11,13,1
14,5,2,0,1,0,2,0,0,2,1,1,1,0,2,6,0,6,3,9,1
4,15,4,1,1,0,3,3,0,2,1,1,1,0,0,0,5,0,0,0,1
12,20,4,1,1,0,3,0,0,0,1,1,1,0,2,1,0,7,2,12,1
9,18,0,0,1,4,3,0,1,1,1,1,1,5,0,1,0,6,3,11,1
10,16,4,0,1,3,3,3,1,15,1,1,1,5,0,1,5,0,0,0,1
14,20,0,0,1,4,3,0,1,1,1,1,1,5,2,2,0,6,3,11,1
0,13,0,1,1,4,3,0,1,8,1,1,1,7,0,0,5,0,0,0,1
3,13,4,1,1,0,3,0,0,2,1,1,1,1,0,9,2,0,0,0,1
7,21,0,1,1,0,3,0,0,1,1,1,1,0,0,5,0,6,5,9,0
15,17,0,1,1,4,3,0,1,1,1,1,1,7,2,1,0,6,6,4,1
2,15,4,1,0,0,3,0,0,2,1,0,1,0,0,1,2,6,0,3,0
4,20,4,0,1,0,3,0,0,2,1,1,1,8,0,1,0,6,1,7,1
14,20,4,1,1,0,3,1,0,0,1,1,1,0,2,1,0,6,8,13,1
8,20,0,1,1,0,3,0,0,0,1,1,1,7,0,1,0,9,4,12,0
1,19,4,1,1,0,3,0,0,2,1,1,1,7,0,1,5,0,0,0,1
11,11,4,0,1,0,3,1,0,15,1,1,1,0,2,1,5,6,0,2,1
6,20,4,1,1,0,3,0,0,0,1,1,1,0,0,1,0,1,3,2,1
4,20,4,1,1,2,3,3,0,3,1,1,1,1,0,1,5,2,0,2,0
7,20,4,0,1,0,3,1,0,11,1,1,1,0,0,2,0,7,6,10,1
14,13,0,1,0,0,3,0,0,8,1,1,0,7,2,0,5,0,0,0,1
2,15,0,1,1,0,3,0,0,8,1,1,1,7,0,4,0,1,1,1,1
8,23,3,0,1,0,3,3,0,0,1,1,1,0,0,6,0,8,8,14,1
5,15,4,1,1,0,3,0,0,0,1,1,1,1,0,5,0,9,6,2,0
11,20,0,1,1,0,3,1,0,0,1,1,1,0,2,6,2,1,0,2,1
4,15,4,1,0,0,1,1,0,0,1,0,1,4,0,1,5,8,0,4,0
10,17,0,1,1,0,3,3,0,2,1,1,1,0,0,1,0,6,11,8,1
12,17,4,1,1,0,3,1,0,2,1,1,1,0,2,1,0,1,4,1,1
0,17,4,0,1,0,3,0,0,16,1,1,1,0,0,3,5,2,0,1,0
11,20,4,1,1,0,3,1,0,0,1,1,1,0,2,1,0,8,4,14,1
7,20,4,1,1,3,3,2,1,5,1,1,1,0,0,1,0,6,6,10,0
9,17,4,1,1,4,3,0,1,0,1,1,1,7,0,1,5,4,0,4,1
4,21,4,0,1,4,3,3,1,11,1,1,1,5,0,1,0,6,10,13,1
13,15,4,1,1,0,3,0,0,2,1,1,1,0,2,9,2,0,0,0,1
8,20,4,0,1,0,3,3,0,11,1,1,1,0,0,1,0,8,2,7,0
13,0,0,1,1,4,3,0,1,1,1,1,1,7,2,0,5,0,0,6,1
11,16,4,0,1,0,3,0,0,12,1,1,1,2,2,1,0,7,10,0,1
0,15,4,1,1,0,3,1,0,2,1,1,1,0,0,0,5,0,0,0,1
8,20,0,1,1,0,3,3,0,1,1,1,1,0,0,1,0,6,5,10,1
9,15,4,1,1,0,3,3,0,12,1,1,1,0,0,1,0,6,10,8,1
15,20,0,1,1,0,3,1,0,0,1,1,1,0,2,2,0,9,0,13,1
0,17,4,0,1,0,3,0,0,2,1,1,1,5,0,3,0,1,3,1,1
15,18,4,0,1,0,3,3,0,11,1,1,1,1,2,1,0,3,10,5,1
2,18,4,1,1,0,3,0,0,2,1,1,1,0,0,1,0,1,8,3,0
8,15,4,1,1,0,3,1,0,7,1,1,1,0,0,0,5,0,0,0,1
6,21,4,0,1,0,3,0,0,12,1,1,1,0,0,4,0,6,10,13,0
4,19,4,0,1,0,3,1,0,16,1,1,1,0,0,4,0,1,2,6,1
11,19,4,0,1,0,3,0,0,2,1,1,1,7,2,1,5,6,0,2,1
8,20,4,0,1,0,3,1,0,2,1,1,1,0,0,1,0,6,3,12,1
8,18,4,1,1,0,3,1,0,2,1,1,1,0,0,1,0,6,5,3,1
11,20,4,0,1,0,3,0,0,0,1,1,1,0,2,2,2,8,0,8,1
1,18,4,0,1,0,3,0,0,16,1,1,1,1,0,1,5,1,0,2,0
7,20,4,0,1,0,3,0,0,0,1,1,1,0,0,2,0,6,11,12,1
15,18,0,0,1,3,1,0,1,1,1,1,1,7,2,5,3,6,7,13,1
8,13,4,0,1,0,3,3,0,2,1,1,1,0,0,1,5,0,0,0,1
9,20,4,0,1,0,3,1,0,11,1,1,1,0,0,1,5,0,0,0,0
1,18,4,0,1,0,3,0,0,16,1,1,1,0,0,1,5,0,0,0,1
1,17,4,0,1,0,3,0,0,2,1,1,1,0,0,0,5,0,0,2,1
14,21,0,0,1,3,3,0,1,1,1,1,1,0,2,1,0,6,2,14,1
12,13,4,0,1,0,3,0,0,15,1,1,1,7,2,0,5,0,0,0,1
10,20,0,0,1,0,3,1,0,0,1,1,1,0,0,1,0,8,5,12,0
0,15,4,0,1,0,3,1,0,2,1,1,1,0,0,1,0,6,2,3,1
0,15,4,0,1,0,3,0,0,7,1,1,1,0,0,9,2,0,0,0,1
7,15,4,0,1,0,3,0,0,2,1,1,1,7,0,1,2,2,0,4,1
5,18,4,0,1,0,3,0,0,14,1,1,1,1,0,1,0,6,10,2,1
6,19,4,1,1,4,3,0,1,12,1,1,1,5,0,1,0,3,5,5,0
2,15,4,0,1,0,3,1,0,0,1,1,1,0,0,1,0,7,4,12,1
14,15,4,0,1,0,3,0,0,12,1,1,1,0,2,1,0,7,8,13,1
12,17,0,1,1,0,3,0,0,1,1,1,1,0,2,6,0,6,3,8,1
10,20,4,0,1,3,3,0,1,2,1,1,1,5,0,1,0,8,6,8,1
12,20,4,1,1,0,3,0,0,2,1,1,1,0,2,2,0,6,6,12,1
0,18,4,0,1,0,3,0,0,2,1,1,1,7,0,1,0,2,2,6,1
11,15,4,0,1,0,3,0,0,0,1,1,1,0,2,1,0,3,8,11,0
15,19,4,1,0,0,3,1,0,0,1,1,0,0,2,1,5,0,0,4,1
1,14,4,0,1,0,3,1,0,2,1,1,1,5,0,1,0,5,5,5,1
4,17,0,0,1,0,3,0,0,15,1,1,1,7,0,1,5,6,0,1,0
6,18,0,1,1,0,3,1,0,0,1,1,1,0,0,1,0,1,3,9,0
6,15,4,1,1,0,3,1,0,2,1,1,1,0,0,9,2,0,0,0,1
8,20,4,1,1,0,3,0,0,2,1,1,1,0,0,1,0,6,6,8,1
11,20,4,1,1,0,3,0,0,0,1,1,1,0,2,1,0,2,2,4,1
10,14,4,0,0,0,3,0,0,15,1,1,0,2,0,0,5,0,0,0,1
12,21,0,1,1,4,3,0,1,1,1,1,1,5,2,2,0,6,4,8,0
14,19,0,0,1,0,3,0,0,1,1,1,1,0,2,1,0,6,3,13,1
0,17,4,1,1,0,3,1,0,16,1,1,1,8,0,1,5,2,0,3,0
8,18,2,1,0,0,3,0,0,0,1,1,1,0,0,4,5,0,0,1,1
5,17,4,1,1,0,3,1,0,0,1,1,1,1,0,6,5,3,0,3,0
7,20,4,0,1,3,3,1,1,0,1,1,1,5,0,1,0,6,5,12,1
12,15,4,0,1,0,3,0,0,2,1,1,1,0,2,1,0,6,10,9,1
2,18,4,1,1,0,3,0,0,2,1,1,1,0,0,1,0,2,8,5,0
11,15,0,1,1,0,3,0,0,1,1,1,1,0,2,1,2,6,0,6,1
6,14,4,1,1,0,3,0,0,12,1,1,1,0,0,1,1,2,0,1,1
5,15,4,0,1,0,3,3,0,2,1,1,1,7,0,1,0,6,2,5,1
13,18,4,0,1,0,3,0,0,2,1,1,1,0,2,1,2,1,0,2,1
13,20,0,0,1,0,3,0,0,1,1,1,1,0,2,1,0,9,1,14,1
11,18,0,1,0,0,3,3,0,8,1,1,1,2,2,0,5,0,0,0,1
6,18,0,0,1,0,3,0,0,0,1,1,1,0,0,1,0,6,6,11,0
3,19,4,0,1,0,1,1,0,0,1,1,1,8,0,4,0,4,10,2,1
1,18,4,0,1,0,3,0,0,2,1,1,1,0,0,1,0,3,8,5,0
6,18,0,1,1,4,3,0,1,1,1,1,1,0,0,1,5,0,0,0,0
13,20,0,1,1,4,3,0,1,1,1,1,1,0,2,1,0,6,2,11,1
0,17,4,0,0,0,3,0,0,2,1,1,0,1,0,1,0,2,6,4,1
2,13,0,0,1,0,3,3,0,8,1,1,1,1,0,1,0,6,1,7,1
10,17,4,0,1,0,3,1,0,0,1,1,1,0,0,1,0,3,8,11,1
5,20,4,0,1,0,3,0,0,2,1,1,1,0,0,1,0,8,3,8,1
1,15,4,0,1,0,3,0,0,2,1,1,1,0,0,0,5,0,0,0,0
5,20,4,1,1,0,3,0,0,0,1,1,1,0,0,1,0,6,4,13,1
5,18,4,0,1,0,3,1,0,5,1,1,1,7,0,1,0,8,3,10,1
14,19,0,1,1,0,3,3,0,1,1,1,1,0,2,1,5,0,0,0,0
8,19,4,1,1,0,3,0,0,2,1,1,1,7,0,1,0,2,4,5,1
2,18,4,0,1,0,3,0,0,11,1,1,1,7,0,3,0,9,3,11,1
5,20,4,1,1,0,3,1,0,2,1,1,1,5,0,0,5,0,0,0,1
2,18,4,1,1,0,3,0,0,11,1,1,1,0,0,1,0,2,2,4,0
9,17,0,0,1,0,3,3,0,1,1,1,1,5,0,1,0,7,3,14,1
9,19,0,1,1,0,3,1,0,1,1,1,1,0,0,1,5,0,0,0,1
14,19,0,1,1,4,3,1,1,1,1,1,1,0,2,1,0,3,5,2,1
2,18,4,0,1,0,3,0,0,16,1,1,1,5,0,4,5,1,0,2,1
8,14,4,1,1,0,3,0,0,12,1,1,1,7,0,1,0,6,7,8,1
15,18,0,1,1,0,3,1,0,0,1,1,1,0,2,1,0,6,2,9,1
5,15,4,0,1,0,3,3,0,2,1,1,1,0,0,1,0,4,6,5,1
2,18,4,1,1,0,3,1,0,0,1,1,1,5,0,4,0,6,4,12,1
7,15,4,1,1,0,3,0,0,2,1,1,1,0,0,1,0,6,11,3,1
2,20,2,1,0,0,3,0,0,2,1,1,1,0,0,1,0,7,6,5,1
0,18,4,0,0,0,3,3,0,16,1,1,0,0,0,0,5,0,0,5,0
4,15,0,1,1,4,3,0,1,0,1,1,1,0,0,1,0,6,4,10,0
3,21,0,1,1,0,3,3,0,1,1,1,1,0,0,2,0,6,8,8,0
8,20,4,0,1,0,3,0,0,2,1,1,1,5,0,1,0,6,4,10,1
10,20,4,0,1,4,3,1,1,12,1,1,1,0,0,1,0,7,3,13,0
7,18,4,1,1,0,3,0,0,2,1,1,1,0,0,1,0,1,3,2,1
2,0,4,1,1,0,3,0,0,16,1,1,1,1,0,1,1,3,0,11,1
14,18,0,1,0,0,3,0,0,1,1,1,1,5,2,1,0,5,3,10,1
1,15,4,1,0,0,3,3,0,16,1,1,0,0,0,1,5,2,0,3,0
14,20,4,1,1,0,3,1,0,0,1,1,1,0,2,6,0,2,6,4,1
12,2,0,0,1,3,3,0,1,16,1,1,1,2,0,2,0,5,6,4,0
1,15,2,0,1,0,3,0,0,2,1,1,1,0,0,1,5,3,0,2,1
10,21,0,0,1,4,3,1,1,0,1,1,1,0,0,1,0,6,4,13,0
1,15,4,0,1,0,0,1,0,16,1,1,1,0,0,5,3,1,1,1,1
0,18,4,0,1,0,3,3,0,11,1,1,1,0,0,9,2,0,0,0,1
12,17,0,1,1,0,3,0,0,1,1,1,1,7,2,1,0,1,2,4,1
9,15,0,1,1,0,3,1,0,2,1,1,1,0,0,3,0,5,0,6,1
11,18,4,1,1,0,3,3,0,0,1,1,1,0,2,0,5,0,0,0,1
11,15,0,1,1,0,3,3,0,0,1,1,1,0,2,3,0,4,2,6,1
10,18,4,0,1,0,3,0,0,10,1,1,1,0,0,7,0,9,11,5,1
15,15,4,1,1,0,3,0,0,2,1,1,1,7,2,1,0,8,2,2,1
4,20,4,0,1,0,3,1,0,2,1,1,1,0,0,1,2,2,0,2,0
14,20,0,1,1,0,3,0,0,0,1,1,1,0,2,1,0,8,4,13,1
8,19,4,0,1,0,3,1,0,11,1,1,1,0,0,1,0,9,0,11,0
12,20,2,0,0,0,3,1,0,2,1,1,1,5,2,0,5,0,0,0,1
7,18,4,0,1,0,3,1,0,2,1,1,1,7,0,1,0,5,4,3,1
14,20,0,0,1,4,3,0,1,1,1,1,1,0,2,1,0,6,5,14,1
15,10,0,0,1,4,3,0,1,0,1,1,1,0,2,0,5,0,0,0,1
6,21,4,0,1,0,3,1,0,5,1,1,1,5,0,1,0,6,6,8,1
9,15,4,1,1,0,3,3,0,2,1,1,1,0,0,0,5,0,0,0,1
5,18,4,0,1,0,3,0,0,2,1,1,1,7,0,1,0,6,3,10,1
2,15,4,0,1,0,3,0,0,16,1,1,1,0,0,1,0,9,2,2,1
4,20,4,0,1,0,3,0,0,2,1,1,1,1,0,3,0,6,2,13,1
5,19,0,1,1,0,3,0,0,1,1,1,1,0,0,2,5,0,0,0,1
10,21,4,1,1,0,3,3,0,5,1,1,1,0,0,3,0,8,11,14,1
13,20,0,1,1,4,3,0,1,0,1,1,1,5,2,1,0,8,10,13,0
7,18,4,0,1,0,3,0,0,11,1,1,1,0,0,1,0,6,6,5,1
9,14,4,1,0,0,3,0,0,2,1,1,0,7,0,0,5,0,0,0,1
9,21,4,1,1,0,3,0,0,2,1,1,1,0,0,2,0,6,4,10,1
9,15,4,1,0,0,3,2,0,6,1,1,0,6,0,9,2,3,0,14,1
10,21,4,1,1,0,3,0,0,0,1,1,1,0,0,1,0,7,4,14,0
3,20,4,0,1,4,3,0,1,2,1,1,1,5,0,1,0,6,4,5,1
8,18,4,1,1,0,3,3,0,11,1,1,1,0,0,1,0,4,4,8,1
11,15,4,0,1,0,3,0,0,0,1,1,1,0,2,3,0,6,6,12,1
5,15,0,1,1,2,3,1,0,1,1,1,1,0,0,1,0,5,3,8,1
0,15,4,0,1,4,3,3,1,11,1,1,1,5,0,0,5,0,0,0,1
9,18,4,1,1,0,3,0,0,2,1,1,1,8,0,1,0,3,9,4,0
11,21,0,1,1,0,3,0,0,0,1,1,1,5,2,1,0,6,2,13,1
5,15,4,0,1,0,3,1,0,12,1,1,1,0,0,1,0,2,4,4,1
6,18,4,1,1,0,3,0,0,14,1,1,1,0,0,0,5,0,0,0,1
3,18,4,1,1,0,3,0,0,2,1,1,1,7,0,1,0,6,5,5,1
1,18,4,0,1,0,3,3,0,0,1,1,1,0,0,3,0,5,3,5,0
6,18,4,0,1,0,3,0,0,2,1,1,1,7,0,1,0,6,8,11,1
4,17,4,1,1,0,3,3,0,2,1,1,1,0,0,1,0,4,5,9,1
6,15,4,1,1,2,3,3,0,3,1,1,1,1,0,1,0,5,4,6,1
5,18,4,0,1,0,3,0,0,2,1,1,1,7,0,1,2,6,0,3,1
8,20,4,0,1,0,3,0,0,2,1,1,1,0,0,3,0,6,6,6,1
6,18,4,0,1,0,3,1,0,2,1,1,1,0,0,1,0,3,6,9,1
15,22,0,0,1,0,3,3,0,0,1,1,1,7,2,1,0,6,8,14,1
12,17,0,1,1,0,3,3,0,1,1,1,1,0,2,1,0,6,5,10,1
10,10,4,1,1,0,3,0,0,7,1,1,1,0,0,5,0,6,8,10,1
12,18,0,1,1,0,3,1,0,0,1,1,1,0,2,1,0,8,8,10,1
15,22,4,0,1,0,3,0,0,15,1,1,1,7,2,0,5,0,0,0,1
3,21,4,1,1,0,3,3,0,11,1,1,1,0,0,1,0,6,10,9,1
2,18,4,1,0,0,3,2,0,0,1,0,1,0,0,1,5,4,0,2,1
5,18,4,0,1,0,3,0,0,16,1,1,1,1,0,1,0,6,1,3,0
8,21,0,1,1,0,3,0,0,1,1,1,1,0,0,3,0,6,2,4,1
15,15,0,0,1,0,3,0,0,1,1,1,1,7,2,1,0,6,3,4,1
6,18,4,0,0,0,1,3,0,14,1,1,1,0,2,0,5,0,0,10,1
8,13,0,1,1,4,3,3,1,8,1,1,1,7,0,0,5,0,0,0,1
2,18,0,0,1,0,3,0,0,8,1,1,1,0,0,0,5,0,0,0,1
2,18,4,1,0,0,3,0,0,2,1,1,0,0,0,0,5,0,0,0,1
3,18,4,1,1,0,3,1,0,2,1,1,1,7,0,1,0,8,3,8,1
6,19,4,0,1,0,3,0,0,0,1,1,1,7,0,1,0,6,4,10,0
10,15,0,0,1,0,3,0,0,1,1,1,1,0,0,1,0,4,1,6,0
14,21,0,1,1,0,3,0,0,0,1,1,1,0,2,2,0,7,11,13,0
6,19,4,0,1,0,3,0,0,12,1,1,1,0,0,2,0,4,2,10,1
13,20,0,0,1,0,3,0,0,1,1,1,1,7,2,1,0,6,7,12,0
2,20,4,0,1,0,3,1,0,2,1,1,1,0,0,1,0,1,3,2,1
2,15,4,0,1,3,3,0,1,2,1,1,1,0,0,1,0,6,3,4,1
9,20,0,0,1,4,3,0,1,0,1,1,1,0,0,1,0,6,4,12,1
8,21,0,1,1,0,3,0,0,0,1,1,1,5,0,3,0,6,2,12,0
12,20,4,0,1,0,3,0,0,2,1,1,1,0,2,1,0,8,2,13,1
6,20,4,1,1,0,3,0,0,14,1,1,1,5,0,0,5,0,0,12,1
1,18,4,1,1,0,3,0,0,2,1,1,1,0,0,1,0,6,2,13,1
5,20,4,1,1,0,3,1,0,2,1,1,1,0,0,2,2,6,0,0,0
7,20,4,1,1,3,3,0,1,5,1,1,1,5,0,1,0,6,6,9,1
13,20,4,0,1,0,3,1,0,0,1,1,1,0,2,1,0,7,10,14,1
12,20,4,1,1,4,3,0,1,2,1,1,1,5,2,1,0,8,11,11,1
9,20,4,0,1,0,3,1,0,2,1,1,1,0,0,1,0,6,3,4,1
12,20,4,1,1,0,3,0,0,2,1,1,1,5,2,1,0,6,10,12,1
3,18,4,1,1,0,3,0,0,11,1,1,1,7,0,1,5,4,0,3,1
3,13,4,1,1,4,3,0,1,2,1,1,1,7,0,0,5,0,0,0,1
12,18,2,1,1,0,3,2,0,5,1,1,1,0,2,1,5,3,0,2,0
14,21,0,0,1,4,3,0,1,0,1,1,1,5,2,1,0,6,5,14,1
14,20,0,1,1,4,3,0,1,1,1,1,1,5,2,1,0,6,11,5,1
14,19,0,1,1,0,3,1,0,0,1,1,1,0,2,3,0,6,3,6,1
9,20,4,0,1,0,3,0,0,2,1,1,1,0,0,1,0,6,5,12,1
12,10,0,0,1,3,3,0,1,0,1,1,1,7,2,5,0,8,3,10,1
7,21,4,1,1,3,3,0,1,0,1,1,1,0,0,2,0,6,6,11,0
4,18,4,0,1,0,3,0,0,2,1,1,1,0,0,1,0,6,5,9,1
1,18,4,1,1,0,3,1,0,2,1,1,1,8,0,2,5,3,0,5,1
15,21,4,1,1,0,3,0,0,4,0,1,1,0,2,1,0,6,8,9,1
7,18,4,1,1,0,3,1,0,2,1,1,1,8,0,1,5,0,0,0,1
4,20,0,0,1,0,3,1,0,1,1,1,1,0,0,1,2,0,0,0,0
11,20,4,1,1,4,3,0,1,0,1,1,1,5,2,1,0,6,4,14,1
2,20,4,1,1,0,3,1,0,2,1,1,1,0,0,2,0,3,6,4,1
9,20,4,0,1,0,3,0,0,11,1,1,1,0,0,4,0,6,6,12,0
8,15,4,0,0,0,3,0,0,2,1,1,1,7,0,1,0,7,6,5,1
14,17,4,0,0,0,3,1,0,2,1,1,0,0,2,0,5,0,0,2,1
11,16,4,0,1,0,3,0,0,11,1,1,1,0,2,1,5,6,0,5,1
7,18,4,1,1,0,3,1,0,12,1,1,1,0,0,2,0,4,2,10,0
12,15,0,0,1,0,3,0,0,2,1,1,1,7,2,1,0,6,3,8,1
4,20,4,0,1,0,3,1,0,14,1,1,1,5,0,1,0,6,6,7,0
8,20,4,1,1,0,3,1,0,12,1,1,1,5,0,1,0,6,2,13,0
0,15,4,0,0,0,3,0,0,2,1,1,0,0,0,0,5,0,0,0,1
7,20,4,0,1,0,3,1,0,0,1,1,1,0,0,3,0,6,8,12,1
6,20,4,0,1,0,3,0,0,10,1,1,1,8,0,4,0,6,0,10,0
11,17,0,1,1,3,3,0,1,1,1,1,1,8,2,1,1,6,0,12,0
8,19,4,1,1,0,3,0,0,2,1,1,1,0,0,1,0,4,0,1,1
14,15,4,0,1,4,3,0,1,2,1,1,1,7,2,1,0,6,5,7,1
3,15,4,0,1,0,0,1,0,12,1,1,1,0,0,5,3,9,4,13,1
5,20,4,1,1,0,3,0,0,14,1,1,1,1,0,1,0,2,4,6,1
3,18,4,1,1,0,3,0,0,2,1,1,1,0,0,3,0,6,6,6,1
9,20,4,1,1,4,3,3,1,12,1,1,1,5,0,1,0,6,5,6,1
15,9,0,0,1,4,3,1,1,5,1,1,1,7,2,2,0,8,1,6,0
12,21,0,1,1,4,3,0,1,0,1,1,1,5,2,1,0,6,6,13,1
1,17,4,0,0,0,3,1,0,15,1,1,0,0,0,0,5,0,0,0,0
10,15,4,1,1,0,3,0,0,9,1,1,1,2,0,6,0,6,5,9,1
6,20,4,1,1,3,3,0,1,2,1,1,1,5,0,0,5,0,0,0,1
12,20,0,0,1,4,3,0,1,0,1,1,1,5,2,1,0,6,10,11,0
15,19,0,1,1,0,3,0,0,1,1,1,1,0,2,3,0,6,0,10,1
9,18,4,0,1,0,3,3,0,14,1,1,1,0,0,1,0,6,6,10,1
10,20,4,0,1,0,3,0,0,2,1,1,1,5,0,2,0,1,2,3,1
9,18,4,0,1,0,3,0,0,0,1,1,1,0,0,1,0,6,6,12,0
1,17,4,0,1,0,3,0,0,11,1,1,1,7,0,1,0,4,4,4,1
11,18,0,1,1,0,3,0,0,1,1,1,1,0,2,1,0,5,6,6,1
14,21,0,0,1,0,3,3,0,1,1,1,1,0,2,1,0,6,8,13,1
8,18,0,0,1,4,3,0,1,8,1,1,1,7,0,1,0,6,3,8,0
10,20,0,1,1,2,3,1,0,1,1,1,1,0,0,7,0,5,3,2,1
5,15,4,0,1,0,3,0,0,2,1,1,1,7,0,0,5,0,0,0,1
11,17,4,1,1,0,3,0,0,2,1,1,1,0,2,3,0,6,6,5,1
7,15,4,0,1,0,3,3,0,2,1,1,1,7,0,1,0,6,7,9,1
4,20,4,0,1,0,3,0,0,2,1,1,1,0,0,1,0,6,3,11,1
5,20,4,0,1,0,3,2,0,0,1,1,1,0,0,2,0,4,3,7,1
9,15,4,1,1,0,3,0,0,0,1,1,1,7,0,0,5,0,0,4,1
7,19,4,1,1,0,3,0,0,2,1,1,1,5,0,0,5,0,0,5,1
9,18,0,0,1,0,3,0,0,1,1,1,1,0,0,1,0,6,3,13,0
7,22,0,1,1,0,3,0,0,1,1,1,1,0,0,1,0,6,4,8,1
5,20,4,1,1,0,3,0,0,2,1,1,1,0,0,6,0,1,3,2,1
5,18,4,0,1,0,3,0,0,0,1,1,1,0,0,4,0,1,3,3,1
11,20,4,1,1,2,3,1,0,12,1,1,1,0,2,1,0,4,3,8,0
5,15,4,0,0,0,3,0,0,2,1,1,1,0,0,1,0,5,6,8,1
3,19,4,1,1,0,3,1,0,2,1,1,1,0,0,1,0,6,8,10,0
3,19,4,1,1,0,3,0,0,2,1,1,1,0,0,1,5,0,0,0,1
5,11,4,0,0,0,3,0,0,15,1,1,1,7,0,1,5,9,0,0,1
1,17,4,0,1,0,3,0,0,2,1,1,1,0,0,1,0,6,3,6,1
12,17,4,1,1,4,3,0,1,0,1,1,1,0,2,1,2,0,0,0,1
7,15,0,0,1,0,3,0,0,0,1,1,1,0,0,1,0,6,2,8,1
11,20,4,1,0,0,3,1,0,2,1,1,0,7,2,1,5,1,0,2,1
14,19,4,1,1,0,3,1,0,0,1,1,1,0,2,1,0,4,11,12,1
11,10,4,0,0,2,3,0,0,0,1,1,0,0,2,1,0,1,3,8,1
7,20,4,1,1,0,3,3,0,0,1,1,1,0,0,4,5,0,0,0,1
8,18,4,0,1,0,1,1,0,2,1,1,1,0,0,1,0,9,7,13,1
10,14,0,1,1,0,3,1,0,0,1,1,1,0,0,1,1,6,0,6,0
8,19,4,0,1,0,3,1,0,2,1,1,1,0,0,1,0,6,8,8,1
10,15,4,0,1,4,3,0,1,0,1,1,1,0,0,1,0,6,3,4,1
15,20,0,1,1,0,3,0,0,2,1,1,1,7,2,1,0,7,6,13,1
14,18,0,0,1,0,3,3,0,1,1,1,1,1,2,1,0,3,8,5,0
2,19,4,0,1,0,3,1,0,0,1,1,1,0,0,1,0,6,6,14,1
6,18,4,1,1,0,3,1,0,2,1,1,1,0,0,1,0,5,6,6,1
13,18,0,1,1,0,1,1,0,1,1,1,1,8,2,8,5,0,0,0,1
8,20,0,0,1,0,3,1,0,0,1,1,1,0,0,2,0,6,4,14,1
1,18,4,0,1,0,3,1,0,2,1,1,1,0,0,1,0,6,3,5,1
5,11,4,1,1,0,3,0,0,11,1,1,1,7,0,6,0,1,3,6,1
10,22,0,0,1,0,3,3,0,1,1,1,1,0,0,7,0,9,3,14,1
8,20,4,1,1,0,3,0,0,5,1,1,1,0,0,1,0,6,5,10,0
2,18,4,0,1,0,3,3,0,2,1,1,1,1,0,1,0,2,3,3,1
7,21,4,1,1,4,3,0,1,14,1,1,1,0,0,1,0,6,6,10,1
6,21,4,0,1,0,3,3,0,2,1,1,1,5,0,1,0,1,9,14,1
5,20,4,0,0,0,3,0,0,15,1,1,1,0,0,0,5,0,0,0,0
13,18,4,0,1,0,3,1,0,15,1,1,1,0,2,1,5,0,0,0,1
9,16,0,0,1,0,3,0,0,1,1,1,1,0,0,1,0,6,10,10,1
14,20,4,0,1,0,3,0,0,0,1,1,1,0,2,1,0,6,4,9,1
15,22,0,1,1,3,3,0,1,0,1,1,1,0,2,1,0,6,9,11,1
14,20,4,0,1,0,3,1,0,0,1,1,1,0,2,2,0,9,1,13,1
12,15,0,1,1,0,3,0,0,1,1,1,1,0,2,0,5,0,0,10,1
13,19,4,1,1,3,3,0,1,0,1,1,1,0,2,1,0,6,7,10,0
15,13,4,0,1,0,3,0,0,15,1,1,1,0,2,1,5,6,0,2,0
11,15,0,0,1,0,3,0,0,0,1,1,1,7,2,1,0,6,10,11,1
8,17,4,0,1,0,3,0,0,0,1,1,1,0,0,3,0,6,2,9,1
1,18,4,0,0,0,3,0,0,16,1,1,0,0,0,0,5,0,0,5,0
4,18,4,1,1,0,3,3,0,16,1,1,1,0,0,2,0,6,2,8,0
9,16,4,1,1,0,3,0,0,2,1,1,1,0,0,1,0,9,2,8,1
3,18,4,1,1,0,3,0,0,0,1,1,1,0,0,0,5,0,0,0,1
11,21,4,1,1,4,3,0,1,0,1,1,1,5,2,0,5,0,0,0,1
5,18,4,1,1,0,3,0,0,2,1,1,1,7,0,2,0,2,4,2,1
11,20,0,0,1,0,3,0,0,1,1,1,1,5,2,1,0,6,4,12,1
13,15,4,0,0,0,3,0,0,15,1,1,1,5,2,4,5,0,0,1,0
1,18,4,1,1,0,3,0,0,0,1,1,1,5,0,4,0,1,2,4,0
5,19,4,0,1,0,3,0,0,16,1,1,1,5,0,6,5,6,0,7,1
6,20,4,1,1,0,3,0,0,11,1,1,1,0,0,1,0,8,8,14,1
11,21,4,1,1,3,3,0,1,0,1,1,1,5,2,1,0,8,3,14,1
10,16,4,0,1,0,3,0,0,0,1,1,1,7,0,0,5,0,0,5,0
9,19,0,0,1,4,3,0,1,8,1,1,1,7,0,1,0,6,6,10,1
0,19,4,0,1,0,2,0,0,2,1,1,1,0,0,1,0,2,4,5,1
12,15,4,1,1,0,3,3,0,2,1,1,1,7,2,1,5,0,0,0,1
13,15,0,0,1,2,3,0,0,1,1,1,1,0,2,1,0,5,3,8,1
3,18,0,1,1,0,3,0,0,8,1,1,1,0,0,0,5,0,0,0,1
7,20,0,1,1,0,3,0,0,1,1,1,1,0,0,1,5,0,0,0,1
15,18,4,0,1,0,3,3,0,2,1,1,1,5,2,1,5,0,0,2,1
15,9,0,0,0,0,3,1,0,12,1,0,0,0,2,2,0,8,7,4,1
4,19,4,0,1,0,3,0,0,0,1,1,1,0,0,1,0,7,8,12,1
3,15,4,1,1,0,3,0,0,16,1,1,1,0,0,3,0,1,1,3,1
8,21,0,0,1,0,3,0,0,1,1,1,1,5,0,1,0,8,1,14,1
1,18,4,0,1,0,3,0,0,16,1,1,1,0,0,2,5,3,0,2,1
3,21,4,1,1,0,3,0,0,2,1,1,1,5,0,2,0,2,6,3,1
14,20,4,0,1,0,3,0,0,0,1,1,1,8,0,4,0,8,5,12,1
7,15,4,0,1,0,3,1,0,2,1,1,1,0,0,1,5,0,0,0,1
8,19,4,1,1,0,3,1,0,12,1,1,1,0,0,1,0,4,2,7,1
15,15,0,1,1,4,3,0,1,1,1,1,1,0,2,1,0,6,10,8,1
11,21,4,1,1,0,3,3,0,0,1,1,1,5,2,1,0,6,5,14,1
2,0,4,0,0,4,3,0,1,9,1,1,1,5,0,0,5,0,0,0,0
7,20,4,0,1,3,3,0,1,2,1,1,1,0,0,1,0,9,6,10,1
7,15,0,0,1,0,3,1,0,0,1,1,1,0,0,1,0,4,4,5,1
13,15,0,1,1,0,3,3,0,4,1,1,1,0,2,1,0,1,3,5,1
12,21,0,0,1,0,3,0,0,1,1,1,1,0,2,1,0,9,11,14,0
14,20,0,0,1,0,3,2,0,0,1,1,1,0,2,6,0,9,6,12,0
2,15,4,1,1,0,3,0,0,16,1,1,1,0,0,3,0,2,4,6,0
2,15,2,0,1,0,1,1,0,16,1,1,1,0,0,1,0,9,0,6,0
10,20,4,1,1,0,3,0,0,11,1,1,1,5,0,1,0,6,8,12,1
15,19,0,1,1,0,3,1,0,0,1,1,1,0,2,3,0,6,2,12,1
12,20,4,0,1,0,3,0,0,0,1,1,1,0,2,1,0,6,10,9,1
9,18,4,1,1,0,3,1,0,2,1,1,1,0,0,1,0,6,6,8,1
12,19,0,0,1,3,3,1,1,1,1,1,1,0,2,1,0,8,10,11,1
5,17,4,0,1,0,3,1,0,16,1,1,1,1,0,1,5,0,0,0,0
14,20,0,0,1,4,3,0,1,0,1,1,1,5,2,1,0,6,8,13,0
7,15,4,0,1,0,3,0,0,2,1,1,1,7,0,1,0,4,3,9,1
7,15,4,0,1,4,3,0,1,12,1,1,1,7,0,1,0,6,6,8,0
3,17,4,1,1,0,3,1,0,2,1,1,1,0,0,9,2,0,0,0,1
4,18,4,1,1,0,3,3,0,11,1,1,1,0,0,1,0,3,2,6,0
5,19,0,0,1,4,3,0,1,8,1,1,1,0,0,1,0,6,6,11,1
0,18,4,1,1,0,3,3,0,11,1,1,1,5,0,0,5,0,0,0,0
0,18,4,1,1,3,3,0,1,2,1,1,1,5,0,9,2,0,0,0,1
15,18,4,0,1,0,3,1,0,2,1,1,1,0,2,1,0,4,1,6,1
0,15,4,1,1,0,3,3,0,16,1,1,1,7,0,0,5,0,0,0,0
4,18,4,0,1,0,3,0,0,5,1,1,1,0,0,1,0,6,2,9,1
11,15,4,1,1,3,3,1,1,2,1,1,1,0,2,1,0,6,6,8,1
1,18,4,0,1,0,3,1,0,2,1,1,1,0,0,1,2,1,0,2,1
9,15,0,0,1,0,3,1,0,1,1,1,1,0,0,1,0,6,11,12,1
14,21,0,1,1,4,3,0,1,1,1,1,1,5,2,1,0,6,4,14,1
9,20,4,0,1,0,3,1,0,0,1,1,1,0,0,1,0,7,6,14,0
9,17,0,1,1,0,3,0,0,0,1,1,1,0,0,1,0,6,1,10,1
12,16,0,0,1,4,3,0,1,0,1,1,1,0,2,1,0,6,10,14,1
5,20,4,1,1,0,3,0,0,2,1,1,1,0,0,1,0,6,10,9,1
13,18,4,0,1,0,3,3,0,2,1,1,1,0,2,6,0,1,6,5,1
5,19,4,0,1,0,3,0,0,0,1,1,1,0,0,1,0,6,6,6,0
6,11,4,0,1,0,3,1,0,5,1,1,1,0,0,1,0,6,3,6,1
12,18,4,0,1,0,1,3,0,14,1,1,1,0,2,1,0,6,3,13,1
6,20,4,1,1,0,3,0,0,2,1,1,1,0,0,1,0,4,5,7,1
2,15,4,1,1,0,3,0,0,0,1,1,1,0,0,5,5,6,0,3,0
9,18,4,1,1,3,3,0,1,0,1,1,1,0,0,1,5,0,0,0,1
7,20,4,1,1,0,3,0,0,5,1,1,1,7,0,0,5,0,0,0,1
9,20,4,0,1,0,3,0,0,11,1,1,1,1,0,1,0,6,6,10,1
11,15,0,0,1,0,3,0,0,1,1,1,1,0,2,1,0,4,2,4,1
10,18,0,1,1,0,3,0,0,0,1,1,1,0,0,2,0,3,5,7,0
15,15,2,1,1,0,3,1,0,12,1,1,1,0,2,1,5,6,0,2,1
14,20,4,1,1,4,3,0,1,0,1,1,1,5,2,1,0,6,4,11,1
5,18,4,1,1,0,3,1,0,2,1,1,1,0,0,1,0,6,4,6,1
0,18,4,0,1,0,3,0,0,2,1,1,1,0,0,1,0,6,2,6,1
8,21,4,1,1,0,3,0,0,5,1,1,1,7,0,1,2,6,0,8,0
4,20,4,0,1,0,3,0,0,0,1,1,1,0,0,1,0,6,3,13,1
15,19,4,0,1,0,3,0,0,2,1,1,1,0,2,3,0,6,10,8,1
10,14,4,0,0,0,3,0,0,2,1,1,0,0,0,1,0,1,2,4,1
9,18,4,0,1,0,3,0,0,2,1,1,1,0,0,1,0,4,3,5,1
7,13,4,0,1,0,3,3,0,2,1,1,1,1,0,1,0,6,6,6,1
4,18,2,1,1,1,3,3,0,11,1,1,1,0,0,1,0,4,10,6,1
6,19,4,0,0,0,3,0,0,2,1,1,0,0,0,1,0,6,6,9,1
4,16,4,1,1,0,3,0,0,2,1,1,1,0,0,1,0,1,3,2,1
0,18,4,0,1,0,3,0,0,5,1,1,1,5,0,0,5,0,0,0,1
7,17,4,0,1,0,3,1,0,7,1,1,1,0,0,1,0,6,2,5,1
10,20,0,0,1,4,3,3,1,1,1,1,1,0,0,1,0,8,11,14,1
11,15,0,0,1,0,3,0,0,1,1,1,1,0,2,1,0,6,2,9,0
6,15,4,0,1,4,3,3,1,14,1,1,1,0,0,0,5,0,0,0,1
13,13,4,0,0,0,3,0,0,15,1,1,0,1,2,1,5,0,0,0,0
5,18,4,1,1,0,3,0,0,0,1,1,1,1,0,6,0,1,10,1,0
11,17,4,0,1,0,3,3,0,2,1,1,1,7,2,1,5,2,0,3,1
11,23,0,1,1,0,3,0,0,0,1,1,1,5,2,1,0,6,7,13,0
6,18,4,0,1,0,0,0,0,16,1,1,1,0,0,5,3,6,2,7,1
13,18,2,1,1,0,3,0,0,5,1,1,1,0,2,1,0,3,2,2,1
12,11,4,0,1,0,3,1,0,0,1,1,1,0,2,1,0,9,1,14,1
14,22,0,1,1,4,3,0,1,0,1,1,1,0,2,1,0,6,4,14,1
3,18,4,1,1,0,3,3,0,9,1,1,1,0,0,1,0,6,10,8,0
15,18,0,0,1,0,3,0,0,1,1,1,1,0,2,1,0,7,1,13,1
1,18,4,1,1,0,3,3,0,16,1,1,1,1,0,0,5,0,0,0,1
12,20,2,1,1,0,3,1,0,0,1,1,1,0,2,0,5,0,0,0,0
11,20,0,1,1,0,3,0,0,0,1,1,1,5,2,2,0,6,6,10,0
9,15,4,1,1,4,3,0,1,11,1,1,1,2,0,1,0,6,7,9,0
9,20,0,1,1,0,3,0,0,2,1,1,1,0,0,3,0,6,5,12,1
12,18,0,1,1,0,3,0,0,0,1,1,1,7,2,2,0,6,6,10,1
11,23,0,1,1,0,3,3,0,13,1,1,1,8,2,2,0,8,4,13,1
5,15,4,0,1,0,3,3,0,10,1,1,1,0,0,1,0,6,8,13,0
4,20,4,1,1,0,3,1,0,2,1,1,1,0,0,2,5,3,0,1,1
8,20,4,1,1,0,3,1,0,2,1,1,1,0,0,1,0,6,1,9,1
8,18,4,1,1,0,3,1,0,0,1,1,1,0,0,1,0,5,2,7,1
4,18,3,1,0,0,3,3,0,8,1,1,0,7,1,0,5,0,0,0,1
0,18,4,0,1,0,3,1,0,2,1,1,1,8,0,1,0,1,3,3,1
0,15,4,1,1,0,3,0,0,2,1,1,1,0,0,9,2,0,0,0,1
15,20,4,1,1,3,3,0,1,0,1,1,1,5,2,1,0,6,11,13,1
3,15,0,0,1,0,3,0,0,1,1,1,1,7,0,1,0,7,3,2,1
10,15,4,0,1,0,3,0,0,12,1,1,1,2,0,5,3,7,1,5,1
4,18,4,1,1,4,3,0,1,7,1,1,1,5,0,1,0,2,6,4,1
8,17,4,1,1,0,3,1,0,7,1,1,1,7,0,1,5,0,0,1,1
0,17,4,0,1,0,3,1,0,16,1,1,1,0,0,1,5,4,0,7,1
12,17,4,0,1,0,3,0,0,2,1,1,1,0,2,6,5,0,0,0,1
4,19,4,0,1,0,3,0,0,0,1,1,1,0,0,3,0,4,4,6,1
10,15,0,0,1,0,0,1,0,0,1,1,1,7,0,5,3,9,2,12,1
3,15,4,1,1,0,3,3,0,0,1,1,1,0,0,1,0,1,3,4,1
3,20,4,1,1,0,3,3,0,11,1,1,1,5,0,1,5,0,0,0,0
14,18,0,0,1,3,3,0,1,8,1,1,1,0,2,1,0,6,0,8,1
1,18,4,0,1,0,3,1,0,2,1,1,1,5,0,1,0,3,2,2,1
13,15,0,1,1,4,3,0,1,0,1,1,1,7,2,1,0,6,4,6,1
3,18,4,1,1,0,3,0,0,12,1,1,1,0,0,1,0,6,8,5,1
0,18,0,0,1,0,3,3,0,8,1,1,1,0,0,4,0,2,0,0,1
9,17,4,0,1,4,3,0,1,5,1,1,1,5,0,1,0,3,5,8,1
10,20,4,1,1,0,3,1,0,12,1,1,1,0,0,1,0,6,2,11,1
13,21,0,1,1,4,3,0,1,1,1,1,1,5,2,9,2,0,0,0,1
5,18,4,0,0,0,3,0,1,0,1,0,1,5,0,4,0,1,4,2,0
8,20,4,1,1,0,3,0,0,11,1,1,1,5,0,1,0,6,8,11,1
8,15,0,1,1,0,3,0,0,2,1,1,1,7,0,0,5,0,0,0,1
9,15,0,1,1,0,3,0,0,1,1,1,1,7,0,1,0,6,10,10,1
5,20,4,1,1,4,3,0,1,11,1,1,1,0,0,1,0,2,1,5,1
2,14,4,0,0,0,3,0,0,15,1,1,0,0,0,0,5,0,0,0,0
3,18,3,1,1,1,3,3,1,1,1,1,0,7,1,6,0,1,10,6,1
7,20,4,1,1,0,3,3,0,2,1,1,1,0,0,1,0,6,8,13,1
13,20,4,1,1,3,3,0,1,0,1,1,1,5,2,7,0,6,11,13,1
2,18,4,0,1,0,3,0,0,11,1,1,1,0,0,3,0,2,2,2,1
0,18,4,0,1,0,3,2,0,16,1,1,1,0,0,1,0,3,1,2,1
8,11,3,1,0,0,3,0,0,0,1,1,0,0,2,1,0,3,3,6,1
2,18,4,0,1,0,3,1,0,16,1,1,1,0,0,1,0,7,3,2,1
15,15,0,1,1,4,3,3,1,1,1,1,1,0,2,1,5,0,0,0,1
3,19,0,1,1,0,3,0,0,8,1,1,1,0,0,1,0,4,6,8,1
9,18,4,1,1,0,3,0,0,0,1,1,1,1,0,3,0,6,3,6,1
15,20,4,1,1,0,3,0,0,12,1,1,1,0,2,1,0,4,4,10,1
9,18,4,0,1,0,3,0,0,2,1,1,1,0,0,3,5,0,0,0,1
7,22,0,1,1,4,3,0,1,1,1,1,1,0,0,1,0,6,6,10,1
14,22,4,1,1,0,3,0,0,0,1,1,1,0,0,2,0,4,3,4,1
0,18,4,1,0,0,3,1,0,16,1,1,0,8,0,1,5,1,0,3,0
7,20,4,1,1,0,3,0,0,11,1,1,1,0,0,1,0,2,7,6,1
8,6,4,1,1,0,3,0,0,7,1,1,1,0,0,1,0,2,8,4,1
3,20,4,1,1,0,3,3,0,11,1,1,1,5,0,1,0,5,10,3,0
3,15,4,0,1,0,3,0,0,0,1,1,1,7,0,1,0,5,10,8,1
5,17,4,0,1,0,3,1,0,7,1,1,1,8,0,1,0,3,1,5,1
9,13,4,1,1,0,3,0,0,2,1,1,1,0,0,1,5,0,0,0,1
6,20,4,0,1,0,2,3,0,10,1,1,1,0,0,1,0,6,3,5,0
14,17,0,1,1,0,3,0,0,8,1,1,1,0,2,1,0,6,6,10,1
9,20,4,1,1,0,3,0,0,12,1,1,1,1,0,1,0,6,6,12,0
9,18,0,1,1,0,1,1,0,1,1,1,1,0,2,5,5,0,0,6,1
10,0,4,0,1,4,3,0,1,14,1,1,1,1,0,1,0,6,3,9,0
1,18,4,1,1,0,3,1,0,16,1,1,1,8,0,1,5,1,0,1,0
0,18,4,0,1,0,3,1,0,2,1,1,1,0,0,1,0,2,2,4,1
14,8,0,0,1,4,3,0,1,0,1,1,1,0,2,1,0,6,4,14,1
9,16,4,0,1,0,3,0,0,12,1,1,1,0,0,1,0,7,6,10,1
1,18,4,1,1,0,3,0,0,10,1,1,1,0,0,0,5,0,0,0,1
3,15,4,0,1,0,3,3,0,3,1,1,1,0,0,1,0,9,4,5,1
11,18,4,1,1,0,3,3,0,11,1,1,1,0,2,1,0,6,10,12,1
2,15,4,0,1,0,3,0,0,4,1,1,1,0,0,1,0,6,6,7,0
1,18,4,0,1,0,3,1,0,12,1,1,1,7,0,1,0,7,6,12,0
1,18,4,0,1,0,3,0,0,9,1,1,1,7,0,1,0,9,5,8,1
2,22,0,1,1,0,3,1,0,1,1,1,1,0,0,1,0,3,9,14,1
13,15,4,0,1,3,3,0,1,0,1,1,1,5,2,9,2,3,0,14,1
4,20,4,1,1,0,3,1,0,12,1,1,1,0,0,6,0,2,0,1,0
6,15,0,0,1,0,3,1,0,1,1,1,1,0,0,1,0,6,3,8,0
4,17,4,0,1,0,3,0,0,2,1,1,1,7,0,0,5,0,0,0,0
7,20,4,0,1,0,3,0,0,0,1,1,1,0,0,1,0,5,8,13,0
3,19,4,1,1,4,3,1,1,2,1,1,1,0,0,1,0,2,5,3,1
9,21,4,1,1,0,3,1,0,0,1,1,1,5,0,1,0,5,3,10,0
3,18,4,0,1,0,3,0,0,15,1,1,1,1,0,1,5,6,0,2,1
13,18,0,0,1,0,3,3,0,1,1,1,1,0,2,1,0,8,10,10,1
0,18,4,1,1,0,3,1,0,2,1,1,1,8,0,1,0,1,1,3,1
3,18,4,0,0,0,3,3,0,2,1,1,1,5,0,1,0,4,4,4,1
8,15,4,1,1,0,3,0,0,7,1,1,1,0,0,0,5,0,0,0,1
5,20,4,1,1,0,3,3,0,9,1,1,1,0,0,2,0,1,2,2,1
3,18,4,0,1,0,3,0,0,2,1,1,1,0,0,9,2,0,0,0,1
6,18,4,1,1,0,3,1,0,1,1,1,1,8,0,8,5,0,0,0,1
7,20,4,1,1,0,3,0,0,0,1,1,1,5,0,1,0,6,6,10,1
10,20,4,1,1,0,3,0,0,2,1,1,1,0,0,6,0,1,2,2,1
14,18,4,0,1,0,3,1,0,0,1,1,1,7,2,1,0,6,8,8,1
1,18,4,1,1,0,3,0,0,11,1,1,1,0,0,0,5,0,0,0,1
3,15,4,1,1,0,3,1,0,2,1,1,1,0,0,1,0,4,4,8,1
0,15,4,1,1,0,3,3,0,2,1,1,1,0,0,0,5,0,0,0,1
13,15,3,1,1,3,3,0,1,0,1,1,1,0,2,9,0,5,4,13,1
8,18,4,1,1,3,3,0,1,0,1,1,1,0,0,1,0,6,1,9,1
7,20,4,1,1,0,3,0,0,0,1,1,1,0,0,6,0,4,10,8,1
0,15,4,1,1,0,3,3,0,7,1,1,1,0,0,0,5,0,0,0,1
15,15,4,0,1,0,3,0,0,12,1,1,1,0,2,1,0,6,2,8,1
11,18,4,1,1,0,3,1,0,12,1,1,1,0,2,2,0,9,11,8,0
15,15,4,0,0,0,3,3,0,15,1,1,0,5,2,1,5,0,0,1,1
2,0,4,1,0,4,3,0,1,2,1,1,1,7,0,0,5,0,0,0,1
9,15,0,1,1,0,3,0,0,1,1,1,1,0,0,1,0,7,0,9,1
3,14,4,1,1,0,3,0,0,2,1,1,1,5,0,1,0,5,3,3,1
10,20,0,0,1,0,3,0,0,0,1,1,1,0,0,1,2,6,0,10,1
7,20,4,0,1,0,3,0,0,0,1,1,1,0,0,2,0,6,3,10,1
10,16,0,0,1,0,3,3,0,0,1,1,1,0,0,1,0,6,5,14,0
9,20,4,0,0,0,3,1,0,11,1,1,0,0,0,2,0,9,3,12,1
5,20,4,1,1,0,3,0,0,2,1,1,1,0,0,1,0,4,2,4,1
7,21,4,0,1,3,3,1,1,0,1,1,1,5,0,1,0,7,8,13,0
15,15,0,1,1,3,3,0,1,0,1,1,1,0,2,1,0,6,8,3,1
0,16,4,0,1,0,3,1,0,16,1,1,1,7,0,9,3,3,0,1,1
12,20,4,1,1,0,3,0,0,0,1,1,1,0,2,2,0,6,1,9,1
7,15,0,1,1,4,3,3,1,1,1,1,1,7,0,3,0,6,7,4,0
5,19,4,0,1,0,3,0,0,2,1,1,1,1,0,2,5,0,0,0,1
3,18,4,1,1,0,3,0,0,2,1,1,1,0,0,0,5,0,0,0,1
12,19,4,0,1,0,3,1,0,0,1,1,1,0,2,1,0,7,5,7,0
8,17,0,1,1,0,3,1,0,1,1,1,1,0,0,1,0,4,3,5,0
11,20,0,0,1,0,3,0,0,0,1,1,1,0,2,1,0,8,3,14,1
3,18,4,1,1,0,3,1,0,0,1,1,1,0,0,1,0,6,1,11,1
5,20,4,1,1,0,3,2,0,0,1,1,1,8,0,0,5,0,0,0,0
6,20,4,1,1,0,3,0,0,2,1,1,1,8,0,8,2,6,0,8,1
7,18,4,0,1,0,3,0,0,2,1,1,1,0,0,1,2,0,0,0,1
13,19,0,1,1,0,3,0,0,0,1,1,1,0,2,1,0,6,6,10,1
14,15,0,0,1,0,1,0,0,0,1,1,1,0,2,5,0,6,8,11,1
11,21,4,1,1,0,3,0,0,0,1,1,1,5,2,2,0,6,6,11,0
7,18,4,1,1,0,3,0,0,10,1,1,1,0,0,1,0,6,8,10,0
3,18,4,1,1,0,3,1,0,2,1,1,1,0,0,9,2,0,0,0,1
11,18,4,0,1,0,3,3,0,14,1,1,1,1,2,1,0,8,6,9,1
4,18,4,1,1,0,3,0,0,2,1,1,1,7,0,1,0,4,1,6,1
10,15,4,0,1,0,3,0,0,2,1,1,1,0,0,6,0,1,3,5,0
6,18,4,0,1,0,3,3,0,11,1,1,1,0,0,1,0,7,0,9,0
2,22,4,1,1,0,3,0,0,11,1,1,1,0,0,1,0,9,3,11,1
15,22,0,0,1,4,3,3,1,0,1,1,1,0,2,1,0,9,4,13,1
11,21,0,1,1,0,3,3,0,1,1,1,1,7,2,0,5,0,0,0,0
1,18,4,0,1,0,3,0,0,2,1,1,1,0,0,2,0,2,1,3,1
12,20,4,0,1,0,3,3,0,0,1,1,1,5,2,1,0,3,10,14,0
0,17,4,0,1,0,3,0,0,2,1,1,1,7,0,1,0,4,3,5,1
7,15,4,0,1,0,3,0,0,2,1,1,1,7,0,1,2,3,0,3,1
10,21,0,1,1,0,3,1,0,0,1,1,1,0,0,2,0,6,1,9,1
2,18,4,0,1,0,3,0,0,9,1,1,1,0,0,1,2,1,0,4,1
5,15,4,0,1,0,3,0,0,4,1,1,1,0,0,1,0,5,8,5,0
13,20,4,0,1,4,3,1,0,0,1,1,1,0,2,7,0,9,5,14,0
13,20,0,0,1,0,3,1,0,0,1,1,1,0,2,1,0,9,4,11,0
1,15,4,0,1,0,3,0,0,7,1,1,1,0,0,0,5,0,0,0,1
4,12,4,0,1,0,3,0,0,15,1,1,1,1,0,0,5,0,0,1,1
5,17,3,1,1,0,3,0,0,0,1,1,1,7,2,1,0,1,2,6,1
14,18,4,0,1,0,3,0,0,0,1,1,1,8,0,2,0,5,1,4,1
13,20,4,0,1,2,3,0,0,0,1,1,1,1,2,9,2,8,0,14,1
11,17,2,1,1,0,3,0,0,0,1,1,1,0,2,1,0,6,8,11,1
4,18,4,1,1,0,3,1,0,2,1,1,1,0,0,1,0,2,4,5,1
12,19,4,0,1,0,3,0,0,2,1,1,1,0,2,1,0,8,10,6,0
6,20,4,1,1,0,3,0,0,11,1,1,1,5,0,1,0,8,8,12,1
10,18,0,0,1,0,3,0,0,2,1,1,1,0,0,1,1,4,0,7,1
3,13,4,0,1,0,3,0,0,7,1,1,1,7,0,1,5,0,0,5,1
10,15,4,1,1,0,3,3,0,2,1,1,1,0,0,1,2,6,0,6,1
6,18,4,1,1,0,3,3,0,2,1,1,1,7,0,1,5,0,0,0,1
4,20,4,0,1,3,3,0,1,2,1,1,1,5,0,1,0,6,4,13,1
1,17,4,1,1,0,3,0,0,7,1,1,1,0,0,1,0,6,4,4,1
4,18,4,0,1,0,3,1,0,2,1,1,1,0,0,6,0,1,0,2,1
9,16,2,1,1,0,3,0,0,2,1,1,1,0,0,1,0,9,6,7,1
13,12,4,0,1,0,3,0,0,0,1,1,1,1,2,1,1,1,0,1,1
10,20,4,1,1,0,3,3,0,11,1,1,1,0,0,1,0,6,10,13,1
15,15,4,0,1,4,3,0,1,2,1,1,1,0,2,3,0,6,4,6,1
9,21,4,1,1,0,3,1,0,0,1,1,1,0,0,1,0,6,4,13,1
6,20,4,1,1,2,2,0,0,3,1,1,1,1,0,1,0,2,4,5,1
14,20,0,1,1,0,3,0,0,1,1,1,1,0,2,2,0,6,8,13,1
4,18,0,1,1,0,3,0,0,0,1,1,1,0,0,0,5,0,0,0,0
1,15,4,0,1,0,3,3,0,2,1,1,1,0,0,0,5,0,0,0,1
10,15,0,1,1,0,3,0,0,1,1,1,1,0,0,1,0,6,3,9,1
7,17,4,1,1,3,3,0,0,11,1,1,1,0,0,2,0,4,2,10,1
8,15,0,1,1,4,3,0,1,1,1,1,1,0,0,1,0,4,2,5,1
4,20,4,0,0,0,3,1,0,2,1,1,1,0,0,1,0,6,4,8,1
15,20,0,0,1,0,3,0,0,1,1,1,1,0,2,1,0,6,5,13,1
7,19,4,0,1,0,3,1,0,2,1,1,1,0,0,1,0,6,6,12,1
1,17,4,0,1,0,3,1,0,2,1,1,1,0,0,1,2,4,0,5,1
0,18,4,1,1,0,3,0,0,2,1,1,1,1,0,9,2,0,0,0,1
6,17,4,0,1,0,3,1,0,2,1,1,1,0,0,1,0,6,4,8,1
10,20,0,0,1,0,3,0,0,1,1,1,1,0,0,1,0,7,5,14,1
2,15,4,0,1,0,3,0,0,15,1,1,1,1,0,0,5,0,0,0,0
1,17,4,1,1,0,3,3,0,2,1,1,1,7,0,1,2,6,0,5,1
2,15,4,1,1,0,3,0,0,0,1,1,1,7,0,1,2,2,0,2,1
1,17,4,1,1,0,3,0,0,9,1,1,1,0,0,0,5,0,0,0,0
5,20,4,0,1,0,3,0,0,12,1,1,1,0,0,0,5,0,0,0,1
2,18,4,1,1,0,3,0,0,0,1,1,1,1,0,0,5,0,0,0,0
2,13,4,0,1,0,3,0,0,15,1,1,1,7,0,0,5,0,0,0,1
5,15,4,0,0,0,3,3,0,2,1,1,1,5,0,1,0,6,4,3,1
7,18,4,1,1,0,3,1,0,0,1,1,1,0,0,6,0,3,5,9,1
7,21,0,1,1,0,3,1,0,1,1,1,1,0,0,2,0,6,4,10,0
9,20,4,0,1,0,3,1,0,0,1,1,1,8,0,1,0,5,3,13,1
1,15,4,0,1,0,3,0,0,2,1,1,1,0,0,1,0,3,3,5,1
8,18,4,1,1,0,3,0,0,11,1,1,1,0,0,0,5,0,0,0,0
10,20,4,0,1,0,3,0,0,2,1,1,1,7,0,1,0,6,5,9,1
11,15,4,0,1,0,3,3,0,12,1,1,1,7,2,1,0,6,8,8,1
8,20,4,1,1,0,3,0,0,2,1,1,1,0,0,1,0,5,0,6,1
11,20,4,1,1,0,3,1,0,0,1,1,1,0,2,0,5,0,0,0,1
14,21,4,0,1,4,3,0,1,2,1,1,1,5,2,1,5,0,0,0,1
10,20,4,1,1,0,3,0,0,11,1,1,1,2,0,3,0,6,4,13,1
1,18,4,0,1,0,3,3,0,2,1,1,1,7,0,1,0,3,6,2,1
12,15,4,0,1,4,3,0,1,0,1,1,1,7,2,1,0,5,11,3,1
7,18,4,1,1,0,3,3,0,16,1,1,1,5,0,0,5,0,0,0,1
4,20,4,1,1,0,3,0,0,10,1,1,1,0,0,1,0,6,3,5,0
12,18,4,1,1,0,3,0,0,0,1,1,1,1,2,1,0,4,10,6,1
14,18,2,1,0,0,3,0,0,2,1,1,1,0,2,1,5,0,0,1,1
5,18,4,1,1,0,3,0,0,2,1,1,1,0,0,1,0,5,11,3,0
1,13,4,0,1,0,3,3,0,2,1,1,1,0,0,0,5,0,0,12,1
10,20,4,0,1,0,3,0,0,2,1,1,1,0,0,1,0,8,2,7,1
2,14,4,0,0,0,3,1,0,15,1,1,0,5,0,0,5,0,0,1,1
10,20,0,1,1,4,3,0,1,1,1,1,1,5,0,1,0,6,5,12,1
12,13,4,1,1,0,3,0,0,3,1,1,1,1,2,6,0,4,2,13,0
7,20,4,0,1,0,3,3,0,0,1,1,1,5,0,2,0,6,3,9,1
0,15,4,1,1,0,3,3,0,11,1,1,1,0,0,9,2,0,0,0,0
6,17,0,1,1,0,3,1,0,2,1,1,1,8,0,1,0,6,6,7,1
0,15,4,1,1,0,3,0,0,2,1,1,1,7,0,0,5,0,0,0,0
12,18,3,1,1,3,3,3,1,1,1,1,1,0,2,0,5,0,0,4,1
15,17,0,1,1,0,3,0,0,1,1,1,1,0,2,1,0,8,8,8,0
5,18,4,0,1,0,3,1,0,12,1,1,1,0,0,1,0,4,5,6,0
5,20,4,0,1,0,3,0,0,2,1,1,1,7,0,1,0,6,3,9,1
12,20,4,0,1,0,3,1,0,0,1,1,1,0,2,1,0,7,4,11,1
14,15,4,1,1,0,3,0,0,2,1,1,1,7,2,0,5,0,0,5,1
10,18,4,1,1,0,3,3,0,11,1,1,1,0,0,1,2,2,0,3,1
8,20,4,0,1,0,3,1,0,0,1,1,1,8,0,2,0,6,0,13,0
11,14,4,0,1,0,3,3,0,12,1,1,1,0,2,0,5,0,0,0,0
12,17,0,0,1,0,3,0,0,0,1,1,1,0,2,2,0,7,3,13,1
9,17,0,0,1,0,3,1,0,1,1,1,1,0,0,1,0,6,7,8,1
3,19,4,1,1,0,3,0,0,2,1,1,1,7,0,0,5,0,0,0,1
12,15,0,1,1,0,3,0,0,8,1,1,1,0,2,1,1,2,0,1,1
14,19,0,0,1,0,3,3,0,1,1,1,1,0,2,7,0,6,5,13,1
9,18,4,0,1,0,3,1,0,0,1,1,1,0,0,1,0,9,8,9,1
10,20,4,0,1,0,1,1,0,0,1,1,1,0,0,1,0,6,7,10,1
12,18,4,0,1,0,3,3,0,0,1,1,1,0,2,1,0,3,6,5,1
4,18,4,1,1,0,3,3,0,2,1,1,1,0,0,6,5,0,0,0,1
8,20,0,0,1,4,3,0,1,0,1,1,1,5,0,1,0,6,9,14,1
14,20,4,0,1,4,3,0,1,9,1,1,1,0,2,1,0,6,3,8,1
9,20,4,1,1,0,3,3,0,5,1,1,1,0,0,1,0,2,4,6,1
13,20,4,0,1,0,3,1,0,0,1,1,1,0,2,1,0,9,11,14,0
6,20,4,1,0,0,3,0,0,2,1,1,0,7,2,5,4,3,0,6,0
4,15,4,0,1,0,3,0,0,2,1,1,1,7,0,1,0,6,1,5,1
1,18,4,1,1,0,3,0,0,2,1,1,1,0,0,1,0,4,4,5,1
15,20,0,0,1,3,3,3,1,1,1,1,1,5,2,1,0,6,2,13,1
7,18,4,0,1,0,3,0,0,0,1,1,1,0,0,7,0,5,5,9,0
2,12,2,0,1,0,3,0,0,5,1,1,1,7,0,1,0,6,10,9,0
13,17,4,1,1,0,3,3,0,2,1,1,1,0,2,1,0,6,1,4,1
11,11,4,0,1,0,3,0,0,11,1,1,1,0,2,1,0,4,4,6,1
8,18,4,1,1,0,3,3,0,0,1,1,1,1,0,1,0,6,6,9,1
9,15,0,0,1,0,3,1,0,0,1,1,1,0,0,6,0,6,0,6,1
8,20,4,0,1,0,3,1,0,2,1,1,1,0,0,1,0,7,7,9,1
4,18,4,0,1,0,3,0,0,2,1,1,1,7,0,2,0,6,6,7,1
5,18,4,0,0,0,3,2,0,5,1,1,0,0,0,1,0,3,3,4,1
3,14,4,1,1,0,3,0,0,2,1,1,1,0,0,0,5,0,0,5,1
5,20,0,1,1,3,3,0,1,0,1,1,1,0,0,2,0,6,8,9,1
5,20,4,1,1,0,3,0,0,0,1,1,1,7,0,1,0,4,6,6,1
11,20,4,0,1,0,3,1,0,0,1,1,1,0,2,2,0,6,11,14,1
13,20,0,0,1,0,3,0,0,0,1,1,1,0,2,1,0,7,8,12,1
14,20,4,1,1,0,3,1,0,0,1,1,1,0,2,1,0,6,2,9,1
9,20,4,0,1,0,3,1,0,0,1,1,1,0,0,3,0,7,8,12,1
13,14,0,0,1,0,3,3,0,11,1,1,1,7,2,1,0,6,7,7,1
10,21,0,1,1,4,3,3,1,1,1,1,1,5,0,1,0,6,6,14,1
6,15,0,0,1,0,3,1,0,1,1,1,1,0,0,1,0,8,1,11,0
8,21,0,1,1,4,3,0,1,1,1,1,1,5,0,1,0,6,2,8,1
6,15,4,0,1,0,3,0,0,2,1,1,1,7,0,1,0,6,6,10,1
6,19,4,1,1,0,3,3,0,2,1,1,1,7,0,1,0,2,3,5,1
5,18,4,0,0,0,3,0,0,2,1,1,1,7,0,0,5,0,0,0,1
0,17,4,1,0,0,3,1,0,16,1,1,0,0,0,0,5,0,0,3,0
2,19,4,1,1,0,3,1,0,2,1,1,1,0,0,1,0,3,6,2,1
2,0,4,1,0,0,3,3,0,12,1,1,1,5,0,1,0,8,4,6,0
6,19,4,1,1,0,3,0,0,0,1,1,1,7,0,1,0,6,5,12,1
9,19,4,1,1,0,3,0,0,0,1,1,1,0,0,1,0,7,0,9,1
15,20,4,0,1,0,3,1,0,0,1,1,1,0,2,1,0,5,0,6,1
12,20,0,1,1,4,3,0,1,1,1,1,1,0,2,6,5,0,0,0,1
6,20,4,1,1,0,3,0,0,11,1,1,1,1,0,1,0,6,3,11,0
1,18,4,1,1,0,3,0,0,2,1,1,1,7,0,1,0,3,5,9,1
12,20,4,0,1,0,3,1,0,0,1,1,1,0,2,1,0,7,2,13,0
1,17,4,0,1,3,3,0,1,2,1,1,1,5,0,1,1,4,0,1,1
4,20,4,0,1,0,3,0,0,2,1,1,1,0,0,1,0,6,8,7,1
15,20,4,0,1,0,3,0,0,2,1,1,1,1,2,1,0,6,8,5,1
6,20,4,0,1,0,3,0,0,12,1,1,1,0,0,1,0,6,3,13,0
15,23,2,0,1,0,3,0,0,15,1,1,1,0,2,1,5,6,0,2,1
3,17,3,1,1,0,3,3,0,2,1,1,1,0,2,1,0,6,2,6,1
15,18,0,1,1,0,3,1,0,1,1,1,1,5,2,1,2,0,0,0,1
7,20,4,1,1,0,3,0,0,2,1,1,1,5,0,1,2,0,0,0,1
12,20,4,0,1,0,3,0,0,0,1,1,1,0,2,1,0,6,10,11,0
15,15,4,0,1,4,3,1,1,2,1,1,1,0,2,1,0,6,8,9,1
5,19,4,1,1,0,3,3,0,2,1,1,1,0,0,1,0,2,5,5,1
10,20,4,1,1,0,3,1,0,2,1,1,1,0,0,1,0,4,11,8,1
7,17,4,0,1,0,3,3,0,2,1,1,1,8,0,1,0,6,8,5,1
13,21,4,0,1,0,3,1,0,0,1,1,1,0,2,1,1,6,0,11,1
11,11,0,1,0,4,3,0,1,1,1,1,1,7,2,0,5,0,0,0,1
2,14,4,1,0,0,3,1,0,12,1,1,0,0,2,0,5,0,0,0,0
15,19,0,0,1,3,3,0,1,0,1,1,1,5,2,1,0,6,6,8,1
2,18,4,1,1,0,3,0,0,11,1,1,1,0,0,1,0,2,4,2,0
1,14,4,1,0,0,3,0,0,2,1,1,0,0,0,1,0,2,3,4,1
6,19,4,1,1,0,3,1,0,2,1,1,1,0,0,1,0,4,4,8,1
7,15,4,0,1,0,3,0,0,5,1,1,1,0,0,1,0,6,2,6,1
10,15,4,1,1,0,3,0,0,12,1,1,1,7,0,1,0,6,3,10,0
4,15,4,1,1,0,3,3,0,2,1,1,1,0,0,1,0,2,9,6,0
15,20,2,0,1,0,3,3,0,0,1,1,1,0,2,3,0,7,8,13,1
0,18,4,1,1,0,3,3,0,2,1,1,1,0,0,1,5,0,0,0,1
2,16,4,1,1,0,3,3,0,16,1,1,1,5,0,1,5,6,0,2,0
2,16,4,1,1,0,3,0,0,2,1,1,1,0,0,9,2,0,0,0,1
11,15,4,1,1,0,3,0,0,12,1,1,1,7,2,1,0,6,11,5,1
8,21,0,1,1,4,3,0,1,1,1,1,1,5,0,0,5,0,0,0,0
3,13,4,0,1,0,3,0,0,15,1,1,1,7,0,0,5,0,0,0,1
10,21,4,1,1,0,3,3,0,2,1,1,1,0,0,1,0,6,6,8,1
0,15,4,1,1,0,3,0,0,2,1,1,1,7,0,1,0,4,3,6,1
13,20,4,0,1,3,3,0,1,2,1,1,1,5,2,1,0,6,8,12,1
5,15,4,0,1,0,3,2,0,2,1,1,1,0,0,0,5,0,0,1,1
12,20,2,0,1,0,3,0,0,2,1,1,1,5,2,1,0,7,0,11,1
4,15,4,1,1,0,3,0,0,7,1,1,1,0,0,1,0,3,1,3,1
2,19,4,1,1,4,3,0,1,0,1,1,1,5,0,1,0,3,6,2,1
15,19,4,0,1,0,3,0,0,12,1,1,1,7,2,1,0,6,3,11,1
1,21,4,1,1,0,3,0,0,16,1,1,1,0,0,2,0,1,1,3,1
10,0,4,1,1,4,3,0,1,12,1,1,1,0,0,1,0,6,3,6,1
4,19,4,0,1,0,3,1,0,2,1,1,1,0,0,1,0,2,4,4,1
7,20,4,1,1,0,3,2,0,2,1,1,1,0,0,1,5,3,0,2,1
11,19,0,1,1,4,3,0,1,1,1,1,1,0,2,3,0,3,5,6,1
9,20,4,1,1,0,3,1,0,0,1,1,1,0,0,3,0,6,6,12,1
15,18,2,0,1,3,3,1,1,15,1,1,1,0,2,4,5,6,0,2,1
3,19,4,1,1,0,3,3,0,11,1,1,1,5,0,1,5,0,0,0,1
3,18,4,1,1,0,3,0,0,14,1,1,1,0,0,1,0,2,6,1,1
15,22,0,0,1,4,3,0,1,1,1,1,1,5,2,2,0,9,6,6,1
6,18,4,0,1,0,3,0,0,2,1,1,1,0,0,1,0,3,5,7,1
8,17,0,1,1,0,3,2,0,8,1,1,1,0,0,3,1,3,0,1,1
1,14,4,0,1,0,3,0,0,12,1,1,1,0,0,1,0,6,8,5,1
14,14,0,0,1,0,3,3,0,14,1,1,1,0,2,1,0,6,8,10,1
7,11,4,0,1,4,3,0,1,11,1,1,1,0,0,0,5,0,0,0,1
7,15,4,1,1,0,3,0,0,7,1,1,1,0,0,0,5,0,0,2,1
11,15,0,0,1,0,3,0,0,16,1,1,1,0,2,1,0,7,5,2,0
11,20,4,1,1,0,3,3,0,2,1,1,1,0,2,2,0,1,11,3,1
6,14,4,0,1,0,3,3,0,11,1,1,1,0,0,1,0,6,8,7,1
13,15,0,0,1,0,3,0,0,1,1,1,1,0,2,1,0,6,3,12,1
8,0,3,1,1,0,3,3,0,0,1,1,1,1,0,1,0,6,4,6,0
0,18,4,1,1,1,3,0,0,14,1,1,1,0,0,1,0,4,10,6,1
8,15,4,0,1,3,3,0,1,5,1,1,1,7,0,1,0,8,4,6,1
14,19,0,0,1,0,2,0,0,2,1,1,1,0,2,1,0,6,5,9,0
13,20,0,1,1,0,3,0,0,1,1,1,1,0,2,1,0,6,9,14,1
2,18,0,1,1,3,3,3,1,8,1,1,1,0,0,1,0,2,3,3,1
7,17,4,0,1,0,3,1,0,0,1,1,1,0,0,1,0,6,2,10,0
3,17,0,1,1,0,3,1,0,8,1,1,1,0,0,1,0,6,6,9,1
11,21,4,1,1,4,3,0,1,0,1,1,1,5,2,1,0,5,3,5,0
11,15,4,0,1,0,3,0,0,2,1,1,1,0,2,1,0,6,11,6,1
6,18,4,1,1,3,3,0,1,2,1,1,1,5,0,1,0,4,6,3,1
3,15,4,0,1,0,3,3,0,2,1,1,1,0,0,1,0,2,6,4,1
9,15,0,1,0,2,0,3,0,6,0,1,0,3,1,5,3,4,3,6,1
15,20,0,0,1,0,3,0,0,2,1,1,1,5,2,1,0,6,0,9,1
8,18,0,1,1,0,3,3,0,1,1,1,1,8,0,1,0,6,2,6,1
1,18,4,0,1,0,3,0,0,2,1,1,1,5,0,0,5,0,0,0,0
6,20,4,0,1,0,3,1,0,10,1,1,1,0,0,1,0,6,5,13,0
10,15,4,0,1,0,3,0,0,15,1,1,1,0,0,1,5,5,0,2,0
15,15,0,1,1,0,3,0,0,0,1,1,1,0,2,1,0,8,2,7,1
12,15,4,0,1,0,3,0,0,0,1,1,1,0,2,1,0,6,6,6,1
11,23,0,0,1,0,0,0,0,16,1,1,1,0,2,5,3,8,5,7,0
14,15,4,1,1,0,3,0,0,0,1,1,1,0,2,2,0,6,3,7,1
7,21,0,0,1,0,3,2,0,0,1,1,1,0,0,6,0,6,3,14,0
1,19,4,1,1,0,3,1,0,16,1,1,1,5,0,1,5,1,0,2,0
14,0,4,1,1,0,3,0,0,12,1,1,1,0,2,1,0,8,3,9,1
14,15,0,1,1,0,3,0,0,8,1,1,1,0,2,1,0,6,6,10,1
0,18,4,0,1,0,3,1,0,7,1,1,1,8,0,1,0,1,8,1,1
11,16,4,0,1,0,3,0,0,12,1,1,1,0,2,0,5,0,0,0,0
9,15,0,0,1,3,3,0,1,2,1,1,1,5,0,1,0,9,11,4,1
12,21,4,1,1,0,3,1,0,0,1,1,1,5,2,0,5,0,0,12,1
3,18,4,0,0,0,3,1,0,2,1,0,0,0,0,6,2,1,0,3,1
13,18,0,1,1,0,3,1,0,0,1,1,1,7,2,1,0,6,5,8,1
3,18,4,0,1,0,3,0,0,2,1,1,1,0,0,1,0,1,1,4,1
7,20,4,0,1,0,3,1,0,2,1,1,1,0,0,1,0,7,11,11,0
3,15,4,1,1,0,3,3,0,11,1,1,1,0,0,0,5,0,0,2,0
11,22,4,1,1,0,3,1,0,7,1,1,1,8,0,2,0,4,8,4,1
6,14,0,0,1,0,3,0,0,7,1,1,1,7,0,1,0,6,1,12,1
15,20,0,1,1,0,3,1,0,1,1,1,1,0,2,1,0,8,4,12,1
1,18,4,0,1,0,3,3,0,0,1,1,1,0,0,2,0,9,1,13,1
2,14,4,0,1,3,3,0,1,5,1,1,1,7,0,1,0,8,10,4,1
6,18,4,0,1,0,3,0,0,2,1,1,1,5,0,1,0,5,6,6,1
14,8,0,0,1,4,3,0,1,1,1,1,1,0,2,1,5,0,0,0,1
9,15,0,1,1,3,3,0,1,0,1,1,1,0,0,0,5,0,0,0,0
1,14,4,0,1,3,3,0,1,2,1,1,1,0,0,9,2,0,0,0,1
0,13,4,0,1,0,3,0,0,10,1,1,1,0,0,0,5,0,0,0,1
1,18,4,1,1,0,3,0,0,2,1,1,1,0,0,1,2,2,0,3,1
15,20,0,0,1,0,3,0,0,0,1,1,1,0,2,1,0,7,10,13,1
3,19,4,1,1,4,3,0,1,11,1,1,1,0,0,1,0,1,2,5,1
2,18,4,0,1,3,3,0,1,2,1,1,1,8,0,0,5,0,0,0,1
15,21,0,1,1,0,3,2,0,1,1,1,1,0,2,0,5,0,0,0,0
6,15,4,0,1,0,3,0,0,2,1,1,1,0,0,1,0,4,8,5,1
6,17,0,1,1,0,3,0,0,0,1,1,1,0,0,1,0,6,3,9,0
1,15,4,0,1,4,3,0,1,10,1,1,1,5,0,1,5,6,0,4,0
8,20,4,1,1,0,3,0,0,2,1,1,1,7,0,1,0,7,3,9,1
14,8,2,1,1,4,3,3,1,12,1,1,1,0,2,1,0,6,8,12,0
6,20,4,0,1,3,3,0,1,5,1,1,1,5,0,1,0,6,9,11,1
4,19,4,1,1,0,3,0,0,16,1,1,1,0,0,6,0,4,1,7,0
3,15,0,0,1,3,0,3,1,16,1,1,1,0,0,5,3,9,1,5,0
6,20,4,0,1,0,3,0,0,14,1,1,1,0,0,3,0,4,0,13,0
15,20,4,1,1,0,2,1,0,10,1,1,1,0,2,4,0,6,5,6,1
5,15,4,0,1,0,3,1,0,5,1,1,1,8,0,2,0,6,10,8,1
10,20,0,0,1,3,3,0,1,15,1,1,1,1,0,3,5,6,0,1,1
8,19,4,1,1,4,3,0,1,2,1,1,1,0,0,1,0,6,8,10,1
4,12,4,0,0,0,3,0,0,15,1,1,1,2,0,1,5,0,0,0,1
7,15,4,0,1,0,3,0,0,11,1,1,1,5,0,1,0,6,10,8,1
8,15,0,1,1,3,1,0,1,0,1,1,1,0,0,1,0,6,3,9,1
3,15,4,0,1,0,3,0,0,16,1,1,1,1,0,9,2,0,0,0,1
9,18,0,1,1,0,3,0,0,0,1,1,1,7,0,1,0,3,3,5,1
11,20,0,0,1,2,3,1,0,1,1,1,1,0,2,1,0,6,10,12,1
12,18,4,1,1,0,3,0,0,11,1,1,1,7,2,1,0,6,8,12,0
2,15,4,0,1,3,3,0,1,0,1,1,1,0,0,1,0,3,6,5,1
12,17,4,1,1,0,3,0,0,2,1,1,1,7,2,1,5,0,0,1,1
7,20,0,1,1,0,3,1,0,1,1,1,1,0,0,1,0,5,6,6,0
3,20,4,0,1,0,3,1,0,11,1,1,1,0,0,1,0,7,2,12,0
7,15,4,1,1,4,3,0,1,0,1,1,1,5,0,0,5,0,0,0,0
0,18,4,1,1,0,3,3,0,16,1,1,1,0,0,2,0,2,0,2,0
13,18,2,0,1,0,3,1,0,2,1,1,1,0,2,1,0,6,7,7,1
0,18,4,0,1,0,3,0,0,11,1,1,1,7,0,0,5,0,0,0,1
0,17,4,0,1,0,3,1,0,16,1,1,1,0,0,2,5,2,0,2,0
3,15,4,0,1,0,0,1,0,12,1,1,1,0,0,5,3,7,9,7,0
10,19,0,0,1,0,1,1,0,0,1,1,1,0,0,5,0,6,2,6,1
15,19,4,1,1,0,3,0,0,12,1,1,1,7,2,1,0,2,3,4,1
10,23,4,1,1,3,3,0,1,2,1,1,1,5,0,0,5,0,0,0,1
10,18,0,0,1,0,3,0,0,0,1,1,1,0,0,1,0,6,2,10,1
8,15,4,1,1,0,3,0,0,9,1,1,1,8,0,1,0,3,8,5,1
3,19,4,1,1,0,3,0,0,2,1,1,1,0,0,1,0,6,8,5,1
8,19,4,0,1,0,3,0,0,2,1,1,1,8,0,4,0,6,1,7,1
10,18,0,1,1,4,3,0,1,0,1,1,1,5,0,1,0,6,3,8,1
10,20,4,1,1,3,3,3,1,5,1,1,1,5,0,1,0,3,4,4,1
5,17,4,1,1,0,3,3,0,2,1,1,1,0,0,1,0,9,8,5,0
2,17,4,1,1,0,3,0,0,9,1,1,1,0,0,1,5,4,0,2,1
6,18,0,0,1,0,0,0,0,16,1,1,1,0,0,5,3,3,0,1,1
11,18,4,1,1,0,3,1,0,2,1,1,1,0,2,1,2,3,0,4,1
3,18,4,0,1,0,0,3,0,0,1,1,1,0,0,5,3,3,9,6,0
6,19,0,1,1,0,3,0,0,8,1,1,1,5,0,0,5,0,0,0,1
13,12,4,0,1,0,3,0,0,15,1,1,1,1,2,1,5,0,0,1,1
4,20,4,0,1,0,3,3,0,2,1,1,1,0,0,1,0,6,3,11,1
12,15,4,0,1,0,3,0,0,0,1,1,1,0,2,1,0,6,2,8,0
10,17,4,1,1,4,3,0,1,0,1,1,1,0,0,1,5,0,0,11,1
4,19,4,0,1,2,3,0,0,2,1,1,1,7,0,1,5,0,0,0,1
6,17,0,1,1,0,3,0,0,1,1,1,1,1,0,1,0,1,6,2,1
11,20,4,0,1,0,3,3,0,11,1,1,1,0,2,3,0,6,6,12,0
9,20,4,1,1,0,3,0,0,2,1,1,1,0,0,1,0,6,2,10,1
12,19,0,0,1,3,3,0,1,0,1,1,1,7,2,1,0,6,7,12,1
15,20,4,0,1,0,3,0,0,0,1,1,1,0,2,1,0,6,5,14,0
15,15,4,0,0,0,3,0,0,2,1,1,0,7,2,1,0,6,3,5,1
8,15,4,0,1,4,3,0,1,5,1,1,1,5,0,0,5,0,0,0,1
6,20,0,1,1,0,3,0,0,0,1,1,1,0,0,1,0,6,8,13,1
8,20,4,1,1,0,3,0,0,0,1,1,1,0,0,0,5,0,0,0,1
10,15,4,1,1,0,3,0,0,2,1,1,1,7,0,1,2,3,0,3,1
9,16,4,0,1,0,3,3,0,14,1,1,1,0,0,1,0,6,6,3,0
6,21,0,1,1,0,3,1,0,0,1,1,1,0,0,2,0,6,6,11,0
13,16,0,0,1,4,3,1,1,0,1,1,1,0,2,1,0,6,6,10,0
12,20,4,1,1,3,3,0,1,5,1,1,1,5,2,1,0,6,3,9,1
13,19,0,1,1,4,3,0,1,1,1,1,1,0,2,2,0,2,11,3,1
11,20,0,1,1,4,3,0,1,1,1,1,1,5,2,1,0,8,8,12,1
0,15,4,1,1,4,3,0,1,9,1,1,1,8,0,1,0,2,6,2,1
4,18,4,0,1,0,3,3,0,0,1,1,1,0,0,0,5,0,0,0,1
4,17,0,1,1,0,3,0,0,16,1,1,1,0,0,1,0,3,5,3,1
1,14,4,0,1,0,3,0,0,9,1,1,1,5,0,0,5,0,0,0,1
7,20,4,1,1,4,3,0,1,0,1,1,1,5,0,1,0,4,3,6,1
12,20,4,1,1,3,3,0,1,0,1,1,1,0,2,1,0,8,2,13,1
0,17,4,0,1,0,2,0,0,2,1,1,1,0,0,1,0,1,2,5,1
1,19,2,1,1,1,3,3,0,11,1,1,1,0,0,2,5,4,0,6,0
1,15,4,1,1,0,3,1,0,2,1,1,1,0,0,3,0,6,2,4,0
7,14,0,0,1,0,3,3,0,16,1,1,1,0,0,1,0,8,5,7,1
6,16,4,0,1,0,3,0,0,3,1,1,1,7,0,1,0,6,4,10,1
9,20,4,1,1,0,3,0,1,9,1,1,1,5,0,5,0,7,4,7,0
0,15,4,1,1,3,3,2,1,2,1,1,1,7,0,1,5,2,0,1,1
9,16,1,1,1,0,3,1,0,5,1,1,1,0,0,1,5,9,0,2,1
14,21,4,0,1,0,3,0,0,0,1,1,1,1,2,1,0,9,3,14,1
10,15,4,1,1,4,3,0,1,12,1,1,1,0,0,1,0,6,3,10,1
2,18,4,1,1,0,3,0,0,2,1,1,1,0,0,1,0,3,4,4,0
5,19,4,1,1,0,3,0,0,0,1,1,1,0,0,2,0,1,1,2,0
0,16,4,0,1,0,3,0,0,2,1,1,1,0,0,1,0,1,0,4,1
5,20,4,0,1,0,3,3,0,2,1,1,1,0,0,0,5,0,0,0,0
7,8,0,1,1,4,3,0,1,16,1,1,1,0,0,0,5,0,0,3,0
15,21,0,0,1,4,3,0,1,1,1,1,1,5,2,0,5,0,0,0,0
11,20,4,1,1,3,1,0,1,0,1,1,1,0,2,1,0,4,3,4,1
4,20,4,0,1,0,3,0,0,2,1,1,1,1,0,1,0,4,4,5,1
14,14,0,1,1,0,3,0,0,0,1,1,1,7,2,1,0,5,3,5,1
14,21,0,0,1,4,3,0,1,0,1,1,1,5,2,1,0,7,6,14,1
2,18,4,1,1,0,3,0,0,2,1,1,1,0,0,0,5,0,0,0,1
13,21,4,1,1,4,3,3,1,9,1,1,1,5,2,1,0,6,3,8,1
4,15,4,0,1,0,3,0,0,2,1,1,1,7,0,1,0,6,1,6,1
5,17,4,1,1,4,3,0,1,2,1,1,1,0,0,1,2,2,0,3,0
9,15,4,0,1,0,3,0,0,2,1,1,1,0,0,1,0,2,11,3,1
0,18,4,0,0,0,3,0,0,2,1,1,0,7,0,0,5,0,0,4,1
9,11,3,0,0,0,3,0,0,4,0,1,0,7,1,0,0,0,10,2,1
14,15,0,0,1,0,3,0,0,9,1,1,1,0,2,1,0,9,3,11,1
8,21,4,0,1,0,3,0,0,0,1,1,1,0,0,3,0,6,3,13,1
2,0,4,0,0,4,3,3,1,9,1,1,1,5,0,1,0,6,4,7,1
6,14,4,0,1,0,3,0,0,2,1,1,1,7,0,8,2,5,0,8,1
5,18,4,1,1,0,3,1,0,2,1,1,1,0,0,2,0,6,11,3,1
14,18,4,0,1,0,3,0,0,2,1,1,1,7,2,1,0,4,3,10,1
7,20,0,1,1,0,3,0,0,1,1,1,1,5,0,0,5,0,0,0,1
1,15,4,0,1,0,3,3,0,16,1,1,1,0,0,1,1,6,0,6,0
14,15,0,1,0,0,3,0,0,1,1,1,1,7,2,1,0,5,11,5,1
15,18,0,1,1,4,3,0,1,1,1,1,1,0,2,0,5,0,0,0,1
15,15,0,0,1,0,3,0,0,0,1,1,1,0,2,1,0,5,2,11,1
7,20,4,1,1,0,3,0,0,5,1,1,1,5,0,1,0,6,6,13,1
0,18,4,0,1,0,3,0,0,16,1,1,1,0,0,1,0,8,2,7,0
13,17,0,1,1,0,3,1,0,1,1,1,1,0,2,2,0,6,6,10,1
3,20,4,0,1,0,3,1,0,12,1,1,1,0,0,1,0,7,5,12,1
2,17,4,0,1,0,3,1,0,2,1,1,1,8,0,1,0,6,6,5,1
2,18,4,0,1,0,3,1,0,2,1,1,1,0,0,1,5,4,0,4,1
15,18,0,1,1,0,3,0,0,1,1,1,1,0,2,1,0,4,6,4,1
12,19,0,1,1,3,3,0,1,0,1,1,1,5,2,1,0,6,3,8,1
15,15,0,0,1,0,3,0,0,0,1,1,1,0,2,2,0,6,2,10,1
8,17,0,1,1,0,3,0,0,0,1,1,1,0,0,2,0,4,2,7,1
7,20,4,0,1,0,3,0,0,0,1,1,1,0,0,1,5,0,0,0,1
6,18,4,0,1,0,3,0,0,2,1,1,1,0,0,1,0,2,5,7,1
12,20,4,0,0,0,3,1,0,2,1,1,0,0,2,1,0,6,3,6,1
10,15,0,1,1,3,3,0,1,0,1,1,1,0,0,1,0,8,4,9,1
0,18,4,1,1,0,3,0,0,2,1,1,1,0,0,1,0,1,4,1,0
7,20,0,1,1,4,3,0,1,0,1,1,1,5,0,2,0,6,4,13,0
6,13,4,0,1,0,3,0,0,15,1,1,1,1,0,0,5,0,0,6,0
7,15,4,0,1,0,3,0,0,2,1,1,1,0,0,1,0,6,1,10,0
10,19,4,0,1,4,3,0,1,11,1,1,1,7,0,1,0,6,10,11,1
10,19,4,0,1,0,3,3,0,2,1,1,0,0,0,1,0,6,7,9,1
0,15,4,1,0,0,3,0,0,0,1,1,0,7,0,1,0,2,3,4,1
10,20,4,1,1,0,3,0,0,0,1,1,1,5,0,1,0,6,6,11,1
3,18,4,1,1,3,3,0,1,2,1,1,1,7,0,1,0,6,4,6,1
12,21,4,0,1,2,3,3,0,2,1,1,1,5,2,1,0,2,6,8,1
3,11,4,1,1,0,3,1,0,2,1,1,1,0,0,0,5,0,0,0,1
6,20,4,0,1,0,3,0,0,2,1,1,1,5,0,1,0,3,6,11,1
10,20,4,1,1,0,3,3,0,2,1,1,1,5,0,4,2,0,0,0,1
9,15,4,1,1,0,3,0,0,0,1,1,1,0,0,1,0,9,3,14,1
15,21,4,1,1,4,3,0,1,0,1,1,1,5,2,4,0,6,10,12,1
10,17,0,1,1,0,3,0,0,1,1,1,1,0,0,1,0,2,6,8,1
7,15,0,1,1,0,3,3,0,1,1,1,1,0,0,2,0,6,3,9,1
11,21,4,0,1,0,3,2,0,5,1,1,1,0,2,1,2,9,0,10,1
8,18,0,0,1,0,3,0,0,0,1,1,1,0,0,3,2,2,0,3,1
0,10,4,0,1,4,3,0,1,5,1,1,1,0,0,9,2,0,0,0,1
7,4,0,0,1,4,3,3,1,11,1,1,1,7,0,3,1,7,0,0,1
13,21,4,0,1,0,3,1,0,2,1,1,1,0,2,1,0,8,1,13,1
8,8,4,0,1,4,3,0,1,12,1,1,1,0,0,1,5,0,0,3,1
5,14,4,1,1,0,3,2,0,2,1,1,1,0,0,0,5,0,0,0,1
11,21,4,1,1,0,3,2,0,0,1,1,1,0,2,2,0,6,10,11,1
14,21,0,1,1,3,3,0,1,0,1,1,1,5,2,1,0,6,2,13,1
8,20,0,0,1,4,3,0,1,1,1,1,1,7,0,1,0,6,8,8,1
6,20,4,1,1,0,3,0,0,11,1,1,1,0,0,1,0,6,10,10,1
2,18,0,1,1,4,3,0,1,8,1,1,1,5,0,0,5,0,0,0,1
11,20,4,0,1,0,3,1,0,0,1,1,1,0,2,3,0,6,8,11,1
13,16,4,1,1,0,3,0,0,5,1,1,1,7,2,0,5,0,0,0,1
15,17,4,0,1,4,3,0,1,0,1,1,1,7,2,1,5,4,0,1,1
14,14,4,0,1,0,3,0,0,2,1,1,1,5,2,3,0,6,10,12,1
3,15,4,0,1,3,3,0,1,5,1,1,1,5,0,0,5,0,0,4,0
12,18,4,0,1,0,3,1,0,12,1,1,1,0,2,1,0,6,2,9,0
15,17,0,0,1,0,3,0,0,0,1,1,1,0,2,1,0,6,1,9,1
6,20,4,1,1,0,3,0,0,0,1,1,1,5,0,1,0,6,3,13,1
8,18,4,0,1,0,3,3,0,2,1,1,1,0,0,4,0,5,9,6,1
0,15,4,0,1,0,3,1,0,16,1,1,1,0,0,1,0,1,2,3,0
10,15,0,1,1,0,3,0,0,2,1,1,1,0,0,1,0,6,2,11,1
3,15,4,0,1,0,3,3,0,2,1,1,1,8,0,1,0,6,6,6,1
10,20,0,1,1,0,3,1,0,0,1,1,1,0,0,1,0,6,3,10,0
7,20,4,0,1,0,3,1,0,2,1,1,1,0,0,4,0,6,8,11,1
11,15,4,1,1,0,3,1,0,2,1,1,1,7,2,6,0,4,6,4,1
1,18,4,1,1,4,3,0,1,0,1,1,1,0,0,1,0,3,4,5,0
14,21,0,0,1,4,3,0,1,14,1,1,1,0,2,1,0,6,6,14,1
8,20,0,0,1,4,3,0,1,1,1,1,1,0,0,1,0,6,8,6,0
1,15,4,1,1,0,3,1,0,2,1,1,1,7,0,1,5,6,0,4,1
0,17,4,0,0,0,3,1,0,2,1,1,0,0,0,1,5,1,0,1,1
13,15,0,1,1,0,3,0,0,0,1,1,1,0,2,1,0,2,8,5,1
8,18,4,0,1,0,3,1,0,2,1,1,1,0,0,2,5,0,0,0,0
6,18,4,0,1,0,3,0,0,2,1,1,1,5,0,1,0,4,0,6,1
12,20,0,0,1,0,3,0,0,0,1,1,1,1,2,1,0,6,3,12,1
15,20,2,1,1,0,3,0,0,0,1,1,1,0,2,3,0,6,2,14,1
10,14,0,0,1,0,3,0,0,15,1,1,1,5,0,0,5,0,0,0,1
15,19,0,1,1,0,3,0,0,2,1,1,1,1,2,1,5,6,0,3,0
5,18,4,0,1,0,3,0,0,2,1,1,1,0,0,1,0,6,1,10,1
10,15,0,0,1,0,3,1,0,0,1,1,1,0,0,1,0,6,4,7,1
15,20,2,1,1,0,3,0,0,0,1,1,1,0,2,3,0,6,0,9,0
8,20,4,1,1,0,3,1,0,0,1,1,1,0,0,1,0,6,6,10,1
12,20,4,1,1,0,3,0,0,2,1,1,1,0,2,0,5,0,0,0,1
8,20,0,1,1,0,3,1,0,0,1,1,1,0,0,0,5,0,0,0,1
13,17,4,0,1,0,3,0,0,15,1,1,1,1,2,0,5,0,0,0,1
10,20,4,0,1,0,3,0,0,0,1,1,1,8,0,7,5,2,0,4,0
10,12,4,0,1,0,3,0,0,0,1,1,1,0,0,1,0,6,3,14,1
4,18,4,1,1,0,3,0,0,2,1,1,1,0,0,1,5,0,0,2,1
2,18,4,1,1,0,3,0,0,2,1,1,1,7,0,1,0,2,8,4,1
1,18,4,0,1,0,3,0,0,16,1,1,1,0,0,2,0,6,6,7,0
5,18,4,0,0,0,3,0,0,15,1,1,0,7,0,0,5,0,0,0,1
1,15,0,1,1,0,3,1,0,16,1,1,1,0,0,1,5,1,0,3,0
5,10,4,0,1,4,3,0,1,0,1,1,1,0,0,1,0,8,5,8,1
5,15,4,0,1,3,3,3,1,5,1,1,1,0,0,1,0,9,10,8,1
5,20,4,0,1,3,3,0,1,9,1,1,1,5,0,1,0,6,5,10,1
14,20,0,1,1,0,3,0,0,0,1,1,1,0,2,1,5,0,0,0,1
9,17,4,1,1,0,3,3,0,12,1,1,1,0,0,3,0,4,3,3,1
13,21,0,1,1,0,3,0,0,0,1,1,1,7,2,3,0,6,6,11,1
7,17,4,1,1,0,3,0,0,2,1,1,1,1,0,6,5,0,0,0,1
2,14,4,0,1,0,3,3,0,9,1,1,1,0,0,1,0,6,5,7,1
1,15,4,0,1,3,3,0,0,16,1,1,1,0,0,1,0,9,5,11,0
9,18,0,1,1,0,3,1,0,1,1,1,1,0,0,5,2,0,0,5,1
15,20,0,1,1,0,3,1,0,0,1,1,1,7,2,3,0,6,7,12,1
1,15,4,0,1,4,3,0,1,10,1,1,1,5,0,1,0,6,5,4,1
3,18,4,1,1,0,3,3,0,11,1,1,1,0,0,1,0,6,2,9,0
6,15,4,1,1,0,3,0,0,0,1,1,1,0,0,1,0,6,6,12,1
11,21,4,1,1,0,3,0,0,0,1,1,1,5,2,2,0,6,6,13,1
9,20,4,1,1,0,3,3,0,2,1,1,1,0,0,2,5,0,0,0,1
6,21,4,1,1,0,3,3,0,14,1,1,1,1,0,0,5,0,0,0,1
0,13,4,0,0,2,3,0,0,2,1,1,0,7,0,1,0,4,3,6,1
6,20,4,0,1,0,3,0,0,11,1,1,1,5,0,1,0,6,6,14,0
6,18,4,1,1,0,3,1,0,2,1,1,1,0,0,1,0,1,4,9,1
5,19,4,1,1,0,3,1,0,2,1,1,1,0,0,1,0,6,8,5,0
7,20,4,0,1,0,3,1,0,2,1,1,1,0,0,1,0,9,8,14,1
4,19,4,1,1,4,3,3,1,16,1,1,1,0,0,1,5,6,0,5,0
8,18,4,1,1,0,3,1,0,11,1,1,1,0,0,4,0,6,7,10,1
4,18,4,0,1,0,3,3,0,11,1,1,1,0,0,1,0,6,8,8,0
0,15,4,1,1,4,3,0,1,2,1,1,1,5,0,0,5,0,0,0,1
1,19,4,0,0,0,3,0,0,2,0,1,0,0,0,1,0,1,10,7,0
15,21,0,1,1,0,3,1,0,1,1,1,1,0,2,2,0,6,8,14,1
9,20,4,0,1,0,3,0,0,0,1,1,1,5,0,1,0,6,7,12,1
0,13,4,0,0,0,3,0,0,15,0,1,1,0,0,0,5,0,0,2,0
9,20,4,0,1,0,3,0,0,0,1,1,1,0,0,3,0,6,6,12,0
11,21,4,0,1,0,3,0,0,14,1,1,1,0,2,1,0,6,6,10,1
6,13,4,0,1,0,3,0,0,15,1,1,1,5,0,1,5,0,0,9,1
6,20,4,0,1,0,3,0,0,2,1,1,1,0,0,1,0,6,3,10,1
14,20,0,1,1,3,3,3,1,0,1,1,1,5,2,1,0,7,8,13,1
10,19,4,1,1,0,3,0,0,0,1,1,1,0,0,3,0,1,3,5,1
8,18,4,0,1,0,3,0,0,7,1,1,1,0,0,1,5,0,0,0,1
5,20,4,0,1,0,3,0,0,2,1,1,1,5,0,3,0,1,8,4,1
11,15,0,0,1,4,3,0,1,0,1,1,1,0,2,1,0,6,1,11,1
8,17,4,1,1,0,3,1,0,0,1,1,1,8,0,0,5,0,0,0,1
5,14,4,0,1,3,3,3,1,2,1,1,1,7,0,1,0,8,1,6,1
8,19,4,0,1,0,1,0,0,0,1,1,1,0,0,1,0,9,8,14,1
7,15,4,0,1,4,3,0,1,12,1,1,1,0,0,1,0,4,3,8,1
10,18,2,0,1,3,1,3,1,16,1,1,1,0,0,1,3,3,0,8,1
1,15,4,1,1,0,3,0,0,2,1,1,1,0,0,1,0,6,6,4,1
0,15,4,1,1,0,3,1,0,2,1,1,1,0,0,0,5,0,0,0,1
1,15,4,0,1,0,3,0,0,2,1,1,1,0,0,1,2,6,0,2,1
0,17,4,0,1,0,3,1,0,7,1,1,1,8,0,1,2,0,0,0,1
2,15,4,1,0,0,3,0,0,16,1,1,1,0,0,1,0,6,6,5,1
1,15,4,1,0,0,3,0,0,12,1,0,0,1,0,1,2,6,0,9,1
5,15,4,0,1,0,3,1,0,2,1,1,1,0,0,1,0,3,4,3,1
11,11,4,0,0,0,3,1,0,0,1,1,0,0,2,1,0,9,3,2,1
4,15,4,1,1,0,3,0,0,16,1,1,1,0,0,6,0,1,0,1,1
12,20,4,0,1,0,3,0,0,2,1,1,1,7,2,1,0,5,11,3,1
5,20,4,0,1,0,3,1,0,2,1,1,1,0,0,1,0,6,2,10,1
12,15,0,1,1,0,3,3,0,0,1,1,1,0,2,2,5,0,0,0,1
12,15,0,1,1,0,3,1,0,1,1,1,1,0,2,1,5,0,0,2,1
15,18,0,0,1,3,3,0,1,1,1,1,1,0,2,1,0,6,10,9,1
14,15,4,1,1,0,3,3,0,2,1,1,1,0,2,1,0,9,3,11,1
11,17,0,0,1,4,3,0,1,1,1,1,1,1,2,1,2,3,0,2,0
6,11,4,0,1,4,3,0,1,4,1,1,1,7,0,1,2,0,0,0,1
9,13,4,0,1,0,3,0,0,2,1,1,1,0,0,0,5,0,0,13,1
10,20,0,1,1,0,3,0,0,1,1,1,1,0,0,5,0,6,3,10,1
10,15,0,0,1,0,3,0,0,1,1,1,1,0,0,0,5,0,0,0,1
1,18,4,0,0,0,3,3,0,2,1,1,0,1,0,0,5,0,0,0,1
9,20,2,1,1,0,3,0,0,12,1,1,1,0,0,1,0,6,2,10,0
6,15,4,0,1,0,1,0,0,2,1,1,1,8,0,8,5,0,0,0,1
7,20,4,0,1,0,3,1,0,12,1,1,1,0,0,2,0,6,2,12,0
1,15,4,1,1,0,3,0,0,9,1,1,1,0,0,1,0,6,6,2,1
1,18,4,0,1,0,3,1,0,2,1,1,1,0,0,1,2,2,0,3,0
2,18,4,1,1,0,3,3,0,9,1,1,1,8,0,1,2,1,0,2,1
1,17,4,0,1,0,3,0,0,2,1,1,1,0,0,1,0,6,3,13,1
5,18,4,0,1,0,3,2,0,0,1,1,1,0,0,1,0,3,1,6,1
0,18,4,0,1,0,3,0,0,3,1,1,1,0,0,1,0,4,8,5,1
0,18,4,1,1,0,3,3,0,2,1,1,1,7,0,1,0,6,2,6,1
12,13,0,0,1,0,3,0,0,8,1,1,1,0,2,0,5,0,0,0,1
7,20,4,0,1,0,3,1,0,12,1,1,1,0,0,2,0,7,6,12,1
15,23,2,1,1,0,3,3,0,0,1,1,1,0,2,1,0,6,8,14,1
11,15,4,1,1,0,3,3,0,12,1,1,1,0,2,1,0,6,8,9,1
15,8,3,0,1,0,3,3,1,9,1,1,1,1,2,6,0,1,4,3,0
0,15,4,0,1,0,3,1,0,2,1,1,1,0,0,1,2,4,0,1,1
7,4,0,0,1,4,3,0,1,2,1,1,1,1,0,3,0,6,3,10,1
13,12,2,0,1,0,3,3,0,12,1,1,1,0,2,1,2,6,0,5,1
11,15,4,0,1,0,0,0,0,0,1,1,1,1,2,5,0,8,6,9,1
1,15,4,1,1,0,3,0,0,16,1,1,1,0,0,1,0,6,1,6,0
14,11,4,0,1,4,3,0,1,2,1,1,1,0,2,1,0,6,3,2,1
10,20,4,1,1,3,3,3,1,14,1,1,1,5,0,7,0,6,1,9,1
6,18,4,1,1,4,3,0,1,14,1,1,1,5,0,0,5,0,0,1,1
10,15,4,1,1,0,3,1,0,12,1,1,1,0,0,1,0,6,10,8,1
11,20,0,0,1,0,3,0,0,1,1,1,1,0,2,1,0,6,2,13,0
2,15,4,0,1,0,3,0,0,15,1,1,1,0,0,1,5,6,0,2,1
8,20,0,0,1,0,3,1,0,0,1,1,1,0,0,1,5,0,0,0,1
5,15,4,1,1,0,3,3,0,10,1,1,1,0,0,1,0,6,8,4,1
14,20,4,1,1,0,3,1,0,0,1,1,1,0,2,2,0,6,6,12,1
11,20,0,1,1,3,3,0,1,0,1,1,1,0,2,3,0,6,5,13,1
12,0,4,0,1,3,3,3,1,13,1,1,1,8,2,6,0,6,4,11,1
5,19,4,1,1,0,3,0,0,2,1,1,1,0,0,1,0,5,2,6,1
1,18,4,0,1,0,3,0,0,2,1,1,1,5,0,1,0,6,4,8,1
11,15,4,0,1,3,3,0,1,11,1,1,1,8,2,1,0,6,1,6,1
12,21,4,0,1,0,3,1,0,2,1,1,1,8,2,6,0,2,10,8,1
12,17,4,1,0,0,3,1,0,0,1,1,0,0,2,1,2,0,0,0,1
0,15,4,0,1,0,3,0,0,7,1,1,1,0,0,1,0,6,3,5,1
4,15,4,1,0,0,3,3,0,2,1,1,0,0,0,1,0,4,10,3,1
8,21,4,0,1,0,3,0,0,11,1,1,1,5,0,1,0,7,11,14,1
3,13,4,1,0,0,3,3,0,2,1,0,1,0,0,9,2,4,0,5,1
3,18,4,0,1,0,3,0,0,0,1,1,1,1,0,1,0,5,3,6,0
3,18,4,0,1,0,3,0,0,5,1,1,1,0,0,6,0,1,6,5,0
2,17,2,0,1,0,3,0,0,0,1,1,1,0,0,1,0,8,4,7,1
0,15,4,0,0,0,3,0,0,16,1,1,0,1,0,0,5,0,0,4,0
10,18,4,0,1,0,3,0,0,2,1,1,1,7,0,1,0,3,8,3,1
12,19,4,0,1,0,3,0,0,2,1,1,1,5,2,1,0,6,6,6,1
13,19,0,1,1,0,3,3,0,2,1,1,1,7,2,2,0,6,5,7,1
11,20,0,0,1,0,3,0,0,1,1,1,1,0,2,1,0,6,11,11,1
13,18,0,1,1,0,3,1,0,1,1,1,1,0,2,1,0,6,3,9,1
15,15,0,0,1,0,1,3,0,1,1,1,1,0,2,1,0,6,7,9,1
0,17,4,0,0,0,3,0,0,9,1,1,0,0,0,0,5,0,0,0,0
12,17,4,0,1,0,3,0,0,2,1,1,1,7,2,1,2,0,0,0,1
5,18,4,0,1,0,3,0,0,0,1,1,1,0,0,1,0,5,7,9,0
5,18,4,1,1,4,3,0,1,2,1,1,1,0,0,1,0,4,3,6,1
0,15,4,1,1,0,3,3,0,16,1,1,1,0,0,0,5,0,0,3,1
4,15,0,1,1,3,3,0,1,7,1,1,1,0,0,1,5,0,0,0,1
2,22,4,0,1,0,3,1,0,0,1,1,1,0,0,1,0,7,8,14,0
6,11,4,1,1,4,3,0,1,11,1,1,1,0,0,1,5,0,0,0,1
12,16,0,1,1,4,3,0,1,1,1,1,1,7,2,0,5,0,0,0,1
0,15,4,1,1,0,3,3,0,2,1,1,1,8,0,9,2,0,0,0,1
7,15,4,1,1,0,3,0,0,7,1,1,1,0,0,0,5,0,0,4,1
4,19,4,0,1,4,3,0,1,0,1,1,1,5,0,1,0,6,6,5,1
4,20,4,0,1,0,3,0,0,2,1,1,1,0,0,1,0,3,5,6,0
10,1,0,1,1,4,3,0,1,1,1,1,1,5,0,3,0,6,3,11,0
6,20,4,0,1,0,3,0,0,0,1,1,1,0,0,5,0,9,4,7,0
0,15,4,1,1,0,3,1,0,2,1,1,1,8,0,1,5,0,0,0,0
10,20,2,1,1,0,3,0,0,2,1,1,1,0,0,1,0,6,8,6,0
3,18,4,1,1,0,3,0,0,2,1,1,1,0,0,1,5,0,0,0,1
12,21,4,1,1,0,3,1,0,0,1,1,1,0,2,2,0,8,0,11,0
0,15,4,0,1,0,3,2,0,16,1,1,1,0,0,1,5,1,0,1,0
3,14,4,0,0,0,3,3,0,2,1,1,0,8,0,1,0,6,5,7,1
11,21,0,0,1,4,3,0,1,1,1,1,1,5,2,3,0,6,4,12,1
1,18,4,1,1,0,3,1,0,5,1,1,1,0,0,2,2,1,0,3,0
14,20,4,0,1,0,3,3,0,11,1,1,1,0,2,2,0,6,2,10,0
1,18,4,1,1,0,3,0,0,2,1,1,1,7,0,1,0,2,2,8,1
1,15,4,0,1,0,3,0,0,2,1,1,1,0,0,1,2,2,0,5,1
15,18,4,1,1,0,3,0,0,2,1,1,1,0,2,0,5,0,0,0,1
0,13,4,1,1,0,3,1,0,2,1,1,1,0,0,1,5,4,0,4,1
11,8,4,0,1,0,3,0,0,11,1,1,1,0,2,1,0,3,4,4,1
12,21,0,1,1,0,3,1,0,0,1,1,1,0,2,2,0,8,8,13,0
14,21,0,0,1,3,3,0,1,1,1,1,1,5,2,1,0,6,10,14,1
0,18,4,1,1,0,3,0,0,16,1,1,1,5,0,1,0,2,2,4,1
8,16,4,0,1,0,3,0,0,12,1,1,1,5,0,1,5,0,0,0,0
8,19,0,0,1,0,3,1,0,1,1,1,1,5,0,1,1,6,0,11,0
7,15,4,1,1,0,3,0,0,2,1,1,1,7,0,1,0,6,4,8,1
14,15,4,1,1,0,3,1,0,2,1,1,1,0,2,1,0,6,1,10,1
0,18,4,1,1,0,3,0,0,16,1,1,1,7,0,1,0,6,1,5,0
9,15,0,0,1,0,3,3,0,1,1,1,1,0,0,9,2,0,0,13,1
11,20,0,1,1,0,3,0,0,1,1,1,1,0,2,1,0,6,4,12,1
5,20,4,0,1,0,3,0,0,2,1,1,1,0,0,6,0,6,2,8,1
1,18,4,1,1,0,3,3,0,0,1,1,1,0,0,1,5,0,0,0,0
7,20,4,1,1,0,3,0,0,2,1,1,1,5,0,0,5,0,0,0,1
12,18,0,1,1,3,3,0,1,0,1,1,1,0,2,1,1,6,0,13,1
15,20,0,0,1,0,3,1,0,0,1,1,1,0,2,1,0,9,11,14,1
14,17,2,1,1,0,3,0,0,0,1,1,1,0,2,6,5,0,0,11,1
0,18,4,1,1,0,3,0,0,16,1,1,1,0,0,1,5,0,0,0,1
12,15,0,1,1,0,3,1,0,0,1,1,1,0,2,1,0,4,2,8,1
12,17,0,0,1,4,3,0,1,1,1,1,1,8,2,1,0,6,10,12,1
0,18,4,1,1,0,3,0,0,2,1,1,1,0,0,1,5,4,0,3,1
6,19,4,0,1,0,3,0,0,0,1,1,1,0,0,1,0,6,5,10,0
1,18,4,0,1,4,3,0,1,11,1,1,1,5,0,1,5,1,0,4,0
6,18,4,0,1,0,3,1,0,2,1,1,1,7,0,1,0,3,6,6,1
12,15,4,0,1,0,3,3,0,2,1,1,1,0,2,1,0,2,11,4,1
2,18,4,1,1,0,3,3,0,11,1,1,1,0,0,1,0,2,1,4,0
6,18,4,0,1,0,3,3,0,11,1,1,1,8,0,1,0,8,4,12,0
1,14,4,0,1,0,3,1,0,16,1,1,1,8,0,1,5,1,0,3,1
0,17,0,0,1,0,3,2,0,8,1,1,1,0,0,3,1,2,0,1,0
3,20,4,0,1,0,3,1,0,2,1,1,1,5,0,1,0,6,4,11,1
3,18,4,1,1,0,3,0,0,14,1,1,1,0,0,1,0,2,4,2,1
5,20,4,1,1,0,3,1,0,2,1,1,1,8,0,1,0,4,3,5,1
5,18,4,0,1,0,3,1,0,5,1,1,1,0,0,1,0,5,2,5,1
7,15,0,1,1,0,3,0,0,1,1,1,1,0,0,1,0,6,10,11,1
6,18,4,0,1,0,3,0,0,2,1,1,1,1,0,1,0,6,2,9,1
3,15,4,0,1,0,3,0,0,12,1,1,1,2,0,1,0,6,2,14,1
13,18,4,1,1,0,3,0,0,2,1,1,1,7,2,1,0,9,11,13,1
3,15,4,0,1,0,3,0,0,2,1,1,1,0,0,1,5,6,0,3,1
12,17,4,0,1,0,3,0,0,2,1,1,1,7,2,1,0,6,3,9,0
8,19,4,1,1,0,2,3,0,2,1,1,1,0,0,1,0,4,5,5,1
10,19,0,1,1,0,3,1,0,8,1,1,1,0,0,1,1,4,0,5,0
15,22,0,1,1,4,3,1,1,1,1,1,1,0,2,1,0,6,4,10,1
5,21,4,0,1,2,3,1,0,0,1,1,1,0,0,1,0,5,10,12,0
11,15,0,1,1,0,3,0,0,1,1,1,1,7,2,1,0,6,6,7,1
11,20,0,0,1,0,1,3,0,0,1,1,1,0,2,1,0,6,3,14,0
6,18,4,0,0,0,3,0,0,2,1,1,0,7,0,0,5,0,0,0,1
13,18,4,0,1,4,3,1,1,12,1,1,1,5,2,1,0,6,7,10,1
8,17,4,1,1,0,3,0,0,0,1,1,1,8,0,2,0,6,6,8,1
6,20,4,0,1,0,3,1,0,2,1,1,1,0,0,1,0,3,1,11,1
11,19,4,0,1,0,3,0,0,2,1,1,1,0,2,1,0,6,8,12,1
8,21,4,0,0,0,3,1,0,5,0,1,0,0,0,2,0,6,6,13,1
12,18,0,0,1,0,3,1,0,1,1,1,1,8,2,3,5,0,0,0,1
11,21,4,1,1,0,3,3,0,0,1,1,1,0,2,3,0,6,6,13,1
15,22,0,1,1,0,3,0,0,15,1,1,1,1,2,0,5,0,0,0,1
9,17,4,0,1,0,3,0,0,2,1,1,1,0,0,1,0,6,1,11,1
8,13,4,1,0,0,3,3,0,0,1,1,0,0,0,1,5,0,0,4,1
7,18,4,0,1,0,3,0,0,2,1,1,1,0,0,1,0,6,6,11,1
6,18,4,0,1,3,3,0,1,2,1,1,1,5,0,1,0,6,3,4,1
1,15,4,1,1,0,3,1,0,5,1,1,1,7,0,2,2,1,0,2,1
6,15,0,1,1,0,3,0,0,0,1,1,1,7,0,1,0,1,8,11,1
6,15,4,1,1,0,3,0,0,2,1,1,1,1,0,1,0,6,11,6,0
2,18,4,0,1,0,3,3,0,16,1,1,1,0,0,0,5,0,0,0,0
4,15,4,1,1,0,3,0,0,2,1,1,1,7,0,6,5,0,0,0,0
7,18,0,1,1,0,3,0,0,0,1,1,1,5,0,1,0,6,11,8,1
14,21,0,1,1,0,3,3,0,0,1,1,1,0,2,2,0,6,11,13,1
11,15,0,0,1,4,3,3,1,1,1,1,1,5,2,1,0,6,0,11,0
6,18,4,1,1,3,3,3,1,5,1,1,1,0,0,0,5,0,0,6,1
7,15,4,0,1,0,3,3,0,0,1,1,1,7,0,1,0,3,1,4,0
2,18,0,1,1,0,3,0,0,16,1,1,1,0,0,1,5,1,0,2,1
4,17,4,1,1,0,3,0,0,16,1,1,1,0,0,2,0,2,2,7,0
6,20,4,1,1,0,3,1,0,0,1,1,1,0,0,2,0,3,2,9,0
2,14,4,0,1,4,3,0,1,11,1,1,1,7,0,1,2,2,0,4,1
15,20,0,1,1,0,3,0,0,0,1,1,1,5,2,2,0,6,10,12,0
11,15,4,1,1,0,3,3,0,2,1,1,1,0,2,1,0,4,11,4,1
8,18,4,0,0,0,3,0,0,2,1,1,0,7,0,0,5,0,0,0,1
0,18,4,0,1,0,3,0,0,2,1,1,1,8,0,1,0,2,3,4,1
14,20,0,0,1,3,3,1,1,0,1,1,1,0,2,6,0,6,6,13,1
12,21,0,0,1,0,3,1,0,1,1,1,1,0,2,6,1,6,0,14,1
0,13,4,0,1,0,3,0,0,15,1,1,1,0,0,0,5,0,0,0,1
14,21,0,1,1,0,3,1,0,0,1,1,1,0,2,2,0,7,8,11,1
15,22,0,0,1,0,3,0,0,0,1,1,1,0,2,1,0,9,4,13,1
10,13,4,0,1,0,3,0,0,15,1,1,1,7,0,1,5,6,0,3,1
6,20,4,1,1,0,3,0,0,11,1,1,1,5,0,1,0,6,6,10,1
13,18,0,1,1,0,3,3,0,1,1,1,1,7,2,1,0,5,2,7,1
7,18,4,0,1,0,3,0,0,5,1,1,1,5,0,2,0,6,10,12,1
14,18,0,1,1,0,3,0,0,0,1,1,1,0,2,1,0,6,2,13,1
12,13,4,0,1,0,3,0,0,15,1,1,1,0,2,1,5,0,0,0,0
13,19,0,1,1,0,3,0,0,0,1,1,1,0,2,1,0,5,9,7,1
6,17,4,0,1,0,3,1,0,2,1,1,1,0,0,1,0,7,8,12,1
5,15,4,1,1,0,3,3,0,10,1,1,1,8,0,1,0,9,3,10,0
2,18,4,1,1,0,3,3,0,11,1,1,1,1,0,1,5,9,0,7,1
3,15,4,0,1,0,3,0,0,5,1,1,1,7,0,1,0,6,3,2,0
8,18,4,0,1,0,3,3,0,4,1,1,1,0,0,1,0,4,8,7,1
11,18,0,0,1,4,3,3,1,1,1,1,1,0,2,1,0,6,6,10,1
0,0,4,0,0,0,3,1,0,2,0,0,1,0,0,0,5,0,0,2,1
9,16,4,1,1,0,3,1,0,0,1,1,1,0,0,1,0,6,6,10,0
10,18,0,1,1,0,3,0,0,0,1,1,1,7,0,3,0,6,10,8,1
0,15,4,0,1,0,3,3,0,11,1,1,1,0,0,1,0,3,2,5,0
13,20,0,1,1,0,3,3,0,1,1,1,1,0,2,1,0,6,2,13,1
13,20,0,1,1,3,3,0,1,1,1,1,1,5,2,1,0,1,6,2,1
4,15,4,1,1,0,3,3,0,3,1,1,1,1,0,0,5,0,0,0,1
0,19,4,1,1,0,3,1,0,2,1,1,1,0,0,1,0,2,7,3,1
6,15,4,0,1,0,3,1,0,7,1,1,1,8,0,1,5,0,0,0,1
8,16,4,0,1,4,3,0,1,0,1,1,1,7,0,1,0,6,9,7,1
1,15,0,1,1,0,3,0,0,1,1,1,1,0,0,1,0,5,2,8,0
15,18,4,1,1,0,3,3,0,0,1,1,1,0,2,0,5,0,0,5,1
0,18,4,1,1,4,3,0,1,16,1,1,1,0,0,1,5,1,0,1,1
15,17,2,1,1,0,3,1,0,0,1,1,1,0,2,4,0,6,4,12,1
0,15,4,0,1,0,3,0,0,14,1,1,1,0,0,1,0,2,10,2,1
6,20,4,0,1,0,3,0,0,2,1,1,1,5,0,1,2,1,0,3,1
10,15,4,0,1,0,3,3,0,15,1,1,1,0,0,0,5,0,0,0,1
15,17,0,1,1,0,3,0,0,1,1,1,1,0,2,0,5,0,0,0,1
4,15,0,0,1,0,3,3,0,8,1,1,1,0,0,1,0,7,3,5,1
7,18,4,1,1,0,3,3,0,14,1,1,1,0,0,1,0,4,10,9,1
8,17,0,1,1,0,3,0,0,0,1,1,1,0,0,2,0,6,1,11,1
6,14,4,1,1,4,3,0,1,12,1,1,1,7,0,1,5,0,0,0,1
0,18,4,0,1,0,3,1,0,16,1,1,1,0,0,1,5,4,0,2,0
8,17,4,1,0,0,3,0,0,7,1,0,0,0,0,6,2,0,0,0,1
3,20,4,1,1,0,3,0,0,2,1,1,1,5,0,1,0,1,2,5,1
11,20,4,0,1,0,3,3,0,2,1,1,1,7,2,1,0,6,3,8,1
11,15,4,0,1,0,3,0,0,2,1,1,1,7,2,1,2,2,0,2,1
14,20,0,0,1,0,3,1,0,1,1,1,1,0,2,1,0,9,11,14,0
8,17,0,1,1,0,3,0,0,0,1,1,1,0,0,1,0,9,8,11,1
9,15,4,1,1,0,3,0,0,0,1,1,1,0,0,1,0,4,3,6,0
2,18,4,0,1,0,3,0,0,0,1,1,1,1,0,1,0,6,10,13,1
13,20,0,1,1,0,3,3,0,2,1,1,1,0,2,1,0,6,6,11,1
9,21,4,1,1,0,3,1,0,11,1,1,1,0,0,0,5,0,0,14,0
10,19,0,0,1,0,3,3,0,2,1,1,1,0,0,1,0,7,11,11,1
7,20,4,0,1,0,3,1,0,2,1,1,1,0,0,2,0,9,11,13,1
4,18,4,0,1,3,3,0,1,0,1,1,1,0,0,6,1,6,0,7,1
15,20,4,0,1,0,3,0,0,2,1,1,1,0,2,6,0,6,6,8,1
12,20,0,1,1,0,3,0,0,1,1,1,1,0,2,1,0,6,10,11,1
15,19,0,1,1,4,3,0,1,1,1,1,1,0,2,0,5,0,0,0,1
8,20,0,1,0,0,3,3,0,0,1,1,1,0,0,1,0,8,11,10,1
8,15,4,0,1,4,3,0,1,0,1,1,1,8,0,5,0,6,9,7,1
0,18,4,0,1,0,3,0,0,2,1,1,1,8,0,1,0,2,10,1,1
8,15,4,0,1,0,3,0,0,0,1,1,1,7,0,3,0,6,8,11,1
7,20,4,0,1,4,3,0,1,5,1,1,1,5,0,1,0,6,10,10,1
14,20,0,1,1,0,3,3,0,8,1,1,1,0,2,1,0,8,0,13,1
10,20,4,1,1,0,3,3,0,12,1,1,1,0,0,1,0,7,2,13,1
10,19,4,1,1,0,3,0,0,2,1,1,1,0,0,1,0,1,4,1,1
10,18,0,1,1,0,3,0,0,0,1,1,1,0,0,1,0,4,1,5,0
7,15,0,0,1,0,0,1,0,16,1,1,1,0,0,5,3,9,1,8,1
15,17,0,1,1,0,3,1,0,0,1,1,1,0,2,1,0,6,4,9,1
7,20,0,0,1,0,3,0,0,1,1,1,1,5,0,1,0,7,10,11,0
7,15,4,0,1,0,3,0,0,12,1,1,1,8,0,1,0,6,6,10,0
12,20,4,0,1,0,3,0,0,15,1,1,1,1,0,4,5,5,0,1,0
3,19,4,0,1,0,3,0,0,2,1,1,1,0,0,1,0,2,3,4,0
9,20,4,1,1,0,3,3,0,12,1,1,1,0,0,1,0,6,8,6,1
10,23,0,0,1,0,3,0,0,0,1,1,1,0,0,1,0,6,7,14,1
3,15,4,0,1,4,3,0,1,9,1,1,1,7,0,1,0,6,6,8,1
14,20,4,0,1,0,3,1,0,0,1,1,1,0,2,4,0,6,8,12,1
12,18,0,1,1,0,3,0,0,0,1,1,1,7,2,1,0,4,3,10,1
13,18,0,1,1,4,3,0,1,1,1,1,1,7,2,1,0,6,2,7,1
7,19,0,1,1,0,3,0,0,1,1,1,1,0,0,1,0,4,6,4,0
10,20,4,1,1,0,3,0,0,3,1,1,1,0,0,1,0,4,7,13,1
6,19,4,1,1,0,3,0,0,2,1,1,1,0,0,1,5,0,0,0,1
9,15,4,0,1,0,3,0,0,5,1,1,1,1,0,1,2,6,0,6,1
7,15,4,0,0,0,3,0,0,2,1,1,0,0,0,0,5,0,0,4,1
11,15,0,0,1,0,3,1,0,1,1,1,1,0,2,1,0,6,4,12,1
3,18,4,1,1,0,3,1,0,2,1,1,1,0,0,1,5,0,0,0,1
6,20,4,0,1,4,3,1,1,2,1,1,1,0,0,1,0,5,0,4,1
8,16,3,1,1,0,3,0,0,0,1,1,1,0,0,1,0,3,3,3,0
1,19,4,1,1,0,3,3,0,12,1,1,1,0,0,1,0,2,2,3,0
12,21,4,1,1,0,3,0,0,14,1,1,1,0,2,0,5,0,0,0,0
4,20,4,1,1,0,3,0,0,11,1,1,1,0,0,1,0,6,2,5,0
13,22,4,1,1,2,3,1,0,0,1,1,1,0,2,1,0,5,9,14,0
9,19,0,0,1,4,3,0,1,0,1,1,1,5,0,1,0,4,2,7,1
12,20,4,1,1,4,3,0,1,12,1,1,1,0,2,1,0,7,2,8,1
14,18,4,0,1,0,3,1,0,0,1,1,1,7,2,6,0,2,3,4,1
0,18,4,0,1,4,3,0,1,5,1,1,1,0,0,1,2,2,0,2,1
2,15,4,0,1,3,3,0,1,16,1,1,1,8,0,1,0,9,1,7,0
5,17,4,0,1,0,3,3,0,2,1,1,1,0,0,1,0,4,4,6,1
0,18,4,1,1,0,3,3,0,5,1,1,1,0,0,1,2,3,0,3,1
3,18,4,1,1,0,3,3,0,2,1,1,1,0,0,1,5,0,0,0,0
6,20,4,1,1,0,3,0,0,11,1,1,1,0,0,0,5,0,0,0,1
15,19,4,0,1,0,3,0,0,12,1,1,1,0,2,1,0,6,4,14,1
4,15,4,0,1,4,3,0,1,5,1,1,1,0,0,1,0,9,4,6,1
2,18,4,1,1,0,3,0,0,2,1,1,1,0,0,1,0,6,2,4,1
4,18,4,1,1,0,3,0,0,0,1,1,1,0,0,1,0,6,4,9,0
9,20,4,1,1,0,3,1,0,2,1,1,1,8,0,0,5,0,0,0,1
6,14,4,0,1,0,3,0,0,2,1,1,1,8,0,8,5,5,0,5,1
10,20,4,0,1,0,3,1,0,11,1,1,1,2,0,1,0,6,4,13,1
8,20,4,1,1,0,3,0,0,2,1,1,1,0,0,3,0,8,4,12,1
15,15,0,0,1,4,3,0,1,1,1,1,1,7,2,0,5,0,0,0,1
7,21,4,1,1,0,3,3,0,11,1,1,1,5,0,4,0,8,8,12,1
5,22,4,1,0,0,3,1,0,0,1,0,1,0,0,1,0,7,0,11,1
9,21,0,0,1,0,3,0,0,0,1,1,1,5,0,1,0,6,5,14,1
14,23,0,1,1,0,3,3,0,1,1,1,1,0,2,2,0,6,6,13,1
10,18,2,0,1,0,3,3,0,0,1,1,1,0,0,1,5,5,0,3,1
10,19,4,0,1,0,3,1,0,2,1,1,1,0,0,1,0,6,3,12,1
0,18,4,0,1,0,3,0,0,16,1,1,1,0,0,1,0,2,1,3,1
10,19,0,1,1,0,3,0,0,2,1,1,1,0,0,1,5,6,0,5,1
12,15,4,0,1,3,3,3,1,2,1,1,1,7,2,1,0,6,2,6,1
10,19,4,1,1,4,3,1,1,0,1,1,1,0,0,5,0,6,6,10,0
6,15,4,1,1,0,3,0,0,0,1,1,1,0,0,1,0,6,1,9,1
6,15,4,0,1,0,1,0,0,2,1,1,1,0,0,5,0,6,8,7,1
13,15,0,0,1,0,3,0,0,0,1,1,1,0,2,1,0,6,6,13,1
13,20,4,1,1,0,3,3,0,12,1,1,1,0,2,1,0,6,5,14,1
3,18,4,0,1,0,3,0,0,11,1,1,1,0,0,1,0,1,4,2,1
13,20,4,0,1,0,3,1,0,12,1,1,1,0,2,2,0,7,6,13,1
9,20,4,0,1,0,3,1,0,0,1,1,1,0,0,1,0,8,10,13,0
0,18,4,0,1,0,3,0,0,2,1,1,1,7,0,2,5,1,0,1,1
12,18,4,0,1,3,3,2,1,0,1,1,1,0,2,1,0,9,3,12,1
3,18,4,0,1,0,3,1,0,0,1,1,1,8,0,7,0,2,1,5,1
0,15,4,1,1,0,3,0,0,2,1,1,1,0,0,1,0,2,4,3,1
4,21,4,1,1,0,3,0,0,0,1,1,1,0,0,1,0,6,4,13,1
4,20,4,1,1,3,3,0,1,2,1,1,1,5,0,1,0,6,7,9,1
9,20,0,0,1,4,3,0,1,0,1,1,1,5,0,1,0,8,3,12,1
14,0,0,0,0,4,3,3,1,1,1,0,1,5,2,0,5,0,0,3,1
14,20,0,1,1,0,3,0,0,1,1,1,1,0,2,6,2,0,0,0,1
14,18,4,0,1,0,3,0,0,2,1,1,1,0,2,1,5,0,0,2,1
14,18,0,0,1,0,1,0,0,0,1,1,1,0,2,1,0,4,11,14,1
8,19,4,1,1,0,3,0,0,12,1,1,1,0,0,0,5,0,0,0,0
10,20,4,1,1,0,3,3,0,2,1,1,1,5,0,2,0,1,11,3,1
2,18,4,0,1,0,3,0,0,16,1,1,1,1,0,1,5,2,0,4,0
9,15,4,0,1,0,3,1,0,14,1,1,1,0,0,1,0,6,8,12,0
13,20,4,0,1,0,3,1,0,12,1,1,1,0,2,1,0,8,11,14,1
10,20,0,1,1,0,3,3,0,1,1,1,1,7,0,0,5,0,0,0,1
15,20,0,0,1,0,3,0,0,0,1,1,1,5,2,1,0,6,5,12,1
1,18,4,0,1,0,3,0,0,2,1,1,1,0,0,2,5,0,0,0,1
1,18,4,0,1,0,3,0,0,2,1,1,1,0,0,1,0,2,2,6,0
1,15,4,1,1,3,3,0,1,2,1,1,1,5,0,1,5,2,0,2,1
14,8,0,0,1,4,3,0,1,0,1,1,1,0,2,0,5,0,0,12,1
6,20,4,1,1,0,3,0,0,12,1,1,1,0,0,1,5,4,0,5,0
11,15,0,0,1,0,3,0,0,1,1,1,1,0,2,1,0,6,3,11,1
8,20,4,0,1,4,3,0,1,0,1,1,1,5,0,7,1,9,0,0,1
3,20,4,1,1,0,3,1,0,2,1,1,1,8,0,3,5,0,0,0,1
14,19,0,0,1,0,3,1,0,8,1,1,1,0,2,3,0,7,0,11,0
1,14,4,0,0,0,3,3,0,15,1,1,0,0,0,0,5,0,0,0,0
11,18,4,1,1,0,3,0,0,11,1,1,1,2,2,3,0,6,7,9,1
4,18,4,0,1,0,3,0,0,2,1,1,1,0,0,1,0,6,4,4,1
8,21,4,0,1,0,3,1,0,0,1,1,1,0,0,1,0,9,8,14,0
13,17,0,0,1,0,3,1,0,0,1,1,1,0,2,1,0,6,4,10,1
13,21,0,0,1,0,3,1,0,1,1,1,1,0,2,8,2,6,0,14,1
12,11,0,0,1,0,3,0,0,1,1,1,1,0,2,1,0,4,10,2,1
14,21,4,1,1,4,3,0,1,12,1,1,1,5,2,1,0,9,10,13,1
2,18,4,1,1,0,3,0,0,0,1,1,1,7,0,1,0,6,3,9,0
4,18,4,0,1,0,3,1,0,4,1,1,1,0,0,1,0,1,2,4,1
4,15,4,1,1,0,3,1,0,0,1,1,1,7,0,1,0,2,10,4,1
7,18,4,0,1,0,3,0,0,2,1,1,1,7,0,1,0,7,11,5,1
3,15,4,1,1,0,3,0,0,0,1,1,1,0,0,1,0,6,2,9,1
8,20,4,0,1,0,3,0,0,2,1,1,1,0,0,3,0,6,6,9,1
2,15,4,0,1,0,3,0,0,2,1,1,1,0,0,1,0,4,3,6,1
6,20,4,0,1,0,3,3,0,14,1,1,1,0,0,1,0,6,8,9,1
3,18,4,1,1,0,3,0,0,2,1,1,1,1,0,1,0,5,8,7,1
5,20,4,0,1,0,3,0,0,2,1,1,1,0,0,5,5,6,0,3,1
7,16,4,1,0,0,3,3,0,3,1,0,0,8,0,0,5,0,0,5,1
15,20,0,0,1,0,3,1,0,0,1,1,1,0,2,1,0,5,3,14,0
15,15,0,0,1,3,3,0,1,2,1,1,1,7,2,1,0,6,11,5,1
14,20,0,0,1,0,3,0,0,0,1,1,1,0,2,1,0,6,3,14,1
8,18,0,0,1,0,3,2,0,8,1,1,1,0,0,1,5,6,0,8,0
4,17,4,0,1,0,3,1,0,2,1,1,1,5,0,1,0,2,5,8,1
14,21,0,1,1,0,3,1,0,0,1,1,1,0,2,1,0,6,4,13,1
13,16,4,0,1,0,3,0,0,15,1,1,1,1,2,0,5,0,0,1,1
12,20,0,0,1,4,3,0,1,1,1,1,1,5,2,1,0,6,4,11,1
12,13,4,0,1,0,3,0,0,15,1,1,1,0,2,1,5,0,0,0,1
0,15,4,0,1,0,3,1,0,2,1,1,1,0,0,9,2,3,0,1,1
13,0,4,0,1,3,3,0,1,9,1,1,1,8,0,6,1,6,0,1,1
7,18,4,1,1,4,3,0,1,11,1,1,1,5,0,1,5,4,0,4,0
15,19,4,0,1,0,3,1,0,14,1,1,1,0,2,1,0,6,8,6,1
13,18,0,0,1,4,3,3,1,1,1,1,1,0,2,1,0,7,6,11,1
14,14,0,1,1,3,3,0,1,2,1,1,1,0,2,1,0,2,2,4,1
2,0,4,0,1,0,3,0,0,16,1,1,1,0,0,0,5,0,0,6,1
0,15,4,1,1,0,3,0,0,2,1,1,1,0,0,1,0,2,1,3,1
2,18,4,1,1,0,3,0,0,2,1,1,1,0,0,1,0,6,8,9,1
6,15,4,1,1,0,3,0,0,14,1,1,1,1,0,1,0,6,1,10,1
12,16,0,0,1,0,3,0,0,1,1,1,1,7,2,0,5,0,0,0,1
12,17,0,1,1,0,3,1,0,1,1,1,1,0,2,1,0,6,2,10,1
2,15,4,0,0,0,3,1,0,2,1,1,1,0,0,1,0,5,6,3,1
14,21,0,1,1,0,3,0,0,0,1,1,1,0,2,6,0,8,0,13,1
9,19,4,0,1,0,3,0,0,0,1,1,1,1,0,5,0,6,3,7,1
14,17,0,1,1,4,3,0,1,0,1,1,1,5,2,1,0,6,6,12,1
12,20,0,0,1,0,3,3,0,3,1,1,1,0,2,6,0,9,7,13,0
2,15,4,1,1,0,3,0,0,2,1,1,1,8,0,1,0,2,3,4,1
8,21,4,1,1,0,3,3,0,0,1,1,1,5,0,1,0,9,4,14,1
5,19,4,1,1,0,3,0,0,0,1,1,1,0,0,1,0,1,3,2,1
8,21,0,1,1,4,3,0,1,2,1,1,1,0,0,3,0,6,2,9,1
11,17,4,1,1,0,3,1,0,2,1,1,1,8,2,1,0,3,2,9,1
14,15,4,0,1,0,3,0,0,9,1,1,1,2,0,2,0,5,8,3,1
2,18,4,0,1,0,3,0,0,2,1,1,1,7,0,1,0,6,6,6,1
11,20,4,1,1,0,3,1,0,12,1,1,1,5,2,1,0,3,3,11,1
7,15,0,0,1,0,3,0,0,1,1,1,1,0,0,1,1,8,0,11,1
0,18,4,0,1,0,3,0,0,2,1,1,1,7,0,1,0,4,4,2,1
13,20,4,1,1,0,3,0,0,12,1,1,1,7,2,1,0,6,6,13,0
1,18,4,0,0,0,3,1,0,16,1,1,0,0,0,0,5,0,0,2,1
9,18,4,0,1,2,3,0,0,2,1,1,1,5,0,1,5,0,0,3,1
15,23,0,0,1,0,3,1,0,0,1,1,1,0,2,1,0,6,5,14,1
15,19,4,1,1,0,3,1,0,12,1,1,1,0,2,1,0,4,8,5,1
10,15,3,1,1,3,3,0,1,9,1,1,1,0,0,6,0,6,6,8,1
3,20,4,0,1,0,3,0,0,2,1,1,1,5,0,2,0,9,6,12,1
9,20,4,1,1,0,3,0,0,0,1,1,1,0,0,0,5,0,0,0,1
8,20,4,1,1,0,3,0,0,2,1,1,1,5,0,1,0,6,6,11,1
6,18,4,1,1,0,3,3,0,2,1,1,1,7,0,1,0,2,4,5,1
15,15,4,1,1,0,3,1,0,0,1,1,1,0,2,1,0,3,3,5,1
11,15,0,0,1,0,3,1,0,0,1,1,1,0,2,1,0,6,5,10,1
10,20,4,1,1,0,3,0,0,2,1,1,1,0,0,3,0,6,3,11,1
11,14,0,0,1,4,3,0,1,1,1,1,1,7,2,1,0,5,1,7,1
15,15,0,0,1,4,3,0,1,1,1,1,1,7,2,1,0,9,3,9,1
4,20,4,0,1,0,3,0,0,0,1,1,1,5,0,1,2,0,0,0,1
4,18,4,0,1,0,3,3,0,4,1,1,1,0,0,1,0,6,4,5,1
5,15,4,0,0,0,3,0,0,2,1,1,0,0,0,0,5,0,0,5,1
8,20,0,1,1,0,3,1,0,1,1,1,1,0,0,1,1,1,0,1,1
10,12,3,1,1,4,3,0,1,0,1,1,1,0,0,1,0,6,3,12,1
9,14,4,1,1,0,3,0,1,9,1,1,1,1,0,6,0,5,3,7,1
11,18,4,0,1,0,3,0,0,2,1,1,1,0,2,2,0,6,0,4,1
10,20,0,1,1,0,3,1,0,1,1,1,1,8,0,5,5,6,0,7,1
7,18,4,0,1,0,3,1,0,2,1,1,1,0,0,1,2,0,0,8,1
10,19,4,1,1,0,3,1,0,16,1,1,1,0,0,6,0,8,6,7,1
15,15,0,0,1,0,3,0,0,0,1,1,1,8,2,1,0,6,2,6,1
0,18,4,0,1,0,3,0,0,2,1,1,1,0,0,1,0,4,4,4,0
14,20,4,1,1,0,3,0,0,0,1,1,1,5,2,1,0,6,8,14,1
11,17,4,1,1,0,3,0,0,2,1,1,1,7,2,1,0,2,3,4,1
15,15,0,1,1,0,3,0,0,0,1,1,1,0,2,4,0,4,4,6,1
9,20,4,1,1,0,3,0,0,12,1,1,1,7,0,1,5,0,0,0,0
14,18,0,0,1,0,3,0,0,0,1,1,1,0,2,0,5,0,0,0,1
0,17,4,1,1,0,2,0,0,2,1,1,1,0,0,1,0,4,5,6,1
14,18,4,0,1,0,3,0,0,12,1,1,1,0,2,1,0,6,11,14,1
10,20,0,1,1,3,3,1,1,1,1,1,1,0,0,1,0,6,1,8,1
0,15,4,0,1,0,3,3,0,11,1,1,1,0,0,1,0,3,1,2,0
2,19,4,0,1,3,3,0,1,2,1,1,1,5,0,0,5,0,0,0,1
4,18,4,1,1,0,3,1,0,0,1,1,1,0,0,1,0,3,6,2,1
9,15,4,0,1,3,3,0,1,2,1,1,1,5,0,1,0,6,6,8,1
14,17,0,0,1,4,3,0,1,1,1,1,1,5,2,1,0,6,5,10,1
6,19,0,1,1,0,3,1,0,0,1,1,1,0,0,4,0,8,5,11,1
13,17,0,1,1,0,3,0,0,0,1,1,1,0,2,1,0,2,2,7,1
4,20,4,0,1,0,3,1,0,2,1,1,1,0,0,1,0,6,10,9,1
9,13,4,0,1,0,3,0,0,2,1,1,1,0,0,6,5,0,0,6,1
4,18,4,0,1,0,3,0,0,2,1,1,1,7,0,6,0,2,1,3,1
11,15,4,0,1,0,3,3,0,2,1,1,1,0,2,1,0,6,2,7,1
0,15,4,1,1,0,3,3,0,2,1,1,1,0,0,1,0,3,0,2,1
4,20,4,1,1,0,3,1,0,2,1,1,1,0,0,1,0,6,11,13,1
14,20,0,0,1,4,3,0,1,1,1,1,1,5,2,1,0,8,3,14,0
1,15,4,0,1,0,3,0,0,2,1,1,1,0,0,1,2,3,0,3,1
2,0,4,1,1,4,3,0,1,9,1,1,1,7,0,1,0,8,3,6,1
2,17,4,0,1,0,3,0,0,2,1,1,1,0,0,1,2,6,0,2,1
9,19,4,0,1,0,3,3,0,0,1,1,1,0,0,1,0,6,4,11,1
12,20,0,0,1,3,3,0,1,1,1,1,1,5,2,7,0,9,6,12,1
10,0,4,0,1,0,3,3,0,2,1,1,1,5,0,1,0,6,1,9,1
8,20,4,0,1,0,3,3,0,0,1,1,1,0,0,1,0,8,11,14,1
13,12,1,1,1,2,3,0,0,4,1,1,1,2,2,9,2,0,11,14,1
15,17,4,0,1,0,3,0,0,15,1,1,1,1,2,1,2,6,0,9,1
5,18,4,1,1,0,3,0,0,2,1,1,1,7,0,1,0,4,2,9,1
9,20,4,0,1,0,3,1,0,0,1,1,1,0,0,1,0,7,5,14,1
11,20,0,1,1,0,3,1,0,0,1,1,1,0,2,6,2,1,0,2,1
10,16,4,0,1,0,3,0,0,12,1,1,1,0,0,1,0,6,2,10,1
10,18,0,0,1,4,3,3,1,1,1,1,1,7,0,6,0,5,6,7,1
5,18,4,0,1,0,3,1,0,11,1,1,1,0,0,4,0,2,2,5,0
5,15,4,0,1,0,3,0,0,12,1,1,1,0,0,6,0,2,10,2,0
2,18,4,1,1,0,3,1,0,4,1,1,1,0,0,1,0,6,8,7,0
12,18,0,1,1,0,3,0,0,1,1,1,1,0,2,7,1,9,0,13,0
9,20,4,0,1,3,3,1,1,5,1,1,1,5,0,1,5,6,0,3,1
12,21,4,1,1,3,3,0,1,2,1,1,1,8,2,2,5,0,0,0,1
15,18,2,1,1,0,3,0,0,12,1,1,1,7,2,6,0,6,6,12,1
14,11,4,0,1,4,3,0,1,11,1,1,1,0,2,6,0,6,4,10,0
11,17,4,0,1,3,3,0,1,2,1,1,1,0,2,1,0,6,6,9,1
4,19,4,1,1,0,3,0,0,16,1,1,1,0,0,1,5,4,0,7,1
15,22,0,0,1,0,3,1,0,0,1,1,1,8,2,1,0,9,6,14,1
2,15,4,0,1,4,3,3,1,16,1,1,1,5,0,1,5,6,0,3,1
8,18,4,0,1,0,3,3,0,2,1,1,1,7,0,1,0,6,11,11,1
14,18,0,1,1,4,3,0,1,8,1,1,1,5,2,1,0,6,0,11,1
1,19,4,0,1,0,3,0,0,2,1,1,1,0,0,0,5,0,0,0,1
7,12,4,0,1,0,3,0,0,0,1,1,1,8,0,1,1,6,0,12,1
0,15,4,1,1,0,3,3,0,2,1,1,1,0,0,1,0,8,3,6,1
14,15,2,1,1,0,3,1,0,0,1,1,1,0,2,1,0,6,8,7,1
8,17,4,1,1,0,3,3,0,2,1,1,1,0,0,1,2,0,0,0,1
13,12,3,0,1,0,3,0,0,15,1,1,1,1,2,1,0,6,10,9,0
4,18,4,0,1,3,3,0,1,2,1,1,1,1,0,1,2,0,0,4,1
15,19,4,1,0,3,3,0,1,2,1,1,0,7,2,1,4,3,0,6,0
15,20,4,0,1,3,3,0,1,0,1,1,1,5,2,1,0,6,3,14,1
1,18,4,1,1,4,3,0,1,11,1,1,1,0,0,0,5,0,0,0,0
12,20,0,0,1,0,3,0,0,0,1,1,1,0,2,4,0,6,4,12,1
4,15,4,1,1,4,3,0,1,2,1,1,1,5,0,1,5,6,0,4,1
4,20,4,1,1,0,3,1,0,11,1,1,1,0,0,1,0,6,4,11,1
5,15,4,0,1,0,3,0,0,2,1,1,1,0,0,1,2,0,0,0,1
13,22,0,0,1,0,3,0,0,1,1,1,1,0,2,2,0,6,6,14,1
5,15,4,0,0,0,3,0,0,2,1,1,0,1,0,1,2,6,0,6,1
6,20,4,1,1,3,3,0,1,11,1,1,1,0,0,3,0,6,6,11,1
3,17,4,1,1,0,3,3,0,2,1,1,1,0,0,0,5,0,0,5,1
9,20,4,1,1,4,3,0,1,12,1,1,1,5,0,1,0,6,6,10,1
4,16,4,1,1,0,3,0,0,10,1,1,1,4,0,1,0,9,8,10,1
0,18,4,0,1,0,3,0,0,16,1,1,1,0,0,3,0,1,2,2,1
7,15,0,0,1,0,3,2,0,0,1,1,1,6,0,0,5,0,0,3,0
6,14,0,0,1,4,3,0,1,14,1,1,1,5,0,0,5,0,0,0,1
8,15,4,1,0,0,3,1,0,12,1,0,1,0,0,1,0,6,11,11,1
14,18,0,1,1,0,3,3,0,1,1,1,1,0,2,1,0,5,6,8,1
10,20,4,0,1,0,3,0,0,2,1,1,1,7,0,3,0,6,3,13,1
6,15,4,0,1,0,3,1,0,12,1,1,1,8,0,1,0,6,8,10,0
8,19,4,1,1,0,3,3,0,0,1,1,1,7,0,3,2,0,0,0,1
6,15,4,0,1,0,3,0,0,2,1,1,1,0,0,1,0,6,4,7,0
2,15,4,0,1,0,3,3,0,2,1,1,1,5,0,1,0,6,10,12,1
7,18,0,1,1,0,3,0,0,1,1,1,1,0,0,2,0,6,4,10,0
8,20,4,1,1,0,3,0,0,2,1,1,1,0,0,1,0,3,5,2,1
7,14,4,0,1,0,3,0,0,7,1,1,1,7,0,1,0,6,10,10,1
9,17,4,0,0,0,3,0,0,0,1,1,0,8,0,8,5,6,0,4,1
0,15,4,0,1,0,3,3,0,9,1,1,1,7,0,1,0,4,5,3,1
12,22,0,1,1,0,3,0,0,0,1,1,1,0,2,2,0,9,6,11,1
3,15,4,1,1,0,3,0,0,12,1,1,1,0,0,1,5,6,0,2,0
1,15,4,0,1,0,3,1,0,2,1,1,1,0,0,1,0,6,8,6,1
9,18,0,1,1,0,3,0,0,1,1,1,1,7,0,1,0,6,3,9,0
11,20,4,1,1,0,3,1,0,12,1,1,1,7,2,1,0,6,5,9,0
5,22,4,1,1,4,3,0,1,11,1,1,1,0,0,1,0,9,3,8,1
2,18,4,0,1,0,3,0,0,0,1,1,1,7,0,1,0,5,6,6,1
2,15,4,0,0,0,3,0,0,3,1,1,0,2,0,1,5,3,7,5,1
14,14,0,0,1,0,3,2,0,0,1,1,1,0,2,0,5,0,0,7,1
15,13,4,0,0,0,3,0,0,15,1,0,0,1,2,0,5,0,0,2,1
0,18,0,0,1,0,3,3,0,1,1,1,1,0,0,0,5,0,0,0,1
1,17,4,1,1,0,3,3,0,9,1,1,1,5,0,0,5,0,0,0,1
0,18,4,1,1,0,3,3,0,11,1,1,1,8,0,1,5,0,0,0,0
6,18,4,0,1,0,3,0,0,2,1,1,1,7,0,1,0,3,4,5,1
2,14,4,0,1,4,3,3,1,9,1,1,1,7,0,1,5,1,0,1,1
1,15,4,1,1,0,3,0,0,2,1,1,1,1,0,1,0,4,2,3,1
13,15,4,0,1,4,3,0,1,12,1,1,1,0,2,6,0,6,0,6,0
4,21,4,1,1,0,3,0,0,11,1,1,1,0,0,0,5,0,0,3,0
14,18,0,0,0,0,3,1,0,0,1,0,1,0,2,4,0,6,0,14,1
8,17,0,1,1,0,3,0,0,0,1,1,1,0,0,0,5,0,0,0,1
12,16,4,0,1,0,3,0,0,3,1,1,1,0,2,1,0,9,7,13,1
8,15,4,1,1,0,3,0,0,2,1,1,1,7,0,1,5,0,0,0,1
1,18,4,0,1,0,3,3,0,2,1,1,1,0,0,1,1,3,0,1,0
6,18,0,0,1,0,3,0,0,0,1,1,1,7,0,1,5,0,0,0,1
3,17,4,1,1,0,3,3,0,2,1,1,1,0,0,1,5,6,0,3,1
14,19,0,0,1,0,3,3,0,8,1,1,1,0,2,4,0,6,0,10,1
6,15,4,0,1,0,3,0,0,0,1,1,1,7,0,6,0,4,3,7,0
0,15,4,1,1,0,3,0,0,16,1,1,1,0,0,2,5,1,0,2,0
15,18,4,1,1,0,3,0,0,0,1,1,1,0,2,0,5,0,0,0,1
1,15,4,1,1,0,3,0,0,2,1,1,1,7,0,2,5,2,0,2,0
11,18,4,0,1,0,3,3,0,0,1,1,1,0,2,0,5,0,0,0,1
0,14,4,1,1,0,3,0,0,7,1,1,1,0,0,3,5,0,0,1,1
3,20,4,1,1,0,3,1,0,12,1,1,1,0,0,1,5,0,0,0,1
13,15,0,0,1,0,3,1,0,0,1,1,1,0,2,1,0,6,6,6,0
1,18,4,1,1,0,3,1,0,2,1,1,1,0,0,1,0,6,10,8,1
4,20,4,0,1,2,3,1,0,2,1,1,1,0,0,1,0,6,10,12,1
7,17,4,0,1,0,3,3,0,2,1,1,1,0,0,0,5,0,0,0,1
2,18,4,1,1,0,3,0,0,16,1,1,1,8,0,1,5,1,0,2,1
9,15,4,0,1,0,3,0,0,2,1,1,1,0,0,1,0,6,2,10,1
7,20,4,1,1,0,3,1,0,0,1,1,1,0,0,1,0,4,4,8,0
3,15,4,0,1,0,3,0,0,2,1,1,1,7,0,1,2,2,0,3,1
2,15,4,0,1,0,3,0,0,2,1,1,1,0,0,5,2,6,0,2,1
11,18,4,0,0,0,3,0,0,2,1,1,0,0,2,1,0,2,3,4,1
3,18,4,1,1,4,3,0,1,11,1,1,1,5,0,0,5,0,0,0,0
15,20,0,1,1,0,3,1,0,1,1,1,1,0,2,1,0,8,8,13,1
8,20,0,0,1,4,3,0,1,0,1,1,1,0,0,1,0,6,6,13,0
1,15,4,0,1,4,3,3,1,2,1,1,1,5,0,1,5,6,0,4,1
13,20,0,0,1,0,3,0,0,0,1,1,1,0,2,1,0,7,7,14,1
3,22,4,0,1,0,3,1,0,15,1,1,1,7,0,0,5,0,0,0,0
8,18,0,1,1,4,3,3,1,0,1,1,1,0,0,0,5,0,0,0,0
0,18,4,1,1,0,3,0,0,16,1,1,1,0,0,1,5,2,0,4,1
13,20,0,0,0,0,3,0,0,0,1,1,0,0,2,6,5,1,0,3,0
15,16,0,0,1,0,3,3,0,9,1,1,1,0,2,0,5,0,0,0,1
14,21,0,1,1,0,3,1,0,0,1,1,1,0,2,6,0,4,8,14,1
9,20,0,1,1,0,1,3,0,1,1,1,1,0,0,1,0,6,7,11,0
4,15,4,1,1,0,3,0,0,4,1,1,1,5,0,1,5,0,0,1,1
15,20,0,0,1,0,3,1,0,0,1,1,1,0,2,1,0,6,5,13,1
14,8,2,0,1,3,1,2,1,16,1,1,1,0,2,1,5,0,0,3,0
2,19,4,1,1,0,3,0,0,2,1,1,1,7,0,1,0,1,1,5,1
10,20,0,0,1,0,0,1,0,0,1,1,1,0,0,5,3,8,4,14,0
0,15,4,0,1,0,3,0,0,2,1,1,1,0,0,1,2,3,0,5,1
13,15,4,1,1,0,3,0,0,0,1,1,1,0,2,1,0,6,6,6,1
8,15,0,1,1,4,3,0,1,0,1,1,1,7,0,1,5,6,0,2,0
3,19,4,1,1,0,3,0,0,2,1,1,1,1,0,0,5,0,0,0,1
3,15,4,0,1,0,3,0,0,2,1,1,1,0,0,1,0,6,4,7,1
5,15,4,0,1,0,3,3,0,11,1,1,1,0,0,1,0,9,6,6,0
14,20,0,1,1,3,3,0,1,1,1,1,1,5,2,1,5,0,0,0,1
11,18,0,1,1,0,3,0,0,0,1,1,1,0,2,1,0,6,3,6,1
14,20,0,0,1,0,3,3,0,1,1,1,1,5,2,0,5,0,0,13,1
15,22,4,1,1,0,3,1,0,0,1,1,1,8,0,2,0,4,0,8,0
10,19,4,1,1,3,3,0,1,0,1,1,1,0,0,1,0,6,4,10,1
10,17,4,1,1,0,3,0,0,0,1,1,1,0,0,0,5,0,0,0,1
7,19,4,0,1,0,3,0,0,2,1,1,1,0,0,1,0,4,8,6,1
12,11,4,0,1,4,3,0,1,0,1,1,1,7,2,1,0,9,1,10,1
8,18,4,1,1,0,3,0,0,11,1,1,1,0,0,1,0,6,4,5,0
2,18,4,1,0,0,3,1,0,2,1,1,1,0,0,1,0,2,4,4,1
0,15,4,0,1,0,3,3,0,2,1,1,1,7,0,2,0,2,4,3,1
0,18,4,0,1,0,3,0,0,2,1,1,1,0,0,1,0,3,2,4,1
8,15,0,1,1,0,3,3,0,2,1,1,1,7,0,0,5,0,0,0,1
9,18,4,0,1,3,3,0,1,2,1,1,1,5,0,1,0,6,6,6,1
13,21,0,1,1,0,3,3,0,0,1,1,1,5,2,1,0,2,9,14,1
14,15,0,1,1,4,3,0,1,8,1,1,1,7,2,1,0,6,4,6,1
13,20,0,0,1,3,3,1,1,0,1,1,1,0,2,7,1,9,0,10,0
6,20,4,0,1,0,3,3,0,11,1,1,1,0,0,2,0,1,8,13,1
2,18,4,1,1,0,3,0,0,2,1,1,1,7,0,1,0,3,2,5,1
15,20,4,0,1,0,3,0,0,0,1,1,1,0,2,1,0,6,8,14,1
9,18,4,0,1,0,3,0,0,0,1,1,1,1,0,1,0,6,10,7,1
9,19,4,0,1,0,3,0,0,12,1,1,1,0,0,1,0,6,6,10,0
9,17,4,0,1,0,3,0,0,2,1,1,1,5,0,1,0,6,3,11,1
6,11,4,1,1,0,3,0,0,4,1,1,1,0,0,1,0,1,8,6,1
4,18,4,0,1,0,3,3,0,0,1,1,1,8,0,1,0,6,8,5,1
4,20,4,0,1,0,3,0,0,2,1,1,1,0,0,6,0,2,9,3,1
15,19,0,1,1,3,3,0,1,0,1,1,1,0,2,0,5,0,0,0,1
0,15,0,1,1,0,3,3,0,8,1,1,1,0,0,1,0,6,0,8,1
2,15,4,0,1,0,3,0,0,2,1,1,1,5,0,1,0,1,3,4,1
8,20,0,0,1,0,3,1,0,2,1,1,1,0,0,1,0,9,3,14,1
2,18,4,1,1,0,3,1,0,0,1,1,1,0,0,1,0,7,2,2,0
5,19,0,1,1,3,3,3,1,2,1,1,1,5,0,2,0,6,2,10,1
1,18,4,1,1,0,3,0,0,2,1,1,1,0,0,0,5,0,0,0,0
14,20,4,0,1,3,3,0,1,0,1,1,1,5,2,1,0,7,2,13,0
10,20,0,1,1,3,3,0,1,1,1,1,1,5,0,1,0,6,7,12,1
8,15,0,1,1,0,3,0,0,0,1,1,1,7,0,1,0,4,4,2,0
7,20,4,1,1,4,3,0,1,0,1,1,1,5,0,1,0,6,8,6,0
3,18,4,1,1,0,3,3,0,11,1,1,1,7,0,1,0,2,2,5,1
10,17,0,0,1,0,3,0,0,0,1,1,1,0,0,1,0,4,3,5,1
5,18,4,1,1,0,3,3,0,2,1,1,1,0,0,1,0,2,10,3,1
7,15,0,1,1,0,3,0,0,0,1,1,1,0,0,1,0,7,6,10,0
3,18,4,0,1,0,3,0,0,2,1,1,1,0,0,1,5,2,0,2,0
15,18,0,0,1,3,3,0,1,0,1,1,1,0,2,4,0,6,10,11,1
0,17,4,0,1,0,3,2,0,8,1,1,1,0,0,3,0,3,6,1,1
2,18,4,0,1,3,3,0,1,2,1,1,1,1,0,0,5,0,0,0,1
5,18,4,0,1,0,3,0,0,2,1,1,1,0,0,1,5,6,0,2,1
14,20,4,0,1,0,3,1,0,0,1,1,1,0,2,2,0,7,11,14,1
5,20,4,0,1,0,3,0,0,4,1,1,1,5,0,3,2,0,0,0,1
13,12,4,0,1,0,3,0,0,9,1,1,1,8,0,4,0,6,8,5,1
10,13,0,1,1,0,3,0,0,10,1,1,1,0,0,1,0,8,8,13,1
15,21,0,1,1,0,3,0,0,2,1,1,1,0,2,6,0,4,8,8,1
3,15,4,1,1,0,3,0,0,5,1,1,1,7,0,1,0,6,2,4,1
9,20,4,0,1,0,3,0,0,2,1,1,1,5,0,1,0,6,3,13,1
11,5,4,0,1,3,3,0,1,2,1,1,1,5,2,3,2,6,0,4,1
8,15,4,1,1,0,3,0,0,2,1,1,1,0,0,1,0,4,6,5,1
4,20,4,0,0,0,3,1,0,16,1,1,0,0,0,1,0,9,5,7,0
11,19,4,0,1,0,3,1,0,0,1,1,1,0,2,1,0,6,2,6,1
9,15,4,1,1,0,3,3,0,2,1,1,1,0,0,0,5,0,0,0,1
9,20,4,1,1,0,3,3,0,12,1,1,1,0,0,1,0,6,5,8,0
6,15,4,0,1,0,3,1,0,0,1,1,1,0,0,2,0,6,3,9,1
5,20,4,0,1,0,3,1,0,16,1,1,1,0,0,1,5,8,0,11,0
6,19,4,1,1,0,3,0,0,0,1,1,1,0,0,1,5,0,0,0,1
7,15,4,1,1,0,3,0,0,0,1,1,1,7,0,1,0,6,4,8,1
6,19,4,1,1,0,3,0,0,2,1,1,1,0,0,1,0,6,2,11,1
14,11,4,0,1,4,3,0,1,11,1,1,1,0,2,1,0,9,4,14,1
13,15,4,0,1,0,3,0,0,15,1,1,1,1,2,1,5,0,0,1,1
4,20,4,1,1,0,3,1,0,2,1,1,1,0,0,2,0,6,3,10,1
11,18,0,0,1,0,3,0,0,1,1,1,1,0,2,7,0,9,1,5,1
4,16,4,0,1,0,3,3,0,2,1,1,1,0,0,1,0,7,1,3,1
15,18,4,0,1,0,3,2,0,15,1,1,1,0,2,1,5,3,0,2,1
9,15,0,1,1,0,3,1,0,0,1,1,1,0,0,1,0,9,4,12,0
8,15,4,0,1,0,3,1,0,2,1,1,1,0,0,1,0,2,11,3,1
6,11,4,0,1,4,3,0,1,11,1,1,1,0,0,1,5,0,0,0,1
5,19,4,0,1,3,3,0,1,11,1,1,1,7,0,1,0,4,1,4,1
10,15,4,1,1,0,3,3,0,2,1,1,1,0,0,1,0,6,11,8,1
0,15,4,0,1,0,3,3,0,2,1,1,1,0,0,9,2,0,0,0,1
12,20,0,0,1,0,3,3,0,1,1,1,1,0,2,1,0,7,2,13,1
0,17,4,0,1,0,3,0,0,2,1,1,1,0,0,1,0,3,6,5,1
0,17,4,1,1,0,3,3,0,5,1,1,1,0,0,0,5,0,0,0,0
3,19,4,0,1,0,3,0,0,2,1,1,1,7,0,1,0,6,3,4,1
8,20,4,0,1,0,3,0,0,0,1,1,1,0,0,3,0,6,2,9,1
6,15,0,0,1,0,3,0,0,1,1,1,1,7,0,1,0,5,4,6,1
4,20,4,1,1,0,3,1,0,2,1,1,1,0,0,1,0,3,2,4,1
11,20,0,1,1,0,3,1,0,1,1,1,1,0,2,2,0,8,3,12,0
9,20,0,1,1,0,3,1,0,1,1,1,1,0,0,3,0,6,8,12,1
15,10,0,1,1,4,3,0,1,0,1,1,1,8,2,0,5,0,0,0,1
3,18,4,0,1,4,3,0,1,0,1,1,1,5,0,1,0,6,2,8,0
13,19,4,1,1,0,3,0,0,2,1,1,1,0,2,9,2,0,0,0,1
11,21,0,1,1,4,3,0,1,1,1,1,1,5,2,1,0,6,8,14,1
11,18,4,0,1,0,3,0,0,2,1,1,1,0,2,1,2,6,0,5,1
15,19,0,0,1,0,3,0,0,0,1,1,1,0,2,1,0,6,11,14,1
9,20,0,0,1,0,3,0,0,1,1,1,1,0,0,1,0,7,0,11,0
9,19,4,1,1,0,3,1,0,0,1,1,1,0,0,1,5,0,0,0,1
6,14,4,0,1,0,3,0,0,16,1,1,1,0,0,4,0,6,1,7,1
6,21,4,0,1,4,3,0,1,11,1,1,1,5,0,1,0,6,2,14,0
10,16,4,0,1,0,3,0,1,9,1,1,1,5,0,1,0,7,4,4,0
12,22,0,1,1,0,3,0,0,0,1,1,1,0,2,2,0,6,0,11,1
12,15,0,0,1,0,3,1,0,2,1,1,1,8,2,1,0,6,10,12,1
14,15,4,0,1,0,3,1,0,0,1,1,1,8,2,1,0,7,3,12,1
13,20,4,0,1,0,3,1,0,0,1,1,1,0,2,1,0,8,5,14,1
14,21,4,0,1,0,3,0,0,0,1,1,1,0,2,3,0,7,4,12,0
6,20,4,1,1,0,3,1,0,2,1,1,1,0,0,2,0,6,0,11,1
14,22,0,0,1,0,3,3,0,0,1,1,1,5,0,2,0,4,3,14,1
5,18,4,1,1,0,3,1,0,10,1,1,1,8,0,6,0,6,8,10,1
14,18,0,0,1,4,3,0,1,0,1,1,1,0,2,1,0,6,6,11,0
2,0,4,1,1,4,3,0,1,9,1,1,1,0,0,0,5,0,0,0,1
15,21,0,0,1,4,3,0,1,1,1,1,1,5,2,1,2,5,0,3,1
10,23,0,1,1,0,3,0,0,5,1,1,1,0,0,1,0,6,11,14,1
0,17,4,1,1,0,3,0,0,2,1,1,1,5,0,0,5,0,0,0,1
9,18,0,1,1,0,3,1,0,8,1,1,1,0,0,1,0,6,3,8,1
15,20,0,0,1,0,3,0,0,0,1,1,1,0,2,1,0,6,8,14,1
0,15,4,0,1,0,3,3,0,2,1,1,1,0,0,1,0,2,2,3,0
8,15,4,0,1,0,3,3,0,2,1,1,1,1,0,1,0,6,11,3,1
7,15,4,0,1,0,3,0,0,2,1,1,1,0,0,1,0,6,4,6,1
14,15,0,0,1,0,3,0,0,1,1,1,1,1,2,6,5,0,0,0,1
4,0,4,0,1,4,3,0,1,2,1,1,1,6,0,0,5,0,0,3,1
14,19,0,0,1,0,3,0,0,0,1,1,1,5,2,1,0,6,6,14,0
3,15,4,1,1,0,3,3,0,2,1,1,1,7,0,0,5,0,0,4,1
6,18,4,1,1,0,3,0,0,2,1,1,1,7,0,0,5,0,0,0,1
11,19,4,1,1,0,3,0,0,0,1,1,1,0,2,1,0,6,2,7,1
4,18,4,1,1,0,3,3,0,2,1,1,1,5,0,1,0,3,2,5,1
1,15,4,1,1,0,3,0,0,16,1,1,1,1,0,2,5,1,0,1,0
1,18,4,0,1,0,3,0,0,15,1,1,1,0,0,2,5,1,0,2,1
2,18,4,0,1,0,3,0,0,11,1,1,1,7,0,1,0,9,6,7,0
11,8,0,0,1,0,0,2,0,11,1,1,1,0,2,0,5,0,5,12,0
2,15,4,1,1,3,3,0,1,5,1,1,1,5,0,0,5,0,0,0,1
2,15,4,0,1,3,3,0,0,11,1,1,1,0,0,1,0,6,5,11,1
0,18,4,0,1,0,3,0,0,16,1,1,1,5,0,0,5,0,0,0,1
6,20,4,1,1,0,3,0,0,0,1,1,1,0,0,1,0,6,2,9,1
4,20,4,0,0,0,3,0,0,9,1,1,1,2,0,1,0,7,6,5,1
4,20,4,0,1,0,3,0,0,0,1,1,1,0,0,1,0,7,2,13,0
15,22,4,1,1,0,3,1,0,0,1,1,1,8,2,1,0,6,6,8,0
3,18,4,1,1,0,3,3,0,14,1,1,1,0,0,1,0,6,4,10,1
6,19,4,0,1,0,3,0,0,0,1,1,1,0,0,1,0,6,0,11,1
14,10,4,1,0,0,3,0,0,0,1,1,0,0,2,5,0,0,5,3,0
15,20,0,1,1,0,3,3,0,1,1,1,1,0,2,1,0,3,1,10,0
6,15,0,1,1,0,3,0,0,2,1,1,1,0,0,1,5,0,0,0,0
12,18,0,1,1,1,3,2,0,8,1,1,1,0,2,1,0,1,10,1,1
11,20,0,0,1,0,3,1,0,1,1,1,1,0,2,3,2,0,0,0,1
5,20,0,1,1,0,3,0,0,1,1,1,1,0,0,1,0,3,1,2,0
10,18,4,0,1,0,3,1,0,2,1,1,1,0,0,3,0,5,8,10,1
5,15,0,0,1,4,3,0,1,2,1,1,1,6,0,3,0,6,10,8,1
2,15,4,0,1,0,0,0,0,16,1,1,1,0,0,5,3,9,3,11,1
5,14,4,0,1,0,3,1,0,15,1,1,1,0,0,0,5,0,0,0,1
6,14,4,1,1,0,3,0,0,2,1,1,1,0,0,8,5,5,0,7,1
8,20,4,1,1,0,3,1,0,11,1,1,1,0,0,1,0,6,8,8,0
5,20,4,0,1,0,3,0,0,12,1,1,1,0,0,1,0,2,7,4,0
1,15,4,0,1,0,3,1,0,2,1,1,1,0,0,1,0,1,1,4,1
10,17,0,0,1,4,3,0,1,1,1,1,1,8,0,1,1,4,0,6,1
14,15,4,0,1,0,3,0,0,0,1,1,1,7,2,1,0,6,4,7,0
5,15,0,0,1,4,3,0,1,2,1,1,1,6,0,1,0,5,10,11,1
9,13,4,1,1,0,3,0,0,2,1,1,1,0,0,9,2,0,0,13,1
5,15,4,0,1,0,3,1,0,0,1,1,1,0,0,6,0,1,2,2,1
14,18,2,1,1,0,3,0,0,2,1,1,1,7,2,1,0,9,6,11,1
2,15,4,0,1,0,3,3,0,2,1,1,1,0,0,0,5,0,0,0,1
15,22,4,0,1,4,3,3,1,11,1,1,1,0,2,1,0,9,8,14,1
2,18,4,0,1,0,3,0,0,4,1,1,1,0,0,1,0,5,4,7,1
13,11,4,0,0,0,3,1,0,15,1,1,0,0,2,0,5,0,0,0,1
12,15,4,0,1,0,3,0,0,2,1,1,1,0,2,1,0,6,3,6,1
11,14,4,0,1,0,3,0,0,11,1,1,1,7,2,1,2,6,0,5,1
10,20,4,1,1,0,3,1,0,4,1,1,1,5,0,1,2,0,0,0,1
6,15,0,1,1,0,3,0,0,3,1,1,1,0,0,1,5,2,0,2,1
9,20,4,1,1,0,3,0,0,14,1,1,1,1,0,3,0,6,1,9,1
5,17,4,0,1,0,3,0,0,0,1,1,1,0,0,1,0,4,10,9,1
10,14,4,0,0,0,3,1,0,2,1,1,0,0,0,1,0,5,7,5,1
14,20,4,0,1,0,3,0,0,0,1,1,1,0,2,1,0,7,1,9,0
3,10,4,1,1,0,3,0,0,2,1,1,1,8,0,5,5,0,0,0,1
8,18,0,0,1,0,3,0,0,1,1,1,1,0,0,1,0,6,6,6,1
9,15,0,0,1,3,3,0,1,0,1,1,1,0,0,1,0,6,2,6,1
11,20,4,0,1,0,3,3,0,0,1,1,1,0,2,1,0,6,1,10,0
10,5,4,0,1,3,3,0,1,4,1,1,1,0,0,9,2,0,0,0,1
12,15,0,0,1,4,3,0,1,8,1,1,1,7,2,0,5,0,0,0,1
5,14,4,0,1,0,3,1,0,2,1,1,1,0,0,0,5,0,0,0,1
11,20,4,1,1,0,3,3,0,0,1,1,1,0,2,1,0,6,0,11,1
10,18,0,0,1,0,3,0,0,1,1,1,1,0,0,1,0,6,4,13,1
15,18,4,1,1,0,3,0,0,2,1,1,1,0,2,1,0,2,2,3,1
8,20,4,1,1,0,3,1,0,0,1,1,1,0,0,1,0,6,6,6,1
6,19,4,1,1,0,3,0,0,2,1,1,1,0,0,1,0,1,0,1,0
14,19,0,1,1,0,3,0,0,1,1,1,1,0,2,1,5,0,0,0,1
7,13,4,1,1,4,3,0,1,0,1,1,1,0,0,1,5,0,0,0,0
10,15,0,0,1,4,3,0,1,1,1,1,1,7,0,1,0,8,4,10,1
7,18,0,1,1,4,3,0,1,1,1,1,1,0,0,1,0,5,1,8,1
3,13,4,1,1,0,3,3,0,9,1,1,1,8,0,1,0,6,2,7,1
7,15,4,0,1,0,3,3,0,0,1,1,1,7,0,1,0,6,6,6,0
15,17,0,1,1,0,3,1,0,1,1,1,1,0,2,1,0,4,1,10,1
13,18,0,1,1,4,3,0,1,1,1,1,1,0,2,0,5,0,0,0,0
6,18,4,1,1,0,3,0,0,5,1,1,1,7,0,1,0,3,6,6,1
12,20,4,0,1,0,3,0,0,2,1,1,1,8,0,2,0,2,1,4,1
8,15,4,1,1,0,3,0,0,7,1,1,1,7,0,1,0,6,8,9,1
4,17,0,0,1,4,3,0,1,9,1,1,1,0,0,1,0,6,2,5,1
2,15,4,1,1,0,3,3,0,2,1,1,1,8,0,3,0,6,3,5,1
4,19,4,0,1,0,3,0,0,2,1,1,1,0,0,1,0,6,3,11,1
10,8,1,1,1,3,3,0,1,5,1,1,1,0,0,0,5,0,5,3,1
10,21,4,0,1,4,3,0,1,9,1,1,1,5,0,4,0,6,4,11,1
4,18,4,0,1,3,3,0,1,11,1,1,1,0,0,1,0,6,4,11,0
0,13,4,0,1,2,3,0,0,2,1,1,1,0,0,1,0,1,6,3,1
10,19,4,0,1,4,3,0,1,12,1,1,1,7,0,1,0,6,3,11,1
2,18,4,0,1,0,1,1,0,16,1,1,1,8,0,1,5,0,0,0,0
3,20,4,1,1,0,3,1,0,2,1,1,1,7,0,1,5,0,0,0,1
5,18,4,0,1,0,3,3,0,0,1,1,1,0,0,2,0,6,6,7,1
1,19,4,0,1,0,3,1,0,2,1,1,1,0,0,0,5,0,0,0,1
4,18,4,0,1,0,3,3,0,0,1,1,1,0,0,1,0,2,1,3,0
10,17,4,0,0,0,3,3,0,2,1,1,0,0,0,0,5,0,0,5,1
8,20,4,0,1,0,3,1,0,0,1,1,1,5,0,1,0,6,6,14,0
4,15,4,1,1,0,3,0,0,9,1,1,1,0,0,1,0,6,6,7,1
4,15,4,0,1,0,3,0,0,2,1,1,1,0,0,1,0,2,1,5,1
5,20,4,0,1,2,3,0,0,2,1,1,1,5,0,1,0,6,10,8,1
1,15,4,1,1,0,3,3,0,16,1,1,1,7,0,3,5,1,0,2,1
7,15,0,1,1,0,3,0,0,0,1,1,1,0,0,1,0,6,4,8,0
4,16,4,0,1,0,3,0,0,10,1,1,1,4,0,1,0,9,7,4,1
10,20,4,1,1,0,3,3,0,11,1,1,1,5,0,4,5,6,0,3,1
14,21,0,0,1,0,0,1,0,0,1,1,1,0,2,5,3,9,0,14,1
7,20,4,0,1,3,3,3,1,11,1,1,1,5,0,1,0,6,10,13,0
8,15,4,1,1,4,3,0,1,4,1,1,1,7,0,1,0,5,6,7,1
13,15,0,1,1,0,3,0,0,0,1,1,1,0,2,3,0,6,2,5,1
10,20,4,1,1,0,3,0,0,2,1,1,1,5,0,1,0,7,11,14,1
14,15,4,1,0,0,3,1,0,0,1,1,0,0,2,1,5,0,0,6,1
13,15,0,0,1,0,1,1,0,1,1,1,1,0,2,5,5,0,0,11,1
8,20,4,0,1,4,3,0,1,11,1,1,1,5,0,1,0,6,8,10,0
10,20,4,0,1,0,3,0,0,0,1,1,1,0,0,1,0,6,4,10,1
12,15,0,0,1,3,3,0,1,2,1,1,1,5,2,1,0,4,6,6,1
2,16,0,1,1,0,3,0,0,9,1,1,1,0,0,0,5,1,0,2,1
1,18,4,1,0,0,3,2,0,2,1,1,0,6,0,0,5,0,0,4,1
3,15,4,0,1,0,3,0,0,5,1,1,1,7,0,0,5,0,0,0,1
10,18,0,0,1,0,3,0,0,0,1,1,1,0,0,1,0,7,7,9,0
3,18,4,1,1,0,3,3,0,2,1,1,1,0,0,1,0,4,2,3,1
7,18,4,1,1,0,3,1,0,5,1,1,1,0,0,1,0,6,1,4,1
12,19,4,1,1,0,3,0,0,2,1,1,1,1,2,1,0,6,8,10,1
3,15,4,0,1,0,3,0,0,2,1,1,1,0,0,1,0,5,3,6,1
13,15,0,0,1,4,3,0,1,0,1,1,1,0,2,1,0,6,5,9,1
6,17,0,1,1,0,3,1,0,0,1,1,1,0,0,1,5,0,0,0,1
3,19,4,0,1,0,0,1,0,16,1,1,1,1,0,5,3,6,1,6,1
6,13,4,0,1,0,3,0,0,15,1,1,1,1,0,0,5,0,0,0,0
1,15,4,1,1,0,3,1,0,12,1,1,1,7,0,1,0,6,3,2,1
0,15,4,1,1,2,2,3,0,6,1,1,1,8,0,9,2,0,0,0,1
6,19,4,0,1,0,3,0,0,2,1,1,1,0,0,1,0,6,6,11,1
11,20,4,1,0,0,3,1,0,0,1,1,0,0,2,1,0,9,6,12,1
9,18,0,0,1,3,3,0,1,1,1,1,1,5,0,1,0,6,4,9,0
7,18,4,0,1,0,3,0,0,2,1,1,1,0,0,1,0,7,6,11,1
11,11,4,0,1,4,3,0,1,15,1,1,1,7,2,1,5,9,0,0,1
6,18,4,0,1,0,3,0,0,2,1,1,1,7,0,1,0,6,3,7,1
10,20,4,0,1,0,3,0,0,2,1,1,1,0,0,3,0,9,4,10,1
8,21,0,1,1,0,3,1,0,8,1,1,1,0,0,3,0,4,0,3,1
6,9,0,0,0,0,2,1,0,5,0,1,1,7,0,0,0,0,5,13,0
7,20,0,1,1,0,3,3,0,1,1,1,1,0,0,1,5,0,0,0,1
12,18,4,1,0,0,3,0,0,9,1,1,1,2,2,1,0,6,6,14,1
0,15,4,0,1,0,3,0,0,2,1,1,1,0,0,1,0,2,0,4,1
7,15,4,0,1,0,3,3,0,11,1,1,1,1,0,0,5,0,0,0,0
3,19,4,1,1,0,3,0,0,2,1,1,1,0,0,1,0,6,6,5,1
2,19,0,0,1,4,3,0,1,8,1,1,1,5,0,5,0,6,6,8,1
9,17,0,1,1,0,3,3,0,1,1,1,1,0,0,1,5,0,0,0,0
8,20,0,1,1,0,3,0,0,1,1,1,1,0,0,2,0,3,3,6,1
4,19,4,1,1,0,3,0,0,2,1,1,1,7,0,1,0,6,4,10,1
12,19,0,1,1,0,3,3,0,1,1,1,1,5,2,0,5,0,0,0,1
11,16,4,0,1,0,3,0,0,15,1,1,1,0,2,1,5,6,0,2,0
7,19,4,0,1,0,3,0,0,0,1,1,1,7,0,1,0,4,3,4,1
2,15,0,1,1,0,3,1,0,8,1,1,1,0,0,1,0,2,6,3,1
0,15,4,0,1,4,3,3,1,11,1,1,1,0,0,9,2,0,0,0,0
7,15,4,0,1,0,3,3,0,2,1,1,1,5,0,1,0,4,1,10,1
14,19,0,1,1,0,1,0,0,1,1,1,1,8,2,5,0,6,9,7,1
0,18,4,0,1,0,3,3,0,2,1,1,1,0,0,0,5,0,0,0,1
15,18,4,1,1,0,3,3,0,10,1,1,1,0,2,4,0,6,5,10,1
10,20,4,1,1,0,3,3,0,14,1,1,1,0,0,1,0,2,6,4,1
8,19,4,1,1,0,3,0,0,2,1,1,1,7,0,1,0,3,6,5,1
1,18,4,1,1,0,3,0,0,11,1,1,1,0,0,0,5,0,0,0,1
12,17,4,1,1,0,3,0,0,2,1,1,1,0,2,1,0,6,2,4,0
10,20,4,0,1,3,3,0,1,0,1,1,1,7,0,6,0,6,0,8,1
8,21,0,0,1,0,1,1,0,0,1,1,1,8,0,1,0,6,8,13,1
11,8,4,0,1,4,3,0,1,16,1,1,1,0,2,1,0,6,2,7,1
11,18,0,0,1,0,3,0,0,8,1,1,1,7,2,1,5,6,0,3,1
10,18,0,0,1,0,3,1,0,1,1,1,1,7,0,1,0,4,4,4,1
8,18,4,1,1,0,3,0,0,0,1,1,1,0,0,1,0,6,8,6,1
2,18,4,1,1,0,3,1,0,2,1,1,1,0,0,1,2,2,0,4,1
0,18,4,0,1,0,3,0,0,2,1,1,1,0,0,0,5,0,0,2,1
13,20,4,1,1,0,3,1,0,12,1,1,1,0,2,2,0,6,1,14,1
5,18,4,0,1,3,3,0,1,11,1,1,1,0,0,3,0,2,2,6,1
4,15,4,1,1,0,3,3,0,0,1,1,1,0,0,3,0,6,10,9,1
6,19,4,1,1,0,3,1,0,0,1,1,1,8,0,4,5,0,0,0,1
3,15,4,0,1,0,3,0,0,2,1,1,1,0,0,1,0,6,2,8,1
3,18,4,1,1,0,3,1,0,2,1,1,1,8,0,1,0,5,6,5,1
6,19,0,1,1,4,3,0,1,8,1,1,1,5,0,1,0,6,0,10,1
5,20,4,0,1,0,3,3,0,11,1,1,1,8,0,1,0,8,1,13,0
5,22,0,0,1,0,3,1,0,7,1,1,1,0,0,1,0,6,6,10,1
12,21,4,1,1,0,3,3,0,4,0,1,1,0,2,4,0,6,8,9,1
0,18,4,0,1,0,3,1,0,2,1,1,1,8,0,1,5,0,0,0,1
4,20,4,0,1,0,3,1,0,0,1,1,1,0,0,1,2,2,0,3,1
12,13,0,1,1,4,3,3,1,13,1,1,1,8,2,6,0,2,2,11,1
7,20,4,1,1,0,3,3,0,11,1,1,1,0,0,1,0,9,3,5,1
3,15,4,1,1,0,3,0,0,2,1,1,1,5,0,1,0,2,4,8,1
11,17,4,0,1,0,3,0,0,2,1,1,1,5,2,3,2,0,0,0,1
4,17,4,0,1,0,3,0,0,2,1,1,1,0,0,2,0,6,2,7,1
9,18,4,0,1,0,3,0,0,0,1,1,1,7,0,1,0,4,7,5,1
0,15,4,0,1,0,3,0,0,16,1,1,1,0,0,1,0,2,5,6,0
12,17,4,1,1,0,3,0,0,0,1,1,1,7,2,6,0,2,3,3,1
14,19,0,0,1,3,3,0,1,0,1,1,1,0,2,1,0,2,2,6,1
8,20,0,1,1,0,3,0,0,2,1,1,1,0,0,2,0,3,3,7,1
3,18,4,0,1,0,1,0,0,0,1,1,1,0,0,5,0,6,6,10,1
3,17,3,1,1,0,3,3,0,1,1,1,1,7,2,0,5,0,0,6,1
4,15,4,0,1,0,3,0,0,15,1,1,1,7,0,1,5,6,0,1,1
12,20,4,0,1,0,3,0,0,11,1,1,1,0,2,1,0,8,3,12,0
6,21,4,1,1,4,3,0,1,14,1,1,1,5,0,1,0,6,3,12,1
13,19,4,1,1,0,3,0,0,0,1,1,1,7,2,4,0,6,1,10,1
4,18,4,1,1,0,3,0,0,2,1,1,1,7,0,1,0,1,8,3,1
11,23,0,1,1,0,3,3,0,0,1,1,1,0,2,1,0,6,7,13,0
2,20,4,0,1,0,3,0,0,0,1,1,1,0,0,3,0,7,7,12,1
7,19,4,0,1,0,3,3,0,12,1,1,1,0,0,1,0,6,6,10,0
13,20,4,0,1,0,3,3,0,12,1,1,1,8,2,4,0,6,0,10,1
4,18,4,0,1,0,3,3,0,2,1,1,1,0,0,0,5,0,0,0,1
12,19,4,0,1,0,3,0,0,0,1,1,1,0,2,1,0,6,2,14,1
13,20,4,1,1,3,3,0,1,0,1,1,1,5,2,4,0,1,1,2,0
7,8,4,0,1,0,3,0,0,11,1,1,1,0,0,1,0,1,4,3,1
8,15,3,1,1,0,3,0,0,2,1,1,1,7,0,1,0,7,2,2,1
15,19,0,1,1,0,3,1,0,0,1,1,1,0,2,6,0,8,0,14,1
10,15,4,1,1,0,3,3,0,2,1,1,1,0,0,1,0,6,4,7,1
1,18,4,1,1,0,3,0,0,0,1,1,1,7,0,0,5,0,0,0,1
12,15,0,1,1,0,3,0,0,1,1,1,1,8,2,3,5,0,0,0,1
9,18,4,1,1,0,3,1,0,2,1,1,1,5,0,1,0,6,10,3,1
15,17,4,0,1,0,3,1,0,0,1,1,1,8,2,1,0,8,4,13,1
9,18,0,0,1,0,0,0,0,16,1,1,1,0,0,5,3,6,0,6,1
6,18,4,0,1,0,3,0,0,11,1,1,1,5,0,1,2,6,0,6,1
11,21,0,1,1,0,3,0,0,1,1,1,1,0,2,2,0,6,4,13,0
1,18,4,0,1,0,0,3,0,16,1,1,1,0,0,5,3,6,1,6,1
7,16,4,0,1,0,3,0,0,2,1,1,1,0,0,1,0,6,2,8,0
6,13,0,1,1,4,3,0,1,0,1,1,1,6,0,1,0,5,10,9,1
13,15,0,0,1,3,3,0,1,1,1,1,1,5,2,1,0,6,6,8,1
3,18,4,0,1,0,3,0,0,14,1,1,1,0,0,1,0,8,10,10,0
13,21,0,1,1,4,3,0,1,1,1,1,1,0,2,2,0,7,6,13,1
7,15,0,1,1,0,3,0,0,1,1,1,1,0,0,1,0,6,1,6,1
1,17,4,0,0,0,3,0,0,9,1,1,0,0,0,1,5,1,0,3,1
7,18,4,1,1,0,3,1,0,12,1,1,1,0,0,1,5,0,0,0,0
5,20,4,1,1,2,3,3,0,2,1,1,1,8,0,1,0,4,10,7,1
14,7,4,1,1,0,3,0,0,2,1,1,1,7,2,3,2,2,0,4,1
6,18,4,0,0,0,3,0,0,2,1,1,0,1,0,1,5,0,0,5,1
1,19,4,1,1,0,3,1,0,2,1,1,1,0,0,2,0,1,3,2,1
13,18,0,1,1,0,3,0,0,2,1,1,1,7,2,1,0,6,8,11,1
4,18,4,0,1,0,3,1,0,2,1,1,1,1,0,1,0,6,10,11,1
11,21,4,0,1,0,3,1,0,12,1,1,1,0,2,1,0,6,4,12,0
3,15,4,1,0,4,3,0,1,9,1,1,1,2,0,1,0,6,4,2,1
14,18,0,0,1,0,3,0,0,0,1,1,1,5,2,1,0,6,3,11,0
6,20,4,0,1,0,3,1,0,5,1,1,1,0,0,1,0,8,3,13,0
13,20,4,0,1,0,3,1,0,2,1,1,1,5,2,3,0,6,7,13,1
5,15,4,0,1,0,3,0,0,2,1,1,1,0,0,1,2,6,0,5,1
13,17,0,0,1,4,3,0,0,8,1,1,1,7,2,3,0,6,5,11,1
12,17,4,1,1,0,3,0,0,2,1,1,1,7,2,1,0,6,2,8,1
5,20,4,1,1,0,3,0,0,2,1,1,1,1,0,3,0,6,6,2,1
13,20,0,1,1,0,3,1,0,1,1,1,1,0,2,2,0,8,4,10,1
6,15,4,1,1,0,3,0,0,12,1,1,1,0,0,0,5,0,0,10,1
2,18,4,1,1,0,3,0,0,2,1,1,1,7,0,1,0,6,6,9,1
2,22,4,1,1,0,3,1,0,7,1,1,1,8,0,1,0,3,6,5,0
1,18,4,1,1,0,3,3,0,14,1,1,1,0,0,1,0,4,2,2,1
11,20,0,1,1,0,3,0,0,0,1,1,1,1,2,1,0,6,6,9,1
1,17,4,1,1,0,3,1,0,2,1,1,1,0,0,1,0,1,5,1,0
10,5,2,0,1,3,1,0,1,2,1,1,1,0,0,3,0,6,10,14,1
11,22,4,1,1,0,3,1,0,7,1,1,1,0,2,1,0,6,8,12,1
15,15,4,0,1,4,3,0,1,9,1,1,1,0,2,1,0,7,11,8,1
1,18,4,0,1,0,3,3,0,2,1,1,1,0,0,1,0,3,9,2,1
8,13,4,0,0,0,3,0,0,2,1,1,1,0,0,1,0,6,4,7,1
0,18,4,1,1,0,3,1,0,16,1,1,1,8,0,3,5,0,0,0,1
13,15,4,1,1,3,3,0,1,2,1,1,1,5,2,1,0,2,1,4,1
1,18,4,0,1,0,3,3,0,2,1,1,1,6,0,1,0,2,10,3,1
6,15,0,0,1,0,3,0,0,8,1,1,1,7,0,1,5,0,0,0,1
12,15,4,0,1,2,3,3,0,2,1,1,1,1,2,1,5,0,0,3,1
0,17,4,1,1,4,3,0,1,2,1,1,1,7,0,0,5,0,0,0,1
4,15,4,0,1,0,3,0,0,2,1,1,1,0,0,1,0,6,2,7,1
4,20,4,1,1,0,3,1,0,2,1,1,1,0,0,1,0,6,4,11,1
4,20,4,1,1,0,3,0,0,11,1,1,1,8,0,1,5,6,0,4,0
13,20,0,0,1,0,3,3,0,1,1,1,1,7,2,1,0,8,6,10,1
7,20,4,0,1,0,3,3,0,2,1,1,1,5,0,1,0,6,2,12,1
7,18,4,0,1,0,3,0,0,9,1,1,1,0,0,1,0,6,3,10,1
14,20,0,0,1,0,3,3,0,1,1,1,1,0,2,1,0,7,8,14,1
2,18,4,0,1,0,3,1,0,2,1,1,1,8,0,1,1,3,0,5,1
11,20,4,1,1,0,3,0,0,11,1,1,1,2,2,2,5,6,0,0,1
1,18,4,0,1,0,3,0,0,7,1,1,1,0,0,1,0,5,4,5,1
9,20,4,0,1,0,3,0,0,12,1,1,1,0,0,1,0,7,10,12,0
7,15,4,1,1,0,3,0,0,12,1,1,1,0,0,1,0,2,8,5,1
15,20,2,0,1,3,3,0,1,0,1,1,1,0,2,1,0,7,9,14,0
3,18,4,1,1,4,3,0,1,0,1,1,1,7,0,0,5,0,0,0,1
0,18,4,1,1,0,3,0,0,11,1,1,1,0,0,1,0,4,3,5,1
8,13,4,1,0,0,3,0,0,0,1,1,1,0,0,1,0,6,4,10,1
3,14,4,0,1,0,3,3,0,12,1,1,1,8,0,1,0,6,8,5,1
5,18,4,0,1,0,3,0,0,2,1,1,1,1,0,1,0,6,8,9,1
0,18,4,0,0,0,3,2,0,0,1,1,0,0,0,0,5,0,0,0,0
7,19,4,0,1,0,3,0,0,2,1,1,1,0,0,1,0,2,3,6,0
12,17,4,0,1,0,3,1,0,0,1,1,1,8,2,1,0,4,3,13,1
12,21,0,1,1,0,3,1,0,1,1,1,1,0,2,1,0,8,11,14,0
13,18,4,1,1,3,3,0,1,2,1,1,1,5,2,1,1,1,0,1,1
3,18,0,0,1,0,3,1,0,0,1,1,1,0,0,1,0,6,6,12,0
9,0,4,0,1,4,3,0,1,12,1,1,1,7,0,0,5,0,0,0,1
6,18,4,0,1,0,3,3,0,2,1,1,1,0,0,1,0,2,8,4,1
10,18,4,1,1,0,3,0,0,10,1,1,1,8,0,4,0,6,10,10,0
6,20,4,1,1,0,3,1,0,2,1,1,1,8,0,8,5,0,0,0,1
10,20,4,1,1,0,3,0,0,2,1,1,1,0,0,1,0,4,6,4,1
6,20,4,1,1,0,3,0,0,3,1,1,1,0,0,1,0,4,8,13,1
13,15,0,1,1,0,3,0,0,1,1,1,1,7,2,1,0,6,6,4,1
1,18,4,0,1,0,3,0,0,16,1,1,1,7,0,1,5,6,0,2,1
4,20,4,0,1,0,3,0,0,15,1,1,1,1,0,1,5,3,0,1,0
13,20,0,1,1,0,3,1,0,1,1,1,1,0,2,1,0,8,3,11,1
9,20,4,1,1,0,3,1,0,0,1,1,1,0,0,1,0,6,0,14,0
8,16,0,1,1,0,3,0,0,0,1,1,1,0,0,1,1,6,0,10,1
2,19,4,1,1,0,3,1,0,0,1,1,1,0,0,7,5,1,0,4,1
13,20,0,0,1,0,3,0,0,0,1,1,1,0,2,1,0,8,2,13,1
12,20,0,1,1,0,3,3,0,0,1,1,1,0,2,1,0,6,10,9,1
1,18,4,0,1,0,0,0,0,16,1,1,1,0,0,5,3,2,9,6,0
2,15,4,1,1,0,3,0,0,2,1,1,1,1,0,0,5,0,0,0,0
7,19,4,0,1,0,3,1,0,0,1,1,1,0,0,1,0,6,6,11,0
2,18,0,0,1,0,3,1,0,8,1,1,1,8,0,1,0,2,6,3,1
15,18,0,1,1,0,3,0,0,0,1,1,1,7,2,1,5,0,0,0,1
2,18,4,1,1,4,3,3,1,11,1,1,1,5,0,0,5,0,0,0,1
9,16,4,0,0,0,3,3,0,12,1,0,0,0,0,1,5,6,0,4,0
7,13,0,0,1,4,3,0,1,0,1,1,1,6,0,0,0,5,10,12,1
11,20,4,0,1,0,3,0,0,2,1,1,1,5,0,1,2,4,0,4,0
8,20,4,0,1,0,3,1,0,0,1,1,1,0,0,1,0,6,3,12,0
1,18,4,0,1,0,3,0,0,2,1,1,1,0,0,1,0,2,3,4,1
2,14,0,1,1,3,3,3,1,9,1,1,1,8,0,1,0,6,8,6,1
3,13,4,0,1,0,3,0,0,2,1,1,1,7,0,1,0,6,4,6,1
15,20,0,1,0,0,3,1,0,0,1,1,0,0,2,2,0,1,2,3,1
0,18,4,0,1,0,3,0,0,2,1,1,1,5,0,0,5,0,0,0,0
10,20,0,1,1,0,3,3,0,1,1,1,1,0,0,1,2,6,0,9,1
9,19,4,0,1,0,3,3,0,4,1,1,1,0,0,1,0,6,4,7,0
0,18,4,1,1,3,3,0,1,5,1,1,1,0,0,0,5,0,0,0,1
2,15,4,0,1,0,3,0,0,2,1,1,1,0,0,1,2,2,0,4,1
2,15,4,0,1,4,3,0,1,2,1,1,1,5,0,1,0,6,4,3,1
9,18,4,0,1,3,3,0,1,2,1,1,1,5,0,0,5,0,0,0,1
8,17,0,0,1,4,3,0,1,8,1,1,1,5,0,1,0,6,8,10,1
0,17,4,0,1,0,3,1,0,2,1,1,1,8,0,0,5,0,0,0,1
15,20,4,0,1,0,3,1,0,2,1,1,1,5,2,6,0,8,8,12,1
2,19,4,1,1,0,3,0,0,0,1,1,1,0,0,3,0,6,2,6,1
7,18,4,1,1,0,3,0,0,0,1,1,1,0,0,2,0,1,4,2,0
1,15,4,0,1,0,3,0,0,2,1,1,1,0,0,1,0,6,6,8,1
12,16,2,0,1,0,3,0,0,3,1,1,1,0,2,1,5,6,0,2,1
8,15,4,0,1,0,3,3,0,5,1,1,1,0,0,1,0,6,6,6,1
6,15,4,0,1,3,3,0,1,2,1,1,1,0,0,0,5,0,0,0,1
12,11,4,0,0,0,3,3,0,5,0,1,0,0,2,0,5,0,0,0,1
3,15,4,1,1,0,3,0,0,2,1,1,1,7,0,1,0,2,2,2,1
1,18,4,0,1,0,3,1,0,2,1,1,1,8,0,1,0,1,1,2,1
9,15,0,1,1,0,3,1,0,1,1,1,1,0,0,6,0,2,7,8,1
10,14,4,1,1,0,3,1,0,2,1,1,1,8,0,1,0,6,10,8,1
0,15,4,0,1,0,3,1,0,5,1,1,1,7,0,1,5,0,0,0,1
0,18,4,0,1,0,1,1,0,16,1,1,1,8,0,1,5,0,0,0,1
7,19,4,1,1,0,3,1,0,2,1,1,1,0,0,1,0,6,10,8,0
13,17,0,0,1,0,3,0,0,15,1,1,1,0,2,1,5,6,0,2,1
5,18,4,0,1,0,3,1,0,7,1,1,1,0,0,1,0,8,10,7,1
14,23,0,1,1,0,3,0,0,1,1,1,1,5,2,0,5,0,0,13,1
4,13,4,0,0,0,3,0,0,15,1,1,1,7,0,1,5,0,0,1,0
5,20,4,0,1,4,3,0,1,2,1,1,1,5,0,1,0,4,4,6,1
10,18,4,0,1,0,3,0,0,2,1,1,1,0,0,1,0,3,3,9,1
1,18,4,0,1,0,3,0,0,11,1,1,1,1,0,0,5,0,0,0,0
12,17,0,1,1,3,3,0,1,1,1,1,1,0,2,1,1,4,0,10,1
3,20,4,0,1,0,3,0,0,2,1,1,1,0,0,0,5,0,0,0,0
15,20,0,0,1,0,3,2,0,0,1,1,1,8,2,1,0,6,10,12,1
9,16,3,1,1,0,3,3,0,4,1,1,0,6,0,1,0,5,10,8,0
4,15,4,0,1,0,3,1,0,7,1,1,1,8,0,1,0,9,4,7,1
5,13,4,0,1,4,3,0,1,10,1,1,1,0,0,1,5,6,0,5,0
0,15,4,1,0,0,3,3,0,2,0,1,1,0,0,1,0,2,9,2,1
2,20,4,1,1,0,3,0,0,11,1,1,1,0,0,1,0,6,6,4,1
14,16,0,0,1,4,3,0,1,1,1,1,1,0,2,1,0,6,6,10,0
6,18,0,0,1,0,3,0,0,2,1,1,1,5,0,1,0,6,4,10,1
15,15,4,1,1,0,3,0,0,0,1,1,1,1,2,1,0,6,8,8,1
3,19,4,1,1,0,3,1,0,2,1,1,1,0,0,0,5,0,0,0,0
10,1,4,1,1,0,3,3,0,2,1,1,1,0,0,3,0,6,3,11,0
11,21,4,0,1,0,3,3,0,0,1,1,1,0,2,2,0,6,8,14,1
14,15,0,0,1,4,3,0,1,8,1,1,1,7,2,0,5,0,0,0,1
10,15,0,1,1,4,3,0,1,1,1,1,1,0,0,1,0,6,11,4,1
3,17,0,1,1,0,3,1,0,1,1,1,1,0,2,0,5,0,0,6,1
10,20,4,0,1,0,3,1,0,2,1,1,1,0,0,1,0,7,7,12,1
8,20,4,0,1,0,3,3,0,2,1,1,1,0,0,2,0,6,3,9,1
12,15,4,0,1,0,3,1,0,0,1,1,1,8,2,1,0,6,3,12,1
3,15,4,1,1,0,3,3,0,2,1,1,1,7,0,1,0,6,2,5,1
14,21,4,1,1,0,3,0,0,0,1,1,1,0,2,2,0,6,6,13,1
3,15,4,1,1,0,3,0,0,2,1,1,1,0,0,1,0,6,2,2,1
2,18,4,0,1,0,3,3,0,0,1,1,1,5,0,1,0,6,3,5,0
14,15,4,0,1,4,3,0,1,12,1,1,1,7,2,1,0,6,2,9,0
14,17,0,0,1,0,3,1,0,8,1,1,1,0,2,1,0,6,1,11,1
8,21,0,1,1,0,3,3,0,0,1,1,1,5,0,1,0,8,10,8,1
12,21,4,0,1,4,3,0,1,9,1,1,1,5,2,1,0,4,3,14,0
13,15,0,0,1,4,3,0,1,1,1,1,1,5,2,1,0,6,8,14,1
7,18,0,1,1,0,0,0,0,0,1,1,1,0,0,5,3,6,2,12,1
1,17,4,0,1,4,3,0,0,11,1,1,1,0,0,2,0,6,2,14,1
5,18,0,0,1,3,3,0,1,0,1,1,1,0,0,1,0,2,7,4,1
14,19,2,1,1,0,3,1,0,0,1,1,1,0,2,1,0,2,8,7,1
3,15,4,1,1,0,3,3,0,2,1,1,1,0,0,1,5,0,0,0,1
12,20,0,1,1,3,3,0,1,1,1,1,1,0,2,1,0,6,3,14,0
3,20,4,1,0,0,3,1,0,0,1,1,0,0,0,0,5,0,0,0,0
4,15,4,0,1,2,3,0,0,2,1,1,1,0,0,1,5,0,0,0,1
0,17,4,1,1,0,3,0,0,2,1,1,1,7,0,1,0,1,8,1,1
11,21,4,1,1,0,3,0,0,16,1,1,1,1,2,4,0,6,1,8,0
6,18,4,1,1,0,3,0,0,11,1,1,1,0,0,1,0,3,6,5,1
6,18,4,1,1,0,3,0,0,5,1,1,1,0,0,1,0,3,4,8,1
4,17,0,0,1,0,3,1,0,0,1,1,1,0,0,1,0,2,2,4,0
10,18,0,0,1,3,3,3,1,1,1,1,1,0,0,3,0,8,8,12,1
4,18,4,0,1,0,3,3,0,16,1,1,1,7,0,1,0,7,5,6,1
4,21,4,1,1,0,3,2,0,0,1,1,1,0,0,2,5,2,0,0,0
7,15,0,0,1,0,3,3,0,1,1,1,1,0,0,2,0,1,11,4,1
3,21,4,1,1,0,3,0,0,2,1,1,1,0,0,4,0,1,8,3,1
8,0,4,0,1,0,3,1,0,2,1,1,1,0,0,1,1,6,0,11,1
10,15,4,1,1,0,3,3,0,14,1,1,1,0,0,1,0,2,6,3,1
6,20,4,1,0,0,3,1,0,2,1,1,1,0,0,4,5,0,0,0,1
12,17,2,1,1,0,3,0,0,0,1,1,1,7,2,1,0,9,6,8,1
1,18,4,0,1,4,3,0,1,9,1,1,1,5,0,1,0,6,5,8,0
0,18,4,0,1,0,3,1,0,2,1,1,1,8,0,1,5,1,0,3,1
7,15,4,1,1,0,3,1,0,7,1,1,1,0,0,0,5,0,0,0,1
7,20,4,0,1,0,3,0,0,0,1,1,1,7,0,1,0,7,7,9,1
10,15,4,0,1,0,3,0,0,15,1,1,1,0,0,0,5,0,0,0,1
5,15,4,1,1,0,3,0,0,7,1,1,1,7,0,1,0,6,10,7,1
9,21,4,0,1,0,3,3,0,2,1,1,1,0,0,2,0,9,4,14,1
0,15,4,0,1,0,3,0,0,2,1,1,1,7,0,1,0,6,6,6,1
15,20,4,0,1,0,3,0,0,14,1,1,1,5,2,0,5,0,0,10,1
14,20,0,1,1,0,3,1,0,0,1,1,1,1,2,1,0,6,8,14,1
13,20,4,0,1,0,3,3,0,11,1,1,1,7,2,1,0,6,6,11,0
11,14,0,1,1,4,3,0,1,0,1,1,1,0,2,1,0,2,1,4,1
12,11,3,1,1,0,3,0,0,0,1,1,1,7,2,6,0,6,8,6,1
0,13,4,1,1,0,3,0,0,7,1,1,1,7,0,0,5,0,0,0,1
6,20,4,0,1,0,3,0,0,14,1,1,1,0,0,1,0,6,10,10,0
5,15,4,0,1,0,3,3,0,2,1,1,1,0,0,1,0,2,8,6,1
4,15,4,1,1,0,3,3,0,9,1,1,1,0,0,1,0,4,3,7,1
9,15,4,0,1,0,3,3,0,2,1,1,1,0,0,1,0,6,7,8,1
0,18,4,1,1,0,3,0,0,16,1,1,1,5,0,1,5,1,0,1,0
7,18,0,0,1,0,3,1,0,1,1,1,1,5,0,1,0,7,11,11,1
9,20,4,0,1,0,3,3,0,11,1,1,1,5,0,3,0,6,6,11,0
6,11,4,1,1,4,3,0,1,12,1,1,1,0,0,1,0,6,3,10,1
4,18,0,1,1,0,3,3,0,0,1,1,1,1,0,1,0,4,6,6,0
15,15,0,0,1,0,1,0,0,9,1,1,1,7,2,1,0,6,3,9,1
15,18,0,0,1,0,3,0,0,0,1,1,1,5,2,0,5,0,0,0,1
11,20,4,0,1,0,3,1,0,2,1,1,1,0,2,1,2,1,0,3,0
2,15,4,0,1,0,3,0,0,15,1,1,1,0,0,0,5,0,0,0,0
15,5,4,0,1,2,2,0,0,2,0,1,1,3,2,4,0,4,10,9,1
11,20,0,1,1,0,3,1,0,0,1,1,1,0,2,6,0,6,0,11,0
4,17,2,0,0,0,3,1,0,15,1,0,1,0,0,1,5,0,0,1,1
8,19,4,0,1,0,3,1,0,12,1,1,1,0,0,1,0,7,8,9,1
9,20,0,1,1,0,3,0,0,0,1,1,1,7,0,4,0,6,4,11,1
2,15,4,1,1,0,3,0,0,2,1,1,1,0,0,0,5,0,0,0,1
4,21,4,1,1,4,3,3,1,2,1,1,1,5,0,1,0,6,10,9,1
14,20,0,1,1,0,3,0,0,0,1,1,1,0,2,1,0,6,3,11,0
12,18,0,0,1,4,3,0,1,1,1,1,1,8,2,1,0,6,6,8,0
9,18,4,1,1,0,3,0,0,2,1,1,1,5,0,1,0,6,8,6,1
2,17,4,1,1,0,3,0,0,9,1,1,1,0,0,1,2,7,0,0,1
9,21,0,1,1,4,3,0,1,1,1,1,1,5,0,1,0,6,11,12,0
3,13,4,0,1,0,3,3,0,15,1,1,1,7,0,1,5,0,0,0,1
8,17,0,0,0,0,3,3,0,2,1,1,0,0,0,0,5,0,0,0,1
10,21,4,1,1,0,3,0,0,0,1,1,1,0,0,2,0,6,6,11,0
12,21,4,0,1,0,3,0,0,0,1,1,1,5,2,1,0,8,1,14,0
8,15,4,1,1,4,3,0,1,0,1,1,1,0,0,1,2,6,0,2,0
5,15,4,0,1,0,3,0,0,2,1,1,1,0,0,4,0,6,1,8,0
6,21,4,0,1,0,3,3,0,14,1,1,1,5,0,1,0,6,6,14,1
5,20,4,1,1,0,3,0,0,2,1,1,1,0,0,0,5,0,0,0,1
8,15,4,0,1,0,3,0,0,11,1,1,1,0,0,1,0,6,1,11,0
13,11,4,0,0,0,3,0,0,15,0,1,1,0,2,0,5,0,0,0,1
3,20,4,0,1,3,3,0,1,9,1,1,1,5,0,1,0,6,3,9,1
11,19,4,1,0,0,3,3,0,13,1,0,0,8,2,3,0,6,4,11,1
3,15,4,0,1,0,1,0,0,0,1,1,1,0,0,1,0,4,3,6,1
1,13,4,0,1,0,3,0,0,16,1,1,1,1,0,6,5,1,0,6,1
4,12,4,0,1,0,3,0,0,7,1,1,1,0,0,1,5,0,0,1,1
6,18,4,0,1,0,3,0,0,2,1,1,1,5,0,1,0,1,6,1,1
9,15,4,1,1,0,3,3,0,0,1,1,1,1,0,1,0,6,6,9,1
7,15,4,0,1,0,0,1,0,16,1,1,1,0,0,5,3,9,4,5,0
0,8,4,0,1,0,3,0,0,11,1,1,1,0,0,1,0,1,4,3,1
0,15,4,0,1,0,3,3,0,2,1,1,1,7,0,0,5,0,0,0,1
4,19,0,0,1,0,3,0,0,8,1,1,1,0,0,1,0,3,6,11,1
9,18,4,0,1,0,3,3,0,0,1,1,1,1,0,1,0,4,3,8,1
8,20,4,1,1,0,3,0,0,2,1,1,1,7,0,1,0,4,6,3,1
5,15,4,0,1,0,3,1,0,4,1,1,1,0,0,1,0,9,6,6,1
2,18,4,0,1,0,3,1,0,4,1,1,1,0,0,1,0,4,1,4,1
1,15,4,0,1,4,3,0,1,2,1,1,1,0,0,1,5,6,0,4,0
3,18,4,0,1,0,3,3,0,2,1,1,1,7,0,1,0,5,4,6,1
11,15,0,0,1,0,3,1,0,1,1,1,1,0,2,1,2,4,0,6,1
14,23,2,1,1,0,3,3,0,12,1,1,1,0,2,1,0,6,2,7,1
0,15,4,0,1,0,3,1,0,16,1,1,1,0,0,1,5,1,0,1,0
3,17,4,0,1,0,3,0,0,2,1,1,1,0,0,3,0,3,6,3,1
8,19,4,1,1,0,3,0,0,12,1,1,1,0,0,6,0,3,9,2,1
15,15,4,1,1,0,3,0,0,10,1,1,1,0,2,1,0,6,11,12,1
5,14,0,0,1,0,3,0,0,0,1,1,1,0,0,1,0,8,1,12,1
7,21,4,0,1,0,3,0,0,11,1,1,1,5,0,2,0,6,6,14,0
3,20,4,1,1,0,3,1,0,2,1,1,1,0,0,1,0,6,3,6,1
13,20,4,0,1,0,3,0,0,0,1,1,1,0,2,1,0,6,3,9,1
2,19,0,1,1,0,3,0,0,8,1,1,1,0,0,0,5,0,0,0,1
15,19,4,0,1,0,3,0,0,9,1,1,1,7,2,0,5,0,0,0,1
13,18,4,1,1,0,3,0,0,2,1,1,1,1,2,1,0,6,6,7,1
7,13,0,1,1,0,3,0,0,0,1,1,1,0,0,1,0,6,1,13,1
10,20,0,1,1,0,3,0,0,1,1,1,1,7,0,4,0,1,2,2,1
15,21,0,1,1,4,3,3,1,1,1,1,1,0,2,1,0,8,8,14,1
6,15,0,1,1,0,3,0,0,8,1,1,1,0,0,1,0,6,0,11,0
3,13,4,0,1,0,3,0,0,15,1,1,1,7,0,0,5,0,0,0,0
15,20,0,1,1,0,3,0,0,1,1,1,1,0,2,6,0,4,0,3,1
10,16,4,0,1,0,3,0,0,15,1,1,1,7,0,1,5,6,0,2,0
6,20,4,1,1,0,3,1,0,2,1,1,1,8,0,2,0,6,1,11,1
6,12,4,0,1,0,3,0,0,2,1,1,1,8,0,1,0,6,11,9,1
9,15,4,0,1,0,3,3,0,2,1,1,1,0,0,1,0,6,6,9,1
5,18,4,0,1,0,3,0,0,2,1,1,1,7,0,1,0,6,11,3,0
5,20,4,0,1,0,3,1,0,2,1,1,1,0,0,4,0,5,1,2,1
15,18,0,1,1,0,3,0,0,0,1,1,1,7,2,0,5,0,0,0,1
9,18,0,1,1,0,3,3,0,1,1,1,1,0,0,1,0,6,3,9,0
12,18,0,1,1,0,3,1,0,0,1,1,1,5,2,0,5,0,0,10,1
4,15,4,0,0,0,3,0,0,2,1,1,1,5,0,1,0,6,2,3,1
6,14,4,1,1,0,3,3,0,2,1,1,1,1,0,1,0,6,8,6,1
6,17,4,0,1,0,3,0,0,2,1,1,1,0,0,1,0,6,1,7,1
2,18,4,0,1,0,3,0,0,0,1,1,1,0,0,1,0,7,3,12,0
14,14,0,0,1,0,3,0,0,2,1,1,1,0,2,1,0,6,5,7,1
9,19,4,1,1,0,3,0,0,0,1,1,1,7,0,1,0,5,4,10,1
15,22,0,1,1,0,3,1,0,0,1,1,1,0,2,1,0,7,6,11,0
13,20,0,1,1,0,3,0,0,1,1,1,1,0,2,2,0,6,4,12,1
6,21,4,0,1,0,3,3,0,14,1,1,1,5,0,1,0,6,6,13,0
7,17,4,0,1,0,3,1,0,2,1,1,1,0,0,1,0,4,6,6,1
5,20,4,1,1,0,3,0,0,2,1,1,1,0,0,1,0,4,5,9,1
8,18,0,1,1,4,3,1,1,0,1,1,1,0,0,4,2,1,0,8,0
1,18,4,1,1,0,3,0,0,2,1,1,1,7,0,1,0,5,5,9,1
4,21,4,1,1,0,3,1,0,0,1,1,1,8,0,1,0,3,1,8,1
13,17,0,0,1,0,1,1,0,0,1,1,1,0,2,1,0,7,3,13,1
8,20,0,1,1,0,3,1,0,0,1,1,1,8,0,1,0,6,3,10,0
10,18,4,1,1,0,3,0,0,0,1,1,1,0,0,1,0,6,3,10,0
10,18,4,0,1,0,3,0,0,2,1,1,1,0,0,3,0,6,10,11,1
8,18,4,0,1,0,3,0,0,12,1,1,1,0,0,1,0,6,11,12,1
13,15,4,0,1,0,3,1,0,0,1,1,1,0,2,1,0,6,3,11,1
3,15,4,0,1,0,3,3,0,9,1,1,1,0,0,1,0,6,6,9,1
10,20,0,0,1,0,0,1,0,0,1,1,1,0,0,5,3,9,11,13,1
0,15,4,0,1,0,3,3,0,2,1,1,1,0,0,3,0,1,3,6,1
15,17,4,0,0,0,3,1,0,0,1,0,0,0,2,1,0,6,3,12,0
4,20,4,1,1,0,3,1,0,2,1,1,1,0,0,1,0,6,6,8,1
11,13,0,0,1,0,3,0,0,0,1,1,1,0,2,0,5,0,0,5,1
11,5,4,0,1,0,3,0,0,4,1,1,1,0,2,3,2,0,0,0,1
2,15,4,1,1,0,3,2,0,2,1,1,1,0,0,1,2,3,0,2,1
12,0,4,0,1,4,3,0,1,2,1,1,1,7,2,6,0,6,4,6,1
2,16,4,0,1,0,3,0,0,15,1,1,1,5,0,0,5,0,0,1,0
11,15,4,0,1,0,3,0,0,2,1,1,1,0,2,1,0,6,4,6,0
15,15,0,0,1,4,3,0,1,1,1,1,1,0,2,6,5,0,0,0,0
0,18,4,1,1,0,3,1,0,0,1,1,1,0,0,0,5,0,0,0,0
10,20,0,1,1,4,3,0,1,1,1,1,1,5,0,1,0,6,6,13,0
12,15,4,1,1,0,3,0,0,2,1,1,1,8,0,2,0,5,6,4,1
2,15,4,0,0,0,3,0,0,2,1,1,0,0,0,0,5,0,0,4,1
3,15,4,0,1,0,3,1,0,2,1,1,1,7,0,1,5,0,0,0,1
6,20,4,0,1,0,3,0,0,0,1,1,1,5,0,1,0,8,8,14,1
15,18,0,1,1,0,3,0,0,1,1,1,1,0,2,0,5,0,0,0,1
2,18,4,1,0,0,3,0,0,16,1,1,0,0,0,0,5,0,0,1,0
3,18,4,0,1,0,3,0,0,2,1,1,1,7,0,0,5,0,0,0,1
10,21,4,1,1,4,3,0,1,12,1,1,1,5,0,1,0,7,5,12,1
10,14,0,0,1,0,3,1,0,5,1,1,1,0,0,1,0,8,10,12,1
8,18,4,1,1,0,3,0,0,2,1,1,1,0,0,1,0,6,4,10,1
8,18,4,1,1,3,3,0,1,2,1,1,1,5,0,1,0,2,9,2,1
7,16,4,1,1,4,3,3,1,0,1,1,1,7,0,1,0,6,0,6,0
5,15,4,0,1,0,3,0,0,2,1,1,1,0,0,2,0,6,1,9,1
4,12,4,0,1,4,3,0,1,7,1,1,1,2,0,1,2,0,0,0,1
5,18,4,0,1,0,3,1,0,2,1,1,1,0,0,2,0,6,10,12,1
5,14,4,0,1,4,3,0,1,0,1,1,1,0,0,1,5,0,0,0,0
14,20,4,1,1,0,3,1,0,2,1,1,1,1,2,1,2,0,0,0,1
3,18,4,0,1,0,3,0,0,12,1,1,1,0,0,1,0,2,3,4,1
2,17,4,0,1,0,3,1,0,2,1,1,1,0,0,1,0,3,4,3,1
15,20,0,1,1,4,3,0,1,1,1,1,1,5,2,2,0,6,3,10,1
14,21,0,1,1,0,3,0,0,0,1,1,1,5,2,1,0,6,5,14,1
3,17,4,0,1,0,3,0,0,2,1,1,1,8,0,1,0,6,3,9,1
15,15,4,1,1,4,3,0,1,10,1,1,1,8,2,1,0,6,0,8,1
0,0,4,1,1,4,3,0,1,9,1,1,1,7,0,0,5,0,0,0,1
13,15,2,1,1,0,3,1,0,0,1,1,1,0,2,1,0,7,1,12,1
2,15,4,0,0,0,3,1,0,2,1,1,0,0,0,0,5,0,0,0,1
14,15,0,0,1,0,3,0,0,1,1,1,1,0,2,1,0,5,3,12,0
0,18,4,1,1,0,3,0,0,2,1,1,1,7,0,3,0,1,6,1,1
15,22,0,0,1,0,3,3,0,0,1,1,1,5,2,1,0,9,2,13,1
9,20,4,1,1,0,3,0,0,12,1,1,1,0,0,0,5,0,0,0,1
15,18,4,0,1,0,3,3,0,0,1,1,1,7,2,4,0,5,1,6,1
7,22,4,1,1,0,3,0,0,0,1,1,1,0,0,7,0,8,8,10,1
1,18,4,0,1,0,3,3,0,2,1,1,1,5,0,0,5,0,0,0,1
7,18,4,1,1,0,3,0,0,5,1,1,1,0,0,1,0,2,3,6,1
13,19,4,1,1,0,3,0,0,12,1,1,1,0,2,6,5,0,0,0,1
2,14,4,1,1,0,3,1,0,7,1,1,1,0,0,1,5,2,0,2,1
2,20,4,1,1,0,3,0,0,2,1,1,1,5,0,1,2,4,0,6,1
0,18,4,1,1,0,3,3,0,11,1,1,1,0,0,1,5,0,0,0,0
0,15,4,1,1,0,3,2,0,2,1,1,1,0,0,1,0,6,1,6,0
0,15,4,1,1,0,3,0,0,2,1,1,1,0,0,3,0,6,2,6,1
12,21,4,0,1,3,3,3,1,14,1,1,1,5,2,7,0,6,8,13,1
8,11,3,1,1,4,3,0,1,0,1,1,1,0,0,1,0,3,1,2,1
11,20,4,1,1,0,3,0,0,0,1,1,1,1,2,1,2,1,0,2,1
14,13,4,1,1,0,3,0,0,2,1,1,1,7,2,0,5,0,0,5,1
13,19,4,1,1,0,3,0,0,9,1,1,1,7,2,4,0,6,11,10,1
7,15,4,0,1,0,3,0,0,2,1,1,1,7,0,1,0,6,11,3,1
8,17,4,1,0,0,3,1,0,7,1,0,1,5,0,3,2,0,0,1,1
7,10,0,1,1,0,3,0,0,0,1,1,1,8,0,4,0,1,1,1,1
11,20,0,1,1,0,3,0,0,1,1,1,1,0,2,2,0,6,1,11,0
3,14,4,1,1,4,3,0,1,0,1,1,1,0,0,1,0,1,8,5,1
10,21,4,1,1,0,3,1,0,2,1,1,1,5,0,1,0,6,3,13,1
5,15,4,0,1,0,3,1,0,2,1,1,1,0,0,6,0,5,0,6,1
4,20,4,1,1,0,3,0,0,2,1,1,1,0,0,1,0,6,5,8,1
13,18,0,0,1,0,3,0,0,2,1,1,1,5,2,1,0,6,3,12,1
12,21,0,1,1,4,3,0,1,1,1,1,1,0,2,1,0,6,8,14,1
6,19,0,1,1,0,3,0,0,1,1,1,1,5,0,2,5,0,0,0,0
3,20,4,0,1,0,1,0,0,1,1,1,1,0,0,5,5,0,0,2,1
14,18,0,0,1,0,3,1,0,8,1,1,1,0,2,5,0,6,6,11,0
5,18,4,0,1,0,3,0,0,9,1,1,1,5,0,1,0,6,5,4,1
3,13,4,0,1,0,3,1,0,15,1,1,1,8,0,1,5,0,0,0,0
12,15,0,1,1,0,3,0,0,1,1,1,1,8,2,7,0,6,10,9,1
6,14,4,0,1,3,3,0,1,3,1,1,1,1,0,1,1,2,0,6,1
10,20,0,0,1,0,1,1,0,0,1,1,1,0,0,4,0,9,11,14,0
11,17,4,0,1,0,3,0,0,7,1,1,1,2,2,1,0,6,3,9,1
14,20,4,0,1,0,3,0,0,12,1,1,1,7,2,1,0,9,8,14,0
3,18,4,1,1,0,3,1,0,2,1,1,1,0,0,1,0,3,10,8,1
12,17,0,0,1,0,3,3,0,0,1,1,1,8,2,1,0,8,10,13,1
6,20,4,1,1,0,3,1,0,2,1,1,1,1,0,1,0,6,8,10,1
6,15,4,1,1,0,3,0,0,14,1,1,1,1,0,1,0,5,6,7,1
11,17,4,0,1,0,3,0,0,2,1,1,1,5,2,3,0,6,8,13,1
12,18,3,1,1,0,3,0,0,0,1,1,1,0,2,1,0,6,4,4,0
2,18,4,0,1,0,3,0,0,2,1,1,1,1,0,3,0,6,10,6,1
12,20,4,1,1,0,3,0,0,2,1,1,1,0,2,1,5,0,0,0,1
11,16,4,0,1,3,3,0,1,0,1,1,1,0,2,9,2,3,0,0,1
7,15,4,1,1,0,3,0,0,0,1,1,1,0,0,1,0,6,2,9,1
8,15,4,0,1,0,3,0,0,11,1,1,1,7,0,1,5,6,0,7,0
13,15,0,1,1,4,3,3,1,0,1,1,1,7,2,1,5,0,0,0,1
8,20,0,1,1,0,3,0,0,1,1,1,1,0,0,3,0,6,3,11,1
9,18,0,0,1,0,3,1,0,2,1,1,1,0,0,1,0,6,6,9,1
4,18,4,0,1,0,3,1,0,2,1,1,1,5,0,1,5,0,0,0,1
2,18,4,1,1,0,3,0,0,9,1,1,1,0,0,1,0,4,6,3,1
13,21,0,0,1,4,3,0,1,0,1,1,1,0,2,4,0,6,4,13,0
8,18,4,1,1,0,3,0,0,2,1,1,1,7,0,1,0,4,10,3,1
12,11,0,0,1,4,3,0,1,1,1,1,1,7,2,1,0,1,4,2,1
5,17,4,1,1,0,3,1,0,12,1,1,1,0,2,3,0,9,11,9,1
3,17,4,1,1,0,3,0,0,2,1,1,1,7,0,0,5,0,0,0,1
14,19,0,0,1,4,3,1,1,0,1,1,1,5,2,1,0,8,5,14,1
4,18,4,0,1,0,3,0,0,11,1,1,1,0,0,1,0,4,4,6,1
5,22,4,0,1,0,3,1,0,0,1,1,1,0,0,1,0,9,6,11,1
6,15,4,0,1,3,3,0,1,14,1,1,1,5,0,1,0,2,1,2,0
12,20,4,1,1,0,3,1,0,0,1,1,1,0,2,5,2,6,0,3,0
2,18,4,1,1,0,3,0,0,2,1,1,1,5,0,1,0,1,8,3,1
9,20,4,0,1,0,3,0,0,0,1,1,1,5,0,1,0,6,2,13,0
11,15,0,0,1,3,3,0,1,0,1,1,1,0,2,1,0,6,6,6,1
11,20,0,0,1,0,3,0,0,1,1,1,1,0,2,1,0,6,5,14,1
5,18,4,1,1,0,3,0,0,2,1,1,1,0,0,1,0,6,3,8,1
5,20,4,0,1,0,3,1,0,0,1,1,1,0,0,1,0,8,4,13,0
12,20,0,0,1,0,3,0,0,0,1,1,1,0,2,1,0,8,2,13,1
12,20,0,0,1,0,3,0,0,0,1,1,1,0,2,4,0,7,3,11,0
10,20,4,1,0,0,3,0,0,0,1,1,0,0,0,1,0,4,4,4,1
14,19,0,1,1,0,3,0,0,8,1,1,1,5,2,1,1,6,0,11,1
6,20,4,0,1,0,3,0,0,2,1,1,1,0,0,3,0,6,3,11,1
11,14,0,1,1,4,3,0,1,0,1,1,1,0,2,0,5,0,0,0,1
10,15,0,1,1,0,3,1,0,1,1,1,1,0,0,1,0,4,4,4,1
7,20,4,1,1,0,3,1,0,0,1,1,1,8,0,1,5,5,0,5,0
5,18,4,1,1,0,3,0,0,0,1,1,1,7,0,1,0,4,4,2,1
11,20,4,0,1,3,3,0,1,10,1,1,1,5,2,1,0,6,0,11,1
13,0,4,1,1,0,3,0,0,0,1,1,1,0,2,1,1,6,0,11,1
1,18,4,0,1,0,3,3,0,16,1,1,1,5,0,0,5,0,0,0,1
7,20,4,1,1,0,3,3,0,2,1,1,1,7,0,0,5,0,0,0,1
0,18,4,1,1,0,3,0,0,2,1,1,1,0,0,1,0,2,0,2,1
8,20,4,1,0,0,3,3,0,2,1,1,1,0,0,1,0,7,2,3,1
6,13,4,0,0,0,3,0,0,2,1,1,0,1,0,0,5,0,0,7,1
1,15,4,1,1,0,3,3,0,2,1,1,1,7,0,3,0,1,2,2,1
10,20,4,1,0,0,3,0,0,14,1,1,0,0,0,1,0,2,3,3,0
1,15,4,1,1,4,3,0,1,10,1,1,1,8,0,4,5,6,0,3,0
8,20,4,0,1,4,3,0,1,11,1,1,1,5,0,6,0,6,8,14,0
3,19,4,1,1,0,3,0,0,2,1,1,1,4,0,3,0,5,8,5,1
14,18,4,0,1,0,3,3,0,2,1,1,1,5,2,1,0,6,8,11,1
14,20,4,0,1,0,3,0,0,0,1,1,1,0,2,1,0,8,3,14,1
10,20,0,1,1,0,3,3,0,1,1,1,1,5,0,1,0,6,8,13,1
4,20,4,0,1,0,3,0,0,14,1,1,1,0,0,1,0,8,2,13,0
4,15,4,1,1,0,3,0,0,2,1,1,1,7,0,1,0,3,8,3,0
9,20,4,1,1,0,3,3,0,11,1,1,1,0,0,0,5,0,0,0,0
8,19,4,0,1,0,3,0,0,7,1,1,1,0,0,1,2,0,0,0,1
1,21,4,1,1,0,3,3,0,9,1,1,1,5,0,2,5,6,0,0,0
15,20,0,1,1,0,3,1,0,1,1,1,1,0,2,6,0,4,0,3,1
14,15,2,0,0,0,3,0,0,0,1,1,1,0,2,1,0,9,4,14,1
6,18,4,1,1,0,3,0,0,0,1,1,1,7,0,1,0,6,1,9,0
14,14,0,0,1,0,3,0,0,5,1,1,1,7,2,1,0,8,3,5,1
1,18,4,1,1,0,3,0,0,2,1,1,1,0,0,0,5,0,0,0,1
2,18,4,0,1,0,3,0,0,0,1,1,1,5,0,1,0,3,2,5,1
9,16,0,0,1,0,3,0,0,3,1,1,1,0,0,1,0,9,4,5,0
8,16,4,0,1,0,3,3,0,0,1,1,1,7,0,1,0,6,1,10,0
14,15,4,0,1,0,3,1,0,2,1,1,1,0,2,1,0,4,0,9,1
13,18,4,0,1,0,3,1,0,0,1,1,1,0,2,7,0,7,10,13,0
1,18,4,1,1,0,3,0,0,2,1,1,1,0,0,1,0,1,5,1,1
8,22,4,0,1,4,3,0,1,0,1,1,1,0,0,2,0,7,6,10,1
12,17,0,1,1,0,3,0,0,1,1,1,1,0,2,1,5,0,0,0,1
9,20,4,0,1,0,3,0,0,0,1,1,1,1,0,1,0,5,3,6,0
12,21,4,1,1,0,3,3,0,9,1,1,1,0,2,1,0,8,3,8,0
13,20,4,1,1,0,3,1,0,0,1,1,1,0,2,7,0,5,5,9,0
11,20,0,1,1,0,3,0,0,0,1,1,1,7,2,1,2,6,0,10,0
6,17,4,1,1,0,3,0,0,2,1,1,1,7,0,1,0,2,6,4,1
3,13,4,0,1,4,3,0,1,15,1,1,1,7,0,1,5,5,0,2,0
10,20,4,0,1,0,3,0,0,14,1,1,1,5,0,1,0,6,4,14,0
9,20,0,1,1,4,3,0,1,0,1,1,1,0,0,3,0,6,4,6,1
3,18,4,0,1,3,3,0,1,2,1,1,1,5,0,0,5,0,0,4,1
12,15,0,1,1,0,3,3,0,1,1,1,1,8,2,2,2,0,0,0,1
0,18,4,1,1,0,3,1,0,2,1,1,1,0,0,1,0,3,0,3,1
11,14,0,0,0,4,3,0,1,0,1,1,0,0,2,0,5,0,0,0,1
15,20,4,0,1,0,3,0,0,2,1,1,1,7,2,1,0,6,10,13,1
14,21,4,1,1,0,3,1,0,0,1,1,1,0,2,1,0,7,3,10,0
4,15,0,0,1,0,0,0,0,16,1,1,1,1,0,5,3,6,2,7,1
1,18,4,1,1,0,3,1,0,0,1,1,1,0,0,1,0,6,1,10,1
2,17,4,0,1,0,3,3,0,2,1,1,1,5,0,1,0,2,2,5,0
13,17,4,1,1,0,3,3,0,2,1,1,1,0,2,3,2,6,0,10,1
7,20,0,1,1,0,3,2,0,0,1,1,1,6,0,2,0,6,10,11,0
3,20,4,1,1,0,3,3,0,2,1,1,1,0,0,1,0,2,4,4,1
13,18,0,1,1,0,3,0,0,1,1,1,1,7,2,3,5,0,0,0,1
11,8,0,0,1,4,1,0,1,16,1,1,1,0,2,1,5,0,0,0,0
8,17,4,1,1,0,3,0,0,0,1,1,1,0,0,1,2,2,0,1,1
5,20,0,1,1,0,3,0,0,0,1,1,1,0,0,4,5,4,0,5,1
4,16,4,0,1,0,3,0,0,2,1,1,1,7,0,1,5,6,0,3,1
2,18,4,0,1,4,3,0,1,11,1,1,1,7,0,6,0,1,6,5,1
2,22,4,0,1,0,3,1,0,7,1,1,1,0,0,1,0,9,4,10,1
3,15,4,1,1,3,3,0,1,0,1,1,1,5,0,1,1,6,0,10,1
14,17,4,1,0,0,3,1,0,0,1,1,0,7,2,1,0,6,5,9,1
15,13,4,0,1,0,3,0,0,15,1,1,1,0,2,1,5,0,0,0,1
7,20,0,1,1,0,3,2,0,1,1,1,1,0,0,0,5,0,0,0,0
11,15,0,0,1,0,0,0,0,0,1,1,1,0,2,5,3,6,3,12,1
14,15,4,0,1,0,3,0,0,2,1,1,1,5,2,1,0,6,6,10,1
8,21,4,1,1,4,3,0,1,7,1,1,1,0,0,1,0,6,11,5,1
7,18,4,1,1,0,3,0,0,0,1,1,1,5,0,0,5,0,0,0,1
11,21,4,1,1,0,3,0,0,12,1,1,1,5,2,3,0,6,8,11,1
11,14,0,0,1,0,3,0,0,2,1,1,1,0,2,6,2,8,0,6,1
9,20,4,0,1,0,3,0,0,2,1,1,1,5,0,1,0,6,10,13,1
10,20,2,1,1,1,3,0,1,12,1,1,1,2,0,1,0,5,1,3,1
1,17,4,1,1,0,3,0,0,16,1,1,1,0,0,1,5,4,0,2,0
7,13,0,0,1,4,3,0,1,1,1,1,1,7,2,0,5,0,0,6,1
0,18,4,0,1,0,3,0,0,7,1,1,1,7,0,1,5,0,0,2,1
0,15,4,0,1,0,3,0,0,2,1,1,1,7,0,0,5,0,0,0,1
10,0,1,1,1,3,1,1,1,0,1,1,1,6,0,1,3,3,7,9,1
13,21,0,0,1,0,3,1,0,0,1,1,1,0,2,1,0,6,5,14,0
8,19,4,1,1,0,3,1,0,2,1,1,1,8,0,3,0,2,6,3,1
10,19,2,0,1,3,1,3,1,1,1,1,1,7,1,5,3,7,9,13,1
10,16,4,0,0,0,3,0,0,15,1,1,0,0,0,0,5,0,0,1,0
3,13,4,0,1,0,3,0,0,0,1,1,1,7,0,1,5,5,0,5,0
8,20,0,1,1,0,3,1,0,0,1,1,1,0,0,0,5,0,0,0,1
0,18,4,0,1,0,3,0,0,16,1,1,1,0,0,1,0,1,6,2,1
11,21,0,0,1,3,3,0,1,1,1,1,1,0,2,1,0,9,1,14,1
12,0,4,0,1,4,3,0,1,9,1,1,1,7,2,0,5,0,0,0,1
14,15,4,0,1,0,3,0,0,2,1,1,1,0,2,1,0,5,0,2,1
3,18,4,1,1,0,3,1,0,0,1,1,1,0,0,1,0,9,3,9,0
11,20,0,1,1,4,3,0,1,14,1,1,1,5,2,0,5,0,0,0,1
14,0,4,1,1,0,3,0,0,9,1,1,1,0,2,6,1,6,0,6,1
10,0,0,0,1,0,1,3,0,1,1,1,1,8,0,1,1,8,0,11,1
14,19,0,0,1,0,1,0,0,0,1,1,1,0,2,5,0,6,8,10,1
3,15,4,0,1,0,3,0,0,2,1,1,1,7,0,9,2,0,0,0,1
9,20,4,0,1,0,3,1,0,0,1,1,1,0,0,1,0,7,11,14,0
7,19,4,1,1,0,3,0,0,12,1,1,1,0,0,1,5,0,0,0,1
6,15,4,1,1,0,3,0,0,3,1,1,1,1,0,1,0,6,2,6,1
0,18,4,1,1,0,3,0,0,2,1,1,1,0,0,1,0,1,8,3,1
9,20,4,0,1,0,3,1,0,0,1,1,1,0,0,4,0,6,8,11,1
9,19,4,1,1,0,3,0,0,0,1,1,1,0,0,1,0,4,6,10,0
6,15,4,0,1,0,3,0,0,2,1,1,1,0,0,1,0,6,5,8,1
6,20,4,1,1,0,3,3,0,14,1,1,1,0,0,1,0,8,8,10,1
11,15,0,0,1,0,1,1,0,1,1,1,1,0,2,1,2,0,0,0,1
15,18,4,0,1,4,3,0,1,2,1,1,1,0,2,1,0,6,10,8,1
10,20,4,1,1,0,3,1,0,2,1,1,1,0,0,1,2,6,0,6,1
6,20,4,1,1,0,3,0,0,2,1,1,1,5,0,0,5,0,0,0,1
10,19,0,0,1,0,3,0,0,1,1,1,1,0,0,1,0,6,4,14,0
2,15,4,1,1,4,3,3,1,11,1,1,1,0,0,0,5,0,0,0,1
1,18,4,0,1,0,3,0,0,16,1,1,1,0,0,1,5,6,0,5,0
15,15,0,0,1,0,3,0,0,0,1,1,1,0,2,1,0,6,1,6,1
5,15,0,0,1,0,3,0,0,2,1,1,1,0,0,1,0,6,2,6,1
2,19,4,1,1,0,3,0,0,11,1,1,1,5,0,1,0,3,4,3,1
7,15,4,0,1,0,3,0,0,2,1,1,1,7,0,3,0,6,2,8,1
7,15,4,1,1,0,3,1,0,2,1,1,1,7,0,1,2,0,0,0,1
13,12,2,0,1,0,3,0,0,7,1,1,1,0,2,1,2,0,0,5,1
9,18,0,1,1,0,3,1,0,0,1,1,1,0,0,2,5,3,0,4,1
15,19,0,0,1,0,3,0,0,1,1,1,1,0,2,1,0,6,2,9,1
8,20,4,0,1,0,3,0,0,0,1,1,1,5,0,1,0,6,2,12,0
1,18,4,0,1,0,3,1,0,2,1,1,1,0,0,1,0,4,5,4,1
10,20,4,1,1,0,3,0,0,4,1,1,1,0,0,4,0,1,6,5,0
9,20,0,1,1,0,3,1,0,0,1,1,1,8,0,1,0,6,4,13,1
2,18,4,0,1,0,3,1,0,2,1,1,1,8,0,1,2,2,0,4,1
7,20,4,0,1,2,3,0,0,2,1,1,1,5,0,1,0,6,6,11,1
1,15,4,0,1,0,3,3,0,2,1,1,1,0,0,1,0,5,3,4,1
4,18,4,1,1,0,3,0,0,16,1,1,1,7,0,6,5,2,0,2,1
10,12,2,0,0,0,3,0,0,15,1,1,1,2,0,1,5,0,0,0,0
3,18,4,0,1,0,3,1,0,0,1,1,1,0,0,7,5,4,0,5,1
4,20,4,1,1,0,3,3,0,2,1,1,1,0,0,6,0,4,0,1,1
12,20,0,0,1,0,3,1,0,1,1,1,1,8,2,7,1,8,0,13,0
7,20,4,1,1,0,3,1,0,2,1,1,1,0,0,1,0,6,5,8,0
6,19,4,0,1,0,3,1,0,2,1,1,1,0,0,1,0,3,6,10,1
8,17,0,1,1,0,3,3,0,8,1,1,1,7,0,1,1,7,0,0,1
3,17,4,0,1,0,3,0,0,2,1,1,1,7,0,1,0,7,8,5,1
9,18,4,1,1,0,3,0,0,12,1,1,1,0,0,1,0,3,2,5,1
1,18,4,1,1,0,3,1,0,16,1,1,1,0,0,1,0,2,1,3,0
10,17,0,0,1,0,3,0,0,15,1,1,1,0,0,0,5,0,0,0,1
3,20,4,1,1,0,3,0,0,2,1,1,1,5,0,3,1,1,0,1,0
3,15,4,0,1,0,3,1,0,2,1,1,1,0,0,1,0,6,3,2,1
11,20,0,0,1,3,3,0,1,0,1,1,1,0,2,1,0,6,5,13,1
4,20,4,1,1,0,3,1,0,0,1,1,1,0,0,3,0,6,4,9,1
14,21,0,1,1,0,3,3,0,1,1,1,1,4,2,1,0,8,8,14,0
0,17,4,1,1,0,3,0,0,2,1,1,1,0,0,1,2,3,0,2,1
14,15,0,1,1,0,3,0,0,0,1,1,1,0,2,1,0,4,10,7,1
12,0,4,0,1,4,3,0,1,0,1,1,1,0,2,0,5,0,0,0,0
4,15,4,0,1,3,3,0,1,2,1,1,1,0,0,1,0,6,6,6,1
0,13,4,1,1,0,3,3,0,2,1,1,1,0,0,0,5,0,0,0,1
1,18,4,0,1,0,3,1,0,0,1,1,1,5,0,1,5,6,0,2,1
7,0,4,0,0,0,3,0,0,2,1,1,0,8,0,0,5,0,0,8,1
6,20,4,0,1,0,3,0,0,10,1,1,1,0,0,1,0,9,8,11,1
2,17,4,0,1,0,3,0,0,2,1,1,1,0,0,1,0,4,3,2,1
15,21,0,1,1,4,3,3,1,0,1,1,1,0,2,4,0,6,10,11,1
3,15,4,1,1,0,3,3,0,11,1,1,1,5,0,1,5,0,0,0,0
8,19,0,1,1,0,3,3,0,8,1,1,1,0,0,1,1,6,0,5,0
10,21,4,0,1,4,3,0,1,0,1,1,1,0,0,1,0,6,4,14,0
1,18,4,0,1,0,3,0,0,2,1,1,1,5,0,0,5,0,0,0,1
11,15,4,1,1,0,3,0,0,2,1,1,1,0,2,1,2,0,0,0,1
2,17,4,1,1,0,3,1,0,2,1,1,1,0,0,1,0,3,2,4,1
15,20,0,1,1,4,3,0,1,1,1,1,1,5,2,1,0,6,7,13,1
10,21,4,1,1,2,3,3,0,12,1,1,1,0,0,1,0,5,3,14,0
15,18,4,1,1,0,3,1,0,0,1,1,1,0,2,6,0,2,3,5,0
7,18,4,0,1,0,3,1,0,2,1,1,1,0,0,1,0,5,2,4,1
7,18,4,1,1,0,3,1,0,0,1,1,1,8,0,1,0,3,1,10,1
8,19,4,1,1,0,3,0,0,2,1,1,1,0,0,3,0,6,8,10,1
14,22,0,1,1,3,3,0,1,1,1,1,1,0,2,1,0,6,8,13,1
15,21,4,0,1,0,3,0,0,2,1,1,1,0,2,1,0,6,8,12,1
0,18,4,1,1,0,3,1,0,2,1,1,1,7,0,1,0,2,0,2,1
10,18,0,0,1,3,1,1,1,1,1,1,1,0,0,5,3,7,7,10,1
0,15,4,0,1,0,3,0,0,16,1,1,1,0,0,1,0,6,3,2,0
8,13,4,0,1,0,3,0,0,2,1,1,1,1,0,1,0,4,8,7,1
4,0,4,1,1,4,3,3,1,10,1,1,1,5,0,4,0,6,4,3,1
9,20,4,0,1,0,3,3,0,2,1,1,1,5,0,4,0,6,11,13,1
11,8,0,0,1,0,3,3,0,16,1,1,1,1,2,1,0,6,4,6,0
7,15,4,1,1,0,3,0,0,2,1,1,1,7,0,1,0,6,6,6,1
9,18,0,0,1,0,3,1,0,1,1,1,1,0,0,7,0,5,8,5,1
12,13,4,0,1,0,3,0,0,2,1,1,1,1,2,1,0,6,5,6,1
12,16,0,1,1,0,3,1,0,1,1,1,1,8,2,1,0,5,10,3,1
1,14,0,0,1,0,3,0,0,2,1,1,1,7,0,0,5,0,0,0,1
6,18,4,0,1,0,3,0,0,2,1,1,1,7,0,1,0,4,5,10,1
13,17,4,0,1,0,3,0,0,15,1,1,1,0,2,4,5,0,0,0,0
8,0,2,1,0,0,1,0,0,0,1,0,1,0,0,0,5,0,0,2,1
9,20,4,1,1,4,3,0,1,0,1,1,1,7,0,1,5,2,0,3,0
14,20,4,0,1,0,2,0,0,2,1,1,1,0,2,5,0,6,5,7,1
11,11,0,1,1,4,3,1,1,1,1,1,1,0,2,1,0,9,3,10,1
13,21,0,1,1,2,3,1,0,1,1,1,1,0,2,1,5,0,0,14,0
10,17,0,1,1,0,3,1,0,1,1,1,1,8,0,1,0,5,3,9,1
9,13,4,0,0,0,3,0,0,15,1,1,0,1,0,1,5,0,0,1,0
11,20,0,0,1,0,3,1,0,0,1,1,1,0,2,1,2,6,0,6,1
1,18,4,1,1,0,3,0,0,2,1,1,1,0,0,1,0,5,2,7,1
13,17,4,0,1,0,3,0,0,0,1,1,1,7,2,1,0,6,3,10,1
9,20,4,0,1,0,3,1,0,2,1,1,1,8,0,8,5,6,0,7,1
9,16,4,1,0,0,3,0,0,0,1,0,0,0,0,6,5,1,0,1,1
4,18,0,1,1,0,3,1,0,16,1,1,1,0,0,1,5,6,0,3,0
10,20,0,1,1,0,3,0,0,14,1,1,1,0,0,0,5,0,0,0,1
12,20,4,1,1,0,3,0,0,0,1,1,1,1,2,5,0,6,6,9,0
6,20,4,1,1,4,3,1,1,0,1,1,1,0,0,2,0,1,4,4,1
6,20,4,1,1,0,3,0,0,0,1,1,1,0,0,1,0,3,9,14,1
4,15,4,1,1,0,3,1,0,2,1,1,1,0,0,0,5,0,0,3,1
4,20,4,0,1,0,3,1,0,2,1,1,1,0,0,2,0,2,4,8,1
8,21,4,1,1,0,3,0,0,2,1,1,1,0,0,1,0,7,6,13,0
9,15,4,0,1,0,3,3,0,0,1,1,1,7,0,1,0,6,3,7,0
5,15,4,0,1,0,3,0,0,2,1,1,1,5,0,1,0,6,2,9,1
4,20,4,1,1,0,3,0,0,11,1,1,1,0,0,0,5,0,0,0,1
4,20,4,1,1,2,3,0,0,3,1,1,1,1,0,1,0,6,8,13,0
12,18,0,1,1,0,3,0,0,1,1,1,1,7,2,1,0,6,3,10,1
8,20,4,1,1,0,3,3,0,2,1,1,1,0,0,1,0,2,9,2,1
5,18,4,1,1,0,3,3,0,2,1,1,1,8,0,2,0,6,10,7,1
3,15,4,1,1,0,3,0,0,12,1,1,1,7,0,1,5,4,0,3,0
13,20,4,1,1,0,3,1,0,2,1,1,1,0,2,4,5,1,0,2,1
9,13,4,1,1,0,3,3,0,0,1,1,1,0,0,6,0,6,6,12,0
4,18,4,0,1,0,3,0,0,2,1,1,1,5,0,1,2,2,0,3,0
9,17,4,0,1,0,3,0,0,0,1,1,1,0,0,1,0,6,5,6,1
7,19,4,0,1,0,3,0,0,0,1,1,1,7,0,2,0,6,2,10,1
8,20,0,0,1,0,3,0,0,1,1,1,1,0,0,1,0,8,8,13,0
8,14,4,1,1,0,3,2,0,12,1,1,1,0,2,3,0,6,6,6,1
8,18,4,1,1,0,3,1,0,0,1,1,1,7,0,1,0,8,3,6,1
9,0,4,1,1,2,3,3,0,0,1,1,1,0,0,1,1,6,0,12,1
1,14,4,0,1,4,3,0,1,9,1,1,1,0,0,1,1,6,0,4,0
12,18,4,1,1,0,3,0,0,16,1,1,1,5,0,2,0,4,3,8,0
6,19,4,0,1,3,3,0,1,0,1,1,1,0,0,1,0,6,6,10,1
2,18,4,0,1,0,3,0,0,2,1,1,1,0,0,1,0,6,8,12,1
5,15,4,0,1,0,3,0,0,10,1,1,1,0,0,4,0,6,3,3,1
15,22,4,1,0,0,3,1,0,9,1,0,1,0,0,2,0,8,0,14,1
10,14,0,0,1,3,3,0,1,15,1,1,1,7,0,0,5,0,0,0,0
9,23,4,0,0,0,3,0,0,0,0,0,1,5,0,1,0,6,8,14,0
5,20,4,1,1,0,3,1,0,2,1,1,1,8,0,1,0,6,5,4,1
13,15,4,1,1,0,3,0,0,2,1,1,1,0,2,1,0,2,2,4,1
11,20,4,1,1,2,3,0,0,3,1,1,1,2,2,1,5,6,7,5,1
11,16,0,0,1,0,0,0,0,16,1,1,1,5,2,0,5,0,0,0,1
7,18,4,1,1,0,3,1,0,7,1,1,1,0,0,1,0,5,11,3,1
0,17,4,1,1,0,3,0,0,16,1,1,1,1,0,0,5,0,0,0,0
4,18,4,1,1,4,3,0,1,14,1,1,1,0,0,1,0,2,2,6,0
2,18,4,0,1,0,3,0,0,4,1,1,1,0,0,1,0,4,3,7,1
4,18,4,1,1,0,3,0,0,0,1,1,1,7,0,1,0,4,3,7,0
3,18,4,1,1,0,3,0,0,2,1,1,1,7,0,1,0,7,8,9,1
3,17,4,1,0,0,3,1,0,14,1,1,0,0,2,0,5,0,0,0,1
2,15,4,1,1,0,3,1,0,7,1,1,1,0,0,1,0,2,4,4,1
12,18,4,0,1,3,3,0,1,0,1,1,1,0,2,2,0,7,8,11,1
6,18,0,1,1,0,3,0,0,1,1,1,1,0,0,1,0,1,0,3,0
5,20,4,1,1,0,3,1,0,2,1,1,1,8,0,4,0,6,1,8,1
9,15,4,0,1,0,3,0,0,2,1,1,1,7,0,1,0,6,4,8,1
6,15,4,1,0,0,3,3,0,14,1,1,0,1,0,0,5,0,0,3,0
9,16,4,0,1,0,3,3,0,2,1,1,1,0,0,1,0,6,4,10,1
3,18,0,0,1,0,3,0,0,1,1,1,1,0,0,1,0,6,6,9,1
0,19,4,0,1,0,3,0,0,2,1,1,1,0,0,0,5,0,0,0,1
13,20,0,1,1,3,3,0,1,1,1,1,1,5,2,1,5,0,0,0,1
15,18,4,1,1,0,3,1,0,12,1,1,1,0,2,1,0,3,2,9,1
1,18,4,0,1,0,3,0,0,2,1,1,1,1,0,1,0,6,3,6,0
0,18,4,1,1,0,3,2,0,2,1,1,1,8,0,1,5,2,0,4,1
0,18,4,0,1,0,3,0,0,2,1,1,1,0,0,6,0,2,0,2,1
6,15,4,1,1,4,3,0,1,5,1,1,1,0,0,6,0,1,2,4,1
3,20,4,1,1,0,3,0,0,12,1,1,1,5,0,1,0,7,2,14,0
8,17,0,1,1,0,3,0,0,1,1,1,1,7,0,1,0,6,8,12,0
2,17,4,0,1,4,3,0,1,2,1,1,1,0,0,0,5,0,0,0,1
14,20,0,1,1,0,3,1,0,0,1,1,1,0,2,1,0,8,11,14,0
14,20,0,1,1,4,3,0,1,1,1,1,1,0,2,1,0,6,6,10,0
2,15,4,1,0,0,3,1,0,2,1,1,1,5,0,1,0,4,6,4,1
2,17,0,1,1,4,3,0,1,8,1,1,1,0,0,0,5,0,0,0,0
12,20,0,0,1,0,3,0,0,1,1,1,1,0,2,1,0,1,3,4,1
6,20,4,0,1,4,3,0,1,0,1,1,1,5,0,1,0,6,5,9,0
14,21,4,1,1,0,3,2,0,0,1,1,1,0,2,1,0,6,6,12,0
5,17,4,1,1,0,3,0,0,10,1,1,1,0,0,1,0,9,8,10,1
15,18,4,0,1,0,3,1,0,0,1,1,1,0,2,1,0,6,2,11,1
12,20,4,0,1,0,3,3,0,12,1,1,1,0,2,1,0,7,3,9,1
1,18,4,0,1,0,3,3,0,9,1,1,1,0,0,4,2,1,0,3,1
1,18,4,1,1,0,3,0,0,2,1,1,1,5,0,1,0,1,2,4,1
9,20,4,1,1,0,3,0,0,5,1,1,1,5,0,0,5,0,0,13,1
8,15,0,0,1,3,3,0,1,9,1,1,1,0,0,1,0,6,3,8,1
10,15,2,0,1,0,3,1,0,12,1,1,1,0,0,1,0,7,3,11,1
8,20,4,1,1,0,3,3,0,11,1,1,1,0,0,1,0,3,6,5,1
2,18,4,1,0,0,3,0,0,15,1,1,1,0,0,1,5,5,0,2,0
1,17,4,0,0,0,3,1,0,2,1,1,0,0,0,0,5,0,0,0,1
1,15,4,0,1,0,3,0,0,2,1,1,1,0,0,1,0,2,3,4,1
11,18,4,1,1,2,3,0,0,12,1,1,1,2,2,1,5,0,0,0,1
7,15,4,1,1,0,3,0,0,2,1,1,1,7,0,1,0,6,6,6,1
2,18,4,1,0,0,3,1,0,14,1,1,1,0,0,1,0,2,6,4,1
15,10,0,1,1,4,3,0,1,0,1,1,1,7,2,1,0,6,3,10,1
6,18,4,0,1,3,3,3,1,5,1,1,1,0,0,1,5,0,0,0,1
12,19,0,1,1,3,3,0,1,0,1,1,1,0,2,1,0,6,11,10,1
9,14,0,0,1,0,3,0,0,2,1,1,1,0,0,1,0,6,8,7,1
12,18,4,0,1,0,3,0,0,2,1,1,1,7,2,1,0,6,4,9,1
8,21,4,1,1,0,3,0,0,16,1,1,1,5,0,3,0,6,2,7,0
3,20,4,0,1,0,3,1,0,2,1,1,1,0,0,1,0,3,4,5,1
10,20,4,1,1,0,3,3,0,0,1,1,1,0,0,1,0,6,4,12,1
10,17,4,0,1,0,3,0,0,0,1,1,1,0,0,1,0,6,6,11,1
9,15,0,1,1,0,1,2,0,6,1,1,1,6,0,9,2,4,0,14,1
11,19,4,1,0,0,3,3,0,0,1,1,0,1,2,1,0,3,3,5,1
7,18,4,0,1,3,3,0,1,2,1,1,1,0,0,1,0,2,5,4,1
1,17,4,1,1,0,3,3,0,16,1,1,1,0,0,3,0,2,5,4,0
8,15,4,1,1,0,3,0,0,5,1,1,1,0,0,0,5,0,0,0,1
15,22,0,0,1,0,3,1,0,0,1,1,1,0,2,1,0,9,6,14,1
5,20,4,0,1,0,3,1,0,15,1,1,1,0,0,1,5,0,0,0,0
10,18,0,1,1,0,3,1,0,0,1,1,1,0,0,1,0,5,4,5,0
14,17,0,1,1,0,3,1,0,1,1,1,1,0,2,1,0,8,3,13,1
12,15,4,0,1,0,3,1,0,0,1,1,1,0,2,1,5,0,0,8,1
3,13,4,0,0,4,3,0,1,15,1,1,1,0,0,1,5,0,0,0,0
1,18,4,0,1,0,3,0,0,2,1,1,1,1,0,9,2,0,0,0,1
4,20,4,0,1,0,3,3,0,2,1,1,1,0,0,6,0,3,5,7,1
11,20,4,0,1,0,3,1,0,10,1,1,1,8,2,7,0,9,0,13,0
10,20,4,1,1,0,3,0,0,2,1,1,1,5,0,1,0,6,8,8,1
0,18,4,0,1,0,3,0,0,2,1,1,1,5,0,0,5,0,0,0,0
14,20,0,0,1,4,3,3,1,8,1,1,1,5,2,1,0,2,0,7,0
0,13,4,1,1,0,3,0,0,8,1,1,1,0,0,1,1,2,0,2,1
14,19,0,0,1,4,3,0,1,1,1,1,1,1,2,5,0,6,5,7,1
8,19,0,1,1,4,3,0,1,1,1,1,1,0,0,1,0,6,3,12,1
9,18,4,0,1,4,3,0,1,0,1,1,1,7,0,7,0,5,10,9,1
5,19,4,1,1,0,3,3,0,2,1,1,1,7,0,0,5,0,0,2,1
6,20,4,1,1,0,3,1,0,12,1,1,1,0,0,1,0,6,2,11,1
2,14,4,0,0,0,3,0,0,2,1,1,0,7,0,1,2,6,0,4,1
3,18,4,0,1,0,1,0,0,16,1,1,1,0,0,1,5,0,0,0,1
2,15,4,0,1,0,3,0,0,7,1,1,1,7,0,1,5,0,0,0,1
15,18,4,0,1,0,3,3,0,2,1,1,1,0,2,1,0,4,5,3,1
14,20,4,1,1,0,3,3,0,11,1,1,1,5,2,1,0,8,0,13,0
14,21,4,1,1,4,3,0,1,11,1,1,1,5,2,1,0,6,8,14,0
9,20,0,0,1,0,3,0,0,1,1,1,1,0,0,6,5,0,0,0,1
3,13,4,0,1,0,3,0,0,15,1,1,1,0,0,1,5,0,0,0,0
15,20,4,1,0,0,3,1,0,0,1,1,0,0,2,0,5,0,0,0,1
1,18,4,0,1,0,3,3,0,2,1,1,1,1,0,1,0,3,6,4,1
2,0,4,1,1,4,3,0,1,9,1,1,1,7,0,0,5,0,0,0,1
7,19,4,0,1,0,3,1,0,2,1,1,1,0,0,1,0,3,8,5,1
15,20,0,1,1,0,3,1,0,1,1,1,1,0,2,1,5,3,0,3,1
4,21,4,1,1,4,3,1,0,11,1,1,1,0,0,1,0,9,5,11,1
2,18,4,0,1,0,3,1,0,2,1,1,1,0,0,3,0,1,4,4,1
6,20,4,0,1,0,2,0,0,10,1,1,1,0,0,1,0,6,5,13,1
3,15,4,0,1,0,3,1,0,5,1,1,1,8,0,1,0,6,6,8,1
13,18,4,1,1,0,3,3,0,11,1,1,1,0,2,1,0,9,0,6,0
14,20,0,0,1,0,3,1,0,0,1,1,1,0,2,1,0,8,11,14,1
6,20,4,1,1,4,3,0,1,2,1,1,1,5,0,1,0,6,5,10,0
0,18,4,0,1,0,3,0,0,16,1,1,1,0,0,0,5,0,0,0,0
11,15,4,0,1,0,3,0,0,0,1,1,1,1,2,1,0,6,6,9,1
14,21,0,0,1,0,3,3,0,0,1,1,1,0,2,1,5,0,0,13,0
9,18,4,0,1,0,3,0,0,0,1,1,1,0,0,1,0,6,10,14,1
7,20,4,0,1,0,3,3,0,2,1,1,1,5,0,0,5,0,0,0,1
4,15,4,1,1,0,3,0,0,2,1,1,1,7,0,1,0,6,11,4,1
2,18,4,0,1,4,3,0,1,0,1,1,1,7,0,1,0,7,6,7,1
2,18,4,1,1,0,3,1,0,2,1,1,1,0,0,0,5,0,0,0,1
7,19,4,1,1,0,3,3,0,0,1,1,1,5,0,4,0,1,8,3,1
4,15,4,0,1,0,3,3,0,11,1,1,1,0,0,1,0,4,7,7,1
6,19,4,0,1,0,3,1,0,12,1,1,1,0,0,1,5,2,0,5,1
2,18,4,1,1,0,3,0,0,4,1,1,1,5,0,1,0,1,8,1,1
2,20,4,0,1,0,3,0,0,2,1,1,1,0,0,1,0,9,10,14,1
14,15,4,1,0,0,3,1,0,0,1,0,1,8,0,4,2,5,0,5,0
14,19,4,0,1,0,3,1,0,0,1,1,1,0,2,7,0,9,0,14,1
1,18,4,0,1,0,0,3,0,16,1,1,1,0,0,5,3,8,1,2,1
2,15,4,1,1,3,3,0,1,2,1,1,1,7,0,0,5,0,0,0,1
0,15,4,0,1,0,3,3,0,2,1,1,1,8,0,0,5,0,0,0,1
12,20,0,1,1,0,3,1,0,1,1,1,1,0,2,1,0,7,8,12,0
7,20,4,0,1,0,3,0,0,12,1,1,1,8,0,1,0,7,4,9,1
6,19,0,1,1,4,3,0,1,8,1,1,1,0,0,1,0,3,9,7,1
6,20,4,0,1,0,3,0,0,14,1,1,1,0,0,1,0,6,4,8,1
12,22,4,1,1,3,3,0,1,0,1,1,1,0,2,1,0,6,4,12,1
10,13,4,0,1,0,3,0,0,15,1,1,1,0,0,1,5,0,0,2,1
8,18,0,1,1,0,3,0,0,1,1,1,1,0,0,1,0,6,6,9,1
7,21,0,0,1,0,0,1,0,1,1,1,1,0,0,5,3,5,2,12,1
10,18,0,0,1,0,3,0,0,1,1,1,1,0,0,1,0,6,3,12,1
6,20,4,0,1,0,3,0,0,5,1,1,1,5,0,1,5,1,0,2,0
15,18,4,1,1,0,3,0,0,2,1,1,1,7,2,0,5,0,0,0,1
15,22,4,0,1,0,3,1,0,11,1,1,1,0,2,1,0,9,0,14,0
4,18,4,0,1,0,3,3,0,2,1,1,1,0,0,1,0,2,2,4,0
15,15,4,0,1,0,3,0,0,15,1,1,1,7,2,0,5,0,0,0,1
2,19,4,0,1,0,3,3,0,2,1,1,1,5,0,3,0,3,2,6,1
2,18,4,1,1,0,3,1,0,11,1,1,1,7,2,3,0,3,7,6,1
0,17,4,1,1,0,3,0,0,2,1,1,1,7,0,0,5,0,0,0,0
12,17,0,0,1,3,3,3,1,1,1,1,1,0,2,1,0,7,8,14,1
4,19,4,1,1,4,3,1,1,16,1,1,1,0,0,1,5,0,0,0,1
11,18,4,0,1,0,3,0,0,12,1,1,1,0,2,1,0,4,3,9,1
2,17,4,1,1,0,3,3,0,4,1,1,1,0,0,0,5,0,0,0,1
4,15,4,1,1,0,3,0,0,2,1,1,1,0,0,1,0,1,4,2,1
13,15,0,1,1,2,3,0,0,1,1,1,1,1,2,1,0,5,6,14,1
9,20,4,0,1,3,3,1,1,2,1,1,1,0,0,1,0,4,10,6,1
10,20,4,1,1,0,3,0,0,0,1,1,1,0,0,1,0,1,3,4,1
11,15,0,1,1,4,3,0,1,0,1,1,1,0,2,1,0,4,1,6,0
4,18,4,0,1,0,3,1,0,2,1,1,1,8,0,1,0,3,4,8,1
6,19,0,0,1,0,3,1,0,8,1,1,1,0,0,1,0,3,9,6,1
10,19,4,0,1,0,3,0,0,2,1,1,1,7,0,1,0,6,4,10,1
12,19,0,0,1,0,3,0,0,0,1,1,1,0,2,1,0,6,1,11,1
6,17,4,0,1,0,3,1,0,2,1,1,1,0,0,1,0,6,2,10,1
0,17,4,1,1,0,3,0,0,16,1,1,1,1,0,3,5,1,0,1,0
15,21,0,1,1,0,3,0,0,0,1,1,1,0,2,1,0,8,2,13,1
8,15,0,1,1,0,3,0,0,1,1,1,1,0,0,2,5,0,0,0,1
4,20,4,1,1,0,3,0,0,2,1,1,1,5,0,1,0,2,2,4,0
0,18,4,1,1,0,3,1,0,16,1,1,1,8,0,1,5,2,0,3,1
10,10,4,0,1,4,3,0,1,12,1,1,1,7,0,1,0,6,5,8,1
4,20,4,1,1,0,3,1,0,2,1,1,1,8,0,6,5,0,0,0,0
2,16,4,0,0,0,3,1,0,2,1,1,0,0,0,0,5,0,0,0,1
5,18,4,0,1,0,3,0,0,0,1,1,1,0,0,2,0,6,1,10,1
5,17,0,0,1,0,3,0,0,1,1,1,1,0,0,1,0,6,3,10,1
11,20,4,1,1,0,3,3,0,0,1,1,1,5,2,2,0,4,0,9,0
5,18,0,0,1,0,3,1,0,0,1,1,1,0,0,1,0,9,11,12,1
14,20,0,1,1,0,3,1,0,1,1,1,1,0,2,1,0,5,1,5,1
7,17,4,0,1,0,3,3,0,2,1,1,1,7,0,1,0,4,2,10,1
10,17,4,1,1,4,3,0,1,9,1,1,1,0,0,1,0,6,5,7,1
1,15,4,1,1,3,3,3,1,2,1,1,1,5,0,1,0,3,6,3,1
1,18,4,1,1,0,3,1,0,2,1,1,1,0,0,3,5,1,0,4,1
4,18,4,1,1,0,3,0,0,14,1,1,1,0,0,1,0,4,10,9,1
1,17,4,0,0,0,3,1,0,2,0,1,1,7,0,1,0,4,6,2,1
2,15,4,0,1,0,3,3,0,2,1,1,1,0,0,0,5,0,0,0,0
2,18,4,0,1,3,0,0,1,16,1,1,1,0,0,5,3,9,2,7,1
11,19,4,1,1,0,3,0,0,2,1,1,1,7,2,1,0,6,2,5,1
6,20,4,1,1,0,3,3,0,2,1,1,1,5,0,1,0,5,8,8,1
11,18,0,1,1,0,3,0,0,8,1,1,1,7,2,4,0,2,1,5,0
10,20,4,0,1,4,3,0,1,14,1,1,1,1,0,1,0,9,6,7,0
9,20,4,1,1,3,3,0,1,0,1,1,1,5,0,5,5,6,0,13,0
7,21,0,1,1,0,3,0,0,1,1,1,1,7,0,1,0,6,8,13,1
8,16,0,1,1,0,3,0,0,1,1,1,1,7,0,0,5,0,0,4,1
10,19,0,0,1,0,3,1,0,2,1,1,1,0,0,1,0,4,5,14,1
15,15,0,0,1,0,2,1,0,16,1,1,1,0,2,5,3,6,1,5,1
9,13,4,0,1,0,3,0,0,2,1,1,1,0,0,1,5,0,0,0,1
4,20,4,1,1,0,3,0,0,2,1,1,1,5,0,3,5,1,0,1,1
0,16,4,0,1,0,3,0,0,2,1,1,1,0,0,0,5,0,0,0,1
12,19,4,0,0,0,3,1,0,2,0,1,0,0,2,1,0,0,5,9,1
13,20,0,1,1,0,3,1,0,0,1,1,1,7,2,1,0,6,5,13,0
12,15,4,0,1,3,3,0,1,0,1,1,1,7,2,1,5,0,0,0,1
7,18,4,1,1,0,3,0,0,12,1,1,1,0,0,2,0,3,8,8,0
10,18,4,0,1,0,1,1,0,16,1,1,1,0,0,5,3,6,7,7,1
11,20,4,1,1,0,3,0,0,0,1,1,1,1,2,3,2,1,0,4,1
7,19,0,1,1,0,3,0,0,1,1,1,1,0,0,1,0,1,6,6,1
6,11,4,1,1,0,3,3,0,11,1,1,1,0,0,1,0,1,4,2,1
13,15,0,1,1,0,3,0,0,1,1,1,1,0,2,1,5,0,0,0,1
14,22,0,0,1,0,3,1,0,1,1,1,1,0,2,1,0,6,6,14,1
11,20,4,1,1,4,3,0,1,0,1,1,1,5,2,1,0,6,4,10,1
4,19,0,0,1,0,0,3,0,16,1,1,1,0,0,5,3,6,0,9,1
14,19,4,1,1,0,3,0,0,14,1,1,1,0,2,1,0,4,2,10,1
4,18,4,1,1,4,3,0,1,2,1,1,1,5,0,1,5,0,0,0,1
10,21,0,0,1,0,3,1,0,0,1,1,1,0,0,1,0,7,8,14,1
10,20,0,0,1,0,0,1,0,0,1,1,1,0,0,5,3,9,3,12,0
9,20,4,1,1,0,3,0,0,14,1,1,1,0,0,1,0,6,6,10,1
5,17,0,0,1,3,3,0,1,2,1,1,1,5,0,0,5,0,0,10,1
9,21,4,1,1,0,3,1,0,0,1,1,1,0,0,2,5,4,0,14,0
7,17,4,1,1,0,3,1,0,2,1,1,1,0,0,0,5,0,0,4,1
0,15,4,0,1,0,3,1,0,15,1,1,1,7,0,1,5,6,0,1,1
5,20,4,0,1,0,3,1,0,2,1,1,1,7,0,1,0,4,5,4,1
15,20,0,1,1,0,3,1,0,0,1,1,1,5,2,1,0,6,3,13,1
12,18,4,0,1,3,3,0,1,0,1,1,1,0,2,1,0,4,8,4,1
13,12,4,0,1,0,3,0,0,2,1,1,1,0,2,1,2,0,0,9,1
5,15,4,0,1,3,3,0,1,0,1,1,1,5,0,1,0,6,11,4,1
4,18,4,1,1,0,3,0,0,2,1,1,1,0,0,2,0,6,3,8,1
0,18,4,0,1,0,3,0,0,2,1,1,1,0,0,3,0,2,8,5,1
6,20,0,0,1,4,3,0,1,0,1,1,1,5,0,1,0,1,6,14,1
7,20,4,0,1,0,3,0,0,0,1,1,1,0,0,1,0,7,0,9,0
14,18,4,0,1,4,3,0,1,2,1,1,1,7,2,1,0,6,4,7,1
5,18,4,0,1,0,3,2,0,0,1,1,1,0,0,1,0,6,1,4,1
8,15,4,0,1,0,3,0,0,2,1,1,1,7,0,1,0,4,4,10,1
8,17,4,0,1,0,3,0,0,2,1,1,1,0,0,1,0,6,3,12,1
14,15,0,1,1,0,3,0,0,1,1,1,1,0,2,1,0,2,3,4,1
11,14,4,0,1,0,3,3,1,9,1,1,1,8,2,1,0,3,1,7,1
10,18,0,1,1,0,3,0,0,2,1,1,1,0,0,3,0,2,7,5,1
7,21,4,1,1,2,3,3,0,2,1,1,1,0,0,1,0,2,3,3,1
4,12,3,0,1,0,3,3,0,0,1,1,1,0,0,1,0,6,5,9,1
12,21,0,0,1,0,3,1,0,1,1,1,1,0,2,1,0,6,6,14,1
10,12,0,0,1,4,3,0,1,0,1,1,1,7,0,1,5,0,0,0,1
0,18,4,0,0,0,3,0,0,2,1,1,0,0,0,1,5,3,0,3,1
0,15,4,1,0,0,3,2,0,0,1,1,0,7,0,0,5,0,0,4,1
12,21,0,0,1,0,3,0,0,0,1,1,1,5,2,1,2,6,0,14,1
5,15,4,0,0,0,3,0,0,2,1,1,0,1,0,1,0,2,10,4,1
13,20,4,1,1,0,3,1,0,2,1,1,1,0,2,1,0,8,11,13,1
1,18,4,0,1,0,3,3,0,2,1,1,1,7,0,1,0,5,1,9,1
6,19,0,1,1,0,3,1,0,0,1,1,1,0,0,1,0,4,5,6,1
2,13,4,0,0,4,3,0,1,2,1,1,1,0,0,1,5,2,0,4,1
2,17,4,0,0,0,3,0,0,16,1,1,0,0,0,1,0,2,6,4,1
11,5,4,0,1,3,3,0,1,4,1,1,1,5,2,0,5,0,0,0,1
9,17,4,0,1,0,0,0,0,16,1,1,1,0,0,5,3,9,2,8,1
6,20,4,0,1,3,3,3,1,0,1,1,1,0,0,1,0,6,4,13,1
5,18,4,1,1,0,3,3,0,16,1,1,1,0,0,1,5,0,0,0,1
5,20,4,0,1,0,3,0,0,2,1,1,1,0,0,1,0,9,6,9,0
15,23,0,0,1,0,3,0,0,1,1,1,1,7,2,1,0,8,11,14,0
2,19,4,1,1,0,3,1,0,2,1,1,1,0,0,0,5,0,0,0,1
10,19,0,1,1,0,1,1,0,8,0,1,1,0,0,1,0,6,8,9,1
7,18,0,1,1,0,3,0,0,1,1,1,1,1,0,5,0,6,3,6,1
9,20,4,0,1,0,3,0,0,12,1,1,1,0,0,1,0,6,10,6,1
0,15,4,1,1,0,3,0,0,2,1,1,1,0,0,1,0,5,1,6,0
11,18,0,0,1,0,3,0,0,1,1,1,1,0,2,2,0,6,2,9,1
3,15,0,1,1,0,3,0,0,8,1,1,1,0,0,0,5,0,0,0,1
15,23,0,1,1,3,3,3,1,1,1,1,1,5,2,0,5,0,0,4,1
8,13,4,0,1,0,3,1,0,7,1,1,1,0,0,0,5,0,0,0,1
1,14,4,0,1,4,3,0,1,12,1,1,1,5,0,0,5,0,0,0,1
2,18,4,0,1,0,3,0,0,2,1,1,1,5,0,1,0,1,2,2,1
6,15,4,0,1,0,3,3,0,14,1,1,1,7,0,4,0,2,3,6,1
8,19,0,1,1,0,3,3,0,0,1,1,1,7,0,1,0,6,11,13,1
5,18,0,1,0,0,3,1,0,14,1,1,1,0,2,1,5,0,0,0,1
14,20,0,1,1,0,3,0,0,2,1,1,1,0,2,1,0,4,5,4,1
5,22,0,1,1,0,3,0,0,1,1,1,1,0,0,2,0,6,8,13,1
3,19,4,1,1,0,3,0,0,0,1,1,1,0,0,1,0,3,1,5,0
13,12,4,0,0,2,3,0,0,0,1,1,0,0,2,1,1,0,0,4,1
0,18,4,0,1,3,3,3,1,2,1,1,1,5,0,1,0,6,4,4,0
1,17,4,1,1,0,3,3,0,16,1,1,1,0,0,1,5,2,0,2,0
1,18,4,0,1,4,3,0,1,2,1,1,1,0,0,1,0,4,6,5,1
5,19,4,0,1,0,3,1,0,2,1,1,1,8,0,1,0,5,5,7,1
13,18,0,0,1,3,3,0,1,0,1,1,1,0,2,3,0,4,10,8,1
7,20,4,0,1,0,3,0,0,0,1,1,1,0,0,2,2,6,0,8,1
8,18,4,1,1,0,3,1,0,7,1,1,1,2,0,1,5,0,0,0,1
4,15,4,1,0,0,3,2,0,2,1,1,0,6,0,0,5,0,0,3,1
13,15,0,1,1,0,3,1,0,1,1,1,1,0,2,1,0,6,6,12,1
15,22,4,0,1,3,3,0,1,11,1,1,1,0,2,3,0,6,4,12,1
2,18,4,0,1,0,3,0,0,2,1,1,1,0,0,1,0,4,3,6,1
14,20,0,0,1,0,3,0,0,0,1,1,1,5,2,1,0,8,1,10,1
7,15,0,1,1,3,3,0,1,1,1,1,1,0,0,1,1,6,0,6,1
4,19,4,0,1,4,3,0,1,0,1,1,1,5,0,1,0,6,10,10,0
11,21,0,0,1,0,3,1,0,0,1,1,1,0,2,1,0,9,4,10,0
1,15,4,0,0,0,3,0,0,15,0,0,1,5,0,0,5,0,0,2,0
3,20,4,0,1,0,3,1,0,2,1,1,1,0,0,1,0,3,4,3,1
7,22,4,1,1,3,3,0,0,16,1,1,1,0,0,1,0,9,2,11,1
14,11,2,1,1,4,3,1,1,0,1,1,1,0,2,1,0,9,1,2,1
4,18,4,1,1,0,3,0,0,2,1,1,1,0,0,6,0,1,4,3,1
2,14,4,0,1,4,3,0,1,12,1,1,1,7,0,1,0,2,3,4,0
6,20,4,0,1,4,3,0,1,2,1,1,1,5,0,1,0,6,11,8,1
4,20,4,1,1,0,3,0,0,2,1,1,1,5,0,4,2,0,0,0,1
8,15,0,0,1,0,3,3,0,2,1,1,1,0,0,1,0,6,4,9,1
13,11,0,0,1,4,3,0,1,15,1,1,1,7,2,1,5,9,0,0,1
6,21,0,1,1,0,3,0,0,0,1,1,1,0,0,1,0,6,2,12,1
8,13,4,0,1,0,3,1,0,0,1,1,1,0,0,1,0,8,2,13,0
14,23,4,1,1,4,3,0,1,0,1,1,1,0,2,7,0,6,5,7,1
7,20,4,1,1,0,3,1,0,0,1,1,1,0,0,1,0,6,3,14,0
10,18,4,1,1,0,3,1,0,14,1,1,1,0,0,1,0,4,8,7,1
14,19,4,0,1,0,3,0,0,14,1,1,1,0,2,7,0,6,6,9,1
14,18,4,1,1,0,3,0,0,2,1,1,1,5,2,1,5,0,0,11,1
1,14,4,0,1,4,3,3,1,11,1,1,1,5,0,1,0,2,10,5,0
5,15,4,0,1,0,3,3,0,5,1,1,1,0,0,1,2,6,0,6,1
8,20,4,1,1,0,3,3,0,12,1,1,1,0,0,1,0,3,9,6,0
0,15,4,0,1,0,3,3,0,2,1,1,1,0,0,1,2,1,0,2,1
1,18,4,1,1,0,3,0,0,0,1,1,1,0,0,0,5,0,0,0,0
15,18,0,1,1,0,3,0,0,0,1,1,1,7,2,3,0,4,2,5,1
13,19,0,0,1,0,0,0,0,0,1,1,1,5,2,5,0,8,6,9,0
10,17,4,0,1,0,3,0,0,2,1,1,1,0,0,1,0,4,3,8,1
11,20,4,0,1,2,3,1,0,2,1,1,1,0,2,1,0,4,6,2,1
13,15,0,0,1,3,3,0,1,15,1,1,1,0,2,0,5,0,0,0,1
12,15,4,0,1,0,3,0,0,2,1,1,1,0,2,1,0,4,4,4,1
15,23,0,1,1,0,3,3,0,1,1,1,1,0,2,1,0,6,4,13,1
14,18,4,0,1,0,3,0,0,0,1,1,1,0,2,7,2,5,0,9,1
2,18,4,0,1,0,3,0,0,16,1,1,1,1,0,1,5,8,0,2,1
15,21,0,0,1,0,3,3,0,0,1,1,1,0,2,1,0,8,4,13,1
9,21,0,1,1,4,3,0,1,1,1,1,1,5,0,1,0,6,8,5,0
0,17,4,1,0,0,3,1,0,2,1,0,0,8,0,6,5,1,0,2,1
8,18,4,0,1,0,3,3,0,2,1,1,1,0,0,1,0,6,4,3,1
9,19,0,1,1,0,3,1,0,2,1,1,1,0,0,3,0,6,0,6,1
13,18,4,0,1,0,3,0,0,11,1,1,1,5,2,1,0,6,10,10,1
12,17,4,0,1,0,3,0,0,0,1,1,1,7,2,2,0,6,4,10,1
2,17,4,0,1,0,3,3,0,2,1,1,1,0,0,1,0,2,8,6,1
2,15,4,0,1,4,3,3,0,11,1,1,1,0,0,1,5,4,0,5,1
9,20,4,0,1,0,3,3,0,11,1,1,1,0,0,1,0,9,0,13,0
14,22,0,1,1,0,3,0,0,0,1,1,1,0,2,1,0,4,9,14,1
4,18,0,0,1,0,3,0,0,9,1,1,1,0,0,0,5,0,0,0,1
7,19,4,1,1,0,3,0,0,0,1,1,1,0,0,7,1,9,0,6,1
15,20,0,1,0,0,3,0,0,1,1,1,0,0,2,1,0,5,10,8,1
10,15,4,1,1,0,3,0,0,2,1,1,1,0,0,1,0,6,5,9,1
5,20,4,0,1,0,3,1,0,2,1,1,1,8,0,7,2,1,0,2,1
12,18,4,0,1,0,3,1,0,9,1,1,1,0,2,1,0,4,3,3,1
6,20,0,1,1,4,3,0,1,0,1,1,1,0,0,1,0,6,2,10,0
8,18,4,1,1,0,3,3,0,2,1,1,1,8,0,6,0,2,0,3,1
4,18,4,0,1,0,3,0,0,15,1,1,1,0,0,1,5,0,0,0,0
5,22,4,1,1,3,3,0,1,0,1,1,1,0,0,1,0,6,2,8,1
8,20,4,1,1,0,3,1,0,0,1,1,1,5,0,1,0,6,10,13,0
14,8,0,0,1,4,3,0,1,0,1,1,1,0,2,1,0,6,3,12,1
7,17,4,1,1,0,3,1,0,0,1,1,1,0,0,6,0,6,6,5,1
5,20,4,1,1,0,3,0,0,2,1,1,1,0,0,1,0,5,3,5,1
3,18,4,0,1,0,3,3,0,14,1,1,1,0,0,1,0,6,4,9,0
4,18,4,1,1,0,3,0,0,4,1,1,1,0,0,1,0,6,4,7,1
3,18,4,1,1,0,3,1,0,0,1,1,1,0,0,1,0,2,1,5,1
4,20,4,0,1,0,3,0,0,3,1,1,1,1,0,2,0,6,1,10,1
3,18,4,1,1,0,3,1,0,2,1,1,1,8,0,1,0,6,2,8,0
14,15,4,0,1,0,3,1,0,0,1,1,1,0,2,1,0,9,11,13,1
0,17,4,0,1,0,3,3,0,2,1,1,1,8,0,1,5,0,0,0,1
14,19,4,0,1,0,3,1,0,12,1,1,1,0,2,1,0,6,6,10,1
2,17,4,0,1,0,3,3,0,9,1,1,1,0,0,0,5,0,0,0,1
8,14,4,1,0,0,3,0,0,7,1,1,0,8,0,1,5,0,0,3,1
8,20,4,1,1,0,3,2,0,0,1,1,1,0,0,1,0,6,2,7,1
0,15,4,1,1,0,3,0,0,2,1,1,1,0,0,3,0,3,6,3,1
8,15,4,0,1,0,3,1,0,0,1,1,1,0,0,1,0,8,2,11,1
7,20,0,0,1,0,3,0,0,0,1,1,1,0,0,1,0,7,2,9,0
13,17,4,0,1,0,3,0,0,12,1,1,1,0,2,4,0,6,6,10,1
11,19,4,1,1,0,3,0,0,12,1,1,1,0,2,1,0,2,3,8,1
10,17,4,0,1,0,1,0,0,0,1,1,1,0,0,1,0,6,8,12,0
5,0,4,0,0,0,3,3,1,9,1,1,1,0,0,1,0,6,4,6,0
11,16,4,0,0,0,3,3,0,13,1,0,0,8,2,2,0,6,2,11,0
12,20,4,1,1,2,3,0,0,3,1,1,1,1,2,1,0,9,8,13,1
12,21,4,1,1,0,3,3,0,0,1,1,1,8,2,2,0,6,2,13,1
9,11,3,0,1,0,3,0,0,1,1,1,1,0,0,1,0,6,2,6,1
11,20,4,1,1,0,3,0,0,2,1,1,1,5,2,3,0,6,10,12,1
10,20,4,0,1,0,2,0,0,3,1,1,1,1,0,5,3,6,2,13,1
9,15,4,1,1,4,3,0,1,5,1,1,1,7,0,1,0,6,4,8,1
3,20,4,1,1,0,3,1,0,2,1,1,1,0,0,1,0,2,1,2,1
13,15,0,0,1,3,3,0,1,0,1,1,1,5,2,1,0,6,4,8,1
12,20,4,1,0,3,3,2,1,0,1,1,0,1,2,5,4,6,1,6,0
1,15,4,0,1,0,3,0,0,2,1,1,1,7,0,1,0,6,6,9,1
0,18,4,1,1,0,3,0,0,8,1,1,1,0,0,1,0,1,0,1,1
6,20,0,1,0,3,3,0,1,2,1,1,1,5,0,0,5,0,0,0,1
1,15,4,0,1,3,3,0,1,2,1,1,1,5,0,0,5,0,0,0,1
13,20,0,0,1,3,3,0,1,0,1,1,1,5,2,3,0,8,7,12,0
0,18,4,1,1,0,3,1,0,2,1,1,1,0,0,2,0,1,2,3,1
10,18,4,1,1,0,3,1,0,0,1,1,1,0,0,1,0,4,1,4,1
2,18,4,0,1,0,3,2,0,2,1,1,1,8,0,1,0,3,6,4,1
10,20,4,1,1,0,3,0,0,11,1,1,1,0,0,1,0,6,8,12,1
9,20,4,0,1,0,3,1,0,2,1,1,1,0,0,1,0,8,6,11,1
6,18,4,0,0,0,3,2,0,0,1,1,0,6,0,1,0,5,10,8,1
4,15,4,0,1,0,3,3,0,2,1,1,1,0,0,1,0,2,3,2,1
11,19,0,1,1,0,3,1,0,0,1,1,1,0,2,3,0,8,3,11,1
15,21,0,1,1,4,3,0,1,0,1,1,1,0,2,6,0,8,11,14,1
12,21,4,0,1,0,3,1,0,2,1,1,1,8,2,1,0,2,3,4,0
1,18,4,1,1,4,3,0,1,10,1,1,1,5,0,0,5,0,0,0,0
13,12,4,0,1,2,3,3,0,12,1,1,1,0,2,1,0,0,11,13,1
13,0,4,1,1,4,3,3,1,9,1,1,1,5,2,0,5,0,0,0,1
1,18,4,1,1,0,3,0,0,2,1,1,1,8,0,1,0,2,1,8,1
4,15,4,0,1,0,3,0,0,15,1,1,1,0,0,0,5,0,0,1,0
14,23,2,1,1,0,3,1,0,5,1,1,1,0,2,0,5,0,0,10,1
3,15,4,0,1,0,3,0,0,2,1,1,1,0,0,1,1,8,0,6,1
10,21,0,1,1,0,3,0,0,0,1,1,1,0,0,2,0,6,2,14,1
11,15,0,0,1,0,3,0,0,1,1,1,1,8,2,1,0,8,8,12,1
7,13,4,1,1,0,3,0,0,2,1,1,1,0,0,1,0,6,2,12,1
8,20,4,1,1,0,3,1,0,2,1,1,1,0,0,1,0,6,5,9,1
1,17,4,1,1,0,3,0,0,0,1,1,1,5,0,1,1,3,0,8,1
8,20,4,0,1,0,3,0,0,5,1,1,1,0,0,3,0,9,3,13,1
5,20,4,1,1,0,3,1,0,2,1,1,1,0,0,1,0,6,10,9,1
11,20,4,1,1,0,3,0,0,0,1,1,1,7,2,1,0,8,3,11,0
12,20,0,0,1,0,3,0,0,0,1,1,1,0,2,1,0,8,6,14,0
4,15,4,0,1,0,3,0,0,2,1,1,1,1,0,0,5,0,0,5,1
0,15,4,0,1,0,0,3,0,16,1,1,1,0,0,5,3,9,1,6,1
14,18,2,0,0,0,3,2,0,0,1,1,1,0,2,0,5,0,0,0,1
15,20,0,1,1,0,3,0,0,1,1,1,1,5,2,0,5,0,0,0,1
6,18,4,1,1,4,3,0,1,2,1,1,1,0,0,1,5,0,0,0,0
0,14,4,0,1,4,3,0,1,5,1,1,1,7,0,1,5,3,0,2,0
3,18,4,1,1,0,3,1,0,2,1,1,1,0,0,1,0,2,8,4,0
3,19,4,0,1,0,0,1,0,16,1,1,1,0,0,5,3,9,2,7,1
10,18,4,0,1,0,3,1,0,4,1,1,1,0,0,1,0,5,4,4,1
7,15,4,1,1,0,3,0,0,12,1,1,1,0,0,1,0,6,8,11,1
9,20,4,1,1,0,3,3,0,11,1,1,1,8,0,1,2,6,0,5,1
7,19,4,0,1,4,3,0,1,0,1,1,1,0,0,1,0,6,10,4,1
12,20,0,1,1,0,3,3,0,0,1,1,1,0,2,2,0,2,10,12,1
15,13,4,0,1,0,3,0,0,12,1,1,1,1,2,1,3,6,0,13,1
9,20,4,0,1,0,3,0,0,2,1,1,1,5,0,1,0,9,8,14,1
10,21,0,1,1,0,3,0,0,1,1,1,1,0,0,1,0,6,6,9,1
10,15,4,0,1,0,3,1,0,12,1,1,1,0,0,1,0,6,4,5,1
10,14,0,0,1,0,3,0,0,0,1,1,1,0,0,1,0,6,8,12,0
7,15,4,1,1,0,3,3,0,2,1,1,1,0,0,1,0,6,11,5,1
10,15,0,1,1,3,1,0,1,1,1,1,1,5,0,1,0,7,11,10,1
12,18,4,0,1,0,3,0,0,2,1,1,1,1,2,2,0,8,11,12,1
11,13,4,1,1,0,3,3,0,0,1,1,1,0,2,6,5,0,0,0,1
2,19,4,0,1,0,3,1,0,16,1,1,1,0,0,1,0,4,6,6,0
13,19,4,1,1,3,3,0,1,0,1,1,1,5,2,1,5,0,0,0,1
8,20,4,0,1,0,3,3,0,2,1,1,1,0,0,1,0,6,6,7,1
3,15,4,1,1,0,3,0,0,2,1,1,1,7,0,1,0,2,2,2,1
1,17,2,0,1,0,3,2,0,7,1,1,1,2,0,1,2,6,3,5,1
14,18,4,0,1,0,3,0,0,4,1,1,1,5,2,1,0,5,8,9,1
8,17,4,1,1,0,3,0,0,0,1,1,1,0,0,0,5,0,0,0,1
11,20,0,0,1,0,3,1,0,1,1,1,1,0,2,1,0,6,11,11,1
15,21,0,1,1,0,3,0,0,1,1,1,1,0,2,1,0,6,4,13,0
7,20,4,0,1,0,3,0,0,0,1,1,1,0,0,1,0,6,2,9,1
14,15,0,0,0,0,3,0,0,0,1,1,0,0,2,0,5,0,0,0,1
13,15,0,1,1,4,3,0,1,1,1,1,1,0,2,1,0,6,6,10,0
3,14,4,1,1,4,3,3,1,11,1,1,1,5,0,7,0,6,3,4,1
14,18,4,0,1,4,3,0,1,12,1,1,1,7,2,1,0,7,3,13,1
4,18,4,1,1,0,1,1,0,0,1,1,1,7,0,1,0,4,7,7,1
6,21,4,0,1,4,3,0,1,0,1,1,1,5,0,1,0,9,5,14,0
1,18,4,0,1,0,3,3,0,16,1,1,1,0,0,2,0,1,6,3,0
9,15,4,1,1,3,3,0,1,2,1,1,1,7,0,3,0,6,6,6,1
1,18,4,0,1,0,3,0,0,2,1,1,1,7,0,1,0,2,2,4,1
2,15,4,0,0,0,3,0,0,2,1,1,0,0,0,0,5,0,0,4,1
11,18,4,0,1,0,3,0,0,7,1,1,1,7,2,1,0,3,2,6,1
15,19,0,1,1,0,3,1,0,0,1,1,1,0,2,1,0,6,8,11,1
11,20,0,1,1,0,3,1,0,1,1,1,1,0,2,1,0,6,10,11,1
4,21,4,0,1,0,3,0,0,11,1,1,1,0,0,2,0,6,4,13,0
13,18,0,1,1,0,3,1,0,0,1,1,1,0,2,4,0,2,4,6,1
10,23,0,1,1,0,3,3,0,5,1,1,1,0,0,1,5,6,0,3,1
10,18,4,0,1,0,3,0,0,11,1,1,1,0,0,4,0,6,4,11,1
8,20,4,1,1,0,3,1,0,2,1,1,1,0,0,1,0,3,6,2,1
9,20,0,1,1,0,3,1,0,1,1,1,1,0,0,7,5,9,0,14,0
7,22,4,1,1,0,3,0,0,0,1,1,1,0,0,2,0,4,6,8,1
8,20,4,1,1,0,3,0,0,2,1,1,1,0,0,1,0,6,6,5,1
8,20,4,1,1,4,3,0,1,0,1,1,1,5,0,1,0,6,6,14,1
10,18,0,0,1,0,3,3,0,0,1,1,1,0,0,1,0,6,3,14,1
15,23,0,0,1,0,3,0,0,0,1,1,1,0,2,1,0,6,7,14,1
11,18,4,0,1,0,3,0,0,0,1,1,1,7,2,7,0,6,3,9,1
15,15,4,0,1,0,3,0,0,7,1,1,1,0,2,1,0,6,1,6,1
9,20,4,0,1,4,3,0,1,2,1,1,1,5,0,1,0,6,8,8,1
2,18,4,0,1,0,3,1,0,16,1,1,1,8,0,1,0,2,1,2,1
15,21,0,1,1,3,3,0,1,1,1,1,1,5,2,3,0,6,6,13,1
5,14,4,0,0,0,3,1,0,15,1,1,0,8,0,1,5,0,0,0,0
14,18,4,1,1,0,3,0,0,2,1,1,1,0,2,2,0,4,4,6,1
10,20,0,1,1,0,3,1,0,2,1,1,1,0,0,1,0,6,4,7,1
5,17,4,0,1,0,3,0,0,2,1,1,1,0,0,1,0,6,5,10,1
2,19,4,0,1,3,3,0,1,2,1,1,1,5,0,0,5,0,0,0,1
10,20,0,1,1,4,3,0,1,1,1,1,1,0,0,1,0,6,3,14,0
6,18,4,1,1,0,3,3,0,16,1,1,1,1,0,1,0,8,1,8,1
10,20,4,1,1,0,3,0,0,11,1,1,1,0,0,4,0,9,4,14,1
9,15,4,0,1,3,3,0,1,0,1,1,1,0,0,9,2,0,0,13,1
13,20,4,0,1,0,3,0,0,0,1,1,1,5,2,1,0,3,6,14,0
7,18,4,0,1,0,3,0,0,4,1,1,1,5,0,1,0,6,8,9,1
11,15,4,1,0,0,3,0,0,2,1,1,0,8,2,1,2,0,0,0,1
12,19,4,0,1,0,3,0,0,14,1,1,1,0,2,1,0,4,6,7,1
11,20,0,1,1,0,3,0,0,0,1,1,1,0,2,2,5,6,0,7,0
10,20,0,1,1,0,3,0,0,0,1,1,1,0,0,0,5,0,0,0,1
13,18,4,1,1,0,3,0,0,2,1,1,1,0,2,2,0,6,11,8,1
3,15,4,0,1,0,3,3,0,2,1,1,1,0,0,0,5,0,0,3,1
12,20,0,0,1,3,3,2,1,8,1,1,1,0,2,1,0,6,3,7,1
5,20,4,0,1,0,3,0,0,2,1,1,1,5,0,1,0,4,1,2,1
13,21,0,1,1,0,3,0,0,1,1,1,1,0,2,2,0,7,4,11,0
14,15,2,1,1,0,1,1,0,0,1,1,1,0,2,1,5,0,0,0,0
11,15,4,0,1,0,3,0,0,14,1,1,1,0,2,1,0,6,4,9,1
3,18,4,1,1,0,3,3,0,2,1,1,1,0,0,1,0,6,6,6,1
12,15,4,0,1,0,3,0,0,12,1,1,1,7,2,1,0,9,4,8,0
5,15,4,0,1,0,3,1,0,2,1,1,1,0,0,0,5,0,0,0,1
8,18,4,1,1,4,3,0,1,5,1,1,1,7,0,1,0,8,3,9,1
14,18,0,1,1,0,3,2,0,8,1,1,1,7,2,6,0,6,3,7,0
12,19,0,0,1,4,3,0,1,0,1,1,1,5,2,1,0,9,6,11,0
9,15,0,0,1,4,3,0,1,0,1,1,1,0,0,1,2,2,0,5,0
11,20,0,0,1,4,3,0,1,0,1,1,1,5,2,1,0,6,8,10,1
6,15,4,0,1,4,3,0,1,7,1,1,1,7,0,1,0,2,6,4,0
1,18,4,1,1,0,3,0,0,2,1,1,1,0,0,0,5,0,0,0,0
9,20,0,1,1,0,3,0,0,0,1,1,1,0,0,4,0,6,4,12,1
5,20,0,1,1,0,3,0,1,9,1,1,1,8,0,6,0,2,4,4,0
6,17,4,0,1,0,3,1,0,11,1,1,1,0,0,1,0,6,4,12,0
8,18,0,1,1,0,3,0,0,8,1,1,1,7,0,1,0,7,2,8,1
13,8,1,0,0,2,3,3,0,13,1,0,0,1,2,9,2,0,0,13,0
11,20,4,1,1,3,3,0,1,0,1,1,1,5,2,3,0,1,4,4,0
7,20,4,1,1,3,3,0,1,0,1,1,1,5,0,1,0,6,2,13,1
15,15,0,0,1,3,3,0,1,9,1,1,1,0,2,4,0,9,10,5,1
1,15,4,1,1,0,3,1,0,12,1,1,1,0,0,1,0,5,5,5,1
2,17,4,1,1,0,3,3,0,11,1,1,1,0,2,3,5,0,0,6,0
10,8,4,0,1,4,3,0,1,5,1,1,1,7,0,1,0,6,4,6,1
8,15,4,1,1,0,3,0,0,2,1,1,1,7,0,1,0,6,2,7,1
6,15,4,0,1,0,3,0,0,7,1,1,1,0,0,0,5,0,0,4,1
1,18,4,0,0,0,3,3,0,16,1,1,0,0,0,1,5,3,0,5,1
8,19,4,0,1,0,3,0,0,0,1,1,1,0,0,1,0,2,9,2,1
3,19,4,0,1,0,3,0,0,9,1,1,1,7,0,3,1,6,0,11,1
4,20,4,1,0,0,3,0,0,0,1,1,0,0,0,1,0,6,3,3,0
15,15,0,1,1,0,3,3,0,1,1,1,1,0,2,1,5,0,0,0,1
10,18,4,0,1,0,3,0,0,11,1,1,1,0,0,1,0,4,3,4,0
8,18,4,1,0,0,3,0,0,2,1,1,0,1,0,0,5,0,0,0,1
0,12,4,0,1,0,3,0,0,16,1,1,1,0,0,0,5,0,0,0,1
11,20,4,0,1,3,3,0,1,0,1,1,1,5,2,1,0,6,1,13,1
7,20,4,1,1,4,3,0,1,0,1,1,1,5,0,1,2,5,0,5,1
4,18,4,0,1,0,3,0,0,0,1,1,1,0,0,1,0,6,4,6,0
8,20,4,1,1,0,3,0,0,0,1,1,1,0,0,1,1,9,0,12,1
11,20,4,0,1,0,3,0,0,0,1,1,1,5,2,1,0,6,10,11,1
11,20,4,1,1,0,3,1,0,0,1,1,1,0,2,1,0,8,8,11,1
4,20,4,1,1,0,3,0,0,4,1,1,1,5,0,1,0,6,3,12,1
4,20,0,1,1,0,3,0,0,0,1,1,1,5,0,1,0,7,7,12,0
9,14,4,0,1,4,3,3,1,11,1,1,1,8,0,1,0,2,10,6,1
0,18,4,0,1,0,3,3,0,16,1,1,1,0,0,1,5,2,0,4,0
11,14,0,0,1,0,3,0,0,0,1,1,1,0,2,1,0,3,7,8,1
4,19,4,0,1,0,3,1,0,2,1,1,1,0,0,3,0,6,10,12,1
7,20,4,0,1,3,3,0,1,2,1,1,1,5,0,1,0,6,6,10,1
11,17,4,0,1,0,3,0,0,2,1,1,1,0,2,2,0,6,3,12,1
11,16,0,1,1,0,3,0,0,1,1,1,1,0,2,0,5,0,0,4,0
5,17,4,0,1,0,3,0,0,2,1,1,1,0,0,0,5,0,0,0,0
12,21,4,0,1,0,3,1,0,0,1,1,1,0,2,7,0,8,3,13,1
14,20,4,0,1,0,3,1,0,2,1,1,1,0,2,6,0,6,5,7,1
9,17,4,1,1,0,3,0,0,5,1,1,1,0,0,1,0,6,3,4,1
2,15,4,0,1,2,3,1,0,0,1,1,1,8,0,1,0,6,6,14,1
2,18,4,0,1,0,3,0,0,2,1,1,1,0,0,3,0,2,3,3,1
1,15,4,1,1,0,3,3,0,2,1,1,1,0,0,1,0,5,2,2,1
15,20,4,0,1,0,3,1,0,0,1,1,1,0,2,6,0,6,0,9,1
11,18,4,0,0,0,3,1,0,2,1,1,0,0,2,1,5,4,0,4,1
8,18,4,1,1,0,3,0,0,12,1,1,1,0,0,0,5,0,0,0,1
13,20,4,0,1,4,3,0,1,0,1,1,1,5,2,1,0,9,3,14,1
3,15,4,0,1,4,3,0,1,2,1,1,1,5,0,0,5,0,0,0,1
12,19,2,1,1,0,3,0,0,12,1,1,1,0,2,1,0,7,8,11,1
11,17,0,1,1,0,3,0,0,0,1,1,1,0,2,1,2,6,0,8,1
12,16,4,0,1,0,3,0,0,0,1,1,1,7,2,1,0,6,6,10,1
13,15,0,0,1,3,3,0,1,1,1,1,1,0,2,1,0,6,3,11,0
9,17,0,1,1,0,3,0,0,1,1,1,1,7,0,1,0,5,6,10,0
8,20,4,0,1,0,3,3,0,12,1,1,1,7,0,1,0,9,2,14,1
7,18,4,0,1,0,3,0,0,2,1,1,1,0,0,1,0,8,3,6,1
5,20,4,0,1,0,1,0,0,2,1,1,1,0,0,5,0,6,5,11,1
15,18,0,0,0,0,3,0,0,2,0,1,1,7,2,1,0,6,6,5,1
12,20,4,1,1,0,3,0,0,0,1,1,1,5,2,1,0,8,2,14,1
4,15,4,0,1,2,3,0,0,2,1,1,1,2,0,6,0,4,6,3,1
11,22,0,1,1,4,3,0,1,1,1,1,1,0,2,2,0,6,6,7,1
14,19,4,0,1,0,3,0,0,16,1,1,1,5,2,1,0,2,11,3,0
15,20,4,0,1,3,3,0,1,9,1,1,1,5,2,1,0,6,4,14,1
10,20,4,1,1,0,3,0,0,2,1,1,1,1,0,1,0,6,6,13,1
12,15,4,1,1,0,3,1,0,2,1,1,1,0,2,0,5,0,0,0,1
14,8,1,0,1,4,3,0,1,14,1,1,1,1,2,1,0,9,2,14,1
10,20,0,1,1,0,3,0,0,0,1,1,1,0,0,1,0,8,6,12,0
11,20,0,1,1,0,3,0,0,1,1,1,1,0,2,1,0,6,3,10,1
2,19,4,0,1,4,3,0,1,11,1,1,1,5,0,0,5,0,0,0,1
0,1,4,1,0,4,2,3,1,6,0,1,0,6,0,0,4,6,8,7,0
10,12,4,0,1,0,3,0,0,15,1,1,1,1,0,1,5,0,0,1,0
0,15,4,0,1,0,3,0,0,16,1,1,1,5,0,1,5,1,0,1,1
12,15,4,0,1,4,3,0,1,0,1,1,1,0,2,0,5,0,0,0,0
3,13,0,0,1,4,3,0,1,8,1,1,1,0,0,1,0,6,8,5,1
8,14,0,1,1,4,3,0,1,2,1,1,1,5,0,0,5,0,0,0,1
12,20,4,1,1,0,3,0,0,11,1,1,1,0,2,1,0,9,6,14,0
7,18,4,0,1,0,3,0,0,2,1,1,1,1,0,1,2,0,0,0,1
1,18,4,0,1,0,3,3,0,2,1,1,1,0,0,2,0,2,4,2,1
2,15,4,0,1,4,3,0,0,16,1,1,1,0,0,1,0,6,5,11,1
15,20,0,1,1,4,3,0,1,1,1,1,1,0,2,1,0,7,1,14,1
2,19,4,0,1,0,3,0,0,0,1,1,1,0,0,1,0,9,3,14,1
1,18,4,1,1,0,3,0,0,16,1,1,1,1,0,1,0,2,10,2,1
13,0,4,0,1,0,3,0,0,12,1,1,1,0,2,1,0,3,3,6,1
11,14,4,1,1,0,3,3,0,12,1,1,1,0,2,1,0,6,10,8,0
7,4,0,0,1,4,3,0,1,0,1,1,1,7,0,2,0,7,2,10,1
8,0,4,1,1,0,3,0,0,2,1,1,1,1,0,1,0,8,4,6,1
2,19,4,1,1,0,3,1,0,0,1,1,1,0,0,6,5,1,0,3,1
14,15,0,1,1,0,3,3,0,8,1,1,1,0,2,1,0,6,6,6,1
11,20,4,0,1,0,3,0,0,0,1,1,1,1,2,3,0,6,3,11,0
4,18,4,1,1,0,3,0,0,5,1,1,1,0,0,1,0,6,2,12,1
0,15,4,1,1,4,3,0,1,9,1,1,1,5,0,1,5,1,0,1,0
15,18,0,0,1,0,3,3,0,1,1,1,1,0,2,1,0,2,2,2,1
0,18,4,0,1,0,3,0,0,2,1,1,1,0,0,0,5,0,0,0,1
9,19,4,0,1,3,3,0,1,2,1,1,1,5,0,0,5,0,0,0,1
9,21,0,1,1,0,3,0,0,1,1,1,1,0,0,3,0,4,2,10,1
5,15,4,0,1,4,3,0,1,2,1,1,1,0,0,1,0,6,4,6,1
7,20,4,1,1,0,3,1,0,0,1,1,1,8,0,5,2,6,0,5,0
4,15,4,0,1,4,3,3,1,14,1,1,1,5,0,0,5,0,0,0,1
11,20,4,1,1,2,3,1,0,2,1,1,1,0,2,1,5,0,0,0,1
5,20,4,0,1,0,3,1,0,2,1,1,1,0,0,1,0,8,2,6,1
7,20,0,1,1,0,3,1,0,1,1,1,1,0,0,1,0,6,3,11,0
1,14,4,0,0,4,3,0,1,16,1,1,0,5,0,0,5,0,0,0,1
2,17,4,1,1,0,3,3,0,7,1,1,1,0,0,1,2,0,0,0,0
0,15,4,1,1,4,3,0,1,9,1,1,1,0,0,0,5,0,0,0,1
13,21,0,1,1,0,3,1,0,2,1,1,1,0,2,1,0,6,5,13,1
2,16,4,0,1,0,3,0,0,15,1,1,1,7,0,0,5,0,0,0,1
7,15,4,0,1,0,3,0,0,12,1,1,1,7,0,1,0,5,6,9,1
11,18,4,1,1,0,3,0,0,2,1,1,1,1,2,1,0,2,3,5,1
11,20,0,1,1,0,3,0,0,0,1,1,1,5,2,1,0,6,3,11,1
11,8,0,1,0,2,3,3,1,13,1,0,0,8,2,6,0,1,4,3,0
13,18,4,0,1,0,3,0,0,2,1,1,1,0,2,0,5,0,0,0,1
8,15,4,1,1,0,3,1,0,7,1,1,1,0,0,1,0,6,4,9,1
2,15,4,1,0,0,3,1,0,2,1,1,1,0,0,1,0,2,2,4,1
0,13,4,0,1,0,3,0,0,10,1,1,1,0,0,1,0,6,2,6,1
14,19,4,1,1,0,3,0,0,0,1,1,1,7,2,1,0,6,6,13,0
4,12,4,0,1,0,3,0,0,15,1,1,1,1,0,1,5,0,0,1,0
5,15,4,0,1,3,3,0,1,2,1,1,1,5,0,0,5,0,0,0,1
6,20,4,1,1,0,3,0,0,11,1,1,1,5,0,1,0,6,0,11,1
7,10,4,0,1,0,3,0,0,2,1,1,1,8,0,5,0,6,8,8,1
5,19,4,0,1,0,3,0,0,12,1,1,1,1,0,1,0,6,10,4,1
4,17,4,0,1,0,3,0,0,15,1,1,1,7,0,0,5,0,0,1,0
0,18,4,0,1,0,3,3,0,2,1,1,1,0,0,0,5,0,0,0,1
7,20,4,1,1,0,3,1,0,0,1,1,1,0,0,1,0,6,6,10,0
7,19,4,0,1,0,3,0,0,12,1,1,1,7,0,1,0,6,3,11,1
1,15,4,0,1,0,3,1,0,12,1,1,1,0,0,1,0,7,3,13,1
15,21,0,1,1,0,3,2,0,0,1,1,1,0,2,1,0,9,3,14,1
1,15,4,0,1,0,3,0,0,2,1,1,1,7,0,1,5,2,0,4,1
12,20,4,1,1,3,3,0,1,2,1,1,1,5,2,1,0,1,3,2,1
6,18,4,0,1,3,3,0,1,2,1,1,1,0,0,0,5,0,0,0,1
11,17,0,0,1,3,3,0,1,1,1,1,1,0,2,1,0,4,2,8,1
0,17,4,0,1,0,3,0,0,2,1,1,1,0,0,0,5,0,0,2,1
8,20,0,0,1,0,3,0,0,0,1,1,1,8,0,1,1,9,0,10,0
1,18,4,1,1,0,3,1,0,2,1,1,1,7,0,1,0,3,3,3,1
8,19,0,1,1,0,3,3,0,1,1,1,1,0,0,1,0,6,8,11,1
14,17,0,0,1,0,3,1,0,1,1,1,1,0,2,1,0,7,2,9,1
8,18,4,0,1,0,3,3,0,2,1,1,1,0,0,3,5,0,0,2,1
0,18,4,1,1,0,3,2,0,2,1,1,1,0,0,1,0,3,9,2,1
6,18,4,1,1,3,3,0,1,2,1,1,1,5,0,1,0,4,6,6,1
3,18,4,1,1,0,3,1,0,0,1,1,1,0,0,0,5,0,0,0,1
7,15,4,0,1,0,3,0,0,7,1,0,1,7,0,7,2,6,0,9,1
6,15,4,1,1,4,3,0,1,12,1,1,1,0,0,4,0,4,6,5,0
1,14,4,0,1,0,3,0,0,2,1,1,1,5,0,1,2,0,0,0,1
12,15,0,1,1,4,3,0,1,0,1,1,1,7,2,1,5,0,0,0,1
10,20,2,1,1,0,3,1,0,2,1,1,1,5,0,3,0,6,4,5,1
8,19,0,1,1,4,3,0,1,1,1,1,1,5,0,0,5,0,0,0,1
0,15,4,1,1,3,3,0,1,16,1,1,1,5,0,1,5,6,0,2,0
5,15,4,1,1,0,3,3,0,2,1,1,1,1,0,1,0,5,3,10,1
4,18,0,1,0,0,1,3,0,14,1,1,1,0,2,0,5,0,0,10,0
13,20,4,1,1,0,3,0,0,0,1,1,1,0,2,5,0,6,9,11,0
14,20,4,0,1,0,2,0,0,0,1,1,1,1,2,5,0,8,4,13,1
1,14,4,0,1,0,3,3,0,16,1,1,1,7,0,1,0,9,10,7,1
10,17,0,0,1,0,3,0,0,8,1,1,1,0,0,1,0,7,1,5,1
2,15,4,0,1,0,0,0,0,16,1,1,1,1,0,5,3,8,2,7,1
1,17,4,0,1,4,3,0,0,11,1,1,1,7,0,1,0,4,5,5,1
7,19,4,1,1,0,3,0,0,7,1,1,1,1,0,1,0,6,1,3,1
12,4,0,0,1,1,1,2,1,9,1,0,1,8,0,6,0,4,10,0,1
7,15,4,0,1,0,3,0,0,2,1,1,1,0,0,1,0,6,3,14,1
15,21,0,0,1,3,3,0,1,0,1,1,1,5,2,4,0,6,9,12,0
7,22,4,1,1,0,3,0,0,0,1,1,1,0,0,1,1,7,0,11,1
13,20,0,1,1,3,3,0,1,0,1,1,1,7,2,1,0,6,2,13,0
6,20,4,1,1,0,3,0,0,2,1,1,1,5,0,0,5,0,0,0,1
12,15,4,0,1,0,3,0,0,2,1,1,1,0,2,1,0,6,4,5,0
3,15,4,0,0,0,3,1,0,2,1,1,0,0,0,0,5,0,0,4,1
3,18,0,0,1,0,3,0,0,8,1,1,1,0,0,5,0,7,2,5,1
3,18,4,0,1,0,3,3,0,11,1,1,1,0,0,1,1,7,0,11,1
10,16,4,0,1,4,3,3,1,11,1,1,1,5,0,1,0,6,10,10,1
7,16,4,0,1,4,3,0,1,0,1,1,1,5,0,1,0,6,1,4,0
14,20,4,1,1,0,3,0,0,12,1,1,1,0,2,1,0,6,8,13,1
11,21,0,1,1,3,3,0,1,1,1,1,1,5,2,0,5,0,0,0,1
2,17,4,1,1,0,3,0,0,0,1,1,1,1,0,1,2,2,0,4,1
10,20,4,1,1,0,3,0,0,2,1,1,1,0,0,1,0,6,10,9,1
10,20,4,1,1,0,3,1,0,12,1,1,1,0,0,1,0,6,3,12,1
5,15,4,1,1,0,3,0,0,10,1,1,1,5,0,1,0,6,10,1,1
9,20,0,1,1,0,3,0,0,0,1,1,1,0,0,1,0,6,3,13,0
4,12,4,1,1,0,3,0,0,12,1,1,1,2,0,6,2,0,0,0,1
13,15,4,1,1,0,3,1,0,2,1,1,1,8,2,1,0,6,2,6,1
15,18,4,0,1,0,3,0,0,4,1,1,1,0,2,1,0,6,8,9,1
10,15,4,0,1,0,0,0,0,11,1,1,1,2,0,5,3,9,3,14,1
14,20,0,1,1,0,3,0,0,1,1,1,1,0,2,1,0,9,0,14,0
10,14,0,1,1,4,3,0,1,0,1,1,1,5,0,1,0,2,8,5,1
3,17,4,0,1,0,3,0,0,2,1,1,1,5,0,1,0,4,10,2,1
1,15,4,1,1,0,3,1,0,2,1,1,1,0,0,4,0,6,5,12,1
2,15,4,1,1,0,3,3,0,2,1,1,1,0,0,1,0,6,3,14,1
9,18,4,1,1,0,3,3,0,14,1,1,1,0,0,1,0,6,6,12,1
8,20,0,1,0,4,3,0,1,0,1,1,1,7,0,1,0,6,6,13,0
9,18,4,0,1,0,3,3,0,5,1,1,1,0,0,6,0,8,6,11,1
14,22,4,1,0,3,3,0,1,0,1,1,1,5,2,1,0,5,9,14,1
2,14,4,1,1,4,3,0,1,2,1,1,1,7,0,1,0,6,4,5,1
0,18,4,0,1,0,3,0,0,2,1,1,1,7,0,1,0,2,4,3,1
1,18,4,1,1,4,3,0,1,16,1,1,1,5,0,1,5,1,0,3,0
8,18,4,0,1,0,3,0,0,2,1,1,1,0,0,1,0,6,3,7,1
3,19,4,0,1,0,3,0,0,12,1,1,1,0,0,1,0,8,1,9,1
15,18,0,1,1,0,3,1,0,2,1,1,1,0,2,6,5,0,0,0,1
4,18,4,0,1,4,3,0,1,9,1,1,1,5,0,1,0,7,3,12,1
3,18,4,1,1,3,3,0,1,9,1,1,1,7,0,3,0,2,2,2,1
2,17,4,1,1,4,3,0,1,2,1,1,1,7,0,1,5,2,0,2,1
2,12,0,0,1,0,3,0,0,1,1,1,1,0,0,1,0,6,5,4,1
11,17,4,0,1,0,3,3,0,2,1,1,1,0,2,1,2,8,0,9,1
7,15,4,1,1,0,3,0,0,11,1,1,1,0,0,1,0,8,3,10,0
14,19,4,1,1,0,3,0,0,12,1,1,1,0,2,0,5,0,0,10,1
1,15,4,0,1,0,3,0,0,2,1,1,1,7,0,1,0,6,3,4,1
6,20,4,0,1,0,3,0,0,0,1,1,1,0,0,2,0,3,4,8,1
3,18,4,0,1,0,3,0,0,11,1,1,1,0,0,3,0,8,10,9,1
11,21,0,1,1,4,3,0,1,0,1,1,1,0,2,1,0,6,8,14,0
2,18,4,0,1,0,3,0,0,0,1,1,1,1,0,5,0,9,1,9,0
12,18,0,0,1,0,1,3,0,11,1,1,1,0,2,1,0,9,7,13,1
10,15,2,0,1,0,3,1,0,15,1,1,1,0,0,1,5,6,0,8,0
14,15,0,1,1,4,3,0,1,0,1,1,1,7,2,0,5,0,0,0,1
11,15,4,1,1,3,3,0,1,16,1,1,1,5,0,2,5,4,0,4,0
2,18,4,0,1,0,3,1,0,15,1,1,1,0,0,0,5,0,0,0,0
13,0,0,1,1,4,3,3,1,1,1,1,1,0,2,1,0,6,4,9,1
3,19,4,1,1,0,3,0,0,2,1,1,1,5,0,1,0,6,1,6,1
6,20,4,1,1,0,3,0,0,10,1,1,1,0,0,1,0,6,5,12,0
2,17,4,0,1,0,3,0,0,16,1,1,1,8,0,1,5,6,0,2,0
11,21,0,1,1,0,3,0,0,0,1,1,1,0,2,2,0,7,8,13,0
0,18,4,1,1,0,3,1,0,2,1,1,1,7,0,1,0,2,3,2,1
15,20,4,0,1,0,3,0,0,0,1,1,1,0,2,1,5,2,0,4,0
4,20,4,1,1,0,3,3,0,16,1,1,1,0,0,2,5,0,0,0,0
15,19,0,1,1,4,3,0,1,1,1,1,1,0,2,1,5,0,0,0,1
8,20,4,1,1,0,3,0,0,0,1,1,1,0,0,1,0,7,4,12,1
7,6,0,1,1,2,3,3,0,0,1,1,1,0,0,9,2,0,0,0,0
15,15,4,1,1,0,3,0,0,0,1,1,1,0,2,1,2,0,0,0,1
4,18,4,0,1,4,3,0,1,11,1,1,1,0,0,1,0,4,0,6,0
2,18,4,1,1,0,3,0,0,2,1,1,1,5,0,0,5,0,0,0,1
15,15,0,1,1,0,3,0,0,1,1,1,1,0,2,0,5,0,0,0,1
6,15,4,0,1,0,3,0,0,2,1,1,1,0,0,1,5,0,0,0,0
4,20,4,1,1,0,3,0,0,14,1,1,1,1,0,1,0,6,4,7,1
6,15,4,1,1,3,3,0,1,3,1,1,1,8,0,1,5,2,0,5,1
7,18,4,0,1,0,3,3,0,16,1,1,1,0,0,3,0,2,1,5,1
11,15,4,0,1,3,3,0,1,2,1,1,1,8,2,1,0,1,4,4,1
1,19,4,0,1,0,3,1,0,2,1,1,1,5,0,1,0,6,3,12,1
13,11,4,1,1,0,3,0,0,15,1,1,1,7,2,1,5,0,0,0,0
3,19,4,1,1,0,3,1,0,2,1,1,1,0,0,1,0,1,2,3,0
15,20,4,1,1,0,3,0,0,0,1,1,1,0,2,1,0,2,1,4,1
12,16,0,1,1,0,3,3,0,1,1,1,1,7,2,0,5,0,0,0,1
14,14,4,0,0,0,3,3,0,2,1,1,0,0,2,0,5,0,0,4,1
14,15,0,0,1,3,3,1,1,1,1,1,1,8,2,1,0,6,10,11,1
5,15,4,1,1,0,3,3,0,11,1,1,1,0,0,1,0,6,1,6,1
3,20,4,1,1,0,3,1,0,11,1,1,1,0,0,1,0,7,6,11,1
1,15,4,0,1,0,3,0,0,2,1,1,1,5,0,9,2,0,0,0,1
15,18,0,1,1,0,3,0,0,1,1,1,1,0,2,3,0,1,6,5,1
7,20,0,1,1,2,3,0,0,2,1,1,1,7,0,1,0,4,10,8,1
6,15,4,0,1,0,3,3,0,4,1,1,1,5,0,9,2,0,0,1,1
13,19,4,1,1,0,3,0,0,12,1,1,1,7,2,1,0,9,6,12,0
3,15,4,0,1,0,3,0,0,2,1,1,1,0,0,1,0,3,1,2,1
8,15,4,1,0,0,3,0,0,9,1,1,0,1,0,3,0,3,3,3,1
10,18,4,0,1,0,3,1,0,2,1,1,1,0,0,1,0,8,8,14,1
2,14,0,1,1,0,3,0,0,9,1,1,1,0,0,9,2,3,0,0,0
3,15,4,0,1,0,3,0,0,11,1,1,1,7,0,1,0,6,1,10,1
1,18,4,0,1,0,3,0,0,2,1,1,1,0,0,1,5,0,0,0,0
3,18,4,1,1,0,3,0,0,12,1,1,1,0,0,0,5,0,0,2,1
10,16,4,0,1,0,3,0,0,5,1,1,1,7,0,1,0,6,11,13,1
10,14,4,1,1,0,3,0,0,12,1,1,1,0,0,1,1,6,0,5,1
8,16,4,0,1,0,3,0,0,2,1,1,1,7,0,1,0,6,6,10,0
15,15,4,0,1,4,3,0,1,2,1,1,1,7,2,1,0,5,2,5,1
15,15,4,0,1,4,3,0,1,0,1,1,1,5,2,2,0,6,6,9,1
14,18,4,1,1,4,3,0,1,11,1,1,1,0,2,2,0,4,0,6,0
0,17,4,0,1,0,3,3,0,2,1,1,1,0,0,0,5,0,0,0,1
11,20,4,1,1,0,3,1,0,0,1,1,1,0,2,1,0,6,1,9,0
14,20,0,0,1,0,3,3,0,1,1,1,1,5,2,1,0,6,6,14,0
13,10,2,1,1,4,3,0,1,0,1,1,1,0,2,9,2,0,0,0,1
1,18,4,1,1,0,3,0,0,11,1,1,1,0,0,1,0,4,3,7,0
3,18,4,1,1,3,3,0,1,2,1,1,1,5,0,0,5,0,0,4,1
9,18,0,1,1,0,3,0,0,0,1,1,1,0,0,1,0,6,6,12,1
4,19,3,1,1,0,0,3,0,1,1,1,0,4,1,5,3,9,7,12,1
9,18,0,1,1,4,3,0,1,1,1,1,1,5,0,1,0,4,2,5,1
1,18,4,0,1,0,3,1,0,2,1,1,1,0,0,1,5,0,0,0,1
12,15,4,0,1,0,3,0,0,0,1,1,1,7,2,1,0,6,2,8,1
0,18,4,0,1,0,3,1,0,2,1,1,1,5,0,0,5,0,0,0,1
15,20,4,1,1,0,3,1,0,0,1,1,1,0,2,4,0,6,5,8,1
10,17,0,0,1,4,3,0,1,8,1,1,1,2,0,1,0,6,6,9,1
12,20,0,0,1,3,3,0,1,1,1,1,1,0,2,6,5,0,0,0,0
13,15,0,0,1,4,3,0,1,0,1,1,1,0,2,1,0,8,6,10,0
2,16,4,1,1,0,3,0,0,3,1,1,1,0,0,0,5,0,0,0,1
4,21,4,1,1,0,3,3,0,0,1,1,1,5,0,1,5,6,0,11,0
6,18,0,1,1,0,1,1,0,1,1,1,1,8,0,5,5,0,0,11,0
8,15,4,0,1,0,3,3,0,12,1,1,1,0,0,6,0,6,8,12,1
2,18,4,1,1,0,3,0,0,2,1,1,1,5,0,0,5,0,0,0,1
10,15,4,0,1,3,3,0,1,2,1,1,1,5,0,1,0,6,11,3,1
4,15,4,1,1,3,3,0,1,2,1,1,1,5,0,1,0,6,8,8,1
7,20,0,0,1,4,3,0,1,1,1,1,1,0,0,1,0,6,3,9,0
9,20,4,0,1,0,3,0,0,0,1,1,1,0,0,1,0,7,3,10,1
9,20,4,0,1,0,3,1,0,2,1,1,1,0,0,4,0,6,11,11,1
15,15,4,0,1,4,3,0,1,12,1,1,1,5,2,1,0,6,1,9,1
5,17,4,0,1,3,3,0,1,16,1,1,1,8,0,1,5,8,0,2,1
2,16,4,0,1,0,3,0,0,11,1,1,1,0,0,1,0,7,4,3,1
15,15,0,0,1,3,3,0,1,1,1,1,1,0,2,6,0,8,8,11,1
1,15,4,0,1,0,3,1,0,2,1,1,1,8,0,1,5,1,0,2,1
12,18,0,1,1,0,1,3,0,0,1,1,1,0,2,1,0,6,10,13,1
5,20,4,1,1,3,3,0,1,2,1,1,1,0,0,1,0,2,4,6,1
7,15,4,0,1,0,3,0,0,2,1,1,1,0,0,1,0,6,4,12,1
5,15,4,1,1,0,3,0,0,12,1,1,1,0,0,1,0,6,4,4,1
14,18,2,0,1,0,3,1,0,0,1,1,1,5,2,1,0,6,1,14,1
6,20,4,1,1,0,3,0,0,11,1,1,1,0,0,1,0,7,0,11,0
2,18,4,1,1,0,3,0,0,2,1,1,1,7,0,0,5,0,0,0,1
13,12,4,0,1,0,3,0,0,0,1,1,1,1,2,4,0,6,10,12,1
9,19,0,0,1,3,3,0,1,0,1,1,1,0,0,1,0,6,3,12,1
4,20,4,0,1,0,3,1,0,2,1,1,1,0,0,1,0,6,2,11,1
4,20,4,0,1,0,3,0,0,2,1,1,1,5,0,1,0,6,4,11,1
13,14,0,1,1,0,3,3,0,1,1,1,1,0,2,1,5,0,0,0,1
1,18,4,1,1,0,3,0,0,16,1,1,1,5,0,0,5,0,0,0,1
14,15,4,0,1,0,3,0,0,16,1,1,1,0,2,1,5,0,0,2,1
0,15,4,0,1,0,3,1,0,16,1,1,1,7,0,1,5,8,0,2,1
7,21,4,0,1,0,3,1,0,7,1,1,1,7,0,1,0,2,2,4,1
4,20,4,1,1,0,3,1,0,5,1,1,1,0,0,1,0,1,5,3,0
14,21,0,0,1,4,3,0,1,1,1,1,1,5,2,1,0,6,0,14,1
5,20,4,0,1,0,3,1,0,2,1,1,1,0,0,1,0,5,2,4,1
11,14,0,0,1,4,3,0,1,0,1,1,1,0,2,1,0,6,8,8,1
1,15,0,1,1,0,3,3,0,1,1,1,1,0,0,1,0,2,4,4,1
2,15,4,1,1,0,3,3,0,2,1,1,1,0,0,4,0,6,4,6,1
11,22,4,0,1,0,3,1,0,7,1,1,1,0,2,1,0,6,3,10,1
9,18,0,0,1,0,3,0,0,0,1,1,1,0,0,1,0,6,7,13,1
14,18,4,1,1,0,3,3,0,2,1,1,1,7,2,1,5,0,0,0,1
15,17,0,0,1,0,3,0,0,1,1,1,1,0,2,1,0,4,6,12,1
13,20,4,0,1,0,3,3,0,2,1,1,1,0,2,0,5,0,0,0,0
6,17,0,1,1,0,3,1,0,2,1,1,1,8,0,1,5,0,0,0,1
0,18,4,1,1,0,3,0,0,2,1,1,1,0,0,2,0,2,3,3,1
4,15,4,1,1,0,3,3,0,7,1,1,1,7,0,3,2,0,0,6,1
14,20,4,1,1,0,3,0,0,12,1,1,1,0,2,1,1,6,0,13,1
4,15,4,0,1,0,3,0,0,2,1,1,1,7,0,0,5,0,0,0,0
0,18,4,0,1,0,3,0,0,9,1,1,1,7,0,3,5,1,0,1,1
5,2,0,0,0,3,3,0,1,3,1,0,0,7,0,0,5,0,0,4,1
0,15,4,0,1,0,3,0,0,2,1,1,1,7,0,0,5,0,0,0,1
5,21,4,1,1,0,3,0,0,0,1,1,1,1,0,2,0,9,3,10,0
4,19,0,1,1,0,3,1,0,0,1,1,1,0,0,1,0,4,1,5,1
8,17,4,1,1,0,3,0,0,2,1,1,1,1,0,1,0,6,6,9,1
2,18,4,1,1,0,1,0,0,16,1,1,1,0,0,1,5,0,0,0,1
0,15,4,0,0,0,3,0,0,3,0,1,1,0,0,1,0,2,2,5,0
12,20,4,0,1,0,3,1,0,2,1,1,1,8,2,7,0,7,3,13,1
8,20,4,0,1,0,3,0,0,5,1,1,1,7,0,1,0,6,1,4,1
8,21,0,1,1,4,3,0,1,0,1,1,1,0,0,1,0,9,8,14,0
8,4,0,0,0,3,3,2,1,0,1,0,0,0,0,2,0,9,2,12,1
4,17,4,0,1,0,3,1,0,7,1,1,1,0,0,1,2,6,0,6,1
1,18,4,0,1,0,3,0,0,16,1,1,1,0,0,6,5,1,0,2,1
14,20,0,0,1,4,3,0,1,1,1,1,1,0,2,7,0,5,0,9,1
14,20,4,0,1,0,3,1,0,12,1,1,1,0,2,4,0,8,11,11,0
5,15,4,0,1,0,3,3,0,11,1,1,1,0,0,1,0,6,4,9,1
11,16,4,0,1,0,3,3,0,11,1,1,1,2,2,1,0,9,6,14,0
9,16,4,0,1,0,3,0,0,15,1,1,1,0,0,1,5,7,0,1,0
8,1,4,1,1,0,3,0,0,0,1,1,1,5,0,3,0,6,3,11,1
11,21,4,0,1,0,3,1,0,0,1,1,1,5,2,0,5,0,0,14,1
8,1,4,1,1,4,2,3,1,10,1,1,1,5,0,4,0,6,3,11,1
12,21,4,0,1,4,3,0,1,0,1,1,1,5,2,1,0,6,3,14,0
10,20,4,0,1,0,3,0,0,0,1,1,1,0,0,1,0,8,11,14,0
11,23,0,1,1,0,3,3,0,1,1,1,1,0,2,7,0,6,8,14,0
4,20,4,1,1,0,3,1,0,2,1,1,1,0,0,1,5,1,0,1,0
4,20,4,0,1,0,3,1,0,2,1,1,1,0,0,1,0,6,11,13,0
2,15,4,0,1,0,1,0,0,0,1,1,1,0,0,5,0,6,8,6,1
5,15,4,1,1,0,3,3,0,2,1,1,1,8,0,1,5,0,0,0,0
0,18,4,1,0,0,3,0,0,2,1,0,1,0,0,1,2,1,0,2,1
3,19,4,1,1,0,3,1,0,2,1,1,1,8,0,1,5,1,0,3,0
5,18,4,1,1,0,3,1,0,0,1,1,1,0,0,0,5,0,0,0,1
12,21,4,0,1,0,3,1,0,0,1,1,1,0,2,7,0,7,10,13,1
2,18,4,1,0,0,3,0,0,9,1,1,1,5,0,0,5,0,0,0,1
3,17,4,0,1,0,3,0,0,0,1,1,1,0,0,1,0,6,2,8,0
3,17,4,1,1,0,3,1,0,11,1,1,1,0,0,1,0,7,3,2,0
8,20,4,1,1,0,3,0,0,11,1,1,1,0,0,1,0,5,6,2,1
14,21,4,1,1,3,3,0,1,2,1,1,1,5,2,1,0,6,3,11,1
3,18,4,0,1,0,3,0,0,16,1,1,1,0,0,1,0,2,4,5,1
5,17,4,0,1,0,3,1,0,2,1,1,1,0,0,1,0,5,4,6,1
1,15,4,1,1,0,3,0,0,7,1,1,1,0,0,0,5,0,0,0,1
15,13,0,1,1,3,3,0,1,10,1,1,1,0,2,1,5,6,0,5,1
9,18,4,1,0,0,3,0,0,2,1,1,0,1,0,0,5,0,0,0,1
1,18,4,0,1,0,3,0,0,2,1,1,1,0,0,1,0,1,2,2,1
1,18,4,1,1,0,3,0,0,11,1,1,1,0,0,0,5,0,0,0,1
3,17,4,1,1,0,3,1,0,0,1,1,1,0,0,1,0,6,6,8,0
9,17,4,0,1,0,3,1,0,15,1,1,1,0,0,1,5,0,0,0,0
15,22,0,1,1,0,3,0,0,0,1,1,1,7,2,1,0,9,0,8,0
11,2,0,0,1,3,0,0,1,7,1,1,1,2,2,0,5,0,5,4,1
3,17,4,1,0,0,3,1,0,0,1,1,0,0,2,0,5,0,0,6,1
4,15,4,0,1,0,3,0,0,2,1,1,1,5,0,2,0,6,0,7,1
11,17,2,0,1,0,3,1,0,7,1,1,1,0,2,1,0,6,11,8,1
9,19,4,1,1,0,3,3,0,0,1,1,1,0,0,1,0,2,7,8,1
1,18,4,1,1,0,3,0,0,2,1,1,1,5,0,2,5,2,0,2,1
2,15,2,1,0,4,3,0,1,9,1,1,1,5,0,1,0,6,11,5,0
8,21,4,0,1,4,3,3,1,12,1,1,1,5,0,1,0,6,11,13,0
4,20,4,0,1,0,0,1,0,16,1,1,1,0,0,5,3,9,0,7,0
4,20,4,0,1,0,3,0,0,14,1,1,1,0,0,1,0,2,0,1,0
7,15,4,1,1,0,3,0,0,0,1,1,1,0,0,1,2,4,0,4,1
1,18,4,0,0,0,3,0,0,16,1,1,0,0,0,0,5,0,0,0,1
4,12,4,1,1,4,3,0,1,0,1,1,1,7,0,0,5,0,0,5,1
1,17,4,1,1,0,3,1,0,2,1,1,1,8,0,1,0,1,6,2,1
15,20,0,0,1,0,3,1,0,0,1,1,1,0,2,4,0,6,4,14,1
3,15,0,1,1,4,3,0,1,1,1,1,1,0,0,1,0,5,2,2,0
1,19,4,0,1,0,3,3,0,11,1,1,1,0,0,1,0,4,2,9,1
9,20,0,0,1,0,3,1,0,0,1,1,1,0,0,3,0,7,7,12,0
1,18,4,0,1,0,3,3,0,11,1,1,1,0,0,1,2,4,0,2,0
12,19,0,1,1,0,3,0,0,0,1,1,1,1,2,1,0,2,8,5,1
12,18,4,0,1,0,3,3,0,11,1,1,1,0,2,1,0,2,4,5,0
8,15,0,1,1,4,3,0,1,1,1,1,1,5,0,0,5,0,0,0,0
0,15,4,0,1,2,3,3,0,2,1,1,1,0,0,9,2,0,0,0,1
7,15,4,0,1,0,3,0,0,2,1,1,1,7,0,1,0,6,6,9,1
13,15,4,1,0,0,3,0,0,2,1,1,0,1,2,0,5,0,0,4,0
0,15,4,0,1,0,3,0,0,2,1,1,1,5,0,0,5,0,0,0,1
10,19,4,1,0,0,3,3,0,2,1,1,0,0,0,0,5,0,0,0,1
3,18,4,0,1,4,3,3,1,14,1,1,1,5,0,1,0,6,6,10,1
14,11,0,0,1,4,3,0,1,1,1,1,1,0,2,1,2,0,0,0,1
5,20,4,1,1,0,3,0,0,0,1,1,1,0,0,1,0,2,4,5,1
14,15,0,1,1,0,3,0,0,0,1,1,1,0,2,1,0,6,6,9,1
3,20,4,1,1,0,3,1,0,2,1,1,1,0,0,1,0,3,5,6,0
1,15,4,0,1,0,3,3,0,2,1,1,1,0,0,1,0,6,1,10,1
13,15,4,0,0,0,3,0,0,7,1,1,0,0,2,1,0,6,6,6,1
0,18,4,1,1,0,3,1,0,16,1,1,1,5,0,1,5,2,0,2,1
6,20,4,0,1,0,3,0,0,5,1,1,1,0,0,2,5,0,0,0,1
12,19,0,1,1,0,3,3,0,0,1,1,1,0,2,2,0,7,2,12,0
1,15,4,0,1,0,0,0,0,16,1,1,1,1,0,5,3,9,1,6,1
1,18,4,0,1,0,3,3,0,2,1,1,1,7,0,1,0,2,5,3,1
4,19,4,0,1,4,3,3,1,2,1,1,1,7,0,6,0,1,0,3,1
15,21,0,1,1,4,3,0,1,1,1,1,1,0,2,1,0,5,0,4,1
10,20,4,0,1,0,3,1,0,2,1,1,1,0,0,1,0,6,8,12,0
4,15,4,0,1,0,3,0,0,16,1,1,1,0,0,1,0,6,8,6,1
15,20,0,1,1,0,3,0,0,10,1,1,1,0,2,1,0,6,3,10,1
8,18,4,0,1,3,3,3,1,2,1,1,1,5,0,1,0,8,2,6,1
1,15,4,1,1,0,3,0,0,2,1,1,1,7,0,1,0,1,3,4,1
7,15,4,1,1,0,3,0,0,0,1,1,1,0,0,0,5,0,0,0,1
8,20,4,1,1,0,3,0,0,11,1,1,1,5,0,1,0,6,10,13,1
4,20,4,1,1,0,3,0,0,0,1,1,1,5,0,1,0,6,10,8,0
11,8,0,1,0,2,3,3,1,13,1,0,0,1,1,6,1,2,4,3,1
1,17,4,0,1,0,3,1,0,2,1,1,1,8,0,4,5,1,0,2,1
15,20,2,1,1,3,3,0,1,2,1,1,1,0,2,3,5,0,0,0,1
13,23,0,0,1,2,0,3,0,0,1,1,1,5,2,5,1,8,4,14,1
2,18,4,1,1,0,3,0,0,0,1,1,1,1,0,1,0,6,3,9,1
5,17,4,0,1,0,3,3,0,2,1,1,1,7,0,1,0,5,6,6,1
10,20,4,1,1,0,3,1,0,12,1,1,1,0,0,1,1,6,0,13,1
2,19,4,1,1,0,3,1,0,2,1,1,1,0,0,1,0,8,7,7,1
2,18,4,0,1,0,3,0,0,11,1,1,1,0,0,1,2,2,0,3,0
10,12,0,0,1,4,3,0,1,1,1,1,1,7,0,1,2,0,0,0,1
0,0,4,1,0,0,3,0,0,2,0,0,1,0,0,0,5,0,0,1,1
1,17,4,0,1,0,3,1,0,2,1,1,1,0,0,1,0,5,3,2,1
6,17,0,1,1,0,3,0,0,2,1,1,1,0,0,0,5,0,0,0,1
14,18,0,0,1,3,3,1,1,1,1,1,1,0,2,1,0,6,0,4,1
7,18,0,1,1,0,3,1,0,1,1,1,1,0,0,1,0,6,4,11,1
4,17,4,1,1,0,3,1,0,2,1,1,1,7,0,1,2,4,0,4,1
13,15,0,1,1,0,3,0,0,2,1,1,1,7,2,0,5,0,0,0,1
6,19,4,0,1,0,3,1,0,2,1,1,1,0,0,1,0,6,0,11,1
11,20,0,1,1,0,3,1,0,1,1,1,1,0,2,4,0,5,5,12,0
7,20,4,1,1,3,3,3,1,16,1,1,1,5,0,1,5,6,0,7,1
9,17,4,1,1,0,3,0,0,2,1,1,1,5,0,3,0,1,10,5,1
13,15,0,1,1,4,3,0,1,1,1,1,1,5,2,0,5,0,0,0,0
12,20,4,0,1,0,3,1,0,0,1,1,1,0,2,1,0,7,7,12,1
7,20,0,1,1,0,3,1,0,2,1,1,1,0,0,1,0,9,5,12,1
12,13,4,1,1,0,3,0,0,0,1,1,1,1,2,6,5,0,0,13,1
12,20,4,1,1,2,3,3,0,3,1,1,1,0,2,1,0,4,7,13,1
15,15,4,0,1,4,3,0,1,2,1,1,1,7,2,6,0,6,4,10,1
2,18,4,1,1,0,3,1,0,0,1,1,1,0,0,1,0,1,3,3,0
0,21,4,1,1,0,3,0,0,9,1,1,1,0,0,1,2,2,0,0,1
5,20,4,1,1,0,3,1,0,0,1,1,1,0,0,1,0,3,2,4,0
14,14,0,1,1,4,3,0,1,0,1,1,1,0,2,1,1,6,0,6,1
4,20,4,1,1,0,3,3,0,16,1,1,1,0,0,1,0,8,1,7,0
3,18,4,0,1,0,3,0,0,2,1,1,1,7,0,1,2,6,0,4,1
6,18,0,1,1,0,3,0,0,1,1,1,1,0,0,1,0,6,8,11,1
3,20,0,1,1,0,3,0,0,1,1,1,1,5,0,2,0,6,1,11,1
11,20,4,1,1,0,3,0,0,2,1,1,1,8,0,2,0,4,1,4,1
6,20,0,1,1,3,3,0,1,1,1,1,1,7,2,5,4,6,11,6,0
6,20,4,1,1,0,3,0,0,12,1,1,1,0,0,1,0,9,6,11,0
1,18,4,0,1,0,3,0,0,2,1,1,1,0,0,2,0,2,2,5,1
12,15,4,0,1,0,3,0,0,2,1,1,1,8,2,1,5,0,0,2,1
10,15,0,1,1,3,3,0,1,1,1,1,1,0,0,7,0,6,3,9,1
11,21,0,1,1,0,0,1,0,0,1,1,1,0,2,5,3,6,2,12,1
4,13,4,0,0,0,3,0,0,15,1,1,1,0,0,1,5,0,0,0,0
9,23,4,0,1,0,0,0,0,5,0,1,1,0,0,8,3,6,9,10,1
9,20,0,0,1,0,3,0,0,1,1,1,1,0,0,1,0,6,3,11,1
14,15,0,0,1,0,3,0,0,8,1,1,1,0,2,1,0,7,6,10,1
9,15,4,0,1,0,3,0,0,2,1,1,1,0,0,1,0,9,3,13,1
7,18,4,1,1,0,3,0,0,0,1,1,1,0,0,3,0,1,10,1,1
6,14,4,1,1,0,3,0,0,2,1,1,1,0,0,8,5,0,0,0,1
14,23,0,1,1,4,3,0,1,8,1,1,1,5,2,1,0,6,6,13,1
9,21,4,1,1,0,3,1,0,0,1,1,1,0,0,1,0,5,4,14,1
6,15,4,1,1,4,3,0,1,10,1,1,1,8,0,1,0,6,0,6,0
12,15,4,0,1,0,3,0,0,2,1,1,1,0,2,0,5,0,0,4,1
13,19,0,0,1,0,0,0,0,0,1,1,1,5,2,5,0,8,6,9,1
11,20,4,0,1,0,3,0,0,11,1,1,1,5,2,1,0,6,6,14,0
3,15,4,0,1,0,0,3,0,16,1,1,1,0,0,5,3,9,4,6,0
2,18,4,1,1,0,3,0,0,0,1,1,1,5,0,2,0,3,2,4,0
0,13,4,0,1,0,3,0,0,2,1,1,1,7,0,6,2,1,0,2,1
5,15,4,1,0,0,3,1,0,2,1,1,0,0,0,1,2,6,0,6,1
1,18,4,1,1,0,3,1,0,16,1,1,1,0,0,1,1,2,0,5,0
5,15,4,1,1,0,3,3,0,0,1,1,1,0,0,1,0,6,4,5,1
14,20,4,1,1,3,3,3,1,2,1,1,1,0,2,1,0,8,11,11,1
1,18,4,1,1,0,3,0,0,11,1,1,1,0,0,1,0,6,4,13,0
9,16,4,0,1,2,3,0,1,2,1,1,1,1,0,9,2,3,0,3,1
14,20,0,1,1,0,3,0,0,1,1,1,1,0,2,1,0,6,8,14,1
6,15,4,0,1,0,3,3,0,14,1,1,1,0,0,1,0,6,6,7,1
14,21,4,0,1,0,3,1,0,0,1,1,1,0,2,1,0,9,11,12,0
11,19,4,0,1,0,3,0,0,2,1,1,1,0,2,1,0,6,10,5,1
5,19,4,1,1,0,3,0,0,0,1,1,1,0,0,1,5,0,0,0,0
3,18,4,0,1,4,3,0,1,2,1,1,1,5,0,1,0,3,8,5,1
13,17,0,0,1,0,3,0,0,1,1,1,1,0,2,1,0,9,2,14,1
3,15,0,1,1,0,3,1,0,1,1,1,1,0,0,1,1,2,0,4,1
4,18,0,1,1,0,3,0,0,2,1,1,1,7,0,1,0,3,5,5,1
12,15,4,0,1,0,3,3,0,0,1,1,1,1,2,6,0,6,0,8,1
6,13,4,0,1,0,3,0,0,15,1,1,1,1,0,1,5,0,0,2,0
8,18,4,1,0,0,3,0,0,16,1,1,1,5,0,1,5,0,0,2,1
11,18,4,0,1,0,3,1,0,2,1,1,1,0,2,1,0,2,4,5,1
7,20,4,0,1,0,3,1,0,0,1,1,1,0,0,1,0,6,11,11,1
8,21,0,1,1,0,3,0,0,1,1,1,1,0,0,1,0,6,2,14,0
13,19,4,0,1,0,3,3,0,0,1,1,1,0,2,7,0,6,10,13,1
4,18,4,1,1,0,3,0,0,16,1,1,1,1,0,6,5,0,0,0,1
15,20,0,1,1,0,3,0,0,1,1,1,1,0,2,3,0,6,1,6,1
6,20,4,0,1,0,3,0,0,2,1,1,1,5,0,1,0,6,5,11,0
10,19,0,0,1,0,3,0,0,2,1,1,1,0,0,1,0,4,6,5,1
7,15,4,0,1,0,3,0,0,7,1,1,1,0,0,1,0,6,2,5,1
10,14,0,0,1,4,3,3,1,0,1,1,1,0,0,1,0,6,10,14,1
13,15,4,0,1,0,3,1,0,11,1,1,1,0,2,1,0,8,2,11,0
3,17,4,0,1,0,3,0,0,2,1,1,1,0,0,1,0,6,6,10,1
14,18,4,0,1,0,3,0,0,5,1,1,1,0,2,1,0,2,3,5,0
5,20,4,1,1,0,3,1,0,0,1,1,1,1,0,5,0,9,6,2,1
6,19,4,0,1,0,3,0,0,2,1,1,1,0,0,1,0,6,5,11,1
7,19,4,1,1,0,3,0,0,2,1,1,1,0,0,1,5,0,0,0,1
10,0,4,1,1,4,3,0,1,10,1,1,1,0,0,0,5,0,0,0,0
12,13,4,1,1,0,3,0,0,2,1,1,1,7,2,1,0,6,4,13,1
1,18,4,1,1,0,3,0,0,2,1,1,1,1,0,1,5,3,0,2,1
1,19,4,1,1,0,3,0,0,2,1,1,1,5,0,3,0,1,1,6,1
15,20,4,1,1,0,3,3,0,0,1,1,1,0,2,4,0,2,10,5,1
1,15,4,0,1,0,0,0,0,16,1,1,1,0,0,5,3,1,1,1,1
4,15,4,1,1,3,3,0,1,2,1,1,1,7,0,1,0,6,2,5,0
6,19,4,1,1,0,3,0,0,0,1,1,1,0,0,2,0,4,0,7,1
5,15,4,0,1,4,3,0,1,9,1,1,1,0,0,1,0,4,2,5,1
5,17,0,1,1,4,3,0,1,1,1,1,1,0,0,6,0,5,2,10,1
5,18,4,0,1,0,1,1,1,9,1,1,1,0,2,5,3,3,11,6,1
12,20,0,1,1,0,3,0,0,1,1,1,1,7,2,5,0,9,4,10,1
13,18,4,0,0,0,3,0,0,0,1,1,0,7,2,1,0,1,6,3,1
4,19,4,1,1,0,3,0,0,11,1,1,1,0,0,6,0,4,0,6,0
8,15,4,0,1,0,3,0,0,7,1,1,1,0,0,1,0,2,3,3,1
9,20,4,0,1,4,3,0,1,2,1,1,1,0,0,4,0,6,6,11,1
11,18,4,0,1,4,3,0,1,0,1,1,1,0,2,1,0,8,10,11,0
9,16,4,0,1,0,3,0,0,2,1,1,1,7,0,1,0,6,1,7,1
11,22,4,0,1,0,3,0,0,0,1,1,1,0,2,3,0,6,8,13,1
0,15,4,0,1,0,3,0,0,2,1,1,1,7,0,1,0,2,8,4,1
14,19,4,1,1,0,3,0,0,2,1,1,1,5,2,0,5,0,0,0,1
7,20,4,0,1,0,3,0,0,2,1,1,1,0,0,1,0,2,5,2,1
10,14,4,0,1,0,3,0,0,12,1,1,1,7,0,1,0,8,3,11,1
13,11,2,0,0,4,3,1,1,15,1,1,1,0,2,1,5,0,0,0,0
5,19,4,0,1,0,3,1,0,2,1,1,1,0,0,1,5,0,0,0,1
4,18,4,0,1,0,3,0,0,11,1,1,1,7,0,1,0,6,2,10,0
14,15,4,0,1,4,3,0,1,12,1,1,1,1,2,1,0,5,1,4,1
4,18,4,0,1,0,3,0,0,11,1,1,1,5,0,0,5,0,0,4,0
2,18,4,0,1,0,3,0,0,2,1,1,1,7,0,1,0,6,3,7,1
11,10,4,1,0,0,3,0,0,2,1,1,0,0,2,1,0,1,3,3,1
5,20,4,0,1,0,3,3,0,2,1,1,1,5,0,1,0,6,4,2,1
13,20,0,0,1,4,3,0,1,1,1,1,1,0,2,7,1,8,0,13,1
15,17,2,0,1,0,3,3,0,7,1,1,1,0,2,1,5,6,0,7,1
1,15,4,1,1,0,3,0,0,2,1,1,1,5,0,1,0,6,4,2,1
15,18,0,1,1,4,3,0,1,1,1,1,1,7,2,1,0,6,2,9,1
8,18,4,1,1,0,3,3,0,11,1,1,1,0,0,2,0,6,4,10,1
0,15,4,1,1,4,3,0,1,11,1,1,1,7,0,9,2,0,0,0,1
9,18,4,1,1,0,3,0,0,5,1,1,1,0,0,1,0,6,3,6,1
0,15,4,1,0,0,3,0,0,3,0,0,1,0,0,0,5,0,0,2,1
3,15,4,0,1,0,3,0,0,2,1,1,1,7,0,1,0,6,1,3,1
4,18,4,0,1,0,3,0,0,2,1,1,1,7,0,1,5,0,0,0,1
11,18,4,0,1,0,3,0,0,11,1,1,1,2,2,1,0,6,10,11,1
9,18,4,0,1,0,3,0,0,0,1,1,1,7,0,1,0,6,4,12,0
12,17,2,0,1,4,3,0,1,0,1,1,1,0,2,1,0,6,8,7,1
11,18,4,1,1,0,3,0,0,0,1,1,1,0,2,1,5,4,0,3,1
6,19,4,0,1,0,3,1,0,2,1,1,1,7,0,1,0,6,2,10,1
12,17,0,1,1,0,3,3,0,1,1,1,1,0,2,1,5,0,0,0,1
4,15,4,0,1,0,3,3,0,0,1,1,1,0,0,1,0,6,5,7,0
15,18,4,0,1,4,3,0,1,0,1,1,1,7,2,4,0,7,5,11,1
1,18,0,1,1,0,3,1,0,0,1,1,1,5,0,1,0,6,10,13,1
12,16,0,0,1,4,3,0,1,0,1,1,1,0,2,1,0,6,4,10,1
11,18,0,1,0,2,3,0,1,0,1,1,0,0,2,1,0,1,3,3,0
14,18,0,0,1,4,3,0,1,8,1,1,1,7,2,1,0,2,0,6,1
12,20,4,1,1,0,3,0,0,0,1,1,1,0,2,1,0,9,2,14,1
7,19,4,1,1,0,3,0,0,0,1,1,1,7,0,1,5,0,0,0,0
14,20,0,0,1,4,3,0,1,0,1,1,1,5,2,1,0,6,10,14,1
14,19,4,0,1,0,3,0,0,2,1,1,1,5,0,2,0,4,5,4,1
12,21,0,0,1,3,3,0,1,1,1,1,1,0,2,1,0,6,2,13,1
4,20,4,0,1,0,3,0,0,2,1,1,1,7,0,1,0,2,11,3,1
8,19,4,0,1,0,3,0,0,11,1,1,1,0,0,1,5,6,0,7,0
15,20,0,0,1,4,3,3,1,1,1,1,1,5,2,1,0,7,6,12,1
6,20,4,0,1,3,3,0,1,2,1,1,1,5,0,1,0,6,4,10,1
4,20,4,1,1,0,3,3,0,0,1,1,1,0,0,1,0,8,6,9,0
2,17,0,1,1,0,3,1,0,1,1,1,1,0,2,3,0,3,7,6,1
14,14,0,0,1,0,3,0,0,0,1,1,1,1,2,1,0,6,8,12,0
3,11,4,0,0,0,3,1,0,2,0,1,1,0,0,1,0,7,8,2,1
4,20,4,1,1,0,3,0,0,2,1,1,1,0,0,1,0,6,10,7,1
2,18,4,1,1,0,3,3,0,2,1,1,1,7,0,1,0,2,2,5,1
7,15,4,0,1,0,3,0,0,16,1,1,1,1,0,1,0,9,1,6,1
12,14,4,0,0,0,3,0,0,15,1,1,0,0,2,0,5,0,0,0,1
11,15,0,0,1,0,1,1,0,16,1,1,1,0,2,1,5,4,0,3,0
14,20,4,1,1,0,3,0,0,0,1,1,1,8,0,2,0,5,5,4,1
2,15,4,0,1,0,3,3,0,0,1,1,1,0,0,2,0,8,2,14,1
7,19,4,0,1,0,0,0,0,16,1,1,1,0,0,5,3,9,11,9,1
5,20,4,1,1,0,3,1,0,7,1,1,1,0,0,1,0,2,10,4,1
8,21,4,0,1,0,3,3,0,11,1,1,1,0,0,0,5,0,0,0,0
3,19,4,1,1,0,3,0,0,11,1,1,1,0,0,0,5,0,0,0,1
8,21,4,0,1,0,3,0,0,0,1,1,1,7,0,1,0,7,8,13,0
8,17,0,0,1,0,3,0,0,1,1,1,1,5,0,1,0,4,7,8,1
11,20,0,0,1,2,3,1,0,1,1,1,1,0,2,1,0,6,8,14,1
5,14,4,0,0,0,3,0,0,2,1,1,0,0,0,0,5,0,0,4,1
5,18,4,1,1,0,3,1,0,2,1,1,1,0,0,0,5,0,0,0,1
9,20,4,1,1,0,3,3,0,11,1,1,1,5,0,1,0,2,6,5,0
6,15,4,1,1,0,3,0,0,0,1,1,1,7,0,1,0,6,3,9,1
2,17,4,0,1,0,3,0,0,2,1,1,1,8,0,1,0,6,2,12,1
1,18,4,0,1,0,3,0,0,11,1,1,1,1,0,6,2,1,0,2,0
2,18,4,0,1,3,3,3,1,2,1,1,1,5,0,1,0,6,2,8,1
4,15,4,1,0,4,3,0,1,9,1,1,1,2,0,0,5,0,0,0,1
11,15,4,0,1,4,3,0,1,11,1,1,1,5,2,1,0,6,2,5,0
10,20,4,0,1,0,3,0,0,14,1,1,1,0,0,1,0,9,8,14,1
1,15,4,1,1,0,3,1,0,2,1,1,1,0,0,1,0,1,3,2,1
13,19,0,1,1,3,3,3,1,1,1,1,1,5,2,1,5,0,0,0,1
6,18,4,1,1,0,3,0,0,14,1,1,1,0,0,0,5,0,0,0,1
1,15,4,1,1,4,3,0,1,2,1,1,1,7,0,1,0,4,4,5,1
0,15,4,0,1,0,3,0,0,14,1,1,1,7,0,0,5,0,0,0,0
10,18,0,0,1,0,3,3,0,4,1,1,1,0,0,1,2,0,0,0,1
0,15,4,0,1,0,3,0,0,16,1,1,1,7,0,0,5,0,0,0,1
15,20,4,0,1,0,3,3,0,12,1,1,1,5,2,4,0,6,10,14,1
15,15,0,1,1,4,3,0,1,9,1,1,1,7,2,0,5,0,0,0,1
14,19,0,0,1,0,1,1,0,1,1,1,1,0,2,5,0,6,5,9,1
3,14,4,0,1,0,3,3,0,2,1,1,1,4,0,3,0,5,8,5,1
10,19,0,1,1,3,3,0,1,0,1,1,1,0,0,2,0,6,3,12,1
1,18,4,0,1,4,3,0,1,0,1,1,1,8,0,1,0,6,1,13,0
12,0,4,1,0,0,3,3,0,9,0,0,1,3,0,4,0,7,3,9,1
9,18,4,1,1,0,3,0,0,2,1,1,1,1,0,1,0,8,2,10,1
15,20,0,0,1,0,3,1,0,1,1,1,1,0,2,1,0,6,8,11,1
10,19,4,0,1,4,3,3,1,2,1,1,1,0,0,1,0,6,6,9,1
3,19,4,1,1,0,3,0,0,16,1,1,1,5,0,3,0,1,1,4,0
3,15,4,0,1,0,0,0,0,16,1,1,1,1,0,5,3,9,1,6,0
3,20,4,0,1,0,3,1,0,12,1,1,1,0,0,6,5,2,0,4,0
13,20,4,0,1,0,3,0,0,12,1,1,1,7,2,1,0,7,6,13,1
10,11,4,0,1,0,3,0,0,15,1,1,1,7,0,0,5,0,0,0,1
15,19,4,0,1,0,3,3,0,0,1,1,1,0,2,1,0,6,8,11,1
0,18,4,1,1,0,3,0,0,2,1,1,1,0,0,1,0,6,4,6,1
14,23,4,1,1,0,3,0,0,5,1,1,1,5,2,1,0,6,6,14,0
7,20,4,0,1,0,3,1,0,0,1,1,1,0,0,1,0,5,6,4,1
1,15,4,1,1,0,3,0,0,16,1,1,1,0,0,0,5,0,0,0,1
3,20,4,0,1,0,3,1,0,2,1,1,1,0,0,0,5,0,0,0,1
9,20,0,1,1,4,3,0,1,9,1,1,1,5,0,4,0,6,11,10,1
4,20,4,1,1,0,3,1,0,2,1,1,1,8,0,6,0,2,6,7,1
15,22,4,1,1,4,3,0,1,0,1,1,1,7,2,6,0,1,9,4,1
13,15,0,1,1,0,3,0,0,0,1,1,1,0,2,1,0,6,3,10,1
13,0,4,0,1,0,3,3,0,15,1,1,1,1,2,0,5,0,0,1,1
12,20,0,1,1,0,3,1,0,1,1,1,1,8,2,3,0,6,6,12,1
3,15,4,1,1,3,3,0,1,2,1,1,1,0,0,6,0,2,9,4,1
15,20,0,1,1,3,3,0,1,0,1,1,1,0,2,1,1,9,0,9,1
5,15,4,1,1,0,3,0,0,10,1,1,1,8,0,4,0,6,1,4,1
13,20,4,0,1,0,3,0,0,5,1,1,1,0,2,1,0,8,10,13,1
4,19,0,0,1,0,3,1,0,0,1,1,1,0,0,1,0,6,2,9,0
12,15,4,1,1,0,3,0,0,12,1,1,1,0,2,1,0,6,3,8,1
10,20,0,1,1,0,3,0,0,1,1,1,1,0,0,1,1,6,0,11,1
8,21,4,0,1,0,3,1,0,0,1,1,1,0,0,1,0,6,11,11,1
5,15,4,0,1,0,3,3,0,15,1,1,1,7,0,4,5,0,0,2,0
12,15,0,0,1,0,1,0,0,1,1,1,1,0,2,5,2,0,0,5,1
12,16,4,0,1,0,3,0,0,12,1,1,1,0,2,1,0,6,10,10,1
5,15,0,0,1,3,3,0,1,1,1,1,1,5,0,1,0,6,1,4,1
8,20,4,0,1,0,2,0,0,3,1,1,1,0,0,6,0,6,7,13,0
9,13,4,0,1,0,3,0,0,15,1,1,1,1,0,0,5,0,0,0,0
12,15,4,0,1,0,3,0,0,5,1,1,1,8,2,1,0,6,2,8,0
5,18,4,1,1,0,3,0,0,5,1,1,1,8,0,1,0,6,2,6,1
3,13,4,1,1,0,3,1,0,2,1,1,1,0,0,0,5,0,0,2,1
10,15,4,0,1,0,3,0,0,2,1,1,1,0,0,1,0,6,8,8,1
4,17,0,1,1,0,0,3,0,0,1,1,1,3,0,5,3,7,4,6,1
12,17,4,0,1,0,3,0,0,2,1,1,1,1,2,1,0,3,8,4,1
4,19,4,0,1,0,3,0,0,2,1,1,1,0,0,1,0,8,0,9,1
7,19,4,1,1,0,3,3,0,2,1,1,1,0,0,2,0,6,3,9,1
9,20,4,0,1,3,3,0,1,0,1,1,1,0,0,6,0,6,9,14,1
3,17,0,1,1,0,1,1,0,1,1,1,1,0,2,1,5,0,0,6,1
5,18,4,1,1,0,3,0,0,10,1,1,1,0,0,1,0,6,5,3,1
5,17,4,1,1,0,3,3,0,0,1,1,1,0,0,1,0,6,1,8,1
4,18,4,1,1,0,3,1,0,0,1,1,1,0,0,1,5,0,0,4,1
1,18,4,0,1,0,3,0,0,2,1,1,1,0,0,1,0,4,11,3,1
12,18,0,1,1,0,3,0,0,1,1,1,1,0,2,1,5,0,0,0,1
3,20,4,1,1,0,3,0,0,2,1,1,1,0,0,1,0,4,3,5,1
10,20,0,1,1,4,3,0,1,0,1,1,1,0,0,1,0,7,11,12,1
10,18,4,1,1,0,3,0,0,0,1,1,1,0,0,1,0,9,3,11,0
6,18,0,0,1,0,3,2,0,1,1,1,1,0,0,2,0,6,3,10,1
1,15,4,0,0,0,3,0,0,2,0,1,0,6,0,0,5,0,0,3,1
13,18,0,0,1,3,1,0,1,1,1,1,1,0,2,1,0,6,7,12,1
13,17,4,1,1,0,3,0,0,2,1,1,1,0,2,1,0,6,6,6,1
3,13,0,1,1,0,3,1,0,1,1,1,1,0,0,1,5,2,0,6,1
10,18,4,1,1,0,3,1,0,0,1,1,1,8,0,1,5,0,0,5,0
13,15,0,1,1,3,3,0,1,0,1,1,1,5,2,9,2,0,0,0,1
6,17,4,1,1,0,3,0,0,5,1,1,1,0,0,0,5,0,0,4,1
10,19,4,1,1,0,3,0,0,0,1,1,1,0,0,1,0,7,1,11,1
14,18,4,0,1,0,3,0,0,2,1,1,1,0,2,1,5,6,0,5,1
11,15,4,1,1,0,3,0,0,2,1,1,1,0,2,3,0,4,10,6,1
8,15,4,0,1,3,3,0,1,7,1,1,1,0,0,1,0,5,6,2,1
11,20,4,0,1,0,3,1,0,4,1,1,1,8,2,1,0,6,8,7,1
6,20,4,0,1,0,3,3,0,14,1,1,1,0,0,1,0,6,6,10,1
14,20,0,0,1,0,3,1,0,0,1,1,1,8,2,1,0,8,4,13,1
5,23,4,1,1,2,3,0,0,12,1,1,1,0,2,1,0,6,11,6,1
7,15,4,0,0,0,3,0,0,2,1,1,0,0,0,0,5,0,0,4,1
1,18,4,1,1,0,3,0,0,9,1,1,1,0,0,0,5,0,0,0,0
2,15,4,1,1,0,3,3,0,0,1,1,1,8,0,0,5,0,0,0,1
2,22,4,0,0,3,3,3,1,15,1,1,1,5,0,0,5,0,0,0,0
13,15,0,0,1,3,3,0,1,2,1,1,1,0,2,1,0,6,2,5,1
9,16,4,0,1,0,3,0,0,2,1,1,1,0,0,1,0,5,5,10,1
15,22,0,1,1,0,3,1,0,0,1,1,1,0,2,1,0,8,4,12,1
0,17,4,1,1,0,3,1,0,2,1,1,1,0,0,1,0,6,10,1,1
14,19,0,1,1,0,3,0,0,0,1,1,1,0,2,2,0,6,3,12,1
12,15,4,1,1,0,3,0,0,2,1,1,1,7,2,1,0,6,10,8,1
6,21,4,1,1,0,3,3,0,11,1,1,1,0,0,2,0,6,2,12,1
1,18,4,1,1,0,3,1,0,2,1,1,1,8,0,1,0,2,6,6,0
4,17,0,0,1,0,3,0,0,8,1,1,1,0,0,1,1,7,0,10,0
0,19,4,1,1,0,3,0,0,2,1,1,1,0,0,2,0,1,3,3,1
15,15,0,0,1,4,3,0,1,0,1,1,1,0,2,1,0,6,1,8,1
11,20,4,1,1,0,3,0,0,2,1,1,1,5,2,1,0,6,8,6,1
2,18,4,0,1,0,3,0,0,2,1,1,1,1,0,1,0,6,3,9,1
4,18,4,1,1,0,3,0,0,0,1,1,1,0,0,1,0,2,1,3,0
13,19,4,0,1,0,3,1,0,11,1,1,1,1,2,1,0,6,10,11,1
2,15,4,0,1,3,3,0,1,5,1,1,1,7,0,1,2,8,0,6,1
7,4,2,0,1,4,1,1,1,14,1,1,1,7,0,3,1,4,0,0,1
15,15,0,0,1,0,3,0,0,1,1,1,1,7,2,1,0,6,3,6,1
3,18,4,1,1,3,3,0,1,9,1,1,1,0,0,1,1,3,0,1,1
3,18,4,1,1,0,3,0,0,2,1,1,1,0,0,1,0,2,2,3,1
5,17,4,1,1,0,3,1,0,2,1,1,1,0,0,1,0,4,8,6,1
11,20,4,0,1,4,3,3,1,11,1,1,1,5,2,1,0,6,3,11,0
11,20,0,1,1,0,3,0,0,1,1,1,1,0,2,1,0,6,8,13,1
9,20,4,0,1,0,3,1,0,11,1,1,1,0,0,1,0,9,0,14,0
1,18,4,1,1,0,3,3,0,2,1,1,1,0,0,1,2,2,0,3,1
9,21,0,1,1,4,3,0,1,1,1,1,1,5,0,1,0,8,2,14,0
14,0,4,1,1,0,3,3,0,12,1,1,1,7,2,1,0,4,4,6,1
2,15,4,1,1,0,3,1,0,0,1,1,1,0,0,1,0,5,6,6,1
5,18,4,1,1,0,3,0,0,5,1,1,1,0,0,6,0,3,6,3,1
11,5,2,0,1,0,3,0,0,4,1,1,1,0,2,0,5,0,0,0,1
13,14,0,0,0,4,3,0,1,15,1,1,0,7,2,0,5,0,0,1,1
7,21,4,1,1,0,3,0,0,0,1,1,1,5,0,1,0,7,10,14,0
13,12,2,0,1,4,3,3,1,2,1,1,1,7,2,1,0,6,0,9,1
3,18,4,1,1,0,3,0,0,0,1,1,1,7,0,1,5,6,0,3,1
4,20,4,1,1,0,3,1,0,0,1,1,1,0,0,1,1,6,0,12,1
9,19,4,1,1,4,3,0,1,12,1,1,1,5,0,0,5,0,0,0,1
6,16,4,0,1,0,3,0,0,2,1,1,1,7,0,0,5,0,0,0,1
0,17,4,1,1,0,3,1,0,16,1,1,1,0,0,1,0,8,2,7,0
8,18,4,0,1,0,3,1,0,2,1,1,1,0,0,1,0,8,4,12,1
13,17,2,1,1,4,3,0,1,0,1,1,1,0,2,1,0,9,6,13,0
9,13,4,0,1,0,3,0,0,15,1,1,1,1,0,0,5,0,0,10,1
11,20,4,1,1,0,3,1,0,2,1,1,1,0,2,4,0,6,5,6,1
8,19,4,1,1,0,3,1,0,7,1,1,1,8,0,1,0,2,6,5,1
12,19,4,1,1,0,3,0,0,2,1,1,1,5,2,2,5,0,0,0,1
10,20,4,0,1,3,3,0,1,2,1,1,1,0,0,1,0,6,3,11,1
2,14,4,0,1,0,3,0,0,11,1,1,1,7,0,1,0,8,2,5,1
10,21,0,1,1,0,3,1,0,1,1,1,1,0,0,1,1,8,0,14,0
2,14,4,0,1,0,3,0,0,2,1,1,1,5,0,1,2,2,0,3,1
0,13,4,1,1,0,3,1,0,10,1,1,1,0,0,0,5,0,0,0,1
1,18,4,0,1,0,3,0,0,2,1,1,1,5,0,2,0,2,4,3,1
15,19,4,1,1,3,3,0,1,12,1,1,1,0,2,1,0,6,4,9,1
1,18,4,1,1,0,3,1,0,2,1,1,1,7,0,1,5,4,0,4,0
2,19,4,1,1,4,3,0,1,16,1,1,1,5,0,1,5,6,0,3,0
2,22,4,1,1,3,3,0,1,0,1,1,1,0,0,1,0,6,9,11,1
4,16,4,0,1,0,3,0,0,2,1,1,1,0,0,1,0,6,11,4,1
1,17,4,1,1,0,3,0,0,0,1,1,1,7,0,1,0,1,2,4,1
14,8,1,1,1,4,3,1,1,4,1,1,1,0,2,4,0,5,2,3,1
15,21,0,1,1,0,3,1,0,1,1,1,1,8,2,1,0,1,10,3,1
2,18,4,1,1,0,3,0,0,2,1,1,1,7,0,3,0,4,6,6,1
0,15,4,1,1,0,3,0,0,16,1,1,1,0,0,1,0,4,8,6,1
14,20,4,0,1,0,3,0,0,0,1,1,1,0,2,7,0,7,2,10,1
4,20,4,1,1,0,3,0,0,2,1,1,1,1,0,1,0,3,6,5,1
3,18,4,1,1,0,3,1,0,2,1,1,1,0,0,1,1,4,0,4,1
2,15,4,1,1,3,3,0,0,11,1,1,1,0,0,1,0,6,2,11,1
5,20,4,1,1,4,3,0,1,10,1,1,1,0,0,0,5,0,0,0,0
10,15,4,1,1,0,3,0,0,2,1,1,1,7,0,1,0,6,10,9,1
6,18,0,1,1,0,3,0,0,1,1,1,1,0,0,0,5,0,0,6,1
14,15,4,0,0,0,3,1,0,0,1,0,0,8,2,6,5,0,0,1,1
1,18,4,1,1,0,3,1,0,2,1,1,1,8,0,3,0,1,8,5,1
12,20,0,0,1,0,3,0,0,0,1,1,1,1,2,1,0,8,8,11,1
4,18,4,1,1,0,3,0,0,0,1,1,1,0,0,1,1,3,0,6,0
12,15,0,0,1,0,3,0,0,0,1,1,1,0,2,1,0,5,2,10,1
10,15,4,0,1,0,3,0,0,12,1,1,1,0,0,1,2,6,0,5,0
6,18,4,0,1,0,3,0,0,2,1,1,1,7,0,1,0,6,8,7,1
2,18,4,1,1,3,3,1,1,2,1,1,1,8,0,1,0,2,1,2,1
9,18,0,0,1,0,3,3,0,1,1,1,1,0,0,0,5,0,0,0,1
1,15,4,1,1,0,3,0,0,2,1,1,1,0,0,2,5,1,0,1,1
11,14,0,1,1,4,3,0,1,2,1,1,1,5,2,0,5,0,0,0,0
9,20,4,0,1,4,3,0,1,0,1,1,1,7,0,6,0,2,9,6,1
15,23,0,0,1,4,3,0,1,1,1,1,1,5,2,0,5,0,0,4,1
12,19,0,0,1,0,3,3,0,1,1,1,1,0,2,7,0,9,8,12,1
5,20,4,0,1,4,3,0,1,0,1,1,1,0,0,3,0,6,3,12,0
13,23,4,0,1,0,3,3,0,2,1,1,1,0,2,8,0,6,3,10,1
0,15,4,0,0,0,3,0,0,2,1,1,0,0,0,0,5,0,0,1,1
15,22,0,0,1,0,3,0,0,11,1,1,1,0,2,1,0,9,6,14,1
8,18,0,0,1,4,3,0,1,1,1,1,1,7,0,1,0,6,8,9,1
4,20,4,0,1,0,3,3,0,2,1,1,1,0,0,1,0,4,1,6,1
13,18,0,1,1,0,3,3,0,0,1,1,1,0,2,1,0,6,2,9,0
1,18,4,1,1,0,3,0,0,2,1,1,1,0,0,9,2,0,0,0,0
2,20,4,1,1,4,3,0,1,9,1,1,1,7,0,1,2,2,0,0,0
12,20,0,0,1,3,3,2,1,1,1,1,1,8,2,1,0,6,1,10,1
0,15,4,0,1,0,3,3,0,2,1,1,1,7,0,0,5,0,0,0,1
2,17,0,0,1,0,1,3,0,1,1,1,1,7,2,1,0,9,7,7,1
2,18,0,1,1,4,3,0,1,8,1,1,1,5,0,0,5,0,0,0,1
11,19,4,1,1,0,3,0,0,0,1,1,1,1,2,1,0,6,3,7,1
10,17,4,1,1,0,3,1,0,0,1,1,1,0,0,6,0,2,2,8,1
1,15,4,1,1,0,3,0,0,16,1,1,1,5,0,1,5,1,0,2,1
8,20,4,1,1,0,3,0,0,12,1,1,1,0,0,2,0,3,4,3,0
10,20,2,0,1,0,3,1,0,0,1,1,1,0,0,1,0,7,3,12,1
12,20,0,1,1,0,3,1,0,1,1,1,1,0,2,2,0,7,4,10,1
13,18,0,1,1,0,3,1,0,1,1,1,1,0,2,1,5,0,0,0,1
2,18,4,1,1,0,3,0,0,2,1,1,1,5,0,0,5,0,0,0,1
3,15,4,0,1,0,3,1,0,2,1,1,1,8,0,1,0,6,6,9,1
4,20,4,0,1,0,3,0,0,2,1,1,1,5,0,1,0,6,2,9,0
3,21,4,1,1,0,3,0,0,9,1,1,1,5,0,1,0,6,5,9,0
6,19,0,1,1,0,3,1,0,0,1,1,1,0,0,1,0,8,4,9,0
6,20,4,0,1,0,3,1,0,2,1,1,1,5,0,3,0,6,8,12,1
15,19,4,0,1,0,3,3,0,0,1,1,1,5,2,3,0,6,7,12,0
11,20,4,0,1,0,3,0,0,0,1,1,1,0,2,1,0,6,6,13,1
11,20,4,0,1,0,3,0,0,0,1,1,1,1,0,2,0,4,3,4,1
10,15,4,1,1,0,3,3,0,2,1,1,1,8,0,1,0,6,4,5,1
0,15,4,0,1,4,3,0,1,11,1,1,1,5,0,1,0,1,8,2,0
7,20,4,0,1,4,3,0,1,11,1,1,1,5,0,0,5,0,0,0,1
6,20,4,1,1,0,3,1,0,2,1,1,1,0,0,1,0,6,3,8,1
5,18,4,1,1,0,3,0,0,2,1,1,1,1,0,1,0,1,3,2,1
2,17,4,0,1,0,0,1,0,16,1,1,1,0,0,5,3,9,4,5,0
8,20,0,1,1,4,3,0,1,0,1,1,1,0,0,1,0,6,6,10,1
14,20,0,0,1,0,3,1,0,1,1,1,1,0,2,1,0,9,8,14,1
5,18,4,1,1,0,3,0,0,2,1,1,1,7,0,1,0,3,11,3,0
1,14,4,1,1,0,3,1,0,0,1,1,1,0,0,3,0,1,1,1,0
1,18,4,1,1,0,3,3,0,2,1,1,1,7,0,1,0,6,3,10,1
10,20,0,1,1,0,3,1,0,1,1,1,1,0,0,0,5,0,0,0,0
15,15,0,1,1,0,3,0,0,0,1,1,1,7,2,1,0,6,3,9,1
11,18,4,1,1,0,3,0,0,2,1,1,1,0,2,1,2,0,0,0,1
11,20,4,1,1,2,3,1,0,12,1,1,1,0,2,1,0,7,10,14,0
13,20,0,0,1,0,3,1,0,0,1,1,1,0,2,4,0,9,0,14,0
10,13,4,0,1,0,3,0,0,15,1,1,1,1,0,0,5,0,0,0,0
3,15,4,0,1,0,3,1,0,7,1,1,1,0,0,9,2,0,0,0,1
6,20,4,1,1,0,3,1,0,11,1,1,1,0,0,2,0,6,1,10,1
1,15,4,0,1,0,3,3,0,14,1,1,1,0,0,1,0,4,10,10,1
7,18,4,1,1,0,3,0,0,12,1,1,1,0,0,2,0,7,8,11,1
6,20,4,0,1,0,3,1,0,2,1,1,1,0,0,1,0,3,8,11,1
6,20,4,0,1,0,3,1,0,0,1,1,1,7,0,2,0,6,6,13,1
5,18,4,1,1,0,3,0,0,0,1,1,1,7,0,1,0,2,8,4,1
6,20,4,0,1,0,3,3,0,2,1,1,1,5,0,2,0,6,5,7,1
9,20,0,0,1,0,3,1,0,1,1,1,1,5,0,1,5,0,0,0,1
3,15,4,1,1,0,3,1,0,2,1,1,1,0,0,1,0,6,3,4,1
5,20,4,0,1,0,3,0,0,0,1,1,1,0,0,1,0,8,3,14,1
14,19,0,1,1,0,3,3,0,8,1,1,1,0,2,3,5,0,0,0,1
9,15,0,0,1,0,3,1,0,1,1,1,1,0,0,1,0,7,11,11,1
13,17,4,0,1,0,3,0,0,2,1,1,1,5,2,1,0,6,1,13,0
4,20,4,1,1,0,3,0,0,0,1,1,1,0,0,1,0,3,6,11,0
8,21,4,0,1,4,3,0,1,11,1,1,1,5,0,1,0,6,2,13,1
12,14,0,0,1,4,3,0,1,0,1,1,1,0,2,1,0,5,8,6,0
11,16,4,0,0,0,3,1,0,15,1,1,0,0,2,0,5,0,0,0,0
11,18,4,1,1,4,3,0,1,12,1,1,1,2,2,3,0,6,7,9,1
3,20,4,1,1,0,3,2,0,2,1,1,1,0,0,2,0,1,1,2,1
11,18,0,1,1,0,3,0,0,0,1,1,1,0,2,6,0,1,0,6,1
11,20,4,1,1,4,3,0,1,0,1,1,1,5,2,0,5,0,0,0,1
6,13,4,1,1,0,3,0,0,4,1,1,1,0,0,1,5,0,0,0,1
13,15,0,0,1,0,3,3,0,0,1,1,1,0,2,4,0,6,2,11,1
0,18,4,1,1,0,3,0,0,11,1,1,1,5,0,0,5,0,0,0,1
2,16,4,1,1,0,3,3,0,3,1,1,1,0,0,0,5,0,0,0,1
13,20,4,0,1,0,3,1,0,0,1,1,1,0,2,1,0,6,6,14,1
8,20,4,1,1,4,3,0,1,9,1,1,1,5,0,0,5,0,0,0,1
5,20,0,0,1,2,3,3,0,1,1,1,1,0,0,1,0,5,3,3,1
2,17,0,1,0,4,3,1,1,1,1,1,1,5,2,0,5,0,0,10,1
2,16,4,0,1,0,3,0,0,2,1,1,1,7,0,1,5,6,0,1,1
7,20,0,1,1,0,3,1,0,1,1,1,1,0,0,1,0,5,5,8,1
15,20,0,1,1,0,3,3,0,0,1,1,1,0,2,4,0,6,5,7,1
3,19,4,0,1,3,3,0,1,2,1,1,1,0,0,1,0,6,3,6,1
1,18,4,0,1,0,3,0,0,15,1,1,1,1,0,1,5,2,0,2,0
11,20,4,0,1,0,3,0,0,11,1,1,1,5,2,1,0,6,4,10,0
0,15,4,0,1,0,2,3,0,10,1,1,1,0,0,0,5,0,0,0,1
13,15,0,0,1,0,3,3,0,15,1,1,1,1,2,0,5,0,0,0,1
11,21,0,0,1,3,3,0,1,0,1,1,1,5,2,3,0,6,8,13,1
4,20,4,1,1,0,3,0,0,3,1,1,1,8,0,1,0,2,2,5,1
10,18,0,1,1,3,3,0,1,2,1,1,1,0,0,1,0,4,6,5,1
11,18,0,0,1,0,3,0,0,1,1,1,1,0,2,0,5,0,0,0,1
15,20,0,0,1,4,3,0,1,1,1,1,1,0,2,1,0,6,4,14,0
2,15,4,0,1,0,3,3,0,12,1,1,1,0,0,0,5,0,0,0,1
2,15,4,1,1,0,3,1,0,16,1,1,1,0,0,1,5,6,0,5,1
4,17,4,0,1,0,3,3,0,11,1,1,1,0,0,0,5,0,0,0,1
8,20,4,0,1,0,3,0,0,2,1,1,1,7,0,4,0,1,1,3,1
1,18,4,1,1,0,3,1,0,16,1,1,1,8,0,2,0,3,1,3,1
4,18,4,1,1,0,3,1,0,2,1,1,1,0,0,1,5,0,0,4,1
5,17,4,1,1,0,3,1,0,9,1,1,1,0,0,1,0,6,3,8,0
0,18,4,1,1,0,3,0,0,16,1,1,1,0,0,1,5,2,0,3,1
11,15,4,0,1,0,3,1,0,0,1,1,1,7,2,1,0,6,4,11,1
15,20,0,0,1,0,3,3,0,0,1,1,1,0,2,1,0,9,4,14,1
15,21,4,0,1,0,3,3,0,2,1,1,1,0,2,1,0,6,7,12,1
12,2,0,1,1,3,3,0,1,5,1,1,1,7,2,0,2,0,0,4,1
14,15,0,0,1,0,3,3,0,1,1,1,1,0,2,0,5,0,0,12,1
11,20,4,0,1,0,3,0,0,2,1,1,1,5,2,1,0,7,6,13,1
6,15,4,0,1,0,3,0,0,2,1,1,1,7,0,1,0,6,1,8,1
1,18,4,0,0,0,3,0,0,2,1,1,0,2,0,1,5,0,0,0,1
1,18,4,1,1,0,3,0,0,9,1,1,1,0,0,1,0,1,3,1,1
11,21,0,1,1,0,3,0,0,1,1,1,1,1,2,2,0,6,1,11,0
15,15,0,1,1,4,3,0,1,0,1,1,1,7,2,1,0,6,5,9,1
3,15,4,0,1,0,3,3,0,16,1,1,1,5,0,2,5,0,0,0,1
15,18,4,0,1,0,3,0,0,0,1,1,1,0,2,1,0,6,4,9,1
6,19,4,1,1,0,3,1,0,12,1,1,1,0,0,1,0,4,2,4,0
4,20,4,1,1,0,3,3,0,11,1,1,1,0,0,0,5,0,0,0,1
2,17,4,1,1,0,3,0,0,0,1,1,1,0,0,1,0,7,8,14,1
9,19,4,1,1,0,3,0,0,12,1,1,1,0,0,1,0,6,2,10,0
6,19,4,1,1,0,3,1,0,0,1,1,1,0,0,1,0,6,4,14,0
4,15,4,0,1,0,3,0,0,2,1,1,1,7,0,1,0,6,1,9,1
13,21,4,0,1,0,3,1,0,0,1,1,1,0,2,1,0,6,3,11,0
7,6,4,1,1,4,3,3,1,16,1,1,1,8,0,9,2,0,0,0,0
8,15,4,0,1,0,3,0,0,7,1,1,1,7,0,1,0,6,2,7,1
2,18,4,1,0,0,3,1,0,14,1,1,1,7,2,1,0,6,6,7,0
5,18,0,1,1,0,1,1,0,1,1,1,1,0,2,5,5,0,0,2,1
15,18,0,0,1,0,3,0,0,15,1,1,1,0,2,2,5,6,0,9,1
14,20,0,1,1,3,3,0,1,1,1,1,1,5,2,2,5,0,0,0,1
8,18,4,0,1,0,3,1,0,2,1,1,1,0,0,1,0,6,3,6,1
6,20,4,0,1,0,3,3,0,2,1,1,1,5,0,2,0,6,0,9,1
2,18,4,0,1,0,3,3,0,2,1,1,1,5,0,1,0,2,5,4,1
3,15,4,0,0,0,3,3,0,2,1,1,1,0,0,1,0,5,4,4,1
6,15,4,0,1,0,3,0,0,2,1,1,1,0,0,1,0,6,4,7,1
4,12,4,0,1,0,3,0,0,4,1,1,1,0,0,1,1,0,0,1,0
11,15,4,1,1,0,3,0,0,2,1,1,1,1,2,0,5,0,0,4,1
11,20,4,0,1,0,3,1,0,11,1,1,1,8,2,1,0,9,3,14,0
3,20,4,1,1,0,3,0,0,2,1,1,1,5,0,1,5,1,0,2,1
7,19,4,1,1,0,3,0,0,0,1,1,1,7,0,4,0,6,4,4,1
0,18,4,1,1,0,3,0,0,16,1,1,1,0,0,1,5,0,0,0,1
3,13,4,1,1,0,3,3,0,2,1,1,1,0,0,1,5,0,0,0,0
9,18,4,0,1,3,3,1,1,2,1,1,1,0,0,1,0,7,8,12,1
8,8,4,0,1,4,3,1,1,11,1,1,1,0,0,1,1,3,0,1,1
13,21,4,1,1,0,3,1,0,0,1,1,1,0,2,1,0,9,3,14,1
4,20,4,0,1,0,3,3,0,4,1,1,1,0,0,1,0,1,4,5,1
11,16,0,0,1,0,3,0,0,2,1,1,1,7,2,0,5,0,0,0,1
2,14,4,0,1,0,3,0,0,2,1,1,1,0,0,1,0,5,10,2,1
14,14,4,0,0,0,3,0,0,2,1,1,0,7,2,0,5,0,0,5,1
9,20,0,0,1,0,3,0,0,14,1,1,1,1,0,1,0,6,6,10,0
2,0,4,1,1,4,3,0,1,9,1,1,1,7,0,0,5,0,0,0,1
4,15,4,0,1,0,3,0,0,2,1,1,1,0,0,3,0,4,2,5,1
8,6,4,0,1,0,3,0,0,7,1,1,1,8,0,1,0,3,8,4,0
4,18,4,0,1,0,3,3,0,14,1,1,1,0,0,1,0,6,8,9,1
2,19,4,0,1,0,3,0,0,2,1,1,1,5,0,1,0,2,2,4,1
13,18,4,0,1,0,3,0,0,0,1,1,1,1,2,1,0,6,10,7,1
15,18,4,1,1,0,3,0,0,0,1,1,1,0,2,6,0,2,0,2,1
15,20,0,0,1,0,3,3,0,1,1,1,1,0,2,1,2,6,0,14,1
3,15,4,0,1,0,3,1,0,2,1,1,1,0,0,0,5,0,0,2,1
2,20,4,1,1,0,3,0,0,2,1,1,1,7,0,1,0,1,6,2,1
10,20,0,1,1,4,3,0,1,1,1,1,1,0,0,1,0,6,4,9,1
0,18,4,0,1,0,3,0,0,16,1,1,1,0,0,1,0,2,1,3,1
13,18,4,1,1,0,3,0,0,2,1,1,1,0,2,4,0,1,10,7,1
10,15,0,0,1,0,1,0,0,0,1,1,1,0,0,1,0,9,3,14,0
12,18,2,1,0,0,3,0,0,0,1,1,1,0,2,1,0,5,6,8,1
1,15,4,0,1,0,3,1,0,7,1,1,1,0,0,4,0,2,1,4,1
5,15,4,0,1,0,3,0,0,16,1,1,1,1,0,1,0,6,10,7,1
0,15,4,0,1,0,3,0,0,0,1,1,1,0,0,1,1,1,0,1,0
14,20,0,1,1,4,3,0,1,1,1,1,1,0,2,1,0,5,8,11,1
11,19,0,0,1,3,3,0,1,2,1,1,1,0,2,3,0,4,4,5,1
4,18,4,0,1,4,3,0,1,11,1,1,1,5,0,1,0,6,2,5,0
11,18,4,1,1,0,3,0,0,2,1,1,1,0,2,1,0,4,6,4,1
1,18,4,1,1,0,3,0,0,14,1,1,1,7,0,1,5,0,0,0,1
10,15,0,1,1,4,3,0,1,8,1,1,1,0,0,4,0,6,1,7,1
13,20,4,0,1,2,3,0,0,0,1,1,1,0,2,1,0,2,6,4,1
5,20,4,1,1,0,3,1,0,11,1,1,1,0,0,1,2,4,0,4,0
10,0,4,1,1,4,3,0,1,0,1,1,1,0,0,1,0,8,3,7,1
6,18,4,0,0,0,3,0,0,2,1,1,0,0,0,0,5,0,0,7,1
10,23,0,0,1,0,3,3,0,0,1,1,1,0,0,1,0,8,11,14,1
7,19,4,1,1,0,3,3,0,2,1,1,1,0,0,0,5,0,0,0,1
1,18,4,0,1,0,3,0,0,15,1,1,1,0,0,0,5,0,0,0,0
5,12,4,0,1,0,3,0,0,2,1,1,1,7,0,1,2,0,0,0,1
1,15,4,1,1,0,3,0,0,2,1,1,1,0,0,1,0,4,3,5,1
1,18,4,1,1,0,3,0,0,2,1,1,1,0,0,1,0,1,3,4,1
0,13,4,0,1,4,3,0,1,2,1,1,1,0,0,0,5,0,0,0,1
12,15,4,1,1,0,3,0,0,2,1,1,1,7,2,1,0,6,3,4,1
5,18,4,0,1,0,3,0,0,2,1,1,1,1,0,1,0,2,6,4,1
10,19,4,1,1,0,3,0,0,2,1,1,1,0,0,1,5,0,0,0,1
10,20,4,0,1,0,3,1,0,0,1,1,1,0,0,1,0,8,4,4,1
2,15,4,0,1,0,3,1,0,0,1,1,1,8,0,6,0,6,4,12,1
8,21,4,0,1,0,3,0,0,14,1,1,1,0,0,1,0,6,6,3,0
7,20,0,1,1,0,3,3,0,2,1,1,1,5,0,0,5,0,0,0,1
6,20,4,0,1,0,3,0,0,11,1,1,1,0,0,1,0,6,3,12,1
15,20,0,1,1,0,3,3,0,1,1,1,1,0,2,1,0,4,5,4,0
15,19,4,0,0,4,3,0,1,0,1,1,0,0,2,1,5,0,0,0,1
1,18,4,0,1,0,3,3,0,2,1,1,1,0,0,0,5,0,0,0,1
1,15,4,0,1,3,3,0,1,2,1,1,1,5,0,1,0,6,3,8,1
12,19,4,1,1,0,3,0,0,2,1,1,1,8,0,2,0,4,8,3,1
1,18,4,1,1,0,3,0,0,16,1,1,1,1,0,3,0,2,1,6,1
3,18,4,0,0,0,3,0,0,2,1,0,1,0,0,1,0,6,6,2,1
8,21,0,1,1,0,3,2,0,0,1,1,1,0,0,3,2,2,0,4,1
3,15,4,0,1,0,3,0,0,12,1,1,1,7,0,1,0,4,10,4,0
4,15,4,0,1,0,3,0,0,2,1,1,1,7,0,1,0,6,6,8,1
3,17,4,0,1,0,3,3,0,2,1,1,1,5,0,1,0,4,8,6,1
8,18,4,0,1,0,3,0,0,2,1,1,1,0,0,6,5,0,0,0,1
1,18,4,0,1,0,3,3,0,2,1,1,1,0,0,1,0,5,2,8,1
11,21,0,1,1,3,3,1,1,1,1,1,1,0,2,1,0,4,3,13,1
11,15,4,1,1,0,3,0,0,7,1,1,1,7,2,1,0,6,11,6,1
6,15,4,1,1,0,3,3,0,2,1,1,1,7,0,1,5,2,0,3,1
9,20,4,0,1,0,3,0,0,0,1,1,1,0,0,1,0,7,8,13,1
13,20,4,0,1,0,3,1,0,0,1,1,1,0,2,1,0,6,1,13,1
1,18,4,1,1,0,3,0,0,2,1,1,1,7,0,1,0,1,2,3,1
5,19,4,1,1,0,3,0,0,12,1,1,1,0,0,1,0,6,2,12,1
15,15,2,0,1,0,3,0,0,2,1,1,1,0,2,1,0,6,4,9,1
0,8,4,0,0,2,3,0,0,3,0,0,0,0,0,0,5,0,0,1,1
14,8,4,0,1,4,3,0,1,11,1,1,1,0,2,0,5,0,0,3,1
5,11,4,0,1,4,3,0,1,15,1,1,1,7,0,1,5,9,0,0,0
2,19,4,0,1,0,3,3,0,2,1,1,1,5,0,0,5,0,0,0,1
4,17,4,0,1,0,3,0,0,2,1,1,1,0,0,0,5,0,0,2,0
8,18,4,1,0,0,3,0,0,12,1,1,1,0,2,1,0,9,11,6,0
15,22,0,1,1,0,3,1,0,1,1,1,1,0,2,1,0,9,6,12,1
8,15,0,0,1,4,3,3,1,5,1,1,1,0,0,1,0,8,4,10,1
13,19,4,0,1,3,3,3,1,11,1,1,1,0,2,1,0,4,6,6,1
7,11,4,1,1,0,3,0,0,4,1,1,1,0,0,1,2,0,0,0,1
6,20,4,0,0,0,3,0,0,0,1,1,0,0,0,1,0,6,6,6,1
10,19,0,1,1,0,3,0,0,8,1,1,1,0,0,3,1,4,0,6,1
7,15,4,1,1,0,3,0,0,2,1,1,1,0,0,9,2,0,0,0,1
7,17,0,0,1,0,3,1,0,0,1,1,1,0,0,1,0,6,3,9,0
15,15,4,0,1,0,3,1,0,12,1,1,1,0,2,6,0,6,3,6,0
9,15,4,1,1,0,3,0,0,0,1,1,1,0,0,3,0,6,3,8,0
9,20,4,1,1,0,3,0,0,14,1,1,1,0,0,1,0,6,3,10,1
9,19,0,1,1,0,3,0,0,0,1,1,1,0,0,1,0,6,3,12,0
14,21,4,1,1,0,3,3,0,14,1,1,1,5,2,3,0,2,4,13,1
5,15,0,0,1,4,3,0,1,1,1,1,1,5,0,1,0,4,4,5,0
5,20,4,0,1,2,3,3,0,2,1,1,1,0,0,1,0,5,11,8,1
9,19,4,0,1,0,3,1,0,2,1,1,1,0,0,2,0,6,2,12,1
8,15,0,0,1,4,3,0,1,0,1,1,1,0,0,1,0,9,8,7,1
1,18,4,1,1,0,3,0,0,2,1,1,1,0,0,2,0,2,3,3,1
15,15,4,0,1,0,3,1,0,0,1,1,1,0,2,1,0,6,1,9,1
3,18,4,0,1,0,3,1,0,0,1,1,1,0,0,1,0,5,2,4,1
15,0,4,0,0,0,3,3,0,2,0,0,1,7,2,1,0,6,4,11,1
15,22,4,0,1,0,3,0,0,15,1,1,1,0,2,0,5,0,0,0,1
9,19,0,1,1,0,3,3,0,8,1,1,1,0,0,4,0,6,3,5,1
7,15,4,1,1,0,3,0,0,0,1,1,1,7,0,1,2,6,0,8,1
11,18,4,0,0,0,1,1,0,0,0,0,1,0,2,4,2,0,0,5,1
6,20,4,0,1,3,3,0,1,11,1,1,1,5,0,0,5,0,0,0,1
0,10,4,0,1,4,3,0,1,5,1,1,1,0,0,0,5,0,0,0,1
3,18,4,0,1,0,3,0,0,2,1,1,1,7,0,0,5,0,0,0,1
10,15,4,0,1,0,3,3,0,2,1,1,1,0,0,1,0,5,4,12,1
11,18,4,0,1,0,3,0,0,12,1,1,1,0,2,0,5,0,0,0,1
11,20,4,1,1,3,3,0,1,2,1,1,1,0,2,3,0,6,6,9,1
4,19,4,1,1,0,3,3,0,0,1,1,1,4,0,3,0,5,3,3,1
15,18,2,1,1,0,3,3,0,0,1,1,1,0,2,4,0,9,1,11,0
3,20,4,1,1,0,3,0,0,2,1,1,1,0,0,1,0,3,6,5,1
9,18,0,0,1,0,3,0,0,1,1,1,1,0,0,1,0,6,4,5,1
13,18,0,1,1,0,3,3,0,1,1,1,1,0,2,1,0,6,3,10,1
3,20,4,0,1,0,3,1,0,2,1,1,1,7,0,1,2,2,0,4,1
9,17,0,0,1,0,3,1,0,1,1,1,1,0,0,7,5,9,0,7,0
13,20,4,0,1,0,1,1,0,0,1,1,1,8,2,5,0,6,9,13,0
13,15,4,0,1,4,3,0,1,9,1,1,1,0,2,1,0,6,0,8,1
4,18,4,1,1,0,3,0,0,2,1,1,1,0,0,0,5,0,0,0,0
5,17,4,0,1,0,3,0,0,0,1,1,1,7,0,1,0,9,3,10,0
1,18,4,1,1,0,3,0,0,2,1,1,1,0,0,2,0,1,4,3,1
4,20,0,1,1,0,3,0,0,0,1,1,1,1,0,1,0,6,5,7,0
9,18,2,1,0,1,3,0,1,14,1,1,0,7,1,3,0,4,3,6,1
4,15,4,0,1,2,3,0,0,2,1,1,1,2,0,6,5,0,0,0,1
7,20,4,1,1,0,3,0,0,0,1,1,1,0,0,3,0,6,8,11,1
11,21,0,0,1,0,3,1,0,0,1,1,1,0,2,2,0,6,0,9,0
5,20,4,0,1,0,3,0,0,5,1,1,1,7,0,1,2,8,0,4,1
2,18,4,1,1,0,3,1,0,0,1,1,1,5,0,0,5,0,0,0,1
7,20,4,1,1,0,3,0,0,2,1,1,1,5,0,1,1,3,0,1,1
12,21,0,1,1,0,3,0,0,0,1,1,1,0,2,2,0,6,2,13,0
13,15,0,1,1,2,3,3,0,1,1,1,1,0,2,9,2,0,0,0,1
6,20,4,0,1,0,3,1,0,0,1,1,1,0,0,1,0,4,3,14,1
14,20,0,0,1,4,3,0,1,1,1,1,1,0,2,1,0,6,4,13,0
13,22,0,0,1,0,3,0,0,1,1,1,1,0,2,7,0,9,3,13,1
3,15,4,0,1,0,3,0,0,5,1,1,1,7,0,1,0,8,10,6,1
2,15,4,1,1,0,3,1,0,16,1,1,1,0,0,1,0,2,2,6,1
2,19,4,0,1,0,3,3,0,12,1,1,1,8,0,1,5,6,0,4,0
2,18,4,1,1,0,3,1,0,2,1,1,1,7,0,1,0,1,4,2,1
12,15,0,0,1,0,3,0,0,1,1,1,1,8,2,1,0,6,6,12,1
15,15,4,0,1,0,3,0,0,4,1,1,1,5,2,0,5,0,0,0,1
14,18,0,0,1,0,3,3,0,1,1,1,1,0,2,1,0,6,8,8,0
1,15,4,0,0,3,3,3,0,6,0,1,0,7,0,2,0,6,2,12,1
6,20,4,1,1,0,3,0,0,2,1,1,1,0,0,1,5,1,0,2,1
7,15,4,0,1,4,3,0,1,0,1,1,1,0,0,1,5,1,0,3,0
2,18,4,1,1,0,3,1,0,2,1,1,1,0,0,1,0,1,4,3,1
10,20,0,0,1,0,3,3,0,0,1,1,1,5,0,1,0,7,8,14,0
0,17,4,1,1,0,3,0,0,16,1,1,1,0,0,2,5,1,0,1,0
13,18,0,1,1,0,3,1,0,1,1,1,1,0,2,1,0,1,2,3,1
14,22,1,1,1,3,3,1,1,0,1,1,1,1,2,1,0,9,9,11,0
9,20,0,0,1,0,3,1,0,1,1,1,1,0,0,7,0,5,5,13,1
15,20,0,1,1,0,3,3,0,1,1,1,1,7,2,1,0,7,5,13,1
2,15,0,1,1,0,3,3,0,0,1,1,1,0,0,1,0,9,1,9,1
4,21,4,1,1,0,3,1,0,4,1,1,1,0,0,1,2,0,0,4,1
0,15,4,1,1,0,3,3,0,2,1,1,1,0,0,0,5,0,0,0,1
6,18,4,0,1,0,3,1,0,0,1,1,1,0,0,1,5,0,0,0,0
15,19,4,1,1,0,3,0,0,0,1,1,1,0,2,1,0,6,3,11,1
3,18,4,1,1,0,3,0,0,2,1,1,1,7,0,1,5,0,0,0,1
11,15,0,1,1,0,3,0,0,0,1,1,1,0,2,1,0,4,6,6,1
11,15,0,0,1,0,3,0,0,0,1,1,1,0,2,1,0,6,10,10,1
2,15,4,0,1,0,3,0,0,15,1,1,1,7,0,0,5,0,0,0,0
4,19,4,0,1,3,3,3,1,11,1,1,1,5,0,1,0,2,3,4,0
6,18,4,0,1,0,3,0,0,5,1,1,1,7,0,1,0,6,8,8,1
8,20,4,1,1,0,3,0,0,0,1,1,1,0,0,1,0,5,5,6,0
10,20,0,1,1,0,3,0,0,0,1,1,1,0,0,1,0,6,3,14,1
4,15,0,1,1,0,3,1,0,0,1,1,1,0,0,1,0,2,4,4,1
9,0,4,1,1,4,3,0,1,2,1,1,1,6,0,0,5,0,0,11,1
0,19,4,1,1,0,3,0,0,16,1,1,1,7,0,1,5,6,0,3,0
1,14,4,0,1,0,3,0,0,2,1,1,1,5,0,1,2,6,0,8,1
4,15,4,1,1,0,3,3,0,10,1,1,1,4,0,1,0,9,8,5,1
13,21,0,0,1,3,3,0,1,0,1,1,1,5,2,3,0,2,2,13,1
13,18,4,0,1,0,3,0,0,0,1,1,1,1,2,1,5,0,0,0,1
9,18,1,1,0,3,3,0,1,5,1,1,0,0,0,1,0,9,5,9,1
2,18,4,1,1,0,3,0,0,2,1,1,1,0,0,1,0,1,2,3,0
1,17,4,0,1,3,3,0,1,2,1,1,1,0,0,1,0,6,6,9,0
8,0,4,0,1,4,3,0,1,0,1,1,1,7,0,0,5,0,0,12,1
6,20,4,0,1,0,3,3,0,5,1,1,1,0,0,1,0,6,3,12,1
4,18,4,0,1,0,3,0,0,4,1,1,1,0,0,1,5,0,0,0,1
3,18,4,0,1,4,3,0,1,2,1,1,1,5,0,1,0,4,10,3,1
2,15,4,0,1,3,3,0,1,2,1,1,1,5,0,1,0,6,7,9,1
2,13,4,0,1,0,3,0,0,3,1,1,1,1,0,6,0,1,2,2,1
7,20,0,0,1,0,3,0,0,0,1,1,1,0,0,1,0,6,10,14,1
9,21,4,1,1,0,3,0,0,2,1,1,1,5,0,0,5,0,0,12,1
5,20,4,0,1,0,3,1,0,15,1,1,1,8,0,2,5,6,0,9,0
10,21,4,0,1,0,3,0,0,14,1,1,1,7,0,1,0,6,3,13,0
1,15,4,0,1,0,3,1,0,7,1,1,1,5,0,1,0,6,6,6,1
15,20,0,0,1,0,3,1,0,0,1,1,1,0,2,1,0,9,4,14,0
11,20,0,1,1,0,3,0,0,8,1,1,1,0,2,0,5,0,0,0,1
1,18,4,1,1,0,3,1,0,2,1,1,1,5,0,2,0,1,3,2,1
0,17,4,0,1,0,3,0,0,2,1,1,1,7,0,1,0,4,3,4,1
5,20,0,1,1,0,3,1,0,1,1,1,1,0,0,2,0,5,0,8,0
8,15,4,0,1,0,3,0,0,12,1,1,1,0,0,3,0,7,8,11,0
5,20,4,1,1,0,3,1,0,5,1,1,1,0,0,1,0,6,2,6,0
3,15,4,1,1,0,3,3,0,11,1,1,1,0,0,1,0,6,4,4,0
7,18,4,0,1,0,3,0,0,0,1,1,1,5,0,1,0,6,4,13,1
6,20,4,0,1,0,3,0,0,4,1,1,1,0,0,1,0,4,6,7,1
9,9,4,0,1,0,3,1,0,12,1,1,1,7,0,2,0,4,7,4,0
3,15,4,0,1,0,3,3,0,4,1,1,1,0,0,1,0,6,6,7,1
5,18,4,0,1,3,3,0,1,2,1,1,1,7,0,1,0,6,8,9,1
4,15,0,0,1,3,3,0,1,2,1,1,1,0,0,1,0,2,7,7,0
12,15,0,0,1,0,1,3,0,0,1,1,1,8,2,1,5,0,0,0,1
0,13,4,1,1,0,3,0,0,2,1,1,1,0,0,1,2,1,0,3,1
11,20,0,1,1,0,3,1,0,1,1,1,1,0,2,3,0,6,2,12,0
0,18,3,1,1,0,3,0,0,1,1,1,1,0,0,1,5,1,0,4,0
5,20,4,0,1,0,3,1,0,2,1,1,1,0,0,0,5,0,0,0,1
13,18,4,1,1,0,3,1,0,2,1,1,1,0,2,1,0,4,7,7,1
3,17,4,0,1,0,3,3,0,2,1,1,1,0,0,1,0,3,5,2,1
10,17,0,0,1,0,3,3,0,1,1,1,1,0,0,1,0,6,3,11,0
4,19,4,0,1,0,3,0,0,14,1,1,1,0,0,1,0,9,6,10,1
15,19,0,1,1,0,3,1,0,1,1,1,1,8,2,4,0,6,4,10,1
10,20,4,1,1,0,3,0,0,0,1,1,1,0,0,1,0,6,4,14,0
2,15,4,1,1,0,3,0,0,0,1,1,1,7,0,1,0,5,3,6,1
8,20,4,0,1,0,3,1,0,2,1,1,1,5,0,1,0,7,0,9,1
14,15,4,0,1,0,3,0,0,0,1,1,1,7,2,1,0,6,3,14,1
8,20,4,1,1,4,3,0,1,0,1,1,1,0,0,1,5,0,0,0,0
8,21,0,1,1,4,3,0,1,1,1,1,1,5,0,0,5,0,0,0,0
9,13,4,0,0,0,3,1,0,15,1,1,0,0,0,1,5,0,0,0,1
15,15,4,0,1,0,3,0,0,2,1,1,1,1,2,1,0,6,11,4,1
0,15,4,0,1,4,3,3,1,14,1,1,1,0,0,0,5,0,0,0,0
1,17,4,1,0,0,3,0,0,2,0,0,1,3,0,4,0,7,4,2,1
14,20,0,0,1,0,3,0,0,1,1,1,1,0,2,1,0,8,8,12,0
15,19,4,1,0,0,3,0,0,2,1,1,0,7,2,1,4,3,0,6,0
5,15,4,0,1,0,3,0,0,10,1,1,1,0,0,1,0,9,3,6,1
4,17,4,0,1,0,3,0,0,2,1,1,1,0,0,1,0,2,10,3,1
0,15,4,0,1,4,3,0,1,16,1,1,1,5,0,0,5,0,0,0,1
8,11,4,1,1,4,3,0,1,11,1,1,1,0,0,1,0,8,1,6,1
11,22,0,0,1,0,3,3,0,1,1,1,1,0,2,1,0,9,8,13,1
6,18,4,1,1,0,3,3,0,12,1,1,1,0,0,1,5,0,0,0,0
11,15,0,0,1,3,3,0,1,0,1,1,1,0,2,3,0,6,2,11,1
12,14,0,1,1,4,3,3,1,9,1,1,1,5,2,0,5,0,0,0,1
10,12,3,0,1,0,3,0,0,15,1,1,1,1,0,0,5,0,0,4,1
2,18,4,0,1,0,3,0,0,2,1,1,1,5,0,1,0,3,4,3,1
6,20,4,1,1,0,3,0,0,0,1,1,1,5,0,1,0,4,2,4,1
2,18,4,1,0,0,3,3,0,12,1,1,1,7,2,3,0,6,11,6,1
4,18,4,1,1,0,3,0,0,11,1,1,1,0,0,3,0,2,2,3,0
6,20,4,1,1,0,3,1,0,2,1,1,1,8,0,1,0,4,11,6,1
15,15,0,1,1,0,3,0,0,0,1,1,1,7,2,1,0,6,2,8,1
8,13,0,0,1,0,3,0,0,0,1,1,1,0,0,6,1,6,0,13,1
9,13,0,0,1,4,3,0,1,0,1,1,1,0,0,6,5,6,0,4,0
10,17,4,0,1,0,3,0,0,2,1,1,1,7,0,1,0,6,4,10,1
1,18,4,0,1,0,3,0,0,2,1,1,1,5,0,0,5,0,0,0,0
13,20,0,1,1,0,3,0,0,0,1,1,1,5,2,3,0,6,4,6,1
12,18,4,1,1,0,3,3,0,0,1,1,1,7,2,1,5,0,0,0,1
13,17,0,1,1,0,3,0,0,1,1,1,1,0,2,1,0,6,8,10,1
8,20,4,1,1,0,3,3,0,0,1,1,1,0,0,3,0,4,0,4,0
6,20,4,0,1,0,3,1,0,2,1,1,1,0,0,1,0,6,11,12,1
10,18,4,0,1,0,3,3,0,2,1,1,1,0,0,2,5,0,0,0,1
7,15,4,0,1,0,3,0,0,7,1,1,1,7,0,1,2,0,0,0,1
12,14,0,0,1,0,3,1,0,0,1,1,1,8,2,1,0,8,2,12,1
9,20,4,0,1,0,3,1,0,2,1,1,1,5,0,3,5,0,0,0,1
15,23,0,1,1,3,3,0,1,1,1,1,1,5,2,0,5,0,0,4,1
2,18,4,1,1,0,3,3,0,2,1,1,1,7,0,1,0,2,5,4,1
11,16,4,1,1,0,3,0,0,2,1,1,1,0,2,1,0,6,6,5,1
3,15,4,0,1,0,3,0,0,2,1,1,1,7,0,1,5,1,0,2,0
1,15,4,0,1,0,3,1,0,16,1,1,1,0,0,3,0,1,1,5,1
3,20,4,0,1,0,3,0,0,2,1,1,1,5,0,1,0,4,6,4,1
15,19,0,1,1,0,3,1,0,2,1,1,1,0,2,1,0,4,10,3,1
13,15,4,0,1,0,3,0,0,0,1,1,1,7,2,7,0,9,10,13,1
11,22,4,1,0,0,3,1,0,0,1,0,1,0,2,7,0,8,0,14,0
9,15,3,1,1,0,3,0,0,0,1,1,1,0,0,0,5,0,0,4,1
3,13,4,0,1,0,3,0,0,15,1,1,1,0,0,0,5,0,0,0,0
3,19,4,1,1,0,3,0,0,0,1,1,1,0,0,0,5,0,0,0,1
15,18,2,1,0,0,3,1,0,0,1,0,1,0,2,4,0,6,0,11,1
15,20,4,1,1,3,3,0,1,0,1,1,1,5,2,1,0,6,6,4,1
15,21,0,0,1,3,3,3,1,1,1,1,1,0,2,2,0,6,8,12,1
13,15,0,1,1,4,3,0,1,0,1,1,1,0,2,0,5,0,0,0,1
10,20,0,0,1,0,3,0,0,0,1,1,1,7,0,1,0,6,6,13,1
7,20,4,1,1,0,3,1,0,2,1,1,1,0,0,1,0,3,6,6,1
6,20,0,1,1,4,3,0,1,0,1,1,1,0,0,1,0,7,3,12,0
11,20,4,0,1,0,0,1,0,11,1,1,1,0,2,5,3,7,2,12,1
2,15,4,1,1,0,3,3,0,11,1,1,1,0,0,1,0,6,3,12,1
6,20,0,1,1,4,3,1,1,1,1,1,1,5,0,1,0,3,0,11,1
15,15,4,1,1,0,3,1,0,4,1,1,1,0,2,1,2,0,0,4,1
12,15,0,0,1,4,3,0,1,0,1,1,1,7,2,1,0,6,6,11,1
4,18,4,1,1,4,3,0,1,2,1,1,1,5,0,2,0,2,0,3,1
3,19,4,0,1,0,3,0,0,0,1,1,1,0,0,1,0,1,1,2,0
7,18,4,1,1,0,3,0,0,0,1,1,1,0,0,1,0,6,6,11,1
14,15,4,1,1,0,3,3,0,14,1,1,1,1,2,0,5,0,0,10,1
4,15,4,0,1,0,3,3,0,9,1,1,1,7,0,1,0,7,6,11,0
9,21,4,0,0,0,3,0,0,4,0,0,0,0,0,1,0,0,0,9,1
14,22,0,1,1,0,3,0,0,1,1,1,1,0,2,1,0,6,8,10,1
13,20,0,0,1,0,3,1,0,0,1,1,1,0,2,7,0,9,8,13,0
1,18,4,1,1,0,3,0,0,2,1,1,1,5,0,1,0,2,4,3,1
10,0,4,1,1,4,3,3,1,2,1,1,1,7,0,1,0,6,4,8,1
11,20,4,0,1,0,3,1,0,2,1,1,1,0,2,0,5,0,0,0,0
15,22,4,0,1,0,3,0,0,0,1,1,1,0,2,1,0,8,0,14,1
6,17,4,0,1,0,3,0,0,2,1,1,1,1,0,1,0,4,8,6,1
8,21,0,1,1,0,3,0,0,0,1,1,1,0,0,1,1,6,0,11,1
11,15,4,0,1,0,1,0,0,0,1,1,1,0,2,1,0,6,3,12,0
1,18,4,1,1,0,3,1,0,16,1,1,1,0,0,1,0,2,1,3,0
4,18,0,1,1,0,3,0,0,9,1,1,1,7,0,4,0,6,6,10,1
0,15,4,1,0,0,3,2,0,6,1,1,0,8,0,3,0,6,2,6,1
1,18,4,1,1,0,3,0,0,11,1,1,1,0,0,0,5,0,0,0,0
4,18,4,1,1,0,3,0,0,2,1,1,1,7,0,1,0,3,6,5,1
4,20,4,1,1,0,3,0,0,2,1,1,1,1,0,3,0,3,2,6,0
11,15,4,1,1,0,3,0,0,0,1,1,1,7,2,4,0,6,1,11,1
10,21,0,1,1,4,3,0,1,1,1,1,1,5,0,0,5,0,0,0,0
3,18,4,0,1,0,1,1,0,16,1,1,1,0,0,1,0,8,3,8,0
0,17,4,1,1,0,3,0,0,2,1,1,1,0,0,9,2,0,0,0,1
13,16,4,1,0,0,3,3,0,0,1,1,0,7,2,0,5,0,0,0,0
14,23,4,0,1,0,3,3,0,12,1,1,1,0,2,1,0,4,10,14,1
10,18,4,1,1,0,3,0,0,2,1,1,1,0,0,1,0,6,2,11,1
0,15,4,1,1,0,3,0,0,5,1,1,1,0,0,1,0,6,3,2,1
1,18,4,0,1,0,3,3,0,2,1,1,1,1,0,0,5,0,0,0,1
10,18,0,1,1,3,3,0,1,2,1,1,1,5,0,2,5,0,0,0,1
2,16,4,1,1,0,3,0,0,11,1,1,1,7,0,1,0,3,1,4,1
7,15,0,1,1,0,3,1,0,1,1,1,1,0,0,1,0,6,1,6,1
7,13,4,1,1,0,3,0,0,2,1,1,1,1,0,1,0,4,4,6,1
8,15,4,1,0,0,3,0,0,9,1,0,1,5,0,3,0,6,11,12,1
6,20,4,0,1,0,3,0,0,11,1,1,1,1,0,1,2,6,0,4,0
0,18,4,0,1,0,3,3,0,12,1,1,1,7,0,1,5,0,0,0,1
1,18,4,1,1,0,3,0,0,0,1,1,1,0,0,1,0,1,6,2,0
14,20,0,1,1,0,3,0,0,1,1,1,1,7,2,0,5,0,0,0,1
4,19,4,0,1,0,3,1,0,2,1,1,1,8,0,1,0,6,4,5,1
0,15,4,0,1,0,3,1,0,11,1,1,1,0,0,0,5,0,0,0,1
10,20,4,0,1,0,3,0,0,11,1,1,1,0,0,1,0,7,0,3,0
9,20,4,1,1,2,3,0,0,2,1,1,1,5,0,1,5,0,0,0,1
8,20,0,1,1,0,3,0,0,1,1,1,1,0,0,2,5,0,0,0,1
10,20,0,0,1,0,3,0,0,11,1,1,1,0,0,1,0,8,2,14,0
7,21,4,0,1,0,3,2,0,0,1,1,1,0,0,1,2,6,0,8,1
12,15,4,0,1,0,3,0,0,0,1,1,1,7,2,1,0,7,3,11,1
6,16,4,0,1,4,3,0,1,11,1,1,1,2,0,1,0,6,4,11,1
5,21,4,0,1,3,3,0,1,9,1,1,1,5,0,1,0,6,2,9,0
12,18,4,0,1,1,3,0,0,11,1,1,1,0,2,2,0,5,10,6,1
9,18,4,0,1,0,3,0,0,2,1,1,1,0,0,0,5,0,0,0,1
11,17,4,0,1,0,3,0,0,2,1,1,1,0,2,1,2,6,0,6,1
12,18,0,0,1,0,3,0,0,1,1,1,1,7,2,1,0,6,8,11,0
2,18,4,1,1,0,3,1,0,2,1,1,1,0,0,1,0,2,3,5,1
8,18,4,0,1,4,3,0,1,0,1,1,1,5,0,1,0,6,8,9,1
9,18,0,0,0,0,3,0,0,8,0,1,0,7,1,0,5,0,0,0,1
0,0,4,0,1,0,3,3,0,2,1,1,1,0,0,0,5,0,0,0,1
5,15,4,0,1,1,3,1,1,12,1,1,1,1,0,1,0,5,3,6,1
14,18,4,0,1,0,3,0,0,0,1,1,1,0,2,1,0,5,3,9,1
7,15,4,1,1,0,3,0,0,7,1,1,1,0,0,1,0,6,3,9,1
3,16,4,0,1,0,3,1,0,12,1,1,1,0,0,1,5,3,0,2,0
12,15,0,1,1,3,3,0,1,1,1,1,1,0,2,1,0,6,3,9,1
6,11,4,0,1,4,3,0,1,5,1,1,1,7,0,1,0,6,3,6,1
6,20,0,1,1,0,3,1,0,0,1,1,1,0,0,1,0,6,3,11,1
2,18,4,0,0,0,3,0,0,3,1,1,0,0,0,1,5,2,0,2,1
10,18,4,1,1,0,3,3,0,12,1,1,1,0,0,3,0,4,3,3,1
8,18,4,1,1,0,3,0,0,2,1,1,1,7,0,2,0,2,1,3,1
10,20,4,1,1,0,3,3,0,2,1,1,1,0,0,2,2,0,0,0,1
1,15,4,0,1,0,3,1,0,2,1,1,1,0,0,1,0,1,5,2,0
14,20,0,0,1,3,3,0,1,1,1,1,1,5,2,1,0,6,8,14,1
13,15,4,0,1,0,3,0,0,7,1,1,1,0,2,3,0,2,1,6,1
11,20,4,0,1,0,3,1,0,2,1,1,1,0,2,1,0,6,10,11,1
12,10,2,1,0,4,3,0,1,14,1,1,1,0,2,1,0,6,4,8,1
7,19,4,0,0,0,3,0,0,2,1,1,0,0,0,2,0,3,0,2,1
13,20,0,1,1,3,3,0,1,1,1,1,1,5,2,0,5,0,0,0,1
5,17,4,0,1,0,3,0,0,2,1,1,1,7,0,1,0,6,2,2,1
2,14,4,0,1,0,3,0,0,15,1,1,1,8,0,1,5,3,0,5,0
4,17,0,0,1,0,3,0,0,7,1,1,1,7,0,1,0,2,3,4,1
14,1,4,1,0,0,3,3,0,0,0,0,0,4,2,3,4,6,7,11,0
11,22,0,1,1,0,3,1,0,0,1,1,1,0,2,2,0,6,2,14,1
1,14,4,0,1,4,3,0,1,0,1,1,1,5,0,0,5,0,0,0,1
3,19,4,1,1,0,3,3,0,2,1,1,1,0,0,1,0,3,5,5,1
14,18,0,1,1,0,3,0,0,0,1,1,1,5,2,0,5,0,0,0,1
3,20,4,0,1,0,0,1,0,0,1,1,1,0,0,5,3,9,5,12,0
9,21,4,1,1,0,3,3,0,11,1,1,1,5,0,1,0,6,10,13,0
4,15,0,0,1,0,1,1,0,0,1,1,1,0,0,1,0,9,10,12,1
7,18,4,0,1,0,3,3,0,2,1,1,1,0,0,1,0,4,8,5,1
6,18,4,1,1,0,3,1,0,2,1,1,1,0,0,1,5,0,0,1,1
6,15,4,1,1,0,3,3,0,4,1,1,1,0,0,1,2,0,0,0,1
12,20,4,0,1,0,3,1,0,0,1,1,1,8,2,1,0,6,6,12,1
12,20,4,0,1,0,3,3,0,12,1,1,1,5,2,4,0,8,8,11,1
12,15,4,0,1,0,3,0,0,0,1,1,1,0,2,1,0,6,5,10,1
6,20,4,1,1,0,3,1,0,12,1,1,1,0,0,2,5,0,0,0,0
8,20,4,1,1,3,3,0,1,5,1,1,1,8,0,1,0,2,9,4,1
6,19,4,1,1,0,3,0,0,16,1,1,1,1,0,1,0,5,11,6,1
7,20,0,1,1,4,3,0,1,1,1,1,1,5,0,1,0,6,5,13,1
13,16,4,0,1,0,3,0,0,12,1,1,1,0,2,1,0,6,6,10,0
6,15,4,1,1,0,3,0,0,2,1,1,1,7,0,1,0,6,6,10,1
0,18,4,1,1,0,3,0,0,16,1,1,1,1,0,1,0,4,4,6,1
13,20,0,1,1,3,3,0,1,0,1,1,1,5,2,1,0,6,3,13,1
6,18,4,1,1,0,3,0,0,0,1,1,1,0,0,1,0,5,10,5,1
8,20,4,1,1,0,3,0,0,11,1,1,1,7,0,1,0,6,4,8,1
5,15,4,0,1,0,3,3,0,0,1,1,1,0,0,1,5,0,0,0,1
0,17,4,1,0,0,3,0,0,16,1,1,0,0,0,0,5,0,0,0,1
10,20,4,1,1,0,3,1,0,0,1,1,1,0,0,1,0,8,11,12,0
13,18,4,1,1,0,3,0,0,12,1,1,1,8,2,2,0,2,0,3,0
13,21,4,1,1,0,3,0,0,11,1,1,1,5,2,3,0,6,6,12,1
0,18,4,0,1,0,3,1,0,2,1,1,1,7,0,1,0,4,2,7,1
13,20,0,1,1,4,3,0,1,1,1,1,1,0,2,1,0,6,4,13,0
2,18,4,1,1,0,3,0,0,2,1,1,1,0,0,1,0,3,6,4,1
7,18,4,1,1,4,3,0,1,2,1,1,1,7,0,1,0,6,6,6,1
7,20,4,0,1,0,3,1,0,0,1,1,1,0,0,7,0,9,6,13,1
6,19,4,0,1,0,3,1,0,2,1,1,1,5,0,1,0,6,5,12,1
9,17,0,0,1,0,3,1,0,1,1,1,1,7,0,1,2,6,0,4,1
12,23,3,0,1,0,3,0,0,0,1,1,1,0,2,7,5,8,0,14,1
12,20,0,0,1,0,3,1,0,1,1,1,1,0,2,1,0,6,3,13,1
3,6,0,1,1,1,3,0,1,9,1,1,1,8,0,9,2,5,0,0,0
11,20,0,0,1,0,3,3,0,2,1,1,1,0,2,1,0,6,11,11,1
8,15,0,1,1,0,3,0,0,0,1,1,1,0,0,1,0,6,2,9,1
13,18,4,0,1,0,3,3,0,2,1,1,1,0,2,1,0,1,3,5,1
7,18,0,1,1,0,3,0,0,1,1,1,1,1,0,1,0,6,8,6,0
9,17,4,1,1,3,3,0,1,2,1,1,1,5,0,1,0,4,3,6,1
13,15,4,0,1,0,3,0,0,15,1,1,1,1,0,4,0,5,10,1,1
10,20,0,1,1,4,3,0,1,1,1,1,1,0,0,1,1,4,0,7,1
8,18,0,0,1,0,3,0,0,0,1,1,1,1,0,1,0,6,11,13,0
0,18,4,0,1,0,3,1,0,7,1,1,1,0,0,0,5,0,0,0,1
6,20,4,1,1,0,3,1,0,11,1,1,1,0,0,1,0,5,3,7,0
5,18,4,0,1,0,3,2,0,5,1,1,1,0,0,1,2,0,0,0,0
13,21,0,1,1,4,3,0,1,0,1,1,1,0,2,1,0,6,10,14,1
8,20,4,1,1,3,3,0,1,5,1,1,1,5,0,2,0,6,2,12,1
9,20,4,0,1,0,3,1,0,0,1,1,1,0,0,1,0,5,5,11,1
7,18,4,1,1,0,3,0,0,11,1,1,1,0,0,1,0,4,10,4,1
10,20,4,1,1,0,3,0,0,2,1,1,1,0,0,1,0,5,6,3,1
10,12,0,1,1,4,3,0,1,0,1,1,1,2,0,1,0,6,5,9,1
6,11,2,1,0,4,3,3,1,1,1,1,0,7,1,1,4,1,4,6,0
13,16,0,0,1,0,3,0,0,15,1,1,1,0,2,1,5,3,0,1,0
13,18,4,1,1,0,3,0,0,0,1,1,1,7,2,1,5,0,0,1,1
3,18,4,0,1,0,3,0,0,2,1,1,1,5,0,1,0,5,2,10,1
0,15,4,1,0,0,3,0,0,2,1,1,1,0,0,1,0,5,4,5,1
11,18,4,0,1,0,3,0,0,2,1,1,1,1,2,1,0,3,11,5,1
9,20,0,1,1,0,3,1,0,0,1,1,1,8,0,4,5,2,0,5,1
9,15,0,1,1,4,3,0,1,8,1,1,1,7,0,1,0,6,6,11,1
2,18,4,1,0,0,3,1,0,16,1,1,0,8,0,0,5,0,0,4,0
11,20,4,1,1,0,3,1,0,0,1,1,1,7,2,3,0,6,4,10,0
10,19,4,1,1,3,3,0,1,12,1,1,1,0,0,1,0,4,3,9,1
1,18,4,1,1,0,3,0,0,2,1,1,1,0,0,3,0,4,3,6,1
13,18,4,0,1,4,3,0,1,5,1,1,1,7,2,1,0,6,3,9,1
3,15,4,0,1,0,3,1,0,7,1,1,1,8,0,1,0,8,1,6,1
13,21,0,1,1,0,3,0,0,0,1,1,1,5,2,1,1,6,0,13,0
3,13,4,0,1,0,3,0,0,15,1,1,1,0,0,0,5,0,0,0,0
7,18,4,1,1,0,3,0,0,5,1,1,1,5,0,1,0,1,11,3,0
7,20,4,0,1,4,3,0,1,0,1,1,1,5,0,1,0,6,10,14,1
3,18,4,1,1,0,3,3,0,11,1,1,1,7,0,0,5,0,0,0,1
2,19,4,1,1,3,3,0,1,2,1,1,1,5,0,0,5,0,0,0,1
8,15,0,1,1,0,3,1,0,0,1,1,1,0,0,0,5,0,0,3,0
15,18,0,1,1,0,3,1,0,1,1,1,1,0,2,4,0,6,1,10,1
6,12,4,0,1,0,3,0,0,7,1,1,1,0,0,5,2,0,0,9,1
14,20,2,0,1,0,3,1,0,2,1,1,1,0,2,1,0,7,6,12,1
12,18,4,1,1,0,3,0,0,12,1,1,1,0,2,1,0,2,3,2,1
9,20,4,1,1,0,3,0,0,5,1,1,1,0,0,1,0,6,3,10,1
2,15,4,0,1,3,3,0,1,2,1,1,1,7,0,1,0,2,4,3,1
5,18,4,0,1,4,3,0,1,5,1,1,1,0,0,1,0,8,4,9,1
9,19,0,0,1,3,3,0,1,1,1,1,1,5,0,1,0,6,2,13,1
0,18,4,0,1,4,3,3,1,14,1,1,1,5,0,1,0,4,6,9,1
6,20,4,1,0,0,3,0,0,0,1,1,1,0,0,1,0,8,11,13,1
14,18,2,0,1,0,3,0,0,5,1,1,1,0,2,1,0,6,1,10,1
8,20,4,0,1,0,3,0,0,5,1,1,1,0,0,1,0,6,5,12,1
13,15,2,1,1,0,3,0,0,12,1,1,1,0,2,3,0,6,2,7,1
4,18,4,0,1,0,3,0,0,2,1,1,1,0,0,1,0,9,4,8,1
7,17,4,0,1,0,3,1,0,2,1,1,1,8,0,1,0,6,8,10,0
3,15,4,0,1,0,3,3,0,2,1,1,1,7,0,1,0,5,10,2,1
14,20,4,1,1,3,3,0,1,9,1,1,1,5,2,1,0,7,3,10,1
9,20,4,1,1,0,3,3,0,12,1,1,1,0,0,2,0,6,3,10,1
8,18,4,1,1,0,3,0,0,11,1,1,1,1,0,0,5,0,0,0,0
6,18,4,1,1,0,3,0,0,2,1,1,1,1,0,1,0,6,6,7,1
7,21,0,0,1,0,3,1,0,1,1,1,1,0,0,2,0,6,2,13,1
6,21,4,0,1,3,3,0,1,5,1,1,1,5,0,1,0,6,9,11,1
14,20,4,1,1,0,3,0,0,2,1,1,1,0,2,2,0,6,6,11,1
0,13,4,0,1,2,3,0,0,2,1,1,1,0,0,9,2,0,0,0,1
8,15,4,0,1,0,3,1,0,7,1,1,1,0,0,6,5,0,0,1,1
0,18,4,1,1,3,3,0,1,2,1,1,1,5,0,0,5,0,0,1,1
13,18,4,0,1,0,3,0,0,0,1,1,1,0,2,1,0,6,10,13,1
2,18,0,1,1,0,3,0,0,8,1,1,1,0,0,1,5,4,0,5,1
8,16,4,1,0,0,3,0,0,3,1,1,0,0,0,0,5,0,0,0,0
10,18,4,0,1,0,3,3,0,2,1,1,1,0,0,1,0,6,4,10,1
2,20,4,0,0,0,3,0,0,2,1,1,1,5,0,1,0,7,6,14,1
13,17,0,0,0,0,3,1,0,0,1,1,0,8,2,0,5,0,0,0,1
10,20,0,1,1,3,3,0,1,0,1,1,1,5,0,1,0,6,6,9,1
6,15,4,1,1,0,3,0,0,2,1,1,1,1,0,1,0,8,8,11,1
15,13,0,0,1,0,3,0,0,0,1,1,1,7,2,6,0,6,1,13,1
10,20,4,0,1,0,3,3,0,11,1,1,1,0,0,1,0,8,6,10,1
5,15,4,1,1,0,3,0,0,2,1,1,1,0,0,2,2,0,0,0,1
7,4,4,0,0,4,3,2,1,7,1,0,0,7,0,0,5,0,5,12,1
0,19,4,0,0,0,3,0,0,2,0,1,1,0,0,1,0,1,9,2,0
8,19,4,0,1,0,3,1,0,2,1,1,1,0,0,1,0,6,2,9,1
8,20,4,0,0,0,3,0,0,2,1,1,1,0,0,1,0,7,4,13,0
2,15,4,0,1,0,3,0,0,2,1,1,1,0,0,1,2,1,0,3,1
4,20,4,1,1,0,3,1,0,2,1,1,1,0,0,1,0,2,4,4,1
14,22,0,1,0,4,3,0,1,1,1,1,1,5,2,1,0,7,6,14,1
12,18,0,1,1,0,3,3,0,0,1,1,1,0,2,1,0,6,4,10,1
2,18,4,0,1,0,3,2,0,0,1,1,1,0,0,1,0,6,10,7,1
5,17,4,0,1,0,3,0,0,2,1,1,1,7,0,4,0,6,8,5,1
1,18,4,1,1,0,3,3,0,16,1,1,1,7,0,1,5,1,0,6,1
10,15,4,1,1,0,3,0,0,5,1,1,1,7,0,1,0,6,10,9,1
13,12,4,0,1,0,3,0,0,15,1,1,1,1,2,0,5,0,0,1,1
2,18,4,1,1,3,3,0,1,2,1,1,1,5,0,1,0,3,6,3,1
11,20,4,0,1,3,3,0,1,0,1,1,1,5,2,7,0,6,2,13,1
10,0,4,0,0,0,3,0,0,15,0,1,0,6,0,0,5,0,0,9,0
7,15,0,1,1,0,3,1,0,1,1,1,1,8,0,1,2,0,0,6,0
7,15,0,0,1,0,3,3,0,1,1,1,1,7,0,1,0,6,6,12,0
2,15,4,0,1,3,3,3,1,16,1,1,1,5,0,1,5,6,0,4,0
9,20,4,0,1,0,3,3,0,11,1,1,1,0,0,3,0,7,6,11,1
1,18,4,1,1,4,3,0,1,2,1,1,1,5,0,1,0,5,2,5,1
4,20,0,1,1,0,3,0,0,0,1,1,1,0,0,1,0,6,3,9,1
7,15,4,0,1,0,3,0,0,0,1,1,1,7,0,1,0,5,11,6,1
9,20,4,1,1,0,3,0,0,2,1,1,1,5,0,4,0,5,0,3,1
5,15,4,1,1,0,3,0,0,10,1,1,1,5,0,1,0,6,7,13,1
8,20,4,0,1,0,3,0,0,3,1,1,1,0,0,1,0,9,8,13,1
8,18,0,0,1,0,3,0,0,9,1,1,1,1,0,1,1,9,0,1,1
7,18,4,0,0,0,3,0,0,16,1,1,0,0,0,2,5,0,0,0,0
2,15,4,1,1,0,3,0,0,3,1,1,1,1,0,6,2,2,0,5,1
7,18,4,1,1,0,3,0,0,0,1,1,1,1,0,1,0,6,11,4,0
11,20,4,1,1,4,3,0,1,0,1,1,1,0,2,1,0,6,4,12,1
7,18,4,1,0,0,3,1,0,0,1,1,0,0,0,0,5,0,0,5,1
15,9,0,0,1,0,3,1,0,7,1,1,1,7,2,2,0,8,1,6,0
2,18,4,0,1,2,3,1,0,2,1,1,1,0,0,1,0,2,3,4,0
4,17,4,1,1,0,3,1,0,2,1,1,1,0,0,1,0,6,2,8,0
12,19,4,1,1,4,3,0,1,0,1,1,1,0,2,1,0,6,3,11,1
1,18,4,1,1,0,3,0,0,2,1,1,1,0,0,0,5,0,0,0,1
12,19,4,0,1,3,3,0,1,9,1,1,1,0,2,1,0,6,2,10,1
2,18,4,1,1,0,3,3,0,2,1,1,1,1,0,1,0,6,5,9,0
15,20,4,0,1,4,3,0,1,2,1,1,1,0,2,1,5,2,0,3,1
3,20,4,0,1,0,3,0,0,2,1,1,1,0,0,1,1,8,0,9,1
11,8,0,0,1,2,0,0,0,3,1,1,1,2,2,1,1,8,4,14,1
14,15,4,0,0,0,3,0,0,2,1,1,0,0,2,0,5,0,0,0,1
13,22,4,1,1,0,3,0,0,7,1,1,1,0,2,2,0,6,6,7,1
11,16,4,0,0,0,3,3,0,15,1,1,0,1,2,0,5,0,0,1,0
10,21,0,1,1,4,3,0,1,1,1,1,1,0,0,0,5,0,0,0,1
10,18,4,0,1,0,3,0,0,2,1,1,1,7,0,1,0,6,2,10,1
13,20,4,1,1,0,3,1,0,0,1,1,1,5,2,1,0,8,4,14,1
11,20,4,0,1,0,3,0,0,14,1,1,1,5,2,1,0,9,8,14,1
12,3,0,0,0,3,3,3,1,15,1,0,1,7,0,4,5,5,0,1,0
2,18,4,0,1,0,3,0,0,2,1,1,1,1,0,1,0,6,6,6,1
2,15,4,0,1,0,3,0,0,2,1,1,1,7,0,1,0,6,3,11,1
14,14,0,0,1,0,3,2,0,0,1,1,1,0,2,1,0,2,1,6,1
14,20,0,0,1,0,3,0,0,1,1,1,1,0,2,3,0,5,0,6,1
2,17,4,0,1,0,3,3,0,2,1,1,1,0,0,1,5,6,0,4,0
10,15,0,0,1,4,3,0,1,1,1,1,1,7,0,1,5,0,0,0,0
7,20,4,1,1,0,3,1,0,0,1,1,1,0,0,1,0,6,4,11,0
6,18,4,0,1,4,3,1,1,4,1,1,1,0,0,1,0,5,8,9,1
3,14,4,1,1,0,3,3,0,11,1,1,1,0,0,9,2,0,0,0,0
3,18,4,0,1,0,3,0,0,2,1,1,1,7,0,1,0,5,6,6,1
13,18,4,1,1,0,3,3,0,2,1,1,1,0,2,2,0,6,8,10,1
2,18,4,0,1,0,3,3,0,4,1,1,1,0,0,1,0,1,4,3,1
11,18,4,0,1,3,3,0,1,0,1,1,1,5,0,4,0,5,8,8,1
0,17,4,1,1,0,3,1,0,2,1,1,1,0,0,4,0,2,4,4,1
12,17,0,1,1,4,3,3,1,1,1,1,1,0,2,1,0,6,2,11,1
11,18,0,1,1,3,3,0,1,1,1,1,1,0,2,1,0,8,4,4,1
4,16,4,0,0,0,3,2,0,15,1,0,1,4,0,0,5,0,0,1,0
7,20,4,0,1,3,3,0,1,5,1,1,1,5,0,1,0,6,6,9,1
12,20,0,0,1,4,3,1,1,2,1,1,1,0,2,1,0,6,6,10,1
6,18,4,0,1,0,1,0,0,0,1,1,1,8,0,5,0,6,6,7,0
6,20,4,1,1,0,3,1,0,0,1,1,1,0,0,1,0,5,0,6,1
9,18,4,0,1,0,3,3,0,2,1,1,1,0,0,6,0,3,0,8,1
9,21,4,1,1,4,3,0,1,0,1,1,1,7,0,1,0,6,5,13,1
1,19,4,1,1,0,3,1,0,12,1,1,1,0,0,1,0,2,5,4,0
12,18,0,1,1,0,3,3,0,0,1,1,1,0,2,0,5,0,0,0,1
11,15,0,0,1,3,3,0,1,0,1,1,1,5,2,1,0,6,4,10,0
13,19,4,0,1,0,3,1,0,12,1,1,1,0,2,1,0,6,11,11,1
14,18,0,0,1,3,3,0,1,1,1,1,1,0,2,7,1,6,0,12,1
7,20,4,1,1,0,3,0,0,12,1,1,1,0,0,0,5,0,0,0,1
9,18,4,1,1,3,3,0,1,2,1,1,1,5,0,0,5,0,0,6,1
7,18,4,0,1,0,3,0,0,0,1,1,1,0,0,2,0,1,2,9,1
14,15,0,1,1,0,3,3,0,0,1,1,1,7,2,1,0,6,8,12,1
2,15,4,0,1,0,0,0,0,16,1,1,1,1,0,5,3,9,2,6,1
14,20,4,1,1,0,3,1,0,0,1,1,1,0,2,1,0,6,2,14,1
14,21,0,0,1,3,3,2,1,0,1,1,1,8,2,6,0,2,9,7,1
12,22,4,1,1,0,3,1,0,0,1,1,1,8,2,7,1,9,0,13,0
7,0,4,1,1,0,3,1,0,2,1,1,1,0,0,0,5,0,0,0,1
10,21,4,1,1,0,3,0,0,0,1,1,1,0,0,3,2,4,0,3,1
13,18,0,1,1,0,3,0,0,0,1,1,1,0,2,2,5,0,0,0,1
0,15,4,0,1,0,3,0,0,7,1,1,1,0,0,9,2,0,0,0,1
8,21,4,0,1,0,3,0,0,16,1,1,1,0,0,2,0,7,2,7,1
0,18,4,1,1,0,3,0,0,10,1,1,1,0,0,1,0,6,0,3,0
3,20,4,0,1,4,3,0,1,2,1,1,1,5,0,1,0,4,5,5,1
2,18,4,1,1,0,3,1,0,0,1,1,1,0,0,0,5,0,0,0,1
1,15,4,1,1,0,3,1,0,0,1,1,1,0,0,2,5,1,0,1,1
1,18,4,0,0,0,3,0,0,16,1,1,0,1,0,0,5,0,0,4,0
4,18,4,0,1,0,3,1,0,11,1,1,1,0,0,1,0,4,4,4,0
9,17,4,1,1,0,3,1,0,9,1,1,1,8,0,1,0,9,3,10,1
6,17,4,1,1,0,3,1,0,2,1,1,1,8,0,8,5,6,0,10,1
0,18,4,1,1,0,3,0,0,2,1,1,1,0,0,1,0,6,4,8,1
9,18,4,0,1,0,3,0,0,14,1,1,1,0,0,1,0,6,3,7,1
0,18,4,0,1,0,3,1,0,16,1,1,1,0,0,0,5,0,0,0,1
10,14,4,0,1,0,3,0,0,2,1,1,1,7,0,1,0,6,2,7,1
3,18,4,0,1,0,3,0,0,2,1,1,1,0,0,1,0,4,2,5,1
6,16,4,0,1,0,3,3,0,3,1,1,1,0,0,0,5,0,0,5,1
14,15,2,1,1,0,3,1,0,2,1,1,1,1,2,1,0,5,8,7,1
8,20,4,1,1,4,3,0,1,2,1,1,1,7,0,1,0,6,4,2,1
15,13,4,0,1,0,3,0,0,15,1,1,1,1,2,0,5,0,0,0,1
9,20,0,1,1,0,3,1,0,2,1,1,1,0,0,1,5,6,0,7,1
4,15,4,0,1,0,3,1,0,2,1,1,1,0,0,1,0,4,10,5,1
13,20,0,0,1,0,3,0,0,0,1,1,1,5,2,1,0,6,6,13,1
11,20,4,1,1,0,3,0,0,0,1,1,1,0,2,3,0,6,0,11,1
13,17,0,1,0,0,3,0,0,1,1,1,0,0,2,0,5,0,0,3,1
0,18,4,0,1,0,3,0,0,7,1,1,1,7,0,1,0,2,6,4,0
12,16,0,1,1,4,3,3,1,1,1,1,1,0,2,0,5,0,0,0,1
2,15,4,1,1,0,3,0,0,15,1,1,1,0,0,0,5,0,0,0,0
12,19,0,1,1,0,3,3,0,1,1,1,1,5,2,1,5,0,0,0,1
6,20,4,0,1,0,3,1,0,12,1,1,1,0,0,1,0,7,1,11,0
7,13,4,0,1,0,3,0,0,0,1,1,1,0,0,0,5,0,0,5,1
7,15,4,0,1,0,3,1,0,7,1,1,1,8,0,1,0,6,11,6,1
3,17,4,1,1,0,3,0,0,16,1,1,1,0,0,1,5,6,0,3,1
8,23,0,0,1,0,3,3,0,0,1,1,1,0,0,1,0,8,8,14,1
4,18,4,0,1,0,3,1,0,2,1,1,1,0,0,1,5,0,0,3,1
9,20,4,0,1,0,3,1,0,2,1,1,1,0,0,1,0,6,4,13,1
9,14,0,1,1,4,3,0,1,0,1,1,1,0,0,1,0,6,8,12,1
3,18,4,1,1,0,3,0,0,0,1,1,1,0,0,5,0,2,9,2,1
13,12,4,0,1,0,3,0,0,15,1,1,1,1,2,1,2,0,0,9,0
9,20,4,1,1,0,3,0,0,5,1,1,1,7,0,1,0,6,6,13,1
6,18,4,0,1,0,3,0,0,2,1,1,1,1,0,1,0,6,2,9,1
11,19,0,0,1,0,3,1,0,1,1,1,1,0,2,2,0,6,0,11,1
12,21,0,1,1,0,3,3,0,0,1,1,1,8,2,1,1,9,0,12,0
13,14,0,1,1,4,3,0,1,0,1,1,1,7,2,1,0,6,2,8,1
5,18,4,0,1,0,3,0,0,0,1,1,1,5,0,1,5,0,0,0,1
3,10,4,0,0,0,3,0,0,2,0,1,0,6,0,0,0,0,10,0,1
13,18,4,0,1,4,3,3,1,2,1,1,1,5,2,1,0,2,5,6,1
6,15,4,0,1,4,3,0,1,2,1,1,1,0,0,1,0,2,0,4,1
8,20,4,1,1,0,3,0,0,2,1,1,1,0,0,1,0,4,7,10,1
9,20,0,1,1,0,3,1,0,0,1,1,1,0,0,3,0,8,6,13,1
8,20,4,1,1,4,3,0,1,0,1,1,1,0,0,1,0,6,9,6,0
10,15,4,0,1,0,3,1,0,2,1,1,1,0,0,1,0,8,2,8,1
2,18,4,0,1,2,3,0,0,2,1,1,1,2,0,1,0,6,6,6,1
9,15,4,0,1,0,3,0,0,11,1,1,1,0,0,3,0,6,10,6,1
6,20,4,1,1,0,3,0,0,0,1,1,1,0,0,3,0,1,3,5,0
15,20,4,0,1,3,3,0,1,0,1,1,1,5,2,4,0,6,10,13,1
14,18,0,1,1,0,3,3,0,1,1,1,1,7,2,1,0,8,3,12,1
2,15,4,1,1,0,3,3,0,4,1,1,1,5,0,0,5,0,0,0,1
6,19,0,1,1,0,3,0,0,0,1,1,1,0,0,1,0,6,4,10,1
15,18,4,0,1,4,3,0,1,0,1,1,1,7,2,1,0,6,8,8,1
8,15,4,0,1,0,3,0,0,2,1,1,1,5,0,1,1,3,0,2,1
7,17,4,1,1,0,3,3,0,0,1,1,1,0,0,1,0,6,3,10,0
10,20,4,0,1,0,3,3,0,2,1,1,1,0,0,1,0,7,3,9,1
9,14,4,0,1,0,3,3,0,2,1,1,1,0,0,3,0,2,7,4,1
7,18,4,0,1,0,3,3,0,12,1,1,1,0,0,1,0,6,2,4,0
8,20,0,1,0,0,3,0,0,0,1,1,1,5,0,1,0,6,6,8,1
14,10,0,0,1,3,3,0,1,0,1,1,1,0,2,5,0,6,8,10,1
5,17,4,0,1,0,3,1,0,2,1,1,1,0,0,1,0,3,8,1,1
15,20,0,1,1,4,3,1,1,1,1,1,1,7,2,4,0,6,1,11,1
7,17,4,0,1,0,3,0,0,2,1,1,1,0,0,1,2,2,0,3,1
5,20,0,1,1,3,3,0,1,0,1,1,1,5,0,0,5,0,0,0,1
5,18,4,0,1,0,3,1,0,0,1,1,1,0,0,1,0,6,10,9,1
2,17,4,0,1,0,3,0,0,2,1,1,1,0,0,1,2,6,0,5,1
2,20,4,1,1,0,3,1,0,0,1,1,1,8,0,3,0,1,3,5,0
11,18,4,1,1,0,3,1,0,2,1,1,1,1,2,1,0,6,4,8,1
8,20,4,1,1,0,3,3,0,11,1,1,1,0,0,1,0,6,6,9,1
3,15,4,1,1,0,3,0,0,4,1,1,1,0,0,9,2,0,0,0,1
11,20,0,0,1,0,3,0,0,1,1,1,1,5,2,1,0,6,10,10,1
8,15,2,1,0,0,3,1,0,7,1,0,1,0,0,0,5,0,0,2,1
0,15,4,1,1,0,3,0,0,7,1,1,1,7,0,1,0,6,1,6,1
14,8,1,0,1,2,2,0,0,3,1,1,1,1,2,1,1,1,2,2,1
6,20,4,1,1,0,3,0,0,14,1,1,1,0,0,1,0,6,4,12,1
14,13,4,1,0,0,3,0,0,0,1,1,0,0,2,1,5,0,0,6,1
5,20,4,1,1,0,3,3,0,12,1,1,1,0,0,1,0,6,1,6,1
9,19,4,0,1,0,3,0,0,11,1,1,1,0,0,1,0,9,5,7,0
8,18,4,1,1,0,3,0,0,0,1,1,1,0,0,1,0,6,2,7,1
4,20,4,1,1,0,3,1,0,0,1,1,1,0,0,3,0,1,0,1,0
3,14,4,1,1,0,3,3,0,14,1,1,1,0,0,1,0,2,1,6,1
15,20,2,1,1,0,3,1,0,2,1,1,1,0,2,1,0,6,10,12,1
9,18,4,1,1,0,3,0,0,5,1,1,1,0,0,1,0,6,6,6,0
1,18,4,1,1,4,3,0,1,2,1,1,1,5,0,0,5,0,0,0,1
4,13,4,0,1,0,3,1,0,11,1,1,1,0,0,6,5,0,0,2,0
14,20,4,0,1,0,3,0,0,0,1,1,1,1,2,1,0,6,3,12,1
2,13,4,0,0,0,3,3,0,15,1,1,1,7,0,0,5,0,0,0,1
7,15,4,0,1,4,3,1,0,11,1,1,1,0,0,1,0,6,2,11,1
4,15,4,0,1,0,3,0,0,2,1,1,1,7,0,1,0,3,2,3,1
5,17,4,0,1,0,3,0,0,5,1,1,1,8,0,1,0,3,3,5,1
14,21,0,1,1,0,3,1,0,0,1,1,1,0,2,6,0,4,5,13,0
8,20,4,1,0,0,3,3,0,11,1,1,1,5,0,1,0,8,4,13,0
15,19,0,1,1,4,3,3,1,1,1,1,1,0,2,2,0,8,6,12,1
11,15,4,0,1,0,3,0,0,2,1,1,1,5,2,1,0,6,2,11,0
11,15,4,0,1,0,3,0,0,2,1,1,1,0,2,1,2,0,0,0,0
11,17,0,0,1,0,1,0,0,0,1,1,1,0,2,1,0,9,6,12,0
9,23,0,1,1,0,3,3,0,0,1,1,1,0,0,1,0,6,8,6,0
11,15,0,1,1,4,3,0,1,1,1,1,1,0,2,1,0,5,0,6,1
1,15,4,0,1,0,3,1,0,7,1,1,1,0,0,1,0,6,1,9,1
6,15,0,0,1,0,3,1,0,2,1,1,1,0,0,1,0,2,5,5,1
10,16,4,0,1,0,3,3,0,2,1,1,1,7,0,1,0,6,8,10,1
11,21,0,1,1,0,3,0,0,1,1,1,1,0,2,1,0,6,4,14,1
2,17,4,1,1,0,3,1,0,2,1,1,1,0,0,1,0,4,3,3,1
2,15,4,1,1,0,3,0,0,2,1,1,1,7,0,0,5,0,0,0,0
6,18,4,0,1,0,3,1,0,2,1,1,1,0,0,9,2,0,0,0,1
0,17,4,0,1,0,3,0,0,16,1,1,1,0,0,1,5,2,0,3,0
6,15,4,0,1,4,3,0,1,14,1,1,1,7,0,1,0,4,3,5,0
5,17,4,0,1,0,3,0,0,15,1,1,1,1,0,1,2,6,0,9,0
8,23,4,1,1,0,3,0,0,5,1,1,1,0,0,1,0,8,6,10,1
8,20,0,0,1,0,3,0,0,2,1,1,1,5,0,3,0,6,6,11,1
4,18,4,0,1,0,3,0,0,2,1,1,1,5,0,0,5,0,0,0,1
11,21,0,1,1,0,3,1,0,0,1,1,1,5,2,3,0,6,4,13,1
13,15,0,1,1,4,3,0,1,0,1,1,1,0,2,1,0,8,3,11,1
2,15,4,0,1,3,3,0,1,2,1,1,1,8,0,0,5,0,0,5,0
11,19,0,1,1,0,3,0,0,1,1,1,1,0,2,1,0,6,3,10,1
15,11,0,0,1,0,3,0,0,1,1,1,1,0,2,1,0,9,3,13,1
1,18,4,0,1,0,3,1,0,2,1,1,1,7,0,1,2,2,0,2,1
7,20,0,0,1,3,3,3,1,1,1,1,1,5,0,1,0,7,8,11,1
12,15,2,1,1,0,1,3,0,2,1,1,1,0,2,1,2,0,0,0,1
4,19,4,0,1,0,1,0,0,16,1,1,1,0,0,1,0,9,5,7,0
1,15,4,0,1,4,3,3,1,2,1,1,1,7,0,1,0,2,2,5,1
6,18,4,0,1,4,3,0,1,11,1,1,1,0,0,1,0,9,2,12,0
2,19,4,1,1,0,3,0,0,16,1,1,1,5,0,4,0,1,1,2,0
9,17,4,0,1,0,3,1,0,2,1,1,1,0,0,1,0,6,4,11,1
11,18,4,0,1,0,3,0,0,0,1,1,1,0,2,1,0,8,1,4,1
15,20,0,0,1,4,3,0,1,0,1,1,1,5,2,1,0,6,11,5,0
12,19,0,1,1,0,3,3,0,1,1,1,1,0,2,1,0,2,0,3,1
3,15,4,1,1,4,3,0,1,2,1,1,1,7,0,9,2,0,0,0,1
12,9,4,0,0,0,3,1,0,9,1,1,0,7,2,2,0,8,3,8,1
11,15,0,1,1,4,3,0,1,1,1,1,1,0,2,1,0,4,10,7,1
0,13,4,0,1,0,3,0,0,15,1,1,1,1,0,1,5,3,0,6,0
4,15,4,0,1,0,3,1,0,7,1,1,1,0,0,1,0,6,10,9,1
1,17,4,1,1,0,3,0,0,2,1,1,1,0,0,1,0,1,2,2,1
4,15,4,0,1,0,3,0,0,15,1,1,1,1,0,4,5,0,0,1,0
10,20,4,0,1,2,3,0,0,2,1,1,1,5,0,4,0,5,10,12,1
8,19,4,0,1,0,3,3,0,12,1,1,1,7,0,1,0,7,2,12,0
1,15,2,1,1,0,3,0,0,2,1,1,1,0,0,9,2,1,0,1,1
7,16,4,0,1,3,3,0,1,0,1,1,1,7,0,1,0,7,2,4,1
15,21,4,0,1,4,3,0,1,0,1,1,1,5,2,1,2,6,0,8,1
9,15,4,0,1,3,3,0,1,0,1,1,1,7,0,1,0,6,4,12,1
12,21,4,0,1,0,3,3,0,14,1,1,1,5,2,1,0,6,8,13,0
11,15,4,0,1,0,3,0,0,0,1,1,1,0,2,1,0,8,8,10,0
15,13,4,1,1,0,3,3,0,10,1,1,1,0,2,1,0,8,10,13,1
8,20,4,1,1,4,3,0,1,0,1,1,1,5,0,0,5,0,0,0,1
7,18,4,1,1,0,3,0,0,10,1,1,1,0,0,1,0,6,2,10,0
2,15,4,0,1,0,3,0,0,2,1,1,1,7,0,1,0,4,2,5,1
1,18,4,1,1,0,3,3,0,16,1,1,1,0,0,1,5,1,0,2,0
10,18,4,1,1,0,3,1,0,5,1,1,1,0,0,2,0,3,2,4,1
15,21,4,0,1,0,3,1,0,0,1,1,1,0,2,6,0,8,3,13,1
8,17,4,0,1,4,3,1,1,7,1,1,1,8,0,1,0,6,11,9,1
9,20,0,0,1,4,3,0,1,1,1,1,1,5,0,1,0,6,8,13,1
12,19,0,0,1,3,3,0,1,2,1,1,1,5,2,1,0,6,4,11,1
12,15,4,1,1,0,3,3,0,2,1,1,1,0,2,1,0,6,2,8,1
7,20,4,1,1,0,3,0,0,2,1,1,1,0,0,0,5,0,0,0,1
3,21,4,1,1,0,3,1,0,14,1,1,1,0,0,1,0,2,8,8,1
9,19,0,1,1,0,3,1,0,1,1,1,1,0,0,1,5,0,0,0,0
2,15,4,0,1,0,3,3,0,15,1,1,1,1,0,0,5,0,0,0,0
15,20,0,0,1,0,3,0,0,0,1,1,1,0,2,1,0,6,3,14,1
1,15,4,1,1,0,3,0,0,2,1,1,1,7,0,1,0,2,1,2,1
10,18,4,1,1,0,3,0,0,12,1,1,1,2,0,1,0,7,6,9,1
3,15,4,0,1,0,0,0,0,0,1,1,1,0,0,5,3,9,3,12,0
6,18,4,0,1,0,3,0,0,0,1,1,1,0,0,7,1,9,0,9,1
10,15,4,0,0,0,3,3,0,2,1,1,0,0,0,1,5,0,0,6,1
2,15,4,1,1,0,3,1,0,4,1,1,1,5,0,1,0,1,4,2,1
14,11,3,1,1,0,3,0,0,0,1,1,1,0,2,1,0,5,5,6,1
11,15,4,0,1,0,1,0,0,10,1,1,1,0,2,1,0,9,11,3,1
8,20,4,1,1,0,3,0,0,2,1,1,1,0,0,1,0,8,3,10,1
11,20,4,0,1,0,3,0,0,0,1,1,1,5,2,1,0,6,6,11,1
12,22,4,0,1,0,3,3,0,0,1,1,1,0,2,2,0,9,6,11,1
2,15,4,0,1,0,1,0,0,16,1,1,1,0,0,0,5,0,0,3,1
3,18,4,0,1,0,3,0,0,2,1,1,1,0,0,1,1,1,0,4,0
13,20,4,0,1,0,3,0,0,0,1,1,1,5,2,1,0,9,4,12,0
8,15,4,0,1,4,3,0,1,9,1,1,1,0,0,1,0,6,8,5,1
6,21,4,1,1,0,3,1,0,2,1,1,1,8,0,8,5,2,0,1,1
8,15,0,1,1,0,3,3,0,1,1,1,1,1,0,1,0,4,11,3,1
13,21,4,1,1,0,3,1,0,0,1,1,1,0,2,2,0,1,2,8,0
3,19,4,1,1,4,3,3,1,12,1,1,1,0,0,1,0,6,3,11,0
9,15,4,0,1,0,3,3,0,4,1,1,1,0,0,1,0,6,8,7,1
14,15,4,0,1,0,3,3,0,2,1,1,1,0,2,1,0,6,6,8,1
4,20,4,0,1,0,3,1,0,0,1,1,1,8,0,4,0,2,9,7,0
3,18,4,0,1,3,3,3,1,5,1,1,1,5,0,1,0,6,6,8,1
9,16,1,0,1,0,0,1,0,0,1,1,1,0,0,5,3,9,9,9,0
0,15,4,1,1,0,3,0,0,3,1,1,1,0,0,1,0,6,1,5,1
4,20,4,0,1,0,3,1,0,0,1,1,1,0,0,2,2,1,0,6,0
14,20,4,0,0,0,3,1,0,0,1,1,1,0,2,5,0,6,6,13,0
11,17,4,0,1,3,3,0,1,2,1,1,1,0,2,0,5,0,0,2,1
15,21,0,1,1,4,3,0,1,0,1,1,1,5,2,0,5,0,0,5,1
1,15,4,0,1,0,3,0,0,0,1,1,1,0,0,2,0,9,3,13,1
12,18,0,1,1,4,3,0,1,1,1,1,1,0,2,0,5,0,0,10,1
3,18,4,1,1,0,3,3,0,0,1,1,1,0,0,1,0,1,2,4,0
1,18,4,1,1,0,3,0,0,2,1,1,1,1,0,0,5,0,0,0,1
2,15,4,0,1,0,3,1,0,0,1,1,1,0,0,1,0,9,2,5,0
9,21,0,1,1,4,3,0,1,0,1,1,1,5,0,1,0,6,6,8,1
13,20,0,1,1,0,3,1,0,1,1,1,1,0,2,2,5,0,0,0,1
15,17,4,0,1,0,3,0,0,0,1,1,1,0,2,1,0,6,1,8,1
9,17,4,0,1,0,3,1,0,2,1,1,1,0,0,1,0,2,7,8,1
0,17,4,0,1,0,3,1,0,2,1,1,1,8,0,3,0,3,2,6,1
14,21,0,1,1,3,3,0,1,1,1,1,1,5,2,2,0,6,8,13,1
4,15,4,0,1,0,0,0,0,16,1,1,1,1,0,5,3,9,1,7,1
6,18,4,0,1,0,1,1,0,0,1,1,1,0,0,1,0,6,3,9,1
3,13,4,1,1,0,3,3,0,11,1,1,1,0,0,0,5,0,0,0,1
15,18,0,0,1,0,3,0,0,0,1,1,1,0,2,1,0,6,10,11,0
1,18,4,1,1,0,3,0,0,2,1,1,1,0,0,2,0,1,3,3,1
13,18,4,0,1,0,3,1,0,2,1,1,1,7,2,1,0,4,5,6,1
15,20,4,1,1,4,3,0,1,0,1,1,1,0,2,1,0,6,4,12,0
9,15,0,0,1,0,3,0,0,2,1,1,1,0,0,2,5,6,0,7,1
13,16,4,0,1,0,3,0,0,0,1,1,1,0,2,1,0,3,3,2,0
11,10,2,1,0,4,3,0,1,12,1,1,1,2,2,1,5,0,0,0,1
11,20,4,0,1,0,3,1,0,0,1,1,1,0,2,1,0,9,3,14,1
4,12,4,1,1,2,3,3,0,2,1,1,1,3,0,4,5,0,0,6,1
15,20,0,0,1,0,3,0,0,0,1,1,1,7,2,1,0,7,8,14,1
8,20,4,0,1,4,3,0,1,9,1,1,1,5,0,2,0,7,11,10,1
5,15,4,1,1,0,3,3,0,5,1,1,1,0,0,1,0,9,10,6,1
15,15,0,0,1,3,3,0,1,1,1,1,1,0,2,1,0,2,4,2,1
0,13,4,0,1,4,3,0,1,10,1,1,1,0,0,1,5,6,0,6,0
5,17,4,1,1,0,3,3,0,4,1,1,1,0,0,1,0,4,3,9,1
4,18,4,0,1,0,3,0,0,0,1,1,1,1,0,1,0,6,3,9,0
10,20,4,1,1,0,3,0,0,2,1,1,1,0,0,1,0,6,2,6,1
5,17,4,0,1,0,3,0,0,2,1,1,1,5,0,1,0,6,2,10,1
9,20,0,0,1,0,3,0,0,1,1,1,1,0,0,3,0,6,6,6,1
9,15,4,1,1,0,3,0,0,0,1,1,1,7,0,1,0,2,8,8,1
5,20,4,0,1,0,3,0,0,2,1,1,1,0,0,1,0,6,7,8,1
3,19,4,0,1,0,3,1,0,2,1,1,1,0,0,1,0,1,1,4,1
2,17,4,1,1,4,3,0,1,0,1,1,1,0,0,0,5,0,0,0,1
2,18,4,0,1,0,3,0,0,2,1,1,1,8,0,1,0,3,2,5,1
6,20,4,1,1,2,3,0,0,12,1,1,1,2,0,1,0,6,3,14,1
13,21,4,0,1,0,3,3,0,5,1,1,1,5,2,1,0,8,4,14,1
10,21,0,1,1,4,3,1,1,1,1,1,1,0,0,1,0,5,2,13,1
14,20,4,0,1,0,3,3,0,11,1,1,1,5,2,1,0,7,3,14,1
15,20,4,1,1,0,3,1,0,2,1,1,1,0,2,1,0,6,11,4,1
5,18,4,0,1,0,3,0,0,0,1,1,1,0,0,1,0,6,1,8,0
5,18,4,0,1,3,3,3,1,2,1,1,1,0,0,1,2,3,0,4,1
6,20,4,0,1,0,3,3,0,14,1,1,1,1,0,1,0,6,10,10,1
8,17,4,1,1,0,3,1,0,7,1,1,1,8,0,1,0,9,8,10,1
13,21,4,1,1,4,3,0,1,9,1,1,1,5,2,1,0,6,5,14,1
10,20,4,0,1,0,3,1,0,11,1,1,1,8,0,1,0,6,10,14,0
11,19,4,0,1,0,3,1,0,7,1,1,1,7,2,1,0,6,1,10,1
5,18,4,1,1,0,3,0,0,4,1,1,1,0,0,1,5,0,0,0,0
2,18,4,0,1,3,3,0,1,2,1,1,1,0,0,6,0,2,4,4,1
7,15,4,0,1,0,3,0,0,0,1,1,1,0,0,1,0,6,6,9,0
6,18,4,1,1,0,3,0,0,5,1,1,1,0,0,1,0,3,5,9,1
9,19,0,0,1,4,3,0,1,0,1,1,1,7,0,1,0,9,6,10,0
8,15,4,0,1,0,3,0,0,12,1,1,1,0,0,1,0,7,2,9,1
0,18,4,0,1,0,3,0,0,16,1,1,1,0,0,1,5,1,0,1,0
1,17,4,0,1,0,0,1,0,7,1,1,1,3,0,5,3,3,1,9,1
0,12,3,1,1,0,3,0,0,1,1,1,1,7,0,1,0,6,0,4,0
10,13,4,0,1,0,3,0,0,15,1,1,1,0,0,1,5,0,0,0,1
0,18,4,1,1,0,3,0,0,2,1,1,1,7,0,1,0,1,2,2,1
0,18,4,0,1,0,3,2,0,16,1,1,1,0,0,6,5,1,0,2,0
13,15,4,1,1,0,3,3,0,2,1,1,1,0,2,1,0,6,4,9,1
12,16,4,0,0,0,3,0,0,3,0,1,0,2,0,2,0,2,8,5,1
14,11,0,1,1,0,3,2,0,1,1,1,1,0,2,1,0,9,10,10,1
7,20,0,0,1,4,3,1,1,1,1,1,1,5,0,7,0,5,5,12,0
11,15,4,0,1,3,3,3,1,11,1,1,1,0,2,6,0,4,6,7,1
7,5,4,0,1,4,3,0,1,4,1,1,1,5,0,4,2,0,0,0,1
9,17,0,0,1,0,3,0,0,2,1,1,1,0,0,0,5,0,0,0,1
4,18,0,1,1,0,3,3,0,0,1,1,1,0,0,1,0,6,1,9,1
14,15,0,0,1,4,3,0,1,1,1,1,1,0,2,0,5,0,0,4,1
12,20,4,0,1,0,3,0,0,2,1,1,1,0,2,1,0,6,4,12,1
1,15,4,0,1,0,3,1,0,2,1,1,1,0,0,1,0,6,6,12,1
7,16,4,0,1,0,3,3,0,2,1,1,1,5,0,0,5,0,0,0,1
7,18,0,1,1,4,3,0,1,0,1,1,1,0,0,1,0,9,6,8,1
1,15,4,1,1,4,3,0,1,11,1,1,1,2,0,0,5,0,0,0,1
3,15,4,1,1,0,3,0,0,0,1,1,1,8,0,1,0,2,9,4,1
15,15,4,1,1,0,3,0,0,12,1,1,1,0,2,1,5,0,0,0,1
3,18,4,0,1,0,3,0,0,2,1,1,1,5,0,1,5,0,0,2,1
3,15,4,1,1,0,3,0,0,2,1,1,1,0,0,1,5,0,0,1,1
7,15,4,0,1,0,3,1,0,4,1,1,1,0,0,1,0,4,1,7,1
13,21,0,0,1,0,3,1,0,0,1,1,1,0,2,1,0,6,6,14,1
0,17,4,1,1,0,3,1,0,16,1,1,1,0,0,1,5,2,0,2,0
13,17,0,0,1,0,3,0,0,0,1,1,1,0,2,1,0,6,11,13,0
0,15,4,1,1,0,3,0,0,7,1,1,1,0,0,1,5,0,0,1,1
10,20,4,1,1,0,3,1,0,2,1,1,1,0,0,3,2,0,0,0,1
14,15,0,1,1,0,3,3,0,1,1,1,1,7,2,1,5,0,0,0,0
0,18,4,0,1,0,3,1,0,2,1,1,1,0,0,1,0,1,2,2,1
15,13,4,0,0,0,3,0,0,15,1,1,0,1,2,0,5,0,0,0,1
9,20,0,1,1,0,3,0,0,0,1,1,1,1,0,1,5,0,0,0,1
9,20,0,0,1,0,0,0,0,0,1,1,1,5,0,5,0,8,4,9,1
12,15,4,0,1,3,3,0,1,0,1,1,1,5,2,1,0,6,6,12,1
9,15,4,1,1,0,3,1,0,12,1,1,1,8,0,1,0,8,10,10,1
3,20,4,1,1,0,3,3,0,9,1,1,1,0,0,1,0,6,4,8,1
11,19,4,1,1,0,3,0,0,2,1,1,1,4,2,3,0,5,8,5,1
5,20,0,1,1,0,3,2,0,0,1,1,1,6,0,2,0,6,10,11,0
1,17,4,1,1,0,3,1,0,2,1,1,1,0,0,1,5,6,0,4,1
10,17,4,0,1,0,3,3,0,12,1,1,1,8,0,4,0,6,2,13,1
8,18,0,1,1,0,3,1,0,0,1,1,1,0,0,4,0,6,4,10,1
13,20,0,0,1,0,3,0,0,0,1,1,1,7,2,2,0,6,6,11,1
6,20,4,1,1,3,3,0,1,2,1,1,1,5,0,1,5,0,0,0,1
8,13,2,1,1,0,3,1,0,7,1,1,1,0,0,1,5,0,0,6,1
7,20,4,0,1,0,3,0,0,0,1,1,1,0,0,1,0,6,3,10,0
11,21,4,0,1,0,3,0,0,14,1,1,1,0,2,1,0,6,4,13,1
5,20,4,1,0,0,3,0,0,0,1,1,1,0,0,5,0,7,4,13,1
13,18,0,1,1,0,3,1,0,1,1,1,1,5,2,1,5,0,0,0,1
9,17,0,1,1,4,3,0,1,0,1,1,1,0,0,1,0,6,3,10,0
15,23,0,0,1,0,3,0,0,0,1,1,1,0,2,1,0,8,7,14,1
12,15,0,1,1,0,3,0,0,1,1,1,1,0,2,1,0,6,3,11,1
6,20,4,0,1,0,3,3,0,10,1,1,1,8,0,1,0,9,0,13,0
9,18,4,1,1,3,3,0,1,2,1,1,1,5,0,0,5,0,0,0,1
4,12,4,0,1,0,3,3,0,7,1,1,1,8,0,1,0,6,4,5,1
0,13,4,0,1,0,3,3,0,10,1,1,1,8,0,1,0,6,1,4,0
6,13,0,1,1,4,3,0,1,8,1,1,1,0,0,1,5,4,0,7,0
2,16,4,0,1,0,0,0,0,16,1,1,1,4,0,5,3,9,1,5,1
9,20,0,1,1,4,3,1,1,0,1,1,1,8,0,1,0,6,6,12,0
8,20,4,0,1,3,3,0,1,0,1,1,1,0,0,1,0,7,8,12,1
1,18,4,1,1,4,3,3,1,2,1,1,1,5,0,0,5,0,0,5,1
15,20,0,1,1,4,3,0,1,0,1,1,1,0,2,2,0,6,6,10,1
6,15,4,1,1,0,3,1,0,2,1,1,1,8,0,1,1,3,0,5,1
3,12,4,0,1,4,3,0,1,12,1,1,1,0,0,1,0,6,2,4,1
6,20,4,0,1,0,3,0,0,0,1,1,1,0,0,1,0,8,11,13,0
15,19,2,1,1,0,3,1,0,7,1,1,1,0,2,1,0,2,8,6,1
2,17,4,0,1,0,3,0,0,0,1,1,1,0,0,1,0,4,4,3,1
6,19,0,1,1,0,3,0,0,0,1,1,1,0,0,1,0,6,6,13,1
9,17,0,0,1,0,3,0,0,1,1,1,1,0,0,1,0,9,3,13,0
13,13,4,0,0,0,3,1,0,15,1,1,1,0,2,1,5,0,0,0,0
10,20,4,1,1,0,3,0,0,2,1,1,1,5,0,1,0,4,6,8,0
7,15,0,0,1,0,3,0,0,1,1,1,1,0,0,1,0,7,10,8,0
9,18,0,0,1,0,3,1,0,5,1,1,1,0,0,1,0,6,6,13,0
7,20,4,1,1,4,3,0,1,2,1,1,1,5,0,1,0,6,3,7,1
4,18,4,0,1,0,3,3,0,2,1,1,1,0,0,1,0,6,11,7,1
8,4,2,0,0,0,2,0,0,3,1,1,0,1,0,6,1,2,2,5,1
15,20,0,0,1,0,3,0,0,0,1,1,1,0,2,1,0,6,4,14,1
11,21,4,1,1,3,3,0,1,0,1,1,1,5,2,3,0,6,3,12,0
12,20,0,0,1,0,3,0,0,0,1,1,1,0,2,1,0,9,10,12,1
9,18,4,1,1,0,3,0,0,2,1,1,1,7,0,1,0,6,6,10,1
4,21,4,1,1,0,3,0,0,14,1,1,1,1,0,3,0,2,3,3,1
5,20,4,0,1,4,3,0,1,0,1,1,1,5,0,1,0,6,10,8,0
11,19,4,1,1,0,3,1,0,2,1,1,1,0,2,1,0,6,2,5,1
1,18,4,0,1,4,3,0,1,0,1,1,1,5,0,1,0,2,5,2,0
9,18,4,1,1,4,3,0,1,5,1,1,1,5,0,0,5,0,0,0,1
9,18,4,0,1,0,3,3,0,12,1,1,1,0,0,0,5,0,0,0,0
3,18,4,1,1,0,3,0,0,14,1,1,1,0,0,0,5,0,0,0,1
5,19,0,0,1,3,3,0,1,2,1,1,1,0,0,1,0,2,6,5,1
11,20,0,0,1,0,3,1,0,0,1,1,1,0,2,3,2,8,0,14,0
2,18,4,0,1,0,3,0,0,16,1,1,1,0,0,1,5,6,0,4,0
13,13,4,0,1,4,3,0,1,0,1,1,1,0,2,6,0,6,4,13,1
12,19,4,0,1,0,3,0,0,2,1,1,1,0,2,1,5,0,0,0,1
11,15,4,0,0,0,3,0,0,16,1,1,0,1,2,1,0,4,1,4,0
4,17,4,0,1,0,3,0,0,15,1,1,1,7,0,0,5,0,0,1,0
14,20,0,0,1,4,3,0,1,0,1,1,1,0,2,1,0,9,6,14,1
9,21,0,1,1,0,3,0,0,0,1,1,1,0,0,1,0,6,6,12,0
10,20,4,1,1,0,3,0,0,11,1,1,1,2,0,1,0,6,4,13,1
0,15,4,1,0,2,3,3,0,3,0,0,1,0,0,0,5,0,0,2,1
9,18,4,1,0,0,3,0,0,0,1,1,0,1,0,5,5,0,0,3,1
9,20,4,0,1,0,3,0,0,9,1,1,1,5,0,3,0,7,0,9,0
3,20,4,0,1,0,3,3,0,2,1,1,1,5,0,2,0,2,3,5,1
2,15,4,1,1,0,3,0,0,9,1,1,1,0,0,1,0,3,6,2,1
3,17,4,0,1,4,3,0,1,2,1,1,1,5,0,1,0,2,2,5,1
4,15,0,0,1,0,3,0,0,2,1,1,1,0,0,1,0,6,4,8,0
7,20,4,1,1,0,3,3,0,12,1,1,1,0,0,1,1,8,0,9,0
14,19,4,1,1,0,3,3,0,12,1,1,1,0,2,1,0,8,5,11,1
5,15,4,0,1,0,3,3,0,10,1,1,1,0,0,4,5,6,0,1,0
9,21,0,0,1,0,3,0,0,1,1,1,1,0,0,2,0,9,2,13,0
12,21,4,1,1,3,3,0,1,9,1,1,1,5,2,1,0,6,4,8,0
9,20,0,1,1,0,3,0,0,0,1,1,1,0,0,2,0,6,0,9,1
12,21,4,1,1,4,3,0,1,0,1,1,1,0,2,1,0,6,2,6,1
8,17,0,0,1,0,3,0,0,0,1,1,1,0,0,1,0,6,4,8,1
10,14,0,0,1,4,3,0,1,0,1,1,1,7,0,7,1,6,0,10,1
5,17,4,1,1,0,3,0,0,0,1,1,1,0,0,1,0,6,2,10,1
7,15,4,1,1,0,3,1,0,2,1,1,1,0,0,1,0,6,1,11,1
2,15,4,1,1,0,3,1,0,2,1,1,1,8,0,1,0,6,1,7,0
8,15,3,0,1,0,3,0,0,0,1,1,1,0,0,1,0,7,1,11,1
2,15,0,0,1,0,3,0,0,15,1,1,1,0,0,1,5,9,0,1,0
10,20,4,1,0,0,3,1,0,0,1,1,0,0,0,2,0,9,6,13,1
10,19,4,0,1,0,3,0,0,2,1,1,1,7,0,1,0,4,1,5,1
6,15,4,1,1,0,3,1,0,14,1,1,1,0,0,1,0,4,1,6,1
11,16,0,0,1,4,3,3,1,1,1,1,1,0,2,0,5,0,0,0,0
1,13,4,0,0,0,3,3,0,7,1,1,0,0,0,0,5,0,0,4,1
2,17,4,1,1,0,3,0,0,2,1,1,1,7,0,0,5,0,0,0,1
2,18,4,1,1,0,3,1,0,2,1,1,1,0,0,1,0,3,2,5,1
3,18,0,1,1,0,3,0,0,8,1,1,1,0,0,1,5,2,0,3,0
15,18,0,0,1,0,3,0,0,0,1,1,1,0,2,6,0,8,6,11,0
2,18,4,1,1,3,3,0,1,2,1,1,1,0,0,0,5,0,0,0,1
14,19,4,0,1,0,3,3,0,2,1,1,1,0,2,1,0,6,6,11,1
10,13,4,0,0,0,3,0,0,15,1,1,0,0,0,0,5,0,0,0,0
9,15,0,1,1,0,3,0,0,0,1,1,1,7,0,1,2,2,0,3,0
0,15,4,1,1,0,3,3,0,2,1,1,1,0,0,0,5,0,0,3,1
6,15,0,0,1,0,3,3,0,2,1,1,1,0,0,1,5,4,0,7,1
7,15,4,0,1,0,3,3,0,2,1,1,1,7,0,1,0,5,6,6,1
8,20,4,0,1,0,3,0,0,2,1,1,1,0,0,1,0,6,8,8,1
5,15,4,0,1,0,3,0,0,2,1,1,1,0,0,1,0,6,11,8,1
6,21,4,1,1,0,3,0,0,11,1,1,1,5,0,1,0,6,6,12,1
1,18,4,0,1,0,3,0,0,2,1,1,1,0,0,1,0,6,1,3,1
9,19,4,0,1,0,3,0,0,2,1,1,1,0,0,3,0,6,3,12,1
7,18,4,1,0,0,3,1,0,0,1,0,0,8,0,3,0,6,0,9,0
13,20,4,1,1,3,3,0,1,2,1,1,1,0,2,9,2,0,0,0,1
12,20,4,0,1,0,3,0,0,2,1,1,1,8,0,4,0,4,8,4,0
8,17,4,0,1,0,3,0,0,2,1,1,1,7,0,2,0,6,11,7,1
7,18,4,0,1,0,0,0,0,16,1,1,1,1,0,5,3,6,1,6,0
11,21,4,0,1,2,3,1,0,2,1,1,1,0,2,1,0,6,8,14,1
4,10,2,1,1,4,3,0,1,14,1,1,1,6,0,0,5,0,0,0,0
7,19,4,0,1,0,3,0,0,2,1,1,1,5,0,1,0,6,5,10,1
8,20,4,1,1,0,3,1,0,2,1,1,1,0,0,1,0,4,8,5,0
13,17,0,1,1,0,3,3,0,0,1,1,1,7,2,1,0,6,5,10,0
8,11,0,0,1,4,3,0,1,0,1,1,1,7,0,1,0,9,4,0,1
10,18,4,0,1,4,3,0,1,0,1,1,1,5,0,1,5,0,0,0,0
14,23,4,0,1,0,3,3,0,0,1,1,1,0,2,1,0,6,8,14,0
13,21,4,0,1,0,3,1,0,0,1,1,1,0,2,2,0,9,0,14,0
13,19,4,1,1,0,3,3,0,12,1,1,1,0,2,1,5,0,0,11,1
6,18,4,0,1,0,3,0,0,2,1,1,1,1,0,1,0,5,11,6,1
7,18,0,1,1,0,3,2,0,1,1,1,1,0,0,1,0,3,6,10,1
1,18,4,0,1,0,3,1,0,2,1,1,1,0,0,1,5,6,0,4,1
6,15,4,1,1,0,3,0,0,4,1,1,1,5,0,1,5,0,0,1,1
14,0,1,1,0,3,3,0,1,14,1,1,1,1,2,0,5,0,0,2,1
11,5,4,1,1,3,3,0,1,2,1,1,1,8,2,0,5,0,0,0,1
3,17,4,1,1,0,3,0,0,2,1,1,1,0,0,0,5,0,0,0,1
8,18,4,1,1,0,3,0,0,0,1,1,1,0,0,1,0,6,8,10,1
14,0,0,1,0,4,3,0,1,1,1,0,1,5,2,0,5,0,0,2,1
9,18,4,0,1,0,3,0,0,0,1,1,1,0,0,3,0,7,2,11,0
12,15,4,0,1,0,3,0,0,0,1,1,1,5,2,1,0,6,6,11,1
7,18,4,0,0,0,3,0,0,2,1,1,0,0,0,1,5,0,0,3,0
4,19,4,0,1,0,3,1,0,0,1,1,1,0,0,1,0,3,5,4,1
7,0,4,0,1,4,3,0,1,2,1,1,1,7,0,1,0,6,4,6,1
13,20,4,1,1,0,3,1,0,2,1,1,1,0,2,7,0,5,6,10,1
7,15,4,0,1,3,3,0,1,2,1,1,1,5,0,1,0,6,4,9,1
12,15,0,0,1,4,3,0,1,1,1,1,1,7,2,1,0,6,4,8,0
8,17,0,1,1,0,3,0,0,0,1,1,1,0,0,1,1,6,0,10,0
10,21,0,1,1,3,3,0,1,0,1,1,1,5,0,1,0,6,3,13,1
10,20,4,0,1,0,3,0,0,2,1,1,1,0,0,1,0,6,3,10,1
7,15,0,1,1,0,3,0,0,0,1,1,1,0,0,1,0,7,1,11,0
5,15,4,1,1,0,3,0,0,2,1,1,1,7,0,1,0,8,4,9,1
3,15,4,0,1,0,3,3,0,2,1,1,1,7,0,1,0,6,3,2,1
5,15,4,1,1,0,3,1,0,12,1,1,1,0,0,1,0,4,3,2,0
13,21,0,0,1,0,3,0,0,0,1,1,1,0,2,2,0,6,11,14,1
7,18,4,0,1,0,3,0,0,0,1,1,1,0,0,1,0,6,2,5,1
13,20,0,0,1,0,3,1,0,0,1,1,1,0,2,1,0,8,5,14,1
2,18,4,1,1,0,3,1,0,2,1,1,1,0,2,3,0,3,6,6,1
9,20,4,1,1,2,3,3,0,2,1,1,1,0,0,1,0,4,6,6,1
15,5,4,0,1,0,3,1,0,4,0,1,1,0,2,4,0,6,10,14,1
12,16,0,0,1,0,3,1,0,1,1,1,1,8,2,0,5,0,0,0,1
9,17,4,0,1,0,3,0,0,2,1,1,1,0,0,1,2,0,0,0,1
8,19,0,1,1,4,3,0,1,0,1,1,1,5,0,0,5,0,0,0,1
14,6,0,0,1,3,3,0,1,0,1,1,1,8,2,1,0,2,8,4,0
15,15,4,1,1,0,3,3,0,12,1,1,1,0,2,2,0,6,8,11,1
3,18,4,1,1,0,3,3,0,14,1,1,1,0,0,1,0,6,3,9,0
8,16,4,1,0,0,3,0,0,13,1,1,0,7,0,2,0,3,2,8,0
5,21,4,0,1,0,1,3,0,14,1,1,1,0,2,1,0,6,10,9,0
10,15,4,0,1,3,3,0,1,2,1,1,1,5,0,1,2,0,0,6,1
13,18,4,1,1,2,3,0,0,2,1,1,1,0,2,1,0,5,3,6,1
15,21,0,0,1,3,3,0,1,0,1,1,1,0,2,1,0,8,2,13,1
11,20,0,0,1,3,3,0,1,0,1,1,1,5,2,1,0,8,11,14,1
2,14,4,0,1,3,3,2,1,16,1,1,1,0,0,9,2,3,0,1,0
6,15,4,1,1,0,3,0,0,11,1,1,1,0,0,4,5,1,0,1,1
11,20,0,0,1,4,3,0,1,1,1,1,1,5,2,1,0,9,8,14,0
0,15,4,0,1,0,3,3,0,11,1,1,1,0,0,1,0,4,2,3,0
15,11,2,0,0,0,3,1,0,15,1,1,1,0,2,1,5,5,0,2,1
13,21,0,1,1,0,3,1,0,1,1,1,1,5,2,1,0,6,4,14,1
9,0,4,0,1,4,3,3,1,2,1,1,1,0,0,1,0,6,4,6,1
3,15,4,0,1,0,3,0,0,2,1,1,1,5,0,1,0,6,3,2,1
12,16,4,0,1,0,3,1,0,15,1,1,1,7,2,0,5,0,0,2,0
0,18,4,0,1,0,3,0,0,2,1,1,1,5,0,0,5,0,0,0,0
13,18,4,0,1,0,3,1,0,2,1,1,1,0,2,1,0,6,2,11,1
11,20,4,0,1,0,3,0,0,2,1,1,1,5,2,1,0,7,10,12,1
3,20,4,0,1,0,3,1,0,0,1,1,1,0,0,2,5,0,0,0,1
14,8,0,0,1,3,3,2,1,2,1,1,1,0,2,0,5,0,0,7,1
4,18,4,1,1,0,3,1,0,2,1,1,1,8,0,1,0,6,6,8,1
9,17,0,1,1,0,3,0,0,8,1,1,1,0,0,1,5,6,0,3,1
6,18,4,0,1,0,3,1,0,2,1,1,1,8,0,3,0,3,8,11,1
9,20,4,0,1,0,3,0,0,0,1,1,1,0,0,1,0,6,10,12,1
1,15,4,1,1,0,3,1,0,2,1,1,1,0,0,0,5,0,0,0,0
2,19,4,0,1,0,3,0,0,2,1,1,1,0,0,1,0,5,2,9,1
0,18,4,1,1,0,3,1,0,0,1,1,1,8,0,1,5,0,0,0,1
12,18,4,0,1,3,3,0,1,0,1,1,1,7,2,1,2,6,0,5,1
14,23,0,1,1,0,3,0,0,0,1,1,1,5,2,1,0,8,8,14,1
0,18,4,0,1,0,3,0,0,16,1,1,1,0,0,1,5,6,0,2,1
14,15,0,1,1,4,3,3,1,1,1,1,1,0,2,1,0,6,2,7,1
1,18,4,0,1,0,3,1,0,12,1,1,1,5,0,2,0,6,3,13,1
10,20,4,0,1,0,3,1,0,11,1,1,1,0,0,1,0,6,7,12,1
6,15,4,1,1,0,3,0,0,2,1,1,1,0,0,0,5,0,0,0,1
0,15,4,0,1,0,3,1,0,2,1,1,1,8,0,1,5,0,0,0,1
15,17,0,0,1,3,3,0,1,1,1,1,1,0,2,1,0,6,11,5,1
12,21,0,1,1,0,3,1,0,1,1,1,1,0,2,1,0,4,4,13,1
15,17,4,0,1,0,3,0,0,2,1,1,1,5,2,1,0,6,3,2,1
9,20,4,0,1,3,3,0,1,0,1,1,1,0,0,3,0,7,6,12,0
10,20,0,0,1,0,3,0,0,1,1,1,1,0,0,7,0,8,3,14,1
6,20,0,1,1,0,3,3,0,1,1,1,1,0,0,1,5,0,0,0,1
2,17,4,0,1,0,3,0,0,2,1,1,1,5,0,1,0,4,6,4,1
6,15,4,1,1,0,3,0,0,2,1,1,1,0,0,2,0,6,11,10,1
8,18,0,0,1,0,3,0,0,8,1,1,1,7,0,1,0,7,0,8,1
6,16,4,0,0,0,3,1,0,7,1,0,0,8,0,0,5,0,0,7,1
12,21,0,1,1,0,3,1,0,0,1,1,1,0,2,4,0,6,10,14,1
2,18,0,1,1,0,3,0,0,8,1,1,1,0,0,0,5,0,0,0,1
12,21,4,1,1,0,3,3,0,0,1,1,1,0,2,1,0,9,2,13,1
4,20,4,0,1,0,3,1,0,11,1,1,1,0,0,1,0,9,4,13,1
13,20,0,0,1,0,3,0,0,0,1,1,1,0,2,2,0,6,1,11,1
3,17,4,1,1,0,3,1,0,2,1,1,1,0,0,1,0,7,4,10,1
3,19,0,0,1,0,3,3,0,8,1,1,1,0,0,0,5,0,0,0,0
12,21,4,0,1,3,3,0,1,9,1,1,1,0,2,1,0,6,5,14,1
15,17,0,1,1,0,3,0,0,1,1,1,1,7,2,0,5,0,0,0,1
10,19,4,0,1,0,3,0,0,2,1,1,1,0,0,1,0,6,11,12,1
6,20,4,1,1,0,3,0,0,2,1,1,1,0,0,0,5,0,0,0,1
2,15,4,0,1,3,3,3,1,2,1,1,1,5,0,1,0,7,6,6,1
10,18,0,1,1,0,3,0,0,1,1,1,1,0,0,1,0,6,1,7,1
7,18,0,0,1,0,0,0,0,16,1,1,1,1,0,5,3,9,1,11,0
15,21,0,1,1,4,3,0,1,0,1,1,1,5,2,1,0,6,4,5,0
1,14,4,1,1,0,3,3,0,12,1,1,1,7,0,1,5,2,0,1,1
13,20,4,1,1,0,3,3,0,0,1,1,1,0,2,4,0,8,2,12,1
13,17,4,0,1,0,3,0,0,0,1,1,1,0,2,1,0,6,3,9,1
3,14,4,1,1,0,3,1,0,12,1,1,1,5,0,1,0,2,1,2,0
15,21,0,1,1,0,3,1,0,1,1,1,1,0,2,3,0,6,8,12,0
10,21,0,1,1,0,3,1,0,1,1,1,1,0,0,2,0,5,2,9,1
2,18,4,0,1,0,3,0,0,2,1,1,1,5,0,1,0,3,3,5,1
13,20,4,1,1,0,3,0,0,15,1,1,1,7,2,1,5,0,0,0,0
11,18,0,1,1,0,3,0,0,1,1,1,1,0,2,3,0,6,2,12,1
4,12,4,0,0,0,3,0,0,15,1,1,1,0,0,1,5,0,0,1,0
9,20,4,0,1,0,3,1,0,12,1,1,1,0,0,1,5,6,0,4,1
4,21,0,1,1,0,3,0,0,4,1,1,1,5,0,1,0,6,6,7,0
2,20,4,1,1,0,3,1,0,2,1,1,1,8,0,3,0,1,2,6,0
13,20,0,1,1,3,3,0,1,1,1,1,1,5,2,1,0,6,10,11,1
1,18,4,1,1,0,3,0,0,16,1,1,1,0,0,2,0,6,1,7,1
3,20,4,0,1,0,3,1,0,2,1,1,1,0,0,2,0,1,1,2,0
15,19,0,0,1,0,3,1,0,0,1,1,1,0,2,3,0,8,6,9,1
0,15,4,0,0,0,3,0,0,16,1,1,0,7,0,0,5,0,0,4,1
0,18,4,0,1,0,3,0,0,11,1,1,1,0,0,1,5,0,0,0,0
2,14,4,1,1,0,3,0,0,5,1,1,1,7,0,1,0,1,1,6,1
9,20,0,0,1,0,3,1,0,1,1,1,1,8,0,6,1,6,0,13,0
10,17,0,0,1,0,0,3,0,0,1,1,1,2,0,5,3,9,3,13,0
5,17,4,0,1,0,3,0,0,12,1,1,1,0,0,6,0,6,8,10,0
5,0,4,0,1,2,3,3,0,2,1,1,1,0,0,6,0,4,3,3,1
5,20,4,1,1,0,3,1,0,2,1,1,1,1,0,1,0,1,6,3,1
8,18,4,1,1,0,3,1,0,11,1,1,1,8,0,1,0,9,4,11,1
9,20,4,0,1,0,3,0,0,2,1,1,1,0,0,1,0,6,6,10,1
6,20,4,1,1,0,3,0,0,2,1,1,1,5,0,2,0,2,8,10,0
4,19,4,0,1,0,3,0,0,2,1,1,1,1,0,1,0,3,10,8,1
8,17,4,1,1,0,3,0,0,7,1,1,1,1,0,1,0,3,3,3,1
8,15,0,1,1,0,3,1,0,7,1,1,1,0,0,1,0,6,6,6,1
7,19,4,0,1,0,3,0,0,7,1,1,1,0,0,1,0,6,1,6,1
8,19,4,0,1,0,3,1,0,0,1,1,1,0,0,2,0,6,2,10,1
15,18,0,1,0,4,3,0,1,1,1,0,1,5,2,0,5,0,0,2,1
8,19,0,0,1,0,3,0,0,0,1,1,1,0,0,1,0,8,11,13,0
15,19,0,1,1,4,3,3,1,0,1,1,1,5,2,1,0,6,6,9,1
7,15,4,0,1,0,3,0,0,2,1,1,1,5,0,1,0,6,10,6,1
1,15,0,1,1,0,3,1,0,0,1,1,1,0,0,1,0,6,2,13,1
9,18,4,1,1,3,3,0,1,0,1,1,1,5,0,1,0,9,6,9,0
15,20,0,0,1,0,3,1,0,1,1,1,1,0,2,4,0,9,6,14,1
2,18,4,1,1,0,3,0,0,0,1,1,1,7,0,1,0,2,2,6,1
11,20,0,1,1,0,3,1,0,1,1,1,1,0,2,1,0,8,8,14,0
5,17,4,0,0,0,3,3,0,2,1,1,0,0,0,1,0,3,3,6,1
12,20,4,1,1,0,3,0,0,0,1,1,1,8,0,1,0,4,3,4,0
0,19,4,1,1,0,3,3,0,2,1,1,1,0,0,3,0,1,2,6,1
7,20,4,1,1,0,3,0,0,0,1,1,1,0,0,1,0,6,10,8,0
0,14,4,0,0,0,3,2,0,5,1,1,0,0,0,0,5,0,0,0,1
11,10,0,0,1,0,0,0,0,7,1,1,1,0,2,5,0,8,6,10,1
5,20,4,0,1,0,3,3,0,5,1,1,1,0,0,2,0,6,3,8,1
5,15,4,0,0,0,3,1,0,2,1,1,1,0,0,1,0,6,2,4,0
8,18,4,0,1,0,3,1,0,2,1,1,1,0,0,1,2,3,0,4,1
12,21,0,1,1,0,3,0,0,1,1,1,1,0,2,1,0,6,2,8,1
13,12,4,0,1,0,3,0,0,15,1,1,1,1,2,1,5,0,0,1,1
3,18,4,1,1,0,3,0,0,2,1,1,1,0,0,1,0,4,2,6,1
5,8,3,0,1,0,3,0,1,9,1,1,1,1,0,6,0,3,4,3,0
15,21,4,0,1,0,3,1,0,0,1,1,1,0,2,1,0,8,2,14,1
4,18,4,0,1,4,3,0,1,2,1,1,1,5,0,1,0,4,10,9,1
8,16,4,0,1,0,3,0,0,12,1,1,1,0,0,1,0,7,6,10,0
3,15,4,1,1,0,3,1,0,12,1,1,1,0,0,1,5,2,0,3,0
0,17,4,1,1,0,3,0,0,2,1,1,1,0,0,0,5,0,0,0,1
3,15,4,1,1,4,3,0,1,14,1,1,1,0,0,0,5,0,0,0,0
13,17,4,1,1,0,3,1,0,2,1,1,1,8,2,1,0,2,6,8,1
6,12,4,0,1,0,3,0,0,12,1,1,1,0,0,1,0,6,11,14,1
8,19,0,1,1,3,3,0,1,0,1,1,1,5,0,1,0,6,4,10,1
12,18,4,0,1,0,3,3,0,11,1,1,1,7,2,1,0,6,8,11,1
7,15,4,0,1,4,3,0,1,0,1,1,1,7,0,1,0,6,4,9,1
1,18,4,1,1,3,3,3,1,2,1,1,1,5,0,1,0,1,3,2,1
12,17,4,1,1,0,3,0,0,0,1,1,1,0,2,2,5,0,0,0,0
8,15,4,1,1,0,3,0,0,12,1,1,1,7,0,0,5,0,0,0,1
10,21,0,0,1,4,3,0,1,0,1,1,1,5,0,1,0,6,11,14,1
12,15,4,0,1,0,3,0,0,2,1,1,1,7,2,6,2,1,0,3,1
13,20,2,1,1,0,3,1,0,0,1,1,1,0,2,1,0,6,10,12,1
3,15,4,0,1,3,3,0,1,2,1,1,1,5,0,1,0,1,2,2,1
8,20,0,0,1,3,3,0,1,1,1,1,1,0,0,3,2,0,0,0,1
13,21,4,0,1,0,3,0,0,2,1,1,1,5,2,1,0,6,3,12,1
0,13,4,0,1,0,3,0,0,7,1,1,1,0,0,1,5,0,0,0,1
6,18,0,1,1,4,3,0,1,1,1,1,1,0,0,1,0,3,3,9,1
9,20,4,0,1,0,3,3,0,11,1,1,1,0,0,4,0,8,11,14,1
2,18,4,1,1,3,3,0,1,0,1,1,1,5,0,1,0,1,2,2,0
2,13,4,0,0,0,3,0,0,15,1,1,1,0,0,0,5,0,0,0,0
7,20,0,0,1,4,3,0,1,0,1,1,1,5,0,1,0,7,8,14,1
13,21,4,1,1,4,3,1,1,0,1,1,1,0,2,2,0,6,2,12,0
7,18,0,1,1,0,3,1,0,1,1,1,1,0,0,1,0,1,2,2,1
13,15,0,0,1,4,3,0,1,0,1,1,1,0,2,1,0,6,0,11,1
3,13,4,0,0,0,3,0,0,14,1,1,1,0,2,0,5,0,0,7,1
6,9,4,0,1,0,3,1,0,12,1,1,1,7,0,2,0,8,1,6,1
8,0,4,0,1,0,3,0,0,2,1,1,1,0,0,0,5,0,0,7,1
14,8,0,0,1,4,3,0,1,1,1,1,1,0,2,1,5,0,0,0,1
9,20,4,1,1,0,3,0,0,11,1,1,1,5,0,1,0,6,2,11,1
3,20,4,0,1,0,3,0,0,2,1,1,1,0,0,1,0,6,3,12,1
8,19,4,1,1,0,3,0,0,7,1,1,1,7,0,1,0,6,3,6,1
11,18,4,0,1,0,3,0,0,0,1,1,1,1,2,1,5,1,0,1,1
8,20,4,0,1,4,3,0,1,11,1,1,1,5,0,1,0,6,10,8,1
10,20,4,0,1,0,3,3,0,2,1,1,1,0,0,1,0,6,8,10,1
5,0,4,0,1,4,3,0,1,0,1,1,1,1,0,1,0,6,1,6,1
5,20,4,0,1,0,0,0,0,0,1,1,1,5,0,5,3,9,3,12,0
11,17,4,0,1,0,3,1,0,2,1,1,1,8,2,1,2,6,0,9,1
5,19,4,1,1,0,3,0,0,11,1,1,1,0,0,1,0,6,4,5,0
12,20,0,1,1,0,3,1,0,1,1,1,1,0,2,2,0,6,2,10,1
6,18,0,1,1,1,3,3,0,11,1,1,1,0,0,2,0,4,6,8,1
13,17,0,0,1,0,3,0,0,1,1,1,1,0,2,6,0,8,3,12,1
12,3,4,0,1,3,3,3,1,12,1,1,1,7,2,6,0,5,3,1,1
14,18,0,1,1,0,2,0,0,8,1,1,1,0,2,5,0,2,4,5,1
11,17,4,1,0,0,3,3,0,2,1,1,0,0,2,1,0,1,6,8,1
5,15,4,0,1,0,3,0,0,2,1,1,1,0,0,1,0,8,10,6,1
9,20,2,1,1,0,3,1,0,1,1,1,1,5,0,1,0,6,4,11,0
8,21,4,1,1,0,3,1,0,12,1,1,1,8,0,1,0,9,2,8,0
9,17,0,1,1,4,3,0,1,8,1,1,1,7,0,1,0,6,3,8,1
0,15,4,1,1,0,3,0,0,2,1,1,1,7,0,1,0,4,4,6,1
5,23,4,0,1,4,3,0,1,16,1,1,1,0,0,2,5,1,0,2,1
9,15,4,0,1,0,3,0,0,5,1,1,1,7,0,1,0,8,6,5,1
13,19,0,1,1,3,3,0,1,0,1,1,1,5,2,1,0,8,4,12,1
2,15,0,0,1,0,3,0,0,8,1,1,1,0,0,1,0,2,4,3,0
0,17,4,1,1,0,3,3,0,16,1,1,1,0,0,0,5,0,0,0,1
14,19,3,0,1,0,3,3,0,0,1,1,1,0,2,1,0,7,3,14,1
6,18,0,1,1,0,3,0,0,1,1,1,1,8,0,7,1,2,0,6,1
3,20,4,1,1,0,3,1,0,2,1,1,1,0,0,3,0,2,6,6,1
14,20,0,0,1,0,3,3,0,1,1,1,1,7,2,1,0,6,4,9,0
9,14,0,0,1,0,3,0,0,2,1,1,1,0,0,1,5,0,0,0,1
2,15,4,1,1,0,3,0,0,2,1,1,1,0,0,0,5,0,0,0,1
1,18,4,1,1,0,3,0,0,2,1,1,1,7,0,3,0,2,6,4,1
10,16,4,0,1,4,3,0,1,15,1,1,1,7,0,0,5,0,0,0,1
0,15,4,1,1,0,3,0,0,2,1,1,1,0,0,1,5,0,0,0,1
8,23,4,0,1,0,3,3,0,0,1,1,1,0,0,1,0,9,8,13,0
6,18,4,0,1,0,2,0,0,5,1,1,1,0,0,1,0,8,6,9,1
4,20,4,1,1,0,3,0,0,0,1,1,1,1,0,3,0,6,10,9,1
9,18,4,1,1,0,3,1,0,0,1,1,1,8,0,1,0,6,10,12,1
9,21,4,1,1,4,3,0,1,9,1,1,1,5,0,3,0,6,6,12,1
9,19,4,1,1,3,3,0,1,2,1,1,1,5,0,1,0,6,6,12,1
4,15,4,0,1,0,3,0,0,0,1,1,1,0,0,1,0,4,2,5,1
15,20,0,1,0,0,3,0,0,0,1,1,0,7,2,1,5,0,0,0,1
5,15,4,0,1,3,3,0,1,2,1,1,1,0,0,1,0,6,5,6,1
7,15,0,0,1,4,3,0,1,9,1,1,1,5,0,1,0,6,8,10,1
8,15,4,1,1,0,3,1,0,2,1,1,1,8,0,1,0,6,6,5,1
13,19,0,0,1,0,3,3,0,0,1,1,1,0,2,1,0,9,0,14,1
14,8,1,1,1,4,3,1,1,4,1,1,1,0,2,4,5,0,0,2,0
4,18,4,1,1,0,3,0,0,16,1,1,1,0,0,1,0,2,2,4,1
12,19,4,0,1,4,3,3,1,0,1,1,1,5,0,2,0,6,8,14,1
6,20,4,0,1,0,3,0,0,12,1,1,1,7,0,1,0,3,0,11,0
2,15,4,1,1,0,3,1,0,16,1,1,1,0,0,0,5,0,0,0,1
10,22,0,1,1,0,3,0,0,1,1,1,1,0,0,1,0,6,4,14,1
11,18,4,1,1,0,3,0,0,11,1,1,1,2,2,3,0,6,7,13,1
11,20,0,1,1,3,3,0,1,0,1,1,1,0,2,1,0,4,10,10,1
8,18,4,0,1,0,3,0,0,4,1,1,1,0,0,1,0,4,8,9,1
10,1,0,1,1,4,3,3,1,1,1,1,1,5,0,3,0,6,3,11,1
14,20,4,1,1,0,3,0,0,2,1,1,1,1,2,1,0,6,8,6,1
4,15,4,0,1,0,3,0,0,4,1,1,1,0,0,6,0,6,6,7,1
7,20,4,0,1,0,3,1,0,10,1,1,1,8,0,4,0,6,8,10,0
8,21,4,0,1,0,3,1,0,0,1,1,1,5,0,1,0,6,3,14,0
4,18,2,0,0,0,1,3,0,14,1,1,1,0,2,1,5,0,0,0,1
6,18,4,0,1,0,3,0,0,2,1,1,1,0,0,2,0,6,11,8,1
10,12,4,0,0,0,3,0,0,0,1,1,0,0,0,1,2,0,0,4,1
0,18,4,0,1,0,3,2,0,2,1,1,1,0,0,1,0,3,4,2,1
8,20,4,1,1,0,3,1,0,2,1,1,1,0,0,1,2,4,0,4,0
13,0,4,1,1,0,3,3,0,12,1,1,1,0,2,6,0,6,4,9,1
12,17,0,1,1,0,3,3,0,8,1,1,1,7,2,1,0,6,1,8,1
10,15,0,1,1,4,3,3,1,0,1,1,1,0,0,1,0,6,6,6,1
2,16,4,0,1,0,3,0,0,2,1,1,1,0,0,0,5,0,0,0,1
15,22,0,1,1,0,3,1,0,0,1,1,1,0,2,1,0,7,8,14,1
9,18,4,1,1,0,3,3,0,0,1,1,1,7,0,1,0,3,3,6,1
9,20,4,0,1,0,3,0,0,11,1,1,1,7,0,4,0,6,5,6,0
4,18,4,1,1,0,3,0,0,2,1,1,1,0,0,1,0,6,3,7,1
8,20,4,1,1,0,3,0,0,2,1,1,1,5,0,1,0,6,2,10,1
13,15,0,0,1,4,3,0,1,1,1,1,1,5,2,1,0,6,6,7,1
8,20,4,0,1,0,3,1,0,0,1,1,1,0,0,1,0,5,2,10,1
12,20,0,0,1,0,3,1,0,1,1,1,1,8,2,1,0,7,11,14,0
0,17,4,0,1,0,3,0,0,2,1,1,1,7,0,1,0,4,3,1,1
14,18,2,0,1,0,1,1,0,0,1,1,1,0,2,1,0,6,8,7,1
6,20,0,1,1,0,3,1,0,0,1,1,1,0,0,2,0,6,2,13,1
0,15,4,1,1,0,3,1,0,2,1,1,1,8,0,1,0,2,1,4,1
4,18,4,1,1,0,3,0,0,2,1,1,1,1,0,1,0,3,6,6,1
7,15,0,1,1,0,3,0,0,2,1,1,1,7,0,1,0,6,4,7,1
11,20,0,0,1,3,3,0,1,2,1,1,1,7,2,3,0,3,5,6,1
8,15,4,0,1,0,3,0,0,2,1,1,1,0,0,1,0,6,2,7,1
7,17,0,1,1,0,3,0,0,0,1,1,1,5,0,0,5,0,0,0,1
3,18,4,0,1,0,3,0,0,15,1,1,1,7,0,0,5,0,0,0,1
4,15,4,1,1,0,3,0,0,7,1,1,1,7,0,1,5,0,0,0,1
10,16,4,1,1,0,3,1,0,12,1,1,1,0,0,1,0,5,1,8,1
6,4,0,0,0,4,3,1,1,11,1,0,1,7,0,3,0,7,5,11,1
7,18,0,1,1,0,3,0,0,0,1,1,1,7,0,0,5,0,0,0,0
1,18,4,0,1,4,3,3,1,2,1,1,1,7,0,1,0,6,6,9,1
4,15,4,1,1,0,3,3,0,3,1,1,1,0,0,1,0,2,7,6,0
6,20,4,1,1,0,3,1,0,0,1,1,1,7,0,1,0,6,4,12,1
7,17,4,1,1,0,3,0,0,2,1,1,1,0,0,3,0,6,8,11,1
13,15,0,0,1,3,3,0,1,0,1,1,1,0,2,1,0,6,4,11,1
6,10,4,0,1,4,3,0,1,7,1,1,1,0,0,9,2,0,0,0,1
3,15,4,0,1,0,3,3,0,2,1,1,1,0,0,1,0,6,3,6,1
7,19,4,1,1,0,3,1,0,2,1,1,1,0,0,1,0,4,7,8,0
4,15,4,0,1,0,3,3,0,9,1,1,1,0,0,1,0,4,3,6,1
1,15,4,1,1,0,3,0,0,2,1,1,1,5,0,1,0,1,4,1,0
4,20,2,0,1,0,3,3,0,0,1,1,1,0,0,1,5,6,0,7,1
6,18,4,1,1,0,3,0,0,14,1,1,1,1,0,1,0,4,8,6,1
13,15,4,0,1,0,3,0,0,0,1,1,1,0,2,1,0,6,5,7,1
14,14,0,0,0,0,3,0,0,0,1,1,0,0,2,3,0,6,1,6,1
6,21,4,1,1,0,3,3,0,0,1,1,1,0,0,2,0,9,6,12,0
14,17,0,1,1,4,3,0,1,1,1,1,1,5,2,1,5,0,0,0,1
11,14,0,0,1,0,3,0,0,0,1,1,1,0,2,1,0,6,3,12,1
15,15,4,0,1,0,3,0,0,2,1,1,1,7,2,1,2,4,0,3,1
2,15,4,0,1,2,3,0,0,4,1,1,1,5,0,1,0,1,3,1,0
7,15,4,1,1,4,3,0,1,10,1,1,1,8,0,1,5,6,0,4,1
9,15,4,0,1,0,3,3,0,14,1,1,1,0,0,1,0,6,2,8,1
3,13,4,0,1,0,3,1,0,15,1,1,1,8,0,1,5,2,0,2,0
5,20,4,1,1,0,3,1,0,11,1,1,1,0,0,6,0,4,6,2,1
2,15,4,0,1,4,3,0,1,4,1,1,1,5,0,0,5,0,0,0,1
1,18,4,1,1,0,3,1,0,2,1,1,1,0,0,1,0,4,5,7,1
14,11,0,0,1,4,3,0,1,1,1,1,1,7,2,1,0,6,10,10,1
14,18,4,1,1,0,3,1,0,12,1,1,1,8,2,2,0,7,0,9,0
9,20,4,1,1,0,3,0,0,11,1,1,1,5,0,3,0,7,3,11,1
12,21,0,1,1,4,3,0,1,1,1,1,1,0,2,2,0,6,2,13,1
14,19,0,1,1,4,3,0,1,1,1,1,1,0,2,0,5,0,0,0,1
15,16,0,1,1,0,3,0,0,1,1,1,1,0,2,1,2,6,0,3,1
8,20,4,1,1,4,3,0,1,0,1,1,1,5,0,2,0,6,8,13,1
6,20,4,1,1,3,3,0,1,5,1,1,1,5,0,1,0,6,3,13,1
2,15,4,0,1,3,3,0,1,2,1,1,1,0,0,1,0,2,2,5,1
7,20,4,1,1,2,3,3,0,0,1,1,1,5,0,3,0,6,6,12,0
14,20,0,1,1,0,3,1,0,1,1,1,1,0,2,1,0,6,2,8,1
7,20,4,1,1,0,3,0,0,2,1,1,1,0,0,1,0,6,11,9,1
1,18,4,0,1,0,3,0,0,2,1,1,1,0,0,1,0,1,6,1,1
15,22,4,0,1,0,3,1,0,0,1,1,1,0,2,1,0,8,2,14,1
7,15,0,1,1,0,3,1,0,2,1,1,1,0,0,1,0,6,8,8,1
0,15,4,1,1,0,3,0,0,2,1,1,1,0,0,1,0,6,8,6,1
2,18,4,0,1,0,0,3,0,11,1,1,1,0,0,5,3,8,9,14,0
1,18,4,0,1,0,3,1,0,2,1,1,1,0,0,1,5,2,0,2,1
11,20,4,1,1,0,3,0,0,2,1,1,1,0,2,1,0,8,2,8,1
6,19,4,1,1,0,3,0,0,2,1,1,1,1,0,0,5,0,0,0,1
5,15,4,1,1,0,3,1,0,11,1,1,1,0,0,2,0,6,3,11,0
14,15,4,1,0,0,3,0,0,0,1,1,0,0,2,1,0,4,3,4,1
7,8,4,0,1,4,3,0,1,16,1,1,1,0,0,1,0,1,4,4,0
5,15,0,1,1,0,3,1,0,0,1,1,1,8,0,1,0,6,2,5,1
11,22,4,1,0,0,3,3,0,2,1,0,1,0,2,3,0,9,0,11,1
6,15,0,0,1,0,3,0,0,2,1,1,1,8,0,1,0,6,10,10,1
4,18,2,1,0,0,1,1,0,14,1,1,1,0,2,1,5,0,0,0,1
14,19,4,1,1,0,3,0,0,2,1,1,1,0,2,1,0,7,6,9,1
5,17,4,1,1,0,3,0,0,2,1,1,1,1,0,1,0,6,2,5,0
11,20,4,1,1,3,3,0,1,0,1,1,1,0,2,1,0,8,3,13,0
4,12,2,0,1,0,3,0,0,1,1,1,1,0,0,1,2,0,0,9,0
12,21,0,1,1,0,3,0,0,1,1,1,1,0,2,1,0,8,6,13,1
7,0,4,0,1,4,3,0,1,0,1,1,1,5,0,0,5,0,0,6,1
5,20,4,0,1,0,3,1,0,10,1,1,1,0,0,1,0,6,8,4,1
11,18,0,1,1,0,3,3,0,1,1,1,1,0,2,1,0,5,3,6,1
2,15,4,1,1,0,3,0,0,2,1,1,1,0,0,1,0,5,4,5,0
2,18,4,0,1,4,3,0,1,16,1,1,1,5,0,1,0,7,4,2,0
10,18,4,1,1,4,3,0,1,0,1,1,1,0,0,1,0,6,3,9,0
4,18,4,0,1,0,3,0,0,2,1,1,1,0,0,1,0,4,2,5,1
13,15,0,1,1,0,3,2,0,1,1,1,1,0,2,1,0,2,3,6,1
14,0,2,1,0,0,1,3,0,0,1,0,1,0,2,0,5,0,0,7,1
4,19,4,0,1,0,3,0,0,11,1,1,1,0,0,1,0,6,6,7,0
11,20,4,0,1,0,3,0,0,2,1,1,1,0,2,1,5,4,0,4,1
7,20,4,1,1,3,3,0,1,2,1,1,1,5,0,1,0,6,4,9,1
11,14,0,1,1,0,3,3,0,0,1,1,1,0,2,3,0,6,3,12,0
15,18,0,0,1,4,3,1,1,0,1,1,1,0,2,4,0,6,10,2,1
1,15,4,1,1,0,3,1,0,2,1,1,1,1,0,1,0,6,4,3,1
11,11,4,0,1,4,3,1,1,0,1,1,1,0,2,1,0,6,3,13,0
15,17,0,1,1,0,3,0,0,0,1,1,1,0,2,6,0,6,4,10,1
1,18,0,1,1,0,3,1,0,1,1,1,1,8,0,4,0,1,1,2,1
8,17,4,0,1,0,3,0,0,7,1,1,1,0,0,1,0,8,4,2,0
8,17,0,1,1,0,3,1,0,1,1,1,1,0,0,6,0,4,2,3,1
0,17,4,1,1,0,3,0,0,4,1,1,1,5,0,3,0,1,8,1,1
8,17,4,1,1,0,3,0,0,0,1,1,1,0,0,2,0,6,3,7,1
1,17,0,0,1,0,3,3,0,1,1,1,1,1,0,1,2,1,0,3,0
5,20,4,1,1,0,3,3,0,10,1,1,1,0,0,1,0,9,8,10,0
4,15,4,0,0,0,3,1,0,2,1,1,1,0,0,1,5,0,0,1,1
11,20,4,1,1,0,3,0,0,2,1,1,1,5,2,1,1,3,0,9,1
4,20,4,0,1,0,3,1,0,11,1,1,1,8,0,1,0,6,6,12,1
10,15,0,1,1,0,3,0,0,1,1,1,1,7,0,1,0,5,8,8,0
4,20,4,1,0,0,3,3,0,3,1,1,0,0,0,0,5,0,0,0,1
13,16,0,0,1,4,3,0,1,1,1,1,1,0,2,1,0,5,6,7,1
12,16,0,0,1,0,3,0,0,1,1,1,1,7,2,1,0,7,2,3,1
0,18,4,0,1,0,3,0,0,11,1,1,1,0,0,3,0,2,2,6,0
12,20,4,0,1,0,3,0,0,5,1,1,1,0,0,2,0,2,5,3,1
8,21,4,0,1,4,3,1,1,0,1,1,1,5,0,1,0,9,3,14,0
3,18,4,0,1,0,3,0,0,16,1,1,1,0,0,1,5,6,0,4,0
13,13,4,0,1,2,3,0,0,0,1,1,1,8,2,1,5,0,0,13,1
6,21,4,0,1,0,3,1,0,2,1,1,1,0,0,8,5,6,0,0,1
1,15,4,0,1,0,3,0,0,2,1,1,1,8,0,1,0,1,1,2,1
9,18,0,1,1,0,3,1,0,1,1,1,1,0,0,1,0,6,3,10,1
3,20,4,1,1,0,3,1,0,5,1,1,1,0,0,1,2,1,0,5,0
8,20,4,0,1,0,3,1,0,0,1,1,1,0,0,1,0,6,8,14,0
11,10,4,0,0,0,3,0,0,7,1,1,0,2,2,0,5,0,0,0,1
15,20,0,1,1,0,3,2,0,1,1,1,1,0,2,1,0,9,3,12,1
2,18,4,0,1,0,3,1,0,2,1,1,1,0,0,1,0,6,1,4,1
1,21,0,1,1,0,3,1,0,0,1,1,1,0,0,2,0,6,1,13,0
13,18,2,1,1,0,3,1,0,2,1,1,1,0,2,1,0,6,1,11,1
7,13,4,1,1,4,3,0,1,2,1,1,1,7,0,1,5,0,0,0,1
14,22,4,0,1,0,3,3,0,0,1,1,1,0,2,1,0,6,9,11,1
8,20,4,1,1,0,3,0,0,11,1,1,1,0,0,1,0,4,2,5,0
8,15,4,0,0,0,3,0,0,3,1,0,0,8,0,1,0,9,7,5,1
9,20,4,1,1,0,3,0,0,12,1,1,1,1,0,0,5,0,0,0,1
1,18,4,1,1,0,3,1,0,2,1,1,1,0,0,3,0,6,8,9,1
3,15,4,0,1,0,3,0,0,15,1,1,1,5,0,0,5,0,0,0,0
4,15,4,0,0,0,3,0,0,2,1,1,1,7,0,0,5,0,0,5,1
5,20,4,1,1,0,3,3,0,11,1,1,1,0,0,2,0,6,2,13,0
13,18,0,1,1,4,3,0,1,1,1,1,1,7,2,6,0,2,0,2,1
10,17,4,0,1,0,3,3,0,0,1,1,1,0,0,1,0,6,10,8,0
8,18,4,1,1,0,3,3,0,5,1,1,1,5,0,1,0,3,8,9,1
13,21,4,0,1,0,3,3,0,11,1,1,1,5,2,2,0,9,2,14,0
13,20,4,1,1,0,3,0,0,0,1,1,1,7,2,1,0,6,6,11,0
8,21,0,1,1,4,3,0,1,0,1,1,1,5,0,1,0,9,6,13,1
0,15,4,1,1,0,3,0,0,7,1,1,1,0,0,0,5,0,0,2,1
7,18,4,1,1,0,3,0,0,2,1,1,1,0,0,0,5,0,0,0,1
0,15,4,0,1,0,3,0,0,7,1,1,1,1,0,0,5,0,0,0,1
11,15,0,1,1,0,3,0,0,1,1,1,1,0,2,1,0,1,2,2,0
15,21,0,0,1,0,3,1,0,0,1,1,1,0,2,1,0,6,5,12,1
7,15,4,1,1,0,3,1,0,7,1,1,1,8,0,1,0,1,1,4,0
9,18,0,0,1,4,3,0,1,1,1,1,1,5,0,1,0,6,2,8,1
9,18,4,0,1,0,3,3,0,0,1,1,1,0,0,3,0,4,4,6,1
12,23,3,1,1,0,3,0,0,0,1,1,1,0,2,1,0,8,8,14,0
5,15,4,0,1,0,3,0,0,15,1,1,1,0,0,1,5,0,0,0,0
10,17,4,0,1,0,3,0,0,2,1,1,1,0,0,1,0,4,11,3,1
1,18,4,1,1,0,3,3,0,11,1,1,1,5,0,1,0,1,8,3,1
0,15,4,0,1,3,3,0,1,16,1,1,1,0,0,9,2,0,0,0,1
8,17,0,1,1,4,3,0,1,8,1,1,1,2,0,1,0,4,5,6,1
11,16,4,0,1,4,3,0,1,2,1,1,1,7,2,1,5,6,0,1,1
8,18,0,0,1,0,3,0,0,8,1,1,1,5,0,1,0,3,3,5,1
2,15,4,0,1,0,3,1,0,2,1,1,1,8,0,1,0,1,4,3,1
7,18,0,0,1,0,3,0,0,2,1,1,1,1,0,1,0,8,11,9,1
13,20,0,1,1,0,3,0,0,0,1,1,1,7,2,1,0,6,4,13,1
9,14,3,1,1,0,3,3,0,2,1,1,0,0,2,1,0,3,7,6,1
0,18,4,0,0,0,3,1,0,2,0,1,1,0,0,1,0,2,8,2,1
9,18,4,0,1,0,3,0,0,2,1,1,1,1,0,1,0,8,10,9,1
15,13,4,0,1,0,3,0,0,15,1,1,1,1,2,1,5,0,0,0,1
0,15,4,0,1,0,3,0,0,7,1,1,1,0,0,1,0,3,3,3,1
1,14,4,0,1,0,3,0,0,15,1,1,1,7,0,0,5,0,0,0,1
11,21,4,1,1,3,3,0,1,0,1,1,1,5,2,1,0,6,2,13,1
0,15,4,1,1,0,3,0,0,11,1,1,1,0,0,0,5,0,0,0,0
1,15,4,0,1,0,3,1,0,16,1,1,1,0,0,1,5,1,0,2,1
13,19,0,1,1,3,3,0,1,0,1,1,1,0,2,1,0,6,3,10,1
14,23,0,1,1,4,3,3,1,8,1,1,1,0,2,0,5,0,0,0,1
4,20,4,1,1,0,3,0,0,11,1,1,1,8,0,1,0,9,2,7,1
6,15,4,1,1,0,3,1,0,0,1,1,1,0,0,2,0,6,0,9,0
2,18,4,0,1,0,3,3,0,11,1,1,1,5,0,0,5,0,0,0,1
12,19,4,0,1,0,3,0,0,2,1,1,1,1,2,1,0,2,6,4,1
13,15,0,0,1,4,3,3,1,1,1,1,1,5,2,1,0,6,3,12,1
14,18,4,1,1,0,3,0,0,0,1,1,1,0,2,1,5,0,0,4,1
2,15,4,1,1,0,3,0,0,2,1,1,1,0,0,1,0,2,3,2,0
11,20,0,0,1,4,3,1,1,1,1,1,1,0,2,6,0,8,0,11,1
13,12,4,0,1,2,3,0,0,0,1,1,1,2,2,1,0,6,7,14,1
8,18,4,1,1,0,3,0,0,16,1,1,1,2,0,3,0,6,2,6,1
9,20,4,1,1,0,3,0,0,0,1,1,1,0,0,1,0,6,8,12,1
8,15,4,0,1,0,1,0,0,0,1,1,1,0,0,5,0,6,2,7,0
14,14,4,1,1,0,3,0,0,2,1,1,1,5,2,1,2,0,0,5,1
11,22,4,1,1,0,3,1,0,7,1,1,1,8,2,0,5,0,0,0,1
3,15,4,0,1,4,3,3,1,4,1,1,1,0,0,0,5,0,0,5,1
6,15,4,0,1,3,3,0,1,5,1,1,1,7,0,1,2,3,0,5,1
13,20,0,0,1,4,3,0,1,1,1,1,1,5,2,1,0,6,1,11,0
13,0,4,0,1,4,3,3,1,0,1,1,1,1,2,0,5,0,0,7,1
4,18,4,1,1,0,3,0,0,2,1,1,1,7,0,1,0,6,4,8,1
6,15,4,0,1,0,3,0,0,14,1,1,1,0,0,1,0,6,8,12,1
11,21,4,1,1,4,3,0,1,2,1,1,1,5,2,1,0,6,1,13,1
8,11,0,0,0,4,3,0,1,5,0,1,1,0,0,1,0,9,8,13,1
12,21,4,1,1,0,3,0,0,0,1,1,1,0,2,4,0,6,2,13,0
3,15,4,1,1,0,3,0,0,2,1,1,1,7,0,1,0,1,2,3,1
14,15,0,0,1,4,3,0,1,1,1,1,1,0,2,1,0,6,1,10,1
1,18,4,0,1,0,3,1,0,16,1,1,1,8,0,1,5,2,0,4,1
5,15,4,0,0,0,3,2,0,2,1,1,0,6,0,0,5,0,0,3,1
4,18,4,1,1,4,3,0,1,2,1,1,1,5,0,1,0,2,8,6,1
11,18,0,1,1,0,3,1,0,1,1,1,1,5,2,6,0,4,7,10,1
9,14,0,0,1,0,3,0,0,0,1,1,1,0,0,1,0,6,10,8,1
5,20,4,0,1,0,3,0,0,5,1,1,1,0,0,1,0,9,4,4,1
7,13,4,1,1,4,3,0,1,7,1,1,1,8,0,1,5,0,0,0,1
10,20,4,0,1,0,3,0,0,2,1,1,1,7,0,3,0,8,6,9,1
14,21,4,0,1,4,3,0,1,0,1,1,1,5,2,1,0,6,2,14,0
9,20,4,0,1,0,3,0,0,11,1,1,1,0,0,1,0,6,2,11,0
15,20,0,1,1,0,3,1,0,1,1,1,1,0,2,1,0,6,4,9,0
9,20,0,1,1,0,3,0,0,1,1,1,1,0,0,1,0,6,4,7,1
10,13,4,0,1,0,3,0,0,15,1,1,1,7,0,1,2,6,0,9,1
11,21,4,0,1,0,3,0,0,0,1,1,1,5,2,6,0,6,6,14,0
2,18,4,1,1,0,3,1,0,12,1,1,1,0,2,1,0,3,7,6,1
0,15,0,1,1,0,3,1,0,1,1,1,1,0,0,1,0,3,0,1,1
1,18,4,1,1,0,3,3,0,2,1,1,1,0,0,1,0,6,6,5,1
13,20,4,1,1,3,3,0,1,0,1,1,1,5,2,1,0,7,7,13,0
0,18,4,0,1,0,3,1,0,16,1,1,1,0,0,1,5,1,0,3,0
10,20,4,1,1,0,3,1,0,2,1,1,1,0,0,1,0,8,11,14,1
7,19,2,1,1,0,3,1,0,0,1,1,1,0,0,3,0,6,1,10,1
3,15,4,1,1,0,3,1,0,2,1,1,1,0,0,1,0,4,4,5,1
4,18,4,1,1,4,3,0,1,2,1,1,1,5,0,1,0,4,7,3,1
3,20,4,0,1,0,3,3,0,2,1,1,1,7,0,1,5,0,0,0,1
15,13,4,0,1,0,3,0,0,15,1,1,1,7,2,0,5,0,0,0,1
5,20,4,1,1,0,3,0,0,2,1,1,1,5,0,1,5,5,0,3,1
0,18,4,0,1,0,3,1,0,4,1,1,1,0,0,1,0,1,8,4,1
3,17,4,0,1,0,3,1,0,2,1,1,1,0,0,1,0,6,8,7,0
7,15,4,1,1,0,3,1,0,2,1,1,1,0,0,1,0,4,6,6,1
5,20,4,1,1,0,3,1,0,11,1,1,1,0,0,1,0,1,8,1,0
8,15,0,1,1,4,3,0,1,0,1,1,1,7,0,1,0,1,3,2,1
13,15,4,1,0,0,3,0,0,2,0,1,1,2,0,4,0,0,5,5,1
9,21,4,1,1,0,3,0,0,2,1,1,1,8,0,1,0,8,8,9,0
4,20,4,0,1,0,3,3,0,2,1,1,1,0,0,1,0,3,2,6,1
9,21,0,1,1,4,3,0,1,1,1,1,1,5,0,2,0,2,3,3,1
2,18,4,1,1,0,3,0,0,0,1,1,1,5,0,2,0,1,1,3,1
1,15,4,0,1,4,3,0,1,16,1,1,1,5,0,1,0,2,1,4,0
13,15,4,0,1,3,3,0,1,2,1,1,1,5,2,1,0,6,4,7,1
14,15,0,1,1,0,3,1,0,0,1,1,1,0,2,1,5,2,0,1,0
12,15,0,1,1,0,3,3,0,0,1,1,1,0,2,6,0,6,6,8,1
0,18,4,1,1,0,3,0,0,2,1,1,1,7,0,3,0,1,2,2,1
1,18,4,0,1,0,3,3,0,2,1,1,1,0,0,1,0,4,3,6,1
2,18,4,1,1,0,3,0,0,16,1,1,1,5,0,1,0,5,2,7,0
10,16,0,0,1,0,3,0,0,1,1,1,1,0,0,1,0,7,4,13,1
2,13,4,0,1,4,3,0,1,15,1,1,1,0,0,0,5,0,0,0,1
9,20,4,1,1,0,3,3,0,11,1,1,1,8,0,1,0,6,6,9,1
11,20,0,1,1,3,3,0,1,0,1,1,1,5,2,1,0,6,8,11,1
3,13,4,0,1,0,3,0,0,15,1,1,1,0,0,0,5,0,0,0,1
1,19,4,1,1,0,3,0,0,7,1,1,1,0,0,1,2,3,0,4,0
15,19,0,1,1,0,3,3,0,1,1,1,1,0,2,0,5,0,0,0,1
0,18,4,0,1,0,3,0,0,2,1,1,1,0,0,1,0,4,8,6,0
9,20,4,1,1,0,3,1,0,2,1,1,1,5,0,1,0,6,4,12,1
11,18,4,1,1,0,3,0,0,2,1,1,1,0,2,1,0,6,1,9,1
2,19,4,0,1,0,3,3,0,2,1,1,1,0,0,1,0,6,2,5,1
2,18,4,1,1,0,3,0,0,2,1,1,1,0,0,0,5,0,0,0,1
15,20,0,0,1,0,3,0,0,0,1,1,1,5,2,1,0,6,5,14,1
1,18,4,1,1,4,3,0,1,11,1,1,1,0,0,0,5,0,0,0,1
3,17,4,0,1,0,3,0,0,2,1,1,1,7,0,1,0,6,2,9,1
8,23,4,0,1,0,3,0,0,5,1,1,1,5,0,1,0,6,5,14,0
7,21,4,1,0,0,3,2,0,5,1,1,0,0,0,0,5,0,0,4,1
5,15,4,0,1,0,3,0,0,12,1,1,1,0,0,1,0,4,6,3,1
0,18,4,1,1,0,3,0,0,16,1,1,1,5,0,1,5,4,0,3,0
8,15,4,0,1,0,3,0,0,0,1,1,1,7,0,1,0,6,2,9,1
12,20,0,1,1,3,3,0,1,1,1,1,1,0,2,7,5,0,0,0,1
4,18,4,0,1,0,3,0,0,0,1,1,1,7,0,1,0,9,4,9,1
14,20,4,0,1,0,3,1,0,0,1,1,1,5,2,2,0,6,3,14,0
5,17,4,1,1,3,3,1,1,7,1,1,1,8,0,1,0,2,4,6,1
8,13,2,0,0,0,3,0,0,2,1,1,1,7,0,1,5,6,0,7,1
14,21,0,0,1,4,3,0,1,1,1,1,1,5,2,1,0,6,11,13,0
0,18,4,0,1,0,3,0,0,2,1,1,1,0,0,1,1,2,0,2,0
10,19,4,1,1,0,3,0,0,2,1,1,1,7,0,1,0,6,3,7,1
11,20,0,0,1,4,3,0,1,1,1,1,1,0,2,1,0,6,4,14,1
5,17,0,1,1,0,3,0,0,1,1,1,1,0,0,1,2,6,0,4,1
1,17,4,1,1,0,3,0,0,2,1,1,1,0,0,2,0,1,2,3,1
6,20,4,0,1,4,3,0,1,11,1,1,1,5,0,1,0,8,8,14,0
12,15,4,0,1,0,3,0,0,2,1,1,1,0,2,1,0,6,10,10,1
14,20,0,1,1,0,3,0,0,0,1,1,1,0,2,1,0,7,5,10,1
8,18,4,0,0,0,3,0,0,11,0,1,1,2,0,2,0,7,6,5,1
11,20,4,0,1,0,0,0,0,0,1,1,1,0,2,5,0,8,6,14,1
3,18,4,0,1,0,3,3,0,0,1,1,1,0,0,1,0,6,6,11,0
9,18,4,0,1,0,3,0,0,2,1,1,1,0,0,1,0,6,3,12,1
5,20,4,1,1,0,3,1,0,2,1,1,1,0,0,1,0,6,2,7,1
10,1,0,1,1,3,2,3,1,1,1,1,1,0,0,5,3,6,3,13,0
5,18,4,1,1,0,3,1,0,0,1,1,1,0,0,2,0,5,1,10,1
6,18,4,1,1,0,3,0,0,10,1,1,1,0,0,1,0,6,8,11,1
13,15,0,0,1,0,3,0,0,1,1,1,1,0,2,1,0,8,2,11,1
5,19,4,0,1,0,3,0,0,2,1,1,1,1,0,1,0,3,2,3,1
5,20,4,1,1,0,3,3,0,2,1,1,1,0,0,1,0,3,5,4,1
11,20,0,0,1,4,3,0,1,1,1,1,1,5,2,3,0,6,8,12,1
3,18,4,0,1,0,3,3,0,2,1,1,1,0,0,2,0,6,2,4,1
14,20,0,0,1,0,3,1,0,0,1,1,1,0,2,1,0,8,3,12,1
5,19,4,1,1,0,3,1,0,0,1,1,1,0,0,2,0,6,2,5,1
6,20,4,1,1,0,3,0,0,2,1,1,1,5,0,0,5,0,0,12,1
13,15,4,0,1,0,3,0,0,15,1,1,1,1,2,0,5,0,0,1,0
10,18,0,1,1,0,3,0,0,8,1,1,1,0,0,1,0,2,3,8,1
15,15,2,0,1,0,3,3,0,0,1,1,1,1,2,3,0,6,2,11,1
4,20,4,1,1,0,3,1,0,0,1,1,1,0,0,1,0,7,5,10,0
11,20,4,0,1,0,3,0,0,0,1,1,1,0,2,1,0,6,6,13,1
4,20,4,0,1,0,3,0,0,11,1,1,1,0,0,1,2,4,0,6,0
14,18,4,0,1,0,3,0,0,0,1,1,1,7,2,1,0,6,2,8,1
3,18,4,1,1,0,3,3,0,14,1,1,1,0,0,1,0,6,8,6,1
11,20,0,0,1,0,3,1,0,1,1,1,1,0,2,1,0,8,5,11,0
0,13,4,0,1,0,3,0,0,8,1,1,1,7,0,1,0,2,4,3,1
10,20,4,1,1,0,3,1,0,11,1,1,1,0,0,2,0,9,4,12,1
10,14,4,1,1,4,3,0,1,0,1,1,1,7,0,7,0,5,5,7,1
15,20,0,1,1,0,3,1,0,0,1,1,1,0,2,1,0,6,8,13,1
12,20,0,0,1,0,3,0,0,1,1,1,1,0,2,7,0,7,10,13,1
12,20,0,0,1,4,3,0,1,0,1,1,1,5,2,1,0,8,4,13,1
5,17,3,0,1,0,1,3,0,9,1,1,1,0,2,1,0,9,10,9,1
3,20,4,1,1,0,3,1,0,0,1,1,1,5,0,1,0,6,4,6,0
11,13,4,0,1,0,3,0,0,0,1,1,1,0,2,1,2,4,0,6,1
2,22,4,1,1,0,3,1,0,7,1,1,1,8,0,0,5,0,0,0,1
7,15,0,1,1,4,3,0,1,1,1,1,1,7,0,1,0,6,10,8,1
13,20,4,0,1,0,3,1,0,0,1,1,1,0,2,7,0,6,8,9,1
8,17,4,0,0,0,3,1,0,0,1,1,0,8,0,0,5,0,0,0,0
1,18,4,0,1,0,3,0,0,2,1,1,1,0,0,1,0,6,8,8,1
7,20,4,1,1,3,3,3,1,11,1,1,1,8,0,1,0,6,2,12,1
3,20,4,0,1,0,0,1,0,12,1,1,1,0,0,5,3,7,9,14,1
13,21,0,1,1,0,3,1,0,0,1,1,1,0,2,1,0,7,6,12,1
10,16,0,0,1,4,3,0,1,0,1,1,1,0,0,1,0,7,3,10,0
6,20,4,0,1,0,3,3,0,0,1,1,1,1,0,1,0,8,8,11,1
1,15,4,1,1,0,3,3,0,0,1,1,1,0,0,1,5,1,0,2,0
3,20,4,0,1,0,3,3,0,14,1,1,1,0,0,1,0,6,8,6,1
6,19,0,1,1,4,3,0,1,0,1,1,1,5,0,1,0,4,1,13,1
7,15,4,0,1,0,3,0,0,2,1,1,1,1,0,1,0,6,6,4,1
7,15,0,1,1,0,3,1,0,1,1,1,1,0,0,1,0,4,2,4,1
12,15,4,0,1,0,3,3,0,3,1,1,1,0,2,6,0,2,7,5,1
15,19,4,1,1,0,3,0,0,2,1,1,1,5,2,1,0,6,8,12,1
12,15,0,0,1,0,3,0,0,8,1,1,1,7,2,1,0,5,5,8,1
1,18,4,0,1,3,3,3,1,2,1,1,1,0,0,3,0,3,8,5,1
3,15,4,0,1,0,0,0,0,16,1,1,1,1,0,5,3,9,1,7,1
6,21,4,0,1,2,3,3,0,3,1,1,1,1,0,1,0,6,8,13,1
9,20,0,1,1,0,3,3,0,0,1,1,1,5,0,1,5,1,0,1,0
4,20,4,0,1,0,3,3,0,2,1,1,1,0,0,1,0,2,5,3,1
13,19,4,1,1,0,3,0,0,0,1,1,1,0,2,1,0,6,11,6,1
12,19,4,1,0,0,3,0,0,5,0,1,0,7,2,1,0,6,10,13,1
11,17,4,1,1,0,3,0,0,10,1,1,1,5,2,4,0,6,8,10,1
15,18,0,1,1,4,3,0,1,1,1,1,1,7,2,6,0,6,5,12,1
14,23,2,1,1,0,3,0,0,5,1,1,1,0,2,1,0,6,6,13,0
12,20,4,0,1,0,3,1,0,0,1,1,1,0,2,2,0,6,0,11,1
14,18,4,0,1,4,3,3,1,14,1,1,1,5,2,7,0,2,0,9,1
11,20,4,1,1,0,3,1,0,0,1,1,1,0,2,2,0,6,11,14,0
6,21,4,1,1,0,3,3,0,2,1,1,1,1,0,1,0,1,8,1,1
15,20,4,0,1,0,3,0,0,2,1,1,1,5,2,1,0,6,5,9,1
10,21,4,0,1,3,3,0,1,5,1,1,1,5,0,1,0,9,4,14,1
4,15,4,1,1,0,3,0,0,16,1,1,1,7,0,1,0,8,1,7,1
3,20,4,1,1,0,3,0,0,2,1,1,1,5,0,1,0,2,2,6,1
10,16,4,0,1,0,3,0,0,0,1,1,1,7,0,1,0,7,8,11,0
4,15,4,0,1,0,3,0,0,7,1,1,1,0,0,1,0,6,11,4,1
12,21,0,0,1,0,3,0,0,1,1,1,1,0,2,1,0,6,10,14,0
7,20,4,0,1,0,3,1,0,2,1,1,1,0,0,1,0,5,7,7,1
6,20,4,0,1,4,3,0,1,2,1,1,1,5,0,1,0,6,8,14,1
5,20,4,0,1,0,3,3,0,0,1,1,1,5,0,1,0,6,3,13,0
4,20,4,0,1,0,3,1,0,2,1,1,1,7,0,1,0,6,2,11,1
12,18,0,1,1,0,3,0,0,1,1,1,1,7,2,1,5,0,0,0,1
8,1,4,0,1,4,3,3,1,0,1,1,1,5,0,3,0,6,2,13,1
5,20,4,1,1,0,3,3,0,11,1,1,1,0,0,1,0,8,2,12,1
9,15,0,1,1,3,3,0,1,1,1,1,1,0,0,1,0,6,2,7,1
8,15,0,0,1,3,3,0,1,0,1,1,1,0,0,2,0,9,3,12,0
0,15,4,0,1,4,3,0,1,5,1,1,1,0,0,0,5,0,0,0,1
1,14,4,1,1,0,3,3,0,16,1,1,1,0,0,1,0,2,1,3,0
2,18,4,0,1,0,3,0,0,11,1,1,1,7,0,1,5,0,0,0,1
11,11,4,0,1,0,3,0,0,15,1,1,1,0,2,1,5,9,0,2,1
0,15,4,1,1,0,3,1,0,2,1,1,1,7,0,1,2,1,0,3,0
7,15,4,1,1,0,3,1,0,7,1,1,1,0,0,1,0,3,3,4,1
13,18,0,1,1,0,3,0,0,0,1,1,1,5,2,2,0,6,6,12,1
6,9,4,0,1,4,3,1,1,12,1,1,1,1,0,2,0,8,1,4,1
2,16,4,0,1,0,3,0,0,2,1,1,1,7,0,1,5,6,0,2,0
11,0,4,0,1,0,3,0,0,12,1,1,1,0,2,0,5,0,0,0,1
6,20,4,1,1,0,3,1,0,2,1,1,1,1,0,1,0,6,2,11,1
3,18,4,0,1,0,3,1,0,15,1,1,1,0,0,0,5,0,0,0,0
13,18,0,0,1,0,1,1,0,0,1,1,1,0,2,1,1,8,0,12,0
10,8,0,0,1,4,3,0,1,2,1,1,1,0,0,1,0,6,4,3,1
6,18,4,0,1,0,3,0,0,2,1,1,1,0,0,1,0,8,2,5,1
2,15,4,0,1,0,3,0,0,15,1,1,1,1,0,0,5,0,0,0,0
13,18,4,1,0,0,3,1,0,0,1,1,0,0,2,5,5,2,0,2,1
8,20,4,0,1,0,3,3,0,0,1,1,1,1,0,3,0,6,3,11,0
14,20,0,1,1,0,3,1,0,0,1,1,1,8,2,1,0,6,11,13,1
1,17,0,1,1,0,3,0,0,1,1,1,1,5,0,1,1,6,0,13,1
15,15,4,0,1,0,3,0,0,4,1,1,1,0,2,1,0,5,10,7,1
15,15,0,1,1,0,3,0,0,0,1,1,1,0,2,1,0,6,0,8,1
5,15,4,0,1,0,3,0,0,9,1,1,1,7,0,1,0,6,11,4,1
6,18,4,0,1,0,3,0,0,2,1,1,1,7,0,1,0,6,2,6,1
12,19,0,1,1,0,3,0,0,1,1,1,1,0,2,1,0,6,2,10,1
0,15,4,1,1,0,3,0,0,5,1,1,1,0,0,1,0,3,4,6,1
9,20,0,1,1,0,3,0,0,0,1,1,1,7,0,6,1,6,0,12,0
4,20,4,0,1,0,3,1,0,2,1,1,1,0,0,1,0,6,3,8,1
5,18,0,1,1,0,3,1,0,0,1,1,1,0,0,1,0,6,2,9,1
1,18,4,0,1,0,3,0,0,0,1,1,1,0,0,0,5,0,0,0,0
1,18,4,1,1,0,3,0,0,16,1,1,1,1,0,1,5,2,0,3,0
13,20,0,0,1,3,3,0,1,1,1,1,1,0,2,1,0,6,7,12,1
15,21,0,1,1,0,3,0,0,1,1,1,1,0,2,6,0,6,0,9,1
0,18,4,1,1,0,3,3,0,2,1,1,1,5,0,0,5,0,0,0,1
9,18,2,0,1,0,3,1,0,0,1,1,1,0,0,1,5,4,0,5,1
12,17,4,0,1,3,3,0,1,2,1,1,1,5,2,1,0,6,4,12,1
11,21,4,0,1,3,3,0,1,14,1,1,1,0,2,1,0,4,2,2,1
12,21,0,0,1,0,3,0,0,1,1,1,1,8,2,4,0,6,1,10,1
11,21,4,1,1,0,3,0,0,0,1,1,1,0,2,1,0,4,6,14,0
7,19,4,1,1,0,3,0,0,0,1,1,1,8,0,1,0,5,3,6,1
12,13,0,1,1,4,3,0,1,8,1,1,1,7,2,0,5,0,0,0,1
11,17,0,1,1,0,3,1,0,0,1,1,1,8,2,0,5,0,0,5,1
13,17,0,1,1,0,3,0,0,1,1,1,1,0,2,1,0,6,6,12,0
12,15,4,0,1,0,3,0,0,2,1,1,1,7,2,1,0,6,4,11,1
1,18,4,0,1,0,3,0,0,0,1,1,1,0,0,1,0,1,3,3,1
11,16,4,0,1,0,3,0,0,12,1,1,1,2,2,1,0,7,5,5,1
6,15,4,0,1,0,1,0,0,16,1,1,1,0,0,1,5,0,0,0,1
15,21,0,1,1,0,3,3,0,0,1,1,1,1,2,1,0,6,6,13,0
11,20,0,1,1,0,3,0,0,0,1,1,1,7,2,1,0,6,0,9,0
4,18,4,1,1,0,3,0,0,0,1,1,1,1,0,6,5,0,0,1,0
6,19,4,0,1,3,3,0,1,2,1,1,1,5,0,1,0,3,5,9,1
2,15,4,0,1,0,3,3,0,15,1,1,1,1,0,0,5,0,0,0,0
9,20,4,0,1,0,3,3,0,11,1,1,1,5,0,1,0,6,7,13,0
15,18,0,0,1,0,1,0,0,0,1,1,1,0,2,1,0,6,10,13,1
14,15,0,0,1,0,3,3,0,0,1,1,1,0,2,1,0,6,2,11,0
6,15,4,1,1,0,3,0,0,2,1,1,1,1,0,1,0,1,2,5,0
5,20,4,1,1,0,3,3,0,11,1,1,1,7,0,4,0,9,8,11,1
11,20,0,1,1,0,3,0,0,1,1,1,1,0,2,1,1,6,0,10,1
13,20,0,1,1,3,3,0,1,0,1,1,1,0,2,3,1,6,0,13,1
4,20,4,0,1,0,3,1,0,2,1,1,1,0,0,1,2,2,0,4,0
12,17,4,0,1,0,3,0,0,0,1,1,1,0,2,6,5,0,0,0,0
13,15,4,0,1,0,3,0,0,15,1,1,1,1,2,3,2,0,0,0,1
14,20,0,0,1,0,3,0,0,0,1,1,1,0,2,1,0,6,4,11,0
1,18,4,0,1,0,3,1,0,2,1,1,1,5,0,1,0,2,3,4,1
3,20,4,1,1,0,3,0,0,2,1,1,1,0,0,1,0,2,4,4,1
8,20,0,0,1,0,3,3,0,0,1,1,1,5,0,1,0,9,5,12,1
7,15,4,1,1,0,3,0,0,0,1,1,1,1,0,1,0,8,2,9,1
10,15,0,1,1,0,3,0,0,15,1,1,1,7,0,0,5,0,0,0,1
8,20,0,0,1,0,2,3,0,1,1,1,1,1,0,5,4,6,4,11,0
1,18,4,0,1,0,3,0,0,2,1,1,1,0,0,1,0,2,4,4,1
6,18,4,0,1,0,3,1,0,2,1,1,1,0,0,1,0,3,6,5,0
6,13,4,1,1,0,3,0,0,2,1,1,1,0,0,0,5,0,0,10,1
5,18,0,1,1,3,3,0,1,0,1,1,1,0,0,1,0,6,6,11,1
7,19,4,1,1,0,3,0,0,2,1,1,1,0,0,2,0,6,2,7,0
2,14,4,0,1,0,3,3,0,11,1,1,1,0,0,0,5,0,0,0,1
8,18,0,1,1,0,3,1,0,2,1,1,1,0,0,1,0,2,3,3,1
11,20,4,0,0,0,3,0,0,2,1,1,0,7,2,1,0,6,6,13,1
0,17,4,0,0,0,3,1,0,16,1,1,0,0,0,0,5,0,0,4,0
0,15,4,1,1,0,3,0,0,16,1,1,1,0,0,1,1,2,0,2,1
0,18,4,0,1,0,3,1,0,2,1,1,1,0,0,3,0,6,0,3,1
5,18,3,0,1,0,1,3,0,0,1,1,1,0,2,1,0,6,2,6,1
15,22,0,1,0,0,3,0,0,1,1,0,1,0,2,1,0,9,0,11,1
4,19,0,1,1,4,3,0,1,0,1,1,1,0,0,1,0,6,3,10,0
1,17,4,1,1,0,3,0,0,9,1,1,1,7,0,1,0,2,6,4,1
3,15,4,1,1,0,3,0,0,2,1,1,1,0,0,5,0,6,6,2,1
9,20,4,0,1,4,3,3,1,14,1,1,1,0,0,0,5,0,0,0,1
3,18,4,0,1,4,3,1,1,4,1,1,1,0,0,5,3,6,9,6,1
11,19,4,1,1,0,3,0,0,2,1,1,1,7,2,1,2,3,0,5,1
12,20,0,1,1,3,3,3,1,1,1,1,1,8,2,1,5,0,0,0,1
2,15,4,0,1,0,3,0,0,2,1,1,1,0,0,1,0,3,4,6,1
10,18,4,0,1,0,3,0,0,2,1,1,1,7,0,7,0,4,11,5,1
7,17,4,1,1,4,3,0,1,0,1,1,1,5,0,1,0,7,5,11,1
12,18,0,0,1,0,3,0,0,0,1,1,1,0,2,1,0,6,2,13,1
1,18,4,1,1,0,3,0,0,2,1,1,1,0,0,3,0,4,3,5,0
3,17,4,1,1,0,3,3,0,9,1,1,1,8,0,1,0,6,6,8,1
2,15,4,0,1,4,3,0,1,16,1,1,1,5,0,0,5,0,0,3,1
1,17,4,1,0,0,3,0,0,2,1,1,0,0,0,0,5,0,0,0,1
12,15,4,1,1,0,3,0,0,16,1,1,1,0,0,6,1,4,0,1,0
6,17,4,0,1,0,2,3,0,10,1,1,1,0,0,4,0,8,5,11,0
2,19,4,1,1,0,3,3,0,2,1,1,1,0,0,1,0,4,10,7,1
7,19,4,1,1,2,3,3,0,2,1,1,1,5,0,9,2,0,0,0,1
2,13,4,0,1,0,3,0,0,15,1,1,1,1,0,0,5,0,0,0,1
9,14,4,0,1,0,3,3,1,9,1,1,1,5,0,4,0,1,4,3,1
10,20,0,0,1,0,3,0,0,15,1,1,1,0,0,1,2,7,0,9,0
8,21,4,0,1,0,3,1,0,0,1,1,1,8,0,4,0,6,4,8,1
2,18,0,1,1,0,3,0,0,8,1,1,1,0,0,1,0,7,3,5,1
8,20,4,0,1,0,3,0,0,2,1,1,1,0,0,1,5,6,0,3,1
4,15,0,0,1,0,1,0,0,0,1,1,1,0,0,1,0,4,7,6,1
4,19,4,0,1,0,3,0,0,2,1,1,1,7,0,1,0,6,7,7,1
11,21,0,0,1,4,3,1,1,0,1,1,1,5,2,1,0,6,3,10,1
8,8,4,0,1,4,3,3,1,16,1,1,1,1,0,1,5,0,0,1,0
12,15,0,0,1,4,3,0,1,0,1,1,1,0,2,1,0,9,2,10,1
11,18,4,1,1,0,3,0,0,2,1,1,1,0,2,2,0,3,1,6,1
10,16,0,0,1,0,3,0,0,1,1,1,1,0,0,1,0,6,2,7,1
10,15,0,1,1,0,3,0,0,0,1,1,1,0,0,0,5,0,0,0,0
15,15,0,0,1,4,3,0,1,1,1,1,1,5,2,1,0,6,0,9,1
7,19,4,1,1,4,3,0,1,0,1,1,1,0,0,1,0,6,2,10,1
3,15,4,1,1,0,3,1,0,2,1,1,1,7,0,0,5,0,0,0,1
9,15,4,0,1,0,3,1,0,2,1,1,1,8,0,1,0,6,7,8,1
8,20,4,0,1,3,3,0,1,5,1,1,1,5,0,1,0,9,4,14,1
9,18,4,1,1,4,3,0,1,11,1,1,1,7,0,0,5,0,0,0,1
4,18,4,0,1,4,3,0,1,0,1,1,1,7,0,1,0,3,6,6,1
15,11,4,0,0,0,3,0,0,4,0,1,0,0,2,0,5,0,0,0,1
7,19,4,0,1,0,3,1,0,0,1,1,1,0,0,1,0,6,10,10,1
14,22,4,0,1,3,3,0,1,0,1,1,1,5,2,7,0,7,4,13,1
8,20,4,1,1,0,3,3,0,11,1,1,1,0,0,1,0,6,3,10,0
13,20,4,1,1,0,3,0,0,2,1,1,1,5,2,0,5,0,0,5,1
6,15,4,0,1,0,3,0,0,2,1,1,1,7,0,1,0,6,2,4,1
2,20,4,1,1,0,3,0,0,0,1,1,1,0,0,2,0,9,1,12,0
13,17,2,1,1,3,3,1,1,0,1,1,1,0,2,3,0,9,4,12,1
0,15,4,0,1,0,3,1,0,16,1,1,1,0,0,6,0,4,7,7,1
4,15,0,0,1,0,1,3,0,1,1,1,1,0,0,5,3,6,2,13,1
11,22,0,1,1,0,3,0,0,1,1,1,1,0,2,3,0,6,2,11,0
1,17,4,0,1,0,3,3,0,2,1,1,1,8,0,0,5,0,0,0,1
10,20,4,0,1,0,3,1,0,2,1,1,1,0,0,4,0,6,4,12,1
6,18,4,0,1,0,3,3,0,11,1,1,1,1,0,1,0,6,6,7,1
7,20,0,1,1,0,3,1,0,0,1,1,1,5,0,1,0,6,4,12,1
2,15,0,1,1,0,3,0,0,8,1,1,1,0,0,5,0,7,4,3,1
1,17,4,1,1,0,3,0,0,2,1,1,1,5,0,0,5,0,0,2,1
6,18,4,0,1,0,3,3,0,0,1,1,1,5,0,1,0,6,3,11,0
9,15,4,0,1,0,3,3,0,2,1,1,1,7,0,1,0,8,3,9,1
8,0,4,0,1,0,3,3,0,12,1,1,1,5,0,1,0,6,4,6,1
12,22,3,1,1,0,3,0,0,0,1,1,1,7,2,1,0,7,8,13,0
1,15,4,0,1,0,3,0,0,11,1,1,1,5,0,1,2,6,0,2,0
14,23,0,1,1,3,3,0,1,1,1,1,1,5,2,1,0,6,6,14,1
14,21,0,1,1,4,3,0,1,1,1,1,1,0,2,1,0,4,4,13,1
5,20,4,1,1,0,3,0,0,11,1,1,1,0,0,1,0,6,3,5,0
6,15,4,0,1,0,1,1,0,1,1,1,1,8,0,8,5,0,0,0,1
15,18,2,0,1,4,3,0,1,12,1,1,1,0,2,1,0,6,6,6,1
9,18,4,1,1,0,3,3,0,2,1,1,1,7,0,0,5,0,0,0,1
12,22,4,1,1,0,3,1,0,0,1,1,1,8,2,7,1,9,0,13,0
4,18,4,0,1,0,3,0,0,2,1,1,1,7,0,0,5,0,0,0,1
11,15,4,0,1,0,3,1,0,10,1,1,1,0,2,1,0,9,3,11,0
14,17,4,0,1,0,3,0,0,11,1,1,1,0,2,1,0,7,10,12,1
15,21,4,1,1,4,3,0,1,0,1,1,1,5,2,1,0,6,1,14,1
7,14,4,1,1,4,3,3,1,12,1,1,1,7,0,1,0,6,8,5,1
13,18,0,1,1,0,3,3,0,0,1,1,1,0,2,1,0,6,4,9,1
15,18,2,1,1,0,3,0,0,0,1,1,1,1,2,1,0,6,1,6,1
9,15,4,0,1,2,3,0,0,2,1,1,1,1,0,1,0,6,6,9,1
2,0,4,0,0,4,3,0,1,2,1,1,1,5,0,0,5,0,0,3,0
4,18,4,1,1,0,3,3,0,2,1,1,1,7,0,1,0,6,4,8,1
2,18,0,1,1,0,3,3,0,8,1,1,1,5,0,1,5,2,0,3,1
10,18,4,0,1,0,3,0,0,16,1,1,1,0,0,0,5,0,0,0,0
3,15,4,1,1,0,3,3,0,3,1,1,1,1,0,0,5,0,0,0,1
8,21,0,1,1,0,3,0,0,0,1,1,1,7,0,1,0,6,10,11,1
11,20,4,0,1,0,3,3,0,2,1,1,1,5,2,1,0,6,4,12,1
8,15,4,0,1,0,3,1,0,12,1,1,1,0,0,3,0,6,3,11,1
8,18,4,0,1,0,3,0,0,5,1,1,1,0,0,1,2,8,0,6,1
15,17,4,0,1,0,3,0,0,11,1,1,1,0,2,6,0,6,8,12,0
3,18,0,1,1,0,3,0,0,8,1,1,1,0,0,0,5,0,0,0,1
7,20,4,1,1,0,3,0,0,0,1,1,1,0,0,2,0,6,8,13,0
12,9,4,0,1,0,3,1,0,5,1,1,1,7,2,2,0,8,3,8,0
10,18,0,1,1,4,3,3,1,1,1,1,1,0,0,7,5,0,0,0,0
14,20,0,1,0,3,3,0,1,0,1,1,1,0,2,4,0,7,2,10,0
12,21,0,0,1,4,3,0,1,0,1,1,1,5,2,1,0,6,8,14,0
13,11,4,0,0,0,3,1,0,15,0,1,1,0,2,0,5,0,0,0,1
9,20,4,0,1,3,3,0,1,0,1,1,1,5,0,2,0,6,0,10,0
15,19,4,0,1,0,3,0,0,0,1,1,1,7,2,1,0,6,4,10,1
4,15,0,0,1,0,3,0,0,0,1,1,1,0,0,1,0,9,4,10,0
5,17,3,1,1,0,3,0,0,0,1,1,1,7,2,0,5,0,0,6,1
6,20,4,1,1,0,3,0,0,2,1,1,1,0,0,4,0,8,11,12,1
14,18,4,0,1,0,3,1,0,0,1,1,1,0,2,1,0,7,8,10,1
9,19,4,0,1,0,3,1,0,2,1,1,1,0,0,1,0,8,5,7,1
1,18,4,1,1,0,3,0,0,2,1,1,1,5,0,1,2,2,0,2,0
14,15,0,0,1,3,3,0,1,1,1,1,1,0,2,1,5,0,0,2,1
8,18,0,0,1,0,3,0,0,16,1,1,1,2,0,6,5,0,0,0,1
13,17,0,1,1,4,3,0,1,0,1,1,1,0,2,1,0,6,8,13,0
14,20,4,0,1,0,3,0,0,12,1,1,1,0,2,2,0,7,4,11,0
15,19,4,0,1,0,3,1,0,2,1,1,1,0,2,6,0,2,6,8,1
9,18,0,1,1,0,3,3,0,1,1,1,1,0,0,0,5,0,0,0,1
3,18,4,1,1,0,3,0,0,2,1,1,1,7,0,1,5,0,0,0,1
15,18,4,0,1,0,3,1,0,10,1,1,1,0,2,1,0,6,0,6,0
4,19,4,1,1,0,3,1,0,2,1,1,1,5,0,1,0,1,4,1,1
1,18,4,0,1,0,3,0,0,2,1,1,1,0,0,1,0,4,3,6,1
9,20,4,0,1,0,3,1,0,11,1,1,1,0,0,4,0,6,10,12,0
8,20,0,1,1,0,3,1,0,0,1,1,1,8,0,2,0,1,0,1,0
15,18,0,0,1,0,3,0,0,0,1,1,1,0,2,6,0,8,0,11,1
1,18,4,1,1,0,3,0,0,2,1,1,1,5,0,1,0,6,11,9,1
13,21,0,1,1,4,3,0,1,1,1,1,1,0,2,1,0,6,6,7,1
0,15,4,1,0,0,2,0,0,6,0,1,1,7,0,5,3,6,2,5,1
15,19,4,0,1,0,3,3,0,0,1,1,1,5,2,1,0,3,8,10,1
5,20,0,1,0,0,3,0,0,1,1,1,1,0,0,5,5,0,0,2,1
1,19,4,0,1,0,3,0,0,2,1,1,1,0,0,2,2,1,0,2,1
15,21,4,0,1,0,3,1,0,4,1,1,1,0,2,4,0,9,4,7,1
1,18,2,1,1,0,3,0,0,0,1,1,1,0,0,4,5,0,0,0,1
13,17,0,1,1,0,3,1,0,0,1,1,1,0,2,1,0,6,6,12,1
8,20,4,0,1,0,3,0,0,0,1,1,1,8,0,1,0,6,9,14,1
13,20,4,1,1,4,3,0,1,0,1,1,1,5,2,1,0,6,0,9,1
6,20,4,0,1,0,3,0,0,2,1,1,1,5,0,1,0,6,0,8,1
2,20,4,1,1,0,3,0,0,2,1,1,1,1,0,1,0,3,10,2,1
5,15,4,0,1,4,3,0,1,2,1,1,1,0,0,1,0,6,3,11,1
15,15,4,0,1,0,3,0,0,7,1,1,1,0,2,6,5,0,0,1,1
4,18,4,0,1,0,3,0,0,2,1,1,1,0,0,1,2,0,0,0,1
13,15,0,1,1,0,3,0,0,1,1,1,1,0,2,1,1,6,0,6,0
3,17,4,0,1,0,3,0,0,2,1,1,1,7,0,0,5,0,0,0,1
1,15,4,1,1,0,3,1,0,2,1,1,1,8,0,1,1,2,0,6,0
3,15,4,0,1,0,3,0,0,2,1,1,1,7,0,1,0,4,6,6,1
11,15,4,0,1,0,3,0,0,0,1,1,1,7,2,1,0,6,2,8,1
9,18,4,0,1,0,3,0,0,0,1,1,1,7,0,6,5,0,0,8,0
9,20,4,1,1,3,3,0,1,2,1,1,1,5,0,1,0,6,6,12,1
11,21,4,1,1,0,3,1,0,0,1,1,1,0,2,2,0,8,3,12,1
11,10,0,0,1,4,3,0,1,0,1,1,1,7,2,4,0,6,10,10,1
3,17,4,1,1,0,3,0,0,2,1,1,1,0,0,0,5,0,0,0,1
15,20,4,0,1,0,3,0,0,9,1,1,1,5,2,3,0,6,4,10,1
1,18,4,1,1,3,3,0,1,2,1,1,1,5,0,1,0,2,4,5,1
7,21,4,0,1,3,3,0,1,0,1,1,1,5,0,1,0,7,4,13,1
10,15,0,0,1,0,3,0,0,0,1,1,1,7,0,1,5,0,0,4,1
0,18,4,0,1,0,3,0,0,2,1,1,1,0,0,1,0,1,4,2,1
14,21,4,0,1,0,3,1,0,0,1,1,1,0,2,1,0,6,6,14,1
12,19,4,1,1,3,3,3,1,13,1,1,1,8,2,2,0,2,2,8,1
12,18,4,0,1,0,3,0,0,2,1,1,1,5,2,7,0,6,3,8,1
1,15,4,1,1,0,3,1,0,2,1,1,1,0,0,9,2,0,0,0,1
8,20,4,1,1,0,3,0,0,0,1,1,1,7,0,3,1,3,0,1,1
14,20,0,0,1,0,3,3,0,1,1,1,1,0,2,6,0,6,0,9,1
7,13,4,0,1,0,3,3,0,2,1,1,1,0,0,1,2,0,0,0,1
15,21,0,1,1,0,3,3,0,0,1,1,1,0,2,1,0,6,1,13,1
9,14,4,0,1,0,3,0,0,14,1,1,1,0,0,0,5,0,0,7,1
9,15,4,0,1,0,0,0,0,16,1,1,1,0,0,5,3,8,0,6,0
11,20,4,1,1,0,3,1,0,0,1,1,1,5,2,2,0,6,3,10,0
14,14,4,0,0,0,3,0,0,16,1,1,0,7,2,0,5,0,0,4,0
14,15,4,0,1,0,3,0,0,2,1,1,1,0,2,1,0,7,8,8,1
15,15,0,1,1,0,3,3,0,0,1,1,1,0,2,1,5,6,0,5,1
7,21,0,1,1,0,3,1,0,1,1,1,1,0,0,2,5,0,0,0,1
0,19,4,0,1,0,3,0,0,2,1,1,1,0,0,0,5,0,0,0,0
9,18,4,0,1,0,3,3,0,9,1,1,1,0,0,1,0,9,10,8,1
11,18,4,0,1,0,3,0,0,0,1,1,1,7,2,1,0,6,3,5,0
13,20,4,1,1,0,3,3,0,0,1,1,1,7,2,7,0,6,8,13,0
15,16,4,0,1,0,3,3,0,15,1,1,1,0,2,1,5,9,0,3,0
12,20,0,1,1,0,3,1,0,1,1,1,1,0,2,1,0,7,7,13,1
1,14,4,0,1,0,3,1,0,9,1,1,1,8,0,1,0,5,5,5,1
15,20,4,0,1,0,3,0,0,2,1,1,1,7,2,2,0,8,0,11,1
7,15,4,1,1,0,3,0,0,7,1,1,1,0,0,0,5,0,0,2,1
14,18,0,0,1,3,1,3,1,0,1,1,1,0,2,1,0,6,8,10,1
15,18,0,0,1,3,3,0,1,1,1,1,1,0,2,1,0,6,6,12,1
11,21,0,0,1,4,3,0,1,1,1,1,1,5,2,1,0,8,10,12,0
12,18,4,0,1,4,3,0,1,0,1,1,1,0,2,1,0,6,6,10,1
2,15,4,0,0,3,3,0,1,2,1,1,1,5,0,1,0,7,2,4,1
9,20,4,1,1,0,3,1,0,0,1,1,1,0,0,2,0,7,6,12,1
15,15,0,1,1,0,3,1,0,0,1,1,1,0,2,1,0,7,3,10,1
13,21,0,1,1,0,3,3,0,1,1,1,1,1,2,1,0,2,3,2,1
13,15,4,0,0,0,3,0,0,0,1,1,0,0,2,1,0,6,6,9,1
14,15,4,0,1,0,3,0,0,12,1,1,1,7,2,1,0,7,4,10,0
7,20,4,1,1,0,3,0,0,11,1,1,1,0,0,1,5,6,0,3,0
5,18,4,1,1,3,3,3,1,2,1,1,1,0,0,1,0,6,6,4,1
12,9,4,0,1,0,3,1,0,12,1,1,1,8,2,2,0,1,1,6,1
13,20,4,0,1,4,3,0,1,9,1,1,1,5,2,1,0,6,11,12,1
15,15,0,1,1,3,3,0,1,1,1,1,1,0,2,0,5,0,0,0,0
12,3,3,1,1,3,3,3,1,3,1,1,1,7,2,6,0,5,8,3,1
13,19,4,0,1,0,3,1,0,12,1,1,1,7,2,1,5,2,0,5,1
6,17,4,1,1,0,3,3,0,11,1,1,1,0,0,0,5,0,0,12,0
1,15,4,0,1,0,3,0,0,2,1,1,1,0,0,0,5,0,0,0,0
10,20,4,0,0,0,3,1,0,2,1,1,0,5,0,1,2,0,0,8,1
8,18,4,0,1,0,3,3,0,11,1,1,1,0,0,2,5,6,0,7,1
11,16,4,1,1,0,3,1,0,2,1,1,1,0,2,1,5,6,0,2,1
6,20,0,0,1,0,3,0,0,0,1,1,1,0,0,1,0,6,6,11,1
14,0,4,1,1,4,3,0,1,12,1,1,1,7,2,1,0,6,4,9,1
11,15,0,1,1,0,3,3,0,8,1,1,1,0,2,1,0,3,1,8,1
5,17,4,0,0,0,3,0,0,2,1,1,0,0,0,0,5,0,0,4,1
11,21,0,0,1,0,3,0,0,1,1,1,1,5,2,6,0,1,3,11,1
9,20,0,1,1,0,3,0,0,1,1,1,1,0,0,1,0,2,7,12,1
6,22,4,1,1,0,3,0,0,5,1,1,1,0,0,1,0,6,9,10,1
7,20,4,1,1,0,3,0,0,11,1,1,1,0,0,1,0,6,6,5,1
9,14,4,0,1,0,3,0,0,2,1,1,1,5,0,9,2,0,0,0,1
5,20,4,1,1,4,3,0,1,0,1,1,1,7,0,1,0,5,11,5,0
15,20,4,0,1,0,3,0,0,2,1,1,1,5,2,1,0,8,11,14,1
1,17,4,0,1,0,3,1,0,2,1,1,1,8,0,1,0,2,4,5,1
7,20,4,0,1,0,3,0,0,2,1,1,1,5,0,4,0,2,10,2,1
10,19,0,1,1,0,3,1,0,2,1,1,1,0,0,1,5,0,0,0,1
13,21,0,0,1,0,3,0,0,0,1,1,1,0,2,6,0,9,6,14,0
2,19,4,1,1,0,3,1,0,12,1,1,1,0,2,1,0,1,2,6,1
9,11,4,1,1,0,3,0,0,5,1,1,1,0,0,6,0,3,5,6,1
7,15,4,1,1,0,3,0,0,0,1,1,1,7,0,1,1,6,0,9,1
12,20,0,0,1,0,3,1,0,1,1,1,1,5,2,4,0,6,4,14,0
5,15,4,0,1,0,3,0,0,15,1,1,1,1,0,0,5,0,0,1,0
9,13,4,0,1,0,3,0,0,15,1,1,1,1,0,1,5,6,0,3,0
2,15,0,1,1,4,3,1,1,1,1,1,1,0,0,0,5,0,0,0,1
3,15,4,1,1,0,3,0,0,2,1,1,1,0,0,1,5,3,0,4,1
4,20,4,1,1,0,3,0,0,14,1,1,1,0,0,1,0,2,1,3,1
6,20,4,1,0,0,3,1,0,14,1,1,1,0,0,1,0,2,4,4,0
8,20,0,1,1,0,3,1,0,0,1,1,1,0,0,0,5,0,0,0,1
10,18,4,1,1,0,3,1,0,2,1,1,1,7,0,1,0,2,8,3,1
6,15,4,0,1,4,3,0,1,0,1,1,1,0,0,1,0,8,6,10,1
3,15,4,0,1,0,3,3,0,16,1,1,1,0,0,1,5,1,0,2,0
7,20,4,1,1,0,3,1,0,0,1,1,1,0,0,2,0,5,4,10,1
6,18,4,0,1,0,3,0,0,2,1,1,1,0,0,1,0,2,2,2,1
3,15,4,0,1,4,3,0,1,14,1,1,1,5,0,1,0,6,2,10,1
12,14,0,1,0,0,3,3,0,13,1,1,0,8,2,0,5,0,0,0,1
12,19,4,0,1,0,3,3,0,15,1,1,1,1,0,4,5,6,0,1,1
7,15,4,1,1,0,3,0,0,2,1,1,1,7,0,1,0,6,6,9,1
8,15,0,1,0,0,3,0,0,2,1,1,1,0,0,1,0,6,6,10,1
12,17,4,0,1,3,3,0,1,0,1,1,1,5,2,1,0,7,4,8,1
7,19,4,1,1,0,3,0,0,2,1,1,1,0,0,1,0,6,10,9,1
4,17,4,0,1,0,3,0,0,2,1,1,1,2,0,6,0,6,7,9,1
1,18,4,1,1,0,3,3,0,12,1,1,1,0,0,0,5,0,0,0,1
10,20,4,1,1,0,3,1,0,4,1,1,1,5,0,1,0,1,3,9,1
7,20,4,1,1,4,3,3,1,0,1,1,1,0,0,1,0,6,6,4,0
5,12,4,0,1,0,3,0,0,0,1,1,1,8,0,1,0,6,11,5,1
3,18,4,0,1,0,3,1,0,2,1,1,1,0,0,5,2,6,0,6,1
6,11,4,0,1,0,3,3,0,11,1,1,1,7,0,1,0,9,8,6,1
10,21,4,1,1,0,3,1,0,12,1,1,1,0,2,3,0,6,11,9,0
2,17,4,1,1,0,3,3,0,9,1,1,1,0,0,1,2,2,0,2,1
2,16,4,1,1,0,3,1,0,2,1,1,1,7,0,1,0,7,3,5,1
14,8,1,1,1,4,3,1,1,4,1,1,1,0,2,4,5,0,0,3,0
10,15,0,0,0,0,3,0,0,0,1,1,1,0,0,1,0,5,6,10,1
5,20,4,1,1,0,3,3,0,0,1,1,1,7,0,1,0,6,7,8,1
14,15,4,1,1,0,3,1,0,0,1,1,1,0,2,1,0,6,5,9,1
13,20,4,0,1,3,3,0,1,0,1,1,1,5,2,1,5,0,0,0,1
4,15,4,0,1,0,3,0,0,2,1,1,1,0,0,1,0,4,7,5,0
11,20,4,0,1,0,3,1,0,0,1,1,1,0,2,1,2,4,0,14,1
7,15,4,0,1,0,3,0,0,2,1,1,1,0,0,1,0,5,6,5,1
10,19,4,1,1,3,3,0,1,2,1,1,1,5,0,1,0,6,2,11,1
1,14,0,0,1,4,3,0,1,16,1,1,1,0,0,2,5,1,0,1,0
12,21,0,1,1,4,3,0,1,0,1,1,1,5,2,1,2,6,0,8,0
14,21,0,1,1,0,3,0,0,0,1,1,1,7,2,1,0,6,3,11,1
12,20,0,1,1,4,3,0,1,1,1,1,1,5,2,1,1,6,0,10,1
11,18,4,1,1,0,3,3,0,4,1,1,1,0,2,0,5,0,0,4,1
2,18,4,0,1,0,3,1,0,4,1,1,1,0,0,0,5,0,0,0,1
8,15,4,0,1,0,3,0,0,7,1,1,1,8,0,1,0,5,11,3,1
5,20,4,0,1,0,3,3,0,4,1,1,1,0,0,1,0,6,3,9,1
6,19,4,0,1,0,3,1,0,2,1,1,1,5,0,1,0,4,4,13,1
4,20,4,1,1,0,3,1,0,0,1,1,1,0,0,2,0,6,5,13,0
6,20,0,1,1,0,3,1,0,0,1,1,1,0,0,1,0,6,6,11,1
1,13,4,0,1,0,3,0,0,2,1,1,1,0,0,1,0,4,4,7,1
15,20,0,1,1,4,3,0,1,1,1,1,1,7,2,1,0,6,6,13,1
10,14,0,1,1,4,3,0,1,0,1,1,1,5,0,0,5,0,0,0,1
5,20,4,0,1,2,3,3,0,2,1,1,1,5,0,1,0,4,3,13,1
12,0,4,1,1,0,3,3,0,0,1,1,1,0,2,1,1,6,0,11,1
3,15,4,0,1,0,3,1,0,7,1,1,1,0,0,0,5,0,0,3,1
4,15,2,0,1,0,1,0,0,0,1,1,1,0,0,1,5,0,0,0,1
8,15,4,1,1,0,3,0,0,0,1,1,1,7,0,1,1,6,0,10,1
12,20,4,0,1,2,3,1,0,12,1,1,1,8,2,1,0,6,3,12,1
13,0,4,1,1,4,3,3,1,12,1,1,1,7,2,0,5,0,0,6,1
1,18,4,0,1,0,3,3,0,2,1,1,1,1,0,1,1,4,0,2,1
10,21,0,1,1,3,3,0,1,1,1,1,1,5,0,1,0,7,8,13,1
13,23,0,1,1,0,3,3,0,1,1,1,1,0,2,1,0,6,7,7,1
12,21,4,1,1,0,3,0,0,0,1,1,1,7,2,4,0,6,2,11,0
9,20,4,1,1,0,3,3,0,12,1,1,1,0,0,2,0,8,0,10,0
15,19,0,1,1,0,3,1,0,1,1,1,1,0,2,3,5,0,0,0,1
4,14,4,0,0,0,3,3,0,2,1,1,0,0,0,1,0,6,4,6,1
11,21,0,0,1,4,3,0,1,0,1,1,1,0,2,1,0,9,2,14,1
6,20,4,1,1,0,3,0,0,2,1,1,1,7,0,1,0,6,8,11,1
9,15,4,1,1,0,3,0,0,2,1,1,1,0,0,1,0,4,1,6,1
6,20,4,0,1,0,3,0,0,12,1,1,1,5,0,1,0,6,8,11,1
2,15,4,0,1,0,3,3,0,15,1,1,1,0,0,0,5,0,0,0,0
9,20,4,1,1,0,3,0,0,2,1,1,1,1,0,3,0,6,3,10,1
1,18,4,0,1,0,3,3,0,2,1,1,1,0,0,2,0,3,4,10,1
2,18,4,1,1,0,3,1,0,16,1,1,1,8,0,2,0,4,1,7,0
11,15,0,1,1,0,3,0,0,1,1,1,1,1,2,0,5,0,0,0,0
10,16,4,0,1,0,3,0,0,2,1,1,1,0,0,1,0,6,4,10,1
14,20,4,0,1,0,3,1,0,0,1,1,1,0,2,1,0,6,5,9,0
11,20,4,0,1,0,3,3,0,0,1,1,1,0,2,1,2,6,0,8,1
8,21,4,1,1,0,3,3,0,11,1,1,1,0,0,2,5,6,0,7,0
9,15,4,0,1,0,3,0,0,2,1,1,1,7,0,1,0,6,3,8,1
2,18,4,0,1,0,3,3,0,11,1,1,1,0,0,1,2,6,0,4,0
15,20,4,1,1,0,3,3,0,15,1,1,1,0,2,2,5,3,0,0,0
10,16,4,0,1,0,3,3,0,2,1,1,1,0,0,0,5,0,0,5,1
1,17,4,0,1,0,3,1,0,0,1,1,1,8,0,1,0,5,6,2,0
4,20,4,0,1,0,3,3,0,11,1,1,1,0,0,1,0,6,6,9,0
14,11,0,0,1,0,3,0,0,1,1,1,1,0,2,1,0,9,8,14,1
8,15,4,0,1,0,3,1,0,7,1,1,1,8,0,1,0,8,6,10,1
14,19,4,1,1,0,3,1,0,12,1,1,1,0,2,1,5,0,0,0,1
5,15,4,1,0,0,3,3,0,9,1,1,1,7,0,1,0,6,11,4,0
14,8,0,0,1,4,3,0,1,1,1,1,1,0,2,1,5,0,0,5,1
9,20,4,0,1,0,3,0,0,0,1,1,1,0,0,1,0,6,8,13,0
7,21,0,1,1,4,3,0,1,1,1,1,1,5,0,1,0,6,8,14,0
1,18,4,0,1,0,3,0,0,16,1,1,1,0,0,1,0,6,6,2,0
6,14,0,1,1,0,3,0,0,2,1,1,1,7,0,1,0,6,5,6,1
5,15,4,0,1,3,3,0,1,0,1,1,1,0,0,1,0,3,2,6,0
13,15,2,1,1,0,3,0,0,12,1,1,1,0,2,6,0,2,0,8,0
2,18,4,1,1,0,3,3,0,2,1,1,1,0,0,1,5,4,0,2,1
2,15,4,0,1,0,3,3,0,11,1,1,1,0,0,1,0,7,7,14,0
10,14,0,0,1,0,3,0,0,2,1,1,1,0,0,1,0,8,8,11,1
8,13,4,1,0,0,3,1,0,13,1,0,0,8,0,6,2,0,0,0,0
14,23,4,0,1,3,3,0,1,0,1,1,1,5,2,1,0,6,8,14,1
12,15,4,1,1,0,3,0,0,9,1,1,1,0,2,1,2,6,0,6,1
3,15,4,1,1,0,3,1,0,2,1,1,1,6,0,1,0,5,10,5,1
14,20,0,0,1,4,3,1,1,0,1,1,1,8,2,1,0,7,11,12,1
4,18,4,0,1,0,3,3,0,0,1,1,1,0,0,1,0,2,3,4,1
0,15,4,0,1,0,3,3,0,2,1,1,1,0,0,1,0,4,4,2,1
4,15,4,0,1,0,3,1,0,2,1,1,1,8,0,6,0,4,4,6,1
1,18,4,1,1,0,3,2,0,0,1,1,1,0,0,1,0,2,3,4,0
7,19,4,1,1,0,3,3,0,12,1,1,1,0,0,1,0,6,3,11,1
3,15,4,0,1,0,3,0,0,15,1,1,1,0,0,1,5,1,0,1,0
12,19,0,0,1,0,3,3,0,0,1,1,1,0,2,1,0,7,10,14,1
6,15,4,1,1,0,3,0,0,7,1,1,1,7,0,1,0,6,4,9,1
13,15,0,0,1,0,3,3,0,9,1,1,1,0,2,1,0,6,11,3,1
5,19,4,0,1,0,3,0,0,15,1,1,1,0,0,1,5,6,0,2,0
2,15,4,0,1,3,0,0,1,16,1,1,1,5,0,5,3,2,9,2,1
1,13,4,0,0,0,0,1,0,6,0,1,0,6,0,0,3,2,10,12,0
6,15,0,0,0,0,3,3,0,14,1,1,1,0,0,1,0,6,6,10,1
12,15,4,1,1,3,3,0,1,0,1,1,1,5,2,1,5,0,0,1,0
9,20,4,0,1,0,3,0,0,0,1,1,1,5,0,1,0,6,2,14,0
1,13,4,0,1,0,3,0,0,15,1,1,1,1,0,1,5,6,0,2,0
14,18,4,1,1,0,3,0,0,0,1,1,1,7,2,1,0,5,4,8,1
12,15,4,1,1,0,3,3,0,2,1,1,1,0,2,1,0,6,6,10,1
15,13,4,1,1,0,3,3,0,10,1,1,1,0,2,0,5,0,0,0,1
3,16,4,1,1,0,3,1,0,2,1,1,1,8,0,1,0,6,6,7,1
3,18,4,1,1,0,3,0,0,2,1,1,1,0,0,1,0,6,8,8,1
11,18,0,1,1,0,3,0,0,0,1,1,1,1,2,0,5,0,0,0,1
6,20,0,1,1,0,3,0,0,2,1,1,1,5,0,1,0,6,11,12,1
7,18,4,0,1,3,3,3,1,11,1,1,1,5,0,1,0,6,1,11,1
13,21,4,0,1,0,3,3,0,0,1,1,1,0,2,1,0,2,3,8,1
9,19,4,0,1,0,3,0,0,2,1,1,1,0,0,3,0,8,7,12,1
8,17,4,0,1,0,3,1,0,2,1,1,1,0,0,3,0,6,6,6,1
15,18,0,0,1,0,3,1,0,0,1,1,1,0,2,1,0,6,1,13,1
11,15,4,1,1,0,3,1,0,7,1,1,1,8,2,1,0,6,1,6,1
2,18,4,1,1,0,3,0,0,2,1,1,1,7,0,1,0,6,8,9,1
1,12,2,0,1,0,3,0,0,7,1,1,1,0,0,1,0,1,11,5,0
14,15,0,1,1,0,3,0,0,1,1,1,1,1,2,5,2,2,0,2,1
12,11,3,0,1,3,3,0,1,15,1,1,1,0,2,1,5,6,0,2,1
5,20,4,0,1,0,3,3,0,11,1,1,1,5,0,1,2,6,0,2,0
0,17,4,1,1,0,3,1,0,2,1,1,1,0,0,0,5,0,0,0,1
0,8,4,0,0,0,1,3,0,2,0,0,1,0,0,1,0,6,8,7,1
7,16,0,0,1,0,3,1,0,1,1,1,1,0,0,1,0,7,6,13,1
14,19,0,1,1,3,1,0,1,1,1,1,1,0,2,5,5,0,0,2,1
15,19,4,1,0,0,3,1,0,0,0,0,0,0,0,4,0,4,10,2,0
4,17,4,1,1,0,3,1,0,2,1,1,1,0,0,1,5,0,0,4,1
6,20,4,0,1,4,3,0,1,12,1,1,1,0,0,4,0,6,4,11,0
11,18,0,1,1,0,3,0,0,1,1,1,1,7,2,1,0,4,6,2,1
13,18,4,0,1,0,3,0,0,11,1,1,1,0,2,1,0,6,10,11,0
3,18,4,0,1,0,3,0,0,2,1,1,1,8,0,1,0,9,1,7,0
5,15,4,1,1,0,3,3,0,2,1,1,1,0,0,1,0,3,4,4,1
2,18,4,1,1,0,3,3,0,11,1,1,1,7,0,1,0,1,10,1,1
12,20,4,1,1,0,3,0,0,2,1,1,1,5,0,4,0,2,5,3,1
15,19,4,0,1,0,3,0,0,2,1,1,1,0,2,1,0,6,3,13,1
3,18,4,1,1,0,3,3,0,11,1,1,1,7,0,1,0,4,1,4,1
3,15,4,0,1,0,3,3,0,11,1,1,1,0,0,1,0,6,10,10,0
10,20,0,1,1,0,3,1,0,1,1,1,1,0,0,1,0,9,5,14,0
7,16,4,1,1,0,3,0,0,2,1,1,1,7,0,0,5,0,0,0,1
0,18,4,1,1,0,3,0,0,2,1,1,1,0,0,1,5,0,0,0,1
6,20,4,0,1,0,3,0,0,2,1,1,1,5,0,1,0,6,3,11,1
6,19,4,0,1,0,2,1,0,5,1,1,1,0,0,1,0,6,4,5,1
14,17,0,1,1,0,3,1,0,1,1,1,1,0,2,6,0,4,4,7,0
2,19,4,0,1,0,3,0,0,2,1,1,1,0,0,1,0,1,4,6,1
8,16,4,0,1,0,3,1,0,2,1,1,1,0,0,0,5,0,0,2,1
8,19,4,0,1,0,3,1,0,0,1,1,1,0,0,1,0,3,2,7,1
14,20,0,1,1,0,3,0,0,1,1,1,1,0,2,1,0,6,11,14,0
9,18,4,0,1,0,3,0,0,0,1,1,1,0,0,1,0,6,3,13,0
12,20,4,1,1,0,3,0,0,16,1,1,1,5,0,4,5,4,0,3,1
4,21,4,1,1,4,3,0,1,0,1,1,1,0,0,1,0,2,4,4,0
12,20,0,1,1,0,3,1,0,0,1,1,1,0,2,1,0,6,10,11,1
5,20,4,1,1,4,3,0,1,2,1,1,1,6,0,1,0,5,10,8,1
9,20,0,1,1,0,3,0,0,1,1,1,1,0,0,1,5,0,0,0,1
8,15,4,0,1,0,3,3,0,2,1,1,1,0,0,1,0,6,6,5,1
9,20,4,1,1,0,3,0,0,2,1,1,1,0,0,1,0,2,4,3,1
13,15,4,1,1,0,3,0,0,0,1,1,1,0,2,1,0,6,6,12,1
13,15,4,0,1,0,3,0,0,0,1,1,1,0,2,1,0,5,2,5,1
14,15,0,0,1,4,3,0,1,1,1,1,1,0,2,1,0,4,6,2,1
10,18,4,1,1,0,3,3,0,11,1,1,1,0,0,1,0,4,4,7,0
5,18,4,0,1,0,0,0,0,16,1,1,1,0,0,5,3,8,2,7,0
1,18,4,0,1,0,3,0,0,2,1,1,1,0,0,1,0,4,2,5,1
6,18,4,0,1,3,3,1,1,2,1,1,1,0,0,1,5,2,0,4,1
13,20,4,1,1,0,3,1,0,5,1,1,1,5,2,1,0,6,2,13,1
14,18,4,0,1,0,3,0,0,9,1,1,1,0,2,3,2,4,0,5,1
0,18,0,1,1,0,3,0,0,8,1,1,1,0,0,1,0,2,0,3,1
3,15,4,0,1,0,3,3,0,2,1,1,1,0,0,1,5,4,0,4,1
10,20,4,1,1,0,3,0,0,12,1,1,1,0,0,1,0,7,7,13,0
12,19,4,0,1,0,1,1,0,0,1,1,1,0,2,5,0,9,5,11,0
13,19,0,0,1,0,3,1,0,1,1,1,1,0,2,1,0,5,0,9,1
9,15,0,1,1,0,3,0,0,1,1,1,1,0,0,1,5,0,0,0,0
4,12,4,0,1,0,3,0,0,2,1,1,1,0,0,0,5,0,0,0,1
10,20,0,0,1,0,3,0,0,2,1,1,1,5,0,1,0,7,7,14,1
14,15,0,0,1,0,3,0,0,1,1,1,1,0,2,1,0,6,4,11,1
2,15,2,0,1,0,3,0,0,16,1,1,1,0,0,1,0,3,1,5,1
15,15,4,0,0,0,3,0,0,15,1,0,1,1,0,4,2,5,0,2,0
14,20,4,0,1,0,2,0,0,2,1,1,1,1,2,5,0,6,6,11,1
9,20,0,1,1,0,3,3,0,1,1,1,1,0,0,2,0,6,0,9,1
8,21,0,1,1,0,3,0,0,1,1,1,1,0,0,1,0,2,1,3,0
8,19,4,0,1,0,3,3,0,11,1,1,1,0,0,1,0,6,8,8,0
4,20,4,1,1,3,3,0,1,9,1,1,1,5,0,1,0,1,2,4,1
9,20,4,0,1,0,3,3,0,0,1,1,1,0,0,1,0,6,6,10,0
7,16,4,0,1,4,3,0,1,2,1,1,1,7,0,1,5,6,0,2,1
14,18,4,1,1,0,3,0,0,2,1,1,1,7,2,0,5,0,0,0,1
11,15,0,1,1,0,3,0,0,2,1,1,1,0,2,1,0,6,4,9,1
13,21,0,1,1,0,3,0,0,1,1,1,1,0,2,2,0,1,2,8,0
9,18,4,0,1,4,3,0,1,0,1,1,1,0,0,1,0,6,6,7,0
10,21,4,0,1,4,3,0,1,5,1,1,1,5,0,2,0,6,3,8,1
5,15,4,1,0,0,3,0,0,0,1,1,0,7,0,0,5,0,0,0,1
13,18,0,0,1,0,3,3,0,0,1,1,1,0,2,1,1,9,0,10,1
9,17,4,1,1,0,3,1,0,0,1,1,1,0,0,1,0,8,1,11,1
12,19,0,1,1,0,3,0,0,0,1,1,1,7,2,2,5,1,0,1,1
15,18,0,1,1,0,3,1,0,0,1,1,1,8,2,1,0,5,8,5,0
2,15,4,1,1,0,3,0,0,2,1,1,1,1,0,0,5,0,0,1,1
2,20,4,0,1,0,3,1,0,2,1,1,1,0,0,1,0,7,8,14,1
4,18,4,0,1,0,3,0,0,11,1,1,1,0,0,0,5,0,0,0,0
14,14,4,1,0,0,3,0,0,2,1,1,0,0,2,1,5,0,0,4,1
3,15,4,0,1,0,3,0,0,14,1,1,1,7,0,3,0,6,4,6,1
9,20,0,0,1,0,3,1,0,0,1,1,1,0,0,1,2,0,0,0,1
6,18,4,0,0,0,3,1,0,2,1,1,0,0,0,0,5,0,0,3,1
1,15,4,0,1,0,3,3,0,2,1,1,1,0,0,1,0,6,8,8,1
5,18,0,1,1,0,1,1,0,0,1,1,1,8,0,5,5,0,0,0,1
4,20,4,0,1,4,3,0,1,11,1,1,1,7,0,1,0,9,2,12,0
14,20,0,1,1,0,3,1,0,0,1,1,1,0,2,1,0,6,3,12,0
8,18,4,0,1,0,1,0,0,0,1,1,1,0,0,5,0,9,8,6,1
13,15,4,0,1,0,3,0,0,12,1,1,1,0,2,1,0,6,8,10,1
9,16,4,0,1,4,3,0,1,0,1,1,1,0,0,1,0,6,6,4,1
15,20,0,0,1,0,3,0,0,1,1,1,1,0,2,1,0,6,0,2,1
15,15,0,0,1,0,3,3,0,2,1,1,1,0,2,1,0,4,6,5,1
2,18,4,0,1,0,3,3,0,2,1,1,1,0,0,1,0,2,1,6,1
15,20,4,0,1,4,3,0,1,11,1,1,1,5,2,6,0,7,2,13,1
6,15,4,1,1,3,3,0,1,2,1,1,1,5,0,9,2,0,0,0,1
11,18,4,0,1,0,3,0,0,2,1,1,1,7,2,1,0,6,3,7,1
12,20,4,1,1,0,3,3,0,11,1,1,1,0,2,1,0,6,2,13,1
12,20,4,0,1,0,3,0,0,2,1,1,1,0,2,1,0,6,6,9,1
12,20,0,0,1,0,3,0,0,1,1,1,1,0,2,1,0,6,4,12,1
5,15,4,0,1,3,3,0,1,15,1,1,1,7,0,0,5,0,0,0,1
0,18,4,0,1,0,3,1,0,2,1,1,1,0,0,1,5,0,0,0,1
14,14,0,0,1,0,3,3,0,14,1,1,1,7,2,1,0,6,8,11,1
1,18,4,1,1,4,3,3,1,10,1,1,1,5,0,0,5,0,0,0,0
13,18,0,0,1,0,3,1,0,0,1,1,1,0,2,1,0,9,3,11,1
10,0,4,1,0,0,3,1,0,0,0,0,1,0,0,4,0,6,4,11,1
8,15,4,1,1,0,3,0,0,0,1,1,1,0,0,1,0,6,8,6,1
9,15,0,0,1,0,3,0,0,1,1,1,1,0,0,1,0,6,10,6,1
14,20,0,0,1,0,3,0,0,0,1,1,1,0,2,6,0,6,0,11,0
0,12,4,1,1,4,3,0,1,16,1,1,1,0,0,9,2,0,0,0,1
11,20,0,0,1,0,3,0,0,0,1,1,1,0,2,1,0,7,4,11,1
13,20,2,1,1,0,3,1,0,0,1,1,1,0,2,1,1,9,0,12,1
11,20,4,0,1,0,3,3,0,0,1,1,1,5,2,1,0,6,6,12,0
13,17,4,1,1,0,3,0,0,2,1,1,1,0,2,1,0,6,8,10,1
3,20,4,1,1,0,3,1,0,2,1,1,1,0,0,1,0,8,1,12,0
7,18,4,0,1,0,3,3,0,11,1,1,1,0,0,6,0,1,2,2,0
13,17,4,0,1,4,3,0,1,12,1,1,1,0,2,1,0,6,10,13,1
9,14,4,0,1,0,3,0,0,2,1,1,1,7,0,1,0,6,3,8,1
8,20,4,1,1,0,3,3,0,5,1,1,1,7,0,2,0,6,4,10,1
8,15,0,1,0,0,3,0,0,1,1,1,1,0,0,1,0,6,6,8,0
6,18,4,0,1,0,3,0,0,2,1,1,1,8,0,0,5,0,0,0,1
14,18,4,0,1,0,3,1,0,0,1,1,1,0,2,1,0,8,1,14,1
2,18,4,1,1,0,3,3,0,2,1,1,1,7,0,0,5,0,0,0,1
11,20,0,1,1,0,3,0,0,1,1,1,1,0,2,2,0,7,11,11,1
3,19,4,0,1,0,3,0,0,0,1,1,1,5,0,0,5,0,0,0,1
4,18,0,0,1,0,3,0,0,8,1,1,1,0,0,4,0,1,0,1,0
11,16,4,0,1,0,3,0,0,12,1,1,1,0,2,0,5,0,0,5,0
9,7,4,0,1,0,3,0,0,11,1,1,1,7,0,7,2,2,0,4,1
15,19,4,1,0,0,3,0,0,2,0,1,0,0,2,1,0,1,3,5,1
11,20,0,0,1,0,3,0,0,1,1,1,1,0,2,1,0,7,7,14,1
12,21,0,1,1,0,3,1,0,8,1,1,1,0,2,4,0,6,0,8,1
15,21,0,0,1,3,3,0,1,0,1,1,1,0,2,6,0,4,2,14,1
11,11,3,1,1,0,3,0,0,7,1,1,1,0,2,1,0,3,1,6,1
7,15,4,0,1,0,3,3,0,2,1,1,1,5,0,1,0,3,10,3,1
5,20,4,0,1,3,3,0,1,0,1,1,1,5,0,1,0,9,6,14,0
5,21,4,1,1,2,3,0,0,2,1,1,1,0,0,1,0,2,3,2,0
15,19,2,1,1,0,3,1,0,7,1,1,1,0,2,1,5,0,0,6,1
10,18,4,0,1,0,1,1,0,16,1,1,1,0,0,5,3,3,7,5,1
0,15,4,1,1,0,3,0,0,9,1,1,1,8,0,1,1,3,0,1,0
15,17,0,0,1,0,3,3,0,0,1,1,1,7,2,1,0,6,11,3,1
6,20,4,1,1,0,3,3,0,11,1,1,1,5,0,0,5,0,0,0,1
13,12,3,1,1,0,3,0,0,9,1,1,1,7,2,1,0,6,5,9,1
15,20,0,1,1,0,3,0,0,0,1,1,1,5,2,2,0,7,5,12,1
14,15,0,1,1,4,3,0,1,8,1,1,1,5,2,0,5,0,0,0,0
3,20,4,0,1,0,3,0,0,2,1,1,1,7,0,3,0,6,6,9,1
4,16,4,0,1,0,3,0,0,14,1,1,1,4,0,1,0,9,8,4,1
9,21,0,1,1,0,3,1,0,0,1,1,1,0,0,3,0,6,4,13,1
12,17,0,0,1,0,3,3,0,0,1,1,1,7,2,1,0,8,4,10,1
13,15,4,0,1,0,3,1,0,1,1,1,1,8,2,8,2,6,0,5,1
9,21,4,1,1,0,3,0,0,12,1,1,1,5,0,4,0,6,6,12,1
10,20,4,1,1,0,3,3,0,10,1,1,1,8,0,1,0,6,7,7,1
4,19,4,1,1,0,3,3,0,0,1,1,1,0,0,1,0,4,7,8,0
2,18,4,1,1,0,3,3,0,0,1,1,1,7,0,1,2,2,0,2,1
3,18,4,0,0,0,3,1,0,16,1,1,0,0,0,0,5,0,0,0,1
6,21,0,1,1,4,3,0,1,14,1,1,1,0,0,1,0,6,6,7,1
10,20,4,1,1,0,3,0,0,0,1,1,1,0,0,1,0,3,8,14,1
6,17,4,0,1,0,3,0,0,5,1,1,1,5,0,2,0,6,2,10,1
0,17,4,1,1,3,3,0,0,16,1,1,1,0,0,1,0,6,5,5,1
4,20,4,1,1,0,3,1,0,9,1,1,1,0,0,1,0,6,6,5,1
2,18,4,1,1,0,3,0,0,2,1,1,1,7,0,1,0,4,6,5,1
11,20,4,0,1,0,3,3,0,0,1,1,1,0,2,1,0,9,5,13,1
13,21,4,1,1,0,3,0,0,0,1,1,1,7,2,1,0,5,0,3,1
9,19,4,0,1,0,3,3,0,2,1,1,1,7,0,1,2,4,0,10,0
6,19,4,1,1,0,3,0,0,12,1,1,1,0,0,1,5,0,0,0,1
2,0,4,1,1,0,3,0,0,4,1,1,1,0,0,1,0,6,3,12,1
1,15,4,0,1,0,3,3,0,2,1,1,1,7,0,3,0,1,6,5,1
3,15,4,1,1,0,3,3,0,2,1,1,1,7,0,1,0,6,3,6,1
14,19,0,0,1,0,3,0,0,8,1,1,1,0,2,3,0,6,0,11,0
4,18,4,0,1,0,3,0,0,2,1,1,1,1,0,6,0,6,2,7,1
1,15,4,1,1,0,3,0,0,2,1,1,1,0,0,1,0,5,9,3,1
11,18,4,0,1,0,3,1,0,0,1,1,1,7,2,0,5,0,0,0,1
6,20,4,1,1,0,3,1,0,2,1,1,1,7,0,1,0,3,5,7,1
1,18,4,0,1,0,3,0,0,2,1,1,1,0,0,3,2,2,0,3,1
13,19,4,1,1,0,3,0,0,2,1,1,1,0,2,1,0,6,2,4,1
9,14,0,0,1,0,3,0,0,0,1,1,1,0,0,3,0,6,1,6,1
6,15,4,0,1,0,3,3,0,10,1,1,1,0,0,1,0,9,5,4,0
12,11,4,1,0,0,3,0,0,2,0,1,1,7,0,1,0,2,5,4,1
14,20,4,0,1,0,3,3,0,11,1,1,1,0,2,1,0,6,3,14,1
11,21,4,0,1,0,3,3,0,11,1,1,1,5,2,1,0,6,8,12,0
11,18,4,1,1,0,3,1,0,2,1,1,1,0,2,1,0,6,2,8,1
11,18,4,0,1,3,3,0,1,2,1,1,1,5,2,1,0,6,2,8,1
4,18,4,0,1,0,3,0,0,16,1,1,1,1,0,6,5,2,0,2,1
14,21,0,1,1,0,3,0,0,0,1,1,1,1,2,4,0,6,8,14,1
4,15,4,0,1,3,3,0,1,2,1,1,1,5,0,1,5,0,0,3,1
14,15,4,0,1,0,3,1,0,2,1,1,1,7,2,1,0,5,5,7,1
9,17,4,1,1,0,3,3,0,9,1,1,1,7,0,1,0,6,11,9,1
4,18,0,0,1,4,3,3,1,2,1,1,1,0,0,0,5,0,0,4,1
0,15,4,0,1,0,3,1,0,5,1,1,1,8,0,1,0,3,9,6,1
3,15,4,1,1,0,3,3,0,2,1,1,1,7,0,1,0,6,8,5,1
9,18,4,1,1,0,3,1,0,12,1,1,1,0,0,1,0,3,6,11,1
8,20,2,0,1,0,3,1,0,2,1,1,1,0,0,1,0,6,11,5,1
2,18,4,1,1,0,3,0,0,0,1,1,1,0,0,2,0,9,8,12,0
7,18,0,0,1,4,3,0,1,0,1,1,1,0,0,1,0,6,5,7,1
9,18,4,0,1,0,3,0,0,2,1,1,1,7,0,1,5,6,0,7,1
10,18,4,1,1,0,3,0,0,2,1,1,1,0,0,1,5,0,0,0,1
10,19,4,0,1,0,3,1,0,15,1,1,1,1,0,0,5,0,0,0,0
9,20,4,0,1,2,3,1,0,0,1,1,1,0,0,1,0,4,6,6,0
10,15,2,1,1,0,3,0,0,2,1,1,1,0,0,1,0,3,1,8,1
3,20,4,0,1,0,3,3,0,2,1,1,1,0,0,1,0,3,3,5,1
4,15,4,0,1,0,3,0,0,2,1,1,1,5,0,1,0,4,1,6,1
8,20,4,0,1,0,3,3,0,5,1,1,1,0,0,1,0,3,4,6,1
2,18,4,1,1,3,3,0,1,2,1,1,1,7,0,0,5,0,0,4,1
5,20,4,1,1,0,3,0,0,2,1,1,1,0,0,1,0,6,10,9,1
4,18,4,0,1,0,0,0,0,16,1,1,1,2,0,5,3,9,5,6,1
6,20,4,1,1,0,3,0,0,11,1,1,1,5,0,1,0,6,2,14,0
13,20,4,0,1,0,3,0,0,0,1,1,1,0,2,1,0,8,11,14,1
4,15,4,0,1,2,3,0,0,2,1,1,1,5,0,1,0,4,3,4,1
14,19,4,0,1,3,3,3,1,2,1,1,1,5,2,1,5,0,0,0,1
8,18,4,0,1,4,3,1,1,11,1,1,1,0,0,1,0,6,3,5,0
10,21,4,1,1,0,3,1,0,12,1,1,1,0,0,6,2,0,0,0,0
15,18,4,1,1,0,3,1,0,0,1,1,1,0,2,1,0,4,3,8,1
8,20,0,0,1,0,3,0,0,2,1,1,1,0,0,4,2,0,0,0,1
2,20,4,1,1,0,3,1,0,16,1,1,1,8,0,3,1,3,0,2,0
13,20,0,0,1,0,3,1,0,0,1,1,1,0,2,1,0,6,4,11,1
13,15,0,0,1,0,3,0,0,1,1,1,1,0,2,9,2,0,0,0,1
8,15,4,1,1,0,3,0,0,2,1,1,1,7,0,1,0,6,8,6,1
15,20,0,1,1,0,3,0,0,1,1,1,1,0,2,1,0,6,10,14,1
6,15,4,0,1,4,3,0,1,2,1,1,1,7,0,9,2,0,0,0,1
5,19,0,0,1,0,3,1,0,1,1,1,1,0,0,3,5,4,0,6,0
4,20,4,0,1,0,3,1,0,0,1,1,1,0,0,1,0,6,5,7,0
1,18,4,0,1,0,3,1,0,7,1,1,1,8,0,1,5,0,0,0,1
5,18,4,0,1,0,3,3,0,2,1,1,1,0,0,2,5,6,0,2,1
12,18,4,1,1,0,3,1,0,0,1,1,1,0,2,4,5,0,0,4,0
10,19,0,1,1,0,3,1,0,0,1,1,1,0,0,0,5,0,0,10,1
13,18,0,0,1,4,3,0,1,1,1,1,1,0,2,1,5,0,0,0,1
13,15,4,1,1,4,3,0,1,5,1,1,1,5,2,1,0,6,3,6,1
14,18,4,1,1,0,3,1,0,12,1,1,1,0,2,2,0,6,6,9,1
4,16,4,0,1,0,3,0,0,2,1,1,1,5,0,1,0,6,10,8,1
4,18,4,1,1,0,3,0,0,2,1,1,1,0,0,0,5,0,0,2,1
9,14,4,1,1,4,3,0,1,0,1,1,1,0,0,7,5,1,0,1,1
14,20,4,1,1,0,3,3,0,0,1,1,1,0,2,1,0,6,9,14,1
11,16,0,0,1,0,3,1,0,0,1,1,1,0,2,0,5,0,0,0,1
1,15,4,1,1,0,3,0,0,2,1,1,1,0,0,1,1,9,0,2,1
3,18,4,1,1,0,3,1,0,2,1,1,1,0,0,9,2,0,0,0,1
0,15,4,1,0,0,3,2,0,2,1,1,1,0,0,0,5,0,0,1,1
15,21,0,0,1,4,3,1,1,0,1,1,1,0,2,6,0,6,2,14,1
5,18,4,0,1,3,3,0,1,0,1,1,1,7,0,1,0,6,3,8,0
0,15,4,0,1,3,3,2,0,8,1,1,1,0,0,1,0,6,2,8,1
10,20,4,0,1,0,3,0,0,2,1,1,1,0,0,1,0,6,11,14,1
5,15,4,0,1,4,3,0,1,2,1,1,1,7,0,0,5,0,0,0,1
4,15,4,0,1,4,3,0,1,2,1,1,1,7,0,0,5,0,0,0,1
0,13,4,1,1,0,3,3,0,10,1,1,1,8,0,0,5,0,0,0,0
1,18,4,0,1,0,3,3,0,7,1,1,1,0,0,1,0,2,6,4,1
10,18,4,0,1,0,3,0,0,14,1,1,1,0,0,7,5,4,0,7,1
0,17,4,0,1,0,3,3,0,2,1,1,1,0,0,1,0,4,8,4,1
13,19,0,0,1,0,3,1,0,2,1,1,1,0,2,1,0,8,5,12,1
3,22,4,1,1,0,3,3,0,11,1,1,1,0,0,1,0,6,9,14,1
3,14,4,1,0,0,3,3,0,14,1,1,0,0,2,0,5,0,0,0,1
9,20,4,1,1,0,3,1,0,12,1,1,1,0,0,1,0,7,4,11,1
9,13,4,1,1,2,3,0,1,0,1,1,1,0,0,1,0,5,1,6,1
11,11,0,1,1,4,3,0,1,1,1,1,1,0,2,0,5,0,0,0,0
13,18,4,0,1,4,3,3,1,5,1,1,1,7,2,1,0,6,6,6,1
9,18,0,1,1,4,3,0,1,5,1,1,1,5,0,1,5,1,0,4,1
6,18,4,0,1,0,3,0,0,2,1,1,1,0,0,1,0,6,2,11,1
1,18,4,0,1,0,3,3,0,16,1,1,1,0,0,2,5,1,0,2,0
4,15,4,0,1,0,3,1,0,2,1,1,1,0,0,1,0,4,5,7,1
9,0,4,0,1,0,3,0,1,9,1,1,1,8,0,6,0,6,1,9,1
10,20,4,0,1,4,3,0,1,0,1,1,1,7,0,1,0,5,7,10,0
4,18,4,0,1,0,3,3,0,11,1,1,1,0,0,1,0,6,4,9,1
10,17,0,0,1,0,3,1,0,2,1,1,1,0,0,1,0,6,6,8,1
4,17,4,0,1,0,3,0,0,2,1,1,1,0,0,1,5,2,0,1,1
15,19,4,0,0,0,3,1,0,4,0,1,0,0,2,1,0,0,5,9,1
2,18,4,1,1,0,3,0,0,16,1,1,1,5,0,0,5,0,0,0,0
13,11,4,1,1,4,3,1,1,0,1,1,1,0,2,1,0,1,8,1,1
11,20,4,0,1,0,3,0,0,0,1,1,1,0,2,1,0,7,10,13,0
5,18,4,1,1,0,3,1,0,12,1,1,1,0,2,1,0,6,11,6,1
8,20,4,1,1,4,3,3,1,11,1,1,1,5,0,2,0,3,6,3,0
2,13,4,0,1,0,3,3,0,15,1,1,1,1,0,0,5,0,0,0,0
13,12,3,1,1,0,3,0,0,0,1,1,1,0,2,1,0,6,4,9,1
0,15,4,1,1,0,3,0,0,2,1,1,1,7,0,1,0,2,3,2,1
11,18,4,1,1,0,3,0,0,2,1,1,1,1,0,6,0,4,5,1,1
7,18,4,0,1,0,3,3,0,2,1,1,1,7,0,1,0,6,5,8,1
6,18,4,1,1,0,3,1,0,0,1,1,1,8,0,1,1,4,0,5,0
2,17,4,0,0,0,3,0,0,15,1,1,0,1,0,0,5,0,0,0,0
13,20,0,1,0,0,3,2,0,8,1,1,0,0,2,1,1,1,0,1,1
5,20,4,0,1,4,3,0,1,0,1,1,1,5,0,1,5,0,0,0,1
11,20,4,0,1,0,3,1,0,0,1,1,1,0,2,4,0,8,6,11,0
2,18,4,0,1,0,3,0,0,2,1,1,1,8,0,2,0,1,6,3,1
15,19,0,1,1,0,3,0,0,0,1,1,1,7,2,1,0,4,3,9,1
11,15,0,0,1,0,3,0,0,2,1,1,1,0,2,1,0,6,4,6,1
1,18,4,1,1,0,3,0,0,2,1,1,1,0,0,1,0,2,2,4,1
1,18,4,1,1,0,3,1,0,2,1,1,1,0,0,1,5,1,0,1,0
8,15,0,1,1,0,3,0,0,0,1,1,1,0,0,1,0,6,6,9,1
0,17,4,0,1,0,3,0,0,2,1,1,1,7,0,1,5,4,0,1,1
12,20,0,0,1,3,3,0,1,0,1,1,1,5,2,1,0,6,8,14,0
5,20,4,0,1,0,3,0,0,10,1,1,1,0,0,1,0,6,3,13,1
10,15,4,0,1,0,0,1,0,11,1,1,1,0,0,5,3,6,4,9,0
15,22,0,1,1,4,3,0,1,0,1,1,1,0,2,2,0,6,6,11,1
10,19,0,0,1,0,3,1,0,2,1,1,1,0,0,0,5,0,0,0,1
1,14,4,0,0,0,3,1,0,2,1,1,0,0,0,0,5,0,0,0,1
9,5,4,0,1,3,3,1,1,4,1,1,1,0,0,0,5,0,0,0,1
14,20,0,1,1,0,3,1,0,1,1,1,1,0,2,1,0,6,4,12,1
14,14,0,0,1,0,3,3,0,5,1,1,1,5,2,1,0,6,3,12,1
11,21,4,0,1,0,3,1,0,0,1,1,1,0,2,6,0,3,5,14,0
5,18,4,0,1,0,3,3,0,11,1,1,1,8,0,1,0,6,6,10,0
10,21,0,1,1,0,3,1,0,0,1,1,1,0,0,1,0,6,3,14,0
5,18,4,0,1,0,3,0,0,15,1,1,1,1,0,0,5,0,0,0,0
4,15,4,0,1,0,3,1,0,7,1,1,1,8,0,1,5,0,0,6,1
3,15,4,0,1,0,3,0,0,2,1,1,1,5,0,1,5,1,0,3,1
10,13,4,0,1,0,3,1,0,10,1,1,1,0,0,6,0,6,3,13,1
15,20,0,0,1,0,3,0,0,1,1,1,1,7,2,2,0,7,2,11,1
9,1,4,0,0,0,1,0,0,2,0,0,1,5,0,8,0,6,3,11,1
11,15,4,0,1,0,3,3,0,0,1,1,1,0,2,6,0,6,0,9,1
1,18,4,1,0,0,3,1,0,16,1,1,0,2,0,2,5,0,0,0,0
5,20,4,1,1,0,3,0,0,2,1,1,1,0,0,3,0,6,2,5,1
8,18,4,0,1,0,3,0,0,2,1,1,1,0,0,2,5,0,0,0,1
1,17,4,0,1,0,3,0,0,15,1,1,1,0,0,4,5,1,0,1,1
14,15,2,0,1,4,3,0,1,0,1,1,1,0,2,1,0,6,6,7,1
6,20,4,0,1,3,3,0,1,2,1,1,1,0,0,0,5,0,0,0,1
6,21,4,0,1,0,3,1,0,0,1,1,1,0,0,1,0,4,4,14,0
10,19,0,0,1,4,3,0,1,1,1,1,1,5,0,0,5,0,0,0,1
2,15,4,1,1,0,3,2,0,2,1,1,1,8,0,1,0,6,1,10,1
14,21,4,0,1,0,3,0,0,0,1,1,1,1,2,6,0,6,6,12,1
3,15,4,1,1,0,3,1,0,2,1,1,1,6,0,1,0,3,1,3,1
11,5,4,0,1,3,3,1,1,4,1,1,1,0,2,0,5,0,0,0,1
9,20,4,0,1,0,3,0,0,2,1,1,1,0,0,6,0,5,0,9,1
10,13,4,0,1,0,3,0,0,15,1,1,1,0,0,1,2,6,0,9,1
3,18,4,0,1,0,3,0,0,16,1,1,1,5,0,3,0,5,4,6,1
15,15,0,0,1,0,3,0,0,0,1,1,1,7,2,6,0,6,4,12,1
11,20,4,0,1,0,3,0,0,12,1,1,1,0,2,1,0,6,8,14,1
3,20,4,1,1,0,3,1,0,2,1,1,1,8,0,1,5,6,0,5,1
7,18,0,1,1,0,3,0,0,1,1,1,1,0,0,1,0,5,7,9,0
11,10,4,0,1,4,3,0,1,0,1,1,1,7,2,4,0,6,8,10,1
11,15,0,1,1,3,3,1,1,0,1,1,1,5,2,1,0,6,8,13,1
10,12,2,0,1,0,3,0,0,7,1,1,1,0,0,1,0,6,11,12,1
3,17,4,1,1,0,3,0,0,0,1,1,1,0,0,6,5,1,0,4,0
7,16,4,0,1,0,3,3,0,3,1,1,1,0,0,1,0,6,8,5,1
0,14,4,0,1,0,3,3,0,16,1,1,1,0,0,1,0,2,10,8,0
9,20,4,0,1,0,3,0,0,11,1,1,1,5,0,3,0,6,8,12,0
3,18,4,0,1,0,3,3,0,16,1,1,1,0,0,0,5,0,0,0,1
14,20,4,0,1,0,3,1,0,0,1,1,1,0,2,1,0,8,2,14,1
6,14,4,1,1,0,3,3,0,4,1,1,1,5,0,1,0,1,8,1,0
12,20,4,1,1,0,3,3,0,2,1,1,1,0,2,1,0,6,6,12,1
15,11,3,1,1,0,3,0,1,9,1,1,1,0,2,6,0,3,4,2,1
8,15,4,0,1,0,2,0,0,10,1,1,1,0,0,1,0,8,6,11,1
7,18,4,1,1,0,3,0,0,2,1,1,1,7,0,1,0,5,8,6,1
0,15,4,1,1,0,3,1,0,12,1,1,1,0,0,1,0,3,8,5,0
4,18,4,0,1,0,3,0,0,2,1,1,1,0,0,1,0,2,2,4,0
11,20,0,1,1,0,3,0,0,1,1,1,1,5,2,1,0,4,10,14,1
10,19,4,1,1,0,3,1,0,12,1,1,1,0,0,2,0,6,11,13,1
2,18,4,1,1,0,3,0,0,2,1,1,1,7,0,1,1,2,0,1,1
12,20,0,0,1,0,3,3,0,0,1,1,1,0,2,3,0,6,6,11,1
15,15,4,1,1,0,3,0,0,12,1,1,1,0,2,1,0,6,8,11,1
2,18,2,1,1,3,3,1,0,16,1,1,1,0,0,3,0,9,2,11,1
9,19,4,0,1,0,3,3,0,12,1,1,1,5,0,1,0,6,9,13,1
8,20,4,0,1,0,3,1,0,2,1,1,1,8,0,3,0,7,2,11,1
15,11,4,0,1,4,3,0,1,15,1,1,1,0,2,0,5,0,0,0,1
6,15,4,1,1,0,3,0,0,5,1,1,1,0,0,1,0,6,10,10,1
14,21,4,1,1,0,3,1,0,5,1,1,1,0,2,1,0,6,6,13,1
8,20,4,1,1,0,3,3,0,0,1,1,1,0,0,1,0,2,9,3,1
7,19,4,0,1,0,3,0,0,9,1,1,1,8,0,1,5,6,0,0,0
13,20,4,0,1,4,3,3,1,11,1,1,1,0,2,3,0,9,6,10,1
3,15,3,0,1,0,3,0,0,2,1,1,1,6,0,1,0,5,10,3,1
4,21,4,0,1,0,3,0,0,2,1,1,1,0,0,1,0,2,2,7,1
9,13,4,0,1,3,3,0,1,2,1,1,1,1,0,1,5,0,0,0,1
11,15,4,0,1,3,3,0,1,2,1,1,1,7,2,1,0,6,4,8,1
13,0,0,0,1,4,3,0,1,1,1,1,1,7,2,6,0,8,11,6,1
7,21,4,0,1,0,3,1,0,0,1,1,1,8,0,1,0,5,2,12,0
6,11,4,1,1,0,3,1,0,4,1,1,1,0,0,1,0,4,3,6,1
7,20,4,1,1,0,3,0,0,2,1,1,1,7,0,1,0,6,8,6,1
8,18,4,1,1,0,3,1,0,0,1,1,1,0,0,1,5,0,0,0,1
2,18,4,0,1,3,3,0,1,2,1,1,1,0,0,1,0,6,2,4,1
12,18,4,0,1,0,3,0,0,2,1,1,1,8,2,6,0,1,6,2,1
4,19,4,0,1,4,3,0,1,0,1,1,1,7,0,1,0,9,6,9,0
12,15,4,1,1,0,3,0,0,11,1,1,1,0,2,1,0,6,6,3,1
14,18,0,1,1,0,3,0,0,1,1,1,1,0,2,5,0,6,5,10,0
14,15,0,0,1,0,3,2,0,8,1,1,1,7,2,1,0,6,1,8,1
3,15,4,0,1,0,3,3,0,2,1,1,1,0,0,1,0,5,3,7,1
3,19,4,0,1,0,3,0,0,2,1,1,1,0,0,1,0,6,4,5,1
12,18,0,0,1,3,3,0,1,0,1,1,1,0,2,4,0,6,3,6,1
4,20,4,0,1,4,3,0,1,11,1,1,1,7,0,1,0,2,4,4,0
7,20,4,1,1,0,3,0,0,0,1,1,1,0,0,3,0,8,3,12,0
6,17,0,0,1,4,3,0,1,0,1,1,1,0,0,1,0,6,2,11,0
10,21,0,1,1,4,3,0,1,0,1,1,1,5,0,1,0,6,8,13,1
14,21,0,0,1,3,3,3,1,0,1,1,1,0,2,1,0,9,5,14,0
12,20,0,1,1,0,3,3,0,1,1,1,1,5,2,1,5,0,0,0,1
13,20,2,1,1,0,3,0,0,0,1,1,1,1,2,1,0,9,1,7,1
8,18,4,0,1,0,3,0,0,4,1,1,1,7,0,1,0,4,8,5,1
3,15,4,0,1,0,3,1,0,11,1,1,1,0,0,1,0,2,2,6,1
13,18,4,1,1,0,3,3,0,11,1,1,1,0,2,1,0,6,4,10,0
7,15,0,0,1,0,3,0,0,1,1,1,1,8,0,1,0,7,0,9,1
0,17,4,1,1,0,3,0,0,2,1,1,1,0,0,1,0,4,2,5,1
3,15,4,0,1,0,3,0,0,12,1,1,1,0,0,1,0,6,1,4,0
12,19,4,0,1,0,3,0,0,0,1,1,1,8,2,1,0,6,7,7,1
11,21,4,1,1,0,3,1,0,0,1,1,1,0,2,1,0,6,3,14,1
13,15,0,1,1,0,3,3,0,2,1,1,1,0,2,1,1,2,0,2,1
12,17,0,0,1,0,3,3,0,1,1,1,1,8,2,2,0,6,2,10,0
11,13,4,0,1,0,3,0,0,15,1,1,1,7,2,1,5,4,0,2,1
9,20,0,0,1,0,3,1,0,0,1,1,1,0,0,1,1,8,0,11,1
4,15,4,0,1,0,3,0,0,2,1,1,1,7,0,1,0,6,8,6,1
11,17,0,0,1,3,3,0,1,1,1,1,1,5,2,1,0,2,2,6,0
11,15,4,0,1,0,3,1,0,2,1,1,1,0,2,1,0,6,1,11,0
1,18,4,0,0,0,3,0,0,2,1,1,0,0,0,0,5,0,0,5,1
3,15,4,1,1,0,3,3,0,2,1,1,1,7,0,0,5,0,0,0,1
12,15,4,1,1,0,3,0,0,0,1,1,1,7,2,1,0,8,8,12,1
3,18,4,1,1,0,3,1,0,2,1,1,1,0,0,1,5,0,0,0,1
10,16,4,0,1,0,3,0,0,15,1,1,1,7,0,1,5,5,0,2,0
12,16,0,1,1,0,3,0,0,1,1,1,1,0,2,0,5,0,0,4,1
4,18,4,1,1,0,3,0,0,0,1,1,1,1,0,1,5,3,0,3,1
9,18,4,1,1,0,3,0,0,5,1,1,1,0,0,6,2,2,0,5,1
15,13,4,0,1,0,3,3,0,15,1,1,1,1,2,0,5,0,0,0,1
7,20,4,0,1,0,3,3,0,0,1,1,1,0,0,1,0,6,8,8,1
4,19,4,1,1,3,3,0,1,0,1,1,1,5,0,1,0,2,1,5,1
0,15,4,0,0,0,3,1,0,2,0,1,1,0,0,1,0,5,9,2,0
13,21,0,0,1,4,3,1,1,1,1,1,1,8,2,5,0,9,6,13,0
10,15,0,1,1,0,3,3,0,0,1,1,1,7,0,1,0,2,3,5,1
12,21,4,0,1,0,3,1,0,0,1,1,1,8,2,1,0,6,6,11,1
8,15,4,0,1,0,3,0,0,7,1,1,1,0,0,3,0,6,3,6,1
8,15,4,0,1,0,3,0,0,2,1,1,1,7,0,1,0,4,2,5,1
3,20,4,1,1,0,3,0,0,11,1,1,1,5,0,1,0,6,3,5,0
14,19,4,1,1,0,3,0,0,9,1,1,1,0,2,1,0,4,11,4,0
11,20,0,1,1,0,3,0,0,1,1,1,1,5,2,3,0,9,6,12,1
2,15,4,1,1,4,3,0,1,0,1,1,1,7,0,1,5,2,0,2,0
8,15,4,0,1,0,3,0,0,2,1,1,1,0,0,1,0,6,4,10,1
11,21,4,0,1,0,3,0,0,0,1,1,1,5,2,1,0,4,6,14,1
0,15,4,0,1,0,3,0,0,2,1,1,1,0,0,3,0,4,0,2,1
7,4,4,0,0,4,3,0,1,11,1,0,0,0,0,3,2,6,0,4,1
13,20,0,1,1,0,3,1,0,1,1,1,1,0,2,2,0,8,8,12,0
2,15,4,0,1,0,3,0,0,2,1,1,1,0,0,3,0,1,6,3,1
11,18,4,0,1,0,3,0,0,0,1,1,1,0,2,1,0,6,0,11,0
4,15,4,1,1,0,3,0,0,2,1,1,1,0,0,1,2,2,0,5,1
0,15,4,1,1,0,3,3,0,2,1,1,1,0,0,9,2,0,0,0,1
14,18,4,1,1,0,3,0,0,5,1,1,1,0,2,2,0,6,4,3,1
6,21,0,1,1,0,3,3,0,1,1,1,1,0,0,2,0,8,4,13,1
2,15,4,0,0,0,3,1,0,2,1,1,1,5,0,1,5,0,0,4,0
12,19,0,0,1,4,3,0,1,0,1,1,1,5,2,0,5,0,0,0,1
1,18,4,1,1,0,3,1,0,2,1,1,1,5,0,0,5,0,0,0,1
14,18,4,1,1,0,3,0,0,11,1,1,1,5,2,6,0,4,6,9,1
7,18,4,1,1,0,3,0,0,2,1,1,1,1,0,1,0,6,8,10,1
14,20,0,1,1,0,3,1,0,0,1,1,1,8,0,6,0,4,0,14,0
10,14,0,1,1,4,3,0,1,0,1,1,1,0,0,0,5,0,0,0,1
7,16,4,1,1,0,3,0,0,10,1,1,1,0,0,1,0,6,3,4,1
1,18,4,0,1,0,3,0,0,12,1,1,1,0,0,1,0,6,5,4,1
4,19,4,1,1,0,3,1,0,2,1,1,1,0,0,3,0,6,0,3,0
6,21,4,1,1,0,3,1,0,0,1,1,1,0,0,1,0,2,3,8,0
5,20,4,1,1,0,3,0,0,2,1,1,1,1,0,1,2,4,0,3,0
4,15,4,0,1,0,3,0,0,2,1,1,1,0,0,1,0,3,10,8,1
15,21,4,1,1,4,3,0,1,0,1,1,1,5,2,0,5,0,0,14,1
11,17,2,1,1,3,3,0,1,0,1,1,1,5,2,1,0,6,2,12,0
15,18,0,0,1,3,3,0,1,0,1,1,1,5,2,1,0,6,10,12,1
15,20,4,1,1,0,3,1,0,0,1,1,1,0,2,1,0,8,8,14,1
10,17,0,0,1,0,3,0,0,8,1,1,1,0,0,0,5,0,0,0,0
11,20,4,1,1,0,3,0,0,12,1,1,1,5,2,3,0,6,2,12,1
11,11,0,0,1,2,3,1,0,1,1,1,1,0,2,1,0,9,3,14,1
8,20,0,0,1,0,1,1,0,0,1,1,1,0,0,1,0,9,7,13,1
14,20,4,1,1,0,3,0,0,9,1,1,1,0,2,1,0,6,6,12,0
5,18,4,1,1,0,3,0,0,0,1,1,1,0,0,1,0,6,2,6,1
11,20,0,1,1,0,3,1,0,1,1,1,1,0,2,1,0,6,4,11,1
0,15,4,0,1,0,3,0,0,2,1,1,1,0,0,1,0,6,0,4,1
13,15,4,0,1,3,3,0,1,0,1,1,1,0,2,1,0,6,10,10,1
7,20,4,1,1,0,3,1,0,2,1,1,1,0,0,1,0,5,2,10,1
11,17,0,1,1,0,3,3,0,1,1,1,1,0,2,1,0,3,5,8,0
5,5,4,1,1,0,3,1,0,4,1,1,1,0,0,4,0,1,10,1,1
15,22,4,0,1,3,3,0,1,15,1,1,1,0,2,0,5,0,0,0,1
7,15,4,0,1,0,3,1,0,5,1,1,1,0,0,1,0,6,3,6,1
2,0,4,1,1,3,3,0,1,2,1,1,1,5,0,0,5,0,0,0,1
7,11,0,1,1,4,3,0,1,1,1,1,1,0,0,1,0,5,5,2,1
11,18,0,1,1,0,3,3,0,8,1,1,1,7,2,3,0,7,0,11,1
8,20,4,1,1,0,3,1,0,11,1,1,1,0,0,1,5,0,0,0,0
3,13,4,0,1,4,3,0,1,15,1,1,1,0,0,0,5,0,0,0,1
4,20,4,0,1,2,3,0,0,2,1,1,1,5,0,1,5,0,0,0,1
8,18,4,0,1,0,3,0,0,4,1,1,1,2,0,6,2,0,0,0,1
2,15,4,1,1,0,3,0,0,2,1,1,1,0,0,0,5,0,0,0,1
8,11,4,0,0,0,3,2,0,0,1,1,1,0,0,1,5,6,0,2,1
3,18,4,1,1,0,3,1,0,2,1,1,1,0,0,1,0,6,4,2,1
2,18,4,0,1,0,3,3,0,11,1,1,1,0,0,0,5,0,0,0,0
1,18,4,0,0,0,3,0,0,2,1,1,0,0,0,1,0,1,3,2,1
2,18,4,0,1,0,3,0,0,0,1,1,1,7,0,1,0,8,2,6,0
6,18,4,1,1,0,3,0,0,0,1,1,1,0,0,1,0,1,3,2,1
12,15,4,0,1,0,3,0,0,14,1,1,1,5,2,1,0,6,10,10,1
13,21,0,1,1,4,3,0,1,1,1,1,1,5,2,1,0,6,8,13,1
4,15,4,0,1,4,3,0,1,2,1,1,1,7,0,1,0,3,4,4,1
3,18,4,1,1,0,3,1,0,2,1,1,1,0,0,1,0,2,1,2,0
13,20,4,0,1,0,3,0,0,0,1,1,1,5,0,2,0,2,8,14,0
0,18,4,0,1,0,3,1,0,0,1,1,1,0,0,2,2,1,0,2,0
13,20,0,1,1,3,3,0,1,0,1,1,1,5,2,3,0,2,7,5,1
3,18,4,0,1,0,3,0,0,9,1,1,1,5,0,1,0,6,11,3,1
12,19,0,1,1,0,3,0,0,1,1,1,1,0,2,1,5,0,0,0,1
11,20,4,0,1,0,3,0,0,2,1,1,1,5,2,1,0,3,8,6,1
4,18,4,1,1,4,3,0,1,11,1,1,1,7,0,0,5,0,0,0,1
8,17,0,0,1,0,3,3,0,8,1,1,1,0,0,1,2,8,0,8,1
5,14,0,0,1,0,3,0,0,0,1,1,1,7,0,1,0,5,3,6,1
4,15,0,1,1,0,3,0,0,16,1,1,1,7,0,1,5,6,0,6,1
11,15,0,0,1,4,3,0,1,0,1,1,1,2,2,6,0,6,8,13,1
10,18,4,1,1,3,3,0,1,10,1,1,1,0,0,1,5,6,0,4,1
6,15,4,1,1,0,3,1,0,12,1,1,1,0,0,1,0,4,2,6,0
7,18,4,0,1,0,3,0,0,12,1,1,1,0,0,0,5,0,0,0,0
8,20,0,1,1,4,3,0,1,1,1,1,1,5,0,1,0,6,1,7,1
8,20,4,0,1,0,3,1,0,2,1,1,1,8,0,1,0,6,2,10,1
3,22,4,1,1,0,3,3,0,2,1,1,1,0,0,2,0,6,6,10,1
1,15,4,0,1,4,3,0,1,16,1,1,1,5,0,1,5,1,0,2,1
6,15,4,0,1,0,3,0,0,11,1,1,1,0,0,1,0,4,4,5,0
9,20,4,0,1,0,3,1,0,0,1,1,1,0,0,1,0,8,11,14,1
11,20,0,0,1,0,3,1,0,1,1,1,1,0,2,2,0,6,10,12,1
13,23,4,0,1,3,3,0,1,5,1,1,1,5,2,1,0,8,6,14,1
10,8,4,0,1,0,3,3,0,11,1,1,1,1,0,1,5,0,0,3,0
7,20,0,0,1,0,3,1,0,1,1,1,1,7,0,1,0,5,1,13,1
1,18,4,0,1,0,3,0,0,2,1,1,1,0,0,1,0,1,4,2,1
0,18,4,1,1,0,3,3,0,2,1,1,1,1,0,1,0,4,6,6,1
8,15,4,0,1,0,3,1,0,2,1,1,1,0,0,1,5,0,0,0,1
15,19,0,1,1,0,3,3,0,0,1,1,1,0,2,1,0,6,6,14,1
6,14,4,1,0,0,3,0,0,2,1,1,0,0,0,0,5,0,0,5,0
11,20,0,0,1,0,3,0,0,1,1,1,1,0,2,1,2,6,0,14,1
4,15,4,0,1,0,3,0,0,2,1,1,1,0,0,1,0,6,6,6,1
5,18,0,1,1,0,3,0,0,0,1,1,1,0,0,1,0,6,11,10,0
10,18,0,1,1,0,3,0,0,1,1,1,1,0,0,2,0,4,2,4,1
6,20,4,1,1,3,3,3,1,5,1,1,1,5,0,1,0,6,3,11,1
12,21,0,0,1,0,3,1,0,0,1,1,1,0,2,1,0,8,4,14,1
5,19,4,1,1,0,3,0,0,2,1,1,1,0,0,1,0,6,10,9,1
8,18,4,1,1,0,3,0,0,2,1,1,1,1,0,0,5,0,0,2,1
9,17,4,0,1,0,3,0,0,15,1,1,1,0,0,1,2,6,0,9,1
11,15,0,0,1,0,3,3,0,8,1,1,1,0,2,1,0,7,1,11,1
13,15,4,1,1,4,3,0,1,0,1,1,1,0,2,1,0,6,6,6,0
4,19,4,1,1,0,3,1,0,2,1,1,1,0,0,1,0,2,4,3,1
3,19,4,1,1,3,3,0,1,9,1,1,1,0,0,1,5,1,0,1,1
4,15,4,0,1,3,3,3,1,9,1,1,1,0,0,1,0,2,3,4,1
7,20,4,0,1,0,3,0,0,11,1,1,1,5,0,1,2,6,0,5,0
4,20,4,1,0,0,3,0,0,2,1,1,1,7,0,0,5,0,0,0,1
1,15,2,0,1,0,3,0,0,7,1,1,1,0,0,1,0,6,6,9,0
11,20,4,1,1,0,3,1,0,2,1,1,1,8,2,1,0,8,1,7,1
7,15,4,1,1,0,3,0,0,2,1,1,1,0,0,1,0,1,2,2,1
5,17,4,0,1,0,1,3,0,0,1,1,1,0,0,1,0,4,7,3,0
13,21,4,1,1,4,3,3,1,0,1,1,1,5,2,2,0,6,0,13,0
10,17,4,0,1,0,3,3,0,4,1,1,1,0,0,1,0,6,4,7,1
14,19,4,0,1,0,3,0,0,0,1,1,1,0,2,1,0,6,3,10,1
8,17,4,0,0,0,3,1,0,7,1,0,0,0,0,6,5,0,0,2,1
12,20,0,1,1,0,3,0,0,1,1,1,1,0,2,1,0,6,8,11,1
3,20,4,0,1,0,3,1,0,0,1,1,1,0,0,1,0,6,4,4,1
6,20,4,0,1,0,3,1,0,11,1,1,1,0,0,1,0,6,2,14,0
8,20,4,0,1,0,3,0,0,2,1,1,1,5,0,2,0,6,4,13,1
0,17,4,1,1,0,3,0,0,0,1,1,1,0,0,1,0,6,8,8,1
11,15,0,0,0,0,3,0,0,8,1,1,0,7,2,1,5,0,0,0,0
8,15,0,0,0,0,3,0,0,2,1,1,1,0,0,1,0,4,6,10,1
6,21,0,0,1,0,3,0,0,1,1,1,1,5,0,8,0,6,3,14,0
13,20,4,0,1,0,3,0,0,2,1,1,1,5,2,1,0,2,1,2,1
8,21,4,0,1,4,3,0,1,0,1,1,1,5,0,1,0,6,6,8,0
2,16,4,0,1,0,3,1,0,15,1,1,1,0,0,0,5,0,0,0,0
0,17,4,0,1,0,3,0,0,7,1,1,1,0,0,0,5,0,0,1,1
1,15,4,0,1,0,3,0,0,16,1,1,1,0,0,1,0,8,1,2,0
1,19,0,1,1,0,3,0,0,1,1,1,1,0,0,1,0,6,2,2,1
9,20,4,0,1,0,3,1,0,0,1,1,1,1,0,4,0,8,11,11,1
14,15,4,0,1,0,3,0,0,0,1,1,1,1,2,1,0,5,4,13,1
1,15,4,0,1,3,3,0,1,2,1,1,1,5,0,1,0,2,2,2,1
14,20,0,0,1,4,3,0,1,1,1,1,1,5,2,1,0,6,10,13,1
15,19,0,0,1,3,3,0,1,1,1,1,1,5,2,1,5,0,0,0,1
15,18,4,0,1,3,3,0,1,0,1,1,1,5,2,1,1,7,0,12,1
6,20,0,1,1,0,3,1,0,1,1,1,1,0,0,1,0,4,4,13,1
7,17,4,0,1,3,3,0,1,2,1,1,1,5,0,1,0,6,11,12,1
11,16,4,0,1,0,3,1,0,12,1,1,1,0,2,1,0,3,6,9,1
10,15,4,0,1,0,3,3,0,4,1,1,1,0,0,1,0,6,3,7,1
13,21,0,0,1,0,3,1,0,0,1,1,1,0,2,1,0,9,2,14,1
7,20,4,0,1,0,3,1,0,0,1,1,1,0,0,3,0,6,3,11,0
5,15,4,0,1,0,3,3,0,14,1,1,1,0,0,1,0,2,2,2,1
13,8,0,0,1,4,3,0,1,0,1,1,1,0,2,1,0,6,5,14,1
8,20,0,1,1,0,3,1,0,1,1,1,1,0,0,3,0,7,4,12,1
3,18,0,1,1,0,3,1,0,0,1,1,1,0,0,2,5,2,0,3,1
2,15,4,0,1,0,3,3,0,11,1,1,1,0,2,0,5,0,0,6,0
13,23,4,0,1,2,0,3,0,12,0,1,1,0,2,8,3,2,9,14,1
14,6,0,0,1,0,3,0,0,0,1,1,1,0,2,1,0,7,8,3,0
6,20,4,1,1,0,3,1,0,12,1,1,1,0,0,1,5,3,0,4,0
6,17,4,0,1,0,3,1,0,2,1,1,1,0,0,1,0,4,2,9,0
6,15,4,0,1,0,3,3,0,2,1,1,1,7,0,0,5,0,0,4,1
7,20,0,1,1,0,3,1,0,0,1,1,1,0,0,1,0,6,4,13,0
10,14,0,1,1,0,3,0,0,0,1,1,1,0,0,1,0,6,3,7,1
4,15,4,0,1,0,3,0,0,15,1,1,1,0,0,0,5,0,0,1,0
9,18,0,1,1,0,3,0,0,0,1,1,1,0,0,1,0,4,4,6,1
15,20,4,1,1,0,3,0,0,2,1,1,1,7,2,6,0,6,8,9,1
7,3,4,1,1,3,3,3,1,12,1,1,1,7,0,6,0,5,3,7,0
12,17,4,0,1,0,3,1,0,15,1,1,1,8,2,1,5,0,0,0,1
13,20,4,0,1,3,3,0,1,0,1,1,1,5,2,1,0,6,7,13,1
5,19,4,0,1,0,3,0,0,0,1,1,1,0,0,1,0,6,2,9,0
0,8,4,0,0,2,3,3,0,3,0,0,0,0,0,0,5,0,0,2,0
2,18,4,0,1,0,3,1,0,11,1,1,1,0,0,1,0,6,6,12,0
6,18,4,1,1,0,3,0,0,0,1,1,1,7,0,1,0,3,6,11,0
4,20,4,1,1,2,3,1,0,2,1,1,1,8,0,1,0,4,1,3,1
11,19,4,1,1,0,3,3,0,2,1,1,1,5,2,1,0,4,0,8,1
2,20,4,1,1,0,3,1,0,16,1,1,1,8,0,2,5,1,0,2,0
15,18,0,1,1,0,3,1,0,0,1,1,1,0,2,1,0,8,4,5,1
6,21,4,1,1,0,3,1,0,11,1,1,1,8,0,4,0,6,4,12,0
8,13,4,0,1,0,3,0,0,7,1,1,1,7,0,1,5,6,0,7,1
10,15,4,0,1,0,3,3,0,11,1,1,1,0,0,1,0,6,3,9,1
6,20,4,1,0,0,3,0,0,2,1,1,1,5,0,0,5,0,0,4,1
1,18,4,1,1,0,3,1,0,2,1,1,1,5,0,0,5,0,0,0,1
15,21,0,1,1,0,3,0,0,0,1,1,1,5,2,2,0,9,2,12,1
1,18,4,1,1,0,3,0,0,2,1,1,1,0,0,2,0,2,6,4,1
7,16,4,1,1,0,3,3,0,11,1,1,1,0,0,1,0,7,6,5,0
5,18,4,0,1,0,3,0,0,2,1,1,1,0,0,1,0,6,11,8,1
10,15,4,0,1,0,3,1,0,0,1,1,1,0,0,7,0,5,3,9,1
7,19,0,0,1,0,3,1,0,2,1,1,1,5,0,1,0,8,10,8,1
3,15,4,0,0,0,3,0,0,2,1,1,0,0,0,0,5,0,0,4,1
0,18,4,0,1,0,3,3,0,11,1,1,1,0,0,1,0,4,2,6,1
15,17,0,0,1,4,3,0,1,0,1,1,1,5,2,1,5,0,0,0,0
5,19,4,0,1,0,3,0,0,2,1,1,1,0,0,1,0,2,5,5,1
11,23,2,1,1,0,3,0,0,2,1,1,1,0,2,1,0,6,6,7,1
15,15,0,0,1,0,1,1,0,0,1,1,1,0,2,5,3,6,10,13,1
14,15,0,1,1,4,3,0,1,8,1,1,1,0,2,1,0,6,3,7,0
3,15,4,0,1,0,3,0,0,2,1,1,1,0,0,1,0,8,3,4,1
1,18,4,0,1,0,3,1,0,10,1,1,1,0,0,1,0,6,5,4,0
2,22,4,0,1,0,3,0,0,15,1,1,1,1,0,0,5,0,0,0,0
13,15,4,0,1,0,3,0,0,7,1,1,1,7,2,1,0,2,2,4,1
15,18,4,1,1,0,3,0,0,11,1,1,1,0,2,1,0,6,8,7,1
9,20,4,0,1,0,3,0,0,14,1,1,1,0,0,1,0,6,10,10,1
4,15,4,0,1,0,3,3,0,2,1,1,1,7,0,1,0,6,3,4,1
15,10,0,1,1,4,3,0,1,0,1,1,1,7,2,1,0,8,3,10,1
10,20,0,0,1,0,3,3,0,0,1,1,1,0,0,1,0,6,4,14,1
2,19,4,0,1,0,0,1,0,16,1,1,1,0,0,5,3,9,2,7,0
8,0,4,0,0,0,3,3,0,2,1,1,0,8,0,1,0,3,3,6,1
7,15,4,0,1,3,3,3,0,11,1,1,1,0,0,1,0,9,2,14,1
13,21,4,1,0,0,3,0,0,0,1,1,0,0,2,1,0,6,4,13,1
12,18,0,1,1,0,3,0,0,2,1,1,1,0,2,1,5,0,0,0,1
3,13,4,0,1,0,3,0,0,15,1,1,1,7,0,1,5,0,0,0,1
8,20,0,0,1,4,3,0,1,0,1,1,1,0,0,1,0,6,8,6,1
6,17,4,0,1,0,3,1,0,2,1,1,1,0,0,1,0,5,8,11,1
2,0,4,0,0,0,3,3,0,2,1,1,0,7,0,0,5,0,0,0,1
14,15,0,1,1,0,3,3,0,1,1,1,1,0,2,1,0,6,3,12,0
11,18,4,1,1,3,3,0,1,0,1,1,1,0,2,3,0,4,3,6,1
13,20,0,1,1,3,3,0,1,0,1,1,1,0,2,1,0,7,2,13,1
9,20,4,1,1,0,3,1,0,0,1,1,1,0,0,3,0,6,6,12,1
10,15,4,0,1,0,3,0,0,2,1,1,1,7,0,1,0,3,4,7,1
10,8,0,1,1,4,3,0,1,0,1,1,1,0,0,1,1,3,0,1,0
14,18,4,0,1,0,3,0,0,2,1,1,1,7,2,9,2,0,0,0,1
7,20,4,0,1,0,0,0,0,16,1,1,1,0,0,5,3,8,0,6,0
11,16,4,1,0,4,3,3,1,13,1,0,0,8,2,1,0,6,2,13,0
2,19,4,1,1,0,3,1,0,2,1,1,1,0,0,1,0,2,2,2,0
0,15,4,1,1,0,3,3,0,11,1,1,1,5,0,0,5,0,0,0,1
7,20,4,1,1,0,3,1,0,2,1,1,1,8,0,1,0,3,6,8,1
8,20,0,1,1,0,3,0,0,0,1,1,1,7,0,1,0,3,6,10,1
14,21,4,1,1,0,3,0,0,0,1,1,1,5,2,0,5,0,0,13,1
14,20,0,0,1,0,3,0,0,1,1,1,1,0,2,2,0,6,0,14,0
13,15,4,0,1,0,3,1,0,15,1,1,1,0,2,3,5,0,0,0,0
1,18,4,0,1,0,3,1,0,16,1,1,1,0,0,4,5,1,0,3,0
2,16,4,1,0,0,3,3,0,2,1,1,0,0,0,0,5,0,0,4,1
13,22,4,0,1,0,3,0,0,15,1,1,1,5,0,2,2,7,0,10,0
12,20,4,1,1,0,3,3,0,11,1,1,1,5,2,1,0,2,4,5,1
10,15,4,0,1,0,3,0,0,2,1,1,1,0,0,1,0,3,8,14,1
15,15,4,0,1,0,3,0,0,15,1,1,1,1,0,2,5,5,0,4,1
13,20,0,0,1,0,3,0,0,1,1,1,1,0,2,5,0,6,4,9,1
1,18,4,1,1,0,3,3,0,2,1,1,1,0,0,1,0,2,4,4,1
0,18,4,0,1,0,3,1,0,2,1,1,1,0,0,1,2,2,0,2,1
0,15,4,1,1,0,3,1,0,7,1,1,1,0,0,1,0,3,1,3,1
14,15,0,1,1,0,3,1,0,0,1,1,1,0,2,6,2,0,0,0,1
9,11,4,0,0,0,3,1,0,4,0,1,0,0,0,0,5,0,0,0,0
0,15,4,0,1,0,3,3,0,2,1,1,1,7,0,4,0,4,3,6,1
11,16,4,0,0,0,3,0,0,0,1,1,0,7,2,1,5,3,0,4,1
9,18,4,0,1,4,3,0,1,0,1,1,1,7,0,6,0,5,9,7,1
6,20,4,0,1,0,3,0,0,2,1,1,1,7,0,1,0,6,6,11,1
6,18,0,0,1,4,0,0,1,0,1,1,1,0,0,5,3,6,9,7,1
14,19,4,0,1,0,3,0,0,2,1,1,1,1,2,0,5,0,0,4,1
4,12,4,0,1,0,3,0,0,0,1,1,1,0,0,1,0,6,4,12,1
4,16,4,1,1,4,3,0,1,16,1,1,1,5,0,1,0,1,1,5,1
13,21,0,1,1,3,3,0,1,0,1,1,1,0,2,3,0,6,2,13,1
6,18,4,0,1,0,3,1,0,0,1,1,1,0,0,1,0,6,1,11,1
11,16,0,1,1,4,3,0,1,1,1,1,1,7,2,1,0,6,10,13,1
15,22,0,1,1,0,3,0,0,0,1,1,1,0,2,3,0,8,2,12,1
11,22,4,0,1,3,3,0,1,2,1,1,1,5,0,2,0,4,3,8,1
9,21,4,0,1,0,3,3,0,0,1,1,1,5,0,2,0,7,8,14,0
9,18,2,1,1,0,3,0,0,2,1,1,1,0,0,3,0,6,7,7,1
15,20,4,0,1,0,3,0,0,15,1,1,1,0,2,4,0,6,10,9,1
5,17,4,0,1,0,3,0,0,0,1,1,1,0,0,1,0,2,2,4,1
0,15,4,0,1,4,3,0,1,16,1,1,1,5,0,0,5,0,0,2,1
14,15,4,0,1,0,3,0,0,2,1,1,1,0,0,2,0,4,5,4,1
14,18,0,0,1,0,3,0,0,2,1,1,1,0,2,2,0,6,0,9,1
13,20,0,1,1,0,3,0,0,1,1,1,1,7,2,3,0,6,3,6,1
4,18,4,0,1,0,3,1,0,0,1,1,1,0,0,1,0,6,3,10,1
13,20,4,0,1,0,3,1,0,0,1,1,1,8,2,1,0,8,10,10,0
15,15,0,0,1,3,3,3,1,0,1,1,1,7,2,1,0,6,3,5,1
9,20,0,0,1,0,3,1,0,2,1,1,1,0,0,1,0,6,5,6,1
12,20,4,1,1,0,3,1,0,2,1,1,1,0,2,1,5,2,0,2,1
11,19,0,1,1,0,3,1,0,1,1,1,1,8,2,3,0,4,2,5,1
2,17,4,0,1,4,3,0,1,16,1,1,1,5,0,1,0,9,1,2,1
0,15,4,0,1,0,3,1,0,9,1,1,1,0,0,1,0,6,6,8,1
6,19,4,1,1,0,3,0,0,2,1,1,1,7,0,1,0,2,6,6,1
2,15,4,0,1,4,3,0,1,16,1,1,1,5,0,1,0,9,1,6,1
2,15,4,1,1,0,3,0,0,2,1,1,1,7,0,1,5,6,0,2,1
5,17,4,0,1,0,3,0,0,2,1,1,1,0,0,1,0,6,6,6,1
4,19,4,0,1,0,3,0,0,2,1,1,1,0,0,1,0,4,1,6,1
5,15,4,1,1,0,3,0,0,2,1,1,1,7,0,1,0,6,3,6,1
9,18,0,0,1,0,3,1,0,0,1,1,1,0,0,1,0,7,11,11,1
6,17,4,1,1,0,3,0,0,0,1,1,1,0,0,8,5,5,0,5,1
5,20,0,1,1,0,3,2,0,0,1,1,1,7,0,6,0,6,3,7,1
7,20,4,0,0,0,3,1,0,0,1,1,0,0,0,1,1,9,0,6,0
6,17,4,0,1,0,0,0,0,16,1,1,1,0,0,5,3,6,11,6,1
12,15,4,1,1,0,3,0,0,2,1,1,1,7,2,1,0,1,3,1,1
9,14,0,0,1,0,3,0,0,2,1,1,1,5,0,1,0,6,7,12,1
14,20,4,0,1,4,3,0,1,0,1,1,1,5,2,1,0,6,3,14,0
7,15,4,0,1,4,3,0,1,11,1,1,1,5,0,1,0,6,3,12,0
2,12,4,0,1,0,3,0,0,7,1,1,1,0,0,0,5,0,0,4,1
2,18,4,0,1,0,3,0,0,0,1,1,1,0,0,1,0,6,9,11,1
13,20,2,0,1,0,3,1,0,0,1,1,1,0,2,3,0,6,8,13,1
0,15,4,0,1,0,3,0,0,2,1,1,1,7,0,1,0,5,2,2,1
5,18,4,0,1,3,3,2,1,0,1,1,1,0,0,6,0,4,10,10,1
15,15,0,1,1,4,3,0,1,1,1,1,1,7,2,1,5,0,0,0,1
6,18,4,1,1,0,3,1,0,2,1,1,1,0,0,1,0,3,5,2,1
13,7,4,0,1,4,3,0,1,12,1,1,1,7,2,6,0,2,3,2,1
8,13,4,0,1,0,3,0,0,2,1,1,1,7,0,1,2,6,0,6,1
11,19,4,1,1,0,1,0,0,0,1,1,1,0,2,1,0,6,3,9,0
12,19,4,1,1,0,3,1,0,2,1,1,1,8,0,4,0,4,3,4,1
2,18,4,0,1,0,3,0,0,2,1,1,1,0,0,1,0,6,3,12,1
2,15,4,0,1,0,3,0,0,2,1,1,1,0,0,1,0,2,7,5,1
7,20,0,0,1,0,3,1,0,2,1,1,1,8,0,2,0,9,6,12,1
7,15,4,1,1,0,3,0,0,2,1,1,1,7,0,1,0,5,11,5,1
15,22,0,1,1,0,3,0,0,1,1,1,1,1,2,1,0,6,3,14,1
4,15,4,0,1,0,3,0,0,7,1,1,1,0,0,1,0,6,6,6,1
10,21,4,1,1,0,3,1,0,9,1,1,1,0,0,2,0,8,2,7,1
8,15,4,0,1,4,3,0,1,11,1,1,1,0,0,6,0,4,8,7,1
13,19,4,1,1,0,3,3,0,2,1,1,1,0,2,1,0,2,0,4,1
3,20,4,1,1,0,3,3,0,2,1,1,1,7,0,1,0,6,8,9,1
6,18,4,0,1,4,3,3,1,0,1,1,1,0,0,1,0,5,0,6,0
0,18,4,1,1,0,3,0,0,2,1,1,1,0,0,1,0,1,3,2,1
9,19,4,0,1,0,3,0,0,0,1,1,1,1,0,1,0,8,6,12,1
2,18,4,1,1,0,3,3,0,2,1,1,1,0,0,1,2,1,0,3,1
13,21,0,1,1,0,3,1,0,0,1,1,1,0,2,2,0,6,2,14,1
11,15,4,1,1,0,3,3,0,16,1,1,1,0,2,1,0,6,8,11,1
0,15,4,1,1,4,3,0,1,9,1,1,1,0,0,0,5,0,0,0,1
0,15,4,0,1,4,3,0,1,16,1,1,1,5,0,0,5,0,0,0,1
3,13,4,0,1,4,3,3,1,2,1,1,1,0,0,0,5,0,0,0,1
10,19,4,0,1,0,3,0,0,2,1,1,1,5,0,1,0,6,7,13,1
5,13,4,1,1,4,3,0,1,10,1,1,1,0,0,6,5,0,0,0,1
13,19,4,1,1,0,3,3,0,13,1,1,1,8,2,2,0,5,2,11,0
4,20,4,1,1,0,3,0,0,11,1,1,1,0,0,0,5,0,0,0,1
12,15,4,0,1,4,3,0,1,2,1,1,1,5,2,1,0,6,4,8,1
6,20,4,1,1,0,3,3,0,16,1,1,1,0,0,2,5,2,0,3,1
12,20,4,1,1,0,3,0,0,2,1,1,1,1,2,1,5,0,0,0,1
14,14,4,1,1,4,3,3,1,12,1,1,1,0,2,1,0,3,5,2,1
2,18,4,1,1,0,3,0,0,2,1,1,1,1,0,1,0,1,2,3,1
2,18,4,0,1,3,3,3,1,9,1,1,1,5,0,1,0,6,1,9,0
3,15,0,1,1,0,3,0,0,8,1,1,1,0,0,1,1,3,0,1,1
6,20,0,0,1,0,3,0,0,2,1,1,1,5,0,1,0,6,6,10,1
10,16,0,0,1,0,3,1,0,0,1,1,1,8,0,1,0,6,1,10,0
11,20,0,1,1,4,3,0,1,8,1,1,1,0,2,6,0,8,0,11,1
9,20,4,0,1,0,3,0,0,0,1,1,1,0,0,2,0,8,11,14,1
15,18,4,1,1,0,3,0,0,9,1,1,1,0,2,1,0,4,10,5,1
5,20,4,0,1,0,3,1,0,15,1,1,1,0,0,4,5,0,0,0,1
12,15,0,1,1,4,3,0,1,1,1,1,1,7,2,0,5,0,0,0,1
9,21,4,1,1,0,3,3,0,14,1,1,1,5,0,1,0,6,6,13,0
14,20,4,1,1,0,3,1,0,0,1,1,1,0,2,1,0,7,3,13,1
7,3,0,1,1,3,1,3,1,12,1,1,1,7,2,0,5,0,0,7,1
10,18,4,0,1,0,1,1,0,16,1,1,1,0,0,5,3,6,0,6,0
0,15,4,1,1,0,3,0,0,2,1,1,1,0,0,2,0,1,0,1,1
7,20,4,0,1,0,3,3,0,12,1,1,1,0,0,1,0,6,2,10,0
14,8,0,0,1,4,3,0,1,1,1,1,1,7,2,1,0,5,4,3,1
8,21,4,1,1,3,3,0,1,0,1,1,1,5,0,1,0,6,6,11,1
14,8,0,0,1,4,3,0,1,2,1,1,1,1,2,1,5,0,0,0,1
12,17,0,0,1,0,3,1,0,1,1,1,1,0,2,3,0,6,3,11,1
15,15,4,1,1,3,3,1,1,2,1,1,1,7,2,1,2,6,0,4,1
11,15,4,1,1,3,3,0,1,0,1,1,1,1,2,0,5,0,0,0,1
9,15,4,0,1,0,3,3,0,2,1,1,1,7,0,1,2,2,0,3,1
0,10,4,1,1,4,3,0,1,7,1,1,1,0,0,1,0,1,1,3,1
6,18,4,0,1,0,3,0,0,2,1,1,1,7,0,1,0,1,8,3,1
7,19,0,1,1,0,3,0,0,1,1,1,1,0,0,1,5,0,0,0,1
6,13,4,0,1,0,3,0,0,2,1,1,1,6,0,1,0,6,10,9,1
8,15,4,0,1,0,3,3,0,5,1,1,1,0,0,1,0,9,3,3,1
7,10,4,0,1,4,3,3,1,5,1,1,1,0,0,1,0,6,3,10,1
9,20,4,0,1,0,3,3,0,12,1,1,1,0,0,1,0,7,10,13,1
5,15,4,0,1,0,3,1,0,2,1,1,1,0,0,1,0,9,7,9,1
6,20,4,1,1,0,3,1,0,12,1,1,1,0,0,1,0,6,5,12,0
12,21,0,0,1,0,3,1,0,0,1,1,1,0,2,6,0,6,6,14,0
3,15,4,0,1,0,3,3,0,2,1,1,1,5,0,1,0,2,5,3,1
4,18,0,0,1,0,1,0,0,14,1,1,1,0,0,1,0,4,8,7,1
5,20,4,0,1,0,3,1,0,0,1,1,1,8,0,1,0,7,10,12,1
7,15,4,0,1,4,3,0,1,2,1,1,1,7,0,1,0,6,6,5,1
15,15,0,0,1,4,3,0,1,0,1,1,1,7,2,3,0,9,10,12,1
6,13,4,0,0,0,3,0,0,15,1,1,1,0,0,0,5,0,0,10,0
15,15,0,0,0,0,3,0,0,0,1,1,0,0,2,0,5,0,0,0,1
12,18,4,0,1,0,3,1,0,0,1,1,1,0,2,3,0,4,2,6,1
3,20,4,1,1,0,3,0,0,14,1,1,1,0,0,1,0,2,1,2,0
13,7,0,0,1,0,0,0,0,11,1,1,1,7,2,5,3,2,5,14,1
0,16,4,0,1,0,3,3,0,2,1,1,1,0,0,0,5,0,0,0,1
3,16,4,0,1,0,3,0,0,2,1,1,1,5,0,9,2,0,0,0,1
9,20,4,0,1,3,3,1,1,2,1,1,1,0,0,1,0,6,11,9,1
12,20,0,1,1,0,3,1,0,0,1,1,1,8,2,2,0,6,1,13,1
9,20,0,0,1,0,3,0,0,2,1,1,1,5,0,1,0,6,4,10,1
9,21,4,1,1,3,3,3,1,0,1,1,1,5,0,2,0,6,8,13,0
7,18,4,0,1,0,3,1,0,0,1,1,1,7,0,1,0,6,3,13,1
2,18,4,1,0,0,3,0,0,0,1,1,1,0,0,0,5,0,0,4,0
1,15,4,1,1,0,3,0,0,12,1,1,1,0,0,1,0,3,6,3,0
5,20,4,0,1,0,3,1,0,11,1,1,1,0,0,1,0,6,4,5,1
7,15,4,0,1,0,3,0,0,2,1,1,1,0,0,1,0,5,2,5,0
14,21,4,0,1,0,3,3,0,0,1,1,1,0,2,1,0,6,8,14,1
13,0,4,0,1,4,3,0,1,14,1,1,1,5,2,1,0,6,4,6,0
15,19,0,0,1,3,3,3,1,1,1,1,1,0,2,1,0,6,2,10,1
5,17,4,1,1,0,3,1,0,16,1,1,1,0,0,1,5,8,0,2,1
1,15,4,1,0,2,3,3,0,2,0,0,0,3,0,0,5,0,0,2,1
7,18,4,1,1,0,3,0,0,2,1,1,1,7,0,0,5,0,0,0,1
7,15,4,0,1,0,3,0,0,2,1,1,1,0,0,6,0,1,6,3,1
3,18,4,1,1,0,3,3,0,9,1,1,1,5,0,0,5,0,0,0,1
4,20,4,0,1,0,3,1,0,15,1,1,1,0,0,1,5,2,0,1,0
11,14,0,0,1,0,3,0,0,0,1,1,1,5,2,1,0,2,4,14,1
3,15,4,0,1,0,3,3,0,2,1,1,1,7,0,1,0,6,4,3,1
15,15,0,0,1,4,3,0,1,1,1,1,1,7,2,1,0,6,6,6,1
0,15,4,1,1,0,3,0,0,2,1,1,1,7,0,1,0,5,0,2,1
3,17,4,1,1,0,3,0,0,2,1,1,1,5,0,1,0,5,5,7,1
2,22,4,1,1,4,3,0,1,0,1,1,1,5,0,1,0,1,9,11,0
3,15,4,0,1,0,3,0,0,2,1,1,1,0,0,1,0,3,8,5,1
15,21,4,0,1,0,3,3,0,9,1,1,1,7,2,1,0,9,4,11,1
0,18,4,0,1,0,3,0,0,2,1,1,1,7,0,1,0,4,0,2,1
1,17,4,0,1,0,3,0,0,0,1,1,1,0,0,1,0,6,6,8,0
2,18,4,1,1,0,3,3,0,2,1,1,1,5,0,3,0,1,4,6,1
13,20,0,0,1,0,3,1,0,0,1,1,1,0,2,1,0,9,3,14,1
12,21,0,0,1,4,3,0,1,1,1,1,1,0,2,5,0,6,2,7,1
6,15,4,1,1,0,3,0,0,2,1,1,1,0,0,1,5,0,0,2,1
10,15,4,0,1,0,3,0,0,0,1,1,1,7,0,1,0,4,3,6,1
10,20,0,1,1,0,3,0,0,0,1,1,1,0,0,1,0,6,11,13,1
9,17,4,0,1,0,3,1,0,15,1,1,1,0,0,1,5,0,0,0,1
6,18,4,0,1,4,3,0,1,0,1,1,1,0,0,1,0,4,3,5,1
12,15,0,1,1,0,3,1,0,1,1,1,1,0,2,1,0,1,2,2,1
6,18,4,0,1,0,3,3,0,14,1,1,1,0,0,0,5,0,0,0,1
5,17,4,0,1,0,3,3,0,2,1,1,1,0,0,1,0,6,6,8,1
10,19,4,1,1,0,3,3,0,2,1,1,1,7,0,1,0,8,11,8,1
8,21,0,0,1,3,3,0,1,1,1,1,1,5,0,1,0,6,1,13,1
15,19,0,1,1,0,3,0,0,0,1,1,1,7,2,1,0,9,3,12,1
15,19,4,0,1,0,3,3,0,11,1,1,1,0,2,4,0,4,2,4,1
7,14,4,0,0,0,3,3,0,2,1,1,0,0,0,0,5,0,0,0,1
9,15,4,1,1,0,3,0,0,0,1,1,1,8,0,1,0,3,0,9,1
2,19,4,1,1,0,3,1,0,2,1,1,1,0,0,1,0,3,6,5,1
13,18,4,0,1,0,3,1,0,0,1,1,1,7,2,1,0,6,6,11,0
15,20,0,1,1,4,3,0,1,0,1,1,1,0,2,1,0,6,8,5,1
9,18,4,0,1,2,0,0,1,12,1,1,1,2,0,5,3,5,1,6,0
15,21,4,1,1,0,3,0,0,4,1,1,0,8,2,6,0,3,7,9,1
15,15,0,0,1,0,3,0,0,0,1,1,1,7,2,1,0,6,2,13,1
0,18,4,0,1,0,3,0,0,11,1,1,1,0,0,1,5,0,0,0,0
6,18,4,0,1,0,3,0,0,2,1,1,1,5,0,1,0,6,11,6,0
0,17,4,1,1,0,3,0,0,2,1,1,1,0,0,1,2,3,0,5,1
13,18,4,1,1,0,3,0,0,0,1,1,1,0,2,2,0,6,6,12,1
4,18,4,0,1,0,3,1,0,2,1,1,1,0,0,0,5,0,0,1,1
11,20,4,0,1,0,3,1,0,0,1,1,1,1,2,1,0,6,11,13,0
8,21,0,0,1,0,3,1,0,0,1,1,1,5,0,4,0,6,8,13,1
1,18,0,1,1,4,3,0,1,1,1,1,1,7,0,0,5,0,0,0,1
7,15,4,1,1,0,3,0,0,9,1,1,1,0,0,1,1,6,0,9,1
3,18,4,0,1,4,3,0,1,9,1,1,1,7,0,1,0,6,10,8,1
5,15,4,0,1,0,3,1,0,2,1,1,1,8,0,1,0,5,8,8,1
8,18,4,0,1,3,3,0,1,5,1,1,1,5,0,1,0,3,9,2,1
1,18,4,1,1,0,3,0,0,2,1,1,1,7,0,1,0,5,3,5,1
3,18,4,1,1,0,3,0,0,0,1,1,1,0,0,1,0,2,8,5,0
7,19,4,1,1,0,3,1,0,2,1,1,1,0,0,0,5,0,0,0,1
3,14,4,1,1,4,3,3,1,11,1,1,1,0,0,9,2,0,0,0,0
6,14,4,0,1,3,3,0,1,2,1,1,0,7,0,1,4,3,7,6,0
12,15,0,1,1,0,1,3,0,0,1,1,1,0,2,1,0,9,4,13,1
12,15,4,0,0,2,3,3,0,3,0,1,0,0,2,1,0,4,8,5,1
9,20,0,0,1,0,3,0,0,0,1,1,1,0,0,1,0,6,0,14,0
6,15,0,0,1,0,3,0,0,1,1,1,1,0,0,1,0,6,4,10,1
13,20,4,1,1,2,3,1,0,0,1,1,1,0,2,1,0,5,3,14,0
12,21,0,0,1,0,3,1,0,0,1,1,1,0,2,1,0,6,8,14,1
11,15,4,0,1,0,3,3,0,12,1,1,1,0,2,1,0,8,2,10,1
11,18,0,0,1,0,3,1,0,0,1,1,1,0,2,3,0,6,6,12,1
11,19,4,1,1,4,3,0,1,7,1,1,1,0,2,1,0,6,11,9,1
4,15,4,0,0,0,3,0,0,2,1,1,1,2,0,1,0,6,6,5,1
2,15,4,0,1,0,3,1,0,0,1,1,1,0,0,1,5,4,0,3,0
12,20,0,1,1,0,3,1,0,0,1,1,1,0,2,1,0,7,8,11,1
14,20,4,1,1,0,3,0,0,0,1,1,1,7,2,1,0,6,6,9,1
14,20,4,1,1,4,3,0,1,2,1,1,1,1,2,1,0,6,8,6,1
12,18,2,1,1,0,3,1,0,0,1,1,1,0,2,4,0,9,2,12,0
2,18,4,1,1,0,3,0,0,16,1,1,1,0,0,7,5,5,0,4,1
8,20,4,0,1,0,3,1,0,0,1,1,1,8,0,1,0,6,1,9,0
15,15,4,0,1,0,3,0,0,12,1,1,1,7,2,3,0,6,5,6,1
6,17,4,0,1,0,3,0,0,2,1,1,1,0,0,1,0,4,3,6,1
13,15,0,0,1,0,3,0,0,0,1,1,1,0,2,1,0,7,7,12,0
6,20,4,1,1,0,3,0,0,0,1,1,1,0,0,1,5,0,0,0,1
7,20,4,1,1,0,3,1,0,2,1,1,1,1,0,1,0,6,11,5,1
1,18,4,1,1,0,3,3,0,16,1,1,1,0,0,0,5,0,0,0,0
3,15,4,0,1,0,3,0,0,0,1,1,1,0,0,1,0,8,3,8,1
7,11,4,0,1,4,3,0,1,5,1,1,1,0,0,1,2,6,0,2,1
10,14,4,0,0,0,3,0,0,14,1,1,0,0,2,0,5,0,0,7,1
8,20,4,1,1,0,3,0,0,2,1,1,1,7,0,1,5,0,0,0,1
6,4,0,0,0,4,3,3,1,13,1,0,0,7,0,2,4,6,2,11,1
4,18,4,0,1,0,3,0,0,2,1,1,1,0,0,1,0,4,3,9,1
8,23,3,1,1,0,3,0,0,0,1,1,1,0,2,0,5,0,0,7,1
15,16,4,0,1,0,3,0,0,11,1,1,1,0,2,1,0,3,1,5,0
2,18,4,0,1,0,3,2,0,2,1,1,1,0,0,1,0,9,6,7,1
14,20,4,1,1,0,3,1,0,2,1,1,1,5,2,1,2,0,0,0,1
1,18,4,1,1,3,3,0,1,2,1,1,1,5,0,1,0,1,3,4,1
8,18,4,1,1,0,3,0,0,11,1,1,1,5,0,1,0,6,4,9,1
15,21,0,1,1,0,3,1,0,0,1,1,1,5,2,1,0,9,10,14,1
0,18,4,0,1,0,3,0,0,2,1,1,1,0,0,1,0,4,8,4,1
15,15,4,1,1,4,3,0,1,2,1,1,1,0,2,1,0,4,10,4,1
15,20,0,1,1,0,3,0,0,1,1,1,1,0,2,1,0,5,5,14,1
5,20,4,1,1,0,3,3,0,0,1,1,1,0,0,1,2,2,0,5,0
7,20,4,0,1,4,3,0,1,11,1,1,1,5,0,1,0,6,2,13,0
3,14,4,1,1,4,3,0,1,16,1,1,1,7,0,1,1,1,0,2,0
14,20,0,0,1,0,3,3,0,0,1,1,1,0,2,4,0,9,10,14,1
7,20,4,0,1,4,3,0,1,2,1,1,1,5,0,1,2,6,0,3,0
5,18,0,0,1,0,3,3,0,9,1,1,1,0,0,0,5,0,0,0,0
11,20,4,0,1,0,3,0,0,0,1,1,1,5,2,1,0,6,3,13,0
6,15,4,0,0,0,3,3,0,2,1,1,0,0,0,0,5,0,0,4,1
3,20,4,1,1,0,3,3,0,11,1,1,1,0,0,1,0,6,2,6,0
14,23,0,1,1,3,3,0,1,1,1,1,1,5,2,0,5,0,0,4,1
11,20,4,1,1,0,3,1,0,0,1,1,1,0,2,1,0,6,5,12,1
2,18,4,1,1,0,3,3,0,4,1,1,1,0,0,0,5,0,0,4,1
3,15,0,1,1,0,3,0,0,1,1,1,1,7,0,1,2,6,0,3,0
15,15,0,0,1,4,3,3,1,2,1,1,1,0,2,1,0,5,0,13,1
6,18,4,0,1,4,3,3,1,11,1,1,1,0,0,1,0,6,6,10,0
10,20,4,0,1,0,3,0,0,2,1,1,1,5,0,1,0,7,11,13,1
15,15,0,0,1,0,3,0,0,0,1,1,1,0,2,1,0,6,8,6,1
6,20,4,1,1,0,3,0,0,11,1,1,1,5,0,1,0,6,8,12,1
5,18,4,0,1,0,3,0,0,2,1,1,1,0,0,1,0,3,8,4,0
10,20,4,1,1,3,3,0,1,0,1,1,1,7,0,5,3,6,1,13,1
12,17,0,1,0,0,3,0,0,8,1,1,0,0,2,0,5,0,0,0,1
7,20,0,1,1,0,3,0,0,0,1,1,1,0,0,3,0,6,2,11,1
9,18,0,0,1,3,3,0,1,1,1,1,1,5,0,1,5,0,0,0,1
14,16,0,0,1,0,3,3,0,1,1,1,1,4,2,3,0,5,3,4,1
3,20,4,1,1,0,3,1,0,2,1,1,1,5,0,1,0,5,9,2,1
13,12,2,0,0,0,3,3,0,15,1,1,1,7,2,1,5,0,0,1,1
1,14,4,1,1,0,3,0,0,2,1,1,1,5,0,1,0,3,10,5,1
4,15,4,1,0,0,3,0,0,16,1,1,1,4,0,3,5,5,0,3,1
1,15,4,1,1,0,3,0,0,12,1,1,1,0,0,1,0,2,6,3,0
15,20,0,1,1,0,3,0,0,0,1,1,1,5,2,3,0,6,2,13,1
8,20,4,0,0,4,3,0,1,2,1,1,1,5,0,1,0,9,6,10,1
8,15,4,1,1,0,3,3,0,11,1,1,1,0,0,1,5,0,0,2,1
2,18,4,1,1,0,3,0,0,2,1,1,1,8,0,6,0,2,0,1,1
15,9,0,0,1,4,3,0,1,9,1,1,1,7,2,2,0,1,1,4,0
14,19,4,0,1,0,3,0,0,16,1,1,1,1,0,2,5,6,0,3,1
11,21,4,0,1,0,3,1,0,0,1,1,1,0,2,1,0,7,6,14,1
11,20,4,1,1,0,3,0,0,2,1,1,1,1,2,0,5,0,0,0,1
8,20,4,1,1,0,3,3,0,2,1,1,1,0,0,2,2,1,0,3,1
8,20,4,0,1,0,3,3,0,4,1,1,1,0,0,1,2,0,0,0,1
14,15,0,1,1,0,3,0,0,0,1,1,1,0,2,6,0,5,0,9,1
10,18,0,1,1,0,3,1,0,8,1,1,1,0,0,1,1,6,0,11,0
11,15,4,1,1,0,3,0,0,7,1,1,1,1,2,1,0,6,1,6,1
6,18,4,0,1,0,3,0,0,2,1,1,1,0,0,1,0,6,5,6,1
11,21,4,0,1,0,3,0,0,0,1,1,1,8,2,1,0,8,6,12,1
0,18,4,1,1,0,3,0,0,16,1,1,1,5,0,1,5,1,0,2,1
9,20,4,1,1,2,3,0,0,0,1,1,1,0,0,1,0,5,6,12,1
15,15,0,1,1,3,3,0,1,0,1,1,1,0,2,3,0,6,10,6,1
10,13,0,0,1,0,3,0,0,15,1,1,1,7,0,0,5,0,0,0,1
6,15,4,0,1,3,3,0,1,2,1,1,1,5,0,1,0,1,6,1,1
5,20,4,0,1,0,3,1,0,2,1,1,1,0,0,1,0,6,7,13,1
6,18,0,0,1,0,3,0,0,1,1,1,1,0,0,1,0,6,2,13,1
0,15,4,1,1,3,3,0,1,2,1,1,1,7,0,9,2,0,0,0,1
0,15,4,1,1,0,3,0,0,2,1,1,1,0,0,1,0,6,10,3,1
15,20,2,1,1,0,3,2,0,0,1,1,1,6,2,3,0,5,10,9,0
6,14,4,0,1,0,3,0,0,2,1,1,1,8,0,8,0,8,3,8,1
10,21,0,1,1,3,3,0,1,0,1,1,1,5,0,0,5,0,0,0,1
4,20,4,1,1,0,3,3,0,5,1,1,1,0,0,2,5,6,0,3,1
0,17,4,0,1,0,3,0,0,2,1,1,1,5,0,1,2,6,0,6,1
8,20,4,0,1,4,3,0,1,11,1,1,1,5,0,1,0,6,6,12,0
4,18,4,0,1,0,3,0,0,2,1,1,1,5,0,1,0,6,8,9,1
14,17,0,1,1,0,3,0,0,1,1,1,1,1,2,1,2,0,0,0,1
11,23,0,1,1,0,3,0,0,8,1,1,1,0,2,1,5,6,0,3,0
10,18,4,1,1,0,3,1,0,2,1,1,1,0,0,4,0,2,1,3,1
15,15,4,0,1,0,3,1,0,12,1,1,1,0,2,1,0,6,3,9,1
15,19,0,1,1,0,3,1,0,1,1,1,1,0,2,1,0,6,6,14,1
13,20,0,1,1,0,3,0,0,1,1,1,1,7,2,3,0,6,7,13,0
4,17,4,1,1,0,3,1,0,2,1,1,1,0,0,1,0,6,3,8,1
7,15,0,0,1,0,0,0,0,16,1,1,1,0,0,5,3,9,2,6,1
0,18,4,1,1,0,3,3,0,5,1,1,1,5,0,2,0,1,8,6,1
12,2,0,1,0,0,1,0,0,0,0,0,1,7,2,0,2,0,0,4,0
0,17,4,1,0,0,3,1,0,16,1,1,0,8,0,1,5,2,0,1,0
1,19,0,1,1,0,3,1,0,1,1,1,1,0,0,2,5,2,0,2,1
0,15,4,0,1,0,3,1,0,2,1,1,1,7,0,1,0,2,3,2,1
4,15,4,0,1,0,3,0,0,0,1,1,1,0,0,1,0,9,4,3,1
15,21,0,1,1,0,3,1,0,0,1,1,1,0,2,1,0,6,1,14,1
4,18,4,0,1,0,3,3,0,2,1,1,1,0,0,6,0,6,2,8,1
7,15,4,1,1,2,3,0,0,3,1,1,1,0,0,0,5,0,0,5,1
1,17,4,1,1,0,3,0,0,2,1,1,1,7,0,1,5,2,0,4,1
0,18,4,1,1,0,3,3,0,2,1,1,1,0,0,3,0,6,7,3,1
14,19,0,1,0,0,3,3,0,0,1,1,0,0,2,1,5,2,0,3,1
0,17,4,1,1,0,3,0,0,2,1,1,1,0,0,1,2,0,0,0,1
7,20,4,1,1,0,3,3,0,2,1,1,1,8,0,1,0,8,6,12,1
12,20,4,0,1,4,3,3,1,0,1,1,1,5,2,1,0,6,6,13,0
15,19,4,1,0,0,3,1,0,9,0,0,0,0,0,1,0,4,5,4,1
3,20,4,0,1,0,3,3,0,2,1,1,1,0,0,2,5,2,0,2,0
11,20,4,0,1,0,3,1,0,0,1,1,1,0,2,1,0,4,3,13,1
0,15,4,0,1,0,0,0,0,16,1,1,1,0,0,5,3,8,2,8,0
10,18,4,0,1,0,3,3,0,2,1,1,1,8,0,1,0,6,2,7,0
8,18,4,1,1,0,3,0,0,11,1,1,1,0,0,1,5,6,0,2,0
3,18,4,0,1,0,3,1,0,7,1,1,1,0,0,1,0,3,6,6,1
6,13,4,0,0,0,3,0,0,15,1,1,0,1,0,0,5,0,0,2,1
10,19,4,1,1,0,3,0,0,0,1,1,1,0,0,1,0,6,10,11,1
15,18,0,0,1,0,3,0,0,1,1,1,1,0,2,1,0,4,3,5,1
0,17,4,1,1,0,3,1,0,16,1,1,1,8,0,1,5,1,0,2,0
15,15,4,0,1,0,3,0,0,2,1,1,1,0,2,6,0,4,7,7,1
0,18,4,0,1,0,3,3,0,11,1,1,1,0,0,0,5,0,0,0,1
11,19,0,1,1,3,3,0,1,0,1,1,1,0,2,1,0,6,2,5,0
0,17,4,0,0,0,3,0,0,2,1,1,0,0,0,1,0,1,2,3,1
7,4,2,0,1,4,3,0,1,14,1,1,1,7,0,3,0,9,2,10,1
14,15,4,0,1,0,3,0,0,2,1,1,1,0,2,1,0,6,2,10,1
9,17,4,1,1,0,3,0,0,2,1,1,1,7,0,0,5,0,0,5,1
12,20,0,0,1,0,3,0,0,0,1,1,1,0,2,1,0,8,4,12,1
12,15,4,0,1,0,3,3,0,2,1,1,1,0,2,0,5,0,0,0,1
1,19,4,1,1,0,3,1,0,2,1,1,1,5,0,3,2,2,0,3,0
10,19,4,0,1,0,3,0,0,2,1,1,1,7,0,1,0,5,4,10,1
7,18,4,0,1,0,3,1,0,2,1,1,1,0,0,1,0,6,4,11,1
7,20,4,0,1,0,3,0,0,0,1,1,1,5,0,2,0,6,8,14,1
10,19,0,1,1,0,3,0,0,2,1,1,1,1,0,1,0,1,8,3,1
11,11,4,1,1,0,3,0,0,11,1,1,1,0,2,1,0,6,1,10,1
7,16,4,1,0,0,3,0,0,0,1,0,0,0,0,0,5,0,0,4,0
8,21,4,1,1,0,3,3,0,0,1,1,1,0,0,2,0,6,0,8,1
8,15,0,0,1,0,3,0,0,2,1,1,1,0,0,1,0,9,11,8,1
2,18,4,1,0,0,3,0,0,2,1,1,1,5,0,1,0,1,4,4,1
1,18,4,1,1,4,3,0,1,16,1,1,1,5,0,2,5,1,0,1,1
10,16,4,1,1,4,3,3,1,2,1,1,1,0,0,1,0,6,6,10,1
10,20,4,1,1,0,3,3,0,9,1,1,1,0,0,1,2,2,0,3,1
3,18,4,0,1,4,3,0,1,16,1,1,1,5,0,4,0,6,1,11,1
8,15,4,0,1,0,3,0,0,2,1,1,1,7,0,1,0,6,8,6,1
8,20,0,0,0,0,3,1,0,0,1,1,1,0,0,1,0,7,4,13,1
15,19,4,1,1,0,3,0,0,2,1,1,1,0,2,1,2,0,0,0,1
7,21,4,1,1,0,3,0,0,0,1,1,1,5,0,1,0,6,10,12,0
4,19,4,0,1,0,3,0,0,2,1,1,1,0,0,1,0,6,10,5,1
6,13,4,0,0,0,3,0,0,15,1,1,0,1,0,1,5,0,0,0,0
11,20,0,1,1,0,3,1,0,0,1,1,1,0,2,3,0,6,2,11,1
10,20,0,1,1,0,3,0,0,0,1,1,1,0,0,4,0,6,10,10,1
13,19,4,0,1,0,3,1,0,2,1,1,1,0,2,1,0,9,11,11,1
13,15,0,1,1,0,3,0,0,1,1,1,1,0,2,1,5,0,0,0,1
2,19,0,1,1,0,3,0,0,8,1,1,1,5,0,5,5,9,0,3,1
12,20,4,1,1,0,3,0,0,9,1,1,1,0,2,1,0,6,8,8,1
4,18,4,1,1,0,3,3,0,14,1,1,1,1,0,0,5,0,0,0,0
11,8,4,0,0,2,3,0,1,2,1,0,0,0,2,1,1,6,0,12,1
5,17,4,1,1,0,3,0,0,2,1,1,1,0,0,1,0,2,6,2,1
6,15,4,1,1,0,3,0,0,0,1,1,1,0,0,1,2,6,0,6,0
14,6,0,0,1,0,3,0,0,0,1,1,1,8,2,1,0,7,8,10,0
2,15,4,1,0,0,3,0,0,2,1,1,0,0,0,0,5,0,0,0,1
0,15,4,1,1,3,3,0,1,2,1,1,1,0,0,9,2,0,0,0,1
5,20,4,1,1,0,3,0,0,15,1,1,1,0,0,1,5,0,0,0,1
3,18,4,0,1,0,3,0,0,2,1,1,1,5,0,0,5,0,0,0,1
3,15,4,1,1,0,3,1,0,12,1,1,1,0,0,1,1,6,0,9,1
2,18,4,0,1,0,3,1,0,2,1,1,1,0,0,1,0,6,3,8,1
10,20,0,1,1,3,3,0,1,1,1,1,1,0,0,2,0,6,4,12,1
2,16,4,0,0,0,3,1,0,2,1,1,0,0,0,0,5,0,0,4,0
5,18,4,0,1,0,3,3,0,11,1,1,1,0,0,1,0,5,3,6,1
3,15,4,0,1,3,3,0,1,2,1,1,1,0,0,1,1,8,0,10,1
11,18,0,1,1,3,3,3,1,0,1,1,1,0,2,0,5,0,0,0,1
0,18,4,1,1,0,3,1,0,0,1,1,1,0,0,1,0,5,0,4,0
8,20,4,1,1,0,3,0,0,9,1,1,1,0,0,1,0,7,11,3,1
10,20,4,0,1,0,3,0,0,11,1,1,1,5,0,1,0,7,5,14,0
4,20,0,0,1,0,3,0,0,2,1,1,1,0,0,1,1,9,0,12,1
3,15,4,0,1,0,1,1,0,2,1,1,1,0,0,1,5,0,0,0,1
0,17,4,1,1,4,3,0,0,8,1,1,1,0,0,1,0,2,5,1,0
15,19,0,1,1,0,3,0,0,0,1,1,1,0,2,0,5,0,0,0,1
8,16,4,0,1,0,3,0,0,11,1,1,1,2,0,1,0,7,10,13,1
0,18,4,0,1,0,3,2,0,8,1,1,1,5,0,1,5,2,0,3,0
10,18,0,1,1,0,3,0,0,1,1,1,1,7,0,1,2,0,0,0,1
5,15,4,0,1,3,3,0,1,10,1,1,1,0,0,4,0,9,8,4,1
6,20,4,1,1,0,3,3,0,2,1,1,1,7,0,1,0,2,2,2,1
12,20,4,0,1,3,3,0,1,0,1,1,1,0,2,1,0,7,5,11,1
8,17,4,1,1,0,3,0,0,2,1,1,1,0,0,1,2,0,0,0,1
5,15,4,1,1,0,3,3,0,2,1,1,1,5,0,1,0,6,3,5,1
9,20,0,0,1,0,3,0,0,0,1,1,1,0,0,6,0,6,5,12,1
14,20,0,1,1,3,3,2,1,1,1,1,1,0,2,1,0,6,3,10,1
3,15,4,0,1,0,3,1,0,0,1,1,1,0,0,1,0,4,1,8,1
8,20,4,1,1,0,3,0,0,4,1,1,1,0,0,1,0,6,8,7,1
12,21,0,0,1,4,3,0,1,1,1,1,1,5,2,1,0,6,8,14,0
11,20,0,1,1,0,3,1,0,1,1,1,1,0,2,1,2,0,0,0,1
13,21,4,0,1,4,3,0,1,14,1,1,1,5,2,1,0,6,3,14,0
12,16,4,0,1,0,3,0,0,15,1,1,1,7,2,1,5,7,0,2,1
3,18,4,0,1,0,3,0,0,2,1,1,1,5,0,1,0,6,8,9,1
7,18,0,1,1,0,3,3,0,0,1,1,1,0,0,1,5,0,0,0,0
9,11,4,0,1,0,3,3,0,5,1,1,1,0,0,1,0,9,5,6,1
4,18,4,1,1,0,3,0,0,0,1,1,1,7,0,1,0,6,2,9,0
5,20,4,1,1,4,3,0,1,9,1,1,1,5,0,0,5,0,0,0,1
15,14,2,1,0,0,3,3,0,2,0,1,0,6,1,0,4,2,10,12,1
12,20,0,1,1,0,3,0,0,1,1,1,1,0,2,1,0,8,4,12,0
14,18,0,1,1,3,3,3,1,1,1,1,1,5,2,1,5,0,0,0,1
3,15,4,1,1,0,3,0,0,7,1,1,1,7,0,1,2,2,0,6,1
0,18,4,0,1,0,3,3,0,11,1,1,1,5,0,1,0,2,2,2,1
15,22,0,1,1,0,3,1,0,15,1,1,1,0,2,0,5,0,0,0,0
7,18,4,0,1,0,3,0,0,0,1,1,1,0,0,1,5,2,0,3,1
12,13,4,1,1,0,3,1,0,0,1,1,1,8,2,6,5,0,0,13,1
0,18,4,0,1,0,3,2,0,16,1,1,1,0,0,1,5,1,0,1,0
4,15,4,0,1,0,3,0,0,2,1,1,1,5,0,1,0,1,6,3,1
8,18,4,0,1,0,3,0,0,7,1,1,1,7,0,1,2,0,0,0,1
8,19,4,1,0,0,3,1,0,0,1,1,0,0,0,0,5,0,0,0,1
7,18,4,0,1,0,3,0,0,2,1,1,1,7,0,7,2,4,0,6,1
3,21,3,1,1,0,3,3,0,1,1,1,1,0,2,7,0,1,2,6,1
12,20,0,1,1,0,3,1,0,0,1,1,1,0,2,1,0,9,11,13,1
13,18,0,1,1,0,3,0,0,0,1,1,1,0,2,1,5,0,0,0,1
8,18,4,0,1,0,3,3,0,2,1,1,1,0,0,3,0,6,7,12,1
10,15,4,1,1,0,3,0,0,12,1,1,1,0,0,1,0,6,6,10,1
4,12,4,0,1,0,3,0,0,2,1,1,1,0,0,1,0,6,2,9,1
13,21,0,1,1,4,3,0,1,0,1,1,1,5,2,1,0,6,4,14,0
15,20,4,1,1,0,3,0,0,0,1,1,1,0,2,6,0,2,0,4,1
10,15,0,1,1,3,3,0,1,1,1,1,1,0,0,0,5,0,0,0,1
14,21,0,1,1,4,3,0,1,0,1,1,1,7,2,1,0,4,3,5,1
12,15,4,0,1,0,3,3,0,2,1,1,1,0,2,1,0,6,11,6,1
7,15,4,1,1,0,3,1,0,0,1,1,1,0,0,1,0,3,3,8,1
0,18,4,0,1,0,3,3,0,11,1,1,1,0,0,1,0,1,4,2,1
10,17,0,1,1,0,3,1,0,1,1,1,1,8,0,1,0,4,1,9,0
15,20,0,0,1,0,3,0,0,2,1,1,1,0,2,6,0,6,6,10,1
12,15,3,1,1,0,3,0,0,0,1,1,1,0,2,1,0,7,6,9,1
12,20,2,1,1,0,3,1,0,12,1,1,1,0,2,1,5,2,0,2,0
14,20,0,1,1,3,3,0,1,0,1,1,1,0,2,1,0,8,2,10,1
1,18,4,0,1,0,3,0,0,2,1,1,1,0,0,1,2,2,0,3,1
1,15,4,0,0,0,3,3,0,16,1,1,0,1,0,0,5,0,0,4,0
8,18,4,1,0,0,3,1,0,2,0,1,1,5,0,1,0,6,8,10,1
1,18,4,1,1,0,3,3,0,16,1,1,1,5,0,2,5,0,0,0,0
7,18,0,0,1,0,3,1,0,1,1,1,1,0,0,1,0,6,8,11,1
8,20,0,1,1,4,3,1,1,0,1,1,1,0,0,2,0,6,11,8,0
8,20,4,1,1,0,3,0,0,0,1,1,1,0,0,5,0,6,5,7,1
11,19,0,1,1,4,3,0,1,1,1,1,1,0,2,1,0,6,2,10,1
2,18,4,1,1,0,3,0,0,2,1,1,1,0,0,1,0,6,6,4,1
13,15,4,0,1,0,3,0,0,2,1,1,1,0,2,1,0,3,10,2,1
9,15,4,1,1,0,3,3,0,2,1,1,1,0,0,1,5,0,0,1,1
11,22,0,0,1,4,3,0,1,1,1,1,1,5,2,1,1,6,0,11,1
15,18,4,0,1,3,3,0,1,10,1,1,1,5,2,1,0,6,1,10,1
9,15,0,1,1,0,3,0,0,2,1,1,1,0,0,1,0,6,4,8,1
3,22,0,0,1,4,3,0,1,1,1,1,1,5,0,1,0,6,9,14,0
4,20,4,1,1,0,3,0,0,11,1,1,1,0,0,0,5,0,0,0,0
6,20,0,1,1,0,3,0,0,2,1,1,1,7,0,0,5,0,0,0,1
4,20,4,0,1,0,3,1,0,0,1,1,1,0,0,1,0,6,3,8,1
5,20,4,1,1,0,3,1,0,2,1,1,1,0,0,6,0,3,8,11,1
14,15,0,1,0,0,3,1,0,1,1,0,1,0,2,1,0,6,11,14,1
9,20,0,0,1,0,3,0,0,0,1,1,1,0,0,1,0,6,6,13,0
0,18,4,1,1,0,3,3,0,16,1,1,1,5,0,1,5,1,0,3,0
6,15,4,0,1,0,3,0,0,5,1,1,1,0,0,0,5,0,0,0,0
10,15,4,0,1,4,3,0,1,0,1,1,1,0,0,1,0,6,3,8,1
11,20,4,0,1,0,3,1,0,0,1,1,1,8,2,1,0,6,3,13,1
5,15,0,0,1,0,3,0,0,1,1,1,1,0,0,1,0,6,4,6,1
6,20,0,0,1,0,3,0,0,2,1,1,1,0,0,1,0,6,0,9,1
4,15,4,1,1,0,3,0,0,2,1,1,1,7,0,1,1,4,0,2,1
12,20,0,1,1,0,3,0,0,1,1,1,1,0,2,2,2,0,0,0,1
3,19,4,0,1,0,3,0,0,2,1,1,1,0,0,1,5,4,0,2,0
7,18,4,0,1,0,3,0,0,2,1,1,1,5,0,1,0,3,6,10,0
7,15,0,0,1,4,3,0,1,1,1,1,1,5,0,0,5,0,0,0,1
11,18,4,0,1,0,3,1,0,2,1,1,1,0,2,1,0,6,3,10,1
14,19,4,0,1,0,3,1,0,0,1,1,1,0,2,1,0,6,3,7,1
7,18,4,1,1,0,3,0,0,2,1,1,1,5,0,1,2,0,0,0,1
4,18,4,0,1,0,3,3,0,11,1,1,1,0,0,1,5,4,0,3,0
11,15,0,1,1,0,3,0,0,1,1,1,1,1,2,1,0,6,3,4,1
15,21,4,1,1,0,3,0,0,2,1,1,1,5,2,2,0,6,8,13,1
6,18,4,0,1,0,3,0,0,0,1,1,1,0,0,1,0,5,1,6,1
15,20,4,1,1,0,3,1,0,0,1,1,1,8,2,1,5,3,0,4,1
13,0,4,1,1,0,3,1,0,2,1,1,1,0,2,1,0,6,4,6,1
15,15,4,0,1,0,3,3,0,11,1,1,1,0,2,1,0,6,6,8,1
6,15,4,0,1,0,3,1,0,7,1,1,1,0,0,1,0,2,1,6,1
1,15,4,0,1,4,3,0,1,11,1,1,1,5,0,0,5,0,0,0,1
13,8,1,1,1,3,3,1,1,4,1,1,1,1,2,4,5,0,0,3,1
12,18,0,1,1,3,3,0,1,1,1,1,1,0,2,3,1,2,0,4,1
8,15,4,0,1,0,3,0,0,9,1,1,1,8,0,0,5,0,0,0,1
8,21,3,1,1,0,3,0,0,7,1,1,1,0,0,1,0,6,8,7,1
7,15,4,1,1,0,3,1,0,0,1,1,1,0,0,6,2,0,0,0,1
13,22,0,1,1,2,3,1,0,1,1,1,1,5,2,1,0,1,9,14,0
10,17,4,0,1,3,3,0,1,2,1,1,1,5,0,1,0,6,8,7,1
11,20,0,0,0,0,3,1,0,2,1,1,0,0,2,1,5,2,0,4,1
11,18,4,0,1,2,3,0,0,2,1,1,1,7,2,1,0,1,3,2,1
2,18,4,1,1,0,3,0,0,2,1,1,1,1,0,1,0,3,10,4,1
12,21,0,0,1,0,3,0,0,0,1,1,1,5,2,1,5,0,0,0,1
10,11,4,0,1,4,3,0,1,11,1,1,1,0,0,1,0,9,5,14,1
1,15,4,1,1,0,3,0,0,2,1,1,1,5,0,0,5,0,0,0,1
5,15,4,0,1,0,1,3,0,14,1,1,1,0,2,0,5,0,0,6,1
2,17,4,0,1,0,0,1,0,16,1,1,1,0,2,5,3,9,2,6,1
9,13,0,1,1,0,3,3,0,8,1,1,1,0,0,1,5,0,0,0,0
3,18,4,1,1,0,3,0,0,14,1,1,1,5,0,7,0,2,10,2,1
8,16,4,0,1,0,3,0,0,0,1,1,1,5,0,1,0,7,4,13,1
15,15,3,1,1,0,3,0,0,2,1,1,1,0,2,1,0,6,4,4,1
8,19,4,1,1,0,3,1,0,12,1,1,1,0,0,2,0,4,11,10,1
1,15,4,0,0,0,3,1,0,2,0,1,1,0,0,0,5,0,0,0,1
10,19,0,1,1,0,3,0,0,2,1,1,1,0,0,1,5,4,0,4,1
15,20,4,1,1,0,3,0,0,10,1,1,1,5,2,1,0,6,8,13,1
0,18,4,0,1,0,3,1,0,2,1,1,1,5,0,1,0,1,8,2,1
2,18,4,0,1,4,3,0,1,0,1,1,1,0,0,1,0,2,3,2,1
10,20,0,1,1,3,3,0,1,1,1,1,1,5,0,1,0,7,11,3,1
11,20,0,1,1,0,3,0,0,0,1,1,1,0,2,2,0,6,2,12,1
0,15,4,0,0,0,2,3,0,6,1,1,1,5,0,9,2,4,0,0,1
10,15,4,0,1,3,3,0,1,0,1,1,1,7,0,1,0,6,6,10,1
5,15,0,1,1,0,3,1,0,1,1,1,1,0,0,1,0,4,2,3,1
13,20,0,0,1,0,0,0,0,0,1,1,1,0,2,5,3,6,9,12,0
11,23,4,1,1,0,3,0,0,16,1,1,1,0,2,1,0,6,5,7,0
5,20,4,0,1,0,3,1,0,11,1,1,1,0,0,1,0,6,2,13,1
12,15,4,0,1,3,3,0,1,2,1,1,1,7,2,1,0,6,6,8,1
6,15,4,0,1,0,3,0,0,2,1,1,1,5,0,1,0,6,0,8,1
0,15,4,1,1,0,3,0,0,9,1,1,1,0,0,1,1,1,0,2,1
3,20,4,1,1,4,3,0,1,9,1,1,1,0,0,6,5,6,0,8,1
10,21,0,1,1,4,3,1,1,0,1,1,1,0,0,1,0,6,4,14,1
14,20,4,0,1,0,3,3,0,0,1,1,1,0,2,1,0,8,11,13,0
7,15,4,0,1,0,3,0,0,2,1,1,1,7,0,1,0,6,5,9,1
1,18,4,0,1,0,3,0,0,12,1,1,1,0,0,1,0,2,4,4,1
12,20,4,1,1,0,3,0,0,11,1,1,1,0,2,4,0,8,4,11,1
1,18,4,1,1,0,3,1,0,2,1,1,1,0,0,3,0,1,8,1,1
5,17,4,1,1,0,3,3,0,2,1,1,1,0,0,1,0,7,11,5,1
12,18,4,1,1,0,3,0,0,0,1,1,1,0,2,1,0,6,8,12,1
3,18,4,1,1,4,3,0,1,9,1,1,1,7,0,3,0,5,2,6,1
14,23,4,1,1,3,3,0,1,5,1,1,1,5,2,0,5,0,0,10,1
2,18,4,1,1,0,3,0,0,2,1,1,1,0,0,6,0,3,2,4,0
4,20,0,1,1,0,3,0,0,0,1,1,1,0,0,1,0,6,4,9,0
9,18,4,1,1,0,3,1,0,12,1,1,1,0,0,3,0,6,6,12,0
8,18,4,0,1,4,3,0,1,0,1,1,1,5,0,1,5,6,0,3,0
4,17,4,1,1,0,3,1,0,2,1,1,1,0,0,6,0,4,6,4,1
5,15,4,1,1,0,3,0,0,12,1,1,1,7,0,1,0,6,6,6,0
10,20,4,1,1,0,3,0,0,11,1,1,1,0,0,1,0,8,4,10,0
5,17,3,1,1,0,3,0,0,0,1,1,1,7,2,1,0,3,2,6,1
3,15,4,1,1,0,3,0,0,2,1,1,1,0,0,9,2,0,0,0,1
6,20,4,1,1,0,3,1,0,0,1,1,1,0,0,1,0,5,4,7,1
8,20,0,1,1,0,3,3,0,0,1,1,1,0,0,0,5,0,0,0,1
14,20,4,1,1,0,3,0,0,0,1,1,1,5,2,1,0,6,8,11,1
2,15,4,0,1,0,3,3,0,11,1,1,1,7,0,4,0,2,5,5,0
12,18,0,1,1,0,3,1,0,1,1,1,1,0,2,2,0,9,8,12,1
2,16,4,0,1,0,3,3,0,15,1,1,1,0,0,1,5,3,0,1,0
11,10,4,1,1,4,3,0,1,0,1,1,1,0,2,4,0,8,1,10,1
14,19,0,1,1,3,3,0,1,0,1,1,1,0,2,1,0,6,6,7,1
15,18,0,0,1,0,3,0,0,0,1,1,1,0,2,2,0,6,3,6,1
12,20,0,0,1,4,3,0,1,0,1,1,1,5,2,1,5,6,0,3,0
12,15,4,1,1,0,3,1,0,2,1,1,1,0,2,1,0,2,2,3,1
15,19,4,0,1,0,3,3,0,0,1,1,1,0,2,1,0,6,2,14,1
1,19,4,1,1,0,3,3,0,11,1,1,1,5,0,1,0,4,3,6,0
2,14,4,1,1,4,3,0,1,9,1,1,1,5,0,0,5,0,0,0,1
14,0,4,1,0,4,3,3,1,0,1,0,1,5,2,0,5,0,0,2,1
4,18,4,0,1,0,3,0,0,2,1,1,1,0,0,1,0,3,8,6,1
0,15,4,1,1,0,3,0,0,16,1,1,1,5,0,1,5,6,0,3,0
13,18,0,0,1,0,3,1,0,1,1,1,1,0,2,4,0,1,11,3,1
4,17,4,0,1,0,3,3,0,0,1,1,1,7,0,1,2,2,0,2,1
9,18,4,1,1,0,3,0,0,2,1,1,1,0,0,1,0,6,3,6,1
3,15,4,0,1,0,3,3,0,12,1,1,1,5,0,2,5,0,0,0,1
10,20,4,1,1,0,3,0,0,12,1,1,1,0,0,1,0,6,4,12,1
4,18,4,1,0,0,3,0,0,2,1,1,1,0,0,1,0,6,2,2,1
5,15,4,1,1,0,3,3,0,11,1,1,1,0,0,1,0,6,3,5,0
15,13,4,0,1,0,3,0,0,4,1,1,1,0,2,1,0,5,8,6,1
11,21,0,1,1,0,3,0,0,0,1,1,1,1,2,3,0,6,3,13,0
15,21,0,0,1,4,3,0,1,1,1,1,1,5,2,0,5,0,0,0,1
4,16,4,0,0,0,3,3,0,3,1,0,0,0,0,0,5,0,0,5,1
11,15,4,0,1,0,3,0,0,0,1,1,1,7,2,1,0,8,3,10,1
6,20,4,1,1,0,3,1,0,2,1,1,1,0,0,1,0,6,3,9,1
5,15,4,1,1,4,3,0,1,12,1,1,1,7,0,1,0,6,4,9,1
6,20,4,0,1,0,3,0,0,5,1,1,1,0,0,1,0,8,6,11,1
13,11,3,0,1,3,3,0,1,15,1,1,1,7,2,0,5,0,0,0,1
15,15,0,1,1,3,3,0,1,0,1,1,1,0,2,1,0,9,3,12,1
0,13,4,0,1,0,3,1,0,2,1,1,1,0,0,0,5,0,0,0,1
7,21,0,1,1,0,3,0,0,0,1,1,1,0,0,1,0,7,4,12,0
6,17,4,1,1,0,3,1,0,0,1,1,1,5,0,1,0,6,8,10,1
7,18,0,0,1,0,3,0,0,0,1,1,1,0,0,1,0,6,11,9,0
1,15,4,0,1,4,3,0,1,10,1,1,1,0,0,1,0,6,5,5,1
9,20,0,0,1,0,3,0,0,14,1,1,1,0,0,3,0,6,3,12,1
13,11,4,0,0,0,3,1,0,15,1,1,0,0,2,0,5,0,0,0,1
13,21,4,1,1,3,3,0,1,2,1,1,1,5,2,1,0,6,8,9,1
10,21,0,1,1,3,3,3,1,0,1,1,1,0,0,1,0,8,4,14,1
13,20,0,0,1,0,3,3,0,0,1,1,1,0,2,1,0,6,10,11,1
12,21,4,0,1,0,3,2,0,0,1,1,1,0,2,1,0,4,3,8,0
8,20,0,0,1,3,3,0,1,0,1,1,1,5,0,3,0,6,4,13,1
13,21,0,1,1,4,3,1,1,0,1,1,1,0,2,1,1,2,0,6,1
9,20,0,0,1,3,3,3,1,1,1,1,1,0,0,1,5,0,0,0,1
0,18,4,0,1,4,3,0,1,5,1,1,1,7,0,0,5,0,0,0,1
10,0,4,0,1,4,3,0,1,0,1,1,1,7,0,1,0,6,3,11,1
15,15,0,1,0,0,3,0,0,0,1,1,0,0,2,0,5,0,0,0,1
2,17,4,0,1,0,3,0,0,2,1,1,1,5,0,1,2,2,0,1,1
14,15,4,0,1,0,3,0,0,12,1,1,1,0,2,1,0,6,5,9,0
5,15,4,1,1,0,3,2,0,2,1,1,1,8,0,0,5,0,0,0,1
6,15,4,1,1,0,3,1,0,2,1,1,1,0,0,1,0,4,1,7,1
13,14,4,0,1,0,3,0,0,2,1,1,1,8,2,8,5,0,0,0,1
5,15,4,0,1,0,3,0,0,7,1,1,1,0,0,1,0,9,1,9,1
6,15,4,1,1,3,3,1,1,2,1,1,1,0,0,1,1,8,0,11,1
9,20,4,1,1,0,3,3,0,5,1,1,1,0,0,1,0,6,9,9,1
7,20,4,1,1,0,3,3,0,12,1,1,1,0,0,1,0,8,4,12,0
12,20,0,1,1,0,3,1,0,0,1,1,1,0,2,2,0,6,3,12,0
11,18,0,1,1,0,3,3,0,1,1,1,1,5,2,1,0,6,2,11,1
8,19,4,0,1,0,3,0,0,12,1,1,1,0,0,1,0,7,11,13,1
11,21,0,0,1,4,3,3,1,0,1,1,1,0,2,1,2,6,0,8,1
12,14,4,1,1,0,3,3,0,11,1,1,0,2,2,1,4,3,7,6,0
14,15,4,0,1,0,3,0,0,0,1,1,1,0,2,1,0,8,6,14,1
6,15,4,1,1,0,3,1,0,2,1,1,1,0,0,4,2,0,0,4,0
0,17,4,1,1,0,3,3,0,2,1,1,1,7,0,1,5,2,0,1,1
14,18,4,1,1,0,3,3,0,2,1,1,1,0,2,2,0,6,3,6,1
7,21,4,0,1,4,3,1,0,11,1,1,1,0,0,1,0,6,5,11,0
5,15,4,0,1,0,3,3,0,0,1,1,1,0,0,1,0,6,1,9,0
2,15,4,1,1,0,3,0,0,2,1,1,1,0,0,1,0,2,2,3,1
8,20,4,0,1,4,3,0,1,2,1,1,1,5,0,1,0,6,8,7,1
9,18,4,1,1,0,3,3,0,0,1,1,1,5,0,3,5,0,0,11,0
1,18,4,0,1,4,3,0,1,9,1,1,1,5,0,0,5,0,0,0,1
10,20,0,1,1,0,3,1,0,2,1,1,1,5,0,2,0,7,11,8,1
11,21,0,1,1,0,3,0,0,1,1,1,1,0,2,1,0,8,2,14,1
2,16,4,0,1,0,3,3,0,15,1,1,1,0,0,0,5,0,0,0,0
1,15,4,0,1,0,3,3,0,2,1,1,1,0,0,1,0,2,4,3,0
15,15,2,1,1,4,3,0,1,0,1,1,1,0,2,1,0,6,1,6,1
3,19,4,1,1,0,3,3,0,9,1,1,1,7,0,1,5,1,0,3,0
5,15,4,1,1,0,3,0,0,2,1,1,1,7,0,1,0,6,1,9,1
3,18,4,1,0,0,3,1,0,2,1,0,1,5,0,1,0,2,6,2,1
13,20,0,0,0,0,3,0,0,1,1,1,0,0,2,1,5,0,0,0,1
8,13,0,1,1,4,3,0,1,8,1,1,1,7,0,0,5,0,0,0,1
0,17,4,0,1,0,3,0,0,15,1,1,1,1,0,3,5,3,0,1,0
4,20,4,0,1,3,3,0,1,2,1,1,1,5,0,0,5,0,0,0,1
12,14,2,1,1,0,3,3,0,12,1,1,1,0,2,1,5,6,0,8,0
14,15,0,0,1,0,3,1,0,2,1,1,1,0,2,3,0,8,5,7,1
13,0,4,0,1,4,3,3,1,12,1,1,1,7,2,6,0,3,4,9,1
2,18,4,0,1,0,3,1,0,2,1,1,1,8,0,1,0,6,10,2,1
4,19,4,0,1,0,3,1,0,2,1,1,1,0,0,1,0,6,6,9,1
1,17,4,1,1,0,3,0,0,7,1,1,1,7,0,1,0,3,4,4,1
3,20,0,0,1,0,3,1,0,0,1,1,1,0,0,1,2,0,0,0,1
5,15,0,0,1,0,3,0,0,1,1,1,1,0,0,1,0,6,8,8,1
10,20,0,0,1,0,3,0,0,8,1,1,1,7,0,1,0,2,4,5,1
14,20,0,0,1,3,3,0,1,0,1,1,1,0,2,6,0,6,6,12,1
9,20,0,0,1,0,3,3,0,1,1,1,1,5,0,1,0,6,2,14,1
3,17,4,0,1,0,3,0,0,2,1,1,1,7,0,1,0,6,4,9,1
3,14,4,0,1,0,3,0,0,12,1,1,1,0,0,1,0,6,6,5,1
8,17,4,1,1,0,3,0,0,0,1,1,1,0,0,1,0,6,4,11,0
5,18,4,0,1,0,3,0,0,14,1,1,1,0,0,0,5,0,0,0,1
15,20,0,1,1,0,3,1,0,1,1,1,1,5,2,1,0,6,7,8,1
5,22,4,0,1,0,3,0,0,15,1,1,1,1,0,0,5,0,0,0,0
15,15,2,1,1,0,3,0,0,7,1,1,1,0,2,3,0,5,8,6,1
13,15,4,1,1,0,3,1,0,2,1,1,1,7,2,1,0,6,0,8,1
13,9,0,0,0,4,3,1,1,9,1,1,1,7,2,9,2,4,0,0,0
3,18,4,1,1,0,3,0,0,2,1,1,1,0,0,1,0,5,2,5,1
1,15,4,1,1,4,3,0,0,16,1,1,1,0,0,7,0,6,5,5,1
3,20,4,1,1,0,3,3,0,2,1,1,1,0,0,1,0,3,6,4,1
7,14,4,0,1,0,3,3,0,2,1,1,1,0,0,1,0,6,7,5,1
11,18,4,0,1,0,3,3,0,12,1,1,1,0,2,1,0,3,6,9,0
4,18,4,0,1,4,3,0,1,0,1,1,1,5,0,1,0,6,10,8,1
5,18,4,1,1,0,3,0,0,0,1,1,1,0,0,2,5,4,0,2,1
0,17,4,1,1,4,3,0,1,0,1,1,1,7,0,1,5,4,0,1,0
0,14,4,1,1,0,3,0,0,2,1,1,1,8,0,1,1,2,0,2,0
